target_id	length	eff_length	est_counts	tpm
NM_000014.6	4610	4382.29	240.754	2.47237
NM_000015.3	1285	1057.29	0	0
NM_000016.6	2261	2033.29	1005.19	22.2479
NM_000017.4	1859	1631.29	172	4.74503
NM_000018.4	2184	1956.29	7037.3	161.888
NM_000019.4	1537	1309.29	2076.09	71.3593
NM_000020.3	4177	3949.29	0	0
NM_000021.4	6018	5790.29	795.981	6.18649
NM_000022.4	1496	1268.29	766.655	27.2034
NM_000023.4	1429	1201.29	23.7419	0.889424
NM_000024.6	2013	1785.29	41	1.03351
NM_000025.3	2585	2357.29	3.16417	0.0604071
NM_000026.4	4359	4131.29	256.538	2.79453
NM_000027.4	2037	1809.29	419.97	10.446
NM_000028.3	7314	7086.29	0	0
NM_000030.3	2900	2672.29	1.10643	0.0186329
NM_000031.6	3129	2901.29	1898.81	29.4531
NM_000032.5	1940	1712.29	0	0
NM_000033.4	3669	3441.29	518.078	6.77511
NM_000035.4	2420	2192.29	2	0.0410557
NM_000036.3	2335	2107.29	0	0
NM_000037.4	8292	8064.29	0	0
NM_000038.6	10704	10476.3	1019.47	4.37933
NM_000039.3	899	671.361	0	0
NM_000040.3	535	312.445	0	0
NM_000041.4	1166	938.293	68.667	3.29345
NM_000042.3	1174	946.293	1	0.0475572
NM_000043.6	3696	3468.29	2065.71	26.8038
NM_000044.6	10667	10439.3	264.152	1.13874
NM_000045.4	1447	1219.29	0	0
NM_000046.5	4852	4624.29	878.028	8.54487
NM_000047.3	2219	1991.29	0	0
NM_000048.4	2140	1912.29	803.002	18.8975
NM_000049.4	5422	5194.29	14.4721	0.125386
NM_000050.4	1863	1635.29	44.7906	1.23263
NM_000051.4	12915	12687.3	979.71	3.47513
NM_000052.7	8492	8264.29	850.371	4.63068
NM_000053.4	6598	6370.29	0.000813714	5.7485e-06
NM_000054.7	1825	1597.29	0	0
NM_000055.4	2405	2177.29	95.3643	1.97111
NM_000056.5	1506	1278.29	232.366	8.18057
NM_000057.4	5240	5012.29	754.59	6.77512
NM_000059.4	11954	11726.3	590.59	2.26656
NM_000061.3	2575	2347.29	1	0.0191723
NM_000062.3	1830	1602.29	4008.66	112.59
NM_000063.6	2610	2382.29	71.4123	1.34902
NM_000064.4	5231	5003.29	572	5.14496
NM_000065.5	3691	3463.29	0	0
NM_000066.4	2040	1812.29	0	0
NM_000067.3	1562	1334.29	1	0.033728
NM_000068.4	8660	8432.29	0	0
NM_000069.3	6028	5800.29	0	0
NM_000070.3	3315	3087.29	101.048	1.47296
NM_000071.3	2495	2267.29	847.127	16.8145
NM_000072.3	2108	1880.29	113.086	2.70661
NM_000073.3	2690	2462.29	0	0
NM_000074.3	1852	1624.29	0	0
NM_000075.4	1865	1637.29	3787.63	104.108
NM_000076.2	1943	1715.29	5.44339	0.142815
NM_000077.5	978	750.293	22.1547	1.32885
NM_000078.3	1691	1463.29	0	0
NM_000079.4	1984	1756.29	1	0.0256239
NM_000080.4	2482	2254.29	185.287	3.69893
NM_000081.4	13466	13238.3	446.289	1.51714
NM_000082.4	9414	9186.29	410.373	2.01039
NM_000083.3	3187	2959.29	0	0
NM_000084.5	9472	9244.29	0	0
NM_000085.5	2562	2334.29	0	0
NM_000086.2	1879	1651.29	195.162	5.31879
NM_000087.5	2784	2556.29	0	0
NM_000088.4	5914	5686.29	1.62225e+06	12839
NM_000089.4	5072	4844.29	963441	8950.29
NM_000090.4	5490	5262.29	453391	3877.4
NM_000091.5	8038	7810.29	0	0
NM_000092.5	9984	9756.29	0	0
NM_000093.5	8442	8214.29	180382	988.249
NM_000094.4	9231	9003.29	4194.96	20.9686
NM_000095.3	2452	2224.29	4198	84.9362
NM_000096.4	4452	4224.29	0	0
NM_000097.7	2709	2481.29	3110.02	56.4063
NM_000098.3	2699	2471.29	551.469	10.0424
NM_000099.4	793	565.487	6678.88	531.525
NM_000100.4	588	363.135	3602	446.394
NM_000101.4	692	465.041	1568.22	151.76
NM_000102.4	1750	1522.29	3	0.0886881
NM_000103.4	4403	4175.29	0.000203473	2.19312e-06
NM_000104.4	5218	4990.29	4042	36.4513
NM_000106.6	1588	1360.29	0	0
NM_000107.3	1815	1587.29	518.004	14.6865
NM_000108.5	3537	3309.29	3712.82	50.4906
NM_000109.4	13854	13626.3	0	0
NM_000110.4	4423	4195.29	2493.06	26.7432
NM_000111.3	2882	2654.29	0	0
NM_000112.4	8054	7826.29	1859.92	10.695
NM_000113.3	2080	1852.29	3232	78.5243
NM_000115.5	4274	4046.29	0	0
NM_000116.5	1906	1678.29	12.4615	0.334153
NM_000117.3	1281	1053.29	2421	103.44
NM_000118.4	3082	2854.29	875.26	13.8001
NM_000119.3	2434	2206.29	0	0
NM_000120.4	1780	1552.29	0	0
NM_000121.4	2411	2183.29	337.98	6.96661
NM_000122.2	2718	2490.29	1568.57	28.3463
NM_000123.4	3888	3660.29	2903.15	35.694
NM_000124.4	9001	8773.29	596.182	3.05815
NM_000125.4	6327	6099.29	0	0
NM_000126.4	2289	2061.29	944.464	20.62
NM_000127.3	8243	8015.29	11079.8	62.2093
NM_000128.4	3053	2825.29	0	0
NM_000129.4	3828	3600.29	0	0
NM_000130.5	9132	8904.29	4.25049	0.0214824
NM_000131.4	3144	2916.29	0	0
NM_000132.4	9032	8804.29	42.7412	0.218471
NM_000133.4	2800	2572.29	0	0
NM_000134.4	2226	1998.29	4.24912	0.0956935
NM_000135.4	5452	5224.29	1719.43	14.8115
NM_000136.3	4592	4364.29	316.114	3.25966
NM_000137.4	1456	1228.29	546.547	20.0248
NM_000138.5	11609	11381.3	120297	475.671
NM_000139.5	3648	3420.29	0	0
NM_000140.5	7689	7461.29	1228.68	7.41084
NM_000141.5	4624	4396.29	5.11293	0.052339
NM_000142.5	4301	4073.29	1.45635	0.0160902
NM_000143.4	1791	1563.29	3646	104.959
NM_000144.5	6978	6750.29	415.85	2.7724
NM_000145.4	2762	2534.29	0	0
NM_000146.4	871	643.427	28609	2000.99
NM_000147.5	2043	1815.29	68	1.68579
NM_000148.4	4214	3986.29	0	0
NM_000149.4	2565	2337.29	0	0
NM_000150.4	3326	3098.29	0	0
NM_000151.4	4164	3936.29	0	0
NM_000152.5	3751	3523.29	116.233	1.48465
NM_000153.4	3794	3566.29	825.683	10.4193
NM_000154.2	1397	1169.29	682.678	26.2745
NM_000155.4	1756	1528.29	320.492	9.43742
NM_000156.6	1110	882.293	158.499	8.08457
NM_000157.4	2291	2063.29	1499.91	32.715
NM_000158.4	2941	2713.29	8817.02	146.24
NM_000159.4	1852	1624.29	535.108	14.8258
NM_000160.5	2030	1802.29	0	0
NM_000161.3	2916	2688.29	41.0351	0.686944
NM_000162.5	2745	2517.29	0	0
NM_000163.5	4899	4671.29	77.8549	0.750052
NM_000164.4	3310	3082.29	0	0
NM_000165.5	3083	2855.29	15167	239.051
NM_000166.6	1937	1709.29	0	0
NM_000167.6	4410	4182.29	11.628	0.125122
NM_000168.6	8405	8177.29	491.228	2.70343
NM_000169.3	1318	1090.29	736.267	30.3903
NM_000170.3	3843	3615.29	188	2.34022
NM_000171.4	1812	1584.29	0	0
NM_000172.4	2465	2237.29	3.15287	0.06342
NM_000173.7	2514	2286.29	13	0.25589
NM_000174.5	877	649.427	0	0
NM_000175.5	4125	3897.29	13498.4	155.87
NM_000176.3	6778	6550.29	795.539	5.46567
NM_000177.5	2619	2391.29	1625.18	30.5852
NM_000178.4	1909	1681.29	1606.53	43.0018
NM_000179.3	4265	4037.29	2544.17	28.3595
NM_000180.4	3680	3452.29	0	0
NM_000181.4	2199	1971.29	437.363	9.98465
NM_000182.5	2943	2715.29	7860.99	130.287
NM_000183.3	1997	1769.29	3247.89	82.6122
NM_000184.3	586	361.171	0	0
NM_000185.4	2203	1975.29	15	0.341745
NM_000186.4	3962	3734.29	647.236	7.80003
NM_000187.4	1674	1446.29	0	0
NM_000188.3	3602	3374.29	12239.2	163.235
NM_000189.5	5626	5398.29	4855.94	40.4817
NM_000190.4	1505	1277.29	971.454	34.2274
NM_000191.3	1570	1342.29	568.666	19.0657
NM_000192.3	3921	3693.29	133.155	1.62251
NM_000193.4	4650	4422.29	0	0
NM_000194.3	1395	1167.29	2011	77.5308
NM_000195.5	3703	3475.29	3.57759	0.0463278
NM_000196.4	1896	1668.29	0	0
NM_000197.2	1159	931.293	0	0
NM_000198.4	1675	1447.29	0	0
NM_000199.5	2705	2477.29	461.016	8.37493
NM_000200.3	532	309.634	0	0
NM_000201.3	2967	2739.29	109	1.79073
NM_000202.8	7580	7352.29	2465.2	15.0894
NM_000203.5	2174	1946.29	250.859	5.80047
NM_000204.5	1978	1750.29	148.627	3.82146
NM_000206.3	1480	1252.29	0	0
NM_000207.3	465	247.59	0	0
NM_000208.4	9463	9235.29	359.306	1.75088
NM_000209.4	2603	2375.29	0	0
NM_000210.4	5816	5588.29	3248.52	26.1606
NM_000211.5	2807	2579.29	4	0.0697913
NM_000212.3	5941	5713.29	2786.91	21.9523
NM_000213.5	5896	5668.29	0	0
NM_000214.3	5940	5712.29	192	1.51263
NM_000215.4	5386	5158.29	39.8703	0.347845
NM_000216.4	6265	6037.29	2	0.0149084
NM_000217.3	7985	7757.29	11	0.0638153
NM_000218.3	3224	2996.29	0	0
NM_000219.6	3505	3277.29	0	0
NM_000220.6	2333	2105.29	0	0
NM_000221.3	2397	2169.29	18.6308	0.386505
NM_000222.3	5147	4919.29	2.10906	0.0192943
NM_000223.4	1880	1652.29	1	0.0272367
NM_000224.3	1413	1185.29	1131.44	42.9584
NM_000226.4	2296	2068.29	11	0.239344
NM_000227.6	5618	5390.29	0	0
NM_000228.3	4014	3786.29	0	0
NM_000229.2	1496	1268.29	328.19	11.6452
NM_000230.3	3427	3199.29	1.08248	0.0152268
NM_000231.3	1594	1366.29	0	0
NM_000232.5	4248	4020.29	6430.16	71.9791
NM_000233.4	3076	2848.29	0	0
NM_000234.3	3125	2897.29	1582.29	24.5774
NM_000235.4	2496	2268.29	2767.48	54.907
NM_000236.3	2559	2331.29	10	0.193039
NM_000237.3	3565	3337.29	1	0.0134849
NM_000238.4	4292	4064.29	0	0
NM_000239.3	1490	1262.29	1.01195	0.036078
NM_000240.4	3931	3703.29	4.35668	0.0529431
NM_000242.3	3521	3293.29	0	0
NM_000243.3	3506	3278.29	0	0
NM_000244.4	2746	2518.29	4.786	0.0855281
NM_000245.4	6822	6594.29	6839.25	46.6748
NM_000246.4	16061	15833.3	0	0
NM_000247.3	1366	1138.29	98.1007	3.87847
NM_000248.4	4475	4247.29	0	0
NM_000249.4	2494	2266.29	1659.19	32.9475
NM_000250.2	3216	2988.29	0	0
NM_000251.3	3115	2887.29	2054.06	32.0158
NM_000252.3	3412	3184.29	467.609	6.60864
NM_000253.4	4043	3815.29	0	0
NM_000254.3	10547	10319.3	2258.13	9.84783
NM_000255.4	3811	3583.29	1291.23	16.2168
NM_000256.3	4217	3989.29	0	0
NM_000257.4	6027	5799.29	0	0
NM_000258.3	885	657.427	0.581795	0.0398258
NM_000259.3	12238	12010.3	3591.96	13.4592
NM_000260.4	7483	7255.29	0	0
NM_000261.2	2100	1872.29	0	0
NM_000262.3	3696	3468.29	1071.89	13.9084
NM_000263.4	2475	2247.29	1263.22	25.2966
NM_000264.5	8662	8434.29	66.3856	0.354216
NM_000265.7	1349	1121.29	0	0
NM_000266.4	1719	1491.29	2	0.0603544
NM_000267.3	12381	12153.3	407.041	1.50726
NM_000268.4	5950	5722.29	505.88	3.9785
NM_000269.3	890	662.427	5187.48	352.42
NM_000270.4	1477	1249.29	3977	143.263
NM_000271.5	4760	4532.29	2032.68	20.1833
NM_000272.5	2690	2462.29	0	0
NM_000273.3	1645	1417.29	0	0
NM_000274.4	2039	1811.29	7023.25	174.498
NM_000275.3	3143	2915.29	0	0
NM_000276.4	5173	4945.29	220.871	2.00997
NM_000277.3	3759	3531.29	0	0
NM_000278.5	4189	3961.29	0	0
NM_000280.6	2701	2473.29	0	0
NM_000281.4	787	559.487	202.785	16.3113
NM_000282.4	2484	2256.29	264.067	5.26698
NM_000283.4	3294	3066.29	0	0
NM_000284.4	3349	3121.29	2341.67	33.7624
NM_000285.4	1907	1679.29	2959.79	79.3188
NM_000286.3	2617	2389.29	322	6.06497
NM_000287.4	3444	3216.29	285.804	3.99904
NM_000288.4	1454	1226.29	167.175	6.13506
NM_000289.6	3090	2862.29	1893.79	29.7755
NM_000290.4	837	609.427	0	0
NM_000291.4	4812	4584.29	30932.2	303.655
NM_000292.3	5077	4849.29	255.64	2.37243
NM_000293.3	5459	5231.29	55.6676	0.47889
NM_000294.3	5384	5156.29	401.507	3.50427
NM_000295.5	3006	2778.29	71.0048	1.15014
NM_000296.4	14137	13909.3	2783.54	9.00605
NM_000297.4	5089	4861.29	3670.08	33.9756
NM_000298.6	3047	2819.29	0	0
NM_000299.4	5389	5161.29	0	0
NM_000300.4	991	763.293	0	0
NM_000301.5	3530	3302.29	6	0.081767
NM_000302.4	2976	2748.29	27586.8	451.731
NM_000303.3	2285	2057.29	2256.33	49.357
NM_000304.4	1828	1600.29	112.109	3.15271
NM_000305.3	1610	1382.29	1428.35	46.5025
NM_000306.4	1488	1260.29	0	0
NM_000307.5	3838	3610.29	0	0
NM_000308.4	1858	1630.29	6254.03	172.638
NM_000309.5	1672	1444.29	52.877	1.64761
NM_000310.4	2284	2056.29	2985.3	65.335
NM_000311.5	2435	2207.29	3851.3	78.5216
NM_000312.4	1769	1541.29	0	0
NM_000313.4	3372	3144.29	1219.23	17.4504
NM_000314.8	8515	8287.29	0	0
NM_000315.4	791	563.487	0	0
NM_000316.3	2153	1925.29	0	0
NM_000317.3	872	644.427	1476	103.075
NM_000318.3	4169	3941.29	0.115497	0.00131879
NM_000319.5	3213	2985.29	42.171	0.635725
NM_000320.3	1507	1279.29	964.743	33.9378
NM_000321.3	4768	4540.29	3384.94	33.5513
NM_000322.5	3001	2773.29	69.963	1.13531
NM_000324.3	1895	1667.29	0	0
NM_000325.6	2294	2066.29	673.605	14.6709
NM_000326.5	1638	1410.29	0	0
NM_000327.4	1358	1130.29	54	2.15003
NM_000328.3	3053	2825.29	272.032	4.3331
NM_000329.3	2605	2377.29	0	0
NM_000330.4	3031	2803.29	0	0
NM_000331.6	665	438.717	0	0
NM_000332.4	10606	10378.3	77.7468	0.337131
NM_000333.4	7250	7022.29	90.1631	0.57782
NM_000334.4	7805	7577.29	0	0
NM_000335.5	8516	8288.29	1.18046e-06	6.40956e-09
NM_000336.3	2560	2332.29	0	0
NM_000337.6	9383	9155.29	912.126	4.48358
NM_000338.3	4708	4480.29	0.333333	0.00334822
NM_000339.3	5567	5339.29	0	0
NM_000340.2	3181	2953.29	0	0
NM_000341.4	2969	2741.29	2.54384	0.0417616
NM_000342.4	4954	4726.29	0	0
NM_000343.4	4832	4604.29	0	0
NM_000344.4	1482	1254.29	1018.76	36.5523
NM_000345.4	3177	2949.29	0	0
NM_000346.4	3931	3703.29	1504	18.2769
NM_000348.4	4519	4291.29	0	0
NM_000349.3	2565	2337.29	6.05653	0.116615
NM_000350.3	7328	7100.29	0	0
NM_000351.7	6352	6124.29	0	0
NM_000352.6	4921	4693.29	0	0
NM_000353.3	3945	3717.29	3	0.0363192
NM_000354.6	2360	2132.29	0	0
NM_000355.4	2192	1964.29	71	1.62665
NM_000356.4	4792	4564.29	236.399	2.33085
NM_000358.3	2712	2484.29	483327	8755.49
NM_000359.3	2744	2516.29	35	0.625964
NM_000360.4	1827	1599.29	1.99993	0.0562767
NM_000361.3	4040	3812.29	3846	45.401
NM_000362.5	4597	4369.29	267850	2758.82
NM_000363.5	843	615.427	0	0
NM_000364.4	1156	928.293	0	0
NM_000365.6	1351	1123.29	36341.8	1455.98
NM_000366.6	1265	1037.29	0	0
NM_000367.5	3184	2956.29	1111.85	16.9255
NM_000368.5	8598	8370.29	255.068	1.37138
NM_000369.5	4308	4080.29	12.0081	0.132442
NM_000370.3	2633	2405.29	0	0
NM_000371.4	616	390.417	0	0
NM_000372.5	2062	1834.29	0	0
NM_000373.4	6652	6424.29	570.244	3.99464
NM_000374.5	1193	965.293	1789.96	83.4499
NM_000375.3	1336	1108.29	935.186	37.9739
NM_000376.3	4616	4388.29	307.107	3.14946
NM_000377.3	1829	1601.29	0	0
NM_000378.6	2971	2743.29	0	0
NM_000379.4	5715	5487.29	189.193	1.55163
NM_000380.4	1400	1172.29	274.111	10.5228
NM_000381.4	6168	5940.29	786.08	5.95527
NM_000382.3	3703	3475.29	684.578	8.86489
NM_000383.4	2690	2462.29	2.10869	0.0385403
NM_000384.3	14121	13893.3	0	0
NM_000386.4	2307	2079.29	1785	38.6336
NM_000387.6	1778	1550.29	482	13.9919
NM_000388.4	10062	9834.29	0	0
NM_000389.5	2117	1889.29	4639.99	110.525
NM_000390.4	5438	5210.29	1705.31	14.7293
NM_000391.4	3492	3264.29	2354	32.4534
NM_000392.5	5806	5578.29	75.7399	0.611034
NM_000393.5	6829	6601.29	55857.4	380.797
NM_000394.4	1139	911.293	0	0
NM_000395.3	4853	4625.29	0	0
NM_000396.4	1629	1401.29	2039	65.4833
NM_000397.4	4276	4048.29	0	0
NM_000398.7	2916	2688.29	15678.8	262.469
NM_000399.5	2979	2751.29	0	0
NM_000400.4	4108	3880.29	2901.11	33.6466
NM_000401.3	3469	3241.29	5280.71	73.3189
NM_000402.4	2406	2178.29	249.968	5.16429
NM_000403.4	1665	1437.29	145.772	4.56428
NM_000404.4	2523	2295.29	2521.77	49.4436
NM_000405.5	3603	3375.29	1526.06	20.347
NM_000406.3	4402	4174.29	18	0.194058
NM_000407.5	959	731.293	32.3787	1.99255
NM_000408.5	5812	5584.29	2114.09	17.0372
NM_000409.5	1904	1676.29	0	0
NM_000410.4	5176	4948.29	492.013	4.47469
NM_000411.8	8247	8019.29	228.14	1.28029
NM_000412.5	1947	1719.29	0	0
NM_000413.4	1274	1046.29	73.5145	3.162
NM_000414.4	2628	2400.29	2957.18	55.4441
NM_000415.3	1942	1714.29	0	0
NM_000416.3	2074	1846.29	1313.74	32.0222
NM_000417.3	3218	2990.29	0	0
NM_000418.4	3624	3396.29	1033.99	13.701
NM_000419.5	3479	3251.29	0	0
NM_000420.3	2494	2266.29	0	0
NM_000421.5	2143	1915.29	1391.2	32.6885
NM_000422.3	1517	1289.29	2	0.0698105
NM_000423.3	2450	2222.29	0	0
NM_000424.4	2238	2010.29	1	0.0223863
NM_000425.5	5099	4871.29	0	0
NM_000426.4	9696	9468.29	3206.78	15.2419
NM_000427.3	1245	1017.29	6	0.265428
NM_000428.3	8460	8232.29	66740	364.844
NM_000429.3	3384	3156.29	0	0
NM_000430.4	5589	5361.29	10324.7	86.6661
NM_000431.4	2833	2605.29	295.23	5.09973
NM_000432.4	783	555.487	0	0
NM_000433.4	2267	2039.29	0	0
NM_000434.4	3353	3125.29	1217.46	17.531
NM_000435.3	8680	8452.29	3001.39	15.9805
NM_000436.4	3294	3066.29	2565.85	37.6582
NM_000437.4	3487	3259.29	534.586	7.38137
NM_000438.6	1501	1273.29	5.73991	0.202871
NM_000439.5	5136	4908.29	352.415	3.23122
NM_000440.3	5645	5417.29	0	0
NM_000441.2	4737	4509.29	101.01	1.00809
NM_000442.5	6813	6585.29	53	0.362196
NM_000443.4	4293	4065.29	0	0
NM_000444.6	6288	6060.29	3.06876	0.0227883
NM_000445.5	14798	14570.3	3458.71	10.6829
NM_000446.7	2393	2165.29	0	0
NM_000447.3	2249	2021.29	20.8844	0.464981
NM_000448.3	6588	6360.29	0	0
NM_000449.4	3577	3349.29	180.369	2.42354
NM_000450.2	3875	3647.29	1	0.0123388
NM_000451.4	7934	7706.29	7.60551	0.0444146
NM_000452.3	3350	3122.29	0	0
NM_000453.3	3604	3376.29	0	0
NM_000454.5	895	667.361	4055.02	273.448
NM_000455.5	3293	3065.29	2291.01	33.6354
NM_000456.3	2445	2217.29	63.0984	1.28067
NM_000457.6	4739	4511.29	0	0
NM_000458.4	2790	2562.29	0	0
NM_000459.5	4683	4455.29	1906.75	19.2602
NM_000460.4	1918	1690.29	0	0
NM_000461.5	7430	7202.29	57.3629	0.358429
NM_000462.5	5319	5091.29	2658.11	23.4957
NM_000463.3	2361	2133.29	0	0
NM_000465.4	5478	5250.29	887.558	7.60774
NM_000466.3	4369	4141.29	395.66	4.2996
NM_000474.4	1630	1402.29	3502.33	112.399
NM_000475.5	1813	1585.29	3	0.0851636
NM_000476.3	2192	1964.29	614.968	14.0893
NM_000477.7	2285	2057.29	0	0
NM_000478.6	2536	2308.29	368.805	7.19032
NM_000479.5	1809	1581.29	51	1.45144
NM_000480.3	4357	4129.29	23.8033	0.25942
NM_000481.4	1997	1769.29	100	2.54356
NM_000482.4	1471	1243.29	0	0
NM_000483.5	660	433.717	0	0
NM_000484.4	3583	3355.29	15542.3	208.462
NM_000485.3	931	703.293	1265.51	80.9788
NM_000486.6	4180	3952.29	0	0
NM_000487.6	4294	4066.29	1142.31	12.6424
NM_000488.4	1552	1324.29	0	0
NM_000489.6	11165	10937.3	854.513	3.51602
NM_000490.5	619	393.338	0	0
NM_000491.5	1098	870.293	0	0
NM_000492.4	6070	5842.29	3	0.0231089
NM_000493.4	3302	3074.29	0	0
NM_000494.4	5612	5384.29	199	1.66329
NM_000495.5	6513	6285.29	67.5162	0.48342
NM_000496.3	769	541.541	1.55987	0.129628
NM_000497.4	3540	3312.29	0	0
NM_000498.3	2936	2708.29	0	0
NM_000499.5	2600	2372.29	3.33427	0.063252
NM_000500.9	2006	1778.29	0	0
NM_000501.4	3397	3169.29	4757.66	67.5575
NM_000502.6	2719	2491.29	2	0.0361283
NM_000503.6	4163	3935.29	8.17931	0.0935367
NM_000504.4	1536	1308.29	191	6.57008
NM_000505.4	2036	1808.29	0	0
NM_000506.5	1990	1762.29	2	0.0510733
NM_000507.4	1473	1245.29	0	0
NM_000508.5	3654	3426.29	0	0
NM_000509.6	1565	1337.29	1	0.0336524
NM_000510.4	1855	1627.29	0	0
NM_000511.6	3116	2888.29	0.0654423	0.00101967
NM_000512.5	2344	2116.29	996.748	21.1959
NM_000513.2	1998	1770.29	0	0
NM_000514.4	4171	3943.29	333.145	3.80204
NM_000515.5	823	595.427	0	0
NM_000516.7	1854	1626.29	10969.9	303.561
NM_000517.6	576	351.35	0	0
NM_000518.5	628	402.259	0	0
NM_000519.4	620	394.338	3	0.342369
NM_000520.6	4785	4557.29	1737.06	17.1534
NM_000521.4	1812	1584.29	3988.55	113.298
NM_000522.5	5015	4787.29	5	0.0470026
NM_000523.4	2416	2188.29	2.43148	0.0500042
NM_000524.4	4572	4344.29	1	0.0103591
NM_000525.4	3412	3184.29	0	0
NM_000526.5	1636	1408.29	450.746	14.4039
NM_000527.5	5173	4945.29	2697.16	24.5446
NM_000528.4	3185	2957.29	1762.5	26.8212
NM_000529.2	3652	3424.29	2.00754	0.0263837
NM_000530.8	1951	1723.29	12	0.313375
NM_000531.6	1522	1294.29	0	0
NM_000532.5	1799	1571.29	839.356	24.0398
NM_000533.5	3011	2783.29	0	0
NM_000534.5	3156	2928.29	697.703	10.7226
NM_000535.7	5093	4865.29	198.99	1.84062
NM_000536.4	2388	2160.29	0	0
NM_000537.4	1462	1234.29	5	0.182303
NM_000538.4	2306	2078.29	288	6.23631
NM_000539.3	2768	2540.29	0	0
NM_000540.3	15400	15172.3	0.000744999	2.20977e-06
NM_000541.5	1596	1368.29	0	0
NM_000542.5	3550	3322.29	0	0
NM_000543.5	2410	2182.29	3495.26	72.079
NM_000544.3	5679	5451.29	268.978	2.22055
NM_000545.8	3442	3214.29	0	0
NM_000546.6	2512	2284.29	475.417	9.36624
NM_000547.6	4090	3862.29	0	0
NM_000548.5	6415	6187.29	3.48113e-05	2.53199e-07
NM_000549.5	528	305.914	1	0.14711
NM_000550.3	2896	2668.29	0	0
NM_000551.4	4414	4186.29	1419.49	15.2597
NM_000552.5	8830	8602.29	30	0.156946
NM_000553.6	7575	7347.29	764.122	4.68034
NM_000554.6	4366	4138.29	1.01201	0.0110054
NM_000555.3	9433	9205.29	0	0
NM_000557.5	2368	2140.29	54.3763	1.14335
NM_000558.5	577	352.35	3	0.383168
NM_000559.3	587	362.135	0	0
NM_000560.4	1505	1277.29	0	0
NM_000561.4	1164	936.293	588.739	28.2978
NM_000562.3	2367	2139.29	0	0
NM_000564.5	5808	5580.29	0	0
NM_000565.4	5764	5536.29	131.496	1.0689
NM_000566.4	1333	1105.29	0	0
NM_000567.3	2015	1787.29	0	0
NM_000569.8	2100	1872.29	1	0.0240363
NM_000570.5	2143	1915.29	0	0
NM_000572.3	1630	1402.29	2.72191	0.0873527
NM_000574.5	2590	2362.29	2275.92	43.3577
NM_000575.5	2017	1789.29	4	0.100605
NM_000576.3	1507	1279.29	14.9999	0.527669
NM_000577.5	1671	1443.29	252.086	7.86024
NM_000578.4	3608	3380.29	0	0
NM_000579.4	3661	3433.29	0	0
NM_000581.4	899	671.361	4138.87	277.439
NM_000582.3	1519	1291.29	17.4132	0.606871
NM_000583.4	1685	1457.29	0	0
NM_000584.4	1642	1414.29	1310.81	41.7102
NM_000585.5	2015	1787.29	11.7797	0.296606
NM_000586.4	1029	801.293	0	0
NM_000587.4	5716	5488.29	3	0.0245995
NM_000588.4	924	696.293	0	0
NM_000589.4	615	389.417	0	0
NM_000590.2	605	379.687	0	0
NM_000591.4	1356	1128.29	8	0.319088
NM_000593.6	2685	2457.29	813.937	14.9065
NM_000594.4	1678	1450.29	7	0.217212
NM_000595.4	1416	1188.29	0	0
NM_000596.4	1514	1286.29	6	0.20992
NM_000597.3	1414	1186.29	0	0
NM_000598.5	2613	2385.29	50123.2	945.668
NM_000599.4	6239	6011.29	4255	31.8547
NM_000600.5	1127	899.293	384.705	19.2517
NM_000601.6	5834	5606.29	184.326	1.47963
NM_000602.5	3156	2928.29	214524	3296.88
NM_000603.5	4366	4138.29	58.3153	0.634167
NM_000605.4	1144	916.293	0	0
NM_000606.3	881	653.427	5.14168	0.35412
NM_000607.4	764	536.541	0	0
NM_000608.4	759	531.648	0	0
NM_000609.7	3537	3309.29	2983.91	40.5781
NM_000610.4	5431	5203.29	30.8999	0.267252
NM_000611.6	7563	7335.29	32844.2	201.504
NM_000612.6	5580	5352.29	193.617	1.62797
NM_000613.3	1575	1347.29	38	1.2693
NM_000614.4	1902	1674.29	28.402	0.763413
NM_000615.7	5789	5561.29	50.9408	0.412223
NM_000616.5	3049	2821.29	0	0
NM_000617.3	4132	3904.29	237.18	2.73387
NM_000618.5	7277	7049.29	69.8928	0.4462
NM_000619.3	1211	983.293	0	0
NM_000620.5	12007	11779.3	0	0
NM_000621.5	5415	5187.29	219	1.89997
NM_000623.4	3991	3763.29	105.914	1.26657
NM_000624.6	2278	2050.29	0	0
NM_000625.4	4206	3978.29	2	0.0226243
NM_000626.4	1246	1018.29	1.96518	0.0868504
NM_000627.4	5294	5066.29	5452.63	48.4348
NM_000628.5	1941	1713.29	868.234	22.8059
NM_000629.3	6075	5847.29	2573.48	19.8065
NM_000631.5	1378	1150.29	0	0
NM_000632.4	4719	4491.29	0	0
NM_000633.3	6881	6653.29	39.9609	0.270297
NM_000634.3	2459	2231.29	0	0
NM_000635.4	3959	3731.29	129.5	1.5619
NM_000636.4	14167	13939.3	70.3242	0.227042
NM_000637.5	3034	2806.29	1450.48	23.2606
NM_000638.4	1626	1398.29	39	1.25519
NM_000639.3	1805	1577.29	0	0
NM_000640.3	1338	1110.29	5022	203.555
NM_000641.4	2378	2150.29	2227.76	46.6244
NM_000642.3	7091	6863.29	729.534	4.78361
NM_000643.3	7294	7066.29	0	0
NM_000644.3	7234	7006.29	0	0
NM_000646.3	7234	7006.29	0	0
NM_000651.6	9937	9709.29	4.07821	0.0189027
NM_000655.5	2358	2130.29	0	0
NM_000657.3	1595	1367.29	25.5575	0.841198
NM_000660.7	2780	2552.29	13299.8	234.507
NM_000661.5	724	496.802	19649.9	1779.99
NM_000662.8	1799	1571.29	172.755	4.94783
NM_000663.5	4970	4742.29	0	0
NM_000665.5	2172	1944.29	0	0
NM_000666.3	1422	1194.29	469.46	17.6901
NM_000667.4	1454	1226.29	1	0.0366985
NM_000668.6	4067	3839.29	8	0.0937737
NM_000669.5	1454	1226.29	2	0.0733969
NM_000670.5	2002	1774.29	0	0
NM_000671.4	2652	2424.29	6603.97	122.592
NM_000672.4	3483	3255.29	0	0
NM_000673.7	2119	1891.29	0	0
NM_000674.3	2901	2673.29	44.1273	0.742853
NM_000675.6	2529	2301.29	0	0
NM_000676.4	1522	1294.29	268.978	9.35246
NM_000677.4	1757	1529.29	0	0
NM_000678.4	2942	2714.29	210	3.48181
NM_000679.4	2507	2279.29	28.2847	0.558462
NM_000680.4	3770	3542.29	0	0
NM_000681.4	3879	3651.29	161	1.98436
NM_000682.7	3696	3468.29	7	0.090829
NM_000683.4	2142	1914.29	1371	32.2308
NM_000684.3	3039	2811.29	3.64298	0.0583168
NM_000685.5	2324	2096.29	56.7122	1.21749
NM_000686.5	2862	2634.29	0	0
NM_000687.4	2150	1922.29	2435.7	57.0225
NM_000688.6	2375	2147.29	224.097	4.69664
NM_000689.5	2096	1868.29	9	0.21679
NM_000690.4	9561	9333.29	695.253	3.35236
NM_000691.5	1639	1411.29	0	0
NM_000692.5	3028	2800.29	2212.68	35.5596
NM_000693.4	3469	3241.29	3160.47	43.8809
NM_000694.4	2811	2583.29	635.263	11.0668
NM_000696.4	2395	2167.29	3326	69.0633
NM_000697.3	2392	2164.29	62	1.28919
NM_000698.5	2519	2291.29	0	0
NM_000699.4	1584	1356.29	0	0
NM_000700.3	1401	1173.29	29512.5	1131.99
NM_000701.8	3670	3442.29	19230.7	251.414
NM_000702.4	5435	5207.29	0	0
NM_000704.3	3721	3493.29	0	0
NM_000705.4	1500	1272.29	1	0.0353716
NM_000706.5	6222	5994.29	0	0
NM_000707.5	5026	4798.29	0	0
NM_000709.4	1742	1514.29	727.256	21.6132
NM_000710.4	1301	1073.29	632.879	26.5366
NM_000712.4	1074	846.293	667.162	35.4775
NM_000713.3	799	571.487	504	39.6887
NM_000714.6	836	608.427	4591.75	339.635
NM_000715.4	2272	2044.29	0	0
NM_000716.3	1131	903.293	0	0
NM_000717.5	1123	895.293	0	0
NM_000718.4	9792	9564.29	0	0
NM_000719.7	13744	13516.3	0	0
NM_000720.4	9429	9201.29	0	0
NM_000721.4	16291	16063.3	0	0
NM_000722.4	7542	7314.29	186.033	1.14462
NM_000723.5	3711	3483.29	20.8089	0.268845
NM_000724.4	6199	5971.29	0	0
NM_000725.4	2931	2703.29	3.29322	0.0548238
NM_000726.5	7944	7716.29	0	0
NM_000727.4	1302	1074.29	0	0
NM_000728.4	1044	816.293	0	0
NM_000729.6	1504	1276.29	3.37379	0.118963
NM_000730.3	1746	1518.29	1	0.0296406
NM_000732.6	701	473.947	0	0
NM_000733.4	1361	1133.29	0	0
NM_000734.4	1597	1369.29	1.90519	0.0626158
NM_000735.4	710	482.852	0	0
NM_000737.5	877	649.427	28.7355	1.99127
NM_000738.3	2646	2418.29	0	0
NM_000739.3	5719	5491.29	0	0
NM_000740.4	8778	8550.29	0	0
NM_000741.5	3044	2816.29	0	0
NM_000742.4	4037	3809.29	0	0
NM_000743.5	3015	2787.29	3	0.0484374
NM_000744.7	5583	5355.29	0	0
NM_000745.4	3623	3395.29	108.952	1.44411
NM_000746.6	6149	5921.29	0	0
NM_000747.3	2560	2332.29	99.4174	1.91832
NM_000748.3	5857	5629.29	0	0
NM_000749.5	2347	2119.29	0	0
NM_000750.5	2596	2368.29	0	0
NM_000751.3	2962	2734.29	0	0
NM_000754.4	2272	2044.29	2347.04	51.6678
NM_000755.5	2768	2540.29	971.992	17.2195
NM_000756.4	1288	1060.29	0	0
NM_000757.6	3994	3766.29	2258.23	26.9834
NM_000758.4	788	560.487	0	0
NM_000759.4	1513	1285.29	5.25532	0.184009
NM_000760.4	3008	2780.29	0	0
NM_000761.5	3132	2904.29	52.2893	0.810241
NM_000762.6	1761	1533.29	1	0.0293506
NM_000764.3	1760	1532.29	0	0
NM_000765.5	2079	1851.29	2	0.048618
NM_000766.5	1760	1532.29	0	0
NM_000767.5	3071	2843.29	1.16487	0.0184374
NM_000769.4	4131	3903.29	1.28958	0.0148683
NM_000770.3	1924	1696.29	0	0
NM_000771.4	2561	2333.29	1.00095	0.0193058
NM_000772.3	2310	2082.29	0	0
NM_000773.4	1674	1446.29	34	1.05795
NM_000774.5	1847	1619.29	0	0
NM_000775.4	1879	1651.29	0	0
NM_000777.5	1720	1492.29	1.21634	0.0366812
NM_000778.4	2530	2302.29	0	0
NM_000779.4	2171	1943.29	0	0
NM_000780.4	2877	2649.29	0	0
NM_000781.3	1837	1609.29	0	0
NM_000782.5	3278	3050.29	55.3361	0.816412
NM_000783.4	2117	1889.29	0	0
NM_000784.4	1895	1667.29	47	1.26861
NM_000785.4	2372	2144.29	28	0.587646
NM_000786.4	3155	2927.29	2010.35	30.9063
NM_000787.4	2745	2517.29	6	0.107265
NM_000788.3	2506	2278.29	4477.85	88.4508
NM_000789.4	4962	4734.29	741.586	7.04934
NM_000790.4	1949	1721.29	0	0
NM_000791.4	3919	3691.29	5198.95	63.384
NM_000792.7	1861	1633.29	0	0
NM_000793.6	6374	6146.29	14.1787	0.103816
NM_000794.5	4031	3803.29	20	0.236653
NM_000795.4	2808	2580.29	0	0
NM_000796.6	2770	2542.29	0	0
NM_000797.4	1399	1171.29	3	0.115265
NM_000798.5	2376	2148.29	1	0.0209483
NM_000799.4	1662	1434.29	3	0.0941295
NM_000800.5	3748	3520.29	0	0
NM_000801.5	1514	1286.29	15728.7	550.293
NM_000802.3	962	734.293	0	0
NM_000803.5	1112	884.293	0	0
NM_000804.4	849	621.427	66.2752	4.79958
NM_000805.5	465	247.59	0	0
NM_000806.5	4376	4148.29	0	0
NM_000807.4	8520	8292.29	2.50173e-05	1.35771e-07
NM_000808.4	3669	3441.29	0	0
NM_000809.4	11147	10919.3	0	0
NM_000810.4	2553	2325.29	3.69408	0.0714943
NM_000811.3	2450	2222.29	0	0
NM_000812.4	1939	1711.29	0	0
NM_000813.3	7568	7340.29	0	0
NM_000814.6	5767	5539.29	14.545	0.118169
NM_000815.5	1914	1686.29	0	0
NM_000816.3	3933	3705.29	0	0
NM_000817.3	3279	3051.29	0	0
NM_000818.3	2755	2527.29	0	0
NM_000819.5	3318	3090.29	2810.7	40.9315
NM_000820.4	2508	2280.29	7287.9	143.831
NM_000821.7	7556	7328.29	153.963	0.945485
NM_000823.4	1672	1444.29	0	0
NM_000824.5	3033	2805.29	95.5116	1.53222
NM_000825.3	2166	1938.29	101	2.34501
NM_000826.6	5611	5383.29	0	0
NM_000827.4	5584	5356.29	0	0
NM_000828.5	5148	4920.29	139.72	1.27794
NM_000829.4	5506	5278.29	0	0
NM_000830.6	5861	5633.29	0	0
NM_000831.4	9491	9263.29	5	0.0242911
NM_000832.7	3905	3677.29	2	0.0244762
NM_000833.5	14600	14372.3	0	0
NM_000834.5	30609	30381.3	5.58897	0.00827881
NM_000835.6	4271	4043.29	0	0
NM_000836.4	5511	5283.29	104.846	0.893076
NM_000837.2	1970	1742.29	1150.02	29.7047
NM_000839.5	3356	3128.29	0	0
NM_000840.3	4268	4040.29	0	0
NM_000841.4	7368	7140.29	0	0
NM_000842.5	7872	7644.29	1.54125	0.00907355
NM_000843.4	6025	5797.29	16.8419	0.13074
NM_000844.4	4149	3921.29	0	0
NM_000845.3	3704	3476.29	0	0
NM_000846.5	1221	993.293	0	0
NM_000847.5	908	680.293	0	0
NM_000848.4	1166	938.293	359.633	17.249
NM_000849.5	4122	3894.29	747.509	8.63833
NM_000850.5	1394	1166.29	30.9927	1.1959
NM_000851.4	1561	1333.29	73.8161	2.49154
NM_000852.4	741	513.753	9411	824.374
NM_000853.4	1047	819.293	0	0
NM_000854.5	1108	880.293	4.88645	0.249809
NM_000855.3	16150	15922.3	18	0.0508756
NM_000856.6	9299	9071.29	0	0
NM_000857.5	3382	3154.29	55.5594	0.792679
NM_000858.7	1100	872.293	772.861	39.8732
NM_000859.3	4530	4302.29	2205.16	23.0666
NM_000860.6	2619	2391.29	0	0
NM_000861.3	4427	4199.29	435.463	4.66678
NM_000862.3	1669	1441.29	0	0
NM_000863.3	2568	2340.29	1	0.0192297
NM_000864.5	3319	3091.29	2.00239	0.0291508
NM_000865.3	1826	1598.29	0	0
NM_000866.5	3248	3020.29	35.0251	0.521882
NM_000867.5	2170	1942.29	0	0
NM_000868.4	4743	4515.29	0	0
NM_000869.6	2205	1977.29	0	0
NM_000870.7	3336	3108.29	0	0
NM_000871.3	3800	3572.29	11	0.138576
NM_000872.5	3369	3141.29	59.3345	0.850044
NM_000873.4	1051	823.293	0	0
NM_000874.5	4306	4078.29	361.337	3.98728
NM_000875.5	12235	12007.3	887.156	3.32504
NM_000876.4	14061	13833.3	6552.63	21.3173
NM_000877.4	5183	4955.29	3521.11	31.9781
NM_000878.5	4034	3806.29	0	0
NM_000879.3	815	587.487	0	0
NM_000880.4	2016	1788.29	4.91585	0.123709
NM_000882.4	1444	1216.29	21.304	0.788253
NM_000883.4	2611	2383.29	0	0
NM_000884.3	1651	1423.29	5734.45	181.318
NM_000885.6	6781	6553.29	2429.79	16.6859
NM_000887.5	4663	4435.29	0	0
NM_000888.5	4641	4413.29	0	0
NM_000889.3	2806	2578.29	0	0
NM_000890.5	6068	5840.29	4.33109	0.0333738
NM_000891.3	5391	5163.29	142.894	1.24546
NM_000892.5	2258	2030.29	0	0
NM_000893.4	2093	1865.29	0	0
NM_000894.3	524	302.192	0.523583	0.0779733
NM_000895.3	2140	1912.29	950.399	22.3663
NM_000896.3	5053	4825.29	0	0
NM_000898.5	2570	2342.29	10	0.192133
NM_000899.5	5441	5213.29	6116.61	52.8008
NM_000900.5	1650	1422.29	81	2.56294
NM_000901.5	5792	5564.29	64.532	0.521924
NM_000902.5	5593	5365.29	3216.61	26.9803
NM_000903.3	2521	2293.29	2762.51	54.2109
NM_000904.6	1073	845.293	839.695	44.7051
NM_000905.4	555	331.174	0	0
NM_000906.4	4185	3957.29	0	0
NM_000908.4	7454	7226.29	783.926	4.88205
NM_000909.6	2762	2534.29	0	0
NM_000910.4	3619	3391.29	0	0
NM_000911.4	9317	9089.29	18.6667	0.0924231
NM_000912.5	4954	4726.29	0	0
NM_000913.6	3251	3023.29	0.00415325	6.1823e-05
NM_000914.5	15143	14915.3	0	0
NM_000915.4	513	291.914	8	1.23333
NM_000916.4	4387	4159.29	469.2	5.07669
NM_000917.4	2743	2515.29	9069.91	162.277
NM_000918.4	2437	2209.29	80804	1645.97
NM_000919.4	3993	3765.29	3783.28	45.218
NM_000920.4	4117	3889.29	776.99	8.99057
NM_000921.5	12486	12258.3	767.855	2.81898
NM_000922.4	5995	5767.29	7.90817	0.0617087
NM_000923.6	5342	5114.29	0	0
NM_000924.4	3193	2965.29	0	0
NM_000925.4	1507	1279.29	2573.02	90.5139
NM_000926.4	13037	12809.3	0	0
NM_000927.5	5534	5306.29	0	0
NM_000928.3	551	327.472	1	0.137426
NM_000929.3	1918	1690.29	116.019	3.08893
NM_000930.5	3062	2834.29	9413.53	149.469
NM_000932.5	4192	3964.29	3390.02	38.4839
NM_000933.4	5638	5410.29	0	0
NM_000934.4	2249	2021.29	0	0
NM_000935.3	3686	3458.29	1681.5	21.8816
NM_000936.4	1483	1255.29	0	0
NM_000937.5	6749	6521.29	13072	90.2092
NM_000938.3	3785	3557.29	6040.48	76.4178
NM_000939.4	1128	900.293	39	1.9495
NM_000940.3	1191	963.293	0	0
NM_000942.5	893	665.361	29108.9	1968.84
NM_000943.5	1364	1136.29	1931	76.4776
NM_000944.5	4743	4515.29	33.9126	0.338001
NM_000945.4	3024	2796.29	5144	82.7867
NM_000946.3	1423	1195.29	648	24.3974
NM_000947.5	2303	2075.29	1249.92	27.1047
NM_000948.6	894	666.361	3	0.202607
NM_000949.7	11581	11353.3	123.735	0.490471
NM_000950.3	4491	4263.29	76.9402	0.812177
NM_000951.3	1403	1175.29	0	0
NM_000952.5	3993	3765.29	13.0222	0.155642
NM_000953.3	2957	2729.29	4.19182	0.0691185
NM_000954.6	812	584.487	2	0.153992
NM_000955.3	1413	1185.29	39	1.48075
NM_000956.4	2458	2230.29	788	15.9003
NM_000958.3	3431	3203.29	7.90463	0.111052
NM_000959.4	5429	5201.29	995.168	8.61048
NM_000960.4	2078	1850.29	332.253	8.0811
NM_000961.4	5570	5342.29	10814.1	91.0971
NM_000962.4	5020	4792.29	6974.46	65.4952
NM_000963.4	4510	4282.29	3251	34.1651
NM_000964.4	3275	3047.29	0	0
NM_000965.5	3132	2904.29	24.1246	0.373819
NM_000966.6	2917	2689.29	791.941	13.2525
NM_000967.4	1296	1068.29	44272.4	1865.03
NM_000968.4	2741	2513.29	46161	826.56
NM_000969.5	1028	800.293	22526.6	1266.74
NM_000970.6	921	693.293	29672.3	1926.09
NM_000971.4	1233	1005.29	31116.8	1392.98
NM_000972.3	887	659.427	32219	2198.81
NM_000973.5	845	617.427	38120.9	2778.56
NM_000975.5	1017	789.293	5523.83	314.952
NM_000976.4	634	408.137	14091.8	1553.83
NM_000977.4	2187	1959.29	27586.3	633.63
NM_000978.4	2706	2478.29	16951.4	307.82
NM_000979.4	643	416.972	14420.3	1556.36
NM_000980.4	634	408.137	22271	2455.7
NM_000981.4	737	509.753	24128.4	2130.16
NM_000982.4	566	341.699	18338	2415.19
NM_000983.4	2061	1833.29	12753	313.056
NM_000984.6	970	742.293	16879	1023.32
NM_000985.5	863	635.427	1318.99	93.4151
NM_000986.4	560	336.006	14181.9	1899.46
NM_000987.5	528	305.914	17037.5	2506.38
NM_000988.5	505	284.56	13976.5	2210.38
NM_000989.4	498	278.077	11522	1864.68
NM_000990.5	4535	4307.29	18942.6	197.914
NM_000991.5	4209	3981.29	7342.26	82.9942
NM_000992.3	754	526.701	18783	1604.88
NM_000993.5	1291	1063.29	5090.84	215.466
NM_000994.4	2094	1866.29	13993.8	337.442
NM_000995.5	893	665.361	305.842	20.6862
NM_000996.4	1234	1006.29	9326.71	417.106
NM_000997.5	7573	7345.29	1182.81	7.24685
NM_000998.5	2992	2764.29	19766.3	321.798
NM_000999.4	1145	917.293	7122.8	349.45
NM_001000.4	390	183.77	8412.93	2060.22
NM_001001.5	676	449.451	5183.58	519.027
NM_001001132.2	5418	5190.29	0	0
NM_001001290.2	1890	1662.29	0	0
NM_001001317.5	913	685.293	0	0
NM_001001323.2	7121	6893.29	0	0
NM_001001325.2	609	383.573	0	0
NM_001001329.3	2066	1838.29	3075.36	75.2877
NM_001001330.3	5172	4944.29	5313.48	48.3634
NM_001001331.4	8964	8736.29	0	0
NM_001001342.2	2722	2494.29	43.8548	0.791247
NM_001001343.4	2083	1855.29	0	0
NM_001001344.3	6774	6546.29	0	0
NM_001001346.3	1209	981.293	0	0
NM_001001349.2	2389	2161.29	54.2386	1.12937
NM_001001389.2	5302	5074.29	18.6407	0.165321
NM_001001390.2	4684	4456.29	698.251	7.05148
NM_001001391.2	4288	4060.29	55754.2	617.963
NM_001001392.2	3668	3440.29	67.2162	0.879267
NM_001001395.2	3592	3364.29	0	0
NM_001001396.3	8875	8647.29	184.782	0.961661
NM_001001410.3	1210	982.293	2039.94	93.4584
NM_001001411.3	2946	2718.29	0	0
NM_001001412.4	3212	2984.29	13	0.19604
NM_001001413.3	3822	3594.29	0	0
NM_001001414.2	1975	1747.29	1.75403	0.0451767
NM_001001415.4	4785	4557.29	43.0342	0.424961
NM_001001417.7	2120	1892.29	0	0
NM_001001418.6	2105	1877.29	0	0
NM_001001419.3	7097	6869.29	307.53	2.01473
NM_001001420.3	6938	6710.29	2248.4	15.079
NM_001001430.3	1135	907.293	0	0
NM_001001431.3	1126	898.293	0	0
NM_001001432.3	1117	889.293	0	0
NM_001001433.3	4937	4709.29	682.82	6.52519
NM_001001436.4	6845	6617.29	480.257	3.26615
NM_001001437.4	784	556.487	0	0
NM_001001438.3	2642	2414.29	227.684	4.24409
NM_001001479.4	2585	2357.29	988.009	18.8621
NM_001001480.3	1156	928.293	0	0
NM_001001481.4	8412	8184.29	117.65	0.646921
NM_001001483.3	2260	2032.29	60.2941	1.33515
NM_001001484.3	3759	3531.29	214.833	2.73785
NM_001001485.3	3624	3396.29	5.92574	0.0785199
NM_001001486.2	3749	3521.29	443.562	5.66884
NM_001001487.2	3719	3491.29	149.082	1.92168
NM_001001502.3	1555	1327.29	0	0
NM_001001503.2	4630	4402.29	143.466	1.4666
NM_001001520.3	2267	2039.29	2479.89	54.7261
NM_001001521.2	2105	1877.29	2967.43	71.1363
NM_001001522.2	4260	4032.29	1866.03	20.8261
NM_001001523.2	3055	2827.29	0	0
NM_001001524.3	1518	1290.29	43	1.49976
NM_001001547.3	2048	1820.29	10.5697	0.261315
NM_001001548.3	4598	4370.29	164.111	1.68994
NM_001001549.3	4562	4334.29	97.0961	1.00815
NM_001001550.3	4780	4552.29	231.759	2.29112
NM_001001551.4	936	708.293	11.9226	0.757532
NM_001001552.5	789	561.487	0	0
NM_001001555.3	5018	4790.29	1013.37	9.52024
NM_001001556.3	5290	5062.29	72.3192	0.642907
NM_001001557.4	3712	3484.29	160.428	2.07209
NM_001001560.3	2539	2311.29	128.58	2.50357
NM_001001563.5	5037	4809.29	2625.46	24.5678
NM_001001567.2	2012	1784.29	0	0
NM_001001568.2	1863	1635.29	0	0
NM_001001569.2	1808	1580.29	0	0
NM_001001570.2	2033	1805.29	0	0
NM_001001571.2	1941	1713.29	0	0
NM_001001572.2	1819	1591.29	0	0
NM_001001573.2	1999	1771.29	0	0
NM_001001574.2	1934	1706.29	0	0
NM_001001575.2	1764	1536.29	0	0
NM_001001576.2	1723	1495.29	0	0
NM_001001577.2	1842	1614.29	0	0
NM_001001578.2	1886	1658.29	0	0
NM_001001579.2	1879	1651.29	0	0
NM_001001580.2	1679	1451.29	1	0.031009
NM_001001581.2	2043	1815.29	0	0
NM_001001582.2	2121	1893.29	0	0
NM_001001583.2	2114	1886.29	0	0
NM_001001584.3	1942	1714.29	0	0
NM_001001585.2	2066	1838.29	0	0
NM_001001653.3	2011	1783.29	81.0913	2.04642
NM_001001655.3	1030	802.293	101.183	5.67567
NM_001001656.3	2018	1790.29	0	0
NM_001001657.1	936	708.293	0	0
NM_001001658.1	933	705.293	0	0
NM_001001659.3	2199	1971.29	0	0
NM_001001660.3	1242	1014.29	295.187	13.0971
NM_001001661.3	3198	2970.29	118.45	1.79465
NM_001001662.3	4442	4214.29	5.00863	0.0534856
NM_001001663.4	877	649.427	0	0
NM_001001664.3	6056	5828.29	1246.69	9.62632
NM_001001665.4	4689	4461.29	0.253767	0.00255986
NM_001001666.4	723	495.802	0	0
NM_001001667.1	942	714.293	0	0
NM_001001668.4	7194	6966.29	413.073	2.6685
NM_001001669.3	4943	4715.29	0	0
NM_001001670.3	4830	4602.29	0	0
NM_001001671.4	4879	4651.29	4.61614e-07	4.4663e-09
NM_001001673.4	1165	937.293	0	0
NM_001001674.2	2119	1891.29	5.03749	0.119866
NM_001001683.4	836	608.427	385.238	28.4946
NM_001001694.3	6476	6248.29	0.00347375	2.50196e-05
NM_001001701.4	2671	2443.29	5049.66	93.0098
NM_001001710.3	1091	863.293	0	0
NM_001001711.3	2557	2329.29	0	0
NM_001001712.3	1995	1767.29	0	0
NM_001001713.1	1017	789.293	4.69797	0.267864
NM_001001715.4	1407	1179.29	43.7293	1.66876
NM_001001722.2	1961	1733.29	0	0
NM_001001732.4	3229	3001.29	1.37468	0.0206127
NM_001001734.2	896	668.361	0	0
NM_001001740.4	2754	2526.29	120.371	2.14428
NM_001001786.3	876	648.427	3	0.20821
NM_001001788.4	1150	922.293	0	0
NM_001001790.3	706	478.9	3535.72	332.258
NM_001001794.4	4891	4663.29	54.361	0.52461
NM_001001795.2	2455	2227.29	633	12.7899
NM_001001802.3	4946	4718.29	8.66063	0.0826051
NM_001001821.1	957	729.293	0	0
NM_001001824.2	1136	908.293	0	0
NM_001001827.2	2957	2729.29	0	0
NM_001001850.3	1149	921.293	0	0
NM_001001851.3	3100	2872.29	9.18101	0.143848
NM_001001852.4	2102	1874.29	1321	31.7181
NM_001001872.4	6495	6267.29	725.275	5.20793
NM_001001874.3	1504	1276.29	0	0
NM_001001875.4	1327	1099.29	0	0
NM_001001877.2	1058	830.293	0	0
NM_001001888.4	1175	947.293	0	0
NM_001001890.3	7283	7055.29	5450.46	34.7664
NM_001001894.3	7733	7505.29	2838.47	17.02
NM_001001895.3	2406	2178.29	0	0
NM_001001912.3	2855	2627.29	1.00381	0.0171943
NM_001001913.2	2545	2317.29	0	0
NM_001001914.1	930	702.293	0	0
NM_001001915.1	954	726.293	0	0
NM_001001916.2	936	708.293	0	0
NM_001001917.5	8446	8218.29	0	0
NM_001001918.1	939	711.293	0	0
NM_001001919.1	957	729.293	0	0
NM_001001920.3	951	723.293	0	0
NM_001001921.2	7860	7632.29	7.68188	0.0452955
NM_001001922.2	1034	806.293	0	0
NM_001001923.1	963	735.293	0	0
NM_001001924.3	6411	6183.29	0	0
NM_001001925.3	6249	6021.29	0	0
NM_001001928.4	10034	9806.29	202.312	0.928451
NM_001001929.3	10034	9806.29	0	0
NM_001001931.3	3766	3538.29	0	0
NM_001001933.1	2393	2165.29	0	0
NM_001001935.3	5834	5606.29	26.0487	0.2091
NM_001001936.3	3722	3494.29	0	0
NM_001001937.2	5835	5607.29	48.4372	0.388748
NM_001001952.1	942	714.293	0	0
NM_001001953.1	936	708.293	0	0
NM_001001954.2	6319	6091.29	8.70625	0.0643227
NM_001001955.2	1029	801.293	0	0
NM_001001956.1	957	729.293	0	0
NM_001001957.2	945	717.293	42	2.63509
NM_001001958.1	939	711.293	0	0
NM_001001959.1	969	741.293	0	0
NM_001001960.1	933	705.293	0	0
NM_001001961.3	1108	880.293	0	0
NM_001001963.1	939	711.293	0	0
NM_001001964.2	3770	3542.29	1	0.0127045
NM_001001965.1	957	729.293	0	0
NM_001001966.2	1367	1139.29	0	0
NM_001001967.1	945	717.293	0	0
NM_001001968.1	996	768.293	0	0
NM_001001971.3	3034	2806.29	3.41325	0.0547365
NM_001001973.3	1101	873.293	2453.83	126.452
NM_001001974.4	3741	3513.29	998.939	12.7958
NM_001001975.2	699	471.947	1192.53	113.715
NM_001001976.3	4895	4667.29	141.454	1.36393
NM_001001991.3	2723	2495.29	4168.94	75.1877
NM_001001992.2	2921	2693.29	1534.97	25.6483
NM_001001994.3	4474	4246.29	22.4133	0.237541
NM_001001995.3	3118	2890.29	0	0
NM_001001996.3	4712	4484.29	0	0
NM_001001998.3	2796	2568.29	4970.5	87.0959
NM_001002.4	1105	877.293	52593	2697.9
NM_001002000.3	1772	1544.29	30.5504	0.890286
NM_001002001.3	1713	1485.29	399.171	12.0945
NM_001002002.3	1595	1367.29	317.404	10.447
NM_001002006.3	2859	2631.29	0	0
NM_001002009.3	1739	1511.29	320.402	9.54088
NM_001002010.5	1667	1439.29	637.514	19.9335
NM_001002017.2	966	738.293	60.2566	3.67298
NM_001002018.2	811	583.487	134.329	10.3605
NM_001002019.3	3649	3421.29	50.4864	0.664089
NM_001002020.3	3625	3397.29	125.277	1.65952
NM_001002021.3	3385	3157.29	105.771	1.50763
NM_001002026.3	3347	3119.29	0	0
NM_001002027.2	576	351.35	1299.89	166.497
NM_001002029.4	5427	5199.29	182.943	1.58348
NM_001002030.2	2339	2111.29	1479.37	31.5335
NM_001002031.4	756	528.701	54.6778	4.65418
NM_001002032.3	1415	1187.29	10.0985	0.382772
NM_001002033.3	1529	1301.29	56.3071	1.94729
NM_001002034.3	2335	2107.29	1884	40.2345
NM_001002035.2	370	167.861	0	0
NM_001002036.4	2394	2166.29	2	0.0415485
NM_001002231.3	2866	2638.29	0	0
NM_001002235.3	3142	2914.29	0	0
NM_001002236.3	3456	3228.29	0	0
NM_001002243.3	4014	3786.29	247.854	2.94595
NM_001002244.2	1186	958.293	49.4276	2.3212
NM_001002245.2	855	627.427	316.574	22.7067
NM_001002246.2	918	690.293	334.545	21.8104
NM_001002247.2	863	635.427	318.927	22.5875
NM_001002248.3	638	412.014	705.717	77.0834
NM_001002249.2	977	749.293	36.6506	2.20126
NM_001002251.3	999	771.293	920.653	53.7178
NM_001002254.1	2124	1896.29	8	0.189857
NM_001002255.2	1017	789.293	6	0.342102
NM_001002257.3	4879	4651.29	614.102	5.94168
NM_001002258.5	2776	2548.29	159.113	2.80995
NM_001002259.3	4921	4693.29	0	0
NM_001002261.4	3041	2813.29	0.0094032	0.000150419
NM_001002262.4	3009	2781.29	187.21	3.02917
NM_001002264.4	3171	2943.29	7.39555	0.113078
NM_001002266.3	4769	4541.29	0	0
NM_001002269.2	1705	1477.29	126.75	3.86121
NM_001002273.3	2065	1837.29	0	0
NM_001002274.3	2068	1840.29	0	0
NM_001002275.3	2122	1894.29	0	0
NM_001002292.4	2029	1801.29	0	0
NM_001002294.3	2059	1831.29	0	0
NM_001002295.2	3083	2855.29	7.63352e-06	1.20314e-07
NM_001002296.2	2099	1871.29	153.828	3.69944
NM_001002755.4	898	670.361	1080.62	72.5451
NM_001002756.2	1058	830.293	17.7355	0.961292
NM_001002759.2	1430	1202.29	153.896	5.76048
NM_001002760.1	1206	978.293	0	0
NM_001002761.1	1206	978.293	0	0
NM_001002762.5	4097	3869.29	872.902	10.1526
NM_001002796.5	6306	6078.29	0	0
NM_001002800.3	5116	4888.29	19044.9	175.333
NM_001002810.5	1106	878.293	0	0
NM_001002811.3	5428	5200.29	892.088	7.72008
NM_001002812.4	4680	4452.29	0	0
NM_001002814.3	8185	7957.29	10.7777	0.0609543
NM_001002836.4	1940	1712.29	1369.54	35.9948
NM_001002837.3	2244	2016.29	0	0
NM_001002838.4	11213	10985.3	0	0
NM_001002841.2	942	714.293	0	0
NM_001002843.3	4330	4102.29	99.7216	1.09397
NM_001002844.3	3689	3461.29	135.617	1.76327
NM_001002847.4	2803	2575.29	1284.65	22.4492
NM_001002857.2	1635	1407.29	8957.13	286.435
NM_001002858.3	1626	1398.29	709.65	22.8396
NM_001002860.4	8445	8217.29	1730.03	9.47471
NM_001002862.3	3093	2865.29	0	0
NM_001002876.3	846	618.427	24.3483	1.77183
NM_001002877.2	4844	4616.29	0	0
NM_001002878.1	2694	2466.29	739.145	13.4874
NM_001002879.1	2578	2350.29	618.964	11.8518
NM_001002880.4	1286	1058.29	108.53	4.61517
NM_001002901.4	1996	1768.29	159.843	4.068
NM_001002905.2	5055	4827.29	0	0
NM_001002907.1	960	732.293	0	0
NM_001002909.4	6832	6604.29	2290.98	15.6112
NM_001002911.4	4832	4604.29	0	0
NM_001002912.5	7201	6973.29	0	0
NM_001002913.3	962	734.293	259.416	15.899
NM_001002914.3	2783	2555.29	616.5	10.8576
NM_001002915.3	885	657.427	0	0
NM_001002916.5	915	687.293	0	0
NM_001002917.2	8286	8058.29	1	0.00558469
NM_001002918.1	936	708.293	0	0
NM_001002919.3	1184	956.293	0.132851	0.00625193
NM_001002920.1	1838	1610.29	0	0
NM_001002923.3	1125	897.293	6.88212	0.345167
NM_001002924.3	1312	1084.29	77.0628	3.19846
NM_001002925.1	951	723.293	0	0
NM_001002926.2	3893	3665.29	1444	17.7297
NM_001003.3	1174	946.293	25534.6	1214.35
NM_001003395.3	2328	2100.29	0	0
NM_001003396.3	2178	1950.29	0	0
NM_001003397.3	2139	1911.29	20.6267	0.485674
NM_001003398.3	9115	8887.29	174.607	0.884166
NM_001003406.2	9897	9669.29	1	0.00465423
NM_001003407.2	7395	7167.29	0	0
NM_001003443.3	4438	4210.29	0	0
NM_001003652.4	34400	34172.3	0	0
NM_001003665.4	7757	7529.29	0	0
NM_001003674.3	9148	8920.29	0	0
NM_001003675.3	9094	8866.29	0	0
NM_001003676.3	1923	1695.29	100.138	2.65824
NM_001003677.3	1668	1440.29	32.1538	1.00467
NM_001003678.3	1159	931.293	9.41867	0.45514
NM_001003679.3	5142	4914.29	438.313	4.01389
NM_001003680.3	3079	2851.29	33.8831	0.53479
NM_001003681.3	4095	3867.29	516.93	6.01544
NM_001003682.4	2468	2240.29	762.561	15.3183
NM_001003683.3	2136	1908.29	0	0
NM_001003684.2	975	747.293	223.565	13.4634
NM_001003688.1	2880	2652.29	0	0
NM_001003690.2	1539	1311.29	38.664	1.32693
NM_001003692.2	945	717.293	86.6637	5.43729
NM_001003693.3	1023	795.293	0	0
NM_001003694.2	4743	4515.29	138.264	1.37805
NM_001003696.2	813	585.487	271.258	20.8501
NM_001003697.2	641	415.014	140.611	15.2475
NM_001003698.4	8460	8232.29	0.000619067	3.38422e-06
NM_001003699.4	8625	8397.29	1181.85	6.33381
NM_001003700.2	7827	7599.29	36.1875	0.214303
NM_001003701.2	590	365.061	46.5048	5.7329
NM_001003702.3	2609	2381.29	99.2776	1.87621
NM_001003703.2	526	304.007	1368.89	202.641
NM_001003704.3	900	672.361	15.2827	1.02292
NM_001003712.2	7158	6930.29	3973.44	25.8023
NM_001003713.4	425	212.877	1478.38	312.536
NM_001003714.4	326	135.496	43.5607	14.468
NM_001003715.4	2382	2154.29	33.0884	0.691215
NM_001003716.4	3687	3459.29	14.2933	0.185947
NM_001003722.2	3302	3074.29	1319.13	19.3101
NM_001003745.2	2650	2422.29	1.12696	0.0209374
NM_001003750.1	933	705.293	0	0
NM_001003760.5	5776	5548.29	1	0.00811116
NM_001003785.2	537	314.382	33.9717	4.86297
NM_001003786.3	2242	2014.29	0	0
NM_001003787.4	2166	1938.29	0	0
NM_001003788.3	2324	2096.29	205.117	4.40343
NM_001003789.3	2153	1925.29	80.2499	1.87581
NM_001003790.4	1795	1567.29	0.873272	0.025075
NM_001003791.3	1466	1238.29	56.1704	2.04139
NM_001003792.3	8395	8167.29	1.40629e-06	7.74891e-09
NM_001003793.3	8449	8221.29	0.0122374	6.69869e-05
NM_001003794.3	4166	3938.29	9558.08	109.221
NM_001003795.3	3551	3323.29	152.735	2.0683
NM_001003796.2	1458	1230.29	3612.9	132.157
NM_001003799.2	1016	788.293	0	0
NM_001003800.2	6448	6220.29	371.758	2.68962
NM_001003801.2	1907	1679.29	451.09	12.0887
NM_001003802.2	1865	1637.29	3.18987	0.0876777
NM_001003803.3	3579	3351.29	0	0
NM_001003805.3	3407	3179.29	0	0
NM_001003806.2	1016	788.293	0	0
NM_001003809.3	5257	5029.29	0	0
NM_001003810.2	2864	2636.29	1156.24	19.7376
NM_001003811.2	3134	2906.29	0	0
NM_001003818.3	3422	3194.29	360.92	5.08485
NM_001003819.4	3479	3251.29	12.9547	0.179314
NM_001003827.1	2326	2098.29	29.7097	0.637199
NM_001003828.3	5585	5357.29	59.1912	0.497226
NM_001003841.3	5168	4940.29	0	0
NM_001003845.3	2047	1819.29	0	0
NM_001003891.3	3351	3123.29	1373.39	19.789
NM_001003892.3	1135	907.293	0	0
NM_001003894.2	2227	1999.29	0	0
NM_001003895.1	2366	2138.29	0	0
NM_001003897.2	1191	963.293	732.735	34.2319
NM_001003927.3	2883	2655.29	4.43969	0.0752459
NM_001003931.4	2337	2109.29	251.109	5.35756
NM_001003936.4	621	395.338	0	0
NM_001003937.3	3052	2824.29	0	0
NM_001003938.4	502	281.791	0	0
NM_001003940.2	4692	4464.29	0	0
NM_001003941.3	1693	1465.29	29.2887	0.899535
NM_001003942.2	4629	4401.29	0	0
NM_001003943.3	4531	4303.29	0	0
NM_001003945.3	3295	3067.29	241.413	3.54199
NM_001003954.3	1579	1351.29	0	0
NM_001003962.3	1425	1197.29	1632.13	61.3473
NM_001004.4	462	244.971	14957	2747.71
NM_001004019.2	4306	4078.29	0	0
NM_001004023.3	8222	7994.29	390.633	2.19903
NM_001004051.4	3536	3308.29	97.9559	1.33251
NM_001004052.1	972	744.293	0	0
NM_001004056.2	2276	2048.29	0	0
NM_001004057.2	2234	2006.29	0	0
NM_001004058.2	924	696.293	0	0
NM_001004059.3	2211	1983.29	0	0
NM_001004060.2	3919	3691.29	438.613	5.34743
NM_001004063.3	1339	1111.29	0	0
NM_001004064.2	3806	3578.29	0	0
NM_001004065.4	6977	6749.29	4511.06	30.0789
NM_001004067.4	4320	4092.29	32.6305	0.358839
NM_001004105.3	1956	1728.29	573.508	14.9336
NM_001004106.3	3002	2774.29	529.141	8.58344
NM_001004124.2	939	711.293	0	0
NM_001004125.3	1476	1248.29	1078	38.8637
NM_001004127.3	6510	6282.29	2024.31	14.5011
NM_001004128.3	2547	2319.29	4296.21	83.3627
NM_001004134.1	954	726.293	0	0
NM_001004135.2	4163	3935.29	2.09331	0.0239386
NM_001004136.2	3405	3177.29	0	0
NM_001004137.1	954	726.293	0	0
NM_001004196.4	2204	1976.29	0	0
NM_001004297.3	2082	1854.29	0	0
NM_001004298.4	3088	2860.29	0	0
NM_001004301.4	6153	5925.29	187.365	1.42305
NM_001004303.5	3183	2955.29	0	0
NM_001004304.4	8557	8329.29	1238.68	6.69257
NM_001004308.3	3239	3011.29	0	0
NM_001004309.3	3163	2935.29	15.0868	0.231307
NM_001004310.3	1966	1738.29	1.98238	0.0513224
NM_001004311.3	722	494.802	0	0
NM_001004312.2	1346	1118.29	0	0
NM_001004313.3	2813	2585.29	163.026	2.83784
NM_001004316.3	2526	2298.29	6.0723	0.118902
NM_001004317.4	5446	5218.29	0	0
NM_001004318.3	2903	2675.29	10.0708	0.169408
NM_001004319.3	684	457.134	0	0
NM_001004320.2	2476	2248.29	15.7649	0.315558
NM_001004323.3	988	760.293	2.53753	0.150201
NM_001004325.2	1118	890.293	0	0
NM_001004328.3	3515	3287.29	0	0
NM_001004329.3	2806	2578.29	8	0.139637
NM_001004333.5	603	377.687	2281.32	271.829
NM_001004334.4	9165	8937.29	0	0
NM_001004339.3	4445	4217.29	61.3611	0.65479
NM_001004341.2	1977	1749.29	0	0
NM_001004342.5	9389	9161.29	0	0
NM_001004343.3	1207	979.293	0	0
NM_001004346.4	2389	2161.29	5.57698	0.116126
NM_001004351.5	3185	2957.29	2.68296	0.0408284
NM_001004353.4	1166	938.293	0	0
NM_001004354.3	2641	2413.29	2	0.037296
NM_001004356.3	3411	3183.29	2961.3	41.8648
NM_001004358.1	3115	2887.29	312.663	4.87336
NM_001004360.5	5884	5656.29	0	0
NM_001004416.3	4879	4651.29	0	0
NM_001004419.5	5359	5131.29	48.1161	0.421994
NM_001004426.3	3137	2909.29	0	0
NM_001004431.3	1690	1462.29	9329.06	287.108
NM_001004432.4	2644	2416.29	0	0
NM_001004434.3	3249	3021.29	0	0
NM_001004439.2	10191	9963.29	7362.99	33.2578
NM_001004440.2	1519	1291.29	7.54222	0.262855
NM_001004441.3	3730	3502.29	0	0
NM_001004450.3	1941	1713.29	0	0
NM_001004451.1	969	741.293	1.03276	0.0626975
NM_001004452.1	942	714.293	5	0.315018
NM_001004453.3	1020	792.293	0	0
NM_001004454.2	2024	1796.29	0	0
NM_001004456.2	2535	2307.29	9.8343	0.191815
NM_001004457.2	1103	875.293	0	0
NM_001004458.4	1474	1246.29	0	0
NM_001004459.2	939	711.293	0	0
NM_001004460.2	5390	5162.29	1.02181	0.0089078
NM_001004461.2	6052	5824.29	2.99998	0.0231802
NM_001004462.2	3301	3073.29	0	0
NM_001004463.2	3449	3221.29	0	0
NM_001004464.2	1109	881.293	0	0
NM_001004465.1	951	723.293	0	0
NM_001004466.2	6376	6148.29	10.0731	0.0737311
NM_001004469.1	930	702.293	0	0
NM_001004470.3	6994	6766.29	0	0
NM_001004471.2	1037	809.293	0	0
NM_001004472.1	1008	780.293	0	0
NM_001004473.2	2124	1896.29	1	0.0237321
NM_001004474.2	1121	893.293	0	0
NM_001004475.1	945	717.293	0	0
NM_001004476.2	3023	2795.29	0	0
NM_001004477.1	981	753.293	0	0
NM_001004478.2	6323	6095.29	1	0.00738325
NM_001004479.2	1585	1357.29	0	0
NM_001004480.1	993	765.293	0	0
NM_001004481.1	957	729.293	0	0
NM_001004482.1	957	729.293	0	0
NM_001004483.1	963	735.293	0	0
NM_001004484.2	945	717.293	0	0
NM_001004485.1	960	732.293	0	0
NM_001004486.1	927	699.293	0	0
NM_001004487.1	939	711.293	0	0
NM_001004488.2	1733	1505.29	1.9986	0.0597514
NM_001004489.3	6993	6765.29	2	0.0133041
NM_001004490.2	4224	3996.29	1.57898	0.0177812
NM_001004491.2	1154	926.293	0	0
NM_001004492.2	6349	6121.29	0	0
NM_001004684.1	993	765.293	0	0
NM_001004685.1	954	726.293	0	0
NM_001004686.3	4225	3997.29	2.71547	0.0305719
NM_001004687.2	2792	2564.29	3	0.0526497
NM_001004688.2	1151	923.293	0	0
NM_001004689.2	9913	9685.29	61.2481	0.284592
NM_001004690.1	939	711.293	0	0
NM_001004691.1	939	711.293	0	0
NM_001004692.2	5708	5480.29	5.07496	0.0416746
NM_001004693.2	3519	3291.29	0	0
NM_001004694.3	2637	2409.29	0	0
NM_001004695.2	4118	3890.29	0	0
NM_001004696.2	963	735.293	0	0
NM_001004697.2	2525	2297.29	0	0
NM_001004699.3	1755	1527.29	0	0
NM_001004700.3	2737	2509.29	0	0
NM_001004701.2	933	705.293	0	0
NM_001004702.2	1036	808.293	0	0
NM_001004703.1	930	702.293	1	0.0640802
NM_001004704.2	1020	792.293	0	0
NM_001004705.2	2482	2254.29	0	0
NM_001004706.1	936	708.293	0	0
NM_001004707.4	1551	1323.29	0	0
NM_001004708.1	945	717.293	0	0
NM_001004711.2	6123	5895.29	10.9307	0.0834418
NM_001004712.2	1245	1017.29	0	0
NM_001004713.2	5984	5756.29	11.1641	0.087282
NM_001004714.2	5684	5456.29	0	0
NM_001004715.5	4886	4658.29	9.00895	0.0870342
NM_001004717.1	939	711.293	0	0
NM_001004719.2	1084	856.293	0	0
NM_001004720.3	2306	2078.29	2.00925e-08	4.3508e-10
NM_001004722.4	1944	1716.29	262.402	6.88046
NM_001004723.3	2889	2661.29	2	0.0338205
NM_001004724.2	2187	1959.29	0	0
NM_001004725.1	930	702.293	0	0
NM_001004726.1	918	690.293	0	0
NM_001004727.1	912	684.293	0	0
NM_001004728.2	8612	8384.29	0	0
NM_001004729.2	7647	7419.29	3	0.0181971
NM_001004730.1	933	705.293	0	0
NM_001004731.3	1199	971.293	0	0
NM_001004732.2	945	717.293	0	0
NM_001004733.3	1368	1140.29	1	0.0394662
NM_001004734.4	4520	4292.29	0	0
NM_001004735.1	945	717.293	0	0
NM_001004736.4	3466	3238.29	0	0
NM_001004737.1	951	723.293	1	0.0622197
NM_001004738.2	1110	882.293	0	0
NM_001004739.1	936	708.293	0	0
NM_001004740.2	4302	4074.29	0	0
NM_001004741.1	948	720.293	0	0
NM_001004742.3	1400	1172.29	0	0
NM_001004743.1	933	705.293	0	0
NM_001004744.1	975	747.293	0	0
NM_001004745.2	1471	1243.29	0	0
NM_001004746.4	2062	1834.29	3	0.0736029
NM_001004747.2	969	741.293	0	0
NM_001004748.1	942	714.293	0	0
NM_001004749.2	2186	1958.29	0	0
NM_001004750.1	939	711.293	0	0
NM_001004751.3	3561	3333.29	1.00012	0.0135027
NM_001004752.2	960	732.293	0	0
NM_001004753.2	1136	908.293	0	0
NM_001004754.3	3302	3074.29	0	0
NM_001004755.2	7300	7072.29	2.25954	0.0143781
NM_001004756.3	4092	3864.29	8.00125	0.0931815
NM_001004757.2	1096	868.293	0	0
NM_001004758.1	972	744.293	0	0
NM_001004759.3	984	756.293	0	0
NM_001004760.3	948	720.293	0	0
NM_001005.5	2059	1831.29	5702.33	140.132
NM_001005160.3	3973	3745.29	0	0
NM_001005161.3	1124	896.293	0	0
NM_001005162.2	1008	780.293	0	0
NM_001005163.2	1065	837.293	0	0
NM_001005164.2	978	750.293	0	0
NM_001005165.2	2947	2719.29	2	0.0330991
NM_001005166.5	2244	2016.29	0	0
NM_001005167.2	970	742.293	0	0
NM_001005168.3	942	714.293	0	0
NM_001005169.1	975	747.293	0	0
NM_001005170.4	1115	887.293	0	0
NM_001005171.3	5456	5228.29	0	0
NM_001005172.2	1067	839.293	0	0
NM_001005173.3	1094	866.293	0	0
NM_001005174.3	1333	1105.29	0	0
NM_001005175.5	1329	1101.29	1	0.0408639
NM_001005176.3	833	605.427	1.12412	0.0835591
NM_001005177.3	948	720.293	0	0
NM_001005178.1	963	735.293	0	0
NM_001005179.4	3768	3540.29	1.011	0.0128515
NM_001005180.3	2076	1848.29	0	0
NM_001005181.2	1152	924.293	0	0
NM_001005182.2	2055	1827.29	0	0
NM_001005183.1	939	711.293	0	0
NM_001005184.2	1172	944.293	0	0
NM_001005185.2	2640	2412.29	0	0
NM_001005186.2	954	726.293	0	0
NM_001005187.1	972	744.293	0	0
NM_001005188.1	939	711.293	0	0
NM_001005189.2	5128	4900.29	0	0
NM_001005190.2	1847	1619.29	0	0
NM_001005191.3	4965	4737.29	4.02794	0.0382645
NM_001005192.2	936	708.293	0	0
NM_001005193.2	3015	2787.29	4.97863	0.080384
NM_001005194.2	1378	1150.29	0	0
NM_001005195.1	933	705.293	0	0
NM_001005196.1	930	702.293	0	0
NM_001005197.2	2904	2676.29	0	0
NM_001005198.2	1566	1338.29	0	0
NM_001005199.2	2927	2699.29	1.00023	0.0166761
NM_001005200.2	3092	2864.29	0.128314	0.00201604
NM_001005201.1	939	711.293	0	0
NM_001005202.2	2438	2210.29	0	0
NM_001005204.1	930	702.293	0	0
NM_001005205.3	1320	1092.29	0	0
NM_001005207.5	3583	3355.29	14.1184	0.189364
NM_001005209.3	2213	1985.29	62.7035	1.42138
NM_001005210.4	5204	4976.29	0	0
NM_001005211.2	3184	2956.29	0	0
NM_001005212.4	2488	2260.29	0	0
NM_001005213.2	3611	3383.29	0	0
NM_001005214.4	1372	1144.29	0	0
NM_001005216.4	3298	3070.29	1	0.0146576
NM_001005217.4	2083	1855.29	0	0
NM_001005218.3	1299	1071.29	1	0.0420082
NM_001005221.2	939	711.293	0	0
NM_001005224.2	6961	6733.29	1.52366	0.0101837
NM_001005226.2	1106	878.293	0	0
NM_001005234.1	975	747.293	0	0
NM_001005235.1	936	708.293	0	0
NM_001005236.3	933	705.293	0	0
NM_001005237.1	966	738.293	0	0
NM_001005238.2	3326	3098.29	0	0
NM_001005239.2	948	720.293	0	0
NM_001005240.3	2669	2441.29	0	0
NM_001005241.4	1341	1113.29	0	0
NM_001005242.3	4229	4001.29	0	0
NM_001005243.2	3120	2892.29	0	0
NM_001005245.1	918	690.293	0	0
NM_001005270.4	1063	835.293	0	0
NM_001005271.3	7361	7133.29	2965.47	18.7088
NM_001005272.3	1071	843.293	0	0
NM_001005273.3	7385	7157.29	32.656	0.205332
NM_001005274.1	987	759.293	0	0
NM_001005275.2	945	717.293	0	0
NM_001005276.1	972	744.293	1	0.0604642
NM_001005277.1	939	711.293	0	0
NM_001005278.2	3455	3227.29	0	0
NM_001005279.3	975	747.293	0	0
NM_001005280.1	951	723.293	0	0
NM_001005281.3	5153	4925.29	1.00927	0.0092218
NM_001005282.1	936	708.293	0	0
NM_001005283.3	3774	3546.29	1	0.0126902
NM_001005284.2	2608	2380.29	0	0
NM_001005285.2	1740	1512.29	0	0
NM_001005286.2	1762	1534.29	0	0
NM_001005287.2	4746	4518.29	0	0
NM_001005288.3	945	717.293	0	0
NM_001005289.5	1064	836.293	0	0
NM_001005290.4	1614	1386.29	46.3178	1.50361
NM_001005291.3	4991	4763.29	46.0851	0.435407
NM_001005323.1	930	702.293	0	0
NM_001005324.1	930	702.293	0	0
NM_001005325.1	942	714.293	0	0
NM_001005326.2	1238	1010.29	0	0
NM_001005327.3	1844	1616.29	1	0.0278434
NM_001005328.2	2062	1834.29	9.27316	0.22751
NM_001005329.2	4393	4165.29	0	0
NM_001005332.2	2632	2404.29	1694.39	31.7152
NM_001005333.2	2891	2663.29	269.951	4.5615
NM_001005335.2	1907	1679.29	4692.5	125.753
NM_001005336.3	3254	3026.29	0	0
NM_001005337.3	5326	5098.29	48	0.4237
NM_001005338.2	5999	5771.29	0	0
NM_001005339.2	923	695.293	888	57.4761
NM_001005340.2	2686	2458.29	276.744	5.06626
NM_001005353.3	6975	6747.29	836.416	5.57872
NM_001005354.3	955	727.293	90.8308	5.62038
NM_001005356.3	2204	1976.29	0	0
NM_001005360.3	3633	3405.29	0.045012	0.000594862
NM_001005361.3	3633	3405.29	197.523	2.61039
NM_001005362.3	3621	3393.29	1036.41	13.7452
NM_001005365.2	1976	1748.29	0	0
NM_001005366.2	5012	4784.29	0.494548	0.00465193
NM_001005367.3	2010	1782.29	3	0.0757503
NM_001005368.3	1294	1066.29	42.9057	1.81084
NM_001005369.1	2965	2737.29	37.1724	0.611141
NM_001005373.4	3120	2892.29	187.177	2.91242
NM_001005374.4	2849	2621.29	0	0
NM_001005375.3	3939	3711.29	0	0
NM_001005376.3	1257	1029.29	1700.62	74.355
NM_001005377.3	1233	1005.29	229.455	10.2718
NM_001005386.3	3798	3570.29	404.26	5.09565
NM_001005388.3	10336	10108.3	60.3481	0.268675
NM_001005389.2	2512	2284.29	152.188	2.99828
NM_001005404.4	5264	5036.29	215	1.92119
NM_001005405.3	1021	793.293	0	0
NM_001005407.2	8201	7973.29	0.053586	0.000302452
NM_001005408.2	5201	4973.29	336.871	3.04833
NM_001005413.1	1546	1318.29	636.463	21.7272
NM_001005415.2	1380	1152.29	70.1613	2.74016
NM_001005416.2	1170	942.293	29.4639	1.40717
NM_001005417.2	2009	1781.29	286.978	7.2503
NM_001005463.3	4858	4630.29	528.673	5.13832
NM_001005464.3	518	296.555	0	0
NM_001005465.2	2533	2305.29	37.3996	0.730101
NM_001005466.2	1105	877.293	0	0
NM_001005467.2	2170	1942.29	0	0
NM_001005468.2	1093	865.293	0	0
NM_001005469.2	1046	818.293	0	0
NM_001005470.1	930	702.293	0	0
NM_001005471.2	4670	4442.29	1	0.0101306
NM_001005473.3	7706	7478.29	4.99866	0.0300811
NM_001005474.3	3790	3562.29	20.2474	0.255789
NM_001005476.4	4474	4246.29	1679.89	17.8038
NM_001005479.2	1113	885.293	0	0
NM_001005480.2	957	729.293	0	0
NM_001005482.2	1566	1338.29	0	0
NM_001005483.1	972	744.293	0	0
NM_001005484.2	2618	2390.29	0	0
NM_001005486.2	975	747.293	0	0
NM_001005487.2	2568	2340.29	0	0
NM_001005489.2	946	718.293	0	0
NM_001005490.2	9556	9328.29	12.7784	0.0616478
NM_001005491.2	2807	2579.29	0	0
NM_001005492.1	939	711.293	0	0
NM_001005493.2	1521	1293.29	1.00594	0.0350039
NM_001005494.2	5141	4913.29	0	0
NM_001005495.1	957	729.293	0	0
NM_001005496.1	987	759.293	0	0
NM_001005497.2	4569	4341.29	2.9421	0.0304986
NM_001005498.4	3511	3283.29	152.776	2.09405
NM_001005499.1	939	711.293	0	0
NM_001005500.2	3493	3265.29	0	0
NM_001005501.2	8681	8453.29	2.00005	0.0106478
NM_001005502.3	6637	6409.29	0	0
NM_001005503.2	3786	3558.29	2.25826	0.0285611
NM_001005504.1	939	711.293	0	0
NM_001005505.3	5702	5474.29	0	0
NM_001005512.2	930	702.293	0	0
NM_001005513.1	921	693.293	0	0
NM_001005514.2	7323	7095.29	3.09869	0.0196539
NM_001005515.2	1229	1001.29	0	0
NM_001005516.1	966	738.293	0	0
NM_001005517.1	966	738.293	0	0
NM_001005518.1	939	711.293	0	0
NM_001005519.2	939	711.293	0	0
NM_001005522.2	2422	2194.29	3	0.0615274
NM_001005526.2	665	438.717	3.01772	0.309554
NM_001005527.3	2147	1919.29	0	0
NM_001005566.3	2210	1982.29	2	0.0454051
NM_001005567.3	1454	1226.29	0	0
NM_001005609.2	5229	5001.29	0	0
NM_001005610.4	853	625.427	0	0
NM_001005612.3	5220	4992.29	2.60022e-08	2.34397e-10
NM_001005613.4	937	709.293	0	0
NM_001005619.1	5695	5467.29	0	0
NM_001005731.3	5686	5458.29	0	0
NM_001005735.2	1973	1745.29	0.174848	0.00450852
NM_001005738.2	1938	1710.29	4	0.105252
NM_001005739.2	4689	4461.29	913.232	9.21219
NM_001005741.3	2344	2116.29	378.79	8.05499
NM_001005742.3	2325	2097.29	44.0111	0.944377
NM_001005743.2	3604	3376.29	186.284	2.48301
NM_001005744.2	3460	3232.29	2313.8	32.2149
NM_001005745.2	3427	3199.29	2150.29	30.2472
NM_001005746.4	7971	7743.29	22.2457	0.12929
NM_001005747.4	8074	7846.29	0	0
NM_001005751.3	4642	4414.29	1700.19	17.3332
NM_001005752.2	1802	1574.29	9.42198	0.269339
NM_001005753.3	3077	2849.29	167.504	2.64564
NM_001005781.2	1085	857.293	39.9551	2.09742
NM_001005782.2	1459	1231.29	13.1818	0.481787
NM_001005783.3	1692	1464.29	0	0
NM_001005785.2	3781	3553.29	0	0
NM_001005786.2	3277	3049.29	0	0
NM_001005849.2	3094	2866.29	6.84242	0.107431
NM_001005850.3	3448	3220.29	9.21914e-05	1.28836e-06
NM_001005851.3	8687	8459.29	148.855	0.791902
NM_001005853.1	939	711.293	0	0
NM_001005855.2	1551	1323.29	66.6517	2.26672
NM_001005861.3	3058	2830.29	1875.45	29.8206
NM_001005862.3	4858	4630.29	48.8027	0.474327
NM_001005909.3	1743	1515.29	2.40154	0.071324
NM_001005910.3	1190	962.293	9.51201e-06	4.44843e-07
NM_001005911.3	1187	959.293	86.699	4.06729
NM_001005914.3	3285	3057.29	31.3476	0.461433
NM_001005915.1	1050	822.293	7.35776	0.402681
NM_001005918.3	5977	5749.29	0	0
NM_001005920.4	1934	1706.29	1105.79	29.1648
NM_001005922.1	942	714.293	0	0
NM_001006.5	869	641.427	28380.9	1991.23
NM_001006109.1	1809	1581.29	278.771	7.93372
NM_001006114.3	1513	1285.29	125.838	4.40608
NM_001006115.3	4120	3892.29	401.965	4.64756
NM_001006117.4	1946	1718.29	0	0
NM_001006118.3	1882	1654.29	0	0
NM_001006120.3	1921	1693.29	0	0
NM_001006121.4	1921	1693.29	0	0
NM_001006600.3	8214	7986.29	2211.32	12.4609
NM_001006605.5	2536	2308.29	822.911	16.0437
NM_001006607.3	5415	5187.29	3.07784e-07	2.67022e-09
NM_001006610.2	2401	2173.29	33.279	0.689119
NM_001006612.2	1025	797.293	55.1858	3.11495
NM_001006613.2	949	721.293	985.923	61.5139
NM_001006614.2	946	718.293	27.6027	1.72939
NM_001006615.3	4738	4510.29	29.7151	0.296493
NM_001006616.3	2443	2215.29	200.195	4.0669
NM_001006617.3	3369	3141.29	2874.34	41.1786
NM_001006618.2	1563	1335.29	370.993	12.5035
NM_001006619.2	3228	3000.29	103.238	1.54853
NM_001006620.2	3041	2813.29	681.599	10.9033
NM_001006621.2	2951	2723.29	124.337	2.0547
NM_001006622.3	3133	2905.29	335.465	5.19637
NM_001006623.4	3542	3314.29	33.4754	0.454545
NM_001006624.2	2648	2420.29	0	0
NM_001006625.2	2642	2414.29	0	0
NM_001006626.3	5797	5569.29	0	0
NM_001006627.3	5893	5665.29	13.1827	0.104719
NM_001006628.3	5645	5417.29	0	0
NM_001006629.3	5567	5339.29	0	0
NM_001006630.2	5971	5743.29	9.51019e-08	7.45196e-10
NM_001006631.3	5663	5435.29	0	0
NM_001006632.3	5641	5413.29	0	0
NM_001006634.3	3495	3267.29	1700.52	23.4227
NM_001006635.3	1545	1317.29	109.508	3.74117
NM_001006636.5	4294	4066.29	0	0
NM_001006638.3	2613	2385.29	0	0
NM_001006639.2	1188	960.293	230.291	10.7923
NM_001006640.2	1215	987.293	57.6143	2.62619
NM_001006641.4	3401	3173.29	693.324	9.8326
NM_001006642.4	3687	3459.29	83.1705	1.08199
NM_001006655.3	2726	2498.29	8.72041	0.157085
NM_001006656.4	4520	4292.29	299.605	3.14125
NM_001006657.2	6931	6703.29	59.4768	0.399302
NM_001006658.3	4139	3911.29	0	0
NM_001006665.2	3118	2890.29	0	0
NM_001006666.2	609	383.573	33.0479	3.87738
NM_001006681.2	1261	1033.29	117.154	5.1024
NM_001006682.2	1209	981.293	0	0
NM_001006683.2	1206	978.293	9.57708	0.440561
NM_001006684.2	1101	873.293	470.825	24.2628
NM_001006932.3	5979	5751.29	0	0
NM_001006933.2	1068	840.293	190.282	10.1908
NM_001006935.3	1264	1036.29	1563.37	67.8923
NM_001006937.3	1259	1031.29	242.992	10.6036
NM_001006938.3	3056	2828.29	0	0
NM_001006939.4	1698	1470.29	0	0
NM_001006941.2	1623	1395.29	143.065	4.61434
NM_001006943.3	1877	1649.29	0	0
NM_001006944.2	3110	2882.29	179.387	2.80088
NM_001006945.2	1785	1557.29	268.215	7.75096
NM_001006946.2	3335	3107.29	396.015	5.7355
NM_001006947.2	2050	1822.29	49.1114	1.21285
NM_001007.5	1474	1246.29	24366	879.845
NM_001007022.4	4344	4116.29	42.6032	0.465777
NM_001007024.2	6009	5781.29	85.6562	0.66677
NM_001007025.2	5987	5759.29	1094.23	8.55032
NM_001007026.2	4355	4127.29	3762.61	41.0267
NM_001007027.3	1712	1484.29	66.1176	2.00465
NM_001007033.2	1646	1418.29	0	0
NM_001007067.2	2070	1842.29	210.168	5.13393
NM_001007068.2	2055	1827.29	0	0
NM_001007069.2	2070	1842.29	1307.27	31.9337
NM_001007070.2	2067	1839.29	242.647	5.93699
NM_001007072.2	944	716.293	13.4326	0.843942
NM_001007073.1	1767	1539.29	172.549	5.04468
NM_001007074.1	1787	1559.29	432.519	12.483
NM_001007075.2	7666	7438.29	269.449	1.63022
NM_001007088.2	3499	3271.29	162.419	2.2344
NM_001007089.4	797	569.487	0	0
NM_001007090.3	1420	1192.29	156	5.88822
NM_001007094.4	8303	8075.29	13.6152	0.0758765
NM_001007097.3	7491	7263.29	0	0
NM_001007098.3	2045	1817.29	0.194246	0.00481026
NM_001007099.3	1510	1282.29	2132.73	74.8497
NM_001007100.3	1501	1273.29	46.5743	1.64611
NM_001007101.4	4739	4511.29	118.662	1.18373
NM_001007102.4	4131	3903.29	52.0254	0.599828
NM_001007122.4	6418	6190.29	0	0
NM_001007125.3	911	683.293	0	0
NM_001007139.6	5102	4874.29	0	0
NM_001007156.3	4134	3906.29	0	0
NM_001007157.2	3427	3199.29	1000.04	14.0671
NM_001007169.6	2705	2477.29	3.77165	0.0685166
NM_001007176.5	1275	1047.29	0	0
NM_001007188.4	2448	2220.29	13.5083	0.273799
NM_001007189.2	3456	3228.29	275	3.83356
NM_001007214.1	2875	2647.29	258.934	4.4018
NM_001007225.3	4154	3926.29	1032.29	11.8321
NM_001007226.1	3105	2877.29	13.8365	0.216413
NM_001007227.1	2983	2755.29	110.465	1.80426
NM_001007228.2	2850	2622.29	1455.26	24.9747
NM_001007229.1	2982	2754.29	217.326	3.55094
NM_001007230.1	3034	2806.29	34.8356	0.558641
NM_001007231.3	2969	2741.29	0	0
NM_001007233.3	9632	9404.29	14.8801	0.0712067
NM_001007234.3	900	672.361	75.647	5.06327
NM_001007237.3	7235	7007.29	0	0
NM_001007239.2	2900	2672.29	0	0
NM_001007240.3	3346	3118.29	0	0
NM_001007241.3	2905	2677.29	0	0
NM_001007242.3	2896	2668.29	0	0
NM_001007245.3	3480	3252.29	0	0
NM_001007246.3	2485	2257.29	273.174	5.44621
NM_001007248.3	3102	2874.29	76.3786	1.19587
NM_001007250.3	1380	1152.29	43.376	1.69406
NM_001007253.4	3206	2978.29	133.377	2.01537
NM_001007255.3	1366	1138.29	0	0
NM_001007257.3	6165	5937.29	1234.49	9.3571
NM_001007259.3	1329	1101.29	5.91922	0.241882
NM_001007261.3	1423	1195.29	0	0
NM_001007267.3	5175	4947.29	87.7256	0.797996
NM_001007269.2	1530	1302.29	70.8302	2.44766
NM_001007270.2	1555	1327.29	77.4538	2.62614
NM_001007271.3	567	342.699	0	0
NM_001007272.2	1021	793.293	0	0
NM_001007273.2	1320	1092.29	0	0
NM_001007278.3	6919	6691.29	9.67982	0.0651028
NM_001007464.3	5499	5271.29	683.933	5.839
NM_001007466.3	8817	8589.29	7.03728e-07	3.68714e-09
NM_001007467.3	4031	3803.29	444.206	5.25614
NM_001007468.3	5164	4936.29	794.992	7.24777
NM_001007469.2	455	238.796	0	0
NM_001007470.3	1358	1130.29	0	0
NM_001007471.4	12284	12056.3	0	0
NM_001007523.2	1707	1479.29	8.41837	0.256104
NM_001007524.2	1707	1479.29	8.41837	0.256104
NM_001007525.5	7764	7536.29	0	0
NM_001007527.2	8116	7888.29	1169.03	6.66935
NM_001007530.3	779	551.487	0	0
NM_001007531.3	1662	1434.29	76	2.38461
NM_001007532.3	445	230.083	0	0
NM_001007533.4	799	571.487	1	0.0787474
NM_001007534.2	1740	1512.29	0	0
NM_001007537.3	1402	1174.29	0	0
NM_001007538.2	3845	3617.29	17.0092	0.211613
NM_001007540.4	2528	2300.29	0	0
NM_001007544.4	1205	977.293	0	0
NM_001007551.6	2627	2399.29	0	0
NM_001007553.3	4097	3869.29	2413.67	28.0729
NM_001007559.3	3402	3174.29	1293.57	18.3393
NM_001007561.3	9686	9458.29	639.78	3.04411
NM_001007563.3	3566	3338.29	47	0.633601
NM_001007565.2	1841	1613.29	0.000713833	1.99125e-05
NM_001007593.3	2407	2179.29	82.289	1.69929
NM_001007595.3	1581	1353.29	0	0
NM_001007792.1	2581	2353.29	23	0.439839
NM_001007793.3	1374	1146.29	7254.22	284.798
NM_001007794.3	2381	2153.29	32.1933	0.672828
NM_001008.4	1189	961.293	3	0.140445
NM_001008211.1	3597	3369.29	130.495	1.74301
NM_001008212.2	3479	3251.29	401.39	5.55588
NM_001008213.1	3582	3354.29	277.638	3.72495
NM_001008215.3	1770	1542.29	438	12.7805
NM_001008216.2	1516	1288.29	618.417	21.6028
NM_001008218.2	1785	1557.29	0	0
NM_001008219.3	1785	1557.29	0	0
NM_001008220.2	4597	4369.29	0	0
NM_001008221.1	1781	1553.29	0	0
NM_001008222.3	4653	4425.29	430.383	4.37679
NM_001008223.2	2073	1845.29	5	0.12194
NM_001008224.3	7081	6853.29	13.8666	0.0910571
NM_001008225.3	3749	3521.29	104.374	1.33393
NM_001008226.2	3124	2896.29	0	0
NM_001008228.3	1973	1745.29	0	0
NM_001008229.3	1654	1426.29	0	0
NM_001008237.3	941	713.293	98	6.18301
NM_001008239.3	5273	5045.29	934.369	8.3344
NM_001008269.3	576	351.35	2	0.256172
NM_001008270.3	1239	1011.29	0	0
NM_001008272.2	1129	901.293	4.60116	0.229744
NM_001008273.2	1024	796.293	142.158	8.03417
NM_001008274.4	8402	8174.29	34.3956	0.189363
NM_001008387.3	936	708.293	0	0
NM_001008388.5	5878	5650.29	2045.86	16.2947
NM_001008389.3	2252	2024.29	0	0
NM_001008390.2	4548	4320.29	983.075	10.2404
NM_001008391.4	3395	3167.29	0	0
NM_001008392.2	4753	4525.29	780.768	7.76457
NM_001008393.4	3366	3138.29	1764.19	25.2985
NM_001008394.3	1467	1239.29	202	7.33533
NM_001008395.4	594	368.988	510.284	62.2361
NM_001008396.3	5926	5698.29	124.309	0.981748
NM_001008397.4	3731	3503.29	6977.95	89.6383
NM_001008401.4	4202	3974.29	0	0
NM_001008404.3	2471	2243.29	0	0
NM_001008405.4	2990	2762.29	42.5885	0.693849
NM_001008409.5	3620	3392.29	0	0
NM_001008410.2	3844	3616.29	2096.06	26.0844
NM_001008485.2	1633	1405.29	68.359	2.18913
NM_001008486.2	1525	1297.29	7.55783	0.262181
NM_001008487.2	2618	2390.29	0	0
NM_001008489.4	1121	893.293	13.4493	0.677561
NM_001008491.3	3550	3322.29	67.3259	0.911983
NM_001008492.3	3336	3108.29	360.544	5.22009
NM_001008493.3	13155	12927.3	155.7	0.542031
NM_001008495.4	4992	4764.29	1247.15	11.7805
NM_001008496.3	3508	3280.29	0	0
NM_001008503.3	1644	1416.29	0	0
NM_001008504.4	1935	1707.29	0	0
NM_001008505.2	1549	1321.29	0	0
NM_001008528.3	5671	5443.29	3275.78	27.0829
NM_001008529.3	1914	1686.29	2459.53	65.6389
NM_001008530.3	2098	1870.29	76.4406	1.83932
NM_001008534.2	741	513.753	0	0
NM_001008535.2	552	328.307	0	0
NM_001008536.2	3606	3378.29	0	0
NM_001008537.3	11717	11489.3	0	0
NM_001008539.4	7569	7341.29	0.0105399	6.46109e-05
NM_001008540.2	1904	1676.29	0	0
NM_001008541.1	3047	2819.29	16.2246	0.258986
NM_001008563.5	4391	4163.29	17.2191	0.18613
NM_001008564.2	4200	3972.29	87.8046	0.99476
NM_001008566.3	5691	5463.29	9.42115	0.0776054
NM_001008657.3	3810	3582.29	159.371	2.00212
NM_001008660.3	4008	3780.29	7972.1	94.9051
NM_001008661.3	1815	1587.29	75.0038	2.12651
NM_001008662.3	1715	1487.29	366.559	11.0915
NM_001008693.3	1633	1405.29	0	0
NM_001008695.1	1097	869.293	429.184	22.2188
NM_001008697.3	3616	3388.29	60.6333	0.805328
NM_001008701.3	7835	7607.29	0	0
NM_001008703.4	818	590.487	438.261	33.4014
NM_001008704.4	758	530.648	60.6006	5.1394
NM_001008707.2	4517	4289.29	75.9896	0.797279
NM_001008708.4	1309	1081.29	220.87	9.19254
NM_001008709.2	1454	1226.29	228.797	8.39651
NM_001008710.3	2874	2646.29	605.356	10.2947
NM_001008711.3	2960	2732.29	72.2149	1.18944
NM_001008712.3	1308	1080.29	1120.09	46.6608
NM_001008723.2	3256	3028.29	0	0
NM_001008726.3	3218	2990.29	21.864	0.329047
NM_001008727.5	6987	6759.29	630.476	4.19768
NM_001008738.3	6484	6256.29	1708.86	12.2922
NM_001008739.2	557	333.141	79	10.6719
NM_001008740.4	696	468.994	1	0.0959565
NM_001008743.3	1038	810.293	0	0
NM_001008744.2	3499	3271.29	755.341	10.3912
NM_001008747.2	2587	2359.29	0	0
NM_001008749.3	2661	2433.29	0	0
NM_001008777.3	2303	2075.29	0	0
NM_001008778.3	1042	814.293	2.50212	0.138283
NM_001008779.1	1209	981.293	1.25459	0.0575365
NM_001008781.3	19408	19180.3	0.433328	0.00101672
NM_001008783.3	2343	2115.29	0	0
NM_001008784.4	1534	1306.29	0	0
NM_001008800.3	1863	1635.29	155.867	4.28945
NM_001008801.2	4405	4177.29	124.106	1.33702
NM_001008844.3	7900	7672.29	671.478	3.93866
NM_001008860.3	3105	2877.29	707.368	11.0638
NM_001008892.3	2969	2741.29	2034.8	33.4047
NM_001008894.3	2912	2684.29	114.593	1.9212
NM_001008895.4	5821	5593.29	5668.53	45.6084
NM_001008897.2	2266	2038.29	337.892	7.46025
NM_001008901.2	764	536.541	0	0
NM_001008910.4	2844	2616.29	237.5	4.08527
NM_001008938.4	7172	6944.29	13495.5	87.4588
NM_001008949.3	2064	1836.29	4.22221	0.103476
NM_001009.4	741	513.753	14174	1241.59
NM_001009181.2	649	422.846	0	0
NM_001009182.2	1275	1047.29	44.6082	1.91685
NM_001009183.2	1261	1033.29	0	0
NM_001009184.2	1858	1630.29	4049.98	111.797
NM_001009185.3	6535	6307.29	0	0
NM_001009186.2	2449	2221.29	224.225	4.54276
NM_001009552.2	1946	1718.29	4099	107.355
NM_001009554.4	5815	5587.29	0.201251	0.00162098
NM_001009555.4	5185	4957.29	142.397	1.2927
NM_001009565.2	1623	1395.29	0	0
NM_001009566.3	4760	4532.29	9135.33	90.7086
NM_001009568.3	1587	1359.29	0	0
NM_001009570.3	1235	1007.29	67.4798	3.01481
NM_001009571.4	5645	5417.29	287.383	2.38738
NM_001009584.2	1758	1530.29	20.5708	0.604948
NM_001009606.4	1236	1008.29	0	0
NM_001009608.3	6056	5828.29	284.01	2.19298
NM_001009609.4	590	365.061	0	0
NM_001009610.2	5519	5291.29	55.056	0.468258
NM_001009611.4	1840	1612.29	0	0
NM_001009613.4	452	236.066	0	0
NM_001009614.3	697	469.994	0	0
NM_001009615.3	707	479.9	0	0
NM_001009616.4	642	416.014	0	0
NM_001009811.4	3522	3294.29	4.65755e-05	6.36264e-07
NM_001009812.2	1452	1224.29	0	0
NM_001009813.3	1970	1742.29	107.212	2.76926
NM_001009814.2	3464	3236.29	30.063	0.418049
NM_001009877.3	2506	2278.29	38.0718	0.752031
NM_001009880.2	6338	6110.29	1249.62	9.20357
NM_001009881.3	5853	5625.29	226.034	1.8083
NM_001009894.3	2829	2601.29	1221.66	21.1351
NM_001009899.4	13704	13476.3	688.193	2.29817
NM_001009905.3	2985	2757.29	0	0
NM_001009909.4	5212	4984.29	0	0
NM_001009921.3	5014	4786.29	1.41032e-05	1.32605e-07
NM_001009922.3	4381	4153.29	58.8912	0.638117
NM_001009924.2	1759	1531.29	0	0
NM_001009925.2	1435	1207.29	3828.77	142.721
NM_001009931.3	9629	9401.29	19	0.0909512
NM_001009932.3	3021	2793.29	37.7099	0.607549
NM_001009933.3	2763	2535.29	32.8361	0.582863
NM_001009934.3	2678	2450.29	10.788	0.198136
NM_001009936.3	848	620.427	701.293	50.8687
NM_001009939.3	2256	2028.29	83.2513	1.84715
NM_001009941.3	1666	1438.29	146.397	4.58064
NM_001009943.3	1587	1359.29	12.1839	0.403382
NM_001009944.3	14140	13912.3	1544.47	4.99601
NM_001009954.3	4336	4108.29	252.5	2.76593
NM_001009955.4	3171	2943.29	2525.24	38.611
NM_001009958.1	1222	994.293	36.5622	1.65486
NM_001009959.3	3767	3539.29	0	0
NM_001009960.1	4585	4357.29	148.231	1.53096
NM_001009984.3	6912	6684.29	1005.91	6.77245
NM_001009991.4	2239	2011.29	0	0
NM_001009992.1	3649	3421.29	0	0
NM_001009993.4	5435	5207.29	6563.11	56.7204
NM_001009994.3	570	345.561	0	0
NM_001009996.3	1748	1520.29	720.801	21.3369
NM_001009997.3	1214	986.293	0	0
NM_001009998.4	1659	1431.29	470.426	14.7912
NM_001009999.3	3085	2857.29	18.4918	0.291251
NM_001010.3	1369	1141.29	30655	1208.78
NM_001010000.3	5482	5254.29	0	0
NM_001010844.4	5577	5349.29	175.059	1.47276
NM_001010846.3	6542	6314.29	1.7707	0.0126201
NM_001010847.2	2168	1940.29	22	0.510267
NM_001010848.4	3811	3583.29	0	0
NM_001010851.3	6282	6054.29	377.05	2.80271
NM_001010852.4	11219	10991.3	0	0
NM_001010853.3	4703	4475.29	159.378	1.60269
NM_001010854.2	19471	19243.3	778.864	1.82148
NM_001010855.4	3053	2825.29	18.0519	0.287543
NM_001010857.3	536	313.414	0	0
NM_001010858.3	3118	2890.29	3615	56.2871
NM_001010859.3	1378	1150.29	0	0
NM_001010860.4	2984	2756.29	51.033	0.833236
NM_001010861.3	3968	3740.29	0	0
NM_001010862.3	4445	4217.29	105.997	1.1311
NM_001010863.4	1522	1294.29	0	0
NM_001010866.4	3857	3629.29	882.18	10.939
NM_001010867.4	7828	7600.29	375.053	2.22077
NM_001010868.3	1344	1116.29	7	0.282203
NM_001010870.3	8967	8739.29	0	0
NM_001010872.3	6244	6016.29	1.00018	0.00748155
NM_001010873.3	1045	817.293	0	0
NM_001010874.5	3561	3333.29	0	0
NM_001010875.4	3663	3435.29	611.471	8.0104
NM_001010876.2	589	364.098	1	0.123602
NM_001010877.5	2621	2393.29	0	0
NM_001010879.4	4291	4063.29	100.618	1.11439
NM_001010880.3	3662	3434.29	11.0933	0.145367
NM_001010881.2	4672	4444.29	2.07444	0.0210058
NM_001010883.3	5584	5356.29	1435.39	12.06
NM_001010886.5	598	372.913	0	0
NM_001010887.3	2773	2545.29	33	0.58347
NM_001010888.4	8269	8041.29	30.1964	0.168994
NM_001010889.2	1720	1492.29	0	0
NM_001010890.3	2465	2237.29	1	0.020115
NM_001010891.5	7842	7614.29	684.485	4.04554
NM_001010892.3	2840	2612.29	0	0
NM_001010893.3	1428	1200.29	10	0.374934
NM_001010895.4	4574	4346.29	10.4616	0.108324
NM_001010897.3	802	574.487	27.1624	2.12779
NM_001010898.4	6419	6191.29	731.752	5.31894
NM_001010903.5	3735	3507.29	0	0
NM_001010904.2	2179	1951.29	0	0
NM_001010905.3	1203	975.293	0	0
NM_001010906.2	3952	3724.29	0	0
NM_001010908.2	2376	2148.29	20	0.418966
NM_001010909.5	3651	3423.29	0	0
NM_001010912.4	1088	860.293	0	0
NM_001010915.5	8277	8049.29	250.212	1.39892
NM_001010917.3	6843	6615.29	2	0.0136058
NM_001010919.3	1127	899.293	37.3238	1.86779
NM_001010922.3	5005	4777.29	9.04035	0.0851619
NM_001010923.3	3837	3609.29	0	0
NM_001010924.2	4182	3954.29	2934.31	33.3948
NM_001010926.4	1324	1096.29	2	0.0821004
NM_001010927.3	2665	2437.29	0	0
NM_001010931.3	1200	972.293	14.8153	0.685736
NM_001010932.3	5819	5591.29	101.802	0.819385
NM_001010933.3	1185	957.293	0.374408	0.0176012
NM_001010934.3	1921	1693.29	7.68176	0.20416
NM_001010935.3	5112	4884.29	610.88	5.62854
NM_001010938.2	4010	3782.29	0	0
NM_001010939.3	1484	1256.29	0	0
NM_001010940.3	844	616.427	0	0
NM_001010942.3	13378	13150.3	6557.92	22.4426
NM_001010969.4	2535	2307.29	0	0
NM_001010971.3	1395	1167.29	21.0365	0.811029
NM_001010972.2	2225	1997.29	11140.4	251.016
NM_001010974.2	1172	944.293	5.38883	0.25682
NM_001010977.3	1625	1397.29	0	0
NM_001010978.4	2376	2148.29	0	0
NM_001010979.3	674	447.496	1	0.100566
NM_001010980.5	3980	3752.29	0	0
NM_001010982.5	1686	1458.29	32.4293	1.00077
NM_001010983.3	2085	1857.29	528.997	12.8178
NM_001010984.4	4261	4033.29	113.073	1.26166
NM_001010985.3	1342	1114.29	0	0
NM_001010986.3	5964	5736.29	2.17225	0.017042
NM_001010987.2	1972	1744.29	0	0
NM_001010989.3	2850	2622.29	275.865	4.73433
NM_001011.4	732	504.753	14348	1279.25
NM_001011513.4	5716	5488.29	0	0
NM_001011515.3	1943	1715.29	52.434	1.37568
NM_001011516.3	1883	1655.29	0	0
NM_001011537.3	6824	6596.29	18.3686	0.125319
NM_001011543.3	2743	2515.29	0	0
NM_001011544.2	1929	1701.29	0	0
NM_001011546.2	3537	3309.29	531.257	7.22457
NM_001011547.3	3162	2934.29	0	0
NM_001011548.1	1724	1496.29	0	0
NM_001011549.1	1721	1493.29	0	0
NM_001011550.1	1712	1484.29	0	0
NM_001011551.3	1636	1408.29	905.32	28.9302
NM_001011552.4	4215	3987.29	0	0
NM_001011553.4	2478	2250.29	3767.79	75.351
NM_001011554.3	4079	3851.29	121.848	1.42381
NM_001011645.3	10257	10029.3	0	0
NM_001011649.3	5995	5767.29	1134.45	8.85232
NM_001011655.3	2342	2114.29	444.983	9.47153
NM_001011657.4	3448	3220.29	0	0
NM_001011658.4	2842	2614.29	102.847	1.77044
NM_001011663.2	2236	2008.29	953.902	21.3756
NM_001011666.3	7743	7515.29	136.406	0.816829
NM_001011667.3	1889	1661.29	47.0006	1.27321
NM_001011668.3	1845	1617.29	155.968	4.33999
NM_001011669.3	1869	1641.29	67.7159	1.85672
NM_001011670.3	1741	1513.29	118.867	3.53493
NM_001011671.3	1697	1469.29	287.504	8.80597
NM_001011699.1	1465	1237.29	116.786	4.24777
NM_001011700.3	710	482.852	5	0.466014
NM_001011703.3	2703	2475.29	10.0672	0.18303
NM_001011705.2	1452	1224.29	0	0
NM_001011708.3	4150	3922.29	188.676	2.16481
NM_001011709.3	2374	2146.29	0	0
NM_001011713.3	7600	7372.29	1664.07	10.1581
NM_001011717.1	485	265.994	0	0
NM_001011718.2	7695	7467.29	0	0
NM_001011719.2	2482	2254.29	0	0
NM_001011720.2	3200	2972.29	8.98017	0.135968
NM_001011722.2	4269	4041.29	14.064	0.156614
NM_001011724.3	2299	2071.29	145.738	3.16645
NM_001011725.3	2158	1930.29	233.604	5.44626
NM_001011878.3	362	162.038	0	0
NM_001011880.3	1951	1723.29	0	0
NM_001011885.2	3106	2878.29	51.6372	0.807365
NM_001012.2	778	550.487	26762	2187.83
NM_001012241.2	4511	4283.29	1088	11.4313
NM_001012264.4	1631	1403.29	0	0
NM_001012267.3	8293	8065.29	244.886	1.36643
NM_001012270.2	2456	2228.29	611.459	12.3492
NM_001012271.2	2643	2415.29	889.501	16.5737
NM_001012276.3	1558	1330.29	0.00401017	0.000135662
NM_001012277.5	1866	1638.29	0	0
NM_001012288.3	1435	1207.29	0	0
NM_001012300.1	1785	1557.29	0	0
NM_001012301.4	3113	2885.29	4641	72.3876
NM_001012302.3	2867	2639.29	1	0.0170512
NM_001012303.3	1535	1307.29	0	0
NM_001012320.3	2583	2355.29	250.904	4.79407
NM_001012329.2	2972	2744.29	684.5	11.225
NM_001012331.2	2651	2423.29	0	0
NM_001012333.3	957	729.293	3.52316	0.217407
NM_001012334.2	1015	787.293	5.55519	0.317544
NM_001012337.3	1008	780.293	0	0
NM_001012338.3	20018	19790.3	0	0
NM_001012339.3	6107	5879.29	1698.83	13.0037
NM_001012361.4	4871	4643.29	80.8175	0.783289
NM_001012393.5	6406	6178.29	0	0
NM_001012398.3	2413	2185.29	3.22162	0.0663448
NM_001012409.4	2959	2731.29	412.622	6.79871
NM_001012410.5	2353	2125.29	83.3269	1.76445
NM_001012411.4	2203	1975.29	0.00125222	2.85293e-05
NM_001012412.5	1597	1369.29	0.405219	0.0133179
NM_001012413.4	2152	1924.29	0.000313183	7.32434e-06
NM_001012414.3	1571	1343.29	2.68581	0.0899803
NM_001012415.3	1940	1712.29	0	0
NM_001012416.1	561	336.904	0	0
NM_001012417.3	949	721.293	0	0
NM_001012418.5	5754	5526.29	0	0
NM_001012425.2	855	627.427	0	0
NM_001012426.2	5994	5766.29	658.978	5.143
NM_001012427.2	5988	5760.29	25.7569	0.201229
NM_001012428.2	2790	2562.29	0	0
NM_001012446.4	3557	3329.29	0	0
NM_001012454.6	5754	5526.29	0	0
NM_001012455.2	3150	2922.29	15.0784	0.232206
NM_001012456.2	421	209.523	637.725	136.976
NM_001012478.2	2134	1906.29	6978.27	164.741
NM_001012502.3	3704	3476.29	0	0
NM_001012503.2	1403	1175.29	2	0.0765819
NM_001012505.2	882	654.427	22.9721	1.57973
NM_001012506.5	3145	2917.29	10.4512	0.161224
NM_001012507.4	809	581.487	900.158	69.666
NM_001012508.6	3181	2953.29	17.5197	0.26697
NM_001012509.4	2775	2547.29	0	0
NM_001012511.3	2163	1935.29	247.642	5.75864
NM_001012512.3	837	609.427	1.2439e-05	9.18559e-07
NM_001012513.3	839	611.427	1.39304e-07	1.02532e-08
NM_001012514.3	1896	1668.29	88.7245	2.39339
NM_001012515.4	7707	7479.29	60.6222	0.364765
NM_001012516.2	1949	1721.29	6.14812	0.160742
NM_001012614.2	2488	2260.29	2017.08	40.1607
NM_001012631.4	929	701.293	0	0
NM_001012632.3	841	613.427	0	0
NM_001012633.4	691	464.041	0	0
NM_001012634.4	758	530.648	0	0
NM_001012635.4	726	498.753	5.55729	0.501441
NM_001012636.2	743	515.753	0	0
NM_001012642.3	3284	3056.29	4	0.0588989
NM_001012643.4	1896	1668.29	351.341	9.4776
NM_001012644.3	1435	1207.29	0	0
NM_001012659.2	5047	4819.29	10.9189	0.101962
NM_001012662.3	2224	1996.29	189.785	4.27838
NM_001012664.3	2035	1807.29	45.6214	1.13601
NM_001012708.2	899	671.361	1	0.0670326
NM_001012709.1	1359	1131.29	1.00118	0.039827
NM_001012710.2	1173	945.293	3	0.142823
NM_001012718.4	865	637.427	0	0
NM_001012720.2	2235	2007.29	0	0
NM_001012722.2	2121	1893.29	3.58787	0.0852826
NM_001012727.2	1450	1222.29	269.78	9.9329
NM_001012728.2	710	482.852	0	0
NM_001012729.2	1048	820.293	1	0.0548622
NM_001012732.2	1951	1723.29	2157.16	56.3332
NM_001012750.3	3515	3287.29	633.759	8.67617
NM_001012751.3	3428	3200.29	2.14491	0.0301621
NM_001012752.3	3500	3272.29	1501.87	20.6549
NM_001012753.2	2871	2643.29	14.5594	0.24788
NM_001012754.4	3411	3183.29	274.228	3.87684
NM_001012755.5	6207	5979.29	34.0403	0.256204
NM_001012756.3	5399	5171.29	29.6032	0.257621
NM_001012758.3	1473	1245.29	4.91264	0.177535
NM_001012759.3	1721	1493.29	421.242	12.6949
NM_001012761.3	4439	4211.29	5479.15	58.5518
NM_001012762.3	1662	1434.29	97.9456	3.07319
NM_001012763.2	4017	3789.29	0	0
NM_001012957.2	7018	6790.29	0	0
NM_001012958.2	2661	2433.29	0	0
NM_001012959.2	2245	2017.29	0	0
NM_001012964.3	1503	1275.29	0	0
NM_001012965.3	1455	1227.29	0	0
NM_001012967.3	6759	6531.29	13.8998	0.0957747
NM_001012968.3	4105	3877.29	975	11.3167
NM_001012969.4	1617	1389.29	0.239944	0.00777247
NM_001012970.3	1151	923.293	0	0
NM_001012971.4	663	436.717	0	0
NM_001012973.3	776	548.487	717	58.8295
NM_001012974.4	1782	1554.29	24	0.694897
NM_001012975.3	3531	3303.29	0	0
NM_001012977.3	2237	2009.29	0	0
NM_001012978.3	777	549.487	0	0
NM_001012979.3	1046	818.293	0	0
NM_001012980.2	2167	1939.29	0	0
NM_001012981.5	7437	7209.29	224.962	1.4043
NM_001012984.3	1266	1038.29	25.8327	1.11967
NM_001012985.2	657	430.76	240.221	25.0968
NM_001012989.3	1190	962.293	0	0
NM_001012991.3	6422	6194.29	1341.81	9.74859
NM_001012993.3	2687	2459.29	3	0.0548976
NM_001012994.2	7700	7472.29	2003.24	12.0648
NM_001013.4	713	485.852	16218.8	1502.3
NM_001013031.3	7335	7107.29	0	0
NM_001013251.3	1885	1657.29	3769.84	102.368
NM_001013253.2	1752	1524.29	367.806	10.8591
NM_001013254.1	2072	1844.29	698.652	17.048
NM_001013255.1	1578	1350.29	617.266	20.5725
NM_001013257.2	3448	3220.29	36.3328	0.507744
NM_001013258.2	536	313.414	0	0
NM_001013354.1	981	753.293	0	0
NM_001013355.2	6084	5856.29	0	0
NM_001013356.2	960	732.293	0	0
NM_001013357.1	930	702.293	0	0
NM_001013358.2	918	690.293	0	0
NM_001013398.2	2631	2403.29	313.323	5.86716
NM_001013399.2	2085	1857.29	12.0488	0.291948
NM_001013403.3	1279	1051.29	0	0
NM_001013406.2	4417	4189.29	57.8481	0.621427
NM_001013407.5	1855	1627.29	0	0
NM_001013415.2	4301	4073.29	0	0
NM_001013435.3	553	329.241	0	0
NM_001013436.4	1252	1024.29	483.059	21.2236
NM_001013437.2	1851	1623.29	179.955	4.98896
NM_001013438.3	8251	8023.29	2624.62	14.7216
NM_001013439.3	8687	8459.29	133.588	0.710682
NM_001013442.2	576	351.35	2.59531	0.332424
NM_001013579.3	1397	1169.29	0	0
NM_001013615.3	1849	1621.29	60.0084	1.66568
NM_001013619.4	4197	3969.29	31.892	0.361585
NM_001013620.4	10050	9822.29	608.991	2.79023
NM_001013622.3	2807	2579.29	0	0
NM_001013623.3	951	723.293	0	0
NM_001013625.4	774	546.487	179	14.7406
NM_001013626.4	1561	1333.29	0	0
NM_001013627.3	13633	13405.3	0	0
NM_001013628.3	2791	2563.29	10	0.175567
NM_001013630.2	2027	1799.29	0	0
NM_001013631.3	1134	906.293	0	0
NM_001013632.4	1351	1123.29	12.9781	0.519949
NM_001013635.4	2283	2055.29	35	0.766367
NM_001013641.3	1443	1215.29	0	0
NM_001013642.3	1961	1733.29	4769.81	123.843
NM_001013646.4	694	467.041	2	0.192716
NM_001013647.2	10087	9859.29	2.79163	0.0127425
NM_001013649.4	4274	4046.29	465.138	5.17329
NM_001013650.2	1896	1668.29	0	0
NM_001013653.3	1209	981.293	0	0
NM_001013657.3	5128	4900.29	55.0252	0.505338
NM_001013658.1	1422	1194.29	0	0
NM_001013659.3	7117	6889.29	15.4747	0.101086
NM_001013660.4	7411	7183.29	0	0
NM_001013661.1	1818	1590.29	8.20621	0.232224
NM_001013663.2	1120	892.293	469.993	23.7042
NM_001013672.5	1841	1613.29	95	2.65004
NM_001013690.5	4687	4459.29	2.57334	0.0259701
NM_001013693.3	4016	3788.29	88.1419	1.04708
NM_001013694.3	4020	3792.29	789.288	9.36647
NM_001013698.2	2104	1876.29	3	0.0719553
NM_001013699.3	1114	886.293	2.01312	0.10222
NM_001013703.4	5538	5310.29	4979.49	42.1996
NM_001013706.3	2470	2242.29	1.01251	0.0203212
NM_001013732.4	24346	24118.3	0	0
NM_001013734.3	1898	1670.29	1	0.0269432
NM_001013735.1	1299	1071.29	0	0
NM_001013736.3	3299	3071.29	0	0
NM_001013742.4	7494	7266.29	0	0
NM_001013743.3	1141	913.293	0	0
NM_001013746.3	5790	5562.29	127.876	1.03461
NM_001013836.2	2695	2467.29	1735.91	31.6628
NM_001013837.2	2692	2464.29	249.362	4.55386
NM_001013838.3	4462	4234.29	160.703	1.70799
NM_001013839.4	4782	4554.29	115.477	1.14108
NM_001013841.2	1376	1148.29	14.9941	0.58764
NM_001013842.3	2056	1828.29	189.228	4.65781
NM_001013843.3	4114	3886.29	1002.25	11.606
NM_001013845.2	1333	1105.29	351.955	14.3302
NM_001013848.4	3675	3447.29	0	0
NM_001014.5	588	363.135	15235.1	1888.07
NM_001014279.3	949	721.293	22.5817	1.40892
NM_001014283.2	3032	2804.29	0.0141134	0.000226491
NM_001014286.3	2923	2695.29	84.949	1.41839
NM_001014291.4	589	364.098	0	0
NM_001014336.2	927	699.293	0	0
NM_001014342.3	9124	8896.29	1.00289	0.00507324
NM_001014380.3	7469	7241.29	1094.1	6.79961
NM_001014431.2	2779	2551.29	7393.72	130.42
NM_001014432.2	2863	2635.29	129.574	2.21275
NM_001014433.3	727	499.753	888.864	80.0429
NM_001014434.2	7454	7226.29	0	0
NM_001014435.2	1710	1482.29	0	0
NM_001014436.3	9869	9641.29	3546.65	16.5548
NM_001014437.3	2737	2509.29	52.9582	0.949783
NM_001014440.4	872	644.427	0	0
NM_001014443.3	2315	2087.29	161.612	3.48443
NM_001014445.2	2698	2470.29	495.141	9.02034
NM_001014446.3	1109	881.293	156.699	8.0018
NM_001014447.3	2163	1935.29	181.82	4.22802
NM_001014448.3	2426	2198.29	24.7584	0.506851
NM_001014449.3	3280	3052.29	52.1729	0.769239
NM_001014450.3	675	448.496	0	0
NM_001014451.3	3290	3062.29	0	0
NM_001014763.1	1318	1090.29	13.3747	0.552058
NM_001014764.3	769	541.541	241.817	20.0955
NM_001014765.2	3300	3072.29	6.48762	0.0950309
NM_001014794.3	1713	1485.29	3713.83	112.526
NM_001014795.3	2116	1888.29	232.751	5.54708
NM_001014796.3	10166	9938.29	1981.96	8.97483
NM_001014797.3	11982	11754.3	0	0
NM_001014809.3	3174	2946.29	0	0
NM_001014811.2	2217	1989.29	0	0
NM_001014812.3	869	641.427	328.691	23.0612
NM_001014831.3	6468	6240.29	0	0
NM_001014832.2	6169	5941.29	147.835	1.1198
NM_001014834.3	5710	5482.29	46.7033	0.383379
NM_001014835.2	5783	5555.29	0	0
NM_001014837.2	976	748.293	28.8074	1.7325
NM_001014838.2	945	717.293	266.942	16.748
NM_001014839.2	3426	3198.29	776.626	10.9279
NM_001014840.2	855	627.427	468.982	33.6384
NM_001014841.2	3358	3130.29	12.5874	0.180965
NM_001014842.3	1882	1654.29	936.957	25.4888
NM_001014972.3	6477	6249.29	2181.46	15.7093
NM_001014975.3	1660	1432.29	178.658	5.6135
NM_001014977.4	426	213.764	0	0
NM_001014979.3	1363	1135.29	3.89026	0.15421
NM_001014980.3	1036	808.293	34.6728	1.93047
NM_001014985.3	1217	989.293	0	0
NM_001014986.3	4017	3789.29	0	0
NM_001014987.2	1671	1443.29	64.4842	2.01067
NM_001014988.2	1668	1440.29	19.2999	0.603041
NM_001014989.2	1472	1244.29	0	0
NM_001014990.3	3055	2827.29	39.8008	0.633525
NM_001014999.3	1133	905.293	748.109	37.1893
NM_001015.5	573	348.421	21952	2835.39
NM_001015000.2	828	600.427	86.7917	6.50519
NM_001015001.2	1879	1651.29	0	0
NM_001015002.2	1411	1183.29	0.0749906	0.00285205
NM_001015038.3	540	317.191	0	0
NM_001015045.3	4895	4667.29	97.1149	0.936404
NM_001015048.3	4684	4456.29	2218.81	22.4073
NM_001015049.5	5050	4822.29	79.8782	0.745448
NM_001015051.4	5474	5246.29	101.143	0.867615
NM_001015052.3	1036	808.293	1984.6	110.496
NM_001015053.2	5322	5094.29	62.5958	0.552972
NM_001015054.3	1046	818.293	11.2224	0.617192
NM_001015055.2	2221	1993.29	9.79122	0.221059
NM_001015056.1	2211	1983.29	246.399	5.59107
NM_001015072.4	995	767.293	35	2.05281
NM_001015508.3	2334	2106.29	0	0
NM_001015509.3	2050	1822.29	118.603	2.92901
NM_001015877.2	4430	4202.29	1426.72	15.279
NM_001015878.2	1287	1059.29	0	0
NM_001015879.2	1095	867.293	0	0
NM_001015880.2	3699	3471.29	32.2976	0.418717
NM_001015881.2	1775	1547.29	58.9766	1.71534
NM_001015882.3	2280	2052.29	435.964	9.5599
NM_001015885.2	2595	2367.29	14.7548	0.280494
NM_001015887.3	3523	3295.29	0	0
NM_001015891.2	1736	1508.29	230.808	6.88665
NM_001015892.2	1273	1045.29	265.066	11.4119
NM_001016.4	503	282.705	19944	3174.84
NM_001017.3	527	304.945	11115	1640.32
NM_001017361.3	1037	809.293	1	0.0556079
NM_001017363.4	1870	1642.29	7.45218	0.204209
NM_001017364.1	1128	900.293	0	0
NM_001017365.3	960	732.293	0	0
NM_001017366.3	957	729.293	0	0
NM_001017367.1	967	739.293	0	0
NM_001017368.2	7210	6982.29	91.0895	0.587101
NM_001017369.3	1941	1713.29	57.8828	1.52041
NM_001017370.3	3210	2982.29	40.2124	0.606809
NM_001017371.5	11353	11125.3	0	0
NM_001017372.3	2863	2635.29	0	0
NM_001017373.4	2093	1865.29	0	0
NM_001017388.3	3485	3257.29	0	0
NM_001017390.3	1356	1128.29	4.02784	0.160654
NM_001017392.5	6189	5961.29	1367.69	10.325
NM_001017395.5	6303	6075.29	262.428	1.94395
NM_001017396.3	3508	3280.29	65.5971	0.899941
NM_001017397.2	441	226.512	0	0
NM_001017398.2	656	429.76	0	0
NM_001017402.2	4350	4122.29	289.832	3.1641
NM_001017403.2	3649	3421.29	0	0
NM_001017404.2	3117	2889.29	0	0
NM_001017405.3	2182	1954.29	3000.32	69.0908
NM_001017408.3	4573	4345.29	3004.96	31.1216
NM_001017415.2	3418	3190.29	195.281	2.75468
NM_001017416.2	3323	3095.29	68.7964	1.00024
NM_001017417.3	823	595.427	0	0
NM_001017418.3	678	451.406	0	0
NM_001017420.3	3754	3526.29	1265.76	16.1538
NM_001017423.2	3346	3118.29	420.621	6.07039
NM_001017424.3	3594	3366.29	2420.38	32.3574
NM_001017425.3	3875	3647.29	1512.58	18.6633
NM_001017434.2	2040	1812.29	30.1862	0.749588
NM_001017435.2	830	602.427	0	0
NM_001017437.5	4478	4250.29	0	0
NM_001017438.3	1066	838.293	0	0
NM_001017440.3	9639	9411.29	0	0
NM_001017520.2	1931	1703.29	0	0
NM_001017523.2	3883	3655.29	28.1491	0.346565
NM_001017524.3	2736	2508.29	133.964	2.40355
NM_001017526.2	1708	1480.29	1.00336	0.0305036
NM_001017528.3	1639	1411.29	40.5652	1.29353
NM_001017529.3	1522	1294.29	0	0
NM_001017530.2	1623	1395.29	0	0
NM_001017535.2	4738	4510.29	67.5894	0.674397
NM_001017536.2	5007	4779.29	16.1245	0.151833
NM_001017915.3	4902	4674.29	0	0
NM_001017916.2	3609	3381.29	142.019	1.8902
NM_001017917.2	2968	2740.29	353.495	5.80535
NM_001017919.2	2675	2447.29	820.28	15.0841
NM_001017920.3	549	325.637	0	0
NM_001017921.4	2240	2012.29	60.7618	1.35888
NM_001017922.2	3440	3212.29	115.735	1.6214
NM_001017923.2	2935	2707.29	164.022	2.72653
NM_001017924.5	3026	2798.29	0	0
NM_001017926.3	4994	4766.29	1008.31	9.52037
NM_001017927.4	1638	1410.29	8.77516	0.280019
NM_001017928.4	720	492.802	554.787	50.6636
NM_001017930.2	3458	3230.29	0	0
NM_001017931.3	812	584.487	0	0
NM_001017956.3	2517	2289.29	3169.55	62.3072
NM_001017957.3	2472	2244.29	798.961	16.0209
NM_001017958.3	2637	2409.29	325.396	6.07806
NM_001017961.5	2481	2253.29	4.49055	0.0896858
NM_001017962.3	2743	2515.29	7242.57	129.582
NM_001017963.3	3880	3652.29	129.093	1.59067
NM_001017964.2	1309	1081.29	95.6775	3.98207
NM_001017967.4	2217	1989.29	0	0
NM_001017969.3	7669	7441.29	553.36	3.34658
NM_001017970.3	3969	3741.29	43	0.517236
NM_001017974.2	4547	4319.29	5955.71	62.0531
NM_001017975.6	4899	4671.29	0	0
NM_001017977.3	3213	2985.29	2715.85	40.9412
NM_001017978.4	517	295.585	0	0
NM_001017979.3	1690	1462.29	389.188	11.9775
NM_001017980.4	4715	4487.29	1535.93	15.4038
NM_001017981.2	2011	1783.29	491	12.3908
NM_001017987.3	1003	775.293	0	0
NM_001017989.3	2210	1982.29	73.4739	1.66804
NM_001017990.2	587	362.135	0	0
NM_001017991.3	591	366.025	1	0.122951
NM_001017992.4	2794	2566.29	17	0.298116
NM_001017995.3	7779	7551.29	5702.86	33.9871
NM_001017998.4	1201	973.293	2342.86	108.329
NM_001017999.3	3788	3560.29	286.768	3.62483
NM_001018.5	501	280.906	11230	1799.13
NM_001018000.4	3814	3586.29	216.363	2.71506
NM_001018001.3	3700	3472.29	0	0
NM_001018003.3	2270	2042.29	3777.3	83.2349
NM_001018004.2	1681	1453.29	18022.8	558.1
NM_001018005.2	1217	989.293	165.888	7.54626
NM_001018006.2	1681	1453.29	30093.3	931.879
NM_001018007.2	1681	1453.29	1465.28	45.3744
NM_001018008.2	2797	2569.29	0	0
NM_001018009.4	3189	2961.29	8.20962	0.124762
NM_001018011.3	8400	8172.29	0	0
NM_001018016.3	1172	944.293	0	0
NM_001018017.3	1145	917.293	0.539423	0.0264645
NM_001018020.2	1681	1453.29	2640.14	81.7553
NM_001018024.3	881	653.427	324.137	22.3241
NM_001018025.4	2184	1956.29	67.8628	1.56113
NM_001018036.3	1081	853.293	4.99185	0.263273
NM_001018037.2	15110	14882.3	2.51177	0.00759542
NM_001018038.3	10088	9860.29	435.518	1.98774
NM_001018039.1	7922	7694.29	0	0
NM_001018041.2	1366	1138.29	0	0
NM_001018044.3	4038	3810.29	0	0
NM_001018046.3	1923	1695.29	0	0
NM_001018047.3	1779	1551.29	0.00490319	0.000142242
NM_001018048.2	926	698.293	0	0
NM_001018049.3	1021	793.293	0	0
NM_001018050.4	4468	4240.29	1586.48	16.8376
NM_001018052.4	4381	4153.29	39.3002	0.425838
NM_001018053.2	3533	3305.29	4.66158	0.0634696
NM_001018054.3	7527	7299.29	290.254	1.78953
NM_001018055.3	2769	2541.29	1251.03	22.1541
NM_001018056.3	9129	8901.29	107.727	0.544646
NM_001018057.2	2525	2297.29	1332.48	26.1028
NM_001018058.3	6559	6331.29	0	0
NM_001018060.3	2300	2072.29	0	0
NM_001018064.3	8647	8419.29	0	0
NM_001018065.2	8340	8112.29	0	0
NM_001018066.3	8662	8434.29	0	0
NM_001018067.2	6726	6498.29	4181.1	28.9557
NM_001018068.2	6708	6480.29	3083.02	21.4103
NM_001018069.2	6681	6453.29	11150.8	77.762
NM_001018070.3	4457	4229.29	0	0
NM_001018071.4	4819	4591.29	0	0
NM_001018072.2	5746	5518.29	346.08	2.82237
NM_001018073.3	1869	1641.29	62.8385	1.72299
NM_001018074.1	6614	6386.29	2.05707e-08	1.44958e-10
NM_001018075.1	6517	6289.29	26.6871	0.19096
NM_001018076.2	6409	6181.29	3014.24	21.9452
NM_001018077.1	7286	7058.29	0	0
NM_001018078.2	2327	2099.29	324.427	6.95481
NM_001018080.3	1825	1597.29	0	0
NM_001018081.2	1632	1404.29	0	0
NM_001018088.3	14578	14350.3	8.52189e-08	2.6725e-10
NM_001018089.3	7046	6818.29	770.458	5.08529
NM_001018090.6	4662	4434.29	4.08653	0.0414737
NM_001018091.6	4457	4229.29	0	0
NM_001018100.5	2398	2170.29	17.5878	0.3647
NM_001018102.3	3643	3415.29	15.1699	0.199893
NM_001018104.3	1725	1497.29	68.7064	2.06506
NM_001018108.4	2543	2315.29	10254.2	199.314
NM_001018109.3	1274	1046.29	23	0.989274
NM_001018111.3	5986	5758.29	4031.3	31.506
NM_001018112.3	1651	1423.29	192.515	6.08712
NM_001018113.3	3017	2789.29	117.43	1.89464
NM_001018115.3	5096	4868.29	1440.1	13.3125
NM_001018116.2	3098	2870.29	118.397	1.85633
NM_001018136.3	1052	824.293	78.0461	4.261
NM_001018137.3	749	521.701	20.0711	1.73138
NM_001018138.1	763	535.541	853.912	71.7567
NM_001018139.2	682	455.179	267.603	26.4576
NM_001018159.2	1911	1683.29	118.321	3.16333
NM_001018160.2	1709	1481.29	209.99	6.3797
NM_001018161.2	1574	1346.29	316.431	10.5775
NM_001018837.2	965	737.293	108.673	6.63323
NM_001019.5	2203	1975.29	1291.86	29.4324
NM_001020.6	631	405.178	18085.4	2008.74
NM_001020658.2	5385	5157.29	1903.99	16.6145
NM_001020818.2	3379	3151.29	238.122	3.40058
NM_001020819.3	3118	2890.29	1409.53	21.947
NM_001020820.3	3040	2812.29	368.743	5.90072
NM_001020821.2	3224	2996.29	44.1084	0.66249
NM_001020825.2	4148	3920.29	0	0
NM_001021.6	488	268.748	19462	3259
NM_001022.4	2021	1793.29	15323.9	384.557
NM_001023.4	519	297.525	16894.4	2555.41
NM_001023560.4	2685	2457.29	183.222	3.35555
NM_001023561.4	4207	3979.29	24.0517	0.272008
NM_001023563.4	10169	9941.29	238.223	1.07841
NM_001023567.5	5607	5379.29	302.564	2.53124
NM_001023570.4	2577	2349.29	219.8	4.2105
NM_001023571.4	2178	1950.29	49.9343	1.15224
NM_001023587.3	1918	1690.29	21.0327	0.559983
NM_001024.4	358	158.891	6224	1762.84
NM_001024024.2	1970	1742.29	0	0
NM_001024070.2	1915	1687.29	0	0
NM_001024071.2	1827	1599.29	6.71811	0.189043
NM_001024074.3	491	271.527	10.9588	1.81633
NM_001024075.3	618	392.338	1.75673	0.201506
NM_001024094.2	6781	6553.29	249.556	1.71377
NM_001024209.4	679	452.316	0	0
NM_001024210.2	1166	938.293	1.65028e-08	7.91518e-10
NM_001024211.2	477	258.967	2000.3	347.609
NM_001024212.2	555	331.174	525.818	71.4531
NM_001024213.2	1009	781.293	141.594	8.15592
NM_001024215.1	1521	1293.29	4.304	0.149768
NM_001024216.3	3023	2795.29	31.6755	0.509962
NM_001024218.2	3458	3230.29	0	0
NM_001024226.2	1925	1697.29	390.776	10.3613
NM_001024227.1	2020	1792.29	87.9008	2.20712
NM_001024228.2	2001	1773.29	155.458	3.94525
NM_001024372.2	2650	2422.29	229.256	4.25928
NM_001024380.2	3422	3194.29	108.874	1.53388
NM_001024381.2	3321	3093.29	58.2388	0.847293
NM_001024382.2	1411	1183.29	0	0
NM_001024383.2	10219	9991.29	0	0
NM_001024401.3	4986	4758.29	0	0
NM_001024455.4	4353	4125.29	269.353	2.93839
NM_001024457.4	6692	6464.29	0	0
NM_001024465.3	997	769.293	671.674	39.2924
NM_001024466.3	880	652.427	46.5217	3.20897
NM_001024593.2	2423	2195.29	37.7693	0.774263
NM_001024594.3	600	374.838	75	9.0045
NM_001024596.3	5415	5187.29	26.4968	0.229877
NM_001024598.4	710	482.852	0	0
NM_001024599.5	492	272.443	7.57943	1.25199
NM_001024601.3	506	285.56	0	0
NM_001024611.3	3435	3207.29	0	0
NM_001024613.4	2435	2207.29	0	0
NM_001024628.3	2238	2010.29	717.224	16.056
NM_001024629.3	2133	1905.29	0	0
NM_001024630.4	5540	5312.29	43.2177	0.366119
NM_001024644.2	5039	4811.29	0	0
NM_001024647.3	8866	8638.29	0	0
NM_001024649.2	4862	4634.29	1404.06	13.6347
NM_001024656.3	839	611.427	1	0.0736033
NM_001024660.5	15947	15719.3	0	0
NM_001024661.2	2164	1936.29	0	0
NM_001024662.3	1106	878.293	1240.54	63.5644
NM_001024666.3	4416	4188.29	28.4499	0.305694
NM_001024674.3	2874	2646.29	503.747	8.56676
NM_001024675.2	1583	1355.29	44	1.46104
NM_001024678.4	1762	1534.29	0	0
NM_001024679.3	949	721.293	0	0
NM_001024680.3	5699	5471.29	221.298	1.82024
NM_001024683.2	1111	883.293	15.1802	0.773419
NM_001024688.3	4672	4444.29	1110.69	11.2469
NM_001024732.4	2642	2414.29	6.58907e-06	1.22822e-07
NM_001024736.2	3295	3067.29	4562.37	66.9387
NM_001024807.3	2370	2142.29	91.1247	1.91425
NM_001024808.3	3722	3494.29	702.67	9.0497
NM_001024809.4	3330	3102.29	158.007	2.29211
NM_001024822.4	807	579.487	0	0
NM_001024843.2	15942	15714.3	27.6712	0.0792457
NM_001024844.2	2137	1909.29	0	0
NM_001024845.3	3206	2978.29	778.445	11.7626
NM_001024847.3	4605	4377.29	5689.9	58.4981
NM_001024855.3	2948	2720.29	89.5042	1.48071
NM_001024858.4	10296	10068.3	0	0
NM_001024912.3	3438	3210.29	0	0
NM_001024916.4	1518	1290.29	0	0
NM_001024921.4	882	654.427	754.115	51.8583
NM_001024924.2	3592	3364.29	149.866	2.00471
NM_001024934.2	2788	2560.29	79.7264	1.40138
NM_001024935.2	2741	2513.29	166.193	2.97586
NM_001024936.2	2643	2415.29	543.082	10.119
NM_001024937.4	4957	4729.29	267.901	2.5493
NM_001024938.4	2991	2763.29	0	0
NM_001024939.4	3088	2860.29	22.6396	0.356206
NM_001024940.3	2028	1800.29	0	0
NM_001024943.2	2322	2094.29	517.381	11.1177
NM_001024944.2	2262	2034.29	55.3455	1.22437
NM_001024946.2	2244	2016.29	246.271	5.4967
NM_001024947.4	3395	3167.29	141.005	2.00349
NM_001024948.3	5356	5128.29	413.656	3.63002
NM_001024956.3	7035	6807.29	41.5474	0.27467
NM_001024957.2	1342	1114.29	63.8468	2.57859
NM_001024959.3	1578	1350.29	291.402	9.71196
NM_001024960.3	1433	1205.29	0	0
NM_001025.5	3252	3024.29	19728	293.563
NM_001025068.1	2409	2181.29	0	0
NM_001025069.1	2418	2190.29	0	0
NM_001025070.2	2357	2129.29	433.3	9.15788
NM_001025071.2	2363	2135.29	806.473	16.9971
NM_001025076.2	8059	7831.29	0	0
NM_001025077.3	9225	8997.29	0	0
NM_001025081.2	2235	2007.29	0	0
NM_001025087.2	3817	3589.29	0	0
NM_001025088.2	3814	3586.29	0	0
NM_001025089.2	3706	3478.29	0	0
NM_001025090.2	2157	1929.29	0	0
NM_001025091.2	3405	3177.29	5484.41	77.681
NM_001025092.2	2124	1896.29	0	0
NM_001025096.2	1794	1566.29	1	0.0287322
NM_001025097.2	1680	1452.29	0	0
NM_001025100.2	4844	4616.29	397.719	3.87726
NM_001025101.2	2738	2510.29	0	0
NM_001025104.2	971	743.293	0	0
NM_001025105.3	5444	5216.29	1777.6	15.3361
NM_001025107.3	6532	6304.29	2925.8	20.8858
NM_001025108.2	9955	9727.29	2.58125	0.0119421
NM_001025109.2	7969	7741.29	2.96132	0.0172153
NM_001025158.3	1277	1049.29	0	0
NM_001025159.3	1653	1425.29	34.1088	1.07697
NM_001025160.3	3043	2815.29	1280.43	20.468
NM_001025161.3	1435	1207.29	2.49741	0.0930933
NM_001025194.2	1943	1715.29	75.8883	1.99103
NM_001025195.2	1946	1718.29	80.6416	2.11205
NM_001025197.1	1456	1228.29	0	0
NM_001025199.2	1475	1247.29	0	0
NM_001025200.4	870	642.427	1	0.0700516
NM_001025201.4	2449	2221.29	10.6739	0.216252
NM_001025203.1	971	743.293	0	0
NM_001025204.2	1012	784.293	0.747363	0.042884
NM_001025205.2	1925	1697.29	10136.4	268.764
NM_001025231.3	2531	2303.29	2	0.0390772
NM_001025234.2	1397	1169.29	444.758	17.1176
NM_001025235.2	1420	1192.29	643.456	24.2872
NM_001025236.2	1425	1197.29	375.08	14.0983
NM_001025237.2	1489	1261.29	263.58	9.40457
NM_001025238.2	1279	1051.29	230.511	9.86756
NM_001025239.2	1299	1071.29	102.03	4.28612
NM_001025242.2	3491	3263.29	0	0
NM_001025243.2	3344	3116.29	509.958	7.36442
NM_001025247.2	4214	3986.29	460.194	5.19534
NM_001025248.2	2141	1913.29	977.156	22.9839
NM_001025249.1	1830	1602.29	156.709	4.40143
NM_001025252.3	4423	4195.29	0	0
NM_001025253.3	4116	3888.29	0	0
NM_001025265.3	834	606.427	0	0
NM_001025266.3	7159	6931.29	140	0.908984
NM_001025290.3	659	432.717	0	0
NM_001025295.3	736	508.753	0	0
NM_001025300.3	2147	1919.29	2034.95	47.7149
NM_001025356.3	5998	5770.29	4223.31	32.938
NM_001025357.3	2291	2063.29	2.89561	0.0631569
NM_001025366.3	3660	3432.29	345.934	4.53578
NM_001025367.3	3591	3363.29	596.901	7.98693
NM_001025368.3	3537	3309.29	1520.46	20.6767
NM_001025369.3	3502	3274.29	0	0
NM_001025370.3	3405	3177.29	4059.9	57.5043
NM_001025389.2	4189	3961.29	332.042	3.77224
NM_001025390.2	4351	4123.29	69.1086	0.754276
NM_001025433.2	2419	2191.29	135.028	2.7731
NM_001025434.2	2407	2179.29	195.7	4.04126
NM_001025436.3	1185	957.293	343.836	16.164
NM_001025579.3	2387	2159.29	1738.21	36.2271
NM_001025580.2	5239	5011.29	117.274	1.05316
NM_001025591.4	6763	6535.29	10.1531	0.0699161
NM_001025593.3	3446	3218.29	408.912	5.71804
NM_001025595.3	3542	3314.29	867.368	11.7775
NM_001025596.3	4606	4378.29	782.324	8.04126
NM_001025598.2	4342	4114.29	0	0
NM_001025603.2	3570	3342.29	747.192	10.0607
NM_001025604.3	2536	2308.29	848.058	16.534
NM_001025616.3	4621	4393.29	467.151	4.7853
NM_001025778.2	1773	1545.29	0	0
NM_001025780.3	3065	2837.29	412.682	6.54567
NM_001025930.5	3716	3488.29	82.606	1.06571
NM_001026.5	512	290.943	5985.67	925.863
NM_001026213.1	3353	3125.29	0	0
NM_001026383.3	1896	1668.29	18.5795	0.50119
NM_001028.3	483	264.32	14022	2387.38
NM_001029.5	1140	912.293	10076.3	497.062
NM_001029835.2	1892	1664.29	0	0
NM_001029839.3	1862	1634.29	89.5516	2.46596
NM_001029840.3	1984	1756.29	64.4001	1.65018
NM_001029851.4	4315	4087.29	0	0
NM_001029852.4	4441	4213.29	0	0
NM_001029853.4	4546	4318.29	0	0
NM_001029854.4	4465	4237.29	0	0
NM_001029858.4	5109	4881.29	0	0
NM_001029859.3	3389	3161.29	716.619	10.2015
NM_001029860.4	3260	3032.29	80.2785	1.19143
NM_001029861.3	1565	1337.29	0	0
NM_001029863.3	4235	4007.29	3050.59	34.2591
NM_001029864.2	6377	6149.29	34.4307	0.251979
NM_001029865.4	1242	1014.29	0	0
NM_001029869.3	1919	1691.29	8.27678	0.220234
NM_001029870.3	3993	3765.29	2	0.0239042
NM_001029871.4	2757	2529.29	0	0
NM_001029874.3	1150	922.293	62	3.02528
NM_001029875.3	4451	4223.29	0	0
NM_001029880.3	8028	7800.29	0	0
NM_001029881.3	768	540.541	0	0
NM_001029882.3	6374	6146.29	0	0
NM_001029883.3	7303	7075.29	0	0
NM_001029884.3	7217	6989.29	0	0
NM_001029885.2	2154	1926.29	1088.5	25.43
NM_001029886.3	553	329.241	0	0
NM_001029888.3	687	460.134	0	0
NM_001029891.3	1690	1462.29	17.1401	0.5275
NM_001029896.2	1598	1370.29	1327.07	43.5835
NM_001029939.4	4691	4463.29	0	0
NM_001029954.3	1390	1162.29	16.0711	0.622262
NM_001029955.4	4710	4482.29	16.3164	0.16382
NM_001029976.3	2608	2380.29	9.34874	0.176752
NM_001029989.3	1969	1741.29	163.528	4.22631
NM_001029991.2	1612	1384.29	565.302	18.3778
NM_001029997.4	5792	5564.29	90.3385	0.730643
NM_001029998.6	3756	3528.29	206.673	2.6361
NM_001030.6	352	154.086	12682.3	3704.06
NM_001030001.4	7062	6834.29	166.792	1.0983
NM_001030002.3	2078	1850.29	0	0
NM_001030003.3	6366	6138.29	7.71908	0.0565927
NM_001030004.3	1558	1330.29	0	0
NM_001030005.3	2002	1774.29	1	0.0253639
NM_001030006.2	5700	5472.29	3637.75	29.9162
NM_001030007.2	6611	6383.29	1504.13	10.6043
NM_001030009.2	2137	1909.29	12495.7	294.531
NM_001030010.3	2700	2472.29	42.2995	0.769976
NM_001030013.2	1231	1003.29	0	0
NM_001030015.3	2416	2188.29	0	0
NM_001030018.2	667	440.629	637.49	65.1092
NM_001030019.2	1425	1197.29	0	0
NM_001030047.1	1906	1678.29	0	0
NM_001030048.1	1335	1107.29	0	0
NM_001030055.2	9589	9361.29	1780.99	8.56183
NM_001030059.3	3458	3230.29	63.7871	0.888655
NM_001030060.3	6326	6098.29	4.21804	0.0311275
NM_001030272.3	2729	2501.29	74.5107	1.34059
NM_001030273.3	2800	2572.29	34.8488	0.609691
NM_001030287.4	1847	1619.29	0	0
NM_001030288.4	7300	7072.29	0.00161538	1.02791e-05
NM_001030311.3	3288	3060.29	0	0
NM_001030312.3	2871	2643.29	1.53896	0.0262013
NM_001030313.3	3003	2775.29	0	0
NM_001031.5	1330	1102.29	4147.32	169.322
NM_001031615.3	2539	2311.29	0	0
NM_001031617.3	4839	4611.29	519.22	5.06724
NM_001031618.3	1983	1755.29	0	0
NM_001031623.3	5088	4860.29	1090.11	10.0937
NM_001031628.2	1875	1647.29	646.62	17.6653
NM_001031665.4	2711	2483.29	6.074	0.110075
NM_001031666.2	1309	1081.29	0	0
NM_001031672.4	6193	5965.29	139.671	1.0537
NM_001031677.4	1588	1360.29	486.849	16.1066
NM_001031679.3	4377	4149.29	764.962	8.29675
NM_001031680.2	4340	4112.29	0	0
NM_001031681.3	4051	3823.29	49.5484	0.583222
NM_001031683.4	2407	2179.29	25.5729	0.528088
NM_001031684.3	2356	2128.29	3630.57	76.7691
NM_001031685.3	4632	4404.29	1422.04	14.5304
NM_001031689.3	4724	4496.29	2088.71	20.9057
NM_001031690.3	4343	4115.29	10.7537	0.117598
NM_001031692.3	2116	1888.29	515.281	12.2805
NM_001031694.3	3722	3494.29	86.4431	1.1133
NM_001031695.4	6858	6630.29	1858.27	12.613
NM_001031696.4	1913	1685.29	1368.23	36.5364
NM_001031698.3	3182	2954.29	141.805	2.16013
NM_001031700.3	4899	4671.29	1.31554	0.0126739
NM_001031701.3	7244	7016.29	597.164	3.83026
NM_001031702.4	4855	4627.29	0	0
NM_001031703.3	1352	1124.29	326.501	13.0691
NM_001031705.3	1441	1213.29	2	0.0741834
NM_001031709.3	2409	2181.29	139.332	2.87462
NM_001031710.3	5619	5391.29	1067.05	8.90709
NM_001031711.3	2903	2675.29	18084.8	304.219
NM_001031712.3	1843	1615.29	323.981	9.02631
NM_001031713.4	5460	5232.29	1651.2	14.202
NM_001031714.4	7566	7338.29	2042.63	12.5267
NM_001031715.3	4253	4025.29	4.72281	0.0528014
NM_001031716.5	2269	2041.29	842.033	18.5638
NM_001031717.4	2390	2162.29	8.90067	0.185247
NM_001031719.3	1396	1168.29	0	0
NM_001031720.3	4122	3894.29	0.00526602	6.08549e-05
NM_001031721.4	3165	2937.29	158.771	2.43257
NM_001031722.4	1738	1510.29	4.24795	0.126579
NM_001031723.4	5967	5739.29	1997.61	15.6637
NM_001031725.6	2229	2001.29	376.12	8.4578
NM_001031726.4	4265	4037.29	74.6858	0.832511
NM_001031727.4	3178	2950.29	591.616	9.02438
NM_001031732.4	6233	6005.29	1798.14	13.4751
NM_001031733.3	3716	3488.29	9.84087	0.126959
NM_001031735.3	921	693.293	0	0
NM_001031737.3	1581	1353.29	3.33944	0.111051
NM_001031738.3	1553	1325.29	142.621	4.843
NM_001031739.3	1613	1385.29	0	0
NM_001031740.3	2363	2135.29	0	0
NM_001031741.5	6490	6262.29	0.141357	0.00101584
NM_001031743.3	2207	1979.29	11	0.250106
NM_001031745.5	1488	1260.29	2.84382	0.101548
NM_001031746.5	6414	6186.29	1067.95	7.76894
NM_001031748.4	2776	2548.29	0	0
NM_001031749.3	2487	2259.29	7	0.139434
NM_001031800.3	820	592.487	230.968	17.5434
NM_001031801.2	2892	2664.29	182.39	3.08079
NM_001031803.2	3553	3325.29	0	0
NM_001031804.3	6900	6672.29	127.108	0.857317
NM_001031806.2	3828	3600.29	88.5343	1.10666
NM_001031809.2	1480	1252.29	0	0
NM_001031812.4	4566	4338.29	610.903	6.33717
NM_001031827.3	399	191.106	905.035	213.124
NM_001031834.1	1029	801.293	4.27291	0.23998
NM_001031835.3	5571	5343.29	1574.49	13.2609
NM_001031836.3	3692	3464.29	0	0
NM_001031847.3	2622	2394.29	33.0305	0.620841
NM_001031848.2	1213	985.293	50.5751	2.31001
NM_001031849.3	2221	1993.29	955.468	21.5718
NM_001031850.4	1703	1475.29	0	0
NM_001031853.5	2954	2726.29	0	0
NM_001031854.2	1820	1592.29	0	0
NM_001031855.3	3108	2880.29	0	0
NM_001032.5	295	114.56	5198.26	2042.06
NM_001032221.6	3754	3526.29	2538.68	32.399
NM_001032278.3	1026	798.293	0	0
NM_001032279.2	1458	1230.29	154.021	5.63394
NM_001032280.3	3831	3603.29	0	0
NM_001032281.4	1092	864.293	286.671	14.9267
NM_001032282.4	3029	2801.29	249.635	4.01041
NM_001032283.3	4136	3908.29	8156.15	93.9161
NM_001032284.3	3809	3581.29	418.222	5.25545
NM_001032287.3	1860	1632.29	0	0
NM_001032288.3	2110	1882.29	6707.55	160.368
NM_001032289.3	1716	1488.29	431.251	13.0402
NM_001032291.3	1720	1492.29	673.726	20.3176
NM_001032292.3	1550	1322.29	54.0309	1.83889
NM_001032293.3	13647	13419.3	4011.13	13.4518
NM_001032295.2	1830	1602.29	1812.34	50.9027
NM_001032296.4	9605	9377.29	5153.32	24.7316
NM_001032363.4	3723	3495.29	2088.78	26.8938
NM_001032367.2	2852	2624.29	0	0
NM_001032372.2	2667	2439.29	1.73288e-06	3.19704e-08
NM_001032373.2	2563	2335.29	103.21	1.98894
NM_001032374.2	990	762.293	1.99947e-07	1.18041e-08
NM_001032377.2	1091	863.293	0	0
NM_001032381.2	960	732.293	288.11	17.7058
NM_001032382.2	1028	800.293	623.696	35.0725
NM_001032383.2	1039	811.293	107.158	5.94416
NM_001032384.1	1002	774.293	3.27258	0.190208
NM_001032386.2	2319	2091.29	175.866	3.78451
NM_001032387.2	2210	1982.29	162.035	3.67861
NM_001032391.2	1187	959.293	78.261	3.67144
NM_001032392.4	3249	3021.29	6.83181	0.101762
NM_001032393.3	2284	2056.29	469.545	10.2762
NM_001032394.3	6784	6556.29	599.786	4.11699
NM_001032395.3	6738	6510.29	0	0
NM_001032396.4	2362	2134.29	639.54	13.4852
NM_001032409.3	1533	1305.29	0	0
NM_001032410.2	2987	2759.29	20.0318	0.326712
NM_001032726.3	1071	843.293	0	0
NM_001032730.3	2361	2133.29	293.594	6.19354
NM_001032731.2	2035	1807.29	16.2333	0.404223
NM_001032998.2	1778	1550.29	0	0
NM_001032999.3	7344	7116.29	753.225	4.76336
NM_001033.5	3142	2914.29	9855.49	152.19
NM_001033002.4	995	767.293	113.373	6.64955
NM_001033017.3	299	117.078	0	0
NM_001033018.2	237	78.7087	0	0
NM_001033024.2	1725	1497.29	264.891	7.96164
NM_001033025.3	2825	2597.29	1376.36	23.8481
NM_001033026.2	2687	2459.29	3902.43	71.4113
NM_001033028.3	5747	5519.29	60.2399	0.491183
NM_001033030.2	1460	1232.29	2.25063	0.0821925
NM_001033031.2	1086	858.293	0	0
NM_001033032.2	1026	798.293	323.444	18.2339
NM_001033044.4	7554	7326.29	7730.15	47.4839
NM_001033045.4	7495	7267.29	183.23	1.13466
NM_001033046.4	2073	1845.29	818.198	19.9542
NM_001033047.3	4561	4333.29	0	0
NM_001033050.3	1784	1556.29	133.484	3.85993
NM_001033053.3	5098	4870.29	590.501	5.45642
NM_001033054.3	2705	2477.29	2.97949	0.0541261
NM_001033055.3	2714	2486.29	0.0206496	0.000373767
NM_001033056.4	7609	7381.29	1273.13	7.76218
NM_001033057.2	7851	7623.29	1763.34	10.4096
NM_001033080.1	1056	828.293	0	0
NM_001033081.3	3522	3294.29	9.05026	0.123635
NM_001033082.3	3158	2930.29	12.9497	0.198881
NM_001033083.2	1225	997.293	19.5027	0.880064
NM_001033087.2	4443	4215.29	0	0
NM_001033088.3	1340	1112.29	483.954	19.5807
NM_001033112.3	1472	1244.29	0	0
NM_001033113.2	2130	1902.29	0	0
NM_001033117.3	8851	8623.29	10.413	0.0543434
NM_001033503.3	6636	6408.29	322.51	2.26487
NM_001033504.2	4142	3914.29	147.026	1.69038
NM_001033505.2	616	390.417	240.258	27.6943
NM_001033506.2	738	510.753	56.6059	4.98762
NM_001033518.2	4412	4184.29	706.059	7.59384
NM_001033519.2	4358	4130.29	480.204	5.23223
NM_001033520.1	4295	4067.29	10.1418	0.112215
NM_001033521.2	4123	3895.29	375.524	4.3385
NM_001033522.2	4134	3906.29	222.051	2.55818
NM_001033549.3	1415	1187.29	460.701	17.4624
NM_001033551.3	5585	5357.29	69.466	0.583538
NM_001033553.3	8219	7991.29	0	0
NM_001033554.3	4804	4576.29	112.088	1.10227
NM_001033555.3	8050	7822.29	65.9746	0.379564
NM_001033557.3	3028	2800.29	16.9008	0.27161
NM_001033559.3	1887	1659.29	0	0
NM_001033560.2	1794	1566.29	5.48025	0.15746
NM_001033561.2	4506	4278.29	1418.36	14.9196
NM_001033564.3	2551	2323.29	117.443	2.27492
NM_001033566.3	3165	2937.29	86.6839	1.32811
NM_001033567.3	3166	2938.29	81.3688	1.24625
NM_001033568.3	3261	3033.29	205.694	3.05176
NM_001033569.2	1379	1151.29	405.831	15.8636
NM_001033570.2	1375	1147.29	183.679	7.20488
NM_001033571.1	1399	1171.29	0	0
NM_001033572.1	1395	1167.29	1.73854	0.0670264
NM_001033574.2	1758	1530.29	0	0
NM_001033575.1	1555	1327.29	47.2831	1.60318
NM_001033576.2	5671	5443.29	0	0
NM_001033578.3	4106	3878.29	459.503	5.332
NM_001033580.3	1640	1412.29	365.091	11.6337
NM_001033581.3	2097	1869.29	0	0
NM_001033582.3	2011	1783.29	0	0
NM_001033583.3	4291	4063.29	165.489	1.83288
NM_001033602.4	7439	7211.29	0	0
NM_001033604.2	3891	3663.29	30.5825	0.375702
NM_001033605.2	3981	3753.29	0	0
NM_001033667.3	1425	1197.29	0	0
NM_001033677.2	1597	1369.29	0	0
NM_001033678.4	968	740.293	222.501	13.526
NM_001033714.3	2706	2478.29	476.038	8.64432
NM_001033719.3	1849	1621.29	105	2.91454
NM_001033723.3	14386	14158.3	0.000171008	5.4356e-07
NM_001033756.3	3471	3243.29	0	0
NM_001033853.2	1149	921.293	138.555	6.76808
NM_001033855.3	5960	5732.29	154.815	1.21543
NM_001033857.3	6045	5817.29	237.663	1.83858
NM_001033858.3	6367	6139.29	13.1205	0.0961774
NM_001033859.3	2118	1890.29	1010.67	24.0615
NM_001033873.1	1076	848.293	641.723	34.0443
NM_001033886.2	524	302.192	248.783	37.0494
NM_001033910.3	3976	3748.29	455.512	5.46901
NM_001033925.2	3878	3650.29	0	0
NM_001033930.3	2848	2620.29	2065.64	35.477
NM_001033952.3	864	636.427	0	0
NM_001033953.3	982	754.293	0	0
NM_001034.4	3258	3030.29	9593.66	142.476
NM_001034023.2	1561	1333.29	578.358	19.5215
NM_001034024.2	1521	1293.29	68.4349	2.38135
NM_001034025.2	1484	1256.29	140.28	5.02512
NM_001034077.4	396	188.639	8.12715	1.93887
NM_001034116.2	1644	1416.29	750.333	23.842
NM_001034172.4	1297	1069.29	2.18091	0.0917875
NM_001034173.4	7428	7200.29	4383.58	27.3981
NM_001034194.2	1638	1410.29	648.699	20.7003
NM_001034832.5	1278	1050.29	0	0
NM_001034833.2	674	447.496	109.654	11.0275
NM_001034836.2	1135	907.293	0	0
NM_001034837.3	2063	1835.29	0	0
NM_001034838.3	1894	1666.29	0	0
NM_001034841.4	7666	7438.29	7671.51	46.4141
NM_001034842.5	3574	3346.29	0	0
NM_001034845.3	4021	3793.29	0	0
NM_001034850.3	3208	2980.29	12	0.181203
NM_001034852.3	3679	3451.29	309.092	4.03041
NM_001034853.2	4733	4505.29	27.1589	0.271289
NM_001034914.2	3083	2855.29	107	1.68646
NM_001034915.3	3756	3528.29	0	0
NM_001034954.3	7348	7120.29	0	0
NM_001034955.2	6787	6559.29	0	0
NM_001034956.2	6049	5821.29	0	0
NM_001034957.3	5692	5464.29	0	0
NM_001034996.3	7136	6908.29	1261.68	8.21905
NM_001035.3	16583	16355.3	0	0
NM_001035003.2	2457	2229.29	0	0
NM_001035004.2	2367	2139.29	0	0
NM_001035005.4	5548	5320.29	322.546	2.72834
NM_001035006.5	614	388.495	15538.9	1800.02
NM_001035223.4	2511	2283.29	2.99994	0.0591279
NM_001035230.3	800	572.487	0	0
NM_001035235.4	1328	1100.29	1096.43	44.845
NM_001035247.3	1738	1510.29	47.1493	1.40493
NM_001035254.3	4617	4389.29	1346.77	13.8083
NM_001035256.3	1178	950.293	0	0
NM_001035258.2	1110	882.293	970.197	49.4868
NM_001035260.3	4084	3856.29	41.2375	0.481244
NM_001035267.2	676	449.451	1451.96	145.383
NM_001035505.2	466	248.539	163.56	29.6158
NM_001035507.3	2392	2164.29	229.36	4.76919
NM_001035511.3	1144	916.293	153.306	7.52952
NM_001035512.3	1206	978.293	159.909	7.35609
NM_001035513.3	1149	921.293	81.6728	3.98953
NM_001035516.4	600	374.838	0	0
NM_001035521.3	3607	3379.29	1612.24	21.4707
NM_001035534.3	3798	3570.29	2558.2	32.2458
NM_001036.6	15568	15340.3	0	0
NM_001037.5	1666	1438.29	186.191	5.82578
NM_001037125.4	1388	1160.29	31.3816	1.21716
NM_001037126.2	1599	1371.29	20.1636	0.661727
NM_001037131.3	10889	10661.3	1204.76	5.08548
NM_001037132.4	6701	6473.29	0	0
NM_001037144.7	4062	3834.29	2.58793e-07	3.03746e-09
NM_001037160.3	3045	2817.29	16	0.255582
NM_001037161.2	1686	1458.29	74.2994	2.29289
NM_001037162.1	1004	776.293	1	0.0579718
NM_001037163.2	2220	1992.29	398.5	9.00155
NM_001037164.3	2934	2706.29	406.562	6.76075
NM_001037165.2	11194	10966.3	1763.74	7.23799
NM_001037171.2	4318	4090.29	2604.72	28.6582
NM_001037172.3	3302	3074.29	182.01	2.66436
NM_001037174.2	5008	4780.29	0	0
NM_001037175.3	1065	837.293	0	0
NM_001037225.3	1292	1064.29	0	0
NM_001037232.4	5032	4804.29	58.8462	0.551228
NM_001037277.1	2757	2529.29	0	0
NM_001037278.2	2802	2574.29	73.6946	1.28831
NM_001037281.2	1244	1016.29	3.9309	0.174067
NM_001037283.2	3096	2868.29	5873.08	92.1478
NM_001037288.2	869	641.427	0	0
NM_001037290.4	2817	2589.29	0	0
NM_001037293.3	9266	9038.29	0.000516303	2.57076e-06
NM_001037304.2	771	543.487	0.00254818	0.000211
NM_001037305.2	922	694.293	179.632	11.6435
NM_001037317.2	3983	3755.29	18	0.21571
NM_001037324.3	3136	2908.29	0	0
NM_001037325.3	1222	994.293	0	0
NM_001037328.3	3503	3275.29	27.7011	0.380618
NM_001037329.4	1916	1688.29	2.49735e-05	6.65694e-07
NM_001037331.3	1834	1606.29	14	0.392234
NM_001037333.3	6452	6224.29	9.05324e-07	6.5457e-09
NM_001037334.2	4867	4639.29	204.807	1.98671
NM_001037335.2	10002	9774.29	995.754	4.58468
NM_001037339.2	3884	3656.29	286.593	3.5275
NM_001037340.3	4234	4006.29	0	0
NM_001037341.2	4298	4070.29	13.3886	0.148031
NM_001037343.2	3427	3199.29	0	0
NM_001037380.2	533	310.571	4	0.579617
NM_001037442.4	4433	4205.29	28.6999	0.307133
NM_001037494.2	822	594.427	166.92	12.6372
NM_001037495.2	677	450.406	890.076	88.9334
NM_001037497.2	397	189.558	0	0
NM_001037499.2	312	125.588	0	0
NM_001037500.2	777	549.487	0	0
NM_001037501.5	7256	7028.29	439.9	2.81674
NM_001037535.3	2657	2429.29	384.546	7.12378
NM_001037536.3	2654	2426.29	404.066	7.49466
NM_001037537.2	1729	1501.29	0.000160565	4.81315e-06
NM_001037540.3	2887	2659.29	90.8401	1.53728
NM_001037553.2	6433	6205.29	0	0
NM_001037558.4	1428	1200.29	0	0
NM_001037582.3	3040	2812.29	342.498	5.48075
NM_001037631.3	1887	1659.29	0	0
NM_001037633.2	1977	1749.29	30.7567	0.791261
NM_001037637.2	1276	1048.29	1084.55	46.5596
NM_001037639.3	1351	1123.29	139.105	5.57304
NM_001037663.2	866	638.427	420.514	29.6423
NM_001037666.3	1501	1273.29	60	2.12063
NM_001037668.1	389	182.969	0	0
NM_001037671.4	1712	1484.29	0	0
NM_001037675.4	7612	7384.29	0	0
NM_001037728.2	235	77.5231	0	0
NM_001037729.1	249	85.4599	0	0
NM_001037730.1	267	96.6399	0	0
NM_001037731.1	309	123.455	0	0
NM_001037732.3	403	194.403	0	0
NM_001037735.4	3178	2950.29	0	0
NM_001037738.3	1600	1372.29	3230.69	105.948
NM_001037763.3	4297	4069.29	0	0
NM_001037802.3	1225	997.293	0	0
NM_001037804.1	240	80.5243	0	0
NM_001037806.4	4882	4654.29	724.083	7.00127
NM_001037808.2	3145	2917.29	127.226	1.96262
NM_001037811.2	936	708.293	88.4872	5.62224
NM_001037813.4	4336	4108.29	69.4615	0.760896
NM_001037814.1	2630	2402.29	0	0
NM_001037866.2	2969	2741.29	0	0
NM_001037872.3	4728	4500.29	343.344	3.43345
NM_001037954.4	5826	5598.29	995.688	8.00406
NM_001037967.4	1829	1601.29	0	0
NM_001037968.4	1936	1708.29	0	0
NM_001037984.3	4491	4263.29	4747.16	50.1108
NM_001038.6	3149	2921.29	2	0.0308104
NM_001038493.2	2156	1928.29	0	0
NM_001038603.3	4423	4195.29	1.36108e-07	1.46004e-09
NM_001038618.3	4035	3807.29	101.783	1.2031
NM_001038628.2	3618	3390.29	0	0
NM_001038633.4	3058	2830.29	0	0
NM_001038640.2	3176	2948.29	0	0
NM_001038702.2	3426	3198.29	73.3587	1.03223
NM_001038704.4	2086	1858.29	0	0
NM_001038705.3	5527	5299.29	0	0
NM_001038707.2	3142	2914.29	481.148	7.42998
NM_001039.4	3477	3249.29	1	0.0138501
NM_001039029.3	3653	3425.29	0	0
NM_001039083.5	5240	5012.29	353.821	3.1768
NM_001039091.3	2478	2250.29	223.98	4.47932
NM_001039111.3	8704	8476.29	1	0.00530929
NM_001039112.2	6051	5823.29	0	0
NM_001039127.6	3647	3419.29	0	0
NM_001039130.2	2610	2382.29	0	0
NM_001039131.2	2475	2247.29	0	0
NM_001039132.3	1213	985.293	0	0
NM_001039140.3	1327	1099.29	0	0
NM_001039141.3	10085	9857.29	391.228	1.78614
NM_001039152.3	1794	1566.29	0	0
NM_001039165.4	4108	3880.29	2	0.0231957
NM_001039178.4	308	122.763	112.192	41.1281
NM_001039182.4	375	171.827	19.5076	5.10923
NM_001039199.3	6224	5996.29	1012.54	7.59925
NM_001039210.5	2659	2431.29	0	0
NM_001039211.3	3864	3636.29	14.3412	0.177488
NM_001039213.4	1696	1468.29	0	0
NM_001039348.3	2708	2480.29	5589.7	101.421
NM_001039349.3	2667	2439.29	13021.2	240.231
NM_001039350.3	4561	4333.29	0	0
NM_001039355.3	2291	2063.29	78.2869	1.70754
NM_001039360.3	4606	4378.29	0	0
NM_001039361.4	1525	1297.29	0	0
NM_001039362.2	3259	3031.29	0	0
NM_001039366.1	1340	1112.29	87.0059	3.52023
NM_001039367.1	1316	1088.29	158.297	6.54588
NM_001039372.4	2145	1917.29	0	0
NM_001039374.5	1716	1488.29	21	0.634999
NM_001039375.3	5365	5137.29	0	0
NM_001039395.4	3552	3324.29	0	0
NM_001039396.2	4418	4190.29	0	0
NM_001039397.3	3224	2996.29	0	0
NM_001039457.3	938	710.293	276.165	17.4974
NM_001039459.3	3556	3328.29	13.4646	0.18206
NM_001039464.4	4343	4115.29	0	0
NM_001039465.2	1621	1393.29	304.069	9.82136
NM_001039467.2	1486	1258.29	128.161	4.5837
NM_001039469.3	4547	4319.29	148.635	1.54864
NM_001039476.3	3230	3002.29	200.661	3.00782
NM_001039477.3	1229	1001.29	55.1835	2.48022
NM_001039479.2	5417	5189.29	1875.14	16.2617
NM_001039481.2	1576	1348.29	3.37546	0.112665
NM_001039490.2	1479	1251.29	630.405	22.6727
NM_001039492.3	4568	4340.29	235.691	2.4438
NM_001039496.2	780	552.487	1	0.0814555
NM_001039500.3	9143	8915.29	0	0
NM_001039503.3	2149	1921.29	27.2711	0.63878
NM_001039508.2	1383	1155.29	0	0
NM_001039523.3	2059	1831.29	0	0
NM_001039535.3	2894	2666.29	912.545	15.4024
NM_001039538.2	5846	5618.29	0	0
NM_001039547.3	9815	9587.29	555.329	2.60673
NM_001039548.3	2100	1872.29	50	1.20182
NM_001039550.2	1921	1693.29	685.838	18.2277
NM_001039567.3	848	620.427	0	0
NM_001039569.2	3986	3758.29	125.886	1.5074
NM_001039570.3	6181	5953.29	505.651	3.8224
NM_001039573.3	2971	2743.29	173.982	2.85413
NM_001039574.3	4139	3911.29	283.029	3.25652
NM_001039577.5	1199	971.293	622.143	28.8258
NM_001039580.2	7328	7100.29	340.999	2.16132
NM_001039582.3	1888	1660.29	0	0
NM_001039583.1	2126	1898.29	71.8967	1.70446
NM_001039584.1	2073	1845.29	55.9937	1.36558
NM_001039585.2	5500	5272.29	87.0131	0.742723
NM_001039589.2	1782	1554.29	0	0
NM_001039590.3	12591	12363.3	384.928	1.40116
NM_001039591.3	12543	12315.3	4365.13	15.9512
NM_001039592.2	1716	1488.29	2.44727	0.0740006
NM_001039613.3	2176	1948.29	134.862	3.11515
NM_001039614.3	7150	6922.29	149.939	0.974782
NM_001039615.3	3683	3455.29	0	0
NM_001039617.2	1308	1080.29	0	0
NM_001039618.4	7140	6912.29	539.267	3.51095
NM_001039619.3	2389	2161.29	26.179	0.545106
NM_001039649.3	1222	994.293	28.4086	1.28581
NM_001039650.3	1508	1280.29	34.1815	1.2015
NM_001039651.2	1255	1027.29	19.4008	0.849901
NM_001039656.1	3625	3397.29	16.7948	0.222476
NM_001039659.2	1809	1581.29	0	0
NM_001039660.2	1697	1469.29	0	0
NM_001039661.2	2342	2114.29	44.0069	0.936694
NM_001039664.2	872	644.427	142.686	9.96434
NM_001039667.3	1758	1530.29	81.0356	2.38311
NM_001039670.3	3227	2999.29	0	0
NM_001039671.3	2745	2517.29	462.345	8.26561
NM_001039672.3	2769	2541.29	250.368	4.4337
NM_001039673.3	2760	2532.29	555.216	9.86711
NM_001039675.2	4002	3774.29	14.2426	0.169822
NM_001039690.5	2921	2693.29	1599.89	26.733
NM_001039693.3	5123	4895.29	24.986	0.2297
NM_001039697.2	3000	2772.29	1053.3	17.0985
NM_001039702.3	1629	1401.29	3	0.0963462
NM_001039703.6	12535	12307.3	1741.34	6.36742
NM_001039705.3	4634	4406.29	139.169	1.42139
NM_001039706.3	3902	3674.29	30.939	0.378944
NM_001039707.2	2391	2163.29	0	0
NM_001039708.2	2172	1944.29	1019.22	23.5911
NM_001039709.2	7471	7243.29	0.00046217	2.87149e-06
NM_001039711.2	2311	2083.29	56.7156	1.22516
NM_001039712.2	2283	2055.29	667.315	14.6117
NM_001039715.3	1717	1489.29	0	0
NM_001039716.3	1661	1433.29	1	0.0313984
NM_001039717.2	2563	2335.29	0	0
NM_001039724.4	2075	1847.29	0	0
NM_001039752.4	2638	2410.29	0	0
NM_001039753.4	8436	8208.29	66.6646	0.365498
NM_001039762.3	4836	4608.29	11.8221	0.11545
NM_001039763.4	3115	2887.29	0	0
NM_001039770.3	4310	4082.29	66.0971	0.728652
NM_001039771.3	2476	2248.29	153	3.06253
NM_001039775.4	5239	5011.29	0	0
NM_001039780.4	2613	2385.29	0	0
NM_001039792.2	935	707.293	206	13.1072
NM_001039802.2	10629	10401.3	2355.07	10.1897
NM_001039803.3	2149	1921.29	30.6074	0.716928
NM_001039840.4	6869	6641.29	456.904	3.0961
NM_001039841.3	1565	1337.29	435.595	14.6588
NM_001039842.3	637	411.055	65.9156	7.21656
NM_001039844.3	3370	3142.29	35.6326	0.510321
NM_001039845.3	2334	2106.29	0	0
NM_001039846.2	975	747.293	10.3888	0.625631
NM_001039847.3	873	645.427	33.0181	2.30222
NM_001039848.4	997	769.293	88.7873	5.19399
NM_001039876.3	1377	1149.29	0	0
NM_001039877.2	3197	2969.29	733.822	11.1219
NM_001039885.3	3463	3235.29	300.05	4.1737
NM_001039886.4	3585	3357.29	0	0
NM_001039887.3	4104	3876.29	0	0
NM_001039888.4	3607	3379.29	104	1.385
NM_001039891.3	4055	3827.29	26.995	0.31742
NM_001039920.3	2893	2665.29	4.01824	0.0678474
NM_001039933.3	1249	1021.29	0.0348191	0.0015343
NM_001039936.3	2650	2422.29	0	0
NM_001039937.2	6858	6630.29	0.000277257	1.88188e-06
NM_001039938.2	15451	15223.3	136.406	0.403243
NM_001039948.4	6866	6638.29	0	0
NM_001039958.2	1640	1412.29	37	1.17901
NM_001039960.3	11764	11536.3	136.848	0.533843
NM_001039966.2	2655	2427.29	78.4351	1.45422
NM_001039970.2	2995	2767.29	0	0
NM_001039999.3	5226	4998.29	3160.86	28.4594
NM_001040.5	1267	1039.29	0	0
NM_001040000.3	7706	7478.29	119.556	0.719465
NM_001040002.2	2197	1969.29	4	0.0914096
NM_001040006.2	4570	4342.29	1768.34	18.3269
NM_001040007.3	2571	2343.29	1	0.0192051
NM_001040011.2	851	623.427	95.2803	6.87796
NM_001040020.2	2415	2187.29	24.9995	0.514359
NM_001040021.3	1544	1316.29	0	0
NM_001040022.1	4201	3973.29	3367.54	38.1421
NM_001040023.2	4580	4352.29	420.345	4.3464
NM_001040025.3	1087	859.293	666.549	34.9086
NM_001040031.2	1225	997.293	1.31822	0.0594851
NM_001040032.2	1042	814.293	0	0
NM_001040033.2	1547	1319.29	0	0
NM_001040056.3	1085	857.293	105.55	5.54079
NM_001040057.3	2466	2238.29	10.0901	0.202872
NM_001040058.2	1561	1333.29	109.3	3.68923
NM_001040059.2	1624	1396.29	124.955	4.02736
NM_001040060.2	1480	1252.29	4.28691	0.154057
NM_001040061.3	4094	3866.29	3.09393	0.0360129
NM_001040078.3	1715	1487.29	0	0
NM_001040084.3	2020	1792.29	41.7184	1.04752
NM_001040092.3	3086	2858.29	2275.73	35.8308
NM_001040097.2	1044	816.293	20.5716	1.13413
NM_001040098.1	1030	802.293	0	0
NM_001040099.2	1124	896.293	17.3306	0.870175
NM_001040100.2	1734	1506.29	1	0.0298767
NM_001040101.2	2319	2091.29	0	0
NM_001040102.3	3183	2955.29	0	0
NM_001040103.3	3291	3063.29	0	0
NM_001040105.2	14352	14124.3	0	0
NM_001040107.2	1701	1473.29	27.1398	0.82901
NM_001040108.2	7820	7592.29	79.2026	0.469471
NM_001040109.2	555	331.174	0	0
NM_001040110.2	3517	3289.29	82.3168	1.12623
NM_001040113.2	6940	6712.29	0	0
NM_001040114.2	6901	6673.29	0.751637	0.00506886
NM_001040118.3	5156	4928.29	1415.23	12.9233
NM_001040125.2	2175	1947.29	79.0803	1.82759
NM_001040126.2	1563	1335.29	17.9215	0.604003
NM_001040129.3	620	394.338	0	0
NM_001040134.2	2759	2531.29	22.8315	0.405914
NM_001040135.3	2003	1775.29	37.9217	0.961302
NM_001040138.3	678	451.406	29.1888	2.90999
NM_001040142.2	8776	8548.29	0	0
NM_001040143.2	8895	8667.29	0	0
NM_001040144.3	2863	2635.29	102.053	1.74277
NM_001040146.5	2887	2659.29	470.129	7.95597
NM_001040147.3	1960	1732.29	0	0
NM_001040151.2	5683	5455.29	13.8789	0.114493
NM_001040152.2	6573	6345.29	2237.45	15.8688
NM_001040153.4	2333	2105.29	0	0
NM_001040157.3	4298	4070.29	92.7617	1.02562
NM_001040158.2	1914	1686.29	1294.5	34.5471
NM_001040159.2	2884	2656.29	0	0
NM_001040160.3	729	501.753	130.912	11.7418
NM_001040161.3	506	285.56	45.6671	7.19695
NM_001040162.3	566	341.699	92.615	12.1977
NM_001040165.3	669	442.629	70.0731	7.12449
NM_001040167.2	2445	2217.29	445.46	9.04124
NM_001040168.2	1465	1237.29	15.0264	0.546542
NM_001040169.2	1364	1136.29	0	0
NM_001040172.2	1238	1010.29	0	0
NM_001040173.2	2985	2757.29	0	0
NM_001040177.3	1613	1385.29	0	0
NM_001040179.2	3759	3531.29	0	0
NM_001040181.2	2010	1782.29	1394.52	35.2117
NM_001040182.2	2054	1826.29	75.2582	1.8545
NM_001040183.2	2005	1777.29	29.9368	0.758033
NM_001040185.3	4572	4344.29	281.29	2.91392
NM_001040192.3	1485	1257.29	10.2742	0.367749
NM_001040194.2	1109	881.293	99.2338	5.06735
NM_001040195.2	1074	846.293	18.7534	0.997245
NM_001040196.2	1206	978.293	3.86618e-05	1.77851e-06
NM_001040197.2	1227	999.293	79.1852	3.5661
NM_001040199.2	2317	2089.29	192.681	4.15031
NM_001040200.2	1700	1472.29	0	0
NM_001040202.2	9811	9583.29	0	0
NM_001040214.3	3374	3146.29	0	0
NM_001040217.3	2458	2230.29	8.94086	0.18041
NM_001040260.4	4075	3847.29	10.8051	0.126391
NM_001040261.5	4126	3898.29	0	0
NM_001040272.6	7771	7543.29	7143.89	42.6203
NM_001040273.3	3441	3213.29	8.96077	0.125498
NM_001040274.3	2909	2681.29	0	0
NM_001040275.1	2470	2242.29	0	0
NM_001040280.3	2302	2074.29	0	0
NM_001040283.3	1805	1577.29	4	0.114127
NM_001040284.3	8121	7893.29	168.008	0.957888
NM_001040285.3	7980	7752.29	68.7791	0.399272
NM_001040402.3	4222	3994.29	930.41	10.4828
NM_001040410.3	3267	3039.29	3	0.0444213
NM_001040411.3	3188	2960.29	0	0
NM_001040412.3	3263	3035.29	0	0
NM_001040424.3	6525	6297.29	205.225	1.46662
NM_001040425.3	765	537.541	7.47944	0.626181
NM_001040427.2	1615	1387.29	459.741	14.9138
NM_001040428.4	1904	1676.29	54.7959	1.47109
NM_001040429.3	8300	8072.29	0	0
NM_001040431.3	780	552.487	796	64.8386
NM_001040432.4	3357	3129.29	0	0
NM_001040433.2	456	239.672	0	0
NM_001040436.3	2117	1889.29	839.554	19.9982
NM_001040439.2	5631	5403.29	1044.99	8.70358
NM_001040440.3	2387	2159.29	506.001	10.5459
NM_001040441.3	7077	6849.29	591.891	3.88901
NM_001040442.1	672	445.496	0	0
NM_001040443.3	1356	1128.29	755.913	30.1503
NM_001040444.3	1518	1290.29	18.0191	0.628474
NM_001040445.3	6891	6663.29	3796.73	25.6427
NM_001040446.3	5116	4888.29	1281.4	11.7969
NM_001040448.3	485	265.994	3	0.507564
NM_001040450.3	9250	9022.29	1365.01	6.80866
NM_001040451.3	2604	2376.29	133.259	2.5237
NM_001040452.3	2415	2187.29	136.192	2.80211
NM_001040453.3	9247	9019.29	783.969	3.91173
NM_001040454.1	2750	2522.29	279.842	4.99298
NM_001040455.2	4396	4168.29	1191.52	12.8643
NM_001040456.3	1721	1493.29	518.688	15.6316
NM_001040457.3	1843	1615.29	246.074	6.85579
NM_001040458.3	4841	4613.29	1505.87	14.6899
NM_001040462.3	2017	1789.29	0	0
NM_001040610.3	3490	3262.29	0	0
NM_001040612.4	1142	914.293	0	0
NM_001040613.3	2046	1818.29	20.0723	0.496794
NM_001040616.3	4755	4527.29	3.43625	0.0341577
NM_001040619.3	2252	2024.29	8.13452	0.180843
NM_001040623.3	1328	1100.29	0	0
NM_001040624.2	3670	3442.29	0	0
NM_001040625.2	3583	3355.29	0	0
NM_001040626.2	3583	3355.29	21.1735	0.28399
NM_001040627.2	3496	3268.29	828.841	11.4128
NM_001040628.2	3639	3411.29	56.2389	0.741925
NM_001040629.2	3552	3324.29	364.35	4.93244
NM_001040630.2	3809	3581.29	9.85101	0.123789
NM_001040633.2	3114	2886.29	0	0
NM_001040647.2	2675	2447.29	157.579	2.89771
NM_001040648.2	2543	2315.29	13.5324	0.263034
NM_001040649.3	580	355.279	35.7603	4.52975
NM_001040651.2	690	463.088	0	0
NM_001040653.4	4787	4559.29	412.45	4.07114
NM_001040661.3	5717	5489.29	15.7789	0.129361
NM_001040662.2	1667	1439.29	65.9234	2.06126
NM_001040663.4	2993	2765.29	0	0
NM_001040664.3	3052	2824.29	0	0
NM_001040665.2	6821	6593.29	0	0
NM_001040666.2	2313	2085.29	46.4671	1.00281
NM_001040667.3	2224	1996.29	10.7592	0.242548
NM_001040668.2	1061	833.293	65.9186	3.56002
NM_001040694.2	4114	3886.29	1417.07	16.4097
NM_001040697.4	4207	3979.29	983.303	11.1205
NM_001040701.2	2288	2060.29	0	0
NM_001040702.1	281	105.3	0	0
NM_001040703.3	321	132.144	0	0
NM_001040704.2	316	128.304	0	0
NM_001040705.2	324	134.113	0	0
NM_001040708.2	2209	1981.29	0	0
NM_001040709.2	3703	3475.29	25	0.323736
NM_001040710.3	1824	1596.29	4	0.112769
NM_001040712.2	8257	8029.29	0	0
NM_001040715.2	3386	3158.29	123.31	1.75706
NM_001040716.2	4305	4077.29	20.0125	0.220888
NM_001040874.1	534	311.445	3.20109	0.462549
NM_001040875.4	3515	3287.29	0	0
NM_001040876.2	3884	3656.29	531.455	6.54136
NM_001041.4	6012	5784.29	0	0
NM_001042.3	3375	3147.29	12.0553	0.172378
NM_001042351.3	2267	2039.29	423.759	9.35152
NM_001042353.3	1807	1579.29	515.417	14.6872
NM_001042355.2	8531	8303.29	0.0012392	6.71634e-06
NM_001042357.5	3041	2813.29	0	0
NM_001042358.5	2931	2703.29	0	0
NM_001042359.4	2505	2277.29	0	0
NM_001042360.4	2382	2154.29	0	0
NM_001042361.5	2380	2152.29	0	0
NM_001042362.4	2137	1909.29	0	0
NM_001042363.5	2884	2656.29	0	0
NM_001042364.5	2238	2010.29	0	0
NM_001042365.4	1897	1669.29	0	0
NM_001042367.2	920	692.293	0	0
NM_001042368.3	3675	3447.29	853.15	11.1375
NM_001042369.2	2050	1822.29	167.732	4.14229
NM_001042370.2	2091	1863.29	0	0
NM_001042371.3	3164	2936.29	1882	28.8445
NM_001042376.3	831	603.427	0	0
NM_001042383.2	5335	5107.29	63.6604	0.560946
NM_001042384.2	1915	1687.29	112.142	2.99102
NM_001042385.2	5792	5564.29	0	0
NM_001042386.2	5780	5552.29	9.17275	0.074348
NM_001042388.3	3923	3695.29	2621.58	31.9269
NM_001042399.2	3633	3405.29	5.53796	0.0731876
NM_001042400.3	5293	5065.29	0	0
NM_001042402.2	1732	1504.29	21.4234	0.64091
NM_001042403.3	3835	3607.29	0	0
NM_001042404.2	6765	6537.29	2865.95	19.7293
NM_001042405.2	6687	6459.29	10.3271	0.0719509
NM_001042406.2	2449	2221.29	0	0
NM_001042410.2	2598	2370.29	124.425	2.36237
NM_001042412.3	8553	8325.29	371.801	2.0098
NM_001042413.2	7684	7456.29	1240.79	7.48887
NM_001042414.4	2310	2082.29	0	0
NM_001042415.3	2733	2505.29	20.5043	0.368323
NM_001042416.3	2803	2575.29	41.5748	0.726516
NM_001042417.2	2669	2441.29	0	0
NM_001042422.3	2629	2401.29	103.401	1.93786
NM_001042423.3	2662	2434.29	0	0
NM_001042424.3	7560	7332.29	9750.75	59.8468
NM_001042425.3	3251	3023.29	0	0
NM_001042426.2	1311	1083.29	186.822	7.76112
NM_001042427.3	3259	3031.29	0	0
NM_001042428.2	1968	1740.29	119.839	3.09898
NM_001042430.3	3408	3180.29	7.60736	0.107649
NM_001042432.2	1685	1457.29	492.539	15.2102
NM_001042437.2	4265	4037.29	0	0
NM_001042439.2	1087	859.293	0	0
NM_001042440.5	4367	4139.29	246.826	2.68353
NM_001042441.3	4433	4205.29	351.746	3.76422
NM_001042442.3	4424	4196.29	3332.72	35.7417
NM_001042443.3	4343	4115.29	688.314	7.52711
NM_001042444.3	4220	3992.29	184.028	2.07446
NM_001042445.3	4238	4010.29	0	0
NM_001042446.3	4181	3953.29	0	0
NM_001042450.4	3966	3738.29	0	0
NM_001042452.2	2878	2650.29	21.0337	0.357161
NM_001042453.2	3020	2792.29	70.5299	1.13672
NM_001042454.3	1805	1577.29	3742.93	106.793
NM_001042459.3	4412	4184.29	3.06945	0.0330127
NM_001042461.3	5656	5428.29	152.419	1.26363
NM_001042462.2	5508	5280.29	829.104	7.06632
NM_001042463.3	1423	1195.29	151.061	5.6875
NM_001042465.3	2757	2529.29	10301.9	183.299
NM_001042466.3	2754	2526.29	2179.5	38.8253
NM_001042467.3	3660	3432.29	257.163	3.37183
NM_001042468.3	1999	1771.29	135.498	3.44259
NM_001042469.3	1945	1717.29	128.181	3.35909
NM_001042470.3	1738	1510.29	32.1054	0.956662
NM_001042471.2	1545	1317.29	0	0
NM_001042472.3	1960	1732.29	2129.81	55.3302
NM_001042473.4	3832	3604.29	127.018	1.58595
NM_001042474.2	2168	1940.29	36.7973	0.853475
NM_001042475.3	7373	7145.29	477.899	3.00994
NM_001042476.2	3043	2815.29	682.784	10.9145
NM_001042478.2	2507	2279.29	59.6177	1.17711
NM_001042479.2	3147	2919.29	94.2317	1.45265
NM_001042480.2	3065	2837.29	68.9653	1.09388
NM_001042481.3	5045	4817.29	0	0
NM_001042482.2	2292	2064.29	15.9593	0.347923
NM_001042483.2	5345	5117.29	47.5597	0.418255
NM_001042486.4	2976	2748.29	1328.93	21.7611
NM_001042490.6	1832	1604.29	238.975	6.70365
NM_001042492.3	12373	12145.3	2492	9.23385
NM_001042493.3	2438	2210.29	0	0
NM_001042494.2	7921	7693.29	599.208	3.50516
NM_001042495.2	7568	7340.29	38.4866	0.23596
NM_001042496.2	7987	7759.29	2.12051	0.0122987
NM_001042497.2	7841	7613.29	51.2086	0.3027
NM_001042498.3	2736	2508.29	263.565	4.72881
NM_001042500.2	494	274.359	0	0
NM_001042506.2	3168	2940.29	0	0
NM_001042507.4	499	279.049	1	0.161273
NM_001042510.2	2787	2559.29	58.3898	1.02674
NM_001042512.3	1889	1661.29	0	0
NM_001042517.2	4745	4517.29	4878.18	48.5984
NM_001042518.2	1405	1177.29	8.39714	0.320988
NM_001042519.2	4035	3807.29	3945.98	46.6424
NM_001042520.2	3991	3763.29	4.86696	0.0582012
NM_001042521.2	3986	3758.29	0	0
NM_001042522.3	5187	4959.29	0	0
NM_001042529.3	2087	1859.29	239.778	5.80367
NM_001042532.4	2219	1991.29	29.1429	0.658627
NM_001042533.3	5321	5093.29	26.5251	0.234369
NM_001042535.4	2309	2081.29	675.439	14.6048
NM_001042536.3	2893	2665.29	0	0
NM_001042537.2	4719	4491.29	1000.1	10.0211
NM_001042539.3	2765	2537.29	3034.33	53.8189
NM_001042540.2	1942	1714.29	165.194	4.33661
NM_001042543.3	8652	8424.29	0	0
NM_001042544.1	5163	4935.29	171.025	1.55951
NM_001042545.2	4961	4733.29	796.975	7.57746
NM_001042546.2	1645	1417.29	262.692	8.3412
NM_001042548.2	2074	1846.29	140.276	3.41921
NM_001042549.2	13200	12972.3	189.234	0.656484
NM_001042550.2	5971	5743.29	2052.92	16.0862
NM_001042551.2	5937	5709.29	300.479	2.3685
NM_001042552.3	2527	2299.29	166.296	3.25483
NM_001042553.3	2524	2296.29	79.303	1.55419
NM_001042555.3	6829	6601.29	0	0
NM_001042559.3	3680	3452.29	7505.7	97.8421
NM_001042572.3	2232	2004.29	76.0453	1.70747
NM_001042573.3	4603	4375.29	24.8051	0.255139
NM_001042574.3	5211	4983.29	669.127	6.04274
NM_001042575.2	2509	2281.29	2	0.039454
NM_001042576.2	3750	3522.29	0	0
NM_001042581.2	2051	1823.29	17.1299	0.422805
NM_001042583.3	1883	1655.29	0	0
NM_001042584.3	1815	1587.29	0	0
NM_001042585.3	1718	1490.29	0	0
NM_001042586.3	1316	1088.29	0	0
NM_001042587.3	1248	1020.29	0	0
NM_001042588.2	1427	1199.29	59.4324	2.23018
NM_001042589.3	14113	13885.3	0	0
NM_001042590.4	14670	14442.3	6.3807e-08	1.98826e-10
NM_001042594.2	3793	3565.29	90.3717	1.14072
NM_001042595.3	972	744.293	33.0269	1.99695
NM_001042599.1	11893	11665.3	1	0.00385786
NM_001042600.3	2631	2403.29	11	0.205981
NM_001042601.3	4754	4526.29	998.754	9.9302
NM_001042603.3	10701	10473.3	2445	10.506
NM_001042610.3	2056	1828.29	76.8672	1.89207
NM_001042616.3	1311	1083.29	1328.49	55.1893
NM_001042618.2	1827	1599.29	1504.84	42.3451
NM_001042625.2	966	738.293	0	0
NM_001042631.3	1125	897.293	314	15.7484
NM_001042632.3	3199	2971.29	674.172	10.211
NM_001042633.3	3217	2989.29	286.153	4.30796
NM_001042635.2	1108	880.293	840.879	42.9881
NM_001042646.3	5128	4900.29	0	0
NM_001042663.3	3719	3491.29	1440.71	18.5709
NM_001042664.2	3685	3457.29	405.652	5.28032
NM_001042665.2	3665	3437.29	0	0
NM_001042669.2	4091	3863.29	810.021	9.43585
NM_001042678.2	1329	1101.29	3138.35	128.245
NM_001042679.2	1173	945.293	580.255	27.6245
NM_001042681.2	8009	7781.29	1430.32	8.27224
NM_001042682.2	6453	6225.29	2203.89	15.9321
NM_001042683.3	7596	7368.29	0.000428387	2.61644e-06
NM_001042685.3	1715	1487.29	0	0
NM_001042690.2	1549	1321.29	2.66922	0.0909134
NM_001042692.3	4351	4123.29	0	0
NM_001042693.3	924	696.293	0	0
NM_001042697.2	2020	1792.29	94.9688	2.38459
NM_001042698.2	1890	1662.29	0	0
NM_001042702.5	2301	2073.29	3.73907	0.0811606
NM_001042704.2	2488	2260.29	0	0
NM_001042705.3	1498	1270.29	4.13923	0.146642
NM_001042706.3	1469	1241.29	1.39209	0.0504704
NM_001042717.3	7252	7024.29	16.5451	0.106
NM_001042723.2	15385	15157.3	0.00289136	8.58467e-06
NM_001042724.2	2690	2462.29	754.725	13.794
NM_001042728.3	2701	2473.29	2101.12	38.2311
NM_001042729.2	2654	2426.29	0.000130161	2.41424e-06
NM_001042734.4	4978	4750.29	1378.66	13.061
NM_001042747.2	2722	2494.29	0	0
NM_001042749.2	6342	6114.29	14.9838	0.110285
NM_001042750.2	6179	5951.29	110.015	0.831919
NM_001042751.2	6068	5840.29	406.727	3.13408
NM_001042762.5	3492	3264.29	19.3732	0.267088
NM_001042771.3	2090	1862.29	2.70447	0.0653547
NM_001042780.3	1041	813.293	0	0
NM_001042781.3	1059	831.293	0	0
NM_001042782.3	1041	813.293	0	0
NM_001042784.1	3626	3398.29	0.00822075	0.000108866
NM_001043.3	3551	3323.29	0	0
NM_001043229.2	2034	1806.29	22.7339	0.566407
NM_001043318.3	7671	7443.29	32.4385	0.196127
NM_001043351.2	3177	2949.29	130.886	1.99719
NM_001043352.2	4504	4276.29	63.7928	0.671346
NM_001043353.2	4504	4276.29	0	0
NM_001044.5	3942	3714.29	1	0.0121162
NM_001044264.3	677	450.406	0	0
NM_001044305.3	3214	2986.29	23.3779	0.352302
NM_001044369.3	3035	2807.29	0	0
NM_001044370.2	3436	3208.29	0	0
NM_001044385.3	5399	5171.29	1018.68	8.86505
NM_001044387.2	5747	5519.29	34.9885	0.285289
NM_001044388.2	5738	5510.29	0	0
NM_001044390.3	989	761.293	8.10236	0.478963
NM_001044391.3	830	602.427	0	0
NM_001044392.3	857	629.427	0	0
NM_001044393.3	957	729.293	0	0
NM_001044723.2	4275	4047.29	0	0
NM_001045.6	6335	6107.29	10.9854	0.0809483
NM_001045476.3	1265	1037.29	0	0
NM_001045477.4	5036	4808.29	19.722	0.184588
NM_001045556.3	2995	2767.29	0	0
NM_001045557.3	2717	2489.29	0	0
NM_001046.3	6874	6646.29	1724.91	11.6796
NM_001047.4	7035	6807.29	1107.52	7.32181
NM_001047160.3	3989	3761.29	913.283	10.9272
NM_001047434.3	3944	3716.29	1065.65	12.9047
NM_001048.4	607	381.611	13	1.53308
NM_001048164.3	2215	1987.29	0	0
NM_001048166.1	5019	4791.29	413.573	3.88456
NM_001048171.2	1858	1630.29	0.000634679	1.75199e-05
NM_001048172.2	1784	1556.29	26.567	0.768233
NM_001048173.2	1781	1553.29	0.000129581	3.75432e-06
NM_001048174.2	1708	1480.29	29.2136	0.888135
NM_001048181.3	1261	1033.29	0	0
NM_001048183.3	6048	5820.29	530.826	4.1044
NM_001048194.4	2433	2205.29	233.917	4.77351
NM_001048195.4	2391	2163.29	711.434	14.8
NM_001048199.3	2408	2180.29	301.232	6.21769
NM_001048200.3	7551	7323.29	1870.59	11.4951
NM_001048201.3	3898	3670.29	4637.56	56.8631
NM_001048205.2	2276	2048.29	20.2801	0.445575
NM_001048209.2	2903	2675.29	0	0
NM_001048210.3	4823	4595.29	200.673	1.96525
NM_001048212.3	1374	1146.29	0	0
NM_001048218.2	2585	2357.29	1011.04	19.3017
NM_001048221.3	1120	892.293	158.024	7.97
NM_001048222.3	1218	990.293	9.91445e-05	4.50554e-06
NM_001048223.3	1119	891.293	269.639	13.6146
NM_001048224.3	1217	989.293	18.6679	0.849208
NM_001048225.4	1132	904.293	9.43369	0.469477
NM_001048226.4	1230	1002.29	0.490259	0.0220127
NM_001048230.2	2746	2518.29	2.64316	0.0472345
NM_001048241.3	407	197.751	1838	418.28
NM_001048249.4	2888	2660.29	3106	52.5429
NM_001048252.3	1622	1394.29	0	0
NM_001048265.2	675	448.496	97.6421	9.79762
NM_001049.3	4390	4162.29	331.157	3.5805
NM_001050.3	7685	7457.29	13.5321	0.0816632
NM_001051.5	4256	4028.29	0	0
NM_001052.4	3926	3698.29	0	0
NM_001053.4	2629	2401.29	0	0
NM_001054.4	1031	803.293	0	0
NM_001055.4	1569	1341.29	0	0
NM_001056.4	2539	2311.29	0	0
NM_001057.3	2715	2487.29	17	0.307584
NM_001058.4	4779	4551.29	1.49419	0.0147745
NM_001059.3	5359	5131.29	0	0
NM_001060.6	2642	2414.29	177.141	3.30196
NM_001061.7	1923	1695.29	0	0
NM_001062.4	1486	1258.29	0	0
NM_001063.4	20166	19938.3	0.000560281	1.26462e-06
NM_001064.4	2996	2768.29	1996.33	32.4536
NM_001065.4	2171	1943.29	6718.28	155.583
NM_001066.3	3687	3459.29	598.984	7.79238
NM_001067.4	5695	5467.29	37566.5	309.222
NM_001068.3	5360	5132.29	2733.73	23.971
NM_001069.3	1616	1388.29	2827.89	91.6693
NM_001070.5	1608	1380.29	3843.68	125.319
NM_001071.4	1613	1385.29	5699.83	185.166
NM_001071775.3	2231	2003.29	3661	82.2427
NM_001072.4	2455	2227.29	0	0
NM_001073.3	2105	1877.29	0	0
NM_001074.4	1888	1660.29	0	0
NM_001075.6	2757	2529.29	0	0
NM_001075098.4	4158	3930.29	262.679	3.00776
NM_001075099.2	1553	1325.29	0	0
NM_001076.4	2134	1906.29	0	0
NM_001076552.3	2924	2696.29	0	0
NM_001076674.3	2202	1974.29	13.3139	0.303485
NM_001076675.3	6063	5835.29	146.496	1.12981
NM_001076677.3	1132	904.293	25.6753	1.27776
NM_001076678.3	5023	4795.29	43.8687	0.411701
NM_001076680.3	1419	1191.29	19.998	0.755457
NM_001076682.4	4751	4523.29	0	0
NM_001076683.2	4596	4368.29	2609.08	26.8793
NM_001076684.3	4684	4456.29	126.054	1.27299
NM_001076778.3	2994	2766.29	2.00121	0.0325564
NM_001076780.3	3442	3214.29	0	0
NM_001076781.3	4042	3814.29	0	0
NM_001076785.3	6342	6114.29	872.26	6.4201
NM_001076786.3	9706	9478.29	4218.92	20.0315
NM_001076788.2	7730	7502.29	594.682	3.56725
NM_001077.4	2481	2253.29	0	0
NM_001077180.3	3150	2922.29	2213.12	34.0819
NM_001077181.3	5041	4813.29	132.118	1.23527
NM_001077182.3	1756	1528.29	0	0
NM_001077183.3	6214	5986.29	827.225	6.21882
NM_001077186.2	6815	6587.29	0.00666503	4.55342e-05
NM_001077188.2	4537	4309.29	0	0
NM_001077191.2	2005	1777.29	0	0
NM_001077194.2	1497	1269.29	0	0
NM_001077195.2	4465	4237.29	193.972	2.06012
NM_001077196.2	7801	7573.29	0	0
NM_001077197.2	8314	8086.29	0	0
NM_001077198.3	3770	3542.29	3073.71	39.0499
NM_001077199.3	6699	6471.29	1789.82	12.4469
NM_001077203.3	4778	4550.29	120.67	1.19345
NM_001077206.4	3956	3728.29	87.542	1.05669
NM_001077207.4	4298	4070.29	1.7217e-05	1.9036e-07
NM_001077208.4	4253	4025.29	0	0
NM_001077238.2	3754	3526.29	524.373	6.69213
NM_001077239.2	3461	3233.29	0	0
NM_001077241.3	2206	1978.29	0	0
NM_001077242.2	1741	1513.29	505	15.0179
NM_001077243.3	5619	5391.29	0	0
NM_001077244.2	3346	3118.29	0	0
NM_001077261.4	8833	8605.29	8197.37	42.8698
NM_001077262.2	1300	1072.29	0	0
NM_001077263.3	3397	3169.29	0	0
NM_001077268.2	2775	2547.29	300.962	5.31711
NM_001077269.1	4664	4436.29	4547.47	46.1309
NM_001077349.1	3164	2936.29	0	0
NM_001077350.3	3128	2900.29	745.047	11.5607
NM_001077351.2	10007	9779.29	1098.42	5.0548
NM_001077352.2	9905	9677.29	0.0143477	6.67224e-05
NM_001077358.2	8024	7796.29	0.301467	0.00174018
NM_001077365.2	3057	2829.29	108.305	1.72271
NM_001077366.2	2905	2677.29	194.008	3.26111
NM_001077394.2	1786	1558.29	23.8989	0.690193
NM_001077395.2	1765	1537.29	67.4881	1.97566
NM_001077397.1	4629	4401.29	3125.83	31.9615
NM_001077399.3	631	405.178	544.897	60.5217
NM_001077401.2	4072	3844.29	0	0
NM_001077415.3	2196	1968.29	32.9119	0.752498
NM_001077416.2	3018	2790.29	173.576	2.79951
NM_001077418.3	4247	4019.29	56.0438	0.62751
NM_001077426.3	2069	1841.29	92.6957	2.26558
NM_001077427.4	3481	3253.29	99.4626	1.37587
NM_001077440.3	5674	5446.29	0	0
NM_001077441.3	5308	5080.29	347.697	3.08003
NM_001077442.2	3178	2950.29	1305.93	19.9204
NM_001077443.2	3139	2911.29	1608.34	24.8619
NM_001077445.3	4688	4460.29	264.682	2.67056
NM_001077446.4	2160	1932.29	812.601	18.9255
NM_001077447.3	1824	1596.29	159.362	4.49276
NM_001077469.3	1232	1004.29	0	0
NM_001077470.3	1114	886.293	0	0
NM_001077471.3	1254	1026.29	0	0
NM_001077472.3	1246	1018.29	0	0
NM_001077473.3	1104	876.293	3	0.154069
NM_001077474.3	1100	872.293	0	0
NM_001077475.3	960	732.293	0	0
NM_001077476.3	1092	864.293	0	0
NM_001077477.3	1077	849.293	0	0
NM_001077478.3	1229	1001.29	0	0
NM_001077479.3	1231	1003.29	0	0
NM_001077480.3	1383	1155.29	0	0
NM_001077481.3	1269	1041.29	0	0
NM_001077482.3	1398	1170.29	0	0
NM_001077484.2	7758	7530.29	1294.95	7.739
NM_001077488.5	1857	1629.29	1913.22	52.8455
NM_001077489.4	1806	1578.29	3111.91	88.7323
NM_001077490.3	4027	3799.29	13.1828	0.156152
NM_001077491.2	1378	1150.29	0	0
NM_001077492.2	1310	1082.29	0	0
NM_001077494.3	3125	2897.29	425.876	6.61506
NM_001077497.3	2368	2140.29	115.102	2.4202
NM_001077498.3	4128	3900.29	277.343	3.20009
NM_001077500.2	2934	2706.29	1.07382	0.0178565
NM_001077503.2	685	458.134	0	0
NM_001077504.2	658	431.717	0	0
NM_001077505.2	625	399.259	0	0
NM_001077506.2	718	490.852	0	0
NM_001077511.2	2997	2769.29	2395.83	38.9341
NM_001077516.2	2110	1882.29	3044.89	72.7993
NM_001077525.3	2452	2224.29	342.736	6.93441
NM_001077526.3	2296	2068.29	290.976	6.33122
NM_001077527.3	3564	3336.29	63.82	0.860864
NM_001077594.2	2637	2409.29	6.15691e-07	1.15005e-08
NM_001077619.2	4971	4743.29	203.122	1.92716
NM_001077620.3	1989	1761.29	0	0
NM_001077621.2	1618	1390.29	72	2.3306
NM_001077624.3	4255	4027.29	0.433431	0.00484339
NM_001077628.3	1730	1502.29	510.297	15.2866
NM_001077637.3	3677	3449.29	0	0
NM_001077639.2	2187	1959.29	0	0
NM_001077653.2	1824	1596.29	0	0
NM_001077654.3	7022	6794.29	179.874	1.19143
NM_001077657.3	1790	1562.29	6	0.172835
NM_001077663.3	3571	3343.29	1348.23	18.1481
NM_001077664.3	4131	3903.29	6.01049	0.069298
NM_001077665.3	2684	2456.29	80.3189	1.47157
NM_001077690.1	6137	5909.29	434.396	3.30821
NM_001077691.2	6455	6227.29	0	0
NM_001077692.2	6434	6206.29	85.3938	0.619208
NM_001077693.4	1031	803.293	16.8086	0.94167
NM_001077697.2	1161	933.293	0	0
NM_001077700.3	5456	5228.29	901.334	7.75833
NM_001077701.3	5394	5166.29	732.991	6.38501
NM_001077702.3	3720	3492.29	0.19009	0.00244958
NM_001077703.3	3646	3418.29	14.3227	0.188564
NM_001077704.3	3584	3356.29	9.43342	0.126489
NM_001077706.3	4507	4279.29	2.72596	0.0286674
NM_001077710.3	3880	3652.29	1	0.0123219
NM_001077711.1	682	455.179	0	0
NM_001078.4	3101	2873.29	0	0
NM_001078166.2	5543	5315.29	0	0
NM_001078170.3	6770	6542.29	166.47	1.14511
NM_001078171.2	1192	964.293	5485.99	256.029
NM_001078172.2	1204	976.293	737.052	33.9751
NM_001078173.2	2030	1802.29	1310.67	32.7273
NM_001078175.3	2190	1962.29	270.396	6.20124
NM_001078177.2	2507	2279.29	73.9801	1.46069
NM_001078645.3	2331	2103.29	1457.71	31.1898
NM_001078650.3	3506	3278.29	0	0
NM_001078651.3	3524	3296.29	89.9955	1.22868
NM_001079.4	2421	2193.29	0	0
NM_001079512.4	3370	3142.29	0	0
NM_001079514.3	6443	6215.29	1094.26	7.92318
NM_001079515.3	5422	5194.29	89.1174	0.772108
NM_001079516.4	5090	4862.29	0	0
NM_001079518.2	3463	3235.29	712.452	9.91024
NM_001079519.1	3276	3048.29	46.135	0.681108
NM_001079520.2	3828	3600.29	762.542	9.53165
NM_001079521.2	4728	4500.29	1828.87	18.2888
NM_001079522.2	4699	4471.29	0	0
NM_001079524.2	6371	6143.29	0	0
NM_001079525.2	6392	6164.29	0	0
NM_001079526.2	9484	9256.29	10.3268	0.050208
NM_001079528.4	732	504.753	0	0
NM_001079530.2	1643	1415.29	0	0
NM_001079533.2	3035	2807.29	4.34028	0.069578
NM_001079534.2	3020	2792.29	6.97939	0.112486
NM_001079535.2	3121	2893.29	61.7548	0.960552
NM_001079536.2	1306	1078.29	0	0
NM_001079537.2	3251	3023.29	1253.57	18.66
NM_001079539.2	1791	1563.29	413.885	11.9147
NM_001079559.3	5214	4986.29	9713.85	87.6709
NM_001079653.2	3113	2885.29	0	0
NM_001079668.3	2190	1962.29	0	0
NM_001079669.4	3701	3473.29	19.2883	0.249917
NM_001079670.3	3502	3274.29	525.187	7.21836
NM_001079673.2	6286	6058.29	1779.36	13.2177
NM_001079675.5	2335	2107.29	322.43	6.88577
NM_001079684.3	2699	2471.29	288.895	5.26088
NM_001079685.3	2678	2450.29	41.268	0.757945
NM_001079691.2	2991	2763.29	8.38743	0.136598
NM_001079692.3	2857	2629.29	0	0
NM_001079802.2	7455	7227.29	326.022	2.03008
NM_001079803.3	3566	3338.29	452.174	6.09569
NM_001079804.3	3486	3258.29	688.359	9.50752
NM_001079807.4	1613	1385.29	0	0
NM_001079808.6	1384	1156.29	0.255666	0.00995054
NM_001079810.4	3303	3075.29	0	0
NM_001079811.3	2491	2263.29	345.287	6.86565
NM_001079812.3	5708	5480.29	134.88	1.10761
NM_001079815.2	2649	2421.29	0	0
NM_001079817.3	9427	9199.29	259.847	1.27118
NM_001079818.3	5686	5458.29	2864.86	23.6205
NM_001079821.3	3545	3317.29	0	0
NM_001079823.2	9684	9456.29	81.1474	0.386185
NM_001079827.2	823	595.427	0	0
NM_001079839.3	2205	1977.29	869.237	19.7838
NM_001079840.3	1805	1577.29	34.6749	0.989339
NM_001079841.3	1850	1622.29	10.0684	0.279301
NM_001079842.3	2052	1824.29	1.17917	0.0290886
NM_001079843.3	7934	7706.29	15.9048	0.0928808
NM_001079846.1	10083	9855.29	1225.17	5.59462
NM_001079855.2	3192	2964.29	237.688	3.60851
NM_001079858.3	4684	4456.29	0	0
NM_001079859.3	4642	4414.29	0	0
NM_001079860.3	4618	4390.29	2.27608e-06	2.33311e-08
NM_001079862.4	564	339.768	2077.77	275.205
NM_001079863.3	698	470.947	2.01113	0.192181
NM_001079864.3	3297	3069.29	3930.03	57.6236
NM_001079866.2	1427	1199.29	256.482	9.6244
NM_001079867.2	4137	3909.29	50.6395	0.582953
NM_001079870.1	3893	3665.29	0	0
NM_001079871.1	3869	3641.29	0	0
NM_001079872.2	5915	5687.29	2717.68	21.5048
NM_001079874.2	3102	2874.29	0	0
NM_001079877.2	5468	5240.29	632.113	5.42852
NM_001079878.2	3493	3265.29	0	0
NM_001079880.2	3309	3081.29	278.932	4.07388
NM_001079881.2	3173	2945.29	56.9841	0.870698
NM_001079882.2	2923	2695.29	117.735	1.9658
NM_001079900.2	633	407.137	0	0
NM_001079906.2	4065	3837.29	38.5439	0.452035
NM_001079907.1	4171	3943.29	0	0
NM_001079910.2	5414	5186.29	0	0
NM_001079911.3	2657	2429.29	0	0
NM_001079935.2	1696	1468.29	0	0
NM_001080.3	5131	4903.29	0	0
NM_001080114.2	5033	4805.29	0	0
NM_001080115.2	1752	1524.29	0	0
NM_001080116.1	1659	1431.29	1	0.0314423
NM_001080121.3	2430	2202.29	39.6321	0.809868
NM_001080122.3	2426	2198.29	40.2061	0.823092
NM_001080123.3	2659	2431.29	28.8171	0.533402
NM_001080124.2	2725	2497.29	0	0
NM_001080125.2	2929	2701.29	92.8069	1.54615
NM_001080137.2	1298	1070.29	0	0
NM_001080138.2	1298	1070.29	0	0
NM_001080139.2	1298	1070.29	0	0
NM_001080140.1	1294	1066.29	0	0
NM_001080141.2	1298	1070.29	0	0
NM_001080142.2	1298	1070.29	0	0
NM_001080143.2	1298	1070.29	0	0
NM_001080144.2	1298	1070.29	0	0
NM_001080145.2	1298	1070.29	0	0
NM_001080146.3	1260	1032.29	0	0
NM_001080156.3	1993	1765.29	0	0
NM_001080157.2	2539	2311.29	0	0
NM_001080209.3	10857	10629.3	20.2484	0.085729
NM_001080378.2	1511	1283.29	0	0
NM_001080379.2	1549	1321.29	0	0
NM_001080383.2	7663	7435.29	451.022	2.72987
NM_001080391.2	5414	5186.29	1471.83	12.7715
NM_001080392.2	7309	7081.29	277	1.76039
NM_001080393.2	3276	3048.29	616.902	9.10755
NM_001080394.4	3625	3397.29	356.368	4.72071
NM_001080395.3	5461	5233.29	0	0
NM_001080396.3	9264	9036.29	198.347	0.987817
NM_001080397.3	2496	2268.29	14	0.277761
NM_001080399.3	1788	1560.29	0	0
NM_001080401.2	1751	1523.29	17.2516	0.509668
NM_001080404.3	1756	1528.29	0	0
NM_001080406.2	1022	794.293	1	0.056658
NM_001080407.3	2946	2718.29	0	0
NM_001080408.3	3757	3529.29	10.2331	0.130485
NM_001080409.3	7861	7633.29	44.2903	0.261119
NM_001080410.4	7929	7701.29	23.9882	0.140177
NM_001080411.3	2292	2064.29	18.3693	0.400464
NM_001080412.3	8413	8185.29	0	0
NM_001080413.3	2076	1848.29	0	0
NM_001080414.4	7519	7291.29	7	0.0432052
NM_001080415.2	7424	7196.29	2423.74	15.1572
NM_001080416.4	5161	4933.29	907.826	8.28148
NM_001080417.3	6083	5855.29	1078.99	8.29301
NM_001080418.3	3921	3693.29	3	0.0365552
NM_001080419.3	3890	3662.29	547.685	6.73007
NM_001080421.3	9985	9757.29	6.43217e-05	2.96668e-07
NM_001080423.4	7724	7496.29	0	0
NM_001080424.2	6731	6503.29	261.718	1.8111
NM_001080425.4	1312	1084.29	156	6.47471
NM_001080426.3	4170	3942.29	0	0
NM_001080428.3	9080	8852.29	29.5955	0.150457
NM_001080429.3	4218	3990.29	0	0
NM_001080430.4	4959	4731.29	0	0
NM_001080431.3	6973	6745.29	0	0
NM_001080432.3	11573	11345.3	40.7219	0.161531
NM_001080433.2	4114	3886.29	0	0
NM_001080434.2	4945	4717.29	5	0.0477001
NM_001080435.3	5101	4873.29	220.083	2.03239
NM_001080436.2	13545	13317.3	797.154	2.69382
NM_001080437.3	8394	8166.29	524.094	2.88819
NM_001080438.1	1023	795.293	1	0.0565868
NM_001080439.3	4118	3890.29	0.999377	0.0115608
NM_001080440.1	1434	1206.29	0	0
NM_001080441.4	668	441.629	0	0
NM_001080442.3	1672	1444.29	0	0
NM_001080444.2	2275	2047.29	4.83083	0.10619
NM_001080446.3	358	158.891	1	0.283233
NM_001080448.3	16254	16026.3	0	0
NM_001080449.3	4267	4039.29	532.824	5.93636
NM_001080450.3	6659	6431.29	9.42604e-08	6.59589e-10
NM_001080451.2	1486	1258.29	0	0
NM_001080452.2	2034	1806.29	999.287	24.8968
NM_001080453.3	6981	6753.29	6173.04	41.1364
NM_001080454.2	2349	2121.29	0	0
NM_001080456.5	1806	1578.29	2.96098e-07	8.44288e-09
NM_001080457.2	3348	3120.29	0	0
NM_001080458.2	4252	4024.29	0	0
NM_001080460.3	2033	1805.29	0	0
NM_001080461.3	2091	1863.29	0	0
NM_001080462.3	1318	1090.29	0	0
NM_001080463.2	13704	13476.3	0	0
NM_001080464.3	4831	4603.29	0	0
NM_001080465.3	617	391.417	0	0
NM_001080466.2	1727	1499.29	0	0
NM_001080467.3	9583	9355.29	8	0.0384835
NM_001080468.4	576	351.35	0	0
NM_001080469.2	2993	2765.29	265.831	4.3262
NM_001080470.2	5579	5351.29	10.1057	0.0849868
NM_001080471.3	4874	4646.29	322.874	3.1273
NM_001080472.4	4628	4400.29	1076.91	11.0138
NM_001080474.3	3052	2824.29	0	0
NM_001080475.3	9774	9546.29	447.351	2.1089
NM_001080476.3	1545	1317.29	0	0
NM_001080477.4	10923	10695.3	520.673	2.19086
NM_001080478.3	2570	2342.29	0	0
NM_001080479.3	6311	6083.29	0	0
NM_001080480.3	4325	4097.29	154.465	1.69659
NM_001080481.3	6416	6188.29	0	0
NM_001080482.5	4642	4414.29	245	2.49774
NM_001080483.3	831	603.427	0	0
NM_001080485.4	6322	6094.29	0	0
NM_001080487.4	1314	1086.29	0	0
NM_001080488.2	7185	6957.29	4.01095	0.0259448
NM_001080489.3	740	512.753	0	0
NM_001080491.5	4664	4436.29	0	0
NM_001080492.2	1788	1560.29	0	0
NM_001080493.4	2396	2168.29	191.505	3.9747
NM_001080494.3	2743	2515.29	0	0
NM_001080495.3	10839	10611.3	5762.08	24.4373
NM_001080496.3	7028	6800.29	1999.71	13.2337
NM_001080497.3	6300	6072.29	1524.45	11.298
NM_001080500.4	4638	4410.29	0	0
NM_001080501.3	1273	1045.29	395.84	17.0421
NM_001080503.3	1049	821.293	13.3118	0.729427
NM_001080504.3	4246	4018.29	0.0250918	0.000281017
NM_001080505.3	2322	2094.29	322	6.91928
NM_001080506.3	3178	2950.29	24	0.36609
NM_001080507.3	784	556.487	0	0
NM_001080508.3	6430	6202.29	1906	13.8297
NM_001080509.3	5559	5331.29	0	0
NM_001080510.5	1128	900.293	85.8831	4.29305
NM_001080511.4	1531	1303.29	4	0.138121
NM_001080512.3	5741	5513.29	3236.05	26.4147
NM_001080513.4	3025	2797.29	20.7038	0.333085
NM_001080514.3	1106	878.293	107	5.4826
NM_001080515.3	2778	2550.29	0	0
NM_001080516.2	2005	1777.29	0	0
NM_001080517.3	6931	6703.29	437.286	2.93575
NM_001080518.2	1303	1075.29	0	0
NM_001080521.3	2804	2576.29	2	0.0349363
NM_001080522.2	5257	5029.29	112.646	1.00798
NM_001080523.3	1667	1439.29	0	0
NM_001080524.2	972	744.293	0	0
NM_001080525.3	812	584.487	0	0
NM_001080526.2	585	360.171	0	0
NM_001080527.2	6832	6604.29	8.43312	0.0574651
NM_001080528.3	704	476.947	0	0
NM_001080529.3	4225	3997.29	2	0.0225168
NM_001080531.3	904	676.361	0	0
NM_001080532.3	4770	4542.29	23.2706	0.230555
NM_001080533.3	4381	4153.29	2170	23.5131
NM_001080534.3	8880	8652.29	0	0
NM_001080537.2	1574	1346.29	1.00268	0.0335171
NM_001080538.3	1641	1413.29	0	0
NM_001080539.2	3597	3369.29	0	0
NM_001080541.3	11419	11191.3	3.26771	0.0131403
NM_001080543.2	3583	3355.29	1317.49	17.6709
NM_001080545.3	1049	821.293	0	0
NM_001080546.3	3936	3708.29	36.6147	0.444348
NM_001080547.2	1377	1149.29	0	0
NM_001080551.3	5065	4837.29	0	0
NM_001080554.4	2737	2509.29	0.396363	0.0071086
NM_001080555.4	2613	2385.29	0	0
NM_001080556.2	1962	1734.29	0	0
NM_001080744.2	5727	5499.29	0.000953217	7.80058e-06
NM_001080745.2	5685	5457.29	34.999	0.288617
NM_001080770.2	1477	1249.29	0	0
NM_001080772.2	1581	1353.29	0	0
NM_001080779.2	4931	4703.29	118.692	1.13569
NM_001080790.1	1814	1586.29	0	0
NM_001080791.4	1719	1491.29	0	0
NM_001080792.4	1509	1281.29	319.886	11.2354
NM_001080821.3	2583	2355.29	70.1117	1.33964
NM_001080824.3	1667	1439.29	24.7032	0.772406
NM_001080825.2	7510	7282.29	669.579	4.13786
NM_001080826.3	4845	4617.29	451.965	4.40514
NM_001080830.5	2889	2661.29	0	0
NM_001080836.3	682	455.179	0	0
NM_001080837.4	1383	1155.29	2.03168	0.0791418
NM_001080843.4	1108	880.293	500.235	25.5734
NM_001080849.3	3096	2868.29	510.698	8.01277
NM_001080850.4	6318	6090.29	0	0
NM_001080851.2	1160	932.293	0	0
NM_001080855.3	3744	3516.29	19.4312	0.248689
NM_001080950.2	4724	4496.29	6602.08	66.0797
NM_001080951.3	3280	3052.29	11.6172	0.171285
NM_001080952.3	3275	3047.29	208.617	3.0809
NM_001080953.3	3229	3001.29	246.089	3.68999
NM_001080954.3	3228	3000.29	28.5014	0.427508
NM_001080955.3	2729	2501.29	0	0
NM_001080956.3	2767	2539.29	97.2535	1.72359
NM_001080975.2	7975	7747.29	0	0
NM_001080976.3	10621	10393.3	0	0
NM_001080978.4	2863	2635.29	0	0
NM_001080997.3	1079	851.293	0	0
NM_001080998.2	2094	1866.29	0	0
NM_001081.4	11927	11699.3	109.468	0.421084
NM_001081003.3	1405	1177.29	124.361	4.75381
NM_001081004.3	1276	1048.29	250.348	10.7474
NM_001081442.3	3221	2993.29	0	0
NM_001081443.3	2921	2693.29	3.00029	0.0501328
NM_001081450.3	2745	2517.29	0	0
NM_001081455.2	2459	2231.29	0	0
NM_001081461.2	5226	4998.29	272.745	2.45571
NM_001081491.2	4091	3863.29	1267.64	14.7666
NM_001081492.2	3908	3680.29	41.6004	0.508695
NM_001081550.2	5600	5372.29	1106	9.26481
NM_001081551.4	329	137.452	0	0
NM_001081552.3	628	402.259	0	0
NM_001081559.3	1748	1520.29	519.647	15.3824
NM_001081560.3	2784	2556.29	0	0
NM_001081562.3	2780	2552.29	0	0
NM_001081563.3	5122	4894.29	761.52	7.00218
NM_001081573.3	4745	4517.29	2.83862e-05	2.82795e-07
NM_001081637.3	3301	3073.29	0	0
NM_001081638.4	2832	2604.29	0	0
NM_001081639.4	2832	2604.29	0	0
NM_001081640.2	13366	13138.3	706.57	2.42024
NM_001081675.3	3260	3032.29	2.00324	0.0297307
NM_001081676.2	8955	8727.29	0	0
NM_001081677.2	8955	8727.29	0	0
NM_001081686.2	2914	2686.29	0	0
NM_001081752.3	3256	3028.29	879.195	13.0656
NM_001081753.3	3301	3073.29	375.66	5.5009
NM_001081754.3	3358	3130.29	300.151	4.31517
NM_001081755.3	3340	3112.29	3281.29	47.4467
NM_001081955.3	2483	2255.29	0	0
NM_001081976.3	1150	922.293	0	0
NM_001082.5	2361	2133.29	0	0
NM_001082480.2	4087	3859.29	177.001	2.06401
NM_001082486.2	1511	1283.29	615.434	21.5823
NM_001082533.1	3386	3158.29	0	0
NM_001082534.2	2934	2706.29	1	0.0166291
NM_001082537.3	2207	1979.29	239.031	5.43484
NM_001082538.3	2222	1994.29	0	0
NM_001082575.3	2962	2734.29	0	0
NM_001082576.3	6846	6618.29	2369.6	16.1128
NM_001082577.3	6818	6590.29	743.007	5.07376
NM_001082578.4	7224	6996.29	1.32027e-05	8.4925e-08
NM_001082579.3	7221	6993.29	338.439	2.17792
NM_001082618.2	1081	853.293	0	0
NM_001082619.2	1081	853.293	0	0
NM_001082959.2	3276	3048.29	44.4066	0.655591
NM_001082967.3	2524	2296.29	321.731	6.30533
NM_001082968.2	5735	5507.29	1901.69	15.5397
NM_001082969.2	3128	2900.29	827.874	12.8459
NM_001082970.2	3683	3455.29	215.075	2.80123
NM_001082971.2	2012	1784.29	0	0
NM_001082972.3	2638	2410.29	0	0
NM_001082973.3	2492	2264.29	0	0
NM_001083.4	6959	6731.29	138.203	0.923977
NM_001083111.2	502	281.791	0	0
NM_001083112.3	5930	5702.29	344.365	2.71776
NM_001083113.2	1905	1677.29	63.9789	1.7166
NM_001083116.3	2500	2272.29	0	0
NM_001083124.1	4223	3995.29	0	0
NM_001083308.1	294	113.843	0	0
NM_001083314.4	2322	2094.29	438.726	9.42754
NM_001083330.4	2239	2011.29	0	0
NM_001083335.2	3709	3481.29	0	0
NM_001083535.3	13054	12826.3	359.617	1.26177
NM_001083536.2	3246	3018.29	7	0.104371
NM_001083537.4	2403	2175.29	0	0
NM_001083538.3	4451	4223.29	0	0
NM_001083539.3	1876	1648.29	0	0
NM_001083585.3	5810	5582.29	148.822	1.19977
NM_001083588.2	1961	1733.29	35.463	0.920757
NM_001083589.2	1595	1367.29	0	0
NM_001083590.2	2843	2615.29	490.785	8.44526
NM_001083591.1	8053	7825.29	327.144	1.8814
NM_001083592.2	2310	2082.29	91.262	1.97238
NM_001083600.3	2565	2337.29	455.67	8.77363
NM_001083601.3	2656	2428.29	177.103	3.28222
NM_001083602.3	8059	7831.29	0	0
NM_001083603.3	7905	7677.29	29.5924	0.173466
NM_001083604.3	7663	7435.29	0.331479	0.00200632
NM_001083605.3	7646	7418.29	7.64493	0.046378
NM_001083606.3	7755	7527.29	160.547	0.959853
NM_001083607.3	7819	7591.29	60.3603	0.357831
NM_001083608.2	3670	3442.29	0	0
NM_001083612.2	835	607.427	13.4815	0.99882
NM_001083613.2	946	718.293	326.14	20.4336
NM_001083614.2	5196	4968.29	335.04	3.03481
NM_001083615.4	6132	5904.29	0	0
NM_001083617.2	6627	6399.29	1257.66	8.84454
NM_001083619.3	5611	5383.29	0	0
NM_001083620.3	5315	5087.29	0	0
NM_001083621.2	8989	8761.29	0	0
NM_001083625.3	11215	10987.3	1396.71	5.72083
NM_001083885.3	2889	2661.29	14.9382	0.252608
NM_001083893.2	4195	3967.29	72.8638	0.826532
NM_001083899.2	2268	2040.29	0	0
NM_001083907.3	3198	2970.29	0	0
NM_001083908.2	2833	2605.29	97.0685	1.67673
NM_001083909.3	4264	4036.29	0	0
NM_001083910.4	4726	4498.29	2.59142	0.0259258
NM_001083913.2	4129	3901.29	2470.18	28.4946
NM_001083914.3	6948	6720.29	697.719	4.67234
NM_001083924.2	5315	5087.29	0	0
NM_001083926.2	2270	2042.29	0	0
NM_001083946.2	1890	1662.29	0	0
NM_001083947.2	5501	5273.29	0	0
NM_001083953.2	6375	6147.29	127.951	0.9367
NM_001083956.2	4623	4395.29	345.409	3.53661
NM_001083961.2	4727	4499.29	598.61	5.98745
NM_001083962.2	8041	7813.29	1339.79	7.71696
NM_001083963.1	2829	2601.29	0.00836795	0.000144768
NM_001083964.1	2719	2491.29	0	0
NM_001083965.2	2792	2564.29	27.7306	0.486668
NM_001084.5	2821	2593.29	9784	169.788
NM_001084392.3	565	340.768	1167.64	154.203
NM_001084393.2	1582	1354.29	97.9608	3.25523
NM_001085.5	1576	1348.29	21	0.700934
NM_001085049.3	4098	3870.29	3281.61	38.158
NM_001085347.3	1500	1272.29	173.914	6.15164
NM_001085354.3	3760	3532.29	636.225	8.10581
NM_001085357.2	2982	2754.29	0	0
NM_001085365.2	599	373.876	1240.64	149.334
NM_001085366.2	1152	924.293	79.965	3.89343
NM_001085367.1	1435	1207.29	34.8048	1.29738
NM_001085368.1	4690	4462.29	62.5894	0.631226
NM_001085372.3	1927	1699.29	469.09	12.4231
NM_001085375.2	4122	3894.29	12.9993	0.150222
NM_001085377.2	8295	8067.29	0	0
NM_001085382.2	4646	4418.29	0	0
NM_001085384.3	6907	6679.29	17.9744	0.121106
NM_001085399.2	1322	1094.29	0	0
NM_001085400.2	3617	3389.29	626.553	8.31938
NM_001085411.3	4011	3783.29	1421.23	16.9058
NM_001085420.2	1100	872.293	0	0
NM_001085423.2	1448	1220.29	21.1065	0.778385
NM_001085425.3	4189	3961.29	50.1502	0.569742
NM_001085426.3	4141	3913.29	155.861	1.79241
NM_001085427.3	4096	3868.29	0	0
NM_001085428.3	3904	3676.29	28.4443	0.348199
NM_001085429.2	4125	3897.29	6.99986	0.0808293
NM_001085430.4	2037	1809.29	125	3.10916
NM_001085437.3	2525	2297.29	0	0
NM_001085447.2	2153	1925.29	0	0
NM_001085451.2	1864	1636.29	116	3.19036
NM_001085452.4	4259	4031.29	0	0
NM_001085454.2	3810	3582.29	148.924	1.87088
NM_001085455.3	1642	1414.29	0	0
NM_001085457.2	1672	1444.29	0	0
NM_001085458.2	6670	6442.29	0	0
NM_001085459.2	6652	6424.29	5.13649	0.0359818
NM_001085460.2	6492	6264.29	2607.03	18.7291
NM_001085461.2	6565	6337.29	339.84	2.41331
NM_001085462.2	6373	6145.29	293.888	2.1522
NM_001085463.2	6189	5961.29	0	0
NM_001085464.2	6171	5943.29	15.5383	0.117657
NM_001085465.2	6108	5880.29	60.1405	0.460267
NM_001085466.2	6102	5874.29	0	0
NM_001085467.2	6157	5929.29	278.518	2.11394
NM_001085468.2	6084	5856.29	1345.14	10.3368
NM_001085469.2	6012	5784.29	461.926	3.59389
NM_001085471.2	7862	7634.29	2152.32	12.6876
NM_001085474.2	1162	934.293	0	0
NM_001085476.4	2247	2019.29	0	0
NM_001085479.3	1299	1071.29	0	0
NM_001085480.3	1032	804.293	131	7.32992
NM_001085481.3	818	590.487	11.0804	0.844474
NM_001085486.3	2085	1857.29	0	0
NM_001085487.3	7751	7523.29	1164.73	6.9672
NM_001085488.3	934	706.293	0	0
NM_001086.3	1563	1335.29	30	1.01108
NM_001086521.2	565	340.768	962.196	127.071
NM_001087.5	1760	1532.29	2789.18	81.9176
NM_001088.3	971	743.293	0	0
NM_001089.3	6602	6374.29	16	0.112961
NM_001089584.3	2028	1800.29	7	0.174983
NM_001089591.2	276	102.102	0	0
NM_001090.3	3291	3063.29	58.5924	0.860785
NM_001091.4	2609	2381.29	0	0
NM_001092.5	5064	4836.29	3139.74	29.2161
NM_001093.4	9368	9140.29	0	0
NM_001093725.2	6591	6363.29	268	1.89538
NM_001093726.3	2144	1916.29	0	0
NM_001093729.2	2855	2627.29	0	0
NM_001093730.1	2051	1823.29	0	0
NM_001093755.2	2913	2685.29	350.876	5.88036
NM_001093756.2	2892	2664.29	138.857	2.34546
NM_001093767.3	981	753.293	267.883	16.0038
NM_001093770.3	2216	1988.29	0	0
NM_001093771.3	3860	3632.29	17.8837	0.221573
NM_001093772.2	5135	4907.29	0	0
NM_001094.5	2653	2425.29	0	0
NM_001095.4	3886	3658.29	92.3361	1.13589
NM_001096.3	4293	4065.29	6815.57	75.4489
NM_001097.3	1430	1202.29	0	0
NM_001097577.3	748	520.701	3.88143	0.335464
NM_001097579.2	1926	1698.29	0	0
NM_001097589.2	900	672.361	0	0
NM_001097590.3	1127	899.293	110.774	5.54343
NM_001097594.3	482	263.537	0	0
NM_001097596.3	498	278.077	0	0
NM_001097599.2	1684	1456.29	123.524	3.8172
NM_001097600.2	1535	1307.29	278.915	9.60155
NM_001097604.3	464	246.768	0	0
NM_001097605.2	485	265.994	0	0
NM_001097610.3	435	221.33	0	0
NM_001097611.1	2392	2164.29	0	0
NM_001097612.2	2124	1896.29	1052.89	24.9872
NM_001097613.3	2170	1942.29	25.375	0.587941
NM_001097615.3	495	275.303	273.813	44.7595
NM_001097620.2	6051	5823.29	31.5693	0.243971
NM_001097622.2	696	468.994	0	0
NM_001097633.2	5448	5220.29	951.671	8.20416
NM_001097634.1	5984	5756.29	0	0
NM_001097635.2	5514	5286.29	68.2234	0.580797
NM_001097636.2	5607	5379.29	40.4921	0.338756
NM_001097638.3	3106	2878.29	7.60189	0.118858
NM_001097639.3	2217	1989.29	0	0
NM_001097640.3	2163	1935.29	0	0
NM_001097641.3	2024	1796.29	0	0
NM_001097642.3	1877	1649.29	0	0
NM_001097643.2	1687	1459.29	0	0
NM_001098.3	2734	2506.29	2834.85	50.9027
NM_001098169.2	944	716.293	0	0
NM_001098173.2	3393	3165.29	0	0
NM_001098175.2	12630	12402.3	30.5475	0.110845
NM_001098199.2	2179	1951.29	0	0
NM_001098200.2	1394	1166.29	0	0
NM_001098201.3	2613	2385.29	422.002	7.96187
NM_001098202.1	3071	2843.29	2214.78	35.0551
NM_001098204.2	2569	2341.29	4392.72	84.4345
NM_001098205.2	2644	2416.29	190.972	3.55682
NM_001098206.2	2575	2347.29	2883.34	55.2803
NM_001098207.2	2606	2378.29	804.976	15.2321
NM_001098208.2	2693	2465.29	874.65	15.9664
NM_001098209.2	3356	3128.29	2448.55	35.2244
NM_001098210.2	3197	2969.29	3253.62	49.3124
NM_001098211.2	4634	4406.29	107.049	1.09333
NM_001098212.2	4617	4389.29	445.927	4.57206
NM_001098213.2	4717	4489.29	163.151	1.63551
NM_001098268.2	4043	3815.29	71.548	0.843941
NM_001098270.2	4971	4743.29	3	0.0284632
NM_001098272.3	5350	5122.29	929.359	8.1651
NM_001098376.3	1865	1637.29	0	0
NM_001098398.2	5345	5117.29	731.928	6.4368
NM_001098402.2	7452	7224.29	290.171	1.80759
NM_001098403.2	6849	6621.29	64.1574	0.43606
NM_001098405.3	561	336.904	0	0
NM_001098406.4	561	336.904	0	0
NM_001098408.3	561	336.904	0	0
NM_001098409.4	561	336.904	0	0
NM_001098410.3	561	336.904	0	0
NM_001098412.4	561	336.904	0	0
NM_001098413.4	558	334.107	0	0
NM_001098414.3	8153	7925.29	111.506	0.633179
NM_001098416.4	4102	3874.29	2357.04	27.379
NM_001098418.3	560	336.006	0	0
NM_001098424.1	4968	4740.29	0.183491	0.00174202
NM_001098426.2	2464	2236.29	2147.84	43.2232
NM_001098475.2	2529	2301.29	0	0
NM_001098477.2	6224	5996.29	193.391	1.45143
NM_001098478.2	912	684.293	0	0
NM_001098479.2	1480	1252.29	2.03425	0.0731038
NM_001098482.2	6927	6699.29	44.1808	0.296788
NM_001098483.3	689	462.088	97.0877	9.45545
NM_001098484.3	7716	7488.29	956.825	5.75032
NM_001098486.2	2052	1824.29	0	0
NM_001098491.2	3745	3517.29	75.1794	0.961905
NM_001098492.2	3706	3478.29	0	0
NM_001098493.2	3703	3475.29	58.3137	0.755129
NM_001098494.2	3646	3418.29	4.56397e-07	6.00864e-09
NM_001098495.2	3607	3379.29	0	0
NM_001098496.2	3604	3376.29	0	0
NM_001098497.3	6701	6473.29	0	0
NM_001098498.3	6518	6290.29	2.00111	0.0143167
NM_001098500.3	6142	5914.29	0	0
NM_001098502.2	1433	1205.29	560.632	20.9328
NM_001098503.2	3179	2951.29	39.5903	0.603696
NM_001098504.2	4767	4539.29	3135.48	31.0855
NM_001098506.4	1372	1144.29	0	0
NM_001098507.2	13740	13512.3	3792.93	12.6325
NM_001098509.2	4743	4515.29	784.644	7.82041
NM_001098510.2	2632	2404.29	134.395	2.51557
NM_001098511.3	7958	7730.29	43.1349	0.251117
NM_001098512.3	6957	6729.29	1614.37	10.7963
NM_001098514.3	1360	1132.29	0	0
NM_001098515.2	2143	1915.29	38.0741	0.894615
NM_001098517.2	8504	8276.29	5.98276	0.0325318
NM_001098518.2	5761	5533.29	30	0.243994
NM_001098519.2	2022	1794.29	0	0
NM_001098520.2	1506	1278.29	293.46	10.3314
NM_001098521.2	1392	1164.29	104.283	4.03083
NM_001098522.2	1830	1602.29	93.6147	2.62933
NM_001098523.2	1201	973.293	36.3609	1.68125
NM_001098524.2	3836	3608.29	0	0
NM_001098525.3	3617	3389.29	3017.89	40.0716
NM_001098526.2	1876	1648.29	0	0
NM_001098527.3	2407	2179.29	0	0
NM_001098529.2	2998	2770.29	0	0
NM_001098531.4	6300	6072.29	0	0
NM_001098532.2	6003	5775.29	39.284	0.306114
NM_001098533.3	1711	1483.29	61.4241	1.86361
NM_001098534.2	3641	3413.29	223.447	2.94607
NM_001098535.1	1488	1260.29	0	0
NM_001098536.2	3162	2934.29	419.705	6.43699
NM_001098537.3	4675	4447.29	41.0174	0.415063
NM_001098538.3	331	138.909	0	0
NM_001098540.3	4581	4353.29	127.201	1.31496
NM_001098576.2	3194	2966.29	150.228	2.27918
NM_001098577.3	1100	872.293	129.044	6.65758
NM_001098579.3	6008	5780.29	102.619	0.798951
NM_001098612.3	5134	4906.29	2.41322	0.0221353
NM_001098614.3	13596	13368.3	541.17	1.8218
NM_001098615.2	14011	13783.3	386.19	1.26093
NM_001098616.3	1678	1450.29	2941.37	91.2716
NM_001098620.3	3066	2838.29	909.658	14.4232
NM_001098621.4	2373	2145.29	139.744	2.9315
NM_001098622.3	948	720.293	4.37776	0.273517
NM_001098623.2	24060	23832.3	0	0
NM_001098624.2	6393	6165.29	0	0
NM_001098625.3	2329	2101.29	626.918	13.4266
NM_001098626.2	2338	2110.29	12.5723	0.26811
NM_001098627.4	2934	2706.29	0	0
NM_001098629.3	2899	2671.29	0	0
NM_001098630.3	2851	2623.29	0	0
NM_001098632.2	2025	1797.29	336.238	8.41918
NM_001098633.4	1775	1547.29	1817.97	52.8758
NM_001098634.2	5114	4886.29	32.3479	0.297927
NM_001098635.2	4190	3962.29	0	0
NM_001098637.2	2312	2084.29	16.0751	0.347085
NM_001098638.2	7842	7614.29	1078.38	6.37358
NM_001098668.4	2201	1973.29	0	0
NM_001098670.2	2213	1985.29	0	0
NM_001098671.2	2268	2040.29	0	0
NM_001098672.2	5809	5581.29	3	0.0241896
NM_001098673.2	1262	1034.29	134.931	5.87097
NM_001098721.2	4834	4606.29	0	0
NM_001098722.2	4897	4669.29	0	0
NM_001098725.2	1340	1112.29	0	0
NM_001098728.3	4452	4224.29	3.09609e-06	3.29839e-08
NM_001098783.3	3225	2997.29	205.018	3.07826
NM_001098784.2	1261	1033.29	511.228	22.2655
NM_001098785.2	1251	1023.29	1182.71	52.0138
NM_001098786.2	1250	1022.29	27.7	1.2194
NM_001098787.2	2792	2564.29	2582.83	45.3283
NM_001098790.2	1983	1755.29	1664.69	42.6802
NM_001098791.2	1879	1651.29	57.9378	1.57899
NM_001098794.2	3364	3136.29	391.389	5.61609
NM_001098796.2	2431	2203.29	20.7179	0.423171
NM_001098797.2	2491	2263.29	877.065	17.4395
NM_001098798.2	2414	2186.29	35.3383	0.72741
NM_001098800.3	2519	2291.29	513.383	10.0833
NM_001098801.2	4350	4122.29	149.988	1.63742
NM_001098802.3	2758	2530.29	65.6331	1.16733
NM_001098811.2	2751	2523.29	7.65813	0.136583
NM_001098812.2	3941	3713.29	8.32992	0.100954
NM_001098813.2	4414	4186.29	37.9519	0.407986
NM_001098814.2	4214	3986.29	0	0
NM_001098815.3	4146	3918.29	2.87668	0.0330397
NM_001098816.3	14381	14153.3	339.462	1.07938
NM_001098817.2	1051	823.293	41.8353	2.28682
NM_001098818.4	5030	4802.29	49.6698	0.465464
NM_001098819.4	5120	4892.29	0	0
NM_001098821.2	1080	852.293	19.3055	1.01938
NM_001098822.2	932	704.293	132.363	8.45778
NM_001098823.2	921	693.293	4.018	0.260817
NM_001098824.2	909	681.293	16.5979	1.09638
NM_001098825.2	759	531.648	0	0
NM_001098831.2	2331	2103.29	31.8892	0.682317
NM_001098832.2	2876	2648.29	365.086	6.204
NM_001098834.3	1818	1590.29	0	0
NM_001098835.2	1961	1733.29	0	0
NM_001098844.3	5515	5287.29	7.94259	0.0676038
NM_001098845.3	1908	1680.29	33.8691	0.907111
NM_001099.5	3174	2946.29	22.7221	0.347068
NM_001099218.3	3730	3502.29	0	0
NM_001099219.1	318	129.815	0	0
NM_001099220.3	6942	6714.29	40.3575	0.270499
NM_001099221.2	5867	5639.29	0	0
NM_001099222.3	5384	5156.29	133.67	1.16665
NM_001099223.3	5257	5029.29	0	0
NM_001099224.3	1529	1301.29	191.454	6.62113
NM_001099225.2	2055	1827.29	168.563	4.15141
NM_001099269.3	3323	3095.29	248.409	3.61166
NM_001099270.4	6590	6362.29	223.745	1.58264
NM_001099271.2	2185	1957.29	299.598	6.88851
NM_001099272.2	8530	8302.29	271.915	1.47393
NM_001099274.3	1801	1573.29	127.611	3.65024
NM_001099280.3	1850	1622.29	33.4007	0.926548
NM_001099281.3	1730	1502.29	3.76231	0.112705
NM_001099282.2	2069	1841.29	29.3585	0.717552
NM_001099283.2	1905	1677.29	28.1278	0.754691
NM_001099284.2	2028	1800.29	0	0
NM_001099285.2	1218	990.293	4992.89	226.898
NM_001099286.3	1789	1561.29	319.83	9.21885
NM_001099287.2	3085	2857.29	0	0
NM_001099289.3	5948	5720.29	368.312	2.89761
NM_001099293.3	4387	4159.29	6.0242	0.0651812
NM_001099294.2	6853	6625.29	42.5653	0.28913
NM_001099334.3	1195	967.293	0	0
NM_001099335.2	3098	2870.29	13.2272	0.207388
NM_001099336.3	1459	1231.29	0	0
NM_001099337.2	1367	1139.29	40.4383	1.59735
NM_001099338.2	3290	3062.29	33.9812	0.499384
NM_001099339.2	1359	1131.29	123.323	4.90582
NM_001099400.2	1876	1648.29	23.2873	0.63581
NM_001099401.2	1943	1715.29	17.4866	0.458785
NM_001099402.2	3524	3296.29	2917.03	39.8252
NM_001099403.2	3130	2902.29	468.6	7.26613
NM_001099404.2	8519	8291.29	7.18745e-07	3.90117e-09
NM_001099405.2	8465	8237.29	0.00558635	3.05201e-05
NM_001099406.2	1618	1390.29	31.3572	1.01502
NM_001099407.2	3345	3117.29	0	0
NM_001099408.2	1984	1756.29	0	0
NM_001099409.3	5170	4942.29	4898	44.5998
NM_001099410.2	5763	5535.29	4.40021e-08	3.57747e-10
NM_001099411.2	5695	5467.29	1.00778	0.00829536
NM_001099415.3	5867	5639.29	3568.5	28.4776
NM_001099431.2	680	453.225	0	0
NM_001099432.3	3562	3334.29	48.4279	0.653634
NM_001099433.2	2969	2741.29	0	0
NM_001099434.2	1350	1122.29	2.19119	0.087865
NM_001099436.4	2580	2352.29	1.761e-05	3.36908e-07
NM_001099437.2	2583	2355.29	36.0295	0.688424
NM_001099438.2	2649	2421.29	0	0
NM_001099439.2	5477	5249.29	0	0
NM_001099455.2	5717	5489.29	70.3581	0.576819
NM_001099456.3	751	523.701	16	1.37492
NM_001099625.2	1953	1725.29	1389.16	36.2352
NM_001099626.2	2044	1816.29	0	0
NM_001099627.2	1844	1616.29	187.886	5.23138
NM_001099638.2	3273	3045.29	1182.8	17.4793
NM_001099639.2	3232	3004.29	268.758	4.02589
NM_001099640.2	2213	1985.29	0	0
NM_001099642.2	4925	4697.29	206.452	1.97794
NM_001099645.2	1902	1674.29	2319.12	62.3353
NM_001099646.3	2099	1871.29	1	0.0240492
NM_001099650.2	7399	7171.29	846.888	5.3146
NM_001099652.2	4200	3972.29	208.658	2.36394
NM_001099658.2	3500	3272.29	39.5309	0.54366
NM_001099660.2	3607	3379.29	0	0
NM_001099661.2	3110	2882.29	14.6773	0.229166
NM_001099666.2	10099	9871.29	396.543	1.80783
NM_001099667.3	818	590.487	1	0.0762135
NM_001099668.2	2986	2758.29	30.5341	0.498181
NM_001099669.2	2746	2518.29	69.4218	1.2406
NM_001099670.3	1015	787.293	315.365	18.0268
NM_001099671.3	1012	784.293	63.2072	3.62685
NM_001099672.3	928	700.293	37.2652	2.39478
NM_001099673.3	887	659.427	372.767	25.4398
NM_001099676.3	4003	3775.29	0	0
NM_001099677.1	9313	9085.29	29.0521	0.143907
NM_001099678.2	7918	7690.29	5706.87	33.3962
NM_001099679.2	3712	3484.29	626.976	8.09802
NM_001099681.2	2582	2354.29	5.11777	0.0978278
NM_001099682.2	2567	2339.29	0	0
NM_001099684.2	2025	1797.29	13.2541	0.331875
NM_001099685.3	1257	1029.29	2.41221	0.105467
NM_001099686.3	2401	2173.29	0	0
NM_001099687.4	1467	1239.29	1.0304	0.0374175
NM_001099691.3	4114	3886.29	147.639	1.70965
NM_001099692.2	3908	3680.29	18.2021	0.222577
NM_001099693.2	720	492.802	7426.12	678.159
NM_001099694.2	6768	6540.29	75.4782	0.519358
NM_001099695.2	3130	2902.29	56.6046	0.877713
NM_001099696.3	2932	2704.29	309.267	5.14662
NM_001099697.2	3112	2884.29	0	0
NM_001099733.2	3259	3031.29	0	0
NM_001099735.2	1476	1248.29	5.31948	0.191776
NM_001099736.2	1480	1252.29	0.0662183	0.00237966
NM_001099737.3	1450	1222.29	59.2284	2.1807
NM_001099743.2	3242	3014.29	0	0
NM_001099744.2	3245	3017.29	0	0
NM_001099745.2	3233	3005.29	0	0
NM_001099746.2	2947	2719.29	0	0
NM_001099747.2	3089	2861.29	0	0
NM_001099748.2	3092	2864.29	0	0
NM_001099749.2	2806	2578.29	6.74521e-06	1.17735e-07
NM_001099750.2	3213	2985.29	0	0
NM_001099751.2	3279	3051.29	0	0
NM_001099752.2	3282	3054.29	0	0
NM_001099753.2	3080	2852.29	19.1146	0.301587
NM_001099754.2	3083	2855.29	18.7576	0.295643
NM_001099755.2	2878	2650.29	54.1279	0.919114
NM_001099756.1	2969	2741.29	0	0
NM_001099771.2	4337	4109.29	0	0
NM_001099772.2	2174	1946.29	0	0
NM_001099773.2	1986	1758.29	47.1931	1.2079
NM_001099780.2	1849	1621.29	2	0.055515
NM_001099781.2	2514	2286.29	0	0
NM_001099782.2	2415	2187.29	0	0
NM_001099783.2	5513	5285.29	0.0768538	0.000654393
NM_001099784.3	3796	3568.29	8.52933e-06	1.07571e-07
NM_001099786.2	1334	1106.29	0	0
NM_001099787.2	1252	1024.29	0	0
NM_001099788.2	1217	989.293	0	0
NM_001099789.2	1135	907.293	16	0.793624
NM_001099790.5	2123	1895.29	0	0
NM_001099791.3	2898	2670.29	57.7686	0.973588
NM_001099850.2	2125	1897.29	0	0
NM_001099851.3	1578	1350.29	0	0
NM_001099852.2	1597	1369.29	0	0
NM_001099855.2	3765	3537.29	0	0
NM_001099856.6	2101	1873.29	108.268	2.60098
NM_001099857.5	1973	1745.29	1310.48	33.7913
NM_001099858.2	1805	1577.29	698.014	19.9156
NM_001099921.2	1855	1627.29	0	0
NM_001099922.3	4113	3885.29	383.77	4.44519
NM_001099951.4	986	758.293	2	0.118696
NM_001099952.4	9764	9536.29	68.4859	0.323195
NM_001100.4	1491	1263.29	3.00016	0.106877
NM_001100112.2	6121	5893.29	2.95264e-08	2.25473e-10
NM_001100117.3	8601	8373.29	0	0
NM_001100118.2	2510	2282.29	170.317	3.35838
NM_001100119.2	2604	2376.29	266.258	5.04248
NM_001100120.2	3361	3133.29	0	0
NM_001100121.2	3223	2995.29	0	0
NM_001100122.2	4536	4308.29	2628.24	27.4538
NM_001100159.3	2102	1874.29	0	0
NM_001100161.2	4897	4669.29	80.973	0.780425
NM_001100163.3	6076	5848.29	7.47681e-08	5.75347e-10
NM_001100164.2	9633	9405.29	1209.15	5.78561
NM_001100165.2	9393	9165.29	2264.96	11.1213
NM_001100166.2	9291	9063.29	0	0
NM_001100167.3	5995	5767.29	50.3039	0.392529
NM_001100168.2	3426	3198.29	0	0
NM_001100169.2	2686	2458.29	401.091	7.34262
NM_001100170.2	2656	2428.29	1677.02	31.0799
NM_001100176.2	2536	2308.29	52.3544	1.02072
NM_001100388.2	733	505.753	4	0.35593
NM_001100389.2	9953	9725.29	408.907	1.89219
NM_001100391.3	2176	1948.29	0	0
NM_001100392.3	2169	1941.29	0	0
NM_001100393.3	2137	1909.29	0	0
NM_001100396.2	1975	1747.29	0	0
NM_001100397.2	3870	3642.29	9.67732e-07	1.1957e-08
NM_001100398.2	6618	6390.29	0	0
NM_001100399.2	7131	6903.29	4284.56	27.9313
NM_001100400.2	2640	2412.29	206.978	3.86132
NM_001100407.3	2123	1895.29	42.3457	1.00548
NM_001100408.3	2031	1803.29	61.7447	1.5409
NM_001100409.3	6650	6422.29	0.250566	0.0017558
NM_001100411.3	3508	3280.29	0	0
NM_001100412.2	5305	5077.29	2123.56	18.8224
NM_001100418.2	767	539.541	463.272	38.6415
NM_001100419.2	701	473.947	168.193	15.9706
NM_001100420.2	5396	5168.29	483.965	4.21414
NM_001100421.2	5333	5105.29	21.3457	0.188162
NM_001100422.1	6335	6107.29	64.1667	0.472828
NM_001100423.2	6212	5984.29	3373.78	25.3715
NM_001100424.1	6128	5900.29	698.322	5.32629
NM_001100425.2	4454	4226.29	3.95569	0.0421216
NM_001100426.2	3750	3522.29	780.588	9.97329
NM_001100427.2	3747	3519.29	1768.44	22.614
NM_001100428.2	3603	3375.29	194.776	2.59697
NM_001100429.2	3600	3372.29	116.041	1.54856
NM_001100430.2	3474	3246.29	0	0
NM_001100431.2	1525	1297.29	0	0
NM_001100588.3	8964	8736.29	1659.17	8.54685
NM_001100590.2	7770	7542.29	966.708	5.76812
NM_001100592.3	1610	1382.29	0	0
NM_001100594.2	5126	4898.29	119.987	1.10238
NM_001100595.2	2807	2579.29	430.128	7.50481
NM_001100598.2	2185	1957.29	0	0
NM_001100599.2	2087	1859.29	14.1083	0.341484
NM_001100600.2	2381	2153.29	0	0
NM_001100603.2	2533	2305.29	23.6819	0.46231
NM_001100607.3	4970	4742.29	29.957	0.284284
NM_001100619.3	5283	5055.29	1014.33	9.02973
NM_001100620.3	671	444.496	111.212	11.2597
NM_001100621.3	3510	3282.29	0.000332265	4.55564e-06
NM_001100622.4	2078	1850.29	0	0
NM_001100623.2	3812	3584.29	3229.28	40.5457
NM_001100624.3	3928	3700.29	2551.16	31.0273
NM_001100625.3	1549	1321.29	63.9575	2.17838
NM_001100626.2	3163	2935.29	4700.64	72.0689
NM_001100631.2	1446	1218.29	0	0
NM_001100812.2	1451	1223.29	0	0
NM_001100814.3	1842	1614.29	550.757	15.354
NM_001100816.1	1400	1172.29	220.878	8.47925
NM_001100818.2	2557	2329.29	396.324	7.65717
NM_001100819.3	3689	3461.29	335.065	4.35646
NM_001100829.3	8891	8663.29	41.078	0.213387
NM_001100873.2	1882	1654.29	4.98366e-08	1.35575e-09
NM_001100874.3	1720	1492.29	0	0
NM_001100875.3	3044	2816.29	0	0
NM_001100876.2	2047	1819.29	64.9475	1.60658
NM_001100877.1	1200	972.293	49.8753	2.3085
NM_001100878.2	3265	3037.29	38.5161	0.570687
NM_001100909.2	829	601.427	0	0
NM_001100910.2	2396	2168.29	661.79	13.7355
NM_001100912.2	2524	2296.29	0	0
NM_001100913.3	6361	6133.29	50.6011	0.371286
NM_001100915.3	2952	2724.29	3	0.0495575
NM_001100916.2	1644	1416.29	2	0.0635505
NM_001100917.2	1018	790.293	0	0
NM_001101.5	1812	1584.29	278336	7906.36
NM_001101311.2	1123	895.293	0	0
NM_001101312.2	1115	887.293	0	0
NM_001101314.2	1004	776.293	0.999999	0.0579717
NM_001101320.1	1441	1213.29	0	0
NM_001101330.3	1279	1051.29	16	0.684918
NM_001101338.2	11370	11142.3	154.2	0.622807
NM_001101340.2	788	560.487	7	0.56205
NM_001101357.3	1593	1365.29	1	0.0329622
NM_001101362.3	3203	2975.29	0	0
NM_001101372.3	3347	3119.29	19	0.274119
NM_001101376.3	536	313.414	1	0.14359
NM_001101387.2	3457	3229.29	0	0
NM_001101389.1	690	463.088	0	0
NM_001101391.3	4738	4510.29	0	0
NM_001101404.2	2227	1999.29	0	0
NM_001101417.4	5592	5364.29	0	0
NM_001101421.4	4375	4147.29	8	0.0868096
NM_001101426.4	5742	5514.29	99.4414	0.811558
NM_001101648.2	4982	4754.29	0	0
NM_001101653.2	2823	2595.29	5.06807	0.0878817
NM_001101654.2	2332	2104.29	87.2274	1.86547
NM_001101662.2	3594	3366.29	9379.31	125.39
NM_001101663.5	5472	5244.29	0	0
NM_001101667.2	2804	2576.29	55.0525	0.961666
NM_001101669.3	8743	8515.29	0	0
NM_001101672.2	2762	2534.29	43.7509	0.776912
NM_001101676.2	8875	8647.29	0	0
NM_001101677.2	1368	1140.29	0	0
NM_001101800.3	5429	5201.29	120.052	1.03872
NM_001101801.3	5303	5075.29	19.5044	0.172947
NM_001101802.3	7336	7108.29	7.36276	0.0466141
NM_001102.4	3656	3428.29	25434.6	333.879
NM_001102366.3	3358	3130.29	32.3553	0.465161
NM_001102367.2	2948	2720.29	35.9062	0.594013
NM_001102368.3	2957	2729.29	376.584	6.20945
NM_001102369.3	2957	2729.29	46.705	0.770115
NM_001102371.2	4906	4678.29	256.736	2.46969
NM_001102386.3	1239	1011.29	0	0
NM_001102396.2	5506	5278.29	149.583	1.27535
NM_001102397.3	7585	7357.29	4066.04	24.8711
NM_001102398.3	7760	7532.29	394.158	2.35497
NM_001102399.3	7594	7366.29	579.542	3.54061
NM_001102401.4	2131	1903.29	359.668	8.50429
NM_001102402.3	2205	1977.29	0.12082	0.00274986
NM_001102406.2	5347	5119.29	108.857	0.956948
NM_001102416.3	4198	3970.29	0	0
NM_001102420.3	5841	5613.29	2227.29	17.8567
NM_001102421.3	5704	5476.29	1466.98	12.0554
NM_001102426.3	4145	3917.29	104.862	1.20469
NM_001102445.3	3215	2987.29	75.3884	1.13571
NM_001102450.3	5987	5759.29	0	0
NM_001102454.2	2923	2695.29	0	0
NM_001102467.2	1099	871.293	0	0
NM_001102469.2	2676	2448.29	0	0
NM_001102470.2	2802	2574.29	17	0.297189
NM_001102559.2	2134	1906.29	337.671	7.97161
NM_001102560.2	773	545.487	193.19	15.9383
NM_001102562.3	1757	1529.29	0	0
NM_001102564.3	816	588.487	316.947	24.2378
NM_001102566.2	1406	1178.29	0	0
NM_001102575.2	5223	4995.29	1561.3	14.0659
NM_001102576.3	645	418.93	0	0
NM_001102592.2	1662	1434.29	119.388	3.74596
NM_001102594.3	2641	2413.29	315.28	5.87933
NM_001102595.3	2476	2248.29	123.635	2.47474
NM_001102596.2	2118	1890.29	0	0
NM_001102597.3	1959	1731.29	0	0
NM_001102598.3	1644	1416.29	1	0.0317753
NM_001102599.3	1680	1452.29	0	0
NM_001102600.3	1923	1695.29	0	0
NM_001102601.3	2095	1867.29	17.4163	0.419744
NM_001102603.2	4324	4096.29	133.528	1.46698
NM_001102605.2	2581	2353.29	0	0
NM_001102608.3	8689	8461.29	12.0597	0.0641419
NM_001102609.3	471	253.178	0	0
NM_001102610.2	3339	3111.29	106.089	1.53451
NM_001102612.2	1139	911.293	0	0
NM_001102614.2	1583	1355.29	0	0
NM_001102651.2	3704	3476.29	42.0256	0.544051
NM_001102653.1	7068	6840.29	872.642	5.74121
NM_001102654.2	1341	1113.29	14	0.565927
NM_001102657.3	4076	3848.29	78.0624	0.912885
NM_001102659.3	1223	995.293	0	0
NM_001102664.2	3787	3559.29	84.6802	1.07068
NM_001102667.2	1198	970.293	3593.99	166.692
NM_001102668.3	4215	3987.29	36.2118	0.408709
NM_001102669.2	2209	1981.29	179.005	4.06591
NM_001103.4	4872	4644.29	1	0.00968998
NM_001103146.3	7816	7588.29	1978.08	11.7312
NM_001103147.2	7921	7693.29	92.0788	0.538629
NM_001103148.2	7704	7476.29	538.719	3.24278
NM_001103149.2	3479	3251.29	10.4333	0.144414
NM_001103150.1	3218	2990.29	0	0
NM_001103151.1	3118	2890.29	0	0
NM_001103154.2	1776	1548.29	0.00361595	0.000105102
NM_001103160.2	3769	3541.29	36.1713	0.459668
NM_001103161.2	3898	3670.29	0	0
NM_001103167.1	1997	1769.29	0	0
NM_001103170.3	4055	3827.29	0	0
NM_001103175.2	1996	1768.29	5.02842	0.127973
NM_001103176.2	2381	2153.29	0	0
NM_001103184.4	12647	12419.3	142.965	0.518054
NM_001104.4	2882	2654.29	4.00017	0.0678221
NM_001104544.3	3350	3122.29	22.8735	0.329687
NM_001104545.2	3098	2870.29	2.55397	0.0400434
NM_001104546.2	4251	4023.29	371.75	4.15826
NM_001104554.2	5619	5391.29	0	0
NM_001104558.2	3823	3595.29	4.16009	0.0520727
NM_001104577.2	2409	2181.29	0	0
NM_001104586.4	7077	6849.29	97.9463	0.643554
NM_001104587.2	5201	4973.29	70.2514	0.635702
NM_001104588.2	5119	4891.29	197.879	1.82062
NM_001104589.2	5041	4813.29	230.507	2.15518
NM_001104590.2	5031	4803.29	274.443	2.57131
NM_001104595.2	3480	3252.29	0	0
NM_001104629.2	3643	3415.29	0.112738	0.00148554
NM_001104631.2	8160	7932.29	0	0
NM_001104647.3	5697	5469.29	807.44	6.64388
NM_001104925.2	3778	3550.29	167.113	2.1183
NM_001105.5	2933	2705.29	84.5513	1.40653
NM_001105069.2	2935	2707.29	0	0
NM_001105077.4	4892	4664.29	0	0
NM_001105078.4	4810	4582.29	0.971005	0.00953632
NM_001105079.3	5196	4968.29	3088.35	27.9744
NM_001105192.3	5736	5508.29	1015.08	8.29327
NM_001105193.2	6347	6119.29	0	0
NM_001105194.2	6119	5891.29	0.664893	0.00507906
NM_001105195.2	6116	5888.29	1.33669	0.0102161
NM_001105198.2	1704	1476.29	41.6697	1.27025
NM_001105199.2	1312	1084.29	92.622	3.84423
NM_001105203.2	3436	3208.29	289.122	4.05555
NM_001105204.2	3118	2890.29	0	0
NM_001105205.1	2525	2297.29	121.536	2.38085
NM_001105206.3	7228	7000.29	955.729	6.14414
NM_001105207.3	7224	6996.29	3531.89	22.7186
NM_001105208.3	613	387.495	83.0082	9.64044
NM_001105209.3	630	404.218	1.2379e-08	1.37819e-09
NM_001105214.2	3055	2827.29	269.711	4.29309
NM_001105237.2	3939	3711.29	12.7459	0.154557
NM_001105243.2	9615	9387.29	7.84333	0.0376012
NM_001105244.2	5595	5367.29	0	0
NM_001105247.2	3108	2880.29	0	0
NM_001105248.1	4917	4689.29	0	0
NM_001105249.1	4743	4515.29	0	0
NM_001105250.3	8619	8391.29	0	0
NM_001105251.4	10879	10651.3	0.00011738	4.95946e-07
NM_001105281.6	629	403.218	0	0
NM_001105513.3	4089	3861.29	0	0
NM_001105515.3	3081	2853.29	80.5617	1.27065
NM_001105518.2	3795	3567.29	0	0
NM_001105519.3	718	490.852	0	0
NM_001105520.2	1715	1487.29	51	1.54318
NM_001105521.4	6790	6562.29	0	0
NM_001105522.1	1651	1423.29	0	0
NM_001105528.4	3420	3192.29	0	0
NM_001105529.1	8225	7997.29	21.169	0.119124
NM_001105530.2	2608	2380.29	5096.74	96.3617
NM_001105531.3	5627	5399.29	0	0
NM_001105533.1	2844	2616.29	9.46394e-08	1.6279e-09
NM_001105537.4	7732	7504.29	135.058	0.809938
NM_001105538.2	4095	3867.29	753.067	8.76332
NM_001105539.3	9938	9710.29	559.811	2.59448
NM_001105540.2	4072	3844.29	32.5172	0.380661
NM_001105541.2	2469	2241.29	28.515	0.572555
NM_001105543.2	3310	3082.29	48.983	0.715177
NM_001105544.2	2117	1889.29	54.6571	1.30194
NM_001105545.2	2064	1836.29	0	0
NM_001105549.2	2894	2666.29	417.707	7.05028
NM_001105550.2	2778	2550.29	69.5382	1.22709
NM_001105551.2	2804	2576.29	34.5783	0.604019
NM_001105552.2	2680	2452.29	9.8842	0.181389
NM_001105556.3	2713	2485.29	69.2093	1.25323
NM_001105558.1	3061	2833.29	5.10608	0.0811033
NM_001105562.3	5905	5677.29	35.2515	0.279434
NM_001105563.3	2863	2635.29	0	0
NM_001105564.2	2971	2743.29	0	0
NM_001105565.3	1695	1467.29	0	0
NM_001105566.3	5902	5674.29	1179.72	9.35645
NM_001105567.3	5863	5635.29	0	0
NM_001105568.4	7153	6925.29	2621.27	17.034
NM_001105569.3	1339	1111.29	0	0
NM_001105570.2	3103	2875.29	641.259	10.0368
NM_001105571.3	1294	1066.29	0	0
NM_001105573.2	5927	5699.29	1699.67	13.421
NM_001105574.2	2847	2619.29	1.00745	0.0173093
NM_001105576.3	1615	1387.29	0	0
NM_001105577.2	967	739.293	0	0
NM_001105578.2	1248	1020.29	22	0.970376
NM_001105579.2	2709	2481.29	0	0
NM_001105580.3	3113	2885.29	0	0
NM_001105581.3	956	728.293	0	0
NM_001105659.2	2854	2626.29	0	0
NM_001105663.3	1096	868.293	17.4727	0.905601
NM_001105669.4	2958	2730.29	0	0
NM_001105677.2	2568	2340.29	0	0
NM_001106.4	11782	11554.3	47.1546	0.183663
NM_001107.5	580	355.279	259.844	32.9143
NM_001109.5	3259	3031.29	0	0
NM_001109619.4	630	404.218	0	0
NM_001109659.2	953	725.293	0	0
NM_001109660.2	1033	805.293	0	0
NM_001109662.4	15782	15554.3	2.29286e-05	6.6339e-08
NM_001109689.4	6337	6109.29	78.8387	0.580752
NM_001109754.4	12301	12073.3	0	0
NM_001109763.2	5128	4900.29	0	0
NM_001109809.5	2082	1854.29	0	0
NM_001109878.2	2363	2135.29	0	0
NM_001109879.2	2359	2131.29	0	0
NM_001109891.2	1655	1427.29	134.595	4.24384
NM_001109903.2	2874	2646.29	0	0
NM_001109938.3	1339	1111.29	298.863	12.1028
NM_001109974.3	6484	6256.29	0	0
NM_001109977.3	11517	11289.3	0	0
NM_001109997.3	5007	4779.29	2.97274e-06	2.79921e-08
NM_001110.4	11158	10930.3	9416.81	38.7716
NM_001110199.3	3617	3389.29	17.2808	0.229455
NM_001110213.1	3177	2949.29	0	0
NM_001110215.3	541	318.158	3.77031	0.533305
NM_001110219.3	2064	1836.29	0	0
NM_001110220.3	1954	1726.29	0	0
NM_001110221.3	1830	1602.29	0	0
NM_001110303.4	4293	4065.29	191.358	2.11835
NM_001110354.2	1303	1075.29	9.03847	0.378277
NM_001110356.2	1217	989.293	0	0
NM_001110357.2	1200	972.293	0	0
NM_001110358.1	1156	928.293	0	0
NM_001110359.1	1266	1038.29	0	0
NM_001110360.1	1231	1003.29	0	0
NM_001110361.1	1191	963.293	0	0
NM_001110503.3	2637	2409.29	105.883	1.97778
NM_001110514.2	3009	2781.29	16.9936	0.274968
NM_001110533.2	1690	1462.29	0	0
NM_001110556.2	8507	8279.29	81422.9	442.584
NM_001110781.3	6016	5788.29	1400.35	10.8875
NM_001110792.2	10343	10115.3	533.431	2.37324
NM_001110798.2	1764	1536.29	0	0
NM_001110822.2	1623	1395.29	0	0
NM_001111.5	6610	6382.29	1471.56	10.3763
NM_001111018.2	11097	10869.3	25.1145	0.103984
NM_001111019.3	8082	7854.29	0	0
NM_001111020.3	3678	3450.29	3799.71	49.5607
NM_001111031.2	8761	8533.29	2.45796e-08	1.29628e-10
NM_001111032.2	8613	8385.29	0	0
NM_001111033.2	8382	8154.29	0	0
NM_001111034.3	1571	1343.29	0	0
NM_001111035.3	1620	1392.29	0	0
NM_001111036.3	1547	1319.29	0	0
NM_001111038.2	2759	2531.29	0.428758	0.00762275
NM_001111039.3	2682	2454.29	5.46131	0.100141
NM_001111045.4	1727	1499.29	0	0
NM_001111046.2	1707	1479.29	0	0
NM_001111047.2	1704	1476.29	0	0
NM_001111061.2	2492	2264.29	0	0
NM_001111067.4	3332	3104.29	1348.53	19.5498
NM_001111077.2	3052	2824.29	4695.5	74.8194
NM_001111097.3	5809	5581.29	16.1264	0.130031
NM_001111101.2	1193	965.293	65.5619	3.05657
NM_001111112.2	5024	4796.29	182.67	1.71397
NM_001111113.2	5000	4772.29	33.9442	0.320096
NM_001111125.3	6037	5809.29	4.06592	0.0314976
NM_001111270.3	2312	2084.29	49.8379	1.07608
NM_001111283.3	7326	7098.29	0	0
NM_001111284.2	7096	6868.29	0	0
NM_001111285.3	1097	869.293	9.77295	0.505943
NM_001111298.2	4223	3995.29	0	0
NM_001111307.2	4897	4669.29	0	0
NM_001111308.1	4608	4380.29	623.339	6.40418
NM_001111309.1	4503	4275.29	0	0
NM_001111319.3	2177	1949.29	0	0
NM_001111322.2	4380	4152.29	2747.72	29.7802
NM_001112.4	6902	6674.29	62.961	0.42453
NM_001112704.2	1937	1709.29	0	0
NM_001112706.3	9682	9454.29	36.4422	0.173467
NM_001112717.4	6067	5839.29	59.3058	0.457066
NM_001112718.4	6064	5836.29	719.238	5.54597
NM_001112719.4	5741	5513.29	0	0
NM_001112720.4	5705	5477.29	0	0
NM_001112724.2	5333	5105.29	4.72275	0.041631
NM_001112726.3	6727	6499.29	629.578	4.35939
NM_001112732.3	6427	6199.29	0	0
NM_001112734.4	4122	3894.29	220.345	2.54635
NM_001112736.2	8454	8226.29	2019.73	11.0492
NM_001112741.2	4303	4075.29	0	0
NM_001112800.4	21101	20873.3	0	0
NM_001112801.3	21077	20849.3	210.269	0.453864
NM_001112802.2	20908	20680.3	0	0
NM_001112808.3	3294	3066.29	0	0
NM_001112812.2	3192	2964.29	0	0
NM_001113178.3	13286	13058.3	43.3129	0.14927
NM_001113182.3	4761	4533.29	0	0
NM_001113201.3	1125	897.293	30.177	1.5135
NM_001113202.2	798	570.487	13307.2	1049.74
NM_001113203.3	2928	2700.29	0.000754652	1.2577e-05
NM_001113205.2	653	426.803	0	0
NM_001113206.2	444	229.227	0	0
NM_001113207.2	567	342.699	4	0.525278
NM_001113226.3	6330	6102.29	0	0
NM_001113228.3	6176	5948.29	12.7361	0.0963578
NM_001113239.3	15248	15020.3	1000.37	2.99727
NM_001113324.3	974	746.293	283.771	17.112
NM_001113347.2	5163	4935.29	96.2071	0.877276
NM_001113348.2	5096	4868.29	2708.28	25.0357
NM_001113349.2	5026	4798.29	119.105	1.11708
NM_001113361.2	4861	4633.29	249.031	2.41883
NM_001113363.2	4102	3874.29	1704.51	19.7993
NM_001113378.2	4733	4505.29	2041.2	20.3894
NM_001113380.1	3055	2827.29	58.1522	0.92563
NM_001113381.1	2924	2696.29	6.33747	0.105777
NM_001113397.2	3241	3013.29	0	0
NM_001113398.3	2621	2393.29	0	0
NM_001113402.2	1952	1724.29	77.2219	2.01545
NM_001113407.3	3098	2870.29	6.1247	0.0960287
NM_001113410.2	1166	938.293	0	0
NM_001113411.2	1942	1714.29	0	0
NM_001113475.3	2324	2096.29	0	0
NM_001113482.2	2640	2412.29	6.81439	0.127127
NM_001113490.2	7613	7385.29	202.056	1.23125
NM_001113491.2	3733	3505.29	220.682	2.83324
NM_001113492.2	3953	3725.29	76.0222	0.91838
NM_001113493.2	3836	3608.29	1736.58	21.6588
NM_001113494.1	3951	3723.29	11085.5	133.989
NM_001113495.2	3244	3016.29	0	0
NM_001113496.2	3013	2785.29	74.3859	1.20188
NM_001113498.3	5726	5498.29	0	0
NM_001113511.2	6183	5955.29	0	0
NM_001113512.2	6033	5805.29	0	0
NM_001113513.2	4976	4748.29	0	0
NM_001113523.3	5002	4774.29	0	0
NM_001113525.2	4628	4400.29	0	0
NM_001113528.2	4208	3980.29	554.049	6.26434
NM_001113534.2	1106	878.293	0	0
NM_001113535.2	1100	872.293	0	0
NM_001113536.2	1094	866.293	0	0
NM_001113541.3	4226	3998.29	0	0
NM_001113546.2	3683	3455.29	0	0
NM_001113547.2	3567	3339.29	6536.51	88.0915
NM_001113561.2	4945	4717.29	0	0
NM_001113567.3	3249	3021.29	0	0
NM_001113575.2	2222	1994.29	6.31811	0.142574
NM_001113738.2	5242	5014.29	428.421	3.84506
NM_001113755.3	1598	1370.29	77.3124	2.53909
NM_001113756.3	1770	1542.29	190.741	5.56571
NM_001114.5	6271	6043.29	613.823	4.57101
NM_001114086.2	5971	5743.29	0	0
NM_001114089.4	4035	3807.29	219.778	2.59783
NM_001114090.2	2797	2569.29	601	10.527
NM_001114091.4	5848	5620.29	0	0
NM_001114092.2	3754	3526.29	561.203	7.16216
NM_001114093.3	3488	3260.29	1713.15	23.6473
NM_001114094.2	4275	4047.29	0	0
NM_001114099.3	3594	3366.29	0	0
NM_001114100.3	3501	3273.29	13.5175	0.185846
NM_001114101.3	1181	953.293	0	0
NM_001114106.3	2381	2153.29	2.06507	0.0431592
NM_001114107.5	2658	2430.29	19.0702	0.353133
NM_001114108.2	3401	3173.29	0	0
NM_001114118.3	12772	12544.3	1607.94	5.76855
NM_001114120.3	5299	5071.29	1736.12	15.4065
NM_001114121.2	2699	2471.29	177.469	3.23176
NM_001114122.3	4128	3900.29	176.082	2.03171
NM_001114123.3	2876	2648.29	895.722	15.2212
NM_001114132.2	16262	16034.3	1591.74	4.4675
NM_001114133.3	4873	4645.29	24.9077	0.241303
NM_001114134.2	2344	2116.29	0	0
NM_001114135.5	2553	2325.29	0	0
NM_001114136.3	2419	2191.29	0	0
NM_001114137.4	2617	2389.29	0	0
NM_001114138.3	2669	2441.29	0	0
NM_001114139.4	2411	2183.29	0	0
NM_001114171.2	3667	3439.29	0	0
NM_001114172.1	5194	4966.29	0	0
NM_001114173.3	6056	5828.29	15.4087	0.118978
NM_001114175.3	8819	8591.29	0	0
NM_001114176.2	5269	5041.29	54.983	0.490828
NM_001114182.3	4332	4104.29	181.087	1.9856
NM_001114183.2	5584	5356.29	32.1699	0.270289
NM_001114184.3	3563	3335.29	18.2514	0.246266
NM_001114185.3	2824	2596.29	0	0
NM_001114309.2	3218	2990.29	0	0
NM_001114331.3	4096	3868.29	111.107	1.2926
NM_001114357.3	1333	1105.29	0	0
NM_001114377.2	2159	1931.29	7	0.163114
NM_001114380.2	4877	4649.29	0	0
NM_001114382.3	6346	6118.29	513.492	3.77699
NM_001114387.2	3304	3076.29	0	0
NM_001114393.3	4825	4597.29	0.0114085	0.000111678
NM_001114394.3	5100	4872.29	135.722	1.2536
NM_001114395.3	4866	4638.29	371.587	3.60532
NM_001114396.3	15557	15329.3	0	0
NM_001114397.2	6681	6453.29	26.8397	0.187171
NM_001114403.3	1342	1114.29	264.537	10.6839
NM_001114598.2	1069	841.293	0	0
NM_001114600.3	3480	3252.29	2099.77	29.0552
NM_001114614.3	1780	1552.29	1144.33	33.1757
NM_001114617.2	8845	8617.29	26.3358	0.137537
NM_001114618.1	3181	2953.29	814.317	12.4088
NM_001114619.1	2658	2430.29	6531.67	120.951
NM_001114620.1	2869	2641.29	713.953	12.1645
NM_001114632.2	1409	1181.29	87.3339	3.32711
NM_001114633.2	2696	2468.29	42.971	0.783468
NM_001114634.2	7206	6978.29	97.4184	0.628252
NM_001114635.2	6847	6619.29	249.754	1.69802
NM_001114636.2	1673	1445.29	0	0
NM_001114726.3	2399	2171.29	0	0
NM_001114734.2	4985	4757.29	26.0064	0.246016
NM_001114735.2	836	608.427	11.305	0.836185
NM_001114748.2	1381	1153.29	101	3.94116
NM_001114752.3	2708	2480.29	189.878	3.4452
NM_001114753.3	2946	2718.29	28583.5	473.218
NM_001114759.3	1628	1400.29	0	0
NM_001114937.3	2227	1999.29	0	0
NM_001114938.3	2245	2017.29	0	0
NM_001114974.2	2295	2067.29	0	0
NM_001114978.2	4850	4622.29	0	0
NM_001114979.2	2916	2688.29	0	0
NM_001114980.2	4677	4449.29	0	0
NM_001114981.2	4583	4355.29	0	0
NM_001114982.2	2649	2421.29	0	0
NM_001115.3	4421	4193.29	0	0
NM_001115007.3	5268	5040.29	66.2172	0.591231
NM_001115008.3	5458	5230.29	11.7053	0.100716
NM_001115016.3	5156	4928.29	545.994	4.98578
NM_001115113.3	7319	7091.29	3373.85	21.4113
NM_001115116.2	1808	1580.29	0	0
NM_001115131.4	3810	3582.29	0	0
NM_001115152.2	1303	1075.29	0	0
NM_001115156.2	2162	1934.29	351.725	8.18321
NM_001116.4	7980	7752.29	1681.78	9.76293
NM_001117.5	3089	2861.29	0	0
NM_001118.5	6639	6411.29	0	0
NM_001118885.2	3018	2790.29	0	0
NM_001118886.2	3208	2980.29	0	0
NM_001118887.2	5268	5040.29	77.1957	0.689255
NM_001118888.2	5115	4887.29	2.53028e-05	2.32993e-07
NM_001118890.2	932	704.293	1506.2	96.2437
NM_001119.5	3954	3726.29	7739.76	93.4745
NM_001120.5	1903	1675.29	629.189	16.9018
NM_001121.4	4317	4089.29	2176.87	23.9567
NM_001122.4	1897	1669.29	4601.81	124.062
NM_001122606.1	3767	3539.29	0	0
NM_001122607.2	2729	2501.29	39.1574	0.704516
NM_001122608.3	2254	2026.29	101.019	2.24359
NM_001122630.2	1773	1545.29	42.6336	1.2416
NM_001122631.2	1768	1540.29	0	0
NM_001122633.3	5722	5494.29	349.784	2.86504
NM_001122636.2	2933	2705.29	28	0.465786
NM_001122646.3	2698	2470.29	0	0
NM_001122659.3	4300	4072.29	254.416	2.81156
NM_001122665.3	4757	4529.29	0	0
NM_001122670.2	6247	6019.29	21.1416	0.158065
NM_001122671.2	1965	1737.29	22.0599	0.571443
NM_001122672.2	1821	1593.29	22.6011	0.638376
NM_001122674.2	974	746.293	94.877	5.72129
NM_001122679.2	9834	9606.29	0	0
NM_001122681.2	9006	8778.29	740.084	3.79414
NM_001122716.2	1263	1035.29	0	0
NM_001122731.2	3105	2877.29	26.1805	0.409483
NM_001122740.2	6480	6252.29	0	0
NM_001122741.2	6282	6054.29	0	0
NM_001122742.2	6435	6207.29	0	0
NM_001122752.2	1600	1372.29	33	1.0822
NM_001122757.3	1566	1338.29	0	0
NM_001122764.3	1733	1505.29	2.74777e-05	8.2149e-07
NM_001122769.3	4564	4336.29	144.909	1.5039
NM_001122770.3	19183	18955.3	10.2329	0.0242946
NM_001122772.3	5430	5202.29	20.2952	0.175566
NM_001122779.2	2582	2354.29	0	0
NM_001122819.3	3958	3730.29	14.3645	0.173297
NM_001122821.2	2708	2480.29	47.3125	0.85845
NM_001122823.2	2119	1891.29	191.456	4.55567
NM_001122824.2	6540	6312.29	1379.57	9.83553
NM_001122825.2	3507	3279.29	0	0
NM_001122826.2	3646	3418.29	0	0
NM_001122827.2	3495	3267.29	0	0
NM_001122834.4	3569	3341.29	0	0
NM_001122835.3	3114	2886.29	46.484	0.724778
NM_001122837.2	1174	946.293	155.568	7.39836
NM_001122838.3	5140	4912.29	218.548	2.00219
NM_001122839.2	1136	908.293	28.6853	1.42127
NM_001122841.3	5465	5237.29	0	0
NM_001122842.3	6231	6003.29	185.972	1.39412
NM_001122847.3	3166	2938.29	0	0
NM_001122848.3	3210	2982.29	0	0
NM_001122853.3	3427	3199.29	70	0.984659
NM_001122870.3	1834	1606.29	78.1727	2.19014
NM_001122890.3	2626	2398.29	0	0
NM_001122898.3	1081	853.293	587.52	30.9861
NM_001122951.3	1196	968.293	0	0
NM_001122955.4	1710	1482.29	0	0
NM_001122956.2	9896	9668.29	82.4106	0.383597
NM_001122957.4	2176	1948.29	1061.64	24.5224
NM_001122961.3	705	477.9	0	0
NM_001122962.2	2679	2451.29	0	0
NM_001122964.3	5506	5278.29	1626.03	13.8637
NM_001122965.1	3569	3341.29	0	0
NM_001122979.3	1733	1505.29	0	0
NM_001123.4	1993	1765.29	3324.25	84.7459
NM_001123041.3	2323	2095.29	0	0
NM_001123066.4	6644	6416.29	0	0
NM_001123067.4	5552	5324.29	0	0
NM_001123068.3	755	527.701	7.89723	0.673487
NM_001123168.3	2364	2136.29	429.592	9.04977
NM_001123225.3	462	244.971	0	0
NM_001123226.2	10818	10590.3	62.9781	0.267623
NM_001123329.2	3642	3414.29	1530.35	20.1713
NM_001123355.2	4214	3986.29	26.4122	0.298179
NM_001123363.4	7305	7077.29	75.6731	0.48119
NM_001123364.3	3184	2956.29	0	0
NM_001123366.2	2102	1874.29	6.89311	0.165508
NM_001123369.2	4037	3809.29	100.73	1.19003
NM_001123375.3	469	251.307	5.72751	1.02566
NM_001123376.3	2880	2652.29	0	0
NM_001123377.2	1069	841.293	3757.95	201.023
NM_001123378.3	4182	3954.29	53.9374	0.613852
NM_001123383.1	6405	6177.29	9.72461e-06	7.08462e-08
NM_001123384.2	6281	6053.29	22.481	0.167135
NM_001123385.2	6910	6682.29	100.921	0.679673
NM_001123387.1	776	548.487	1.63522	0.134169
NM_001123391.4	2077	1849.29	0	0
NM_001123392.4	2077	1849.29	0	0
NM_001123395.2	3584	3356.29	0	0
NM_001123396.4	3531	3303.29	0	0
NM_001124.3	1492	1264.29	2989	106.395
NM_001124758.3	3404	3176.29	0	0
NM_001124759.5	2033	1805.29	0.27833	0.00693831
NM_001124767.2	1769	1541.29	204	5.95645
NM_001125.4	3623	3395.29	140.843	1.86681
NM_001126.5	2555	2327.29	4705.11	90.9831
NM_001126044.2	2063	1835.29	0	0
NM_001126049.2	4376	4148.29	25.6421	0.27818
NM_001126050.2	2196	1968.29	42.0488	0.961405
NM_001126051.1	2183	1955.29	6302.16	145.051
NM_001126054.3	8749	8521.29	0	0
NM_001126055.3	8746	8518.29	983.654	5.19675
NM_001126056.3	1891	1663.29	0	0
NM_001126057.3	1488	1260.29	0	0
NM_001126058.3	1452	1224.29	15.4572	0.568181
NM_001126059.4	932	704.293	0	0
NM_001126060.2	6011	5783.29	2.41647	0.0188039
NM_001126063.3	679	452.316	0	0
NM_001126102.3	1357	1129.29	0	0
NM_001126103.3	3296	3068.29	0	0
NM_001126104.3	3176	2948.29	1094.82	16.7114
NM_001126105.3	2139	1911.29	0	0
NM_001126106.4	2252	2024.29	49.373	1.09764
NM_001126107.2	5564	5336.29	0	0
NM_001126108.2	5540	5312.29	0	0
NM_001126111.3	4230	4002.29	1338.5	15.0506
NM_001126112.3	2509	2281.29	5.82158	0.114842
NM_001126113.3	2572	2344.29	0	0
NM_001126114.3	2645	2417.29	0	0
NM_001126115.2	2003	1775.29	6.24277	0.158252
NM_001126116.2	2136	1908.29	0	0
NM_001126117.2	2063	1835.29	0	0
NM_001126118.2	2629	2401.29	6.29172	0.117914
NM_001126121.2	1630	1402.29	32.7054	1.0496
NM_001126122.2	1540	1312.29	94.9542	3.25631
NM_001126128.2	1555	1327.29	0	0
NM_001126129.2	2317	2089.29	74.3429	1.60133
NM_001126130.2	1966	1738.29	169.325	4.38369
NM_001126131.2	4450	4222.29	1999.37	21.3102
NM_001126132.3	1063	835.293	23.2729	1.25387
NM_001126133.3	1030	802.293	34.7271	1.94795
NM_001126181.2	1213	985.293	38.6289	1.76437
NM_001126240.3	5120	4892.29	0	0
NM_001126241.3	5026	4798.29	0	0
NM_001126242.3	4971	4743.29	0	0
NM_001126328.3	3978	3750.29	0	0
NM_001126334.1	3109	2881.29	9.0011	0.140589
NM_001126335.2	1680	1452.29	0	0
NM_001126336.3	4122	3894.29	33.948	0.392309
NM_001126337.2	3032	2804.29	58.3909	0.937052
NM_001126339.3	1829	1601.29	96.4093	2.70951
NM_001126340.3	10747	10519.3	1768.01	7.56379
NM_001127.4	4165	3937.29	0	0
NM_001127173.3	3739	3511.29	0	0
NM_001127174.3	4874	4646.29	1.13916	0.0110337
NM_001127175.3	4941	4713.29	0	0
NM_001127176.3	5097	4869.29	0	0
NM_001127178.3	3909	3681.29	629.788	7.69903
NM_001127180.2	7363	7135.29	0	0
NM_001127181.3	2918	2690.29	121.998	2.04078
NM_001127182.2	2516	2288.29	1718.11	33.7895
NM_001127183.4	14480	14252.3	0	0
NM_001127184.4	1284	1056.29	246.101	10.4851
NM_001127190.2	2224	1996.29	538.938	12.1494
NM_001127192.2	3301	3073.29	148.687	2.17726
NM_001127193.2	3298	3070.29	1501.53	22.0088
NM_001127194.2	3280	3052.29	127.501	1.87988
NM_001127195.2	3277	3049.29	1488.87	21.9735
NM_001127196.2	3274	3046.29	3135.09	46.3149
NM_001127197.2	4320	4092.29	1273.07	14
NM_001127198.5	8387	8159.29	0	0
NM_001127199.3	561	336.904	0	0
NM_001127202.4	1897	1669.29	1211.54	32.6623
NM_001127203.4	1732	1504.29	174.037	5.20657
NM_001127204.2	1791	1563.29	130.314	3.7514
NM_001127205.2	1753	1525.29	0	0
NM_001127206.3	1695	1467.29	12.2304	0.375118
NM_001127207.2	3070	2842.29	758.732	12.0133
NM_001127208.3	9589	9361.29	496.204	2.38543
NM_001127211.3	6871	6643.29	11.9814	0.0811645
NM_001127212.4	558	334.107	0	0
NM_001127213.2	1126	898.293	1242.94	62.2695
NM_001127214.4	3526	3298.29	163.61	2.23236
NM_001127215.3	4434	4206.29	0	0
NM_001127216.3	4440	4212.29	3	0.0320512
NM_001127217.3	5558	5330.29	760.672	6.42227
NM_001127218.3	1782	1554.29	1297.92	37.5802
NM_001127219.2	2004	1776.29	5.28583	0.133918
NM_001127221.2	8645	8417.29	994.806	5.31873
NM_001127222.2	8647	8419.29	1057.66	5.65342
NM_001127223.1	7801	7573.29	974.118	5.78854
NM_001127225.2	7678	7450.29	109.048	0.658697
NM_001127226.2	7613	7385.29	120.959	0.737076
NM_001127227.2	7554	7326.29	83.2219	0.511206
NM_001127228.2	2182	1954.29	6769.81	155.894
NM_001127229.2	910	682.293	1071.46	70.6722
NM_001127230.2	832	604.427	123.383	9.18655
NM_001127231.3	7397	7169.29	32.4242	0.203533
NM_001127232.3	5711	5483.29	15.4175	0.126536
NM_001127235.2	4345	4117.29	203.358	2.22276
NM_001127236.2	3437	3209.29	0	0
NM_001127240.3	1728	1500.29	16.1268	0.483741
NM_001127241.3	1439	1211.29	30.4051	1.12964
NM_001127242.3	1248	1020.29	0	0
NM_001127244.2	4492	4264.29	1.25169e-07	1.32097e-09
NM_001127245.2	4227	3999.29	149.529	1.68261
NM_001127255.2	3440	3212.29	0	0
NM_001127257.2	5219	4991.29	136.331	1.2292
NM_001127258.3	7371	7143.29	332.762	2.09641
NM_001127266.2	2803	2575.29	762.546	13.3254
NM_001127320.3	3417	3189.29	257.854	3.63849
NM_001127321.1	11525	11297.3	278.661	1.11005
NM_001127322.1	11723	11495.3	247.656	0.96955
NM_001127323.1	3873	3645.29	0	0
NM_001127325.2	1090	862.293	8.08435	0.421922
NM_001127328.3	2273	2045.29	17.0784	0.375781
NM_001127345.3	545	321.964	0	0
NM_001127350.2	1773	1545.29	53.8004	1.56681
NM_001127357.2	5010	4782.29	0	0
NM_001127358.2	5104	4876.29	2369.47	21.8677
NM_001127359.2	2552	2324.29	0	0
NM_001127360.2	2646	2418.29	56.071	1.04345
NM_001127361.3	2727	2499.29	72.3103	1.30204
NM_001127362.2	2104	1876.29	98.1439	2.35399
NM_001127364.3	1295	1067.29	0	0
NM_001127365.3	1121	893.293	0	0
NM_001127366.3	3356	3128.29	183.182	2.63522
NM_001127370.3	2937	2709.29	21.4243	0.355872
NM_001127371.3	2745	2517.29	159.147	2.84516
NM_001127372.3	6820	6592.29	43.1759	0.294746
NM_001127380.3	2034	1806.29	0	0
NM_001127383.2	4026	3798.29	607.246	7.1948
NM_001127384.3	10620	10392.3	0	0
NM_001127385.2	1457	1229.29	0	0
NM_001127391.3	2064	1836.29	0	0
NM_001127392.3	5940	5712.29	0	0
NM_001127393.2	884	656.427	54.3157	3.72376
NM_001127394.4	1765	1537.29	228.388	6.68589
NM_001127395.5	1326	1098.29	73.0189	2.99198
NM_001127396.3	1876	1648.29	0	0
NM_001127397.3	2368	2140.29	51.0126	1.07262
NM_001127398.3	2284	2056.29	1194.89	26.1507
NM_001127399.2	2197	1969.29	24.3285	0.555964
NM_001127400.2	2433	2205.29	141.335	2.88421
NM_001127401.2	2494	2266.29	98.7709	1.96135
NM_001127441.2	2038	1810.29	0	0
NM_001127442.2	1842	1614.29	0	0
NM_001127443.2	1892	1664.29	18.0881	0.489109
NM_001127444.2	1987	1759.29	6.30525	0.16129
NM_001127448.2	4906	4678.29	0	0
NM_001127453.2	2250	2022.29	462.455	10.2912
NM_001127454.2	2184	1956.29	21.4857	0.494262
NM_001127457.3	4064	3836.29	0	0
NM_001127458.2	3657	3429.29	0	0
NM_001127460.4	4628	4400.29	7.92945	0.0810968
NM_001127461.3	4016	3788.29	0	0
NM_001127462.3	4016	3788.29	0	0
NM_001127482.3	2940	2712.29	24.223	0.401915
NM_001127487.2	9060	8832.29	761.723	3.8812
NM_001127491.3	2890	2662.29	0	0
NM_001127493.3	8056	7828.29	0	0
NM_001127496.3	4904	4676.29	2752.35	26.4877
NM_001127500.3	6876	6648.29	129.685	0.877853
NM_001127501.4	2371	2143.29	15.3108	0.321482
NM_001127505.3	2872	2644.29	0	0
NM_001127507.3	2923	2695.29	0	0
NM_001127510.3	10812	10584.3	179.385	0.762722
NM_001127511.3	10811	10583.3	0	0
NM_001127582.2	1662	1434.29	146.378	4.59282
NM_001127583.2	1653	1425.29	9.28463	0.293158
NM_001127584.2	1650	1422.29	44.6336	1.41226
NM_001127585.2	1590	1362.29	0	0
NM_001127586.2	1514	1286.29	19.9573	0.698239
NM_001127592.2	2412	2184.29	0	0
NM_001127593.1	2204	1976.29	0	0
NM_001127595.2	2153	1925.29	0	0
NM_001127596.2	2150	1922.29	0	0
NM_001127598.3	4671	4443.29	0	0
NM_001127603.2	1682	1454.29	47.7659	1.47812
NM_001127605.3	2526	2298.29	100.216	1.96234
NM_001127608.3	2114	1886.29	0	0
NM_001127610.2	3422	3194.29	2	0.0281772
NM_001127612.3	2646	2418.29	0	0
NM_001127615.3	3092	2864.29	3.41125	0.0535968
NM_001127617.2	1630	1402.29	64.7311	2.07738
NM_001127621.2	1584	1356.29	27.8106	0.922781
NM_001127628.2	1509	1281.29	0	0
NM_001127641.1	4067	3839.29	0	0
NM_001127643.2	4223	3995.29	0	0
NM_001127644.2	4238	4010.29	0	0
NM_001127645.2	3992	3764.29	0	0
NM_001127648.2	4006	3778.29	0	0
NM_001127649.3	18626	18398.3	1821.89	4.45642
NM_001127651.3	2242	2014.29	0	0
NM_001127660.2	4262	4034.29	628.124	7.0068
NM_001127662.2	2502	2274.29	0	0
NM_001127663.2	2707	2479.29	47.7878	0.867424
NM_001127664.2	2674	2446.29	0	0
NM_001127665.2	2669	2441.29	62.7223	1.15623
NM_001127666.2	2666	2438.29	643.132	11.8702
NM_001127667.2	2657	2429.29	55.4409	1.02705
NM_001127668.4	3178	2950.29	15.1187	0.230618
NM_001127669.4	3150	2922.29	0	0
NM_001127670.4	3419	3191.29	0	0
NM_001127671.2	10553	10325.3	2125.56	9.2643
NM_001127688.2	1199	971.293	0	0
NM_001127691.3	2526	2298.29	10.0099	0.196004
NM_001127692.3	2406	2178.29	67.0516	1.38527
NM_001127695.3	1904	1676.29	520.775	13.9811
NM_001127696.2	6839	6611.29	34.2856	0.233382
NM_001127697.3	6731	6503.29	12.4745	0.0863245
NM_001127698.2	3741	3513.29	0	0
NM_001127699.2	2917	2689.29	0	0
NM_001127700.2	3179	2951.29	0	0
NM_001127701.2	3475	3247.29	2.48174e-06	3.43935e-08
NM_001127702.2	3283	3055.29	1.11801e-07	1.64677e-09
NM_001127703.2	3438	3210.29	16.5179	0.231553
NM_001127704.2	3435	3207.29	0	0
NM_001127705.2	3453	3225.29	0	0
NM_001127706.2	3246	3018.29	2.00931	0.029959
NM_001127707.2	3243	3015.29	7.85506	0.117236
NM_001127708.3	4932	4704.29	102.513	0.980675
NM_001127709.3	4776	4548.29	1209.81	11.9705
NM_001127710.3	4653	4425.29	302.21	3.07333
NM_001127711.3	827	599.427	93.5056	7.0201
NM_001127713.1	2821	2593.29	41.4894	0.719993
NM_001127714.3	12534	12306.3	79.0213	0.288974
NM_001127715.4	9290	9062.29	459.394	2.28134
NM_001127716.2	2142	1914.29	838.883	19.7213
NM_001127717.4	10483	10255.3	0	0
NM_001127718.4	5450	5222.29	0	0
NM_001127889.5	1614	1386.29	35.4741	1.15159
NM_001127890.5	1718	1490.29	13.097	0.395496
NM_001127891.3	3401	3173.29	14.0848	0.199748
NM_001127892.2	5246	5018.29	0	0
NM_001127893.3	2215	1987.29	0	0
NM_001127895.2	2225	1997.29	17.7468	0.399871
NM_001127896.2	2148	1920.29	125.253	2.93538
NM_001127897.4	7695	7467.29	0.0186271	0.00011226
NM_001127898.4	9863	9635.29	432.696	2.02097
NM_001127899.4	10122	9894.29	77.2951	0.351568
NM_001128.6	6602	6374.29	3781.87	26.7003
NM_001128076.3	1257	1029.29	0	0
NM_001128077.1	273	100.242	0	0
NM_001128085.1	1368	1140.29	0	0
NM_001128126.3	4060	3832.29	170.295	1.9998
NM_001128127.3	4497	4269.29	280.104	2.9526
NM_001128128.3	6192	5964.29	28.6409	0.216108
NM_001128141.3	1650	1422.29	0	0
NM_001128142.2	1081	853.293	3.40896	0.17979
NM_001128143.2	3039	2811.29	0	0
NM_001128144.2	2670	2442.29	0	0
NM_001128147.3	2889	2661.29	12.9567	0.219102
NM_001128148.3	5012	4784.29	8383.03	78.8544
NM_001128149.3	6357	6129.29	3.26422	0.0239668
NM_001128150.2	2040	1812.29	577.061	14.3297
NM_001128159.3	13089	12861.3	1083.24	3.79039
NM_001128160.2	4067	3839.29	3758.8	44.0596
NM_001128161.2	3767	3539.29	1577.97	20.0643
NM_001128164.2	10557	10329.3	1724.97	7.51543
NM_001128165.2	2165	1937.29	49.0986	1.14056
NM_001128166.3	8881	8653.29	0	0
NM_001128167.3	8808	8580.29	0	0
NM_001128168.3	9237	9009.29	0	0
NM_001128172.2	8639	8411.29	0	0
NM_001128173.3	9174	8946.29	0	0
NM_001128174.3	3733	3505.29	0	0
NM_001128175.2	1699	1471.29	0	0
NM_001128176.3	7541	7313.29	0	0
NM_001128177.2	7567	7339.29	0.474204	0.00290772
NM_001128178.3	2522	2294.29	47.3896	0.929557
NM_001128179.3	2333	2105.29	0	0
NM_001128202.3	941	713.293	14	0.883288
NM_001128203.2	1075	847.293	17.8046	0.945674
NM_001128204.2	5391	5163.29	1232.17	10.7395
NM_001128205.2	5662	5434.29	6930.58	57.3943
NM_001128206.2	5500	5272.29	5893.24	50.3033
NM_001128208.2	1461	1233.29	36.4464	1.32993
NM_001128209.2	9337	9109.29	2.05671e-08	1.01609e-10
NM_001128210.2	4070	3842.29	113.813	1.33304
NM_001128211.2	3854	3626.29	0	0
NM_001128212.3	1811	1583.29	125.872	3.57774
NM_001128213.2	2034	1806.29	8.45367	0.21062
NM_001128214.2	1555	1327.29	330.466	11.2047
NM_001128215.1	1484	1256.29	0	0
NM_001128217.3	3339	3111.29	2238.54	32.3792
NM_001128219.3	3775	3547.29	1109	14.0695
NM_001128220.3	3177	2949.29	4.45464	0.067973
NM_001128221.3	3300	3072.29	25.6352	0.375505
NM_001128223.3	3974	3746.29	0	0
NM_001128224.3	5621	5393.29	0	0
NM_001128225.3	2330	2102.29	224.348	4.80254
NM_001128226.3	10481	10253.3	540.413	2.37194
NM_001128227.3	5220	4992.29	0	0
NM_001128228.3	2659	2431.29	428	7.92225
NM_001128301.3	1610	1382.29	12.2294	0.398151
NM_001128302.3	1378	1150.29	68.1445	2.66603
NM_001128303.2	4394	4166.29	86.1912	0.931012
NM_001128304.2	3359	3131.29	41.842	0.601355
NM_001128305.2	3146	2918.29	2.76447e-08	4.26309e-10
NM_001128306.2	2963	2735.29	32.6044	0.536432
NM_001128309.3	5178	4950.29	20.8827	0.189845
NM_001128310.3	2880	2652.29	6	0.101806
NM_001128324.2	3371	3143.29	0	0
NM_001128325.3	1776	1548.29	179.7	5.2232
NM_001128326.2	654	427.803	0	0
NM_001128423.2	5894	5666.29	79.2125	0.629125
NM_001128424.2	4875	4647.29	238.47	2.30928
NM_001128425.2	1900	1672.29	0	0
NM_001128426.3	5816	5588.29	0	0
NM_001128427.3	4793	4565.29	0	0
NM_001128428.3	4766	4538.29	0	0
NM_001128429.3	5100	4872.29	551.872	5.09739
NM_001128430.2	5022	4794.29	308.803	2.89867
NM_001128431.4	4663	4435.29	7189.47	72.9486
NM_001128432.3	1214	986.293	0	0
NM_001128588.4	4075	3847.29	0	0
NM_001128590.4	1914	1686.29	0	0
NM_001128591.2	785	557.487	121.559	9.81284
NM_001128592.2	902	674.361	79.2598	5.28936
NM_001128595.3	4968	4740.29	0	0
NM_001128596.3	5158	4930.29	0	0
NM_001128598.1	370	167.861	0	0
NM_001128600.2	640	414.014	0	0
NM_001128602.2	4926	4698.29	13.7194	0.131413
NM_001128608.2	7200	6972.29	0	0
NM_001128610.3	19005	18777.3	1404.12	3.36523
NM_001128612.3	980	752.293	60.3767	3.61181
NM_001128613.3	1011	783.293	140.057	8.0468
NM_001128615.2	3597	3369.29	49.761	0.664649
NM_001128616.2	4053	3825.29	0	0
NM_001128617.3	4452	4224.29	643.886	6.85958
NM_001128618.2	1510	1282.29	0	0
NM_001128620.2	3508	3280.29	1.25327e-06	1.71939e-08
NM_001128626.2	5638	5410.29	12.1119	0.100747
NM_001128627.1	5100	4872.29	0.0173179	0.000159957
NM_001128628.3	3879	3651.29	5.02048	0.0618786
NM_001128629.3	3796	3568.29	0	0
NM_001128631.3	1979	1751.29	66.6696	1.71321
NM_001128633.2	5796	5568.29	0	0
NM_001128635.2	5728	5500.29	30.0674	0.24601
NM_001128636.4	3976	3748.29	13.6418	0.163788
NM_001128826.2	5052	4824.29	17.3334	0.161693
NM_001128827.4	6167	5939.29	157.336	1.19216
NM_001128829.4	1905	1677.29	0	0
NM_001128830.4	1907	1679.29	0	0
NM_001128831.4	1830	1602.29	0	0
NM_001128833.2	5860	5632.29	2590.11	20.6955
NM_001128834.3	3140	2912.29	0	0
NM_001128835.3	2836	2608.29	0	0
NM_001128839.3	9297	9069.29	0	0
NM_001128840.3	9369	9141.29	0	0
NM_001128843.2	2410	2182.29	9.69929	0.200018
NM_001128844.3	5653	5425.29	19.826	0.164458
NM_001128845.2	5339	5111.29	1509.31	13.2889
NM_001128846.2	5336	5108.29	562.149	4.95242
NM_001128847.4	5478	5250.29	2437.83	20.8959
NM_001128848.2	5327	5099.29	0	0
NM_001128849.3	5673	5445.29	17.6225	0.145643
NM_001128850.2	1469	1241.29	2.90125	0.105185
NM_001128852.2	2987	2759.29	2761.81	45.0441
NM_001128853.2	2978	2750.29	601.413	9.84094
NM_001128854.2	2975	2747.29	486.845	7.97495
NM_001128855.3	2503	2275.29	112.613	2.22737
NM_001128911.2	3168	2940.29	2118.66	32.4275
NM_001128912.2	3156	2928.29	1147.2	17.6306
NM_001128913.2	3078	2850.29	2423.91	38.2709
NM_001128914.2	3027	2799.29	2357.15	37.8949
NM_001128915.2	3080	2852.29	0	0
NM_001128916.2	1676	1448.29	2947.43	91.5861
NM_001128917.2	1768	1540.29	1260.47	36.8275
NM_001128918.3	3481	3253.29	857.778	11.8657
NM_001128919.3	3454	3226.29	101.526	1.41617
NM_001128920.3	3361	3133.29	0.0248625	0.000357097
NM_001128921.3	3199	2971.29	0	0
NM_001128922.2	4207	3979.29	2824.76	31.9462
NM_001128923.2	5104	4876.29	467.887	4.31811
NM_001128924.2	4195	3967.29	356.354	4.04231
NM_001128925.2	2133	1905.29	0	0
NM_001128926.4	5727	5499.29	26.0998	0.213586
NM_001128928.2	2044	1816.29	84.2334	2.08709
NM_001128929.3	8393	8165.29	0	0
NM_001128930.3	5779	5551.29	745.626	6.04462
NM_001128931.2	1604	1376.29	0	0
NM_001128932.2	2967	2739.29	2.00036	0.0328633
NM_001128933.3	15417	15189.3	67.3666	0.199595
NM_001128934.3	4838	4610.29	2.53806	0.0247751
NM_001129.5	4097	3869.29	25220.7	293.337
NM_001129727.3	4582	4354.29	361.791	3.73924
NM_001129728.2	4547	4319.29	104.447	1.08824
NM_001129729.3	4512	4284.29	0	0
NM_001129731.3	4518	4290.29	60.0383	0.629773
NM_001129742.2	1652	1424.29	3	0.0947903
NM_001129758.2	1685	1457.29	0	0
NM_001129765.2	1900	1672.29	143.081	3.85045
NM_001129778.3	1199	971.293	0	0
NM_001129819.2	3167	2939.29	0	0
NM_001129820.2	7169	6941.29	3.02994e-07	1.96443e-09
NM_001129826.3	844	616.427	0	0
NM_001129827.2	13888	13660.3	0	0
NM_001129828.3	793	565.487	0	0
NM_001129829.2	13867	13639.3	66.842	0.220546
NM_001129830.3	13849	13621.3	0	0
NM_001129831.2	13828	13600.3	0.139025	0.000460032
NM_001129832.2	13804	13576.3	0	0
NM_001129833.2	13801	13573.3	13.8963	0.046074
NM_001129834.2	13801	13573.3	0	0
NM_001129835.2	13801	13573.3	0	0
NM_001129836.2	13795	13567.3	0	0
NM_001129837.2	13768	13540.3	22.1148	0.0735016
NM_001129838.2	13768	13540.3	0	0
NM_001129839.2	13762	13534.3	0	0
NM_001129840.2	13744	13516.3	0	0
NM_001129841.2	13744	13516.3	0	0
NM_001129842.2	13744	13516.3	133.263	0.443705
NM_001129843.2	13744	13516.3	0	0
NM_001129844.2	13735	13507.3	292.96	0.976073
NM_001129846.2	13711	13483.3	0	0
NM_001129883.4	1320	1092.29	0	0
NM_001129884.3	1372	1144.29	0	0
NM_001129885.1	647	420.888	0.410081	0.0438476
NM_001129887.3	2132	1904.29	6.87418	0.162454
NM_001129888.2	1207	979.293	42.183	1.9385
NM_001129889.3	5173	4945.29	0	0
NM_001129890.2	1344	1116.29	4.37272	0.176285
NM_001129891.3	5715	5487.29	1751.72	14.3664
NM_001129896.3	3834	3606.29	5.74987	0.0717529
NM_001129898.2	2334	2106.29	92.3864	1.97393
NM_001129899.2	2378	2150.29	146.057	3.0568
NM_001129900.2	2363	2135.29	61.2992	1.29193
NM_001129908.3	3389	3161.29	17	0.242006
NM_001129979.3	1057	829.293	20	1.08534
NM_001129981.3	1348	1120.29	0	0
NM_001129993.3	4578	4350.29	588.787	6.09091
NM_001129994.2	3909	3681.29	1155.85	14.1301
NM_001129995.2	3906	3678.29	327.112	4.00214
NM_001129996.2	1614	1386.29	49.6415	1.61151
NM_001129998.3	1279	1051.29	0	0
NM_001130.6	1798	1570.29	5173.42	148.265
NM_001130003.2	2527	2299.29	0	0
NM_001130004.2	3722	3494.29	597.614	7.69669
NM_001130005.2	3641	3413.29	3092.36	40.7716
NM_001130006.2	7138	6910.29	2184.6	14.2271
NM_001130007.2	7166	6938.29	220.555	1.43056
NM_001130009.3	9957	9729.29	984.934	4.55584
NM_001130010.3	2458	2230.29	60.554	1.22186
NM_001130011.3	1138	910.293	0	0
NM_001130012.3	2160	1932.29	160.135	3.72954
NM_001130014.2	1572	1344.29	1211.41	40.5544
NM_001130015.2	1691	1463.29	0	0
NM_001130016.3	1557	1329.29	0	0
NM_001130017.3	1511	1283.29	0	0
NM_001130020.3	4109	3881.29	82.1941	0.95303
NM_001130021.3	4106	3878.29	0	0
NM_001130022.2	2232	2004.29	41.778	0.938056
NM_001130026.3	5215	4987.29	100.032	0.90264
NM_001130028.2	1854	1626.29	1392	38.5197
NM_001130029.2	2108	1880.29	122.012	2.92025
NM_001130031.2	12639	12411.3	254.353	0.922277
NM_001130032.2	12586	12358.3	46.6986	0.170054
NM_001130033.2	1872	1644.29	16	0.437908
NM_001130034.2	2016	1788.29	0	0
NM_001130035.2	1911	1683.29	0	0
NM_001130036.2	1925	1697.29	0	0
NM_001130037.2	2911	2683.29	0	0
NM_001130040.2	3481	3253.29	5065.28	70.0684
NM_001130041.2	3059	2831.29	827.906	13.1595
NM_001130042.2	1947	1719.29	435.485	11.399
NM_001130043.2	1806	1578.29	138.965	3.96241
NM_001130045.2	2288	2060.29	0	0
NM_001130046.2	831	603.427	3.99555	0.297984
NM_001130047.3	5025	4797.29	48.6105	0.456012
NM_001130048.2	7681	7453.29	0	0
NM_001130049.2	4267	4039.29	0	0
NM_001130050.2	4076	3848.29	0	0
NM_001130053.5	2090	1862.29	14.8237	0.358221
NM_001130055.4	1161	933.293	27.7725	1.33918
NM_001130056.5	913	685.293	645.884	42.4151
NM_001130057.4	1454	1226.29	232.223	8.52222
NM_001130058.2	3896	3668.29	0	0
NM_001130060.2	6597	6369.29	26.3176	0.185951
NM_001130064.2	1894	1666.29	2.33297	0.0630087
NM_001130065.2	7618	7390.29	8947.31	54.4845
NM_001130066.2	5966	5738.29	15.5832	0.122213
NM_001130067.2	6827	6599.29	89.6514	0.611367
NM_001130069.4	1845	1617.29	77.5342	2.15748
NM_001130071.2	16709	16481.3	217.837	0.594815
NM_001130072.2	16219	15991.3	4283.64	12.0551
NM_001130079.3	3501	3273.29	0	0
NM_001130080.3	652	425.803	188.84	19.9585
NM_001130081.3	5901	5673.29	128.831	1.02195
NM_001130082.3	7178	6950.29	41.8412	0.270922
NM_001130083.2	3725	3497.29	0	0
NM_001130084.2	3623	3395.29	0	0
NM_001130085.2	3506	3278.29	0	0
NM_001130086.2	3467	3239.29	0	0
NM_001130087.2	3383	3155.29	0	0
NM_001130088.2	2550	2322.29	0	0
NM_001130089.2	2171	1943.29	1121.88	25.9807
NM_001130090.1	2183	1955.29	0	0
NM_001130091.2	2193	1965.29	0	0
NM_001130092.2	2104	1876.29	10.3688	0.248697
NM_001130099.1	3355	3127.29	0	0
NM_001130100.2	3359	3131.29	1962.75	28.2087
NM_001130101.3	1672	1444.29	7.86427	0.245045
NM_001130102.3	1743	1515.29	22.5417	0.669473
NM_001130103.2	3115	2887.29	12.5861	0.196174
NM_001130105.1	5494	5266.29	681.11	5.82042
NM_001130106.2	1799	1571.29	7.65267	0.219179
NM_001130107.2	2483	2255.29	730.554	14.5778
NM_001130110.2	1890	1662.29	3.20955	0.0868917
NM_001130111.2	1706	1478.29	2137.72	65.0777
NM_001130112.4	2230	2002.29	43.3553	0.974443
NM_001130113.3	2163	1935.29	14.3966	0.334778
NM_001130136.1	4833	4605.29	24.8581	0.242914
NM_001130137.1	4569	4341.29	0	0
NM_001130138.2	4261	4033.29	0	0
NM_001130140.2	5285	5057.29	50.2994	0.447597
NM_001130141.2	2159	1931.29	10.7937	0.251516
NM_001130142.2	4300	4072.29	21.8221	0.241157
NM_001130143.2	866	638.427	0	0
NM_001130144.3	4833	4605.29	3056.31	29.8664
NM_001130145.3	5401	5173.29	1836.76	15.9782
NM_001130146.2	2246	2018.29	278.843	6.21753
NM_001130147.2	2345	2117.29	194.71	4.13856
NM_001130148.2	2291	2063.29	60.4614	1.31874
NM_001130156.3	2212	1984.29	6.30861	0.143077
NM_001130157.3	2285	2057.29	20.8835	0.456824
NM_001130158.3	5069	4841.29	3409.26	31.6914
NM_001130159.3	1228	1000.29	0	0
NM_001130160.3	1028	800.293	0	0
NM_001130161.4	3291	3063.29	0.00747834	0.000109865
NM_001130167.2	2031	1803.29	0	0
NM_001130168.2	1665	1437.29	0	0
NM_001130172.2	3312	3084.29	46.4563	0.677846
NM_001130173.2	3684	3456.29	0	0
NM_001130182.2	3127	2899.29	28.9123	0.448779
NM_001130183.2	2869	2641.29	8.54946	0.145668
NM_001130404.1	1847	1619.29	0	0
NM_001130405.1	1847	1619.29	0	0
NM_001130406.1	1847	1619.29	0	0
NM_001130407.1	1847	1619.29	0	0
NM_001130410.2	1420	1192.29	5.48954	0.207202
NM_001130413.4	3050	2822.29	21.1821	0.337761
NM_001130414.1	3617	3389.29	0	0
NM_001130415.2	4738	4510.29	849.062	8.47183
NM_001130417.3	2967	2739.29	0	0
NM_001130420.3	4811	4583.29	11.7387	0.115262
NM_001130438.3	7875	7647.29	0	0
NM_001130440.2	1605	1377.29	1195.49	39.0628
NM_001130442.3	1178	950.293	274.255	12.9879
NM_001130445.3	5308	5080.29	3942.88	34.9274
NM_001130446.3	2506	2278.29	9.65234	0.190663
NM_001130447.2	3828	3600.29	144.781	1.80973
NM_001130448.3	2470	2242.29	75	1.50526
NM_001130455.2	6661	6433.29	0	0
NM_001130475.3	3384	3156.29	597.9	8.52498
NM_001130478.2	997	769.293	0	0
NM_001130480.2	1939	1711.29	17.0488	0.448345
NM_001130481.2	1781	1553.29	0	0
NM_001130482.2	1885	1657.29	6.87306	0.186635
NM_001130483.2	1988	1760.29	212.516	5.43311
NM_001130487.2	3368	3140.29	0	0
NM_001130514.3	948	720.293	0	0
NM_001130517.4	1428	1200.29	43.1887	1.61929
NM_001130518.2	3966	3738.29	0	0
NM_001130519.3	3118	2890.29	52.7708	0.821663
NM_001130520.3	3187	2959.29	35.9019	0.545973
NM_001130523.3	4151	3923.29	376.012	4.31314
NM_001130524.2	12895	12667.3	47.3779	0.16832
NM_001130527.3	8246	8018.29	22.6286	0.127004
NM_001130528.3	8276	8048.29	132.888	0.743063
NM_001130674.3	5266	5038.29	14978.6	133.792
NM_001130675.2	2809	2581.29	13.8974	0.242291
NM_001130677.2	3255	3027.29	210	3.12181
NM_001130678.4	2627	2399.29	78.5685	1.47369
NM_001130679.3	2520	2292.29	136.923	2.68812
NM_001130682.3	9205	8977.29	0	0
NM_001130683.4	9460	9232.29	0	0
NM_001130684.3	9284	9056.29	0	0
NM_001130685.3	9281	9053.29	0	0
NM_001130687.3	3453	3225.29	0	0
NM_001130688.1	1467	1239.29	1244.5	45.1921
NM_001130689.1	1454	1226.29	188.168	6.90547
NM_001130690.3	8373	8145.29	16.0093	0.0884522
NM_001130691.2	4713	4485.29	4997.81	50.1454
NM_001130692.2	4587	4359.29	131.276	1.35523
NM_001130698.2	8401	8173.29	7.82426e-06	4.30813e-08
NM_001130699.2	6845	6617.29	2.2799e-06	1.55052e-08
NM_001130700.2	6842	6614.29	4.24536e-06	2.88851e-08
NM_001130701.2	4616	4388.29	26.644	0.273241
NM_001130702.2	1378	1150.29	45.6131	1.78453
NM_001130703.1	3244	3016.29	0	0
NM_001130704.1	3219	2991.29	0	0
NM_001130705.1	3138	2910.29	0	0
NM_001130706.3	3193	2965.29	2.18433	0.0331508
NM_001130708.3	3114	2886.29	5.60282	0.0873592
NM_001130709.2	2020	1792.29	170.273	4.27543
NM_001130710.2	2207	1979.29	23.2407	0.528422
NM_001130711.2	905	677.361	0	0
NM_001130713.3	3491	3263.29	0	0
NM_001130714.3	3450	3222.29	0	0
NM_001130715.2	2267	2039.29	1.06623	0.0235295
NM_001130716.2	1472	1244.29	0	0
NM_001130720.3	5046	4818.29	171.419	1.60107
NM_001130721.2	6416	6188.29	337.968	2.4578
NM_001130722.3	4725	4497.29	0	0
NM_001130723.3	4808	4580.29	10.8965	0.107062
NM_001130725.1	958	730.293	104.249	6.42417
NM_001130726.5	6628	6400.29	256.733	1.80519
NM_001130727.3	5934	5706.29	0	0
NM_001130820.3	4791	4563.29	38.2242	0.376966
NM_001130821.3	4912	4684.29	7.43974	0.0714753
NM_001130822.3	4804	4576.29	78.8156	0.77507
NM_001130823.3	5274	5046.29	2092.02	18.6567
NM_001130824.2	3603	3375.29	50.3096	0.670783
NM_001130825.2	3666	3438.29	2.2926	0.0300074
NM_001130831.2	8006	7778.29	0	0
NM_001130834.3	2527	2299.29	757.434	14.8249
NM_001130841.2	2565	2337.29	134.529	2.59027
NM_001130842.2	5284	5056.29	4.89387	0.0435575
NM_001130845.2	3659	3431.29	124.428	1.63193
NM_001130846.4	1925	1697.29	0	0
NM_001130847.4	2425	2197.29	0	0
NM_001130848.2	4214	3986.29	10.0442	0.113393
NM_001130849.2	3951	3723.29	120.04	1.45091
NM_001130850.2	3695	3467.29	38.9056	0.504968
NM_001130851.2	721	493.802	0	0
NM_001130852.1	1453	1225.29	0	0
NM_001130858.4	5660	5432.29	12.0417	0.0997577
NM_001130859.3	5625	5397.29	27.144	0.226329
NM_001130860.6	4428	4200.29	6.73234	0.0721321
NM_001130861.1	2332	2104.29	0	0
NM_001130862.2	2163	1935.29	0.000811612	1.88731e-05
NM_001130863.3	3161	2933.29	117.384	1.80092
NM_001130864.2	3373	3145.29	253.194	3.62271
NM_001130865.3	2369	2141.29	0	0
NM_001130867.2	1704	1476.29	262.816	8.01163
NM_001130910.2	1536	1308.29	4	0.137593
NM_001130912.3	14257	14029.3	1361.06	4.36601
NM_001130913.2	2759	2531.29	55.8691	0.993279
NM_001130914.2	1542	1314.29	132.315	4.53062
NM_001130915.2	1858	1630.29	15.7725	0.435388
NM_001130916.3	6261	6033.29	173.465	1.2939
NM_001130917.3	4482	4254.29	0	0
NM_001130918.3	3573	3345.29	0	0
NM_001130919.3	2149	1921.29	129.646	3.03675
NM_001130920.3	2308	2080.29	13.5268	0.292627
NM_001130921.3	2401	2173.29	30.6546	0.634775
NM_001130922.3	2150	1922.29	8.06621	0.188839
NM_001130923.3	2335	2107.29	0.459803	0.00981949
NM_001130924.3	3815	3587.29	188.649	2.36662
NM_001130925.2	2794	2566.29	0	0
NM_001130926.5	5474	5246.29	263.86	2.26341
NM_001130927.5	5294	5066.29	0	0
NM_001130928.4	5270	5042.29	0.0255084	0.000227666
NM_001130929.2	2461	2233.29	3622.68	73.0006
NM_001130955.2	5734	5506.29	0	0
NM_001130957.2	3436	3208.29	0	0
NM_001130958.2	723	495.802	0	0
NM_001130960.2	6473	6245.29	0	0
NM_001130961.2	6501	6273.29	0	0
NM_001130963.2	5617	5389.29	2889.9	24.132
NM_001130964.2	2698	2470.29	101.582	1.8506
NM_001130965.3	4010	3782.29	18.7664	0.22329
NM_001130966.5	2343	2115.29	0	0
NM_001130967.3	2335	2107.29	53.6957	1.14672
NM_001130968.3	2092	1864.29	22.5456	0.544239
NM_001130969.3	3649	3421.29	0	0
NM_001130970.2	3580	3352.29	0	0
NM_001130971.2	3574	3346.29	212.289	2.855
NM_001130976.2	6910	6682.29	17.9967	0.121202
NM_001130977.2	6973	6745.29	0	0
NM_001130978.2	7015	6787.29	0	0
NM_001130979.2	7045	6817.29	0	0
NM_001130980.2	7003	6775.29	1.0609e-07	7.04672e-10
NM_001130981.2	7066	6838.29	0	0
NM_001130982.2	6754	6526.29	0	0
NM_001130983.2	6724	6496.29	0	0
NM_001130984.2	6682	6454.29	0	0
NM_001130985.2	6712	6484.29	0	0
NM_001130986.2	6619	6391.29	9.91283e-08	6.97993e-10
NM_001130987.2	6775	6547.29	0	0
NM_001130991.3	4465	4237.29	2880.69	30.595
NM_001130992.3	1792	1564.29	1.18289	0.0340306
NM_001130993.3	1954	1726.29	1.16293	0.0303168
NM_001130996.2	4371	4143.29	160.269	1.74079
NM_001130997.3	1193	965.293	356.053	16.5996
NM_001131.3	1918	1690.29	0	0
NM_001131005.2	6194	5966.29	38.6651	0.291647
NM_001131007.2	5006	4778.29	260.698	2.45531
NM_001131008.2	3097	2869.29	2379.81	37.3259
NM_001131009.2	3001	2773.29	0.0219408	0.000356039
NM_001131010.4	6281	6053.29	0	0
NM_001131015.2	2703	2475.29	189.5	3.44527
NM_001131016.2	2975	2747.29	4112.63	67.3685
NM_001131017.2	2792	2564.29	468.489	8.22193
NM_001131018.2	2735	2507.29	252.898	4.53924
NM_001131019.3	1774	1546.29	0	0
NM_001131023.2	3282	3054.29	2.1148	0.0311603
NM_001131024.2	3126	2898.29	423.705	6.57905
NM_001131025.2	3703	3475.29	38.4992	0.498543
NM_001131026.2	2642	2414.29	0	0
NM_001131027.2	2139	1911.29	37.1615	0.875001
NM_001131028.2	3164	2936.29	49.1648	0.753524
NM_001131034.4	2390	2162.29	0	0
NM_001131035.2	1580	1352.29	523.181	17.411
NM_001131036.2	1552	1324.29	304.15	10.3358
NM_001131055.2	2520	2292.29	0	0
NM_001131062.2	6062	5834.29	8.92531	0.0688458
NM_001131063.2	6047	5819.29	17.3006	0.133793
NM_001131065.1	2814	2586.29	5.3721	0.0934778
NM_001131066.2	2582	2354.29	26.5435	0.507387
NM_001133.2	1997	1769.29	0	0
NM_001134.3	2426	2198.29	0	0
NM_001134194.2	1787	1559.29	2.79443	0.0806507
NM_001134222.2	2645	2417.29	211.701	3.94126
NM_001134223.2	7989	7761.29	0	0
NM_001134224.2	10111	9883.29	0	0
NM_001134225.2	10096	9868.29	557.646	2.54307
NM_001134231.2	1877	1649.29	6454.77	176.127
NM_001134232.2	12351	12123.3	1817.64	6.74728
NM_001134285.3	5261	5033.29	0	0
NM_001134296.2	3553	3325.29	133.393	1.80528
NM_001134316.2	1373	1145.29	32	1.25741
NM_001134321.2	656	429.76	404.287	42.3356
NM_001134335.2	4408	4180.29	856.874	9.2247
NM_001134336.2	2880	2652.29	142.337	2.41512
NM_001134337.3	7328	7100.29	1746	11.0665
NM_001134338.3	7397	7169.29	1059.76	6.6523
NM_001134340.2	780	552.487	541.229	44.0861
NM_001134363.3	7293	7065.29	0	0
NM_001134364.2	5600	5372.29	96.0571	0.80466
NM_001134366.2	5391	5163.29	3	0.0261479
NM_001134367.3	6542	6314.29	332.248	2.36799
NM_001134368.4	1266	1038.29	106.646	4.6224
NM_001134369.2	2935	2707.29	3209.48	53.3509
NM_001134373.3	3381	3153.29	590.177	8.42287
NM_001134374.2	2030	1802.29	0	0
NM_001134375.2	3959	3731.29	342.892	4.13562
NM_001134376.2	3923	3695.29	0.467277	0.00569073
NM_001134381.2	6513	6285.29	42.9115	0.307249
NM_001134382.3	7700	7472.29	0	0
NM_001134387.2	1928	1700.29	120.893	3.19977
NM_001134388.2	1837	1609.29	120.306	3.3643
NM_001134389.2	1706	1478.29	0	0
NM_001134395.1	1301	1073.29	111.944	4.69378
NM_001134396.1	1282	1054.29	52.0186	2.22044
NM_001134398.2	4851	4623.29	0	0
NM_001134400.2	4978	4750.29	0	0
NM_001134402.2	4741	4513.29	0	0
NM_001134403.2	5016	4788.29	405.95	3.81534
NM_001134404.2	5093	4865.29	54.1637	0.501005
NM_001134405.2	4063	3835.29	0	0
NM_001134406.2	3916	3688.29	0	0
NM_001134407.3	14706	14478.3	29.5958	0.0919929
NM_001134408.2	14006	13778.3	0	0
NM_001134415.1	3080	2852.29	35.2372	0.555968
NM_001134418.2	2907	2679.29	881.788	14.8111
NM_001134419.2	3181	2953.29	19.371	0.295181
NM_001134420.2	3309	3081.29	70.8652	1.035
NM_001134422.2	4088	3860.29	4142.09	48.2883
NM_001134423.2	3674	3446.29	168.012	2.19397
NM_001134430.3	1372	1144.29	0	0
NM_001134431.3	2212	1984.29	36.0717	0.818093
NM_001134432.2	1141	913.293	224.936	11.0839
NM_001134433.2	1137	909.293	298.39	14.768
NM_001134434.1	1284	1056.29	1	0.0426047
NM_001134435.3	1981	1753.29	122.001	3.13149
NM_001134437.2	5924	5696.29	299.488	2.36608
NM_001134438.2	6042	5814.29	0	0
NM_001134439.2	5782	5554.29	3337.57	27.0423
NM_001134440.2	3252	3024.29	31.8701	0.474244
NM_001134441.2	3158	2930.29	97.1096	1.4914
NM_001134442.3	3154	2926.29	73.9582	1.13739
NM_001134445.2	3855	3627.29	4727.48	58.6529
NM_001134450.2	3027	2799.29	0	0
NM_001134451.2	2685	2457.29	0	0
NM_001134453.3	4629	4401.29	0	0
NM_001134456.2	8691	8463.29	94.1305	0.500534
NM_001134462.2	2433	2205.29	0	0
NM_001134468.2	1644	1416.29	4.76821	0.151511
NM_001134470.2	3645	3417.29	0	0
NM_001134473.3	7212	6984.29	143.453	0.924337
NM_001134476.2	7746	7518.29	0	0
NM_001134477.3	2988	2760.29	83.026	1.35363
NM_001134479.2	3950	3722.29	960.429	11.6117
NM_001134484.2	865	637.427	58.0149	4.09592
NM_001134485.2	808	580.487	98.2665	7.61825
NM_001134486.4	6704	6476.29	0	0
NM_001134492.2	1598	1370.29	122.514	4.02361
NM_001134493.2	602	376.687	916.782	109.529
NM_001134647.2	7704	7476.29	24.4623	0.147249
NM_001134649.3	10199	9971.29	0	0
NM_001134650.1	6100	5872.29	188.571	1.44514
NM_001134651.2	9978	9750.29	2.74106	0.0126515
NM_001134655.2	3369	3141.29	82.1653	1.17712
NM_001134656.2	5549	5321.29	62.4124	0.527833
NM_001134657.1	2791	2563.29	1.00721	0.0176834
NM_001134658.3	3488	3260.29	72.821	1.00518
NM_001134659.1	2307	2079.29	2.13059	0.0461134
NM_001134663.2	1459	1231.29	0	0
NM_001134664.2	1405	1177.29	0	0
NM_001134665.3	3547	3319.29	293.949	3.98537
NM_001134666.3	3536	3308.29	63.6504	0.865843
NM_001134670.2	1953	1725.29	0	0
NM_001134671.3	3153	2925.29	18.4606	0.284
NM_001134672.2	13697	13469.3	0	0
NM_001134673.4	9229	9001.29	538.103	2.69031
NM_001134693.2	442	227.417	3815.76	755.093
NM_001134707.2	3215	2987.29	43.476	0.654959
NM_001134709.2	3040	2812.29	65.3311	1.04545
NM_001134734.2	3050	2822.29	0	0
NM_001134738.1	3086	2858.29	0	0
NM_001134742.2	8113	7885.29	1222.38	6.97637
NM_001134745.3	3198	2970.29	0	0
NM_001134758.4	2584	2356.29	103.679	1.98017
NM_001134759.2	1620	1392.29	15.7043	0.507611
NM_001134771.2	6045	5817.29	0	0
NM_001134772.3	4925	4697.29	247.086	2.36725
NM_001134773.3	4886	4658.29	611.073	5.90348
NM_001134774.2	2722	2494.29	26.7384	0.482426
NM_001134775.2	3022	2794.29	9.22103	0.148508
NM_001134776.2	2812	2584.29	157.915	2.74995
NM_001134778.2	2805	2577.29	87.3374	1.52503
NM_001134779.2	4442	4214.29	0	0
NM_001134793.2	1451	1223.29	1037.07	38.1523
NM_001134830.2	5916	5688.29	231.7	1.8331
NM_001134831.2	6063	5835.29	274.073	2.11371
NM_001134832.2	3633	3405.29	39.9397	0.527828
NM_001134836.2	2385	2157.29	3.06804	0.0640021
NM_001134848.2	3493	3265.29	199.324	2.74714
NM_001134851.4	3291	3063.29	40.6772	0.597591
NM_001134855.2	1761	1533.29	0	0
NM_001134870.2	2844	2616.29	2935.19	50.4885
NM_001134875.2	1713	1485.29	532.293	16.128
NM_001134876.2	1614	1386.29	134.384	4.36251
NM_001134877.1	1547	1319.29	35.1849	1.20021
NM_001134878.3	3583	3355.29	3.72721	0.0499915
NM_001134888.3	5398	5170.29	7.215e-07	6.28006e-09
NM_001134937.2	3378	3150.29	0.0254129	0.000363033
NM_001134938.2	3174	2946.29	188.204	2.87472
NM_001134939.1	866	638.427	17.0641	1.20286
NM_001134941.3	1431	1203.29	0	0
NM_001134944.2	561	336.904	0	0
NM_001134945.2	558	334.107	0	0
NM_001134946.2	444	229.227	2	0.392652
NM_001134999.2	3307	3079.29	70.2789	1.02711
NM_001135.4	8549	8321.29	216.336	1.16998
NM_001135000.2	2296	2068.29	108.781	2.36693
NM_001135004.3	2482	2254.29	65.0195	1.298
NM_001135005.3	3245	3017.29	32.0327	0.47777
NM_001135021.2	2548	2320.29	0	0
NM_001135022.2	2364	2136.29	63.3941	1.33546
NM_001135023.2	2320	2092.29	86.3378	1.85704
NM_001135024.2	2351	2123.29	35.7543	0.757811
NM_001135031.2	1660	1432.29	0	0
NM_001135032.2	1828	1600.29	1639.74	46.1123
NM_001135036.2	4079	3851.29	49.665	0.580344
NM_001135037.2	4576	4348.29	25.4257	0.263146
NM_001135040.3	4380	4152.29	299.046	3.2411
NM_001135041.3	4079	3851.29	106.434	1.2437
NM_001135044.2	2390	2162.29	108.101	2.24987
NM_001135047.2	5273	5045.29	32.4327	0.289294
NM_001135048.2	5378	5150.29	326.774	2.85534
NM_001135049.1	3960	3732.29	643.086	7.75418
NM_001135050.2	4059	3831.29	21.0572	0.247342
NM_001135051.2	2834	2606.29	9.16825	0.158309
NM_001135052.4	4904	4676.29	0	0
NM_001135053.2	1670	1442.29	0	0
NM_001135054.2	1743	1515.29	0	0
NM_001135055.3	2855	2627.29	4598.48	78.7676
NM_001135057.3	5938	5710.29	556.39	4.38493
NM_001135058.2	2860	2632.29	10.3844	0.177537
NM_001135091.2	3387	3159.29	0	0
NM_001135092.2	3237	3009.29	0	0
NM_001135095.2	7931	7703.29	3764.23	21.9909
NM_001135098.2	2409	2181.29	0.131601	0.00271511
NM_001135099.1	3250	3022.29	0	0
NM_001135101.3	1575	1347.29	28.0641	0.937413
NM_001135105.2	1557	1329.29	0	0
NM_001135106.2	1095	867.293	0	0
NM_001135107.2	1255	1027.29	0	0
NM_001135109.4	5242	5014.29	0	0
NM_001135110.3	2583	2355.29	1658.52	31.6896
NM_001135111.2	1675	1447.29	0	0
NM_001135113.2	602	376.687	0.621936	0.0743031
NM_001135146.2	3152	2924.29	175.164	2.69566
NM_001135147.1	4098	3870.29	15.0269	0.17473
NM_001135148.2	2605	2377.29	6.20393	0.117443
NM_001135153.3	4732	4504.29	289.686	2.89429
NM_001135154.3	1717	1489.29	4.91785	0.148606
NM_001135155.3	2301	2073.29	60.4368	1.31185
NM_001135156.3	2324	2096.29	0	0
NM_001135161.2	2297	2069.29	8.05297	0.175136
NM_001135162.2	2283	2055.29	8.11651	0.177721
NM_001135163.1	2895	2667.29	0	0
NM_001135167.1	1789	1561.29	0	0
NM_001135168.1	1944	1716.29	0	0
NM_001135170.2	4466	4238.29	0	0
NM_001135171.2	4469	4241.29	2.38335	0.0252891
NM_001135175.2	3877	3649.29	16.8122	0.207328
NM_001135176.2	3762	3534.29	308.687	3.9306
NM_001135177.2	3776	3548.29	176.419	2.23753
NM_001135178.3	5259	5031.29	98.2449	0.878765
NM_001135179.2	12594	12366.3	1679.14	6.11069
NM_001135181.2	3237	3009.29	0	0
NM_001135186.2	1611	1383.29	0	0
NM_001135187.2	8743	8515.29	14.7004	0.077691
NM_001135188.2	8671	8443.29	663.914	3.53869
NM_001135189.2	8557	8329.29	0	0
NM_001135190.2	4714	4486.29	304.068	3.05018
NM_001135191.2	5530	5302.29	2157.45	18.3113
NM_001135195.1	1985	1757.29	0	0
NM_001135196.2	5258	5030.29	0	0
NM_001135197.2	2700	2472.29	362.555	6.59958
NM_001135208.2	680	453.225	52.0287	5.16621
NM_001135211.3	1528	1300.29	0	0
NM_001135212.2	2873	2645.29	251.771	4.28325
NM_001135213.3	5364	5136.29	23.8622	0.209075
NM_001135214.3	5508	5280.29	73.8851	0.629711
NM_001135215.1	3554	3326.29	8.26966	0.111884
NM_001135216.1	3050	2822.29	0	0
NM_001135217.2	1698	1470.29	7.37537	0.225747
NM_001135218.2	1672	1444.29	56.5049	1.76065
NM_001135219.2	2176	1948.29	40.9557	0.946024
NM_001135239.2	2067	1839.29	102.126	2.49878
NM_001135240.3	4150	3922.29	0.000704983	8.08874e-06
NM_001135241.3	941	713.293	160.015	10.0957
NM_001135242.2	3422	3194.29	58.711	0.827155
NM_001135243.2	5023	4795.29	737.692	6.92312
NM_001135244.2	4912	4684.29	668.693	6.42429
NM_001135245.2	4795	4567.29	507.47	5.00027
NM_001135247.2	1078	850.293	5.8526	0.309758
NM_001135248.2	1042	814.293	132.182	7.30523
NM_001135254.2	6213	5985.29	0	0
NM_001135255.2	7880	7652.29	144.235	0.848246
NM_001135256.2	7845	7617.29	0	0
NM_001135553.4	2661	2433.29	19.5483	0.36154
NM_001135554.2	3384	3156.29	8.3536e-05	1.19107e-06
NM_001135555.4	3397	3169.29	0.00016538	2.34835e-06
NM_001135556.2	2947	2719.29	17.81	0.294747
NM_001135557.2	2887	2659.29	54.19	0.917055
NM_001135564.1	2643	2415.29	404.806	7.54257
NM_001135565.2	2172	1944.29	18.1427	0.419936
NM_001135570.3	1702	1474.29	61.5816	1.87979
NM_001135575.2	4887	4659.29	1187	11.465
NM_001135580.2	654	427.803	102.584	10.7914
NM_001135585.2	2375	2147.29	47.4396	0.994241
NM_001135586.1	5083	4855.29	4550.06	42.1739
NM_001135589.3	2984	2756.29	211.587	3.45466
NM_001135590.2	7195	6967.29	0.999052	0.00645307
NM_001135592.2	970	742.293	22.8889	1.38769
NM_001135597.2	9748	9520.29	485.347	2.29427
NM_001135598.2	4899	4671.29	21.9939	0.211888
NM_001135599.4	5952	5724.29	16.5879	0.13041
NM_001135602.3	2130	1902.29	34.9076	0.82582
NM_001135604.2	1946	1718.29	244.563	6.40525
NM_001135608.3	9226	8998.29	44.9168	0.224642
NM_001135610.2	2754	2526.29	0	0
NM_001135629.3	3173	2945.29	614.094	9.38315
NM_001135635.2	1562	1334.29	1154.6	38.9422
NM_001135636.2	3680	3452.29	20.8639	0.271976
NM_001135637.2	3614	3386.29	69.8321	0.928052
NM_001135638.2	3800	3572.29	95.2715	1.20021
NM_001135639.2	1645	1417.29	0	0
NM_001135642.2	3096	2868.29	6.36353	0.0998428
NM_001135643.2	4137	3909.29	0	0
NM_001135644.2	4349	4121.29	45.657	0.498558
NM_001135647.2	4397	4169.29	63.2892	0.68314
NM_001135648.3	6024	5796.29	0	0
NM_001135649.3	2841	2613.29	0	0
NM_001135650.2	562	337.904	66.7875	8.89496
NM_001135651.3	9975	9747.29	1769.68	8.17058
NM_001135652.2	3697	3469.29	338.5	4.39097
NM_001135653.2	3142	2914.29	5641.44	87.1162
NM_001135654.2	3055	2827.29	899.627	14.3197
NM_001135655.2	942	714.293	0	0
NM_001135659.3	9158	8930.29	0	0
NM_001135662.2	3207	2979.29	71.7651	1.08403
NM_001135663.2	3422	3194.29	77.4384	1.091
NM_001135664.2	3054	2826.29	11.2619	0.179323
NM_001135669.2	8289	8061.29	51.7216	0.288742
NM_001135670.3	1392	1164.29	4.72682	0.182704
NM_001135671.3	1538	1310.29	0	0
NM_001135673.4	3805	3577.29	1278.32	16.0815
NM_001135674.2	3704	3476.29	226.407	2.931
NM_001135675.2	3486	3258.29	67.5301	0.932716
NM_001135676.2	2967	2739.29	14.2862	0.234703
NM_001135685.2	2682	2454.29	0	0
NM_001135686.3	949	721.293	0	0
NM_001135690.3	1251	1023.29	6853.81	301.422
NM_001135691.3	2887	2659.29	0	0
NM_001135694.3	1421	1193.29	52.0001	1.9611
NM_001135697.3	1057	829.293	13.2306	0.717984
NM_001135699.2	5065	4837.29	1300.95	12.1032
NM_001135700.2	4997	4769.29	699.473	6.60023
NM_001135701.2	5046	4818.29	322.951	3.01638
NM_001135702.2	5085	4857.29	446.993	4.14141
NM_001135703.3	4321	4093.29	513.656	5.64731
NM_001135705.3	1827	1599.29	0	0
NM_001135706.3	1865	1637.29	32.9218	0.904897
NM_001135707.3	2677	2449.29	0	0
NM_001135721.3	5494	5266.29	0	0
NM_001135726.3	3711	3483.29	23.7615	0.306991
NM_001135729.2	2298	2070.29	0	0
NM_001135730.2	2143	1915.29	0	0
NM_001135731.2	2243	2015.29	3	0.0669924
NM_001135732.2	2281	2053.29	474.265	10.3947
NM_001135733.2	5643	5415.29	192.907	1.60313
NM_001135734.3	3241	3013.29	85.6075	1.27854
NM_001135740.2	1506	1278.29	0	0
NM_001135745.2	2659	2431.29	176.875	3.27394
NM_001135746.3	2155	1927.29	270.278	6.31111
NM_001135747.3	2015	1787.29	47.1562	1.18737
NM_001135748.3	1969	1741.29	0	0
NM_001135750.2	4616	4388.29	95.6024	0.980428
NM_001135751.2	1063	835.293	2.05237	0.110575
NM_001135752.1	2379	2151.29	319.471	6.68304
NM_001135753.1	2151	1923.29	357.294	8.36031
NM_001135768.3	5657	5429.29	595.505	4.93611
NM_001135769.3	5633	5405.29	876.813	7.30012
NM_001135770.4	1531	1303.29	453.804	15.67
NM_001135771.3	2179	1951.29	0	0
NM_001135773.2	4104	3876.29	21.1583	0.245645
NM_001135774.2	7864	7636.29	0.0280195	0.000165128
NM_001135775.4	2677	2449.29	49.4012	0.907694
NM_001135776.2	5817	5589.29	92.3449	0.74353
NM_001135789.5	760	532.648	0	0
NM_001135805.2	4835	4607.29	0	0
NM_001135806.2	4371	4143.29	0	0
NM_001135811.2	3083	2855.29	107.685	1.69726
NM_001135812.2	2941	2713.29	387.524	6.42753
NM_001135820.2	5963	5735.29	154.943	1.21579
NM_001135821.2	1528	1300.29	100.576	3.48094
NM_001135822.2	1219	991.293	1662.61	75.4798
NM_001135823.1	4364	4136.29	205.744	2.23851
NM_001135825.2	3014	2786.29	61.8908	0.999635
NM_001135844.4	2207	1979.29	0	0
NM_001135861.3	632	406.137	56.5011	6.26076
NM_001135862.3	3577	3349.29	0	0
NM_001135863.2	6128	5900.29	81.3626	0.620574
NM_001135864.2	6122	5894.29	0	0
NM_001135865.3	4064	3836.29	294.466	3.45434
NM_001135911.1	2399	2171.29	41.3484	0.857004
NM_001135917.2	2040	1812.29	77.8366	1.93285
NM_001135919.2	2758	2530.29	0	0
NM_001135920.4	4075	3847.29	21.8745	0.255873
NM_001135924.3	5220	4992.29	0	0
NM_001135934.2	3130	2902.29	1955.62	30.324
NM_001135935.2	3136	2908.29	16676.6	258.055
NM_001135936.2	3046	2818.29	8436.66	134.718
NM_001135937.3	34310	34082.3	264.597	0.34938
NM_001135940.2	1786	1558.29	0	0
NM_001135943.2	5718	5490.29	252.921	2.07315
NM_001135944.2	5683	5455.29	0	0
NM_001135947.2	3006	2778.29	167.733	2.71696
NM_001135953.2	1648	1420.29	5.08383	0.161085
NM_001135954.3	2067	1839.29	0	0
NM_001135955.3	7727	7499.29	10.7156	0.0643038
NM_001135956.3	7532	7304.29	0	0
NM_001135957.3	7556	7328.29	0	0
NM_001135958.3	7460	7232.29	5.97881	0.0372033
NM_001135993.2	4896	4668.29	455.113	4.38737
NM_001135995.2	1407	1179.29	0	0
NM_001135998.3	586	361.171	1398.39	174.244
NM_001135999.2	5631	5403.29	501.195	4.17437
NM_001136.5	1420	1192.29	0	0
NM_001136000.3	11615	11387.3	1132.42	4.47537
NM_001136001.2	2133	1905.29	43.472	1.02681
NM_001136002.2	2147	1919.29	0	0
NM_001136003.2	1758	1530.29	0	0
NM_001136004.3	7812	7584.29	341.334	2.02538
NM_001136005.1	3552	3324.29	0	0
NM_001136006.1	3515	3287.29	26.2787	0.359755
NM_001136007.2	1584	1356.29	0	0
NM_001136008.2	783	555.487	0	0
NM_001136009.2	848	620.427	0	0
NM_001136010.2	764	536.541	0	0
NM_001136011.2	1462	1234.29	0	0
NM_001136012.2	1456	1228.29	0	0
NM_001136015.3	1659	1431.29	821.661	25.8349
NM_001136016.3	3572	3344.29	0	0
NM_001136017.3	2099	1871.29	9.01321	0.21676
NM_001136018.4	1635	1407.29	416.135	13.3074
NM_001136019.3	1511	1283.29	235.632	8.26325
NM_001136020.3	2344	2116.29	0	0
NM_001136021.3	7449	7221.29	55.1605	0.34376
NM_001136022.3	5697	5469.29	1184.4	9.74558
NM_001136023.3	1656	1428.29	0	0
NM_001136024.4	8022	7794.29	99.6736	0.575501
NM_001136025.5	3283	3055.29	6572.54	96.8105
NM_001136026.3	1537	1309.29	10.8647	0.373441
NM_001136029.4	6410	6182.29	0	0
NM_001136030.3	4166	3938.29	0.00267579	3.05764e-05
NM_001136031.3	4897	4669.29	27.9495	0.26938
NM_001136032.3	1176	948.293	0	0
NM_001136033.3	1890	1662.29	164.555	4.45497
NM_001136035.4	2128	1900.29	918.693	21.7566
NM_001136036.3	2348	2120.29	0	0
NM_001136037.4	2453	2225.29	73.3647	1.48369
NM_001136038.4	2522	2294.29	4.9753	0.0975917
NM_001136039.2	1497	1269.29	485.906	17.2279
NM_001136040.4	3514	3286.29	859.644	11.7721
NM_001136041.3	2847	2619.29	20.3246	0.349205
NM_001136042.2	2184	1956.29	0	0
NM_001136043.4	2161	1933.29	50.6201	1.17833
NM_001136044.2	1295	1067.29	625.437	26.3719
NM_001136046.3	2600	2372.29	0	0
NM_001136049.3	7137	6909.29	548.376	3.5718
NM_001136050.3	1427	1199.29	250.99	9.41831
NM_001136051.3	3620	3392.29	5.30406e-06	7.03651e-08
NM_001136052.3	2813	2585.29	23.1962	0.403785
NM_001136053.4	3752	3524.29	553.681	7.07017
NM_001136103.3	5176	4948.29	0	0
NM_001136105.3	1463	1235.29	0	0
NM_001136106.5	2800	2572.29	14.7397	0.257876
NM_001136107.2	2110	1882.29	0	0
NM_001136108.3	1573	1345.29	767.364	25.6701
NM_001136109.3	1272	1044.29	0	0
NM_001136110.3	1020	792.293	0	0
NM_001136112.3	1485	1257.29	0	0
NM_001136113.2	3297	3069.29	13.9034	0.203856
NM_001136114.2	2798	2570.29	25.3636	0.444089
NM_001136115.3	5231	5003.29	41.8719	0.376625
NM_001136116.3	3252	3024.29	52.5728	0.782311
NM_001136123.2	3726	3498.29	0	0
NM_001136125.3	1810	1582.29	70.9049	2.01665
NM_001136126.3	1641	1413.29	0	0
NM_001136127.3	7615	7387.29	16.5181	0.100628
NM_001136129.3	3190	2962.29	0	0
NM_001136130.3	3415	3187.29	0	0
NM_001136131.3	3295	3067.29	0	0
NM_001136134.1	4439	4211.29	52.7365	0.563557
NM_001136135.2	898	670.361	332.07	22.2927
NM_001136136.1	594	368.988	222.093	27.0872
NM_001136137.1	682	455.179	191.144	18.8982
NM_001136138.4	5469	5241.29	0	0
NM_001136139.4	4392	4164.29	22.0883	0.238706
NM_001136140.2	2790	2562.29	29.7267	0.522107
NM_001136152.1	969	741.293	9.03468	0.548485
NM_001136153.2	2617	2389.29	508.994	9.58706
NM_001136154.1	5114	4886.29	0	0
NM_001136155.1	4727	4499.29	9.5549	0.0955705
NM_001136156.2	7716	7488.29	1486.88	8.93585
NM_001136157.2	2888	2660.29	963.371	16.2969
NM_001136158.2	2662	2434.29	372.947	6.89473
NM_001136159.2	2407	2179.29	261.95	5.40935
NM_001136160.2	2048	1820.29	0	0
NM_001136161.2	2351	2123.29	8.00647	0.169697
NM_001136177.3	2796	2568.29	0	0
NM_001136178.2	2851	2623.29	0	0
NM_001136179.3	2879	2651.29	0	0
NM_001136180.2	689	462.088	177	17.2382
NM_001136190.2	3000	2772.29	0	0
NM_001136191.3	5183	4955.29	1052.35	9.55724
NM_001136193.2	6712	6484.29	953.815	6.61978
NM_001136194.2	6727	6499.29	69.1389	0.478738
NM_001136195.2	5021	4793.29	1696.73	15.9302
NM_001136196.2	4854	4626.29	189.838	1.84668
NM_001136197.1	3170	2942.29	482.164	7.37482
NM_001136198.1	3446	3218.29	322.068	4.50364
NM_001136199.3	2626	2398.29	0	0
NM_001136200.2	2386	2158.29	600.827	12.528
NM_001136201.2	1075	847.293	690.135	36.6558
NM_001136202.2	865	637.427	400.251	28.2582
NM_001136203.2	987	759.293	2532.74	150.115
NM_001136204.3	3921	3693.29	3955.79	48.2017
NM_001136205.2	2174	1946.29	75.387	1.74313
NM_001136213.1	2037	1809.29	0	0
NM_001136214.4	2042	1814.29	0	0
NM_001136215.2	1314	1086.29	0	0
NM_001136216.2	1982	1754.29	0	0
NM_001136217.2	1909	1681.29	0	0
NM_001136218.2	1971	1743.29	7.90069	0.203956
NM_001136219.3	2646	2418.29	0	0
NM_001136223.3	4474	4246.29	75.417	0.799285
NM_001136224.4	4232	4004.29	123.778	1.39111
NM_001136225.3	1849	1621.29	112.914	3.13423
NM_001136230.3	2260	2032.29	6.36143	0.140867
NM_001136232.3	1467	1239.29	468.789	17.0234
NM_001136233.3	5860	5632.29	24.7034	0.197385
NM_001136234.3	7201	6973.29	88.6922	0.572387
NM_001136238.2	3795	3567.29	0	0
NM_001136239.4	9147	8919.29	10.4825	0.0528904
NM_001136257.2	5945	5717.29	0	0
NM_001136258.2	6149	5921.29	176.859	1.34417
NM_001136262.2	7596	7368.29	2827	17.2664
NM_001136263.2	3099	2871.29	0	0
NM_001136264.2	1998	1770.29	7.9096	0.201072
NM_001136265.2	6179	5951.29	1232.35	9.3189
NM_001136266.2	1987	1759.29	0	0
NM_001136267.2	1968	1740.29	0	0
NM_001136268.2	1818	1590.29	40.2549	1.13916
NM_001136269.2	1117	889.293	100.024	5.06178
NM_001136271.3	1775	1547.29	10	0.29085
NM_001136273.2	6403	6175.29	0.000178222	1.29881e-06
NM_001136275.2	2553	2325.29	77.4366	1.49869
NM_001136469.3	3723	3495.29	0	0
NM_001136472.2	2440	2212.29	576.515	11.7276
NM_001136473.1	2577	2349.29	154.894	2.96715
NM_001136474.3	4277	4049.29	0	0
NM_001136475.3	3993	3765.29	14.8202	0.177133
NM_001136478.4	3284	3056.29	29.7223	0.437653
NM_001136479.3	3127	2899.29	24.223	0.375992
NM_001136482.3	1210	982.293	4	0.183257
NM_001136483.3	3761	3533.29	0	0
NM_001136485.3	1165	937.293	3	0.144042
NM_001136486.2	1653	1425.29	0	0
NM_001136493.3	2168	1940.29	7.03166	0.163092
NM_001136494.2	3821	3593.29	21.7535	0.272445
NM_001136495.2	3514	3286.29	0	0
NM_001136497.3	4466	4238.29	185.7	1.9718
NM_001136498.2	2552	2324.29	1187.65	22.9953
NM_001136499.2	3877	3649.29	172.721	2.13
NM_001136501.3	6588	6360.29	290.699	2.05688
NM_001136503.2	1312	1084.29	2	0.0830091
NM_001136504.1	7614	7386.29	0	0
NM_001136505.2	2746	2518.29	0	0
NM_001136506.2	2101	1873.29	0	0
NM_001136507.2	778	550.487	0	0
NM_001136508.2	921	693.293	0	0
NM_001136509.3	1905	1677.29	11	0.295139
NM_001136528.2	2226	1998.29	13762.1	309.932
NM_001136530.1	2186	1958.29	14634.2	336.306
NM_001136534.3	2775	2547.29	177.794	3.14109
NM_001136536.5	5935	5707.29	0	0
NM_001136537.3	2987	2759.29	143.897	2.34691
NM_001136538.2	4099	3871.29	110.721	1.28711
NM_001136540.2	2834	2606.29	1.52806e-06	2.63851e-08
NM_001136541.2	2741	2513.29	42.2067	0.755754
NM_001136543.2	1794	1566.29	17.2559	0.495802
NM_001136554.2	5268	5040.29	0	0
NM_001136555.2	5060	4832.29	0	0
NM_001136557.2	6873	6645.29	0	0
NM_001136558.2	6786	6558.29	1869.25	12.8268
NM_001136561.3	1156	928.293	0	0
NM_001136562.3	6802	6574.29	2227.59	15.2486
NM_001136566.3	3259	3031.29	0	0
NM_001136570.3	1533	1305.29	0	0
NM_001136571.2	1584	1356.29	0	0
NM_001136574.2	4565	4337.29	27.9919	0.29044
NM_001136575.2	4490	4262.29	769.834	8.12824
NM_001137548.3	352	154.086	0	0
NM_001137549.2	352	154.086	0	0
NM_001137550.2	4092	3864.29	0	0
NM_001137551.2	3547	3319.29	752.023	10.196
NM_001137552.2	4453	4225.29	108.204	1.15247
NM_001137553.2	4285	4057.29	3783.31	41.9641
NM_001137554.2	9599	9371.29	170.428	0.818434
NM_001137559.1	2364	2136.29	5.19624	0.109464
NM_001137560.2	4911	4683.29	0	0
NM_001137601.3	3612	3384.29	67.1505	0.892943
NM_001137602.4	2124	1896.29	0	0
NM_001137604.3	7359	7131.29	0	0
NM_001137605.3	3468	3240.29	0	0
NM_001137608.3	2346	2118.29	15	0.318675
NM_001137610.3	2518	2290.29	0	0
NM_001137664.2	2181	1953.29	307.222	7.07826
NM_001137667.2	6792	6564.29	422.603	2.89726
NM_001137668.2	6659	6431.29	0	0
NM_001137669.2	3735	3507.29	0	0
NM_001137671.2	6642	6414.29	0	0
NM_001137673.2	3653	3425.29	3674.26	48.2741
NM_001137674.3	3217	2989.29	38.7602	0.583526
NM_001137675.4	7896	7668.29	2189	12.8466
NM_001138.2	498	278.077	1	0.161837
NM_001139.3	2515	2287.29	0	0
NM_001139441.1	1346	1118.29	46.5119	1.87176
NM_001139442.2	9206	8978.29	197.188	0.988393
NM_001139443.2	4286	4058.29	8.19134e-08	9.08352e-10
NM_001139444.3	2681	2453.29	32.5545	0.597179
NM_001139456.2	2023	1795.29	0	0
NM_001139457.2	1828	1600.29	339.478	9.54672
NM_001139459.2	2411	2183.29	81.1435	1.67257
NM_001139466.1	5596	5368.29	0	0
NM_001139467.1	5451	5223.29	564.965	4.86765
NM_001139468.1	5586	5358.29	0	0
NM_001139488.2	4386	4158.29	4.77257	0.0516511
NM_001139490.1	3985	3757.29	614.148	7.35598
NM_001139498.2	18990	18762.3	27.1366	0.0650895
NM_001139499.2	2446	2218.29	6.67331	0.135383
NM_001139500.2	19158	18930.3	0.000133609	3.17629e-07
NM_001139501.2	19268	19040.3	4.74242e-08	1.1209e-10
NM_001139502.2	18911	18683.3	0	0
NM_001139510.2	2117	1889.29	349.413	8.32303
NM_001139514.1	2425	2197.29	0	0
NM_001139515.1	1803	1575.29	0	0
NM_001139517.1	1906	1678.29	24.5648	0.6587
NM_001139518.1	1627	1399.29	0	0
NM_001140.5	2697	2469.29	0	0
NM_001141.3	2697	2469.29	2	0.0364502
NM_001141917.2	4248	4020.29	0	0
NM_001141919.2	2943	2715.29	1173.1	19.4429
NM_001141920.2	2901	2673.29	230.764	3.88476
NM_001141936.3	532	309.634	24.4556	3.55445
NM_001141945.3	1705	1477.29	754.961	22.9985
NM_001141947.3	3134	2906.29	213.849	3.31139
NM_001141968.2	1824	1596.29	1	0.0281922
NM_001141969.2	2558	2330.29	1854.75	35.8194
NM_001141970.2	2489	2261.29	22.7623	0.453003
NM_001141972.2	3623	3395.29	35.8626	0.475342
NM_001141973.3	3981	3753.29	210.611	2.52529
NM_001141974.3	3694	3466.29	1.20216	0.0156077
NM_001141979.3	10363	10135.3	0	0
NM_001141980.3	10369	10141.3	922.664	4.09442
NM_001142.2	793	565.487	0	0
NM_001142269.4	7385	7157.29	1036.95	6.52005
NM_001142270.2	1742	1514.29	0	0
NM_001142271.2	1465	1237.29	0	0
NM_001142272.2	3662	3434.29	0.00050444	6.61019e-06
NM_001142273.2	7901	7673.29	0	0
NM_001142274.2	7877	7649.29	4.00819	0.0235814
NM_001142275.1	6386	6158.29	27.5497	0.201325
NM_001142276.2	3697	3469.29	3377.26	43.8093
NM_001142277.2	3529	3301.29	12561.4	171.237
NM_001142278.2	3010	2782.29	0	0
NM_001142279.2	1685	1457.29	265.37	8.19497
NM_001142281.2	3730	3502.29	320.478	4.11802
NM_001142282.2	537	314.382	54.2886	7.77129
NM_001142283.2	555	331.174	0	0
NM_001142284.2	552	328.307	212.124	29.0771
NM_001142285.2	2705	2477.29	23.7394	0.431256
NM_001142286.2	5240	5012.29	643.729	5.77975
NM_001142287.2	4598	4370.29	0	0
NM_001142288.2	1871	1643.29	493.331	13.5103
NM_001142289.3	3864	3636.29	338.71	4.1919
NM_001142290.3	6467	6239.29	257.715	1.85886
NM_001142291.3	6401	6173.29	122.547	0.893363
NM_001142292.2	2431	2203.29	0	0
NM_001142293.2	2596	2368.29	10.9414	0.207913
NM_001142294.2	4822	4594.29	22.2215	0.217669
NM_001142295.2	4893	4665.29	567.695	5.47619
NM_001142296.2	4883	4655.29	98.7402	0.954529
NM_001142298.2	2911	2683.29	227.55	3.81638
NM_001142299.2	2827	2599.29	442.083	7.65404
NM_001142300.2	3660	3432.29	143.317	1.87913
NM_001142301.1	4675	4447.29	0	0
NM_001142302.2	5110	4882.29	0	0
NM_001142305.2	2069	1841.29	253.072	6.18533
NM_001142307.2	3219	2991.29	111.896	1.68345
NM_001142308.3	6850	6622.29	0	0
NM_001142310.2	3408	3180.29	0	0
NM_001142311.2	3322	3094.29	0.792803	0.0115305
NM_001142312.2	3316	3088.29	11.3457	0.165332
NM_001142314.2	5038	4810.29	0	0
NM_001142315.2	1511	1283.29	54.3282	1.90521
NM_001142316.2	1749	1521.29	42.6667	1.26217
NM_001142317.2	2492	2264.29	6.8398	0.135942
NM_001142318.2	2452	2224.29	15.2848	0.30925
NM_001142319.2	3730	3502.29	0	0
NM_001142324.2	2791	2563.29	0	0
NM_001142325.2	2753	2525.29	0	0
NM_001142326.2	3585	3357.29	39.9235	0.535158
NM_001142327.2	3702	3474.29	202.608	2.62441
NM_001142333.2	4803	4575.29	0	0
NM_001142334.2	4009	3781.29	0	0
NM_001142339.3	5912	5684.29	0	0
NM_001142343.2	5488	5260.29	44.7287	0.382665
NM_001142344.2	5275	5047.29	8.27115	0.0737479
NM_001142345.2	5088	4860.29	0	0
NM_001142348.2	4085	3857.29	1	0.011667
NM_001142349.2	4480	4252.29	0	0
NM_001142350.3	1276	1048.29	40.1067	1.72178
NM_001142351.2	6800	6572.29	0	0
NM_001142352.2	1658	1430.29	0	0
NM_001142353.3	3522	3294.29	444.177	6.06786
NM_001142354.3	3492	3264.29	1783.45	24.5875
NM_001142355.1	1446	1218.29	99.5519	3.67739
NM_001142356.1	1293	1065.29	62.2651	2.63038
NM_001142364.1	1137	909.293	33.2907	1.64763
NM_001142368.2	1443	1215.29	1.62065	0.0600138
NM_001142370.2	3295	3067.29	121.53	1.78307
NM_001142386.3	12720	12492.3	487.131	1.75487
NM_001142389.2	3253	3025.29	99.7637	1.48405
NM_001142391.3	1773	1545.29	61.3932	1.78793
NM_001142392.3	1860	1632.29	110.622	3.04991
NM_001142393.2	4693	4465.29	0	0
NM_001142395.2	4400	4172.29	570.417	6.15262
NM_001142397.2	5845	5617.29	37.0492	0.296821
NM_001142398.2	1606	1378.29	28.1256	0.918338
NM_001142401.3	2981	2753.29	10.083	0.164808
NM_001142402.3	2963	2735.29	1153.81	18.9833
NM_001142403.3	2424	2196.29	73.2509	1.50095
NM_001142404.3	2328	2100.29	96.109	2.05933
NM_001142405.2	1684	1456.29	78.7364	2.43315
NM_001142406.1	1758	1530.29	31.8933	0.937923
NM_001142407.3	1302	1074.29	0	0
NM_001142408.3	1359	1131.29	0	0
NM_001142414.1	2648	2420.29	0	0
NM_001142415.2	2821	2593.29	0	0
NM_001142416.2	2773	2545.29	1654.87	29.2595
NM_001142417.3	1339	1111.29	0	0
NM_001142418.2	1915	1687.29	1567.43	41.8062
NM_001142419.2	1856	1628.29	71.618	1.97939
NM_001142420.2	1703	1475.29	78.4189	2.39213
NM_001142421.2	1805	1577.29	268.406	7.65811
NM_001142422.2	1905	1677.29	41.8188	1.12203
NM_001142423.2	1815	1587.29	6038.43	171.202
NM_001142424.2	1864	1636.29	2174.76	59.8125
NM_001142425.2	1835	1607.29	493.933	13.8298
NM_001142426.2	1713	1485.29	250.784	7.59852
NM_001142427.2	1825	1597.29	21.6908	0.611128
NM_001142428.2	1854	1626.29	54.8799	1.51865
NM_001142429.2	1884	1656.29	335.637	9.11958
NM_001142430.2	1762	1534.29	48.4019	1.4197
NM_001142431.2	1752	1524.29	0	0
NM_001142432.2	1874	1646.29	20.2004	0.552199
NM_001142434.2	5015	4787.29	65.989	0.620332
NM_001142435.3	1322	1094.29	0	0
NM_001142443.3	4048	3820.29	20.2236	0.238235
NM_001142444.3	3833	3605.29	212.058	2.64701
NM_001142445.2	3224	2996.29	0	0
NM_001142446.2	8457	8229.29	14.9621	0.0818224
NM_001142447.3	4757	4529.29	0.0560069	0.000556485
NM_001142448.2	1968	1740.29	32.138	0.831073
NM_001142449.2	1983	1755.29	0	0
NM_001142450.2	2118	1890.29	87.4027	2.08084
NM_001142451.2	2049	1821.29	139.161	3.43858
NM_001142459.2	1793	1565.29	0	0
NM_001142460.1	1820	1592.29	0	0
NM_001142462.3	1834	1606.29	127.657	3.57653
NM_001142463.3	2454	2226.29	14.0277	0.283561
NM_001142464.3	1498	1270.29	12.2449	0.433805
NM_001142465.3	1005	777.293	106.386	6.15942
NM_001142466.3	4385	4157.29	0	0
NM_001142467.2	963	735.293	6.70309e-06	4.10258e-07
NM_001142468.3	1684	1456.29	7.15041	0.220966
NM_001142469.2	2022	1794.29	7.86763	0.19733
NM_001142470.3	1767	1539.29	0	0
NM_001142471.2	1556	1328.29	496.232	16.8125
NM_001142473.2	2626	2398.29	0	0
NM_001142474.2	2621	2393.29	20.2604	0.380974
NM_001142475.2	2651	2423.29	182.829	3.39532
NM_001142476.1	2201	1973.29	24.5282	0.559393
NM_001142477.1	2092	1864.29	40.8268	0.985537
NM_001142478.2	2596	2368.29	1152.54	21.9009
NM_001142479.1	2105	1877.29	179.466	4.30222
NM_001142480.1	2099	1871.29	0	0
NM_001142481.1	2008	1780.29	108.396	2.74008
NM_001142482.1	2015	1787.29	426.033	10.7273
NM_001142483.1	2304	2076.29	39.9575	0.866069
NM_001142495.2	11974	11746.3	310.063	1.18793
NM_001142497.3	1853	1625.29	10.1761	0.281769
NM_001142498.2	3588	3360.29	0	0
NM_001142499.1	950	722.293	0	0
NM_001142500.1	1040	812.293	60.529	3.35346
NM_001142501.2	1539	1311.29	98.8561	3.3927
NM_001142502.2	3130	2902.29	296.919	4.60403
NM_001142503.3	4943	4715.29	203.059	1.93801
NM_001142504.3	4835	4607.29	246.902	2.41169
NM_001142505.1	3650	3422.29	6	0.0788999
NM_001142519.3	3751	3523.29	91.7804	1.17231
NM_001142520.3	3774	3546.29	176.352	2.23793
NM_001142521.3	3587	3359.29	0	0
NM_001142522.3	2215	1987.29	460.777	10.4345
NM_001142523.2	8145	7917.29	109.733	0.623741
NM_001142524.2	5155	4927.29	0	0
NM_001142525.2	5151	4923.29	0	0
NM_001142526.2	5087	4859.29	0	0
NM_001142527.2	5139	4911.29	0	0
NM_001142528.2	5071	4843.29	0	0
NM_001142529.1	4048	3820.29	73.3072	0.86356
NM_001142530.1	3953	3725.29	6.43569e-05	7.77458e-07
NM_001142531.1	2557	2329.29	2	0.038641
NM_001142532.1	2806	2578.29	0	0
NM_001142533.1	2694	2466.29	0	0
NM_001142534.1	2666	2438.29	0	0
NM_001142535.2	1702	1474.29	0	0
NM_001142536.2	1672	1444.29	0	0
NM_001142537.2	1821	1593.29	0	0
NM_001142538.2	1794	1566.29	2	0.0574644
NM_001142540.2	3681	3453.29	41.4107	0.539661
NM_001142541.3	3470	3242.29	68.5984	0.952147
NM_001142544.3	1654	1426.29	8.44373	0.266421
NM_001142545.2	3064	2836.29	6.33551	0.100525
NM_001142546.4	9167	8939.29	0	0
NM_001142547.3	1172	944.293	0	0
NM_001142548.2	2556	2328.29	0	0
NM_001142549.2	2745	2517.29	0	0
NM_001142550.2	4250	4022.29	0.0902788	0.00101008
NM_001142551.2	4226	3998.29	834.84	9.39661
NM_001142552.2	5147	4919.29	0	0
NM_001142554.3	2262	2034.29	13.16	0.291127
NM_001142555.3	2087	1859.29	106.824	2.58562
NM_001142556.2	3016	2788.29	3404.54	54.9493
NM_001142557.2	2789	2561.29	0	0
NM_001142560.2	1786	1558.29	26.2902	0.759255
NM_001142564.2	2867	2639.29	0	0
NM_001142565.3	3487	3259.29	1967.59	27.1677
NM_001142568.3	9009	8781.29	999.335	5.12147
NM_001142569.3	4132	3904.29	0	0
NM_001142571.2	9924	9696.29	54.013	0.250689
NM_001142572.2	1706	1478.29	173.995	5.29686
NM_001142573.2	2406	2178.29	3451.76	71.3126
NM_001142574.2	2391	2163.29	33.5161	0.697237
NM_001142575.2	2331	2103.29	78.2953	1.67524
NM_001142576.2	2512	2284.29	10.9223	0.215181
NM_001142577.2	3553	3325.29	29.8186	0.403553
NM_001142578.2	3550	3322.29	145.253	1.96757
NM_001142579.2	4255	4027.29	196.335	2.19395
NM_001142587.2	1952	1724.29	50.9536	1.32986
NM_001142588.2	2012	1784.29	80.1962	2.02269
NM_001142589.2	1841	1613.29	9.09467	0.253697
NM_001142590.2	2364	2136.29	2.64121	0.0556396
NM_001142593.3	6067	5839.29	44.3288	0.341639
NM_001142594.3	2810	2582.29	0	0
NM_001142595.2	2836	2608.29	355.218	6.12888
NM_001142596.2	2689	2461.29	126.31	2.30949
NM_001142597.2	1636	1408.29	0	0
NM_001142598.2	4683	4455.29	3131.19	31.6283
NM_001142599.2	4689	4461.29	799.246	8.06235
NM_001142601.2	1816	1588.29	2211.02	62.6475
NM_001142602.2	1791	1563.29	2984.05	85.9031
NM_001142603.3	4114	3886.29	29.0652	0.336574
NM_001142604.2	3226	2998.29	6.70382	0.100621
NM_001142605.2	4217	3989.29	38.806	0.43777
NM_001142610.2	3908	3680.29	396.614	4.84984
NM_001142614.2	4970	4742.29	87.1328	0.826867
NM_001142615.3	4971	4743.29	0	0
NM_001142616.3	5105	4877.29	1436.49	13.2545
NM_001142617.2	2823	2595.29	0	0
NM_001142618.2	2688	2460.29	205.434	3.75775
NM_001142619.2	2796	2568.29	0	0
NM_001142620.2	1900	1672.29	13.6797	0.368135
NM_001142621.3	5677	5449.29	392.572	3.24206
NM_001142623.2	2497	2269.29	71.305	1.41407
NM_001142624.2	1309	1081.29	89.8932	3.74133
NM_001142625.2	1118	890.293	7.77814	0.393174
NM_001142626.3	1144	916.293	0	0
NM_001142627.3	2056	1828.29	40.7124	1.00213
NM_001142628.1	2462	2234.29	60.1219	1.21097
NM_001142633.3	4491	4263.29	0	0
NM_001142634.2	1743	1515.29	5.67235	0.168465
NM_001142640.2	10391	10163.3	217.329	0.962334
NM_001142641.2	4968	4740.29	0	0
NM_001142643.3	4500	4272.29	0	0
NM_001142644.2	6954	6726.29	0	0
NM_001142645.2	6172	5944.29	176.062	1.33293
NM_001142646.4	3588	3360.29	5.23414	0.0700988
NM_001142648.2	5972	5744.29	665.569	5.21434
NM_001142649.2	6739	6511.29	0	0
NM_001142650.2	3888	3660.29	950.883	11.6911
NM_001142651.3	6427	6199.29	437.066	3.17283
NM_001142653.2	1444	1216.29	1.60302e-07	5.93121e-09
NM_001142654.2	1429	1201.29	3.92296	0.146963
NM_001142673.3	4145	3917.29	0	0
NM_001142674.2	3364	3136.29	790.579	11.3441
NM_001142675.2	3325	3097.29	0	0
NM_001142676.2	3335	3107.29	16.6212	0.240726
NM_001142677.2	3167	2939.29	28.473	0.435945
NM_001142678.2	5946	5718.29	0	0
NM_001142679.2	3483	3255.29	20.8382	0.288079
NM_001142683.3	2897	2669.29	29.9722	0.505318
NM_001142684.2	3283	3055.29	167.111	2.46147
NM_001142685.2	10238	10010.3	0	0
NM_001142699.3	7959	7731.29	0.000924236	5.37989e-06
NM_001142700.2	7081	6853.29	0	0
NM_001142702.2	5986	5758.29	0	0
NM_001142703.2	3339	3111.29	53.3751	0.772041
NM_001142704.2	3294	3066.29	0	0
NM_001142725.2	3502	3274.29	1208.68	16.6125
NM_001142726.2	1196	968.293	1346.46	62.5791
NM_001142730.3	3448	3220.29	245.124	3.42557
NM_001142733.3	3187	2959.29	10.6773	0.162373
NM_001142749.3	6796	6568.29	45.3606	0.310791
NM_001142761.1	2039	1811.29	73.7932	1.83345
NM_001142762.1	1701	1473.29	16.5978	0.506995
NM_001142763.2	6983	6755.29	0	0
NM_001142764.2	6968	6740.29	0	0
NM_001142765.2	6755	6527.29	0	0
NM_001142766.2	6953	6725.29	0	0
NM_001142767.2	6842	6614.29	0	0
NM_001142768.2	6902	6674.29	0	0
NM_001142769.3	6330	6102.29	0	0
NM_001142770.3	6365	6137.29	0	0
NM_001142771.2	9192	8964.29	0	0
NM_001142772.2	9177	8949.29	0	0
NM_001142773.2	6893	6665.29	0	0
NM_001142776.4	1385	1157.29	0	0
NM_001142777.2	2201	1973.29	1.64004	0.037403
NM_001142778.2	2008	1780.29	26.4881	0.669579
NM_001142782.2	6874	6646.29	1131.64	7.6625
NM_001142784.3	1722	1494.29	618.036	18.6132
NM_001142797.2	1859	1631.29	0	0
NM_001142798.3	854	626.427	485.242	34.8602
NM_001142799.3	748	520.701	102.599	8.8674
NM_001142800.2	10590	10362.3	10.061	0.0436944
NM_001142801.2	5451	5223.29	0	0
NM_001142805.2	3901	3673.29	32.1749	0.394189
NM_001142806.1	3129	2901.29	605.566	9.39318
NM_001142807.4	2699	2471.29	0	0
NM_001142853.3	1362	1134.29	0	0
NM_001142854.2	2304	2076.29	22.0862	0.478713
NM_001142857.2	2237	2009.29	8.54047	0.191285
NM_001142864.4	8089	7861.29	22196.8	127.069
NM_001142883.2	2747	2519.29	0	0
NM_001142885.2	9042	8814.29	31.2674	0.159642
NM_001142886.2	1695	1467.29	0.582867	0.017877
NM_001142928.2	1815	1587.29	8.53166	0.24189
NM_001142929.2	5296	5068.29	0	0
NM_001142930.2	3726	3498.29	3366.63	43.3093
NM_001142931.2	3559	3331.29	18.5861	0.251083
NM_001142933.2	5366	5138.29	0	0
NM_001142934.2	5366	5138.29	0	0
NM_001142935.2	2270	2042.29	49.5697	1.0923
NM_001142936.2	2452	2224.29	110.379	2.23326
NM_001142946.3	2916	2688.29	0	0
NM_001142958.2	1675	1447.29	0	0
NM_001142961.1	2695	2467.29	0	0
NM_001142966.3	9344	9116.29	26.1118	0.128903
NM_001143.2	926	698.293	0	0
NM_001143667.2	2687	2459.29	981.162	17.9545
NM_001143668.1	3126	2898.29	21.5356	0.334394
NM_001143674.4	2223	1995.29	0	0
NM_001143676.3	3245	3017.29	16.6176	0.247852
NM_001143677.2	2431	2203.29	231.98	4.73828
NM_001143678.2	2403	2175.29	870.345	18.0059
NM_001143679.2	1200	972.293	317.412	14.6916
NM_001143680.2	996	768.293	22.7525	1.33274
NM_001143681.2	903	675.361	3.34775	0.223079
NM_001143682.2	5321	5093.29	12.8173	0.113251
NM_001143685.2	2177	1949.29	0	0
NM_001143687.2	2256	2028.29	9.58056	0.21257
NM_001143688.3	3780	3552.29	591.653	7.4955
NM_001143757.2	8251	8023.29	0	0
NM_001143758.2	1700	1472.29	6.46842	0.197718
NM_001143759.2	1771	1543.29	0	0
NM_001143760.1	1256	1028.29	56.1659	2.45809
NM_001143761.1	1284	1056.29	1592.12	67.8319
NM_001143762.2	1342	1114.29	93.312	3.7686
NM_001143763.2	1402	1174.29	5.50271	0.210883
NM_001143764.3	1255	1027.29	12.4973	0.547474
NM_001143766.2	3227	2999.29	0	0
NM_001143767.2	3040	2812.29	25.4136	0.406676
NM_001143768.2	3098	2870.29	33.2732	0.521687
NM_001143769.2	3427	3199.29	0	0
NM_001143770.2	3278	3050.29	0	0
NM_001143771.2	3249	3021.29	0.34321	0.00511222
NM_001143773.1	3566	3338.29	0	0
NM_001143774.2	3659	3431.29	0	0
NM_001143775.2	1767	1539.29	5035.12	147.208
NM_001143778.2	4024	3796.29	50.8974	0.603363
NM_001143779.2	2706	2478.29	309.375	5.61791
NM_001143780.3	1581	1353.29	266.842	8.87369
NM_001143781.2	647	420.888	26.6439	2.84888
NM_001143782.2	931	703.293	585.783	37.4837
NM_001143783.1	2513	2285.29	0	0
NM_001143784.1	2477	2249.29	0	0
NM_001143785.2	2353	2125.29	5.53933	0.117295
NM_001143787.2	3391	3163.29	198.678	2.82653
NM_001143788.2	1802	1574.29	34.8524	0.996298
NM_001143789.2	1637	1409.29	155.202	4.95607
NM_001143804.2	2198	1970.29	4.60721	0.105232
NM_001143805.1	3827	3599.29	650.843	8.1377
NM_001143806.1	4042	3814.29	0	0
NM_001143807.2	3749	3521.29	0	0
NM_001143808.2	3766	3538.29	0	0
NM_001143809.2	3776	3548.29	0	0
NM_001143810.2	4059	3831.29	0	0
NM_001143811.2	4176	3948.29	11.2566	0.128304
NM_001143812.2	3918	3690.29	9.29244	0.113321
NM_001143813.2	3967	3739.29	76.088	0.915733
NM_001143814.2	4092	3864.29	5.44128	0.0633684
NM_001143816.2	4532	4304.29	3.04828	0.031871
NM_001143818.2	2164	1936.29	103.415	2.40356
NM_001143819.3	5341	5113.29	285.6	2.51362
NM_001143820.2	5139	4911.29	0	0
NM_001143821.3	6565	6337.29	9.24538	0.0656543
NM_001143823.3	3505	3277.29	148.222	2.03535
NM_001143824.2	3791	3563.29	35	0.442037
NM_001143826.3	4078	3850.29	17.3583	0.202887
NM_001143827.3	4199	3971.29	7.03348	0.0797041
NM_001143828.2	3413	3185.29	3.46054	0.048892
NM_001143829.2	4029	3801.29	0	0
NM_001143830.3	2236	2008.29	0	0
NM_001143831.3	7996	7768.29	0	0
NM_001143832.2	969	741.293	0	0
NM_001143833.4	494	274.359	0	0
NM_001143835.2	5173	4945.29	749.842	6.8237
NM_001143836.3	4149	3921.29	16.9628	0.194675
NM_001143837.2	4550	4322.29	0	0
NM_001143838.3	3093	2865.29	0	0
NM_001143839.4	4115	3887.29	4.99892	0.0578723
NM_001143841.2	1411	1183.29	797.916	30.3464
NM_001143842.2	1539	1311.29	222.034	7.62012
NM_001143843.2	1482	1254.29	10.0606	0.360967
NM_001143850.3	2905	2677.29	195.341	3.28352
NM_001143852.2	3096	2868.29	1409.53	22.1154
NM_001143853.1	1105	877.293	585.269	30.0229
NM_001143854.2	4590	4362.29	0	0
NM_001143883.4	760	532.648	1.12555	0.0950972
NM_001143885.2	5582	5354.29	0	0
NM_001143886.2	5332	5104.29	0	0
NM_001143887.2	6597	6369.29	2121.95	14.9929
NM_001143888.3	3360	3132.29	0	0
NM_001143889.3	3141	2913.29	39.7795	0.614494
NM_001143890.3	3024	2796.29	0	0
NM_001143905.2	1608	1380.29	0	0
NM_001143906.2	3164	2936.29	145.153	2.22469
NM_001143909.1	2130	1902.29	3.01036	0.0712169
NM_001143912.2	3681	3453.29	20.6935	0.269676
NM_001143913.2	3594	3366.29	3.32358e-06	4.44321e-08
NM_001143914.2	3492	3264.29	80.9495	1.11601
NM_001143915.2	3339	3111.29	10.5893	0.153168
NM_001143917.2	1152	924.293	13.2472	0.644995
NM_001143919.3	2703	2475.29	29.6488	0.539042
NM_001143935.2	3289	3061.29	0	0
NM_001143936.2	4193	3965.29	232.69	2.64086
NM_001143937.2	923	695.293	210.072	13.597
NM_001143938.3	5203	4975.29	0	0
NM_001143939.3	5242	5014.29	0	0
NM_001143940.2	5219	4991.29	0	0
NM_001143941.1	2451	2223.29	0	0
NM_001143942.2	2684	2456.29	211	3.86585
NM_001143943.1	3772	3544.29	0	0
NM_001143944.1	2376	2148.29	647.493	13.5639
NM_001143947.2	1985	1757.29	0	0
NM_001143948.2	1746	1518.29	15.3522	0.455048
NM_001143957.3	6085	5857.29	0	0
NM_001143958.2	4310	4082.29	215.148	2.37178
NM_001143959.4	1097	869.293	7.79986	0.403797
NM_001143960.3	851	623.427	299.03	21.586
NM_001143962.2	2387	2159.29	0	0
NM_001143963.2	5004	4776.29	0	0
NM_001143964.4	1262	1034.29	113.28	4.92891
NM_001143965.4	1122	894.293	107.343	5.40179
NM_001143966.4	1041	813.293	78.9506	4.36869
NM_001143967.2	4197	3969.29	0	0
NM_001143968.1	941	713.293	0	0
NM_001143970.2	3310	3082.29	0	0
NM_001143971.2	3186	2958.29	0	0
NM_001143973.2	2074	1846.29	7.71892	0.188147
NM_001143974.3	4850	4622.29	108.706	1.05838
NM_001143975.1	1182	954.293	0	0
NM_001143976.2	3437	3209.29	18.9672	0.265972
NM_001143978.3	2940	2712.29	4.84915	0.0804584
NM_001143979.2	3821	3593.29	5.96196	0.0746687
NM_001143980.3	2263	2035.29	13	0.287448
NM_001143981.2	3860	3632.29	85.6594	1.0613
NM_001143982.2	3857	3629.29	16.5931	0.205753
NM_001143983.3	3620	3392.29	0	0
NM_001143984.2	2379	2151.29	288.25	6.02994
NM_001143985.1	1122	894.293	424.405	21.3571
NM_001143986.2	1977	1749.29	0	0
NM_001143987.2	3443	3215.29	0	0
NM_001143988.2	3356	3128.29	0	0
NM_001143989.3	3371	3143.29	0	0
NM_001143990.2	1818	1590.29	0	0
NM_001143991.2	1839	1611.29	40.1621	1.12172
NM_001143992.2	1749	1521.29	490.075	14.4975
NM_001143993.2	1730	1502.29	62.0033	1.85739
NM_001143994.2	1934	1706.29	7.99667	0.21091
NM_001143995.3	1846	1618.29	0	0
NM_001143996.2	3535	3307.29	0	0
NM_001143997.2	3330	3102.29	0	0
NM_001143998.2	5500	5272.29	3342.16	28.5279
NM_001143999.2	5496	5268.29	101.351	0.865768
NM_001144.6	3607	3379.29	3216.33	42.8329
NM_001144000.4	2719	2491.29	66.9834	1.21
NM_001144001.2	5334	5106.29	0	0
NM_001144002.2	4323	4095.29	0	0
NM_001144003.3	7938	7710.29	0	0
NM_001144004.3	3912	3684.29	0	0
NM_001144005.3	7948	7720.29	0	0
NM_001144006.2	4154	3926.29	0	0
NM_001144008.2	4166	3938.29	0	0
NM_001144009.2	4007	3779.29	0	0
NM_001144010.2	4144	3916.29	0	0
NM_001144012.3	1531	1303.29	368.074	12.7097
NM_001144013.2	7215	6987.29	1.62558e-06	1.04699e-08
NM_001144026.3	4844	4616.29	111.319	1.08523
NM_001144027.3	4693	4465.29	129.213	1.30226
NM_001144028.3	4796	4568.29	39.7847	0.391926
NM_001144030.2	3758	3530.29	18.3297	0.233661
NM_001144032.3	760	532.648	0	0
NM_001144033.2	1970	1742.29	0	0
NM_001144034.2	2288	2060.29	10.7461	0.234727
NM_001144035.2	2285	2057.29	15.7962	0.34554
NM_001144036.2	1976	1748.29	0	0
NM_001144037.2	2265	2037.29	1.49311	0.0329822
NM_001144038.2	2130	1902.29	0	0
NM_001144058.2	2890	2662.29	2254.05	38.1021
NM_001144059.3	1447	1219.29	0	0
NM_001144060.2	7063	6835.29	6.85611	0.0451401
NM_001144061.2	3336	3108.29	7568.15	109.575
NM_001144062.2	3301	3073.29	2099.47	30.7431
NM_001144063.2	3650	3422.29	269.56	3.54471
NM_001144064.3	449	233.505	0	0
NM_001144068.2	5292	5064.29	67.7603	0.602142
NM_001144070.2	1861	1633.29	191.735	5.28299
NM_001144071.2	1962	1734.29	0	0
NM_001144072.2	2259	2031.29	1601.36	35.478
NM_001144073.2	3013	2785.29	15.3266	0.247638
NM_001144074.3	2276	2048.29	217.014	4.76802
NM_001144382.2	4161	3933.29	580.956	6.64705
NM_001144663.2	3678	3450.29	0	0
NM_001144755.3	4981	4753.29	1331.05	12.6021
NM_001144756.2	2156	1928.29	0	0
NM_001144757.3	1198	970.293	427.892	19.846
NM_001144758.3	5445	5217.29	62.072	0.535418
NM_001144759.3	5271	5043.29	3436.42	30.6644
NM_001144761.2	2485	2257.29	23.8303	0.4751
NM_001144762.2	2284	2056.29	0	0
NM_001144763.2	10163	9935.29	0	0
NM_001144764.2	9844	9616.29	0	0
NM_001144765.2	9795	9567.29	1.54657e-08	7.27485e-11
NM_001144766.3	1829	1601.29	14.4714	0.406707
NM_001144767.3	2505	2277.29	0	0
NM_001144769.5	18280	18052.3	268.133	0.668438
NM_001144770.2	17738	17510.3	1015.85	2.61082
NM_001144772.1	3522	3294.29	125.315	1.71191
NM_001144774.3	3965	3737.29	0	0
NM_001144775.3	3849	3621.29	0	0
NM_001144776.3	3778	3550.29	0	0
NM_001144777.3	3814	3586.29	0	0
NM_001144822.2	1328	1100.29	10.188	0.4167
NM_001144823.2	8834	8606.29	111.485	0.582965
NM_001144824.2	4489	4261.29	177.268	1.87211
NM_001144825.2	2005	1777.29	0	0
NM_001144826.2	1792	1564.29	0	0
NM_001144827.2	2375	2147.29	0	0
NM_001144829.3	1682	1454.29	4.31493	0.133525
NM_001144830.3	2198	1970.29	0	0
NM_001144831.2	1379	1151.29	5622.26	219.769
NM_001144832.2	2736	2508.29	0	0
NM_001144856.2	2897	2669.29	0	0
NM_001144857.2	2650	2422.29	19.9437	0.370527
NM_001144869.3	2333	2105.29	23.771	0.508133
NM_001144871.2	3056	2828.29	15	0.238676
NM_001144872.3	1648	1420.29	13.6664	0.433031
NM_001144874.1	1986	1758.29	1	0.0255948
NM_001144875.2	2311	2083.29	0	0
NM_001144876.2	2087	1859.29	0	0
NM_001144877.3	12111	11883.3	154.249	0.584153
NM_001144878.2	3570	3342.29	73.8851	0.994844
NM_001144879.2	3260	3032.29	81.0231	1.20249
NM_001144881.2	5836	5608.29	98.2024	0.788013
NM_001144882.2	5849	5621.29	524.696	4.20062
NM_001144883.2	5846	5618.29	49.6388	0.397612
NM_001144884.2	7888	7660.29	691.238	4.06092
NM_001144885.2	935	707.293	0	0
NM_001144886.2	857	629.427	0	0
NM_001144887.2	814	586.487	0.0695385	0.00533592
NM_001144888.2	3304	3076.29	0	0
NM_001144889.2	2322	2094.29	0	0
NM_001144890.2	2346	2118.29	37	0.786064
NM_001144891.2	1600	1372.29	77.3235	2.53575
NM_001144892.3	3652	3424.29	910.098	11.9608
NM_001144893.2	3876	3648.29	0	0
NM_001144894.2	4152	3924.29	0	0
NM_001144895.2	4008	3780.29	0	0
NM_001144896.2	4212	3984.29	0	0
NM_001144897.2	4266	4038.29	0	0
NM_001144899.2	3801	3573.29	3.0105	0.0379151
NM_001144900.3	2847	2619.29	43.4099	0.745842
NM_001144903.3	1792	1564.29	0	0
NM_001144911.2	1644	1416.29	0	0
NM_001144912.2	4738	4510.29	0	0
NM_001144913.1	2781	2553.29	6.13218e-05	1.08083e-06
NM_001144914.1	3821	3593.29	0	0
NM_001144915.2	3692	3464.29	0	0
NM_001144916.2	4087	3859.29	0	0
NM_001144917.2	4276	4048.29	0	0
NM_001144918.2	4273	4045.29	0	0
NM_001144919.2	3024	2796.29	1.88023	0.0302602
NM_001144920.3	4165	3937.29	8.41328	0.0961634
NM_001144923.3	4206	3978.29	0	0
NM_001144924.2	2598	2370.29	52.9309	1.00496
NM_001144925.2	3444	3216.29	16.9841	0.237646
NM_001144927.2	2472	2244.29	84.2339	1.68908
NM_001144928.2	2285	2057.29	84.6118	1.85087
NM_001144929.2	2356	2128.29	39.5346	0.835965
NM_001144932.3	1129	901.293	228.234	11.3961
NM_001144933.2	1695	1467.29	0	0
NM_001144934.2	3817	3589.29	0	0
NM_001144935.2	3723	3495.29	0	0
NM_001144936.2	5716	5488.29	742.938	6.09197
NM_001144937.3	3090	2862.29	2	0.0314455
NM_001144939.2	734	506.753	0	0
NM_001144940.2	678	451.406	0	0
NM_001144941.2	582	357.279	3	0.377882
NM_001144942.2	1717	1489.29	538.682	16.2777
NM_001144943.1	1333	1105.29	372.767	15.1776
NM_001144944.1	1041	813.293	95.0485	5.25945
NM_001144945.1	963	735.293	185.086	11.328
NM_001144950.2	4977	4749.29	6151.32	58.2883
NM_001144951.2	3615	3387.29	12.3919	0.164637
NM_001144952.2	11079	10851.3	0	0
NM_001144954.2	2511	2283.29	0	0
NM_001144955.2	13699	13471.3	743.121	2.48252
NM_001144956.3	669	442.629	0	0
NM_001144958.2	2704	2476.29	59.7748	1.08632
NM_001144960.3	2207	1979.29	0	0
NM_001144961.2	1406	1178.29	73.3475	2.8014
NM_001144962.2	1430	1202.29	36.1144	1.3518
NM_001144963.2	1385	1157.29	1.91826e-06	7.45945e-08
NM_001144964.1	8436	8208.29	0	0
NM_001144965.2	8400	8172.29	0	0
NM_001144966.3	8263	8035.29	0	0
NM_001144967.3	8633	8405.29	43.7899	0.234457
NM_001144968.2	8390	8162.29	0	0
NM_001144969.2	8330	8102.29	0	0
NM_001144970.3	8345	8117.29	49.627	0.275137
NM_001144971.2	8418	8190.29	0	0
NM_001144972.2	2156	1928.29	0	0
NM_001144978.3	2355	2127.29	0	0
NM_001144981.3	1158	930.293	4.61416	0.223211
NM_001144982.3	5938	5710.29	0	0
NM_001144983.3	5934	5706.29	3.90988	0.0308356
NM_001144984.3	5897	5669.29	0	0
NM_001144985.3	1078	850.293	0	0
NM_001144986.3	1074	846.293	5.65182	0.300545
NM_001144989.2	6244	6016.29	17.6456	0.131992
NM_001144990.2	7800	7572.29	0	0
NM_001144994.2	3629	3401.29	16.8631	0.223119
NM_001144995.2	16564	16336.3	883.075	2.43269
NM_001144996.2	4138	3910.29	177.176	2.03909
NM_001144997.2	3764	3536.29	0	0
NM_001144999.3	6748	6520.29	0	0
NM_001145.4	1222	994.293	202.665	9.17288
NM_001145000.3	6931	6703.29	243.216	1.63285
NM_001145001.3	3633	3405.29	40.5694	0.536149
NM_001145004.2	4013	3785.29	0	0
NM_001145006.2	2541	2313.29	0	0
NM_001145007.2	2480	2252.29	0	0
NM_001145008.2	3232	3004.29	11.4741	0.171877
NM_001145009.2	4145	3917.29	55.4333	0.636835
NM_001145010.3	1234	1006.29	0	0
NM_001145011.2	4017	3789.29	0	0
NM_001145014.2	1198	970.293	0	0
NM_001145017.2	2983	2755.29	0	0
NM_001145018.3	734	506.753	10	0.888068
NM_001145020.3	627	401.259	1.69781	0.190418
NM_001145023.2	1763	1535.29	188.609	5.52858
NM_001145024.1	1541	1313.29	0	0
NM_001145025.2	1773	1545.29	7.84121	0.228357
NM_001145026.2	8261	8033.29	158	0.885127
NM_001145028.2	2401	2173.29	0	0
NM_001145030.2	5334	5106.29	0	0
NM_001145031.3	2628	2400.29	53.7579	1.00791
NM_001145033.2	1242	1014.29	203	9.00689
NM_001145036.2	2929	2701.29	38.5855	0.642827
NM_001145044.1	2853	2625.29	161.826	2.77404
NM_001145047.2	2861	2633.29	0	0
NM_001145048.2	2793	2565.29	6.97079	0.122289
NM_001145049.2	2686	2458.29	0	0
NM_001145053.2	3703	3475.29	17.4737	0.226275
NM_001145054.2	2228	2000.29	48.2189	1.08484
NM_001145055.1	1053	825.293	0	0
NM_001145056.2	3363	3135.29	2653.25	38.0839
NM_001145057.1	1371	1143.29	0	0
NM_001145059.2	529	306.759	0	0
NM_001145064.3	8100	7872.29	688.93	3.93837
NM_001145065.2	9420	9192.29	0	0
NM_001145073.3	3075	2847.29	132	2.08633
NM_001145076.3	5372	5144.29	0	0
NM_001145077.2	2270	2042.29	4	0.0881423
NM_001145078.2	10042	9814.29	0	0
NM_001145079.2	5223	4995.29	34.8882	0.314312
NM_001145080.3	4610	4382.29	26.1967	0.269022
NM_001145082.4	4961	4733.29	8.24755	0.0784159
NM_001145083.3	4687	4459.29	0	0
NM_001145088.2	3190	2962.29	1.35552	0.0205931
NM_001145093.4	4841	4613.29	80.2114	0.782469
NM_001145094.3	4912	4684.29	0	0
NM_001145095.3	4188	3960.29	0	0
NM_001145097.2	7061	6833.29	22.7184	0.14962
NM_001145098.3	6664	6436.29	81.6612	0.570982
NM_001145099.2	2305	2077.29	76.1251	1.6492
NM_001145101.3	3086	2858.29	1	0.0157447
NM_001145102.2	5948	5720.29	17.221	0.135482
NM_001145103.2	5785	5557.29	437.787	3.54521
NM_001145104.2	5412	5184.29	0	0
NM_001145106.2	3296	3068.29	1107.96	16.2507
NM_001145107.2	3407	3179.29	0	0
NM_001145108.2	3553	3325.29	0	0
NM_001145109.2	3162	2934.29	2	0.0306739
NM_001145110.2	3329	3101.29	0	0
NM_001145112.2	1937	1709.29	0	0
NM_001145113.3	2452	2224.29	5	0.101163
NM_001145114.1	4266	4038.29	26.7657	0.298279
NM_001145115.3	4147	3919.29	301.799	3.46539
NM_001145118.2	4657	4429.29	0	0
NM_001145122.2	3792	3564.29	0	0
NM_001145123.3	1615	1387.29	0	0
NM_001145124.1	3779	3551.29	0	0
NM_001145125.2	1584	1356.29	235.354	7.80926
NM_001145127.2	1979	1751.29	0	0
NM_001145128.3	6317	6089.29	2.57919e-07	1.90616e-09
NM_001145132.2	721	493.802	0	0
NM_001145134.2	2523	2295.29	0	0
NM_001145135.2	2625	2397.29	9.71766	0.182424
NM_001145137.2	2644	2416.29	0	0
NM_001145138.2	2508	2280.29	10.7144	0.211456
NM_001145139.2	1795	1567.29	0	0
NM_001145140.2	1854	1626.29	0	0
NM_001145143.1	1609	1381.29	0	0
NM_001145144.2	1742	1514.29	769.347	22.8641
NM_001145145.2	1864	1636.29	208.233	5.72704
NM_001145146.2	2624	2396.29	0	0
NM_001145147.2	2417	2189.29	0	0
NM_001145148.2	2495	2267.29	0	0
NM_001145149.3	2471	2243.29	35.456	0.711288
NM_001145152.2	4444	4216.29	231.021	2.46583
NM_001145153.2	1868	1640.29	6	0.164616
NM_001145154.3	2291	2063.29	0.00564437	0.000123111
NM_001145155.2	3746	3518.29	287.471	3.67709
NM_001145156.1	3501	3273.29	87.1146	1.1977
NM_001145157.2	3532	3304.29	125.093	1.70371
NM_001145158.2	6961	6733.29	144.035	0.962679
NM_001145159.3	2486	2258.29	20.6583	0.411677
NM_001145160.2	2598	2370.29	9967.57	189.247
NM_001145161.3	5895	5667.29	28	0.222344
NM_001145165.2	1763	1535.29	1082.53	31.7315
NM_001145166.2	2366	2138.29	70.5412	1.48463
NM_001145167.2	2416	2188.29	32.5192	0.66877
NM_001145168.1	3240	3012.29	0	0
NM_001145169.1	4411	4183.29	2.45734	0.0264356
NM_001145176.2	6470	6242.29	2	0.0144188
NM_001145191.2	4287	4059.29	354.032	3.92495
NM_001145194.2	3065	2837.29	0	0
NM_001145195.2	2722	2494.29	0	0
NM_001145196.1	4214	3986.29	0.917237	0.0103551
NM_001145197.1	4923	4695.29	0	0
NM_001145199.2	1311	1083.29	7206	299.358
NM_001145201.2	717	489.852	1	0.0918709
NM_001145204.3	6749	6521.29	0	0
NM_001145205.2	4197	3969.29	4.64725	0.0526896
NM_001145206.2	10732	10504.3	32.8249	0.14063
NM_001145207.2	2723	2495.29	164.502	2.96682
NM_001145208.2	2318	2090.29	17.0936	0.368018
NM_001145210.3	2024	1796.29	37.8832	0.949099
NM_001145211.3	4156	3928.29	0	0
NM_001145212.3	3942	3714.29	0	0
NM_001145224.3	3178	2950.29	0	0
NM_001145250.2	2554	2326.29	71	1.37352
NM_001145252.3	2489	2261.29	0	0
NM_001145255.4	1689	1461.29	0	0
NM_001145256.2	4186	3958.29	136.283	1.54945
NM_001145257.2	4138	3910.29	73.1397	0.841756
NM_001145258.2	3968	3740.29	0	0
NM_001145260.2	3647	3419.29	63.5055	0.835829
NM_001145261.2	3558	3330.29	0	0
NM_001145262.2	4040	3812.29	10.3433	0.122099
NM_001145263.2	3461	3233.29	7132.85	99.2796
NM_001145264.2	531	308.697	16.733	2.4394
NM_001145265.2	2880	2652.29	372.909	6.32738
NM_001145266.2	3110	2882.29	11.8601	0.18518
NM_001145268.2	2211	1983.29	46.8234	1.06247
NM_001145269.2	1860	1632.29	6.84252	0.188651
NM_001145271.2	2218	1990.29	0	0
NM_001145272.2	2009	1781.29	0	0
NM_001145275.2	5094	4866.29	0	0
NM_001145276.2	4440	4212.29	0	0
NM_001145277.2	1942	1714.29	93.3485	2.45056
NM_001145278.2	1940	1712.29	38.545	1.01305
NM_001145279.4	15640	15412.3	0	0
NM_001145280.4	15071	14843.3	0	0
NM_001145281.3	14612	14384.3	0	0
NM_001145282.2	1397	1169.29	0	0
NM_001145283.2	2301	2073.29	0	0
NM_001145284.3	2569	2341.29	0	0
NM_001145285.3	1506	1278.29	0	0
NM_001145286.3	1657	1429.29	0	0
NM_001145287.3	15846	15618.3	0	0
NM_001145288.2	3834	3606.29	0	0
NM_001145290.2	3951	3723.29	169.225	2.0454
NM_001145291.2	3291	3063.29	0	0
NM_001145292.2	2672	2444.29	0	0
NM_001145293.2	2480	2252.29	73.3248	1.4651
NM_001145294.2	2529	2301.29	0	0
NM_001145295.2	2356	2128.29	58.7996	1.24333
NM_001145297.4	4935	4707.29	99.9623	0.955669
NM_001145298.4	4758	4530.29	403.802	4.01129
NM_001145299.4	4851	4623.29	622.035	6.05489
NM_001145301.3	3372	3144.29	885.384	12.6722
NM_001145302.3	3081	2853.29	9.23686	0.145687
NM_001145303.3	2380	2152.29	2.93127e-05	6.1291e-07
NM_001145304.2	4345	4117.29	6.32844	0.0691715
NM_001145305.2	3823	3595.29	0	0
NM_001145306.2	11663	11435.3	2487.16	9.7881
NM_001145307.5	785	557.487	25.2871	2.0413
NM_001145308.5	3090	2862.29	0	0
NM_001145309.4	3311	3083.29	0	0
NM_001145310.4	3191	2963.29	21.236	0.322508
NM_001145311.2	2845	2617.29	3	0.0515835
NM_001145312.3	5282	5054.29	1311.98	11.6818
NM_001145313.3	7730	7502.29	83.1317	0.498672
NM_001145314.2	3284	3056.29	4.83585	0.0712065
NM_001145315.2	2181	1953.29	907.932	20.9184
NM_001145316.2	2449	2221.29	351.585	7.12306
NM_001145317.2	1860	1632.29	74.1368	2.04398
NM_001145318.2	2132	1904.29	279.406	6.60304
NM_001145319.2	3700	3472.29	34	0.440661
NM_001145320.2	4068	3840.29	8.31091	0.0973928
NM_001145335.1	2985	2757.29	2336.09	38.1285
NM_001145337.3	12239	12011.3	60.766	0.227674
NM_001145338.2	2633	2405.29	106.604	1.99456
NM_001145339.2	7330	7102.29	95.602	0.605774
NM_001145340.3	11792	11564.3	33.151	0.129009
NM_001145343.1	5253	5025.29	4.14743e-05	3.71416e-07
NM_001145344.1	5250	5022.29	191.314	1.7143
NM_001145345.1	5262	5034.29	0.255626	0.00228512
NM_001145346.2	3459	3231.29	0	0
NM_001145347.2	2576	2348.29	379.464	7.27211
NM_001145348.2	2521	2293.29	0	0
NM_001145349.2	1950	1722.29	35.8386	0.936454
NM_001145350.2	1051	823.293	0	0
NM_001145353.1	3543	3315.29	63.0589	0.855986
NM_001145354.2	11250	11022.3	163.996	0.669582
NM_001145355.2	2003	1775.29	70.2637	1.78116
NM_001145356.2	1848	1620.29	25.8242	0.717257
NM_001145357.2	6636	6408.29	62.0081	0.43546
NM_001145358.2	6723	6495.29	1686.07	11.682
NM_001145364.3	1247	1019.29	61.3943	2.71064
NM_001145365.3	11628	11400.3	392.77	1.55048
NM_001145368.2	6569	6341.29	19.6564	0.139498
NM_001145369.2	8759	8531.29	0	0
NM_001145370.2	8624	8396.29	0	0
NM_001145371.2	6122	5894.29	0	0
NM_001145372.2	5987	5759.29	0	0
NM_001145373.3	3303	3075.29	293	4.28769
NM_001145374.2	1180	952.293	149.483	7.06419
NM_001145375.2	927	699.293	0	0
NM_001145391.2	1257	1029.29	0	0
NM_001145392.2	2501	2273.29	10.8801	0.215386
NM_001145393.3	2312	2084.29	0.000367459	7.934e-06
NM_001145394.2	2213	1985.29	0	0
NM_001145396.2	2946	2718.29	110.473	1.82895
NM_001145398.3	4266	4038.29	25.5833	0.285103
NM_001145399.3	6061	5833.29	0.000218572	1.68626e-06
NM_001145400.2	2018	1790.29	0	0
NM_001145402.2	3191	2963.29	4	0.0607474
NM_001145404.2	3227	2999.29	8.50676	0.12764
NM_001145408.2	2775	2547.29	784.329	13.8568
NM_001145409.2	2604	2376.29	1489.48	28.2082
NM_001145410.2	2441	2213.29	92.3308	1.87737
NM_001145411.2	2761	2533.29	0	0
NM_001145412.3	2988	2760.29	282.001	4.59767
NM_001145413.3	2967	2739.29	9.15652	0.15043
NM_001145414.4	2833	2605.29	136.245	2.35347
NM_001145415.2	4415	4187.29	232.483	2.49862
NM_001145416.2	758	530.648	255.348	21.6555
NM_001145417.2	3896	3668.29	66.0839	0.810726
NM_001145418.2	11770	11542.3	113.421	0.442227
NM_001145425.2	5055	4827.29	80.2779	0.748401
NM_001145426.2	1724	1496.29	2426.29	72.974
NM_001145427.2	5376	5148.29	46.7445	0.40861
NM_001145432.3	919	691.293	714.803	46.5336
NM_001145434.2	2258	2030.29	101.824	2.257
NM_001145436.2	4853	4625.29	296	2.88002
NM_001145437.2	5018	4790.29	946.519	8.89221
NM_001145438.2	1876	1648.29	8.69568	0.237417
NM_001145440.3	3117	2889.29	385.489	6.00431
NM_001145442.1	6666	6438.29	12.2165	0.0853922
NM_001145443.3	4170	3942.29	669.839	7.64652
NM_001145444.1	4224	3996.29	0	0
NM_001145445.1	4203	3975.29	920.944	10.4257
NM_001145446.2	2880	2652.29	12.5565	0.213054
NM_001145447.2	3356	3128.29	49.1549	0.707134
NM_001145448.2	3005	2777.29	76.5245	1.24
NM_001145450.3	727	499.753	323	29.0864
NM_001145451.5	4494	4266.29	16.4711	0.173746
NM_001145453.4	9555	9327.29	63.891	0.308267
NM_001145454.3	2162	1934.29	56.6434	1.31786
NM_001145457.3	1154	926.293	0	0
NM_001145458.3	1106	878.293	0	0
NM_001145459.2	1174	946.293	0	0
NM_001145460.2	1253	1025.29	0	0
NM_001145461.2	2739	2511.29	216.538	3.88042
NM_001145462.2	2715	2487.29	200.518	3.62801
NM_001145463.2	2837	2609.29	173.644	2.99488
NM_001145464.2	2926	2698.29	27.9689	0.466474
NM_001145465.1	907	679.293	1.00002	0.0662509
NM_001145466.2	1118	890.293	0	0
NM_001145467.2	898	670.361	0	0
NM_001145468.4	6659	6431.29	3636.59	25.4471
NM_001145472.3	3981	3753.29	0	0
NM_001145473.3	1958	1730.29	0	0
NM_001145474.4	840	612.427	0	0
NM_001145475.3	7255	7027.29	0	0
NM_001145511.2	9373	9145.29	26.9516	0.132626
NM_001145512.2	9338	9110.29	0	0
NM_001145513.1	5286	5058.29	222.06	1.97564
NM_001145514.1	5218	4990.29	36.4227	0.328464
NM_001145515.2	5094	4866.29	243.809	2.25473
NM_001145520.1	5068	4840.29	0.00230164	2.13997e-05
NM_001145521.2	5157	4929.29	0	0
NM_001145522.2	4899	4671.29	9512.98	91.6477
NM_001145523.2	4918	4690.29	0	0
NM_001145524.2	939	711.293	642.092	40.6248
NM_001145525.2	5338	5110.29	0	0
NM_001145526.3	1701	1473.29	24.5711	0.750546
NM_001145527.2	2694	2466.29	0	0
NM_001145536.2	3201	2973.29	104.764	1.58568
NM_001145541.1	2633	2405.29	159.121	2.97716
NM_001145542.1	2605	2377.29	0	0
NM_001145543.2	2539	2311.29	182.769	3.55869
NM_001145544.2	2073	1845.29	0	0
NM_001145545.2	2240	2012.29	0	0
NM_001145546.2	901	673.361	0	0
NM_001145547.2	3741	3513.29	57.6244	0.738133
NM_001145548.2	3559	3331.29	1805.15	24.3861
NM_001145549.4	2928	2700.29	10.495	0.174909
NM_001145635.2	3482	3254.29	34.4509	0.476416
NM_001145636.2	1693	1465.29	0	0
NM_001145638.3	3566	3338.29	1647.7	22.2124
NM_001145639.2	2074	1846.29	172.826	4.21261
NM_001145640.2	884	656.427	0	0
NM_001145641.2	2411	2183.29	7.24152	0.149266
NM_001145642.5	9602	9374.29	0	0
NM_001145643.2	436	222.144	0	0
NM_001145645.2	2618	2390.29	0	0
NM_001145646.2	4015	3787.29	74.8861	0.889846
NM_001145648.3	6294	6066.29	0	0
NM_001145649.2	5210	4982.29	0	0
NM_001145650.2	5150	4922.29	7.30394	0.0667778
NM_001145652.2	1428	1200.29	0	0
NM_001145657.3	3483	3255.29	0	0
NM_001145658.3	3338	3110.29	0	0
NM_001145659.1	2577	2349.29	2.70291	0.051777
NM_001145661.2	3470	3242.29	671.946	9.32663
NM_001145662.1	3263	3035.29	30.1662	0.447262
NM_001145664.2	2140	1912.29	0	0
NM_001145665.2	5789	5561.29	0.0148394	0.000120083
NM_001145666.2	8215	7987.29	72.9068	0.410782
NM_001145667.2	9287	9059.29	12644.4	62.8123
NM_001145668.2	2704	2476.29	0	0
NM_001145670.2	4788	4560.29	9.10449	0.0898474
NM_001145671.3	4639	4411.29	7.23113	0.0737704
NM_001145672.2	4277	4049.29	64.9846	0.722227
NM_001145673.3	5105	4877.29	0	0
NM_001145674.3	5227	4999.29	0	0
NM_001145675.3	3691	3463.29	47.1418	0.612575
NM_001145678.3	7241	7013.29	0	0
NM_001145710.2	1369	1141.29	40.834	1.61015
NM_001145712.2	620	394.338	0	0
NM_001145713.2	2307	2079.29	0	0
NM_001145714.2	2377	2149.29	322.144	6.74524
NM_001145715.3	1798	1570.29	0	0
NM_001145716.2	2394	2166.29	0	0
NM_001145717.1	2478	2250.29	0	0
NM_001145718.3	1261	1033.29	0	0
NM_001145719.1	3487	3259.29	2	0.0276152
NM_001145720.2	12831	12603.3	17.5014	0.0624931
NM_001145721.1	1428	1200.29	41.5289	1.55706
NM_001145722.2	1848	1620.29	148.041	4.11179
NM_001145724.1	1297	1069.29	29.3913	1.23699
NM_001145725.2	1471	1243.29	0	0
NM_001145727.3	2506	2278.29	0	0
NM_001145728.2	1876	1648.29	0	0
NM_001145729.1	1522	1294.29	0	0
NM_001145734.2	2858	2630.29	2	0.0342191
NM_001145770.3	4293	4065.29	0	0
NM_001145771.3	4393	4165.29	40.9534	0.442473
NM_001145772.3	4401	4173.29	0	0
NM_001145773.3	4272	4044.29	12.9116	0.143674
NM_001145774.3	4381	4153.29	0	0
NM_001145775.3	3935	3707.29	0	0
NM_001145776.2	3822	3594.29	0	0
NM_001145777.2	7357	7129.29	9.27994	0.0585789
NM_001145783.2	1058	830.293	133.824	7.25345
NM_001145784.2	992	764.293	335.717	19.7677
NM_001145785.2	1425	1197.29	25.7992	0.969723
NM_001145794.2	2192	1964.29	4248.46	97.3347
NM_001145795.2	2842	2614.29	0	0
NM_001145796.2	2942	2714.29	591.319	9.8041
NM_001145797.2	2995	2767.29	444.287	7.22522
NM_001145798.2	7881	7653.29	14.187	0.0834228
NM_001145805.2	1694	1466.29	0	0
NM_001145808.2	4722	4494.29	0	0
NM_001145809.2	6914	6686.29	0	0
NM_001145811.2	8929	8701.29	4.01981e-05	2.07904e-07
NM_001145812.2	3259	3031.29	0	0
NM_001145815.2	2068	1840.29	103.416	2.52896
NM_001145816.3	2455	2227.29	0	0
NM_001145819.2	8915	8687.29	0.000365576	1.89381e-06
NM_001145829.2	757	529.648	0	0
NM_001145838.2	2552	2324.29	47.8874	0.927199
NM_001145839.2	1391	1163.29	0	0
NM_001145841.2	693	466.041	0	0
NM_001145845.2	7328	7100.29	506.077	3.20762
NM_001145847.2	4013	3785.29	0	0
NM_001145848.2	3994	3766.29	0	0
NM_001145849.2	3906	3678.29	0	0
NM_001145850.2	3919	3691.29	0	0
NM_001145851.2	3879	3651.29	0	0
NM_001145852.2	3920	3692.29	0	0
NM_001145853.1	3636	3408.29	244.977	3.23467
NM_001145855.2	9139	8911.29	583.347	2.94597
NM_001145856.2	9173	8945.29	136.873	0.688599
NM_001145860.2	4739	4511.29	1189.53	11.8663
NM_001145861.2	4679	4451.29	73.9495	0.747638
NM_001145862.2	2840	2612.29	184.946	3.18614
NM_001145873.1	3177	2949.29	0	0
NM_001145901.2	1930	1702.29	126.773	3.35147
NM_001145903.3	2214	1986.29	13.6133	0.308433
NM_001145909.2	7482	7254.29	0	0
NM_001145923.2	5134	4906.29	0	0
NM_001145928.2	4179	3951.29	171.943	1.95834
NM_001145933.2	2500	2272.29	0	0
NM_001145934.2	2453	2225.29	1	0.0202234
NM_001145938.2	1819	1591.29	0	0
NM_001145939.2	943	715.293	154.642	9.72936
NM_001145940.1	869	641.427	6.61176	0.463887
NM_001145944.2	3305	3077.29	0	0
NM_001145945.2	3228	3000.29	1	0.0149996
NM_001145946.2	3478	3250.29	0	0
NM_001145951.2	2951	2723.29	78.4569	1.29652
NM_001145961.2	4690	4462.29	116.128	1.17117
NM_001145962.1	4678	4450.29	13.1546	0.133025
NM_001145963.2	4631	4403.29	36.8894	0.377022
NM_001145964.2	4551	4323.29	136.184	1.4176
NM_001145966.2	11636	11408.3	10655.4	42.0331
NM_001145971.2	1870	1642.29	62.9318	1.7245
NM_001145975.2	2507	2279.29	0	0
NM_001145998.2	5354	5126.29	0.270894	0.00237814
NM_001146.5	4230	4002.29	472.979	5.31833
NM_001146003.2	2756	2528.29	0	0
NM_001146006.2	2172	1944.29	0	0
NM_001146008.2	8987	8759.29	0	0
NM_001146009.1	3430	3202.29	2.878	0.0404457
NM_001146015.2	2972	2744.29	1449.14	23.7642
NM_001146016.2	2702	2474.29	0	0
NM_001146017.2	2540	2312.29	0	0
NM_001146018.2	2729	2501.29	0	0
NM_001146019.2	2672	2444.29	263.144	4.84487
NM_001146020.2	2523	2295.29	34.8193	0.682691
NM_001146028.2	4265	4037.29	0	0
NM_001146029.3	3334	3106.29	811.461	11.7562
NM_001146030.3	3273	3045.29	91.6127	1.35384
NM_001146032.2	4822	4594.29	67.2309	0.658555
NM_001146033.1	942	714.293	0	0
NM_001146036.3	4004	3776.29	0	0
NM_001146037.1	4226	3998.29	0	0
NM_001146039.2	1666	1438.29	5.74884	0.179877
NM_001146040.2	1836	1608.29	1	0.0279819
NM_001146041.1	1100	872.293	4	0.206367
NM_001146051.2	3483	3255.29	0	0
NM_001146054.2	3396	3168.29	0	0
NM_001146055.2	3030	2802.29	0	0
NM_001146056.3	2088	1860.29	9.78285	0.236661
NM_001146068.2	3262	3034.29	200.475	2.97334
NM_001146069.2	1717	1489.29	973.801	29.4261
NM_001146070.2	2645	2417.29	329.88	6.14142
NM_001146071.1	3032	2804.29	90.3386	1.44975
NM_001146075.2	4237	4009.29	68.6188	0.770225
NM_001146076.2	4180	3952.29	6.97327	0.0794016
NM_001146077.2	1453	1225.29	0	0
NM_001146078.3	1514	1286.29	0	0
NM_001146079.2	1784	1556.29	0	0
NM_001146082.3	1782	1554.29	231.529	6.7037
NM_001146083.3	2167	1939.29	236.68	5.49238
NM_001146094.2	2787	2559.29	59.0572	1.03847
NM_001146095.1	2748	2520.29	21.6696	0.386939
NM_001146096.2	2800	2572.29	89.2519	1.56149
NM_001146102.2	3150	2922.29	27.2962	0.420359
NM_001146103.2	3335	3107.29	15.8626	0.229739
NM_001146104.2	3179	2951.29	82.6514	1.26032
NM_001146105.2	3045	2817.29	153.146	2.44633
NM_001146106.3	6755	6527.29	28.3141	0.195214
NM_001146108.2	1599	1371.29	58.8553	1.93151
NM_001146109.2	1012	784.293	82.6831	4.74439
NM_001146110.2	5533	5305.29	160.548	1.36188
NM_001146111.2	3780	3552.29	31.6263	0.400665
NM_001146112.2	5491	5263.29	39.4367	0.337198
NM_001146113.2	3500	3272.29	0	0
NM_001146115.2	2799	2571.29	62.4302	1.09266
NM_001146116.2	7338	7110.29	0	0
NM_001146151.3	1890	1662.29	0	0
NM_001146152.2	2988	2760.29	49.7839	0.811663
NM_001146154.2	2765	2537.29	104.712	1.85724
NM_001146155.3	2710	2482.29	16.5862	0.300702
NM_001146156.2	7743	7515.29	2652.3	15.8825
NM_001146157.3	357	158.178	0	0
NM_001146158.2	2541	2313.29	57.2754	1.11424
NM_001146160.1	930	702.293	7.83333	0.501961
NM_001146162.1	1353	1125.29	0	0
NM_001146169.2	2514	2286.29	0	0
NM_001146170.2	2464	2236.29	0	0
NM_001146171.2	2548	2320.29	39.4566	0.765279
NM_001146172.2	866	638.427	4.40765	0.310697
NM_001146173.2	730	502.753	2.73903	0.24518
NM_001146175.2	2307	2079.29	137.543	2.9769
NM_001146178.3	1257	1029.29	6.56606e-06	2.87083e-07
NM_001146179.3	1254	1026.29	18.7459	0.822011
NM_001146182.2	1610	1382.29	0	0
NM_001146184.2	8678	8450.29	0	0
NM_001146185.2	8364	8136.29	0	0
NM_001146187.2	8370	8142.29	0	0
NM_001146188.2	4713	4485.29	1	0.0100335
NM_001146189.1	5851	5623.29	0	0
NM_001146190.1	5625	5397.29	0	0
NM_001146191.2	4528	4300.29	180.661	1.89064
NM_001146192.2	1358	1130.29	2.42853	0.0966928
NM_001146197.3	21470	21242.3	0.00846702	1.79379e-05
NM_001146202.2	3090	2862.29	0	0
NM_001146203.2	2856	2628.29	0	0
NM_001146204.2	2925	2697.29	0	0
NM_001146205.2	3030	2802.29	0	0
NM_001146206.2	2565	2337.29	1.42797	0.0274946
NM_001146207.2	2841	2613.29	0	0
NM_001146209.3	4182	3954.29	0	0
NM_001146210.4	3151	2923.29	0	0
NM_001146213.3	3157	2929.29	1372.29	21.0827
NM_001146214.3	3249	3021.29	27.8485	0.414813
NM_001146216.3	7352	7124.29	3.82765e-07	2.41787e-09
NM_001146218.3	1448	1220.29	526.697	19.424
NM_001146220.3	847	619.427	0	0
NM_001146221.5	1667	1439.29	0	0
NM_001146225.2	1813	1585.29	11.4616	0.32537
NM_001146226.2	1814	1586.29	0	0
NM_001146227.3	1864	1636.29	124.094	3.41296
NM_001146254.2	3298	3070.29	0	0
NM_001146255.2	3031	2803.29	0	0
NM_001146256.2	5551	5323.29	0	0
NM_001146257.2	850	622.427	0	0
NM_001146258.2	2887	2659.29	0	0
NM_001146259.2	3122	2894.29	8.35476	0.129907
NM_001146260.2	3032	2804.29	15.0508	0.241535
NM_001146261.4	12167	11939.3	0.0224512	8.46258e-05
NM_001146262.4	12046	11818.3	0	0
NM_001146264.4	12110	11882.3	15.8731	0.0601178
NM_001146265.2	3010	2782.29	29.6955	0.480319
NM_001146266.2	2783	2555.29	0	0
NM_001146267.2	3231	3003.29	176.38	2.64299
NM_001146273.1	4663	4435.29	9.84944	0.0999382
NM_001146274.2	4025	3797.29	35.4274	0.419862
NM_001146276.3	4560	4332.29	347.734	3.6122
NM_001146277.3	4526	4298.29	63.7632	0.6676
NM_001146278.3	4307	4079.29	31.1574	0.343731
NM_001146279.3	1213	985.293	0	0
NM_001146280.3	1059	831.293	3.51717	0.190406
NM_001146281.3	922	694.293	0	0
NM_001146282.2	2095	1867.29	10.6191	0.255928
NM_001146283.2	4024	3796.29	160.246	1.89963
NM_001146284.2	3922	3694.29	63.7917	0.777096
NM_001146285.2	3956	3728.29	135.982	1.6414
NM_001146286.2	3883	3655.29	129.143	1.58998
NM_001146288.2	2331	2103.29	0	0
NM_001146289.2	2610	2382.29	1627.79	30.7501
NM_001146291.2	4037	3809.29	0	0
NM_001146310.2	2267	2039.29	42.8681	0.946012
NM_001146312.3	8565	8337.29	26.9802	0.145634
NM_001146314.2	1657	1429.29	759.839	23.9245
NM_001146316.2	1223	995.293	0	0
NM_001146319.3	2964	2736.29	3.48456	0.0573097
NM_001146320.3	2793	2565.29	71.404	1.25264
NM_001146321.3	2948	2720.29	14.8868	0.24628
NM_001146322.3	2744	2516.29	0	0
NM_001146326.2	2178	1950.29	0	0
NM_001146327.2	2265	2037.29	0	0
NM_001146333.3	1833	1605.29	24.2436	0.67965
NM_001146334.2	4836	4608.29	151.446	1.47897
NM_001146335.3	4322	4094.29	0	0
NM_001146336.2	1618	1390.29	0	0
NM_001146337.3	5895	5667.29	0	0
NM_001146339.2	2065	1837.29	0	0
NM_001146340.3	3211	2983.29	0	0
NM_001146341.2	5506	5278.29	3	0.0255782
NM_001146343.2	2273	2045.29	320.036	7.04182
NM_001146344.3	1845	1617.29	0	0
NM_001146345.2	2490	2262.29	603.932	12.0138
NM_001146590.2	2068	1840.29	0	0
NM_001146627.2	1989	1761.29	0	0
NM_001146683.2	1627	1399.29	0	0
NM_001146684.3	3070	2842.29	0	0
NM_001146685.2	3217	2989.29	6.31919	0.0951338
NM_001146686.3	3642	3414.29	16	0.210893
NM_001146688.2	4621	4393.29	866.16	8.87259
NM_001146695.4	3502	3274.29	105.23	1.44632
NM_001146696.2	3406	3178.29	0	0
NM_001146698.2	3586	3358.29	575.6	7.71338
NM_001146699.2	4443	4215.29	334.212	3.5681
NM_001146702.2	5044	4816.29	13.2216	0.123541
NM_001146705.2	6918	6690.29	1.0036	0.00675081
NM_001146706.2	6654	6426.29	0	0
NM_001146726.2	1246	1018.29	0	0
NM_001146728.2	3022	2794.29	0	0
NM_001146729.2	3042	2814.29	0	0
NM_001147.3	5271	5043.29	48.0004	0.428324
NM_001148.6	14215	13987.3	0	0
NM_001149.4	6927	6699.29	8.36316e-07	5.61802e-09
NM_001150.3	3662	3434.29	32218.1	422.187
NM_001151.4	4415	4187.29	476	5.11583
NM_001152.5	1307	1079.29	8110.6	338.186
NM_001153.5	2651	2423.29	1783.6	33.1233
NM_001153446.1	1876	1648.29	1873.57	51.1537
NM_001153484.2	4995	4767.29	342.867	3.23665
NM_001153552.2	4911	4683.29	67.0859	0.644648
NM_001153585.1	2009	1781.29	0	0
NM_001153635.1	1873	1645.29	0	0
NM_001153663.1	1966	1738.29	870.288	22.5311
NM_001153690.1	1925	1697.29	140.643	3.7291
NM_001154.4	1638	1410.29	40857.9	1303.8
NM_001154458.3	1218	990.293	0	0
NM_001155.5	2889	2661.29	17261.2	291.891
NM_001156.5	2443	2215.29	4923.86	100.027
NM_001156474.2	2627	2399.29	8.88627	0.166678
NM_001157.3	6685	6457.29	712.73	4.96726
NM_001158.5	2596	2368.29	16.917	0.321462
NM_001158261.2	1151	923.293	0	0
NM_001159.4	4928	4700.29	598.198	5.72746
NM_001159279.1	5210	4982.29	2.22671	0.020113
NM_001159280.3	4187	3959.29	67.8649	0.771383
NM_001159285.2	1819	1591.29	0	0
NM_001159286.2	2507	2279.29	111.811	2.20763
NM_001159287.1	1460	1232.29	316.552	11.5604
NM_001159291.2	3291	3063.29	718.486	10.5553
NM_001159293.2	8352	8124.29	102.36	0.567005
NM_001159295.2	1916	1688.29	0	0
NM_001159296.2	8544	8316.29	0.000102395	5.54102e-07
NM_001159322.2	2455	2227.29	0	0
NM_001159323.2	2529	2301.29	0	0
NM_001159352.2	1398	1170.29	0	0
NM_001159353.2	2209	1981.29	0	0
NM_001159377.2	3028	2800.29	47.0889	0.756759
NM_001159378.2	3028	2800.29	39.1374	0.628971
NM_001159379.2	3025	2797.29	132.434	2.13061
NM_001159380.2	3024	2796.29	0	0
NM_001159387.2	8657	8429.29	14.3445	0.0765839
NM_001159388.2	8670	8442.29	1.73427	0.00924481
NM_001159390.2	935	707.293	4616.34	293.725
NM_001159391.3	907	679.293	171.703	11.3753
NM_001159397.2	2942	2714.29	0	0
NM_001159398.2	3066	2838.29	0	0
NM_001159484.1	5455	5227.29	2	0.0172185
NM_001159488.2	2408	2180.29	0	0
NM_001159491.2	680	453.225	0	0
NM_001159495.2	371	168.6	0	0
NM_001159508.3	4260	4032.29	0	0
NM_001159522.3	8478	8250.29	3.08363e-06	1.68204e-08
NM_001159524.1	1239	1011.29	0	0
NM_001159531.2	2981	2753.29	0	0
NM_001159542.3	1080	852.293	0	0
NM_001159545.3	1791	1563.29	0	0
NM_001159546.3	1845	1617.29	0	0
NM_001159547.2	8556	8328.29	0.0032029	1.73073e-05
NM_001159554.2	2649	2421.29	0	0
NM_001159560.2	856	628.427	0	0
NM_001159575.2	3198	2970.29	0	0
NM_001159576.2	3703	3475.29	0	0
NM_001159587.3	8980	8752.29	59.3555	0.305198
NM_001159588.3	8800	8572.29	0	0
NM_001159596.2	3126	2898.29	126.992	1.97186
NM_001159597.3	1687	1459.29	109.098	3.36448
NM_001159601.2	1763	1535.29	33.0062	0.967489
NM_001159629.2	2225	1997.29	0	0
NM_001159642.2	2499	2271.29	7.73032	0.153167
NM_001159643.2	7669	7441.29	14.7948	0.0894755
NM_001159644.2	2002	1774.29	0	0
NM_001159651.3	1724	1496.29	36.9756	1.11209
NM_001159673.2	6729	6501.29	1564.08	10.8268
NM_001159674.2	6784	6556.29	154.09	1.05769
NM_001159675.1	2560	2332.29	62.3945	1.20394
NM_001159676.1	6805	6577.29	0	0
NM_001159677.2	6889	6661.29	4585.09	30.9765
NM_001159694.2	3927	3699.29	0	0
NM_001159699.2	2286	2058.29	908.05	19.8539
NM_001159700.2	2451	2223.29	0	0
NM_001159701.2	2273	2045.29	0	0
NM_001159702.3	2568	2340.29	0	0
NM_001159703.2	2181	1953.29	149.838	3.4522
NM_001159704.1	2906	2678.29	0	0
NM_001159707.2	1669	1441.29	0	0
NM_001159708.2	2126	1898.29	0	0
NM_001159709.2	1720	1492.29	0	0
NM_001159710.2	1593	1365.29	1	0.0329622
NM_001159726.1	831	603.427	0	0
NM_001159727.2	4691	4463.29	162.616	1.63964
NM_001159736.2	1790	1562.29	0	0
NM_001159740.2	1474	1246.29	0	0
NM_001159746.3	5553	5325.29	17.8802	0.151102
NM_001159747.2	3499	3271.29	0	0
NM_001159749.2	2174	1946.29	381.472	8.82056
NM_001159767.2	1820	1592.29	659.878	18.6502
NM_001159770.2	2753	2525.29	42.0785	0.749878
NM_001159772.2	3426	3198.29	688.765	9.69159
NM_001159773.2	3287	3059.29	1511.73	22.238
NM_001159846.3	1464	1236.29	0	0
NM_001159860.2	4871	4643.29	5.85219	0.0567198
NM_001159861.2	4893	4665.29	0	0
NM_001159878.2	1192	964.293	0	0
NM_001159920.2	6502	6274.29	42.9825	0.308297
NM_001159927.1	1464	1236.29	0	0
NM_001159929.1	1473	1245.29	0	0
NM_001159936.1	1514	1286.29	18.6277	0.651721
NM_001159944.3	3903	3675.29	808.17	9.89585
NM_001159969.2	4325	4097.29	58.3354	0.640733
NM_001159995.3	11618	11390.3	0	0
NM_001159996.3	11415	11187.3	580.926	2.33689
NM_001159999.3	11669	11441.3	0	0
NM_001160.3	7039	6811.29	5.6227	0.0371499
NM_001160001.3	11567	11339.3	0	0
NM_001160002.2	1542	1314.29	3.49221	0.119578
NM_001160004.3	12116	11888.3	0	0
NM_001160005.2	1497	1269.29	0	0
NM_001160007.2	1491	1263.29	0	0
NM_001160008.2	3290	3062.29	404.156	5.93942
NM_001160011.3	1108	880.293	16.6163	0.849474
NM_001160030.2	2973	2745.29	95.5756	1.56675
NM_001160031.1	1911	1683.29	0	0
NM_001160033.1	4535	4307.29	15.7945	0.165023
NM_001160036.2	5429	5201.29	0	0
NM_001160037.2	4966	4738.29	466.325	4.42904
NM_001160042.2	2252	2024.29	43.2618	0.961774
NM_001160045.2	3752	3524.29	26.9894	0.344639
NM_001160046.1	4029	3801.29	3493.95	41.3645
NM_001160047.2	4542	4314.29	75.4304	0.786826
NM_001160094.2	4330	4102.29	4.06397	0.0445827
NM_001160100.2	2448	2220.29	2.1738	0.0440607
NM_001160102.2	2572	2344.29	0	0
NM_001160103.2	18150	17922.3	563.245	1.41432
NM_001160104.2	18135	17907.3	0.693765	0.00174351
NM_001160109.2	2058	1830.29	0	0
NM_001160110.1	2386	2158.29	0	0
NM_001160111.1	2546	2318.29	5	0.0970608
NM_001160113.2	1095	867.293	0	0
NM_001160114.2	978	750.293	24.0662	1.44351
NM_001160115.2	608	382.573	25.6901	3.022
NM_001160116.2	593	367.988	24.6557	3.01527
NM_001160124.2	4464	4236.29	431.994	4.58916
NM_001160125.2	4466	4238.29	394.827	4.19235
NM_001160130.2	6337	6109.29	1421.15	10.4686
NM_001160132.2	6394	6166.29	0	0
NM_001160133.2	6421	6193.29	0	0
NM_001160134.2	6034	5806.29	0	0
NM_001160138.2	3848	3620.29	0	0
NM_001160147.2	12878	12650.3	0	0
NM_001160148.2	12941	12713.3	702.201	2.48568
NM_001160154.2	3711	3483.29	1	0.0129197
NM_001160160.2	8420	8192.29	10.2044	0.0560564
NM_001160161.2	8357	8129.29	0	0
NM_001160166.2	3500	3272.29	0	0
NM_001160167.2	3851	3623.29	0	0
NM_001160168.2	3363	3135.29	0	0
NM_001160169.1	3588	3360.29	112.587	1.50783
NM_001160170.4	2333	2105.29	0	0
NM_001160171.4	2183	1955.29	36.7765	0.846448
NM_001160172.4	2104	1876.29	0	0
NM_001160173.4	1949	1721.29	5.51006	0.14406
NM_001160174.3	2022	1794.29	0	0
NM_001160175.4	2067	1839.29	0	0
NM_001160176.4	1917	1689.29	16.134	0.429813
NM_001160179.3	2004	1776.29	0	0
NM_001160183.3	2716	2488.29	26.1835	0.473553
NM_001160184.2	3071	2843.29	11.4679	0.181512
NM_001160210.2	3144	2916.29	23.5167	0.362901
NM_001160213.2	3695	3467.29	0	0
NM_001160223.2	3994	3766.29	104.756	1.25172
NM_001160224.2	1886	1658.29	1.36495	0.0370422
NM_001160225.2	3643	3415.29	37.9513	0.500082
NM_001160226.3	6162	5934.29	0	0
NM_001160227.2	7433	7205.29	104.396	0.652039
NM_001160230.2	3463	3235.29	0.835157	0.0116171
NM_001160233.2	3765	3537.29	64.3777	0.819043
NM_001160234.2	3574	3346.29	51.8479	0.697284
NM_001160243.2	2109	1881.29	30.118	0.720464
NM_001160244.2	854	626.427	35.3348	2.53848
NM_001160246.2	678	451.406	74.7356	7.45079
NM_001160258.3	6200	5972.29	0	0
NM_001160259.3	6075	5847.29	0	0
NM_001160264.2	2040	1812.29	0	0
NM_001160266.2	790	562.487	5.73048	0.45848
NM_001160277.2	3156	2928.29	0	0
NM_001160300.2	2967	2739.29	0	0
NM_001160301.1	1789	1561.29	34.2165	0.986264
NM_001160302.2	7037	6809.29	0	0
NM_001160305.4	6256	6028.29	77.9707	0.582075
NM_001160306.2	6920	6692.29	680.551	4.57645
NM_001160308.3	6203	5975.29	130.568	0.983376
NM_001160325.2	3255	3027.29	0	0
NM_001160328.2	2890	2662.29	0	0
NM_001160329.2	2526	2298.29	5	0.0979054
NM_001160331.2	10152	9924.29	0	0
NM_001160332.2	10138	9910.29	0	0
NM_001160333.2	2494	2266.29	59.6729	1.18496
NM_001160354.2	1961	1733.29	315.26	8.1854
NM_001160355.2	1682	1454.29	70.1756	2.17158
NM_001160364.2	4499	4271.29	0	0
NM_001160367.2	1729	1501.29	682.519	20.4593
NM_001160372.4	6899	6671.29	0	0
NM_001160389.2	974	746.293	3.68831	0.222413
NM_001160390.2	956	728.293	4.68508	0.289503
NM_001160392.2	857	629.427	48.514	3.46867
NM_001160393.1	869	641.427	0	0
NM_001160407.2	889	661.427	14.6995	1.00015
NM_001160408.2	1975	1747.29	17.6353	0.454213
NM_001160417.2	2139	1911.29	0	0
NM_001160418.2	1917	1689.29	0	0
NM_001160419.3	1073	845.293	0	0
NM_001160423.2	8379	8151.29	0	0
NM_001160706.2	3068	2840.29	0	0
NM_001160708.2	4092	3864.29	21.4738	0.250081
NM_001161.5	998	770.293	77.4165	4.52293
NM_001161009.3	2266	2038.29	575.418	12.7046
NM_001161010.3	2194	1966.29	81.6429	1.86858
NM_001161011.3	2194	1966.29	0	0
NM_001161012.3	2089	1861.29	379.095	9.16591
NM_001161013.3	2017	1789.29	20.1178	0.505989
NM_001161330.2	2342	2114.29	254.206	5.41082
NM_001161331.1	2459	2231.29	26.5757	0.536007
NM_001161334.2	996	768.293	0	0
NM_001161342.3	1241	1013.29	42.2656	1.87713
NM_001161344.1	3291	3063.29	370.15	5.43791
NM_001161345.1	3288	3060.29	656.069	9.64781
NM_001161346.2	11228	11000.3	133.014	0.54417
NM_001161347.1	3015	2787.29	236.31	3.81541
NM_001161352.2	6261	6033.29	46.3809	0.345961
NM_001161353.2	6210	5982.29	91.4621	0.688044
NM_001161354.2	2777	2549.29	0	0
NM_001161357.2	3192	2964.29	0	0
NM_001161358.2	3088	2860.29	0	0
NM_001161359.2	3044	2816.29	0	0
NM_001161363.2	2408	2180.29	0	0
NM_001161364.2	2060	1832.29	0	0
NM_001161368.3	2085	1857.29	0.630957	0.0152884
NM_001161376.2	1882	1654.29	0	0
NM_001161403.3	2387	2159.29	574.095	11.9651
NM_001161404.2	2337	2109.29	0	0
NM_001161407.2	4564	4336.29	0	0
NM_001161415.2	2310	2082.29	0	0
NM_001161416.2	2245	2017.29	0	0
NM_001161417.2	2016	1788.29	0	0
NM_001161425.2	2921	2693.29	0	0
NM_001161426.2	2808	2580.29	0	0
NM_001161427.2	2792	2564.29	0	0
NM_001161429.3	4700	4472.29	0	0
NM_001161440.3	3389	3161.29	0	0
NM_001161441.2	1674	1446.29	0	0
NM_001161442.2	1613	1385.29	83.4165	2.7099
NM_001161443.2	1833	1605.29	7.29679	0.204559
NM_001161444.2	1431	1203.29	0	0
NM_001161452.2	2984	2756.29	17.0689	0.278691
NM_001161454.1	3214	2986.29	495.958	7.47404
NM_001161465.2	2436	2208.29	41.5415	0.84658
NM_001161473.3	2891	2663.29	0	0
NM_001161476.3	1923	1695.29	156.772	4.16165
NM_001161498.2	4891	4663.29	0	0
NM_001161499.2	4507	4279.29	81.7878	0.860119
NM_001161500.2	4407	4179.29	18.5081	0.199297
NM_001161501.1	4380	4152.29	148.381	1.60817
NM_001161504.2	3243	3015.29	7.05757	0.105334
NM_001161520.2	6290	6062.29	46.8001	0.347418
NM_001161521.1	3014	2786.29	0	0
NM_001161522.1	2907	2679.29	65.849	1.10604
NM_001161527.2	2011	1783.29	19.5325	0.49292
NM_001161528.2	2839	2611.29	1	0.017234
NM_001161529.2	1967	1739.29	0	0
NM_001161530.2	1917	1689.29	0	0
NM_001161531.2	1619	1391.29	0	0
NM_001161532.2	1608	1380.29	0	0
NM_001161546.2	4513	4285.29	306.883	3.22281
NM_001161560.3	9868	9640.29	0	0
NM_001161561.3	9805	9577.29	15.4651	0.0726695
NM_001161562.3	9781	9553.29	48.1448	0.226798
NM_001161563.3	9727	9499.29	0	0
NM_001161564.3	9703	9475.29	0	0
NM_001161565.3	9640	9412.29	1.08136e-08	5.17033e-11
NM_001161566.3	9616	9388.29	3.38405e-08	1.62215e-10
NM_001161572.2	2400	2172.29	40.8173	0.845607
NM_001161573.1	2234	2006.29	30.8014	0.690905
NM_001161574.2	2307	2079.29	7.39286	0.160007
NM_001161575.2	2121	1893.29	0	0
NM_001161576.2	6575	6347.29	0.00549362	3.89505e-05
NM_001161577.2	5522	5294.29	0	0
NM_001161580.2	1792	1564.29	391.648	11.2673
NM_001161581.2	2007	1779.29	118.045	2.98568
NM_001161584.2	2999	2771.29	38.8364	0.630665
NM_001161585.2	962	734.293	0	0
NM_001161586.3	2293	2065.29	30.8421	0.672055
NM_001161587.2	3377	3149.29	0	0
NM_001161616.3	2529	2301.29	6.33331e-05	1.23852e-06
NM_001161619.2	1312	1084.29	56.4	2.34086
NM_001161625.2	1154	926.293	3.81514	0.185355
NM_001161630.1	2339	2111.29	0	0
NM_001161656.2	3675	3447.29	0	0
NM_001161657.2	3066	2838.29	0	0
NM_001161658.2	3636	3408.29	0	0
NM_001161659.2	3210	2982.29	0	0
NM_001161660.2	3216	2988.29	0	0
NM_001161661.2	7154	6926.29	194.597	1.26438
NM_001161662.2	7151	6923.29	148.937	0.968124
NM_001161664.2	2704	2476.29	2.66366e-06	4.84082e-08
NM_001161683.2	3466	3238.29	0	0
NM_001161705.2	1936	1708.29	14.9126	0.392856
NM_001161707.1	2536	2308.29	63.9764	1.2473
NM_001161708.2	3423	3195.29	1445.6	20.36
NM_001161725.2	4558	4330.29	0	0
NM_001161726.2	4513	4285.29	905.426	9.50856
NM_001161727.2	960	732.293	25.7248	1.58092
NM_001161728.2	880	652.427	0	0
NM_001161729.1	940	712.293	3.67789	0.232371
NM_001161748.2	876	648.427	2	0.138807
NM_001161766.2	2368	2140.29	0	0
NM_001161772.3	1997	1769.29	0	0
NM_001161779.2	4384	4156.29	61.2812	0.663534
NM_001161780.2	4245	4017.29	396.627	4.44315
NM_001161781.2	4349	4121.29	141.32	1.54316
NM_001161812.1	924	696.293	0	0
NM_001161814.1	1009	781.293	0	0
NM_001161819.3	5054	4826.29	97.5325	0.909448
NM_001161834.3	1607	1379.29	0	0
NM_001161841.2	4249	4021.29	12.9723	0.145175
NM_001162371.3	1500	1272.29	120	4.2446
NM_001162383.2	4169	3941.29	1239.46	14.1526
NM_001162384.2	4166	3938.29	1325.25	15.1437
NM_001162407.1	2213	1985.29	32.8693	0.74509
NM_001162422.2	4590	4362.29	1.15837e-06	1.19502e-08
NM_001162426.2	8595	8367.29	26.4449	0.142232
NM_001162427.2	8445	8217.29	10.7163	0.0586892
NM_001162429.3	5899	5671.29	519.899	4.12553
NM_001162435.3	1330	1102.29	0	0
NM_001162491.2	1130	902.293	0	0
NM_001162495.3	4081	3853.29	0	0
NM_001162496.3	3925	3697.29	5.97709	0.0727525
NM_001162497.3	2430	2202.29	0	0
NM_001162498.3	1976	1748.29	100.773	2.594
NM_001162499.2	4573	4345.29	0	0
NM_001162501.2	18280	18052.3	317.792	0.792233
NM_001162505.2	7694	7466.29	0	0
NM_001162529.3	6215	5987.29	0	0
NM_001162530.2	2544	2316.29	0	0
NM_001162536.3	4756	4528.29	231.203	2.29774
NM_001162861.2	920	692.293	0	0
NM_001162862.2	906	678.293	94.9441	6.2993
NM_001162893.2	4616	4388.29	0	0
NM_001162894.2	4539	4311.29	0	0
NM_001162895.2	4474	4246.29	0	0
NM_001162900.3	3564	3336.29	14.0507	0.189529
NM_001162914.1	1320	1092.29	0	0
NM_001162916.2	3338	3110.29	233.607	3.38007
NM_001162936.4	1016	788.293	0	0
NM_001162951.4	4348	4120.29	0	0
NM_001162952.3	2389	2161.29	363.855	7.57629
NM_001162953.4	4351	4123.29	0	0
NM_001162995.3	1546	1318.29	1.85019	0.0631606
NM_001162997.2	1140	912.293	0	0
NM_001163.4	6597	6369.29	0.45847	0.00323938
NM_001163022.3	1939	1711.29	0	0
NM_001163023.3	1849	1621.29	28.1199	0.780539
NM_001163034.2	6364	6136.29	246.066	1.80463
NM_001163075.2	1072	844.293	0	0
NM_001163079.2	3956	3728.29	0	0
NM_001163120.2	809	581.487	1.32914	0.102866
NM_001163121.2	1064	836.293	0	0
NM_001163122.1	966	738.293	3.41945	0.208435
NM_001163124.1	711	483.852	0	0
NM_001163125.1	545	321.964	0	0
NM_001163130.1	1065	837.293	0	0
NM_001163147.2	6193	5965.29	50.659	0.382179
NM_001163148.2	6352	6124.29	0	0
NM_001163149.2	6232	6004.29	17.6395	0.132211
NM_001163150.2	6187	5959.29	8.1946	0.0618836
NM_001163151.2	6133	5905.29	0	0
NM_001163152.2	5998	5770.29	5.0758	0.0395867
NM_001163213.2	4307	4079.29	0	0
NM_001163257.2	6319	6091.29	519.015	3.83454
NM_001163258.3	2227	1999.29	0	0
NM_001163259.2	2236	2008.29	0	0
NM_001163260.2	2147	1919.29	0	0
NM_001163264.2	5517	5289.29	0	0
NM_001163265.2	5233	5005.29	2.00521	0.018029
NM_001163278.2	13547	13319.3	0	0
NM_001163279.1	12904	12676.3	0	0
NM_001163280.2	2873	2645.29	1216.01	20.6874
NM_001163285.2	2397	2169.29	3213.74	66.6707
NM_001163286.2	2232	2004.29	279.282	6.27081
NM_001163287.2	1315	1087.29	874.692	36.2035
NM_001163296.2	4340	4112.29	93.3196	1.02125
NM_001163297.2	4310	4082.29	72.6269	0.800637
NM_001163315.3	5198	4970.29	952.019	8.61997
NM_001163321.4	3467	3239.29	0	0
NM_001163322.2	3593	3365.29	0	0
NM_001163323.3	4013	3785.29	0	0
NM_001163334.1	4709	4481.29	0	0
NM_001163335.2	4842	4614.29	0	0
NM_001163377.2	1843	1615.29	49.231	1.37161
NM_001163380.2	2856	2628.29	115.273	1.97377
NM_001163391.2	7711	7483.29	250.315	1.50534
NM_001163417.1	4596	4368.29	516.25	5.31852
NM_001163418.1	4404	4176.29	1.71007	0.0184275
NM_001163423.2	1026	798.293	0	0
NM_001163424.2	418	206.92	1153.99	250.982
NM_001163435.3	7961	7733.29	12.2108	0.0710593
NM_001163436.4	7818	7590.29	34.7572	0.206077
NM_001163437.3	7844	7616.29	0	0
NM_001163438.2	1483	1255.29	335	12.01
NM_001163446.2	2691	2463.29	0	0
NM_001163474.2	3801	3573.29	276.351	3.48044
NM_001163484.2	3774	3546.29	541.866	6.87637
NM_001163499.2	1953	1725.29	0	0
NM_001163508.2	2456	2228.29	0	0
NM_001163509.2	2445	2217.29	61.117	1.24046
NM_001163523.2	1961	1733.29	31.3328	0.813521
NM_001163524.1	1814	1586.29	0	0
NM_001163544.3	7907	7679.29	0.624579	0.00366023
NM_001163545.3	7904	7676.29	0.410133	0.00240445
NM_001163546.3	7736	7508.29	0.196877	0.00118004
NM_001163547.3	7523	7295.29	0	0
NM_001163558.3	1013	785.293	0	0
NM_001163560.3	1867	1639.29	0	0
NM_001163561.2	821	593.487	0	0
NM_001163629.2	3102	2874.29	0	0
NM_001163636.3	4449	4221.29	52.0624	0.555036
NM_001163646.2	1759	1531.29	0	0
NM_001163673.2	3170	2942.29	0	0
NM_001163677.2	1155	927.293	1.15898	0.0562472
NM_001163678.2	3478	3250.29	0.000442855	6.13171e-06
NM_001163692.2	1707	1479.29	10.7006	0.325535
NM_001163724.3	559	335.04	0	0
NM_001163735.2	3931	3703.29	1299.19	15.788
NM_001163771.2	1207	979.293	0.35212	0.0161815
NM_001163788.4	7192	6964.29	1450.62	9.3739
NM_001163790.2	8004	7776.29	35.8468	0.207453
NM_001163809.2	6982	6754.29	1287.75	8.58014
NM_001163811.2	3142	2914.29	0	0
NM_001163812.2	3660	3432.29	178.471	2.34005
NM_001163813.2	1776	1548.29	2.32224	0.0674989
NM_001163814.2	1820	1592.29	30.3548	0.85792
NM_001163817.2	2604	2376.29	15.1744	0.287378
NM_001163857.2	1058	830.293	0	0
NM_001163922.3	3689	3461.29	64	0.832116
NM_001163925.2	3689	3461.29	0	0
NM_001163926.2	3656	3428.29	0	0
NM_001163940.2	2697	2469.29	42.8441	0.780838
NM_001163941.2	5350	5122.29	0	0
NM_001163942.2	2269	2041.29	0	0
NM_001163989.3	2833	2605.29	0	0
NM_001163990.2	2502	2274.29	0	0
NM_001163991.2	1235	1007.29	0	0
NM_001163993.3	1739	1511.29	0	0
NM_001163999.2	4803	4575.29	0	0
NM_001164.5	2666	2438.29	742.248	13.6995
NM_001164000.2	5469	5241.29	40.6516	0.349045
NM_001164093.2	2024	1796.29	234.933	5.88584
NM_001164094.2	1831	1603.29	1835.43	51.5189
NM_001164095.3	1902	1674.29	443.859	11.9304
NM_001164097.2	9384	9156.29	38106.3	187.292
NM_001164098.2	7083	6855.29	38.946	0.25567
NM_001164104.2	3819	3591.29	0	0
NM_001164105.2	4192	3964.29	0	0
NM_001164106.1	1351	1123.29	0	0
NM_001164114.2	4033	3805.29	12.0012	0.141932
NM_001164115.2	2884	2656.29	0	0
NM_001164116.2	4297	4069.29	0	0
NM_001164144.3	3796	3568.29	205.873	2.59645
NM_001164145.3	3760	3532.29	104.934	1.33691
NM_001164160.2	5090	4862.29	0	0
NM_001164161.2	5072	4844.29	1539.95	14.306
NM_001164162.2	5054	4826.29	194.907	1.81743
NM_001164163.2	4985	4757.29	239.093	2.26177
NM_001164164.2	3371	3143.29	17.1614	0.245703
NM_001164165.2	1920	1692.29	0	0
NM_001164178.1	12515	12287.3	0	0
NM_001164179.2	12370	12142.3	6.89342e-05	2.55491e-07
NM_001164181.1	12387	12159.3	1.0125e-05	3.74738e-08
NM_001164182.2	12342	12114.3	0.00163323	6.06725e-06
NM_001164183.2	12224	11996.3	1099.46	4.12454
NM_001164189.2	2229	2001.29	387.537	8.71454
NM_001164194.2	2196	1968.29	77.7165	1.77691
NM_001164211.2	5569	5341.29	0	0
NM_001164213.2	4709	4481.29	842.332	8.45906
NM_001164232.2	4599	4371.29	0	0
NM_001164234.2	1788	1560.29	19.503	0.562519
NM_001164238.1	882	654.427	0	0
NM_001164239.2	3085	2857.29	145.62	2.29355
NM_001164245.2	3751	3523.29	31.6517	0.404288
NM_001164246.2	3724	3496.29	36.3741	0.468195
NM_001164257.2	3128	2900.29	0	0
NM_001164261.2	760	532.648	0	0
NM_001164262.3	760	532.648	0	0
NM_001164266.1	4576	4348.29	149.095	1.54307
NM_001164267.2	1908	1680.29	0	0
NM_001164269.2	2335	2107.29	0	0
NM_001164270.2	2314	2086.29	57.3912	1.23798
NM_001164271.2	5788	5560.29	0	0
NM_001164273.2	12046	11818.3	334.185	1.27255
NM_001164276.2	2780	2552.29	2.7089e-06	4.77645e-08
NM_001164277.2	2816	2588.29	82.8033	1.43972
NM_001164278.2	2566	2338.29	5.14731	0.0990658
NM_001164279.2	2242	2014.29	28.5593	0.638069
NM_001164280.2	2199	1971.29	0	0
NM_001164281.3	5830	5602.29	0	0
NM_001164283.3	4427	4199.29	1.75062	0.0187611
NM_001164309.3	2395	2167.29	27.0382	0.561439
NM_001164310.3	1054	826.293	0	0
NM_001164313.2	1228	1000.29	74.4209	3.34819
NM_001164317.2	9534	9306.29	1782.52	8.61984
NM_001164318.2	9408	9180.29	1502.61	7.36602
NM_001164319.2	9369	9141.29	3870.08	19.0526
NM_001164326.2	2900	2672.29	1664.11	28.0246
NM_001164342.2	26911	26683.3	14.1241	0.0238212
NM_001164343.2	27373	27145.3	0	0
NM_001164344.4	27167	26939.3	0	0
NM_001164345.4	27121	26893.3	0	0
NM_001164346.2	26930	26702.3	107.525	0.181218
NM_001164347.2	26952	26724.3	0	0
NM_001164356.2	776	548.487	0	0
NM_001164372.2	1605	1377.29	54.9869	1.7967
NM_001164373.2	1487	1259.29	42.7089	1.52628
NM_001164375.3	4794	4566.29	0.000804289	7.92667e-06
NM_001164377.1	870	642.427	0	0
NM_001164379.3	1403	1175.29	5.01729	0.192117
NM_001164380.2	2970	2742.29	155.007	2.54379
NM_001164381.2	2839	2611.29	0.0504049	0.00086868
NM_001164382.2	2793	2565.29	71.3206	1.25118
NM_001164383.2	2364	2136.29	0	0
NM_001164384.2	3987	3759.29	0	0
NM_001164385.2	3885	3657.29	0	0
NM_001164386.2	8374	8146.29	653.283	3.60898
NM_001164387.2	8074	7846.29	0	0
NM_001164388.2	8059	7831.29	0	0
NM_001164389.2	4565	4337.29	21.3002	0.221008
NM_001164390.2	3107	2879.29	0	0
NM_001164391.2	3995	3767.29	22.6935	0.271091
NM_001164392.2	3904	3676.29	127.909	1.56579
NM_001164393.2	3794	3566.29	59.8851	0.755691
NM_001164397.3	1653	1425.29	0	0
NM_001164399.2	2591	2363.29	0	0
NM_001164404.2	5603	5375.29	3	0.0251166
NM_001164405.2	1372	1144.29	0	0
NM_001164407.2	5884	5656.29	146.723	1.16737
NM_001164410.3	1026	798.293	64.6743	3.64596
NM_001164415.3	1966	1738.29	10.905	0.282322
NM_001164416.4	1875	1647.29	8	0.218555
NM_001164417.3	1281	1053.29	0.5	0.021363
NM_001164419.3	774	546.487	0	0
NM_001164425.4	813	585.487	0	0
NM_001164431.3	2967	2739.29	0	0
NM_001164434.1	293	113.08	0	0
NM_001164435.1	253	87.9231	0	0
NM_001164436.2	1881	1653.29	11.4432	0.311487
NM_001164440.2	9586	9358.29	23.3374	0.112227
NM_001164442.2	772	544.487	1	0.0826523
NM_001164443.1	6036	5808.29	7.34762	0.0569299
NM_001164444.2	868	640.427	0	0
NM_001164446.3	6385	6157.29	2091.46	15.2863
NM_001164447.1	1395	1167.29	0	0
NM_001164448.1	1395	1167.29	0	0
NM_001164449.1	1395	1167.29	0	0
NM_001164450.1	1395	1167.29	0	0
NM_001164451.1	1395	1167.29	0	0
NM_001164452.1	1395	1167.29	0	0
NM_001164457.3	3644	3416.29	0	0
NM_001164458.2	1157	929.293	0	0
NM_001164459.2	1302	1074.29	2.19594	0.0919899
NM_001164460.2	1205	977.293	24.9003	1.14663
NM_001164462.2	16366	16138.3	2	0.00557718
NM_001164463.1	7299	7071.29	1.86661e-05	1.18795e-07
NM_001164464.2	1650	1422.29	0	0
NM_001164465.3	4452	4224.29	0	0
NM_001164468.4	3512	3284.29	305.556	4.18689
NM_001164469.4	3630	3402.29	1033.39	13.6689
NM_001164470.2	1029	801.293	0	0
NM_001164471.2	1179	951.293	0	0
NM_001164473.3	4227	3999.29	11.4357	0.128683
NM_001164475.2	1942	1714.29	0	0
NM_001164478.2	976	748.293	0	0
NM_001164479.2	5686	5458.29	65.3476	0.538785
NM_001164484.2	1414	1186.29	0	0
NM_001164489.2	3092	2864.29	0	0
NM_001164490.2	2986	2758.29	0	0
NM_001164496.2	10238	10010.3	23.7738	0.106879
NM_001164501.2	3664	3436.29	16.6079	0.217503
NM_001164502.2	3125	2897.29	6.50771	0.101083
NM_001164507.2	26191	25963.3	0	0
NM_001164508.2	26191	25963.3	0	0
NM_001164522.3	2870	2642.29	150.073	2.55601
NM_001164527.1	690	463.088	21.1549	2.05584
NM_001164529.1	2951	2723.29	0	0
NM_001164530.1	2470	2242.29	0	0
NM_001164537.2	7180	6952.29	0	0
NM_001164538.2	2990	2762.29	0	0
NM_001164539.2	2701	2473.29	1.38758	0.0252479
NM_001164540.2	6718	6490.29	15.6677	0.108639
NM_001164541.2	2929	2701.29	0	0
NM_001164542.2	2735	2507.29	0	0
NM_001164544.2	2749	2521.29	0	0
NM_001164545.2	2646	2418.29	0	0
NM_001164546.2	2388	2160.29	1.36772	0.0284922
NM_001164547.2	2643	2415.29	0	0
NM_001164548.2	2591	2363.29	0	0
NM_001164549.2	2304	2076.29	0	0
NM_001164550.2	2857	2629.29	0	0
NM_001164551.2	1889	1661.29	0	0
NM_001164552.2	2808	2580.29	0	0
NM_001164553.2	2731	2503.29	0	0
NM_001164554.2	1832	1604.29	0	0
NM_001164555.2	1819	1591.29	0	0
NM_001164556.2	1541	1313.29	0	0
NM_001164579.2	4469	4241.29	807.01	8.56294
NM_001164586.2	11811	11583.3	8.54967	0.0332169
NM_001164595.2	4102	3874.29	0	0
NM_001164603.1	1084	856.293	45.6342	2.39834
NM_001164605.2	1101	873.293	0	0
NM_001164615.2	3707	3479.29	65.2952	0.844563
NM_001164616.2	3613	3385.29	41.0426	0.545608
NM_001164617.2	2336	2108.29	0	0
NM_001164618.2	2219	1991.29	0	0
NM_001164619.2	2105	1877.29	6.44948	0.154609
NM_001164623.3	14493	14265.3	36.1084	0.113912
NM_001164629.5	10603	10375.3	0	0
NM_001164637.3	2685	2457.29	0	0
NM_001164638.3	1243	1015.29	81.6881	3.62084
NM_001164644.2	2186	1958.29	0	0
NM_001164645.2	2072	1844.29	0	0
NM_001164646.2	2080	1852.29	0	0
NM_001164647.1	2159	1931.29	0	0
NM_001164664.2	10677	10449.3	5.52634	0.0238009
NM_001164665.2	12498	12270.3	146.507	0.537334
NM_001164673.2	2555	2327.29	0	0
NM_001164674.2	2072	1844.29	27.8259	0.678988
NM_001164675.2	2087	1859.29	12.6226	0.305522
NM_001164680.2	1698	1470.29	0	0
NM_001164685.2	3954	3726.29	0	0
NM_001164687.2	3788	3560.29	0	0
NM_001164688.2	3508	3280.29	0.855399	0.0117354
NM_001164690.2	1997	1769.29	0	0
NM_001164691.2	1716	1488.29	0	0
NM_001164692.3	1556	1328.29	23.7195	0.803627
NM_001164694.2	8734	8506.29	0	0
NM_001164695.2	8683	8455.29	0	0
NM_001164710.2	1865	1637.29	0	0
NM_001164711.2	1829	1601.29	0	0
NM_001164712.2	1750	1522.29	0	0
NM_001164715.2	9312	9084.29	514.289	2.54776
NM_001164716.1	3369	3141.29	0	0
NM_001164719.1	1782	1554.29	71.2643	2.06339
NM_001164720.3	1508	1280.29	54.4024	1.91228
NM_001164721.2	4111	3883.29	0	0
NM_001164722.3	4029	3801.29	2.81147e-05	3.32847e-07
NM_001164723.3	4064	3836.29	0	0
NM_001164730.2	3741	3513.29	0	0
NM_001164731.2	3756	3528.29	0	0
NM_001164732.2	3594	3366.29	4	0.0534749
NM_001164737.3	3691	3463.29	0	0
NM_001164738.2	3611	3383.29	0	0
NM_001164741.2	3374	3146.29	0	0
NM_001164746.2	5852	5624.29	0	0
NM_001164747.2	5603	5375.29	0	0
NM_001164748.2	5886	5658.29	534.884	4.25419
NM_001164749.2	6304	6076.29	0	0
NM_001164750.2	5116	4888.29	0	0
NM_001164751.2	3580	3352.29	0	0
NM_001164752.2	3523	3295.29	49.7865	0.679923
NM_001164753.2	3454	3226.29	0	0
NM_001164754.2	3666	3438.29	468.348	6.1301
NM_001164755.2	3594	3366.29	424.385	5.6735
NM_001164756.2	1649	1421.29	20.9581	0.663606
NM_001164757.2	5001	4773.29	7.58353	0.0714983
NM_001164758.2	2473	2245.29	70.2212	1.40746
NM_001164759.1	2423	2195.29	1.53617	0.0314911
NM_001164760.2	2472	2244.29	360.706	7.23297
NM_001164761.2	2487	2259.29	0	0
NM_001164762.2	2493	2265.29	0	0
NM_001164766.2	13164	12936.3	843.142	2.93314
NM_001164771.2	7565	7337.29	0.0222508	0.000136475
NM_001164773.2	1287	1059.29	138.71	5.89297
NM_001164774.2	6201	5973.29	3.01043	0.0226808
NM_001164776.2	6246	6018.29	8.80177	0.0658172
NM_001164777.2	6081	5853.29	2.03747e-07	1.56651e-09
NM_001164778.2	6399	6171.29	0	0
NM_001164779.2	6521	6293.29	11.3212	0.0809578
NM_001164780.2	6588	6360.29	0	0
NM_001164781.2	6674	6446.29	0	0
NM_001164782.2	6036	5808.29	0	0
NM_001164783.2	1739	1511.29	26.7436	0.796367
NM_001164796.1	2154	1926.29	0	0
NM_001164803.2	1999	1771.29	2372.67	60.2821
NM_001164811.2	1151	923.293	229.52	11.1872
NM_001164814.2	4756	4528.29	53.4934	0.531628
NM_001164815.2	4675	4447.29	0	0
NM_001164816.2	2456	2228.29	924.57	18.6728
NM_001164817.2	2518	2290.29	1538.96	30.2399
NM_001164821.2	5652	5424.29	69.4975	0.576592
NM_001164824.2	6011	5783.29	0	0
NM_001164825.2	5916	5688.29	281.406	2.22635
NM_001164829.2	1377	1149.29	3.00486	0.117662
NM_001164830.2	1817	1589.29	0	0
NM_001164831.3	1743	1515.29	0	0
NM_001164832.3	1775	1547.29	0	0
NM_001164835.2	3942	3714.29	16.9183	0.204985
NM_001164836.3	1851	1623.29	0	0
NM_001164837.3	1754	1526.29	0	0
NM_001164839.2	1087	859.293	0	0
NM_001164840.3	805	577.487	46.3436	3.61152
NM_001164841.3	1622	1394.29	2.60157	0.0839699
NM_001164883.2	3653	3425.29	0	0
NM_001165.5	6877	6649.29	38	0.257188
NM_001165030.3	683	456.134	23.6818	2.33649
NM_001165031.2	979	751.293	43.6977	2.61753
NM_001165032.2	3712	3484.29	18.7704	0.242438
NM_001165033.2	3664	3436.29	33.0722	0.433127
NM_001165034.2	3684	3456.29	52.7831	0.687269
NM_001165035.2	4563	4335.29	3870.68	40.1801
NM_001165036.2	4181	3953.29	100.774	1.14718
NM_001165037.2	3169	2941.29	7.84579	0.120044
NM_001165038.2	4676	4448.29	0	0
NM_001165039.2	4592	4364.29	6.06192	0.0625084
NM_001165136.2	3668	3440.29	0	0
NM_001165252.2	875	647.427	1126.65	78.3142
NM_001165255.2	1619	1391.29	0	0
NM_001165257.2	3107	2879.29	1	0.0156299
NM_001165258.2	1030	802.293	123.643	6.93554
NM_001165412.2	4052	3824.29	318.27	3.74531
NM_001165414.2	2427	2199.29	177.203	3.62602
NM_001165415.2	1762	1534.29	21.0901	0.618603
NM_001165416.2	2117	1889.29	168.329	4.00961
NM_001165417.2	1659	1431.29	0	0
NM_001165418.2	1539	1311.29	8.10687	0.278225
NM_001165877.1	799	571.487	13.008	1.02435
NM_001165881.3	13331	13103.3	58.35	0.200402
NM_001165882.3	13338	13110.3	61.94	0.212618
NM_001165883.2	13167	12939.3	16.6808	0.0580161
NM_001165884.3	12966	12738.3	0	0
NM_001165885.2	13263	13035.3	31.8397	0.109923
NM_001165886.2	13062	12834.3	0	0
NM_001165887.2	13295	13067.3	16.4904	0.0567921
NM_001165893.2	6214	5986.29	0.0779904	0.000586307
NM_001165895.2	1127	899.293	29.7503	1.48879
NM_001165899.2	8086	7858.29	0	0
NM_001165903.2	2056	1828.29	0	0
NM_001165920.1	2296	2068.29	0	0
NM_001165921.2	2057	1829.29	3.75801	0.0924521
NM_001165923.4	2712	2484.29	0	0
NM_001165924.2	2410	2182.29	57.9045	1.1941
NM_001165928.4	5748	5520.29	2.97354e-08	2.42412e-10
NM_001165931.1	3452	3224.29	1678.63	23.4294
NM_001165933.2	4226	3998.29	0	0
NM_001165937.2	2770	2542.29	106.605	1.8871
NM_001165938.2	2716	2488.29	65.5904	1.18626
NM_001165945.2	2174	1946.29	1.2184	0.0281723
NM_001165946.2	4483	4255.29	0	0
NM_001165947.5	4675	4447.29	0	0
NM_001165958.2	1584	1356.29	25.8102	0.856405
NM_001165959.2	1548	1320.29	9.25192	0.315358
NM_001165960.1	3415	3187.29	0	0
NM_001165962.2	3647	3419.29	103.747	1.36547
NM_001165963.4	11940	11712.3	0	0
NM_001165964.3	12941	12713.3	0	0
NM_001165966.2	7041	6813.29	0	0
NM_001165967.2	1694	1466.29	1.50873e-06	4.63054e-08
NM_001165969.2	2175	1947.29	5.18856	0.119911
NM_001165970.2	2130	1902.29	25.6153	0.605989
NM_001165972.1	3689	3461.29	0	0
NM_001165973.2	3347	3119.29	0	0
NM_001165974.2	3444	3216.29	0	0
NM_001165975.3	3068	2840.29	18.0326	0.285718
NM_001165977.3	2922	2694.29	0	0
NM_001165978.3	4731	4503.29	12.0527	0.120447
NM_001165979.2	6516	6288.29	137.005	0.980493
NM_001165993.2	1741	1513.29	0	0
NM_001165994.2	1106	878.293	0.672016	0.0344336
NM_001166.5	3764	3536.29	8236.61	104.82
NM_001166002.3	1026	798.293	0	0
NM_001166003.3	1123	895.293	0	0
NM_001166004.3	619	393.338	0	0
NM_001166005.2	5942	5714.29	0	0
NM_001166006.2	2412	2184.29	0	0
NM_001166007.2	5763	5535.29	0	0
NM_001166010.2	1392	1164.29	30.4228	1.17592
NM_001166012.3	4326	4098.29	43.0566	0.472801
NM_001166017.2	2750	2522.29	217.351	3.87801
NM_001166018.2	6126	5898.29	0	0
NM_001166019.2	4075	3847.29	299.77	3.50651
NM_001166034.2	1946	1718.29	439.753	11.5174
NM_001166035.2	683	456.134	27.5014	2.71334
NM_001166036.2	5393	5165.29	14.7415	0.128437
NM_001166037.2	5285	5057.29	515.669	4.58876
NM_001166038.2	5266	5038.29	20.1106	0.179632
NM_001166049.2	3307	3079.29	167.694	2.4508
NM_001166050.2	8896	8668.29	202.708	1.0524
NM_001166051.2	6993	6765.29	0	0
NM_001166052.2	6987	6759.29	0	0
NM_001166053.1	7018	6790.29	0	0
NM_001166054.1	7012	6784.29	0	0
NM_001166055.2	3643	3415.29	52.5881	0.692949
NM_001166056.2	1784	1556.29	12.2125	0.353148
NM_001166057.2	1715	1487.29	0	0
NM_001166058.2	3264	3036.29	4	0.0592869
NM_001166059.2	1357	1129.29	13.3338	0.531359
NM_001166060.2	3041	2813.29	0	0
NM_001166061.2	2740	2512.29	42.6387	0.763793
NM_001166102.2	1533	1305.29	28.9565	0.998345
NM_001166103.2	1517	1289.29	0	0
NM_001166104.2	5441	5213.29	9.65381	0.0833353
NM_001166105.3	4236	4008.29	296.332	3.32706
NM_001166107.1	2351	2123.29	0	0
NM_001166108.2	5858	5630.29	0	0
NM_001166109.2	4951	4723.29	766.621	7.30429
NM_001166110.2	4321	4093.29	5106.66	56.1444
NM_001166111.2	4536	4308.29	195.172	2.03871
NM_001166112.2	4505	4277.29	36.808	0.387271
NM_001166113.1	4478	4250.29	56.1461	0.594488
NM_001166114.2	4372	4144.29	1991.43	21.625
NM_001166116.2	3261	3033.29	0	0
NM_001166118.3	1651	1423.29	0	0
NM_001166119.2	2143	1915.29	2	0.0469934
NM_001166120.2	1782	1554.29	2	0.0579081
NM_001166131.2	2369	2141.29	166.776	3.50509
NM_001166133.2	7464	7236.29	0	0
NM_001166135.2	15084	14856.3	6.34358	0.0192161
NM_001166136.2	4828	4600.29	0	0
NM_001166137.1	3761	3533.29	0	0
NM_001166139.2	5072	4844.29	143.106	1.32944
NM_001166158.2	1819	1591.29	27.5378	0.778791
NM_001166159.2	1847	1619.29	95.5511	2.65554
NM_001166160.2	10547	10319.3	0	0
NM_001166161.1	10219	9991.29	0	0
NM_001166162.1	10090	9862.29	0	0
NM_001166163.1	9601	9373.29	5.52829	0.0265424
NM_001166167.2	3447	3219.29	85.3605	1.19327
NM_001166168.2	3452	3224.29	401.644	5.60595
NM_001166169.2	3451	3223.29	0	0
NM_001166170.2	3456	3228.29	0	0
NM_001166171.2	3621	3393.29	39.6454	0.525792
NM_001166175.2	1850	1622.29	0	0
NM_001166176.2	1813	1585.29	0	0
NM_001166208.2	7067	6839.29	0	0
NM_001166209.2	6996	6768.29	0	0
NM_001166212.2	1761	1533.29	43.2699	1.27
NM_001166215.2	2430	2202.29	19.4687	0.397836
NM_001166220.1	1374	1146.29	0	0
NM_001166221.2	2351	2123.29	21.3272	0.45203
NM_001166222.2	3966	3738.29	0	0
NM_001166226.2	4873	4645.29	0	0
NM_001166237.1	2326	2098.29	9.32286	0.199952
NM_001166239.2	2002	1774.29	41.575	1.05451
NM_001166240.2	1124	896.293	12.9332	0.649379
NM_001166242.2	1024	796.293	80.7993	4.56643
NM_001166243.3	3105	2877.29	0	0
NM_001166244.1	4175	3947.29	0	0
NM_001166245.1	4013	3785.29	0	0
NM_001166246.1	4419	4191.29	0	0
NM_001166247.1	4724	4496.29	9.59921	0.0960778
NM_001166252.2	4650	4422.29	5.58485	0.0568337
NM_001166253.4	2061	1833.29	0	0
NM_001166254.4	2090	1862.29	10.7552	0.259903
NM_001166260.2	1452	1224.29	35.6788	1.3115
NM_001166261.2	1362	1134.29	40.6829	1.6141
NM_001166262.2	1440	1212.29	64.8697	2.40811
NM_001166263.2	1056	828.293	30.9663	1.68247
NM_001166264.2	5168	4940.29	561.045	5.11079
NM_001166265.2	5135	4907.29	9039.92	82.902
NM_001166266.2	5009	4781.29	902.261	8.49237
NM_001166269.2	1586	1358.29	756.198	25.0544
NM_001166270.2	1443	1215.29	56.5564	2.09432
NM_001166271.3	8454	8226.29	176.375	0.964885
NM_001166276.2	2830	2602.29	0	0
NM_001166277.2	2849	2621.29	0	0
NM_001166278.2	4453	4225.29	0	0
NM_001166279.3	4532	4304.29	42.0401	0.439546
NM_001166280.2	8036	7808.29	0	0
NM_001166281.2	8006	7778.29	0	0
NM_001166283.2	11335	11107.3	0	0
NM_001166284.2	1586	1358.29	6.92593	0.229471
NM_001166285.2	1943	1715.29	87.3015	2.29048
NM_001166286.2	11191	10963.3	102.157	0.419343
NM_001166287.2	11309	11081.3	0	0
NM_001166288.2	11163	10935.3	0	0
NM_001166289.2	11213	10985.3	0	0
NM_001166290.2	2772	2544.29	0	0
NM_001166292.2	4606	4378.29	5.16492	0.0530886
NM_001166293.2	5752	5524.29	1093.61	8.90901
NM_001166294.2	5620	5392.29	1161.47	9.69341
NM_001166295.2	5837	5609.29	1.87349e-06	1.50309e-08
NM_001166301.2	3344	3116.29	0	0
NM_001166304.2	3092	2864.29	28.3267	0.445062
NM_001166305.2	2483	2255.29	185.036	3.69229
NM_001166306.2	2338	2110.29	24.8145	0.529183
NM_001166339.2	3214	2986.29	0	0
NM_001166340.2	4402	4174.29	0	0
NM_001166343.2	2031	1803.29	0.0192391	0.000480131
NM_001166345.3	5373	5145.29	4553.42	39.8263
NM_001166346.1	891	663.427	37.1471	2.51985
NM_001166347.2	2888	2660.29	129.784	2.1955
NM_001166348.2	2818	2590.29	0	0
NM_001166349.2	2688	2460.29	35.9495	0.65758
NM_001166355.2	2270	2042.29	13.0434	0.287418
NM_001166356.2	2127	1899.29	7.90117	0.187215
NM_001166357.1	2357	2129.29	82.8886	1.75187
NM_001166358.2	2159	1931.29	536.885	12.5105
NM_001166359.1	2149	1921.29	0.00170947	4.00414e-05
NM_001166373.2	5764	5536.29	0	0
NM_001166386.3	1862	1634.29	0	0
NM_001166387.4	1792	1564.29	0	0
NM_001166392.2	2884	2656.29	1245.16	21.0956
NM_001166393.2	3643	3415.29	0	0
NM_001166395.2	2159	1931.29	0	0
NM_001166400.2	2060	1832.29	0	0
NM_001166401.2	2032	1804.29	0	0
NM_001166412.2	3082	2854.29	8	0.126134
NM_001166415.2	3924	3696.29	9.24295	0.112535
NM_001166417.2	6019	5791.29	143.047	1.11159
NM_001166418.2	1481	1253.29	0	0
NM_001166419.2	2133	1905.29	109.517	2.5868
NM_001166420.2	826	598.427	10.6085	0.79778
NM_001166422.2	734	506.753	13.068	1.16053
NM_001166424.2	1148	920.293	0	0
NM_001166425.2	2135	1907.29	15.6061	0.368231
NM_001166426.3	6479	6251.29	298.885	2.15168
NM_001166434.3	2763	2535.29	0	0
NM_001166435.2	2493	2265.29	0	0
NM_001166436.2	2379	2151.29	0	0
NM_001166448.2	1782	1554.29	0	0
NM_001166449.2	3192	2964.29	1.5966e-07	2.42391e-09
NM_001166451.2	1985	1757.29	0	0
NM_001166460.2	1955	1727.29	0	0
NM_001166461.2	1946	1718.29	0	0
NM_001166462.2	2155	1927.29	14.2467	0.332666
NM_001166496.2	4512	4284.29	55.8164	0.586307
NM_001166498.3	4430	4202.29	0	0
NM_001166504.2	2100	1872.29	0	0
NM_001166533.2	2787	2559.29	0	0
NM_001166534.2	2390	2162.29	0	0
NM_001166538.1	560	336.006	0	0
NM_001166550.4	7536	7308.29	87.9718	0.541714
NM_001166579.2	1913	1685.29	0	0
NM_001166588.3	1465	1237.29	801.229	29.1425
NM_001166598.2	1911	1683.29	0	0
NM_001166599.3	3477	3249.29	380.939	5.27604
NM_001166600.3	2680	2452.29	95.4133	1.75097
NM_001166621.1	777	549.487	404.565	33.134
NM_001166624.2	2751	2523.29	0	0
NM_001166660.2	3855	3627.29	0	0
NM_001166663.2	2510	2282.29	0	0
NM_001166664.2	2219	1991.29	0	0
NM_001166686.2	3476	3248.29	13.6809	0.189541
NM_001166687.2	3078	2850.29	0.00145445	2.29642e-05
NM_001166688.2	3167	2939.29	15.5292	0.237766
NM_001166691.2	2975	2747.29	60.6556	0.993592
NM_001166692.2	836	608.427	84.4425	6.2459
NM_001166693.3	9261	9033.29	661.665	3.29636
NM_001166694.2	1731	1503.29	0	0
NM_001166695.3	3784	3556.29	110.221	1.39479
NM_001166696.3	1101	873.293	20.5097	1.05692
NM_001166698.2	3410	3182.29	0	0
NM_001166699.2	1057	829.293	0	0
NM_001166700.2	1219	991.293	23.0958	1.04851
NM_001166701.4	3359	3131.29	78.1227	1.12278
NM_001166702.2	1378	1150.29	97.6022	3.8185
NM_001166703.2	1488	1260.29	6.3443	0.226545
NM_001166704.2	1223	995.293	30.1754	1.36441
NM_001167.4	8558	8330.29	891.457	4.81595
NM_001167574.2	721	493.802	0	0
NM_001167575.2	2943	2715.29	142.349	2.35928
NM_001167576.2	3222	2994.29	1	0.0150296
NM_001167577.2	3387	3159.29	0	0
NM_001167579.2	1912	1684.29	0	0
NM_001167580.3	11721	11493.3	3.97063	0.0155474
NM_001167582.2	2117	1889.29	350.15	8.34059
NM_001167583.3	4532	4304.29	0	0
NM_001167594.3	1807	1579.29	34.9847	0.996913
NM_001167595.2	2538	2310.29	60.7597	1.18356
NM_001167599.3	1892	1664.29	0	0
NM_001167600.3	1905	1677.29	0	0
NM_001167601.3	1908	1680.29	0	0
NM_001167602.3	2070	1842.29	0	0
NM_001167604.2	2425	2197.29	80.2652	1.64392
NM_001167605.2	1220	992.293	0	0
NM_001167606.2	2730	2502.29	116.886	2.10217
NM_001167607.3	3347	3119.29	0	0
NM_001167608.3	5061	4833.29	155.936	1.45193
NM_001167609.2	3849	3621.29	0	0
NM_001167614.2	4777	4549.29	59.176	0.585389
NM_001167617.3	2716	2488.29	45.7088	0.826686
NM_001167618.3	2716	2488.29	0	0
NM_001167619.3	2629	2401.29	0	0
NM_001167621.2	3102	2874.29	18.3077	0.286646
NM_001167623.2	13744	13516.3	0	0
NM_001167624.3	13849	13621.3	0	0
NM_001167625.2	13924	13696.3	14.7942	0.0486104
NM_001167667.3	4684	4456.29	0	0
NM_001167670.3	1571	1343.29	0	0
NM_001167671.3	18344	18116.3	0.611648	0.00151941
NM_001167672.3	17723	17495.3	0.295277	0.000759539
NM_001167674.2	9573	9345.29	0	0
NM_001167675.2	9480	9252.29	0	0
NM_001167676.2	941	713.293	25.8834	1.63303
NM_001167681.3	3879	3651.29	0	0
NM_001167733.3	3347	3119.29	27.7289	0.400054
NM_001167734.2	3705	3477.29	872.547	11.2925
NM_001167738.2	11613	11385.3	83.9738	0.331926
NM_001167740.2	1565	1337.29	234.562	7.89356
NM_001167741.2	7861	7633.29	32.8973	0.19395
NM_001167749.3	4887	4659.29	7	0.0676115
NM_001167816.1	1946	1718.29	0	0
NM_001167819.1	2392	2164.29	0	0
NM_001167820.2	2151	1923.29	23.3712	0.546862
NM_001167821.2	2036	1808.29	24.0935	0.599615
NM_001167822.3	2093	1865.29	10.4163	0.25131
NM_001167823.2	2011	1783.29	51.6619	1.30374
NM_001167827.3	2152	1924.29	0	0
NM_001167830.2	5838	5610.29	253.103	2.03027
NM_001167856.3	11128	10900.3	1295.84	5.35002
NM_001167857.2	1829	1601.29	5.88736	0.16546
NM_001167858.2	1716	1488.29	0	0
NM_001167865.2	1388	1160.29	17.8028	0.690497
NM_001167867.2	1733	1505.29	122.224	3.65409
NM_001167868.2	1570	1342.29	0	0
NM_001167869.2	1537	1309.29	0	0
NM_001167870.2	1456	1228.29	0	0
NM_001167871.2	1619	1391.29	90.7886	2.93667
NM_001167880.2	1542	1314.29	0	0
NM_001167882.2	7523	7295.29	0	0
NM_001167890.2	2406	2178.29	0	0
NM_001167902.2	1481	1253.29	0	0
NM_001167903.3	2114	1886.29	0.000103564	2.47082e-06
NM_001167911.2	4056	3828.29	177.286	2.08406
NM_001167912.2	4191	3963.29	1692.53	19.2186
NM_001167915.3	1789	1561.29	169.541	4.88689
NM_001167916.3	1527	1299.29	2.02477e-08	7.0131e-10
NM_001167917.1	992	764.293	0	0
NM_001167924.2	4186	3958.29	24.6509	0.280264
NM_001167928.2	4909	4681.29	32.9055	0.316333
NM_001167929.2	4658	4430.29	275.616	2.79972
NM_001167930.2	1974	1746.29	47.6532	1.22805
NM_001167931.2	5430	5202.29	2.63078	0.0227579
NM_001167934.2	1690	1462.29	501.191	15.4245
NM_001167935.2	1591	1363.29	179.826	5.93617
NM_001167940.2	5780	5552.29	0	0
NM_001167941.2	3822	3594.29	0	0
NM_001167942.1	3845	3617.29	28.0234	0.348641
NM_001167945.2	6374	6146.29	0	0
NM_001167947.2	1117	889.293	0	0
NM_001167959.2	1364	1136.29	0	0
NM_001167961.2	3886	3658.29	11.2585	0.138498
NM_001167962.2	2623	2395.29	0	0
NM_001167965.1	3034	2806.29	0	0
NM_001167970.2	3154	2926.29	23.5512	0.362191
NM_001167971.2	3135	2907.29	58.1803	0.900595
NM_001167972.2	3097	2869.29	102.929	1.61438
NM_001167985.2	1133	905.293	0	0
NM_001167986.2	1465	1237.29	0	0
NM_001167987.2	1178	950.293	0	0
NM_001167989.2	957	729.293	7.87208	0.485769
NM_001167990.2	936	708.293	0	0
NM_001167992.1	611	385.534	0	0
NM_001168.3	2574	2346.29	7623.04	146.214
NM_001168214.2	2792	2564.29	14	0.245699
NM_001168215.2	2767	2539.29	9.41083	0.166785
NM_001168216.2	1767	1539.29	0	0
NM_001168217.2	3255	3027.29	21.7791	0.323763
NM_001168221.2	5702	5474.29	0	0
NM_001168222.2	1996	1768.29	0	0
NM_001168235.2	6729	6501.29	1	0.00692217
NM_001168236.2	12154	11926.3	0.26892	0.00101475
NM_001168237.2	11908	11680.3	14.0522	0.0541418
NM_001168238.2	11845	11617.3	0.275079	0.0010656
NM_001168239.2	11552	11324.3	1688.08	6.70847
NM_001168241.2	4164	3936.29	0	0
NM_001168243.4	425	212.877	100.544	21.2555
NM_001168247.3	2117	1889.29	0	0
NM_001168254.2	2240	2012.29	94.6792	2.11741
NM_001168271.2	4561	4333.29	0	0
NM_001168272.2	9863	9635.29	157.514	0.735693
NM_001168278.3	5030	4802.29	0	0
NM_001168280.3	4977	4749.29	192.856	1.82745
NM_001168298.2	2656	2428.29	0	0
NM_001168299.2	3121	2893.29	14.389	0.223811
NM_001168300.2	3380	3152.29	0	0
NM_001168301.2	3103	2875.29	0	0
NM_001168302.2	3342	3114.29	0	0
NM_001168303.4	3268	3040.29	78.611	1.16362
NM_001168316.2	2240	2012.29	0	0
NM_001168319.2	2032	1804.29	9.40939	0.234691
NM_001168320.2	4255	4027.29	20.5694	0.229853
NM_001168322.2	1371	1143.29	0	0
NM_001168323.2	1269	1041.29	0	0
NM_001168324.2	968	740.293	0	0
NM_001168325.2	908	680.293	0	0
NM_001168331.2	1505	1277.29	33.1777	1.16896
NM_001168335.2	8861	8633.29	7.28018	0.0379497
NM_001168338.1	1200	972.293	7	0.323999
NM_001168339.2	10333	10105.3	4.27051e-06	1.90184e-08
NM_001168340.2	10300	10072.3	0	0
NM_001168341.2	10132	9904.29	0	0
NM_001168342.2	10376	10148.3	28.3149	0.125564
NM_001168344.2	8386	8158.29	627.684	3.46245
NM_001168347.3	2331	2103.29	0	0
NM_001168348.3	2292	2064.29	0	0
NM_001168355.3	1668	1440.29	12.4079	0.387694
NM_001168357.2	1891	1663.29	0	0
NM_001168359.2	8877	8649.29	0	0
NM_001168360.1	8365	8137.29	0	0
NM_001168361.1	8226	7998.29	0	0
NM_001168362.1	8278	8050.29	0	0
NM_001168363.1	8335	8107.29	0	0
NM_001168364.2	941	713.293	5.13938	0.324254
NM_001168368.2	4108	3880.29	0	0
NM_001168370.2	5413	5185.29	34.2544	0.297293
NM_001168374.2	6929	6701.29	0	0
NM_001168375.2	6947	6719.29	0	0
NM_001168376.2	6787	6559.29	0	0
NM_001168377.2	6655	6427.29	0	0
NM_001168378.1	4152	3924.29	0	0
NM_001168379.2	3981	3753.29	0	0
NM_001168385.3	2756	2528.29	43.5069	0.774414
NM_001168388.3	2245	2017.29	11.351	0.253224
NM_001168389.3	2228	2000.29	11.8361	0.266291
NM_001168390.2	4765	4537.29	4.9992	0.0495845
NM_001168393.2	2466	2238.29	0	0
NM_001168394.2	2470	2242.29	10.1457	0.203626
NM_001168398.2	1677	1449.29	36.5988	1.13646
NM_001168399.2	1120	892.293	0.0097834	0.000493429
NM_001168400.2	1117	889.293	0.990217	0.0501104
NM_001168401.2	807	579.487	0	0
NM_001168407.2	5700	5472.29	0	0
NM_001168408.2	5115	4887.29	0	0
NM_001168409.2	4975	4747.29	0	0
NM_001168410.2	5160	4932.29	0	0
NM_001168411.2	3265	3037.29	9.96226	0.147609
NM_001168412.2	6156	5928.29	0	0
NM_001168465.2	4062	3834.29	19.8737	0.233257
NM_001168466.2	3804	3576.29	0.685702	0.00862869
NM_001168467.2	3867	3639.29	0	0
NM_001168468.2	2259	2031.29	0	0
NM_001168474.2	2180	1952.29	5.76222	0.132827
NM_001168478.2	2772	2544.29	155.3	2.74692
NM_001168479.2	2867	2639.29	26.8567	0.457938
NM_001168480.2	2861	2633.29	0	0
NM_001168482.2	2671	2443.29	35.2516	0.6493
NM_001168485.2	2748	2520.29	19.5814	0.349651
NM_001168499.2	4644	4416.29	20.5442	0.209351
NM_001168530.2	1644	1416.29	0	0
NM_001168531.2	1949	1721.29	3.61548	0.0945264
NM_001168551.2	4432	4204.29	0	0
NM_001168618.2	1562	1334.29	759.943	25.6314
NM_001168647.3	5663	5435.29	50.6637	0.419485
NM_001168648.3	7080	6852.29	0	0
NM_001168649.3	6933	6705.29	0	0
NM_001168682.3	1090	862.293	0	0
NM_001168683.2	3966	3738.29	26.9564	0.324512
NM_001168724.2	8914	8686.29	41.2823	0.213881
NM_001169.3	1325	1097.29	0	0
NM_001169106.2	4456	4228.29	0	0
NM_001169107.2	4354	4126.29	0	0
NM_001169109.2	1054	826.293	21.5953	1.17616
NM_001169110.1	1002	774.293	4.48612	0.26074
NM_001169111.2	1014	786.293	12.6243	0.722547
NM_001169117.2	5072	4844.29	346.387	3.2179
NM_001169118.2	5028	4800.29	181.406	1.70069
NM_001169122.2	13643	13415.3	7.96787	0.0267291
NM_001169123.2	13718	13490.3	0	0
NM_001169124.2	13643	13415.3	9.07619	0.0304471
NM_001169125.2	13631	13403.3	30.9559	0.103938
NM_001169126.2	1213	985.293	0	0
NM_001169154.2	1952	1724.29	0	0
NM_001169574.2	1543	1315.29	0	0
NM_001170.3	3064	2836.29	0	0
NM_001170330.1	2975	2747.29	569.34	9.3263
NM_001170331.2	10123	9895.29	4.00045	0.0181937
NM_001170402.1	2984	2756.29	0	0
NM_001170406.1	1754	1526.29	2.67038e-06	7.87368e-08
NM_001170407.2	1718	1490.29	321.717	9.71505
NM_001170414.2	4129	3901.29	0	0
NM_001170415.1	4459	4231.29	0	0
NM_001170416.2	4503	4275.29	0	0
NM_001170418.2	1625	1397.29	1.01957	0.0328377
NM_001170423.2	2549	2321.29	0	0
NM_001170460.2	2987	2759.29	335.96	5.47939
NM_001170464.4	4600	4372.29	1261.73	12.9868
NM_001170535.3	2481	2253.29	3081.1	61.5362
NM_001170536.3	2330	2102.29	347.844	7.44619
NM_001170538.1	2107	1879.29	56.0137	1.34135
NM_001170543.2	2811	2583.29	800.306	13.942
NM_001170544.2	2808	2580.29	357.069	6.22766
NM_001170553.2	3141	2913.29	0	0
NM_001170564.3	3158	2930.29	0	0
NM_001170569.1	2408	2180.29	0	0
NM_001170570.2	2259	2031.29	5.01676	0.111146
NM_001170574.2	3104	2876.29	0	0
NM_001170580.3	3554	3326.29	0	0
NM_001170585.2	5480	5252.29	0	0
NM_001170587.3	3505	3277.29	6.20916e-07	8.52628e-09
NM_001170588.3	3444	3216.29	0.0106297	0.000148733
NM_001170628.1	12280	12052.3	0	0
NM_001170629.2	8467	8239.29	1875.87	10.246
NM_001170631.2	2618	2390.29	0	0
NM_001170633.2	4483	4255.29	221.558	2.34316
NM_001170634.1	5116	4888.29	584.379	5.37997
NM_001170635.2	2622	2394.29	61.6054	1.15793
NM_001170637.4	6881	6653.29	605.759	4.09737
NM_001170639.2	2058	1830.29	0	0
NM_001170640.2	1962	1734.29	36.3671	0.943687
NM_001170649.2	2419	2191.29	988.205	20.295
NM_001170650.2	2293	2065.29	0	0
NM_001170670.2	6086	5858.29	0	0
NM_001170686.4	3236	3008.29	51.4918	0.7703
NM_001170687.4	3206	2978.29	87.8392	1.32728
NM_001170688.2	3053	2825.29	0	0
NM_001170689.2	2941	2713.29	0	0
NM_001170690.3	4064	3836.29	0	0
NM_001170692.2	3283	3055.29	0	0
NM_001170693.2	3108	2880.29	0	0
NM_001170695.2	1367	1139.29	0	0
NM_001170696.2	1238	1010.29	2.92581	0.130329
NM_001170697.2	1389	1161.29	0	0
NM_001170698.2	1431	1203.29	0	0
NM_001170699.2	1584	1356.29	0	0
NM_001170700.3	6551	6323.29	0	0
NM_001170701.3	8676	8448.29	91.8886	0.48948
NM_001170702.3	8640	8412.29	0	0
NM_001170703.2	11260	11032.3	0	0
NM_001170704.2	11594	11366.3	0	0
NM_001170714.3	4365	4137.29	60.9565	0.663049
NM_001170715.3	4024	3796.29	0	0
NM_001170716.3	4123	3895.29	42.2745	0.488406
NM_001170717.3	4139	3911.29	753.188	8.66613
NM_001170718.3	4114	3886.29	2755.17	31.9047
NM_001170719.3	4029	3801.29	81.3816	0.963467
NM_001170720.3	3834	3606.29	5.00341	0.0624378
NM_001170721.3	3880	3652.29	144.901	1.78545
NM_001170722.2	899	671.361	0	0
NM_001170723.2	807	579.487	0	0
NM_001170724.2	875	647.427	0	0
NM_001170738.2	7087	6859.29	11.6566	0.0764775
NM_001170741.3	2675	2447.29	1.88827	0.0347233
NM_001170747.1	1605	1377.29	20.1807	0.659405
NM_001170750.2	1786	1558.29	201.749	5.82644
NM_001170751.2	1669	1441.29	0	0
NM_001170752.2	1724	1496.29	113.927	3.42651
NM_001170753.2	1472	1244.29	0	0
NM_001170754.2	2798	2570.29	0	0
NM_001170755.3	5225	4997.29	54.2135	0.488219
NM_001170756.1	3534	3306.29	25.9599	0.35335
NM_001170757.2	2399	2171.29	0	0
NM_001170760.2	1957	1729.29	6.3725	0.165838
NM_001170761.2	1858	1630.29	0	0
NM_001170765.2	10321	10093.3	210.131	0.936913
NM_001170766.2	7744	7516.29	90.4782	0.541729
NM_001170779.3	1546	1318.29	6.01324	0.205276
NM_001170780.3	2484	2256.29	0	0
NM_001170781.2	2469	2241.29	0	0
NM_001170782.2	1875	1647.29	0	0
NM_001170783.2	2215	1987.29	0	0
NM_001170784.2	2017	1789.29	0	0
NM_001170790.2	2039	1811.29	10.7828	0.267907
NM_001170791.3	1893	1665.29	84.507	2.28373
NM_001170792.3	1932	1704.29	0	0
NM_001170793.3	1418	1190.29	0	0
NM_001170794.2	9044	8816.29	0.0172999	8.83079e-05
NM_001170795.4	1227	999.293	1537.41	69.2369
NM_001170796.1	2189	1961.29	41.351	0.948824
NM_001170797.2	710	482.852	90.6751	8.45117
NM_001170798.1	2923	2695.29	0	0
NM_001170803.2	6015	5787.29	0	0
NM_001170804.2	1605	1377.29	86.327	2.82074
NM_001170806.2	549	325.637	0	0
NM_001170807.3	3868	3640.29	0	0
NM_001170808.2	6228	6000.29	114.493	0.858718
NM_001170820.4	3714	3486.29	744	9.60398
NM_001170880.2	2166	1938.29	180.515	4.19119
NM_001170881.2	1892	1664.29	0.000128322	3.46986e-06
NM_001170905.3	8961	8733.29	406.902	2.09679
NM_001170931.2	3479	3251.29	0	0
NM_001170937.1	5107	4879.29	0	0
NM_001170938.2	2090	1862.29	0	0
NM_001170961.2	4476	4248.29	0	0
NM_001170962.2	4434	4206.29	0	0
NM_001170963.2	1787	1559.29	0	0
NM_001171.6	5140	4912.29	0	0
NM_001171020.2	4173	3945.29	0	0
NM_001171025.2	8479	8251.29	0	0
NM_001171038.2	1330	1102.29	0	0
NM_001171039.1	1068	840.293	0	0
NM_001171080.2	5136	4908.29	35.339	0.324016
NM_001171083.2	3614	3386.29	83.7606	1.11316
NM_001171087.3	3193	2965.29	0	0
NM_001171088.3	3112	2884.29	19.1954	0.299503
NM_001171089.3	3157	2929.29	0	0
NM_001171091.2	1816	1588.29	457.654	12.9673
NM_001171092.1	3163	2935.29	0	0
NM_001171093.2	2434	2206.29	96.3757	1.96583
NM_001171095.2	2921	2693.29	0	0
NM_001171109.2	3179	2951.29	3.06123e-06	4.66795e-08
NM_001171110.2	3214	2986.29	0	0
NM_001171111.2	3090	2862.29	0	0
NM_001171132.3	1696	1468.29	22.9709	0.704056
NM_001171133.3	1582	1354.29	81.7856	2.71773
NM_001171134.3	1742	1514.29	11.4747	0.341014
NM_001171135.2	4653	4425.29	200.729	2.04132
NM_001171136.2	4498	4270.29	1574.07	16.5885
NM_001171137.2	6422	6194.29	0	0
NM_001171155.2	663	436.717	626.852	64.5962
NM_001171156.2	3060	2832.29	0	0
NM_001171157.2	2949	2721.29	0	0
NM_001171158.2	2805	2577.29	0	0
NM_001171159.2	2775	2547.29	0	0
NM_001171161.2	2505	2277.29	48.1266	0.95106
NM_001171162.1	6136	5908.29	0.120356	0.000916743
NM_001171163.1	1930	1702.29	79.5705	2.10358
NM_001171166.2	4399	4171.29	1342.12	14.4798
NM_001171167.2	4938	4710.29	0	0
NM_001171168.2	4868	4640.29	0	0
NM_001171170.2	1716	1488.29	0.78355	0.023693
NM_001171171.2	3254	3026.29	0	0
NM_001171172.2	3216	2988.29	0	0
NM_001171174.1	3160	2932.29	0	0
NM_001171182.2	2898	2670.29	68.7634	1.15889
NM_001171183.2	704	476.947	0	0
NM_001171184.2	6999	6771.29	0	0
NM_001171186.1	1544	1316.29	0	0
NM_001171191.2	1775	1547.29	0	0
NM_001171192.2	2146	1918.29	0	0
NM_001171193.2	1879	1651.29	9	0.245279
NM_001171195.2	3725	3497.29	0	0
NM_001171197.2	3592	3364.29	0	0
NM_001171201.1	2702	2474.29	53.9122	0.980569
NM_001171202.1	2618	2390.29	136.765	2.57493
NM_001171203.3	2860	2632.29	0	0
NM_001171204.3	2828	2600.29	12.0279	0.208166
NM_001171251.3	2698	2470.29	336.033	6.12176
NM_001171252.2	826	598.427	0	0
NM_001171506.2	4290	4062.29	585.892	6.49065
NM_001171507.2	4182	3954.29	272.057	3.09623
NM_001171508.2	4334	4106.29	539.882	5.91686
NM_001171509.3	3965	3737.29	1469.29	17.6927
NM_001171510.3	3954	3726.29	3.8164e-05	4.60913e-07
NM_001171511.3	4045	3817.29	134.091	1.58083
NM_001171581.2	1484	1256.29	0	0
NM_001171603.1	6318	6090.29	18.4856	0.136596
NM_001171606.2	6371	6143.29	312.319	2.28791
NM_001171610.2	5378	5150.29	0	0
NM_001171611.2	1956	1728.29	0	0
NM_001171613.2	5829	5601.29	739.741	5.94338
NM_001171617.1	6064	5836.29	351.509	2.71045
NM_001171622.2	3375	3147.29	11.6415	0.166462
NM_001171623.2	3660	3432.29	345.934	4.53578
NM_001171624.2	3609	3381.29	1695.36	22.5643
NM_001171625.2	3591	3363.29	596.901	7.98693
NM_001171626.2	3537	3309.29	1520.46	20.6767
NM_001171627.2	3502	3274.29	0	0
NM_001171628.2	3405	3177.29	4059.9	57.5043
NM_001171629.2	3471	3243.29	0	0
NM_001171630.2	3375	3147.29	11.6415	0.166462
NM_001171631.2	2994	2766.29	6.24266	0.101558
NM_001171632.2	1991	1763.29	0	0
NM_001171653.2	9193	8965.29	138.655	0.696008
NM_001171654.1	7189	6961.29	1801.21	11.6444
NM_001171660.2	3055	2827.29	119.723	1.90567
NM_001171661.1	2983	2755.29	0	0
NM_001171689.2	5604	5376.29	27.2747	0.228307
NM_001171690.2	1634	1406.29	3.19301	0.10218
NM_001171706.2	1055	827.293	0	0
NM_001171740.3	2568	2340.29	182.09	3.50153
NM_001171741.3	2408	2180.29	0	0
NM_001171743.3	2347	2119.29	0	0
NM_001171747.2	1984	1756.29	7.80192	0.199916
NM_001171795.2	3664	3436.29	274.8	3.59889
NM_001171796.2	3822	3594.29	39.3575	0.492784
NM_001171797.2	3667	3439.29	404.466	5.29243
NM_001171798.2	3663	3435.29	28.3583	0.3715
NM_001171799.2	3508	3280.29	33.0266	0.453099
NM_001171805.3	5027	4799.29	451.086	4.22984
NM_001171811.2	2161	1933.29	44.6627	1.03966
NM_001171812.2	2144	1916.29	24.0778	0.565453
NM_001171814.2	1811	1583.29	68.2171	1.93898
NM_001171815.2	1621	1393.29	0	0
NM_001171816.2	2418	2190.29	51.8118	1.06456
NM_001171818.2	3830	3602.29	30.278	0.37826
NM_001171819.2	3503	3275.29	62.3524	0.856733
NM_001171820.2	3440	3212.29	83.028	1.16319
NM_001171832.2	458	241.399	0	0
NM_001171864.2	1673	1445.29	0	0
NM_001171868.2	2558	2330.29	757.442	14.6279
NM_001171873.2	3091	2863.29	0	0
NM_001171876.2	3813	3585.29	0	0
NM_001171877.2	3524	3296.29	0	0
NM_001171878.2	3641	3413.29	0	0
NM_001171879.2	3912	3684.29	0	0
NM_001171887.2	2818	2590.29	274.069	4.76161
NM_001171888.2	888	660.427	565.356	38.5247
NM_001171894.5	5764	5536.29	27.7102	0.225249
NM_001171904.2	5964	5736.29	0	0
NM_001171905.2	5921	5693.29	0	0
NM_001171906.2	905	677.361	101.92	6.77145
NM_001171907.3	2407	2179.29	0	0
NM_001171908.3	2356	2128.29	0	0
NM_001171909.4	6889	6661.29	0	0
NM_001171930.2	4858	4630.29	1.89579	0.0184257
NM_001171931.2	3971	3743.29	35.209	0.423294
NM_001171932.2	1750	1522.29	4.55093	0.134538
NM_001171933.1	4341	4113.29	0	0
NM_001171934.1	4236	4008.29	0	0
NM_001171935.1	1844	1616.29	0	0
NM_001171936.1	1739	1511.29	0	0
NM_001171937.2	1620	1392.29	17.9616	0.580572
NM_001171940.2	2182	1954.29	6.70961	0.154508
NM_001171941.3	3022	2794.29	17.2904	0.278468
NM_001171942.2	3185	2957.29	0	0
NM_001171944.2	3703	3475.29	0	0
NM_001171945.2	1221	993.293	9.73817	0.441207
NM_001171946.2	1017	789.293	19.4832	1.11087
NM_001171948.2	1475	1247.29	79.3667	2.8636
NM_001171949.2	1379	1151.29	42.3473	1.65532
NM_001171951.2	1236	1008.29	0	0
NM_001171967.2	5505	5277.29	56.5601	0.482327
NM_001171968.3	3341	3113.29	0	0
NM_001171971.3	2807	2579.29	0	0
NM_001171976.2	4509	4281.29	0	0
NM_001171979.2	4995	4767.29	27.0666	0.255508
NM_001171988.2	2007	1779.29	11.0771	0.28017
NM_001171990.3	4430	4202.29	50.1593	0.537165
NM_001171991.3	2217	1989.29	7.18633	0.162574
NM_001171993.2	1899	1671.29	0	0
NM_001172.4	1911	1683.29	186.428	4.98419
NM_001172085.2	1655	1427.29	0	0
NM_001172086.2	4385	4157.29	832.697	9.01402
NM_001172087.2	4243	4015.29	7.13937	0.0800174
NM_001172105.2	3459	3231.29	0	0
NM_001172109.1	1834	1606.29	0	0
NM_001172110.1	1676	1448.29	77.2046	2.39899
NM_001172111.2	4302	4074.29	0	0
NM_001172128.2	9616	9388.29	0	0
NM_001172129.3	2101	1873.29	0	0
NM_001172130.3	2098	1870.29	0	0
NM_001172131.3	2098	1870.29	0	0
NM_001172132.3	2167	1939.29	0	0
NM_001172133.3	2165	1937.29	0	0
NM_001172173.2	11737	11509.3	0.00087198	3.40957e-06
NM_001172218.2	3513	3285.29	39.1819	0.536727
NM_001172219.2	3304	3076.29	99.6506	1.45779
NM_001172220.2	3233	3005.29	242.011	3.62401
NM_001172221.3	3571	3343.29	0	0
NM_001172222.3	2979	2751.29	22.5526	0.368895
NM_001172223.3	1745	1517.29	0	0
NM_001172225.3	3191	2963.29	11	0.167055
NM_001172226.3	3095	2867.29	0	0
NM_001172288.2	1338	1110.29	0	0
NM_001172292.2	3028	2800.29	0.0388211	0.000623888
NM_001172303.3	4132	3904.29	307.993	3.5501
NM_001172304.3	4015	3787.29	95.6129	1.13613
NM_001172309.2	3090	2862.29	2647.79	41.6305
NM_001172312.2	3867	3639.29	0	0
NM_001172335.3	3202	2974.29	11.196	0.169403
NM_001172357.2	1045	817.293	0	0
NM_001172410.2	849	621.427	0	0
NM_001172411.2	8665	8437.29	0	0
NM_001172412.2	8632	8404.29	32.0783	0.171772
NM_001172415.2	3820	3592.29	409.949	5.13571
NM_001172416.1	3373	3145.29	0	0
NM_001172417.1	3376	3148.29	0	0
NM_001172418.2	8621	8393.29	41.5546	0.222807
NM_001172420.2	6906	6678.29	0	0
NM_001172425.3	1917	1689.29	0	0
NM_001172428.2	974	746.293	178.752	10.7792
NM_001172430.1	4298	4070.29	32.306	0.35719
NM_001172431.2	3927	3699.29	34.7397	0.42262
NM_001172432.2	2225	1997.29	452.365	10.1927
NM_001172435.2	4912	4684.29	0	0
NM_001172436.2	6070	5842.29	44.663	0.344038
NM_001172437.2	6639	6411.29	140.028	0.982906
NM_001172438.3	6584	6356.29	1210.65	8.57153
NM_001172439.2	2378	2150.29	12	0.251146
NM_001172440.2	2189	1961.29	0	0
NM_001172477.1	4913	4685.29	297.2	2.85466
NM_001172478.2	4618	4390.29	41.6371	0.426805
NM_001172501.3	5933	5705.29	0	0
NM_001172502.1	3157	2929.29	0	0
NM_001172504.1	2858	2630.29	0	0
NM_001172509.2	5568	5340.29	721.969	6.0841
NM_001172517.1	5326	5098.29	0	0
NM_001172557.2	3813	3585.29	331.498	4.16101
NM_001172560.3	2689	2461.29	0	0
NM_001172562.2	2581	2353.29	0	0
NM_001172566.2	2351	2123.29	10.3316	0.218977
NM_001172567.2	2691	2463.29	52.1407	0.952584
NM_001172568.2	2532	2304.29	13.1821	0.257448
NM_001172569.3	2486	2258.29	10.3799	0.20685
NM_001172574.2	3721	3493.29	356.066	4.5871
NM_001172575.2	3577	3349.29	0	0
NM_001172623.2	6949	6721.29	0	0
NM_001172624.2	7145	6917.29	0	0
NM_001172626.2	2323	2095.29	0	0
NM_001172630.2	4170	3942.29	61.8808	0.706398
NM_001172631.3	4398	4170.29	333.22	3.5959
NM_001172632.2	2316	2088.29	2.72302	0.0586816
NM_001172633.2	2340	2112.29	4.27714e-07	9.11258e-09
NM_001172638.2	3941	3713.29	79.3124	0.961223
NM_001172639.2	7268	7040.29	0	0
NM_001172640.2	7814	7586.29	4.3821	0.0259953
NM_001172643.1	4678	4450.29	15.3245	0.154967
NM_001172644.2	4749	4521.29	79.2389	0.788711
NM_001172645.2	4770	4542.29	68.2973	0.67666
NM_001172646.2	5581	5353.29	20.3468	0.171048
NM_001172648.4	5839	5611.29	0	0
NM_001172649.4	5432	5204.29	4.48657	0.0387967
NM_001172650.3	2597	2369.29	3.97516	0.0755054
NM_001172651.2	2606	2378.29	0	0
NM_001172654.2	1372	1144.29	0	0
NM_001172655.1	5538	5310.29	7.37775	0.0625241
NM_001172656.2	4024	3796.29	0	0
NM_001172657.2	1910	1682.29	6.81045	0.182187
NM_001172658.3	1356	1128.29	4.72162	0.188327
NM_001172659.2	4082	3854.29	49.8908	0.582529
NM_001172660.3	1555	1327.29	11.3851	0.386022
NM_001172663.2	2714	2486.29	10.3637	0.187588
NM_001172664.2	2606	2378.29	0	0
NM_001172665.2	2577	2349.29	388.391	7.44001
NM_001172666.2	2520	2292.29	34.3345	0.674068
NM_001172667.2	889	661.427	0	0
NM_001172668.2	2866	2638.29	52.4523	0.894713
NM_001172669.2	2447	2219.29	50.8775	1.0317
NM_001172670.2	2333	2105.29	154.039	3.29275
NM_001172671.2	3883	3655.29	50.8036	0.625482
NM_001172672.2	3060	2832.29	0	0
NM_001172673.2	5051	4823.29	0	0
NM_001172674.2	8316	8088.29	258.475	1.43815
NM_001172675.2	7987	7759.29	0	0
NM_001172677.1	4013	3785.29	18.4544	0.219403
NM_001172679.2	2846	2618.29	224.829	3.86434
NM_001172681.2	7227	6999.29	110.608	0.711173
NM_001172682.2	7105	6877.29	0.000616329	4.03309e-06
NM_001172684.2	3292	3064.29	29.9676	0.440113
NM_001172685.2	2883	2655.29	1.03239	0.0174974
NM_001172687.2	2788	2560.29	41.1379	0.723093
NM_001172688.2	3206	2978.29	104.799	1.58355
NM_001172689.2	2444	2216.29	27.9918	0.56839
NM_001172690.2	2253	2025.29	12.7072	0.28236
NM_001172691.2	2247	2019.29	0	0
NM_001172692.2	2120	1892.29	0	0
NM_001172695.2	1909	1681.29	27.6879	0.741122
NM_001172696.2	2060	1832.29	15.5637	0.382261
NM_001172697.2	888	660.427	85.7881	5.8458
NM_001172698.2	10452	10224.3	0.0139331	6.13276e-05
NM_001172699.2	10541	10313.3	9.62737e-08	4.201e-10
NM_001172700.2	3768	3540.29	0.0168161	0.000213761
NM_001172702.2	1620	1392.29	62.2488	2.01207
NM_001172703.3	3894	3666.29	136.494	1.67544
NM_001172704.3	2938	2710.29	71.8929	1.19375
NM_001172705.1	4028	3800.29	385.31	4.56285
NM_001172712.1	6350	6122.29	5044.74	37.0823
NM_001172713.3	7660	7432.29	712.844	4.31632
NM_001172732.2	2037	1809.29	0	0
NM_001172735.3	6133	5905.29	0	0
NM_001172739.2	2381	2153.29	0	0
NM_001172743.2	2384	2156.29	0	0
NM_001172745.3	3351	3123.29	73.1534	1.05406
NM_001172746.3	2990	2762.29	0	0
NM_001172766.3	6540	6312.29	24.7266	0.176286
NM_001172767.2	1485	1257.29	0	0
NM_001172771.2	1772	1544.29	0	0
NM_001172772.2	1762	1534.29	0	0
NM_001172773.2	4987	4759.29	275.046	2.60079
NM_001172774.2	5978	5750.29	780.934	6.11176
NM_001172775.2	8501	8273.29	59.0126	0.321003
NM_001172779.2	2383	2155.29	48.7529	1.01797
NM_001172780.2	4631	4403.29	93.1303	0.951822
NM_001172810.3	2253	2025.29	0	0
NM_001172811.2	5372	5144.29	0	0
NM_001172813.2	5537	5309.29	0	0
NM_001172814.2	5506	5278.29	0	0
NM_001172815.3	5406	5178.29	0	0
NM_001172818.1	2573	2345.29	7.6892	0.147546
NM_001172819.2	2349	2121.29	55.5838	1.17921
NM_001172828.2	2719	2491.29	11.5362	0.208392
NM_001172831.3	3313	3085.29	43.7994	0.638872
NM_001172832.3	3216	2988.29	105.093	1.58268
NM_001172895.1	3212	2984.29	1035.25	15.6116
NM_001172896.2	2562	2334.29	24238.8	467.303
NM_001172897.2	2426	2198.29	1873.58	38.3555
NM_001173.3	9586	9358.29	517.015	2.48627
NM_001173128.2	2823	2595.29	11.2451	0.194993
NM_001173129.2	1851	1623.29	0	0
NM_001173393.3	1623	1395.29	0	0
NM_001173408.2	3547	3319.29	1638.19	22.2106
NM_001173425.2	4067	3839.29	0	0
NM_001173431.2	5787	5559.29	113.772	0.920994
NM_001173452.2	3704	3476.29	90.7692	1.17507
NM_001173453.2	3551	3323.29	49.8358	0.674863
NM_001173454.2	3430	3202.29	36.0236	0.506254
NM_001173455.2	3337	3109.29	28.3126	0.409789
NM_001173456.2	3223	2995.29	87.3443	1.31231
NM_001173461.2	7472	7244.29	1	0.00621221
NM_001173462.2	7568	7340.29	1.45031e-08	8.8918e-11
NM_001173463.2	6260	6032.29	16.3187	0.121743
NM_001173464.2	6371	6143.29	0	0
NM_001173465.2	6212	5984.29	0	0
NM_001173466.2	1716	1488.29	235.36	7.11682
NM_001173467.3	3123	2895.29	0	0
NM_001173468.2	1453	1225.29	16.4151	0.602901
NM_001173473.2	2042	1814.29	9.61933	0.238605
NM_001173474.2	2017	1789.29	61.7067	1.552
NM_001173476.2	1432	1204.29	25.514	0.953428
NM_001173479.2	4522	4294.29	0	0
NM_001173480.2	5232	5004.29	52.0339	0.467935
NM_001173482.1	2593	2365.29	255.797	4.8669
NM_001173484.2	6843	6615.29	24.8022	0.168727
NM_001173486.2	1678	1450.29	10.0007	0.310326
NM_001173489.2	4565	4337.29	64.4689	0.66892
NM_001173490.2	4474	4246.29	57.4293	0.608647
NM_001173498.2	3182	2954.29	0	0
NM_001173512.3	9438	9210.29	11.2767	0.0551001
NM_001173513.3	2813	2585.29	19.3543	0.336906
NM_001173514.2	542	319.126	0	0
NM_001173515.2	539	316.223	0	0
NM_001173516.1	4463	4235.29	0	0
NM_001173517.2	4394	4166.29	126.263	1.36386
NM_001173523.2	8773	8545.29	1073.99	5.6561
NM_001173524.2	8291	8063.29	683.882	3.8169
NM_001173525.1	2102	1874.29	0	0
NM_001173531.3	1579	1351.29	9.19752	0.306312
NM_001173533.2	4315	4087.29	203.033	2.23549
NM_001173534.2	4306	4078.29	0	0
NM_001173539.2	2323	2095.29	0	0
NM_001173540.2	2299	2071.29	25.3206	0.550141
NM_001173541.2	2206	1978.29	0	0
NM_001173542.1	2393	2165.29	0	0
NM_001173543.1	2456	2228.29	0	0
NM_001173551.2	5510	5282.29	0	0
NM_001173552.2	5396	5168.29	0.00312267	2.71907e-05
NM_001173975.3	2268	2040.29	0	0
NM_001173976.2	2151	1923.29	8.71957	0.204029
NM_001173977.2	5467	5239.29	65.793	0.565131
NM_001173982.2	5719	5491.29	1185.71	9.71731
NM_001173984.3	5427	5199.29	932.907	8.07489
NM_001173988.2	3107	2879.29	163.18	2.5505
NM_001173989.4	1654	1426.29	241.217	7.61099
NM_001173990.3	1053	825.293	42.9752	2.34343
NM_001173991.3	1062	834.293	0	0
NM_001174044.2	2216	1988.29	0	0
NM_001174045.2	2220	1992.29	0	0
NM_001174046.2	2135	1907.29	0	0
NM_001174051.3	5717	5489.29	0	0
NM_001174060.2	3433	3205.29	40.4765	0.5683
NM_001174061.2	5914	5686.29	0.00874212	6.91878e-05
NM_001174063.2	5691	5463.29	194.486	1.60205
NM_001174064.2	5759	5531.29	24.0987	0.196069
NM_001174065.2	5089	4861.29	135.817	1.25732
NM_001174066.2	4828	4600.29	195.844	1.91587
NM_001174067.2	5249	5021.29	94.1305	0.84364
NM_001174068.2	3740	3512.29	0	0
NM_001174069.2	3337	3109.29	0	0
NM_001174070.3	2848	2620.29	10.3474	0.177715
NM_001174071.3	1896	1668.29	8.35055	0.22526
NM_001174072.3	6448	6220.29	1290.18	9.33433
NM_001174080.2	8651	8423.29	0	0
NM_001174081.3	3540	3312.29	0	0
NM_001174082.3	3474	3246.29	0	0
NM_001174083.2	3471	3243.29	0	0
NM_001174084.2	2781	2553.29	30.2097	0.532461
NM_001174085.2	2442	2214.29	0	0
NM_001174087.2	7958	7730.29	1334.83	7.77094
NM_001174088.2	7934	7706.29	152.226	0.888968
NM_001174089.2	3046	2818.29	8.19683	0.130889
NM_001174090.2	3245	3017.29	0	0
NM_001174092.3	2543	2315.29	153.058	2.97503
NM_001174093.2	5874	5646.29	156.65	1.24856
NM_001174094.2	6189	5961.29	11.1182	0.083934
NM_001174095.2	5733	5505.29	0	0
NM_001174096.2	5937	5709.29	3195.85	25.1911
NM_001174097.3	1586	1358.29	40.3408	1.33657
NM_001174098.2	2262	2034.29	0	0
NM_001174100.2	2156	1928.29	305.35	7.12635
NM_001174101.2	1376	1148.29	219.977	8.62116
NM_001174102.3	1312	1084.29	28.1903	1.17003
NM_001174103.2	3772	3544.29	94.1973	1.19605
NM_001174104.2	1644	1416.29	0	0
NM_001174105.2	1523	1295.29	0	0
NM_001174108.2	3552	3324.29	233.462	3.16052
NM_001174116.3	10533	10305.3	0	0
NM_001174117.3	8622	8394.29	0.0891469	0.00047793
NM_001174118.2	2927	2699.29	121.97	2.03351
NM_001174119.2	2909	2681.29	9.25258	0.155296
NM_001174120.2	2747	2519.29	0.316533	0.00565435
NM_001174121.2	2751	2523.29	0	0
NM_001174122.2	2651	2423.29	50.6752	0.941091
NM_001174123.2	5103	4875.29	0	0
NM_001174124.2	1889	1661.29	556.142	15.0654
NM_001174125.2	4123	3895.29	0	0
NM_001174126.2	3762	3534.29	185.788	2.36569
NM_001174127.2	3757	3529.29	369.652	4.71354
NM_001174128.2	4127	3899.29	439.34	5.07057
NM_001174129.2	4667	4439.29	0	0
NM_001174130.2	4084	3856.29	0	0
NM_001174136.2	1788	1560.29	1.00169	0.0288916
NM_001174138.3	747	519.701	19.6262	1.69952
NM_001174146.2	6324	6096.29	0.00192605	1.42182e-05
NM_001174147.2	6312	6084.29	0.0286977	0.000212266
NM_001174150.2	3971	3743.29	441.819	5.31169
NM_001174151.2	3900	3672.29	19.8941	0.243797
NM_001174152.2	1469	1241.29	597.444	21.6603
NM_001174153.2	1316	1088.29	123.31	5.0991
NM_001174156.2	6761	6533.29	917.557	6.32038
NM_001174157.2	4408	4180.29	0	0
NM_001174158.2	4274	4046.29	0	0
NM_001174159.2	3230	3002.29	230.565	3.45607
NM_001174160.2	2891	2663.29	80.8838	1.36674
NM_001174164.2	3550	3322.29	3.21305	0.0435233
NM_001174166.2	3818	3590.29	0	0
NM_001174167.3	5058	4830.29	0	0
NM_001174168.3	5235	5007.29	0	0
NM_001175.7	1174	946.293	101.485	4.82634
NM_001176.4	964	736.293	2	0.122242
NM_001177.6	3197	2969.29	4579.33	69.4051
NM_001177304.2	2935	2707.29	0	0
NM_001177306.2	3990	3762.29	6888.03	82.392
NM_001177310.2	8244	8016.29	2.37213	0.013317
NM_001177311.2	8271	8043.29	0.0236079	0.000132089
NM_001177314.2	2038	1810.29	0	0
NM_001177315.1	2186	1958.29	36.9799	0.849827
NM_001177316.2	2016	1788.29	0	0
NM_001177317.2	2163	1935.29	0	0
NM_001177355.3	2137	1909.29	0	0
NM_001177358.2	1811	1583.29	5.00288	0.142201
NM_001177381.2	6988	6760.29	73.9264	0.492126
NM_001177382.2	7069	6841.29	0	0
NM_001177383.2	6979	6751.29	158.46	1.05627
NM_001177384.2	6964	6736.29	104.664	0.699229
NM_001177387.1	6866	6638.29	365.745	2.4795
NM_001177413.1	894	666.361	1266.66	85.5449
NM_001177428.1	3051	2823.29	0	0
NM_001177431.1	3059	2831.29	0	0
NM_001177433.1	2871	2643.29	0	0
NM_001177465.3	4374	4146.29	42.4277	0.460503
NM_001177466.3	4725	4497.29	0	0
NM_001177475.2	4163	3935.29	0	0
NM_001177478.2	6158	5930.29	0	0
NM_001177479.2	6305	6077.29	8.47214	0.0627372
NM_001177506.2	2504	2276.29	0	0
NM_001177507.2	2289	2061.29	0	0
NM_001177515.2	2025	1797.29	9.84877	0.246607
NM_001177519.3	1370	1142.29	1194.22	47.0489
NM_001177520.3	2255	2027.29	0	0
NM_001177547.3	3491	3263.29	0	0
NM_001177548.3	3598	3370.29	0	0
NM_001177549.3	3438	3210.29	0	0
NM_001177562.2	5418	5190.29	80.1661	0.69509
NM_001177563.2	5172	4944.29	16.7912	0.152834
NM_001177591.2	3672	3444.29	0	0
NM_001177597.2	1911	1683.29	0	0
NM_001177598.2	1906	1678.29	0	0
NM_001177599.2	1518	1290.29	23.0599	0.804286
NM_001177608.2	1107	879.293	0	0
NM_001177634.3	5691	5463.29	0	0
NM_001177635.3	5280	5052.29	0.0395556	0.00035234
NM_001177636.3	5669	5441.29	133.093	1.10077
NM_001177637.3	5507	5279.29	0	0
NM_001177638.3	5538	5310.29	7.35363	0.0623197
NM_001177639.3	5228	5000.29	891.748	8.02581
NM_001177640.3	5444	5216.29	174.739	1.50755
NM_001177641.3	5534	5306.29	0.0164233	0.000139287
NM_001177642.3	5439	5211.29	308.157	2.66114
NM_001177643.3	5328	5100.29	0	0
NM_001177644.3	5527	5299.29	0	0
NM_001177651.2	4594	4366.29	238.795	2.46125
NM_001177660.3	2978	2750.29	0	0
NM_001177663.2	14584	14356.3	0	0
NM_001177664.2	14490	14262.3	0.0100654	3.17604e-05
NM_001177665.2	14964	14736.3	558.901	1.70683
NM_001177675.2	2198	1970.29	0	0
NM_001177676.2	3056	2828.29	261.989	4.1687
NM_001177693.2	6233	6005.29	16.7448	0.125484
NM_001177701.3	1073	845.293	401.245	21.3621
NM_001177704.3	3379	3151.29	0	0
NM_001177711.2	8401	8173.29	390.158	2.14825
NM_001177712.2	2018	1790.29	12.7505	0.320513
NM_001177716.2	3885	3657.29	0	0
NM_001177718.2	4057	3829.29	25.2291	0.296501
NM_001177800.2	4593	4365.29	0	0
NM_001177801.2	1055	827.293	222.683	12.1135
NM_001177802.2	1143	915.293	59.9219	2.94623
NM_001177842.2	2902	2674.29	232.346	3.90993
NM_001177875.2	4828	4600.29	41.5849	0.40681
NM_001177880.2	3528	3300.29	0	0
NM_001177948.2	1104	876.293	0	0
NM_001177949.2	1119	891.293	0	0
NM_001177963.2	2522	2294.29	0	0
NM_001177969.2	2755	2527.29	68.5112	1.21997
NM_001177970.2	2692	2464.29	0	0
NM_001177971.2	2689	2461.29	40.6712	0.743645
NM_001177972.3	4336	4108.29	412.563	4.5193
NM_001177984.3	11436	11208.3	2.22008e-06	8.91399e-09
NM_001177996.3	3202	2974.29	0	0
NM_001177997.3	3095	2867.29	29.1621	0.457709
NM_001177998.2	4112	3884.29	0.742398	0.00860136
NM_001177999.2	4173	3945.29	0	0
NM_001178.6	2784	2556.29	45.132	0.794541
NM_001178000.2	2342	2114.29	19.3481	0.411827
NM_001178002.3	5043	4815.29	7.04441	0.0658361
NM_001178003.2	3420	3192.29	76.4545	1.07781
NM_001178004.2	2343	2115.29	17.5331	0.373019
NM_001178005.2	2411	2183.29	0	0
NM_001178006.3	579	354.315	0	0
NM_001178007.2	3426	3198.29	8.77964	0.123538
NM_001178008.3	2582	2354.29	39.3687	0.752545
NM_001178009.3	2368	2140.29	0.00120189	2.52717e-05
NM_001178010.2	2094	1866.29	20.3234	0.490072
NM_001178011.2	1860	1632.29	18.1482	0.500355
NM_001178014.2	1859	1631.29	5.69254	0.157042
NM_001178015.2	5578	5350.29	0	0
NM_001178016.2	5624	5396.29	0	0
NM_001178017.3	756	528.701	19.8346	1.68832
NM_001178020.3	2907	2679.29	21.2459	0.356859
NM_001178029.2	1456	1228.29	13.3797	0.490214
NM_001178030.2	3020	2792.29	199.18	3.21016
NM_001178031.3	3364	3136.29	71.7615	1.02972
NM_001178032.3	2966	2738.29	0	0
NM_001178033.3	2561	2333.29	0	0
NM_001178034.1	4829	4601.29	0	0
NM_001178035.2	7141	6913.29	0	0
NM_001178036.3	6362	6134.29	0	0
NM_001178037.3	5999	5771.29	0	0
NM_001178040.2	6040	5812.29	0	0
NM_001178041.4	690	463.088	0	0
NM_001178042.4	645	418.93	10.9972	1.18137
NM_001178043.4	594	368.988	0	0
NM_001178044.2	2459	2231.29	1.00033	0.0201757
NM_001178045.2	2637	2409.29	0	0
NM_001178046.3	2601	2373.29	0	0
NM_001178054.2	750	522.701	0	0
NM_001178055.2	7166	6938.29	0	0
NM_001178056.2	7349	7121.29	0	0
NM_001178057.2	3105	2877.29	4.91989	0.0769508
NM_001178061.3	3969	3741.29	0	0
NM_001178062.3	3849	3621.29	26.8523	0.333703
NM_001178063.3	2000	1772.29	0	0
NM_001178064.2	3559	3331.29	0	0
NM_001178065.2	10150	9922.29	0	0
NM_001178074.2	4946	4718.29	0.173868	0.00165835
NM_001178075.2	2311	2083.29	0	0
NM_001178076.2	2077	1849.29	4.8816	0.118795
NM_001178077.1	1709	1481.29	253.477	7.70087
NM_001178078.2	3982	3754.29	200.997	2.40938
NM_001178079.2	3942	3714.29	99.4408	1.20484
NM_001178080.2	3826	3598.29	37.231	0.465641
NM_001178081.2	3687	3459.29	48.998	0.637431
NM_001178083.3	10067	9839.29	26.3386	0.120468
NM_001178084.2	7391	7163.29	478.429	3.00571
NM_001178085.1	7740	7512.29	338.873	2.03005
NM_001178086.2	6717	6489.29	0	0
NM_001178087.2	699	471.947	122.359	11.6677
NM_001178088.2	7287	7059.29	0	0
NM_001178089.3	2383	2155.29	0	0
NM_001178090.3	2322	2094.29	0	0
NM_001178091.2	9203	8975.29	661.74	3.31804
NM_001178092.2	9131	8903.29	19.6974	0.0995638
NM_001178093.2	9260	9032.29	616.704	3.07271
NM_001178094.2	9399	9171.29	42.2346	0.207243
NM_001178095.2	7450	7222.29	0	0
NM_001178096.2	2138	1910.29	34.7607	0.818901
NM_001178097.3	2223	1995.29	0	0
NM_001178098.2	1921	1693.29	0.14127	0.00375458
NM_001178099.2	3598	3370.29	135.402	1.80801
NM_001178100.2	864	636.427	0	0
NM_001178101.3	7825	7597.29	237.447	1.40653
NM_001178102.2	4407	4179.29	553.964	5.96514
NM_001178106.1	4440	4212.29	0.000594054	6.34673e-06
NM_001178107.1	4353	4125.29	0	0
NM_001178108.2	4332	4104.29	15.2467	0.167179
NM_001178109.1	4257	4029.29	0	0
NM_001178110.1	4167	3939.29	4.94024	0.056438
NM_001178111.2	3462	3234.29	0	0
NM_001178112.2	3429	3201.29	0	0
NM_001178113.2	3894	3666.29	0	0
NM_001178115.2	3223	2995.29	124.549	1.8713
NM_001178116.2	3560	3332.29	32.6747	0.441277
NM_001178117.2	2238	2010.29	31.8629	0.713294
NM_001178118.2	2216	1988.29	0	0
NM_001178119.2	3512	3284.29	1.73209	0.0237339
NM_001178120.2	3425	3197.29	0.00122965	1.73078e-05
NM_001178121.2	3410	3182.29	26.4765	0.374424
NM_001178122.2	3338	3110.29	29.9681	0.433611
NM_001178123.2	3251	3023.29	0.182695	0.00271949
NM_001178124.2	3236	3008.29	8.40342	0.125712
NM_001178125.2	3059	2831.29	14.4411	0.22954
NM_001178126.2	1300	1072.29	0	0
NM_001178129.2	6661	6433.29	6.86858	0.048048
NM_001178130.3	6265	6037.29	0	0
NM_001178131.3	6262	6034.29	0	0
NM_001178133.2	1880	1652.29	53.2887	1.45141
NM_001178134.2	1197	969.293	21.6061	1.00314
NM_001178135.2	788	560.487	3.37494	0.270983
NM_001178136.2	1974	1746.29	7.96968	0.205384
NM_001178137.2	7697	7469.29	0	0
NM_001178138.2	9918	9690.29	158.891	0.737914
NM_001178139.2	9880	9652.29	0.588645	0.00274451
NM_001178140.2	9360	9132.29	0	0
NM_001178141.2	9270	9042.29	0	0
NM_001178142.2	9118	8890.29	0	0
NM_001178145.3	2601	2373.29	0	0
NM_001178146.3	2448	2220.29	0	0
NM_001178147.2	1396	1168.29	0	0
NM_001179.6	1524	1296.29	0	0
NM_001181.4	1456	1228.29	0	0
NM_001182.5	4765	4537.29	1377.5	13.6627
NM_001183.6	2054	1826.29	3230	79.5929
NM_001184.4	8158	7930.29	1949.51	11.0631
NM_001184690.2	4612	4384.29	0	0
NM_001184691.2	4651	4423.29	0	0
NM_001184692.2	4474	4246.29	0	0
NM_001184693.2	4564	4336.29	0	0
NM_001184694.3	2010	1782.29	0	0
NM_001184695.4	2088	1860.29	0	0
NM_001184696.2	2110	1882.29	0	0
NM_001184697.2	2181	1953.29	0	0
NM_001184698.2	537	314.382	0	0
NM_001184699.2	2154	1926.29	41.3422	0.965859
NM_001184700.2	2836	2608.29	85.3017	1.47178
NM_001184701.2	2868	2640.29	132.194	2.25321
NM_001184702.2	3189	2961.29	115.81	1.75997
NM_001184703.2	3072	2844.29	0	0
NM_001184704.2	2837	2609.29	23.3379	0.402514
NM_001184705.4	1854	1626.29	20.7516	0.574241
NM_001184714.2	2733	2505.29	0	0
NM_001184715.2	2583	2355.29	0	0
NM_001184716.2	2400	2172.29	0	0
NM_001184717.1	4132	3904.29	0	0
NM_001184718.2	3685	3457.29	64.1953	0.835621
NM_001184720.2	5945	5717.29	2752.53	21.6663
NM_001184721.2	5725	5497.29	84.0807	0.688319
NM_001184722.1	4275	4047.29	0	0
NM_001184723.2	3642	3414.29	1	0.0131808
NM_001184726.2	2111	1883.29	0	0
NM_001184727.2	5901	5673.29	80.9485	0.642119
NM_001184728.3	2000	1772.29	37.4878	0.951912
NM_001184729.3	1967	1739.29	96.4112	2.49458
NM_001184730.3	1862	1634.29	293.398	8.07922
NM_001184731.3	542	319.126	0	0
NM_001184732.2	2159	1931.29	0	0
NM_001184733.2	1907	1679.29	0	0
NM_001184734.1	1765	1537.29	0	0
NM_001184735.1	3519	3291.29	1.30537	0.0178487
NM_001184736.2	1822	1594.29	0	0
NM_001184739.2	1347	1119.29	0	0
NM_001184740.2	2255	2027.29	223.66	4.96495
NM_001184741.1	3451	3223.29	0	0
NM_001184742.2	5253	5025.29	192.307	1.72217
NM_001184743.2	3100	2872.29	181.605	2.84538
NM_001184744.1	2007	1779.29	12.0758	0.305428
NM_001184745.2	2534	2306.29	0	0
NM_001184746.2	1664	1436.29	0	0
NM_001184747.2	1539	1311.29	0	0
NM_001184748.2	2534	2306.29	1.8037	0.035196
NM_001184749.3	8736	8508.29	0	0
NM_001184750.2	8545	8317.29	0	0
NM_001184751.2	2271	2043.29	6.24395	0.137522
NM_001184760.2	1114	886.293	0	0
NM_001184761.2	1073	845.293	45.6799	2.43198
NM_001184762.2	922	694.293	27.6877	1.79468
NM_001184763.1	8194	7966.29	0.0975753	0.000551221
NM_001184765.2	4126	3898.29	107.784	1.24429
NM_001184766.2	4039	3811.29	39.2611	0.463588
NM_001184767.2	2099	1871.29	0	0
NM_001184768.2	1928	1700.29	0	0
NM_001184771.2	1588	1360.29	0	0
NM_001184772.3	7772	7544.29	243.197	1.45071
NM_001184773.2	6581	6353.29	0	0
NM_001184774.2	6551	6323.29	0	0
NM_001184775.2	6545	6317.29	0	0
NM_001184776.2	6359	6131.29	1.35311	0.00993166
NM_001184777.2	6356	6128.29	2.64689	0.0194375
NM_001184779.2	8321	8093.29	12	0.0667264
NM_001184780.2	8423	8195.29	0	0
NM_001184781.2	4429	4201.29	730.716	7.82723
NM_001184782.2	3561	3333.29	24.5446	0.331379
NM_001184783.3	1987	1759.29	8.30064	0.212332
NM_001184785.2	5971	5743.29	0	0
NM_001184786.2	5932	5704.29	6.15424e-08	4.85529e-10
NM_001184787.2	5869	5641.29	0	0
NM_001184788.2	5842	5614.29	0	0
NM_001184789.2	5731	5503.29	0	0
NM_001184790.2	5710	5482.29	109.327	0.897445
NM_001184791.2	5644	5416.29	208.839	1.73521
NM_001184792.2	3487	3259.29	804.569	11.1092
NM_001184793.2	3394	3166.29	0	0
NM_001184794.2	3358	3130.29	148.46	2.13436
NM_001184795.1	1642	1414.29	14.1873	0.451444
NM_001184796.2	4210	3982.29	1118.6	12.641
NM_001184797.2	1323	1095.29	134.876	5.54174
NM_001184801.2	2456	2228.29	31.0352	0.626794
NM_001184808.2	3348	3120.29	0	0
NM_001184813.2	3203	2975.29	0	0
NM_001184815.2	3296	3068.29	1	0.0146671
NM_001184816.2	3150	2922.29	0	0
NM_001184819.2	8684	8456.29	637.814	3.39435
NM_001184823.2	1412	1184.29	28.0527	1.066
NM_001184824.4	3453	3225.29	43.6437	0.608969
NM_001184825.2	2062	1834.29	17.3109	0.42471
NM_001184826.2	1976	1748.29	0	0
NM_001184830.2	2147	1919.29	0	0
NM_001184831.2	1865	1637.29	0	0
NM_001184832.2	4708	4480.29	0.333333	0.00334822
NM_001184833.2	4636	4408.29	0	0
NM_001184834.2	4531	4303.29	0	0
NM_001184835.2	4570	4342.29	7.9958	0.0828677
NM_001184836.2	4612	4384.29	1.48413e-05	1.5234e-07
NM_001184837.2	4594	4366.29	0.00417859	4.30684e-05
NM_001184854.2	1750	1522.29	30.2909	0.895479
NM_001184856.2	1831	1603.29	32.2318	0.90472
NM_001184866.2	2106	1878.29	0	0
NM_001184867.2	1821	1593.29	13.3936	0.378307
NM_001184870.2	1686	1458.29	0	0
NM_001184871.2	1383	1155.29	0	0
NM_001184872.2	1668	1440.29	5.94171	0.185653
NM_001184873.2	1536	1308.29	0	0
NM_001184874.3	3664	3436.29	26.7391	0.350186
NM_001184875.3	3576	3348.29	0	0
NM_001184876.3	3575	3347.29	60.4781	0.813105
NM_001184879.2	8255	8027.29	0	0
NM_001184880.2	9756	9528.29	1.04147e-08	4.91896e-11
NM_001184881.2	8106	7878.29	0	0
NM_001184882.2	7862	7634.29	0	0
NM_001184883.2	5520	5292.29	22.2702	0.189375
NM_001184888.2	3060	2832.29	52.9233	0.840912
NM_001184889.2	3452	3224.29	24.2114	0.337931
NM_001184891.2	1860	1632.29	6.12914	0.168983
NM_001184892.2	1826	1598.29	120.761	3.40028
NM_001184896.1	5921	5693.29	0	0
NM_001184897.2	4952	4724.29	198.311	1.88909
NM_001184898.2	3515	3287.29	17.7397	0.242857
NM_001184900.3	5610	5382.29	289.636	2.42174
NM_001184901.1	5238	5010.29	0	0
NM_001184902.2	5468	5240.29	0	0
NM_001184903.1	5246	5018.29	0	0
NM_001184904.2	592	367.025	37.2833	4.57152
NM_001184906.2	10236	10008.3	1.75861e-06	7.90774e-09
NM_001184917.3	5143	4915.29	111.106	1.01725
NM_001184924.2	3188	2960.29	0	0
NM_001184935.2	3721	3493.29	0	0
NM_001184937.2	6425	6197.29	106.048	0.77009
NM_001184938.4	6365	6137.29	0	0
NM_001184939.3	5894	5666.29	16.3738	0.130045
NM_001184940.2	3645	3417.29	641.441	8.44728
NM_001184941.2	3642	3414.29	190.403	2.50966
NM_001184942.2	3609	3381.29	78.7777	1.04849
NM_001184943.2	3591	3363.29	135.777	1.81679
NM_001184945.2	3558	3330.29	0	0
NM_001184957.2	2784	2556.29	10	0.176048
NM_001184958.2	2889	2661.29	0	0
NM_001184960.2	3850	3622.29	2504.87	31.1203
NM_001184961.1	6628	6400.29	209.707	1.47454
NM_001184962.2	6573	6345.29	2237.45	15.8688
NM_001184965.2	4090	3862.29	0	0
NM_001184966.1	3893	3665.29	51.7137	0.63495
NM_001184967.2	4732	4504.29	0	0
NM_001184968.2	1106	878.293	0	0
NM_001184970.3	3251	3023.29	4840.05	72.0463
NM_001184971.1	3107	2879.29	39.7555	0.621374
NM_001184974.2	1869	1641.29	22.9706	0.629836
NM_001184975.2	1993	1765.29	21.7417	0.554266
NM_001184976.2	8898	8670.29	11.4677	0.059523
NM_001184977.2	2063	1835.29	37.3584	0.916063
NM_001184979.2	491	271.527	2089.78	346.362
NM_001184985.2	11576	11348.3	1.16908	0.00463615
NM_001184986.1	1257	1029.29	0	0
NM_001184987.1	725	497.753	406.422	36.7456
NM_001184988.1	761	533.648	20.3267	1.71417
NM_001184989.2	696	468.994	145.736	13.9844
NM_001184990.1	721	493.802	50.7572	4.6258
NM_001184991.1	1198	970.293	65.1786	3.02304
NM_001184992.2	2119	1891.29	64.3653	1.53156
NM_001184993.2	5090	4862.29	0	0
NM_001184996.2	1872	1644.29	0	0
NM_001184997.1	1752	1524.29	0	0
NM_001184998.2	7730	7502.29	130.429	0.782387
NM_001184999.2	7721	7493.29	80.2197	0.481782
NM_001185.4	1181	953.293	0	0
NM_001185009.3	3481	3253.29	10.4365	0.144368
NM_001185010.3	2761	2533.29	49.5204	0.879712
NM_001185011.2	3340	3112.29	371.808	5.37627
NM_001185012.2	614	388.495	115.728	13.4059
NM_001185015.2	2023	1795.29	0	0
NM_001185022.2	1462	1234.29	92.5928	3.37599
NM_001185023.2	1457	1229.29	4.48767	0.164289
NM_001185024.2	3257	3029.29	0	0
NM_001185039.2	7491	7263.29	67.4185	0.417722
NM_001185054.2	9087	8859.29	0	0
NM_001185055.2	3647	3419.29	0	0
NM_001185056.2	2445	2217.29	326.796	6.63277
NM_001185057.3	1411	1183.29	3.70863	0.141047
NM_001185059.2	5493	5265.29	1.65034e-07	1.41056e-09
NM_001185063.2	3005	2777.29	0	0
NM_001185072.3	3533	3305.29	585.107	7.9665
NM_001185073.3	3494	3266.29	323.599	4.45855
NM_001185074.2	4895	4667.29	16.2377	0.156567
NM_001185075.2	4170	3942.29	0	0
NM_001185076.2	4378	4150.29	996.222	10.8024
NM_001185077.3	2159	1931.29	1547.53	36.0607
NM_001185078.3	1705	1477.29	43.1393	1.31416
NM_001185080.2	2129	1901.29	109.246	2.58581
NM_001185081.2	4107	3879.29	0	0
NM_001185082.2	4303	4075.29	282.223	3.11656
NM_001185085.2	4424	4196.29	0	0
NM_001185090.2	4079	3851.29	0	0
NM_001185091.2	3968	3740.29	0	0
NM_001185092.2	2094	1866.29	36.7715	0.886693
NM_001185093.2	1762	1534.29	27.0316	0.792875
NM_001185094.2	1532	1304.29	0	0
NM_001185095.2	3452	3224.29	0	0
NM_001185096.2	3303	3075.29	0	0
NM_001185097.2	491	271.527	0	0
NM_001185098.2	644	417.93	0	0
NM_001185099.2	3010	2782.29	0	0
NM_001185100.2	3155	2927.29	0	0
NM_001185101.2	2743	2515.29	0	0
NM_001185107.2	1649	1421.29	0	0
NM_001185108.2	1448	1220.29	0	0
NM_001185110.2	1151	923.293	0	0
NM_001185112.2	1352	1124.29	0	0
NM_001185113.2	1187	959.293	0	0
NM_001185114.2	1622	1394.29	0	0
NM_001185115.2	1613	1385.29	0	0
NM_001185117.2	3499	3271.29	0	0
NM_001185118.2	5036	4808.29	346.442	3.24251
NM_001185119.1	4815	4587.29	9.92527	0.0973707
NM_001185127.2	4974	4746.29	0	0
NM_001185149.1	663	436.717	0	0
NM_001185156.1	1979	1751.29	13.7985	0.354582
NM_001185157.1	1820	1592.29	7.65943	0.216479
NM_001185158.1	1621	1393.29	0	0
NM_001185176.2	3179	2951.29	4.1965	0.0639907
NM_001185177.2	3849	3621.29	0	0
NM_001185181.3	734	506.753	102.946	9.14228
NM_001185183.2	2526	2298.29	60.4052	1.1828
NM_001186.4	5618	5390.29	1384.81	11.5616
NM_001188.4	2170	1942.29	989.415	22.9248
NM_001189.4	2259	2031.29	2	0.0443098
NM_001190.4	1563	1335.29	497.25	16.7587
NM_001190158.1	2258	2030.29	0	0
NM_001190182.2	2218	1990.29	0	0
NM_001190201.2	2800	2572.29	0	0
NM_001190202.2	2610	2382.29	18.4123	0.34782
NM_001190214.2	5624	5396.29	0	0
NM_001190228.2	1569	1341.29	1	0.033552
NM_001190233.2	1786	1558.29	4.02315	0.116187
NM_001190241.2	4219	3991.29	124.398	1.40262
NM_001190242.2	4160	3932.29	145.006	1.65952
NM_001190255.3	3234	3006.29	0	0
NM_001190259.2	3287	3059.29	0	0
NM_001190260.2	3236	3008.29	25.3972	0.379934
NM_001190263.2	2318	2090.29	193.341	4.16255
NM_001190265.2	2331	2103.29	112.535	2.40784
NM_001190266.2	3296	3068.29	47.9199	0.702848
NM_001190267.2	3294	3066.29	30.681	0.450296
NM_001190274.2	4760	4532.29	2132.53	21.1748
NM_001190316.2	2252	2024.29	34.7554	0.772664
NM_001190317.2	2175	1947.29	373.965	8.64256
NM_001190326.2	4407	4179.29	0	0
NM_001190328.2	829	601.427	46.5399	3.48245
NM_001190329.2	3241	3013.29	241.896	3.61269
NM_001190347.2	1843	1615.29	0	0
NM_001190348.2	1602	1374.29	2.30184	0.0753768
NM_001190349.2	1401	1173.29	52.7997	2.0252
NM_001190383.3	5041	4813.29	19.3806	0.181204
NM_001190384.3	4904	4676.29	49.4594	0.47598
NM_001190388.2	5014	4786.29	0	0
NM_001190411.2	2543	2315.29	65.6444	1.27595
NM_001190412.2	2632	2404.29	0	0
NM_001190413.2	2456	2228.29	8.89951e-05	1.79736e-06
NM_001190415.2	2433	2205.29	22.7234	0.463712
NM_001190417.2	4040	3812.29	90.2121	1.06493
NM_001190438.1	3106	2878.29	535.448	8.37191
NM_001190440.1	9301	9073.29	1454.97	7.2166
NM_001190441.3	605	379.687	0	0
NM_001190442.2	4458	4230.29	75.2925	0.800983
NM_001190447.2	4308	4080.29	229.703	2.53348
NM_001190455.3	6236	6008.29	0	0
NM_001190456.2	3336	3108.29	144.695	2.09495
NM_001190457.2	3530	3302.29	0	0
NM_001190458.2	7139	6911.29	7	0.0455807
NM_001190460.1	753	525.701	0	0
NM_001190462.2	672	445.496	0	0
NM_001190463.2	1994	1766.29	0	0
NM_001190467.2	4467	4239.29	0	0
NM_001190468.1	3830	3602.29	0	0
NM_001190469.1	3752	3524.29	0	0
NM_001190479.3	4693	4465.29	3	0.0302353
NM_001190481.2	8320	8092.29	284.677	1.58316
NM_001190482.2	10145	9917.29	0	0
NM_001190484.3	4473	4245.29	15.9287	0.168856
NM_001190707.2	5067	4839.29	0	0
NM_001190709.2	7194	6966.29	0	0
NM_001190716.2	3630	3402.29	1115.62	14.7566
NM_001190720.3	3805	3577.29	33.3968	0.420139
NM_001190723.3	3039	2811.29	0	0
NM_001190724.4	2822	2594.29	12.6491	0.219423
NM_001190726.2	2207	1979.29	1.999	0.0454511
NM_001190728.1	2099	1871.29	0	0
NM_001190729.2	2721	2493.29	0	0
NM_001190730.2	1841	1613.29	1.39044	0.0387865
NM_001190737.2	8576	8348.29	454.334	2.44917
NM_001190738.2	8154	7926.29	0	0
NM_001190764.2	695	468.041	6	0.576912
NM_001190765.1	731	503.753	0	0
NM_001190766.2	1536	1308.29	0	0
NM_001190787.3	2137	1909.29	2	0.0471411
NM_001190789.2	2024	1796.29	20.2235	0.506667
NM_001190790.2	1048	820.293	0	0
NM_001190791.2	3960	3732.29	199.066	2.40029
NM_001190794.2	2132	1904.29	0	0
NM_001190796.3	4154	3926.29	0	0
NM_001190799.2	3742	3514.29	13.6319	0.174567
NM_001190801.2	3705	3477.29	35.8741	0.464282
NM_001190807.3	3201	2973.29	0	0
NM_001190809.2	3221	2993.29	37.0275	0.556696
NM_001190810.1	2387	2159.29	205.478	4.28248
NM_001190811.2	3104	2876.29	0	0
NM_001190818.2	3118	2890.29	59.1121	0.920401
NM_001190819.2	3106	2878.29	0	0
NM_001190821.2	3338	3110.29	365.361	5.28643
NM_001190822.2	2292	2064.29	699.918	15.2587
NM_001190823.2	2385	2157.29	93.0894	1.94193
NM_001190826.2	5137	4909.29	0	0
NM_001190827.2	4630	4402.29	18.896	0.193167
NM_001190828.2	2104	1876.29	0	0
NM_001190836.2	4146	3918.29	10205.8	117.217
NM_001190837.2	4434	4206.29	245.756	2.62934
NM_001190839.3	1725	1497.29	0	0
NM_001190844.2	2031	1803.29	0	0
NM_001190847.2	3325	3097.29	199.817	2.9033
NM_001190848.2	3758	3530.29	90.2435	1.1504
NM_001190849.2	3529	3301.29	262.592	3.57964
NM_001190850.2	3538	3310.29	224.421	3.05098
NM_001190860.3	1973	1745.29	7.54276	0.194493
NM_001190864.2	1719	1491.29	49.4457	1.49213
NM_001190879.3	6701	6473.29	0	0
NM_001190880.3	1221	993.293	162.955	7.38302
NM_001190881.3	6305	6077.29	42.2027	0.312516
NM_001190882.3	6473	6245.29	28.7383	0.207086
NM_001190892.1	2588	2360.29	0	0
NM_001190898.3	2553	2325.29	0	0
NM_001190899.2	2740	2512.29	0	0
NM_001190900.1	2487	2259.29	0	0
NM_001190906.2	2561	2333.29	0	0
NM_001190907.2	2601	2373.29	0	0
NM_001190918.2	2266	2038.29	33.4857	0.739325
NM_001190919.2	2514	2286.29	0	0
NM_001190942.2	1728	1500.29	0	0
NM_001190943.2	1289	1061.29	0	0
NM_001190945.2	4301	4073.29	52.6327	0.581504
NM_001190946.3	2968	2740.29	167.77	2.75525
NM_001190947.2	3726	3498.29	0	0
NM_001190956.2	1447	1219.29	0	0
NM_001190964.4	7406	7178.29	85.9432	0.538806
NM_001190965.4	7547	7319.29	113.076	0.695255
NM_001190971.2	2801	2573.29	0	0
NM_001190972.2	1041	813.293	312.933	17.316
NM_001190977.3	3970	3742.29	8.59495	0.103359
NM_001190979.3	4168	3940.29	101.365	1.15771
NM_001190980.3	4996	4768.29	17.7718	0.16773
NM_001190981.2	8844	8616.29	461.533	2.41059
NM_001190983.2	2620	2392.29	6.61335	0.124408
NM_001190986.3	2182	1954.29	0	0
NM_001190987.3	3806	3578.29	553.237	6.95789
NM_001190991.3	1111	883.293	512.499	26.1114
NM_001190992.2	2408	2180.29	692.991	14.3039
NM_001190995.2	4696	4468.29	0	0
NM_001190996.2	1580	1352.29	16.6082	0.552704
NM_001190997.3	1912	1684.29	0	0
NM_001191.4	2385	2157.29	66.9095	1.39579
NM_001191002.2	714	486.852	78.5292	7.259
NM_001191003.2	1069	841.293	143.23	7.66176
NM_001191005.3	7653	7425.29	588.612	3.56745
NM_001191006.3	4173	3945.29	79.2397	0.90387
NM_001191007.3	3937	3709.29	349.944	4.24571
NM_001191009.3	3886	3658.29	64.0122	0.787456
NM_001191013.2	6613	6385.29	24.8126	0.174877
NM_001191014.2	6424	6196.29	9.01223	0.065455
NM_001191015.2	6322	6094.29	3.6174	0.0267126
NM_001191016.3	3910	3682.29	0	0
NM_001191022.2	2853	2625.29	7.17016	0.122912
NM_001191028.3	4153	3925.29	55.4323	0.635526
NM_001191029.2	3055	2827.29	0	0
NM_001191030.2	3107	2879.29	0	0
NM_001191031.2	2901	2673.29	0	0
NM_001191033.2	5157	4929.29	0	0
NM_001191035.2	3866	3638.29	0	0
NM_001191036.2	3614	3386.29	0	0
NM_001191037.2	3230	3002.29	61.2686	0.918391
NM_001191049.2	4328	4100.29	4632.44	50.8437
NM_001191054.1	1765	1537.29	0	0
NM_001191055.2	3033	2805.29	0	0
NM_001191056.3	9123	8895.29	399.184	2.01955
NM_001191057.4	4349	4121.29	0	0
NM_001191058.4	5108	4880.29	0	0
NM_001191059.4	4387	4159.29	194.196	2.10118
NM_001191060.2	2962	2734.29	0	0
NM_001191061.2	2640	2412.29	1007.19	18.7898
NM_001191320.2	5575	5347.29	0	0
NM_001191321.3	5537	5309.29	17.455	0.147953
NM_001191322.2	3924	3696.29	6402.12	77.947
NM_001191323.2	4011	3783.29	37936.1	451.258
NM_001191324.2	3201	2973.29	330.129	4.99676
NM_001192.3	891	663.427	1	0.0678342
NM_001193267.2	4462	4234.29	0	0
NM_001193268.3	2974	2746.29	8.86158	0.145213
NM_001193269.2	2795	2567.29	0	0
NM_001193270.2	2344	2116.29	18.8663	0.401194
NM_001193272.2	4253	4025.29	184.226	2.05966
NM_001193273.2	4308	4080.29	5.06458	0.0558591
NM_001193277.1	6252	6024.29	0	0
NM_001193278.1	1926	1698.29	23.7629	0.629694
NM_001193279.1	1773	1545.29	0	0
NM_001193280.1	1659	1431.29	0	0
NM_001193282.4	2173	1945.29	1	0.0231343
NM_001193283.2	1946	1718.29	3.9277	0.102869
NM_001193285.3	1519	1291.29	0	0
NM_001193286.2	1663	1435.29	15.1334	0.474501
NM_001193288.3	10939	10711.3	4.11186	0.0172758
NM_001193289.2	1017	789.293	0	0
NM_001193300.2	3437	3209.29	0	0
NM_001193301.2	3127	2899.29	0	0
NM_001193302.2	2975	2747.29	0	0
NM_001193304.3	6248	6020.29	1736.09	12.9776
NM_001193306.2	1950	1722.29	4.11971	0.107647
NM_001193307.2	6705	6477.29	219.356	1.52405
NM_001193308.2	1936	1708.29	0	0
NM_001193311.2	1695	1467.29	4.63224	0.142075
NM_001193312.2	1473	1245.29	43.5475	1.57374
NM_001193313.2	1617	1389.29	22.6494	0.733676
NM_001193314.2	2930	2702.29	0	0
NM_001193315.2	2530	2302.29	784.091	15.3267
NM_001193316.2	2383	2155.29	0	0
NM_001193317.2	2707	2479.29	0	0
NM_001193318.3	1052	824.293	0	0
NM_001193321.2	3121	2893.29	21.2124	0.329944
NM_001193322.2	3127	2899.29	53.1376	0.824806
NM_001193328.2	1710	1482.29	10.4143	0.316183
NM_001193329.3	3130	2902.29	0	0
NM_001193331.3	3808	3580.29	54.5246	0.685356
NM_001193333.3	1741	1513.29	0	0
NM_001193334.1	2482	2254.29	211.072	4.21369
NM_001193335.3	2234	2006.29	0	0
NM_001193336.4	3451	3223.29	0	0
NM_001193338.2	2831	2603.29	0	0
NM_001193339.2	3891	3663.29	16.1525	0.198431
NM_001193340.2	3974	3746.29	0	0
NM_001193341.2	2597	2369.29	0	0
NM_001193342.2	3868	3640.29	0	0
NM_001193343.2	1093	865.293	20.0218	1.04131
NM_001193347.1	6254	6026.29	0	0
NM_001193348.1	5766	5538.29	37.5654	0.305249
NM_001193349.3	5917	5689.29	0	0
NM_001193350.2	7278	7050.29	0	0
NM_001193357.2	3148	2920.29	292.424	4.5064
NM_001193360.2	5009	4781.29	435.35	4.09766
NM_001193361.2	4925	4697.29	230.155	2.20504
NM_001193362.2	5184	4956.29	0	0
NM_001193363.2	5100	4872.29	22.0054	0.203254
NM_001193369.2	8479	8251.29	5.62157e-08	3.06604e-10
NM_001193370.2	7553	7325.29	0	0
NM_001193374.2	507	286.472	0	0
NM_001193375.3	2457	2229.29	2.19095	0.044229
NM_001193376.3	3850	3622.29	0	0
NM_001193379.2	2110	1882.29	51.3994	1.22889
NM_001193380.2	2752	2524.29	31.0138	0.552914
NM_001193388.4	5100	4872.29	94.254	0.87058
NM_001193389.2	3943	3715.29	121.189	1.46795
NM_001193397.2	2527	2299.29	0	0
NM_001193414.2	1974	1746.29	14.2713	0.367781
NM_001193416.3	6026	5798.29	0	0
NM_001193417.3	5981	5753.29	3.80612	0.029772
NM_001193421.2	11654	11426.3	64.5784	0.254346
NM_001193424.2	3059	2831.29	318.676	5.06531
NM_001193425.2	3100	2872.29	66.6869	1.04485
NM_001193426.2	2519	2291.29	36.9614	0.725955
NM_001193427.2	2560	2332.29	0.204937	0.00395439
NM_001193431.3	3523	3295.29	22.5366	0.307777
NM_001193434.2	4212	3984.29	0	0
NM_001193435.2	4016	3788.29	2.02021	0.0239991
NM_001193451.2	8846	8618.29	26.5771	0.13878
NM_001193452.1	1437	1209.29	40.6666	1.51338
NM_001193453.2	1429	1201.29	9.94268	0.372475
NM_001193455.2	2951	2723.29	305.611	5.0503
NM_001193457.2	2673	2445.29	797.082	14.6695
NM_001193460.2	4541	4313.29	86.26	0.900001
NM_001193461.2	4309	4081.29	0	0
NM_001193464.2	1402	1174.29	141.586	5.42608
NM_001193465.2	5125	4897.29	31.5283	0.289725
NM_001193466.2	5331	5103.29	0.00719386	6.34386e-05
NM_001193471.3	4207	3979.29	0	0
NM_001193472.3	4114	3886.29	0	0
NM_001193473.3	3736	3508.29	0	0
NM_001193475.2	3047	2819.29	20.1299	0.321325
NM_001193476.2	3521	3293.29	0	0
NM_001193478.2	2292	2064.29	112.97	2.46282
NM_001193480.2	2384	2156.29	10.0112	0.20894
NM_001193482.2	4338	4110.29	0	0
NM_001193483.3	4354	4126.29	4766.23	51.9825
NM_001193484.2	4440	4212.29	0	0
NM_001193485.3	4452	4224.29	1649.5	17.5728
NM_001193487.3	1516	1288.29	0.999801	0.0349254
NM_001193488.2	4552	4324.29	0	0
NM_001193489.2	7059	6831.29	3281.83	21.62
NM_001193493.2	3699	3471.29	0	0
NM_001193495.2	6663	6435.29	23.3122	0.163026
NM_001193502.2	2451	2223.29	3	0.0607249
NM_001193503.2	1324	1096.29	3.05809	0.125535
NM_001193508.1	7122	6894.29	655.14	4.27648
NM_001193509.2	2641	2413.29	46.2035	0.861602
NM_001193511.2	4261	4033.29	16.4963	0.184064
NM_001193513.3	5209	4981.29	104.005	0.939621
NM_001193514.3	5020	4792.29	235.614	2.21259
NM_001193515.3	5002	4774.29	0	0
NM_001193517.2	3018	2790.29	0	0
NM_001193520.2	3373	3145.29	0	0
NM_001193521.3	3281	3053.29	0	0
NM_001193522.2	4104	3876.29	0	0
NM_001193523.2	4477	4249.29	48.702	0.51579
NM_001193524.2	4142	3914.29	373.643	4.29581
NM_001193528.2	2961	2733.29	34.8701	0.574129
NM_001193529.3	1736	1508.29	0	0
NM_001193530.2	1712	1484.29	8.00523	0.242715
NM_001193531.2	1534	1306.29	36.0188	1.24088
NM_001193532.3	2236	2008.29	128.267	2.87428
NM_001193533.3	5786	5558.29	0	0
NM_001193534.2	3485	3257.29	0	0
NM_001193535.2	3437	3209.29	202.566	2.84053
NM_001193536.2	7235	7007.29	4.28031e-08	2.74895e-10
NM_001193537.3	1170	942.293	64.491	3.08003
NM_001193538.3	1211	983.293	540.757	24.7492
NM_001193544.2	2898	2670.29	11.312	0.190644
NM_001193552.2	7712	7484.29	93.7474	0.563704
NM_001193557.2	2829	2601.29	305.031	5.27711
NM_001193570.2	1802	1574.29	17.522	0.500887
NM_001193571.2	1982	1754.29	17.5472	0.450141
NM_001193572.2	1918	1690.29	0	0
NM_001193582.2	6422	6194.29	0	0
NM_001193583.2	6365	6137.29	0	0
NM_001193584.2	6329	6101.29	0	0
NM_001193599.2	2687	2459.29	0	0
NM_001193600.2	2627	2399.29	58.0891	1.08957
NM_001193609.2	2326	2098.29	104.839	2.24854
NM_001193610.2	2320	2092.29	0	0
NM_001193611.2	2185	1957.29	20.3446	0.467774
NM_001193612.2	2422	2194.29	0	0
NM_001193613.2	1915	1687.29	0	0
NM_001193617.2	2701	2473.29	0	0
NM_001193621.3	1908	1680.29	0	0
NM_001193622.2	569	344.595	7.1196	0.929798
NM_001193623.2	1335	1107.29	1	0.0406424
NM_001193628.2	2543	2315.29	6.97243	0.135525
NM_001193630.1	1207	979.293	0	0
NM_001193635.1	1342	1114.29	5.85171	0.236334
NM_001193636.1	1585	1357.29	1.04816e-08	3.47534e-10
NM_001193637.1	1462	1234.29	5.73272	0.209018
NM_001193640.2	4622	4394.29	0	0
NM_001193644.1	3642	3414.29	116.129	1.53067
NM_001193646.2	2007	1779.29	2008.37	50.7972
NM_001193653.2	2343	2115.29	210.402	4.47633
NM_001193654.2	2293	2065.29	49.5042	1.0787
NM_001193655.2	2316	2088.29	149.497	3.2217
NM_001193657.2	2290	2062.29	0	0
NM_001194.4	3420	3192.29	214.419	3.02275
NM_001194937.2	6628	6400.29	122.917	0.864277
NM_001194938.2	6469	6241.29	95.749	0.690402
NM_001194946.2	5426	5198.29	0	0
NM_001194947.2	5369	5141.29	177.479	1.55352
NM_001194954.2	5173	4945.29	86.7606	0.789538
NM_001194955.2	5292	5064.29	564.42	5.01564
NM_001194956.2	4203	3975.29	361.651	4.09414
NM_001194958.2	2196	1968.29	0	0
NM_001194986.2	7524	7296.29	42.1821	0.260176
NM_001194990.2	2289	2061.29	0	0
NM_001194991.2	1874	1646.29	377.028	10.3064
NM_001194992.2	1739	1511.29	0	0
NM_001194995.1	1901	1673.29	14.6734	0.394639
NM_001194997.2	2745	2517.29	17.0112	0.304118
NM_001194998.2	5560	5332.29	460.93	3.89013
NM_001194999.2	7763	7535.29	0	0
NM_001195.5	2217	1989.29	15.0874	0.341317
NM_001195000.2	7622	7394.29	64.4326	0.392149
NM_001195001.2	5564	5336.29	387.983	3.27201
NM_001195005.2	541	318.158	17.6539	2.49713
NM_001195007.2	1217	989.293	35.0458	1.59424
NM_001195010.2	3013	2785.29	0	0
NM_001195014.3	3093	2865.29	0	0
NM_001195015.3	2781	2553.29	0	0
NM_001195016.3	2768	2540.29	0	0
NM_001195017.3	2746	2518.29	0	0
NM_001195035.2	7517	7289.29	0	0
NM_001195037.2	4343	4115.29	0	0
NM_001195044.2	5353	5125.29	3087.95	27.114
NM_001195045.2	4976	4748.29	78.908	0.747869
NM_001195053.1	1081	853.293	0	0
NM_001195054.1	1028	800.293	0	0
NM_001195055.1	1005	777.293	3.30546	0.191377
NM_001195056.1	1191	963.293	89.2035	4.1674
NM_001195057.1	910	682.293	81.2032	5.35605
NM_001195059.2	3539	3311.29	8.39	0.114027
NM_001195071.1	3644	3416.29	1.08528	0.0142965
NM_001195072.2	3688	3460.29	64.6038	0.840209
NM_001195076.2	761	533.648	2	0.168662
NM_001195081.2	995	767.293	0	0
NM_001195082.2	2616	2388.29	7.02222	0.132321
NM_001195087.2	2644	2416.29	178.442	3.32346
NM_001195098.1	6383	6155.29	198.666	1.45251
NM_001195099.2	6070	5842.29	314.652	2.42376
NM_001195100.2	3835	3607.29	442.655	5.52238
NM_001195101.2	3817	3589.29	783.249	9.82049
NM_001195102.3	2947	2719.29	18.9566	0.313723
NM_001195103.3	2875	2647.29	8.57127	0.145709
NM_001195104.3	2788	2560.29	0	0
NM_001195106.2	3802	3574.29	0	0
NM_001195107.2	3674	3446.29	0	0
NM_001195108.2	3705	3477.29	0	0
NM_001195124.3	1113	885.293	2.514	0.127797
NM_001195125.3	929	701.293	62.0154	3.97963
NM_001195129.2	2233	2005.29	0	0
NM_001195132.2	1175	947.293	0	0
NM_001195135.2	1424	1196.29	1	0.0376188
NM_001195138.2	1516	1288.29	0	0
NM_001195139.2	2761	2533.29	31.9199	0.567047
NM_001195141.2	4909	4681.29	265.884	2.55605
NM_001195144.2	6087	5859.29	96.7747	0.743291
NM_001195150.3	3883	3655.29	32	0.393976
NM_001195156.2	1071	843.293	427	22.7872
NM_001195190.3	812	584.487	0	0
NM_001195192.2	3536	3308.29	16.574	0.225458
NM_001195193.2	3033	2805.29	26.9145	0.431767
NM_001195194.1	600	374.838	0.546341	0.0655937
NM_001195195.2	721	493.802	0	0
NM_001195200.2	1183	955.293	271.256	12.7786
NM_001195201.2	1163	935.293	7.6464	0.367918
NM_001195203.4	928	700.293	149.751	9.62349
NM_001195214.2	5881	5653.29	66.4517	0.528989
NM_001195215.2	8365	8137.29	49.5233	0.273887
NM_001195216.2	2195	1967.29	30.2965	0.693051
NM_001195217.2	1236	1008.29	12.4359	0.555052
NM_001195218.1	854	626.427	22.0251	1.58231
NM_001195220.2	4424	4196.29	208.528	2.23636
NM_001195226.2	2088	1860.29	0	0
NM_001195227.2	3623	3395.29	0.000198766	2.63455e-06
NM_001195228.2	1863	1635.29	12.3624	0.340212
NM_001195234.1	2163	1935.29	0	0
NM_001195243.2	969	741.293	0.00120008	7.28557e-05
NM_001195248.2	1977	1749.29	257.268	6.61859
NM_001195249.2	2211	1983.29	1.18394	0.026865
NM_001195250.2	1815	1587.29	48.9501	1.38784
NM_001195251.2	2119	1891.29	15.0077	0.357105
NM_001195252.2	1761	1533.29	17.5211	0.514256
NM_001195254.2	1866	1638.29	0	0
NM_001195256.2	1849	1621.29	0	0
NM_001195257.1	240	80.5243	0	0
NM_001195259.2	2575	2347.29	0	0
NM_001195260.2	957	729.293	0	0
NM_001195261.2	995	767.293	0	0
NM_001195263.2	4112	3884.29	0.960558	0.0111289
NM_001195267.2	3165	2937.29	9.67836	0.148285
NM_001195272.2	4765	4537.29	0	0
NM_001195278.2	10726	10498.3	6	0.0257202
NM_001195279.2	1124	896.293	0	0
NM_001195280.2	1071	843.293	0	0
NM_001195283.2	2692	2464.29	0	0
NM_001195286.2	5311	5083.29	0	0
NM_001195290.2	622	396.338	0	0
NM_001195291.3	1450	1222.29	111.151	4.09243
NM_001195296.2	7351	7123.29	27.7094	0.175061
NM_001195297.2	7337	7109.29	20.7945	0.131633
NM_001195302.2	2194	1966.29	10.0234	0.229407
NM_001195303.3	5497	5269.29	0	0
NM_001195304.2	2182	1954.29	19.7907	0.455736
NM_001195305.3	2025	1797.29	446.45	11.1788
NM_001195306.2	2487	2259.29	10.8865	0.216849
NM_001195307.2	1950	1722.29	5.35971	0.140048
NM_001195308.2	4524	4296.29	85.5063	0.895666
NM_001195328.2	1945	1717.29	117.792	3.08684
NM_001195381.3	4150	3922.29	0	0
NM_001195382.3	4036	3808.29	10.3486	0.122291
NM_001195388.2	5375	5147.29	0	0
NM_001195396.2	2886	2658.29	20.2419	0.342682
NM_001195415.2	7398	7170.29	0	0
NM_001195416.2	7324	7096.29	11.9096	0.0755281
NM_001195422.1	2605	2377.29	14.8767	0.281621
NM_001195427.2	1888	1660.29	8697.16	235.741
NM_001195430.2	5130	4902.29	21.2368	0.194954
NM_001195432.4	2487	2259.29	0	0
NM_001195433.2	2156	1928.29	0	0
NM_001195434.2	2330	2102.29	0	0
NM_001195442.2	1736	1508.29	0	0
NM_001195446.2	2320	2092.29	516.295	11.105
NM_001195470.3	7918	7690.29	0	0
NM_001195478.2	1774	1546.29	0.000473807	1.37896e-05
NM_001195479.2	1895	1667.29	890.96	24.0485
NM_001195483.2	3441	3213.29	86.0277	1.20484
NM_001195517.2	2134	1906.29	0	0
NM_001195518.2	2357	2129.29	2229.46	47.1202
NM_001195519.2	1819	1591.29	4.46081	0.126155
NM_001195520.2	1004	776.293	0	0
NM_001195522.3	709	481.852	0	0
NM_001195528.2	2931	2703.29	13	0.216418
NM_001195532.2	7800	7572.29	6879.88	40.888
NM_001195535.4	436	222.144	4	0.810341
NM_001195536.2	1788	1560.29	13.6583	0.393941
NM_001195541.3	1345	1117.29	0	0
NM_001195542.3	1342	1114.29	0	0
NM_001195543.3	1336	1108.29	0	0
NM_001195545.2	1350	1122.29	0	0
NM_001195553.2	9086	8858.29	2.07466e-08	1.054e-10
NM_001195555.2	4006	3778.29	896.612	10.6795
NM_001195556.2	3983	3755.29	42.7521	0.512337
NM_001195563.2	571	346.526	605.342	78.6153
NM_001195571.2	1222	994.293	75	3.3946
NM_001195573.1	9921	9693.29	0	0
NM_001195576.1	2835	2607.29	0	0
NM_001195577.2	2806	2578.29	0	0
NM_001195578.2	2779	2551.29	0	0
NM_001195581.2	1044	816.293	0	0
NM_001195597.2	2512	2284.29	4	0.0788044
NM_001195602.2	2994	2766.29	46.0997	0.749967
NM_001195604.2	3052	2824.29	11.8458	0.188755
NM_001195605.2	3763	3535.29	788	10.031
NM_001195608.2	14231	14003.3	0	0
NM_001195610.2	4615	4387.29	3.00049	0.0307778
NM_001195620.2	1030	802.293	0	0
NM_001195622.2	3936	3708.29	115.444	1.40101
NM_001195626.3	5143	4915.29	969.208	8.87381
NM_001195627.2	1179	951.293	1.98642	0.0939722
NM_001195628.2	1047	819.293	70.2178	3.857
NM_001195630.2	1073	845.293	14.6366	0.779249
NM_001195637.2	848	620.427	0	0
NM_001195639.2	7814	7586.29	0	0
NM_001195641.2	14370	14142.3	112.483	0.35794
NM_001195643.2	3733	3505.29	64.5856	0.829189
NM_001195653.2	1918	1690.29	34.9887	0.931554
NM_001195654.2	1910	1682.29	58.0192	1.55207
NM_001195677.2	7467	7239.29	40.1659	0.249691
NM_001195683.2	6336	6108.29	770.675	5.67798
NM_001195684.1	6308	6080.29	0.717608	0.00531135
NM_001195685.2	4093	3865.29	0	0
NM_001195728.3	11639	11411.3	0	0
NM_001195731.2	2628	2400.29	115.725	2.16973
NM_001195733.2	4985	4757.29	3264.04	30.8772
NM_001195736.3	2801	2573.29	0	0
NM_001195737.3	2735	2507.29	0.022178	0.00039807
NM_001195738.3	2715	2487.29	585.03	10.5851
NM_001195740.3	2639	2411.29	13.2076	0.246499
NM_001195741.3	2636	2408.29	0	0
NM_001195752.2	1358	1130.29	55.3734	2.20471
NM_001195753.2	1361	1133.29	290.563	11.5383
NM_001195755.2	3605	3377.29	3.04824	0.0406184
NM_001195790.3	13466	13238.3	113.34	0.385297
NM_001195794.1	2398	2170.29	0	0
NM_001195797.2	469	251.307	21.7861	3.90136
NM_001195798.2	5167	4939.29	0	0
NM_001195799.2	5050	4822.29	24.1448	0.225327
NM_001195800.2	4669	4441.29	0	0
NM_001195803.2	4639	4411.29	46.5704	0.475102
NM_001195811.2	8405	8177.29	0	0
NM_001195812.2	8243	8015.29	0	0
NM_001195822.2	2955	2727.29	81.4692	1.34432
NM_001195831.3	4165	3937.29	0	0
NM_001195833.2	3058	2830.29	0.0114015	0.00018129
NM_001196.4	2177	1949.29	432.847	9.99309
NM_001197.5	951	723.293	1	0.0622197
NM_001197020.2	1019	791.293	0	0
NM_001197026.2	7774	7546.29	599.05	3.5725
NM_001197027.2	2091	1863.29	49.501	1.19557
NM_001197030.2	2046	1818.29	0	0
NM_001197051.2	5773	5545.29	1013.99	8.22907
NM_001197079.2	3400	3172.29	4.1191	0.0584348
NM_001197080.2	3205	2977.29	0	0
NM_001197097.3	932	704.293	0	0
NM_001197098.1	803	575.487	410.55	32.105
NM_001197100.2	1417	1189.29	0	0
NM_001197104.2	16600	16372.3	584.168	1.60572
NM_001197107.2	2587	2359.29	0	0
NM_001197108.2	1930	1702.29	2.90268	0.0767373
NM_001197109.2	1545	1317.29	0	0
NM_001197113.2	2391	2163.29	0	0
NM_001197114.2	2310	2082.29	0	0
NM_001197115.2	3671	3443.29	0	0
NM_001197122.2	1611	1383.29	1.02527e-05	3.33555e-07
NM_001197123.2	1653	1425.29	0	0
NM_001197124.2	1214	986.293	13.5307	0.617388
NM_001197125.2	1422	1194.29	0.0198143	0.000746639
NM_001197126.2	1250	1022.29	8.94487	0.393769
NM_001197127.2	1041	813.293	3.76555	0.208364
NM_001197128.2	869	641.427	0	0
NM_001197129.2	2796	2568.29	67.4745	1.18233
NM_001197131.1	8596	8368.29	386.1	2.07637
NM_001197139.2	990	762.293	117.37	6.92914
NM_001197140.2	1165	937.293	5.53877	0.265938
NM_001197181.2	1910	1682.29	155.866	4.16957
NM_001197184.3	1240	1012.29	0	0
NM_001197216.3	1193	965.293	7	0.326348
NM_001197218.2	8203	7975.29	0	0
NM_001197219.2	7814	7586.29	0	0
NM_001197220.2	8379	8151.29	0	0
NM_001197221.2	7667	7439.29	335.987	2.03251
NM_001197222.2	7753	7525.29	322.074	1.92608
NM_001197223.2	7545	7317.29	0	0
NM_001197224.4	2917	2689.29	0	0
NM_001197233.3	2778	2550.29	343.148	6.05526
NM_001197234.3	1701	1473.29	34.2931	1.04751
NM_001197237.2	3715	3487.29	49.0954	0.63357
NM_001197238.2	1778	1550.29	0	0
NM_001197239.2	2953	2725.29	0	0
NM_001197240.2	3454	3226.29	0	0
NM_001197242.2	1172	944.293	0	0
NM_001197244.2	1492	1264.29	85.2545	3.03467
NM_001197246.2	2836	2608.29	31.6158	0.545494
NM_001197247.3	4068	3840.29	50.3925	0.590533
NM_001197248.3	3625	3397.29	0	0
NM_001197249.3	3686	3458.29	293.91	3.82468
NM_001197259.2	2400	2172.29	0	0
NM_001197260.2	1891	1663.29	114.485	3.09758
NM_001197287.2	948	720.293	0	0
NM_001197293.3	4798	4570.29	177.944	1.75219
NM_001197294.2	5492	5264.29	6064.14	51.8407
NM_001197295.2	3119	2891.29	135.299	2.10594
NM_001197296.2	2553	2325.29	0	0
NM_001197297.2	4718	4490.29	872.6	8.74547
NM_001197301.2	846	618.427	0	0
NM_001197302.2	845	617.427	0	0
NM_001197317.3	5166	4938.29	19.4812	0.177534
NM_001197318.3	5173	4945.29	0	0
NM_001197319.3	5062	4834.29	0	0
NM_001197320.2	3491	3263.29	15.3084	0.211113
NM_001197323.1	2127	1899.29	214.058	5.07202
NM_001197325.2	4662	4434.29	0	0
NM_001197327.2	3130	2902.29	0	0
NM_001197330.2	1614	1386.29	23.9815	0.77851
NM_001197331.3	1626	1398.29	75.2117	2.42063
NM_001198.4	5148	4920.29	409.019	3.74107
NM_001198525.2	4095	3867.29	227.955	2.65267
NM_001198526.2	3956	3728.29	41.8214	0.504813
NM_001198527.2	4020	3792.29	0	0
NM_001198528.2	4032	3804.29	0	0
NM_001198529.2	3934	3706.29	131.341	1.59479
NM_001198530.2	3781	3553.29	0	0
NM_001198531.2	3952	3724.29	107.053	1.2936
NM_001198532.1	4490	4262.29	0	0
NM_001198533.2	4691	4463.29	371.379	3.74459
NM_001198534.1	2635	2407.29	67.3912	1.25984
NM_001198535.1	2554	2326.29	176.375	3.41204
NM_001198536.2	3048	2820.29	0	0
NM_001198541.3	4843	4615.29	0	0
NM_001198542.1	3152	2924.29	0	0
NM_001198543.1	3122	2894.29	0	0
NM_001198546.1	3776	3548.29	0	0
NM_001198547.2	3846	3618.29	0	0
NM_001198548.1	3662	3434.29	0	0
NM_001198549.2	3061	2833.29	0	0
NM_001198551.2	2466	2238.29	0	0
NM_001198552.2	2424	2196.29	0	0
NM_001198557.2	2267	2039.29	21.433	0.472982
NM_001198558.1	1600	1372.29	0	0
NM_001198559.1	4847	4619.29	33.2817	0.324244
NM_001198568.2	3710	3482.29	108	1.39573
NM_001198569.2	1016	788.293	85.8298	4.89996
NM_001198588.2	3168	2940.29	0	0
NM_001198592.2	3409	3181.29	0	0
NM_001198593.2	3792	3564.29	0	0
NM_001198594.1	3622	3394.29	0.000519939	6.89358e-06
NM_001198595.2	5646	5418.29	74.8534	0.621715
NM_001198608.3	4428	4200.29	0	0
NM_001198609.2	4452	4224.29	0	0
NM_001198611.3	4317	4089.29	0	0
NM_001198614.2	4038	3810.29	0	0
NM_001198615.3	3795	3567.29	6.39462e-06	8.06711e-08
NM_001198616.3	3647	3419.29	0	0
NM_001198617.3	3476	3248.29	0	0
NM_001198618.2	3898	3670.29	0	0
NM_001198619.2	4229	4001.29	0	0
NM_001198621.4	6034	5806.29	16.8935	0.130937
NM_001198622.2	1730	1502.29	0	0
NM_001198623.2	1727	1499.29	0	0
NM_001198624.2	1503	1275.29	20.5877	0.726506
NM_001198625.2	7588	7360.29	0	0
NM_001198626.2	7446	7218.29	0	0
NM_001198627.2	7506	7278.29	0	0
NM_001198628.2	7279	7051.29	0.98016	0.00625562
NM_001198629.2	7373	7145.29	1.27729e-08	8.04476e-11
NM_001198630.2	7433	7205.29	0	0
NM_001198631.2	7302	7074.29	0.0112802	7.17588e-05
NM_001198632.2	7364	7136.29	51.3467	0.323804
NM_001198633.2	7526	7298.29	92.388	0.569687
NM_001198634.2	7129	6901.29	0	0
NM_001198644.2	2932	2704.29	53.2168	0.885599
NM_001198645.2	2836	2608.29	16.8126	0.290082
NM_001198656.1	7016	6788.29	31.3604	0.207904
NM_001198664.2	1198	970.293	1002.34	46.4893
NM_001198665.2	10269	10041.3	2311.71	10.3606
NM_001198670.2	4299	4071.29	84.8222	0.937604
NM_001198671.2	3980	3752.29	36.7325	0.440551
NM_001198672.2	3969	3741.29	8.32496	0.100139
NM_001198673.2	3955	3727.29	29.5727	0.357059
NM_001198674.2	3623	3395.29	66.4753	0.881101
NM_001198675.2	3780	3552.29	6.9809	0.0884392
NM_001198679.3	7428	7200.29	0	0
NM_001198681.2	4673	4445.29	24.5096	0.24813
NM_001198682.2	577	352.35	299.144	38.2074
NM_001198683.2	377	173.351	21.8877	5.6822
NM_001198687.2	3096	2868.29	14.5588	0.228425
NM_001198688.1	2935	2707.29	0	0
NM_001198689.2	5138	4910.29	0	0
NM_001198690.2	3114	2886.29	204.604	3.19018
NM_001198695.2	1929	1701.29	148.134	3.91847
NM_001198696.2	3137	2909.29	154.817	2.39483
NM_001198713.2	1700	1472.29	0	0
NM_001198719.2	2326	2098.29	41.2686	0.885107
NM_001198721.2	2279	2051.29	2.81145	0.06168
NM_001198726.2	1511	1283.29	0	0
NM_001198754.2	993	765.293	27.9976	1.6464
NM_001198755.1	1040	812.293	1.86061	0.103082
NM_001198756.1	930	702.293	0	0
NM_001198759.1	8919	8691.29	0	0
NM_001198760.1	8751	8523.29	7.21682	0.0381049
NM_001198763.2	3758	3530.29	0	0
NM_001198764.2	3821	3593.29	114.033	1.42817
NM_001198773.3	4003	3775.29	322.115	3.83974
NM_001198774.2	3628	3400.29	1146.26	15.1708
NM_001198775.3	2691	2463.29	25.3456	0.463051
NM_001198777.2	4205	3977.29	2267.99	25.6623
NM_001198778.2	4112	3884.29	0	0
NM_001198779.1	4285	4057.29	0	0
NM_001198780.3	1490	1262.29	66.9348	2.38635
NM_001198783.2	14007	13779.3	0	0
NM_001198784.2	868	640.427	26	1.82703
NM_001198786.2	13654	13426.3	0	0
NM_001198793.1	3987	3759.29	255.497	3.05859
NM_001198798.2	2683	2455.29	0	0
NM_001198799.3	2760	2532.29	0	0
NM_001198800.3	2479	2251.29	421.481	8.42535
NM_001198801.2	6524	6296.29	0	0
NM_001198802.2	6434	6206.29	0	0
NM_001198803.2	2104	1876.29	0	0
NM_001198805.2	1771	1543.29	496.123	14.4672
NM_001198806.2	1678	1450.29	1317.59	40.8852
NM_001198807.2	1949	1721.29	189.968	4.96669
NM_001198810.2	2384	2156.29	25.6155	0.534611
NM_001198812.1	2434	2206.29	756.877	15.4385
NM_001198815.1	6005	5777.29	0.00120445	9.38228e-06
NM_001198818.2	9314	9086.29	0	0
NM_001198819.2	9481	9253.29	0	0
NM_001198820.2	9364	9136.29	0	0
NM_001198827.2	1949	1721.29	283.147	7.40285
NM_001198828.2	1292	1064.29	0	0
NM_001198829.2	1472	1244.29	0	0
NM_001198830.2	1373	1145.29	0	0
NM_001198832.4	8020	7792.29	214.522	1.23893
NM_001198834.5	8164	7936.29	0	0
NM_001198836.2	4013	3785.29	2.44443	0.0290617
NM_001198837.2	3902	3674.29	0	0
NM_001198838.2	6604	6376.29	336.716	2.3765
NM_001198840.2	6561	6333.29	16.5386	0.11752
NM_001198842.2	1971	1743.29	43.6538	1.12692
NM_001198843.2	916	688.293	468.438	30.6282
NM_001198844.2	2999	2771.29	197.223	3.2027
NM_001198845.2	1561	1333.29	13.3138	0.449387
NM_001198846.2	870	642.427	284.749	19.9471
NM_001198850.2	5303	5075.29	38.8295	0.344304
NM_001198851.2	5333	5105.29	14.3146	0.126183
NM_001198852.2	5123	4895.29	649.252	5.96866
NM_001198853.1	1962	1734.29	0	0
NM_001198854.1	1799	1571.29	2	0.0572816
NM_001198855.1	2024	1796.29	0	0
NM_001198858.2	1101	873.293	0	0
NM_001198862.2	2652	2424.29	0	0
NM_001198863.2	1907	1679.29	0	0
NM_001198868.2	2904	2676.29	155.899	2.62152
NM_001198869.2	2916	2688.29	126.013	2.1095
NM_001198879.2	5504	5276.29	99.0119	0.844502
NM_001198895.2	1417	1189.29	0	0
NM_001198896.2	1206	978.293	0	0
NM_001198897.2	1227	999.293	39.6027	1.7835
NM_001198898.2	1317	1089.29	12.9531	0.535146
NM_001198899.2	2752	2524.29	87.3414	1.55712
NM_001198900.2	2682	2454.29	60.0493	1.10109
NM_001198901.2	2543	2315.29	234.342	4.55498
NM_001198902.2	2592	2364.29	353.665	6.73183
NM_001198903.1	3091	2863.29	11.1132	0.174669
NM_001198904.1	3031	2803.29	271.528	4.35901
NM_001198905.2	2663	2435.29	949.933	17.5543
NM_001198906.2	2694	2466.29	235.988	4.30613
NM_001198908.2	6018	5790.29	3.8462	0.0298933
NM_001198909.2	762	534.648	16.7718	1.41173
NM_001198910.2	2600	2372.29	0	0
NM_001198915.2	5696	5468.29	1.01436	0.00834797
NM_001198916.2	5908	5680.29	204.518	1.62033
NM_001198934.2	5043	4815.29	75.8719	0.709089
NM_001198938.2	3909	3681.29	0	0
NM_001198939.2	6513	6285.29	0	0
NM_001198940.2	6492	6264.29	0	0
NM_001198941.2	4333	4105.29	16.0452	0.175891
NM_001198942.1	5912	5684.29	0	0
NM_001198943.1	5655	5427.29	0	0
NM_001198944.1	5741	5513.29	0	0
NM_001198945.2	3943	3715.29	0	0
NM_001198950.3	7046	6818.29	0	0
NM_001198951.1	2528	2300.29	334.344	6.54113
NM_001198952.2	2942	2714.29	25.6206	0.42479
NM_001198953.2	1437	1209.29	70.6961	2.63091
NM_001198954.1	3373	3145.29	6.67248	0.0954704
NM_001198956.2	3486	3258.29	2.35824	0.0325716
NM_001198957.2	3393	3165.29	88.9199	1.26423
NM_001198961.2	1556	1328.29	21.4094	0.72536
NM_001198962.1	1447	1219.29	14.3796	0.530738
NM_001198963.2	2503	2275.29	0	0
NM_001198965.2	4438	4210.29	87.7805	0.93827
NM_001198966.2	4630	4402.29	9.0323	0.092334
NM_001198967.3	4614	4386.29	0	0
NM_001198972.2	5334	5106.29	0	0
NM_001198973.2	2658	2430.29	0	0
NM_001198974.3	1420	1192.29	41.7361	1.57533
NM_001198978.2	2484	2256.29	242.324	4.8333
NM_001198979.2	2568	2340.29	0	0
NM_001198980.1	2519	2291.29	0	0
NM_001198983.2	1620	1392.29	18.8367	0.608859
NM_001198986.2	1837	1609.29	0	0
NM_001198989.2	2855	2627.29	22.9988	0.393948
NM_001198993.2	3124	2896.29	11.3389	0.176186
NM_001198994.2	3615	3387.29	78.4703	1.04254
NM_001198995.1	3037	2809.29	30.0448	0.481299
NM_001198999.2	6040	5812.29	0	0
NM_001199.4	2506	2278.29	3093.7	61.1098
NM_001199011.2	586	361.171	0	0
NM_001199012.2	2751	2523.29	21.0991	0.376304
NM_001199013.2	2726	2498.29	671.151	12.0898
NM_001199014.2	2870	2642.29	12.2296	0.208292
NM_001199017.3	6191	5963.29	0	0
NM_001199018.3	6265	6037.29	0	0
NM_001199021.2	2043	1815.29	798.633	19.799
NM_001199022.3	5361	5133.29	337.972	2.96297
NM_001199037.2	2091	1863.29	59.9608	1.4482
NM_001199038.2	1935	1707.29	45.9376	1.21088
NM_001199039.2	2808	2580.29	154.871	2.70111
NM_001199040.2	2980	2752.29	0	0
NM_001199041.2	2991	2763.29	0	0
NM_001199042.2	3003	2775.29	0	0
NM_001199050.2	931	703.293	0	0
NM_001199051.2	808	580.487	0	0
NM_001199052.2	666	439.629	0	0
NM_001199053.2	2803	2575.29	18.7101	0.326958
NM_001199054.2	2739	2511.29	37.0724	0.664349
NM_001199055.2	2589	2361.29	14.5334	0.276986
NM_001199056.2	2469	2241.29	0	0
NM_001199058.2	6218	5990.29	396.011	2.9751
NM_001199080.4	3247	3019.29	9.93169	0.148034
NM_001199081.3	3058	2830.29	22.2279	0.353435
NM_001199085.3	3745	3517.29	0	0
NM_001199086.2	2808	2580.29	0	0
NM_001199087.2	2910	2682.29	0	0
NM_001199088.2	2865	2637.29	0	0
NM_001199089.3	3690	3462.29	0	0
NM_001199091.2	3634	3406.29	0	0
NM_001199092.2	2478	2250.29	0	0
NM_001199096.2	4521	4293.29	0	0
NM_001199097.2	4531	4303.29	0	0
NM_001199098.2	4462	4234.29	0.0540168	0.000574103
NM_001199099.2	4447	4219.29	7.00718	0.0747387
NM_001199103.2	2522	2294.29	1.75663	0.0344567
NM_001199104.2	2971	2743.29	0	0
NM_001199107.2	6611	6383.29	20.9029	0.147369
NM_001199111.2	1451	1223.29	25.6441	0.943407
NM_001199112.2	1354	1126.29	10.2048	0.407753
NM_001199119.1	1567	1339.29	0	0
NM_001199120.3	552	328.307	40.429	5.54186
NM_001199121.3	535	312.445	38.5012	5.54552
NM_001199125.1	1818	1590.29	0	0
NM_001199135.3	2098	1870.29	1655.4	39.8324
NM_001199138.2	3362	3134.29	0	0
NM_001199139.1	3254	3026.29	14.6119	0.21729
NM_001199140.2	4692	4464.29	1611.48	16.2448
NM_001199142.1	3265	3037.29	0	0
NM_001199143.2	3402	3174.29	0	0
NM_001199144.2	12184	11956.3	1.27479	0.00479828
NM_001199145.2	2805	2577.29	0.725206	0.0126631
NM_001199148.2	5635	5407.29	0	0
NM_001199149.2	2851	2623.29	0	0
NM_001199155.2	9424	9196.29	362.28	1.77286
NM_001199156.2	9097	8869.29	0	0
NM_001199157.2	9184	8956.29	0	0
NM_001199158.2	9007	8779.29	0	0
NM_001199159.2	2052	1824.29	1005	24.7921
NM_001199160.2	4749	4521.29	32.8589	0.327064
NM_001199161.2	4721	4493.29	651.022	6.52038
NM_001199162.2	4685	4457.29	1.24226	0.0125425
NM_001199163.2	1450	1222.29	790.385	29.1008
NM_001199165.4	3447	3219.29	240.682	3.36454
NM_001199172.2	4560	4332.29	0	0
NM_001199173.3	1641	1413.29	169.052	5.38307
NM_001199174.3	2034	1806.29	250.754	6.24745
NM_001199175.3	1668	1440.29	42.9584	1.34227
NM_001199179.3	4876	4648.29	212.133	2.0538
NM_001199180.2	3613	3385.29	0	0
NM_001199181.3	4888	4660.29	0	0
NM_001199182.2	3526	3298.29	0	0
NM_001199183.2	3533	3305.29	244.835	3.33355
NM_001199184.3	4808	4580.29	306.334	3.00985
NM_001199185.2	3410	3182.29	118.393	1.67428
NM_001199189.2	1523	1295.29	39.443	1.37039
NM_001199196.2	2461	2233.29	194.685	3.92311
NM_001199198.3	3697	3469.29	3420.46	44.3696
NM_001199199.3	3573	3345.29	7.39106	0.0994294
NM_001199201.2	3807	3579.29	0	0
NM_001199202.2	3652	3424.29	0	0
NM_001199206.4	1513	1285.29	0	0
NM_001199207.2	3380	3152.29	2.09222	0.0298692
NM_001199208.2	5053	4825.29	0	0
NM_001199209.2	5037	4809.29	0	0
NM_001199214.2	1985	1757.29	10.7563	0.275462
NM_001199215.3	1603	1375.29	0	0
NM_001199216.2	2344	2116.29	0	0
NM_001199219.2	2556	2328.29	2.56183	0.0495172
NM_001199233.2	834	606.427	0	0
NM_001199237.1	2793	2565.29	0	0
NM_001199238.1	2662	2434.29	191.653	3.54311
NM_001199239.1	2659	2431.29	52.4988	0.971749
NM_001199240.1	2445	2217.29	44.5143	0.90348
NM_001199241.2	15237	15009.3	0.0121784	3.6515e-05
NM_001199251.3	3070	2842.29	283.514	4.48898
NM_001199252.3	2464	2236.29	56.4632	1.13626
NM_001199253.3	2314	2086.29	0.0577637	0.00124601
NM_001199254.3	1708	1480.29	61.8011	1.87884
NM_001199255.3	2263	2035.29	150.662	3.33135
NM_001199256.3	1657	1429.29	7.29265	0.229618
NM_001199257.3	1426	1198.29	22.5894	0.848365
NM_001199260.2	8319	8091.29	481.735	2.67937
NM_001199261.3	5184	4956.29	245.328	2.22758
NM_001199262.3	2214	1986.29	31.7658	0.719712
NM_001199263.3	2139	1911.29	3.91941	0.092286
NM_001199264.2	1801	1573.29	0	0
NM_001199266.2	3606	3378.29	153.525	2.04515
NM_001199267.2	3588	3360.29	717.062	9.60333
NM_001199268.2	3522	3294.29	91.6206	1.25162
NM_001199279.1	2355	2127.29	0	0
NM_001199280.2	4191	3963.29	4.29276e-06	4.87442e-08
NM_001199281.1	7528	7300.29	655.285	4.03955
NM_001199282.2	9919	9691.29	8.11958e-08	3.77046e-10
NM_001199285.2	1021	793.293	0	0
NM_001199286.2	1240	1012.29	15.7186	0.698796
NM_001199287.2	1239	1011.29	14.4913	0.644872
NM_001199288.2	1040	812.293	0	0
NM_001199290.3	4183	3955.29	22.9532	0.26116
NM_001199291.3	2881	2653.29	22.3434	0.378971
NM_001199292.2	2574	2346.29	0	0
NM_001199295.2	4090	3862.29	177.736	2.07096
NM_001199297.2	2840	2612.29	0	0
NM_001199298.2	2574	2346.29	495.13	9.49685
NM_001199302.2	3164	2936.29	10.6232	0.162817
NM_001199303.2	3378	3150.29	14.058	0.200823
NM_001199317.2	889	661.427	0	0
NM_001199319.2	18231	18003.3	282.477	0.706113
NM_001199322.1	2798	2570.29	28.3676	0.496686
NM_001199323.1	2565	2337.29	38.1189	0.733954
NM_001199324.2	4075	3847.29	92.1431	1.07783
NM_001199327.2	2749	2521.29	13.4431	0.239949
NM_001199328.3	3930	3702.29	10.0768	0.122488
NM_001199329.3	3875	3647.29	17.7957	0.219577
NM_001199340.2	712	484.852	110.575	10.2633
NM_001199341.3	814	586.487	1165.8	89.4559
NM_001199342.3	912	684.293	21.4201	1.40871
NM_001199343.3	895	667.361	20.2218	1.36364
NM_001199344.3	797	569.487	1356.37	107.185
NM_001199345.2	573	348.421	0	0
NM_001199346.2	5384	5156.29	124.986	1.09085
NM_001199355.1	1941	1713.29	566.025	14.8678
NM_001199356.2	1908	1680.29	328.362	8.79447
NM_001199377.2	6203	5975.29	0.00594986	4.48115e-05
NM_001199378.2	6391	6163.29	462.927	3.3802
NM_001199379.2	6388	6160.29	1943.93	14.2011
NM_001199380.2	3493	3265.29	17.6515	0.243278
NM_001199381.2	3481	3253.29	56.2543	0.778171
NM_001199382.2	3466	3238.29	0	0
NM_001199383.2	3615	3387.29	6488	86.1987
NM_001199388.3	3934	3706.29	53.0157	0.643735
NM_001199397.3	6096	5868.29	0	0
NM_001199398.3	5964	5736.29	322.676	2.5315
NM_001199399.3	5805	5577.29	0	0
NM_001199400.3	5958	5730.29	168.47	1.32308
NM_001199417.2	5911	5683.29	0.380805	0.0030154
NM_001199427.2	7418	7190.29	7.64698	0.0478614
NM_001199434.2	1914	1686.29	104.675	2.79352
NM_001199455.1	4602	4374.29	259.276	2.66745
NM_001199456.2	3206	2978.29	4105.23	62.0315
NM_001199461.2	1233	1005.29	214.556	9.60482
NM_001199462.2	3256	3028.29	18.713	0.278092
NM_001199463.2	2583	2355.29	78.0879	1.49204
NM_001199464.2	1134	906.293	5.0165	0.2491
NM_001199469.2	3678	3450.29	13.6581	0.178146
NM_001199479.2	1812	1584.29	0	0
NM_001199480.2	1623	1395.29	64.1116	2.06782
NM_001199492.2	3439	3211.29	179.318	2.51296
NM_001199505.1	2275	2047.29	0	0
NM_001199506.2	2226	1998.29	0	0
NM_001199509.2	1268	1040.29	0	0
NM_001199510.2	1232	1004.29	0	0
NM_001199513.2	3328	3100.29	27.1067	0.393473
NM_001199514.2	3323	3095.29	21.5304	0.313035
NM_001199515.2	3388	3160.29	36.3311	0.517361
NM_001199527.3	5525	5297.29	0	0
NM_001199528.4	5141	4913.29	0	0
NM_001199534.2	1097	869.293	30.293	1.56826
NM_001199535.2	1129	901.293	6.90777	0.344917
NM_001199551.2	1222	994.293	0	0
NM_001199552.2	1192	964.293	0	0
NM_001199562.3	3017	2789.29	51.6537	0.833392
NM_001199563.2	5550	5322.29	594.137	5.02377
NM_001199570.2	3420	3192.29	0	0
NM_001199573.2	2876	2648.29	0	0
NM_001199577.2	2203	1975.29	0	0
NM_001199579.2	4023	3795.29	45.868	0.543884
NM_001199580.2	3984	3756.29	211.686	2.53615
NM_001199583.3	4288	4060.29	0	0
NM_001199619.2	6490	6262.29	76.9785	0.553195
NM_001199620.2	6608	6380.29	1.14162e-06	8.0524e-09
NM_001199621.2	6010	5782.29	0	0
NM_001199622.2	4025	3797.29	0	0
NM_001199623.2	1196	968.293	0	0
NM_001199629.2	892	664.361	52.513	3.55717
NM_001199633.2	4962	4734.29	0	0
NM_001199635.2	6723	6495.29	0	0
NM_001199636.2	6720	6492.29	0	0
NM_001199637.2	6576	6348.29	0	0
NM_001199640.2	2559	2331.29	44.0193	0.849744
NM_001199641.2	2307	2079.29	16.8413	0.364504
NM_001199642.1	5123	4895.29	0	0
NM_001199649.2	5043	4815.29	46.447	0.434087
NM_001199653.2	1007	779.293	8.95175	0.516951
NM_001199654.2	1074	846.293	31.8701	1.69475
NM_001199659.3	2785	2557.29	0	0
NM_001199660.3	2648	2420.29	0	0
NM_001199661.1	940	712.293	0	0
NM_001199662.1	1001	773.293	110.887	6.45327
NM_001199663.1	805	577.487	2.26816	0.176756
NM_001199664.1	794	566.487	10.2437	0.813786
NM_001199671.2	6081	5853.29	1093.63	8.40837
NM_001199672.2	6081	5853.29	328.187	2.52326
NM_001199673.2	5066	4838.29	298.718	2.77851
NM_001199679.2	6907	6679.29	21.946	0.147866
NM_001199682.2	1133	905.293	40.7578	2.02612
NM_001199687.3	3440	3212.29	0	0
NM_001199691.1	1520	1292.29	42.0835	1.46553
NM_001199692.3	4934	4706.29	4.47373	0.0427792
NM_001199693.1	3969	3741.29	116.868	1.40578
NM_001199694.2	4400	4172.29	108.134	1.16635
NM_001199697.2	3066	2838.29	0	0
NM_001199698.2	3588	3360.29	35.1083	0.470192
NM_001199699.2	5374	5146.29	437.108	3.8224
NM_001199706.2	4462	4234.29	0	0
NM_001199707.2	4530	4302.29	0	0
NM_001199708.2	4267	4039.29	0	0
NM_001199723.2	1013	785.293	152.492	8.73894
NM_001199729.3	1613	1385.29	0	0
NM_001199739.2	3786	3558.29	0	0
NM_001199741.2	1250	1022.29	93.9138	4.13424
NM_001199742.2	1114	886.293	0	0
NM_001199743.2	7259	7031.29	1549.64	9.91834
NM_001199744.2	844	616.427	0	0
NM_001199745.2	851	623.427	84.4578	6.09672
NM_001199746.2	2615	2387.29	348.65	6.57244
NM_001199747.2	1597	1369.29	259.994	8.54493
NM_001199752.3	2910	2682.29	23.3905	0.392442
NM_001199753.2	2846	2618.29	63.0316	1.08338
NM_001199756.2	2598	2370.29	0	0
NM_001199758.1	2293	2065.29	2.46693	0.0537549
NM_001199760.2	2268	2040.29	0	0
NM_001199763.2	3525	3297.29	183.404	2.50319
NM_001199764.2	3517	3289.29	389.304	5.32634
NM_001199770.2	3178	2950.29	0	0
NM_001199771.3	1279	1051.29	17.4044	0.745034
NM_001199772.2	3748	3520.29	39.2658	0.50197
NM_001199773.2	3712	3484.29	63.606	0.821534
NM_001199774.2	3697	3469.29	44.299	0.574639
NM_001199775.1	8422	8194.29	1241.25	6.81695
NM_001199777.2	3083	2855.29	57.5576	0.907181
NM_001199779.2	4351	4123.29	38.1819	0.41673
NM_001199780.2	4220	3992.29	0	0
NM_001199781.2	5281	5053.29	186.433	1.66031
NM_001199782.1	4740	4512.29	15.7084	0.156667
NM_001199784.2	1470	1242.29	8.14619	0.295102
NM_001199786.2	1401	1173.29	91.233	3.49935
NM_001199797.2	2923	2695.29	0	0
NM_001199799.2	2855	2627.29	0	0
NM_001199800.2	2588	2360.29	1	0.0190667
NM_001199802.1	641	415.014	14568.2	1579.74
NM_001199803.3	3992	3764.29	1608.66	19.232
NM_001199805.1	1947	1719.29	0	0
NM_001199809.2	4283	4055.29	0	0
NM_001199811.2	4388	4160.29	38.2817	0.414104
NM_001199812.2	4370	4142.29	30.9701	0.336469
NM_001199815.2	1178	950.293	36.8499	1.7451
NM_001199816.2	1022	794.293	16.4259	0.930658
NM_001199817.2	876	648.427	11.1027	0.770563
NM_001199818.1	3940	3712.29	132.225	1.60293
NM_001199821.2	583	358.243	9.37216	1.17735
NM_001199822.2	771	543.487	11.1806	0.925801
NM_001199823.3	763	535.541	3.10102	0.260587
NM_001199824.2	1270	1042.29	0	0
NM_001199828.2	662	435.717	0	0
NM_001199829.2	1883	1655.29	0	0
NM_001199830.1	4388	4160.29	0	0
NM_001199834.2	2915	2687.29	3	0.0502399
NM_001199835.1	2638	2410.29	0	0
NM_001199837.3	2484	2256.29	0	0
NM_001199838.2	2383	2155.29	0	0
NM_001199839.2	3579	3351.29	486.797	6.53699
NM_001199847.2	5659	5431.29	435.192	3.60595
NM_001199849.1	2161	1933.29	68.7755	1.60095
NM_001199850.1	1966	1738.29	57.4491	1.48731
NM_001199851.1	1945	1717.29	173.646	4.55055
NM_001199852.2	4099	3871.29	23.7093	0.275616
NM_001199853.2	4025	3797.29	0	0
NM_001199855.2	4032	3804.29	0	0
NM_001199856.2	4098	3870.29	65.0952	0.756916
NM_001199859.3	4227	3999.29	438.541	4.9348
NM_001199860.2	3869	3641.29	0	0
NM_001199861.2	3875	3647.29	97.5154	1.20322
NM_001199862.2	4176	3948.29	0	0
NM_001199863.2	3887	3659.29	0	0
NM_001199864.3	2037	1809.29	2.27416	0.0565658
NM_001199865.2	5123	4895.29	0	0
NM_001199866.2	4655	4427.29	0	0
NM_001199867.2	5151	4923.29	1259.94	11.5169
NM_001199868.2	1331	1103.29	1324.95	54.0446
NM_001199873.1	2438	2210.29	29.8026	0.606801
NM_001199874.1	2367	2139.29	19.4613	0.409397
NM_001199875.1	3048	2820.29	160.554	2.56194
NM_001199876.1	2937	2709.29	116.947	1.94256
NM_001199877.2	3429	3201.29	48.084	0.675954
NM_001199878.2	2771	2543.29	331.591	5.86743
NM_001199880.2	3887	3659.29	112.482	1.38334
NM_001199881.2	3903	3675.29	0	0
NM_001199885.1	1295	1067.29	21.1768	0.892932
NM_001199886.2	1884	1656.29	0	0
NM_001199887.2	1962	1734.29	18.9756	0.492396
NM_001199888.2	1830	1602.29	0.000205424	5.76966e-06
NM_001199893.2	1372	1144.29	0	0
NM_001199897.2	1678	1450.29	0	0
NM_001199898.2	3478	3250.29	7.04008	0.097476
NM_001199899.2	3277	3049.29	0	0
NM_001199900.2	904	676.361	114.596	7.62487
NM_001199917.2	6207	5979.29	6.61443e-06	4.97834e-08
NM_001199918.2	5877	5649.29	16.3178	0.12999
NM_001199919.2	2047	1819.29	1763.41	43.6208
NM_001199922.2	5714	5486.29	0	0
NM_001199933.2	4806	4578.29	91.18	0.896269
NM_001199934.2	4851	4623.29	0	0
NM_001199938.2	1809	1581.29	0	0
NM_001199942.2	7990	7762.29	0	0
NM_001199943.2	2372	2144.29	288.491	6.05466
NM_001199944.2	2324	2096.29	8.02013	0.172176
NM_001199951.3	960	732.293	0	0
NM_001199954.3	2038	1810.29	3833.29	95.2939
NM_001199957.2	4043	3815.29	81.7763	0.964587
NM_001199958.2	4092	3864.29	10.3286	0.120285
NM_001199973.2	2531	2303.29	151.071	2.95171
NM_001199974.2	2408	2180.29	0	0
NM_001199975.3	8573	8345.29	45.2344	0.243932
NM_001199978.3	1858	1630.29	0	0
NM_001199979.1	1215	987.293	0	0
NM_001199981.2	11552	11324.3	0	0
NM_001199982.2	11383	11155.3	31.8861	0.128636
NM_001199983.2	11568	11340.3	172.661	0.685193
NM_001199984.2	11670	11442.3	0	0
NM_001199987.2	1268	1040.29	36.7068	1.58794
NM_001199989.2	1674	1446.29	0	0
NM_001200.4	3545	3317.29	312	4.23266
NM_001200001.2	4270	4042.29	11.2765	0.125542
NM_001200003.2	2195	1967.29	148.895	3.40606
NM_001200016.2	1464	1236.29	226.336	8.23899
NM_001200018.2	1166	938.293	9.76071	0.46815
NM_001200019.2	3376	3148.29	0	0
NM_001200029.2	1725	1497.29	15.6177	0.469409
NM_001200030.2	1788	1560.29	20.4752	0.590559
NM_001200031.2	1112	884.293	0	0
NM_001200032.2	1022	794.293	0	0
NM_001200047.3	1719	1491.29	0	0
NM_001200049.3	8263	8035.29	0	0
NM_001200050.2	2703	2475.29	10.8797	0.197803
NM_001200051.2	1532	1304.29	0	0
NM_001200052.2	2458	2230.29	0	0
NM_001200053.1	1902	1674.29	0	0
NM_001200054.1	2181	1953.29	0	0
NM_001200056.2	1664	1436.29	6.61658	0.207316
NM_001201.5	6087	5859.29	0	0
NM_001201325.2	2065	1837.29	0	0
NM_001201326.1	1897	1669.29	0	0
NM_001201329.2	5607	5379.29	0	0
NM_001201334.2	4514	4286.29	12.9397	0.135858
NM_001201335.2	1082	854.293	52.0616	2.74254
NM_001201338.2	3064	2836.29	1702.12	27.0073
NM_001201339.2	3061	2833.29	2084.14	33.1038
NM_001201340.2	2857	2629.29	9.1583	0.156754
NM_001201352.2	1448	1220.29	0	0
NM_001201359.2	988	760.293	0	0
NM_001201362.2	1414	1186.29	107.9	4.09329
NM_001201363.2	958	730.293	0	0
NM_001201365.2	4169	3941.29	0	0
NM_001201366.2	8463	8235.29	291.899	1.59513
NM_001201370.2	2621	2393.29	21.033	0.395501
NM_001201372.2	1698	1470.29	6.18663	0.189362
NM_001201377.2	4765	4537.29	1377.5	13.6627
NM_001201380.3	7652	7424.29	11.4189	0.0692169
NM_001201397.2	4379	4151.29	49.1905	0.533261
NM_001201401.2	3725	3497.29	0	0
NM_001201402.2	3864	3636.29	0	0
NM_001201404.3	5166	4938.29	100.849	0.919043
NM_001201407.2	11192	10964.3	346.412	1.42185
NM_001201427.2	6185	5957.29	480.28	3.62817
NM_001201428.2	2380	2152.29	19.4183	0.406024
NM_001201429.2	7083	6855.29	12.5508	0.0823923
NM_001201457.2	4935	4707.29	0	0
NM_001201459.2	2077	1849.29	90.205	2.19516
NM_001201461.2	2059	1831.29	0	0
NM_001201465.3	2769	2541.29	1	0.0177087
NM_001201466.2	938	710.293	0	0
NM_001201472.2	3418	3190.29	0	0
NM_001201473.2	3217	2989.29	0	0
NM_001201474.2	997	769.293	110.736	6.47797
NM_001201475.2	1064	836.293	47.5191	2.55712
NM_001201476.2	794	566.487	0	0
NM_001201477.2	7408	7180.29	8.09338	0.0507259
NM_001201478.2	1639	1411.29	0	0
NM_001201479.2	3293	3065.29	27.6556	0.406025
NM_001201480.2	10727	10499.3	0	0
NM_001201481.2	10559	10331.3	1.68328	0.00733238
NM_001201482.2	10544	10316.3	0	0
NM_001201483.4	3161	2933.29	2750.2	42.1941
NM_001201484.2	2959	2731.29	12.4262	0.204744
NM_001201528.2	4674	4446.29	0	0
NM_001201529.3	4586	4358.29	0	0
NM_001201536.1	1966	1738.29	78.5562	2.03376
NM_001201538.2	2080	1852.29	0	0
NM_001201539.2	2165	1937.29	0	0
NM_001201543.2	3777	3549.29	87.1274	1.10473
NM_001201545.2	3262	3034.29	0	0
NM_001201546.2	2423	2195.29	0	0
NM_001201547.2	2434	2206.29	0.000695227	1.4181e-05
NM_001201548.2	2310	2082.29	4.78349	0.103382
NM_001201549.2	2063	1835.29	3.76561e-08	9.23362e-10
NM_001201550.3	2063	1835.29	0	0
NM_001201551.2	2060	1832.29	0	0
NM_001201552.2	1987	1759.29	0	0
NM_001201553.1	2005	1777.29	20.0339	0.507281
NM_001201554.1	1894	1666.29	0	0
NM_001201556.1	1853	1625.29	24.9579	0.691064
NM_001201564.2	3290	3062.29	112.334	1.65084
NM_001201572.2	1546	1318.29	57.2246	1.9535
NM_001201573.2	2823	2595.29	0	0
NM_001201574.2	2726	2498.29	0	0
NM_001201575.2	4324	4096.29	0	0
NM_001201576.2	1644	1416.29	242.142	7.69412
NM_001201583.2	2764	2536.29	0	0
NM_001201584.2	1483	1255.29	19.1721	0.687334
NM_001201965.2	2553	2325.29	5.82615	0.112758
NM_001202.6	1931	1703.29	20.5447	0.542815
NM_001202233.2	2586	2358.29	0	0
NM_001202234.2	3513	3285.29	39.3576	0.539134
NM_001202403.2	4516	4288.29	23.2528	0.244024
NM_001202404.2	4573	4345.29	0	0
NM_001202406.1	3009	2781.29	88.4395	1.43101
NM_001202407.3	4622	4394.29	4.53098	0.046403
NM_001202408.1	3087	2859.29	13.2872	0.209131
NM_001202409.2	2886	2658.29	54.1984	0.917542
NM_001202410.2	2734	2506.29	0	0
NM_001202411.2	2763	2535.29	75.5349	1.34079
NM_001202412.2	2903	2675.29	89.177	1.50011
NM_001202413.2	1318	1090.29	623.03	25.7163
NM_001202414.2	1446	1218.29	366.206	13.5274
NM_001202423.2	4000	3772.29	0	0
NM_001202425.1	2856	2628.29	10.3045	0.17644
NM_001202429.2	2608	2380.29	0	0
NM_001202431.2	1002	774.293	6.4438	0.374523
NM_001202435.3	12890	12662.3	0	0
NM_001202438.2	4483	4255.29	714.277	7.55405
NM_001202439.3	6364	6136.29	0	0
NM_001202449.2	1939	1711.29	0	0
NM_001202450.2	1821	1593.29	0.0012895	3.64223e-05
NM_001202456.3	2570	2342.29	52.4708	1.00814
NM_001202457.3	2560	2332.29	90.4552	1.74539
NM_001202464.3	3935	3707.29	633.616	7.69151
NM_001202465.3	3830	3602.29	8.45252e-06	1.05597e-07
NM_001202466.3	3920	3692.29	1.0382e-05	1.2654e-07
NM_001202467.1	2245	2017.29	0	0
NM_001202468.1	2407	2179.29	5.35402e-05	1.10562e-06
NM_001202469.2	1876	1648.29	43.8866	1.19823
NM_001202470.3	2473	2245.29	571.119	11.4471
NM_001202473.2	2650	2422.29	0	0
NM_001202474.3	12287	12059.3	0	0
NM_001202475.1	2904	2676.29	0	0
NM_001202476.2	1539	1311.29	0	0
NM_001202481.1	3131	2903.29	0	0
NM_001202482.2	2927	2699.29	0	0
NM_001202483.2	3041	2813.29	0	0
NM_001202485.2	3897	3669.29	87.3942	1.07187
NM_001202489.2	3285	3057.29	38.2438	0.562946
NM_001202498.2	4783	4555.29	0	0
NM_001202502.2	1953	1725.29	0	0
NM_001202504.1	3392	3164.29	0	0
NM_001202509.2	622	396.338	3.01387	0.342217
NM_001202513.2	5546	5318.29	0	0
NM_001202514.2	5519	5291.29	0	0
NM_001202515.1	9734	9506.29	87.6351	0.414867
NM_001202516.3	14507	14279.3	0	0
NM_001202517.3	14194	13966.3	0	0
NM_001202518.2	10960	10732.3	0	0
NM_001202519.3	11030	10802.3	15.6717	0.0652895
NM_001202521.1	3304	3076.29	13.6143	0.199164
NM_001202522.1	3222	2994.29	0	0
NM_001202523.3	3782	3554.29	9.88777	0.125195
NM_001202543.2	13766	13538.3	434.209	1.44337
NM_001202544.3	2881	2653.29	44.2854	0.751134
NM_001202545.3	2791	2563.29	0	0
NM_001202546.3	2812	2584.29	0	0
NM_001202547.2	1955	1727.29	0	0
NM_001202548.2	1928	1700.29	11.1222	0.294381
NM_001202549.2	1856	1628.29	0	0
NM_001202550.2	3051	2823.29	0	0
NM_001202553.2	524	302.192	0	0
NM_001202554.2	4986	4758.29	60.7831	0.574875
NM_001202555.2	4492	4264.29	2031.72	21.4417
NM_001202556.2	4225	3997.29	51.6196	0.581154
NM_001202557.2	1959	1731.29	104.969	2.72855
NM_001202558.2	2724	2496.29	72.313	1.30366
NM_001202559.1	2894	2666.29	344.758	5.819
NM_001202560.3	1252	1024.29	75.0267	3.29635
NM_001202855.3	2778	2550.29	0	0
NM_001202858.2	2127	1899.29	133.134	3.15457
NM_001202859.2	3059	2831.29	827.906	13.1595
NM_001203.3	5580	5352.29	552.323	4.64403
NM_001203244.1	3230	3002.29	0	0
NM_001203245.3	824	596.427	482.384	36.398
NM_001203246.2	4386	4158.29	121.246	1.31218
NM_001203247.2	2639	2411.29	1084.49	20.2403
NM_001203248.2	2612	2384.29	276.702	5.2227
NM_001203249.2	2647	2419.29	0	0
NM_001203250.2	2995	2767.29	54.2155	0.88168
NM_001203251.2	5459	5231.29	0	0
NM_001203252.2	5546	5318.29	0	0
NM_001203258.2	2824	2596.29	515.464	8.93484
NM_001203260.2	2079	1851.29	0	0
NM_001203261.2	1984	1756.29	143.582	3.67912
NM_001203262.2	1935	1707.29	0	0
NM_001203263.2	2370	2142.29	41.616	0.874227
NM_001203264.2	2319	2091.29	89.9016	1.93462
NM_001203265.2	2313	2085.29	0.00357431	7.71378e-05
NM_001204.7	12068	11840.3	6075.27	23.0911
NM_001204051.2	2662	2434.29	6.62505	0.122478
NM_001204052.2	2466	2238.29	0	0
NM_001204054.3	1961	1733.29	0	0
NM_001204055.2	2099	1871.29	0	0
NM_001204056.1	11358	11130.3	16.543	0.0668883
NM_001204062.2	3382	3154.29	261.644	3.73294
NM_001204064.2	3447	3219.29	164.987	2.30638
NM_001204065.2	2987	2759.29	0	0
NM_001204066.2	3035	2807.29	0	0
NM_001204067.2	3067	2839.29	0	0
NM_001204068.2	3516	3288.29	3	0.0410575
NM_001204069.2	3392	3164.29	0	0
NM_001204070.2	3320	3092.29	0	0
NM_001204076.2	1543	1315.29	12.9294	0.442384
NM_001204077.2	6088	5860.29	3359.5	25.7987
NM_001204078.2	1250	1022.29	0	0
NM_001204079.2	2987	2759.29	0	0
NM_001204080.2	2915	2687.29	0	0
NM_001204081.2	1888	1660.29	0	0
NM_001204082.2	3675	3447.29	62.439	0.815117
NM_001204083.2	3964	3736.29	36.5434	0.440159
NM_001204084.3	2129	1901.29	243.184	5.75609
NM_001204085.2	2047	1819.29	52.6622	1.30268
NM_001204086.3	2156	1928.29	36.5809	0.853736
NM_001204087.2	13079	12851.3	0	0
NM_001204088.2	2204	1976.29	37.7508	0.859642
NM_001204089.2	2019	1791.29	24.6086	0.618247
NM_001204090.2	1597	1369.29	130.904	4.30228
NM_001204091.2	592	367.025	2.87917	0.353032
NM_001204094.1	3742	3514.29	6.48385	0.0830304
NM_001204098.2	702	474.947	0	0
NM_001204099.2	781	553.487	1.97363	0.160472
NM_001204101.3	2315	2087.29	0	0
NM_001204102.3	2548	2320.29	0	0
NM_001204103.2	1896	1668.29	48.4782	1.30772
NM_001204106.2	4828	4600.29	0	0
NM_001204107.1	5033	4805.29	0	0
NM_001204108.1	5238	5010.29	0	0
NM_001204109.2	5119	4891.29	0	0
NM_001204110.2	4960	4732.29	0	0
NM_001204111.2	4814	4586.29	0	0
NM_001204112.2	4939	4711.29	0	0
NM_001204113.1	958	730.293	0	0
NM_001204118.2	3053	2825.29	13.8221	0.220167
NM_001204126.2	2329	2101.29	0	0
NM_001204127.2	2259	2031.29	0	0
NM_001204136.2	2937	2709.29	73.7815	1.22556
NM_001204137.2	4734	4506.29	0	0
NM_001204138.2	4731	4503.29	0	0
NM_001204139.2	2815	2587.29	33.6821	0.585863
NM_001204140.2	4566	4338.29	6.62996	0.0687756
NM_001204141.2	2593	2365.29	8.9371e-08	1.70041e-09
NM_001204142.2	3004	2776.29	0	0
NM_001204143.2	2656	2428.29	57.9799	1.07453
NM_001204144.3	4568	4340.29	0	0
NM_001204145.3	4104	3876.29	0	0
NM_001204146.2	4340	4112.29	0	0
NM_001204147.3	4106	3878.29	10.3407	0.119992
NM_001204148.3	4253	4025.29	61.0252	0.682267
NM_001204151.3	2899	2671.29	0	0
NM_001204158.3	2571	2343.29	43.4889	0.835207
NM_001204159.3	2894	2666.29	162.637	2.74507
NM_001204160.3	2606	2378.29	61.4099	1.16202
NM_001204171.2	9900	9672.29	9.16439	0.0426399
NM_001204172.2	9072	8844.29	0	0
NM_001204173.2	4519	4291.29	88.0556	0.923445
NM_001204174.2	2170	1942.29	0	0
NM_001204175.2	2136	1908.29	1	0.0235829
NM_001204176.2	2236	2008.29	0	0
NM_001204177.2	2033	1805.29	0	0
NM_001204178.2	2133	1905.29	0	0
NM_001204180.2	1324	1096.29	90.4835	3.71437
NM_001204182.2	1710	1482.29	44.0358	1.33695
NM_001204183.2	1942	1714.29	184.68	4.84815
NM_001204184.2	5098	4870.29	0	0
NM_001204185.2	5043	4815.29	0	0
NM_001204186.2	4810	4582.29	0	0
NM_001204187.2	4949	4721.29	0	0
NM_001204188.2	4904	4676.29	0	0
NM_001204189.2	4738	4510.29	6	0.0598672
NM_001204190.2	4877	4649.29	0	0
NM_001204191.2	4832	4604.29	0	0
NM_001204192.2	4953	4725.29	0	0
NM_001204193.2	1415	1187.29	772.839	29.2937
NM_001204194.2	2704	2476.29	7.75309	0.140901
NM_001204196.2	2700	2472.29	7.73524	0.140804
NM_001204197.3	4030	3802.29	51.0301	0.603981
NM_001204199.2	7160	6932.29	221.006	1.43473
NM_001204204.3	3958	3730.29	0	0
NM_001204210.2	2508	2280.29	0	0
NM_001204211.2	2427	2199.29	0	0
NM_001204212.2	2289	2061.29	0	0
NM_001204213.2	10775	10547.3	3.1245	0.0133316
NM_001204214.2	10770	10542.3	5.9856	0.0255514
NM_001204218.2	12109	11881.3	0	0
NM_001204220.2	4194	3966.29	0	0
NM_001204221.2	919	691.293	3.74037	0.243498
NM_001204240.2	1993	1765.29	6.14384	0.156627
NM_001204255.2	4265	4037.29	16.2782	0.181451
NM_001204258.2	6778	6550.29	795.539	5.46567
NM_001204259.2	6778	6550.29	795.539	5.46567
NM_001204260.2	6778	6550.29	795.539	5.46567
NM_001204261.2	6778	6550.29	795.539	5.46567
NM_001204262.2	6778	6550.29	795.539	5.46567
NM_001204263.2	6778	6550.29	795.539	5.46567
NM_001204264.2	6778	6550.29	795.539	5.46567
NM_001204265.2	4101	3873.29	35.2519	0.409585
NM_001204266.2	11079	10851.3	1.40314e-08	5.81917e-11
NM_001204267.2	10926	10698.3	4	0.0168263
NM_001204268.3	829	601.427	0	0
NM_001204269.2	1925	1697.29	0	0
NM_001204284.2	2073	1845.29	133.714	3.26102
NM_001204285.2	1805	1577.29	130.192	3.71461
NM_001204286.1	1853	1625.29	48.109	1.3321
NM_001204287.2	1226	998.293	0	0
NM_001204288.2	1140	912.293	4.1622	0.20532
NM_001204289.2	1094	866.293	0	0
NM_001204290.2	1031	803.293	6.82857	0.382558
NM_001204291.1	1124	896.293	0	0
NM_001204292.1	1118	890.293	0	0
NM_001204293.2	1077	849.293	2.20207	0.116685
NM_001204294.2	1070	842.293	0	0
NM_001204295.1	968	740.293	0	0
NM_001204296.2	1016	788.293	0	0
NM_001204297.2	911	683.293	0	0
NM_001204298.2	4260	4032.29	1885.15	21.0395
NM_001204299.3	2413	2185.29	0	0
NM_001204300.2	5351	5123.29	0	0
NM_001204301.2	3529	3301.29	809.557	11.0358
NM_001204302.2	3472	3244.29	364.492	5.05604
NM_001204303.2	3304	3076.29	20.4795	0.299595
NM_001204306.1	1895	1667.29	0	0
NM_001204307.1	1832	1604.29	0	0
NM_001204314.2	11069	10841.3	0	0
NM_001204315.1	1402	1174.29	9.57008	0.366759
NM_001204316.1	1785	1557.29	0	0
NM_001204317.1	1631	1403.29	0	0
NM_001204318.1	1461	1233.29	0	0
NM_001204344.1	6412	6184.29	3.04164	0.022134
NM_001204352.2	2965	2737.29	0	0
NM_001204353.1	2797	2569.29	0	0
NM_001204354.2	2838	2610.29	0	0
NM_001204355.2	2723	2495.29	0	0
NM_001204356.2	2764	2536.29	0	0
NM_001204358.2	1398	1170.29	1	0.0384545
NM_001204364.1	758	530.648	20.2473	1.71713
NM_001204366.2	1227	999.293	0	0
NM_001204367.2	1127	899.293	0	0
NM_001204368.2	669	442.629	7.01282	0.713009
NM_001204375.2	7457	7229.29	401.206	2.49755
NM_001204376.2	6364	6136.29	374.322	2.74525
NM_001204384.2	3477	3249.29	97.725	1.3535
NM_001204385.2	3477	3249.29	97.725	1.3535
NM_001204386.1	4941	4713.29	0.0132054	0.000126087
NM_001204387.2	4530	4302.29	0	0
NM_001204388.2	4494	4266.29	0	0
NM_001204397.2	2131	1903.29	14.9547	0.353601
NM_001204398.1	1874	1646.29	0.00204556	5.59174e-05
NM_001204399.1	1736	1508.29	31.7869	0.948429
NM_001204401.2	8409	8181.29	169.333	0.931457
NM_001204402.2	1662	1434.29	16.8031	0.527223
NM_001204403.2	9343	9115.29	68.8041	0.339693
NM_001204404.2	9584	9356.29	44.3359	0.213252
NM_001204406.2	1218	990.293	0	0
NM_001204408.2	3320	3092.29	0	0
NM_001204410.2	5849	5621.29	0	0
NM_001204414.2	2114	1886.29	0	0
NM_001204415.2	1845	1617.29	0	0
NM_001204416.3	5637	5409.29	0	0
NM_001204417.3	5339	5111.29	0	0
NM_001204418.3	5285	5057.29	0	0
NM_001204419.3	5526	5298.29	0	0
NM_001204420.3	5472	5244.29	0	0
NM_001204421.3	5228	5000.29	0	0
NM_001204422.3	5174	4946.29	0	0
NM_001204423.2	5461	5233.29	0	0
NM_001204424.2	6069	5841.29	0	0
NM_001204425.2	5137	4909.29	706.101	6.47277
NM_001204426.2	3099	2871.29	276.245	4.32971
NM_001204446.2	5468	5240.29	79.7972	0.68529
NM_001204447.2	5316	5088.29	148.631	1.31456
NM_001204450.2	3553	3325.29	1712.02	23.1697
NM_001204451.2	2404	2176.29	0	0
NM_001204453.1	989	761.293	121.292	7.17005
NM_001204456.2	6316	6088.29	34.7418	0.256802
NM_001204458.3	4171	3943.29	769.173	8.77824
NM_001204459.2	4224	3996.29	0	0
NM_001204466.2	3166	2938.29	126.826	1.94248
NM_001204467.2	3394	3166.29	900.323	12.7965
NM_001204468.2	3428	3200.29	92.3617	1.29881
NM_001204477.2	2508	2280.29	0	0
NM_001204478.2	2761	2533.29	109.059	1.93739
NM_001204492.2	3731	3503.29	271.899	3.49279
NM_001204502.2	1101	873.293	0	0
NM_001204503.2	1051	823.293	14.8114	0.809624
NM_001204504.3	17309	17081.3	235.423	0.620255
NM_001204505.3	17127	16899.3	19.6402	0.0523021
NM_001204506.3	17079	16851.3	0	0
NM_001204510.2	1696	1468.29	397.072	12.1702
NM_001204513.3	817	589.487	2.23094	0.170316
NM_001204514.2	3118	2890.29	0	0
NM_001204516.2	2822	2594.29	55.751	0.96711
NM_001204517.2	4108	3880.29	0	0
NM_001204519.2	2057	1829.29	0	0
NM_001204520.2	1988	1760.29	0.117817	0.00301206
NM_001204526.1	754	526.701	14.0223	1.19811
NM_001204527.2	778	550.487	20.3548	1.66404
NM_001204698.2	1202	974.293	145.29	6.711
NM_001204744.2	2789	2561.29	0	0
NM_001204745.2	2738	2510.29	0	0
NM_001204746.2	2564	2336.29	0	0
NM_001204747.2	4873	4645.29	864.9	8.37906
NM_001204760.2	2333	2105.29	0	0
NM_001204798.2	2438	2210.29	1	0.0203607
NM_001204803.2	6061	5833.29	605	4.6675
NM_001204811.3	1872	1644.29	0	0
NM_001204813.2	3412	3184.29	3762.68	53.1773
NM_001204814.2	2246	2018.29	0	0
NM_001204817.2	6882	6654.29	402.262	2.7205
NM_001204818.2	3335	3107.29	0	0
NM_001204824.2	10696	10468.3	8.14204	0.0350026
NM_001204827.2	1369	1141.29	110.818	4.36972
NM_001204830.2	1602	1374.29	0	0
NM_001204831.3	3158	2930.29	0	0
NM_001204832.3	2957	2729.29	0	0
NM_001204833.3	2822	2594.29	9.01943	0.15646
NM_001204834.3	2585	2357.29	20.559	0.392492
NM_001204835.3	4102	3874.29	13.9019	0.161481
NM_001204836.2	3835	3607.29	4.68264	0.0584187
NM_001204837.2	3776	3548.29	0	0
NM_001204838.2	2756	2528.29	66.0481	1.17564
NM_001204839.2	2495	2267.29	5.14809	0.102183
NM_001204848.2	1927	1699.29	0	0
NM_001204856.2	1962	1734.29	199.31	5.17189
NM_001204857.2	1943	1715.29	704.34	18.4793
NM_001204858.2	2158	1930.29	28.3852	0.661775
NM_001204859.2	2154	1926.29	304.764	7.12006
NM_001204860.2	2082	1854.29	58.5429	1.42082
NM_001204861.2	2134	1906.29	10.0256	0.236681
NM_001204862.2	1995	1767.29	26.0294	0.662823
NM_001204863.2	1961	1733.29	84.3027	2.18883
NM_001204864.2	1889	1661.29	5.2367	0.141858
NM_001204868.2	4299	4071.29	35.658	0.394155
NM_001204869.2	4735	4507.29	18.596	0.185672
NM_001204870.2	4455	4227.29	0	0
NM_001204871.2	802	574.487	142.426	11.1571
NM_001204872.2	2128	1900.29	33.6356	0.796563
NM_001204873.2	2078	1850.29	0	0
NM_001204878.2	4089	3861.29	371.851	4.3339
NM_001204880.2	2591	2363.29	108.053	2.0576
NM_001204883.2	4212	3984.29	0	0
NM_001204884.2	4200	3972.29	10.4287	0.118149
NM_001204885.1	4210	3982.29	0	0
NM_001204886.2	4227	3999.29	0	0
NM_001204887.2	4572	4344.29	16.3768	0.169649
NM_001204888.2	4464	4236.29	13.6488	0.144995
NM_001204889.2	9420	9192.29	5.77864	0.0282907
NM_001204890.2	4898	4670.29	1366.77	13.1703
NM_001204897.2	1022	794.293	0	0
NM_001204898.2	948	720.293	0	0
NM_001204911.2	3067	2839.29	79.7102	1.26341
NM_001204961.2	6974	6746.29	2550.4	17.0132
NM_001204963.2	4330	4102.29	0	0
NM_001205.3	1168	940.293	259.492	12.4195
NM_001205019.2	4515	4287.29	365.008	3.83143
NM_001205028.3	2845	2617.29	0	0
NM_001205029.3	4416	4188.29	31.3874	0.337256
NM_001205119.2	4188	3960.29	0	0
NM_001205120.2	4089	3861.29	0	0
NM_001205121.2	4029	3801.29	59.3369	0.702483
NM_001205122.2	3896	3668.29	0	0
NM_001205138.4	1992	1764.29	0	0
NM_001205179.2	878	650.427	38.1598	2.64028
NM_001205180.2	831	603.427	20.8423	1.5544
NM_001205194.2	5124	4896.29	35.8361	0.329378
NM_001205201.2	1549	1321.29	0	0
NM_001205206.4	4021	3793.29	14.2578	0.169153
NM_001205207.3	4899	4671.29	0	0
NM_001205220.2	1899	1671.29	0	0
NM_001205228.2	6764	6536.29	0	0
NM_001205247.2	6430	6202.29	0	0
NM_001205248.2	6429	6201.29	0	0
NM_001205250.1	6551	6323.29	0	0
NM_001205251.2	6204	5976.29	0.0157491	0.000118595
NM_001205252.2	1900	1672.29	2.18423	0.0587798
NM_001205254.2	6181	5953.29	0	0
NM_001205255.1	5404	5176.29	0	0
NM_001205259.3	1462	1234.29	0	0
NM_001205262.3	5376	5148.29	282.666	2.47089
NM_001205263.2	3089	2861.29	4.29602	0.0675688
NM_001205266.2	337	143.078	0	0
NM_001205272.2	648	421.846	141	15.0421
NM_001205280.2	1056	828.293	1	0.0543323
NM_001205288.2	1216	988.293	0	0
NM_001205293.3	16420	16192.3	0	0
NM_001205294.2	16234	16006.3	0	0
NM_001205296.2	1769	1541.29	54.8587	1.60178
NM_001205301.2	4744	4516.29	0	0
NM_001205315.2	10090	9862.29	0	0
NM_001205316.2	9463	9235.29	13.0328	0.0635082
NM_001205317.2	5414	5186.29	0.946998	0.0082174
NM_001205319.1	2681	2453.29	91.792	1.68383
NM_001205329.2	3612	3384.29	0	0
NM_001205344.2	3433	3205.29	0	0
NM_001206.4	5201	4973.29	1137	10.2887
NM_001206389.2	877	649.427	2	0.138593
NM_001206426.2	373	170.281	2325.16	614.51
NM_001206427.2	660	433.717	171.538	17.799
NM_001206480.2	5369	5141.29	0	0
NM_001206482.2	5511	5283.29	0	0
NM_001206484.3	1900	1672.29	0	0
NM_001206486.2	2010	1782.29	0	0
NM_001206488.3	1917	1689.29	0	0
NM_001206491.2	11556	11328.3	490.634	1.94911
NM_001206524.2	5467	5239.29	0	0
NM_001206528.3	2119	1891.29	0	0
NM_001206540.3	1788	1560.29	208.485	6.01328
NM_001206541.3	2095	1867.29	5.79437	0.139648
NM_001206542.2	1935	1707.29	0	0
NM_001206557.2	6675	6447.29	43.4009	0.302945
NM_001206559.2	2199	1971.29	4.05813	0.0926439
NM_001206567.2	2715	2487.29	10.3846	0.187891
NM_001206569.2	5616	5388.29	0	0
NM_001206570.2	7174	6946.29	0	0
NM_001206571.2	4257	4029.29	0	0
NM_001206572.2	7605	7377.29	0	0
NM_001206602.2	2232	2004.29	1052.79	23.6386
NM_001206609.2	2641	2413.29	0	0
NM_001206612.2	2082	1854.29	1397.58	33.9189
NM_001206615.2	5330	5102.29	0	0
NM_001206616.2	5350	5122.29	0	0
NM_001206626.2	1694	1466.29	0	0
NM_001206627.2	1690	1462.29	0	0
NM_001206631.1	1353	1125.29	0	0
NM_001206641.3	1741	1513.29	426.048	12.67
NM_001206646.2	1192	964.293	140.819	6.57197
NM_001206647.2	1192	964.293	2.19807	0.102583
NM_001206648.2	1111	883.293	30.6057	1.55934
NM_001206650.2	1701	1473.29	0	0
NM_001206651.2	6458	6230.29	96.0591	0.693861
NM_001206652.2	6434	6206.29	4.97299	0.0360601
NM_001206653.2	6229	6001.29	322.929	2.42161
NM_001206654.2	8971	8743.29	2251.32	11.5879
NM_001206665.2	2218	1990.29	0	0
NM_001206670.1	4798	4570.29	0	0
NM_001206671.4	5788	5560.29	0	0
NM_001206672.4	5545	5317.29	0	0
NM_001206673.2	1815	1587.29	0	0
NM_001206682.2	834	606.427	115.29	8.55568
NM_001206683.1	776	548.487	42.7301	3.50598
NM_001206691.2	3698	3470.29	0	0
NM_001206696.2	4229	4001.29	0.0642272	0.000722373
NM_001206701.2	2263	2035.29	375.406	8.30074
NM_001206702.2	1957	1729.29	1233.37	32.0973
NM_001206703.2	1873	1645.29	65.0595	1.77955
NM_001206704.2	2037	1809.29	5.77483	0.143639
NM_001206709.2	1684	1456.29	28.4207	0.878271
NM_001206710.2	1865	1637.29	17.3867	0.477897
NM_001206729.2	1570	1342.29	387.19	12.9813
NM_001206736.2	2727	2499.29	1552.63	27.9572
NM_001206739.2	1078	850.293	21.555	1.14083
NM_001206741.2	1442	1214.29	0	0
NM_001206744.2	4085	3857.29	0	0
NM_001206745.2	3914	3686.29	0	0
NM_001206747.2	2953	2725.29	3305.53	54.5846
NM_001206748.2	2973	2745.29	277.745	4.55303
NM_001206769.2	7728	7500.29	0	0
NM_001206774.2	1767	1539.29	103.692	3.03157
NM_001206789.2	3292	3064.29	2	0.0293726
NM_001206790.2	2192	1964.29	0	0
NM_001206794.2	5939	5711.29	0	0
NM_001206796.3	2642	2414.29	1.34036	0.0249846
NM_001206797.3	2083	1855.29	80.9155	1.96273
NM_001206798.3	2330	2102.29	160.619	3.43831
NM_001206799.2	2595	2367.29	77.6501	1.47616
NM_001206801.3	2095	1867.29	0	0
NM_001206802.2	961	733.293	0	0
NM_001206804.2	1690	1462.29	0	0
NM_001206833.2	1924	1696.29	279.644	7.41902
NM_001206836.2	4800	4572.29	0	0
NM_001206838.2	5523	5295.29	12.9946	0.110437
NM_001206839.2	5502	5274.29	42.4385	0.362108
NM_001206840.2	6108	5880.29	207.662	1.58928
NM_001206841.2	6067	5839.29	0.35733	0.00275392
NM_001206842.3	2544	2316.29	0	0
NM_001206843.3	2334	2106.29	0	0
NM_001206844.2	5876	5648.29	1620.73	12.9132
NM_001206845.3	2265	2037.29	0	0
NM_001206846.2	6108	5880.29	881.177	6.74383
NM_001206847.2	925	697.293	0	0
NM_001206850.2	6757	6529.29	0	0
NM_001206855.3	2464	2236.29	50	1.0062
NM_001206856.3	4797	4569.29	0	0
NM_001206864.2	2246	2018.29	48.2937	1.07683
NM_001206866.2	1887	1659.29	16.2297	0.440178
NM_001206878.2	2479	2251.29	2.85783	0.0571276
NM_001206880.2	5511	5283.29	0	0
NM_001206881.2	5918	5690.29	0	0
NM_001206883.2	6369	6141.29	0	0
NM_001206884.2	6282	6054.29	0	0
NM_001206885.2	6583	6355.29	0	0
NM_001206886.2	6351	6123.29	0	0
NM_001206887.2	6288	6060.29	0	0
NM_001206888.2	6264	6036.29	0	0
NM_001206889.2	6383	6155.29	67.5868	0.494146
NM_001206890.2	6106	5878.29	83.5536	0.63967
NM_001206891.2	6456	6228.29	0.0211097	0.00015253
NM_001206897.2	3483	3255.29	0	0
NM_001206901.1	3383	3155.29	0	0
NM_001206902.2	3109	2881.29	35.8641	0.560163
NM_001206915.2	2808	2580.29	0	0
NM_001206916.2	2607	2379.29	471.128	8.91114
NM_001206917.2	2526	2298.29	132.288	2.59035
NM_001206920.2	1937	1709.29	0	0
NM_001206924.2	2384	2156.29	0	0
NM_001206925.2	2670	2442.29	0	0
NM_001206927.2	14663	14435.3	0	0
NM_001206929.2	1468	1240.29	0	0
NM_001206931.2	3125	2897.29	0	0
NM_001206932.2	1378	1150.29	4.60267	0.180071
NM_001206934.2	1423	1195.29	0	0
NM_001206936.2	1323	1095.29	0	0
NM_001206938.2	5714	5486.29	279.571	2.29327
NM_001206940.2	1375	1147.29	20.5843	0.807428
NM_001206941.2	5065	4837.29	0	0
NM_001206942.2	2236	2008.29	2	0.0448172
NM_001206943.2	2235	2007.29	0	0
NM_001206944.2	2078	1850.29	0	0
NM_001206945.2	2317	2089.29	0	0
NM_001206946.2	4113	3885.29	0.422065	0.00488875
NM_001206947.2	3691	3463.29	1476.97	19.1922
NM_001206950.2	2645	2417.29	0	0
NM_001206951.2	2636	2408.29	0	0
NM_001206952.2	2603	2375.29	129.41	2.45184
NM_001206954.2	1233	1005.29	0	0
NM_001206955.2	5204	4976.29	0	0
NM_001206956.2	3918	3690.29	0	0
NM_001206957.2	1740	1512.29	308.616	9.18384
NM_001206960.2	1695	1467.29	0	0
NM_001206961.2	1541	1313.29	0	0
NM_001206966.2	1277	1049.29	0	0
NM_001206971.3	11553	11325.3	0	0
NM_001206972.3	11553	11325.3	36.8876	0.14658
NM_001206974.2	1362	1134.29	125.983	4.99836
NM_001206977.2	2906	2678.29	0	0
NM_001206978.2	2586	2358.29	0	0
NM_001206979.2	2739	2511.29	0	0
NM_001206981.2	1900	1672.29	5.14405	0.138432
NM_001206983.3	1163	935.293	79.8312	3.8412
NM_001206984.3	829	601.427	58.0838	4.34625
NM_001206985.3	1023	795.293	111.19	6.29189
NM_001206986.3	1058	830.293	106.458	5.7702
NM_001206987.3	1202	974.293	13.0782	0.604086
NM_001206992.2	2402	2174.29	0	0
NM_001206993.2	2414	2186.29	0	0
NM_001206994.2	4342	4114.29	138.609	1.51613
NM_001206995.2	4184	3956.29	0	0
NM_001206996.2	4297	4069.29	0	0
NM_001206997.2	930	702.293	0	0
NM_001206998.2	6872	6644.29	435	2.94634
NM_001206999.2	8736	8508.29	151.49	0.80128
NM_001207.5	1035	807.293	11745.9	654.785
NM_001207000.1	3986	3758.29	167.135	2.00133
NM_001207004.2	1549	1321.29	0	0
NM_001207005.2	2757	2529.29	1	0.0177928
NM_001207006.3	716	488.852	0	0
NM_001207008.2	7542	7314.29	0	0
NM_001207009.2	3368	3140.29	47.3784	0.678972
NM_001207010.2	1476	1248.29	0	0
NM_001207011.2	1946	1718.29	0	0
NM_001207012.1	1848	1620.29	1448.45	40.2302
NM_001207013.2	1674	1446.29	26.6064	0.827889
NM_001207014.3	2102	1874.29	379.604	9.11456
NM_001207015.2	2827	2599.29	0	0
NM_001207016.1	2650	2422.29	19	0.352996
NM_001207017.1	3242	3014.29	154.783	2.3109
NM_001207018.2	3322	3094.29	26.3069	0.382605
NM_001207019.3	1426	1198.29	0	0
NM_001207020.3	1823	1595.29	0	0
NM_001207023.2	1266	1038.29	2	0.0866867
NM_001207024.2	2192	1964.29	103.31	2.36689
NM_001207025.4	6917	6689.29	33.1503	0.223023
NM_001207026.3	7394	7166.29	73.7095	0.462883
NM_001207033.1	6019	5791.29	750.744	5.8339
NM_001207034.1	5722	5494.29	1814.29	14.8606
NM_001207035.2	1636	1408.29	0	0
NM_001207036.2	1440	1212.29	0	0
NM_001207037.2	1646	1418.29	0	0
NM_001207038.2	1374	1146.29	0	0
NM_001207039.2	1471	1243.29	3	0.10859
NM_001207040.2	1469	1241.29	0	0
NM_001207041.2	1304	1076.29	0	0
NM_001207042.3	1070	842.293	13.3231	0.711841
NM_001207044.3	6389	6161.29	0	0
NM_001207047.3	3739	3511.29	178.593	2.28897
NM_001207048.3	5100	4872.29	200.766	1.85438
NM_001207049.3	5025	4797.29	15.5775	0.146131
NM_001207051.2	7895	7667.29	0.878913	0.00515877
NM_001207052.2	1090	862.293	18.4158	0.961121
NM_001207053.2	1824	1596.29	0	0
NM_001207055.2	3961	3733.29	33.3041	0.401465
NM_001207056.2	3859	3631.29	0	0
NM_001207058.4	2137	1909.29	10.4906	0.247269
NM_001207059.4	2020	1792.29	14.532	0.364887
NM_001207062.1	1777	1549.29	471.389	13.6927
NM_001207063.2	5331	5103.29	0	0
NM_001207064.2	5175	4947.29	0	0
NM_001207065.2	4970	4742.29	2.00448	0.019022
NM_001207066.2	1563	1335.29	0	0
NM_001207067.2	6511	6283.29	3310.19	23.7087
NM_001207068.3	6538	6310.29	82.1212	0.585663
NM_001207069.2	6555	6327.29	11.8722	0.0844413
NM_001207071.2	1511	1283.29	0	0
NM_001207072.2	1693	1465.29	0	0
NM_001207073.2	1521	1293.29	0	0
NM_001207074.2	1466	1238.29	0	0
NM_001207076.3	1786	1558.29	0	0
NM_001211.6	3669	3441.29	7158.98	93.6207
NM_001212.4	1169	941.293	5344.75	255.532
NM_001214902.1	2407	2179.29	0	0
NM_001214906.1	2989	2761.29	0	0
NM_001214907.1	2893	2665.29	0	0
NM_001214909.2	3032	2804.29	76.8729	1.23365
NM_001215.4	1334	1106.29	0	0
NM_001216.3	1546	1318.29	427.288	14.5865
NM_001217.5	1715	1487.29	3.76451	0.113908
NM_001218.5	6098	5870.29	391.763	3.00335
NM_001219.5	5266	5038.29	75107.5	670.876
NM_001220.5	4545	4317.29	0	0
NM_001220473.3	5659	5431.29	0	0
NM_001220474.3	5614	5386.29	0	0
NM_001220475.2	5540	5312.29	0	0
NM_001220476.2	5585	5357.29	0	0
NM_001220477.2	5529	5301.29	0	0
NM_001220478.2	5517	5289.29	0	0
NM_001220479.3	4122	3894.29	0	0
NM_001220480.3	4147	3919.29	0	0
NM_001220482.2	4935	4707.29	120.915	1.15599
NM_001220484.1	3551	3323.29	0	0
NM_001220488.2	7982	7754.29	0	0
NM_001220489.2	7759	7531.29	16.6024	0.0992071
NM_001220490.2	7667	7439.29	16.6199	0.10054
NM_001220491.2	832	604.427	118.892	8.85222
NM_001220492.2	811	583.487	0	0
NM_001220493.2	1297	1069.29	0	0
NM_001220494.4	1700	1472.29	0	0
NM_001220496.4	1528	1300.29	0	0
NM_001220500.2	1585	1357.29	0	0
NM_001220765.3	6129	5901.29	0	0
NM_001220767.2	5772	5544.29	0	0
NM_001220768.2	5802	5574.29	0	0
NM_001220770.2	5646	5418.29	0	0
NM_001220771.2	5634	5406.29	0	0
NM_001220777.2	2094	1866.29	0	0
NM_001220778.2	2258	2030.29	258.429	5.72829
NM_001221.4	5683	5455.29	677.804	5.5915
NM_001222.4	3599	3371.29	0	0
NM_001223.5	1373	1145.29	25.8826	1.01703
NM_001224.5	4040	3812.29	92.9821	1.09763
NM_001225.4	1296	1068.29	1189.62	50.1141
NM_001226.4	1634	1406.29	386.014	12.3529
NM_001227.5	2344	2116.29	489.219	10.4033
NM_001228.5	2889	2661.29	0	0
NM_001229.5	2808	2580.29	127.133	2.21734
NM_001230.5	5539	5311.29	50.6158	0.428872
NM_001231.5	1878	1650.29	4	0.109079
NM_001232.4	2593	2365.29	0	0
NM_001233.5	2953	2725.29	3305.53	54.5846
NM_001234.5	1326	1098.29	0	0
NM_001235.5	2058	1830.29	30734.4	755.694
NM_001236.4	998	770.293	1330.99	77.7611
NM_001237.5	2748	2520.29	12573.8	224.521
NM_001238.4	1954	1726.29	215.07	5.60671
NM_001239.4	1280	1052.29	807.175	34.5202
NM_001240.4	6788	6560.29	1090.15	7.47833
NM_001241.4	6819	6591.29	553.961	3.78225
NM_001242.5	1245	1017.29	0	0
NM_001242307.2	3430	3202.29	146.374	2.05705
NM_001242309.1	3198	2970.29	37.8342	0.573228
NM_001242310.1	3434	3206.29	162.678	2.28333
NM_001242312.2	4728	4500.29	48.271	0.482712
NM_001242313.1	1334	1106.29	6.27653	0.255324
NM_001242314.2	9810	9582.29	0	0
NM_001242317.2	9074	8846.29	0	0
NM_001242318.3	6961	6733.29	620.234	4.14544
NM_001242326.1	1593	1365.29	0	0
NM_001242327.1	1593	1365.29	0	0
NM_001242328.1	1593	1365.29	0	0
NM_001242329.1	1593	1365.29	0	0
NM_001242330.1	1593	1365.29	0	0
NM_001242331.1	1593	1365.29	0	0
NM_001242332.1	1593	1365.29	0	0
NM_001242333.2	3296	3068.29	0	0
NM_001242334.2	3334	3106.29	0	0
NM_001242335.2	3588	3360.29	0	0
NM_001242336.2	5334	5106.29	86.7127	0.764221
NM_001242338.3	8097	7869.29	0	0
NM_001242339.2	2778	2550.29	26.898	0.474648
NM_001242340.2	3284	3056.29	6.36352	0.0937012
NM_001242350.3	1351	1123.29	0	0
NM_001242352.2	3753	3525.29	1226.63	15.6589
NM_001242353.2	3839	3611.29	0	0
NM_001242354.2	2077	1849.29	0	0
NM_001242356.3	872	644.427	0	0
NM_001242357.3	821	593.487	0	0
NM_001242359.2	4483	4255.29	0	0
NM_001242361.2	3403	3175.29	106.055	1.5031
NM_001242362.2	2671	2443.29	187.949	3.46184
NM_001242366.3	6408	6180.29	0	0
NM_001242369.2	2928	2700.29	0	0
NM_001242370.2	2802	2574.29	0	0
NM_001242374.1	1859	1631.29	1065.6	29.3972
NM_001242375.1	1444	1216.29	100.263	3.70974
NM_001242376.3	2128	1900.29	1.70317	0.0403347
NM_001242377.2	10005	9777.29	0	0
NM_001242384.2	2459	2231.29	24.3277	0.490667
NM_001242385.2	3768	3540.29	0	0
NM_001242393.2	2822	2594.29	0	0
NM_001242394.2	2851	2623.29	336.821	5.77822
NM_001242395.2	2647	2419.29	25.707	0.478195
NM_001242397.2	3008	2780.29	81.429	1.31805
NM_001242399.2	4529	4301.29	0	0
NM_001242400.2	4814	4586.29	0	0
NM_001242401.4	4533	4305.29	0	0
NM_001242402.2	4491	4263.29	0	0
NM_001242403.3	4462	4234.29	3.93571e-05	4.18297e-07
NM_001242404.2	4524	4296.29	0	0
NM_001242405.2	4419	4191.29	47.0443	0.505128
NM_001242406.2	4785	4557.29	0	0
NM_001242409.2	7434	7206.29	58.9126	0.367907
NM_001242413.2	3106	2878.29	0	0
NM_001242414.2	2214	1986.29	0	0
NM_001242415.2	3038	2810.29	70.9902	1.13681
NM_001242416.2	2380	2152.29	2.25009	0.0470479
NM_001242417.2	2477	2249.29	0	0
NM_001242418.2	2420	2192.29	0	0
NM_001242442.2	2191	1963.29	0	0
NM_001242443.2	2252	2024.29	15	0.333473
NM_001242450.2	3450	3222.29	0	0
NM_001242452.3	2593	2365.29	0	0
NM_001242460.2	4833	4605.29	0	0
NM_001242462.1	4312	4084.29	0	0
NM_001242463.2	6465	6237.29	0	0
NM_001242464.2	1413	1185.29	0	0
NM_001242466.2	5529	5301.29	0	0
NM_001242472.2	2959	2731.29	13.7261	0.226163
NM_001242474.2	3104	2876.29	0	0
NM_001242475.2	2941	2713.29	0	0
NM_001242476.2	3036	2808.29	6.5461	0.104902
NM_001242481.2	2916	2688.29	153.923	2.57673
NM_001242482.2	2892	2664.29	195.672	3.30513
NM_001242483.2	2817	2589.29	129.202	2.2456
NM_001242484.2	2786	2558.29	166.476	2.92849
NM_001242485.2	2762	2534.29	160.281	2.84621
NM_001242486.2	2687	2459.29	61.6384	1.12793
NM_001242487.2	6061	5833.29	186.951	1.4423
NM_001242488.2	5969	5741.29	219.375	1.71957
NM_001242489.2	2102	1874.29	6.61436	0.158815
NM_001242490.2	2086	1858.29	0	0
NM_001242491.1	2060	1832.29	0	0
NM_001242492.2	1935	1707.29	0	0
NM_001242493.2	1828	1600.29	0	0
NM_001242494.2	1786	1558.29	24.5781	0.709807
NM_001242495.2	1693	1465.29	0	0
NM_001242496.2	1677	1449.29	0	0
NM_001242497.2	1584	1356.29	0	0
NM_001242498.2	1442	1214.29	0	0
NM_001242500.1	1364	1136.29	0	0
NM_001242501.1	1262	1034.29	0	0
NM_001242505.3	1986	1758.29	0	0
NM_001242506.3	5408	5180.29	0	0
NM_001242507.3	5350	5122.29	0	0
NM_001242508.1	2968	2740.29	0	0
NM_001242521.2	512	290.943	0	0
NM_001242524.2	1742	1514.29	186.607	5.54573
NM_001242525.2	1666	1438.29	11.9975	0.375392
NM_001242532.5	2573	2345.29	233.075	4.4724
NM_001242533.3	2457	2229.29	109.245	2.20534
NM_001242534.3	2868	2640.29	75.1617	1.28111
NM_001242535.3	2709	2481.29	55.2817	1.00264
NM_001242536.3	2301	2073.29	0	0
NM_001242537.3	2553	2325.29	0	0
NM_001242539.2	3819	3591.29	0	0
NM_001242546.2	3557	3329.29	150.115	2.02915
NM_001242547.2	3165	2937.29	132.169	2.025
NM_001242548.2	3090	2862.29	3.71026	0.0583354
NM_001242559.2	7535	7307.29	834.452	5.1391
NM_001242560.2	7523	7295.29	15.1066	0.0931896
NM_001242581.2	4392	4164.29	2.37598e-08	2.5677e-10
NM_001242589.3	2050	1822.29	8.38365	0.207041
NM_001242590.3	3059	2831.29	12.0444	0.191444
NM_001242597.2	939	711.293	92.9765	5.88257
NM_001242598.2	646	419.888	29.9322	3.20809
NM_001242599.2	4994	4766.29	1.21478e-08	1.14699e-10
NM_001242600.2	4976	4748.29	353.603	3.35136
NM_001242607.2	5897	5669.29	0	0
NM_001242608.2	4646	4418.29	0.0001459	1.48609e-06
NM_001242614.2	3597	3369.29	13.181	0.176056
NM_001242617.2	2602	2374.29	392.279	7.43537
NM_001242618.2	2490	2262.29	163.275	3.24797
NM_001242628.2	7967	7739.29	0	0
NM_001242629.2	2326	2098.29	2.44233	0.0523817
NM_001242630.2	8061	7833.29	0	0
NM_001242631.3	477	258.967	0	0
NM_001242636.2	8113	7885.29	0	0
NM_001242637.2	2678	2450.29	0	0
NM_001242638.2	3042	2814.29	0	0
NM_001242639.2	8257	8029.29	0	0
NM_001242640.2	2772	2544.29	132.336	2.34073
NM_001242644.1	3740	3512.29	922.366	11.8183
NM_001242648.4	2723	2495.29	0	0
NM_001242659.2	2124	1896.29	338.984	8.04481
NM_001242672.3	7780	7552.29	14	0.0834241
NM_001242673.2	4314	4086.29	6.95228	0.0765667
NM_001242674.2	3685	3457.29	0	0
NM_001242675.2	4039	3811.29	32.9402	0.388953
NM_001242676.2	4028	3800.29	0	0
NM_001242680.2	3844	3616.29	2.00047	0.0248949
NM_001242690.2	3614	3386.29	4.00081	0.0531699
NM_001242692.2	4253	4025.29	0	0
NM_001242699.2	2878	2650.29	0	0
NM_001242701.2	859	631.427	19.2194	1.36981
NM_001242702.2	3606	3378.29	7.71524	0.102777
NM_001242729.2	5457	5229.29	0	0
NM_001242739.2	1874	1646.29	52.4781	1.43454
NM_001242758.1	1611	1383.29	582.755	18.9589
NM_001242761.2	3634	3406.29	0	0
NM_001242762.2	5193	4965.29	0	0
NM_001242763.2	5307	5079.29	0	0
NM_001242764.2	5279	5051.29	15.2275	0.135665
NM_001242765.2	2236	2008.29	0	0
NM_001242766.2	5287	5059.29	0	0
NM_001242767.2	3454	3226.29	1232.11	17.1866
NM_001242768.2	3161	2933.29	305.882	4.6929
NM_001242769.3	1042	814.293	148.871	8.22756
NM_001242773.2	2078	1850.29	0	0
NM_001242774.3	2113	1885.29	0	0
NM_001242775.3	2026	1798.29	0	0
NM_001242778.2	3843	3615.29	412.382	5.13332
NM_001242783.2	3297	3069.29	249.592	3.65961
NM_001242784.3	9228	9000.29	127.579	0.637916
NM_001242785.2	8405	8177.29	0	0
NM_001242786.2	3449	3221.29	31.2344	0.43636
NM_001242787.2	3383	3155.29	0	0
NM_001242788.2	3590	3362.29	0	0
NM_001242789.2	2861	2633.29	161.756	2.76442
NM_001242790.2	1175	947.293	13.5686	0.644603
NM_001242792.2	4422	4194.29	0	0
NM_001242793.2	4143	3915.29	0	0
NM_001242794.2	3312	3084.29	0	0
NM_001242795.2	8226	7998.29	0	0
NM_001242796.2	2921	2693.29	2342.94	39.149
NM_001242797.2	4886	4658.29	40.4868	0.391137
NM_001242798.2	4741	4513.29	0	0
NM_001242799.2	4722	4494.29	0	0
NM_001242800.2	3082	2854.29	0	0
NM_001242801.2	3273	3045.29	26.8623	0.396969
NM_001242802.2	3345	3117.29	14.639	0.211337
NM_001242803.2	2315	2087.29	26.956	0.581184
NM_001242805.2	3430	3202.29	0	0
NM_001242806.2	3373	3145.29	0	0
NM_001242807.2	3029	2801.29	0	0
NM_001242808.2	3223	2995.29	0	0
NM_001242809.2	5368	5140.29	19.4037	0.169878
NM_001242810.2	3717	3489.29	0	0
NM_001242811.1	5738	5510.29	0	0
NM_001242813.1	5250	5022.29	0	0
NM_001242814.1	4961	4733.29	0	0
NM_001242816.2	3590	3362.29	61.6671	0.825392
NM_001242817.2	3486	3258.29	156.656	2.16371
NM_001242818.2	3620	3392.29	55.5683	0.737184
NM_001242819.1	3524	3296.29	0	0
NM_001242820.2	3860	3632.29	0	0
NM_001242821.2	795	567.487	403.644	32.01
NM_001242822.2	889	661.427	32.8307	2.23378
NM_001242823.2	5427	5199.29	1.36697e-05	1.18319e-07
NM_001242824.2	1240	1012.29	850.924	37.8291
NM_001242825.2	1077	849.293	30.1478	1.5975
NM_001242826.2	5541	5313.29	57.4942	0.486971
NM_001242827.1	4382	4154.29	0	0
NM_001242828.2	2846	2618.29	62.0698	1.06685
NM_001242829.2	4859	4631.29	0	0
NM_001242830.2	2640	2412.29	125.179	2.3353
NM_001242831.2	604	378.687	53.5704	6.36629
NM_001242832.2	2689	2461.29	40.6372	0.743024
NM_001242833.2	3259	3031.29	0	0
NM_001242834.2	3223	2995.29	0	0
NM_001242835.2	3208	2980.29	0	0
NM_001242836.2	3169	2941.29	67.3205	1.03003
NM_001242837.2	4590	4362.29	0	0
NM_001242839.1	930	702.293	34.5205	2.21208
NM_001242840.3	849	621.427	451.005	32.6613
NM_001242841.2	3198	2970.29	16.2884	0.246786
NM_001242842.2	3120	2892.29	67.4916	1.05015
NM_001242843.2	3051	2823.29	50.5954	0.806488
NM_001242844.2	2526	2298.29	31.8271	0.62321
NM_001242845.2	2475	2247.29	27.2742	0.546179
NM_001242846.2	2388	2160.29	73.1569	1.524
NM_001242847.2	2417	2189.29	66.0577	1.35788
NM_001242848.2	2247	2019.29	196.89	4.38801
NM_001242849.2	2289	2061.29	199.816	4.36248
NM_001242850.2	2119	1891.29	116.086	2.76226
NM_001242851.1	2103	1875.29	0	0
NM_001242852.2	2506	2278.29	41.1113	0.81207
NM_001242853.1	213	65.3686	0	0
NM_001242854.3	1862	1634.29	145.803	4.01493
NM_001242855.3	1622	1394.29	71.5574	2.30963
NM_001242856.3	1503	1275.29	39.1538	1.38167
NM_001242857.3	4378	4150.29	0.00964031	0.000104533
NM_001242858.3	4321	4093.29	0	0
NM_001242859.3	4369	4141.29	0	0
NM_001242860.3	4580	4352.29	0	0
NM_001242861.3	4472	4244.29	19.8336	0.210299
NM_001242862.3	4233	4005.29	0	0
NM_001242863.3	3408	3180.29	0	0
NM_001242864.3	1939	1711.29	0	0
NM_001242865.3	4092	3864.29	364.386	4.24359
NM_001242866.3	3326	3098.29	1213.11	17.6206
NM_001242867.2	1826	1598.29	0	0
NM_001242868.2	3009	2781.29	0	0
NM_001242869.2	2046	1818.29	0	0
NM_001242870.2	1896	1668.29	0	0
NM_001242871.2	2322	2094.29	0	0
NM_001242874.3	2036	1808.29	0	0
NM_001242875.3	8627	8399.29	0	0
NM_001242876.3	8417	8189.29	0.0156733	8.61304e-05
NM_001242877.3	8354	8126.29	26.8834	0.148879
NM_001242878.3	8222	7994.29	0.00694255	3.90824e-05
NM_001242879.3	8222	7994.29	0	0
NM_001242881.2	2559	2331.29	0	0
NM_001242882.2	2515	2287.29	968.259	19.0507
NM_001242883.2	2229	2001.29	48.1978	1.08382
NM_001242884.2	2535	2307.29	38.6558	0.753971
NM_001242886.2	1835	1607.29	0	0
NM_001242887.2	1805	1577.29	0	0
NM_001242888.2	1715	1487.29	0	0
NM_001242889.2	1670	1442.29	0	0
NM_001242890.2	1389	1161.29	0	0
NM_001242891.2	4244	4016.29	0.0943343	0.00105703
NM_001242892.2	3710	3482.29	118.779	1.53503
NM_001242893.2	3617	3389.29	1033.23	13.7192
NM_001242894.2	4804	4576.29	0	0
NM_001242895.2	4223	3995.29	8.6479	0.0974102
NM_001242896.3	6554	6326.29	0	0
NM_001242897.2	5119	4891.29	0.108621	0.000999384
NM_001242898.2	4094	3866.29	1045.6	12.1706
NM_001242899.2	4016	3788.29	0	0
NM_001242900.2	4012	3784.29	39.9888	0.47555
NM_001242902.1	4048	3820.29	39.0389	0.459878
NM_001242903.1	4321	4093.29	0	0
NM_001242904.2	3034	2806.29	5.25377	0.084252
NM_001242906.2	2562	2334.29	9.33547	0.179979
NM_001242908.2	2879	2651.29	0	0
NM_001242909.2	2558	2330.29	2.11047	0.0407578
NM_001242910.2	2690	2462.29	0	0
NM_001242911.2	1543	1315.29	1172.62	40.1213
NM_001242912.2	1622	1394.29	0	0
NM_001242913.2	1693	1465.29	0	0
NM_001242914.2	1701	1473.29	0	0
NM_001242915.2	1495	1267.29	295.594	10.4969
NM_001242916.2	1658	1430.29	118.855	3.7397
NM_001242917.2	1551	1323.29	32.6953	1.11191
NM_001242918.2	1429	1201.29	5.20362	0.194939
NM_001242919.1	1504	1276.29	3.66595	0.129264
NM_001242920.2	1604	1376.29	6.46508	0.2114
NM_001242921.1	1727	1499.29	26.8371	0.805547
NM_001242922.2	1298	1070.29	0	0
NM_001242923.2	2525	2297.29	16.2113	0.317573
NM_001242924.2	2792	2564.29	60.0751	1.05431
NM_001242925.2	3340	3112.29	1.65031	0.0238631
NM_001242926.2	2482	2254.29	887.684	17.7211
NM_001242927.2	2404	2176.29	19.8734	0.410957
NM_001242928.2	2716	2488.29	9.34076	0.168936
NM_001242929.2	2165	1937.29	74.3227	1.72651
NM_001242932.2	2016	1788.29	4.05869	0.102138
NM_001242933.2	7740	7512.29	16.7663	0.10044
NM_001242935.3	2596	2368.29	0	0
NM_001242936.1	1627	1399.29	3	0.0964839
NM_001242939.2	3039	2811.29	0	0
NM_001242946.2	2306	2078.29	32.2401	0.698123
NM_001242948.2	2079	1851.29	0	0
NM_001242956.1	4272	4044.29	90.6294	1.00848
NM_001242957.3	3942	3714.29	0	0
NM_001242992.2	2933	2705.29	39.3638	0.654824
NM_001243.5	3760	3532.29	9	0.114664
NM_001243007.2	4438	4210.29	0	0
NM_001243013.2	3295	3067.29	56.6867	0.831703
NM_001243014.2	2400	2172.29	14.8453	0.307549
NM_001243027.3	5213	4985.29	0	0
NM_001243028.3	5120	4892.29	708.379	6.51622
NM_001243036.2	1775	1547.29	0	0
NM_001243042.1	1586	1358.29	5599.56	185.525
NM_001243076.3	4490	4262.29	412.827	4.3588
NM_001243077.2	4430	4202.29	0	0
NM_001243078.2	4364	4136.29	1.00024	0.0108827
NM_001243079.2	2520	2292.29	2.07467	0.0407305
NM_001243080.2	2032	1804.29	2	0.0498844
NM_001243081.2	2146	1918.29	0	0
NM_001243084.2	3865	3637.29	776.512	9.60754
NM_001243088.2	3507	3279.29	2.33319	0.0320193
NM_001243089.2	3504	3276.29	2.47576	0.034007
NM_001243093.2	4789	4561.29	0	0
NM_001243094.2	955	727.293	12.7522	0.789077
NM_001243099.2	5654	5426.29	0	0
NM_001243101.2	19952	19724.3	0	0
NM_001243108.2	3410	3182.29	298.853	4.2263
NM_001243116.2	1023	795.293	14.8993	0.843103
NM_001243120.2	3468	3240.29	78.2861	1.08728
NM_001243121.2	4688	4460.29	0	0
NM_001243126.1	1956	1728.29	0	0
NM_001243127.3	6208	5980.29	0.529395	0.00398382
NM_001243131.1	4358	4130.29	220.44	2.40188
NM_001243133.2	4187	3959.29	2.99004	0.0339861
NM_001243135.2	2511	2283.29	0	0
NM_001243136.2	2479	2251.29	8.4131	0.168177
NM_001243137.2	3762	3534.29	1.41665e-08	1.80386e-10
NM_001243142.2	2257	2029.29	0.0478822	0.00106187
NM_001243143.2	2218	1990.29	1278.64	28.9118
NM_001243144.2	2074	1846.29	63.9173	1.55797
NM_001243146.2	2573	2345.29	0	0
NM_001243147.2	2624	2396.29	25.1308	0.471964
NM_001243156.2	3847	3619.29	198.04	2.46247
NM_001243157.2	3481	3253.29	45.1682	0.624816
NM_001243158.2	3342	3114.29	70.5386	1.01932
NM_001243159.2	3814	3586.29	368.657	4.62615
NM_001243160.2	3659	3431.29	103.191	1.3534
NM_001243168.2	1064	836.293	0	0
NM_001243169.2	944	716.293	0	0
NM_001243170.2	698	470.947	0	0
NM_001243177.4	1640	1412.29	351.576	11.2031
NM_001243182.2	6265	6037.29	0	0
NM_001243186.2	2703	2475.29	244.5	4.44523
NM_001243193.2	1059	831.293	0	0
NM_001243194.2	3151	2923.29	575.533	8.86014
NM_001243195.2	995	767.293	7.59781	0.445625
NM_001243197.2	922	694.293	44.9921	2.91633
NM_001243198.3	7856	7628.29	36.5184	0.21544
NM_001243202.2	3544	3316.29	0	0
NM_001243203.2	3485	3257.29	245.791	3.39588
NM_001243204.2	1574	1346.29	0	0
NM_001243211.2	1103	875.293	0	0
NM_001243212.2	1085	857.293	2	0.104989
NM_001243224.1	1992	1764.29	0	0
NM_001243225.2	2250	2022.29	115.907	2.57935
NM_001243226.3	8232	8004.29	0	0
NM_001243227.2	8309	8081.29	242.942	1.35289
NM_001243228.2	8419	8191.29	21.8484	0.120035
NM_001243230.2	7927	7699.29	98.7578	0.577249
NM_001243231.2	7903	7675.29	44.4412	0.260575
NM_001243232.1	7788	7560.29	32.6262	0.194209
NM_001243233.2	7668	7440.29	0	0
NM_001243234.2	7489	7261.29	328.521	2.03606
NM_001243235.2	7477	7249.29	325.489	2.02062
NM_001243236.2	7550	7322.29	42.7043	0.262462
NM_001243237.3	684	457.134	0	0
NM_001243241.1	2993	2765.29	0	0
NM_001243242.1	2690	2462.29	0	0
NM_001243243.1	2592	2364.29	0	0
NM_001243244.1	2581	2353.29	5.01366	0.0958784
NM_001243245.3	1398	1170.29	0	0
NM_001243246.2	3010	2782.29	264.659	4.28082
NM_001243247.2	3265	3037.29	138.91	2.05821
NM_001243248.2	3328	3100.29	0	0
NM_001243249.2	3360	3132.29	620.205	8.91076
NM_001243251.2	2031	1803.29	0	0
NM_001243252.2	1592	1364.29	0	0
NM_001243253.2	4039	3811.29	177.933	2.10101
NM_001243254.2	4957	4729.29	295.647	2.81332
NM_001243256.2	3396	3168.29	0	0
NM_001243259.2	2243	2015.29	22.4778	0.501947
NM_001243266.2	1363	1135.29	0	0
NM_001243270.2	6360	6132.29	0	0
NM_001243271.2	4495	4267.29	0	0
NM_001243279.3	4095	3867.29	0	0
NM_001243280.2	4662	4434.29	4525.89	45.9327
NM_001243281.2	2750	2522.29	88.9007	1.58618
NM_001243283.2	1773	1545.29	46.0411	1.34084
NM_001243286.2	5171	4943.29	0	0
NM_001243288.2	2859	2631.29	0.0162148	0.000277322
NM_001243299.2	3688	3460.29	68.9178	0.896316
NM_001243313.2	4810	4582.29	83.0805	0.81594
NM_001243325.2	6046	5818.29	0	0
NM_001243327.2	6834	6606.29	31.2438	0.212838
NM_001243328.3	2366	2138.29	11.5976	0.244086
NM_001243332.2	3843	3615.29	317.316	3.94995
NM_001243333.2	3711	3483.29	15.7838	0.203922
NM_001243342.2	3543	3315.29	9.15819	0.124317
NM_001243349.2	4992	4764.29	125.884	1.18909
NM_001243351.2	3109	2881.29	306.602	4.78883
NM_001243372.2	6554	6326.29	0	0
NM_001243374.2	6182	5954.29	95.1109	0.718856
NM_001243385.2	5301	5073.29	8.06905	0.0715772
NM_001243386.2	5248	5020.29	7.9862	0.0715901
NM_001243392.2	1117	889.293	0	0
NM_001243399.2	971	743.293	0	0
NM_001243403.2	2939	2711.29	10.1606	0.168649
NM_001243423.2	1342	1114.29	151.403	6.11471
NM_001243425.2	714	486.852	35.0254	3.23764
NM_001243428.1	5139	4911.29	1503.09	13.773
NM_001243429.1	4703	4475.29	49.0304	0.493045
NM_001243432.2	1606	1378.29	4.88689	0.159563
NM_001243438.2	4813	4585.29	48.8681	0.479624
NM_001243439.2	8255	8027.29	0	0
NM_001243466.2	2821	2593.29	0	0
NM_001243467.2	2189	1961.29	0	0
NM_001243474.2	2835	2607.29	27.2635	0.470581
NM_001243476.3	6230	6002.29	0	0
NM_001243491.2	1464	1236.29	2.24002	0.0815403
NM_001243505.2	4724	4496.29	0	0
NM_001243506.2	4797	4569.29	0	0
NM_001243507.2	5623	5395.29	0	0
NM_001243509.2	5714	5486.29	0	0
NM_001243510.3	5255	5027.29	0	0
NM_001243511.3	5137	4909.29	0	0
NM_001243512.1	5279	5051.29	0	0
NM_001243513.1	5299	5071.29	0	0
NM_001243514.2	5452	5224.29	0	0
NM_001243515.2	5490	5262.29	0	0
NM_001243518.2	5344	5116.29	0	0
NM_001243519.2	5494	5266.29	0	0
NM_001243526.2	1278	1050.29	0.000320628	1.37383e-05
NM_001243532.2	4280	4052.29	134.871	1.49782
NM_001243533.2	4304	4076.29	46.2573	0.51069
NM_001243535.2	1483	1255.29	2.25612e-08	8.08834e-10
NM_001243536.2	1464	1236.29	27.1924	0.989848
NM_001243539.2	1697	1469.29	0	0
NM_001243540.2	2091	1863.29	0	0
NM_001243541.2	2152	1924.29	0	0
NM_001243564.2	3186	2958.29	59.9951	0.912676
NM_001243565.2	3171	2943.29	8.62413	0.131863
NM_001243571.2	4762	4534.29	257.498	2.55568
NM_001243597.2	8113	7885.29	0	0
NM_001243598.4	767	539.541	0	0
NM_001243609.1	3659	3431.29	0	0
NM_001243610.1	3431	3203.29	0	0
NM_001243611.1	3828	3600.29	0	0
NM_001243612.1	3516	3288.29	1.63928	0.0224349
NM_001243613.1	3596	3368.29	5.73837	0.0766692
NM_001243645.2	4409	4181.29	116.354	1.25231
NM_001243646.2	3491	3263.29	22.206	0.306237
NM_001243650.2	5521	5293.29	438.79	3.73055
NM_001243657.2	1190	962.293	4.99855	0.233765
NM_001243658.2	1350	1122.29	0	0
NM_001243659.2	943	715.293	19.8193	1.24694
NM_001243660.2	1051	823.293	0	0
NM_001243661.2	937	709.293	5.53324	0.351072
NM_001243689.2	2145	1917.29	77.9147	1.82883
NM_001243702.2	3372	3144.29	117.05	1.67529
NM_001243704.2	3339	3111.29	0	0
NM_001243718.2	3014	2786.29	7.68673	0.124153
NM_001243719.2	2865	2637.29	27.2012	0.464164
NM_001243721.2	1161	933.293	0	0
NM_001243722.3	1468	1240.29	0	0
NM_001243723.2	1659	1431.29	26.1778	0.823089
NM_001243725.2	1579	1351.29	0.228393	0.00760633
NM_001243726.2	1363	1135.29	7.76338	0.307741
NM_001243727.3	1098	870.293	4.85701	0.251157
NM_001243728.1	1710	1482.29	474.739	14.4133
NM_001243730.2	2591	2363.29	113.03	2.15237
NM_001243731.2	2442	2214.29	13.9064	0.282632
NM_001243732.2	2552	2324.29	94.0037	1.8201
NM_001243733.2	1704	1476.29	534.944	16.3071
NM_001243736.1	4259	4031.29	53.2628	0.594596
NM_001243737.2	2895	2667.29	1.87867	0.0316972
NM_001243738.2	2699	2471.29	47.8573	0.871498
NM_001243740.3	2258	2030.29	4.64437	0.102946
NM_001243743.2	4534	4306.29	124.504	1.30113
NM_001243744.2	2711	2483.29	46.6868	0.846074
NM_001243745.3	1180	952.293	32.0417	1.51421
NM_001243746.2	4914	4686.29	107.24	1.02984
NM_001243747.2	3202	2974.29	20.8838	0.315987
NM_001243749.2	1784	1556.29	500.474	14.4721
NM_001243750.2	745	517.701	119.895	10.4223
NM_001243751.2	1531	1303.29	610.563	21.0829
NM_001243752.2	1907	1679.29	22.5912	0.605417
NM_001243753.2	1528	1300.29	0	0
NM_001243754.2	1311	1083.29	96.554	4.01113
NM_001243755.2	1346	1118.29	26.3058	1.05861
NM_001243756.2	3786	3558.29	1802.68	22.7991
NM_001243759.2	2882	2654.29	0	0
NM_001243763.2	692	465.041	0	0
NM_001243764.2	6238	6010.29	0	0
NM_001243765.2	7015	6787.29	3.90515	0.0258931
NM_001243766.2	2934	2706.29	0	0
NM_001243767.2	4331	4103.29	166.481	1.82589
NM_001243768.2	1530	1302.29	16.3275	0.564227
NM_001243770.2	924	696.293	42.0435	2.71737
NM_001243771.2	1897	1669.29	80.3424	2.16598
NM_001243772.2	1520	1292.29	6.15915	0.214488
NM_001243773.2	3569	3341.29	14.9627	0.20153
NM_001243774.2	3532	3304.29	12.893	0.175597
NM_001243775.2	3981	3753.29	438.48	5.25751
NM_001243776.2	3185	2957.29	156.894	2.38756
NM_001243777.2	3063	2835.29	58.1382	0.922796
NM_001243778.2	5752	5524.29	65.6264	0.534618
NM_001243779.2	5836	5608.29	0	0
NM_001243780.2	6267	6039.29	0	0
NM_001243781.2	5784	5556.29	42.3668	0.343149
NM_001243782.2	5735	5507.29	11.5799	0.0946259
NM_001243783.3	1932	1704.29	123.112	3.25086
NM_001243784.2	4177	3949.29	0	0
NM_001243785.2	2583	2355.29	0	0
NM_001243786.2	2777	2549.29	0	0
NM_001243787.2	2681	2453.29	0	0
NM_001243788.2	2597	2369.29	16.8856	0.32073
NM_001243789.2	2139	1911.29	7.00707	0.164988
NM_001243790.2	2058	1830.29	0	0
NM_001243791.2	1741	1513.29	0	0
NM_001243794.2	15957	15729.3	0	0
NM_001243795.2	15971	15743.3	214.436	0.612978
NM_001243797.2	2866	2638.29	35.3084	0.602279
NM_001243798.2	2917	2689.29	9.36955	0.156792
NM_001243799.1	4026	3798.29	136.678	1.6194
NM_001243804.2	2711	2483.29	11.897	0.215602
NM_001243812.2	9605	9377.29	3	0.0143975
NM_001243835.2	2775	2547.29	0	0
NM_001243876.2	2276	2048.29	20.5684	0.451909
NM_001243877.2	2224	1996.29	0	0
NM_001243878.2	1480	1252.29	169.319	6.08472
NM_001243879.2	4044	3816.29	360.322	4.24904
NM_001243885.2	2035	1807.29	70.0265	1.74372
NM_001243891.2	2235	2007.29	22.2139	0.498031
NM_001243892.2	2181	1953.29	77.4837	1.78519
NM_001243894.2	2148	1920.29	26.526	0.621652
NM_001243895.2	2261	2033.29	19.2814	0.426756
NM_001243900.3	6217	5989.29	360.34	2.70757
NM_001243925.2	2537	2309.29	469.083	9.14141
NM_001243926.2	3021	2793.29	0	0
NM_001243936.2	1796	1568.29	8.46306	0.242853
NM_001243940.1	1680	1452.29	0	0
NM_001243941.1	1872	1644.29	36.0983	0.987985
NM_001243942.1	1905	1677.29	0	0
NM_001243947.2	479	260.887	0	0
NM_001243952.2	8047	7819.29	13.2765	0.0764114
NM_001243953.2	7787	7559.29	1606.36	9.56324
NM_001243960.2	8441	8213.29	0	0
NM_001243961.2	1629	1401.29	0	0
NM_001243962.1	1638	1410.29	0	0
NM_001243963.2	4902	4674.29	0	0
NM_001243965.1	1233	1005.29	0.000331286	1.48304e-05
NM_001243974.2	2221	1993.29	0	0
NM_001243975.2	2164	1936.29	909.435	21.137
NM_001243984.2	2310	2082.29	17.7109	0.382772
NM_001243985.2	2208	1980.29	9.29666	0.211271
NM_001243996.4	15553	15325.3	0	0
NM_001243998.2	3577	3349.29	5.37331	0.072199
NM_001243999.2	3788	3560.29	0	0
NM_001244.4	3779	3551.29	0	0
NM_001244000.2	3757	3529.29	0	0
NM_001244008.2	9131	8903.29	0	0
NM_001244014.2	2711	2483.29	19.7805	0.358469
NM_001244015.2	2418	2190.29	0	0
NM_001244038.2	2477	2249.29	19.436	0.388869
NM_001244071.2	3216	2988.29	0	0
NM_001244072.2	3650	3422.29	0	0
NM_001244134.1	2782	2554.29	29.3541	0.517179
NM_001244189.2	8485	8257.29	0	0
NM_001244190.2	8243	8015.29	0	0
NM_001244191.2	8051	7823.29	1.77393	0.0102044
NM_001244192.2	8174	7946.29	34.0256	0.192701
NM_001244193.2	4326	4098.29	91.2595	1.00211
NM_001244249.2	1448	1220.29	162.62	5.99727
NM_001244262.2	2676	2448.29	1447.13	26.6003
NM_001244364.2	5199	4971.29	54.0507	0.489299
NM_001244390.2	750	522.701	14.4403	1.24327
NM_001244438.2	1471	1243.29	0	0
NM_001244567.1	2128	1900.29	0	0
NM_001244569.1	2006	1778.29	20.8477	0.527589
NM_001244570.1	1936	1708.29	64.8278	1.70782
NM_001244572.1	2254	2026.29	3.76147	0.0835406
NM_001244580.2	12633	12405.3	213.417	0.77422
NM_001244583.2	6301	6073.29	0	0
NM_001244584.3	2539	2311.29	600.427	11.6909
NM_001244585.2	2355	2127.29	112.959	2.38967
NM_001244604.2	4278	4050.29	140.095	1.55661
NM_001244606.2	1590	1362.29	117.994	3.8979
NM_001244638.2	6875	6647.29	2267.73	15.3529
NM_001244644.2	2498	2270.29	14.2879	0.283224
NM_001244664.2	1757	1529.29	103.413	3.04318
NM_001244666.3	1795	1567.29	24.1679	0.693954
NM_001244676.2	2104	1876.29	0	0
NM_001244678.2	1500	1272.29	0	0
NM_001244682.2	2906	2678.29	6.00674	0.100931
NM_001244683.2	10820	10592.3	396.854	1.6861
NM_001244698.2	2649	2421.29	147.176	2.73547
NM_001244701.1	3212	2984.29	24.3651	0.367426
NM_001244705.2	2614	2386.29	100.244	1.89051
NM_001244706.2	1740	1512.29	60.2014	1.79148
NM_001244710.2	8665	8437.29	124.4	0.66353
NM_001244713.1	3852	3624.29	43.4888	0.540003
NM_001244714.2	1694	1466.29	0	0
NM_001244724.2	3777	3549.29	54.9523	0.696765
NM_001244734.2	4387	4159.29	0	0
NM_001244735.2	666	439.629	12.8778	1.31825
NM_001244753.2	2103	1875.29	0	0
NM_001244764.2	2467	2239.29	0	0
NM_001244766.2	7042	6814.29	252.061	1.66467
NM_001244767.2	2040	1812.29	22.2854	0.553393
NM_001244808.3	7174	6946.29	994.92	6.44581
NM_001244810.2	7136	6908.29	23.9023	0.155708
NM_001244812.3	6510	6282.29	23.6109	0.169136
NM_001244813.3	6392	6164.29	2941.66	21.4759
NM_001244814.3	6808	6580.29	57.3496	0.392218
NM_001244815.2	6482	6254.29	1.01177e-06	7.28024e-09
NM_001244816.2	7004	6776.29	0	0
NM_001244846.1	4072	3844.29	13.9514	0.163322
NM_001244847.2	384	178.976	0	0
NM_001244856.2	1263	1035.29	0	0
NM_001244871.2	4282	4054.29	818.373	9.08402
NM_001244883.2	1371	1143.29	148.658	5.85158
NM_001244888.2	2216	1988.29	1.77657e-06	4.0211e-08
NM_001244889.2	6808	6580.29	223.103	1.52582
NM_001244892.2	451	235.213	0	0
NM_001244896.2	7742	7514.29	237.173	1.42043
NM_001244897.2	4302	4074.29	0	0
NM_001244898.1	8009	7781.29	0	0
NM_001244926.2	2897	2669.29	2742.89	46.2438
NM_001244937.3	4625	4397.29	0	0
NM_001244938.2	677	450.406	3.80475	0.380158
NM_001244944.2	6984	6756.29	419.205	2.79229
NM_001244945.2	2465	2237.29	0.400392	0.00805388
NM_001244946.2	2267	2039.29	7.15789	0.15796
NM_001244949.2	6372	6144.29	2215.8	16.2293
NM_001244950.2	5224	4996.29	6	0.0540438
NM_001244959.2	2051	1823.29	0	0
NM_001244960.2	5068	4840.29	0	0
NM_001244961.2	1395	1167.29	0	0
NM_001244962.2	943	715.293	0	0
NM_001244963.2	11669	11441.3	0	0
NM_001244972.2	5622	5394.29	546.253	4.55724
NM_001244973.2	5619	5391.29	6276.42	52.3915
NM_001244974.2	1521	1293.29	145.349	5.05774
NM_001244984.2	1651	1423.29	0	0
NM_001244990.2	5477	5249.29	22.7767	0.195268
NM_001244992.1	5311	5083.29	1999.39	17.7008
NM_001244995.2	2182	1954.29	0	0
NM_001245.7	3647	3419.29	0	0
NM_001245002.2	8029	7801.29	952.162	5.49271
NM_001245004.2	7875	7647.29	4392.07	25.8466
NM_001245005.2	7847	7619.29	2063.9	12.1904
NM_001245025.3	655	428.76	0	0
NM_001246.4	2033	1805.29	0	0
NM_001247.5	4104	3876.29	263.911	3.06396
NM_001247987.2	5383	5155.29	0	0
NM_001247988.1	3382	3154.29	0.594197	0.00847755
NM_001247989.2	3645	3417.29	5.84006	0.076909
NM_001247990.2	3535	3307.29	43.771	0.595602
NM_001247994.3	6733	6505.29	0	0
NM_001247996.2	6361	6133.29	1067.18	7.83046
NM_001247997.2	5978	5750.29	340.85	2.66757
NM_001247999.2	1520	1292.29	0	0
NM_001248.4	2916	2688.29	1	0.0167404
NM_001248000.2	2635	2407.29	79.4028	1.48439
NM_001248001.2	2546	2318.29	241.583	4.68964
NM_001248002.3	6860	6632.29	392.187	2.66117
NM_001248003.3	6791	6563.29	357.21	2.44931
NM_001248004.3	6758	6530.29	2267.73	15.6279
NM_001248005.3	6682	6454.29	70.2059	0.489517
NM_001248006.2	3045	2817.29	0	0
NM_001248007.2	2665	2437.29	55.5476	1.02565
NM_001248008.1	7199	6971.29	469.05	3.02794
NM_001248011.2	2724	2496.29	21.2273	0.382685
NM_001249.5	5261	5033.29	398.139	3.55979
NM_001250.6	1682	1454.29	31.8121	0.984424
NM_001251.3	1705	1477.29	2455.71	74.8089
NM_001251825.2	7536	7308.29	312.223	1.92261
NM_001251828.2	2671	2443.29	2.63719e-05	4.85745e-07
NM_001251829.2	1438	1210.29	0	0
NM_001251830.2	1750	1522.29	0	0
NM_001251845.2	4561	4333.29	0	0
NM_001251851.2	4553	4325.29	0	0
NM_001251852.2	4375	4147.29	0	0
NM_001251853.2	4337	4109.29	0.00177414	1.94296e-05
NM_001251855.2	4316	4088.29	1.9934	0.0219429
NM_001251874.4	1374	1146.29	94.3464	3.70401
NM_001251877.2	1553	1325.29	5.34965	0.181658
NM_001251882.2	3162	2934.29	0	0
NM_001251883.2	2391	2163.29	0	0
NM_001251884.2	2645	2417.29	0	0
NM_001251885.2	2708	2480.29	0	0
NM_001251888.2	2046	1818.29	24.9249	0.616896
NM_001251901.1	2307	2079.29	0	0
NM_001251902.3	2776	2548.29	0	0
NM_001251904.2	3189	2961.29	14.4667	0.219852
NM_001251905.2	3085	2857.29	57.9167	0.912202
NM_001251917.2	13261	13033.3	17.025	0.0587862
NM_001251918.2	13252	13024.3	51.642	0.17844
NM_001251921.2	13321	13093.3	18.717	0.0643324
NM_001251922.2	13237	13009.3	24.9865	0.0864357
NM_001251934.2	1879	1651.29	10.6328	0.289779
NM_001251935.2	1920	1692.29	0	0
NM_001251962.2	5252	5024.29	0	0
NM_001251963.2	5084	4856.29	35.3891	0.327949
NM_001251964.2	2603	2375.29	2.37475	0.0449928
NM_001251967.2	2599	2371.29	0	0
NM_001251969.2	1171	943.293	10.7886	0.514709
NM_001251971.2	7850	7622.29	4.27163	0.0252203
NM_001251973.2	3240	3012.29	0	0
NM_001251974.2	3416	3188.29	23	0.324647
NM_001251977.2	6830	6602.29	368.935	2.51476
NM_001251978.1	2668	2440.29	477.221	8.80076
NM_001251979.2	6668	6440.29	46.6052	0.325665
NM_001251980.1	2503	2275.29	0	0
NM_001251981.2	6656	6428.29	0	0
NM_001251982.1	2361	2133.29	19.9557	0.420976
NM_001251983.2	6609	6381.29	25.4999	0.179834
NM_001251984.2	6414	6186.29	18.3067	0.133175
NM_001251985.1	2187	1959.29	0	0
NM_001251987.2	4606	4378.29	0	0
NM_001251989.2	1131	903.293	648.624	32.3152
NM_001251990.2	1055	827.293	22.0446	1.19918
NM_001251991.1	1051	823.293	26.8107	1.46554
NM_001252.5	911	683.293	5.16894	0.340437
NM_001252006.1	4013	3785.29	140.262	1.66757
NM_001252007.1	4847	4619.29	187.49	1.82661
NM_001252008.2	5208	4980.29	7.12555	0.0643881
NM_001252010.2	5086	4858.29	0	0
NM_001252018.2	1234	1006.29	55.4813	2.48121
NM_001252020.2	5887	5659.29	0	0
NM_001252021.2	1231	1003.29	0	0
NM_001252023.2	1106	878.293	0	0
NM_001252024.2	5787	5559.29	0	0
NM_001252030.2	986	758.293	0	0
NM_001252036.2	5263	5035.29	0	0
NM_001252037.2	5150	4922.29	63.8073	0.583372
NM_001252039.2	1856	1628.29	14.3858	0.397597
NM_001252043.2	4598	4370.29	77.3892	0.796915
NM_001252049.1	1704	1476.29	0.00189701	5.78282e-05
NM_001252050.1	1646	1418.29	45.9341	1.45751
NM_001252051.1	1646	1418.29	29.6356	0.940351
NM_001252052.1	1599	1371.29	0.000816062	2.67815e-05
NM_001252053.1	1065	837.293	1572.63	84.5261
NM_001252065.2	6606	6378.29	104.606	0.738066
NM_001252073.2	1781	1553.29	128.793	3.73147
NM_001252075.2	1775	1547.29	61.7132	1.79493
NM_001252076.2	1748	1520.29	0.000683413	2.02301e-05
NM_001252078.2	14971	14743.3	629.17	1.92051
NM_001252079.2	2220	1992.29	364.03	8.22292
NM_001252090.2	4069	3841.29	68.6947	0.8048
NM_001252091.1	4398	4170.29	0	0
NM_001252092.2	3881	3653.29	0	0
NM_001252093.2	3887	3659.29	0	0
NM_001252100.2	9950	9722.29	0	0
NM_001252102.2	9334	9106.29	74.6225	0.368783
NM_001252103.2	9295	9067.29	40.3775	0.200403
NM_001252119.2	4561	4333.29	34.0582	0.353709
NM_001252120.2	4968	4740.29	0	0
NM_001252122.2	4435	4207.29	0	0
NM_001252124.2	5170	4942.29	19.3435	0.176136
NM_001252127.2	6766	6538.29	172.796	1.18935
NM_001252129.2	1662	1434.29	16.6672	0.522959
NM_001252148.2	5330	5102.29	172.495	1.52144
NM_001252150.2	2065	1837.29	69.4527	1.70119
NM_001252151.2	4845	4617.29	281.67	2.74534
NM_001252152.2	4833	4605.29	129.977	1.27014
NM_001252156.2	5401	5173.29	253.615	2.20623
NM_001252195.2	625	399.259	0	0
NM_001252197.1	2075	1847.29	0	0
NM_001252204.2	5289	5061.29	0	0
NM_001252216.2	1784	1556.29	0	0
NM_001252226.2	2744	2516.29	15.9555	0.285359
NM_001252231.2	2737	2509.29	101.635	1.82278
NM_001252269.2	2401	2173.29	0	0
NM_001252270.2	2359	2131.29	11.3304	0.239246
NM_001252271.2	2639	2411.29	0	0
NM_001252273.2	813	585.487	87.7584	6.7455
NM_001252274.3	3151	2923.29	0	0
NM_001252275.3	2653	2425.29	0	0
NM_001252290.1	1526	1298.29	0	0
NM_001252294.2	1862	1634.29	1.93231	0.0532094
NM_001252296.2	4044	3816.29	59.2038	0.698152
NM_001252328.2	5312	5084.29	0	0
NM_001252334.2	2977	2749.29	0	0
NM_001252335.2	7329	7101.29	1.32926e-08	8.42392e-11
NM_001252338.2	6345	6117.29	0	0
NM_001252339.3	6485	6257.29	0	0
NM_001252377.2	781	553.487	4.21398	0.342631
NM_001252383.2	803	575.487	0	0
NM_001252385.2	2887	2659.29	99.6595	1.68653
NM_001252386.2	2698	2470.29	482.401	8.78824
NM_001252390.2	2810	2582.29	0	0
NM_001252391.2	2797	2569.29	0	0
NM_001252392.2	2723	2495.29	0	0
NM_001252393.2	2796	2568.29	389.974	6.83335
NM_001252402.3	992	764.293	9.99745	0.588669
NM_001252404.3	897	669.361	0	0
NM_001252406.3	3846	3618.29	85.199	1.05968
NM_001252499.3	1926	1698.29	1397.05	37.0204
NM_001252500.3	1884	1656.29	58.0351	1.57687
NM_001252507.3	7627	7399.29	6495.72	39.5075
NM_001252511.2	6781	6553.29	234.721	1.61188
NM_001252512.2	6714	6486.29	70.4931	0.489094
NM_001252597.2	636	410.055	0	0
NM_001252598.2	415	204.487	0	0
NM_001252607.2	3118	2890.29	129.323	2.01361
NM_001252608.2	2785	2557.29	12.9396	0.227709
NM_001252612.2	6803	6575.29	14.6383	0.100189
NM_001252613.2	6424	6196.29	0	0
NM_001252617.2	782	554.487	0	0
NM_001252618.2	783	555.487	0	0
NM_001252619.2	774	546.487	1	0.0823498
NM_001252624.2	20905	20677.3	0	0
NM_001252634.2	7665	7437.29	0	0
NM_001252641.2	2483	2255.29	0	0
NM_001252650.2	2329	2101.29	30.1162	0.644995
NM_001252652.2	11704	11476.3	0	0
NM_001252657.2	2119	1891.29	8	0.190359
NM_001252660.2	3625	3397.29	0	0
NM_001252668.2	3305	3077.29	0	0
NM_001252669.2	2985	2757.29	0	0
NM_001252675.2	3626	3398.29	0	0
NM_001252676.2	3502	3274.29	0	0
NM_001252677.2	2388	2160.29	0	0
NM_001252678.2	2420	2192.29	12.4754	0.256093
NM_001253.4	6241	6013.29	3568.21	26.7042
NM_001253357.2	3810	3582.29	0	0
NM_001253379.2	2743	2515.29	34.8913	0.624267
NM_001253380.2	2853	2625.29	162.555	2.78654
NM_001253382.2	2299	2071.29	760.412	16.5215
NM_001253383.3	2221	1993.29	2401.12	54.2108
NM_001253384.2	4033	3805.29	119.747	1.41618
NM_001253387.2	7808	7580.29	0	0
NM_001253388.1	7324	7096.29	0	0
NM_001253389.2	2124	1896.29	5.5976	0.132843
NM_001253676.2	4554	4326.29	80.4766	0.837136
NM_001253693.2	2642	2414.29	0	0
NM_001253697.2	8544	8316.29	214.521	1.16086
NM_001253698.2	8346	8118.29	0	0
NM_001253699.2	8565	8337.29	46.4017	0.250467
NM_001253701.2	8409	8181.29	1016.21	5.58992
NM_001253723.2	5420	5192.29	0	0
NM_001253724.2	5558	5330.29	0	0
NM_001253725.2	1799	1571.29	0	0
NM_001253726.2	1878	1650.29	0	0
NM_001253727.2	3767	3539.29	0	0
NM_001253728.2	3587	3359.29	0	0
NM_001253729.2	3542	3314.29	0	0
NM_001253730.2	3608	3380.29	0	0
NM_001253732.2	3770	3542.29	0	0
NM_001253733.2	3698	3470.29	0	0
NM_001253764.2	1280	1052.29	41.0434	1.75529
NM_001253771.2	6703	6475.29	220.465	1.53222
NM_001253772.2	4472	4244.29	0	0
NM_001253775.2	1131	903.293	28.9451	1.44208
NM_001253790.1	1032	804.293	0	0
NM_001253791.1	839	611.427	0	0
NM_001253792.2	1940	1712.29	98.3251	2.58421
NM_001253793.2	613	387.495	1.08908	0.126484
NM_001253794.2	628	402.259	0	0
NM_001253798.2	4290	4062.29	0	0
NM_001253799.2	4260	4032.29	14.5209	0.162063
NM_001253800.3	4279	4051.29	0	0
NM_001253801.2	4059	3831.29	19.0044	0.22323
NM_001253815.2	1747	1519.29	0	0
NM_001253816.2	1764	1536.29	170.248	4.98712
NM_001253823.2	1168	940.293	26.776	1.28152
NM_001253826.2	2462	2234.29	0	0
NM_001253827.2	2513	2285.29	0	0
NM_001253829.2	4403	4175.29	0	0
NM_001253830.2	4480	4252.29	69.9009	0.739779
NM_001253835.2	1030	802.293	427.231	23.9647
NM_001253837.2	2812	2584.29	0	0
NM_001253845.2	4213	3985.29	0	0
NM_001253846.2	1440	1212.29	0	0
NM_001253849.2	2720	2492.29	0	0
NM_001253850.2	2257	2029.29	0	0
NM_001253852.3	3173	2945.29	421.664	6.44288
NM_001253853.3	3126	2898.29	12.7937	0.198653
NM_001253854.2	2923	2695.29	0	0
NM_001253855.2	2733	2505.29	0	0
NM_001253861.1	830	602.427	21.5262	1.60807
NM_001253866.2	4092	3864.29	514.911	5.99659
NM_001253875.2	2053	1825.29	303.834	7.49111
NM_001253876.2	2228	2000.29	0	0
NM_001253881.2	1277	1049.29	15.2239	0.652937
NM_001253882.2	763	535.541	3.3223	0.279183
NM_001253884.2	5192	4964.29	14.0513	0.12738
NM_001253891.2	2278	2050.29	0	0
NM_001253900.1	2471	2243.29	61.0848	1.22543
NM_001253901.1	2350	2122.29	0.0320813	0.000680281
NM_001253902.1	2302	2074.29	0	0
NM_001253908.2	1186	958.293	0	0
NM_001253909.2	1026	798.293	1.4047	0.0791889
NM_001253912.2	5676	5448.29	8.25778	0.0682095
NM_001253913.2	3342	3114.29	0	0
NM_001253914.2	2988	2760.29	0	0
NM_001253915.2	2538	2310.29	0	0
NM_001254.4	4564	4336.29	1721.8	17.8692
NM_001254717.2	2299	2071.29	21.5301	0.467785
NM_001254718.3	3860	3632.29	0	0
NM_001254719.3	3849	3621.29	0	0
NM_001254720.3	3813	3585.29	0	0
NM_001254721.3	3792	3564.29	0	0
NM_001254722.3	3771	3543.29	0	0
NM_001254723.3	3708	3480.29	0	0
NM_001254726.2	1538	1310.29	0	0
NM_001254727.2	1732	1504.29	0	0
NM_001254728.2	4596	4368.29	0	0
NM_001254729.2	4114	3886.29	0	0
NM_001254732.3	6542	6314.29	122.955	0.876323
NM_001254733.2	4212	3984.29	9.46408	0.106898
NM_001254734.2	2165	1937.29	0	0
NM_001254736.3	1805	1577.29	768.419	21.9244
NM_001254738.1	2807	2579.29	959.783	16.7461
NM_001254740.2	3556	3328.29	0	0
NM_001254748.2	5756	5528.29	0	0
NM_001254749.2	5682	5454.29	0	0
NM_001254750.2	3051	2823.29	0	0
NM_001254751.2	3024	2796.29	0	0
NM_001254752.2	8596	8368.29	81.7334	0.439547
NM_001254753.1	2021	1793.29	64.6503	1.62241
NM_001254755.2	1227	999.293	59.3109	2.67106
NM_001254756.1	1328	1100.29	28.0192	1.14601
NM_001254757.2	1810	1582.29	952.788	27.0989
NM_001254758.2	1724	1496.29	0	0
NM_001254759.2	1963	1735.29	0	0
NM_001254943.2	9526	9298.29	601.921	2.91325
NM_001254949.2	3921	3693.29	28.7518	0.350343
NM_001254952.4	2023	1795.29	3.4892	0.0874647
NM_001255.3	1649	1421.29	9730	308.086
NM_001255975.1	3481	3253.29	0	0
NM_001255976.2	4705	4477.29	0	0
NM_001255978.2	1749	1521.29	46.3809	1.37204
NM_001255979.2	1547	1319.29	0	0
NM_001255980.2	1689	1461.29	39.7447	1.22401
NM_001255981.2	1487	1259.29	0	0
NM_001255982.2	1353	1125.29	0	0
NM_001255983.2	1353	1125.29	0	0
NM_001255984.2	1281	1053.29	0	0
NM_001255985.1	1595	1367.29	7.19622	0.236856
NM_001255986.1	1404	1176.29	0	0
NM_001255987.1	1332	1104.29	0	0
NM_001255988.1	1332	1104.29	0	0
NM_001255989.1	1260	1032.29	0	0
NM_001255995.3	869	641.427	12.8737	0.903227
NM_001256.6	5830	5602.29	1780.92	14.3061
NM_001256006.3	12194	11966.3	11.1813	0.0420509
NM_001256007.3	4569	4341.29	784.254	8.1298
NM_001256008.3	4523	4295.29	534.925	5.60458
NM_001256009.3	4337	4109.29	85.1983	0.933052
NM_001256010.3	4396	4168.29	84.1848	0.908904
NM_001256011.3	4457	4229.29	10.1822	0.108347
NM_001256012.3	7707	7479.29	0	0
NM_001256014.2	1446	1218.29	352.726	13.0295
NM_001256015.2	1488	1260.29	69.8524	2.49432
NM_001256016.2	1374	1146.29	4.3138	0.169358
NM_001256017.2	2210	1982.29	9.06177	0.205725
NM_001256020.2	1702	1474.29	0	0
NM_001256021.2	2859	2631.29	0	0
NM_001256022.2	1277	1049.29	0	0
NM_001256023.2	2023	1795.29	0	0
NM_001256024.2	2777	2549.29	1037.94	18.3229
NM_001256025.3	2687	2459.29	3.71829	0.0680417
NM_001256026.2	2342	2114.29	0	0
NM_001256030.2	1486	1258.29	0	0
NM_001256041.2	4091	3863.29	0	0
NM_001256045.2	4786	4558.29	0	0
NM_001256046.3	4293	4065.29	0	0
NM_001256047.2	4438	4210.29	0	0
NM_001256053.2	6772	6544.29	289.439	1.99038
NM_001256054.3	3338	3110.29	0	0
NM_001256062.2	1963	1735.29	15.5231	0.402576
NM_001256063.2	3318	3090.29	0	0
NM_001256064.2	3282	3054.29	0	0
NM_001256067.2	1614	1386.29	0	0
NM_001256068.2	1467	1239.29	0	0
NM_001256071.3	21079	20851.3	5.96042	0.0128643
NM_001256074.3	2823	2595.29	7.93653	0.137622
NM_001256080.2	2669	2441.29	1	0.0184341
NM_001256090.2	4199	3971.29	0	0
NM_001256091.2	4124	3896.29	20.4494	0.236195
NM_001256092.2	4067	3839.29	815.73	9.56175
NM_001256093.2	4099	3871.29	64.3651	0.748233
NM_001256094.2	1369	1141.29	0	0
NM_001256095.2	7641	7413.29	65.8994	0.400049
NM_001256099.2	1124	896.293	1072.88	53.8696
NM_001256105.1	5599	5371.29	839.375	7.03266
NM_001256106.3	3542	3314.29	0	0
NM_001256109.3	3511	3283.29	0	0
NM_001256111.3	3325	3097.29	0	0
NM_001256113.2	2300	2072.29	0	0
NM_001256114.2	2258	2030.29	0	0
NM_001256119.2	1558	1330.29	100.18	3.38902
NM_001256120.2	1585	1357.29	118.019	3.91309
NM_001256121.2	4341	4113.29	69.4007	0.759305
NM_001256124.2	3318	3090.29	231.228	3.36732
NM_001256125.2	2191	1963.29	1	0.0229222
NM_001256126.2	6828	6600.29	80.164	0.546586
NM_001256127.3	4922	4694.29	0	0
NM_001256128.3	4554	4326.29	0	0
NM_001256129.2	1721	1493.29	55.1498	1.66204
NM_001256134.2	1563	1335.29	0	0
NM_001256135.2	3382	3154.29	131.219	1.87213
NM_001256139.2	1233	1005.29	2860.74	128.064
NM_001256140.2	1205	977.293	30.2269	1.39191
NM_001256141.2	5391	5163.29	0	0
NM_001256153.3	2423	2195.29	0	0
NM_001256154.3	2348	2120.29	0	0
NM_001256155.3	7729	7501.29	508.82	3.0526
NM_001256160.3	3635	3407.29	0	0
NM_001256163.1	4088	3860.29	533.544	6.22002
NM_001256164.1	4376	4148.29	2.41923	0.0262452
NM_001256165.1	4678	4450.29	100.584	1.01714
NM_001256166.2	2361	2133.29	0.841768	0.0177576
NM_001256167.2	3050	2822.29	6.32305	0.100825
NM_001256168.2	3112	2884.29	0	0
NM_001256169.2	722	494.802	25.6841	2.33601
NM_001256171.2	2423	2195.29	5.40163	0.110732
NM_001256172.2	1555	1327.29	331.326	11.2339
NM_001256173.2	2206	1978.29	0	0
NM_001256182.2	9372	9144.29	306.693	1.50937
NM_001256183.2	9298	9070.29	3777.98	18.7448
NM_001256185.2	2424	2196.29	33.5645	0.687752
NM_001256186.2	2149	1921.29	0	0
NM_001256187.2	2161	1933.29	86.2388	2.00746
NM_001256188.2	2274	2046.29	78.8342	1.73376
NM_001256192.2	1506	1278.29	530.448	18.6748
NM_001256196.2	2387	2159.29	178.62	3.72272
NM_001256197.2	1288	1060.29	179.915	7.63632
NM_001256213.2	3466	3238.29	0	0
NM_001256214.2	3590	3362.29	0	0
NM_001256235.1	1829	1601.29	0	0
NM_001256236.1	2071	1843.29	0	0
NM_001256237.1	1967	1739.29	7.63593	0.197575
NM_001256238.1	1875	1647.29	0	0
NM_001256239.2	1768	1540.29	8.52046	0.248944
NM_001256240.2	1780	1552.29	40.3304	1.16923
NM_001256252.2	3055	2827.29	0	0
NM_001256253.2	2917	2689.29	0	0
NM_001256254.2	2689	2461.29	0	0
NM_001256255.2	2581	2353.29	0	0
NM_001256264.2	4646	4418.29	35.5319	0.361915
NM_001256265.2	4016	3788.29	135.686	1.61188
NM_001256266.1	1788	1560.29	0	0
NM_001256267.2	5822	5594.29	27.0683	0.21775
NM_001256268.2	6066	5838.29	7.13148	0.0549713
NM_001256269.2	2130	1902.29	36.2497	0.85757
NM_001256270.1	2296	2068.29	71.0046	1.54496
NM_001256271.2	1811	1583.29	1.12161e-08	3.18802e-10
NM_001256272.2	1992	1764.29	0	0
NM_001256276.2	1278	1050.29	173.204	7.42147
NM_001256277.2	1344	1116.29	1051.82	42.4038
NM_001256278.1	1162	934.293	6.04227	0.291044
NM_001256279.2	17796	17568.3	0	0
NM_001256280.2	17601	17373.3	0	0
NM_001256281.3	1744	1516.29	67.9551	2.01688
NM_001256282.2	1793	1565.29	0	0
NM_001256293.2	1881	1653.29	0	0
NM_001256295.2	4060	3832.29	6.56972	0.077149
NM_001256296.2	1181	953.293	0	0
NM_001256299.3	2695	2467.29	0	0
NM_001256301.1	2774	2546.29	0	0
NM_001256302.2	3881	3653.29	83.252	1.02554
NM_001256303.2	2396	2168.29	16.0975	0.334104
NM_001256304.3	2342	2114.29	27.1249	0.577358
NM_001256305.2	2378	2150.29	0	0
NM_001256306.2	2415	2187.29	2	0.0411496
NM_001256307.2	2512	2284.29	0	0
NM_001256308.2	2325	2097.29	0	0
NM_001256310.2	4488	4260.29	9681.06	102.265
NM_001256312.2	3208	2980.29	0	0
NM_001256313.2	2500	2272.29	0	0
NM_001256314.2	4811	4583.29	0	0
NM_001256316.2	11341	11113.3	0	0
NM_001256317.3	2396	2168.29	0	0
NM_001256321.2	1564	1336.29	0	0
NM_001256322.2	1958	1730.29	0	0
NM_001256323.2	1559	1331.29	0	0
NM_001256324.2	8413	8185.29	0	0
NM_001256325.2	8344	8116.29	0	0
NM_001256326.2	8332	8104.29	0	0
NM_001256327.2	8302	8074.29	0	0
NM_001256328.2	8248	8020.29	0	0
NM_001256329.2	8221	7993.29	0	0
NM_001256330.2	8188	7960.29	0	0
NM_001256331.2	8167	7939.29	0	0
NM_001256332.2	8152	7924.29	0	0
NM_001256333.2	8086	7858.29	0	0
NM_001256334.2	8053	7825.29	0	0
NM_001256335.2	1301	1073.29	80.7679	3.38659
NM_001256336.3	2860	2632.29	14.9462	0.255528
NM_001256337.3	2437	2209.29	0	0
NM_001256338.3	2355	2127.29	163.217	3.45288
NM_001256339.1	3024	2796.29	10.2257	0.164571
NM_001256346.2	5009	4781.29	0	0
NM_001256347.1	4579	4351.29	0	0
NM_001256348.2	4585	4357.29	0	0
NM_001256355.1	3007	2779.29	0	0
NM_001256356.2	2765	2537.29	73.7937	1.30885
NM_001256358.2	2831	2603.29	0	0
NM_001256359.2	8242	8014.29	0	0
NM_001256360.2	8215	7987.29	0	0
NM_001256361.2	8209	7981.29	0	0
NM_001256369.2	2613	2385.29	0	0
NM_001256370.2	2185	1957.29	1	0.0229925
NM_001256371.2	3522	3294.29	54.9958	0.751293
NM_001256372.1	3482	3254.29	215.178	2.97566
NM_001256378.2	4216	3988.29	2859.18	32.2624
NM_001256379.2	4019	3791.29	0	0
NM_001256385.2	1929	1701.29	0	0
NM_001256386.2	1859	1631.29	23.1679	0.639141
NM_001256387.2	1802	1574.29	0	0
NM_001256394.2	4179	3951.29	122.267	1.39256
NM_001256395.2	1913	1685.29	0	0
NM_001256396.2	1863	1635.29	0	0
NM_001256397.3	2799	2571.29	0	0
NM_001256398.3	2683	2455.29	0	0
NM_001256399.2	1598	1370.29	828.431	27.2073
NM_001256400.3	2612	2384.29	21	0.396371
NM_001256401.2	1385	1157.29	45.2273	1.75873
NM_001256402.2	1275	1047.29	433.652	18.6344
NM_001256403.2	2413	2185.29	184.508	3.79969
NM_001256404.2	6177	5949.29	176.659	1.33633
NM_001256405.2	5393	5165.29	944.249	8.22685
NM_001256409.2	1764	1536.29	902.823	26.4467
NM_001256410.2	4962	4734.29	50.1084	0.476318
NM_001256411.2	4808	4580.29	40.1684	0.39467
NM_001256412.2	4683	4455.29	13.3942	0.135295
NM_001256413.2	1661	1433.29	0	0
NM_001256414.2	9924	9696.29	0	0
NM_001256416.4	3731	3503.29	25.8192	0.331672
NM_001256417.4	3557	3329.29	0	0
NM_001256418.1	1801	1573.29	7.45673	0.213295
NM_001256420.2	4084	3856.29	0	0
NM_001256421.1	2640	2412.29	172.314	3.21464
NM_001256422.1	2644	2416.29	1.09257e-06	2.03489e-08
NM_001256423.2	5424	5196.29	0	0
NM_001256424.2	16243	16015.3	0	0
NM_001256425.2	5624	5396.29	15.3859	0.128312
NM_001256426.2	6130	5902.29	0	0
NM_001256427.2	3745	3517.29	132.184	1.69127
NM_001256428.2	5891	5663.29	102.043	0.810877
NM_001256429.2	1133	905.293	58.4529	2.90575
NM_001256430.3	4677	4449.29	0	0
NM_001256433.3	4927	4699.29	22.9605	0.219882
NM_001256434.3	5141	4913.29	9.61019	0.0880241
NM_001256435.3	5373	5145.29	19.6884	0.172204
NM_001256438.1	4267	4039.29	44.6716	0.497701
NM_001256440.1	2104	1876.29	414.601	9.94425
NM_001256441.2	3611	3383.29	0	0
NM_001256442.2	2624	2396.29	116.561	2.18905
NM_001256443.2	3051	2823.29	78.4388	1.25031
NM_001256447.2	1284	1056.29	4185.62	178.327
NM_001256449.2	9389	9161.29	0	0
NM_001256455.2	3606	3378.29	236.185	3.14628
NM_001256456.2	2587	2359.29	107.392	2.04848
NM_001256460.2	2221	1993.29	0	0
NM_001256461.2	6826	6598.29	80.8821	0.551649
NM_001256462.2	1820	1592.29	0	0
NM_001256463.2	1811	1583.29	49.8617	1.41725
NM_001256468.2	7765	7537.29	117.793	0.70331
NM_001256469.2	7438	7210.29	213.255	1.33103
NM_001256470.2	4797	4569.29	0	0
NM_001256475.2	1653	1425.29	0	0
NM_001256476.2	1568	1340.29	69.7531	2.3421
NM_001256477.1	2176	1948.29	0	0
NM_001256478.1	1241	1013.29	0	0
NM_001256482.2	2738	2510.29	0	0
NM_001256483.2	2691	2463.29	0	0
NM_001256484.2	2774	2546.29	0	0
NM_001256486.2	11201	10973.3	25.2874	0.103707
NM_001256487.2	11214	10986.3	140.551	0.57574
NM_001256488.2	11091	10863.3	448.588	1.85835
NM_001256494.2	3312	3084.29	1113.35	16.245
NM_001256495.2	3192	2964.29	214.532	3.25697
NM_001256496.2	2964	2736.29	99.102	1.6299
NM_001256497.3	2260	2032.29	0	0
NM_001256502.2	9570	9342.29	0	0
NM_001256503.2	9420	9192.29	0	0
NM_001256504.2	9477	9249.29	0	0
NM_001256505.2	9450	9222.29	0	0
NM_001256508.1	1541	1313.29	1	0.0342674
NM_001256510.1	1016	788.293	25.212	1.43934
NM_001256511.1	897	669.361	62.6951	4.21517
NM_001256512.1	879	651.427	178.52	12.3328
NM_001256513.1	807	579.487	549.159	42.6478
NM_001256523.2	3814	3586.29	98.4438	1.23534
NM_001256524.2	3672	3444.29	0	0
NM_001256525.2	3572	3344.29	0	0
NM_001256526.2	2803	2575.29	0	0
NM_001256530.1	1116	888.293	78.8797	3.99624
NM_001256531.1	1025	797.293	5.79139	0.326894
NM_001256532.1	2497	2269.29	19.8896	0.394438
NM_001256533.1	2464	2236.29	19.9632	0.401739
NM_001256534.2	1656	1428.29	94.7801	2.98636
NM_001256536.1	1995	1767.29	0	0
NM_001256538.2	617	391.417	1	0.114975
NM_001256539.4	793	565.487	73.0595	5.81429
NM_001256540.4	790	562.487	221.653	17.7339
NM_001256541.2	1684	1456.29	0	0
NM_001256542.2	1739	1511.29	0.389113	0.011587
NM_001256545.2	7606	7378.29	0	0
NM_001256546.2	1111	883.293	0	0
NM_001256547.2	917	689.293	39.5676	2.58332
NM_001256549.2	7152	6924.29	0	0
NM_001256550.2	5236	5008.29	1010.12	9.07666
NM_001256552.1	1820	1592.29	14.0168	0.396158
NM_001256560.2	1324	1096.29	3.63763	0.149325
NM_001256566.2	3268	3040.29	91.9374	1.36088
NM_001256567.3	1617	1389.29	0.381971	0.0123731
NM_001256568.2	2982	2754.29	0.00101566	1.65951e-05
NM_001256569.2	2965	2737.29	54.7099	0.89947
NM_001256570.2	2024	1796.29	0	0
NM_001256571.2	1670	1442.29	0	0
NM_001256573.2	5514	5286.29	0	0
NM_001256574.2	4958	4730.29	502.538	4.78105
NM_001256575.2	4946	4718.29	610.601	5.82392
NM_001256576.2	4685	4457.29	0	0
NM_001256577.2	2337	2109.29	313.657	6.69207
NM_001256579.3	2195	1967.29	0	0
NM_001256580.2	2392	2164.29	27.4803	0.571409
NM_001256584.2	1836	1608.29	1.57756	0.0441432
NM_001256585.2	4181	3953.29	769.058	8.75472
NM_001256588.2	1371	1143.29	0	0
NM_001256596.1	1243	1015.29	0	0
NM_001256597.2	1358	1130.29	0	0
NM_001256598.2	2000	1772.29	0	0
NM_001256599.2	3188	2960.29	0	0
NM_001256601.1	3082	2854.29	17.6789	0.27874
NM_001256604.2	1464	1236.29	81.8178	2.9783
NM_001256605.2	1353	1125.29	245.935	9.8355
NM_001256608.2	1354	1126.29	107.635	4.30073
NM_001256609.2	1840	1612.29	50.9237	1.42141
NM_001256613.2	2139	1911.29	0	0
NM_001256614.1	1960	1732.29	0	0
NM_001256617.2	4013	3785.29	225.788	2.68438
NM_001256618.2	3740	3512.29	0	0
NM_001256619.2	3435	3207.29	14.1511	0.19856
NM_001256620.2	3342	3114.29	1.79939e-05	2.60021e-07
NM_001256621.2	1539	1311.29	0	0
NM_001256627.2	4528	4300.29	0	0
NM_001256629.2	4105	3877.29	0	0
NM_001256630.1	4520	4292.29	0	0
NM_001256643.1	2145	1917.29	0	0
NM_001256644.1	2062	1834.29	0	0
NM_001256647.3	2125	1897.29	47.9299	1.13688
NM_001256648.2	5771	5543.29	0	0
NM_001256649.2	5636	5408.29	25.0257	0.208242
NM_001256650.2	5508	5280.29	11.417	0.0973053
NM_001256651.2	5122	4894.29	0	0
NM_001256653.2	5249	5021.29	0	0
NM_001256654.2	5108	4880.29	0	0
NM_001256657.2	2917	2689.29	0	0
NM_001256658.2	2176	1948.29	0	0
NM_001256659.2	2132	1904.29	50.4536	1.19234
NM_001256660.2	2175	1947.29	9.48323	0.219163
NM_001256661.2	2213	1985.29	0	0
NM_001256662.2	1906	1678.29	103.644	2.77919
NM_001256663.3	2141	1913.29	0	0
NM_001256666.2	4854	4626.29	13.953	0.13573
NM_001256667.2	4797	4569.29	43.416	0.427605
NM_001256668.2	4824	4596.29	62.377	0.610744
NM_001256670.2	2567	2339.29	9.94723	0.191364
NM_001256672.2	6277	6049.29	0	0
NM_001256673.1	1891	1663.29	286.373	7.74829
NM_001256674.2	6127	5899.29	0	0
NM_001256675.2	6067	5839.29	91.6802	0.706574
NM_001256676.1	1852	1624.29	104.426	2.89326
NM_001256677.1	2169	1941.29	116.102	2.69148
NM_001256678.2	6138	5910.29	33.672	0.256391
NM_001256679.2	5633	5405.29	12.2267	0.101797
NM_001256680.2	5181	4953.29	202.694	1.84158
NM_001256681.2	5133	4905.29	132.747	1.21788
NM_001256685.2	2329	2101.29	283.518	6.07207
NM_001256686.2	1309	1081.29	98.0843	4.08224
NM_001256687.2	2308	2080.29	4.86437e-07	1.05231e-08
NM_001256688.2	2239	2011.29	66.8514	1.49581
NM_001256689.2	2366	2138.29	771.756	16.2426
NM_001256690.2	2249	2021.29	14.9675	0.333245
NM_001256691.2	2222	1994.29	224.139	5.05791
NM_001256692.2	2126	1898.29	53.1084	1.25905
NM_001256693.2	2266	2038.29	57.4796	1.26908
NM_001256695.2	10729	10501.3	5.74921e-06	2.46381e-08
NM_001256696.2	1859	1631.29	0	0
NM_001256699.2	1182	954.293	0	0
NM_001256700.2	1017	789.293	0	0
NM_001256701.2	1001	773.293	0	0
NM_001256702.2	5385	5157.29	24.6724	0.215294
NM_001256703.1	3123	2895.29	0	0
NM_001256704.1	3276	3048.29	0	0
NM_001256706.2	1444	1216.29	149.426	5.52878
NM_001256707.2	1517	1289.29	0	0
NM_001256708.2	1703	1475.29	23.1427	0.705958
NM_001256709.2	1585	1357.29	0	0
NM_001256710.2	1482	1254.29	19.9529	0.715895
NM_001256711.2	1555	1327.29	9.07684	0.307758
NM_001256712.2	1312	1084.29	0	0
NM_001256714.1	2302	2074.29	0	0
NM_001256715.2	2118	1890.29	4.26832	0.101618
NM_001256716.2	2205	1977.29	3.73168	0.0849329
NM_001256717.2	4501	4273.29	0	0
NM_001256718.2	4444	4216.29	0	0
NM_001256720.2	2546	2318.29	9.93008	0.192764
NM_001256721.1	2262	2034.29	90.1106	1.99345
NM_001256725.2	2020	1792.29	189.416	4.75608
NM_001256726.2	2047	1819.29	24.6283	0.60922
NM_001256727.2	2160	1932.29	29.0458	0.676477
NM_001256728.2	2085	1857.29	0	0
NM_001256732.3	8865	8637.29	0	0
NM_001256733.3	8781	8553.29	0	0
NM_001256734.3	8775	8547.29	0	0
NM_001256735.3	8751	8523.29	0.253244	0.00133713
NM_001256736.3	8652	8424.29	0	0
NM_001256737.2	2835	2607.29	3	0.0517814
NM_001256738.2	2675	2447.29	0	0
NM_001256739.3	2604	2376.29	0	0
NM_001256740.2	2565	2337.29	0	0
NM_001256741.2	2691	2463.29	71.5942	1.30799
NM_001256742.2	2764	2536.29	0	0
NM_001256743.2	957	729.293	17.4738	1.07827
NM_001256748.3	1650	1422.29	0	0
NM_001256749.3	1677	1449.29	0	0
NM_001256750.2	9083	8855.29	0	0
NM_001256751.2	9017	8789.29	0	0
NM_001256752.2	8984	8756.29	0	0
NM_001256753.2	8912	8684.29	3.63883e-05	1.88569e-07
NM_001256754.2	8940	8712.29	4.40857e-07	2.27723e-09
NM_001256755.2	8745	8517.29	0	0
NM_001256756.2	8835	8607.29	7.30847	0.0382122
NM_001256758.1	4852	4624.29	0	0
NM_001256760.3	4834	4606.29	0	0
NM_001256761.3	4648	4420.29	2	0.020362
NM_001256763.2	3864	3636.29	405.302	5.01605
NM_001256765.1	1810	1582.29	0	0
NM_001256766.3	1494	1266.29	75.8055	2.69407
NM_001256782.2	1797	1569.29	0	0
NM_001256787.2	4419	4191.29	0	0
NM_001256789.3	6006	5778.29	0	0
NM_001256790.3	5844	5616.29	0	0
NM_001256792.2	5846	5618.29	0	0
NM_001256793.2	5397	5169.29	0	0
NM_001256794.1	5440	5212.29	19.4231	0.1677
NM_001256796.2	1808	1580.29	0	0
NM_001256798.2	7023	6795.29	73.2922	0.485391
NM_001256799.3	1386	1158.29	777.599	30.212
NM_001256802.2	1341	1113.29	18862.3	762.478
NM_001256809.3	6801	6573.29	0	0
NM_001256811.3	7227	6999.29	0	0
NM_001256812.2	6518	6290.29	0.11412	0.000816458
NM_001256813.3	6711	6483.29	0	0
NM_001256819.2	2259	2031.29	0	0
NM_001256820.2	3241	3013.29	21.0752	0.314755
NM_001256821.2	3324	3096.29	24.5684	0.35709
NM_001256822.2	1716	1488.29	0	0
NM_001256823.2	3108	2880.29	0	0
NM_001256824.2	3144	2916.29	10.6309	0.164051
NM_001256825.2	3070	2842.29	27.5801	0.436687
NM_001256826.2	1986	1758.29	23.3205	0.596882
NM_001256827.2	3466	3238.29	0	0
NM_001256828.1	3241	3013.29	1.98046	0.0295779
NM_001256829.2	1649	1421.29	44	1.39319
NM_001256830.2	3823	3595.29	0	0
NM_001256834.3	1170	942.293	742.406	35.4566
NM_001256835.2	3915	3687.29	431.043	5.26084
NM_001256836.2	3561	3333.29	77.9808	1.05283
NM_001256837.2	3659	3431.29	10.3011	0.135104
NM_001256838.2	8311	8083.29	9.14509	0.0509145
NM_001256841.2	1299	1071.29	0	0
NM_001256847.3	3584	3356.29	7.7877	0.104422
NM_001256849.1	3467	3239.29	208.225	2.89285
NM_001256850.1	104301	104073	0	0
NM_001256852.1	1593	1365.29	0	0
NM_001256853.1	1593	1365.29	0	0
NM_001256854.1	1593	1365.29	0	0
NM_001256855.1	1593	1365.29	0	0
NM_001256856.2	5946	5718.29	0	0
NM_001256857.1	1593	1365.29	0	0
NM_001256858.2	1410	1182.29	31.4098	1.19559
NM_001256859.1	1593	1365.29	0	0
NM_001256860.1	1593	1365.29	0	0
NM_001256861.1	1593	1365.29	0	0
NM_001256862.1	1593	1365.29	0	0
NM_001256863.1	1593	1365.29	0	0
NM_001256864.2	5962	5734.29	10.7689	0.0845153
NM_001256865.2	5863	5635.29	0	0
NM_001256867.1	1593	1365.29	0	0
NM_001256869.2	1683	1455.29	0	0
NM_001256870.2	1582	1354.29	8.9745	0.298222
NM_001256871.1	1593	1365.29	0	0
NM_001256872.1	1593	1365.29	0	0
NM_001256873.1	1593	1365.29	0	0
NM_001256874.1	1593	1365.29	0	0
NM_001256875.2	2371	2143.29	4515.61	94.8149
NM_001256876.3	5575	5347.29	3.15719e-06	2.6571e-08
NM_001256877.3	5685	5457.29	16.1225	0.132953
NM_001256879.2	2205	1977.29	13.3356	0.303516
NM_001256887.3	3720	3492.29	0	0
NM_001256888.3	3626	3398.29	0	0
NM_001256889.3	3504	3276.29	2	0.027472
NM_001256891.2	894	666.361	1038.64	70.1452
NM_001256892.2	899	671.361	0	0
NM_001256894.2	1662	1434.29	0	0
NM_001256896.2	2264	2036.29	0	0
NM_001256909.2	4029	3801.29	61.0306	0.722534
NM_001256910.2	4623	4395.29	314.676	3.22195
NM_001256915.2	1110	882.293	0	0
NM_001256916.2	3513	3285.29	4.0909	0.0560386
NM_001256917.2	933	705.293	37.4706	2.39091
NM_001256944.2	6504	6276.29	0	0
NM_001256945.2	1394	1166.29	0	0
NM_001256946.2	1568	1340.29	84.4605	2.83593
NM_001256947.2	591	366.025	96.5948	11.8764
NM_001256959.2	5523	5295.29	0	0
NM_001256964.2	1611	1383.29	88.8507	2.8906
NM_001256965.3	1595	1367.29	4.61224	0.151807
NM_001256966.3	1490	1262.29	92.0926	3.28327
NM_001256967.3	1485	1257.29	19.1058	0.683867
NM_001256968.3	1382	1154.29	26.6784	1.04013
NM_001256969.3	1377	1149.29	0	0
NM_001257.5	7876	7648.29	790.532	4.65155
NM_001257069.1	989	761.293	35.973	2.12651
NM_001257072.2	1729	1501.29	3.60982	0.108209
NM_001257096.2	5342	5114.29	0.0639632	0.000562843
NM_001257097.2	2047	1819.29	8.86375	0.219259
NM_001257098.2	1946	1718.29	14.3958	0.377035
NM_001257101.2	7064	6836.29	1903.45	12.5304
NM_001257102.2	516	294.675	8.65869	1.32236
NM_001257118.3	1996	1768.29	0	0
NM_001257119.3	1933	1705.29	0	0
NM_001257133.2	544	321.029	0	0
NM_001257134.2	680	453.225	4.30997	0.42796
NM_001257135.2	3692	3464.29	36.3338	0.471997
NM_001257137.3	6866	6638.29	0	0
NM_001257138.3	6601	6373.29	0	0
NM_001257139.2	2362	2134.29	4.7816	0.100823
NM_001257144.2	3793	3565.29	1.72708	0.0218002
NM_001257145.2	3725	3497.29	11.0271	0.141897
NM_001257158.2	6076	5848.29	218.474	1.68118
NM_001257159.2	6028	5800.29	0	0
NM_001257160.2	3121	2893.29	29.1837	0.453931
NM_001257168.1	2056	1828.29	60.5357	1.49007
NM_001257172.2	3129	2901.29	0	0
NM_001257173.2	3322	3094.29	0	0
NM_001257174.2	3220	2992.29	0	0
NM_001257175.2	3187	2959.29	58.0048	0.882101
NM_001257180.2	3752	3524.29	58.9249	0.752435
NM_001257181.2	3612	3384.29	22.265	0.296072
NM_001257189.2	1735	1507.29	0	0
NM_001257190.3	7038	6810.29	983.63	6.49992
NM_001257191.3	6149	5921.29	422.938	3.21442
NM_001257194.1	6981	6753.29	0	0
NM_001257195.2	6566	6338.29	0	0
NM_001257197.2	6558	6330.29	139.928	0.994772
NM_001257198.2	6603	6375.29	0	0
NM_001257199.2	2818	2590.29	1	0.0173737
NM_001257205.1	4072	3844.29	0	0
NM_001257206.2	4011	3783.29	0	0
NM_001257207.2	3806	3578.29	0	0
NM_001257208.2	3781	3553.29	0	0
NM_001257209.1	3828	3600.29	0	0
NM_001257210.2	3741	3513.29	218.567	2.79971
NM_001257211.2	3778	3550.29	0	0
NM_001257212.2	3649	3421.29	11.573	0.15223
NM_001257230.2	3772	3544.29	0.255701	0.00324672
NM_001257231.2	4179	3951.29	0.278256	0.00316919
NM_001257234.2	3897	3669.29	2.58694e-08	3.17282e-10
NM_001257235.3	2739	2511.29	46.116	0.826412
NM_001257237.2	4001	3773.29	9.49316	0.113222
NM_001257239.3	2758	2530.29	1.87725	0.0333883
NM_001257240.3	2843	2615.29	354.281	6.09636
NM_001257241.3	2784	2556.29	16.5757	0.291812
NM_001257268.2	1422	1194.29	0	0
NM_001257273.2	9366	9138.29	458.594	2.25842
NM_001257281.2	2733	2505.29	131.569	2.36341
NM_001257282.2	1015	787.293	21.6994	1.24038
NM_001257291.2	9971	9743.29	1065.64	4.92205
NM_001257293.2	2240	2012.29	3921.7	87.7051
NM_001257305.2	845	617.427	0	0
NM_001257308.2	2339	2111.29	0	0
NM_001257309.1	1026	798.293	0	0
NM_001257317.1	1498	1270.29	5.52489	0.195732
NM_001257319.3	2010	1782.29	0	0
NM_001257320.2	2114	1886.29	11.3283	0.270271
NM_001257321.2	2162	1934.29	3.53274	0.0821925
NM_001257323.3	2004	1776.29	108.041	2.73726
NM_001257325.3	1906	1678.29	0	0
NM_001257326.2	2122	1894.29	0	0
NM_001257328.2	1841	1613.29	8.99792	0.250999
NM_001257329.2	1647	1419.29	0	0
NM_001257330.2	1814	1586.29	12.4796	0.354046
NM_001257331.2	1769	1541.29	0.703665	0.0205458
NM_001257334.2	5695	5467.29	0	0
NM_001257335.2	6097	5869.29	41.7816	0.320362
NM_001257342.2	1557	1329.29	94.4566	3.19782
NM_001257343.2	1609	1381.29	0	0
NM_001257344.2	1484	1256.29	39.2123	1.40467
NM_001257357.2	4259	4031.29	0	0
NM_001257359.2	4763	4535.29	70.3649	0.698221
NM_001257361.2	3347	3119.29	507.286	7.31878
NM_001257362.3	6024	5796.29	3.13039	0.0243047
NM_001257363.3	2867	2639.29	885.129	15.0925
NM_001257370.2	7022	6794.29	560.613	3.71331
NM_001257374.3	2001	1773.29	0.000109819	2.78701e-06
NM_001257376.1	2071	1843.29	0	0
NM_001257378.2	2272	2044.29	0	0
NM_001257379.2	2102	1874.29	0	0
NM_001257382.2	2172	1944.29	0	0
NM_001257386.2	4580	4352.29	0	0
NM_001257387.2	1958	1730.29	44.3089	1.15243
NM_001257389.2	1358	1130.29	76.5281	3.047
NM_001257390.2	1157	929.293	138.289	6.69696
NM_001257391.2	968	740.293	0	0
NM_001257392.1	777	549.487	28.6122	2.34334
NM_001257393.2	2331	2103.29	0	0
NM_001257394.2	2390	2162.29	23.3949	0.48691
NM_001257395.2	2101	1873.29	0	0
NM_001257396.2	1984	1756.29	5.70231	0.146115
NM_001257397.2	2193	1965.29	19.1807	0.439217
NM_001257398.2	2249	2021.29	0	0
NM_001257399.2	2228	2000.29	7.35717	0.165523
NM_001257400.2	926	698.293	11.1552	0.718922
NM_001257401.2	1117	889.293	70.3119	3.55816
NM_001257403.2	1473	1245.29	0	0
NM_001257406.2	3491	3263.29	561.692	7.74613
NM_001257407.2	3735	3507.29	185.319	2.37789
NM_001257408.2	9686	9458.29	0	0
NM_001257409.2	9569	9341.29	0	0
NM_001257410.2	9527	9299.29	0	0
NM_001257411.2	9359	9131.29	0	0
NM_001257412.2	9242	9014.29	3.75085e-07	1.87258e-09
NM_001257413.2	9125	8897.29	22.5361	0.113989
NM_001257414.2	9386	9158.29	0	0
NM_001257962.2	2538	2310.29	0	0
NM_001257963.2	2301	2073.29	0	0
NM_001257964.2	3324	3096.29	0	0
NM_001257965.2	5022	4794.29	0	0
NM_001257966.2	3350	3122.29	0	0
NM_001257967.3	6938	6710.29	0	0
NM_001257968.3	3529	3301.29	0	0
NM_001257970.1	2612	2384.29	0	0
NM_001257971.2	1564	1336.29	3358.87	113.118
NM_001257972.2	1505	1277.29	1116.92	39.3525
NM_001257973.2	1079	851.293	3.24482	0.171536
NM_001257975.2	3162	2934.29	101.266	1.55311
NM_001257976.2	2859	2631.29	19.0434	0.3257
NM_001257988.1	1718	1490.29	0	0
NM_001257989.1	1682	1454.29	98.5162	3.04858
NM_001257990.2	1877	1649.29	661.341	18.0455
NM_001257994.2	2908	2680.29	61.6247	1.0347
NM_001257997.2	3486	3258.29	53.1257	0.733764
NM_001257998.2	5712	5484.29	0	0
NM_001257999.3	7711	7483.29	47.0403	0.282891
NM_001258.4	1620	1392.29	34.756	1.12342
NM_001258001.2	1494	1266.29	0	0
NM_001258002.2	1205	977.293	0	0
NM_001258003.2	1401	1173.29	0	0
NM_001258004.2	1633	1405.29	0	0
NM_001258005.2	1467	1239.29	0	0
NM_001258006.2	1566	1338.29	21.0871	0.7091
NM_001258008.3	2150	1922.29	3.384	0.0792232
NM_001258012.4	1975	1747.29	10.3691	0.267066
NM_001258013.4	1939	1711.29	5.77674	0.151915
NM_001258014.4	1822	1594.29	0	0
NM_001258015.3	1726	1498.29	27.8309	0.835935
NM_001258016.3	1839	1611.29	10.6291	0.296869
NM_001258017.2	2290	2062.29	14.4195	0.314661
NM_001258018.2	2372	2144.29	0	0
NM_001258019.2	5344	5116.29	0	0
NM_001258020.2	5641	5413.29	0	0
NM_001258021.2	5422	5194.29	0	0
NM_001258022.2	5422	5194.29	0	0
NM_001258023.1	5336	5108.29	0	0
NM_001258025.2	2021	1793.29	0	0
NM_001258026.2	1605	1377.29	608.665	19.8882
NM_001258027.2	2301	2073.29	0	0
NM_001258028.2	3020	2792.29	45.8475	0.738919
NM_001258029.2	2525	2297.29	0	0
NM_001258030.2	2657	2429.29	0	0
NM_001258031.2	2629	2401.29	42.4126	0.794863
NM_001258032.2	2458	2230.29	39.4539	0.796105
NM_001258033.2	3627	3399.29	0	0
NM_001258034.2	3582	3354.29	0	0
NM_001258035.2	3616	3388.29	21.232	0.282002
NM_001258036.2	3564	3336.29	19.4223	0.261987
NM_001258038.2	2603	2375.29	0	0
NM_001258039.1	2370	2142.29	13.6727	0.287222
NM_001258040.3	1828	1600.29	139.992	3.93683
NM_001258041.3	1888	1660.29	135.222	3.66526
NM_001258042.3	1768	1540.29	0.0061751	0.000180419
NM_001258205.2	5930	5702.29	82.5595	0.651568
NM_001258206.2	2826	2598.29	0	0
NM_001258207.2	2796	2568.29	3.79108e-05	6.64295e-07
NM_001258208.2	1385	1157.29	44.5395	1.73198
NM_001258209.2	1476	1248.29	1.28933	0.0464826
NM_001258210.2	2690	2462.29	36.8553	0.6736
NM_001258211.2	1218	990.293	0	0
NM_001258213.3	2472	2244.29	60.986	1.22291
NM_001258214.1	4028	3800.29	0	0
NM_001258215.1	3782	3554.29	0	0
NM_001258216.1	3849	3621.29	0	0
NM_001258217.2	2502	2274.29	542.95	10.7437
NM_001258218.2	2108	1880.29	537.548	12.8657
NM_001258219.1	2437	2209.29	18.295	0.372667
NM_001258220.1	2043	1815.29	12.0575	0.298918
NM_001258221.2	1713	1485.29	5.48903	0.166313
NM_001258222.3	1736	1508.29	0	0
NM_001258238.2	3759	3531.29	30.4208	0.387685
NM_001258239.3	3855	3627.29	20.8083	0.258165
NM_001258240.2	3919	3691.29	0	0
NM_001258241.2	3860	3632.29	3.89988	0.0483184
NM_001258242.3	3901	3673.29	37.7338	0.462292
NM_001258243.3	4004	3776.29	0	0
NM_001258244.2	3805	3577.29	97.9984	1.23284
NM_001258245.2	3967	3739.29	15.3051	0.184199
NM_001258246.3	3886	3658.29	13.8526	0.170409
NM_001258247.2	3790	3562.29	0	0
NM_001258248.2	3824	3596.29	98.7083	1.23521
NM_001258249.2	6174	5946.29	0	0
NM_001258250.1	6106	5878.29	0	0
NM_001258251.1	6574	6346.29	0	0
NM_001258252.1	6661	6433.29	0	0
NM_001258253.1	6403	6175.29	0	0
NM_001258254.1	6118	5890.29	0	0
NM_001258255.1	6289	6061.29	0	0
NM_001258256.1	6490	6262.29	0	0
NM_001258257.1	6154	5926.29	0	0
NM_001258258.1	6682	6454.29	0	0
NM_001258259.1	6478	6250.29	0	0
NM_001258260.1	6616	6388.29	0	0
NM_001258261.1	6652	6424.29	0	0
NM_001258262.1	6445	6217.29	0	0
NM_001258263.1	6355	6127.29	0	0
NM_001258264.1	6613	6385.29	0	0
NM_001258265.1	6277	6049.29	0	0
NM_001258266.1	6586	6358.29	0	0
NM_001258267.1	6541	6313.29	0	0
NM_001258268.1	6304	6076.29	0	0
NM_001258269.1	6394	6166.29	0	0
NM_001258270.1	6169	5941.29	0	0
NM_001258271.2	2287	2059.29	11.8212	0.258336
NM_001258272.2	3614	3386.29	0	0
NM_001258273.2	2403	2175.29	19.2483	0.398215
NM_001258274.3	2866	2638.29	5.96548	0.101757
NM_001258275.3	2820	2592.29	121.637	2.11166
NM_001258276.2	3169	2941.29	1859.45	28.4504
NM_001258277.2	3233	3005.29	4029.42	60.339
NM_001258278.2	2928	2700.29	14.6084	0.243463
NM_001258280.2	3353	3125.29	114.176	1.64409
NM_001258281.1	3042	2814.29	16.1084	0.257588
NM_001258282.3	14226	13998.3	0	0
NM_001258283.2	2423	2195.29	2.00254	0.0410517
NM_001258284.2	2429	2201.29	0	0
NM_001258285.2	1548	1320.29	1.00276	0.0341798
NM_001258286.1	2693	2465.29	0	0
NM_001258287.1	2689	2461.29	0	0
NM_001258288.2	1536	1308.29	0	0
NM_001258289.2	1931	1703.29	0	0
NM_001258290.2	2796	2568.29	8.16775	0.14312
NM_001258291.2	2502	2274.29	0	0
NM_001258292.2	7361	7133.29	22.2851	0.140594
NM_001258294.2	6935	6707.29	98.1063	0.658251
NM_001258295.2	6847	6619.29	38.0345	0.258588
NM_001258296.2	7005	6777.29	0	0
NM_001258297.2	6917	6689.29	0	0
NM_001258298.2	6818	6590.29	9.60826e-06	6.56119e-08
NM_001258299.2	2010	1782.29	34.7688	0.877914
NM_001258300.1	2190	1962.29	0	0
NM_001258304.3	1479	1251.29	0	0
NM_001258305.3	1295	1067.29	6.70248	0.282614
NM_001258306.3	1290	1062.29	106.217	4.4998
NM_001258307.2	1329	1101.29	45.4421	1.85694
NM_001258308.2	2650	2422.29	1304.67	24.2391
NM_001258309.2	2749	2521.29	50.6777	0.904556
NM_001258310.2	2760	2532.29	32.214	0.572497
NM_001258311.2	10914	10686.3	46.4124	0.195456
NM_001258312.3	4713	4485.29	0	0
NM_001258313.3	2332	2104.29	237.161	5.072
NM_001258314.3	2004	1776.29	0	0
NM_001258315.2	4136	3908.29	3263.35	37.5767
NM_001258316.2	4366	4138.29	194.08	2.11058
NM_001258320.2	3711	3483.29	32.5854	0.420994
NM_001258321.1	3683	3455.29	117.542	1.53092
NM_001258322.1	3613	3385.29	0	0
NM_001258323.3	3419	3191.29	34.1003	0.480876
NM_001258324.1	3567	3339.29	427.427	5.76036
NM_001258325.1	4226	3998.29	80.5206	0.906305
NM_001258326.2	3781	3553.29	72.1777	0.914143
NM_001258327.2	3749	3521.29	21.0957	0.269609
NM_001258328.4	4148	3920.29	0	0
NM_001258329.1	6327	6099.29	0	0
NM_001258330.1	5745	5517.29	12.9157	0.10535
NM_001258331.2	6062	5834.29	0	0
NM_001258332.2	1631	1403.29	62.5077	2.0046
NM_001258333.2	3825	3597.29	0.72485	0.00906806
NM_001258334.2	3822	3594.29	2.27515	0.0284865
NM_001258338.2	474	256.047	67.7335	11.9049
NM_001258340.2	2378	2150.29	13.9655	0.292282
NM_001258341.2	2282	2054.29	0.000295161	6.46604e-06
NM_001258342.2	2273	2045.29	0	0
NM_001258343.2	2177	1949.29	0	0
NM_001258345.3	6309	6081.29	63.7577	0.471823
NM_001258346.3	6002	5774.29	19.846	0.154674
NM_001258351.2	920	692.293	0	0
NM_001258353.2	4643	4415.29	9.25901	0.0943729
NM_001258354.2	4296	4068.29	56.5204	0.625224
NM_001258355.2	6581	6353.29	0	0
NM_001258357.2	1523	1295.29	2.69002e-06	9.34609e-08
NM_001258358.2	1553	1325.29	0	0
NM_001258359.2	1913	1685.29	0	0
NM_001258366.2	4712	4484.29	506.524	5.08333
NM_001258367.2	4607	4379.29	94.4283	0.970377
NM_001258368.2	4535	4307.29	109.442	1.14346
NM_001258369.2	3507	3279.29	184.368	2.53015
NM_001258370.2	2257	2029.29	18.5988	0.41246
NM_001258371.3	3092	2864.29	0	0
NM_001258372.2	2586	2358.29	101.89	1.94436
NM_001258373.2	2689	2461.29	474.366	8.67346
NM_001258374.3	3216	2988.29	149.068	2.24493
NM_001258375.2	2679	2451.29	348.59	6.39973
NM_001258376.2	3548	3320.29	359.502	4.87268
NM_001258379.2	7695	7467.29	1028.02	6.19558
NM_001258380.2	7409	7181.29	6.58764e-05	4.12828e-07
NM_001258384.3	1397	1169.29	63.6053	2.448
NM_001258388.2	2600	2372.29	24.4488	0.463801
NM_001258389.2	2607	2379.29	11.3363	0.214421
NM_001258390.2	2560	2332.29	117.398	2.26527
NM_001258391.2	2378	2150.29	143.584	3.00503
NM_001258392.3	9963	9735.29	970.558	4.48657
NM_001258393.3	9876	9648.29	44.7012	0.208502
NM_001258394.3	10160	9932.29	0	0
NM_001258395.2	3412	3184.29	35.5612	0.502581
NM_001258396.2	3426	3198.29	0	0
NM_001258397.3	3489	3261.29	0	0
NM_001258398.3	3427	3199.29	0	0
NM_001258399.2	3446	3218.29	0	0
NM_001258400.2	1958	1730.29	0	0
NM_001258401.3	11602	11374.3	35.2537	0.139484
NM_001258402.2	2297	2069.29	34.2558	0.744997
NM_001258403.2	3038	2810.29	0	0
NM_001258406.2	2147	1919.29	0	0
NM_001258411.3	2294	2066.29	0	0
NM_001258412.3	2189	1961.29	0	0
NM_001258413.3	2240	2012.29	0	0
NM_001258414.2	1964	1736.29	0	0
NM_001258415.2	5966	5738.29	86.4119	0.677693
NM_001258416.2	6077	5849.29	0	0
NM_001258417.2	5891	5663.29	2.4948e-05	1.98248e-07
NM_001258418.2	6009	5781.29	0	0
NM_001258419.2	2801	2573.29	0	0
NM_001258420.2	2571	2343.29	27.6338	0.530709
NM_001258421.2	2578	2350.29	106.468	2.03864
NM_001258423.2	1544	1316.29	85.9834	2.93971
NM_001258426.2	3241	3013.29	0	0
NM_001258427.2	3151	2923.29	0	0
NM_001258428.2	3412	3184.29	0	0
NM_001258429.2	1252	1024.29	2011.96	88.3969
NM_001258430.2	1706	1478.29	19.4806	0.593041
NM_001258432.2	2908	2680.29	107.241	1.80062
NM_001258433.2	2919	2691.29	0	0
NM_001258437.1	2701	2473.29	94.9904	1.72841
NM_001258438.2	2771	2543.29	16.1732	0.286181
NM_001258440.2	4188	3960.29	0	0
NM_001258441.2	4119	3891.29	0	0
NM_001258442.2	3873	3645.29	0	0
NM_001258446.1	2045	1817.29	0	0
NM_001258447.1	1904	1676.29	0	0
NM_001258448.2	2256	2028.29	0	0
NM_001258449.2	2313	2085.29	0	0
NM_001258450.2	1854	1626.29	17.9838	0.497651
NM_001258451.2	1925	1697.29	0	0
NM_001258452.2	3665	3437.29	0	0
NM_001258453.2	3646	3418.29	34.1553	0.449667
NM_001258454.2	2866	2638.29	17.4513	0.297677
NM_001258455.1	2525	2297.29	72.7836	1.4258
NM_001258456.1	2428	2200.29	46.3216	0.947427
NM_001258457.3	984	756.293	6.86592	0.408555
NM_001258459.2	2170	1942.29	0	0
NM_001258460.2	2047	1819.29	0	0
NM_001258461.2	1713	1485.29	49.5449	1.50117
NM_001258462.3	2688	2460.29	0	0
NM_001258463.2	2646	2418.29	0	0
NM_001258464.2	2603	2375.29	0	0
NM_001258465.3	2599	2371.29	0	0
NM_001259.8	11654	11426.3	715.473	2.81793
NM_001260.3	3065	2837.29	928.276	14.7236
NM_001260474.2	2103	1875.29	70.5574	1.69323
NM_001260475.2	2054	1826.29	76.9074	1.89513
NM_001260476.2	1948	1720.29	6.85753	0.179394
NM_001260477.2	2469	2241.29	13.4014	0.269088
NM_001260486.2	2715	2487.29	13.518	0.244583
NM_001260487.2	2598	2370.29	35.3831	0.671795
NM_001260488.2	2701	2473.29	0	0
NM_001260489.2	1872	1644.29	0	0
NM_001260490.2	1608	1380.29	163.782	5.33996
NM_001260491.2	6195	5967.29	0	0
NM_001260492.2	2663	2435.29	7.20714	0.133185
NM_001260493.2	2371	2143.29	93.3893	1.96091
NM_001260494.2	4021	3793.29	81.343	0.965041
NM_001260495.2	1716	1488.29	0	0
NM_001260496.2	1451	1223.29	0	0
NM_001260497.2	6168	5940.29	0	0
NM_001260498.2	3561	3333.29	0	0
NM_001260499.2	5431	5203.29	0	0
NM_001260502.2	2717	2489.29	52.7546	0.953733
NM_001260503.2	2035	1807.29	4.0599	0.101095
NM_001260504.2	3709	3481.29	0	0
NM_001260505.2	3205	2977.29	0	0
NM_001260506.2	2138	1910.29	31.5188	0.742527
NM_001260507.2	1928	1700.29	118.851	3.14574
NM_001260508.2	4411	4183.29	4.02082	0.0432552
NM_001260509.2	1031	803.293	0	0
NM_001260510.2	897	669.361	0	0
NM_001260511.2	918	690.293	41.7245	2.72019
NM_001260512.2	1069	841.293	56.0254	2.99695
NM_001261.4	2483	2255.29	2117	42.2435
NM_001261380.2	3006	2778.29	0	0
NM_001261382.3	4141	3913.29	55.8594	0.642386
NM_001261383.3	4017	3789.29	10.4562	0.124182
NM_001261384.3	3958	3730.29	26.1732	0.31576
NM_001261385.3	4052	3824.29	0	0
NM_001261386.3	3548	3320.29	3.70038	0.0501548
NM_001261390.2	3707	3479.29	26.9615	0.348735
NM_001261391.2	3698	3470.29	13.8031	0.179
NM_001261392.2	3420	3192.29	17.5304	0.247133
NM_001261393.2	3509	3281.29	196.28	2.69198
NM_001261394.2	3348	3120.29	12.6489	0.182431
NM_001261395.2	3445	3217.29	13.1577	0.184048
NM_001261397.2	1679	1451.29	5.77509	0.17908
NM_001261398.2	1511	1283.29	0	0
NM_001261399.3	716	488.852	0	0
NM_001261400.3	2410	2182.29	12.5594	0.258999
NM_001261401.2	3222	2994.29	17.7018	0.266051
NM_001261403.3	3103	2875.29	180.904	2.83145
NM_001261406.2	7722	7494.29	264.93	1.5909
NM_001261407.2	7635	7407.29	12.6238	0.0766959
NM_001261408.2	3336	3108.29	3.59787e-05	5.20913e-07
NM_001261409.1	3226	2998.29	47.6998	0.715953
NM_001261410.2	2872	2644.29	28.9571	0.492819
NM_001261411.2	3402	3174.29	37.0852	0.52577
NM_001261412.2	1979	1751.29	246.462	6.33335
NM_001261413.2	1973	1745.29	4277.77	110.304
NM_001261414.3	7135	6907.29	0	0
NM_001261415.3	7028	6800.29	0	0
NM_001261418.2	1796	1568.29	45.6657	1.3104
NM_001261419.2	1158	930.293	0	0
NM_001261420.2	2520	2292.29	1363.91	26.7767
NM_001261421.2	2421	2193.29	0	0
NM_001261422.2	2361	2133.29	0	0
NM_001261423.2	2295	2067.29	53.1731	1.15753
NM_001261424.2	3027	2799.29	0	0
NM_001261425.2	3006	2778.29	0	0
NM_001261427.3	5605	5377.29	28.8024	0.24105
NM_001261428.3	5650	5422.29	0	0
NM_001261430.2	1543	1315.29	21.872	0.748357
NM_001261434.2	1320	1092.29	873.062	35.9706
NM_001261435.1	3672	3444.29	0	0
NM_001261436.1	2292	2064.29	0	0
NM_001261437.3	2224	1996.29	100.123	2.25711
NM_001261438.3	2107	1879.29	82.6853	1.98005
NM_001261439.3	1571	1343.29	46.9166	1.5718
NM_001261440.2	2822	2594.29	147.619	2.56073
NM_001261441.2	2849	2621.29	21.6405	0.371529
NM_001261442.2	2790	2562.29	53.7296	0.943684
NM_001261443.2	5835	5607.29	0	0
NM_001261444.2	5238	5010.29	0	0
NM_001261445.2	3932	3704.29	12.5223	0.152133
NM_001261446.2	3487	3259.29	0	0
NM_001261447.2	2503	2275.29	0	0
NM_001261448.2	2822	2594.29	0	0
NM_001261450.3	2135	1907.29	84.0442	1.98304
NM_001261451.3	2177	1949.29	0	0
NM_001261452.2	2430	2202.29	0	0
NM_001261453.2	2434	2206.29	0	0
NM_001261454.1	2172	1944.29	0	0
NM_001261455.1	2168	1940.29	0	0
NM_001261456.2	2379	2151.29	0	0
NM_001261457.2	2151	1923.29	0	0
NM_001261458.3	4809	4581.29	0	0
NM_001261459.3	4880	4652.29	0	0
NM_001261460.3	4810	4582.29	0	0
NM_001261461.2	1786	1558.29	0	0
NM_001261462.3	4132	3904.29	0	0
NM_001261463.2	5500	5272.29	0	0
NM_001261464.2	2819	2591.29	37.7034	0.654796
NM_001261465.2	2791	2563.29	0	0
NM_001261466.2	2182	1954.29	8.10695	0.186685
NM_001261467.2	2412	2184.29	91.7487	1.8903
NM_001261816.2	6973	6745.29	0	0
NM_001261817.2	1840	1612.29	0	0
NM_001261818.2	1717	1489.29	0	0
NM_001261819.2	1702	1474.29	0	0
NM_001261820.2	2061	1833.29	0	0
NM_001261821.2	2046	1818.29	0	0
NM_001261822.2	1328	1100.29	0	0
NM_001261823.2	4120	3892.29	0	0
NM_001261824.1	1125	897.293	650	32.6003
NM_001261825.2	2880	2652.29	3.19108	0.054145
NM_001261826.3	5065	4837.29	3544.47	32.9755
NM_001261827.2	2956	2728.29	0	0
NM_001261828.2	3007	2779.29	0	0
NM_001261829.2	4851	4623.29	406.421	3.95609
NM_001261830.2	1941	1713.29	283.965	7.45891
NM_001261831.2	2144	1916.29	7.69657	0.18075
NM_001261832.1	2956	2728.29	13.0702	0.215593
NM_001261833.2	3140	2912.29	457.846	7.075
NM_001261834.2	2182	1954.29	46.9681	1.08157
NM_001261835.2	7671	7443.29	10.6482	0.0643805
NM_001261836.2	3625	3397.29	255.054	3.37864
NM_001261837.2	3618	3390.29	13.2346	0.175677
NM_001261838.2	3145	2917.29	25.6118	0.395096
NM_001261839.2	6122	5894.29	74.7149	0.570451
NM_001261840.2	1650	1422.29	0	0
NM_001261841.2	4685	4457.29	0	0
NM_001261843.2	3960	3732.29	460.641	5.55429
NM_001261844.1	3614	3386.29	0	0
NM_001262.3	2076	1848.29	3783.09	92.1123
NM_001263.4	4309	4081.29	0	0
NM_001264.5	2555	2327.29	4	0.0773484
NM_001264573.2	4351	4123.29	3044.56	33.2294
NM_001265.6	3448	3220.29	0	0
NM_001265577.2	4088	3860.29	61.5951	0.718072
NM_001265578.2	4853	4625.29	0	0
NM_001265579.2	4811	4583.29	80.2503	0.787973
NM_001265580.2	4811	4583.29	0	0
NM_001265581.2	2253	2025.29	14.6208	0.324881
NM_001265582.1	4369	4141.29	109.223	1.18691
NM_001265587.2	846	618.427	3	0.218311
NM_001265588.2	3419	3191.29	10.1162	0.142657
NM_001265589.2	4917	4689.29	0	0
NM_001265590.2	4581	4353.29	147.924	1.5292
NM_001265591.2	2273	2045.29	0	0
NM_001265592.2	3899	3671.29	63.4425	0.777685
NM_001265593.2	3693	3465.29	45.2796	0.588038
NM_001265594.3	3485	3257.29	0	0
NM_001265595.2	588	363.135	8.54574	1.05907
NM_001265596.1	594	368.988	757.773	92.4207
NM_001265597.3	3929	3701.29	29.5078	0.358777
NM_001265598.3	3890	3662.29	0	0
NM_001265599.3	3739	3511.29	0	0
NM_001265600.3	3544	3316.29	0	0
NM_001265601.2	1365	1137.29	120.725	4.77713
NM_001265602.2	5953	5725.29	259.795	2.04209
NM_001265603.2	2057	1829.29	0	0
NM_001265604.2	2333	2105.29	212.179	4.53558
NM_001265605.2	2233	2005.29	135.126	3.03252
NM_001265608.2	4711	4483.29	1276.54	12.8139
NM_001265609.2	4677	4449.29	0	0
NM_001265610.1	3260	3032.29	8.61187	0.127811
NM_001265611.2	6351	6123.29	15.7838	0.116003
NM_001265612.2	8396	8168.29	1914.03	10.5453
NM_001265613.2	1273	1045.29	0	0
NM_001265614.3	3723	3495.29	0	0
NM_001266.5	1940	1712.29	26.8095	0.704616
NM_001267.3	1705	1477.29	0	0
NM_001267033.2	2422	2194.29	0	0
NM_001267035.3	3898	3670.29	223.877	2.74506
NM_001267036.1	3296	3068.29	27.7234	0.406623
NM_001267037.2	2963	2735.29	0	0
NM_001267038.2	1697	1469.29	565.458	17.3195
NM_001267039.4	2315	2087.29	67.6416	1.45839
NM_001267040.1	5612	5384.29	19.753	0.1651
NM_001267041.2	4746	4518.29	0	0
NM_001267042.3	4326	4098.29	46.0398	0.50556
NM_001267043.2	4519	4291.29	61.1609	0.641399
NM_001267045.2	3509	3281.29	7.16115e-05	9.82155e-07
NM_001267046.2	4800	4572.29	7376.21	72.6008
NM_001267047.1	3623	3395.29	167.796	2.22406
NM_001267048.2	6619	6391.29	24.6425	0.173515
NM_001267050.2	7392	7164.29	0	0
NM_001267051.2	7262	7034.29	0	0
NM_001267052.2	5668	5440.29	0	0
NM_001267053.4	1259	1031.29	1.26912	0.0553814
NM_001267056.2	2433	2205.29	336.453	6.86595
NM_001267057.1	2638	2410.29	42.939	0.801722
NM_001267058.2	2236	2008.29	40.9435	0.917486
NM_001267059.2	2321	2093.29	8.22648	0.176859
NM_001267060.2	2282	2054.29	57.7025	1.26408
NM_001267061.2	2192	1964.29	42.0849	0.96419
NM_001267062.2	3854	3626.29	498.695	6.18891
NM_001267063.2	3851	3623.29	83.9192	1.04232
NM_001267064.2	3833	3605.29	128.177	1.59998
NM_001267065.2	3836	3608.29	591.318	7.37499
NM_001267066.2	3703	3475.29	14.3619	0.185979
NM_001267067.2	3682	3454.29	53.2313	0.693506
NM_001267068.2	3679	3451.29	0	0
NM_001267536.3	4553	4325.29	149.223	1.55261
NM_001267544.3	2587	2359.29	15.2957	0.291762
NM_001267545.3	2513	2285.29	0	0
NM_001267546.3	2419	2191.29	50.6936	1.04111
NM_001267547.3	2518	2290.29	762.012	14.9731
NM_001267548.3	2452	2224.29	22.5154	0.455544
NM_001267549.3	2589	2361.29	33.7994	0.644172
NM_001267550.2	109224	108996	24.6441	0.0101752
NM_001267551.2	955	727.293	58.4063	3.61403
NM_001267552.2	1052	824.293	23.8976	1.30471
NM_001267554.2	2877	2649.29	3	0.0509605
NM_001267556.2	1104	876.293	403.374	20.7158
NM_001267557.2	906	678.293	0	0
NM_001267558.2	1025	797.293	0	0
NM_001267559.2	841	613.427	24.2292	1.77754
NM_001267560.2	3076	2848.29	0.508458	0.00803364
NM_001267561.2	3072	2844.29	3.49154	0.055244
NM_001267562.2	2219	1991.29	0	0
NM_001267563.2	1889	1661.29	0	0
NM_001267564.2	2161	1933.29	0	0
NM_001267565.2	1076	848.293	2.40609	0.127646
NM_001267566.2	925	697.293	0	0
NM_001267567.2	1757	1529.29	0	0
NM_001267568.2	1680	1452.29	0	0
NM_001267569.2	1716	1488.29	12.9471	0.391496
NM_001267570.2	1689	1461.29	0	0
NM_001267571.2	3265	3037.29	2016.15	29.873
NM_001267572.1	2142	1914.29	58.3785	1.37242
NM_001267574.2	3234	3006.29	358.905	5.37267
NM_001267576.2	4170	3942.29	4.97275	0.0567662
NM_001267578.2	3810	3582.29	2843.08	35.7166
NM_001267580.2	2830	2602.29	46.3573	0.801686
NM_001267582.2	2931	2703.29	0	0
NM_001267584.2	4295	4067.29	18.9425	0.209592
NM_001267585.2	3401	3173.29	0	0
NM_001267586.2	3242	3014.29	0	0
NM_001267594.2	4456	4228.29	620.37	6.6028
NM_001267595.2	4803	4575.29	175.23	1.72358
NM_001267597.2	4816	4588.29	38.7072	0.379649
NM_001267598.2	1380	1152.29	6.60457	0.257943
NM_001267605.2	3431	3203.29	24.308	0.341503
NM_001267606.2	4180	3952.29	1.78315e-05	2.0304e-07
NM_001267607.3	3889	3661.29	0	0
NM_001267608.2	3136	2908.29	20.4826	0.316949
NM_001267609.1	8265	8037.29	17.9116	0.100292
NM_001267610.2	7987	7759.29	17.7047	0.102686
NM_001267611.1	7815	7587.29	85.0211	0.504292
NM_001267612.2	8257	8029.29	120.559	0.675718
NM_001267613.1	7664	7436.29	0	0
NM_001267614.1	7397	7169.29	0	0
NM_001267615.2	2135	1907.29	0.00648723	0.000153068
NM_001267616.2	3214	2986.29	0	0
NM_001267617.2	3180	2952.29	0	0
NM_001267618.2	2503	2275.29	0	0
NM_001267619.2	4056	3828.29	0	0
NM_001267623.2	914	686.293	0	0
NM_001267698.2	1180	952.293	118.417	5.59609
NM_001267699.2	1519	1291.29	176.128	6.13827
NM_001267700.1	1343	1115.29	506.83	20.4511
NM_001267706.2	3292	3064.29	0	0
NM_001267708.2	2831	2603.29	18.8021	0.325031
NM_001267709.2	2802	2574.29	53.3083	0.931922
NM_001267713.2	1307	1079.29	2.26903	0.0946113
NM_001267716.2	2600	2372.29	5.00179	0.0948854
NM_001267718.2	2205	1977.29	43.7771	0.996365
NM_001267721.2	1553	1325.29	0	0
NM_001267722.2	3672	3444.29	130.115	1.70008
NM_001267723.2	1817	1589.29	409	11.5814
NM_001267727.2	2554	2326.29	0	0
NM_001267728.1	1956	1728.29	356.323	9.2783
NM_001267774.2	1097	869.293	340.606	17.6331
NM_001267775.2	896	668.361	41.1534	2.771
NM_001267776.2	860	632.427	357.937	25.4706
NM_001267777.2	820	592.487	0	0
NM_001267778.2	756	528.701	2.30984	0.196614
NM_001267779.2	7616	7388.29	0	0
NM_001267782.2	5258	5030.29	22.259	0.199138
NM_001267783.2	4892	4664.29	288.857	2.78702
NM_001267797.2	3441	3213.29	13.4099	0.187809
NM_001267798.2	1395	1167.29	0	0
NM_001267803.2	5023	4795.29	1.73261	0.0162602
NM_001267804.2	5014	4786.29	22.7643	0.214041
NM_001267805.2	5010	4782.29	31.3711	0.295213
NM_001267806.2	4927	4699.29	82.0455	0.785714
NM_001267809.2	1871	1643.29	23.6222	0.646915
NM_001267810.1	1065	837.293	23.5527	1.26592
NM_001267812.2	2286	2058.29	17.6264	0.385389
NM_001267814.2	1950	1722.29	14.4306	0.377068
NM_001267817.2	864	636.427	70.6427	4.99529
NM_001267818.2	1136	908.293	65.2585	3.23335
NM_001267822.1	2448	2220.29	0	0
NM_001267827.2	2845	2617.29	0	0
NM_001267828.2	3024	2796.29	0	0
NM_001267843.2	10979	10751.3	0	0
NM_001267863.1	414	203.726	45.3176	10.0107
NM_001267864.1	436	222.144	26.3274	5.33354
NM_001267865.2	1898	1670.29	0	0
NM_001267866.2	1886	1658.29	0	0
NM_001267868.2	1835	1607.29	11.0823	0.310297
NM_001267869.2	1522	1294.29	0	0
NM_001267870.2	1362	1134.29	15.9395	0.632399
NM_001267871.2	1291	1063.29	0	0
NM_001267895.2	2122	1894.29	0	0
NM_001268.4	3075	2847.29	106.011	1.67557
NM_001268284.3	3733	3505.29	0	0
NM_001268285.3	3447	3219.29	21.9246	0.306488
NM_001269.6	2340	2112.29	1683.81	35.874
NM_001269039.3	3746	3518.29	24.0194	0.307236
NM_001269040.2	3566	3338.29	0	0
NM_001269041.2	3868	3640.29	0	0
NM_001269042.2	3563	3335.29	0	0
NM_001269043.2	2512	2284.29	2.04455	0.0402799
NM_001269044.3	3184	2956.29	0	0
NM_001269045.2	2651	2423.29	0	0
NM_001269046.2	3862	3634.29	0	0
NM_001269047.2	2702	2474.29	0	0
NM_001269048.3	2521	2293.29	0	0
NM_001269049.2	2262	2034.29	0	0
NM_001269050.3	2031	1803.29	0	0
NM_001269051.2	1509	1281.29	0	0
NM_001269052.3	1811	1583.29	0	0
NM_001269053.2	638	412.014	0	0
NM_001269054.2	2051	1823.29	1.00888	0.0249014
NM_001269055.3	1904	1676.29	1.00198	0.0269
NM_001270.4	8145	7917.29	1613.82	9.1732
NM_001270040.2	798	570.487	0	0
NM_001270041.2	1710	1482.29	0	0
NM_001270042.2	1736	1508.29	0	0
NM_001270362.2	1769	1541.29	2699.75	78.8279
NM_001270363.2	1607	1379.29	24.2211	0.790277
NM_001270364.2	3178	2950.29	0	0
NM_001270365.2	2761	2533.29	0	0
NM_001270366.2	2306	2078.29	0	0
NM_001270367.1	2100	1872.29	0	0
NM_001270368.1	2113	1885.29	0	0
NM_001270369.1	2152	1924.29	0	0
NM_001270370.2	2121	1893.29	19.0669	0.453214
NM_001270371.2	2136	1908.29	0	0
NM_001270372.2	2054	1826.29	11.4427	0.281967
NM_001270373.2	2093	1865.29	69.4301	1.67511
NM_001270374.2	2427	2199.29	0	0
NM_001270375.2	2359	2131.29	0	0
NM_001270377.2	2649	2421.29	226.056	4.20156
NM_001270378.2	3322	3094.29	10.8367	0.157608
NM_001270379.2	1703	1475.29	4.62614	0.141118
NM_001270380.3	4538	4310.29	2.78421	0.0290695
NM_001270381.3	4637	4409.29	3.40339e-07	3.47364e-09
NM_001270383.2	3337	3109.29	0	0
NM_001270384.2	6385	6157.29	357.215	2.61085
NM_001270391.2	5780	5552.29	0	0
NM_001270392.1	5818	5590.29	0	0
NM_001270393.2	1992	1764.29	1.88859	0.0481737
NM_001270394.2	1933	1705.29	0	0
NM_001270395.2	1598	1370.29	0	0
NM_001270396.2	2590	2362.29	0	0
NM_001270397.2	4087	3859.29	4.75787	0.0554814
NM_001270398.2	4141	3913.29	235.137	2.70409
NM_001270399.2	2232	2004.29	285.245	6.40471
NM_001270400.2	1760	1532.29	21.0539	0.618348
NM_001270401.2	2897	2669.29	529.093	8.92027
NM_001270402.3	3330	3102.29	0	0
NM_001270403.2	3298	3070.29	0	0
NM_001270404.3	3219	2991.29	0	0
NM_001270405.3	3146	2918.29	0	0
NM_001270406.2	1304	1076.29	0	0
NM_001270407.2	4243	4015.29	0	0
NM_001270408.2	1772	1544.29	13.9876	0.407619
NM_001270409.1	3240	3012.29	3.58528	0.0535635
NM_001270410.2	3084	2856.29	84.3305	1.32869
NM_001270411.2	1515	1287.29	0	0
NM_001270419.2	2116	1888.29	104.552	2.49176
NM_001270420.2	1557	1329.29	0	0
NM_001270421.2	1447	1219.29	0	0
NM_001270422.2	4195	3967.29	0	0
NM_001270424.1	1239	1011.29	0	0
NM_001270425.2	4272	4044.29	804.038	8.94697
NM_001270427.2	3252	3024.29	0	0
NM_001270428.2	1114	886.293	0	0
NM_001270433.2	1160	932.293	1883.61	90.9244
NM_001270434.2	1202	974.293	35.6359	1.64604
NM_001270436.2	4982	4754.29	88.8114	0.840669
NM_001270437.2	5038	4810.29	297.242	2.78087
NM_001270438.2	5014	4786.29	0	0
NM_001270439.2	7275	7047.29	47.7327	0.304815
NM_001270440.2	2073	1845.29	1.00204	0.0244379
NM_001270441.2	1023	795.293	0	0
NM_001270442.2	1011	783.293	0	0
NM_001270443.2	1000	772.293	0	0
NM_001270444.2	988	760.293	0	0
NM_001270445.2	982	754.293	0	0
NM_001270447.2	2227	1999.29	0	0
NM_001270448.2	2259	2031.29	1452.65	32.1834
NM_001270449.2	1466	1238.29	19.1124	0.694599
NM_001270450.2	1121	893.293	29.5945	1.49094
NM_001270451.2	1133	905.293	4.20104e-05	2.08838e-06
NM_001270452.2	1059	831.293	0	0
NM_001270453.2	4225	3997.29	0	0
NM_001270454.2	4487	4259.29	585.598	6.18734
NM_001270455.2	2634	2406.29	149.489	2.79578
NM_001270458.2	5332	5104.29	3.64332	0.0321221
NM_001270459.2	2164	1936.29	0	0
NM_001270460.2	2161	1933.29	0	0
NM_001270461.3	1912	1684.29	0	0
NM_001270462.3	1819	1591.29	0	0
NM_001270463.3	1770	1542.29	0	0
NM_001270464.3	1725	1497.29	0	0
NM_001270465.3	1796	1568.29	19.9639	0.572876
NM_001270466.3	1470	1242.29	0	0
NM_001270467.2	2653	2425.29	78.9613	1.46518
NM_001270468.2	2581	2353.29	309.604	5.92069
NM_001270469.2	2431	2203.29	117.317	2.39625
NM_001270470.1	2888	2660.29	97.0489	1.64174
NM_001270471.2	2386	2158.29	0.112732	0.00235061
NM_001270472.3	2955	2727.29	177.541	2.92961
NM_001270473.2	3868	3640.29	95.2106	1.17704
NM_001270474.2	3826	3598.29	396.702	4.96147
NM_001270476.2	2990	2762.29	36.0032	0.586561
NM_001270481.2	844	616.427	8.7906	0.641769
NM_001270482.2	3971	3743.29	610.053	7.33425
NM_001270483.1	1111	883.293	49.6391	2.52907
NM_001270484.2	2205	1977.29	0	0
NM_001270485.2	4905	4677.29	518.171	4.98564
NM_001270486.1	4523	4295.29	0	0
NM_001270488.1	1490	1262.29	70.1273	2.50017
NM_001270490.2	556	332.141	6.45377	0.874447
NM_001270491.2	1051	823.293	39.2898	2.14767
NM_001270492.2	6820	6592.29	9.21309	0.0628943
NM_001270497.3	3957	3729.29	0	0
NM_001270500.2	961	733.293	0	0
NM_001270501.2	1154	926.293	0	0
NM_001270502.2	1005	777.293	0	0
NM_001270507.2	4641	4413.29	0	0
NM_001270508.2	4665	4437.29	1235.97	12.5352
NM_001270517.2	1315	1087.29	28.7229	1.18884
NM_001270519.2	2568	2340.29	44.1066	0.848155
NM_001270520.2	5890	5662.29	615.859	4.89476
NM_001270521.2	4600	4372.29	86.2395	0.887645
NM_001270522.2	4453	4225.29	114.419	1.21866
NM_001270523.2	2987	2759.29	0	0
NM_001270524.2	3140	2912.29	0	0
NM_001270525.2	2935	2707.29	0	0
NM_001270526.2	3054	2826.29	8.27979	0.131839
NM_001270527.2	1204	976.293	0	0
NM_001270528.2	5932	5704.29	67.2178	0.530304
NM_001270529.2	5902	5674.29	537.248	4.26094
NM_001270530.2	5791	5563.29	128.944	1.04306
NM_001270531.2	2105	1877.29	506.269	12.1364
NM_001270532.2	1507	1279.29	179.474	6.31357
NM_001270533.2	1488	1260.29	0.0702225	0.00250753
NM_001270539.2	895	667.361	0	0
NM_001270546.1	9146	8918.29	1155.29	5.82978
NM_001270550.1	1194	966.293	79.4023	3.698
NM_001270551.3	1128	900.293	19.5194	0.975721
NM_001270552.3	662	435.717	3.78186	0.390609
NM_001270572.1	4182	3954.29	0	0
NM_001270573.2	4141	3913.29	0	0
NM_001270574.2	4033	3805.29	9.78459	0.115717
NM_001270584.2	3092	2864.29	0	0
NM_001270585.2	3062	2834.29	0	0
NM_001270601.2	2036	1808.29	1	0.0248871
NM_001270614.2	1920	1692.29	0	0
NM_001270615.2	1890	1662.29	29.4957	0.798534
NM_001270616.2	8468	8240.29	0	0
NM_001270622.2	11916	11688.3	0	0
NM_001270623.2	11936	11708.3	1292.43	4.9677
NM_001270629.2	2148	1920.29	257.541	6.03561
NM_001270639.2	834	606.427	442.322	32.8248
NM_001270640.2	831	603.427	172.476	12.8631
NM_001270641.2	708	480.9	108.101	10.1162
NM_001270643.2	2732	2504.29	134.599	2.41879
NM_001270648.3	3885	3657.29	0	0
NM_001270649.2	3858	3630.29	0	0
NM_001270660.2	9497	9269.29	398.343	1.93398
NM_001270661.2	9326	9098.29	0	0
NM_001270679.2	2874	2646.29	0	0
NM_001270680.3	2982	2754.29	56.5869	0.924587
NM_001270686.2	873	645.427	50.377	3.51259
NM_001270691.2	2254	2026.29	133.291	2.96034
NM_001270695.1	5090	4862.29	659.262	6.10182
NM_001270696.2	4970	4742.29	435.432	4.13214
NM_001270697.1	4964	4736.29	301.431	2.86412
NM_001270698.2	4829	4601.29	578.762	5.6606
NM_001270699.1	4716	4488.29	0.69686	0.00698726
NM_001270707.2	1429	1201.29	31.2548	1.17087
NM_001270708.2	1256	1028.29	43.7615	1.91522
NM_001270709.2	1234	1006.29	107.962	4.82822
NM_001270710.2	1037	809.293	83.1565	4.62416
NM_001270726.1	4961	4733.29	1.57042e-07	1.49312e-09
NM_001270727.1	4817	4589.29	40.7051	0.399158
NM_001270728.2	4624	4396.29	0	0
NM_001270729.2	4802	4574.29	56.5302	0.556159
NM_001270730.2	4631	4403.29	0	0
NM_001270731.2	4889	4661.29	275.604	2.66086
NM_001270732.2	4732	4504.29	49.015	0.489716
NM_001270733.2	4224	3996.29	247.306	2.78496
NM_001270734.2	4745	4517.29	40.0125	0.398621
NM_001270735.2	4588	4360.29	10.6813	0.110243
NM_001270764.2	4809	4581.29	325.667	3.1991
NM_001270765.2	3594	3366.29	69.6769	0.931493
NM_001270766.2	1107	879.293	137.251	7.02465
NM_001270767.2	1041	813.293	37.6205	2.08171
NM_001270768.2	3127	2899.29	0	0
NM_001270771.3	6141	5913.29	0	0
NM_001270780.2	744	516.753	0	0
NM_001270781.2	678	451.406	0	0
NM_001270782.2	4929	4701.29	101.55	0.972088
NM_001270805.2	4389	4161.29	0	0
NM_001270837.2	1661	1433.29	0	0
NM_001270841.2	815	587.487	0	0
NM_001270873.2	1617	1389.29	5.0863	0.164759
NM_001270875.3	4702	4474.29	1094.57	11.0094
NM_001270876.3	4375	4147.29	52.6366	0.57117
NM_001270879.2	1120	892.293	13.0816	0.659773
NM_001270880.2	2133	1905.29	8.65113	0.20434
NM_001270881.2	2076	1848.29	232.057	5.65022
NM_001270888.2	1969	1741.29	8.05071	0.208068
NM_001270890.2	6218	5990.29	0	0
NM_001270891.2	758	530.648	11.9694	1.0151
NM_001270892.2	732	504.753	0	0
NM_001270893.2	690	463.088	0	0
NM_001270894.2	1306	1078.29	80.3313	3.35266
NM_001270895.2	1303	1075.29	4.16701	0.174397
NM_001270896.2	1527	1299.29	279.839	9.69265
NM_001270897.2	1084	856.293	30.2456	1.58958
NM_001270927.2	4399	4171.29	0	0
NM_001270928.2	4416	4188.29	1.3336	0.0143295
NM_001270929.2	4411	4183.29	6.85903	0.0737881
NM_001270930.2	4537	4309.29	0	0
NM_001270934.2	9090	8862.29	0	0
NM_001270938.2	4438	4210.29	0	0
NM_001270940.2	4673	4445.29	385.856	3.90631
NM_001270941.2	9153	8925.29	0	0
NM_001270942.1	8021	7793.29	0.802039	0.00463145
NM_001270943.2	7990	7762.29	22.7591	0.131949
NM_001270944.2	7954	7726.29	0	0
NM_001270949.2	7364	7136.29	0	0
NM_001270950.2	7311	7083.29	0	0
NM_001270951.2	7197	6969.29	0	0
NM_001270952.2	1028	800.293	80.8175	4.54463
NM_001270953.2	1859	1631.29	0	0
NM_001270960.2	1232	1004.29	1119.51	50.1662
NM_001270965.2	3871	3643.29	0	0
NM_001270966.2	3374	3146.29	0	0
NM_001270974.2	21046	20818.3	3.94924	0.00853711
NM_001270975.2	4561	4333.29	1594.08	16.5552
NM_001270976.1	4154	3926.29	927.196	10.6275
NM_001270977.2	4468	4240.29	285.832	3.03359
NM_001270978.2	4189	3961.29	14.6223	0.16612
NM_001270979.1	3583	3355.29	33.0068	0.442706
NM_001270987.2	2276	2048.29	0	0
NM_001270989.2	2681	2453.29	13.9478	0.255857
NM_001270990.2	2555	2327.29	7.27875e-07	1.4075e-08
NM_001270991.2	2528	2300.29	0	0
NM_001270992.2	2528	2300.29	6.45883	0.126361
NM_001270993.2	2501	2273.29	0	0
NM_001270998.2	1198	970.293	439.011	20.3617
NM_001270999.2	1069	841.293	14.3149	0.765744
NM_001271.4	9350	9122.29	2952.95	14.5678
NM_001271003.2	2174	1946.29	88.2353	2.04022
NM_001271004.2	2131	1903.29	1617.38	38.2428
NM_001271006.2	765	537.541	641.347	53.6938
NM_001271007.2	696	468.994	190.375	18.2678
NM_001271010.2	3996	3768.29	0	0
NM_001271012.2	3428	3200.29	0	0
NM_001271014.2	4768	4540.29	990.154	9.81434
NM_001271015.3	904	676.361	46.0283	3.06259
NM_001271021.2	1442	1214.29	5.5421	0.205397
NM_001271022.2	4366	4138.29	24.6637	0.268212
NM_001271023.2	4617	4389.29	42.6757	0.437551
NM_001271025.2	1319	1091.29	0	0
NM_001271028.2	5927	5699.29	0	0
NM_001271033.2	4075	3847.29	0	0
NM_001271035.2	2100	1872.29	0	0
NM_001271036.2	2255	2027.29	0	0
NM_001271037.2	1997	1769.29	0	0
NM_001271043.2	5733	5505.29	223.218	1.8247
NM_001271044.3	5535	5307.29	10643.5	90.2511
NM_001271049.2	2823	2595.29	0	0
NM_001271052.1	6024	5796.29	0	0
NM_001271068.2	878	650.427	14.0825	0.974366
NM_001271069.2	506	285.56	14.1483	2.22971
NM_001271082.2	2361	2133.29	0	0
NM_001271087.2	1544	1316.29	0	0
NM_001271088.2	1242	1014.29	0	0
NM_001271096.2	1814	1586.29	396.77	11.2564
NM_001271097.2	1730	1502.29	483.358	14.4796
NM_001271098.2	1865	1637.29	285.041	7.8347
NM_001271099.2	1781	1553.29	308.889	8.94936
NM_001271100.2	1839	1611.29	0.0726851	0.00203008
NM_001271142.2	3439	3211.29	4.44887e-07	6.23466e-09
NM_001271145.2	3409	3181.29	0	0
NM_001271146.2	3369	3141.29	47.5982	0.681906
NM_001271147.2	3343	3115.29	0	0
NM_001271148.2	3127	2899.29	0	0
NM_001271156.3	3166	2938.29	182.278	2.79178
NM_001271161.2	11981	11753.3	2.58685e-06	9.905e-09
NM_001271162.2	11043	10815.3	0	0
NM_001271164.2	4876	4648.29	138.199	1.33799
NM_001271165.2	5008	4780.29	98.4492	0.92683
NM_001271166.2	5151	4923.29	23.8678	0.218172
NM_001271168.2	1667	1439.29	0	0
NM_001271183.2	3354	3126.29	1.39613	0.0200973
NM_001271184.2	3515	3287.29	18.8885	0.258584
NM_001271186.2	3972	3744.29	9.01194e-05	1.08316e-06
NM_001271187.2	3307	3079.29	31.0143	0.453266
NM_001271197.3	2045	1817.29	0	0
NM_001271208.2	26296	26068.3	0	0
NM_001271209.2	428	215.312	0	0
NM_001271213.2	1797	1569.29	18.71	0.536552
NM_001271223.3	27013	26785.3	21.0709	0.035402
NM_001271282.3	10263	10035.3	0	0
NM_001271285.2	819	591.487	73.8573	5.61941
NM_001271286.2	3444	3216.29	13.2826	0.185854
NM_001271287.2	3472	3244.29	199.099	2.7618
NM_001271288.2	3469	3241.29	45.8425	0.636492
NM_001271289.2	3433	3205.29	0	0
NM_001271314.2	3731	3503.29	0	0
NM_001271318.2	3632	3404.29	166.833	2.20545
NM_001271329.2	2054	1826.29	7.00579	0.172635
NM_001271367.2	4880	4652.29	72.3905	0.700256
NM_001271368.2	5373	5145.29	162.435	1.42073
NM_001271420.2	3187	2959.29	171.832	2.61312
NM_001271427.2	6637	6409.29	961.259	6.74951
NM_001271428.2	6637	6409.29	246.934	1.73386
NM_001271429.2	6574	6346.29	37.5149	0.266027
NM_001271440.2	2218	1990.29	224.04	5.06584
NM_001271441.2	2578	2350.29	28.9149	0.553659
NM_001271442.1	2159	1931.29	0	0
NM_001271457.2	1182	954.293	0	0
NM_001271458.2	1090	862.293	0	0
NM_001271466.4	8122	7894.29	97.0511	0.55326
NM_001271471.3	2411	2183.29	26.6593	0.549514
NM_001271507.2	4182	3954.29	0	0
NM_001271512.3	4185	3957.29	699.618	7.95619
NM_001271518.2	11820	11592.3	19.6132	0.0761417
NM_001271519.2	6177	5949.29	0	0
NM_001271520.2	1352	1124.29	125.513	5.02401
NM_001271521.2	915	687.293	460.64	30.1621
NM_001271522.2	2950	2722.29	238.694	3.94593
NM_001271534.3	8517	8289.29	9.99864	0.0542832
NM_001271539.2	2046	1818.29	0	0
NM_001271560.3	1234	1006.29	0	0
NM_001271561.3	2431	2203.29	1381.52	28.2181
NM_001271562.2	1980	1752.29	45.4554	1.1674
NM_001271572.2	2615	2387.29	0	0
NM_001271573.2	2592	2364.29	54.323	1.03401
NM_001271581.3	20006	19778.3	615.517	1.40053
NM_001271592.2	4823	4595.29	1486.46	14.5573
NM_001271593.2	2529	2301.29	17.1008	0.334416
NM_001271594.2	9279	9051.29	0	0
NM_001271602.2	4659	4431.29	0	0
NM_001271604.4	1410	1182.29	0	0
NM_001271605.3	1561	1333.29	0	0
NM_001271606.2	1702	1474.29	11.8995	0.363234
NM_001271608.2	3825	3597.29	0	0
NM_001271609.2	1300	1072.29	27.9146	1.17155
NM_001271610.2	1394	1166.29	79.0834	3.05154
NM_001271611.2	1157	929.293	2.5759	0.124743
NM_001271618.2	2991	2763.29	886.998	14.4457
NM_001271620.2	7779	7551.29	0	0
NM_001271629.2	5765	5537.29	0	0
NM_001271634.2	3916	3688.29	54.9555	0.670546
NM_001271635.2	1167	939.293	496.553	23.7907
NM_001271637.2	2583	2355.29	22.8557	0.436708
NM_001271638.2	2590	2362.29	11.7485	0.223815
NM_001271639.2	2579	2351.29	27.9604	0.535155
NM_001271640.2	2638	2410.29	22.3579	0.41745
NM_001271641.2	1955	1727.29	6161.05	160.521
NM_001271643.2	3360	3132.29	17.5044	0.251494
NM_001271644.2	3058	2830.29	0	0
NM_001271649.2	2374	2146.29	43.2669	0.907212
NM_001271650.2	4467	4239.29	0	0
NM_001271661.2	5610	5382.29	37.9135	0.317007
NM_001271662.2	5976	5748.29	288.57	2.2592
NM_001271665.2	4144	3916.29	17.7638	0.204129
NM_001271667.2	1428	1200.29	37.8279	1.4183
NM_001271668.2	1332	1104.29	20.5432	0.837192
NM_001271669.2	1278	1050.29	23.7876	1.01925
NM_001271675.2	4729	4501.29	10.7489	0.107465
NM_001271680.2	358	158.891	0	0
NM_001271681.2	1458	1230.29	98.3893	3.599
NM_001271684.2	14068	13840.3	18.3891	0.0597939
NM_001271685.2	14282	14054.3	2.22102e-06	7.11189e-09
NM_001271686.2	2140	1912.29	6.64046	0.156274
NM_001271696.3	4592	4364.29	216.915	2.23676
NM_001271697.3	4472	4244.29	0	0
NM_001271698.3	4514	4286.29	18.526	0.19451
NM_001271699.3	4475	4247.29	0	0
NM_001271700.2	1423	1195.29	16	0.602404
NM_001271702.2	2134	1906.29	0	0
NM_001271703.2	1834	1606.29	0	0
NM_001271706.1	743	515.753	0	0
NM_001271707.2	2646	2418.29	95.4856	1.77693
NM_001271711.2	1999	1771.29	20.1423	0.511754
NM_001271712.2	1775	1547.29	0	0
NM_001271718.2	722	494.802	0	0
NM_001271719.2	682	455.179	0	0
NM_001271720.2	677	450.406	0	0
NM_001271721.2	637	411.055	0	0
NM_001271722.2	568	343.63	0	0
NM_001271723.2	3666	3438.29	667.894	8.74192
NM_001271732.2	3275	3047.29	19.5141	0.288189
NM_001271734.2	1821	1593.29	150.018	4.23732
NM_001271735.2	1839	1611.29	7.24109	0.202242
NM_001271736.2	1974	1746.29	49.5434	1.27676
NM_001271741.2	5324	5096.29	3163.78	27.938
NM_001271742.2	5030	4802.29	145.187	1.36057
NM_001271748.2	3058	2830.29	70.6358	1.12314
NM_001271749.2	6720	6492.29	35.1099	0.243374
NM_001271750.2	6671	6443.29	0	0
NM_001271751.2	5947	5719.29	11.84	0.0931646
NM_001271752.1	1216	988.293	0	0
NM_001271754.2	4800	4572.29	1130.43	11.1263
NM_001271755.2	2289	2061.29	123.893	2.7049
NM_001271756.2	2064	1836.29	4.37578e-05	1.0724e-06
NM_001271762.2	1902	1674.29	124.166	3.33743
NM_001271763.2	1877	1649.29	0	0
NM_001271765.2	1981	1753.29	1.92346	0.049371
NM_001271769.2	5796	5568.29	209.043	1.68949
NM_001271774.2	3597	3369.29	0	0
NM_001271775.2	3690	3462.29	0	0
NM_001271776.2	3660	3432.29	384.85	5.04602
NM_001271779.2	1521	1293.29	76.9242	2.67675
NM_001271780.2	1345	1117.29	0	0
NM_001271781.2	1245	1017.29	43.9744	1.94534
NM_001271783.2	3538	3310.29	439.287	5.97206
NM_001271784.2	3410	3182.29	0	0
NM_001271785.2	4314	4086.29	1.59332	0.0175476
NM_001271786.2	4330	4102.29	0	0
NM_001271787.2	4290	4062.29	0	0
NM_001271788.2	4276	4048.29	1004.24	11.1637
NM_001271789.2	4236	4008.29	2805.3	31.4965
NM_001271790.2	4273	4045.29	0	0
NM_001271803.2	2131	1903.29	39.0564	0.923482
NM_001271804.2	1973	1745.29	0	0
NM_001271805.2	2019	1791.29	0	0
NM_001271807.1	1303	1075.29	0	0
NM_001271808.1	1023	795.293	0	0
NM_001271811.2	2667	2439.29	0	0
NM_001271814.2	2544	2316.29	22.0089	0.427609
NM_001271815.2	2432	2204.29	0	0
NM_001271816.2	4256	4028.29	267.381	2.98711
NM_001271818.2	10770	10542.3	226.747	0.967939
NM_001271819.2	10509	10281.3	34.1507	0.149484
NM_001271821.2	789	561.487	0	0
NM_001271822.2	1731	1503.29	478.287	14.3182
NM_001271823.2	1812	1584.29	181.268	5.14907
NM_001271824.2	1357	1129.29	1447.08	57.6671
NM_001271825.2	1517	1289.29	72.4879	2.53021
NM_001271826.2	12641	12413.3	178.397	0.646759
NM_001271828.2	1193	965.293	33.8118	1.57635
NM_001271830.2	474	256.047	0	0
NM_001271831.2	881	653.427	0.203846	0.0140394
NM_001271832.2	2553	2325.29	172	3.32885
NM_001271833.2	3268	3040.29	7.10231	0.10513
NM_001271834.2	2397	2169.29	0	0
NM_001271835.1	4082	3854.29	14.386	0.167973
NM_001271836.2	4258	4030.29	72.6314	0.811017
NM_001271837.2	6272	6044.29	151.314	1.12661
NM_001271838.2	2597	2369.29	534.552	10.1534
NM_001271840.1	4553	4325.29	0	0
NM_001271842.1	2403	2175.29	1.73188	0.0358295
NM_001271844.2	9787	9559.29	0	0
NM_001271845.2	9826	9598.29	46.4393	0.217738
NM_001271846.2	1169	941.293	0	0
NM_001271848.2	2852	2624.29	67.5754	1.15883
NM_001271849.2	1050	822.293	66.3812	3.63296
NM_001271850.2	1103	875.293	0	0
NM_001271851.2	2579	2351.29	0	0
NM_001271852.3	12903	12675.3	444.212	1.57715
NM_001271853.3	12917	12689.3	119.039	0.422176
NM_001271854.2	3909	3681.29	88.2814	1.07922
NM_001271855.2	3696	3468.29	0	0
NM_001271856.2	1719	1491.29	6.63525	0.200233
NM_001271862.2	1815	1587.29	0	0
NM_001271863.2	3209	2981.29	0	0
NM_001271864.2	2669	2441.29	0	0
NM_001271865.2	2884	2656.29	0	0
NM_001271866.2	3198	2970.29	39.8286	0.603446
NM_001271867.2	3247	3019.29	51.0452	0.760838
NM_001271868.2	3163	2935.29	0	0
NM_001271869.2	3477	3249.29	1066.02	14.7645
NM_001271870.5	6900	6672.29	490.837	3.31058
NM_001271872.3	7088	6860.29	558.982	3.66688
NM_001271874.2	2417	2189.29	1162.49	23.8961
NM_001271875.2	3710	3482.29	1846.57	23.8639
NM_001271876.1	1724	1496.29	0	0
NM_001271877.1	1518	1290.29	0	0
NM_001271878.2	2596	2368.29	334.697	6.36001
NM_001271880.2	571	346.526	0	0
NM_001271882.2	1090	862.293	0	0
NM_001271885.2	3091	2863.29	24.8634	0.390784
NM_001271886.2	3277	3049.29	354.379	5.23012
NM_001271888.2	1464	1236.29	8.14099	0.296345
NM_001271889.2	1352	1124.29	0	0
NM_001271890.2	3601	3373.29	0.307231	0.00409877
NM_001271891.2	3599	3371.29	0.692769	0.00924771
NM_001271893.4	1342	1114.29	3035.42	122.592
NM_001271895.2	2481	2253.29	227.994	4.55353
NM_001271896.2	2337	2109.29	7.53899	0.160849
NM_001271899.1	2051	1823.29	0	0
NM_001271900.2	10917	10689.3	0	0
NM_001271904.1	2665	2437.29	291.397	5.38046
NM_001271905.2	2136	1908.29	0	0
NM_001271906.2	2068	1840.29	55.793	1.36438
NM_001271907.2	1460	1232.29	39.4788	1.44176
NM_001271908.2	1378	1150.29	0	0
NM_001271909.3	1527	1299.29	83.248	2.88343
NM_001271910.2	1458	1230.29	3.49748	0.127935
NM_001271918.2	1215	987.293	534.165	24.3485
NM_001271919.2	959	731.293	158.981	9.78352
NM_001271920.2	1117	889.293	81.1652	4.1074
NM_001271921.2	929	701.293	52.3426	3.35891
NM_001271922.2	1021	793.293	26.1947	1.48601
NM_001271926.3	2086	1858.29	25.7298	0.62311
NM_001271927.3	7059	6831.29	1.35316e-08	8.91435e-11
NM_001271928.3	6966	6738.29	0	0
NM_001271933.2	5547	5319.29	0	0
NM_001271934.2	4919	4691.29	43.1922	0.414338
NM_001271935.1	4528	4300.29	0	0
NM_001271937.2	1430	1202.29	80.8726	3.02714
NM_001271938.2	11137	10909.3	2615.04	10.7876
NM_001271942.1	1122	894.293	0	0
NM_001271943.2	2078	1850.29	0	0
NM_001271944.2	2333	2105.29	66.6824	1.42541
NM_001271945.2	2163	1935.29	0	0
NM_001271946.2	9737	9509.29	0	0
NM_001271948.2	11308	11080.3	0	0
NM_001271949.2	3730	3502.29	0	0
NM_001271950.2	3706	3478.29	46.0756	0.596138
NM_001271951.2	1463	1235.29	353.886	12.8925
NM_001271952.2	1392	1164.29	10.6805	0.412829
NM_001271953.2	1302	1074.29	41.068	1.72038
NM_001271954.2	1323	1095.29	211.544	8.69187
NM_001271955.2	1188	960.293	4.00077	0.187492
NM_001271956.2	1057	829.293	387.004	21.0015
NM_001271957.2	2474	2246.29	102.77	2.05894
NM_001271958.2	2038	1810.29	3021.98	75.1252
NM_001271959.2	2356	2128.29	58.6529	1.24022
NM_001271960.2	2203	1975.29	0	0
NM_001271961.2	1907	1679.29	17.6109	0.471952
NM_001271969.2	2568	2340.29	285.914	5.49803
NM_001271970.2	2611	2383.29	18.9072	0.357019
NM_001271971.2	2411	2183.29	11.4224	0.235445
NM_001271972.2	2525	2297.29	26.7163	0.523362
NM_001271977.2	4515	4287.29	472.703	4.96189
NM_001271978.2	4583	4355.29	0	0
NM_001271979.2	4284	4056.29	96.8272	1.07426
NM_001271980.2	4222	3994.29	0	0
NM_001271985.2	1405	1177.29	9.94681	0.380226
NM_001271989.2	2670	2442.29	6.86111	0.126427
NM_001271995.2	2585	2357.29	0	0
NM_001271996.2	2582	2354.29	0	0
NM_001271997.2	2481	2253.29	0	0
NM_001271998.2	2753	2525.29	30.5094	0.543706
NM_001271999.2	7200	6972.29	107.799	0.695793
NM_001272000.2	7113	6885.29	405.612	2.65113
NM_001272001.2	7107	6879.29	3467.32	22.6826
NM_001272002.2	2699	2471.29	8.9949	0.1638
NM_001272003.2	7051	6823.29	0	0
NM_001272004.3	3997	3769.29	586.27	6.99971
NM_001272005.2	2337	2109.29	0	0
NM_001272007.2	2465	2237.29	4.83012	0.0971577
NM_001272011.2	1819	1591.29	0	0
NM_001272012.2	6493	6265.29	41.8209	0.300396
NM_001272013.2	6585	6357.29	6282.21	44.4716
NM_001272019.4	3773	3545.29	0	0
NM_001272020.2	9153	8925.29	39.0046	0.196669
NM_001272034.2	1918	1690.29	44.6991	1.19009
NM_001272036.2	5404	5176.29	0	0
NM_001272037.2	4020	3792.29	0	0
NM_001272038.2	1347	1119.29	58.3282	2.34518
NM_001272039.2	5542	5314.29	1.786e-05	1.51244e-07
NM_001272042.2	5359	5131.29	68.9071	0.604337
NM_001272043.2	4238	4010.29	0	0
NM_001272044.2	5557	5329.29	136.16	1.1498
NM_001272046.2	5846	5618.29	0	0
NM_001272049.2	2064	1836.29	0	0
NM_001272050.2	5185	4957.29	0	0
NM_001272051.2	917	689.293	338	22.0676
NM_001272053.2	1455	1227.29	5752.04	210.919
NM_001272060.2	5428	5200.29	831.725	7.1977
NM_001272061.2	2606	2378.29	147.314	2.78754
NM_001272062.2	2507	2279.29	354.217	6.99377
NM_001272063.2	2537	2309.29	1744.44	33.9954
NM_001272065.3	2013	1785.29	0	0
NM_001272066.2	2059	1831.29	0	0
NM_001272067.2	2266	2038.29	48.959	1.08096
NM_001272068.2	2431	2203.29	29.4307	0.601132
NM_001272069.2	2656	2428.29	73.1313	1.35533
NM_001272071.2	2128	1900.29	0	0
NM_001272072.2	2666	2438.29	0	0
NM_001272073.2	2416	2188.29	0	0
NM_001272075.2	3449	3221.29	82.1394	1.14753
NM_001272077.2	1150	922.293	0	0
NM_001272082.4	1789	1561.29	2912.76	83.9581
NM_001272083.4	1963	1735.29	104.951	2.7218
NM_001272087.2	3153	2925.29	7	0.107689
NM_001272088.2	1981	1753.29	0	0
NM_001272095.1	1630	1402.29	113.721	3.6496
NM_001272096.1	1516	1288.29	11.6344	0.406418
NM_001272101.2	2968	2740.29	6.66015	0.109378
NM_001272102.2	643	416.972	5.99408	0.64693
NM_001272103.2	2696	2468.29	80.6587	1.47061
NM_001272104.2	2011	1783.29	0.00160138	4.04123e-05
NM_001272105.2	2083	1855.29	0	0
NM_001272106.2	1977	1749.29	0	0
NM_001272107.2	2146	1918.29	10.3858	0.243649
NM_001272108.2	1636	1408.29	0	0
NM_001272109.2	1901	1673.29	2.55178	0.06863
NM_001272110.2	1884	1656.29	4.06086	0.110337
NM_001272111.2	1842	1614.29	0	0
NM_001272112.2	1669	1441.29	0	0
NM_001272113.2	1539	1311.29	0	0
NM_001273.5	6491	6263.29	6045.47	43.438
NM_001274.5	3517	3289.29	870.162	11.9053
NM_001275.4	1985	1757.29	0	0
NM_001276.4	1747	1519.29	340.064	10.0731
NM_001276249.1	8138	7910.29	0	0
NM_001276251.2	8679	8451.29	0	0
NM_001276252.2	4706	4478.29	1616.63	16.2457
NM_001276253.2	577	352.35	0	0
NM_001276254.2	1636	1408.29	0	0
NM_001276260.2	2653	2425.29	5.50609	0.10217
NM_001276261.2	2631	2403.29	0	0
NM_001276262.2	1460	1232.29	59.8383	2.18528
NM_001276264.2	1991	1763.29	0	0
NM_001276265.1	1512	1284.29	0	0
NM_001276266.2	3102	2874.29	0	0
NM_001276267.2	3035	2807.29	0	0
NM_001276268.2	2694	2466.29	0	0
NM_001276270.2	2394	2166.29	928.284	19.2844
NM_001276271.2	2107	1879.29	398.764	9.54912
NM_001276272.2	2359	2131.29	0.744802	0.0157268
NM_001276273.2	1458	1230.29	0	0
NM_001276274.2	1027	799.293	22.6931	1.2777
NM_001276275.2	2319	2091.29	5389.97	115.988
NM_001276276.2	1625	1397.29	131.756	4.24352
NM_001276277.3	15369	15141.3	330.585	0.982568
NM_001276282.4	1811	1583.29	0	0
NM_001276286.2	8000	7772.29	0	0
NM_001276289.2	4386	4158.29	140.019	1.51535
NM_001276290.1	1218	990.293	278.669	12.6639
NM_001276293.2	3181	2953.29	482.961	7.3595
NM_001276294.2	2598	2370.29	170.448	3.23619
NM_001276307.3	1495	1267.29	0	0
NM_001276309.3	1355	1127.29	103.111	4.11633
NM_001276310.2	2344	2116.29	13.8779	0.295115
NM_001276311.2	1297	1069.29	0	0
NM_001276312.3	1846	1618.29	6.986	0.194274
NM_001276318.2	4775	4547.29	223	2.20696
NM_001276320.2	6427	6199.29	34.062	0.247269
NM_001276325.2	1656	1428.29	16.4266	0.517573
NM_001276326.2	2690	2462.29	0	0
NM_001276327.2	2468	2240.29	0	0
NM_001276331.2	628	402.259	3	0.335628
NM_001276336.2	3442	3214.29	877.824	12.2903
NM_001276337.2	3307	3079.29	125.932	1.84047
NM_001276342.1	1958	1730.29	29.7318	0.773292
NM_001276343.3	2535	2307.29	58.4065	1.1392
NM_001276345.2	1165	937.293	0	0
NM_001276346.2	1036	808.293	0	0
NM_001276347.2	1268	1040.29	0	0
NM_001276348.2	1055	827.293	0	0
NM_001276349.2	978	750.293	4	0.239923
NM_001276351.2	2187	1959.29	0	0
NM_001276352.2	2213	1985.29	0	0
NM_001276366.4	1845	1617.29	1	0.0278262
NM_001276367.4	1924	1696.29	0	0
NM_001276368.4	1863	1635.29	1	0.0275199
NM_001276373.2	1760	1532.29	21.2042	0.622763
NM_001276374.2	1268	1040.29	0	0
NM_001276375.2	1235	1007.29	0	0
NM_001276376.2	1215	987.293	0	0
NM_001276378.2	4346	4118.29	0	0
NM_001276379.2	4117	3889.29	0	0
NM_001276380.2	3188	2960.29	1801.66	27.3892
NM_001276385.2	3865	3637.29	131.306	1.6246
NM_001276389.2	1997	1769.29	35.5672	0.904674
NM_001276392.2	2195	1967.29	0	0
NM_001276393.2	2247	2019.29	0	0
NM_001276394.2	2109	1881.29	1.78491	0.0426974
NM_001276395.2	2216	1988.29	0	0
NM_001276405.2	1722	1494.29	158.691	4.77923
NM_001276414.2	4289	4061.29	12.1884	0.13506
NM_001276418.2	8998	8770.29	0.00587978	3.0171e-05
NM_001276435.2	8538	8310.29	145.885	0.790019
NM_001276436.2	8541	8313.29	14.2313	0.0770394
NM_001276437.2	8392	8164.29	0	0
NM_001276438.2	8310	8082.29	68.6576	0.382293
NM_001276439.2	8450	8222.29	0	0
NM_001276451.2	3078	2850.29	0	0
NM_001276453.2	5945	5717.29	135.495	1.06653
NM_001276457.2	3267	3039.29	0	0
NM_001276458.3	3318	3090.29	368.56	5.36724
NM_001276459.3	3231	3003.29	3.72594e-05	5.58317e-07
NM_001276460.2	544	321.029	13.6762	1.91717
NM_001276464.2	5004	4776.29	0	0
NM_001276468.2	4912	4684.29	0.000654358	6.28657e-06
NM_001276469.2	1966	1738.29	15.2762	0.395489
NM_001276471.2	3945	3717.29	51.2496	0.620449
NM_001276478.2	2383	2155.29	0	0
NM_001276479.2	2900	2672.29	0	0
NM_001276480.1	2900	2672.29	10.7727	0.18142
NM_001276490.2	3143	2915.29	143.14	2.20964
NM_001276495.2	1753	1525.29	0	0
NM_001276501.2	1213	985.293	173.22	7.91179
NM_001276503.2	1194	966.293	15.9839	0.744416
NM_001276504.2	1222	994.293	0	0
NM_001276506.2	1469	1241.29	31.7946	1.15271
NM_001276687.2	339	144.406	0	0
NM_001276695.3	2572	2344.29	0	0
NM_001276696.3	2645	2417.29	0	0
NM_001276697.3	2003	1775.29	6.24277	0.158252
NM_001276698.3	2136	1908.29	0	0
NM_001276699.3	2063	1835.29	0	0
NM_001276700.2	2923	2695.29	0	0
NM_001276713.2	2575	2347.29	0	0
NM_001276717.1	2558	2330.29	0	0
NM_001276718.2	4244	4016.29	0	0
NM_001276722.2	1035	807.293	13.0116	0.725341
NM_001276723.2	915	687.293	156.839	10.2696
NM_001276724.2	875	647.427	0	0
NM_001276725.2	813	585.487	10.8148	0.831269
NM_001276726.2	693	466.041	7.50652	0.724864
NM_001276727.2	644	417.93	18.5559	1.99811
NM_001276760.3	2512	2284.29	475.417	9.36624
NM_001276761.3	2509	2281.29	5.82158	0.114842
NM_001277.3	2714	2486.29	363.842	6.5857
NM_001277053.2	1814	1586.29	98.6168	2.79775
NM_001277058.2	3495	3267.29	454.701	6.26297
NM_001277059.2	3442	3214.29	22.2654	0.311736
NM_001277061.2	2174	1946.29	86.5023	2.00015
NM_001277062.2	1921	1693.29	407.533	10.8311
NM_001277063.2	1777	1549.29	180.562	5.24486
NM_001277064.2	1762	1534.29	347.543	10.1939
NM_001277065.2	1702	1474.29	544.46	16.6197
NM_001277066.2	1590	1362.29	1.08918e-05	3.59809e-07
NM_001277067.1	1710	1482.29	0	0
NM_001277068.1	1630	1402.29	13.6399	0.437739
NM_001277074.2	841	613.427	869.901	63.8189
NM_001277075.3	4886	4658.29	3.99966	0.0386402
NM_001277077.1	3922	3694.29	36.7268	0.447398
NM_001277078.1	3963	3735.29	43.7715	0.527363
NM_001277081.2	1354	1126.29	0	0
NM_001277082.2	1217	989.293	0	0
NM_001277083.2	3370	3142.29	0	0
NM_001277090.2	4307	4079.29	50.2701	0.554584
NM_001277091.2	3721	3493.29	0	0
NM_001277092.2	3374	3146.29	95.9064	1.3718
NM_001277093.2	1999	1771.29	0	0
NM_001277115.2	14343	14115.3	17.5929	0.0560906
NM_001277120.2	4523	4295.29	260.635	2.73075
NM_001277126.2	3637	3409.29	0	0
NM_001277127.2	2539	2311.29	0	0
NM_001277128.2	2429	2201.29	0	0
NM_001277129.1	3709	3481.29	0	0
NM_001277140.1	5499	5271.29	3216.6	27.4613
NM_001277145.2	8668	8440.29	36.1894	0.19296
NM_001277155.3	3342	3114.29	45.4917	0.657378
NM_001277163.3	1062	834.293	0	0
NM_001277171.2	3684	3456.29	5	0.0651031
NM_001277173.2	3627	3399.29	0	0
NM_001277174.2	2146	1918.29	9.73631	0.228414
NM_001277176.2	4248	4020.29	4.74966	0.0531676
NM_001277185.2	1880	1652.29	0	0
NM_001277196.2	6155	5927.29	652.191	4.95177
NM_001277197.2	3955	3727.29	80.1459	0.967676
NM_001277198.2	4049	3821.29	17.986	0.21182
NM_001277199.2	4374	4146.29	77.4728	0.840875
NM_001277200.2	822	594.427	560.642	42.4453
NM_001277201.2	966	738.293	0	0
NM_001277204.2	2356	2128.29	0	0
NM_001277205.2	2498	2270.29	0	0
NM_001277206.2	2463	2235.29	0	0
NM_001277207.2	2445	2217.29	8.54036	0.173339
NM_001277208.1	2466	2238.29	0	0
NM_001277223.2	1419	1191.29	128.425	4.85147
NM_001277224.2	1616	1388.29	100.963	3.27284
NM_001277225.2	2060	1832.29	0	0
NM_001277226.2	4511	4283.29	0	0
NM_001277227.2	4367	4139.29	0	0
NM_001277233.2	1497	1269.29	0	0
NM_001277269.2	8992	8764.29	0	0
NM_001277285.4	17159	16931.3	81	0.215297
NM_001277291.2	17294	17066.3	259.311	0.683792
NM_001277303.1	1687	1459.29	0	0
NM_001277304.2	2143	1915.29	0	0
NM_001277307.2	1434	1206.29	0	0
NM_001277308.1	5189	4961.29	0	0
NM_001277313.2	13511	13283.3	0	0
NM_001277314.2	3948	3720.29	0	0
NM_001277323.2	2118	1890.29	0	0
NM_001277324.3	2122	1894.29	0	0
NM_001277325.2	1084	856.293	3.31431	0.174186
NM_001277331.1	483	264.32	0	0
NM_001277332.1	510	289.15	0	0
NM_001277333.2	4754	4526.29	0	0
NM_001277335.2	5957	5729.29	1.57511e-05	1.23723e-07
NM_001277353.2	2370	2142.29	0	0
NM_001277372.4	4130	3902.29	0.775143	0.00893931
NM_001277378.2	1443	1215.29	0	0
NM_001277397.2	1172	944.293	0	0
NM_001277403.2	2326	2098.29	54.1548	1.16148
NM_001277406.2	6682	6454.29	0	0
NM_001277423.2	1751	1523.29	0	0
NM_001277444.2	7929	7701.29	0	0
NM_001277731.2	3881	3653.29	1.25125e-06	1.54135e-08
NM_001277732.2	2358	2130.29	0	0
NM_001277742.2	4331	4103.29	0	0
NM_001277764.2	1261	1033.29	174.131	7.58395
NM_001277783.2	3903	3675.29	33.0591	0.404801
NM_001277813.2	5241	5013.29	155.417	1.39514
NM_001277814.2	5061	4833.29	0	0
NM_001277815.2	5126	4898.29	44.1985	0.406074
NM_001277816.2	5009	4781.29	70.1435	0.660213
NM_001277817.2	5008	4780.29	425.279	4.0037
NM_001277818.2	4921	4693.29	30.3807	0.291315
NM_001277842.2	6624	6396.29	443.701	3.1218
NM_001277945.2	2899	2671.29	47.4522	0.799424
NM_001277946.2	2684	2456.29	0	0
NM_001277947.2	2844	2616.29	4.67435e-05	8.04039e-07
NM_001277948.2	2772	2544.29	0	0
NM_001277949.2	2811	2583.29	45.3051	0.789251
NM_001277951.2	2604	2376.29	6.08402	0.115221
NM_001277952.2	2798	2570.29	0	0
NM_001277961.3	4356	4128.29	0.00345585	3.76727e-05
NM_001277962.2	4112	3884.29	42.3907	0.491135
NM_001277971.2	1772	1544.29	0	0
NM_001277990.2	3127	2899.29	0	0
NM_001277991.1	364	163.525	0	0
NM_001278.5	3600	3372.29	1454.58	19.4112
NM_001278000.3	4454	4226.29	0.00750948	7.99636e-05
NM_001278054.2	2358	2130.29	34.362	0.725907
NM_001278055.2	15095	14867.3	360.137	1.09013
NM_001278063.4	4109	3881.29	0.922041	0.0106909
NM_001278064.2	6846	6618.29	0	0
NM_001278065.2	6917	6689.29	0	0
NM_001278066.1	6757	6529.29	0	0
NM_001278067.1	6672	6444.29	0	0
NM_001278074.1	8455	8227.29	26083.7	142.677
NM_001278098.1	3638	3410.29	80.2757	1.05934
NM_001278113.2	2553	2325.29	0	0
NM_001278114.2	2421	2193.29	0	0
NM_001278116.2	5138	4910.29	14	0.128311
NM_001278119.2	7513	7285.29	170.316	1.05209
NM_001278121.2	7433	7205.29	78.8207	0.492302
NM_001278122.2	7433	7205.29	141.723	0.885176
NM_001278125.1	3386	3158.29	0	0
NM_001278126.1	3379	3151.29	0	0
NM_001278127.1	2949	2721.29	0	0
NM_001278138.2	2769	2541.29	178.195	3.15561
NM_001278141.3	7435	7207.29	176.528	1.10226
NM_001278158.2	2304	2076.29	98.5464	2.13597
NM_001278159.2	2032	1804.29	183.724	4.58249
NM_001278160.2	1843	1615.29	0	0
NM_001278162.2	7442	7214.29	248.745	1.55168
NM_001278163.2	7123	6895.29	8.07705e-06	5.2716e-08
NM_001278164.2	2038	1810.29	0	0
NM_001278165.2	2105	1877.29	7.05746	0.169184
NM_001278166.2	1949	1721.29	78.757	2.05909
NM_001278167.2	2077	1849.29	30.5961	0.744565
NM_001278168.2	1849	1621.29	36.5635	1.01491
NM_001278169.1	1911	1683.29	23.3087	0.623161
NM_001278170.2	6028	5800.29	0	0
NM_001278171.2	6239	6011.29	29.9124	0.223937
NM_001278172.3	1042	814.293	16.3667	0.904529
NM_001278173.1	6209	5981.29	90.1159	0.678029
NM_001278174.2	6191	5963.29	0	0
NM_001278175.2	6180	5952.29	104.145	0.787404
NM_001278176.2	6196	5968.29	0	0
NM_001278177.2	6112	5884.29	0	0
NM_001278178.1	6135	5907.29	90.3538	0.688335
NM_001278179.2	6204	5976.29	0	0
NM_001278182.2	3264	3036.29	0	0
NM_001278183.2	2638	2410.29	0	0
NM_001278184.3	7166	6938.29	161.733	1.04903
NM_001278185.2	4214	3986.29	24.792	0.279889
NM_001278186.2	4172	3944.29	18.8608	0.215196
NM_001278187.2	3385	3157.29	97.82	1.3943
NM_001278188.2	3043	2815.29	163.679	2.61644
NM_001278189.2	3256	3028.29	370.288	5.5028
NM_001278190.2	3114	2886.29	64.824	1.01074
NM_001278191.2	3037	2809.29	59.7614	0.957339
NM_001278192.2	3559	3331.29	2.38444e-07	3.22119e-09
NM_001278193.2	3493	3265.29	65.6454	0.904741
NM_001278194.2	3726	3498.29	176.781	2.27417
NM_001278195.2	1412	1184.29	56.4355	2.14455
NM_001278196.2	4030	3802.29	236.481	2.79894
NM_001278197.2	1990	1762.29	0	0
NM_001278198.2	2632	2404.29	241.545	4.52119
NM_001278199.1	7110	6882.29	51.2405	0.33506
NM_001278201.2	2652	2424.29	104.518	1.94021
NM_001278202.2	4631	4403.29	40.354	0.412431
NM_001278203.1	4151	3923.29	5.20219	0.059673
NM_001278206.2	2695	2467.29	244.589	4.46128
NM_001278208.2	2083	1855.29	0	0
NM_001278209.2	6119	5891.29	34.6631	0.264788
NM_001278210.2	5900	5672.29	50.8689	0.403586
NM_001278211.2	3129	2901.29	0	0
NM_001278212.2	3074	2846.29	129.632	2.04963
NM_001278213.2	2911	2683.29	0	0
NM_001278214.2	2929	2701.29	30.4984	0.508097
NM_001278215.2	2402	2174.29	7.0157	0.14521
NM_001278216.2	2759	2531.29	895.749	15.9253
NM_001278217.2	2544	2316.29	173.785	3.37646
NM_001278221.3	2010	1782.29	49.3657	1.24649
NM_001278222.1	1619	1391.29	180.551	5.84013
NM_001278224.2	1166	938.293	0	0
NM_001278225.2	2597	2369.29	7.84967	0.149099
NM_001278227.1	2469	2241.29	0	0
NM_001278228.1	2705	2477.29	169.431	3.07792
NM_001278229.1	2250	2022.29	0	0
NM_001278230.2	2233	2005.29	233.692	5.24454
NM_001278231.2	3150	2922.29	278.606	4.29052
NM_001278232.2	3147	2919.29	34.3039	0.528819
NM_001278233.2	8195	7967.29	84.2447	0.475855
NM_001278234.2	8028	7800.29	24.1042	0.139067
NM_001278235.2	2240	2012.29	184.543	4.12714
NM_001278236.1	3939	3711.29	0	0
NM_001278237.2	2187	1959.29	229.683	5.27561
NM_001278238.2	2958	2730.29	0	0
NM_001278239.2	2862	2634.29	0	0
NM_001278240.2	3271	3043.29	18.8162	0.278247
NM_001278241.2	4935	4707.29	8.12495	0.0776769
NM_001278242.2	1838	1610.29	0	0
NM_001278243.2	5423	5195.29	51.3543	0.444846
NM_001278244.1	5329	5101.29	1876.33	16.5527
NM_001278245.2	5420	5192.29	9.38072	0.0813054
NM_001278247.2	1266	1038.29	0	0
NM_001278248.2	1313	1085.29	163.566	6.78249
NM_001278249.2	2996	2768.29	68.2247	1.1091
NM_001278250.3	2030	1802.29	0	0
NM_001278251.3	3091	2863.29	10.4034	0.163513
NM_001278252.2	2322	2094.29	6.10139	0.131109
NM_001278253.2	2840	2612.29	0	0
NM_001278255.1	2258	2030.29	0	0
NM_001278260.2	2823	2595.29	13.9195	0.241368
NM_001278261.2	2968	2740.29	0	0
NM_001278262.2	2851	2623.29	5.6782e-06	9.74105e-08
NM_001278263.1	2725	2497.29	1245.8	22.4502
NM_001278264.2	2845	2617.29	3.39675	0.0584054
NM_001278265.2	2761	2533.29	7.38	0.131103
NM_001278266.2	2737	2509.29	0	0
NM_001278267.1	18450	18222.3	90.9131	0.224526
NM_001278268.2	8106	7878.29	0	0
NM_001278270.2	1906	1678.29	24.0564	0.645067
NM_001278273.2	3712	3484.29	45.3494	0.585733
NM_001278275.2	3301	3073.29	20.0393	0.293441
NM_001278276.2	3363	3135.29	147.729	2.12046
NM_001278277.2	3434	3206.29	47.6925	0.669405
NM_001278278.2	3175	2947.29	80.6015	1.23073
NM_001278279.3	1403	1175.29	46.1445	1.76692
NM_001278280.2	2081	1853.29	157.402	3.82215
NM_001278281.2	1829	1601.29	159.92	4.49443
NM_001278282.2	3185	2957.29	0	0
NM_001278283.2	3265	3037.29	0	0
NM_001278284.2	2985	2757.29	2.96848	0.0484499
NM_001278285.2	3093	2865.29	0	0
NM_001278286.2	3109	2881.29	10.3827	0.162168
NM_001278287.2	2901	2673.29	17.4555	0.293851
NM_001278288.2	3100	2872.29	22.0942	0.346172
NM_001278289.2	3249	3021.29	120.064	1.7884
NM_001278290.2	2676	2448.29	83.1997	1.52933
NM_001278291.2	2545	2317.29	67.9885	1.32037
NM_001278292.2	2666	2438.29	20.1911	0.372664
NM_001278293.3	3988	3760.29	383.147	4.58549
NM_001278295.1	3336	3108.29	0	0
NM_001278296.2	3235	3007.29	0	0
NM_001278297.2	4249	4021.29	0	0
NM_001278298.2	8969	8741.29	0	0
NM_001278299.2	4619	4391.29	103.331	1.05896
NM_001278300.2	1709	1481.29	0	0
NM_001278301.2	1275	1047.29	0	0
NM_001278302.1	1853	1625.29	6.12726	0.169659
NM_001278303.1	1881	1653.29	2.43183	0.0661952
NM_001278304.2	2377	2149.29	99.8148	2.08998
NM_001278305.2	2140	1912.29	0	0
NM_001278306.2	2003	1775.29	9.24809	0.234436
NM_001278307.2	2041	1813.29	34.9738	0.867996
NM_001278308.2	2074	1846.29	19.5099	0.47555
NM_001278309.2	3334	3106.29	20	0.289754
NM_001278310.2	5795	5567.29	98.9094	0.799532
NM_001278311.2	602	376.687	4.57488	0.546564
NM_001278312.2	7876	7648.29	0	0
NM_001278313.2	2840	2612.29	0	0
NM_001278314.2	2945	2717.29	4.62687	0.0766291
NM_001278315.2	2919	2691.29	19.178	0.320689
NM_001278316.2	2714	2486.29	0	0
NM_001278317.2	4332	4104.29	0	0
NM_001278318.2	2632	2404.29	0	0
NM_001278319.1	1821	1593.29	0	0
NM_001278320.2	772	544.487	0	0
NM_001278322.2	3390	3162.29	0	0
NM_001278323.2	764	536.541	0	0
NM_001278324.2	595	369.951	243.078	29.5696
NM_001278339.2	2105	1877.29	0	0
NM_001278340.2	2192	1964.29	0	0
NM_001278341.2	1679	1451.29	87.0107	2.69811
NM_001278342.1	1882	1654.29	29.1317	0.792492
NM_001278343.2	4872	4644.29	1	0.00968998
NM_001278346.1	2921	2693.29	66.9151	1.11811
NM_001278351.2	6950	6722.29	2.17875e-05	1.45858e-07
NM_001278352.2	7515	7287.29	0	0
NM_001278353.2	6893	6665.29	0.000160953	1.08673e-06
NM_001278354.2	6882	6654.29	120.475	0.814775
NM_001278355.2	6864	6636.29	105.875	0.717976
NM_001278356.2	6768	6540.29	964.547	6.63695
NM_001278357.2	6629	6401.29	0	0
NM_001278359.2	4347	4119.29	0	0
NM_001278360.2	4333	4105.29	0	0
NM_001278361.2	4309	4081.29	0	0
NM_001278362.2	4235	4007.29	3.29173e-08	3.69672e-10
NM_001278363.2	4193	3965.29	0.0617825	0.000701185
NM_001278364.2	4438	4210.29	0	0
NM_001278365.2	4276	4048.29	0	0
NM_001278366.2	4256	4028.29	0	0
NM_001278367.2	4076	3848.29	0	0
NM_001278368.2	4170	3942.29	0	0
NM_001278369.2	4061	3833.29	0	0
NM_001278370.2	4309	4081.29	0	0
NM_001278371.2	4245	4017.29	0	0
NM_001278372.2	4274	4046.29	46.2378	0.514259
NM_001278373.2	4138	3910.29	32.8525	0.378095
NM_001278374.2	4083	3855.29	0	0
NM_001278375.2	4356	4128.29	0	0
NM_001278376.3	4229	4001.29	76.2057	0.857096
NM_001278378.2	855	627.427	0	0
NM_001278379.2	1054	826.293	0	0
NM_001278380.2	975	747.293	0	0
NM_001278381.2	4535	4307.29	0	0
NM_001278387.2	8220	7992.29	95.2064	0.536089
NM_001278388.2	7982	7754.29	0	0
NM_001278389.2	7650	7422.29	0.0266164	0.000161381
NM_001278390.1	2885	2657.29	0	0
NM_001278393.2	4059	3831.29	0	0
NM_001278398.2	2761	2533.29	0	0
NM_001278399.2	1690	1462.29	0	0
NM_001278402.1	8781	8553.29	0	0
NM_001278403.3	2793	2565.29	0	0
NM_001278404.3	2715	2487.29	0	0
NM_001278405.2	2646	2418.29	0	0
NM_001278406.2	1422	1194.29	0	0
NM_001278407.2	6830	6602.29	169.798	1.15739
NM_001278408.2	7307	7079.29	83.9442	0.533633
NM_001278409.2	7003	6775.29	28.0636	0.186405
NM_001278411.2	1932	1704.29	0	0
NM_001278412.2	2161	1933.29	6.48068	0.150857
NM_001278417.2	3099	2871.29	19.8453	0.311045
NM_001278419.3	1554	1326.29	0	0
NM_001278420.3	1419	1191.29	0	0
NM_001278421.2	2938	2710.29	0	0
NM_001278422.2	2289	2061.29	0	0
NM_001278423.2	1490	1262.29	0	0
NM_001278425.3	5712	5484.29	0	0
NM_001278426.4	2095	1867.29	0	0
NM_001278427.4	2092	1864.29	0	0
NM_001278428.4	2095	1867.29	0	0
NM_001278429.4	2062	1834.29	0	0
NM_001278430.4	833	605.427	0	0
NM_001278431.2	1353	1125.29	315.567	12.6202
NM_001278432.2	2904	2676.29	15.0038	0.252295
NM_001278433.2	4307	4079.29	0	0
NM_001278438.2	6276	6048.29	1804.95	13.43
NM_001278439.2	2043	1815.29	27.7143	0.687067
NM_001278441.2	1576	1348.29	4.94142	0.164934
NM_001278442.2	1547	1319.29	223.22	7.61436
NM_001278443.2	2851	2623.29	6.59996	0.113224
NM_001278444.2	2745	2517.29	0	0
NM_001278445.2	2879	2651.29	3.14749e-06	5.34256e-08
NM_001278451.2	3163	2935.29	0	0
NM_001278452.2	3064	2836.29	0	0
NM_001278453.2	2902	2674.29	0	0
NM_001278458.2	9492	9264.29	0	0
NM_001278460.2	9315	9087.29	0	0
NM_001278461.2	9381	9153.29	211.216	1.03847
NM_001278462.2	11870	11642.3	0	0
NM_001278463.2	4481	4253.29	1389.71	14.7042
NM_001278464.2	4553	4325.29	13.0781	0.136073
NM_001278465.2	4520	4292.29	16.7529	0.175648
NM_001278466.2	4110	3882.29	0	0
NM_001278469.3	13324	13096.3	45.8278	0.157479
NM_001278470.2	13245	13017.3	204.085	0.705558
NM_001278471.2	13176	12948.3	0	0
NM_001278472.2	13341	13113.3	344.591	1.18259
NM_001278473.3	1908	1680.29	6	0.160697
NM_001278478.2	5537	5309.29	532.693	4.51526
NM_001278480.2	3056	2828.29	352.238	5.60473
NM_001278481.2	2822	2594.29	54.8299	0.951131
NM_001278482.2	3186	2958.29	20.5957	0.313312
NM_001278485.2	813	585.487	0	0
NM_001278486.2	808	580.487	26.8692	2.08307
NM_001278487.2	796	568.487	190.974	15.118
NM_001278488.2	797	569.487	0	0
NM_001278489.2	771	543.487	69.5185	5.75644
NM_001278490.2	716	488.852	102.821	9.46554
NM_001278491.1	780	552.487	9.15615	0.745819
NM_001278492.2	770	542.487	0	0
NM_001278493.2	815	587.487	18.3148	1.40296
NM_001278494.2	1067	839.293	45.9212	2.46231
NM_001278495.2	3293	3065.29	0	0
NM_001278497.2	2608	2380.29	0	0
NM_001278498.2	2502	2274.29	0	0
NM_001278499.2	2509	2281.29	7.34547	0.144904
NM_001278500.2	2413	2185.29	2.61488	0.0538499
NM_001278503.2	4589	4361.29	398.559	4.11263
NM_001278504.2	4378	4150.29	197.352	2.13996
NM_001278505.2	3570	3342.29	82.7552	1.11428
NM_001278506.2	1198	970.293	33.1366	1.5369
NM_001278507.2	2615	2387.29	14.2805	0.269203
NM_001278508.4	4257	4029.29	0	0
NM_001278509.3	4248	4020.29	15.9412	0.178445
NM_001278510.3	4832	4604.29	0	0
NM_001278511.2	3601	3373.29	2	0.026682
NM_001278512.2	3754	3526.29	0	0
NM_001278513.3	6073	5845.29	311.504	2.39828
NM_001278514.3	5741	5513.29	193.439	1.57898
NM_001278516.2	9982	9754.29	182.098	0.840139
NM_001278517.2	9756	9528.29	0	0
NM_001278518.2	9571	9343.29	19.7718	0.0952333
NM_001278519.2	9381	9153.29	0	0
NM_001278524.2	8340	8112.29	0	0
NM_001278525.2	8001	7773.29	0	0
NM_001278526.2	6625	6397.29	0	0
NM_001278529.2	5920	5692.29	0	0
NM_001278530.2	5582	5354.29	118.587	0.996726
NM_001278531.2	2019	1791.29	0	0
NM_001278532.2	1991	1763.29	28.4692	0.726595
NM_001278533.2	1941	1713.29	13.2881	0.34904
NM_001278535.2	1213	985.293	9.4703	0.432554
NM_001278536.2	4288	4060.29	17.8417	0.197752
NM_001278537.2	4261	4033.29	0	0
NM_001278538.2	4364	4136.29	17.0441	0.185441
NM_001278539.2	4446	4218.29	24.1072	0.257189
NM_001278541.2	1613	1385.29	2	0.0649726
NM_001278542.2	1777	1549.29	21.0005	0.610012
NM_001278543.2	2262	2034.29	0	0
NM_001278544.2	2169	1941.29	0	0
NM_001278546.2	7053	6825.29	4.22457	0.027855
NM_001278547.2	5809	5581.29	86.6991	0.699072
NM_001278548.2	5849	5621.29	0	0
NM_001278549.2	14132	13904.3	817.221	2.64505
NM_001278552.2	2632	2404.29	0	0
NM_001278553.2	3237	3009.29	0	0
NM_001278554.2	1606	1378.29	206.74	6.75035
NM_001278555.2	1373	1145.29	52.4461	2.06081
NM_001278556.2	946	718.293	6875.33	430.758
NM_001278557.1	2798	2570.29	110.924	1.94216
NM_001278558.2	2478	2250.29	83.5172	1.67024
NM_001278559.2	7243	7015.29	1128.92	7.242
NM_001278562.3	2522	2294.29	34.7564	0.681755
NM_001278563.3	2978	2750.29	0	0
NM_001278568.2	1106	878.293	0	0
NM_001278579.2	5359	5131.29	0	0
NM_001278580.2	5162	4934.29	0	0
NM_001278585.2	4655	4427.29	0	0
NM_001278586.2	2386	2158.29	0	0
NM_001278589.2	3182	2954.29	0	0
NM_001278590.2	3443	3215.29	22.6877	0.31755
NM_001278591.2	664	437.717	34.5216	3.54928
NM_001278592.2	570	345.561	8.89957	1.15901
NM_001278593.2	5423	5195.29	0	0
NM_001278594.2	5625	5397.29	21.4115	0.178531
NM_001278595.2	2542	2314.29	243.34	4.73192
NM_001278596.3	3698	3470.29	0	0
NM_001278597.3	3716	3488.29	0	0
NM_001278599.2	4119	3891.29	327.254	3.78471
NM_001278603.2	2105	1877.29	37.8711	0.907858
NM_001278604.2	2174	1946.29	179.14	4.14215
NM_001278606.2	2071	1843.29	0	0
NM_001278607.2	1932	1704.29	0	0
NM_001278608.2	2184	1956.29	0	0
NM_001278610.2	2596	2368.29	44.5499	0.846552
NM_001278612.2	1288	1060.29	0	0
NM_001278613.2	3750	3522.29	0	0
NM_001278614.2	2414	2186.29	0	0
NM_001278615.1	2925	2697.29	0	0
NM_001278616.2	3702	3474.29	0	0
NM_001278617.2	3591	3363.29	53.4583	0.715307
NM_001278618.2	3888	3660.29	11.2422	0.138223
NM_001278619.2	4963	4735.29	0	0
NM_001278622.1	3067	2839.29	346.161	5.48669
NM_001278623.1	3723	3495.29	50.3128	0.647794
NM_001278624.2	3880	3652.29	26.5785	0.327497
NM_001278625.2	4370	4142.29	0	0
NM_001278626.2	4183	3955.29	0	0
NM_001278627.2	4093	3865.29	0	0
NM_001278628.2	4015	3787.29	1629.16	19.3587
NM_001278629.2	1994	1766.29	6.81967	0.173757
NM_001278630.2	1916	1688.29	0	0
NM_001278631.2	5863	5635.29	0	0
NM_001278632.1	2328	2100.29	2.04103e-08	4.37333e-10
NM_001278633.1	2406	2178.29	0	0
NM_001278634.2	2300	2072.29	2	0.0434331
NM_001278635.2	2378	2150.29	0	0
NM_001278636.1	1038	810.293	7.38053	0.409909
NM_001278637.2	1078	850.293	4.26074	0.225506
NM_001278638.2	1067	839.293	25.315	1.3574
NM_001278639.2	1221	993.293	3.06939	0.139065
NM_001278640.2	1051	823.293	3012.15	164.651
NM_001278641.2	1460	1232.29	62.6437	2.28774
NM_001278642.1	4741	4513.29	559.037	5.57429
NM_001278645.2	656	429.76	5.20212	0.544749
NM_001278646.2	689	462.088	0	0
NM_001278647.2	2260	2032.29	91.0991	2.0173
NM_001278648.2	2281	2053.29	0	0
NM_001278649.3	3765	3537.29	15.7511	0.200393
NM_001278650.2	12866	12638.3	4.706e-05	1.67574e-07
NM_001278651.2	4523	4295.29	85.0726	0.891331
NM_001278656.2	3452	3224.29	168.585	2.35303
NM_001278657.2	3413	3185.29	57.8327	0.817084
NM_001278658.2	2918	2690.29	0	0
NM_001278659.2	3056	2828.29	0	0
NM_001278661.2	4207	3979.29	0	0
NM_001278662.2	4204	3976.29	31.2798	0.35402
NM_001278663.2	3984	3756.29	0	0
NM_001278664.2	3962	3734.29	0	0
NM_001278665.2	511	290.032	9.08431	1.40958
NM_001278666.2	4361	4133.29	34.6302	0.377052
NM_001278667.2	4533	4305.29	391.752	4.09497
NM_001278668.2	4368	4140.29	17.7935	0.193407
NM_001278669.2	4873	4645.29	100.597	0.974572
NM_001278670.2	4183	3955.29	1.36717	0.0155556
NM_001278672.2	3942	3714.29	2.02675	0.0245564
NM_001278673.2	3533	3305.29	0	0
NM_001278675.2	4579	4351.29	72.6874	0.751767
NM_001278677.2	4279	4051.29	32.1301	0.356912
NM_001278678.2	3866	3638.29	0	0
NM_001278682.2	2930	2702.29	14.2217	0.236844
NM_001278683.1	4991	4763.29	0	0
NM_001278684.2	3386	3158.29	54.2996	0.773725
NM_001278685.2	4859	4631.29	0.184836	0.00179608
NM_001278686.3	3110	2882.29	7.72048	0.120545
NM_001278687.2	3764	3536.29	0	0
NM_001278688.3	2207	1979.29	0	0
NM_001278689.2	4443	4215.29	567.474	6.05844
NM_001278690.2	3371	3143.29	711.575	10.1877
NM_001278691.2	1309	1081.29	0	0
NM_001278694.2	3744	3516.29	0	0
NM_001278695.2	2874	2646.29	0	0
NM_001278696.2	2760	2532.29	2.00361	0.0356075
NM_001278697.2	1408	1180.29	0	0
NM_001278698.2	946	718.293	256.284	16.0569
NM_001278699.3	1816	1588.29	34.2492	0.970426
NM_001278700.2	1114	886.293	4.89666	0.248636
NM_001278701.2	1427	1199.29	0	0
NM_001278702.2	1359	1131.29	0	0
NM_001278708.2	2635	2407.29	182.036	3.40306
NM_001278709.2	2624	2396.29	61.7585	1.15984
NM_001278710.2	1472	1244.29	36.5608	1.32232
NM_001278711.2	1779	1551.29	170.041	4.9329
NM_001278712.2	3056	2828.29	144.534	2.29979
NM_001278714.2	798	570.487	59.1613	4.66696
NM_001278715.2	807	579.487	0	0
NM_001278716.2	8058	7830.29	621.448	3.57165
NM_001278717.2	603	377.687	2.97031	0.353926
NM_001278718.2	639	413.014	0	0
NM_001278719.2	2382	2154.29	11.7627	0.245721
NM_001278720.2	1458	1230.29	23.9687	0.876755
NM_001278721.2	1233	1005.29	0	0
NM_001278722.2	3344	3116.29	16.1276	0.232902
NM_001278723.3	3307	3079.29	11.1934	0.163589
NM_001278724.4	3241	3013.29	5.19975	0.0776575
NM_001278727.2	1310	1082.29	0	0
NM_001278728.2	1035	807.293	75.0143	4.18172
NM_001278730.2	1805	1577.29	218.779	6.24217
NM_001278731.2	2393	2165.29	35.259	0.732818
NM_001278732.2	2346	2118.29	46.3025	0.983695
NM_001278733.2	3503	3275.29	0	0
NM_001278734.2	2823	2595.29	23.7542	0.411905
NM_001278736.2	1299	1071.29	0	0
NM_001278738.2	2372	2144.29	0	0
NM_001278739.2	2257	2029.29	4.64901	0.1031
NM_001278740.2	4185	3957.29	41.7136	0.474375
NM_001278741.1	3895	3667.29	7.18924	0.0882226
NM_001278742.1	3787	3559.29	12.0132	0.151893
NM_001278743.1	3811	3583.29	0	0
NM_001278784.2	1590	1362.29	378.761	12.5123
NM_001278785.2	726	498.753	50.6234	4.56782
NM_001278786.2	750	522.701	5.65246	0.486661
NM_001278789.2	2761	2533.29	183.303	3.25631
NM_001278790.2	2581	2353.29	0	0
NM_001278791.2	1787	1559.29	63.2139	1.82443
NM_001278792.2	1578	1350.29	74.2869	2.47586
NM_001278793.2	1685	1457.29	0	0
NM_001278794.2	1877	1649.29	97.2899	2.65468
NM_001278795.2	1725	1497.29	0	0
NM_001278911.2	2402	2174.29	0	0
NM_001278912.2	3343	3115.29	7561.11	109.227
NM_001278913.2	3154	2926.29	506.165	7.78425
NM_001278914.2	3325	3097.29	9.38763	0.1364
NM_001278915.2	3415	3187.29	25.435	0.359131
NM_001278916.2	3199	2971.29	811.41	12.2896
NM_001278917.2	3367	3139.29	429.006	6.14998
NM_001278918.2	3076	2848.29	185.621	2.93282
NM_001278919.2	3758	3530.29	0	0
NM_001278920.2	3625	3397.29	0	0
NM_001278921.2	1377	1149.29	0	0
NM_001278923.2	1737	1509.29	0	0
NM_001278924.2	1755	1527.29	9.6912	0.28556
NM_001278926.2	2146	1918.29	23.3789	0.548468
NM_001278927.2	1936	1708.29	0	0
NM_001278928.2	830	602.427	18.5717	1.38736
NM_001278929.2	2006	1778.29	0	0
NM_001278938.2	2647	2419.29	5.74237	0.106818
NM_001278939.2	3583	3355.29	376.604	5.05122
NM_001278940.2	6410	6182.29	145.822	1.06149
NM_001278942.2	4234	4006.29	53.6058	0.602159
NM_001278945.2	1811	1583.29	0	0
NM_001278946.2	899	671.361	35.0773	2.35132
NM_001279.4	1008	780.293	1	0.0576746
NM_001279349.2	1810	1582.29	13.0923	0.372366
NM_001279350.2	2148	1920.29	41.9493	0.983104
NM_001279351.1	2116	1888.29	7.85513	0.187209
NM_001279352.2	2823	2595.29	0	0
NM_001279353.2	2265	2037.29	47.5855	1.05115
NM_001279354.2	2348	2120.29	29.1877	0.619508
NM_001279356.2	2413	2185.29	35.2603	0.726137
NM_001279357.2	2467	2239.29	27.4095	0.550849
NM_001279358.2	2473	2245.29	69.5011	1.39303
NM_001279359.2	2475	2247.29	449.473	9.0009
NM_001279360.2	2447	2219.29	135.1	2.73958
NM_001280.3	1333	1105.29	2604.92	106.062
NM_001280539.2	4278	4050.29	0	0
NM_001280541.2	4054	3826.29	56.7166	0.667074
NM_001280542.3	11413	11185.3	14.9742	0.0602475
NM_001280543.2	4199	3971.29	0	0
NM_001280544.2	4513	4285.29	0	0
NM_001280545.2	4226	3998.29	5.55692e-08	6.25463e-10
NM_001280546.2	3819	3591.29	0	0
NM_001280547.2	8602	8374.29	0	0
NM_001280548.2	8617	8389.29	0	0
NM_001280549.2	8472	8244.29	0	0
NM_001280550.2	8385	8157.29	0	0
NM_001280551.2	8349	8121.29	0	0
NM_001280552.2	8515	8287.29	0	0
NM_001280553.2	8488	8260.29	4.00217	0.0218043
NM_001280554.2	8575	8347.29	2.31187e-06	1.24641e-08
NM_001280555.2	8404	8176.29	0	0
NM_001280556.2	8538	8310.29	0.00102109	5.52955e-06
NM_001280557.2	667	440.629	116.977	11.9473
NM_001280558.2	2110	1882.29	0	0
NM_001280559.2	3404	3176.29	667.008	9.45046
NM_001280560.2	3186	2958.29	69.6512	1.05957
NM_001280561.2	918	690.293	0.00255013	0.000166254
NM_001280787.1	994	766.293	0	0
NM_001280788.2	2891	2663.29	103.179	1.74348
NM_001280789.2	2571	2343.29	6.80178	0.130629
NM_001280790.2	3080	2852.29	48.1997	0.760489
NM_001280791.2	3028	2800.29	276.466	4.44304
NM_001280792.2	2743	2515.29	436.382	7.80765
NM_001280793.2	2853	2625.29	0	0
NM_001280794.3	3934	3706.29	15.2637	0.185337
NM_001280795.2	3380	3152.29	0	0
NM_001280796.2	2460	2232.29	0	0
NM_001280797.2	2257	2029.29	0	0
NM_001280798.2	2035	1807.29	0	0
NM_001280799.2	3089	2861.29	39.2079	0.61667
NM_001280800.2	1292	1064.29	0	0
NM_001280801.2	1810	1582.29	6.44711	0.183367
NM_001281.3	987	759.293	2464.02	146.042
NM_001281293.2	4864	4636.29	1513.33	14.6895
NM_001281294.2	4756	4528.29	307.375	3.05476
NM_001281295.2	1370	1142.29	0	0
NM_001281296.2	2532	2304.29	0	0
NM_001281297.2	813	585.487	555.631	42.7083
NM_001281298.2	599	373.876	6.09869	0.734094
NM_001281299.2	608	382.573	18.1378	2.1336
NM_001281300.2	2730	2502.29	0	0
NM_001281301.2	3231	3003.29	56.3778	0.844798
NM_001281302.2	3111	2883.29	16.7163	0.260911
NM_001281303.2	2751	2523.29	34.2488	0.610829
NM_001281304.2	1609	1381.29	0	0
NM_001281425.2	744	516.753	15.5726	1.35619
NM_001281426.2	859	631.427	11.3785	0.810969
NM_001281427.2	798	570.487	28.0692	2.21425
NM_001281428.2	2541	2313.29	0.00079972	1.55579e-05
NM_001281429.2	1842	1614.29	0	0
NM_001281430.3	3669	3441.29	0	0
NM_001281431.2	755	527.701	0	0
NM_001281432.2	2012	1784.29	97.5865	2.46131
NM_001281433.2	871	643.427	0	0
NM_001281434.2	737	509.753	2.14493	0.189363
NM_001281435.2	3811	3583.29	25.1912	0.31638
NM_001281437.1	1375	1147.29	5.75555	0.225764
NM_001281438.1	1379	1151.29	712.781	27.862
NM_001281439.2	3221	2993.29	20.0918	0.302073
NM_001281440.1	3165	2937.29	0	0
NM_001281441.2	1334	1106.29	0	0
NM_001281443.2	1363	1135.29	0	0
NM_001281444.2	1523	1295.29	4.90316	0.170353
NM_001281445.2	1150	922.293	632.118	30.8441
NM_001281447.3	729	501.753	42.5656	3.81779
NM_001281448.2	2512	2284.29	0	0
NM_001281449.2	2499	2271.29	0	0
NM_001281450.1	2047	1819.29	0	0
NM_001281451.1	1978	1750.29	0	0
NM_001281453.2	5678	5450.29	0	0
NM_001281454.2	5582	5354.29	2011.65	16.908
NM_001281455.2	1783	1555.29	11.6949	0.338398
NM_001281456.2	1824	1596.29	0	0
NM_001281457.2	5749	5521.29	106.419	0.867398
NM_001281458.2	5688	5460.29	0	0
NM_001281459.2	5686	5458.29	2.51621	0.0207459
NM_001281460.2	6152	5924.29	301.904	2.29337
NM_001281463.1	9930	9702.29	965.448	4.47813
NM_001281467.2	2819	2591.29	15.339	0.266393
NM_001281469.2	3048	2820.29	37.4361	0.597364
NM_001281471.3	15474	15246.3	10.5691	0.0311971
NM_001281473.2	3384	3156.29	0	0
NM_001281474.2	3497	3269.29	60.1795	0.828395
NM_001281476.3	4071	3843.29	131.246	1.53683
NM_001281482.2	3489	3261.29	318.592	4.39631
NM_001281483.2	3164	2936.29	105.963	1.62404
NM_001281484.2	3149	2921.29	250.911	3.86534
NM_001281492.2	3875	3647.29	0	0
NM_001281493.2	4095	3867.29	0.00364547	4.24217e-05
NM_001281494.2	4063	3835.29	42.413	0.497672
NM_001281495.2	1991	1763.29	6.40076	0.163361
NM_001281496.2	1929	1701.29	119.403	3.15847
NM_001281497.2	1483	1255.29	0	0
NM_001281501.1	3025	2797.29	209.159	3.36497
NM_001281502.1	3094	2866.29	43.0388	0.675743
NM_001281503.2	4827	4599.29	0	0
NM_001281504.2	2037	1809.29	83.3622	2.07349
NM_001281507.2	2310	2082.29	0	0
NM_001281512.2	1952	1724.29	90.6907	2.36698
NM_001281513.2	2080	1852.29	59.4167	1.44358
NM_001281517.3	3784	3556.29	0	0
NM_001281518.3	2396	2168.29	0.0140652	0.000291924
NM_001281520.2	7540	7312.29	1.09473	0.00673743
NM_001281521.2	7606	7378.29	305.651	1.86429
NM_001281522.2	7345	7117.29	63.6797	0.402651
NM_001281528.2	973	745.293	28.2929	1.70841
NM_001281529.2	926	698.293	0	0
NM_001281532.3	1086	858.293	73.7431	3.86659
NM_001281533.2	3835	3607.29	0	0
NM_001281534.3	3793	3565.29	5743.97	72.5036
NM_001281535.2	3907	3679.29	0	0
NM_001281710.2	5997	5769.29	940.716	7.33801
NM_001281711.2	5958	5730.29	224.773	1.76526
NM_001281712.2	5777	5549.29	21.9998	0.178412
NM_001281715.2	1926	1698.29	190.81	5.05628
NM_001281716.2	1097	869.293	32.5282	1.68398
NM_001281717.1	1068	840.293	80.2515	4.29798
NM_001281718.1	1028	800.293	51.8306	2.9146
NM_001281719.1	1026	798.293	193.753	10.9227
NM_001281720.2	864	636.427	0	0
NM_001281723.4	9840	9612.29	332.716	1.55772
NM_001281724.3	10152	9924.29	0	0
NM_001281725.3	10122	9894.29	20.2543	0.0921246
NM_001281726.3	821	593.487	73.0592	5.53995
NM_001281730.2	735	507.753	0	0
NM_001281731.2	2708	2480.29	51.9685	0.94293
NM_001281732.2	2503	2275.29	115.082	2.27621
NM_001281733.2	2287	2059.29	0	0
NM_001281734.2	4338	4110.29	0	0
NM_001281735.1	2641	2413.29	0	0
NM_001281736.2	4982	4754.29	45.5713	0.431368
NM_001281737.2	2970	2742.29	31.3313	0.514171
NM_001281738.1	1952	1724.29	355.38	9.27521
NM_001281739.3	5082	4854.29	262.64	2.43488
NM_001281740.3	5682	5454.29	0	0
NM_001281741.2	636	410.055	24.3473	2.67209
NM_001281742.2	572	347.526	62.8663	8.14091
NM_001281746.2	5691	5463.29	0	0
NM_001281747.2	3344	3116.29	0	0
NM_001281748.3	6156	5928.29	0	0
NM_001281749.3	6032	5804.29	431.42	3.34498
NM_001281765.3	8411	8183.29	0.000190979	1.05026e-06
NM_001281766.3	8345	8117.29	12.6656	0.0702192
NM_001281767.3	5173	4945.29	4.74003	0.0431351
NM_001281768.2	1701	1473.29	5.52463	0.168755
NM_001281769.2	1087	859.293	0	0
NM_001281771.3	4741	4513.29	3.65754	0.0364702
NM_001281772.3	5321	5093.29	53.422	0.472024
NM_001281773.3	5352	5124.29	14.2782	0.125396
NM_001281774.3	5214	4986.29	73.0145	0.658982
NM_001281775.3	5281	5053.29	130.28	1.16024
NM_001281776.3	4900	4672.29	14.5447	0.140094
NM_001281777.3	5068	4840.29	645.316	5.99989
NM_001281778.3	5122	4894.29	40.2364	0.369975
NM_001281779.3	5274	5046.29	25.2751	0.225404
NM_001281780.3	5190	4962.29	8.41314	0.0762989
NM_001281781.3	4843	4615.29	61.2946	0.597675
NM_001281782.3	4987	4759.29	0	0
NM_001281783.3	5197	4969.29	45.2526	0.409819
NM_001281784.3	4981	4753.29	10.1989	0.0965604
NM_001281786.2	2411	2183.29	32.2633	0.665027
NM_001281789.2	2092	1864.29	741.562	17.9009
NM_001281805.2	6400	6172.29	0	0
NM_001281806.2	6283	6055.29	86.0895	0.639819
NM_001281834.2	4159	3931.29	0	0
NM_001281835.2	4043	3815.29	0	0
NM_001281836.2	3927	3699.29	0	0
NM_001281837.1	3959	3731.29	0	0
NM_001281838.2	3867	3639.29	0	0
NM_001281853.1	4063	3835.29	0	0
NM_001281932.2	4102	3874.29	248.406	2.88544
NM_001281933.2	5258	5030.29	150.967	1.35061
NM_001281956.2	13655	13427.3	1.6091e-06	5.39307e-09
NM_001281971.2	1583	1355.29	0	0
NM_001281972.2	1532	1304.29	0	0
NM_001281987.3	3894	3666.29	0	0
NM_001281988.3	2472	2244.29	7.80485	0.156505
NM_001282.3	5658	5430.29	3729.12	30.9048
NM_001282011.2	983	755.293	0	0
NM_001282062.1	2128	1900.29	0	0
NM_001282063.2	2068	1840.29	0	0
NM_001282068.2	2013	1785.29	0	0
NM_001282097.2	5287	5059.29	498.108	4.43074
NM_001282098.2	5251	5023.29	452.418	4.05316
NM_001282099.2	5299	5071.29	1.46201	0.012974
NM_001282100.2	5365	5137.29	1094.34	9.58653
NM_001282101.2	5413	5185.29	1214.36	10.5394
NM_001282112.2	2834	2606.29	268.716	4.63995
NM_001282113.2	2827	2599.29	0	0
NM_001282116.2	9258	9030.29	28.2211	0.140642
NM_001282117.2	1470	1242.29	5.76091	0.208694
NM_001282129.2	9484	9256.29	800.357	3.89125
NM_001282130.2	1082	854.293	32.4768	1.71083
NM_001282131.2	1030	802.293	4.63974	0.260257
NM_001282136.3	5305	5077.29	0	0
NM_001282141.3	3855	3627.29	0	0
NM_001282142.2	3226	2998.29	1374.93	20.6371
NM_001282143.2	3723	3495.29	69.5097	0.894961
NM_001282144.2	4131	3903.29	136.007	1.56809
NM_001282145.2	6165	5937.29	0	0
NM_001282146.2	5739	5511.29	0	0
NM_001282147.2	1865	1637.29	4.61202	0.126767
NM_001282149.2	4621	4393.29	0	0
NM_001282150.2	1686	1458.29	92.2531	2.84694
NM_001282151.2	1295	1067.29	28.2435	1.1909
NM_001282157.1	1669	1441.29	136.278	4.25515
NM_001282161.2	1769	1541.29	0	0
NM_001282162.2	1677	1449.29	10.3311	0.320798
NM_001282163.2	9543	9315.29	30.4802	0.147253
NM_001282164.2	1570	1342.29	0	0
NM_001282165.2	1970	1742.29	0	0
NM_001282166.2	2984	2756.29	0	0
NM_001282167.2	1979	1751.29	62.8678	1.61552
NM_001282168.2	4398	4170.29	0	0
NM_001282169.2	4603	4375.29	70.2658	0.722735
NM_001282170.1	1482	1254.29	0	0
NM_001282171.1	1446	1218.29	0	0
NM_001282174.1	2276	2048.29	62.153	1.36556
NM_001282175.2	2475	2247.29	61.3202	1.22797
NM_001282176.2	2499	2271.29	111.753	2.21426
NM_001282179.3	6652	6424.29	1073.36	7.51905
NM_001282180.3	6640	6412.29	252.595	1.77278
NM_001282181.3	6006	5778.29	0	0
NM_001282182.3	5961	5733.29	0	0
NM_001282185.2	3631	3403.29	0	0
NM_001282186.2	2613	2385.29	0	0
NM_001282187.2	2783	2555.29	0	0
NM_001282188.2	2760	2532.29	0	0
NM_001282189.2	1340	1112.29	0	0
NM_001282190.2	1935	1707.29	0	0
NM_001282191.1	1790	1562.29	8.18403	0.235747
NM_001282192.2	2165	1937.29	35.8805	0.833499
NM_001282193.2	1999	1771.29	12.9229	0.328332
NM_001282195.2	1615	1387.29	0	0
NM_001282196.2	1606	1378.29	5.42792e-05	1.77229e-06
NM_001282197.2	1699	1471.29	17.7207	0.542031
NM_001282198.2	1368	1140.29	209.954	8.28609
NM_001282199.2	1328	1100.29	12.9455	0.529483
NM_001282201.2	3475	3247.29	5.22981	0.0724781
NM_001282202.3	2773	2545.29	29.9008	0.528673
NM_001282203.2	5515	5287.29	0	0
NM_001282204.2	5231	5003.29	10.7293	0.0965069
NM_001282205.2	1454	1226.29	104.149	3.8221
NM_001282206.2	1625	1397.29	30.1085	0.969713
NM_001282207.2	1612	1384.29	22.5673	0.733659
NM_001282208.2	1695	1467.29	175.938	5.39616
NM_001282209.2	1532	1304.29	6.84536	0.236191
NM_001282211.2	1949	1721.29	16.0329	0.419178
NM_001282212.2	2282	2054.29	0	0
NM_001282213.2	2184	1956.29	0	0
NM_001282214.2	2251	2023.29	0	0
NM_001282215.2	1989	1761.29	0	0
NM_001282216.2	1920	1692.29	0	0
NM_001282218.2	4100	3872.29	0	0
NM_001282224.2	8258	8030.29	115.012	0.644546
NM_001282225.2	4355	4127.29	0	0
NM_001282226.2	4322	4094.29	0	0
NM_001282227.2	4272	4044.29	0	0
NM_001282228.2	4230	4002.29	0	0
NM_001282229.2	3987	3759.29	0	0
NM_001282231.2	2807	2579.29	94.2191	1.64392
NM_001282232.1	1139	911.293	7.14651	0.352921
NM_001282233.1	996	768.293	131.592	7.70805
NM_001282234.1	1016	788.293	0	0
NM_001282236.3	3291	3063.29	4.05734	0.0596068
NM_001282237.2	8525	8297.29	0	0
NM_001282238.2	8312	8084.29	0	0
NM_001282272.1	2808	2580.29	13.63	0.237722
NM_001282275.2	560	336.006	0	0
NM_001282276.1	518	296.555	0	0
NM_001282278.2	4166	3938.29	0	0
NM_001282279.2	1776	1548.29	346.042	10.0581
NM_001282280.2	1869	1641.29	1344.31	36.8599
NM_001282281.2	1951	1723.29	78.2134	2.04251
NM_001282282.2	8876	8648.29	9.55545	0.0497237
NM_001282283.2	4628	4400.29	0	0
NM_001282285.3	919	691.293	305.427	19.8833
NM_001282286.2	916	688.293	86.2307	5.63807
NM_001282290.2	4621	4393.29	0	0
NM_001282291.2	4707	4479.29	160.66	1.61414
NM_001282292.2	4581	4353.29	14.5738	0.15066
NM_001282293.2	4343	4115.29	83.5614	0.913792
NM_001282300.2	1017	789.293	0	0
NM_001282302.2	1000	772.293	45.7118	2.66372
NM_001282305.1	2556	2328.29	3028.19	58.5313
NM_001282306.2	4465	4237.29	145.527	1.5456
NM_001282307.2	4385	4157.29	118.225	1.27979
NM_001282308.2	4323	4095.29	0	0
NM_001282309.3	3898	3670.29	3.96036	0.0485597
NM_001282310.2	1794	1566.29	0	0
NM_001282311.2	1891	1663.29	195.002	5.27609
NM_001282312.2	1637	1409.29	10.1005	0.32254
NM_001282313.2	4811	4583.29	20.3573	0.199887
NM_001282314.2	772	544.487	2.76658	0.228664
NM_001282322.3	1610	1382.29	0	0
NM_001282326.2	4239	4011.29	8.13651	0.0912843
NM_001282327.1	2710	2482.29	0	0
NM_001282328.1	2757	2529.29	4.0096	0.0713418
NM_001282332.2	2414	2186.29	11.8473	0.243868
NM_001282333.2	1832	1604.29	0	0
NM_001282334.2	3309	3081.29	12.1008	0.176735
NM_001282335.3	3761	3533.29	0	0
NM_001282337.2	3434	3206.29	18.4467	0.258916
NM_001282338.2	3665	3437.29	71.1719	0.931825
NM_001282342.2	4357	4129.29	124.676	1.35878
NM_001282349.3	1870	1642.29	0	0
NM_001282350.3	1837	1609.29	0	0
NM_001282351.1	3684	3456.29	23.3547	0.304093
NM_001282352.2	2480	2252.29	41.8592	0.836388
NM_001282353.2	4534	4306.29	0	0
NM_001282354.2	4356	4128.29	1.99995	0.0218017
NM_001282355.2	4320	4092.29	0	0
NM_001282356.2	5305	5077.29	0	0
NM_001282357.2	5142	4914.29	4.05441	0.0371286
NM_001282358.2	3667	3439.29	0	0
NM_001282359.2	5630	5402.29	253.763	2.11394
NM_001282360.2	5534	5306.29	23.2291	0.197008
NM_001282368.2	3309	3081.29	3	0.0438158
NM_001282378.2	2916	2688.29	0	0
NM_001282379.2	1905	1677.29	0	0
NM_001282380.2	8014	7786.29	30.7324	0.177627
NM_001282382.1	1093	865.293	161.917	8.42113
NM_001282383.1	947	719.293	35.3581	2.21221
NM_001282385.2	920	692.293	7.48423	0.486519
NM_001282386.1	2313	2085.29	834.105	18.001
NM_001282387.1	2470	2242.29	0	0
NM_001282388.2	4561	4333.29	0	0
NM_001282389.2	4468	4240.29	0	0
NM_001282390.2	4388	4160.29	5.05244e-05	5.46537e-07
NM_001282391.3	3880	3652.29	115.661	1.42515
NM_001282394.3	8324	8096.29	0	0
NM_001282396.2	4706	4478.29	0	0
NM_001282397.2	4384	4156.29	0	0
NM_001282398.2	3466	3238.29	0	0
NM_001282399.2	3471	3243.29	21.8578	0.303293
NM_001282400.2	4004	3776.29	0	0
NM_001282401.2	3951	3723.29	0	0
NM_001282402.2	1989	1761.29	0	0
NM_001282403.2	2044	1816.29	30.06	0.744809
NM_001282404.2	2001	1773.29	172.512	4.37807
NM_001282405.2	1728	1500.29	8.37092	0.251096
NM_001282406.2	1782	1554.29	0	0
NM_001282408.2	3511	3283.29	0	0
NM_001282409.1	2632	2404.29	0	0
NM_001282410.1	1803	1575.29	0	0
NM_001282411.1	1674	1446.29	51.4257	1.60017
NM_001282412.1	2007	1779.29	0	0
NM_001282413.1	1878	1650.29	0	0
NM_001282414.1	920	692.293	21.3218	1.38604
NM_001282415.2	2253	2025.29	0	0
NM_001282416.2	2448	2220.29	0	0
NM_001282417.1	2201	1973.29	10.137	0.231185
NM_001282418.2	6047	5819.29	0	0
NM_001282419.3	5451	5223.29	0	0
NM_001282420.3	5646	5418.29	6.32102	0.0525009
NM_001282421.3	5637	5409.29	0.00837872	6.97075e-05
NM_001282422.3	5379	5151.29	10.0288	0.0876144
NM_001282424.3	3791	3563.29	0	0
NM_001282425.2	6001	5773.29	16.1776	0.126105
NM_001282426.2	7059	6831.29	1.05642e-06	6.95949e-09
NM_001282427.2	6983	6755.29	4.84335	0.0322659
NM_001282428.2	2401	2173.29	12.4086	0.256949
NM_001282429.1	2410	2182.29	0	0
NM_001282430.2	1073	845.293	30	1.59719
NM_001282431.2	3866	3638.29	492.077	6.08664
NM_001282433.2	1305	1077.29	0	0
NM_001282434.2	1328	1100.29	0	0
NM_001282436.2	2727	2499.29	65.8031	1.18487
NM_001282437.2	2738	2510.29	22.3045	0.399863
NM_001282438.1	2649	2421.29	13.3734	0.248563
NM_001282439.2	2616	2388.29	25.2689	0.476147
NM_001282440.1	4246	4018.29	56.8514	0.63671
NM_001282441.2	4345	4117.29	0	0
NM_001282442.2	1185	957.293	0	0
NM_001282444.2	4723	4495.29	0	0
NM_001282445.2	4401	4173.29	16.8481	0.181683
NM_001282446.2	2739	2511.29	50.5903	0.906593
NM_001282447.3	3433	3205.29	228.576	3.20926
NM_001282448.2	509	288.355	0	0
NM_001282449.2	1908	1680.29	1.66806	0.0446754
NM_001282450.2	2632	2404.29	80.6161	1.50896
NM_001282451.2	2271	2043.29	81.2254	1.78897
NM_001282454.2	2016	1788.29	275.598	6.93554
NM_001282455.2	3992	3764.29	0	0
NM_001282456.4	5361	5133.29	0.179672	0.00157517
NM_001282457.2	2059	1831.29	0	0
NM_001282458.2	2638	2410.29	0	0
NM_001282459.2	1644	1416.29	1.97477	0.062749
NM_001282460.2	2441	2213.29	0	0
NM_001282461.2	958	730.293	0	0
NM_001282462.2	903	675.361	0	0
NM_001282463.2	7726	7498.29	45.2074	0.271325
NM_001282464.2	868	640.427	8.12166	0.570712
NM_001282466.2	1291	1063.29	0	0
NM_001282467.2	1288	1060.29	0	0
NM_001282468.3	5368	5140.29	0	0
NM_001282469.3	1161	933.293	0	0
NM_001282470.3	5859	5631.29	0	0
NM_001282472.2	5188	4960.29	0	0
NM_001282473.3	3013	2785.29	0	0
NM_001282474.2	2706	2478.29	27.2086	0.494078
NM_001282475.2	2806	2578.29	0	0
NM_001282476.2	6403	6175.29	0	0
NM_001282477.2	590	365.061	0	0
NM_001282478.1	1587	1359.29	0.732676	0.0242572
NM_001282479.1	1588	1360.29	0.267324	0.00884398
NM_001282480.1	3897	3669.29	0	0
NM_001282481.1	3771	3543.29	0.00120405	1.52925e-05
NM_001282482.1	3684	3456.29	3.08809e-05	4.02088e-07
NM_001282483.1	3748	3520.29	9.08198	0.116103
NM_001282484.1	5172	4944.29	44.6666	0.406557
NM_001282485.2	4835	4607.29	3.24624	0.0317086
NM_001282487.2	862	634.427	4.50703	0.319706
NM_001282488.2	906	678.293	0	0
NM_001282489.3	3505	3277.29	0	0
NM_001282490.2	5188	4960.29	12.0331	0.109172
NM_001282492.2	828	600.427	3	0.224855
NM_001282493.2	5174	4946.29	10.1768	0.0925918
NM_001282494.2	5256	5028.29	131.709	1.17879
NM_001282495.1	3570	3342.29	233.676	3.14638
NM_001282496.2	3373	3145.29	0	0
NM_001282497.2	3538	3310.29	88.3596	1.20124
NM_001282498.2	3089	2861.29	0	0
NM_001282499.3	811	583.487	22.5856	1.74198
NM_001282500.2	1438	1210.29	200.011	7.43714
NM_001282501.2	1947	1719.29	0	0
NM_001282502.1	1866	1638.29	0	0
NM_001282504.1	1746	1518.29	0	0
NM_001282505.1	1680	1452.29	0	0
NM_001282506.2	2493	2265.29	2.14249	0.0425634
NM_001282507.2	1264	1036.29	0	0
NM_001282509.2	1002	774.293	0	0
NM_001282510.2	927	699.293	0	0
NM_001282511.3	1588	1360.29	46.1473	1.52671
NM_001282512.3	2257	2029.29	70.6848	1.56756
NM_001282515.2	6322	6094.29	46.2151	0.341274
NM_001282516.2	791	563.487	9.85147	0.786791
NM_001282517.2	648	421.846	25.7238	2.74425
NM_001282518.2	6280	6052.29	62.3342	0.463499
NM_001282519.2	840	612.427	6.39876	0.470201
NM_001282520.1	1528	1300.29	2.80312e-07	9.7016e-09
NM_001282521.2	612	386.495	4.29538	0.500149
NM_001282524.2	1847	1619.29	0	0
NM_001282526.2	2259	2031.29	25.8476	0.57265
NM_001282527.2	3695	3467.29	0	0
NM_001282530.2	2513	2285.29	100.065	1.97053
NM_001282531.3	6672	6444.29	568.985	3.97345
NM_001282532.2	6093	5865.29	450.678	3.45795
NM_001282533.2	4058	3830.29	0	0
NM_001282534.2	2393	2165.29	2.35522	0.0489504
NM_001282535.2	3561	3333.29	0	0
NM_001282536.1	5298	5070.29	0	0
NM_001282537.2	961	733.293	3.42165	0.209991
NM_001282538.2	3017	2789.29	7.24211	0.116846
NM_001282539.2	3114	2886.29	2148	33.4916
NM_001282540.2	3210	2982.29	3.19084	0.0481501
NM_001282541.2	3465	3237.29	0	0
NM_001282542.2	3390	3162.29	0	0
NM_001282543.2	5421	5193.29	0	0
NM_001282544.2	805	577.487	0	0
NM_001282545.2	4125	3897.29	0	0
NM_001282546.2	3660	3432.29	63.7875	0.83636
NM_001282547.2	3645	3417.29	631.338	8.31423
NM_001282548.2	4068	3840.29	0	0
NM_001282549.2	3939	3711.29	6.64692	0.0806005
NM_001282550.3	4491	4263.29	0	0
NM_001282551.2	4559	4331.29	31.6763	0.329123
NM_001282552.3	4487	4259.29	0	0
NM_001282554.2	4468	4240.29	0	0
NM_001282556.2	2417	2189.29	0	0
NM_001282557.2	2406	2178.29	0	0
NM_001282558.2	2444	2216.29	0	0
NM_001282559.2	2233	2005.29	1.01101	0.0226893
NM_001282560.2	1778	1550.29	40.9561	1.1889
NM_001282561.2	5861	5633.29	643.271	5.13894
NM_001282562.2	5919	5691.29	40.1991	0.317868
NM_001282563.2	1557	1329.29	0	0
NM_001282564.2	3259	3031.29	0	0
NM_001282566.2	1585	1357.29	16.4997	0.547073
NM_001282567.2	1525	1297.29	0	0
NM_001282568.2	1706	1478.29	91.2343	2.77741
NM_001282569.2	1638	1410.29	74.8742	2.38927
NM_001282570.2	1447	1219.29	13.6585	0.504123
NM_001282571.2	1467	1239.29	18.5909	0.675099
NM_001282572.2	1321	1093.29	15.3908	0.633529
NM_001282573.2	1391	1163.29	24.0094	0.928826
NM_001282574.2	1422	1194.29	36.4539	1.37365
NM_001282575.3	2591	2363.29	0	0
NM_001282576.2	2384	2156.29	0	0
NM_001282577.3	2162	1934.29	25.5681	0.594864
NM_001282578.3	2299	2071.29	84.0624	1.82643
NM_001282579.2	2210	1982.29	80.2894	1.82277
NM_001282580.2	1049	821.293	15.2812	0.837337
NM_001282582.2	2310	2082.29	0.0175337	0.000378942
NM_001282583.2	2751	2523.29	128.289	2.28804
NM_001282584.2	1990	1762.29	600.333	15.3305
NM_001282585.1	2008	1780.29	9317.44	235.531
NM_001282587.2	9026	8798.29	0.238535	0.0012201
NM_001282588.2	2210	1982.29	0	0
NM_001282589.2	2314	2086.29	0	0
NM_001282590.2	2386	2158.29	0	0
NM_001282591.2	2266	2038.29	0	0
NM_001282592.2	2603	2375.29	0	0
NM_001282593.2	2162	1934.29	0	0
NM_001282594.2	2425	2197.29	0	0
NM_001282595.1	2369	2141.29	0	0
NM_001282596.2	2282	2054.29	0	0
NM_001282597.3	3932	3704.29	0	0
NM_001282598.2	3758	3530.29	0	0
NM_001282599.2	2846	2618.29	0	0
NM_001282600.2	2781	2553.29	12	0.211506
NM_001282601.2	1835	1607.29	306.894	8.59283
NM_001282602.2	1808	1580.29	517.169	14.7278
NM_001282603.2	1799	1571.29	15.012	0.429956
NM_001282604.2	1947	1719.29	204.908	5.36353
NM_001282605.2	1745	1517.29	46.2928	1.37305
NM_001282606.2	3017	2789.29	0	0
NM_001282607.2	2749	2521.29	0	0
NM_001282609.2	2841	2613.29	72.1802	1.243
NM_001282610.2	2838	2610.29	32.6629	0.563129
NM_001282611.2	2782	2554.29	80.2694	1.41424
NM_001282612.1	2502	2274.29	0	0
NM_001282613.2	3157	2929.29	0	0
NM_001282614.2	1494	1266.29	0	0
NM_001282615.2	1703	1475.29	0	0
NM_001282616.2	1798	1570.29	0	0
NM_001282617.2	2431	2203.29	20.5726	0.420203
NM_001282618.2	2176	1948.29	24.4951	0.565806
NM_001282619.2	2219	1991.29	34.3708	0.776778
NM_001282620.2	2095	1867.29	402.325	9.69633
NM_001282621.2	1723	1495.29	17.4729	0.525874
NM_001282622.3	5807	5579.29	1495.31	12.0613
NM_001282624.2	1699	1471.29	0	0
NM_001282625.2	2467	2239.29	0	0
NM_001282626.2	3028	2800.29	48.1856	0.774384
NM_001282628.2	2505	2277.29	0	0
NM_001282629.2	1935	1707.29	21.3402	0.562513
NM_001282630.3	4326	4098.29	13.3752	0.146872
NM_001282631.2	1747	1519.29	1.24364	0.036838
NM_001282632.2	1903	1675.29	0	0
NM_001282633.3	680	453.225	0	0
NM_001282634.3	650	423.846	42.6698	4.53059
NM_001282635.3	804	576.487	0	0
NM_001282636.3	718	490.852	5.93974	0.544578
NM_001282640.2	3080	2852.29	0.000225496	3.55785e-06
NM_001282643.2	2975	2747.29	58.4198	0.956968
NM_001282644.2	3253	3025.29	0	0
NM_001282645.1	3234	3006.29	0	0
NM_001282647.2	866	638.427	45.1836	3.18501
NM_001282648.2	1715	1487.29	17.002	0.514452
NM_001282649.2	2553	2325.29	51.8189	1.00289
NM_001282650.2	2775	2547.29	32.4256	0.572863
NM_001282651.2	2820	2592.29	18.4719	0.320678
NM_001282652.2	2743	2515.29	36.1571	0.646916
NM_001282653.2	2068	1840.29	8.7433	0.213811
NM_001282656.2	2897	2669.29	157.65	2.65791
NM_001282657.2	2807	2579.29	20.6898	0.360993
NM_001282658.2	3519	3291.29	5.41519	0.0740439
NM_001282659.2	9994	9766.29	2858.05	13.1699
NM_001282660.2	4110	3882.29	0	0
NM_001282661.3	4372	4144.29	206.116	2.23822
NM_001282662.3	4532	4304.29	116.928	1.22252
NM_001282663.2	3903	3675.29	0	0
NM_001282664.1	3744	3516.29	0	0
NM_001282665.1	4259	4031.29	138.979	1.55148
NM_001282666.1	6658	6430.29	5902.26	41.3076
NM_001282667.1	6595	6367.29	15844.8	111.988
NM_001282668.2	1104	876.293	862.869	44.3136
NM_001282669.2	2905	2677.29	0	0
NM_001282670.2	3576	3348.29	18.974	0.255022
NM_001282671.2	2345	2117.29	130.665	2.77728
NM_001282672.2	2214	1986.29	46.7476	1.05915
NM_001282673.2	1530	1302.29	178.481	6.16771
NM_001282674.1	993	765.293	29.1559	1.71451
NM_001282675.2	3128	2900.29	17.9457	0.278459
NM_001282676.2	2390	2162.29	15.4524	0.321605
NM_001282677.2	4198	3970.29	0	0
NM_001282678.2	4404	4176.29	43.7762	0.471725
NM_001282679.2	9230	9002.29	112.512	0.562457
NM_001282680.3	9176	8948.29	98.7985	0.496881
NM_001282681.3	8947	8719.29	315.532	1.62856
NM_001282682.2	1815	1587.29	173.25	4.91201
NM_001282683.2	5732	5504.29	0	0
NM_001282684.2	1760	1532.29	44.7965	1.31566
NM_001282685.2	1588	1360.29	14.7419	0.487711
NM_001282686.2	1497	1269.29	26.116	0.92595
NM_001282687.2	1963	1735.29	23.4577	0.608351
NM_001282688.2	3478	3250.29	0	0
NM_001282689.2	3360	3132.29	125.251	1.79953
NM_001282690.1	3612	3384.29	0	0
NM_001282691.1	2924	2696.29	27.102	0.452351
NM_001282692.1	2198	1970.29	0	0
NM_001282693.2	2152	1924.29	0	0
NM_001282694.2	1963	1735.29	0	0
NM_001282695.2	3854	3626.29	0	0
NM_001282696.2	3313	3085.29	85.4686	1.24667
NM_001282697.2	3247	3019.29	883.025	13.1616
NM_001282698.2	3388	3160.29	0	0
NM_001282699.1	3539	3311.29	0	0
NM_001282700.2	3232	3004.29	0	0
NM_001282701.2	3161	2933.29	24.5747	0.377029
NM_001282702.2	3227	2999.29	0	0
NM_001282703.1	3311	3083.29	0	0
NM_001282704.2	2684	2456.29	0	0
NM_001282705.2	2441	2213.29	0	0
NM_001282706.2	2536	2308.29	0	0
NM_001282707.2	2457	2229.29	55.0704	1.11171
NM_001282708.1	1956	1728.29	60.2366	1.5685
NM_001282709.1	1944	1716.29	129.115	3.38552
NM_001282710.2	1675	1447.29	24.7758	0.770395
NM_001282711.2	1596	1368.29	23.3022	0.766407
NM_001282712.2	1550	1322.29	0	0
NM_001282713.2	3068	2840.29	0	0
NM_001282714.2	3615	3387.29	0	0
NM_001282715.2	5961	5733.29	5.54632	0.0435355
NM_001282716.1	4313	4085.29	0	0
NM_001282717.2	4199	3971.29	0	0
NM_001282718.2	3989	3761.29	0	0
NM_001282719.2	3791	3563.29	0	0
NM_001282720.2	3773	3545.29	42.4938	0.539405
NM_001282721.2	3761	3533.29	176.167	2.24381
NM_001282722.2	3617	3389.29	13.3567	0.177351
NM_001282723.2	3682	3454.29	24.8441	0.323673
NM_001282724.2	3556	3328.29	0	0
NM_001282725.3	2715	2487.29	0	0
NM_001282726.2	2279	2051.29	7.40531	0.162464
NM_001282727.2	2007	1779.29	30.8804	0.781047
NM_001282728.2	3400	3172.29	9.61668	0.136425
NM_001282729.2	4301	4073.29	2.73788e-08	3.0249e-10
NM_001282730.2	4509	4281.29	71.6546	0.753202
NM_001282731.2	4351	4123.29	33.4808	0.365421
NM_001282732.2	3891	3663.29	9.51786	0.116926
NM_001282733.2	2719	2491.29	0	0
NM_001282734.2	2375	2147.29	4	0.0838322
NM_001282735.1	6407	6179.29	2.30821	0.0168104
NM_001282736.2	12128	11900.3	0	0
NM_001282738.2	4006	3778.29	7.6022	0.0905495
NM_001282739.2	4258	4030.29	0	0
NM_001282740.2	3509	3281.29	18.0506	0.247565
NM_001282741.2	3569	3341.29	13.7999	0.185868
NM_001282742.2	3237	3009.29	10.9973	0.164461
NM_001282743.1	6346	6118.29	0	0
NM_001282744.2	6123	5895.29	0	0
NM_001282745.2	3697	3469.29	0	0
NM_001282746.2	2478	2250.29	0	0
NM_001282747.2	3229	3001.29	0	0
NM_001282748.2	4982	4754.29	0	0
NM_001282749.2	4811	4583.29	0	0
NM_001282750.2	4512	4284.29	0	0
NM_001282751.2	5465	5237.29	118.945	1.02207
NM_001282752.3	6200	5972.29	30.8503	0.232467
NM_001282753.2	4679	4451.29	0	0
NM_001282754.2	6211	5983.29	0	0
NM_001282755.2	6290	6062.29	11.8007	0.0876016
NM_001282756.2	5483	5255.29	0	0
NM_001282757.2	2086	1858.29	0	0
NM_001282758.2	1875	1647.29	22.9192	0.626138
NM_001282759.2	2173	1945.29	81.7383	1.89096
NM_001282760.2	4981	4753.29	0	0
NM_001282761.2	1259	1031.29	0	0
NM_001282762.2	3247	3019.29	185.565	2.76587
NM_001282763.1	2899	2671.29	1299.31	21.8894
NM_001282764.1	2647	2419.29	0.019576	0.000364147
NM_001282765.1	3832	3604.29	57.3023	0.715475
NM_001282766.2	1949	1721.29	48.9858	1.28073
NM_001282767.2	5700	5472.29	45.9363	0.377771
NM_001282768.2	5625	5397.29	16.6716	0.139009
NM_001282769.2	5875	5647.29	98.2041	0.782585
NM_001282770.2	5586	5358.29	55.2782	0.464269
NM_001282771.3	3405	3177.29	0	0
NM_001282772.2	7727	7499.29	412.461	2.47517
NM_001282773.2	2371	2143.29	0	0
NM_001282774.2	6978	6750.29	0	0
NM_001282775.2	2530	2302.29	0	0
NM_001282776.2	7079	6851.29	18.0251	0.118399
NM_001282777.2	7619	7391.29	0	0
NM_001282778.2	2449	2221.29	6.90593	0.139913
NM_001282779.2	7456	7228.29	0	0
NM_001282780.2	2475	2247.29	0	0
NM_001282781.2	2421	2193.29	0	0
NM_001282782.2	1544	1316.29	79.8535	2.73013
NM_001282783.2	1485	1257.29	88.0296	3.1509
NM_001282784.2	1402	1174.29	8.07094	0.309307
NM_001282785.2	1568	1340.29	94.4981	3.17297
NM_001282786.2	1862	1634.29	40.2161	1.10742
NM_001282787.2	7619	7391.29	0	0
NM_001282788.3	1710	1482.29	0	0
NM_001282789.2	1704	1476.29	0	0
NM_001282790.2	5891	5663.29	0.335457	0.00266569
NM_001282791.2	6016	5788.29	2.77869e-07	2.16039e-09
NM_001282792.2	2146	1918.29	0	0
NM_001282793.2	2491	2263.29	0	0
NM_001282794.2	2996	2768.29	97.1627	1.57954
NM_001282795.2	2793	2565.29	62.042	1.08841
NM_001282796.2	1872	1644.29	1.82463	0.0499388
NM_001282797.2	2633	2405.29	75.2626	1.40816
NM_001282798.2	4684	4456.29	0	0
NM_001282799.2	4292	4064.29	2058.21	22.7901
NM_001282800.2	4341	4113.29	6.77663	0.0741423
NM_001282801.2	4775	4547.29	58.7928	0.581853
NM_001282802.2	4923	4695.29	48.0481	0.460528
NM_001282803.2	4530	4302.29	0	0
NM_001282804.2	787	559.487	10.0518	0.808533
NM_001282805.2	6043	5815.29	111.262	0.861026
NM_001282806.2	3254	3026.29	0	0
NM_001282807.2	5766	5538.29	24.5095	0.199159
NM_001282847.2	7151	6923.29	10.8859	0.0707609
NM_001282848.2	2119	1891.29	2.48395	0.0591054
NM_001282849.2	1952	1724.29	0	0
NM_001282850.2	5410	5182.29	697.322	6.05555
NM_001282851.2	2035	1807.29	0	0
NM_001282852.2	4993	4765.29	680.303	6.42474
NM_001282853.2	5131	4903.29	23.2834	0.213698
NM_001282854.2	4931	4703.29	15.2	0.14544
NM_001282855.2	3503	3275.29	0	0
NM_001282856.2	7805	7577.29	53.5086	0.317799
NM_001282857.2	10079	9851.29	1295.06	5.91615
NM_001282858.2	7742	7514.29	1106.32	6.62576
NM_001282859.2	2102	1874.29	15.7555	0.378301
NM_001282860.2	7745	7517.29	29.1156	0.174304
NM_001282861.2	5140	4912.29	111.243	1.01913
NM_001282862.2	3264	3036.29	0	0
NM_001282863.2	3165	2937.29	0	0
NM_001282864.2	3112	2884.29	24.3282	0.379589
NM_001282865.2	2449	2221.29	0	0
NM_001282866.2	5615	5387.29	0	0
NM_001282867.1	2833	2605.29	0	0
NM_001282868.1	2629	2401.29	0	0
NM_001282869.2	2660	2432.29	0	0
NM_001282870.1	2763	2535.29	0	0
NM_001282871.2	2830	2602.29	0	0
NM_001282872.1	2933	2705.29	0	0
NM_001282873.2	10892	10664.3	722.141	3.04742
NM_001282874.2	3989	3761.29	1503.11	17.9844
NM_001282875.2	3953	3725.29	1042.66	12.5958
NM_001282876.2	2375	2147.29	0	0
NM_001282877.1	2081	1853.29	0	0
NM_001282878.1	2858	2630.29	1.00039	0.0171163
NM_001282879.2	984	756.293	0	0
NM_001282880.2	3375	3147.29	10.062	0.143877
NM_001282881.2	8129	7901.29	0	0
NM_001282882.2	5450	5222.29	0	0
NM_001282883.2	1773	1545.29	0.995097	0.0289799
NM_001282884.2	4215	3987.29	0	0
NM_001282885.2	4155	3927.29	0	0
NM_001282886.2	10044	9816.29	0	0
NM_001282899.2	3876	3648.29	1.01326e-07	1.2499e-09
NM_001282900.2	3822	3594.29	0	0
NM_001282901.2	3766	3538.29	0	0
NM_001282902.3	9515	9287.29	0	0
NM_001282903.3	9950	9722.29	0	0
NM_001282904.2	5128	4900.29	0	0
NM_001282905.1	3821	3593.29	0	0
NM_001282906.1	3473	3245.29	0	0
NM_001282907.2	2162	1934.29	17.1408	0.398797
NM_001282908.2	1879	1651.29	59.4708	1.62077
NM_001282909.2	1774	1546.29	8.56758	0.249349
NM_001282910.3	6849	6621.29	0	0
NM_001282911.3	6930	6702.29	19.7177	0.132396
NM_001282912.3	6728	6500.29	34.9739	0.242132
NM_001282913.2	3492	3264.29	133.07	1.83457
NM_001282914.2	3294	3066.29	158.903	2.33217
NM_001282915.2	3416	3188.29	0.00162917	2.29959e-05
NM_001282916.1	3329	3101.29	0	0
NM_001282917.2	8491	8263.29	0	0
NM_001282918.2	8624	8396.29	1849.24	9.91171
NM_001282919.1	3360	3132.29	0	0
NM_001282920.1	1998	1770.29	0	0
NM_001282921.2	2015	1787.29	0	0
NM_001282922.2	2594	2366.29	0	0
NM_001282923.2	4228	4000.29	0	0
NM_001282924.3	3128	2900.29	0	0
NM_001282925.3	6480	6252.29	0	0
NM_001282926.3	6462	6234.29	0	0
NM_001282927.2	6355	6127.29	94.2707	0.69239
NM_001282928.3	3475	3247.29	0	0
NM_001282929.1	4242	4014.29	0	0
NM_001282930.3	4178	3950.29	291.956	3.32607
NM_001282931.3	4469	4241.29	222.449	2.36034
NM_001282932.2	6476	6248.29	56.7326	0.408614
NM_001282933.2	3343	3115.29	114.027	1.64722
NM_001282934.2	6585	6357.29	0	0
NM_001282935.2	3146	2918.29	0	0
NM_001282936.1	5225	4997.29	0	0
NM_001282937.1	5174	4946.29	0	0
NM_001282938.1	5087	4859.29	0	0
NM_001282939.1	4898	4670.29	4.85582	0.0467909
NM_001282940.2	2331	2103.29	0	0
NM_001282941.2	2213	1985.29	22.5132	0.510335
NM_001282944.2	1991	1763.29	9.43688	0.24085
NM_001282946.2	2084	1856.29	11.1168	0.26951
NM_001282948.2	8691	8463.29	234.969	1.24943
NM_001282949.3	2394	2166.29	6.94336	0.144243
NM_001282950.3	2566	2338.29	19.0188	0.366039
NM_001282951.3	2407	2179.29	0	0
NM_001282952.3	2437	2209.29	96.6481	1.96871
NM_001282953.2	2257	2029.29	46.9797	1.04186
NM_001282954.2	2270	2042.29	0	0
NM_001282955.2	2172	1944.29	86.4274	2.00047
NM_001282956.2	1927	1699.29	43.8752	1.16196
NM_001282957.2	1725	1497.29	0	0
NM_001282958.2	3521	3293.29	545.935	7.46023
NM_001282959.2	4619	4391.29	416.473	4.26812
NM_001282960.2	4613	4385.29	280.042	2.87386
NM_001282962.2	2995	2767.29	118.489	1.92693
NM_001282963.2	2902	2674.29	78.7704	1.32555
NM_001282964.2	2585	2357.29	2	0.038182
NM_001282965.2	2616	2388.29	3.32601e-08	6.26727e-10
NM_001282968.2	3048	2820.29	0	0
NM_001282969.1	1850	1622.29	51.5382	1.42969
NM_001282970.2	2233	2005.29	132.428	2.97197
NM_001282971.2	5006	4778.29	0	0
NM_001282972.2	3385	3157.29	0	0
NM_001282973.2	3609	3381.29	26.6359	0.354509
NM_001282974.2	4919	4691.29	20.9735	0.201197
NM_001282979.2	5721	5493.29	845.815	6.92923
NM_001282980.2	5730	5502.29	0.00166956	1.36553e-05
NM_001282981.2	4669	4441.29	1.24357	0.0126009
NM_001282982.2	4480	4252.29	1.45027e-08	1.53485e-10
NM_001282983.2	2590	2362.29	10.3996	0.198118
NM_001282984.2	2376	2148.29	490.013	10.2649
NM_001282985.2	2807	2579.29	150.322	2.6228
NM_001282986.2	880	652.427	10.1701	0.701513
NM_001282987.2	1058	830.293	1.67159	0.0906027
NM_001282988.2	1162	934.293	9.06502	0.436644
NM_001282989.2	1006	778.293	103.248	5.97008
NM_001282990.2	1027	799.293	0	0
NM_001282991.2	904	676.361	13.6088	0.905491
NM_001282995.3	2475	2247.29	0	0
NM_001282996.3	2349	2121.29	0	0
NM_001282997.3	2400	2172.29	5.90291	0.12229
NM_001282998.3	2229	2001.29	6.53242e-07	1.46895e-08
NM_001282999.3	2242	2014.29	0	0
NM_001283.5	1226	998.293	3263	147.096
NM_001283000.3	2418	2190.29	0	0
NM_001283001.3	2405	2177.29	32.6846	0.675568
NM_001283002.3	2307	2079.29	0	0
NM_001283003.3	2380	2152.29	0	0
NM_001283004.3	2367	2139.29	0	0
NM_001283005.3	2003	1775.29	3.05694e-07	7.74923e-09
NM_001283006.3	2081	1853.29	9.29224	0.225641
NM_001283007.3	2099	1871.29	0	0
NM_001283008.3	2269	2041.29	35.5474	0.783692
NM_001283009.2	4615	4387.29	1553.6	15.9362
NM_001283010.1	4691	4463.29	21.0095	0.211837
NM_001283012.2	2266	2038.29	0	0
NM_001283014.2	1834	1606.29	8.85888	0.248197
NM_001283015.2	1989	1761.29	70.4711	1.80062
NM_001283016.2	2173	1945.29	0.00486659	0.000112585
NM_001283017.2	2066	1838.29	26.8853	0.658176
NM_001283018.2	3849	3621.29	15.7278	0.195455
NM_001283019.2	1994	1766.29	5.48406	0.139727
NM_001283020.2	3720	3492.29	23.6106	0.304255
NM_001283021.2	2031	1803.29	42.1913	1.05293
NM_001283022.2	2019	1791.29	64.4079	1.61813
NM_001283023.2	1511	1283.29	0	0
NM_001283024.1	1492	1264.29	100.934	3.59279
NM_001283026.2	3790	3562.29	72.1377	0.911329
NM_001283027.1	1593	1365.29	13.6787	0.450879
NM_001283031.1	2145	1917.29	0	0
NM_001283032.1	2144	1916.29	28.7929	0.676184
NM_001283033.1	1931	1703.29	0	0
NM_001283034.2	4084	3856.29	46.9896	0.54837
NM_001283035.2	2266	2038.29	76.1841	1.68205
NM_001283036.2	2173	1945.29	56.2474	1.30125
NM_001283037.2	2121	1893.29	18.8192	0.447327
NM_001283038.1	1888	1660.29	37.336	1.01201
NM_001283039.1	1841	1613.29	0	0
NM_001283040.1	1460	1232.29	15.2848	0.558198
NM_001283041.3	5379	5151.29	0	0
NM_001283042.3	5265	5037.29	243.046	2.17137
NM_001283043.3	7968	7740.29	0.00661302	3.8449e-05
NM_001283044.3	8070	7842.29	0	0
NM_001283049.2	18547	18319.3	532.55	1.30826
NM_001283050.2	1112	884.293	0	0
NM_001283051.2	6727	6499.29	7.03517	0.0487136
NM_001283052.2	6926	6698.29	0	0
NM_001283053.2	2375	2147.29	0	0
NM_001283054.2	2240	2012.29	0	0
NM_001283055.2	2203	1975.29	0	0
NM_001283056.2	3208	2980.29	0	0
NM_001283057.2	3085	2857.29	0	0
NM_001283058.2	3132	2904.29	0	0
NM_001283059.2	3112	2884.29	0	0
NM_001283060.2	1021	793.293	0	0
NM_001283106.3	3661	3433.29	0	0
NM_001283116.3	3397	3169.29	60.4207	0.857957
NM_001283129.3	3637	3409.29	0	0
NM_001283148.3	3395	3167.29	6.67505	0.0948438
NM_001283154.3	3507	3279.29	0.0751681	0.00103156
NM_001283179.3	3356	3128.29	0	0
NM_001283186.3	3211	2983.29	1.18633e-06	1.78958e-08
NM_001283199.3	3284	3056.29	0.00101492	1.49445e-05
NM_001283215.3	3378	3150.29	21.3714	0.305298
NM_001283235.3	3282	3054.29	8.62671e-07	1.27109e-08
NM_001283248.3	3057	2829.29	30.8183	0.4902
NM_001284.4	1276	1048.29	4341.28	186.371
NM_001284194.2	2193	1965.29	112.588	2.57815
NM_001284201.2	2870	2642.29	232.754	3.96422
NM_001284202.2	2456	2228.29	62.3412	1.25906
NM_001284203.2	2379	2151.29	182.785	3.8237
NM_001284204.2	2270	2042.29	14.2772	0.314606
NM_001284206.1	5996	5768.29	327.167	2.55249
NM_001284207.1	5752	5524.29	190.002	1.54783
NM_001284208.2	2973	2745.29	30.3966	0.498286
NM_001284209.2	2372	2144.29	53.0734	1.11387
NM_001284210.2	2235	2007.29	0	0
NM_001284211.2	1665	1437.29	0	0
NM_001284212.4	4217	3989.29	250	2.82025
NM_001284213.4	4127	3899.29	0	0
NM_001284214.2	10019	9791.29	124.67	0.573014
NM_001284215.2	9974	9746.29	2164.52	9.99458
NM_001284216.2	9065	8837.29	0	0
NM_001284217.2	2003	1775.29	0	0
NM_001284220.2	3048	2820.29	59.1074	0.94317
NM_001284222.2	3154	2926.29	0	0
NM_001284223.1	3187	2959.29	0	0
NM_001284224.2	2945	2717.29	7.051	0.116777
NM_001284225.2	2984	2756.29	0	0
NM_001284226.2	3009	2781.29	0	0
NM_001284230.2	11511	11283.3	6.75143	0.0269279
NM_001284231.1	10742	10514.3	0	0
NM_001284232.1	10696	10468.3	0	0
NM_001284233.4	10440	10212.3	26.5534	0.117014
NM_001284234.3	10318	10090.3	0	0
NM_001284235.2	2528	2300.29	38.3892	0.751049
NM_001284236.3	10805	10577.3	776.579	3.3041
NM_001284237.2	2892	2664.29	93.09	1.5724
NM_001284238.3	10817	10589.3	2.46991	0.0104968
NM_001284239.1	1992	1764.29	1696.42	43.2719
NM_001284240.2	7653	7425.29	1097.11	6.64933
NM_001284241.2	2059	1831.29	35.1483	0.863752
NM_001284242.2	5747	5519.29	34.7931	0.283695
NM_001284243.2	5884	5656.29	698.201	5.55509
NM_001284244.2	1004	776.293	0	0
NM_001284245.3	8061	7833.29	245.685	1.41149
NM_001284246.2	8330	8102.29	319.63	1.77534
NM_001284247.3	8343	8115.29	0	0
NM_001284251.2	3528	3300.29	73.6806	1.00471
NM_001284252.2	3525	3297.29	790.351	10.7871
NM_001284253.2	3396	3168.29	4.3756	0.0621519
NM_001284254.2	3435	3207.29	1753.25	24.6007
NM_001284255.2	3306	3078.29	238.037	3.47998
NM_001284256.2	3196	2968.29	0	0
NM_001284257.2	3193	2965.29	96.5143	1.46476
NM_001284259.2	6441	6213.29	1.54558e-08	1.11947e-10
NM_001284260.2	2102	1874.29	0	0
NM_001284261.2	1410	1182.29	0	0
NM_001284262.2	1546	1318.29	0	0
NM_001284263.2	3910	3682.29	34.7546	0.424753
NM_001284264.2	3739	3511.29	10.242	0.131269
NM_001284265.1	3717	3489.29	241.951	3.12055
NM_001284266.2	1881	1653.29	24.1023	0.656072
NM_001284267.2	3036	2808.29	19.411	0.311062
NM_001284268.2	1918	1690.29	39.9517	1.06369
NM_001284269.2	3173	2945.29	0.0145394	0.000222157
NM_001284271.2	2793	2565.29	0	0
NM_001284274.3	4874	4646.29	28.4316	0.275382
NM_001284275.2	1515	1287.29	0	0
NM_001284276.2	1412	1184.29	0	0
NM_001284277.2	2828	2600.29	19.0949	0.330474
NM_001284278.2	2984	2756.29	0	0
NM_001284280.2	4377	4149.29	1731.98	18.785
NM_001284281.2	3699	3471.29	61.3817	0.795775
NM_001284282.2	2821	2593.29	59.1013	1.02562
NM_001284283.2	2762	2534.29	0.0219349	0.000389511
NM_001284284.1	2941	2713.29	0	0
NM_001284285.2	3348	3120.29	0	0
NM_001284286.2	3470	3242.29	0	0
NM_001284287.2	2264	2036.29	0	0
NM_001284288.2	2422	2194.29	0	0
NM_001284289.2	2544	2316.29	0	0
NM_001284290.2	1761	1533.29	0	0
NM_001284291.2	3984	3756.29	171.25	2.0517
NM_001284292.2	4109	3881.29	0	0
NM_001284293.2	4015	3787.29	2	0.0237653
NM_001284295.2	2718	2490.29	27.6255	0.499232
NM_001284296.2	3496	3268.29	0	0
NM_001284297.2	4615	4387.29	1.12529e-05	1.15427e-07
NM_001284298.2	4582	4354.29	0.352175	0.00363985
NM_001284299.2	1788	1560.29	0	0
NM_001284301.3	4620	4392.29	4039.89	41.3924
NM_001284302.3	4617	4389.29	15.1315	0.155142
NM_001284303.2	3524	3296.29	0	0
NM_001284304.2	3895	3667.29	8.99519	0.110384
NM_001284305.2	3697	3469.29	0	0
NM_001284306.2	8017	7789.29	0	0
NM_001284307.4	8011	7783.29	323.654	1.87137
NM_001284308.2	2179	1951.29	0	0
NM_001284309.2	2119	1891.29	16.1079	0.383286
NM_001284310.2	2374	2146.29	0	0
NM_001284311.2	1935	1707.29	0	0
NM_001284313.2	9700	9472.29	4.41663	0.0209835
NM_001284315.2	9684	9456.29	37.1893	0.176986
NM_001284316.2	2836	2608.29	0	0
NM_001284317.2	1344	1116.29	0	0
NM_001284318.2	1332	1104.29	0	0
NM_001284320.2	3219	2991.29	0	0
NM_001284321.2	3216	2988.29	0	0
NM_001284322.2	3334	3106.29	0	0
NM_001284323.2	3432	3204.29	0	0
NM_001284324.2	3325	3097.29	0	0
NM_001284325.2	2044	1816.29	51.3624	1.27263
NM_001284326.2	3393	3165.29	0	0
NM_001284327.2	3286	3058.29	0	0
NM_001284330.2	2619	2391.29	107.266	2.01869
NM_001284331.2	2695	2467.29	0	0
NM_001284333.3	5410	5182.29	0	0
NM_001284334.2	1145	917.293	0.219155	0.0107519
NM_001284335.2	2317	2089.29	16.4045	0.353351
NM_001284336.2	2332	2104.29	45.2056	0.966781
NM_001284337.2	4440	4212.29	14.5399	0.155341
NM_001284338.2	7240	7012.29	882.585	5.6642
NM_001284339.1	7192	6964.29	0	0
NM_001284340.1	7189	6961.29	31.4597	0.20338
NM_001284341.2	3583	3355.29	168.665	2.26222
NM_001284342.3	5977	5749.29	263.402	2.0618
NM_001284343.2	2714	2486.29	160.854	2.91153
NM_001284347.2	3517	3289.29	18.2622	0.249858
NM_001284348.2	3690	3462.29	10.3632	0.134701
NM_001284349.2	1910	1682.29	15.6518	0.418703
NM_001284350.2	1523	1295.29	0	0
NM_001284351.3	5528	5300.29	376.946	3.20052
NM_001284352.2	6790	6562.29	0	0
NM_001284353.2	6892	6664.29	0	0
NM_001284355.4	8445	8217.29	2.21615e-07	1.2137e-09
NM_001284356.2	1469	1241.29	123.364	4.47256
NM_001284357.2	6467	6239.29	14.285	0.103036
NM_001284358.2	2625	2397.29	0	0
NM_001284361.2	3285	3057.29	0	0
NM_001284362.2	3223	2995.29	0	0
NM_001284363.1	5113	4885.29	16.4997	0.151994
NM_001284364.3	2574	2346.29	234.236	4.49276
NM_001284365.3	2503	2275.29	74.9194	1.48183
NM_001284367.2	888	660.427	59.8723	4.07984
NM_001284368.1	667	440.629	64.9672	6.63534
NM_001284377.2	718	490.852	111.865	10.2562
NM_001284378.2	637	411.055	0	0
NM_001284379.2	784	556.487	0	0
NM_001284382.2	2863	2635.29	772.873	13.1984
NM_001284388.2	3753	3525.29	308.648	3.94013
NM_001284389.2	3726	3498.29	2319.22	29.8352
NM_001284390.2	3652	3424.29	8.72571	0.114676
NM_001284391.1	3562	3334.29	0	0
NM_001284395.2	2311	2083.29	0	0
NM_001284396.2	1919	1691.29	2.59622	0.0690821
NM_001284400.3	5692	5464.29	0	0
NM_001284401.2	1326	1098.29	185.735	7.61058
NM_001284403.2	10818	10590.3	0	0
NM_001284404.2	10948	10720.3	0	0
NM_001284405.2	11066	10838.3	77.1126	0.320189
NM_001284406.2	2163	1935.29	0	0
NM_001284407.2	1935	1707.29	0	0
NM_001284408.2	1797	1569.29	3.00512	0.0861787
NM_001284413.2	1928	1700.29	11.7428	0.310806
NM_001284415.2	1829	1601.29	3.45506	0.0971018
NM_001284416.2	1763	1535.29	36.08	1.05759
NM_001284417.2	2710	2482.29	89.6331	1.62502
NM_001284418.2	2770	2542.29	21.8761	0.387247
NM_001284419.2	2786	2558.29	0	0
NM_001284420.1	2431	2203.29	8.80446	0.179834
NM_001284421.2	2736	2508.29	19.4881	0.349651
NM_001284422.2	2836	2608.29	0	0
NM_001284423.2	4833	4605.29	0	0
NM_001284424.2	4878	4650.29	0	0
NM_001284425.2	4936	4708.29	0	0
NM_001284426.2	4611	4383.29	17	0.174538
NM_001284430.1	5038	4810.29	0	0
NM_001284431.1	4922	4694.29	0	0
NM_001284497.2	2902	2674.29	20.3999	0.343289
NM_001284498.2	8440	8212.29	0	0
NM_001284499.1	7872	7644.29	0	0
NM_001284501.2	1539	1311.29	12.691	0.43555
NM_001284502.2	1127	899.293	4.46974	0.223678
NM_001284509.2	3180	2952.29	0	0
NM_001284510.2	3102	2874.29	0	0
NM_001284511.2	2568	2340.29	0	0
NM_001284512.2	2463	2235.29	0	0
NM_001284513.2	2288	2060.29	0	0
NM_001284514.2	9914	9686.29	0	0
NM_001284515.2	9746	9518.29	0	0
NM_001284516.1	9256	9028.29	4.46797e-08	2.22714e-10
NM_001284517.2	1777	1549.29	182.295	5.2952
NM_001284518.2	1911	1683.29	67.9152	1.81572
NM_001284526.2	1246	1018.29	88.255	3.9004
NM_001284527.2	3108	2880.29	84.2022	1.31562
NM_001284528.2	2723	2495.29	56.728	1.0231
NM_001284529.2	2170	1942.29	14.1254	0.327287
NM_001285.4	3004	2776.29	0	0
NM_001285387.3	774	546.487	184.189	15.1679
NM_001285389.2	2210	1982.29	39.2605	0.891313
NM_001285391.2	2533	2305.29	25.693	0.50157
NM_001285392.2	2327	2099.29	13.73	0.294334
NM_001285393.2	2264	2036.29	0	0
NM_001285394.2	884	656.427	0	0
NM_001285399.3	2858	2630.29	0	0
NM_001285400.3	2828	2600.29	0	0
NM_001285401.3	2822	2594.29	0	0
NM_001285402.2	2952	2724.29	0	0
NM_001285403.4	2144	1916.29	0	0
NM_001285404.2	1160	932.293	29.6663	1.43203
NM_001285439.2	9605	9377.29	168.256	0.807488
NM_001285440.2	9417	9189.29	0	0
NM_001285444.2	4517	4289.29	423.818	4.44669
NM_001285445.2	4514	4286.29	5.39719e-08	5.66668e-10
NM_001285447.1	4485	4257.29	12.8618	0.13596
NM_001285448.1	4498	4270.29	33.4667	0.352693
NM_001285449.2	2105	1877.29	87.2613	2.09186
NM_001285450.2	2237	2009.29	42.1202	0.943385
NM_001285460.2	5444	5216.29	0	0
NM_001285461.2	4088	3860.29	32.1861	0.375224
NM_001285462.2	4139	3911.29	4.93012e-07	5.67257e-09
NM_001285485.2	1458	1230.29	0	0
NM_001285486.2	1722	1494.29	0	0
NM_001285522.1	14405	14177.3	2.01058	0.00638219
NM_001285523.3	1618	1390.29	0	0
NM_001285524.1	15174	14946.3	0	0
NM_001285526.2	15827	15599.3	0	0
NM_001285527.1	1404	1176.29	0	0
NM_001285528.2	1087	859.293	0	0
NM_001285549.2	10218	9990.29	156.596	0.705415
NM_001285829.2	2601	2373.29	6	0.113774
NM_001285878.1	2113	1885.29	158.255	3.77763
NM_001285879.1	2113	1885.29	158.255	3.77763
NM_001285900.3	5307	5079.29	24.9659	0.2212
NM_001285986.2	2290	2062.29	36.2965	0.792056
NM_001285987.1	2075	1847.29	6.24147	0.152052
NM_001286.5	5589	5361.29	517.202	4.34144
NM_001286035.2	4751	4523.29	52.3114	0.520456
NM_001286036.2	4704	4476.29	0	0
NM_001286042.2	2173	1945.29	160.768	3.71927
NM_001286043.2	2360	2132.29	5.96534	0.125901
NM_001286044.2	1991	1763.29	0	0
NM_001286045.2	3610	3382.29	1313.21	17.473
NM_001286046.2	3606	3378.29	14.5126	0.193326
NM_001286047.2	3447	3219.29	5.28871	0.0739318
NM_001286048.2	3359	3131.29	0	0
NM_001286050.2	7219	6991.29	253.242	1.63012
NM_001286051.2	6874	6646.29	188.975	1.27958
NM_001286052.2	2776	2548.29	0	0
NM_001286053.2	2649	2421.29	0	0
NM_001286054.2	2973	2745.29	9.86639	0.161738
NM_001286055.2	1853	1625.29	84.3351	2.33517
NM_001286056.2	1855	1627.29	32.512	0.899126
NM_001286057.2	2541	2313.29	0.790874	0.0153858
NM_001286059.2	9755	9527.29	106.828	0.50461
NM_001286060.2	9859	9631.29	386.356	1.80528
NM_001286061.1	9783	9555.29	0	0
NM_001286067.2	4295	4067.29	0	0
NM_001286068.2	4158	3930.29	16.9046	0.193563
NM_001286069.2	4163	3935.29	281.737	3.22188
NM_001286070.2	4011	3783.29	28.7409	0.341879
NM_001286071.2	3986	3758.29	0.00471787	5.64934e-05
NM_001286072.2	4364	4136.29	42.3561	0.460837
NM_001286074.2	7605	7377.29	22.9391	0.139934
NM_001286075.2	3142	2914.29	10.1737	0.157104
NM_001286076.2	1735	1507.29	18.7779	0.560648
NM_001286077.2	1134	906.293	1658.95	82.3774
NM_001286078.2	957	729.293	3.63169	0.224104
NM_001286082.2	797	569.487	29.666	2.34432
NM_001286084.2	901	673.361	99.524	6.65154
NM_001286085.2	1511	1283.29	5	0.175342
NM_001286086.2	646	419.888	1061.54	113.775
NM_001286094.2	1752	1524.29	309.736	9.14462
NM_001286095.2	1668	1440.29	349.69	10.9263
NM_001286099.2	1892	1664.29	0	0
NM_001286102.1	2631	2403.29	0	0
NM_001286104.2	3541	3313.29	0	0
NM_001286105.2	3638	3410.29	24.2401	0.319878
NM_001286106.2	3112	2884.29	31.3894	0.489763
NM_001286107.2	3057	2829.29	449.256	7.14593
NM_001286108.2	3181	2953.29	21.9371	0.334283
NM_001286109.2	1783	1555.29	21.0694	0.609653
NM_001286110.2	3718	3490.29	0	0
NM_001286111.2	2815	2587.29	0	0
NM_001286113.2	2326	2098.29	0	0
NM_001286115.2	2125	1897.29	0	0
NM_001286116.2	3763	3535.29	63.3523	0.806454
NM_001286117.3	3921	3693.29	539.741	6.57679
NM_001286118.3	3497	3269.29	129.53	1.78303
NM_001286119.3	3582	3354.29	30.7272	0.412253
NM_001286120.3	3377	3149.29	2.88672	0.041251
NM_001286121.1	3716	3488.29	0	0
NM_001286123.3	2498	2270.29	0	0
NM_001286124.2	5373	5145.29	0	0
NM_001286125.2	1970	1742.29	0	0
NM_001286126.2	5325	5097.29	1.61033e-07	1.42173e-09
NM_001286128.2	5259	5031.29	9.26315	0.0828555
NM_001286129.2	2776	2548.29	2.73685	0.048333
NM_001286130.2	5639	5411.29	5.97889	0.0497236
NM_001286132.2	1419	1191.29	78.2709	2.95681
NM_001286133.2	1362	1134.29	38.8304	1.5406
NM_001286134.2	3506	3278.29	6667.43	91.5278
NM_001286135.2	1129	901.293	109.14	5.44952
NM_001286136.2	1143	915.293	0	0
NM_001286137.2	2305	2077.29	11.6576	0.252553
NM_001286138.2	1549	1321.29	57.8339	1.96981
NM_001286139.2	6029	5801.29	69.9698	0.542785
NM_001286149.2	2272	2044.29	45.7255	1.0066
NM_001286150.2	2292	2064.29	0.10492	0.00228733
NM_001286151.2	2314	2086.29	29.7933	0.642666
NM_001286152.2	3947	3719.29	0	0
NM_001286157.2	4095	3867.29	0	0
NM_001286159.2	1975	1747.29	0	0
NM_001286164.2	4013	3785.29	0	0
NM_001286167.3	5456	5228.29	280.634	2.41558
NM_001286173.2	4591	4363.29	0	0
NM_001286174.3	4380	4152.29	365.347	3.95968
NM_001286175.2	4594	4366.29	0	0
NM_001286176.2	4585	4357.29	299.556	3.09388
NM_001286177.2	4558	4330.29	0	0
NM_001286184.2	3491	3263.29	69.3278	0.956079
NM_001286188.1	4944	4716.29	118.408	1.12986
NM_001286189.1	4908	4680.29	165.661	1.59291
NM_001286191.2	4562	4334.29	20.6075	0.213968
NM_001286192.2	2536	2308.29	754.684	14.7135
NM_001286194.1	4845	4617.29	170.245	1.65932
NM_001286195.2	2503	2275.29	0	0
NM_001286196.2	4436	4208.29	0	0
NM_001286197.2	2437	2209.29	14.6135	0.297676
NM_001286198.2	2793	2565.29	13.3707	0.234563
NM_001286199.2	4836	4608.29	481.586	4.70301
NM_001286201.2	990	762.293	0	0
NM_001286205.2	3217	2989.29	14.223	0.214124
NM_001286206.2	5101	4873.29	0	0
NM_001286208.2	3162	2934.29	86.615	1.32841
NM_001286209.2	3185	2957.29	0	0
NM_001286210.2	4545	4317.29	14.9401	0.155734
NM_001286211.2	2645	2417.29	14.3932	0.267961
NM_001286212.2	2675	2447.29	108.408	1.99351
NM_001286213.2	2642	2414.29	0	0
NM_001286215.2	1726	1498.29	96.9694	2.9126
NM_001286216.2	2806	2578.29	211.566	3.69279
NM_001286219.2	9651	9423.29	0	0
NM_001286220.2	2292	2064.29	19.5276	0.425715
NM_001286229.2	4179	3951.29	28.8285	0.328341
NM_001286230.2	4283	4055.29	32.4886	0.360538
NM_001286233.2	4216	3988.29	0	0
NM_001286234.2	3462	3234.29	0	0
NM_001286235.2	3760	3532.29	0	0
NM_001286236.2	3301	3073.29	7.16987	0.10499
NM_001286237.2	3479	3251.29	0	0
NM_001286238.2	4955	4727.29	29.0251	0.276315
NM_001286239.2	4961	4733.29	0	0
NM_001286242.2	7015	6787.29	2083.17	13.8125
NM_001286243.2	1861	1633.29	0	0
NM_001286244.2	1691	1463.29	0	0
NM_001286245.2	1848	1620.29	0	0
NM_001286246.2	1867	1639.29	41.9735	1.15229
NM_001286247.2	7414	7186.29	3283.65	20.5634
NM_001286249.2	1410	1182.29	100.135	3.81156
NM_001286250.2	3590	3362.29	0	0
NM_001286251.2	3491	3263.29	0	0
NM_001286252.2	1952	1724.29	0	0
NM_001286254.3	2640	2412.29	0	0
NM_001286256.2	1578	1350.29	0	0
NM_001286257.2	1212	984.293	7.25062	0.331507
NM_001286258.2	5128	4900.29	35.9606	0.330253
NM_001286259.2	7351	7123.29	71.1582	0.449558
NM_001286262.2	1856	1628.29	1.02211	0.0282493
NM_001286264.2	3948	3720.29	24.4654	0.295949
NM_001286265.2	1759	1531.29	334.119	9.81941
NM_001286266.2	3789	3561.29	22.3498	0.282428
NM_001286267.2	1794	1566.29	83.8018	2.40781
NM_001286268.2	1851	1623.29	8.23145	0.228203
NM_001286269.2	1772	1544.29	4.87199	0.141977
NM_001286270.2	2090	1862.29	3.87072	0.0935376
NM_001286271.2	1546	1318.29	8.1611	0.278599
NM_001286272.2	4713	4485.29	239.484	2.40286
NM_001286273.2	4474	4246.29	443.466	4.69994
NM_001286274.2	2708	2480.29	100.64	1.82605
NM_001286275.2	2767	2539.29	0	0
NM_001286276.2	2934	2706.29	7.21196	0.119928
NM_001286277.2	3849	3621.29	0	0
NM_001286278.2	2751	2523.29	79.5369	1.41855
NM_001286279.2	2479	2251.29	99.2234	1.98346
NM_001286341.2	1524	1296.29	0	0
NM_001286342.2	1506	1278.29	0	0
NM_001286349.2	7148	6920.29	726.307	4.72322
NM_001286350.2	2474	2246.29	0	0
NM_001286351.2	2051	1823.29	0	0
NM_001286352.3	1900	1672.29	45.7659	1.23161
NM_001286353.3	1877	1649.29	84.5969	2.30833
NM_001286354.1	2357	2129.29	0	0
NM_001286355.1	2669	2441.29	0	0
NM_001286356.2	724	496.802	0	0
NM_001286357.2	605	379.687	0	0
NM_001286358.2	673	446.496	0	0
NM_001286359.2	727	499.753	0	0
NM_001286360.1	4049	3821.29	0	0
NM_001286361.1	3913	3685.29	0	0
NM_001286365.2	3261	3033.29	5332.42	79.1138
NM_001286366.2	3276	3048.29	3724.42	54.985
NM_001286367.2	5879	5651.29	0	0
NM_001286371.2	6910	6682.29	63.9688	0.430809
NM_001286372.2	6815	6587.29	0	0
NM_001286373.2	2688	2460.29	6.63449	0.121357
NM_001286374.2	2595	2367.29	0	0
NM_001286375.2	4092	3864.29	0	0
NM_001286377.2	1644	1416.29	0	0
NM_001286378.2	1701	1473.29	0	0
NM_001286379.2	5440	5212.29	0	0
NM_001286380.2	5203	4975.29	0	0
NM_001286381.2	3219	2991.29	0	0
NM_001286389.2	3348	3120.29	0	0
NM_001286390.2	869	641.427	0	0
NM_001286398.3	11433	11205.3	482.98	1.93976
NM_001286399.2	1759	1531.29	0	0
NM_001286400.2	2597	2369.29	0	0
NM_001286401.2	2009	1781.29	0	0
NM_001286402.1	4657	4429.29	0	0
NM_001286403.2	14309	14081.3	0	0
NM_001286407.2	2182	1954.29	6.12325	0.141005
NM_001286408.2	4323	4095.29	0	0
NM_001286409.2	3786	3558.29	0	0
NM_001286410.1	1283	1055.29	0	0
NM_001286414.3	6815	6587.29	218.793	1.49475
NM_001286416.2	1854	1626.29	65.7557	1.8196
NM_001286420.2	858	630.427	415.004	29.6251
NM_001286423.2	2725	2497.29	89.9016	1.62009
NM_001286426.2	4756	4528.29	138.26	1.37406
NM_001286427.1	2227	1999.29	100.413	2.26025
NM_001286428.2	4646	4418.29	0	0
NM_001286429.2	8160	7932.29	0.282417	0.00160227
NM_001286430.2	1985	1757.29	0	0
NM_001286431.2	11065	10837.3	37.5531	0.155944
NM_001286432.2	10958	10730.3	337.997	1.41757
NM_001286433.2	898	670.361	39.888	2.67778
NM_001286434.2	1162	934.293	0	0
NM_001286435.2	1110	882.293	37.7989	1.92801
NM_001286436.2	1236	1008.29	37.9489	1.69377
NM_001286438.2	1178	950.293	74.7155	3.5383
NM_001286439.2	1187	959.293	192.243	9.01867
NM_001286440.2	1323	1095.29	154.514	6.34862
NM_001286441.2	3254	3026.29	0	0
NM_001286445.3	5295	5067.29	0	0
NM_001286446.3	3546	3318.29	0	0
NM_001286447.2	3548	3320.29	0	0
NM_001286449.2	1666	1438.29	0	0
NM_001286451.2	1856	1628.29	52.1474	1.44126
NM_001286453.3	3368	3140.29	10.8658	0.155717
NM_001286455.1	5700	5472.29	0.0452964	0.000372509
NM_001286456.2	2065	1837.29	0	0
NM_001286457.2	5188	4960.29	1148.45	10.4195
NM_001286458.2	5363	5135.29	79.8296	0.699586
NM_001286459.2	1993	1765.29	0	0
NM_001286460.2	1743	1515.29	0	0
NM_001286461.2	1751	1523.29	0	0
NM_001286462.2	1674	1446.29	0	0
NM_001286463.1	2002	1774.29	100.528	2.54978
NM_001286464.2	4582	4354.29	0	0
NM_001286470.2	3652	3424.29	8.25022	0.108427
NM_001286471.1	3017	2789.29	0	0
NM_001286472.2	3008	2780.29	0	0
NM_001286473.2	975	747.293	24.1833	1.45635
NM_001286474.2	2166	1938.29	0	0
NM_001286475.2	2124	1896.29	0	0
NM_001286476.2	2936	2708.29	0	0
NM_001286477.2	2641	2413.29	0	0
NM_001286478.1	3066	2838.29	43.9632	0.697067
NM_001286479.3	5149	4921.29	97.633	0.892811
NM_001286480.3	5257	5029.29	143.287	1.28216
NM_001286484.2	852	624.427	0	0
NM_001286485.2	2366	2138.29	0	0
NM_001286486.2	2234	2006.29	5.61514e-07	1.25953e-08
NM_001286487.1	3049	2821.29	62.7482	1.00091
NM_001286488.2	1250	1022.29	117.598	5.17688
NM_001286489.2	1148	920.293	24.8276	1.21409
NM_001286490.2	4830	4602.29	0	0
NM_001286491.2	5370	5142.29	10.3325	0.0904252
NM_001286495.2	4219	3991.29	9.43709	0.106406
NM_001286496.2	2690	2462.29	179.208	3.27537
NM_001286497.2	2257	2029.29	20.4024	0.452459
NM_001286499.2	2690	2462.29	179.208	3.27537
NM_001286500.2	1822	1594.29	0	0
NM_001286503.2	5112	4884.29	117.173	1.07961
NM_001286504.1	5221	4993.29	197.389	1.77901
NM_001286505.1	4987	4759.29	0	0
NM_001286506.2	1186	958.293	0	0
NM_001286509.2	2018	1790.29	42.3556	1.0647
NM_001286510.2	1996	1768.29	0.265487	0.00675664
NM_001286511.2	2015	1787.29	0	0
NM_001286512.2	2000	1772.29	88.6356	2.25068
NM_001286513.2	1867	1639.29	234.326	6.43289
NM_001286514.2	8820	8592.29	356.593	1.86769
NM_001286515.2	4899	4671.29	132.349	1.27505
NM_001286516.2	2234	2006.29	0	0
NM_001286517.2	1828	1600.29	136.977	3.85203
NM_001286519.2	1673	1445.29	15.8942	0.494907
NM_001286520.2	2026	1798.29	0	0
NM_001286521.2	4328	4100.29	80.9364	0.888324
NM_001286522.2	4450	4222.29	137.681	1.46746
NM_001286523.2	1984	1756.29	0	0
NM_001286524.2	854	626.427	137.428	9.87296
NM_001286525.2	769	541.541	5.91513	0.491558
NM_001286526.2	2184	1956.29	64.1494	1.47571
NM_001286527.3	3461	3233.29	0	0
NM_001286531.2	4135	3907.29	12.5915	0.145026
NM_001286532.2	4157	3929.29	0.00571458	6.54504e-05
NM_001286533.2	4313	4085.29	8.36899	0.0921917
NM_001286534.2	4376	4148.29	0	0
NM_001286535.2	4164	3936.29	0.000497963	5.69314e-06
NM_001286536.2	2908	2680.29	4.57287	0.0767801
NM_001286537.2	4461	4233.29	33.5833	0.357015
NM_001286547.3	2158	1930.29	0	0
NM_001286548.3	5060	4832.29	0	0
NM_001286550.2	505	284.56	0	0
NM_001286554.2	8940	8712.29	222.899	1.15138
NM_001286555.3	3075	2847.29	0	0
NM_001286556.2	1662	1434.29	0	0
NM_001286559.2	2215	1987.29	0	0
NM_001286561.2	7254	7026.29	82.9976	0.531596
NM_001286562.2	2291	2063.29	64.4906	1.40662
NM_001286563.3	7933	7705.29	18.0562	0.105458
NM_001286564.3	7632	7404.29	0.106246	0.00064576
NM_001286565.1	7781	7553.29	0	0
NM_001286566.2	7335	7107.29	540.762	3.42408
NM_001286568.2	6674	6446.29	28.7005	0.200365
NM_001286569.1	6958	6730.29	49.4689	0.330781
NM_001286570.2	1813	1585.29	0	0
NM_001286571.2	1774	1546.29	0	0
NM_001286572.3	5347	5119.29	404.482	3.55575
NM_001286574.2	1309	1081.29	0	0
NM_001286576.2	1113	885.293	0	0
NM_001286577.2	7939	7711.29	1046	6.10445
NM_001286579.2	4886	4658.29	94.2033	0.910085
NM_001286580.2	5110	4882.29	223.076	2.05623
NM_001286581.2	5539	5311.29	376.887	3.1934
NM_001286582.2	5533	5305.29	0	0
NM_001286583.2	5527	5299.29	0	0
NM_001286585.2	1708	1480.29	130.178	3.95759
NM_001286586.2	1758	1530.29	135.221	3.9766
NM_001286587.2	2276	2048.29	0	0
NM_001286588.2	3646	3418.29	13.1025	0.172499
NM_001286589.2	3405	3177.29	113.099	1.60193
NM_001286606.2	2166	1938.29	0	0
NM_001286609.2	3661	3433.29	14.3499	0.188096
NM_001286611.2	4533	4305.29	615.381	6.43256
NM_001286612.2	4260	4032.29	33.1387	0.36985
NM_001286613.2	3681	3453.29	188.438	2.45571
NM_001286615.2	4033	3805.29	0	0
NM_001286616.1	3819	3591.29	0.30776	0.00385659
NM_001286617.2	2610	2382.29	3.05437	0.0576991
NM_001286618.2	2481	2253.29	0	0
NM_001286619.2	2064	1836.29	0	0
NM_001286620.2	1743	1515.29	102.932	3.05701
NM_001286622.2	2516	2288.29	4.9218	0.0967954
NM_001286623.2	1927	1699.29	3.93565	0.104229
NM_001286624.2	1485	1257.29	154.156	5.5178
NM_001286625.1	2056	1828.29	24.1295	0.593943
NM_001286626.2	1763	1535.29	1810.4	53.067
NM_001286627.2	1621	1393.29	88.4567	2.85713
NM_001286631.2	5264	5036.29	3.87127	0.0345927
NM_001286632.2	5186	4958.29	424.343	3.85148
NM_001286633.2	2047	1819.29	0	0
NM_001286634.2	2372	2144.29	0	0
NM_001286635.2	6763	6535.29	2096	14.4334
NM_001286636.2	6941	6713.29	0	0
NM_001286637.2	6704	6476.29	91.5408	0.636107
NM_001286638.2	5250	5022.29	109.188	0.978395
NM_001286639.2	5486	5258.29	80.1261	0.685759
NM_001286640.2	5328	5100.29	3.92051e-05	3.45931e-07
NM_001286643.1	1532	1304.29	12.6206	0.435458
NM_001286644.2	2629	2401.29	16.6921	0.31283
NM_001286645.2	4743	4515.29	5.81369	0.057944
NM_001286646.2	7418	7190.29	111.663	0.698883
NM_001286648.2	2707	2479.29	0	0
NM_001286649.2	9548	9320.29	7.54242	0.0364186
NM_001286650.2	4189	3961.29	0	0
NM_001286655.1	1942	1714.29	5.56783	0.146165
NM_001286656.2	1530	1302.29	0	0
NM_001286657.2	2573	2345.29	311.75	5.98206
NM_001286658.2	6419	6191.29	56.4945	0.410646
NM_001286659.2	6254	6026.29	2472.76	18.4661
NM_001286660.2	2409	2181.29	63.9613	1.31961
NM_001286661.2	1994	1766.29	0	0
NM_001286665.2	3220	2992.29	4057	61.016
NM_001286666.2	3040	2812.29	133.363	2.13412
NM_001286667.2	2956	2728.29	540.225	8.91098
NM_001286668.2	3309	3081.29	120.072	1.75368
NM_001286669.2	3460	3232.29	36.4752	0.507843
NM_001286670.2	2984	2756.29	15.7777	0.257608
NM_001286671.2	3162	2934.29	26.4458	0.405598
NM_001286672.2	2976	2748.29	96.0158	1.57225
NM_001286673.2	1772	1544.29	8.13614	0.2371
NM_001286674.2	1539	1311.29	0	0
NM_001286675.2	1623	1395.29	5.94039	0.191598
NM_001286676.2	1802	1574.29	8.84737	0.252913
NM_001286677.2	1806	1578.29	0	0
NM_001286678.2	1630	1402.29	87.9363	2.8221
NM_001286679.2	4670	4442.29	73.8068	0.747707
NM_001286680.2	1490	1262.29	0	0
NM_001286681.2	1542	1314.29	0	0
NM_001286682.2	2139	1911.29	0	0
NM_001286683.1	2193	1965.29	0	0
NM_001286686.2	3657	3429.29	75.1489	0.986189
NM_001286687.2	1933	1705.29	697.482	18.4067
NM_001286688.2	2978	2750.29	0	0
NM_001286691.2	6635	6407.29	82.5928	0.58011
NM_001286692.2	4193	3965.29	0	0
NM_001286693.2	4155	3927.29	8	0.0916725
NM_001286694.1	4624	4396.29	128.026	1.31055
NM_001286695.1	4483	4255.29	0	0
NM_001286696.2	2185	1957.29	43.0284	0.98933
NM_001286697.2	2187	1959.29	66.1443	1.51927
NM_001286698.2	1962	1734.29	0	0
NM_001286699.2	1813	1585.29	5.07399	0.14404
NM_001286700.2	1885	1657.29	5.10533	0.138633
NM_001286701.2	1451	1223.29	7.72733	0.284277
NM_001286702.2	2810	2582.29	0	0
NM_001286703.2	3162	2934.29	9.95249	0.152641
NM_001286704.2	3340	3112.29	186.984	2.70375
NM_001286705.2	3204	2976.29	34.0113	0.514268
NM_001286706.2	3222	2994.29	1924.43	28.9234
NM_001286707.2	2841	2613.29	0	0
NM_001286708.2	3751	3523.29	0	0
NM_001286709.2	1679	1451.29	83.0039	2.57387
NM_001286710.2	3686	3458.29	0	0
NM_001286711.2	3610	3382.29	55.6727	0.740753
NM_001286715.1	4491	4263.29	11.3805	0.120132
NM_001286717.1	4371	4143.29	2.93219	0.0318485
NM_001286719.2	2880	2652.29	180.953	3.07034
NM_001286721.3	1256	1028.29	44.9452	1.96702
NM_001286722.2	5157	4929.29	2182.72	19.9276
NM_001286723.2	2400	2172.29	64.6101	1.33852
NM_001286724.2	3793	3565.29	26.8462	0.338868
NM_001286725.2	3922	3694.29	0	0
NM_001286730.2	9611	9383.29	10.3381	0.0495824
NM_001286731.2	1006	778.293	0	0
NM_001286732.2	1831	1603.29	12.432	0.348957
NM_001286733.1	1073	845.293	13.8806	0.738999
NM_001286734.2	8178	7950.29	2508.96	14.2021
NM_001286739.2	1423	1195.29	10.4698	0.39419
NM_001286740.1	1335	1107.29	102.577	4.16897
NM_001286741.2	1778	1550.29	111.684	3.24205
NM_001286742.2	1520	1292.29	22.1304	0.770672
NM_001286745.3	3288	3060.29	14.4925	0.213119
NM_001286746.3	3013	2785.29	18.3316	0.296191
NM_001286747.2	2653	2425.29	75.4764	1.40052
NM_001286748.2	2812	2584.29	17.8121	0.310181
NM_001286749.2	2460	2232.29	0	0
NM_001286751.2	2738	2510.29	218.025	3.90863
NM_001286752.2	3258	3030.29	36.2047	0.537678
NM_001286754.2	7254	7026.29	18.2357	0.116799
NM_001286755.2	4287	4059.29	0	0
NM_001286756.2	2638	2410.29	221.575	4.13707
NM_001286760.1	2238	2010.29	0	0
NM_001286761.2	4218	3990.29	0	0
NM_001286762.3	3722	3494.29	0	0
NM_001286763.3	3605	3377.29	5.00777	0.0667295
NM_001286764.3	3489	3261.29	0	0
NM_001286765.3	10393	10165.3	0	0
NM_001286766.3	10277	10049.3	0	0
NM_001286767.2	7896	7668.29	43.4558	0.25503
NM_001286768.2	8099	7871.29	85.6571	0.489733
NM_001286769.2	2808	2580.29	60.8952	1.06208
NM_001286770.2	2684	2456.29	0	0
NM_001286771.3	10358	10130.3	470.553	2.0904
NM_001286772.2	3480	3252.29	0	0
NM_001286773.2	1014	786.293	0	0
NM_001286774.2	1012	784.293	17.3574	0.995973
NM_001286775.2	1156	928.293	169.496	8.21706
NM_001286776.2	1287	1059.29	31.3715	1.33279
NM_001286777.2	3700	3472.29	1	0.0129606
NM_001286778.2	3816	3588.29	0	0
NM_001286779.2	3475	3247.29	0	0
NM_001286780.2	7676	7448.29	7828.2	47.2985
NM_001286781.2	8119	7891.29	41.6166	0.237334
NM_001286782.1	3697	3469.29	102.013	1.3233
NM_001286783.2	3834	3606.29	101.905	1.27167
NM_001286787.2	2771	2543.29	0	0
NM_001286789.2	1839	1611.29	72.0494	2.01233
NM_001286790.2	8843	8615.29	37.7982	0.197444
NM_001286791.2	2393	2165.29	0	0
NM_001286792.2	8606	8378.29	0	0
NM_001286793.2	5943	5715.29	0	0
NM_001286794.2	6337	6109.29	51.6296	0.380321
NM_001286795.2	6129	5901.29	0.0072257	5.5103e-05
NM_001286796.2	1704	1476.29	0	0
NM_001286797.2	1505	1277.29	4.91468	0.17316
NM_001286798.2	1556	1328.29	38.4321	1.30209
NM_001286799.2	1495	1267.29	1.03684	0.0368195
NM_001286800.2	1445	1217.29	311.702	11.5236
NM_001286801.2	1471	1243.29	78.7979	2.85222
NM_001286802.2	1340	1112.29	7.5512	0.305519
NM_001286803.2	1314	1086.29	164.653	6.82125
NM_001286805.2	4018	3790.29	66.6444	0.791285
NM_001286806.2	3544	3316.29	68.4804	0.9293
NM_001286807.2	3721	3493.29	29.5326	0.38046
NM_001286808.2	2746	2518.29	229.865	4.1078
NM_001286810.2	7391	7163.29	0.0786643	0.000494205
NM_001286811.2	902	674.361	19	1.26795
NM_001286812.1	4203	3975.29	162.65	1.84131
NM_001286813.2	7592	7364.29	0	0
NM_001286814.1	2258	2030.29	376.002	8.33439
NM_001286815.2	7140	6912.29	4.37184	0.0284633
NM_001286817.2	7144	6916.29	0	0
NM_001286818.2	2948	2720.29	2.55922e-06	4.23384e-08
NM_001286819.2	2856	2628.29	0	0
NM_001286820.2	2086	1858.29	0	0
NM_001286821.2	2086	1858.29	23.801	0.576398
NM_001286822.2	2272	2044.29	39.1476	0.861796
NM_001286823.2	969	741.293	15.303	0.929029
NM_001286826.2	2498	2270.29	0	0
NM_001286827.3	8632	8404.29	0	0
NM_001286828.2	591	366.025	0	0
NM_001286829.2	1643	1415.29	24.7274	0.786276
NM_001286830.2	3010	2782.29	22.4285	0.362777
NM_001286831.2	2815	2587.29	76.2656	1.32656
NM_001286832.2	2453	2225.29	0	0
NM_001286834.3	5289	5061.29	1663.12	14.7878
NM_001286835.2	2770	2542.29	103.453	1.83131
NM_001286836.2	547	323.768	306.44	42.5945
NM_001286837.3	5527	5299.29	41.7918	0.354907
NM_001286838.1	5069	4841.29	0	0
NM_001286839.2	10302	10074.3	249.958	1.11659
NM_001286840.1	4181	3953.29	0	0
NM_001286841.2	2083	1855.29	37.9017	0.919365
NM_001286842.1	3547	3319.29	98.3651	1.33364
NM_001286843.2	834	606.427	0	0
NM_001286946.2	561	336.904	0	0
NM_001286947.2	1803	1575.29	0	0
NM_001286950.2	2113	1885.29	5.43853	0.129821
NM_001286951.2	2184	1956.29	6.88448	0.158373
NM_001286952.2	2032	1804.29	13.9242	0.347301
NM_001286953.2	2021	1793.29	0	0
NM_001286954.2	2109	1881.29	10.6896	0.255709
NM_001286957.2	1752	1524.29	45	1.32858
NM_001286968.2	1929	1701.29	885	23.4103
NM_001286969.1	3231	3003.29	105.714	1.58408
NM_001286971.1	2570	2342.29	0	0
NM_001286974.2	2491	2263.29	258.431	5.13862
NM_001286984.2	2229	2001.29	41.0442	0.922962
NM_001286985.2	2040	1812.29	0.00028532	7.08511e-06
NM_001286990.2	1359	1131.29	29.2271	1.16266
NM_001286993.2	3097	2869.29	0	0
NM_001286999.2	2406	2178.29	55.8568	1.15399
NM_001287.6	4168	3940.29	2482.89	28.3577
NM_001287000.2	2355	2127.29	1019.09	21.5589
NM_001287001.2	2425	2197.29	0.124257	0.00254492
NM_001287002.2	2372	2144.29	18.6051	0.390471
NM_001287003.2	2018	1790.29	37.3938	0.939977
NM_001287005.2	1310	1082.29	0	0
NM_001287006.2	1064	836.293	6.94347	0.373646
NM_001287007.2	875	647.427	0	0
NM_001287008.2	1007	779.293	3.70773	0.214116
NM_001287010.2	1817	1589.29	15.0913	0.427331
NM_001287011.2	2025	1797.29	9.72912	0.243611
NM_001287012.2	1713	1485.29	12.2959	0.372556
NM_001287013.2	1981	1753.29	18.7523	0.48133
NM_001287014.2	1690	1462.29	4.04812	0.124584
NM_001287031.2	1230	1002.29	4.86252	0.218328
NM_001287032.1	1320	1092.29	45.4626	1.87309
NM_001287033.2	1227	999.293	20.5034	0.923371
NM_001287036.2	11879	11651.3	25.4798	0.0984155
NM_001287038.2	7688	7460.29	36.8601	0.222353
NM_001287044.2	2569	2341.29	332.696	6.39491
NM_001287045.2	3040	2812.29	0	0
NM_001287046.2	1724	1496.29	274.822	8.26565
NM_001287049.2	1920	1692.29	2	0.0531859
NM_001287050.2	1925	1697.29	0	0
NM_001287054.3	9432	9204.29	0.027382	0.00013388
NM_001287055.3	8735	8507.29	50.2965	0.266066
NM_001287059.2	9116	8888.29	0	0
NM_001287060.2	4454	4226.29	439.467	4.67961
NM_001287061.2	3869	3641.29	65.8805	0.814223
NM_001287062.2	3928	3700.29	273.974	3.33209
NM_001287135.2	5171	4943.29	3619.89	32.955
NM_001287136.1	4899	4671.29	49.5023	0.476904
NM_001287137.1	4804	4576.29	27.0516	0.266024
NM_001287140.2	4492	4264.29	0	0
NM_001287142.2	4465	4237.29	0	0
NM_001287143.2	4450	4222.29	0	0
NM_001287144.2	3917	3689.29	0	0
NM_001287147.2	1944	1716.29	11.5769	0.303559
NM_001287150.2	2810	2582.29	0	0
NM_001287174.3	4924	4696.29	0	0
NM_001287181.2	2002	1774.29	1	0.0253639
NM_001287182.2	6588	6360.29	0	0
NM_001287183.2	4867	4639.29	0	0
NM_001287184.2	1780	1552.29	0	0
NM_001287188.2	2376	2148.29	43.7364	0.916202
NM_001287189.2	2808	2580.29	15.1235	0.263771
NM_001287190.2	2654	2426.29	6.71865	0.124618
NM_001287191.2	7664	7436.29	0	0
NM_001287192.2	7631	7403.29	0	0
NM_001287212.2	4088	3860.29	0	0
NM_001287214.1	3350	3122.29	208.199	3.00088
NM_001287215.2	3191	2963.29	93.4139	1.41866
NM_001287216.1	3077	2849.29	12.9887	0.20515
NM_001287218.3	5490	5262.29	0.850976	0.00727754
NM_001287219.3	5529	5301.29	10.149	0.0861554
NM_001287220.3	5324	5096.29	73.4123	0.648271
NM_001287221.3	5384	5156.29	62.6246	0.546575
NM_001287222.2	943	715.293	96.6743	6.08232
NM_001287237.2	1543	1315.29	5.18192	0.177301
NM_001287238.2	1018	790.293	0	0
NM_001287239.2	1008	780.293	0	0
NM_001287240.2	2433	2205.29	0	0
NM_001287241.2	2629	2401.29	0	0
NM_001287242.2	3927	3699.29	86.9409	1.05766
NM_001287243.3	2950	2722.29	0	0
NM_001287244.2	1687	1459.29	0	0
NM_001287245.2	2310	2082.29	0	0
NM_001287246.2	5350	5122.29	209.635	1.8418
NM_001287247.2	4847	4619.29	7.72212	0.0752321
NM_001287248.2	5406	5178.29	59.656	0.518453
NM_001287249.2	2182	1954.29	1.32892e-05	3.06022e-07
NM_001287250.3	2094	1866.29	1.18776	0.0286413
NM_001287252.2	2661	2433.29	0	0
NM_001287253.2	2616	2388.29	0	0
NM_001287254.2	2814	2586.29	10.2114	0.177685
NM_001287255.1	2696	2468.29	0	0
NM_001287256.1	2692	2464.29	0	0
NM_001287258.2	3318	3090.29	0	0
NM_001287259.2	3310	3082.29	0	0
NM_001287260.2	3136	2908.29	0	0
NM_001287335.2	2412	2184.29	61.235	1.26163
NM_001287336.2	2591	2363.29	98.6262	1.87809
NM_001287337.2	3640	3412.29	28.8362	0.380306
NM_001287338.2	3697	3469.29	0	0
NM_001287339.2	3366	3138.29	0	0
NM_001287340.2	3617	3389.29	57.1169	0.758399
NM_001287341.2	3834	3606.29	8.75911	0.109305
NM_001287342.2	583	358.243	13.7682	1.72958
NM_001287343.2	635	409.096	22.8806	2.51701
NM_001287344.2	2764	2536.29	0	0
NM_001287345.2	2212	1984.29	0	0
NM_001287346.2	2848	2620.29	14.485	0.248777
NM_001287347.2	4664	4436.29	0	0
NM_001287385.2	2395	2167.29	379.341	7.87689
NM_001287387.2	1510	1282.29	304.196	10.676
NM_001287390.3	2362	2134.29	18.2026	0.383815
NM_001287391.2	3452	3224.29	0	0
NM_001287392.2	1849	1621.29	25.3166	0.702725
NM_001287393.2	1834	1606.29	13.007	0.364414
NM_001287394.2	1696	1468.29	6.61167	0.202647
NM_001287396.3	1010	782.293	42.9277	2.46951
NM_001287399.1	2779	2551.29	0	0
NM_001287421.2	2520	2292.29	45.5491	0.894236
NM_001287422.2	2081	1853.29	0	0
NM_001287424.2	2601	2373.29	6	0.113774
NM_001287426.2	1875	1647.29	39.8168	1.08777
NM_001287427.2	2526	2298.29	14.0975	0.276045
NM_001287428.2	1470	1242.29	0	0
NM_001287429.2	1272	1044.29	260.151	11.211
NM_001287430.1	1237	1009.29	33.0709	1.47459
NM_001287431.2	3407	3179.29	349.211	4.9431
NM_001287432.2	3659	3431.29	99.2003	1.30106
NM_001287433.2	3428	3200.29	68.4983	0.963235
NM_001287434.2	1823	1595.29	0	0
NM_001287435.2	2601	2373.29	6	0.113774
NM_001287436.3	5331	5103.29	0	0
NM_001287437.2	5659	5431.29	0	0
NM_001287438.3	3830	3602.29	0	0
NM_001287439.2	5831	5603.29	386.257	3.10224
NM_001287440.2	5628	5400.29	49.7756	0.414803
NM_001287441.2	4052	3824.29	0	0
NM_001287442.1	5644	5416.29	609.114	5.06102
NM_001287443.1	5648	5420.29	0	0
NM_001287444.2	2097	1869.29	0	0
NM_001287445.2	1307	1079.29	0	0
NM_001287489.2	7016	6788.29	2.56584	0.0170103
NM_001287490.2	1398	1170.29	116.692	4.48732
NM_001287491.2	12060	11832.3	0	0
NM_001287492.4	3930	3702.29	187.958	2.28472
NM_001287493.3	3324	3096.29	253.61	3.68609
NM_001287494.4	3319	3091.29	0	0
NM_001287495.3	3215	2987.29	0	0
NM_001287496.4	3209	2981.29	8.55988	0.129213
NM_001287497.2	7367	7139.29	245.796	1.5494
NM_001287498.2	3282	3054.29	0	0
NM_001287499.2	2500	2272.29	227.392	4.50353
NM_001287500.2	2452	2224.29	0.810044	0.0163892
NM_001287501.2	6763	6535.29	226.986	1.56306
NM_001287502.2	2406	2178.29	21.8873	0.452188
NM_001287503.2	5242	5014.29	1379.68	12.3826
NM_001287504.2	5192	4964.29	62.3414	0.565147
NM_001287505.2	2632	2404.29	117.471	2.1988
NM_001287506.1	1891	1663.29	17.1017	0.462714
NM_001287507.1	2108	1880.29	81.8769	1.95965
NM_001287508.2	1920	1692.29	5.99605	0.159453
NM_001287509.2	1779	1551.29	0	0
NM_001287510.2	2442	2214.29	21.3697	0.434315
NM_001287511.2	931	703.293	14.6743	0.938996
NM_001287512.2	3906	3678.29	33.0277	0.404086
NM_001287513.2	4228	4000.29	14.82	0.166724
NM_001287516.2	2886	2658.29	6.98585	0.118266
NM_001287517.2	2844	2616.29	8.75243	0.150551
NM_001287518.2	2805	2577.29	43.9236	0.766967
NM_001287519.2	2746	2518.29	150.892	2.69652
NM_001287520.2	2788	2560.29	2006.88	35.2755
NM_001287522.2	2665	2437.29	374.473	6.91441
NM_001287524.2	2634	2406.29	330.824	6.18715
NM_001287525.2	4954	4726.29	7.31613	0.0696632
NM_001287526.1	2272	2044.29	208.671	4.59369
NM_001287527.2	4295	4067.29	68.8899	0.762241
NM_001287528.2	2301	2073.29	23.1853	0.503262
NM_001287529.2	2110	1882.29	0	0
NM_001287531.2	1532	1304.29	32.2939	1.11426
NM_001287532.2	3069	2841.29	0	0
NM_001287533.2	3287	3059.29	8.63543	0.12703
NM_001287534.2	2942	2714.29	46.9321	0.778135
NM_001287580.2	2366	2138.29	11.3519	0.238916
NM_001287582.2	2089	1861.29	382.919	9.25836
NM_001287583.2	2265	2037.29	0	0
NM_001287584.2	1712	1484.29	0	0
NM_001287585.2	1668	1440.29	11.4142	0.356647
NM_001287586.2	1201	973.293	0	0
NM_001287587.2	1318	1090.29	30.007	1.23857
NM_001287588.2	1192	964.293	42.6034	1.98828
NM_001287589.2	1012	784.293	29.2395	1.67778
NM_001287590.2	1340	1112.29	0	0
NM_001287591.2	1364	1136.29	0	0
NM_001287592.2	1096	868.293	0	0
NM_001287593.1	1574	1346.29	15.6912	0.524515
NM_001287594.3	1085	857.293	484.376	25.427
NM_001287595.2	2875	2647.29	0	0
NM_001287596.2	1327	1099.29	0	0
NM_001287597.2	2501	2273.29	4.95589	0.0981089
NM_001287598.1	3388	3160.29	0	0
NM_001287599.1	3312	3084.29	145.059	2.11657
NM_001287600.2	4197	3969.29	0	0
NM_001287601.1	3241	3013.29	141.744	2.11692
NM_001287602.2	3811	3583.29	19	0.238624
NM_001287603.2	2741	2513.29	153.564	2.74972
NM_001287604.2	2716	2488.29	36.2197	0.655067
NM_001287737.2	879	651.427	1.00562	0.069472
NM_001287740.2	4913	4685.29	0	0
NM_001287741.2	2353	2125.29	0	0
NM_001287742.2	2645	2417.29	11.1543	0.207661
NM_001287743.2	2447	2219.29	28.2798	0.573461
NM_001287744.2	2274	2046.29	31.9481	0.702618
NM_001287745.2	2232	2004.29	45.4605	1.02074
NM_001287746.2	2545	2317.29	0	0
NM_001287747.2	2285	2057.29	20.2246	0.442412
NM_001287748.2	1992	1764.29	49.5511	1.26393
NM_001287749.2	2219	1991.29	19.5025	0.440754
NM_001287750.2	2170	1942.29	446.188	10.3382
NM_001287751.2	2096	1868.29	0	0
NM_001287753.2	2140	1912.29	0	0
NM_001287754.2	989	761.293	0	0
NM_001287755.1	4284	4056.29	0.166123	0.00184307
NM_001287756.2	1548	1320.29	0	0
NM_001287757.2	4385	4157.29	0	0
NM_001287758.2	6736	6508.29	0	0
NM_001287759.2	6613	6385.29	0	0
NM_001287760.2	6514	6286.29	0.000908359	6.50287e-06
NM_001287761.2	2156	1928.29	0	0
NM_001287762.2	2654	2426.29	0	0
NM_001287763.2	2374	2146.29	0	0
NM_001287764.2	2265	2037.29	0	0
NM_001287801.2	5527	5299.29	81.5683	0.692701
NM_001287802.2	5345	5117.29	43.5316	0.38283
NM_001287803.2	1923	1695.29	21.5148	0.571131
NM_001287804.2	1587	1359.29	157.644	5.21923
NM_001287805.2	3962	3734.29	0	0
NM_001287808.2	1869	1641.29	6.66769	0.182823
NM_001287809.2	2012	1784.29	4.34157	0.109502
NM_001287810.4	6945	6717.29	16.8174	0.112669
NM_001287811.2	5849	5621.29	225.033	1.80157
NM_001287813.3	5781	5553.29	0	0
NM_001287814.3	6158	5930.29	0	0
NM_001287815.1	3451	3223.29	131.329	1.8336
NM_001287816.1	3999	3771.29	0.0766269	0.000914394
NM_001287819.3	5912	5684.29	2.09972	0.0166237
NM_001287820.3	5783	5555.29	0	0
NM_001287821.2	3690	3462.29	459.193	5.96861
NM_001287822.2	3594	3366.29	0	0
NM_001287823.2	3543	3315.29	99.1195	1.34549
NM_001287824.2	3881	3653.29	0	0
NM_001288.6	1199	971.293	19707.5	913.108
NM_001288563.2	2873	2645.29	28.9364	0.492281
NM_001288564.2	1548	1320.29	0	0
NM_001288565.2	1994	1766.29	11.4613	0.292021
NM_001288566.2	1592	1364.29	33.974	1.12068
NM_001288567.2	1806	1578.29	95.1062	2.71184
NM_001288568.2	1644	1416.29	0	0
NM_001288569.2	1505	1277.29	11.2255	0.39551
NM_001288570.2	1518	1290.29	31.3639	1.09391
NM_001288571.2	1584	1356.29	4.65069	0.154314
NM_001288572.2	1991	1763.29	0	0
NM_001288573.2	1991	1763.29	0	0
NM_001288574.2	4145	3917.29	0	0
NM_001288575.2	4081	3853.29	0	0
NM_001288576.2	3403	3175.29	11	0.155902
NM_001288579.2	4008	3780.29	2.06328e-05	2.45626e-07
NM_001288580.2	3671	3443.29	227.317	2.97098
NM_001288581.2	3607	3379.29	68.8936	0.917478
NM_001288582.2	2823	2595.29	208.325	3.61242
NM_001288583.2	506	285.56	0	0
NM_001288584.2	2434	2206.29	22.3547	0.455983
NM_001288585.2	2942	2714.29	109.128	1.80935
NM_001288587.3	1620	1392.29	0	0
NM_001288588.2	4392	4164.29	138.999	1.50215
NM_001288589.2	3696	3468.29	246.253	3.19528
NM_001288590.2	3455	3227.29	25.2541	0.352156
NM_001288591.2	1730	1502.29	7.10339	0.212791
NM_001288592.2	1930	1702.29	0	0
NM_001288607.2	4095	3867.29	0	0
NM_001288608.2	4285	4057.29	0	0
NM_001288609.1	2294	2066.29	3.08557	0.0672027
NM_001288610.1	1657	1429.29	0	0
NM_001288611.2	1438	1210.29	4.46796	0.166135
NM_001288614.2	3296	3068.29	239.115	3.50713
NM_001288615.3	3872	3644.29	216.17	2.66946
NM_001288616.3	3300	3072.29	0	0
NM_001288622.3	7961	7733.29	90.3148	0.525577
NM_001288623.2	8149	7921.29	37.2085	0.211392
NM_001288624.2	879	651.427	0	0
NM_001288629.2	6606	6378.29	0.356581	0.00251592
NM_001288630.2	1897	1669.29	0	0
NM_001288631.2	4299	4071.29	17.4154	0.192505
NM_001288632.2	4210	3982.29	24.1479	0.272891
NM_001288633.2	4204	3976.29	0	0
NM_001288634.2	4282	4054.29	23.4547	0.26035
NM_001288635.2	4176	3948.29	26.6935	0.304255
NM_001288636.2	4200	3972.29	0	0
NM_001288637.2	4166	3938.29	0	0
NM_001288638.2	4098	3870.29	0	0
NM_001288639.2	4050	3822.29	49.8585	0.587026
NM_001288640.2	4016	3788.29	0	0
NM_001288642.2	5211	4983.29	0	0
NM_001288643.2	5052	4824.29	0	0
NM_001288644.2	4937	4709.29	0	0
NM_001288645.2	5430	5202.29	489.143	4.23139
NM_001288646.2	5343	5115.29	22.2751	0.19597
NM_001288647.2	5228	5000.29	0	0
NM_001288648.2	5111	4883.29	0	0
NM_001288649.2	4932	4704.29	0	0
NM_001288653.2	8381	8153.29	284.897	1.57252
NM_001288654.2	2160	1932.29	220.662	5.13921
NM_001288655.2	2171	1943.29	0.129541	0.00299993
NM_001288656.1	5652	5424.29	1795.41	14.8958
NM_001288659.2	2924	2696.29	0	0
NM_001288660.2	2921	2693.29	0	0
NM_001288661.2	3273	3045.29	0	0
NM_001288662.1	3101	2873.29	0	0
NM_001288665.1	944	716.293	64.0251	4.02255
NM_001288666.1	754	526.701	0	0
NM_001288667.1	1017	789.293	37.0913	2.11483
NM_001288668.1	923	695.293	67.509	4.36954
NM_001288702.2	2644	2416.29	0	0
NM_001288703.2	2036	1808.29	0	0
NM_001288704.2	1940	1712.29	3.00012	0.0788503
NM_001288705.3	3820	3592.29	0	0
NM_001288706.2	4959	4731.29	93.2209	0.886698
NM_001288708.2	2186	1958.29	5.42386	0.124644
NM_001288709.2	2073	1845.29	96.7089	2.35854
NM_001288710.2	737	509.753	19.2408	1.69866
NM_001288711.2	3419	3191.29	0	0
NM_001288713.1	3354	3126.29	0	0
NM_001288714.1	3099	2871.29	0	0
NM_001288715.1	5289	5061.29	13.6423	0.121302
NM_001288716.1	4551	4323.29	0	0
NM_001288717.2	5323	5095.29	0	0
NM_001288718.2	3770	3542.29	136.203	1.73039
NM_001288719.2	3680	3452.29	19.5094	0.254319
NM_001288720.2	3677	3449.29	13.5487	0.176771
NM_001288721.2	1691	1463.29	0	0
NM_001288722.2	1889	1661.29	10.4154	0.282144
NM_001288723.2	1893	1665.29	0	0
NM_001288724.1	3416	3188.29	122.123	1.72378
NM_001288725.2	8235	8007.29	55.3609	0.311143
NM_001288726.2	8521	8293.29	11.5087	0.0624512
NM_001288727.2	4536	4308.29	155.314	1.62236
NM_001288728.2	5221	4993.29	62.0201	0.558969
NM_001288729.2	5726	5498.29	0.357132	0.00292309
NM_001288730.2	5710	5482.29	19.4096	0.15933
NM_001288731.2	5746	5518.29	0.00245997	2.00617e-05
NM_001288732.2	5244	5016.29	1936.85	17.3762
NM_001288733.2	5277	5049.29	0	0
NM_001288734.2	4791	4563.29	0	0
NM_001288735.2	4768	4540.29	23.4455	0.23239
NM_001288736.2	4824	4596.29	303.289	2.96956
NM_001288737.2	3254	3026.29	8.9949e-06	1.3376e-07
NM_001288738.2	3899	3671.29	107.607	1.31905
NM_001288739.2	3217	2989.29	110.973	1.67067
NM_001288740.3	1601	1373.29	0	0
NM_001288741.3	1491	1263.29	1	0.0356236
NM_001288742.3	1841	1613.29	0	0
NM_001288743.3	2029	1801.29	0	0
NM_001288744.2	809	581.487	0	0
NM_001288745.2	716	488.852	0	0
NM_001288746.2	1163	935.293	0	0
NM_001288747.2	2958	2730.29	143.002	2.35708
NM_001288748.2	2248	2020.29	22.8727	0.509501
NM_001288749.2	1858	1630.29	0	0
NM_001288750.2	2065	1837.29	0	0
NM_001288751.2	2272	2044.29	0	0
NM_001288752.2	1961	1733.29	0	0
NM_001288753.2	5041	4813.29	711.3	6.65048
NM_001288754.2	3138	2910.29	151.459	2.34208
NM_001288755.2	3038	2810.29	140.066	2.24298
NM_001288756.2	1366	1138.29	60.8739	2.40669
NM_001288757.2	1190	962.293	127.591	5.96698
NM_001288758.2	3262	3034.29	27.9882	0.415106
NM_001288759.4	4337	4109.29	310.12	3.3963
NM_001288760.3	4493	4265.29	19.7528	0.208412
NM_001288761.3	4121	3893.29	35.3331	0.40842
NM_001288762.3	4198	3970.29	0.0244875	0.000277564
NM_001288763.2	2368	2140.29	0	0
NM_001288764.2	2858	2630.29	0	0
NM_001288765.2	2502	2274.29	0	0
NM_001288766.2	2647	2419.29	193.836	3.60568
NM_001288767.2	3462	3234.29	254.04	3.5348
NM_001288768.2	3255	3027.29	0	0
NM_001288769.2	3021	2793.29	0	0
NM_001288770.3	3510	3282.29	0.000311951	4.27711e-06
NM_001288771.3	1970	1742.29	62.0757	1.6034
NM_001288772.2	4987	4759.29	0	0
NM_001288773.3	1692	1464.29	0	0
NM_001288774.2	4980	4752.29	0	0
NM_001288776.2	2496	2268.29	0	0
NM_001288777.2	1826	1598.29	0	0
NM_001288778.2	2017	1789.29	0	0
NM_001288779.2	3185	2957.29	0	0
NM_001288780.2	3405	3177.29	0	0
NM_001288781.1	2395	2167.29	6.95703	0.14446
NM_001288782.1	2315	2087.29	9.01538	0.194376
NM_001288783.1	2287	2059.29	7.13106	0.15584
NM_001288786.2	5663	5435.29	9.21068	0.0762625
NM_001288787.2	5600	5372.29	114.518	0.959301
NM_001288788.2	5381	5153.29	0.0912516	0.000796889
NM_001288789.2	5378	5150.29	0	0
NM_001288791.2	758	530.648	0.441478	0.0374408
NM_001288792.2	874	646.427	0	0
NM_001288793.2	607	381.611	0	0
NM_001288794.2	4051	3823.29	5.12719e-07	6.0351e-09
NM_001288795.2	3900	3672.29	0	0
NM_001288798.2	1117	889.293	56.367	2.85248
NM_001288799.2	1180	952.293	94.5677	4.46904
NM_001288800.2	8572	8344.29	138.272	0.745741
NM_001288802.2	5646	5418.29	124.579	1.03473
NM_001288803.1	2230	2002.29	20.5402	0.461658
NM_001288804.3	2214	1986.29	0	0
NM_001288805.2	2899	2671.29	54.7725	0.922749
NM_001288806.2	2185	1957.29	7.74366	0.178046
NM_001288807.2	2173	1945.29	42.3071	0.978748
NM_001288808.2	2020	1792.29	25.6038	0.642893
NM_001288809.2	2194	1966.29	16.1339	0.369261
NM_001288810.3	2138	1910.29	0	0
NM_001288811.1	2258	2030.29	10.7892	0.239151
NM_001288812.1	759	531.648	0	0
NM_001288813.1	2182	1954.29	1.31355	0.0302481
NM_001288814.2	5200	4972.29	33.7411	0.305383
NM_001288819.2	3289	3061.29	9.67543	0.142235
NM_001288820.2	2793	2565.29	0	0
NM_001288821.2	3130	2902.29	0	0
NM_001288823.2	3226	2998.29	0	0
NM_001288824.4	1589	1361.29	0	0
NM_001288825.4	1705	1477.29	0	0
NM_001288826.3	1798	1570.29	0	0
NM_001288827.3	1795	1567.29	0	0
NM_001288828.3	1718	1490.29	0	0
NM_001288829.1	1654	1426.29	0	0
NM_001288830.1	1633	1405.29	0	0
NM_001288831.1	1695	1467.29	0	0
NM_001288832.1	1674	1446.29	25.7249	0.800461
NM_001288833.2	2630	2402.29	0	0
NM_001288834.2	2609	2381.29	11.9255	0.225376
NM_001288836.1	2076	1848.29	49.2506	1.19918
NM_001288837.2	2509	2281.29	7.99654	0.157748
NM_001288838.2	2440	2212.29	0	0
NM_001288839.2	1703	1475.29	0	0
NM_001288950.2	2537	2309.29	15.4183	0.300469
NM_001288951.2	5167	4939.29	0	0
NM_001288952.2	705	477.9	0	0
NM_001288953.2	5399	5171.29	137.222	1.19417
NM_001288955.2	4937	4709.29	92.1517	0.880622
NM_001288956.2	618	392.338	232.023	26.6141
NM_001288959.2	503	282.705	98.245	15.6394
NM_001288962.2	2207	1979.29	666.162	15.1465
NM_001288963.3	2018	1790.29	96.2994	2.4207
NM_001288964.2	2618	2390.29	0	0
NM_001288965.2	2562	2334.29	0	0
NM_001288966.2	2049	1821.29	37.9564	0.937881
NM_001288967.2	2166	1938.29	7.25673	0.168486
NM_001288968.2	2252	2024.29	11.0844	0.246423
NM_001288969.2	2138	1910.29	0	0
NM_001288970.2	2048	1820.29	27.2351	0.673333
NM_001288971.2	1852	1624.29	12.4069	0.343749
NM_001288972.2	2094	1866.29	0	0
NM_001288973.2	7941	7713.29	32594.2	190.171
NM_001288974.2	3334	3106.29	525.684	7.61596
NM_001288975.2	3328	3100.29	615.226	8.93046
NM_001288976.2	2187	1959.29	109.472	2.51446
NM_001288977.2	1999	1771.29	34.3942	0.87385
NM_001288978.2	2009	1781.29	75.0596	1.89633
NM_001288979.2	2266	2038.29	19.4113	0.428579
NM_001288980.2	5703	5475.29	0	0
NM_001288981.2	5535	5307.29	0	0
NM_001288982.2	5861	5633.29	514.97	4.11397
NM_001288983.2	2892	2664.29	15.3907	0.259968
NM_001288984.2	3078	2850.29	157.726	2.49033
NM_001288985.2	6002	5774.29	12.264	0.0955821
NM_001288986.2	5826	5598.29	0	0
NM_001288987.2	962	734.293	0	0
NM_001288989.2	12433	12205.3	0.000205757	7.58661e-07
NM_001288990.3	2475	2247.29	0	0
NM_001288991.3	2268	2040.29	0	0
NM_001288992.3	2221	1993.29	13.9709	0.315424
NM_001288993.3	2348	2120.29	7.21321	0.1531
NM_001288994.3	2024	1796.29	8.96226	0.224534
NM_001288996.2	5854	5626.29	108.253	0.865883
NM_001288997.1	5217	4989.29	578.782	5.22057
NM_001288998.2	3441	3213.29	46.0698	0.645221
NM_001288999.2	3450	3222.29	46.9926	0.656306
NM_001289.6	2623	2395.29	43	0.80789
NM_001289000.2	3331	3103.29	0	0
NM_001289001.2	3153	2925.29	0	0
NM_001289002.2	2630	2402.29	0	0
NM_001289003.1	8463	8235.29	25.7015	0.14045
NM_001289004.2	2496	2268.29	0	0
NM_001289005.2	1889	1661.29	84.7575	2.29601
NM_001289006.2	1994	1766.29	16.9943	0.432995
NM_001289007.2	2050	1822.29	14.0625	0.347285
NM_001289008.2	2882	2654.29	0	0
NM_001289009.2	2463	2235.29	162.869	3.27903
NM_001289010.2	3380	3152.29	0	0
NM_001289020.3	9034	8806.29	0	0
NM_001289021.3	8917	8689.29	1.902	0.00985074
NM_001289022.3	2955	2727.29	614.306	10.1367
NM_001289023.3	4821	4593.29	3.28862e-05	3.22204e-07
NM_001289024.3	7571	7343.29	0	0
NM_001289025.3	4872	4644.29	0	0
NM_001289026.3	5008	4780.29	0	0
NM_001289027.3	4975	4747.29	0	0
NM_001289029.2	2214	1986.29	13.3292	0.301997
NM_001289030.2	5306	5078.29	0	0
NM_001289031.1	3313	3085.29	156.143	2.27756
NM_001289032.2	1980	1752.29	0	0
NM_001289033.2	1825	1597.29	0	0
NM_001289034.2	2576	2348.29	0	0
NM_001289035.2	2130	1902.29	0	0
NM_001289036.3	2082	1854.29	0	0
NM_001289037.2	2688	2460.29	8.31247	0.15205
NM_001289038.2	2642	2414.29	0	0
NM_001289039.2	2745	2517.29	0	0
NM_001289040.2	2714	2486.29	0	0
NM_001289041.2	2767	2539.29	53.677	0.951301
NM_001289042.2	3076	2848.29	0	0
NM_001289043.2	3199	2971.29	0	0
NM_001289044.2	3150	2922.29	0	0
NM_001289045.2	3537	3309.29	458.652	6.2372
NM_001289046.2	3518	3290.29	135.236	1.84969
NM_001289047.2	3082	2854.29	15.3708	0.242349
NM_001289048.2	3243	3015.29	217.673	3.24875
NM_001289049.2	3188	2960.29	297.389	4.52097
NM_001289050.1	2027	1799.29	22.227	0.555932
NM_001289051.2	3718	3490.29	92.6913	1.19514
NM_001289052.2	3510	3282.29	12.0305	0.164949
NM_001289053.2	3200	2972.29	25.5953	0.387535
NM_001289054.2	1359	1131.29	0	0
NM_001289055.2	2666	2438.29	29.9657	0.553071
NM_001289056.2	1450	1222.29	0	0
NM_001289057.2	2660	2432.29	0	0
NM_001289058.2	2285	2057.29	0	0
NM_001289059.2	1992	1764.29	3.3614	0.0857415
NM_001289061.2	2579	2351.29	0	0
NM_001289063.2	3032	2804.29	142.555	2.28771
NM_001289064.2	2921	2693.29	23.6587	0.395321
NM_001289067.2	3266	3038.29	19.4769	0.288492
NM_001289068.2	3083	2855.29	260.832	4.11105
NM_001289069.2	3032	2804.29	38.8404	0.623308
NM_001289070.2	2834	2606.29	0	0
NM_001289071.2	3172	2944.29	25.3683	0.387751
NM_001289072.2	2738	2510.29	0	0
NM_001289073.2	3063	2835.29	21.8638	0.347032
NM_001289074.2	3047	2819.29	0	0
NM_001289075.2	2931	2703.29	19.0815	0.317659
NM_001289076.2	5819	5591.29	0	0
NM_001289077.2	6091	5863.29	0	0
NM_001289078.2	5852	5624.29	35.2347	0.281932
NM_001289079.2	6413	6185.29	0	0
NM_001289080.2	4065	3837.29	0	0
NM_001289081.2	3928	3700.29	0	0
NM_001289082.2	1770	1542.29	0	0
NM_001289083.2	1755	1527.29	0	0
NM_001289084.2	1754	1526.29	0	0
NM_001289085.2	1883	1655.29	0	0
NM_001289086.2	1905	1677.29	0	0
NM_001289087.2	1686	1458.29	0	0
NM_001289088.2	4469	4241.29	0	0
NM_001289089.2	4104	3876.29	0	0
NM_001289090.2	4209	3981.29	0	0
NM_001289091.2	4279	4051.29	115.47	1.28268
NM_001289092.2	1726	1498.29	49.1664	1.47677
NM_001289093.2	1606	1378.29	0	0
NM_001289094.2	1861	1633.29	0	0
NM_001289095.2	2981	2753.29	0	0
NM_001289096.2	2902	2674.29	0	0
NM_001289097.2	1721	1493.29	0	0
NM_001289098.2	3034	2806.29	0	0
NM_001289099.2	3106	2878.29	0	0
NM_001289100.2	2935	2707.29	0	0
NM_001289101.2	2715	2487.29	0	0
NM_001289102.2	1962	1734.29	0	0
NM_001289103.2	2100	1872.29	0.00195125	4.69009e-05
NM_001289104.2	2096	1868.29	5845.4	140.803
NM_001289107.2	2626	2398.29	0	0
NM_001289108.2	3332	3104.29	89.4708	1.29706
NM_001289109.1	2898	2670.29	0	0
NM_001289110.2	1252	1024.29	0	0
NM_001289111.2	3633	3405.29	19.5398	0.258231
NM_001289112.2	3505	3277.29	0	0
NM_001289113.2	1709	1481.29	0	0
NM_001289114.2	1164	936.293	6.48283	0.311598
NM_001289115.2	1501	1273.29	0	0
NM_001289116.2	1175	947.293	0	0
NM_001289117.2	1175	947.293	0	0
NM_001289119.2	2588	2360.29	243.851	4.64944
NM_001289120.2	2737	2509.29	62.4537	1.12008
NM_001289121.2	2855	2627.29	0	0
NM_001289122.3	6103	5875.29	0	0
NM_001289123.2	2470	2242.29	0	0
NM_001289124.2	6170	5942.29	0	0
NM_001289125.3	4074	3846.29	42.0652	0.492179
NM_001289126.2	3897	3669.29	0	0
NM_001289127.2	2452	2224.29	0	0
NM_001289128.2	3943	3715.29	0	0
NM_001289129.2	2400	2172.29	0	0
NM_001289130.2	2234	2006.29	0	0
NM_001289131.2	2201	1973.29	1.00097	0.0228282
NM_001289132.2	1903	1675.29	0	0
NM_001289133.2	7177	6949.29	468.234	3.03225
NM_001289134.2	4776	4548.29	3	0.0296835
NM_001289135.3	8041	7813.29	340.354	1.96037
NM_001289136.3	8029	7801.29	1225.01	7.06666
NM_001289139.2	7720	7492.29	46.0033	0.276323
NM_001289145.2	1916	1688.29	29.9273	0.797741
NM_001289146.2	1804	1576.29	23.8349	0.680484
NM_001289147.2	1605	1377.29	0	0
NM_001289148.1	2714	2486.29	9.29838	0.168305
NM_001289149.1	2733	2505.29	20.1262	0.361531
NM_001289152.2	1335	1107.29	982.846	39.9453
NM_001289153.2	1315	1087.29	322.425	13.3452
NM_001289154.2	1143	915.293	28.0946	1.38135
NM_001289155.2	5584	5356.29	319.013	2.68032
NM_001289156.2	5665	5437.29	136.548	1.13017
NM_001289157.2	5610	5382.29	6.57078	0.0549404
NM_001289158.2	2193	1965.29	0	0
NM_001289159.2	1971	1743.29	0	0
NM_001289160.2	2375	2147.29	245.836	5.15224
NM_001289161.2	2287	2059.29	0	0
NM_001289162.2	3387	3159.29	0	0
NM_001289163.2	3061	2833.29	0	0
NM_001289164.3	3254	3026.29	1614.03	24.0017
NM_001289165.2	2856	2628.29	293.679	5.02853
NM_001289166.2	3052	2824.29	71.0544	1.1322
NM_001289167.2	3008	2780.29	30.2366	0.489423
NM_001289168.2	2987	2759.29	0.000219022	3.57218e-06
NM_001289169.2	2990	2762.29	52.9178	0.862133
NM_001289170.2	2903	2675.29	0.521402	0.00877088
NM_001289171.2	2906	2678.29	3.99025	0.0670477
NM_001289172.2	2964	2736.29	10.7153	0.176232
NM_001289173.2	2986	2758.29	0	0
NM_001289174.2	3332	3104.29	37.7069	0.546638
NM_001289175.1	2727	2499.29	45.5224	0.819691
NM_001289176.1	2535	2307.29	9.96401	0.194345
NM_001289177.2	2743	2515.29	0	0
NM_001289178.2	2689	2461.29	0	0
NM_001289179.2	2650	2422.29	0	0
NM_001289180.2	2487	2259.29	7.93112	0.157981
NM_001289181.2	2738	2510.29	24.3568	0.436654
NM_001289182.2	2856	2628.29	231.83	3.96953
NM_001289183.2	2546	2318.29	65.9365	1.27997
NM_001289184.2	2609	2381.29	0	0
NM_001289185.2	2586	2358.29	56.9067	1.08595
NM_001289186.2	2504	2276.29	0	0
NM_001289187.2	2853	2625.29	91.527	1.56897
NM_001289188.2	2875	2647.29	11.9019	0.202329
NM_001289189.2	2869	2641.29	1.01672e-07	1.73231e-09
NM_001289190.2	2806	2578.29	0.000655235	1.14369e-05
NM_001289191.2	2843	2615.29	0	0
NM_001289192.2	2866	2638.29	0.000305096	5.20421e-06
NM_001289394.2	4753	4525.29	30.7135	0.305439
NM_001289395.2	1961	1733.29	4	0.103856
NM_001289396.2	5863	5635.29	853.922	6.81936
NM_001289397.2	5520	5292.29	50.6534	0.430732
NM_001289398.2	1848	1620.29	75.3458	2.0927
NM_001289399.2	1805	1577.29	113.272	3.23185
NM_001289400.2	2230	2002.29	42.4013	0.953002
NM_001289401.2	3334	3106.29	83.3898	1.20813
NM_001289402.2	3697	3469.29	0	0
NM_001289403.2	3370	3142.29	250.579	3.58872
NM_001289404.2	3435	3207.29	77.9649	1.09396
NM_001289405.2	3568	3340.29	203.132	2.73676
NM_001289406.3	2118	1890.29	0	0
NM_001289407.3	2200	1972.29	13.9003	0.317172
NM_001289408.2	3053	2825.29	19.98	0.318254
NM_001289409.2	2870	2642.29	0	0
NM_001289410.1	2742	2514.29	18.3146	0.327812
NM_001289411.1	2760	2532.29	0	0
NM_001289412.2	2645	2417.29	31.8684	0.593299
NM_001289413.2	4523	4295.29	0	0
NM_001289414.1	859	631.427	0	0
NM_001289415.1	885	657.427	85.2623	5.83649
NM_001289416.1	914	686.293	17.5932	1.15366
NM_001289417.1	1010	782.293	8.84069	0.508579
NM_001289420.1	1063	835.293	14.8232	0.798629
NM_001289608.2	3906	3678.29	4.55038	0.0556728
NM_001289609.2	2502	2274.29	36.1747	0.715815
NM_001289610.2	2243	2015.29	23.4132	0.522836
NM_001289698.2	3526	3298.29	0	0
NM_001289745.3	1377	1149.29	711.018	27.8415
NM_001289746.2	1525	1297.29	385.41	13.3699
NM_001289750.1	3464	3236.29	0	0
NM_001289751.1	3544	3316.29	123.126	1.67086
NM_001289752.1	3469	3241.29	277.059	3.84676
NM_001289758.2	2508	2280.29	12.2688	0.242132
NM_001289759.2	2529	2301.29	0	0
NM_001289763.2	1610	1382.29	0	0
NM_001289789.1	4356	4128.29	0	0
NM_001289790.3	4041	3813.29	13.1926	0.155694
NM_001289797.2	781	553.487	13.6729	1.11172
NM_001289807.1	964	736.293	785.072	47.9845
NM_001289808.2	774	546.487	0	0
NM_001289823.2	4189	3961.29	9043.82	102.744
NM_001289824.2	4368	4140.29	510.517	5.54908
NM_001289861.2	6400	6172.29	0	0
NM_001289862.2	6319	6091.29	0.00779067	5.75583e-05
NM_001289863.3	6379	6151.29	0	0
NM_001289864.3	6515	6287.29	0	0
NM_001289905.2	8464	8236.29	2696.6	14.7342
NM_001289908.1	1665	1437.29	0	0
NM_001289909.1	1693	1465.29	0	0
NM_001289910.1	1578	1350.29	1559.12	51.963
NM_001289911.2	1745	1517.29	0	0
NM_001289912.2	3390	3162.29	78.7237	1.12033
NM_001289930.2	4270	4042.29	114.978	1.28006
NM_001289931.2	3597	3369.29	0	0
NM_001289934.2	2229	2001.29	146.472	3.29371
NM_001289936.2	4909	4681.29	20.6333	0.198356
NM_001289937.2	4304	4076.29	65.1508	0.719278
NM_001289938.2	2551	2323.29	24.3605	0.471873
NM_001289939.2	3781	3553.29	0	0
NM_001289940.2	3583	3355.29	0	0
NM_001289947.2	602	376.687	0	0
NM_001289950.4	982	754.293	997.798	59.5312
NM_001289951.2	3983	3755.29	56.4047	0.675949
NM_001289952.1	4078	3850.29	365.002	4.26622
NM_001289953.1	813	585.487	0	0
NM_001289968.2	2491	2263.29	0	0
NM_001289969.2	2556	2328.29	994.939	19.231
NM_001289970.2	622	396.338	0	0
NM_001289971.2	6811	6583.29	320.729	2.19249
NM_001289972.2	7164	6936.29	0	0
NM_001289973.2	4911	4683.29	0	0
NM_001289974.2	1950	1722.29	0	0
NM_001289975.1	8090	7862.29	0.807823	0.00462391
NM_001289978.2	2331	2103.29	51.5533	1.10306
NM_001289979.2	3476	3248.29	0	0
NM_001289980.2	3409	3181.29	77.2065	1.09218
NM_001289984.2	6628	6400.29	544.847	3.83104
NM_001289985.2	6488	6260.29	0	0
NM_001289986.2	1652	1424.29	0	0
NM_001289987.3	4802	4574.29	0	0
NM_001289990.2	1679	1451.29	0	0
NM_001289993.2	1732	1504.29	7.11603	0.212886
NM_001289997.1	1807	1579.29	1.7299e-06	4.92947e-08
NM_001289998.1	2190	1962.29	0	0
NM_001289999.2	2228	2000.29	0	0
NM_001290.5	2384	2156.29	98.2242	2.05
NM_001290000.2	2080	1852.29	121.367	2.94872
NM_001290001.2	2197	1969.29	0	0
NM_001290002.2	2522	2294.29	0	0
NM_001290003.1	2190	1962.29	0	0
NM_001290004.2	2477	2249.29	0	0
NM_001290007.2	2234	2006.29	0	0
NM_001290008.2	2135	1907.29	0	0
NM_001290009.2	2801	2573.29	0	0
NM_001290018.2	4289	4061.29	4.95742	0.0549331
NM_001290020.2	3612	3384.29	0	0
NM_001290021.2	2523	2295.29	0	0
NM_001290022.1	2178	1950.29	0	0
NM_001290023.2	2700	2472.29	0	0
NM_001290024.1	2791	2563.29	0	0
NM_001290026.1	2173	1945.29	0	0
NM_001290027.1	2074	1846.29	0	0
NM_001290028.1	1887	1659.29	0	0
NM_001290030.2	1698	1470.29	0	0
NM_001290031.1	1063	835.293	4.49068	0.241944
NM_001290033.2	3116	2888.29	3.13895	0.0489087
NM_001290039.2	8745	8517.29	0	0
NM_001290040.2	8928	8700.29	0	0
NM_001290043.2	5643	5415.29	1545.22	12.8414
NM_001290046.2	9652	9424.29	0	0
NM_001290047.2	10030	9802.29	0	0
NM_001290048.2	7151	6923.29	173.863	1.13015
NM_001290049.2	4156	3928.29	1.70509	0.0195338
NM_001290050.2	4309	4081.29	76.6166	0.844827
NM_001290051.2	3846	3618.29	2166.41	26.9451
NM_001290052.2	3871	3643.29	68.5935	0.847288
NM_001290058.2	2460	2232.29	0	0
NM_001290059.2	2729	2501.29	105.876	1.90491
NM_001290060.2	3184	2956.29	3.67612	0.0559608
NM_001290061.1	2830	2602.29	61.9067	1.07059
NM_001290062.2	2572	2344.29	0	0
NM_001290063.2	2446	2218.29	0	0
NM_001290065.2	8872	8644.29	0	0
NM_001290072.2	3845	3617.29	0	0
NM_001290073.2	3492	3264.29	0	0
NM_001290075.2	3566	3338.29	35.4418	0.477786
NM_001290076.2	4253	4025.29	5.21807	0.0583384
NM_001290077.2	4554	4326.29	73.4057	0.763583
NM_001290078.2	4239	4011.29	101.599	1.13985
NM_001290079.1	1347	1119.29	0	0
NM_001290083.2	2958	2730.29	9.54463	0.157323
NM_001290084.3	2770	2542.29	19.2062	0.339985
NM_001290085.2	2799	2571.29	22.6737	0.396838
NM_001290091.2	2192	1964.29	0	0
NM_001290094.2	5520	5292.29	0	0
NM_001290095.2	1480	1252.29	0	0
NM_001290096.2	5431	5203.29	2.99166e-07	2.58747e-09
NM_001290097.2	1217	989.293	0	0
NM_001290098.1	571	346.526	0	0
NM_001290113.2	1452	1224.29	0	0
NM_001290114.2	2400	2172.29	33.3151	0.690184
NM_001290117.2	2495	2267.29	206.676	4.10227
NM_001290118.2	2351	2123.29	0	0
NM_001290129.2	2381	2153.29	3.06804e-06	6.41211e-08
NM_001290130.2	2347	2119.29	58.1339	1.23447
NM_001290131.2	7893	7665.29	264.623	1.55361
NM_001290135.2	2149	1921.29	69.2282	1.62156
NM_001290137.2	1171	943.293	0	0
NM_001290139.2	1241	1013.29	15.2162	0.675794
NM_001290142.2	3854	3626.29	0	0
NM_001290143.2	4203	3975.29	0	0
NM_001290144.2	4220	3992.29	0	0
NM_001290145.2	2616	2388.29	0	0
NM_001290184.2	2961	2733.29	8.24394	0.135735
NM_001290185.2	3396	3168.29	23.4122	0.332551
NM_001290186.2	2408	2180.29	50.224	1.03667
NM_001290187.2	3827	3599.29	7.9449	0.0993376
NM_001290188.2	3104	2876.29	23.7608	0.371767
NM_001290189.1	3610	3382.29	62.7442	0.834842
NM_001290190.2	3108	2880.29	144.737	2.26145
NM_001290191.2	3042	2814.29	15.0912	0.241322
NM_001290192.2	3059	2831.29	15.5091	0.246516
NM_001290193.2	3094	2866.29	51.0013	0.800761
NM_001290194.2	2969	2741.29	25.4816	0.418325
NM_001290202.2	4072	3844.29	2.98562	0.034951
NM_001290204.2	5812	5584.29	84.8174	0.683532
NM_001290205.2	5981	5753.29	0	0
NM_001290206.2	5798	5570.29	0	0
NM_001290207.2	5684	5456.29	0	0
NM_001290208.3	3923	3695.29	0.00943336	0.000114884
NM_001290209.3	3952	3724.29	0	0
NM_001290210.2	1165	937.293	42.0722	2.02005
NM_001290211.1	3423	3195.29	4.79708	0.0675629
NM_001290212.2	1840	1612.29	0	0
NM_001290214.3	6986	6758.29	0.145984	0.000972101
NM_001290215.3	6887	6659.29	176.68	1.19399
NM_001290216.3	3177	2949.29	0	0
NM_001290217.2	2590	2362.29	1.69841	0.0323557
NM_001290221.2	1588	1360.29	33.8472	1.11978
NM_001290222.2	959	731.293	229.926	14.1494
NM_001290223.2	6840	6612.29	513.884	3.49748
NM_001290224.2	1866	1638.29	0	0
NM_001290225.2	4820	4592.29	0	0
NM_001290226.2	9971	9743.29	0	0
NM_001290227.2	9710	9482.29	4.81832	0.0228678
NM_001290228.2	1017	789.293	1.32372	0.0754747
NM_001290229.2	6065	5837.29	12.1871	0.0939576
NM_001290230.2	2060	1832.29	299.672	7.36027
NM_001290232.2	2578	2350.29	55.1119	1.05527
NM_001290233.2	1258	1030.29	0	0
NM_001290252.2	4418	4190.29	0	0
NM_001290253.2	2032	1804.29	0	0
NM_001290254.2	5813	5585.29	0	0
NM_001290255.2	5786	5558.29	61.827	0.500586
NM_001290256.2	6734	6506.29	0	0
NM_001290257.2	6650	6422.29	223.529	1.56634
NM_001290258.2	4605	4377.29	0	0
NM_001290259.2	18990	18762.3	147.683	0.354232
NM_001290260.2	2969	2741.29	477.6	7.84063
NM_001290261.2	4633	4405.29	149.287	1.52507
NM_001290263.2	7272	7044.29	66.1167	0.422392
NM_001290264.2	6434	6206.29	72.6273	0.526635
NM_001290265.2	2202	1974.29	0	0
NM_001290266.2	2775	2547.29	0	0
NM_001290268.2	4391	4163.29	0	0
NM_001290270.1	1646	1418.29	0	0
NM_001290271.2	5097	4869.29	0	0
NM_001290276.2	3132	2904.29	24.1246	0.373819
NM_001290277.1	3084	2856.29	0	0
NM_001290285.2	9332	9104.29	0	0
NM_001290292.3	1087	859.293	75.3469	3.94608
NM_001290293.3	1164	936.293	0	0
NM_001290294.2	7270	7042.29	0	0
NM_001290295.2	5719	5491.29	0	0
NM_001290296.2	6346	6118.29	0	0
NM_001290297.3	5905	5677.29	0	0
NM_001290298.3	6010	5782.29	0	0
NM_001290300.2	2596	2368.29	0.0524391	0.000996464
NM_001290307.3	3825	3597.29	277.553	3.47226
NM_001290309.3	3558	3330.29	95.7547	1.29396
NM_001290310.3	3591	3363.29	0	0
NM_001290312.1	3121	2893.29	0	0
NM_001290314.2	2389	2161.29	0	0
NM_001290318.2	4564	4336.29	0	0
NM_001290319.2	4504	4276.29	198.82	2.09235
NM_001290321.3	11538	11310.3	0	0
NM_001290325.1	4123	3895.29	465.196	5.3745
NM_001290326.1	7197	6969.29	32.1552	0.207637
NM_001290327.2	1107	879.293	56.7765	2.90588
NM_001290331.2	2686	2458.29	3.17654	0.0581517
NM_001290332.2	1457	1229.29	0	0
NM_001290333.2	1454	1226.29	0	0
NM_001290334.2	1438	1210.29	0	0
NM_001290341.2	4176	3948.29	0	0
NM_001290342.2	4002	3774.29	0	0
NM_001290343.2	3861	3633.29	0	0
NM_001290354.2	3869	3641.29	12.0698	0.149172
NM_001290355.3	8522	8294.29	0	0
NM_001290357.2	3803	3575.29	8.15133	0.102603
NM_001290360.3	5408	5180.29	244.059	2.12023
NM_001290403.2	4641	4413.29	0	0
NM_001290404.1	4779	4551.29	0	0
NM_001290405.1	4647	4419.29	0	0
NM_001290406.2	4038	3810.29	7	0.0826765
NM_001290474.2	4807	4579.29	451.137	4.43355
NM_001290553.2	2039	1811.29	77.9282	1.93619
NM_001290557.1	2251	2023.29	80.9097	1.79963
NM_001290629.1	2137	1909.29	0	0
NM_001290693.1	1296	1068.29	0	0
NM_001290746.2	1999	1771.29	40.2993	1.02388
NM_001290768.2	8062	7834.29	71.0717	0.408262
NM_001290787.2	2865	2637.29	0	0
NM_001290809.1	1690	1462.29	0	0
NM_001290983.2	5086	4858.29	24.6145	0.228007
NM_001291006.2	3714	3486.29	0	0
NM_001291018.2	1034	806.293	33.8823	1.89114
NM_001291030.2	10127	9899.29	0	0
NM_001291085.2	3685	3457.29	0	0
NM_001291088.2	8990	8762.29	0	0
NM_001291101.1	5461	5233.29	8	0.0687951
NM_001291106.2	5579	5351.29	0	0
NM_001291107.2	5579	5351.29	0	0
NM_001291133.2	2744	2516.29	0	0
NM_001291157.2	5465	5237.29	1904.88	16.3683
NM_001291163.2	2081	1853.29	15.7076	0.381423
NM_001291183.2	2075	1847.29	0	0
NM_001291218.2	1509	1281.29	0	0
NM_001291219.3	1072	844.293	2.5647	0.136706
NM_001291230.2	6288	6060.29	0	0
NM_001291241.2	6279	6051.29	0	0
NM_001291277.2	1371	1143.29	0	0
NM_001291278.2	1474	1246.29	2	0.0722191
NM_001291279.2	1617	1389.29	0	0
NM_001291281.3	3086	2858.29	18	0.283405
NM_001291283.2	1014	786.293	0	0
NM_001291284.2	1142	914.293	245.566	12.0872
NM_001291285.3	17148	16920.3	1.66181e-06	4.41994e-09
NM_001291291.2	1523	1295.29	4	0.138974
NM_001291296.2	1468	1240.29	4.09739	0.148671
NM_001291303.3	17151	16923.3	0.107894	0.000286915
NM_001291304.2	5736	5508.29	0	0
NM_001291305.3	824	596.427	17.2633	1.30259
NM_001291307.3	761	533.648	18.6525	1.57298
NM_001291308.3	720	492.802	4.60329	0.420376
NM_001291309.2	4050	3822.29	0	0
NM_001291310.2	6411	6183.29	43.4701	0.316383
NM_001291311.2	2117	1889.29	0	0
NM_001291314.2	1158	930.293	0	0
NM_001291315.2	1036	808.293	17.939	0.998785
NM_001291316.2	1163	935.293	0	0
NM_001291317.2	1178	950.293	0	0
NM_001291324.3	10819	10591.3	0	0
NM_001291328.2	1287	1059.29	20.7198	0.88026
NM_001291332.2	3001	2773.29	3.71811	0.0603349
NM_001291333.2	2059	1831.29	0	0
NM_001291339.2	4718	4490.29	0	0
NM_001291345.2	2962	2734.29	0	0
NM_001291366.2	3394	3166.29	0	0
NM_001291367.2	3041	2813.29	0	0
NM_001291368.4	1512	1284.29	0	0
NM_001291369.4	1383	1155.29	2	0.0779076
NM_001291380.1	2163	1935.29	0	0
NM_001291381.1	1518	1290.29	0	0
NM_001291391.1	1546	1318.29	51.7246	1.76574
NM_001291398.2	4579	4351.29	91.8117	0.949559
NM_001291411.2	7897	7669.29	2047.38	12.0139
NM_001291412.3	2477	2249.29	1063.08	21.2698
NM_001291415.2	6094	5866.29	86.4928	0.663527
NM_001291416.2	5959	5731.29	107.541	0.844434
NM_001291417.2	5803	5575.29	0	0
NM_001291418.2	5701	5473.29	0	0
NM_001291419.2	1229	1001.29	0	0
NM_001291420.2	4009	3781.29	36.35	0.432619
NM_001291421.2	5682	5454.29	0	0
NM_001291424.1	4500	4272.29	0.00288184	3.03565e-05
NM_001291428.2	844	616.427	103.928	7.58741
NM_001291429.2	1360	1132.29	48.7306	1.9368
NM_001291430.2	1213	985.293	0.262166	0.0119744
NM_001291431.2	596	370.951	73.6003	8.92906
NM_001291446.2	3855	3627.29	0	0
NM_001291447.2	3868	3640.29	0	0
NM_001291454.2	2969	2741.29	0	0
NM_001291459.2	2077	1849.29	125.968	3.06546
NM_001291462.2	2065	1837.29	0	0
NM_001291463.2	2122	1894.29	0	0
NM_001291464.2	2122	1894.29	0	0
NM_001291465.2	2122	1894.29	0	0
NM_001291466.2	2082	1854.29	0	0
NM_001291468.2	647	420.888	0	0
NM_001291469.2	851	623.427	0	0
NM_001291470.2	1253	1025.29	0	0
NM_001291471.2	831	603.427	0	0
NM_001291472.2	810	582.487	0	0
NM_001291473.2	780	552.487	0	0
NM_001291474.2	736	508.753	0	0
NM_001291475.2	841	613.427	0	0
NM_001291476.2	6498	6270.29	13.4711	0.0966844
NM_001291478.2	1895	1667.29	0	0
NM_001291484.3	3475	3247.29	0	0
NM_001291485.2	2376	2148.29	0	0
NM_001291488.2	6052	5824.29	21.1951	0.16377
NM_001291489.2	6122	5894.29	1.24463e-08	9.5028e-11
NM_001291490.2	6186	5958.29	0	0
NM_001291491.2	5904	5676.29	21.9388	0.173936
NM_001291494.2	6502	6274.29	85.9507	0.616492
NM_001291496.2	6896	6668.29	198.436	1.33921
NM_001291501.2	4011	3783.29	10	0.118952
NM_001291504.2	3389	3161.29	0	0
NM_001291505.2	3308	3080.29	8.19207	0.119686
NM_001291510.2	4576	4348.29	0	0
NM_001291516.1	3596	3368.29	0	0
NM_001291527.2	835	607.427	0	0
NM_001291528.2	818	590.487	0	0
NM_001291529.2	869	641.427	0	0
NM_001291530.2	886	658.427	0	0
NM_001291535.1	1010	782.293	0	0
NM_001291540.2	1368	1140.29	0	0
NM_001291543.2	842	614.427	0	0
NM_001291549.3	2378	2150.29	8.83891	0.184988
NM_001291556.2	2013	1785.29	0	0
NM_001291571.2	3131	2903.29	87.7435	1.36009
NM_001291572.2	4386	4158.29	20.9954	0.227222
NM_001291581.2	5780	5552.29	71.1482	0.576678
NM_001291582.2	934	706.293	99.3833	6.33244
NM_001291586.2	3288	3060.29	47.5369	0.699053
NM_001291587.2	3122	2894.29	22.7054	0.353044
NM_001291588.2	2957	2729.29	26.3665	0.434755
NM_001291593.2	4645	4417.29	0	0
NM_001291594.2	4468	4240.29	31.1603	0.33071
NM_001291602.2	688	461.088	43.1902	4.21545
NM_001291603.2	710	482.852	18.5606	1.7299
NM_001291604.2	3394	3166.29	0	0
NM_001291605.2	3619	3391.29	0	0
NM_001291622.3	4149	3921.29	0	0
NM_001291623.2	3789	3561.29	0	0
NM_001291624.1	4084	3856.29	0	0
NM_001291625.1	4165	3937.29	0	0
NM_001291628.2	10160	9932.29	0.00492053	2.22949e-05
NM_001291633.2	4243	4015.29	0	0
NM_001291641.2	4040	3812.29	116.178	1.37145
NM_001291642.2	3611	3383.29	0	0
NM_001291656.2	2213	1985.29	0	0
NM_001291663.2	1746	1518.29	0	0
NM_001291694.2	8419	8191.29	1757.25	9.65436
NM_001291695.1	1507	1279.29	0	0
NM_001291696.1	1273	1045.29	0	0
NM_001291700.1	979	751.293	0	0
NM_001291701.1	1522	1294.29	0	0
NM_001291712.2	4105	3877.29	0	0
NM_001291715.2	2082	1854.29	0	0
NM_001291716.2	2061	1833.29	0	0
NM_001291717.2	2206	1978.29	0	0
NM_001291719.2	1963	1735.29	0	0
NM_001291721.2	6374	6146.29	29.2047	0.213837
NM_001291722.2	6527	6299.29	0	0
NM_001291723.1	2745	2517.29	0	0
NM_001291726.2	2534	2306.29	0	0
NM_001291728.2	2624	2396.29	14.4143	0.270704
NM_001291730.2	2345	2117.29	11.2988	0.240155
NM_001291732.2	2282	2054.29	14.5953	0.319738
NM_001291733.2	2220	1992.29	33.0071	0.745585
NM_001291737.1	2440	2212.29	0	0
NM_001291738.1	2295	2067.29	0	0
NM_001291739.1	2374	2146.29	0	0
NM_001291743.2	3643	3415.29	19.4208	0.255907
NM_001291744.2	3662	3434.29	0	0
NM_001291745.2	768	540.541	8.57627	0.714023
NM_001291746.2	11108	10880.3	369.4	1.52791
NM_001291774.2	1125	897.293	0	0
NM_001291780.2	2489	2261.29	0	0
NM_001291807.3	2621	2393.29	27.0696	0.509012
NM_001291812.2	5098	4870.29	123.077	1.13727
NM_001291813.2	2659	2431.29	0	0
NM_001291814.2	2363	2135.29	0	0
NM_001291815.2	15789	15561.3	0	0
NM_001291821.2	1625	1397.29	0	0
NM_001291822.2	1089	861.293	0	0
NM_001291823.2	836	608.427	0	0
NM_001291824.2	3894	3666.29	0	0
NM_001291825.1	3541	3313.29	0	0
NM_001291826.2	3802	3574.29	0	0
NM_001291828.2	3541	3313.29	0	0
NM_001291829.2	2220	1992.29	2.7711	0.0625953
NM_001291830.2	1980	1752.29	0	0
NM_001291831.2	3696	3468.29	14.7192	0.19099
NM_001291832.2	2939	2711.29	279	4.63095
NM_001291833.1	2086	1858.29	2.85709	0.0691914
NM_001291837.2	6129	5901.29	0	0
NM_001291838.2	5994	5766.29	0	0
NM_001291839.2	5712	5484.29	0	0
NM_001291840.1	5373	5145.29	0	0
NM_001291841.1	5634	5406.29	0	0
NM_001291842.1	5604	5376.29	0	0
NM_001291843.1	5508	5280.29	0	0
NM_001291844.1	5478	5250.29	0	0
NM_001291845.2	1822	1594.29	0	0
NM_001291846.2	759	531.648	0	0
NM_001291847.2	759	531.648	0	0
NM_001291858.2	12232	12004.3	657.824	2.46613
NM_001291860.2	14344	14116.3	8090.31	25.7921
NM_001291861.3	4516	4288.29	803.383	8.43102
NM_001291862.3	4506	4278.29	1.4002e-06	1.47286e-08
NM_001291866.2	4544	4316.29	10.6722	0.111272
NM_001291867.2	9044	8816.29	215.694	1.10102
NM_001291868.2	7959	7731.29	0	0
NM_001291869.3	4301	4073.29	0	0
NM_001291872.3	4111	3883.29	0	0
NM_001291873.3	4093	3865.29	148.595	1.73008
NM_001291874.3	3964	3736.29	49.0593	0.590912
NM_001291875.3	4029	3801.29	0	0
NM_001291876.2	9338	9110.29	0	0
NM_001291877.2	9485	9257.29	0	0
NM_001291878.2	3808	3580.29	17.6811	0.222246
NM_001291879.2	3839	3611.29	323.906	4.03644
NM_001291880.1	2854	2626.29	10.9637	0.187869
NM_001291896.3	5431	5203.29	107.64	0.930973
NM_001291897.2	525	303.13	0	0
NM_001291901.2	4630	4402.29	0	0
NM_001291902.2	5199	4971.29	7.33276	0.0663805
NM_001291911.1	3681	3453.29	1.91145e-05	2.49099e-07
NM_001291916.2	4735	4507.29	19.2352	0.192054
NM_001291918.2	1098	870.293	160.062	8.27687
NM_001291920.2	6201	5973.29	0	0
NM_001291921.2	6014	5786.29	82.5171	0.64178
NM_001291926.2	4265	4037.29	33.668	0.375292
NM_001291927.1	4209	3981.29	53.301	0.602495
NM_001291929.2	4141	3913.29	0	0
NM_001291931.2	3144	2916.29	0	0
NM_001291932.2	4131	3903.29	43.6937	0.503768
NM_001291937.2	7485	7257.29	0	0
NM_001291939.1	10422	10194.3	14.1767	0.0625838
NM_001291940.2	10434	10206.3	76.6568	0.338006
NM_001291941.3	3369	3141.29	286.444	4.10368
NM_001291942.3	3257	3029.29	16.877	0.250724
NM_001291943.2	553	329.241	40.4929	5.53487
NM_001291949.2	3537	3309.29	273.283	3.71637
NM_001291950.2	3203	2975.29	0	0
NM_001291951.3	3448	3220.29	0	0
NM_001291952.3	3534	3306.29	0	0
NM_001291953.3	3697	3469.29	0	0
NM_001291954.3	3283	3055.29	0	0
NM_001291955.3	3308	3080.29	0	0
NM_001291956.3	5134	4906.29	8.85225	0.0811975
NM_001291957.2	4709	4481.29	0	0
NM_001291958.2	5598	5370.29	0	0
NM_001291959.2	2369	2141.29	91.6289	1.92574
NM_001291960.2	3046	2818.29	0	0
NM_001291961.2	1676	1448.29	0	0
NM_001291962.2	2122	1894.29	0	0
NM_001291963.2	2258	2030.29	46.3379	1.02712
NM_001291964.2	7753	7525.29	0	0
NM_001291965.1	4841	4613.29	737.219	7.19164
NM_001291967.2	1632	1404.29	0	0
NM_001291968.2	1513	1285.29	0	0
NM_001291969.2	8009	7781.29	19.1624	0.110826
NM_001291970.2	8297	8069.29	45.8195	0.255539
NM_001291974.2	3755	3527.29	0	0
NM_001291975.2	3806	3578.29	182.407	2.29408
NM_001291976.2	2887	2659.29	0	0
NM_001291977.2	2538	2310.29	0	0
NM_001291978.2	3556	3328.29	1843.66	24.9287
NM_001291979.2	2785	2557.29	0	0
NM_001291980.2	2845	2617.29	0	0
NM_001291981.2	6072	5844.29	57.6207	0.443699
NM_001291982.2	3162	2934.29	5.06371	0.0776618
NM_001291983.2	2932	2704.29	16.3628	0.272299
NM_001291984.2	6003	5775.29	213.917	1.66692
NM_001291985.2	3116	2888.29	0	0
NM_001291986.2	4853	4625.29	1119.01	10.8877
NM_001291988.2	3022	2794.29	0	0
NM_001291989.2	2209	1981.29	37.9426	0.861828
NM_001291990.1	6613	6385.29	0	0
NM_001291991.2	6315	6087.29	0	0
NM_001291992.2	759	531.648	0	0
NM_001291993.2	3883	3655.29	8.27806	0.101917
NM_001291994.2	4334	4106.29	0	0
NM_001291995.2	2235	2007.29	0	0
NM_001291997.2	2176	1948.29	0	0
NM_001291999.2	4451	4223.29	250.2	2.66611
NM_001292000.2	1684	1456.29	0	0
NM_001292001.2	3386	3158.29	18.4925	0.263504
NM_001292002.2	1820	1592.29	12.0489	0.340538
NM_001292003.2	5664	5436.29	0	0
NM_001292004.2	2021	1793.29	90.8471	2.27983
NM_001292006.2	5403	5175.29	26.8168	0.233193
NM_001292007.2	5082	4854.29	85.5053	0.792701
NM_001292008.2	9457	9229.29	22.2546	0.108516
NM_001292009.2	10653	10425.3	0	0
NM_001292016.2	1697	1469.29	58.852	1.80258
NM_001292017.2	2054	1826.29	189.558	4.67104
NM_001292018.4	3572	3344.29	0	0
NM_001292019.4	3325	3097.29	0	0
NM_001292022.2	2186	1958.29	0	0
NM_001292025.2	3926	3698.29	0	0
NM_001292026.3	2228	2000.29	0	0
NM_001292027.2	2693	2465.29	38.4378	0.701669
NM_001292028.2	2807	2579.29	1.84715	0.0322288
NM_001292030.2	4133	3905.29	10.9607	0.126307
NM_001292032.2	2488	2260.29	186.156	3.70642
NM_001292033.2	2862	2634.29	23.7629	0.405954
NM_001292034.3	4363	4135.29	2679.88	29.1642
NM_001292035.3	4181	3953.29	0	0
NM_001292037.2	3075	2847.29	0	0
NM_001292038.2	4976	4748.29	0	0
NM_001292039.2	3347	3119.29	0	0
NM_001292040.2	4387	4159.29	0	0
NM_001292041.2	1881	1653.29	0	0
NM_001292043.2	7187	6959.29	557.016	3.60201
NM_001292045.2	768	540.541	0	0
NM_001292046.2	741	513.753	0	0
NM_001292048.2	2476	2248.29	20.6367	0.413076
NM_001292049.2	2884	2656.29	21.3444	0.361619
NM_001292054.2	2772	2544.29	13.5933	0.240436
NM_001292063.2	8956	8728.29	0	0
NM_001293.3	2982	2754.29	1187.34	19.4002
NM_001293070.2	3206	2978.29	0	0
NM_001293071.2	3111	2883.29	0	0
NM_001293072.2	3194	2966.29	0	0
NM_001293073.2	2515	2287.29	0	0
NM_001293075.2	2377	2149.29	0	0
NM_001293076.2	2476	2248.29	0	0
NM_001293077.2	2434	2206.29	0	0
NM_001293078.2	2338	2110.29	2.23141	0.0475859
NM_001293079.2	2406	2178.29	0	0
NM_001293080.2	2512	2284.29	0	0
NM_001293081.2	2506	2278.29	0	0
NM_001293083.2	6438	6210.29	0	0
NM_001293085.2	1836	1608.29	11.2224	0.314024
NM_001293089.3	5827	5599.29	5209.47	41.87
NM_001293091.3	5682	5454.29	128.112	1.05705
NM_001293092.2	4318	4090.29	0	0
NM_001293104.2	2014	1786.29	59.7673	1.50575
NM_001293105.2	1871	1643.29	70.8933	1.94148
NM_001293163.2	3578	3350.29	255.033	3.42575
NM_001293164.2	3406	3178.29	97.6177	1.38222
NM_001293170.2	2386	2158.29	0	0
NM_001293179.2	3708	3480.29	18.3812	0.237685
NM_001293180.2	3728	3500.29	8.66395	0.111392
NM_001293186.2	860	632.427	406.556	28.9302
NM_001293187.2	774	546.487	407.673	33.5718
NM_001293189.2	767	539.541	0	0
NM_001293190.2	1861	1633.29	19.0794	0.525705
NM_001293191.2	1741	1513.29	14.211	0.422614
NM_001293192.2	1794	1566.29	0	0
NM_001293193.2	633	407.137	0	0
NM_001293195.2	1858	1630.29	0	0
NM_001293196.2	1717	1489.29	0	0
NM_001293197.2	1429	1201.29	125.478	4.70066
NM_001293204.1	2605	2377.29	0	0
NM_001293205.1	2587	2359.29	33.5084	0.639167
NM_001293212.2	2661	2433.29	142.379	2.63325
NM_001293213.2	1909	1681.29	23.2808	0.623157
NM_001293214.2	2383	2155.29	169.21	3.53315
NM_001293215.2	2564	2336.29	324.752	6.25558
NM_001293216.2	2463	2235.29	0	0
NM_001293225.2	1775	1547.29	0	0
NM_001293228.2	2923	2695.29	0	0
NM_001293231.2	1706	1478.29	0	0
NM_001293233.2	2613	2385.29	0	0
NM_001293234.2	3180	2952.29	75.6632	1.15337
NM_001293235.2	3220	2992.29	140.675	2.11571
NM_001293236.2	3018	2790.29	107.552	1.73465
NM_001293237.2	3492	3264.29	370.967	5.11433
NM_001293273.2	2195	1967.29	0	0
NM_001293274.2	5561	5333.29	0	0
NM_001293285.2	3324	3096.29	0.0103797	0.000150864
NM_001293286.2	3177	2949.29	510.776	7.79391
NM_001293289.3	5146	4918.29	44.4008	0.406273
NM_001293290.3	5084	4856.29	130.367	1.2081
NM_001293291.2	2381	2153.29	0	0
NM_001293294.2	2477	2249.29	21.6013	0.432192
NM_001293296.2	2309	2081.29	0	0
NM_001293298.2	7353	7125.29	0	0
NM_001293304.2	7293	7065.29	1540.78	9.81417
NM_001293306.2	5871	5643.29	0	0
NM_001293307.2	5580	5352.29	0	0
NM_001293312.1	3113	2885.29	36.3792	0.56742
NM_001293320.2	770	542.487	28.8592	2.39407
NM_001293557.2	4414	4186.29	0	0
NM_001293562.2	5025	4797.29	0	0
NM_001293626.2	7903	7675.29	0	0
NM_001293627.1	4539	4311.29	574.767	5.99966
NM_001293628.2	4400	4172.29	0	0
NM_001293632.3	4351	4123.29	93.8487	1.0243
NM_001293634.1	2523	2295.29	80.9577	1.58731
NM_001293640.2	5794	5566.29	187.446	1.51549
NM_001293642.2	5885	5657.29	162.595	1.29342
NM_001293643.1	1908	1680.29	0	0
NM_001293675.2	1443	1215.29	0	0
NM_001293695.2	3676	3448.29	7.90183	0.103125
NM_001293696.2	3039	2811.29	38.4552	0.615589
NM_001293697.2	3020	2792.29	64.9381	1.0466
NM_001293698.2	3312	3084.29	0	0
NM_001293725.2	4766	4538.29	0	0
NM_001293735.2	6137	5909.29	99.8279	0.760254
NM_001293739.2	893	665.361	0	0
NM_001293798.3	1574	1346.29	0	0
NM_001293807.1	1067	839.293	0	0
NM_001293808.1	960	732.293	0	0
NM_001293809.1	870	642.427	0	0
NM_001293810.1	1021	793.293	4	0.226918
NM_001293811.1	958	730.293	0	0
NM_001293812.1	1048	820.293	0	0
NM_001293813.1	781	553.487	0	0
NM_001293814.1	693	466.041	0	0
NM_001293815.2	3148	2920.29	102.81	1.58435
NM_001294.4	2470	2242.29	5592.93	112.251
NM_001294139.1	1470	1242.29	0	0
NM_001294145.2	1759	1531.29	261.234	7.67738
NM_001294161.2	775	547.487	20.774	1.70761
NM_001294255.2	802	574.487	15.0978	1.18271
NM_001294282.2	4978	4750.29	243.847	2.31015
NM_001294314.2	1751	1523.29	22.3837	0.661289
NM_001294328.4	1226	998.293	0	0
NM_001294332.2	2549	2321.29	19.4912	0.377877
NM_001294333.2	1751	1523.29	208.779	6.168
NM_001294335.2	5705	5477.29	0	0
NM_001294336.2	5606	5378.29	0	0
NM_001294338.2	2154	1926.29	218.39	5.10213
NM_001294339.2	2066	1838.29	523.523	12.8163
NM_001294340.2	3777	3549.29	665.423	8.4372
NM_001294341.2	1836	1608.29	0	0
NM_001294342.2	1479	1251.29	0	0
NM_001294343.2	4954	4726.29	101.62	0.967614
NM_001294344.2	4786	4558.29	64.0791	0.63264
NM_001294345.2	871	643.427	0	0
NM_001294346.2	926	698.293	89.9039	5.79406
NM_001294347.2	4524	4296.29	0	0
NM_001294348.2	3818	3590.29	0	0
NM_001295.3	2646	2418.29	0	0
NM_001296.5	2990	2762.29	17.9383	0.292249
NM_001297.5	5657	5429.29	0.0629976	0.000522183
NM_001297417.4	1122	894.293	0	0
NM_001297418.2	2379	2151.29	44.409	0.928995
NM_001297419.1	3163	2935.29	0	0
NM_001297420.1	712	484.852	0	0
NM_001297421.2	2819	2591.29	0	0
NM_001297422.2	1166	938.293	45.9675	2.20472
NM_001297423.2	2248	2020.29	111.993	2.49471
NM_001297424.2	1564	1336.29	97.8854	3.29654
NM_001297425.2	1561	1333.29	0	0
NM_001297426.2	2028	1800.29	37.1264	0.928072
NM_001297427.2	2284	2056.29	0	0
NM_001297428.2	1600	1372.29	66.7821	2.19006
NM_001297429.2	16715	16487.3	0	0
NM_001297430.2	1978	1750.29	14.8254	0.381186
NM_001297431.2	1978	1750.29	9.30282	0.239192
NM_001297432.2	2360	2132.29	46.9162	0.99019
NM_001297433.2	2300	2072.29	34.1296	0.741178
NM_001297434.2	3895	3667.29	216.997	2.66288
NM_001297435.1	3361	3133.29	0	0
NM_001297436.2	2107	1879.29	3187.88	76.3396
NM_001297437.2	1479	1251.29	15.2192	0.547362
NM_001297438.2	1219	991.293	10.2117	0.463593
NM_001297439.2	2090	1862.29	5.30638e-07	1.28231e-08
NM_001297440.2	4059	3831.29	0	0
NM_001297441.1	3963	3735.29	0	0
NM_001297442.2	3720	3492.29	0	0
NM_001297548.3	3691	3463.29	16.4132	0.213278
NM_001297549.2	5354	5126.29	729.82	6.407
NM_001297550.2	2432	2204.29	1.20611	0.0246241
NM_001297551.2	1243	1015.29	466.906	20.6957
NM_001297552.2	1241	1013.29	33.2532	1.47686
NM_001297553.2	6390	6162.29	5079.18	37.0932
NM_001297555.2	3423	3195.29	1556.38	21.9203
NM_001297556.2	3396	3168.29	15.1165	0.214717
NM_001297558.1	1626	1398.29	10.7756	0.346804
NM_001297559.3	2050	1822.29	274.906	6.78905
NM_001297560.2	4059	3831.29	0	0
NM_001297561.2	3877	3649.29	40.022	0.493551
NM_001297562.2	3406	3178.29	14.6306	0.207162
NM_001297563.2	3251	3023.29	15.8293	0.235626
NM_001297564.2	3042	2814.29	24.7632	0.395985
NM_001297565.2	685	458.134	338.735	33.2744
NM_001297566.2	510	289.15	41.5651	6.46916
NM_001297567.2	974	746.293	3.08638	0.186115
NM_001297568.2	2776	2548.29	5.46578	0.0965262
NM_001297569.2	2580	2352.29	0	0
NM_001297570.3	2920	2692.29	1.72125	0.0287717
NM_001297571.2	1654	1426.29	19.509	0.615557
NM_001297573.2	7819	7591.29	35.8	0.212232
NM_001297575.2	1666	1438.29	0	0
NM_001297576.2	2727	2499.29	156.519	2.81834
NM_001297577.2	2525	2297.29	340.684	6.67387
NM_001297578.2	2354	2126.29	341.401	7.22576
NM_001297588.2	2382	2154.29	16.7135	0.349145
NM_001297589.2	2392	2164.29	10.4474	0.217237
NM_001297590.3	2828	2600.29	152.763	2.64386
NM_001297592.2	4340	4112.29	134.522	1.47214
NM_001297594.2	4362	4134.29	0.0895177	0.000974428
NM_001297595.2	5038	4810.29	1959.19	18.3294
NM_001297597.2	4155	3927.29	56.5547	0.648064
NM_001297598.2	5214	4986.29	0	0
NM_001297599.2	5199	4971.29	729.081	6.60007
NM_001297600.2	1713	1485.29	6.64076	0.201209
NM_001297602.3	1069	841.293	42.7782	2.28832
NM_001297603.3	2772	2544.29	681.994	12.063
NM_001297604.3	1037	809.293	186.681	10.3809
NM_001297605.2	1559	1331.29	0	0
NM_001297608.2	4334	4106.29	73.4699	0.805197
NM_001297609.2	4414	4186.29	509.308	5.47512
NM_001297610.2	2335	2107.29	0	0
NM_001297611.2	2798	2570.29	6.13979e-06	1.07501e-07
NM_001297613.2	2817	2589.29	0	0
NM_001297614.3	3425	3197.29	261.756	3.68431
NM_001297615.2	1880	1652.29	0	0
NM_001297616.2	1933	1705.29	0	0
NM_001297617.2	4221	3993.29	0	0
NM_001297618.2	3828	3600.29	0	0
NM_001297619.2	7494	7266.29	50.4999	0.312766
NM_001297620.2	7637	7409.29	189.867	1.15323
NM_001297621.2	7408	7180.29	24.0531	0.150755
NM_001297622.2	7471	7243.29	386.512	2.40143
NM_001297623.3	3886	3658.29	18.4769	0.227297
NM_001297624.2	4617	4389.29	0	0
NM_001297625.2	4619	4391.29	173.577	1.77886
NM_001297640.2	3209	2981.29	17.1867	0.259436
NM_001297642.2	3382	3154.29	20.9577	0.299009
NM_001297643.2	817	589.487	16.716	1.27615
NM_001297644.1	1999	1771.29	64.7296	1.64458
NM_001297645.2	2122	1894.29	13.0691	0.310485
NM_001297646.2	1299	1071.29	0	0
NM_001297647.2	2556	2328.29	3.22376e-05	6.23115e-07
NM_001297648.2	2530	2302.29	0	0
NM_001297649.2	1354	1126.29	17.4123	0.695738
NM_001297650.2	4613	4385.29	0	0
NM_001297651.2	10171	9943.29	27.6933	0.125339
NM_001297652.2	3583	3355.29	0	0
NM_001297653.2	3725	3497.29	126.196	1.62389
NM_001297654.2	3836	3608.29	121.535	1.51581
NM_001297655.2	2739	2511.29	1072.42	19.218
NM_001297656.2	2967	2739.29	5.8135	0.0955084
NM_001297657.2	2654	2426.29	15.2227	0.282352
NM_001297658.2	1781	1553.29	0	0
NM_001297659.2	2159	1931.29	0	0
NM_001297660.2	1613	1385.29	0	0
NM_001297661.2	1280	1052.29	24.8636	1.06333
NM_001297662.2	1876	1648.29	0	0
NM_001297663.2	2718	2490.29	0	0
NM_001297664.1	2774	2546.29	0	0
NM_001297665.1	2866	2638.29	0	0
NM_001297666.1	1769	1541.29	6.58637	0.192311
NM_001297667.1	1677	1449.29	0	0
NM_001297668.2	1154	926.293	0	0
NM_001297669.3	5076	4848.29	146.374	1.35868
NM_001297670.3	4966	4738.29	0.0409159	0.000388608
NM_001297671.3	4725	4497.29	569.186	5.69567
NM_001297672.3	4638	4410.29	0	0
NM_001297673.2	7968	7740.29	11.5395	0.0670922
NM_001297674.2	8108	7880.29	151.832	0.867085
NM_001297696.2	3989	3761.29	46.4163	0.555362
NM_001297697.2	4045	3817.29	20.9702	0.247223
NM_001297698.2	2049	1821.29	0	0
NM_001297699.2	1600	1372.29	176.198	5.77825
NM_001297700.2	1482	1254.29	642.579	23.0552
NM_001297701.2	1026	798.293	50.2749	2.8342
NM_001297703.2	3140	2912.29	2.17766	0.033651
NM_001297704.3	7342	7114.29	71.5403	0.452545
NM_001297705.3	7342	7114.29	32.7473	0.20715
NM_001297706.3	7139	6911.29	9.94346e-07	6.47471e-09
NM_001297707.3	8050	7822.29	90.9581	0.523299
NM_001297708.3	7969	7741.29	1146.41	6.66452
NM_001297709.2	2842	2614.29	3729.96	64.2084
NM_001297710.2	2806	2578.29	132.834	2.31857
NM_001297711.2	2797	2569.29	86.7655	1.51976
NM_001297712.2	2680	2452.29	13.9991	0.256903
NM_001297713.2	3178	2950.29	115.977	1.76908
NM_001297714.2	4710	4482.29	253.515	2.54534
NM_001297715.1	1571	1343.29	0	0
NM_001297716.2	3041	2813.29	0	0
NM_001297717.2	1565	1337.29	19.9134	0.670131
NM_001297718.2	1601	1373.29	108.832	3.56646
NM_001297719.2	2787	2559.29	119.708	2.10496
NM_001297720.2	1624	1396.29	487.73	15.7197
NM_001297721.2	1506	1278.29	0.00859136	0.000302464
NM_001297722.2	2732	2504.29	200.185	3.59739
NM_001297723.2	1608	1380.29	156.268	5.09497
NM_001297724.2	2796	2568.29	0	0
NM_001297732.2	6824	6596.29	125.301	0.854863
NM_001297733.2	6825	6597.29	28.0278	0.19119
NM_001297734.2	4682	4454.29	115.769	1.16964
NM_001297735.3	1038	810.293	0	0
NM_001297736.2	12992	12764.3	4.0725	0.0143584
NM_001297737.2	13047	12819.3	0	0
NM_001297738.2	2428	2200.29	51.1086	1.04534
NM_001297739.2	1540	1312.29	189.947	6.51393
NM_001297740.2	574	349.421	16.2805	2.09682
NM_001297741.2	2281	2053.29	762.815	16.719
NM_001297742.2	2522	2294.29	0	0
NM_001297743.3	3519	3291.29	0	0
NM_001297744.3	4813	4585.29	0.0494005	0.000484849
NM_001297745.3	4971	4743.29	12.1314	0.115099
NM_001297746.2	3918	3690.29	124.424	1.51734
NM_001297748.2	2586	2358.29	0	0
NM_001297749.2	2409	2181.29	0	0
NM_001297750.2	2783	2555.29	0	0
NM_001297751.2	2727	2499.29	0	0
NM_001297752.2	5600	5372.29	26.0579	0.218284
NM_001297753.2	1691	1463.29	34.8809	1.07275
NM_001297754.3	3221	2993.29	188.46	2.83343
NM_001297755.2	3342	3114.29	60.2733	0.870979
NM_001297756.2	3556	3328.29	72.974	0.986708
NM_001297757.2	3445	3217.29	0	0
NM_001297758.2	2396	2168.29	15.1004	0.313411
NM_001297759.2	2507	2279.29	0	0
NM_001297760.2	2581	2353.29	0	0
NM_001297761.2	2215	1987.29	0	0
NM_001297762.2	2352	2124.29	0	0
NM_001297763.2	7922	7694.29	76.3869	0.446778
NM_001297764.2	2175	1947.29	0	0
NM_001297765.2	2478	2250.29	35.2844	0.705644
NM_001297766.2	1882	1654.29	61.9203	1.68447
NM_001297767.2	1466	1238.29	59.95	2.17875
NM_001297768.2	2364	2136.29	21.5991	0.455005
NM_001297769.2	1492	1264.29	38.4998	1.37042
NM_001297770.2	1408	1180.29	31.1627	1.18819
NM_001297771.3	1048	820.293	18.0421	0.989831
NM_001297772.2	5379	5151.29	0	0
NM_001297773.2	1917	1689.29	0	0
NM_001297774.2	3580	3352.29	0	0
NM_001297775.2	4164	3936.29	266.066	3.04189
NM_001297776.2	4931	4703.29	1142.18	10.9288
NM_001297777.3	6048	5820.29	0.000236998	1.83249e-06
NM_001297778.1	3796	3568.29	74.0012	0.933299
NM_001297779.2	1047	819.293	24.5881	1.3506
NM_001298.3	3547	3319.29	19.9841	0.270946
NM_001299.6	1499	1271.29	660.908	23.3958
NM_001300.6	4590	4362.29	16027.7	165.348
NM_001300721.2	2552	2324.29	0	0
NM_001300722.2	2459	2231.29	0	0
NM_001300727.2	5387	5159.29	21.6245	0.188625
NM_001300728.2	4794	4566.29	30.3009	0.298631
NM_001300729.1	4429	4201.29	291.851	3.12623
NM_001300730.2	1553	1325.29	0	0
NM_001300731.2	5069	4841.29	52.4915	0.487944
NM_001300732.2	2749	2521.29	13.1241	0.234255
NM_001300733.2	1122	894.293	306.865	15.4422
NM_001300734.2	1248	1020.29	41.3752	1.82498
NM_001300735.2	2938	2710.29	3	0.0498135
NM_001300736.2	2815	2587.29	0	0
NM_001300737.2	3438	3210.29	0	0
NM_001300738.2	3388	3160.29	0	0
NM_001300739.2	2777	2549.29	209.492	3.69819
NM_001300740.1	3031	2803.29	1	0.0160536
NM_001300741.2	3434	3206.29	0	0
NM_001300742.3	6031	5803.29	68.1441	0.52844
NM_001300743.3	3327	3099.29	0	0
NM_001300744.3	3839	3611.29	136.125	1.69635
NM_001300745.3	4136	3908.29	0	0
NM_001300746.2	2114	1886.29	3.08842	0.0736833
NM_001300747.2	2146	1918.29	33.8635	0.794437
NM_001300748.2	2143	1915.29	0	0
NM_001300749.3	4958	4730.29	10.8055	0.102802
NM_001300750.2	2497	2269.29	11.4485	0.227039
NM_001300751.2	2235	2007.29	160.567	3.59988
NM_001300752.2	3940	3712.29	7	0.084859
NM_001300753.2	4615	4387.29	0	0
NM_001300754.2	5774	5546.29	9.13004e-08	7.40819e-10
NM_001300755.2	4719	4491.29	130.382	1.30643
NM_001300756.2	6043	5815.29	25.837	0.199946
NM_001300757.2	4368	4140.29	0	0
NM_001300758.2	4364	4136.29	88.6251	0.964246
NM_001300759.2	4156	3928.29	0	0
NM_001300760.1	886	658.427	0	0
NM_001300761.4	2279	2051.29	0	0
NM_001300763.2	1865	1637.29	0	0
NM_001300764.2	1919	1691.29	55.1797	1.46826
NM_001300765.2	1734	1506.29	52.0099	1.55389
NM_001300766.2	1803	1575.29	90.6757	2.59043
NM_001300767.2	1925	1697.29	4.30283	0.114088
NM_001300768.2	2161	1933.29	70.7505	1.64692
NM_001300769.2	1704	1476.29	13.4758	0.410793
NM_001300770.2	1809	1581.29	75.8734	2.15933
NM_001300771.2	2180	1952.29	24.6419	0.56803
NM_001300772.2	1813	1585.29	0	0
NM_001300773.2	6513	6285.29	134.818	0.965307
NM_001300776.2	2201	1973.29	0	0
NM_001300777.2	2234	2006.29	0	0
NM_001300778.2	2416	2188.29	136.507	2.80731
NM_001300779.2	1515	1287.29	37.0686	1.2959
NM_001300780.2	6879	6651.29	0	0
NM_001300781.2	1349	1121.29	0	0
NM_001300782.2	1346	1118.29	0	0
NM_001300783.2	1707	1479.29	364.122	11.0773
NM_001300784.2	1373	1145.29	1	0.0392939
NM_001300785.2	3881	3653.29	4	0.049274
NM_001300786.2	1941	1713.29	0	0
NM_001300787.2	2022	1794.29	0	0
NM_001300788.2	7644	7416.29	190.784	1.1577
NM_001300789.3	3467	3239.29	14.7802	0.20534
NM_001300790.2	1212	984.293	0	0
NM_001300791.2	6311	6083.29	38.4054	0.284116
NM_001300792.2	6239	6011.29	445.552	3.33559
NM_001300793.2	3159	2931.29	0	0
NM_001300794.2	3156	2928.29	0	0
NM_001300795.2	3656	3428.29	162.147	2.12849
NM_001300796.2	2420	2192.29	4.1709	0.0856197
NM_001300797.2	2428	2200.29	809.557	16.558
NM_001300798.2	3935	3707.29	3.5689	0.0433232
NM_001300799.2	4203	3975.29	773.028	8.75122
NM_001300800.1	3752	3524.29	211.392	2.69935
NM_001300801.2	7116	6888.29	52.5893	0.34358
NM_001300802.2	3107	2879.29	511.275	7.99118
NM_001300803.2	1122	894.293	1	0.0503225
NM_001300804.2	1913	1685.29	0	0
NM_001300805.2	1423	1195.29	0	0
NM_001300806.2	1692	1464.29	13.1645	0.404594
NM_001300807.2	2072	1844.29	0	0
NM_001300808.2	1953	1725.29	6	0.156506
NM_001300810.1	1937	1709.29	0	0
NM_001300812.3	1306	1078.29	0	0
NM_001300813.3	5173	4945.29	272.201	2.47708
NM_001300814.1	2572	2344.29	0	0
NM_001300815.2	1091	863.293	69.7488	3.63598
NM_001300816.3	2189	1961.29	233.562	5.35923
NM_001300817.3	2171	1943.29	0	0
NM_001300818.3	2147	1919.29	0	0
NM_001300819.3	2081	1853.29	0	0
NM_001300820.2	1916	1688.29	16.2695	0.43368
NM_001300821.3	3871	3643.29	1788.38	22.0907
NM_001300822.3	2217	1989.29	9.26434e-05	2.09584e-06
NM_001300823.2	5114	4886.29	77.3642	0.71253
NM_001300824.2	5028	4800.29	0	0
NM_001300826.2	2677	2449.29	345.552	6.34914
NM_001300828.2	5922	5694.29	1404.27	11.0982
NM_001300829.2	3346	3118.29	806.21	11.6352
NM_001300830.2	1427	1199.29	236.66	8.8806
NM_001300831.1	2260	2032.29	0	0
NM_001300832.3	3517	3289.29	222.895	3.04957
NM_001300833.3	3583	3355.29	499.309	6.69701
NM_001300834.2	840	612.427	1.81968	0.133715
NM_001300835.2	820	592.487	0	0
NM_001300836.3	1097	869.293	44.6182	2.30987
NM_001300837.2	3190	2962.29	15.3487	0.233177
NM_001300838.2	1422	1194.29	13.7108	0.516647
NM_001300839.2	1168	940.293	217.508	10.4101
NM_001300840.2	1116	888.293	161.03	8.15816
NM_001300841.2	1373	1145.29	23.3182	0.916265
NM_001300842.3	3867	3639.29	10.7085	0.13242
NM_001300843.2	1643	1415.29	0	0
NM_001300844.2	1594	1366.29	1562.57	51.4681
NM_001300845.2	2814	2586.29	0	0
NM_001300846.2	2815	2587.29	8.27895e-07	1.44003e-08
NM_001300847.3	5672	5444.29	0	0
NM_001300848.2	1142	914.293	72.9822	3.59231
NM_001300849.2	3011	2783.29	0	0
NM_001300850.1	11129	10901.3	0	0
NM_001300851.1	11102	10874.3	0	0
NM_001300852.1	11099	10871.3	0	0
NM_001300853.2	1982	1754.29	0	0
NM_001300854.2	583	358.243	0	0
NM_001300855.2	1697	1469.29	241.8	7.4061
NM_001300856.2	1504	1276.29	280.942	9.90622
NM_001300857.2	1396	1168.29	537.66	20.7109
NM_001300858.2	2478	2250.29	0	0
NM_001300859.2	1847	1619.29	0	0
NM_001300860.2	5674	5446.29	2648.33	21.8833
NM_001300861.2	941	713.293	388.839	24.5326
NM_001300862.2	1614	1386.29	89.2983	2.89888
NM_001300863.2	761	533.648	0	0
NM_001300864.2	689	462.088	0	0
NM_001300865.2	3014	2786.29	1089.86	17.6029
NM_001300866.3	7978	7750.29	0.000317492	1.84356e-06
NM_001300867.2	4893	4665.29	882.141	8.50945
NM_001300868.2	2686	2458.29	0	0
NM_001300869.2	2517	2289.29	0	0
NM_001300881.2	1046	818.293	0	0
NM_001300883.3	7241	7013.29	184.734	1.18541
NM_001300884.1	6856	6628.29	22.7231	0.15428
NM_001300885.2	5789	5561.29	617.882	5.00002
NM_001300886.2	906	678.293	2.35456	0.156219
NM_001300887.2	1754	1526.29	0	0
NM_001300888.2	1073	845.293	145.974	7.77161
NM_001300889.3	9203	8975.29	0	0
NM_001300891.2	1947	1719.29	0	0
NM_001300894.2	3054	2826.29	290.602	4.62726
NM_001300895.3	4059	3831.29	0	0
NM_001300896.3	3962	3734.29	0	0
NM_001300897.2	1690	1462.29	84.8387	2.61097
NM_001300898.2	2259	2031.29	38.8891	0.861583
NM_001300899.2	8546	8318.29	0	0
NM_001300900.2	1019	791.293	227.997	12.9669
NM_001300901.2	1722	1494.29	2.23539	0.0673225
NM_001300902.2	1545	1317.29	959.281	32.7722
NM_001300903.2	2705	2477.29	15.8756	0.2884
NM_001300904.2	2683	2455.29	0	0
NM_001300905.2	8938	8710.29	1799.38	9.2968
NM_001300906.2	5995	5767.29	94.6678	0.738707
NM_001300907.1	5835	5607.29	0	0
NM_001300908.2	5678	5450.29	0	0
NM_001300909.2	2618	2390.29	0.00999155	0.000188115
NM_001300910.2	3051	2823.29	505.123	8.05163
NM_001300911.2	1917	1689.29	0	0
NM_001300912.2	3612	3384.29	0	0
NM_001300913.2	1066	838.293	157.539	8.45735
NM_001300914.2	2330	2102.29	320.095	6.85216
NM_001300915.2	2055	1827.29	0	0
NM_001300916.2	1953	1725.29	0.000109432	2.85445e-06
NM_001300917.2	1793	1565.29	0	0
NM_001300918.1	1274	1046.29	171.185	7.36302
NM_001300919.1	1878	1650.29	2.94567	0.0803277
NM_001300921.2	2291	2063.29	1.48604	0.0324124
NM_001300922.2	564	339.768	0	0
NM_001300923.2	2213	1985.29	0	0
NM_001300924.2	2118	1890.29	0	0
NM_001300925.2	852	624.427	89.6816	6.46344
NM_001300926.2	2120	1892.29	36.5151	0.868413
NM_001300927.2	6848	6620.29	24.7505	0.168247
NM_001300928.2	1410	1182.29	27.4087	1.04329
NM_001300929.2	1469	1241.29	218.443	7.91964
NM_001300930.2	3367	3139.29	28	0.401392
NM_001300932.2	1229	1001.29	0	0
NM_001300933.2	1444	1216.29	0	0
NM_001300934.2	1436	1208.29	0	0
NM_001300935.2	1734	1506.29	0	0
NM_001300936.2	4170	3942.29	65.6044	0.748904
NM_001300937.2	4042	3814.29	109.889	1.29653
NM_001300938.2	1257	1029.29	0	0
NM_001300939.2	1673	1445.29	0	0
NM_001300940.2	2729	2501.29	60.8694	1.09516
NM_001300941.2	4000	3772.29	0	0
NM_001300942.2	7049	6821.29	336.309	2.21878
NM_001300943.2	7007	6779.29	178.412	1.18435
NM_001300944.2	7007	6779.29	68.0028	0.451424
NM_001300945.2	923	695.293	47.9975	3.10665
NM_001300946.3	5754	5526.29	56.3879	0.459192
NM_001300947.2	6695	6467.29	0	0
NM_001300948.3	8063	7835.29	160.209	0.92018
NM_001300949.2	4565	4337.29	84.703	0.878865
NM_001300950.2	1306	1078.29	88.3392	3.68688
NM_001300951.2	5304	5076.29	0	0
NM_001300952.2	5025	4797.29	158.484	1.48673
NM_001300953.2	7222	6994.29	31.9548	0.205606
NM_001300954.2	7404	7176.29	18.3128	0.114841
NM_001300955.2	7280	7052.29	26.327	0.168002
NM_001300956.2	3578	3350.29	0	0
NM_001300958.2	5152	4924.29	268.343	2.45238
NM_001300959.2	4970	4742.29	0.000189738	1.80057e-06
NM_001300960.2	6267	6039.29	0	0
NM_001300961.3	2941	2713.29	195.334	3.23984
NM_001300962.3	2866	2638.29	194.544	3.31846
NM_001300963.2	6067	5839.29	0.00206255	1.5896e-05
NM_001300964.2	5986	5758.29	1.94624	0.0152105
NM_001300965.2	883	655.427	50.9012	3.49499
NM_001300966.3	2988	2760.29	84.058	1.37046
NM_001300967.2	2569	2341.29	0	0
NM_001300968.1	2223	1995.29	0	0
NM_001300969.2	1917	1689.29	5.99288	0.159651
NM_001300970.2	5135	4907.29	0	0
NM_001300971.3	939	711.293	118.741	7.51265
NM_001300972.2	2677	2449.29	26.4846	0.486626
NM_001300973.2	2678	2450.29	74.4417	1.36723
NM_001300974.2	1390	1162.29	0	0
NM_001300975.2	3310	3082.29	24.5966	0.359123
NM_001300976.2	3767	3539.29	52.6875	0.669935
NM_001300977.2	4093	3865.29	185.551	2.16035
NM_001300978.2	2057	1829.29	17.6154	0.433363
NM_001300979.2	2850	2622.29	12.7805	0.219336
NM_001300980.2	1883	1655.29	0	0
NM_001300981.2	2394	2166.29	1086.76	22.5767
NM_001300982.2	1572	1344.29	34.4867	1.15452
NM_001300983.1	7668	7440.29	0	0
NM_001300984.2	3071	2843.29	0	0
NM_001300985.2	12029	11801.3	0	0
NM_001300986.2	12038	11810.3	0	0
NM_001300987.2	12185	11957.3	28.7722	0.108288
NM_001300988.2	3336	3108.29	64.0503	0.927346
NM_001300989.2	12014	11786.3	0	0
NM_001300990.2	11938	11710.3	0	0
NM_001300992.2	694	467.041	152.506	14.6951
NM_001300993.3	5317	5089.29	13.8778	0.122718
NM_001300994.3	2200	1972.29	0	0
NM_001300995.1	4062	3834.29	0	0
NM_001301007.2	8830	8602.29	1406.92	7.36031
NM_001301008.2	517	295.585	0	0
NM_001301009.2	2927	2699.29	0	0
NM_001301010.3	4037	3809.29	90.8587	1.07341
NM_001301011.2	1453	1225.29	12.5789	0.462005
NM_001301012.2	5539	5311.29	0.00031469	2.6664e-06
NM_001301013.2	5719	5491.29	0	0
NM_001301015.3	4452	4224.29	0	0
NM_001301016.3	3761	3533.29	541.661	6.89906
NM_001301017.2	3125	2897.29	10.6205	0.164966
NM_001301018.3	4340	4112.29	0	0
NM_001301019.2	3169	2941.29	0.543483	0.00831553
NM_001301020.1	1189	961.293	520.883	24.3852
NM_001301021.2	3166	2938.29	20.3258	0.311311
NM_001301022.2	9427	9199.29	0	0
NM_001301023.2	9424	9196.29	87.4602	0.427996
NM_001301024.2	9327	9099.29	18.8858	0.0934049
NM_001301025.3	8024	7796.29	0	0
NM_001301026.2	7480	7252.29	0	0
NM_001301028.3	2864	2636.29	41.4558	0.707675
NM_001301029.2	4363	4135.29	198.771	2.16316
NM_001301030.2	4291	4063.29	0	0
NM_001301031.1	5534	5306.29	0	0
NM_001301032.1	5570	5342.29	0	0
NM_001301033.2	4045	3817.29	0	0
NM_001301035.2	2620	2392.29	399.596	7.51708
NM_001301036.2	5748	5520.29	12	0.0978276
NM_001301037.2	1221	993.293	3.18506e-05	1.44305e-06
NM_001301038.3	5821	5593.29	2672.41	21.502
NM_001301039.1	641	415.014	7.25857	0.787102
NM_001301040.1	638	412.014	0	0
NM_001301041.1	443	228.322	15.6667	3.08796
NM_001301042.1	425	212.877	15.9182	3.36518
NM_001301043.2	8675	8447.29	0	0
NM_001301044.2	8621	8393.29	3.22155e-08	1.72733e-10
NM_001301045.2	8591	8363.29	3.55277e-06	1.91175e-08
NM_001301046.2	2648	2420.29	0	0
NM_001301047.3	3455	3227.29	50.0435	0.697833
NM_001301054.2	2523	2295.29	14.2385	0.27917
NM_001301056.2	4473	4245.29	45.5617	0.482986
NM_001301057.2	2346	2118.29	0	0
NM_001301058.2	1065	837.293	70.241	3.77533
NM_001301059.2	2021	1793.29	448.635	11.2586
NM_001301060.2	1367	1139.29	42.0463	1.66086
NM_001301061.2	1785	1557.29	146.309	4.22807
NM_001301063.2	7945	7717.29	2455.69	14.3203
NM_001301064.1	3706	3478.29	404.798	5.23738
NM_001301065.2	2655	2427.29	11.5138	0.213471
NM_001301068.1	3115	2887.29	21.6677	0.337725
NM_001301069.2	1644	1416.29	2158.84	68.5978
NM_001301071.2	2554	2326.29	0	0
NM_001301072.2	5488	5260.29	167.821	1.43575
NM_001301073.2	2446	2218.29	1381.15	28.0197
NM_001301074.2	2284	2056.29	44.7545	0.979477
NM_001301075.2	2300	2072.29	0	0
NM_001301076.3	887	659.427	317.532	21.6702
NM_001301077.2	2358	2130.29	41.9479	0.886162
NM_001301078.3	831	603.427	165.798	12.3651
NM_001301079.2	2178	1950.29	0	0
NM_001301080.2	2257	2029.29	0	0
NM_001301081.3	897	669.361	7.07294	0.475534
NM_001301082.1	2145	1917.29	5.91319	0.138795
NM_001301083.1	2265	2037.29	73.981	1.63421
NM_001301084.2	9623	9395.29	2.4125e-05	1.15558e-07
NM_001301085.2	9360	9132.29	448.812	2.21171
NM_001301086.2	2095	1867.29	9.78858e-08	2.35912e-09
NM_001301088.2	4088	3860.29	0	0
NM_001301089.2	13677	13449.3	281.919	0.943337
NM_001301097.1	3758	3530.29	284.295	3.6241
NM_001301098.2	7399	7171.29	0	0
NM_001301099.2	7064	6836.29	22.758	0.149815
NM_001301101.2	2086	1858.29	15.811	0.382901
NM_001301102.2	2119	1891.29	8.22337	0.195674
NM_001301103.2	1990	1762.29	5.7708	0.147367
NM_001301104.2	2126	1898.29	3.48862	0.0827052
NM_001301105.2	2030	1802.29	0	0
NM_001301107.1	1012	784.293	94.8423	5.44209
NM_001301108.2	1686	1458.29	5.16714	0.159458
NM_001301109.2	2206	1978.29	1.82558	0.0415292
NM_001301110.2	7253	7025.29	0.117652	0.000753664
NM_001301128.2	6933	6705.29	238.323	1.59952
NM_001301129.2	2168	1940.29	27.3482	0.634314
NM_001301130.2	1389	1161.29	0	0
NM_001301131.2	1230	1002.29	41.5414	1.86522
NM_001301132.2	4669	4441.29	0	0
NM_001301134.2	3882	3654.29	10.4297	0.128443
NM_001301135.2	4042	3814.29	78.85	0.930315
NM_001301136.2	2260	2032.29	237.21	5.25279
NM_001301138.3	4865	4637.29	0	0
NM_001301139.2	1745	1517.29	171.047	5.07327
NM_001301140.1	2234	2006.29	0	0
NM_001301141.1	2245	2017.29	21.6541	0.483073
NM_001301144.2	1266	1038.29	10.8735	0.471295
NM_001301145.2	1215	987.293	0	0
NM_001301146.2	1024	796.293	0	0
NM_001301159.2	2096	1868.29	0	0
NM_001301161.2	6245	6017.29	15.1863	0.113578
NM_001301163.2	3329	3101.29	46.7903	0.678978
NM_001301167.2	3433	3205.29	0	0
NM_001301168.2	2074	1846.29	0	0
NM_001301169.2	2072	1844.29	0	0
NM_001301170.2	1782	1554.29	6.61945	0.19166
NM_001301171.2	1662	1434.29	5.69467	0.178679
NM_001301175.2	4129	3901.29	5.50755	0.063532
NM_001301182.2	2677	2449.29	3.05097	0.0560582
NM_001301186.2	3377	3149.29	0	0
NM_001301187.2	3394	3166.29	0	0
NM_001301188.1	2047	1819.29	2.91354e-08	7.20709e-10
NM_001301189.2	3487	3259.29	0	0
NM_001301190.1	2062	1834.29	0	0
NM_001301191.2	3501	3273.29	0	0
NM_001301192.2	3439	3211.29	0	0
NM_001301193.1	2160	1932.29	0	0
NM_001301194.2	3257	3029.29	0	0
NM_001301195.2	3299	3071.29	0	0
NM_001301196.1	2219	1991.29	40.1177	0.906658
NM_001301197.2	3277	3049.29	0	0
NM_001301198.2	3074	2846.29	0	0
NM_001301199.2	3247	3019.29	0	0
NM_001301200.2	3320	3092.29	0	0
NM_001301201.1	2413	2185.29	0	0
NM_001301202.2	3368	3140.29	0	0
NM_001301203.3	2327	2099.29	29.1065	0.623964
NM_001301206.2	4767	4539.29	0	0
NM_001301210.2	10065	9837.29	55.2368	0.252694
NM_001301212.2	10379	10151.3	1019.92	4.52154
NM_001301214.2	4949	4721.29	0	0
NM_001301224.2	1514	1286.29	5.873	0.205476
NM_001301226.2	1036	808.293	7852	437.173
NM_001301227.2	1190	962.293	4097.18	191.611
NM_001301228.2	3722	3494.29	159.819	2.05831
NM_001301229.2	3503	3275.29	23.1558	0.318165
NM_001301231.2	3603	3375.29	8.87027	0.118268
NM_001301233.1	2436	2208.29	0	0
NM_001301237.2	2330	2102.29	0	0
NM_001301239.2	2521	2293.29	0	0
NM_001301240.2	1433	1205.29	577.95	21.5794
NM_001301241.2	1755	1527.29	0.247823	0.00730233
NM_001301242.2	1725	1497.29	89.4997	2.69003
NM_001301243.2	1972	1744.29	529.642	13.6649
NM_001301244.2	1217	989.293	0.753019	0.0342549
NM_001301248.1	9284	9056.29	28.8602	0.143414
NM_001301251.2	3711	3483.29	0	0
NM_001301252.2	3660	3432.29	0	0
NM_001301253.2	3701	3473.29	0	0
NM_001301254.2	3456	3228.29	0	0
NM_001301267.2	410	200.199	1.00214	0.225272
NM_001301268.2	3024	2796.29	624	10.0426
NM_001301272.2	467	249.436	3.02962	0.546601
NM_001301275.2	2741	2513.29	26.8286	0.480393
NM_001301289.2	1577	1349.29	72.9443	2.43292
NM_001301302.1	1944	1716.29	145.609	3.81802
NM_001301317.2	3246	3018.29	0	0
NM_001301324.2	1262	1034.29	4.35817	0.189628
NM_001301339.2	721	493.802	6.12909	0.55858
NM_001301347.2	4934	4706.29	0	0
NM_001301365.1	13934	13706.3	0	0
NM_001301371.1	753	525.701	0	0
NM_001301409.2	2666	2438.29	195.049	3.59999
NM_001301410.2	1787	1559.29	126.043	3.63776
NM_001301627.2	6023	5795.29	0	0
NM_001301645.2	4739	4511.29	9.47384	0.0945077
NM_001301647.2	5870	5642.29	97.3149	0.776186
NM_001301648.2	6077	5849.29	0	0
NM_001301650.2	1447	1219.29	4.77101	0.176094
NM_001301668.3	3899	3671.29	172.035	2.10882
NM_001301680.2	1326	1098.29	5.42378	0.222242
NM_001301683.2	2612	2384.29	55.4385	1.04639
NM_001301684.2	2874	2646.29	0	0
NM_001301685.2	1211	983.293	4.4628	0.204252
NM_001301687.2	2177	1949.29	0	0
NM_001301690.2	1532	1304.29	5	0.172519
NM_001301698.2	1657	1429.29	70.5284	2.22067
NM_001301699.1	1337	1109.29	1.1744	0.0476445
NM_001301700.1	1313	1085.29	0	0
NM_001301701.1	1135	907.293	126.228	6.26111
NM_001301707.2	1428	1200.29	0	0
NM_001301708.2	1428	1200.29	0	0
NM_001301709.2	1149	921.293	0	0
NM_001301714.2	2123	1895.29	0	0
NM_001301716.2	2435	2207.29	0	0
NM_001301717.2	2191	1963.29	0	0
NM_001301718.2	2281	2053.29	132	2.89311
NM_001301726.2	2928	2700.29	1.74731	0.0291207
NM_001301732.3	5756	5528.29	25.4664	0.207309
NM_001301733.1	1028	800.293	23.5849	1.32625
NM_001301738.2	1983	1755.29	290.93	7.45902
NM_001301746.2	4290	4062.29	45.5479	0.50459
NM_001301769.2	1748	1520.29	0	0
NM_001301771.2	1717	1489.29	172.227	5.2043
NM_001301772.2	585	360.171	0	0
NM_001301773.2	1685	1457.29	15.073	0.465475
NM_001301774.2	1578	1350.29	23.4055	0.780067
NM_001301775.2	1789	1561.29	0	0
NM_001301778.2	4654	4426.29	32.2011	0.327396
NM_001301779.2	4383	4155.29	0	0
NM_001301780.2	4239	4011.29	112.816	1.26569
NM_001301782.2	2047	1819.29	41.5062	1.02672
NM_001301790.2	2483	2255.29	0.00861122	0.000171832
NM_001301791.2	1159	931.293	136.637	6.60273
NM_001301792.2	2504	2276.29	10.5857	0.209284
NM_001301819.1	4110	3882.29	83.688	0.970102
NM_001301820.1	3664	3436.29	225.064	2.94754
NM_001301821.2	1808	1580.29	0	0
NM_001301822.2	1723	1495.29	0	0
NM_001301823.2	4944	4716.29	0	0
NM_001301824.2	4770	4542.29	7.26833	0.0720114
NM_001301825.1	1880	1652.29	6.33091	0.172433
NM_001301826.1	1161	933.293	0	0
NM_001301827.2	620	394.338	0	0
NM_001301828.2	896	668.361	12.6201	0.849758
NM_001301829.2	5714	5486.29	74.9392	0.614713
NM_001301830.2	2856	2628.29	0	0
NM_001301833.4	1516	1288.29	139.84	4.88493
NM_001301834.1	665	438.717	0	0
NM_001301836.2	639	413.014	8.88439	0.968067
NM_001301837.2	474	256.047	235.154	41.331
NM_001301838.2	657	430.76	54.0783	5.64975
NM_001301839.2	2452	2224.29	0.0429267	0.000868516
NM_001301849.2	2763	2535.29	14.0182	0.248831
NM_001301852.4	1295	1067.29	2.94476	0.124168
NM_001301855.2	2602	2374.29	4.1747	0.0791285
NM_001301856.2	3232	3004.29	94.8151	1.42029
NM_001301860.2	4465	4237.29	36.0511	0.382889
NM_001301861.2	4696	4468.29	0	0
NM_001301867.2	2181	1953.29	0	0
NM_001301870.2	3592	3364.29	0.94308	0.0126153
NM_001301871.2	3675	3447.29	1081.55	14.1192
NM_001301872.2	620	394.338	4.36519	0.498168
NM_001301873.2	1358	1130.29	0	0
NM_001301874.2	762	534.648	0	0
NM_001301875.2	3090	2862.29	61.6198	0.968832
NM_001302.5	914	686.293	7.9147	0.519
NM_001302082.2	1775	1547.29	1.84751	0.0537348
NM_001302084.2	1998	1770.29	123.605	3.1422
NM_001302109.2	2859	2631.29	0	0
NM_001302123.2	1475	1247.29	0	0
NM_001302265.2	538	315.318	0	0
NM_001302269.2	1154	926.293	0	0
NM_001302272.2	1387	1159.29	29.2867	1.13689
NM_001302348.2	2232	2004.29	455.049	10.2174
NM_001302349.2	2225	1997.29	24.8861	0.560735
NM_001302350.2	2339	2111.29	73.065	1.55741
NM_001302371.3	13030	12802.3	0	0
NM_001302378.2	6522	6294.29	0	0
NM_001302453.1	1867	1639.29	0	0
NM_001302454.2	1943	1715.29	0	0
NM_001302455.2	2456	2228.29	0	0
NM_001302456.2	2406	2178.29	0	0
NM_001302461.2	1251	1023.29	0	0
NM_001302464.1	2507	2279.29	0	0
NM_001302465.1	2283	2055.29	47.5172	1.04045
NM_001302489.2	2116	1888.29	15.9207	0.379432
NM_001302490.2	2015	1787.29	0	0
NM_001302491.2	1922	1694.29	0	0
NM_001302492.2	2040	1812.29	26.1669	0.649779
NM_001302504.1	1390	1162.29	1.38807	0.0537449
NM_001302508.1	3230	3002.29	209.426	3.13921
NM_001302509.2	3144	2916.29	132.513	2.04489
NM_001302510.2	3137	2909.29	33.0458	0.511177
NM_001302545.2	1763	1535.29	539.819	15.8234
NM_001302551.2	1718	1490.29	0	0
NM_001302552.3	4389	4161.29	0	0
NM_001302554.2	1847	1619.29	0	0
NM_001302616.2	562	337.904	0	0
NM_001302617.2	790	562.487	6.47057	0.517693
NM_001302621.3	2928	2700.29	1.33194	0.0221981
NM_001302622.2	2156	1928.29	0	0
NM_001302623.3	3801	3573.29	446.365	5.62166
NM_001302632.2	1533	1305.29	78.5684	2.70883
NM_001302633.2	1687	1459.29	25.8134	0.796058
NM_001302643.2	3580	3352.29	535.081	7.18324
NM_001302652.2	1235	1007.29	3.26971	0.146081
NM_001302653.2	1325	1097.29	10.9385	0.448618
NM_001302654.2	770	542.487	0	0
NM_001302670.1	1189	961.293	26.5311	1.24206
NM_001302678.2	1821	1593.29	0	0
NM_001302679.2	1263	1035.29	0	0
NM_001302680.2	886	658.427	1	0.0683493
NM_001302688.2	1248	1020.29	5.33305	0.23523
NM_001302689.2	1144	916.293	0	0
NM_001302690.2	1244	1016.29	0	0
NM_001302691.2	1181	953.293	0	0
NM_001302692.2	679	452.316	0	0
NM_001302693.2	676	449.451	0	0
NM_001302694.2	790	562.487	4.09518	0.327644
NM_001302695.2	1099	871.293	0	0
NM_001302703.2	1073	845.293	0	0
NM_001302704.2	933	705.293	2.06876e-07	1.32003e-08
NM_001302705.2	812	584.487	0	0
NM_001302746.2	1759	1531.29	0.0802795	0.00235933
NM_001302753.2	1722	1494.29	38.2302	1.15137
NM_001302757.2	683	456.134	3	0.295986
NM_001302758.2	858	630.427	0	0
NM_001302769.2	8492	8264.29	62.7999	0.341976
NM_001302770.2	1111	883.293	0	0
NM_001302777.1	2102	1874.29	26.8744	0.645274
NM_001302807.2	1039	811.293	0	0
NM_001302816.3	2802	2574.29	0	0
NM_001302817.3	2432	2204.29	0	0
NM_001302821.2	1185	957.293	0	0
NM_001302822.2	973	745.293	0	0
NM_001302823.2	970	742.293	0	0
NM_001302824.2	895	667.361	0	0
NM_001302825.2	698	470.947	2	0.191117
NM_001302826.2	1717	1489.29	54.8612	1.65778
NM_001302827.1	1183	955.293	21.7695	1.02555
NM_001302835.2	1721	1493.29	0	0
NM_001302836.2	1696	1468.29	3.87549	0.118783
NM_001302861.2	1975	1747.29	0.00173641	4.47228e-05
NM_001302883.1	5186	4958.29	30.462	0.276483
NM_001302884.2	3475	3247.29	69.4983	0.963152
NM_001302890.2	1486	1258.29	0	0
NM_001302891.3	3418	3190.29	0	0
NM_001302926.2	1427	1199.29	0	0
NM_001302927.2	1544	1316.29	0	0
NM_001302946.2	2192	1964.29	0	0
NM_001302959.2	1199	971.293	0	0
NM_001302960.2	1228	1000.29	0	0
NM_001302961.2	1360	1132.29	17.5065	0.695796
NM_001302996.2	1751	1523.29	0	0
NM_001302998.2	1673	1445.29	0	0
NM_001302999.2	1583	1355.29	0	0
NM_001303.4	2898	2670.29	558.994	9.42086
NM_001303000.2	1655	1427.29	0	0
NM_001303001.2	1384	1156.29	0	0
NM_001303007.2	1193	965.293	351.05	16.3664
NM_001303008.2	1273	1045.29	137.096	5.90239
NM_001303012.2	5464	5236.29	0	0
NM_001303013.1	5829	5601.29	0	0
NM_001303016.1	2522	2294.29	0	0
NM_001303018.2	2331	2103.29	0	0
NM_001303020.2	2451	2223.29	0	0
NM_001303024.2	862	634.427	126.408	8.96673
NM_001303029.2	2810	2582.29	44.6204	0.777625
NM_001303030.2	2482	2254.29	129.095	2.57716
NM_001303031.2	2485	2257.29	65.0698	1.29728
NM_001303034.2	2007	1779.29	31	0.784073
NM_001303035.2	1940	1712.29	0	0
NM_001303037.2	8346	8118.29	691.361	3.8325
NM_001303039.2	1887	1659.29	2.84641	0.0771998
NM_001303040.2	4813	4585.29	0	0
NM_001303041.2	4701	4473.29	116.778	1.17483
NM_001303043.2	2215	1987.29	173.839	3.93666
NM_001303047.2	1041	813.293	102.627	5.67883
NM_001303048.1	974	746.293	99.4518	5.99716
NM_001303049.2	900	672.361	0	0
NM_001303050.2	1955	1727.29	0	0
NM_001303051.2	3284	3056.29	0	0
NM_001303052.2	7144	6916.29	0	0
NM_001303058.2	1755	1527.29	250.566	7.38316
NM_001303059.2	2147	1919.29	23.7358	0.556552
NM_001303060.2	1978	1750.29	2.1211	0.0545372
NM_001303061.2	2287	2059.29	15.2436	0.333128
NM_001303062.2	2517	2289.29	101.393	1.99319
NM_001303095.1	2738	2510.29	568.731	10.1959
NM_001303096.2	2681	2453.29	29.9773	0.549902
NM_001303097.2	2711	2483.29	32.4392	0.587874
NM_001303098.2	2409	2181.29	36.8511	0.760289
NM_001303099.2	2783	2555.29	0	0
NM_001303100.2	3157	2929.29	0	0
NM_001303103.2	4165	3937.29	104.655	1.1962
NM_001303104.2	4090	3862.29	64.7828	0.754844
NM_001303105.2	2236	2008.29	24.2781	0.54404
NM_001303106.2	2370	2142.29	0	0
NM_001303107.2	4280	4052.29	0	0
NM_001303108.2	4203	3975.29	0	0
NM_001303109.2	3008	2780.29	57.8983	0.937167
NM_001303110.2	2575	2347.29	13.9434	0.267328
NM_001303111.2	2646	2418.29	44.1044	0.820759
NM_001303112.2	2393	2165.29	9.06669	0.18844
NM_001303113.2	2312	2084.29	0	0
NM_001303114.1	1707	1479.29	24958.9	759.3
NM_001303115.2	3101	2873.29	24.9785	0.391227
NM_001303116.2	2983	2755.29	0	0
NM_001303117.2	2986	2758.29	3.07349	0.0501457
NM_001303118.2	774	546.487	0	0
NM_001303119.2	708	480.9	0	0
NM_001303124.2	7261	7033.29	0	0
NM_001303125.2	7419	7191.29	30.6335	0.191704
NM_001303126.2	1241	1013.29	13.0208	0.578287
NM_001303127.2	2003	1775.29	0	0
NM_001303128.2	1803	1575.29	0	0
NM_001303130.2	5615	5387.29	890.434	7.43829
NM_001303131.2	6125	5897.29	27.4917	0.209793
NM_001303133.1	859	631.427	1	0.071272
NM_001303134.2	2158	1930.29	0.000274018	6.38848e-06
NM_001303135.1	1513	1285.29	0	0
NM_001303136.2	7816	7588.29	1060.53	6.28959
NM_001303137.2	1908	1680.29	0	0
NM_001303138.2	1850	1622.29	0	0
NM_001303139.2	3582	3354.29	0.516705	0.00693241
NM_001303140.2	3347	3119.29	346.921	5.00514
NM_001303141.2	3395	3167.29	0	0
NM_001303142.2	3574	3346.29	13.6462	0.183523
NM_001303143.2	5879	5651.29	1135.83	9.04496
NM_001303145.2	3026	2798.29	0	0
NM_001303228.2	1920	1692.29	0	0
NM_001303229.2	2822	2594.29	102.409	1.77648
NM_001303232.2	4926	4698.29	343.926	3.29433
NM_001303233.2	1591	1363.29	0	0
NM_001303234.2	1717	1489.29	0	0
NM_001303235.2	3214	2986.29	11.4036	0.17185
NM_001303236.2	3560	3332.29	0.00283486	3.82852e-05
NM_001303237.2	1523	1295.29	0	0
NM_001303238.2	2850	2622.29	0	0
NM_001303242.2	2866	2638.29	23.0782	0.39366
NM_001303243.2	2681	2453.29	11.7599	0.215723
NM_001303245.3	5641	5413.29	827.918	6.88285
NM_001303246.3	5650	5422.29	28.3101	0.234964
NM_001303247.2	1308	1080.29	4.84252	0.201731
NM_001303248.2	923	695.293	19.9314	1.29007
NM_001303249.3	4502	4274.29	0	0
NM_001303250.3	4452	4224.29	78.9769	0.841373
NM_001303251.2	2882	2654.29	47.1969	0.800215
NM_001303252.3	1748	1520.29	125.131	3.70407
NM_001303253.1	1723	1495.29	11.1076	0.334298
NM_001303254.2	6550	6322.29	0	0
NM_001303255.3	2781	2553.29	21.2449	0.374453
NM_001303256.3	5657	5429.29	1591.44	13.1913
NM_001303257.2	5177	4949.29	0	0
NM_001303263.2	2582	2354.29	0.220528	0.00421546
NM_001303264.2	11110	10882.3	1453.19	6.00958
NM_001303265.2	889	661.427	6.67954	0.454472
NM_001303268.2	3634	3406.29	111.861	1.47788
NM_001303269.2	3963	3735.29	47.3847	0.570895
NM_001303270.2	3011	2783.29	0	0
NM_001303272.2	2786	2558.29	0	0
NM_001303274.1	4369	4141.29	4550.61	49.4511
NM_001303275.1	4339	4111.29	3293.43	36.0506
NM_001303276.2	2039	1811.29	9.55251	0.23734
NM_001303277.3	1027	799.293	8.03016	0.452127
NM_001303279.2	3481	3253.29	81.6493	1.12946
NM_001303280.2	1863	1635.29	0	0
NM_001303281.2	2295	2067.29	43.8477	0.954525
NM_001303282.2	2292	2064.29	69.369	1.5123
NM_001303401.2	7495	7267.29	258.298	1.59952
NM_001303402.2	3886	3658.29	0	0
NM_001303403.2	3938	3710.29	36.8628	0.447119
NM_001303404.2	2471	2243.29	14.515	0.291189
NM_001303405.2	2636	2408.29	173.689	3.24568
NM_001303406.2	2325	2097.29	49.1303	1.05422
NM_001303407.2	2360	2132.29	50.0046	1.05537
NM_001303410.2	1857	1629.29	0	0
NM_001303411.2	4480	4252.29	438.689	4.64276
NM_001303412.2	1974	1746.29	0.572447	0.0147523
NM_001303413.2	1737	1509.29	113.881	3.39563
NM_001303414.2	851	623.427	0	0
NM_001303416.2	2915	2687.29	42.1308	0.705548
NM_001303418.2	2977	2749.29	0	0
NM_001303419.1	1716	1488.29	57.5686	1.74076
NM_001303420.2	2603	2375.29	0	0
NM_001303421.2	4693	4465.29	55	0.554313
NM_001303422.2	2099	1871.29	19.6501	0.472569
NM_001303425.2	6006	5778.29	103.426	0.805513
NM_001303426.2	5962	5734.29	203.281	1.59536
NM_001303427.2	5074	4846.29	0	0
NM_001303428.1	5037	4809.29	0	0
NM_001303429.2	5419	5191.29	54.6416	0.473686
NM_001303433.2	6777	6549.29	3.59323e-05	2.46906e-07
NM_001303436.1	1923	1695.29	15.3924	0.408605
NM_001303437.1	2376	2148.29	0	0
NM_001303438.1	2228	2000.29	0	0
NM_001303439.1	2380	2152.29	28.6008	0.598025
NM_001303440.2	1288	1060.29	16.8928	0.716996
NM_001303441.2	1436	1208.29	27.9512	1.04105
NM_001303442.2	1196	968.293	0	0
NM_001303443.2	1344	1116.29	0	0
NM_001303444.2	1199	971.293	15.5535	0.720644
NM_001303447.2	3197	2969.29	19.1635	0.290444
NM_001303448.2	3771	3543.29	391.79	4.97609
NM_001303449.1	3917	3689.29	1.10094e-05	1.34295e-07
NM_001303450.2	2385	2157.29	121.736	2.53951
NM_001303451.2	7370	7142.29	0	0
NM_001303456.1	3722	3494.29	0	0
NM_001303457.2	3799	3571.29	1075.11	13.5479
NM_001303458.3	1729	1501.29	335.851	10.0675
NM_001303459.3	1583	1355.29	23.5505	0.782003
NM_001303460.2	2345	2117.29	34.3844	0.730841
NM_001303461.1	1518	1290.29	0	0
NM_001303462.1	1107	879.293	0	0
NM_001303465.2	1918	1690.29	18.3	0.487227
NM_001303468.2	3884	3656.29	10.159	0.125041
NM_001303470.2	2055	1827.29	225.204	5.54638
NM_001303471.3	3621	3393.29	515.17	6.83238
NM_001303472.2	5411	5183.29	0	0
NM_001303473.2	1883	1655.29	53.0605	1.44258
NM_001303474.2	2029	1801.29	0	0
NM_001303475.1	2122	1894.29	0	0
NM_001303477.2	1724	1496.29	5.42092	0.163042
NM_001303478.2	1703	1475.29	0	0
NM_001303479.2	573	348.421	10.1776	1.31456
NM_001303481.3	3399	3171.29	32.2116	0.457108
NM_001303482.2	2576	2348.29	0	0
NM_001303484.2	2123	1895.29	23	0.546127
NM_001303486.3	3864	3636.29	346.848	4.29262
NM_001303487.3	4227	3999.29	212.133	2.38708
NM_001303489.3	3056	2828.29	0	0
NM_001303494.2	5998	5770.29	262.568	2.04779
NM_001303496.3	6945	6717.29	226.784	1.51936
NM_001303497.3	6774	6546.29	489.627	3.36598
NM_001303498.3	6510	6282.29	0.0157721	0.000112983
NM_001303499.2	2116	1888.29	87.6103	2.08799
NM_001303500.3	6378	6150.29	39.1617	0.286555
NM_001303501.2	2212	1984.29	86.6968	1.96625
NM_001303503.2	1408	1180.29	641.995	24.4785
NM_001303504.2	1300	1072.29	133.876	5.61864
NM_001303506.2	1461	1233.29	111.19	4.05736
NM_001303507.2	1350	1122.29	140.579	5.6371
NM_001303508.2	3073	2845.29	0	0
NM_001303509.2	630	404.218	0	0
NM_001303511.2	2919	2691.29	0	0
NM_001303512.2	3761	3533.29	3.60502	0.0459167
NM_001303513.3	4004	3776.29	3.08747	0.0367942
NM_001303514.2	3416	3188.29	0	0
NM_001303515.2	3682	3454.29	0	0
NM_001303516.2	3664	3436.29	0	0
NM_001303523.2	4445	4217.29	0	0
NM_001303524.1	1976	1748.29	678.845	17.4742
NM_001303525.2	1010	782.293	893.192	51.3828
NM_001303526.2	1768	1540.29	620.811	18.1384
NM_001303527.2	1770	1542.29	422.178	12.3189
NM_001303528.2	1995	1767.29	81.1618	2.06674
NM_001303529.3	2090	1862.29	504.919	12.2016
NM_001303530.3	2299	2071.29	611.46	13.2852
NM_001303533.2	3444	3216.29	0	0
NM_001303534.3	3606	3378.29	9.86293	0.131387
NM_001303538.2	2158	1930.29	43.2353	1.00799
NM_001303539.2	2068	1840.29	14.2489	0.348447
NM_001303540.2	1963	1735.29	5.93492	0.153916
NM_001303542.3	8222	7994.29	0	0
NM_001303543.1	1803	1575.29	123.493	3.52796
NM_001303544.1	1741	1513.29	4.47417	0.133055
NM_001303545.1	1648	1420.29	40.7797	1.29213
NM_001303613.2	544	321.029	0	0
NM_001303614.2	3598	3370.29	134.311	1.79344
NM_001303615.2	2346	2118.29	0	0
NM_001303618.2	12518	12290.3	0	0
NM_001303619.2	11714	11486.3	0	0
NM_001303620.2	2610	2382.29	327.388	6.18458
NM_001303622.2	1526	1298.29	0	0
NM_001303624.2	2266	2038.29	5014.17	110.707
NM_001303625.1	2504	2276.29	206.363	4.07986
NM_001303626.1	2159	1931.29	24.7523	0.57678
NM_001303627.2	6083	5855.29	50.7954	0.390407
NM_001303628.2	6106	5878.29	73.7832	0.56487
NM_001303630.2	1844	1616.29	0	0
NM_001304.5	9372	9144.29	4196.75	20.654
NM_001304263.2	3667	3439.29	147.5	1.93003
NM_001304264.2	3783	3555.29	0	0
NM_001304271.2	2087	1859.29	0	0
NM_001304272.2	647	420.888	3.4162	0.365274
NM_001304273.2	1207	979.293	42.0896	1.93421
NM_001304274.2	733	505.753	31.6342	2.81488
NM_001304275.2	6253	6025.29	907.282	6.77652
NM_001304284.2	8870	8642.29	29.4842	0.153533
NM_001304286.2	2398	2170.29	0	0
NM_001304288.2	1155	927.293	162.212	7.87244
NM_001304331.2	6508	6280.29	2.65347e-06	1.90141e-08
NM_001304332.2	6481	6253.29	867.646	6.24419
NM_001304333.3	5851	5623.29	0	0
NM_001304334.2	2274	2046.29	109.086	2.39906
NM_001304335.3	5863	5635.29	0.00167362	1.33654e-05
NM_001304336.2	2270	2042.29	0	0
NM_001304337.3	5818	5590.29	99.3991	0.800184
NM_001304339.4	4331	4103.29	0	0
NM_001304340.4	3940	3712.29	8.07687	0.0979137
NM_001304341.4	1087	859.293	0	0
NM_001304342.2	3522	3294.29	128.352	1.75341
NM_001304344.2	3616	3388.29	47.626	0.632566
NM_001304345.2	3628	3400.29	0.373968	0.00494949
NM_001304346.2	3617	3389.29	0	0
NM_001304347.2	2089	1861.29	64.3722	1.55642
NM_001304348.2	1699	1471.29	15.4903	0.473808
NM_001304349.2	3114	2886.29	9.21347	0.143656
NM_001304350.2	6822	6594.29	49.2299	0.335972
NM_001304351.2	6956	6728.29	0	0
NM_001304353.2	522	300.222	22.5446	3.37942
NM_001304354.2	547	323.768	0	0
NM_001304358.2	2481	2253.29	33.3473	0.666018
NM_001304359.2	17448	17220.3	0	0
NM_001304360.2	5355	5127.29	0	0
NM_001304361.2	4664	4436.29	115.585	1.17253
NM_001304363.2	4451	4223.29	239.604	2.55321
NM_001304364.2	4581	4353.29	55.3956	0.572664
NM_001304366.2	2376	2148.29	0	0
NM_001304367.2	2552	2324.29	3.61362	0.0699672
NM_001304369.2	3407	3179.29	0	0
NM_001304370.2	1047	819.293	40.4779	2.22341
NM_001304371.2	690	463.088	8.9689	0.871602
NM_001304372.2	1132	904.293	0	0
NM_001304373.2	955	727.293	8.55426	0.529316
NM_001304376.3	3335	3107.29	0	0
NM_001304382.1	609	383.573	0	0
NM_001304384.3	6520	6292.29	0	0
NM_001304385.2	1431	1203.29	1.04372	0.039035
NM_001304386.2	890	662.427	0	0
NM_001304388.2	3499	3271.29	0	0
NM_001304389.2	1434	1206.29	0	0
NM_001304390.2	1814	1586.29	0	0
NM_001304391.2	1619	1391.29	0	0
NM_001304392.3	3164	2936.29	1	0.0153265
NM_001304415.2	1564	1336.29	0	0
NM_001304416.2	1665	1437.29	0	0
NM_001304417.2	1512	1284.29	0	0
NM_001304418.3	4828	4600.29	7.45326	0.0729127
NM_001304419.2	2606	2378.29	0	0
NM_001304420.3	6240	6012.29	0	0
NM_001304421.2	5409	5181.29	0	0
NM_001304422.3	3892	3664.29	0	0
NM_001304423.3	3694	3466.29	0	0
NM_001304428.2	2445	2217.29	0	0
NM_001304429.2	3171	2943.29	0	0
NM_001304430.2	1873	1645.29	54.749	1.49753
NM_001304431.2	3079	2851.29	0	0
NM_001304433.1	9405	9177.29	5.17474	0.0253756
NM_001304434.2	2378	2150.29	145.707	3.04947
NM_001304435.2	2642	2414.29	0.0025162	4.69027e-05
NM_001304437.2	1887	1659.29	0	0
NM_001304438.2	5806	5578.29	5	0.0403377
NM_001304441.2	3146	2918.29	9.70716	0.149694
NM_001304442.2	3143	2915.29	9.79492	0.151203
NM_001304443.1	2270	2042.29	218.547	4.81581
NM_001304444.1	2447	2219.29	0.204467	0.00414621
NM_001304445.2	5284	5056.29	0	0
NM_001304446.2	4888	4660.29	9.97535	0.0963291
NM_001304447.2	4675	4447.29	0	0
NM_001304448.1	1179	951.293	2	0.0946145
NM_001304450.2	9597	9369.29	5.14296	0.0247029
NM_001304451.2	2202	1974.29	34.9114	0.795788
NM_001304452.2	2473	2245.29	26.4992	0.531131
NM_001304453.1	1098	870.293	2.95454	0.15278
NM_001304457.3	2384	2156.29	0	0
NM_001304458.2	3312	3084.29	0	0
NM_001304459.2	1954	1726.29	0	0
NM_001304460.2	1565	1337.29	0	0
NM_001304461.2	1492	1264.29	0	0
NM_001304462.2	2304	2076.29	0	0
NM_001304464.2	1604	1376.29	102.895	3.36452
NM_001304465.2	2207	1979.29	10.2532	0.233126
NM_001304466.2	2204	1976.29	51.9963	1.18403
NM_001304467.2	3603	3375.29	10.0897	0.134526
NM_001304468.2	3344	3116.29	425.05	6.13824
NM_001304472.2	3537	3309.29	0	0
NM_001304473.2	4220	3992.29	0	0
NM_001304474.2	4165	3937.29	0	0
NM_001304476.3	4306	4078.29	40.2925	0.444619
NM_001304477.3	3961	3733.29	0	0
NM_001304478.1	1369	1141.29	0	0
NM_001304479.2	3197	2969.29	6.68168	0.101269
NM_001304481.2	8235	8007.29	0	0
NM_001304482.2	5109	4881.29	863.07	7.95707
NM_001304483.2	2702	2474.29	0	0
NM_001304484.2	8358	8130.29	0	0
NM_001304485.2	1063	835.293	48.0744	2.59011
NM_001304486.1	1029	801.293	53.4282	3.00069
NM_001304487.2	975	747.293	9.84804	0.593063
NM_001304488.1	1048	820.293	25.3575	1.39117
NM_001304489.1	1033	805.293	12.2262	0.683251
NM_001304490.1	1030	802.293	14.816	0.831077
NM_001304491.1	942	714.293	0	0
NM_001304492.2	2674	2446.29	59.4701	1.09404
NM_001304493.2	2799	2571.29	28.9945	0.507465
NM_001304494.2	2392	2164.29	116.936	2.4315
NM_001304495.2	4064	3836.29	23.712	0.278163
NM_001304496.2	2841	2613.29	107.179	1.84571
NM_001304497.2	2042	1814.29	6.38167	0.158296
NM_001304498.2	2127	1899.29	77.9339	1.84662
NM_001304499.2	2336	2108.29	49.8996	1.06514
NM_001304500.2	2066	1838.29	44.3538	1.08582
NM_001304502.2	2199	1971.29	0	0
NM_001304504.2	3805	3577.29	852.366	10.7229
NM_001304505.2	3717	3489.29	13.5854	0.175218
NM_001304506.2	4667	4439.29	13.946	0.141377
NM_001304507.1	3324	3096.29	92.5078	1.34455
NM_001304508.1	1456	1228.29	101.248	3.7096
NM_001304509.2	1481	1253.29	56.7135	2.03646
NM_001304510.2	1440	1212.29	21.6303	0.802967
NM_001304511.2	1366	1138.29	0	0
NM_001304512.2	772	544.487	3.68369	0.304466
NM_001304513.2	746	518.701	2.39675	0.207944
NM_001304514.2	2406	2178.29	0	0
NM_001304519.2	2803	2575.29	0	0
NM_001304520.2	2855	2627.29	0	0
NM_001304521.2	2404	2176.29	47.2143	0.976333
NM_001304522.2	3614	3386.29	1	0.0132898
NM_001304523.2	2516	2288.29	30.164	0.593224
NM_001304524.2	2354	2126.29	8.08791	0.171181
NM_001304525.2	1320	1092.29	127.175	5.23968
NM_001304526.2	1746	1518.29	222.088	6.58281
NM_001304527.2	2679	2451.29	26.2905	0.482665
NM_001304529.2	3320	3092.29	4.13191	0.060133
NM_001304530.2	3529	3301.29	7.44279	0.10146
NM_001304531.2	2641	2413.29	4.83465	0.0901565
NM_001304532.2	3575	3347.29	253.672	3.41052
NM_001304533.3	20374	20146.3	15.5874	0.0348193
NM_001304535.3	2014	1786.29	0	0
NM_001304536.2	6581	6353.29	58.0209	0.410987
NM_001304537.2	6294	6066.29	23.6225	0.175245
NM_001304538.2	2566	2338.29	12.491	0.240403
NM_001304547.2	1322	1094.29	0	0
NM_001304548.2	9941	9713.29	0	0
NM_001304549.2	926	698.293	0	0
NM_001304550.2	3856	3628.29	947.779	11.7557
NM_001304561.2	1564	1336.29	1	0.0336776
NM_001304562.2	1037	809.293	297.618	16.5499
NM_001304563.2	1244	1016.29	113.353	5.01947
NM_001304564.2	4693	4465.29	5.18313	0.0522378
NM_001304566.1	893	665.361	0	0
NM_001304569.2	3916	3688.29	0	0
NM_001304579.2	1937	1709.29	0	0
NM_001304717.5	8514	8286.29	4781.54	25.9686
NM_001304718.2	8628	8400.29	97.7449	0.523651
NM_001304722.2	1883	1655.29	122.388	3.32741
NM_001304723.2	2057	1829.29	51.5281	1.26766
NM_001304724.2	1781	1553.29	13.8699	0.401849
NM_001304725.2	3534	3306.29	27.7885	0.378239
NM_001304731.2	735	507.753	0.871639	0.077255
NM_001304732.2	857	629.427	0	0
NM_001304743.2	7734	7506.29	6857.38	41.1126
NM_001304745.2	762	534.648	34.88	2.93597
NM_001304746.2	1859	1631.29	0	0
NM_001304748.2	1876	1648.29	0	0
NM_001304749.2	1801	1573.29	0	0
NM_001304759.2	1045	817.293	34.7465	1.91326
NM_001304760.2	961	733.293	0	0
NM_001304762.2	980	752.293	2334.75	139.668
NM_001304763.2	5664	5436.29	42.2291	0.349584
NM_001304764.2	4885	4657.29	0	0
NM_001304771.1	3187	2959.29	63.5648	0.966654
NM_001304777.2	4164	3936.29	0	0
NM_001304779.2	3803	3575.29	21.3832	0.269155
NM_001304782.2	1907	1679.29	0	0
NM_001304783.1	2012	1784.29	0	0
NM_001304787.2	4058	3830.29	60.9709	0.716363
NM_001304790.2	2833	2605.29	0	0
NM_001304791.2	3027	2799.29	0	0
NM_001304792.2	3639	3411.29	538.185	7.09994
NM_001304793.2	6425	6197.29	181.393	1.31722
NM_001304794.2	3217	2989.29	30.0393	0.452234
NM_001304795.2	1338	1110.29	25.1955	1.02124
NM_001304796.2	2940	2712.29	0.0199818	0.000331544
NM_001304797.2	6796	6568.29	0	0
NM_001304799.2	2177	1949.29	8.33168	0.192352
NM_001304802.2	2216	1988.29	0	0
NM_001304803.1	2335	2107.29	0	0
NM_001304808.3	4911	4683.29	374.935	3.60286
NM_001304809.1	4317	4089.29	1133.51	12.4744
NM_001304811.2	3809	3581.29	34.7879	0.43715
NM_001304813.2	1726	1498.29	6.89294	0.207038
NM_001304814.2	1759	1531.29	16.3693	0.481077
NM_001304815.2	8234	8006.29	83.7423	0.470712
NM_001304817.2	595	369.951	0	0
NM_001304818.2	494	274.359	0	0
NM_001304819.2	753	525.701	0	0
NM_001304820.1	451	235.213	0	0
NM_001304821.2	854	626.427	0	0
NM_001304822.2	483	264.32	1	0.17026
NM_001304823.2	584	359.207	0	0
NM_001304824.2	742	514.753	0	0
NM_001304825.2	843	615.427	0	0
NM_001304826.2	659	432.717	0	0
NM_001304829.2	3768	3540.29	0	0
NM_001304833.2	1757	1529.29	57.672	1.69714
NM_001304834.2	2206	1978.29	55.302	1.25804
NM_001304835.2	2326	2098.29	133.705	2.86764
NM_001304836.2	2095	1867.29	17.601	0.424197
NM_001304837.2	1956	1728.29	5.70809	0.148633
NM_001304838.2	2013	1785.29	10.6714	0.269
NM_001304839.2	2744	2516.29	8.44197	0.150982
NM_001304840.3	11826	11598.3	0	0
NM_001304939.2	6757	6529.29	0	0
NM_001304940.2	6973	6745.29	29.4224	0.1963
NM_001304941.2	6850	6622.29	250.304	1.70099
NM_001304942.2	6759	6531.29	76.8517	0.529537
NM_001304943.2	6909	6681.29	14.9475	0.100682
NM_001304944.2	4447	4219.29	0	0
NM_001304947.3	12370	12142.3	124.181	0.460253
NM_001304949.2	1646	1418.29	0	0
NM_001304951.2	1335	1107.29	0	0
NM_001304952.2	1794	1566.29	14.8211	0.425844
NM_001304953.2	1865	1637.29	0	0
NM_001304954.2	1891	1663.29	0	0
NM_001304957.2	2780	2552.29	66.7352	1.1767
NM_001304958.2	2887	2659.29	65.3244	1.10548
NM_001304959.2	2652	2424.29	73.0639	1.35631
NM_001304960.2	2821	2593.29	0	0
NM_001304961.2	2697	2469.29	347.911	6.34071
NM_001304963.2	1925	1697.29	10.6533	0.282469
NM_001304964.2	1172	944.293	0	0
NM_001304968.2	2051	1823.29	0	0
NM_001304969.3	4600	4372.29	0	0
NM_001304970.3	4523	4295.29	116.26	1.21809
NM_001304971.2	3101	2873.29	45.3857	0.710855
NM_001304990.2	8931	8703.29	0	0
NM_001304993.2	1306	1078.29	32.3631	1.35069
NM_001304994.2	991	763.293	4.07255	0.240114
NM_001304995.2	878	650.427	2.6962	0.18655
NM_001304996.2	4959	4731.29	210.096	1.99839
NM_001304997.2	5018	4790.29	90.9006	0.853979
NM_001304998.1	4613	4385.29	0	0
NM_001304999.2	1570	1342.29	209.512	7.0243
NM_001305.5	1695	1467.29	1011.99	31.0387
NM_001305000.2	947	719.293	16.7618	1.04871
NM_001305002.2	3035	2807.29	67.954	1.08935
NM_001305004.1	2845	2617.29	1	0.0171945
NM_001305005.3	5164	4936.29	0	0
NM_001305006.3	4938	4710.29	0	0
NM_001305007.3	5130	4902.29	0	0
NM_001305008.1	7634	7406.29	55.7201	0.338574
NM_001305009.1	7722	7494.29	216.266	1.29868
NM_001305010.1	7442	7214.29	60.4389	0.37702
NM_001305011.2	7312	7084.29	96.2155	0.61121
NM_001305017.2	662	435.717	0	0
NM_001305018.2	3307	3079.29	0	0
NM_001305019.2	3304	3076.29	110.991	1.62369
NM_001305020.2	3444	3216.29	131.955	1.84634
NM_001305033.2	5929	5701.29	19.9145	0.157195
NM_001305035.2	6059	5831.29	237.626	1.83388
NM_001305036.2	5987	5759.29	0	0
NM_001305037.2	5914	5686.29	47.0893	0.372679
NM_001305038.2	6006	5778.29	0.000265506	2.06784e-06
NM_001305039.2	6064	5836.29	26.8646	0.20715
NM_001305040.2	6140	5912.29	0	0
NM_001305043.2	6460	6232.29	1139.23	8.22636
NM_001305049.1	6484	6256.29	446.023	3.20836
NM_001305050.2	6259	6031.29	58.5893	0.43717
NM_001305051.1	6481	6253.29	227.116	1.63448
NM_001305052.1	6375	6147.29	0	0
NM_001305066.2	615	389.417	829.694	95.8838
NM_001305077.2	1904	1676.29	397.289	10.6659
NM_001305078.2	1903	1675.29	0	0
NM_001305079.2	1830	1602.29	62.1812	1.74646
NM_001305080.2	1892	1664.29	38.794	1.049
NM_001305081.2	1901	1673.29	9.64259	0.259337
NM_001305082.2	2052	1824.29	51.3395	1.26648
NM_001305083.2	1889	1661.29	0	0
NM_001305084.3	1770	1542.29	41.7099	1.21707
NM_001305085.3	1767	1539.29	1.20831	0.0353263
NM_001305086.2	1809	1581.29	0	0
NM_001305087.3	1790	1562.29	7.12829	0.205336
NM_001305088.2	1741	1513.29	50.9851	1.51622
NM_001305102.2	3582	3354.29	1601.2	21.4827
NM_001305105.2	1607	1379.29	2088.51	68.1431
NM_001305108.2	1495	1267.29	45.2152	1.60565
NM_001305115.2	1751	1523.29	0	0
NM_001305116.2	1563	1335.29	0	0
NM_001305121.3	2754	2526.29	5.95304	0.106047
NM_001305122.3	2734	2506.29	0	0
NM_001305134.2	2856	2628.29	0	0
NM_001305141.3	1236	1008.29	194.298	8.6721
NM_001305142.3	1223	995.293	45.4097	2.05324
NM_001305145.1	3773	3545.29	0	0
NM_001305155.2	1383	1155.29	13.771	0.536433
NM_001305156.2	1571	1343.29	144.653	4.84617
NM_001305163.2	4102	3874.29	143.337	1.66498
NM_001305164.2	3481	3253.29	91.3832	1.26411
NM_001305173.2	1785	1557.29	0	0
NM_001305174.2	1610	1382.29	0	0
NM_001305182.2	1225	997.293	12.8764	0.581052
NM_001305203.2	4568	4340.29	138.214	1.4331
NM_001305204.2	752	524.701	0	0
NM_001305206.2	4623	4395.29	57.0807	0.584445
NM_001305207.2	4620	4392.29	9.20142	0.094277
NM_001305208.2	4613	4385.29	68.2107	0.699997
NM_001305225.4	8811	8583.29	96.3202	0.505017
NM_001305242.2	9412	9184.29	0	0
NM_001305275.2	7395	7167.29	137.228	0.861648
NM_001305393.2	559	335.04	0	0
NM_001305394.2	548	324.67	0	0
NM_001305424.2	6441	6213.29	0	0
NM_001305455.2	2323	2095.29	9.01946	0.193722
NM_001305456.2	2603	2375.29	4.70644	0.0891697
NM_001305457.2	2402	2174.29	91.2116	1.88788
NM_001305544.2	5495	5267.29	0	0
NM_001305545.1	4625	4397.29	0	0
NM_001305557.2	3448	3220.29	27.5315	0.384748
NM_001305563.2	3291	3063.29	5.29498	0.0777889
NM_001305564.2	3234	3006.29	79.5602	1.19099
NM_001305581.2	3662	3434.29	30	0.393121
NM_001305624.1	1377	1149.29	575.563	22.5374
NM_001305625.2	1227	999.293	51.5357	2.32091
NM_001305626.1	4591	4363.29	1302.86	13.4377
NM_001305629.2	1455	1227.29	0	0
NM_001305630.2	2642	2414.29	0.00457702	8.5317e-05
NM_001305654.2	1559	1331.29	124.461	4.20728
NM_001305655.2	1122	894.293	27.5746	1.38762
NM_001305792.1	6881	6653.29	0	0
NM_001305840.2	1513	1285.29	10.9259	0.382557
NM_001305841.2	1186	958.293	0	0
NM_001305842.2	1318	1090.29	32.8377	1.35541
NM_001305878.2	3592	3364.29	13.0368	0.174389
NM_001305942.2	924	696.293	0	0
NM_001306.4	1274	1046.29	5.00689	0.215356
NM_001306068.3	1710	1482.29	0	0
NM_001306070.2	4596	4368.29	0.0635019	0.000654211
NM_001306072.3	1909	1681.29	0	0
NM_001306074.2	1705	1477.29	163.36	4.97648
NM_001306075.2	1693	1465.29	31.3931	0.964166
NM_001306076.1	4804	4576.29	0.0203954	0.000200568
NM_001306077.2	4957	4729.29	74.9854	0.713547
NM_001306079.2	7097	6869.29	0	0
NM_001306080.2	7147	6919.29	3868.46	25.1605
NM_001306082.2	3645	3417.29	0	0
NM_001306083.2	1146	918.293	8.13287	0.39857
NM_001306084.2	9776	9548.29	0.00014442	6.80683e-07
NM_001306085.2	4328	4100.29	372.282	4.086
NM_001306086.2	4540	4312.29	0	0
NM_001306087.2	1940	1712.29	0	0
NM_001306089.2	10157	9929.29	166.715	0.755612
NM_001306090.2	6424	6196.29	825.462	5.99525
NM_001306091.2	7634	7406.29	68.7063	0.417482
NM_001306092.2	1974	1746.29	16.279	0.419519
NM_001306093.1	7566	7338.29	139.903	0.857975
NM_001306094.2	2430	2202.29	3.45031	0.0705058
NM_001306129.2	8297	8069.29	101240	564.621
NM_001306130.2	7760	7532.29	13672	81.6857
NM_001306131.2	7754	7526.29	244520	1462.1
NM_001306132.2	7679	7451.29	40536.6	244.826
NM_001306133.2	2377	2149.29	1	0.0209386
NM_001306134.2	1882	1654.29	0	0
NM_001306135.2	1121	893.293	0	0
NM_001306137.2	7180	6952.29	0	0
NM_001306140.2	1414	1186.29	96.2644	3.65188
NM_001306141.4	3281	3053.29	6.02594	0.0888175
NM_001306142.2	868	640.427	0	0
NM_001306144.3	4536	4308.29	0	0
NM_001306145.2	1429	1201.29	42.889	1.60672
NM_001306146.2	2306	2078.29	0	0
NM_001306147.2	5765	5537.29	433.435	3.52264
NM_001306151.2	2997	2769.29	0	0
NM_001306153.1	3299	3071.29	59.0648	0.865466
NM_001306154.2	3128	2900.29	0	0
NM_001306155.2	3319	3091.29	0	0
NM_001306156.2	3484	3256.29	101.144	1.39785
NM_001306158.2	2141	1913.29	0	0
NM_001306159.2	1097	869.293	0	0
NM_001306160.3	2168	1940.29	0	0
NM_001306161.2	1953	1725.29	0	0
NM_001306168.1	1325	1097.29	0	0
NM_001306171.2	2150	1922.29	0	0
NM_001306172.2	2142	1914.29	0	0
NM_001306173.2	1723	1495.29	0	0
NM_001306177.2	5233	5005.29	287.912	2.58864
NM_001306179.2	3463	3235.29	0	0
NM_001306188.2	2186	1958.29	404.183	9.28844
NM_001306190.2	1487	1259.29	0	0
NM_001306191.2	5526	5298.29	90.8638	0.771786
NM_001306193.2	3158	2930.29	0	0
NM_001306195.1	5365	5137.29	2973.1	26.0446
NM_001306196.2	5423	5195.29	346.612	3.00245
NM_001306197.2	3578	3350.29	352.029	4.72866
NM_001306198.2	3469	3241.29	73.1322	1.01539
NM_001306199.2	4550	4322.29	86.2604	0.89813
NM_001306200.2	1054	826.293	14.6254	0.796557
NM_001306201.2	3452	3224.29	0	0
NM_001306206.2	2630	2402.29	0	0
NM_001306207.1	7945	7717.29	63.803	0.372064
NM_001306208.1	7776	7548.29	32.1677	0.191784
NM_001306209.2	2519	2291.29	20.0085	0.392985
NM_001306210.2	6504	6276.29	382.646	2.7437
NM_001306212.2	3069	2841.29	14.4388	0.228695
NM_001306213.2	3121	2893.29	0	0
NM_001306214.2	3099	2871.29	0	0
NM_001306215.2	7651	7423.29	816.759	4.95153
NM_001306219.3	5411	5183.29	28.0996	0.24397
NM_001306220.3	5199	4971.29	9.56595	0.0865966
NM_001307.6	1542	1314.29	14.9195	0.510864
NM_001307922.2	2597	2369.29	193.966	3.68424
NM_001307923.2	3157	2929.29	0	0
NM_001307924.3	2165	1937.29	6690.48	155.419
NM_001307925.1	1744	1516.29	0	0
NM_001307928.2	3738	3510.29	0	0
NM_001307929.2	4651	4423.29	190.56	1.93878
NM_001307930.2	2462	2234.29	0	0
NM_001307931.2	3693	3465.29	4.01511	0.0521435
NM_001307932.2	2914	2686.29	4.74484	0.0794896
NM_001307936.2	4679	4451.29	2456.26	24.833
NM_001307937.2	2974	2746.29	7.07022	0.115859
NM_001307939.2	4231	4003.29	19.4174	0.218281
NM_001307940.2	1920	1692.29	0	0
NM_001307941.2	733	505.753	31.5628	2.80853
NM_001307943.2	3459	3231.29	314.635	4.382
NM_001307944.1	2562	2334.29	65.7191	1.26701
NM_001307945.2	2836	2608.29	0	0
NM_001307951.2	1832	1604.29	0	0
NM_001307952.2	2031	1803.29	0	0
NM_001307955.1	1914	1686.29	5.27004	0.140645
NM_001307960.2	1272	1044.29	52.5742	2.26565
NM_001307975.2	4016	3788.29	244.033	2.899
NM_001307976.2	4656	4428.29	117.499	1.1941
NM_001307977.1	1254	1026.29	50.3076	2.20599
NM_001307978.2	3359	3131.29	335.325	4.8193
NM_001307979.2	2745	2517.29	0	0
NM_001307980.1	1357	1129.29	57.7276	2.30048
NM_001307981.1	1355	1127.29	40.3331	1.61015
NM_001307983.2	1309	1081.29	0	0
NM_001307985.2	3221	2993.29	0	0
NM_001307986.2	14005	13777.3	0.00014432	4.71415e-07
NM_001307987.2	13804	13576.3	0	0
NM_001307990.2	7123	6895.29	46.5197	0.303617
NM_001307994.2	1535	1307.29	0	0
NM_001308.3	1855	1627.29	0	0
NM_001308002.3	7257	7029.29	0	0
NM_001308006.2	10196	9968.29	0	0
NM_001308007.2	2163	1935.29	137.982	3.20863
NM_001308013.2	3644	3416.29	0	0
NM_001308014.2	1871	1643.29	0	0
NM_001308018.2	3071	2843.29	0	0
NM_001308019.2	10086	9858.29	0	0
NM_001308020.2	9226	8998.29	210.019	1.05037
NM_001308021.3	1138	910.293	3.25573	0.160957
NM_001308022.2	10023	9795.29	68.6352	0.315335
NM_001308023.2	10208	9980.29	5372.31	24.2248
NM_001308025.1	6685	6457.29	166.29	1.15894
NM_001308026.2	1350	1122.29	0.541648	0.0217197
NM_001308027.2	2384	2156.29	85.8183	1.79108
NM_001308028.2	11712	11484.3	304.108	1.1917
NM_001308031.2	10698	10470.3	0	0
NM_001308036.2	2592	2364.29	435.358	8.28682
NM_001308038.2	1603	1375.29	10.0986	0.330453
NM_001308042.3	11686	11458.3	25.648	0.100734
NM_001308043.2	4659	4431.29	190.07	1.9303
NM_001308044.2	9846	9618.29	5.55498	0.0259912
NM_001308045.2	6106	5878.29	90.3318	0.691563
NM_001308046.2	4196	3968.29	35.8066	0.406071
NM_001308047.2	12534	12306.3	344.289	1.25904
NM_001308048.2	12537	12309.3	0.0087911	3.21405e-05
NM_001308049.2	4454	4226.29	0	0
NM_001308050.2	4309	4081.29	0	0
NM_001308051.2	4225	3997.29	56.2677	0.633484
NM_001308053.1	1688	1460.29	0	0
NM_001308054.2	2590	2362.29	49.699	0.946795
NM_001308056.2	4625	4397.29	109.038	1.11592
NM_001308057.2	1394	1166.29	21.9815	0.848186
NM_001308058.2	1388	1160.29	0.0212779	0.000825285
NM_001308059.2	4660	4432.29	36.1048	0.366588
NM_001308060.2	4390	4162.29	126.922	1.37229
NM_001308061.2	4517	4289.29	10.6261	0.111488
NM_001308064.2	804	576.487	2.9945	0.233764
NM_001308067.2	973	745.293	0	0
NM_001308068.2	5043	4815.29	216.191	2.02049
NM_001308069.2	2194	1966.29	383.184	8.77003
NM_001308070.1	689	462.088	2.91917	0.2843
NM_001308075.2	1084	856.293	0	0
NM_001308076.1	4104	3876.29	0	0
NM_001308077.4	1610	1382.29	0	0
NM_001308078.4	956	728.293	0	0
NM_001308079.4	1526	1298.29	0	0
NM_001308080.2	1511	1283.29	4.25737	0.149299
NM_001308081.2	5613	5385.29	0	0
NM_001308083.2	786	558.487	0	0
NM_001308084.2	786	558.487	0	0
NM_001308085.2	735	507.753	0	0
NM_001308086.2	869	641.427	0	0
NM_001308087.2	1447	1219.29	0	0
NM_001308088.1	1707	1479.29	498.149	15.1547
NM_001308089.2	2355	2127.29	89.378	1.8908
NM_001308090.2	4162	3934.29	668.533	7.64713
NM_001308093.3	3419	3191.29	0	0
NM_001308094.2	2640	2412.29	0	0
NM_001308096.2	3700	3472.29	770.776	9.98973
NM_001308097.2	5729	5501.29	151.727	1.24119
NM_001308100.2	5093	4865.29	0	0
NM_001308101.2	7895	7667.29	16.6807	0.097907
NM_001308102.2	2444	2216.29	0	0
NM_001308103.2	2424	2196.29	0	0
NM_001308105.1	3349	3121.29	0	0
NM_001308106.1	2618	2390.29	0	0
NM_001308107.2	2525	2297.29	5.45329e-07	1.06828e-08
NM_001308108.1	2657	2429.29	0	0
NM_001308109.2	2411	2183.29	1.17881	0.0242981
NM_001308110.2	1505	1277.29	69.4848	2.44817
NM_001308112.2	7019	6791.29	39.6371	0.262659
NM_001308114.1	2176	1948.29	0	0
NM_001308115.2	2354	2126.29	37.2592	0.788592
NM_001308116.2	12667	12439.3	166.218	0.601345
NM_001308117.1	1684	1456.29	0	0
NM_001308119.2	2466	2238.29	0	0
NM_001308120.2	6424	6196.29	546.843	3.97167
NM_001308121.2	2415	2187.29	1	0.0205748
NM_001308122.2	3349	3121.29	0	0
NM_001308123.2	7549	7321.29	242.269	1.4892
NM_001308126.3	3511	3283.29	0	0
NM_001308127.2	2219	1991.29	0	0
NM_001308128.2	1961	1733.29	0	0
NM_001308129.2	1919	1691.29	0	0
NM_001308130.2	2151	1923.29	19.725	0.461544
NM_001308133.2	7053	6825.29	99.3256	0.654911
NM_001308134.2	2131	1903.29	37.9238	0.896703
NM_001308135.2	1928	1700.29	13.3672	0.353801
NM_001308136.2	1896	1668.29	42.4795	1.14591
NM_001308137.2	1875	1647.29	0	0
NM_001308138.2	1993	1765.29	1.61756	0.0412368
NM_001308139.2	1987	1759.29	39.3554	1.00672
NM_001308140.2	1980	1752.29	4.75193	0.122041
NM_001308141.2	1953	1725.29	19.41	0.506296
NM_001308142.2	8804	8576.29	291.267	1.52839
NM_001308143.2	6530	6302.29	0	0
NM_001308147.2	10526	10298.3	226.96	0.991807
NM_001308150.2	1463	1235.29	0	0
NM_001308151.2	1017	789.293	19.9998	1.14033
NM_001308152.2	5534	5306.29	284.37	2.41177
NM_001308153.2	5737	5509.29	0	0
NM_001308154.2	3437	3209.29	391.36	5.48793
NM_001308155.2	4226	3998.29	174.878	1.96836
NM_001308156.2	1710	1482.29	0	0
NM_001308157.2	2946	2718.29	0	0
NM_001308158.2	4281	4053.29	26.6995	0.296441
NM_001308159.2	4278	4050.29	0	0
NM_001308160.2	12532	12304.3	237.89	0.870084
NM_001308161.1	4554	4326.29	0	0
NM_001308162.3	2581	2353.29	0	0
NM_001308163.3	2476	2248.29	0	0
NM_001308164.2	6535	6307.29	25.9193	0.184936
NM_001308165.2	2162	1934.29	0	0
NM_001308166.2	2148	1920.29	617.475	14.4708
NM_001308169.2	2709	2481.29	0	0
NM_001308170.1	3541	3313.29	200.434	2.72241
NM_001308171.2	2294	2066.29	0	0
NM_001308172.2	2894	2666.29	0	0
NM_001308173.3	5709	5481.29	0	0
NM_001308174.2	6492	6264.29	1.43335	0.0102973
NM_001308175.2	1561	1333.29	7.13811	0.240935
NM_001308176.2	3908	3680.29	0	0
NM_001308177.2	5881	5653.29	214.413	1.70683
NM_001308178.2	5707	5479.29	108.521	0.891319
NM_001308185.2	4772	4544.29	44.6745	0.442421
NM_001308187.2	2588	2360.29	0	0
NM_001308188.2	1859	1631.29	0	0
NM_001308189.2	9367	9139.29	3.46856e-05	1.70797e-07
NM_001308190.2	2528	2300.29	0	0
NM_001308191.2	9343	9115.29	742.924	3.66789
NM_001308192.2	7017	6789.29	111.552	0.739426
NM_001308193.2	6966	6738.29	0	0
NM_001308195.2	3305	3077.29	521.007	7.61934
NM_001308196.2	3513	3285.29	0	0
NM_001308197.2	4275	4047.29	875.013	9.72954
NM_001308200.2	1847	1619.29	5.35123	0.14872
NM_001308201.2	3413	3185.29	114.698	1.6205
NM_001308203.2	10133	9905.29	15.4626	0.070252
NM_001308204.2	4184	3956.29	15.5989	0.177438
NM_001308205.2	4208	3980.29	59.9381	0.677689
NM_001308207.1	5050	4822.29	0	0
NM_001308208.2	4737	4509.29	0	0
NM_001308209.2	1041	813.293	0	0
NM_001308210.2	5617	5389.29	1185.81	9.90204
NM_001308211.1	1784	1556.29	50.5683	1.46228
NM_001308213.2	2813	2585.29	0	0
NM_001308214.2	4218	3990.29	0	0
NM_001308215.2	4128	3900.29	22.974	0.265083
NM_001308216.2	3889	3661.29	0	0
NM_001308217.1	3242	3014.29	0	0
NM_001308218.2	4020	3792.29	0	0
NM_001308219.2	2313	2085.29	4.60037	0.0992813
NM_001308220.2	3181	2953.29	0	0
NM_001308221.2	3786	3558.29	0	0
NM_001308222.1	3995	3767.29	0	0
NM_001308223.2	2210	1982.29	0	0
NM_001308225.2	4846	4618.29	28.9209	0.28182
NM_001308226.2	653	426.803	166.006	17.504
NM_001308229.2	1811	1583.29	56.4323	1.60402
NM_001308230.2	3923	3695.29	10.8746	0.132436
NM_001308231.2	1954	1726.29	5.47185	0.142647
NM_001308232.2	865	637.427	2.00067	0.141249
NM_001308234.2	1717	1489.29	4	0.120871
NM_001308235.3	3771	3543.29	48.9795	0.622085
NM_001308236.3	3588	3360.29	0	0
NM_001308237.2	4919	4691.29	31.8967	0.305981
NM_001308238.2	3288	3060.29	9.08851	0.133651
NM_001308240.2	712	484.852	43.0549	3.99628
NM_001308242.2	3002	2774.29	0	0
NM_001308243.2	2930	2702.29	2.08413	0.0347084
NM_001308244.1	2230	2002.29	0	0
NM_001308245.2	1585	1357.29	0	0
NM_001308248.2	7442	7214.29	0	0
NM_001308251.1	2244	2016.29	0	0
NM_001308253.2	4817	4589.29	225.344	2.20975
NM_001308256.2	1870	1642.29	0.040877	0.00112014
NM_001308257.2	1789	1561.29	7.72241	0.222592
NM_001308258.2	4116	3888.29	155.681	1.80185
NM_001308259.1	3788	3560.29	0	0
NM_001308262.2	882	654.427	0	0
NM_001308263.2	4139	3911.29	129.715	1.49249
NM_001308264.2	4325	4097.29	25.6132	0.281325
NM_001308267.2	4746	4518.29	0	0
NM_001308268.2	4945	4717.29	0	0
NM_001308269.3	7045	6817.29	25.5164	0.168442
NM_001308273.2	1947	1719.29	9.27297	0.242723
NM_001308274.1	2265	2037.29	0	0
NM_001308275.2	1458	1230.29	0	0
NM_001308276.2	2095	1867.29	0	0
NM_001308277.2	1820	1592.29	10.8095	0.30551
NM_001308278.2	3745	3517.29	0	0
NM_001308279.2	3555	3327.29	10.9031	0.147469
NM_001308281.1	5354	5126.29	2	0.0175577
NM_001308287.1	3313	3085.29	17.7421	0.258792
NM_001308292.1	2049	1821.29	0	0
NM_001308293.2	3178	2950.29	218.896	3.33899
NM_001308294.2	1877	1649.29	138.536	3.78015
NM_001308295.2	5046	4818.29	518.624	4.84398
NM_001308297.2	3535	3307.29	0	0
NM_001308301.1	7179	6951.29	11.6795	0.0756141
NM_001308304.2	2150	1922.29	71.0991	1.66451
NM_001308305.2	2715	2487.29	0	0
NM_001308312.2	2669	2441.29	27.9939	0.516044
NM_001308313.2	1054	826.293	0	0
NM_001308315.2	3141	2913.29	0	0
NM_001308316.2	3132	2904.29	16.6705	0.258316
NM_001308317.2	4075	3847.29	108.868	1.27347
NM_001308319.2	11547	11319.3	133.992	0.532723
NM_001308320.2	4417	4189.29	0	0
NM_001308321.2	4170	3942.29	0	0
NM_001308325.2	2387	2159.29	495.863	10.3346
NM_001308326.2	746	518.701	33.6352	2.91822
NM_001308330.2	9291	9063.29	0	0
NM_001308333.2	1764	1536.29	7.83537	0.229524
NM_001308334.3	7797	7569.29	118.291	0.7033
NM_001308339.2	9458	9230.29	0	0
NM_001308340.2	6298	6070.29	131.331	0.973644
NM_001308341.2	1774	1546.29	0	0
NM_001308342.2	1765	1537.29	0	0
NM_001308346.2	2351	2123.29	0	0
NM_001308347.2	1982	1754.29	135.355	3.47228
NM_001308348.2	2283	2055.29	19.8815	0.435329
NM_001308350.2	4833	4605.29	0	0
NM_001308351.2	2389	2161.29	0	0
NM_001308353.2	884	656.427	0	0
NM_001308355.2	2342	2114.29	0	0
NM_001308357.2	2330	2102.29	13.9801	0.299268
NM_001308358.2	1905	1677.29	53.672	1.44006
NM_001308360.2	2470	2242.29	0	0
NM_001308362.1	2333	2105.29	0	0
NM_001308363.2	3422	3194.29	42.9993	0.605799
NM_001308366.2	7041	6813.29	0	0
NM_001308370.2	3610	3382.29	10	0.133055
NM_001308373.2	1758	1530.29	2321.34	68.2664
NM_001308375.4	2833	2605.29	0	0
NM_001308379.2	1759	1531.29	0	0
NM_001308380.2	974	746.293	0	0
NM_001308381.2	2581	2353.29	0	0
NM_001308382.2	1623	1395.29	48.9741	1.57959
NM_001308383.2	881	653.427	0	0
NM_001308384.2	3754	3526.29	0	0
NM_001308388.2	1744	1516.29	0	0
NM_001308390.2	5309	5081.29	0.00453794	4.01908e-05
NM_001308392.2	6901	6673.29	793.342	5.35011
NM_001308393.2	762	534.648	209.804	17.6599
NM_001308394.2	742	514.753	0	0
NM_001308395.2	1957	1729.29	0	0
NM_001308396.2	823	595.427	3.23441	0.24446
NM_001308398.2	2248	2020.29	0	0
NM_001308401.2	3592	3364.29	18.8603	0.252288
NM_001308402.2	2579	2351.29	89.0303	1.70402
NM_001308418.2	3202	2974.29	9.62035	0.145562
NM_001308419.2	536	313.414	13.3969	1.92366
NM_001308420.3	1871	1643.29	141.359	3.87123
NM_001308421.2	944	716.293	90.7563	5.70201
NM_001308422.2	901	673.361	47.3734	3.16613
NM_001308423.2	877	649.427	32.639	2.26177
NM_001308424.3	4442	4214.29	0	0
NM_001308426.2	2903	2675.29	243.535	4.09669
NM_001308427.2	2986	2758.29	36.7705	0.599931
NM_001308428.2	2977	2749.29	65.9472	1.07949
NM_001308429.2	1375	1147.29	0	0
NM_001308430.2	2920	2692.29	0	0
NM_001308431.2	2863	2635.29	93.4466	1.59579
NM_001308433.2	2937	2709.29	16.5708	0.275252
NM_001308434.2	2806	2578.29	0	0
NM_001308435.2	2702	2474.29	5.13867	0.0934635
NM_001308437.2	1701	1473.29	0	0
NM_001308440.2	3499	3271.29	76.5719	1.0534
NM_001308445.2	6109	5881.29	2958.93	22.6414
NM_001308465.3	4892	4664.29	0	0
NM_001308467.3	4869	4641.29	0	0
NM_001308468.3	4690	4462.29	0	0
NM_001308469.3	4667	4439.29	0	0
NM_001308470.3	4600	4372.29	0	0
NM_001308471.3	4499	4271.29	7.04307	0.074207
NM_001308476.3	4763	4535.29	0	0
NM_001308491.2	2774	2546.29	5	0.0883698
NM_001308632.1	3473	3245.29	155.054	2.15016
NM_001308824.1	2141	1913.29	530.357	12.4747
NM_001308954.2	3276	3048.29	0	0
NM_001309192.2	10861	10633.3	0	0
NM_001309193.2	10942	10714.3	0	0
NM_001309242.2	9800	9572.29	0	0
NM_001309426.2	1357	1129.29	0	0
NM_001309427.2	967	739.293	0	0
NM_001309431.2	4087	3859.29	120.482	1.40493
NM_001309434.1	1180	952.293	84.5487	3.99557
NM_001309443.2	3448	3220.29	9623.31	134.484
NM_001309444.2	3449	3221.29	730.683	10.208
NM_001309448.2	3767	3539.29	13.9334	0.177167
NM_001309450.2	3669	3441.29	13.5966	0.177808
NM_001309451.2	3764	3536.29	1.8418	0.0234389
NM_001309452.2	3910	3682.29	10.9705	0.134076
NM_001309474.2	1444	1216.29	0	0
NM_001309516.2	2971	2743.29	0	0
NM_001309840.2	1580	1352.29	1332.73	44.352
NM_001309842.2	1114	886.293	5.75031	0.291982
NM_001309861.2	1662	1434.29	0	0
NM_001309883.1	3180	2952.29	0	0
NM_001310.4	3770	3542.29	2229	28.3183
NM_001310121.1	3993	3765.29	434.299	5.19078
NM_001310123.1	3755	3527.29	843.603	10.7631
NM_001310124.2	2568	2340.29	0	0
NM_001310127.2	4025	3797.29	255.839	3.03204
NM_001310134.3	1919	1691.29	0	0
NM_001310135.5	6562	6334.29	0	0
NM_001310136.2	1537	1309.29	0	0
NM_001310137.5	6369	6141.29	29.1561	0.213655
NM_001310148.2	4030	3802.29	0	0
NM_001310154.3	8192	7964.29	25.1269	0.141982
NM_001310156.2	2070	1842.29	6.40111	0.156365
NM_001310158.2	2590	2362.29	0	0
NM_001310159.1	1411	1183.29	2	0.0760641
NM_001310160.2	3765	3537.29	0	0
NM_001310161.3	2317	2089.29	0	0
NM_001310213.2	7738	7510.29	12.2009	0.0731102
NM_001310219.2	2668	2440.29	4.22066	0.077836
NM_001310220.2	420	208.678	0	0
NM_001310315.2	1748	1520.29	79.7403	2.36044
NM_001310319.2	1804	1576.29	72.6791	2.07499
NM_001310320.2	1989	1761.29	89.0429	2.27515
NM_001310321.2	2544	2316.29	10.2463	0.199075
NM_001310326.2	882	654.427	69.4545	4.77619
NM_001310327.2	7515	7287.29	0	0
NM_001310332.2	3206	2978.29	305.642	4.61836
NM_001310338.2	2276	2048.29	486.061	10.6793
NM_001310339.2	1878	1650.29	6.41818	0.175022
NM_001310462.2	828	600.427	0	0
NM_001311.5	672	445.496	231	23.3351
NM_001311160.2	5394	5166.29	201.415	1.7545
NM_001311162.2	4530	4302.29	17.4244	0.182264
NM_001311168.2	658	431.717	10.4919	1.0937
NM_001311175.2	2206	1978.29	839.545	19.0983
NM_001311178.2	3982	3754.29	0	0
NM_001311179.2	2331	2103.29	44.2561	0.946924
NM_001311182.2	1026	798.293	0	0
NM_001311193.2	2699	2471.29	34.2793	0.624237
NM_001311195.2	2651	2423.29	1	0.018571
NM_001311196.2	2930	2702.29	0	0
NM_001311197.2	1201	973.293	0	0
NM_001311198.2	2006	1778.29	81.2069	2.05509
NM_001311199.2	964	736.293	851.471	52.0429
NM_001311200.2	2880	2652.29	9.95998	0.168997
NM_001311201.2	2808	2580.29	31.3087	0.546058
NM_001311202.2	2772	2544.29	0	0
NM_001311203.2	805	577.487	9.48602	0.739238
NM_001311204.2	1012	784.293	0	0
NM_001311205.2	958	730.293	0	0
NM_001311206.2	1040	812.293	15.8141	0.876138
NM_001311255.1	3894	3666.29	79.5736	0.976751
NM_001311256.1	3806	3578.29	0	0
NM_001311311.2	924	696.293	204.64	13.2264
NM_001311312.2	771	543.487	144.664	11.9788
NM_001311313.2	3849	3621.29	254.55	3.16338
NM_001311345.2	3656	3428.29	69.5716	0.913264
NM_001312.4	1178	950.293	673.802	31.9093
NM_001312646.2	4970	4742.29	0	0
NM_001312647.2	5065	4837.29	52.9337	0.492462
NM_001312648.2	5059	4831.29	104.103	0.969714
NM_001312653.2	495	275.303	37.4844	6.12748
NM_001312654.1	12561	12333.3	0	0
NM_001312656.2	2546	2318.29	34.4637	0.669016
NM_001312660.2	1372	1144.29	0	0
NM_001312672.1	704	476.947	0	0
NM_001312673.2	5546	5318.29	4511.83	38.1789
NM_001312674.2	1404	1176.29	0	0
NM_001312675.2	1526	1298.29	0	0
NM_001312686.2	11678	11450.3	0	0
NM_001312688.2	6238	6010.29	12.2223	0.0915166
NM_001312689.2	2742	2514.29	0	0
NM_001312691.1	2081	1853.29	35.5918	0.864268
NM_001312692.1	1913	1685.29	0	0
NM_001312871.1	2535	2307.29	170.175	3.31921
NM_001312872.1	2543	2315.29	18.3204	0.3561
NM_001312873.1	2348	2120.29	61.1748	1.29843
NM_001312874.1	2503	2275.29	31.7972	0.628918
NM_001312891.2	2145	1917.29	3	0.0704166
NM_001312909.2	3989	3761.29	16.0493	0.192027
NM_001312910.2	3813	3585.29	210.063	2.63673
NM_001312911.2	3605	3377.29	444.211	5.9192
NM_001312919.2	2128	1900.29	22.6	0.535217
NM_001312920.2	3116	2888.29	179.339	2.79432
NM_001312921.2	2241	2013.29	0	0
NM_001313.5	2948	2720.29	0	0
NM_001313692.1	870	642.427	185.97	13.0275
NM_001313726.2	6343	6115.29	56.9909	0.419402
NM_001313727.2	5533	5305.29	0	0
NM_001313741.1	9355	9127.29	0	0
NM_001313858.1	2341	2113.29	110.357	2.35007
NM_001313892.2	5482	5254.29	90.6629	0.776529
NM_001313893.1	5030	4802.29	23002.6	215.562
NM_001313896.2	2993	2765.29	252.743	4.11321
NM_001313900.1	2862	2634.29	0	0
NM_001313901.1	2954	2726.29	0	0
NM_001313902.2	2356	2128.29	0	0
NM_001313903.2	2227	1999.29	0	0
NM_001313904.1	2917	2689.29	7.02693	0.11759
NM_001313905.1	645	418.93	0	0
NM_001313913.2	2686	2458.29	0	0
NM_001313915.2	4222	3994.29	0	0
NM_001313932.2	711	483.852	108.574	10.0985
NM_001313941.2	1900	1672.29	213.801	5.75359
NM_001313943.2	1944	1716.29	234.907	6.15953
NM_001313944.2	1745	1517.29	173.973	5.16006
NM_001313945.2	1682	1454.29	7.29845	0.22585
NM_001313946.2	1553	1325.29	119.384	4.05394
NM_001313947.2	1684	1456.29	453.105	14.0021
NM_001313950.2	1219	991.293	55.4579	2.5177
NM_001313951.1	1319	1091.29	132.055	5.44573
NM_001313952.2	1234	1006.29	31.8918	1.42625
NM_001313953.3	1147	919.293	319.441	15.6379
NM_001313954.2	1253	1025.29	120.147	5.27359
NM_001313955.2	889	661.427	140.227	9.54097
NM_001313959.2	9111	8883.29	784.13	3.97243
NM_001313960.2	8090	7862.29	164.519	0.941692
NM_001313964.2	2130	1902.29	0	0
NM_001313965.2	4810	4582.29	79.3152	0.778961
NM_001313966.2	4614	4386.29	78.0899	0.801198
NM_001313972.2	2610	2382.29	62.0041	1.1713
NM_001313982.2	2981	2753.29	51.6663	0.844495
NM_001313990.2	1048	820.293	4.99996	0.274309
NM_001313992.2	1316	1088.29	0	0
NM_001313993.2	1055	827.293	4.3602e-05	2.37186e-06
NM_001313994.1	2346	2118.29	17.0612	0.362466
NM_001313998.2	2109	1881.29	1541.48	36.8742
NM_001313999.1	1840	1612.29	0	0
NM_001314000.2	1738	1510.29	25.5913	0.762558
NM_001314007.2	5788	5560.29	157.661	1.27605
NM_001314014.2	5525	5297.29	14.8621	0.126261
NM_001314017.1	753	525.701	4.52518	0.387382
NM_001314018.2	2536	2308.29	0	0
NM_001314019.2	2577	2349.29	0	0
NM_001314020.2	2474	2246.29	0	0
NM_001314021.2	5632	5404.29	0	0
NM_001314022.2	932	704.293	23.3435	1.49161
NM_001314023.2	604	378.687	3.6086	0.428845
NM_001314024.2	475	257.02	0	0
NM_001314025.2	739	511.753	221.866	19.5107
NM_001314026.2	1835	1607.29	2.98439e-07	8.35608e-09
NM_001314028.4	1952	1724.29	0	0
NM_001314029.2	868	640.427	12.5167	0.879555
NM_001314030.2	4019	3791.29	3.23734	0.0384277
NM_001314033.3	4230	4002.29	78.7267	0.885229
NM_001314039.2	2141	1913.29	11.4657	0.269688
NM_001314042.2	9400	9172.29	438.142	2.14971
NM_001314044.2	2693	2465.29	1.5961	0.0291362
NM_001314045.2	2701	2473.29	1.2375e-07	2.25171e-09
NM_001314046.2	2667	2439.29	476.517	8.79138
NM_001314047.2	2675	2447.29	76.8182	1.4126
NM_001314048.2	2559	2331.29	13.8568	0.26749
NM_001314049.2	3949	3721.29	117.821	1.42486
NM_001314050.5	2504	2276.29	0	0
NM_001314051.2	3556	3328.29	0	0
NM_001314052.2	3038	2810.29	135.449	2.16904
NM_001314057.2	4785	4557.29	0	0
NM_001314059.2	6959	6731.29	68.0787	0.45515
NM_001314060.2	6448	6220.29	0	0
NM_001314063.2	4505	4277.29	80.6794	0.84886
NM_001314077.2	3468	3240.29	153.767	2.13561
NM_001315.3	4222	3994.29	612.469	6.90059
NM_001315491.2	1951	1723.29	12	0.313375
NM_001315494.2	828	600.427	0	0
NM_001315501.2	1755	1527.29	0	0
NM_001315502.2	1249	1021.29	11.233	0.49498
NM_001315505.2	2097	1869.29	0	0
NM_001315506.2	2222	1994.29	3	0.0676978
NM_001315507.2	8628	8400.29	692.309	3.70892
NM_001315508.2	8160	7932.29	11.0202	0.0625222
NM_001315529.2	10706	10478.3	529.09	2.27238
NM_001315530.2	904	676.361	443.121	29.484
NM_001315531.2	823	595.427	86.4113	6.53106
NM_001315532.2	550	326.571	0	0
NM_001315533.2	2088	1860.29	0	0
NM_001315534.2	2971	2743.29	0	0
NM_001315535.2	2818	2590.29	0	0
NM_001315536.2	1453	1225.29	21.4813	0.788973
NM_001315537.2	1303	1075.29	8341.9	349.125
NM_001316.4	3550	3322.29	12953.8	175.469
NM_001316306.2	5551	5323.29	0	0
NM_001316307.2	1042	814.293	34.253	1.89304
NM_001316309.2	6916	6688.29	0.692029	0.00465641
NM_001316311.2	1312	1084.29	1128.29	46.829
NM_001316312.2	1407	1179.29	32.4418	1.23801
NM_001316313.2	3180	2952.29	0	0
NM_001316314.3	4734	4506.29	305.135	3.0473
NM_001316317.2	737	509.753	7.55729	0.667189
NM_001316318.2	2525	2297.29	19.9294	0.39041
NM_001316320.2	3117	2889.29	433.235	6.74798
NM_001316321.3	6771	6543.29	490.961	3.3767
NM_001316323.2	2679	2451.29	44.2859	0.813042
NM_001316324.2	2827	2599.29	22.4614	0.388887
NM_001316325.2	3531	3303.29	22.514	0.306725
NM_001316327.2	2682	2454.29	0	0
NM_001316329.2	3047	2819.29	0	0
NM_001316331.2	1836	1608.29	6.27311	0.175533
NM_001316332.2	2381	2153.29	9.23165	0.192938
NM_001316335.2	1570	1342.29	0	0
NM_001316337.2	10635	10407.3	0	0
NM_001316339.2	1666	1438.29	0	0
NM_001316341.2	4640	4412.29	40.8552	0.416702
NM_001316342.2	4796	4568.29	0	0
NM_001316345.2	4548	4320.29	146.146	1.52235
NM_001316346.2	1742	1514.29	247.773	7.36353
NM_001316347.2	1106	878.293	138.351	7.08899
NM_001316348.2	1833	1605.29	443.541	12.4343
NM_001316349.2	6112	5884.29	2	0.015296
NM_001316350.2	2458	2230.29	99.6402	2.01055
NM_001316352.2	844	616.427	0	0
NM_001316354.2	1901	1673.29	98.813	2.65757
NM_001316355.2	1640	1412.29	76.6654	2.44296
NM_001316356.2	1684	1456.29	307.096	9.49002
NM_001316357.2	1764	1536.29	0.0207293	0.000607229
NM_001316358.2	1634	1406.29	7.11085	0.227556
NM_001316361.3	3069	2841.29	0	0
NM_001316362.2	1880	1652.29	145.089	3.95175
NM_001316363.2	2547	2319.29	41.4597	0.804475
NM_001316364.2	2499	2271.29	248.532	4.92439
NM_001316374.2	1296	1068.29	2111.58	88.9525
NM_001316668.2	5949	5721.29	1451.43	11.4168
NM_001316676.2	5460	5232.29	0	0
NM_001316677.2	3043	2815.29	0	0
NM_001316690.1	5124	4896.29	8.31948	0.0764665
NM_001316692.2	425	212.877	0	0
NM_001316722.3	893	665.361	0	0
NM_001316745.2	7038	6810.29	11.5326	0.0762085
NM_001316764.3	2059	1831.29	0	0
NM_001316765.2	1912	1684.29	42.3455	1.13144
NM_001316766.2	2142	1914.29	54.4429	1.2799
NM_001316767.2	1603	1375.29	0	0
NM_001316772.1	2590	2362.29	992.437	18.9065
NM_001316887.2	1149	921.293	0	0
NM_001316888.2	1177	949.293	0	0
NM_001316889.2	1047	819.293	0	0
NM_001316893.2	1698	1470.29	44.5562	1.36379
NM_001316897.2	2242	2014.29	8.06657e-06	1.80222e-07
NM_001316898.2	2218	1990.29	52.1831	1.17993
NM_001316900.2	882	654.427	0	0
NM_001316902.2	1097	869.293	0	0
NM_001316903.2	1023	795.293	0.215687	0.012205
NM_001316919.1	2988	2760.29	36.1523	0.589417
NM_001316920.1	1769	1541.29	53.5653	1.56401
NM_001316921.2	1871	1643.29	0	0
NM_001316922.2	1796	1568.29	48.3211	1.3866
NM_001316923.2	1731	1503.29	18.4628	0.552708
NM_001316924.2	620	394.338	0	0
NM_001316935.2	609	383.573	67.3754	7.9049
NM_001316936.2	1774	1546.29	0	0
NM_001316937.2	1847	1619.29	49.8984	1.38677
NM_001316938.2	1917	1689.29	67.7896	1.80593
NM_001316939.2	1891	1663.29	23.2003	0.627722
NM_001316940.2	1769	1541.29	6.60797	0.192941
NM_001316941.2	1800	1572.29	19.5001	0.558142
NM_001316942.2	1945	1717.29	47.2026	1.23698
NM_001316943.2	2734	2506.29	130.402	2.3415
NM_001316944.2	2389	2161.29	0	0
NM_001316951.2	2207	1979.29	543.828	12.365
NM_001316952.2	5695	5467.29	17.4915	0.143978
NM_001316957.3	5940	5712.29	0	0
NM_001316958.3	5995	5767.29	0.0579116	0.000451893
NM_001316960.2	640	414.014	0	0
NM_001316961.2	560	336.006	6.98472	0.935501
NM_001316962.2	564	339.768	73.6334	9.75292
NM_001316963.2	2506	2278.29	0	0
NM_001316964.2	1511	1283.29	0	0
NM_001316965.2	1530	1302.29	349.448	12.0758
NM_001316967.2	2382	2154.29	53.0004	1.10718
NM_001316968.2	3222	2994.29	84.2364	1.26604
NM_001316969.2	3011	2783.29	70.8172	1.14504
NM_001316972.2	1239	1011.29	0	0
NM_001316973.2	4889	4661.29	656.164	6.33503
NM_001316974.2	4832	4604.29	15.9401	0.155801
NM_001316975.2	965	737.293	175.757	10.7279
NM_001316976.2	4711	4483.29	46.0151	0.461897
NM_001316978.2	2644	2416.29	27.4701	0.511627
NM_001316979.2	2129	1901.29	555.037	13.1376
NM_001316980.2	2151	1923.29	0	0
NM_001316981.2	2254	2026.29	50.8032	1.12832
NM_001316982.2	2271	2043.29	0	0
NM_001316983.2	889	661.427	42.9106	2.91961
NM_001316984.2	847	619.427	297.519	21.6155
NM_001316985.2	844	616.427	63.9665	4.66996
NM_001316986.2	823	595.427	94.75	7.16131
NM_001316987.2	778	550.487	55.2491	4.51669
NM_001316988.2	859	631.427	0	0
NM_001316990.2	2648	2420.29	120.552	2.24154
NM_001316994.2	1029	801.293	19.1412	1.07503
NM_001316996.2	4000	3772.29	37.3775	0.44591
NM_001316997.2	3944	3716.29	0	0
NM_001316998.2	3656	3428.29	0	0
NM_001317.6	821	593.487	0	0
NM_001317000.1	3877	3649.29	0	0
NM_001317002.2	1395	1167.29	0	0
NM_001317003.2	1273	1045.29	0	0
NM_001317004.1	1329	1101.29	0	0
NM_001317005.2	1334	1106.29	0	0
NM_001317006.2	1202	974.293	0	0
NM_001317007.1	1452	1224.29	120.029	4.41207
NM_001317008.2	1164	936.293	57.5911	2.76812
NM_001317009.2	4251	4023.29	0	0
NM_001317010.2	3537	3309.29	1520.46	20.6767
NM_001317012.2	4931	4703.29	0.000204991	1.96144e-06
NM_001317019.1	4747	4519.29	0	0
NM_001317026.3	4273	4045.29	239.987	2.66981
NM_001317027.2	3946	3718.29	0	0
NM_001317028.2	3660	3432.29	0.0984749	0.00129117
NM_001317029.2	3608	3380.29	0	0
NM_001317030.2	3513	3285.29	6.28853	0.0861424
NM_001317031.2	1379	1151.29	100.506	3.92871
NM_001317032.2	712	484.852	183.571	17.0388
NM_001317034.1	1217	989.293	124.84	5.67899
NM_001317035.1	1193	965.293	159.467	7.43455
NM_001317036.1	1043	815.293	55.3287	3.05407
NM_001317037.2	2835	2607.29	0	0
NM_001317040.2	2667	2439.29	69.6893	1.28571
NM_001317056.2	3423	3195.29	4.61685	0.0650245
NM_001317061.3	4295	4067.29	32.3652	0.358109
NM_001317062.2	2492	2264.29	75.2023	1.49465
NM_001317063.2	2450	2222.29	0	0
NM_001317064.2	2264	2036.29	0	0
NM_001317073.1	4159	3931.29	11.5331	0.132024
NM_001317074.2	2086	1858.29	21.1682	0.512639
NM_001317075.2	2002	1774.29	33.208	0.842286
NM_001317077.2	1941	1713.29	0	0
NM_001317078.4	1099	871.293	671.874	34.7029
NM_001317079.2	1657	1429.29	263.702	8.303
NM_001317086.2	6377	6149.29	56.0465	0.410171
NM_001317089.2	2671	2443.29	0	0
NM_001317090.2	1685	1457.29	0	0
NM_001317091.2	3183	2955.29	0	0
NM_001317092.2	2018	1790.29	0	0
NM_001317093.1	2623	2395.29	22.866	0.42961
NM_001317094.2	2646	2418.29	330.606	6.1524
NM_001317095.2	2471	2243.29	91.0693	1.82696
NM_001317096.2	2360	2132.29	0	0
NM_001317097.2	2289	2061.29	4.63722e-07	1.01242e-08
NM_001317098.2	2267	2039.29	9.09237	0.20065
NM_001317099.2	2901	2673.29	0	0
NM_001317100.2	3078	2850.29	40.1078	0.633259
NM_001317101.2	2965	2737.29	282.666	4.64723
NM_001317102.2	2639	2411.29	629.565	11.7499
NM_001317103.2	2334	2106.29	13.1971	0.28197
NM_001317107.2	3796	3568.29	4	0.0504477
NM_001317110.2	4893	4665.29	221.398	2.13569
NM_001317111.2	4877	4649.29	31.4575	0.304495
NM_001317112.2	4732	4504.29	112.878	1.12778
NM_001317113.2	4001	3773.29	0	0
NM_001317114.2	4362	4134.29	15.8114	0.172112
NM_001317115.2	4095	3867.29	67.9774	0.791042
NM_001317116.2	3908	3680.29	1.38348	0.0169173
NM_001317117.1	4091	3863.29	0	0
NM_001317118.1	4172	3944.29	27.7348	0.316445
NM_001317119.1	4141	3913.29	0	0
NM_001317120.2	5014	4786.29	0	0
NM_001317121.1	4045	3817.29	0	0
NM_001317122.2	13712	13484.3	646.815	2.15871
NM_001317123.2	13617	13389.3	59.2632	0.199191
NM_001317134.2	3647	3419.29	41.2248	0.542581
NM_001317135.2	3478	3250.29	17.6283	0.244078
NM_001317136.2	3454	3226.29	43.12	0.601475
NM_001317137.2	3394	3166.29	0	0
NM_001317138.2	3627	3399.29	115.812	1.53323
NM_001317156.1	3606	3378.29	453.467	6.04074
NM_001317157.2	3784	3556.29	420.72	5.324
NM_001317158.1	3144	2916.29	228.375	3.52419
NM_001317159.2	3267	3039.29	0	0
NM_001317160.2	2753	2525.29	232.217	4.13833
NM_001317161.2	3243	3015.29	161.209	2.40603
NM_001317162.2	3269	3041.29	118.685	1.75623
NM_001317163.2	5482	5254.29	214.62	1.83823
NM_001317164.2	2970	2742.29	10.1369	0.166353
NM_001317165.2	701	473.947	0	0
NM_001317166.2	591	366.025	20.0813	2.46901
NM_001317167.1	548	324.67	3.81225	0.528423
NM_001317168.1	1260	1032.29	16.2489	0.708376
NM_001317169.2	657	430.76	7.37603	0.7706
NM_001317171.2	571	346.526	175.874	22.8407
NM_001317172.2	4438	4210.29	0	0
NM_001317177.2	1619	1391.29	0	0
NM_001317178.2	1119	891.293	38.081	1.92278
NM_001317182.2	3331	3103.29	34.8334	0.505144
NM_001317183.2	3331	3103.29	17.1773	0.249101
NM_001317184.2	4628	4400.29	5.66641	0.057952
NM_001317185.2	4878	4650.29	0	0
NM_001317186.2	4665	4437.29	5.85668e-05	5.93985e-07
NM_001317188.2	2728	2500.29	0	0
NM_001317192.2	2041	1813.29	88.3302	2.19222
NM_001317193.2	1993	1765.29	4.15538	0.105934
NM_001317194.2	2134	1906.29	16.3566	0.386142
NM_001317195.3	3297	3069.29	0	0
NM_001317196.2	4337	4109.29	1.00088	0.0109612
NM_001317199.2	2695	2467.29	195.478	3.56549
NM_001317200.2	2163	1935.29	1096.61	25.5003
NM_001317201.2	2241	2013.29	44.2345	0.988772
NM_001317202.2	2205	1977.29	13.5379	0.308121
NM_001317203.2	2387	2159.29	19.849	0.413684
NM_001317204.2	2257	2029.29	26.6612	0.591258
NM_001317205.2	2282	2054.29	18.4195	0.403513
NM_001317206.2	2509	2281.29	16.952	0.334412
NM_001317207.2	2191	1963.29	82.5005	1.8911
NM_001317208.2	2294	2066.29	0	0
NM_001317209.2	2200	1972.29	0	0
NM_001317210.2	2288	2060.29	0	0
NM_001317211.2	2282	2054.29	0	0
NM_001317214.3	3407	3179.29	0	0
NM_001317222.2	3301	3073.29	0	0
NM_001317224.2	3432	3204.29	4.6428	0.0652064
NM_001317225.2	890	662.427	0	0
NM_001317226.2	530	307.728	0	0
NM_001317227.2	3907	3679.29	0	0
NM_001317228.1	3709	3481.29	46.3143	0.598711
NM_001317231.2	2522	2294.29	1863.3	36.549
NM_001317232.2	2495	2267.29	288.266	5.72175
NM_001317233.2	2464	2236.29	5.02684	0.10116
NM_001317237.2	3702	3474.29	83.5694	1.08249
NM_001317238.2	4491	4263.29	811.987	8.57128
NM_001317331.2	1915	1687.29	0	0
NM_001317333.2	5034	4806.29	1199.32	11.2297
NM_001317334.2	4496	4268.29	87.5258	0.922836
NM_001317335.2	1212	984.293	22.3855	1.02349
NM_001317338.2	2153	1925.29	5.02937	0.11756
NM_001317342.2	3995	3767.29	0	0
NM_001317343.2	3511	3283.29	186.296	2.5535
NM_001317381.2	10736	10508.3	0	0
NM_001317382.2	10430	10202.3	0	0
NM_001317383.2	10485	10257.3	0	0
NM_001317384.3	5158	4930.29	0	0
NM_001317387.3	5077	4849.29	0	0
NM_001317395.2	3923	3695.29	1302.12	15.8578
NM_001317399.2	3851	3623.29	0	0
NM_001317406.3	11116	10888.3	5.01725	0.0207371
NM_001317721.2	2178	1950.29	123.045	2.83927
NM_001317724.2	905	677.361	2083.78	138.444
NM_001317734.2	3118	2890.29	0	0
NM_001317735.2	2787	2559.29	0	0
NM_001317739.2	1040	812.293	0	0
NM_001317740.2	1016	788.293	0	0
NM_001317741.1	1065	837.293	6.19604	0.333026
NM_001317742.1	984	756.293	11.2037	0.666676
NM_001317743.4	910	682.293	165.735	10.9316
NM_001317744.2	1332	1104.29	9.89195	0.403125
NM_001317745.2	3192	2964.29	9.64386	0.14641
NM_001317747.2	1720	1492.29	0	0
NM_001317748.2	4010	3782.29	0	0
NM_001317768.2	2008	1780.29	0	0
NM_001317769.2	1147	919.293	1	0.048954
NM_001317770.3	3520	3292.29	11.9706	0.163628
NM_001317771.2	945	717.293	163.052	10.2299
NM_001317774.2	994	766.293	0	0
NM_001317775.2	866	638.427	0	0
NM_001317776.2	3891	3663.29	0	0
NM_001317777.1	1910	1682.29	1.00223	0.0268107
NM_001317778.2	839	611.427	0	0
NM_001317779.2	698	470.947	0	0
NM_001317780.2	831	603.427	0	0
NM_001317781.2	3318	3090.29	659.628	9.60597
NM_001317782.2	1070	842.293	482.086	25.7575
NM_001317783.2	1391	1163.29	143.768	5.5618
NM_001317784.2	5581	5353.29	1378.12	11.5853
NM_001317785.2	1411	1183.29	39.3659	1.49717
NM_001317786.2	1261	1033.29	83.4121	3.63285
NM_001317787.2	970	742.293	0	0
NM_001317788.2	923	695.293	47.3663	3.0658
NM_001317789.1	945	717.293	50.2676	3.1538
NM_001317791.2	3423	3195.29	50.7426	0.714668
NM_001317796.2	2958	2730.29	0	0
NM_001317799.2	2247	2019.29	0	0
NM_001317800.2	1396	1168.29	0	0
NM_001317801.2	433	219.537	4.04953	0.830117
NM_001317803.2	1336	1108.29	28.9215	1.17438
NM_001317804.2	2973	2745.29	21.3441	0.34989
NM_001317805.2	3509	3281.29	174.098	2.38777
NM_001317806.3	2175	1947.29	0	0
NM_001317807.2	973	745.293	12.6614	0.764535
NM_001317808.2	1429	1201.29	0	0
NM_001317809.2	1542	1314.29	0	0
NM_001317810.3	1716	1488.29	0	0
NM_001317811.2	1601	1373.29	0	0
NM_001317812.2	5149	4921.29	1407.25	12.8687
NM_001317813.2	4796	4568.29	15.6741	0.154408
NM_001317814.2	4743	4515.29	0	0
NM_001317815.2	1289	1061.29	0	0
NM_001317816.2	3717	3489.29	32.176	0.414989
NM_001317817.2	1639	1411.29	0	0
NM_001317818.2	1661	1433.29	8.98567	0.282135
NM_001317824.2	2790	2562.29	8.6889	0.152608
NM_001317825.2	2881	2653.29	0	0
NM_001317826.2	2898	2670.29	0	0
NM_001317830.2	4310	4082.29	0	0
NM_001317836.3	5166	4938.29	626.126	5.70594
NM_001317843.2	3355	3127.29	0	0
NM_001317849.3	6029	5801.29	44.542	0.345531
NM_001317851.2	17034	16806.3	0	0
NM_001317856.1	3155	2927.29	0.000689919	1.06066e-05
NM_001317857.2	2913	2685.29	7.43539	0.12461
NM_001317858.2	1844	1616.29	11.2198	0.312397
NM_001317859.2	1672	1444.29	10.7814	0.33594
NM_001317860.2	1078	850.293	32.4554	1.71775
NM_001317889.1	1156	928.293	0	0
NM_001317890.1	1031	803.293	9.83563	0.551024
NM_001317891.1	795	567.487	4.85134	0.384723
NM_001317893.2	1725	1497.29	21.4649	0.645154
NM_001317894.2	1549	1321.29	10.1065	0.344226
NM_001317895.2	3629	3401.29	35.1767	0.465429
NM_001317896.2	6397	6169.29	0	0
NM_001317897.2	6263	6035.29	34.498	0.25724
NM_001317898.3	1922	1694.29	136.334	3.62126
NM_001317899.2	2647	2419.29	1075.66	20.0092
NM_001317900.3	1815	1587.29	5.50448	0.156064
NM_001317901.2	1662	1434.29	0	0
NM_001317902.2	4180	3952.29	0.120364	0.00137054
NM_001317906.1	3877	3649.29	555.539	6.85091
NM_001317907.1	3813	3585.29	513.25	6.44238
NM_001317911.2	10573	10345.3	0	0
NM_001317912.2	10673	10445.3	0	0
NM_001317915.2	8966	8738.29	0	0
NM_001317916.2	4173	3945.29	53.5202	0.610493
NM_001317917.2	5536	5308.29	25.5477	0.21659
NM_001317918.1	2905	2677.29	505.676	8.49999
NM_001317919.2	2556	2328.29	875.371	16.9199
NM_001317920.2	2405	2177.29	235.533	4.8683
NM_001317921.2	2534	2306.29	167.163	3.26187
NM_001317923.2	4304	4076.29	47.4021	0.523329
NM_001317924.2	4279	4051.29	41.0409	0.455896
NM_001317926.2	3349	3121.29	20.5407	0.296158
NM_001317929.4	2193	1965.29	0	0
NM_001317930.2	3963	3735.29	118.566	1.42849
NM_001317931.1	1487	1259.29	4.75338	0.16987
NM_001317934.2	4622	4394.29	0	0
NM_001317935.2	4900	4672.29	83.2487	0.801843
NM_001317936.2	3217	2989.29	34.2458	0.515563
NM_001317938.2	916	688.293	0	0
NM_001317939.2	12738	12510.3	0	0
NM_001317940.2	12588	12360.3	79.6652	0.290056
NM_001317941.3	4101	3873.29	519.92	6.04086
NM_001317942.2	2487	2259.29	1	0.0199191
NM_001317943.2	2343	2115.29	0	0
NM_001317944.2	2203	1975.29	0	0
NM_001317946.2	5218	4990.29	2.23714e-07	2.01748e-09
NM_001317947.2	1484	1256.29	38.8466	1.39157
NM_001317948.2	1612	1384.29	30.2557	0.983606
NM_001317949.2	2586	2358.29	0	0
NM_001317950.2	7454	7226.29	0	0
NM_001317951.2	2844	2616.29	92.2902	1.58749
NM_001317952.1	5032	4804.29	162.454	1.52175
NM_001317954.2	3355	3127.29	28.1927	0.405704
NM_001317955.2	3224	2996.29	0	0
NM_001317956.2	3373	3145.29	9.14499	0.130847
NM_001317957.2	3200	2972.29	24.4988	0.370933
NM_001317958.2	1586	1358.29	0	0
NM_001317959.2	1972	1744.29	0	0
NM_001317960.1	3629	3401.29	0	0
NM_001317961.1	2228	2000.29	0	0
NM_001317962.2	2472	2244.29	35.0121	0.70207
NM_001317963.2	2577	2349.29	8.91714	0.170817
NM_001317964.2	4622	4394.29	157.735	1.6154
NM_001317965.2	4641	4413.29	14.1526	0.144316
NM_001317968.2	1629	1401.29	105.93	3.40199
NM_001317975.2	970	742.293	81.7044	4.9535
NM_001317980.2	805	577.487	142.652	11.1168
NM_001317981.2	750	522.701	10.8911	0.93769
NM_001317982.2	768	540.541	122.882	10.2306
NM_001317984.2	2687	2459.29	0	0
NM_001317985.2	1838	1610.29	94.295	2.63527
NM_001317986.2	1592	1364.29	4.66689	0.153944
NM_001317987.2	719	491.852	1.41275	0.129263
NM_001317990.2	6319	6091.29	2249.27	16.6178
NM_001317991.2	3124	2896.29	869.466	13.5099
NM_001317992.2	1723	1495.29	0	0
NM_001317993.2	4461	4233.29	10.8522	0.115367
NM_001317994.2	4978	4750.29	152.058	1.44056
NM_001317995.2	4204	3976.29	0	0
NM_001317996.2	3698	3470.29	2.53563e-06	3.28823e-08
NM_001317997.2	2070	1842.29	24.3136	0.593926
NM_001317998.2	3697	3469.29	0.00333637	4.32788e-05
NM_001317999.2	1556	1328.29	0	0
NM_001318.4	658	431.717	0	0
NM_001318000.2	2927	2699.29	38.6841	0.644949
NM_001318002.2	2406	2178.29	36.659	0.757368
NM_001318005.1	6315	6087.29	335.834	2.4828
NM_001318006.2	2128	1900.29	52.3499	1.23976
NM_001318007.2	2022	1794.29	76.364	1.9153
NM_001318008.2	1926	1698.29	149.264	3.95535
NM_001318010.2	654	427.803	2.96003	0.311383
NM_001318011.2	797	569.487	23.962	1.89357
NM_001318012.3	1655	1427.29	70.8528	2.23402
NM_001318013.2	1252	1024.29	84.9533	3.73249
NM_001318014.2	3167	2939.29	0	0
NM_001318015.2	1311	1083.29	0.0360906	0.00149931
NM_001318016.2	1174	946.293	16.7118	0.794769
NM_001318017.2	976	748.293	0	0
NM_001318018.2	945	717.293	0	0
NM_001318020.2	1124	896.293	8.65161	0.434399
NM_001318021.2	855	627.427	0	0
NM_001318022.2	3050	2822.29	0	0
NM_001318023.2	1143	915.293	9.89879	0.486703
NM_001318024.2	3096	2868.29	0.000661983	1.03864e-05
NM_001318025.2	4786	4558.29	32.5336	0.321197
NM_001318026.2	4754	4526.29	5.45413e-07	5.42282e-09
NM_001318027.2	4724	4496.29	14.4573	0.144702
NM_001318028.2	725	497.753	0	0
NM_001318029.2	1767	1539.29	0	0
NM_001318031.2	3898	3670.29	3.92814	0.0481647
NM_001318034.2	1513	1285.29	0	0
NM_001318035.2	1465	1237.29	0	0
NM_001318036.2	1356	1128.29	0	0
NM_001318037.2	1308	1080.29	0	0
NM_001318038.3	2155	1927.29	100.426	2.34498
NM_001318040.2	9264	9036.29	36.3933	0.181248
NM_001318041.2	9267	9039.29	154.303	0.768215
NM_001318042.2	9363	9135.29	0.04723	0.000232669
NM_001318043.2	2800	2572.29	129.605	2.26748
NM_001318046.2	5858	5630.29	0	0
NM_001318047.2	3767	3539.29	0	0
NM_001318048.2	2606	2378.29	0	0
NM_001318049.2	2683	2455.29	0	0
NM_001318050.2	2404	2176.29	0	0
NM_001318051.2	595	369.951	60.1886	7.32171
NM_001318052.2	3772	3544.29	28.1685	0.357665
NM_001318053.2	3679	3451.29	21.701	0.28297
NM_001318054.2	1152	924.293	101.863	4.95961
NM_001318055.2	6977	6749.29	0	0
NM_001318056.2	7021	6793.29	40.1233	0.265802
NM_001318057.2	2002	1774.29	0	0
NM_001318058.2	2468	2240.29	123.532	2.48152
NM_001318059.2	2370	2142.29	24.2915	0.51029
NM_001318060.2	3548	3320.29	0	0
NM_001318061.2	3563	3335.29	302.98	4.08811
NM_001318062.2	3594	3366.29	97.24	1.29998
NM_001318063.2	1599	1371.29	0	0
NM_001318064.1	3071	2843.29	71.1727	1.12651
NM_001318065.1	2596	2368.29	31.9395	0.606925
NM_001318066.2	4021	3793.29	3517.24	41.728
NM_001318067.1	6466	6238.29	2.51689	0.0181568
NM_001318068.1	6561	6333.29	8.99452	0.0639132
NM_001318069.2	8735	8507.29	0	0
NM_001318082.2	5145	4917.29	217.515	1.9907
NM_001318083.2	4864	4636.29	50.8178	0.493273
NM_001318084.1	4014	3786.29	546.768	6.49877
NM_001318085.2	5080	4852.29	287.808	2.66931
NM_001318086.2	4975	4747.29	660.64	6.26269
NM_001318087.2	2430	2202.29	125.079	2.55595
NM_001318088.2	2450	2222.29	33.2375	0.673085
NM_001318089.2	731	503.753	448.919	40.1045
NM_001318090.2	1072	844.293	50.8985	2.71303
NM_001318091.2	1204	976.293	159.86	7.36888
NM_001318092.2	745	517.701	16.964	1.47466
NM_001318093.2	1317	1089.29	18.7493	0.774608
NM_001318094.2	1168	940.293	58.3359	2.792
NM_001318095.2	936	708.293	20.87	1.32602
NM_001318098.2	2269	2041.29	0	0
NM_001318099.2	2849	2621.29	47.5211	0.815855
NM_001318100.2	2862	2634.29	2317.57	39.5923
NM_001318101.2	2202	1974.29	275.236	6.27389
NM_001318103.2	1799	1571.29	0	0
NM_001318104.2	1909	1681.29	0	0
NM_001318105.2	1779	1551.29	0	0
NM_001318106.2	1904	1676.29	0	0
NM_001318107.2	1892	1664.29	0	0
NM_001318108.2	1889	1661.29	0	0
NM_001318109.1	1681	1453.29	0	0
NM_001318110.2	1786	1558.29	0	0
NM_001318111.2	1676	1448.29	0	0
NM_001318112.2	1635	1407.29	0	0
NM_001318113.2	1745	1517.29	1.51207e-05	4.48482e-07
NM_001318114.2	1638	1410.29	0	0
NM_001318115.2	1764	1536.29	0	0
NM_001318116.2	1887	1659.29	0	0
NM_001318119.2	4250	4022.29	0	0
NM_001318120.2	4637	4409.29	0	0
NM_001318121.1	2253	2025.29	1200.07	26.6662
NM_001318122.2	2187	1959.29	9.50961	0.218427
NM_001318124.2	1561	1333.29	0	0
NM_001318125.2	1475	1247.29	0	0
NM_001318126.2	1966	1738.29	0	0
NM_001318127.2	2228	2000.29	0	0
NM_001318129.2	868	640.427	234.354	16.4682
NM_001318133.2	791	563.487	0	0
NM_001318134.2	4224	3996.29	119.456	1.34522
NM_001318135.2	2793	2565.29	68.8248	1.2074
NM_001318136.2	2825	2597.29	17.0043	0.294632
NM_001318137.2	1381	1153.29	0	0
NM_001318138.2	1357	1129.29	0	0
NM_001318139.2	4194	3966.29	82.5773	0.936953
NM_001318140.2	2041	1813.29	0	0
NM_001318141.2	2019	1791.29	0	0
NM_001318142.2	1897	1669.29	0	0
NM_001318143.2	1801	1573.29	0	0
NM_001318144.2	1607	1379.29	0	0
NM_001318146.1	3028	2800.29	1017.79	16.3567
NM_001318148.2	2101	1873.29	17.3337	0.416417
NM_001318151.2	996	768.293	58.3024	3.41509
NM_001318153.2	8695	8467.29	45.9284	0.244106
NM_001318154.2	8428	8200.29	1199.71	6.58399
NM_001318156.2	2887	2659.29	0	0
NM_001318157.2	1981	1753.29	0	0
NM_001318158.2	1663	1435.29	0	0
NM_001318160.2	1745	1517.29	114.558	3.3978
NM_001318161.2	1654	1426.29	0	0
NM_001318162.2	1675	1447.29	0.0756016	0.00235081
NM_001318163.1	3316	3088.29	0	0
NM_001318164.2	3501	3273.29	327.655	4.50479
NM_001318166.2	3333	3105.29	9.47274	0.137283
NM_001318167.2	3269	3041.29	15.8809	0.234996
NM_001318168.2	3178	2950.29	0	0
NM_001318169.2	3007	2779.29	20.1424	0.326151
NM_001318170.2	5138	4910.29	0	0
NM_001318185.2	3892	3664.29	0	0
NM_001318186.2	2757	2529.29	680.387	12.106
NM_001318187.2	2817	2589.29	590.588	10.2647
NM_001318188.2	2829	2601.29	6892.69	119.245
NM_001318189.3	1859	1631.29	0	0
NM_001318191.1	4665	4437.29	0	0
NM_001318192.2	2906	2678.29	20.1319	0.338274
NM_001318193.2	859	631.427	16.2023	1.15477
NM_001318194.2	878	650.427	0	0
NM_001318195.2	992	764.293	0	0
NM_001318198.1	2712	2484.29	0	0
NM_001318199.3	2568	2340.29	0	0
NM_001318202.2	3891	3663.29	0	0
NM_001318203.2	4195	3967.29	26.9501	0.305709
NM_001318204.2	1711	1483.29	0	0
NM_001318205.2	4185	3957.29	164.631	1.87222
NM_001318207.1	3892	3664.29	0	0
NM_001318217.2	893	665.361	24.7527	1.6742
NM_001318219.1	7919	7691.29	1473.65	8.62259
NM_001318221.2	484	265.13	0	0
NM_001318222.2	463	245.87	0	0
NM_001318223.2	1927	1699.29	0	0
NM_001318226.2	3944	3716.29	0	0
NM_001318227.2	996	768.293	0	0
NM_001318229.2	2882	2654.29	18.4395	0.312639
NM_001318230.2	2447	2219.29	152.849	3.09949
NM_001318234.2	5593	5365.29	0	0
NM_001318236.2	611	385.534	42.575	4.96975
NM_001318237.2	513	291.914	16.3324	2.51789
NM_001318238.2	1959	1731.29	0	0
NM_001318239.2	1722	1494.29	27.9118	0.840608
NM_001318240.1	9304	9076.29	34.3453	0.170295
NM_001318241.2	1563	1335.29	0	0
NM_001318242.2	1627	1399.29	0	0
NM_001318243.2	1557	1329.29	0	0
NM_001318245.2	8537	8309.29	0	0
NM_001318246.2	7043	6815.29	728.899	4.8131
NM_001318249.1	1849	1621.29	23.7722	0.659859
NM_001318250.2	1756	1528.29	0	0
NM_001318251.3	1625	1397.29	0	0
NM_001318252.2	2138	1910.29	12.6779	0.298669
NM_001318253.2	3734	3506.29	58.7849	0.754502
NM_001318314.2	961	733.293	21.7036	1.33197
NM_001318315.2	966	738.293	17.381	1.05947
NM_001318316.2	866	638.427	45.4316	3.20249
NM_001318322.2	3035	2807.29	0	0
NM_001318323.3	5500	5272.29	3.19718	0.0272904
NM_001318324.2	7538	7310.29	697.49	4.29383
NM_001318325.2	4217	3989.29	0	0
NM_001318326.2	5348	5120.29	255.149	2.24255
NM_001318327.1	4208	3980.29	0	0
NM_001318328.2	6292	6064.29	854.732	6.34296
NM_001318330.2	2312	2084.29	139.83	3.01914
NM_001318331.2	1385	1157.29	0	0
NM_001318332.2	852	624.427	23.188	1.67118
NM_001318333.2	4460	4232.29	0	0
NM_001318334.2	4907	4679.29	38.296	0.368312
NM_001318335.2	1781	1553.29	44.6503	1.29364
NM_001318336.2	6898	6670.29	280.329	1.89132
NM_001318337.2	6648	6420.29	2568.23	18.002
NM_001318338.2	5915	5687.29	513.019	4.05948
NM_001318339.3	4041	3813.29	70.7483	0.834945
NM_001318359.2	9811	9583.29	168.601	0.79175
NM_001318360.2	5768	5540.29	902.333	7.32953
NM_001318361.2	3082	2854.29	73.7289	1.16247
NM_001318362.2	1070	842.293	10.517	0.561918
NM_001318363.2	1016	788.293	2.47356	0.141214
NM_001318364.2	947	719.293	0	0
NM_001318365.2	1306	1078.29	0	0
NM_001318366.2	1152	924.293	21.1137	1.02801
NM_001318367.2	1505	1277.29	0	0
NM_001318368.2	3062	2834.29	207.929	3.30151
NM_001318369.2	6737	6509.29	0	0
NM_001318370.2	2623	2395.29	19.7173	0.370451
NM_001318371.2	2775	2547.29	37.784	0.667531
NM_001318372.2	6101	5873.29	162.904	1.24822
NM_001318373.2	5999	5771.29	2.75737e-06	2.15012e-08
NM_001318374.2	28118	27890.3	692.002	1.1166
NM_001318380.2	1031	803.293	0	0
NM_001318381.2	4985	4757.29	294.47	2.78563
NM_001318382.2	4908	4680.29	19.5398	0.187884
NM_001318383.2	1543	1315.29	0	0
NM_001318384.2	3400	3172.29	0	0
NM_001318385.1	3644	3416.29	204.885	2.69896
NM_001318386.1	3678	3450.29	5.36138e-08	6.993e-10
NM_001318387.2	3188	2960.29	14.5226	0.220775
NM_001318388.2	3285	3057.29	39.1233	0.575892
NM_001318389.2	3267	3039.29	0	0
NM_001318390.2	3539	3311.29	55.6052	0.755719
NM_001318391.2	2134	1906.29	323.063	7.62674
NM_001318394.2	2187	1959.29	0	0
NM_001318395.2	972	744.293	0	0
NM_001318396.2	2289	2061.29	0	0
NM_001318398.2	2188	1960.29	0	0
NM_001318399.1	1544	1316.29	37.4165	1.27924
NM_001318467.2	1864	1636.29	0	0
NM_001318468.1	2237	2009.29	0.000220674	4.94253e-06
NM_001318469.2	3306	3078.29	0	0
NM_001318470.1	2223	1995.29	3.21305	0.0724692
NM_001318471.2	3362	3134.29	0	0
NM_001318472.2	3229	3001.29	0	0
NM_001318473.2	3179	2951.29	0	0
NM_001318474.2	3160	2932.29	0	0
NM_001318475.2	3401	3173.29	0	0
NM_001318476.2	3304	3076.29	0	0
NM_001318477.2	3554	3326.29	44.6988	0.604752
NM_001318478.2	2754	2526.29	0	0
NM_001318479.2	2565	2337.29	0	0
NM_001318480.2	4386	4158.29	0	0
NM_001318481.2	3217	2989.29	0	0
NM_001318483.1	1573	1345.29	0	0
NM_001318484.1	5970	5742.29	4.99944	0.0391812
NM_001318485.2	1045	817.293	144.214	7.94093
NM_001318486.2	1321	1093.29	21.3991	0.880849
NM_001318488.2	1311	1083.29	12.6284	0.524618
NM_001318489.2	1263	1035.29	16.6212	0.722505
NM_001318490.2	1296	1068.29	14.344	0.604258
NM_001318491.2	2793	2565.29	33.6867	0.590968
NM_001318492.2	1532	1304.29	72.7936	2.51166
NM_001318493.2	3178	2950.29	0	0
NM_001318494.2	1146	918.293	4.3818	0.21474
NM_001318495.2	8554	8326.29	2.04648	0.0110611
NM_001318496.2	1014	786.293	0	0
NM_001318497.2	4954	4726.29	0	0
NM_001318498.2	1558	1330.29	27.8289	0.941437
NM_001318499.2	1623	1395.29	0	0
NM_001318500.2	1227	999.293	0	0
NM_001318502.2	3414	3186.29	297.181	4.19737
NM_001318503.2	2434	2206.29	0	0
NM_001318504.2	1481	1253.29	0	0
NM_001318505.2	2650	2422.29	44.5634	0.827931
NM_001318506.2	2856	2628.29	7.00775	0.119991
NM_001318507.2	1934	1706.29	46.6568	1.23056
NM_001318508.2	4400	4172.29	677.173	7.30411
NM_001318509.2	5182	4954.29	154.534	1.40374
NM_001318510.2	4891	4663.29	4755.97	45.8975
NM_001318511.2	5699	5471.29	29.3411	0.24134
NM_001318512.2	3477	3249.29	78.3424	1.08505
NM_001318513.2	1642	1414.29	51.1554	1.62777
NM_001318514.2	3667	3439.29	19.1136	0.250101
NM_001318515.2	3200	2972.29	0	0
NM_001318516.2	3444	3216.29	9.23066	0.129157
NM_001318517.3	2198	1970.29	175.533	4.00932
NM_001318518.3	2175	1947.29	10.2157	0.236092
NM_001318519.2	2093	1865.29	0	0
NM_001318520.2	7647	7419.29	69.6	0.422172
NM_001318521.2	3094	2866.29	411.713	6.46422
NM_001318522.2	1762	1534.29	0.00377992	0.000110871
NM_001318523.1	2131	1903.29	3.25335	0.0769249
NM_001318524.2	2184	1956.29	7.81821	0.179852
NM_001318525.2	2163	1935.29	526.587	12.2452
NM_001318526.2	2228	2000.29	0	0
NM_001318527.2	2500	2272.29	0	0
NM_001318528.2	2143	1915.29	0	0
NM_001318529.2	2482	2254.29	19.6708	0.392695
NM_001318530.2	2140	1912.29	19.0016	0.447177
NM_001318531.1	3931	3703.29	0	0
NM_001318532.2	2479	2251.29	75.7852	1.51494
NM_001318533.2	2274	2046.29	0	0
NM_001318536.1	2032	1804.29	157.604	3.93099
NM_001318537.1	2708	2480.29	133.003	2.41323
NM_001318538.1	2602	2374.29	65.527	1.24202
NM_001318539.2	3520	3292.29	366.678	5.0122
NM_001318707.1	1990	1762.29	0	0
NM_001318708.1	2010	1782.29	0	0
NM_001318709.1	2075	1847.29	0	0
NM_001318710.2	3505	3277.29	0	0
NM_001318711.2	3549	3321.29	17.245	0.233667
NM_001318712.2	2982	2754.29	47.3117	0.773037
NM_001318713.2	3405	3177.29	0	0
NM_001318714.2	3784	3556.29	9.72707	0.123091
NM_001318715.2	3485	3257.29	24.1345	0.333444
NM_001318716.2	2550	2322.29	44.6945	0.866123
NM_001318717.2	2426	2198.29	35.8154	0.733207
NM_001318718.2	2406	2178.29	0	0
NM_001318719.2	2384	2156.29	8.14027	0.169892
NM_001318720.2	2378	2150.29	16.6115	0.347659
NM_001318721.2	2353	2125.29	7.85304	0.166288
NM_001318722.2	2374	2146.29	0	0
NM_001318723.2	2458	2230.29	0	0
NM_001318724.2	2458	2230.29	17.8123	0.359418
NM_001318725.2	2406	2178.29	6.92516	0.143072
NM_001318726.2	6290	6062.29	31.3681	0.232859
NM_001318727.2	6251	6023.29	312.317	2.33348
NM_001318728.2	6274	6046.29	260.686	1.94031
NM_001318729.2	2880	2652.29	0	0
NM_001318730.2	5235	5007.29	1336.9	12.0154
NM_001318731.2	5234	5006.29	471.587	4.23924
NM_001318732.2	2172	1944.29	33.1531	0.76737
NM_001318733.2	1571	1343.29	5.0313	0.168559
NM_001318734.2	2953	2725.29	929.934	15.3561
NM_001318736.2	2850	2622.29	10.4144	0.178729
NM_001318737.3	3932	3704.29	235.129	2.85656
NM_001318738.2	1601	1373.29	23.7042	0.77679
NM_001318739.2	12778	12550.3	127.791	0.458236
NM_001318740.2	12583	12355.3	57.1407	0.20813
NM_001318741.2	12686	12458.3	0	0
NM_001318745.2	2669	2441.29	36.8116	0.678589
NM_001318746.1	2307	2079.29	0	0
NM_001318747.1	3265	3037.29	54.9705	0.814489
NM_001318748.1	3261	3033.29	22.2819	0.330582
NM_001318749.1	2979	2751.29	0	0
NM_001318750.1	2906	2678.29	561.353	9.43235
NM_001318751.2	4247	4019.29	0	0
NM_001318752.2	4128	3900.29	0	0
NM_001318753.2	2295	2067.29	0	0
NM_001318754.2	2293	2065.29	0	0
NM_001318755.2	1416	1188.29	0	0
NM_001318756.1	1750	1522.29	0	0
NM_001318757.2	2129	1901.29	0	0
NM_001318758.2	4602	4374.29	253.227	2.60522
NM_001318760.2	5364	5136.29	0	0
NM_001318761.2	7535	7307.29	0	0
NM_001318762.3	2540	2312.29	83.0311	1.61599
NM_001318763.3	2609	2381.29	48.5459	0.917449
NM_001318765.2	2222	1994.29	221.191	4.99139
NM_001318766.2	2260	2032.29	46.8252	1.0369
NM_001318767.2	918	690.293	19.1241	1.24678
NM_001318768.2	902	674.361	36.9714	2.46726
NM_001318769.2	890	662.427	3.49898	0.237709
NM_001318770.2	1163	935.293	18.2369	0.877494
NM_001318771.2	868	640.427	22.5551	1.58496
NM_001318773.2	3653	3425.29	0	0
NM_001318775.2	3528	3300.29	8	0.109089
NM_001318776.2	1044	816.293	27.1501	1.49681
NM_001318777.2	2189	1961.29	94.3825	2.16567
NM_001318781.2	7540	7312.29	26.9848	0.166076
NM_001318782.1	1149	921.293	2.80582	0.137058
NM_001318783.1	764	536.541	7.83139	0.656868
NM_001318784.2	5176	4948.29	125.502	1.1414
NM_001318785.2	2407	2179.29	107.785	2.22579
NM_001318786.3	784	556.487	65.4663	5.29426
NM_001318787.2	3806	3578.29	0	0
NM_001318788.2	675	448.496	10.8101	1.08471
NM_001318789.2	3596	3368.29	0	0
NM_001318790.2	3573	3345.29	0	0
NM_001318791.2	3562	3334.29	0	0
NM_001318792.1	3334	3106.29	14.3593	0.208033
NM_001318793.2	3558	3330.29	0	0
NM_001318794.2	979	751.293	162.294	9.72157
NM_001318795.2	3537	3309.29	0	0
NM_001318796.2	3522	3294.29	1.88633	0.025769
NM_001318797.3	759	531.648	17.611	1.49074
NM_001318798.2	3246	3018.29	5.48842e-07	8.18329e-09
NM_001318799.1	2382	2154.29	84.7046	1.76947
NM_001318800.2	3543	3315.29	0	0
NM_001318802.2	657	430.76	77.4049	8.08677
NM_001318803.2	2086	1858.29	0	0
NM_001318804.1	3192	2964.29	3.24825	0.0493141
NM_001318805.2	1179	951.293	35.4694	1.67796
NM_001318806.2	2584	2356.29	5.39178	0.102978
NM_001318807.3	2449	2221.29	0	0
NM_001318808.2	2070	1842.29	0	0
NM_001318809.2	2311	2083.29	4.91554	0.106185
NM_001318810.2	4937	4709.29	0	0
NM_001318811.2	4208	3980.29	0	0
NM_001318812.2	847	619.427	213.675	15.5241
NM_001318813.2	1047	819.293	119.704	6.57521
NM_001318814.2	1129	901.293	7.59155	0.379059
NM_001318815.2	890	662.427	0	0
NM_001318816.2	1215	987.293	59.1046	2.69412
NM_001318817.2	821	593.487	72.1431	5.47049
NM_001318818.2	4286	4058.29	43.2144	0.479212
NM_001318819.2	6751	6523.29	173.178	1.19472
NM_001318820.2	4344	4116.29	2.15314	0.0235401
NM_001318821.2	4452	4224.29	627.817	6.68839
NM_001318822.2	4267	4039.29	0	0
NM_001318823.2	4375	4147.29	68.2986	0.741121
NM_001318824.2	4255	4027.29	69.1994	0.773271
NM_001318825.2	4818	4590.29	111.772	1.09581
NM_001318826.2	2124	1896.29	0	0
NM_001318827.2	6106	5878.29	0	0
NM_001318828.2	2047	1819.29	0.381883	0.00944649
NM_001318829.2	6050	5822.29	52.5226	0.405971
NM_001318830.2	2042	1814.29	16.6181	0.412208
NM_001318831.2	5909	5681.29	9.02422e-08	7.14833e-10
NM_001318832.2	6205	5977.29	0	0
NM_001318833.2	4301	4073.29	110.578	1.2217
NM_001318834.2	3109	2881.29	40.2004	0.627893
NM_001318835.1	1352	1124.29	0	0
NM_001318836.2	1058	830.293	51.8809	2.81202
NM_001318840.2	1627	1399.29	6	0.192968
NM_001318841.2	4909	4681.29	0	0
NM_001318842.1	1883	1655.29	60.173	1.63595
NM_001318844.2	2209	1981.29	127.537	2.89688
NM_001318845.1	1660	1432.29	84.5691	2.65719
NM_001318847.2	1220	992.293	34.2652	1.55402
NM_001318848.2	1158	930.293	35.0129	1.69376
NM_001318849.2	7803	7575.29	0	0
NM_001318852.2	5686	5458.29	0	0
NM_001318853.2	3402	3174.29	0	0
NM_001318854.1	2990	2762.29	0	0
NM_001318855.1	3033	2805.29	0	0
NM_001318856.2	1098	870.293	0	0
NM_001318857.2	970	742.293	4.61705	0.279918
NM_001318858.2	862	634.427	0	0
NM_001318859.2	793	565.487	7.66388	0.609914
NM_001318860.2	962	734.293	275.761	16.9007
NM_001318861.2	1048	820.293	17.1169	0.939071
NM_001318862.2	1030	802.293	10.8162	0.606716
NM_001318863.2	944	716.293	0	0
NM_001318864.2	8753	8525.29	0	0
NM_001318865.2	1019	791.293	0	0
NM_001318866.2	1916	1688.29	328.158	8.74736
NM_001318867.2	1961	1733.29	44.7884	1.16288
NM_001318868.2	1733	1505.29	354.24	10.5906
NM_001318869.2	1727	1499.29	32.5199	0.976124
NM_001318870.2	1118	890.293	44.0853	2.22845
NM_001318871.2	1493	1265.29	6.86246	0.244079
NM_001318872.2	1883	1655.29	59.7762	1.62516
NM_001318873.2	3821	3593.29	0	0
NM_001318875.2	1722	1494.29	59.2105	1.78322
NM_001318876.2	1071	843.293	136.481	7.28345
NM_001318877.1	778	550.487	0	0
NM_001318878.2	2162	1934.29	13.0065	0.302608
NM_001318879.2	2018	1790.29	0	0
NM_001318880.2	640	414.014	18.1187	1.96949
NM_001318881.2	1049	821.293	106.352	5.82763
NM_001318882.2	891	663.427	19.9956	1.35638
NM_001318883.2	594	368.988	16.0954	1.96306
NM_001318884.2	965	737.293	13.488	0.823282
NM_001318885.2	814	586.487	0	0
NM_001318886.2	952	724.293	2.57313	0.159878
NM_001318887.2	1294	1066.29	9.83357	0.415027
NM_001318888.2	751	523.701	13.236	1.13741
NM_001318889.2	1520	1292.29	0	0
NM_001318890.3	2081	1853.29	0	0
NM_001318891.2	3328	3100.29	181.865	2.6399
NM_001318892.2	3396	3168.29	0	0
NM_001318893.2	3357	3129.29	33.0236	0.474919
NM_001318894.1	1798	1570.29	8.19606	0.234891
NM_001318895.3	1582	1354.29	5787.75	192.326
NM_001318896.2	4517	4289.29	375.123	3.93578
NM_001318897.2	4375	4147.29	0	0
NM_001318898.2	4521	4293.29	50.7685	0.532165
NM_001318899.2	4690	4462.29	50.2834	0.507118
NM_001318900.1	2946	2718.29	26.3766	0.436682
NM_001318901.1	3299	3071.29	0	0
NM_001318902.1	3226	2998.29	0	0
NM_001318903.2	2254	2026.29	0	0
NM_001318904.2	3527	3299.29	41.5564	0.566838
NM_001318905.2	3653	3425.29	0	0
NM_001318906.2	3360	3132.29	44.4846	0.639131
NM_001318907.2	2008	1780.29	0	0
NM_001318908.2	3136	2908.29	948.188	14.6723
NM_001318909.4	4259	4031.29	50.2146	0.560568
NM_001318913.2	4454	4226.29	0	0
NM_001318914.2	1905	1677.29	3.96581	0.106406
NM_001318915.2	9485	9257.29	2.15703e-07	1.04861e-09
NM_001318916.2	1185	957.293	10.5054	0.493869
NM_001318918.2	4467	4239.29	15.8802	0.16858
NM_001318926.2	3234	3006.29	169.124	2.53172
NM_001318927.2	3278	3050.29	97.5592	1.43936
NM_001318928.2	3129	2901.29	0	0
NM_001318929.2	3176	2948.29	67.5123	1.03052
NM_001318930.2	3169	2941.29	25.5211	0.390485
NM_001318931.2	3131	2903.29	0	0
NM_001318932.2	3274	3046.29	12	0.177277
NM_001318933.2	4610	4382.29	4.26309	0.0437789
NM_001318934.2	5317	5089.29	896.988	7.93179
NM_001318935.2	4544	4316.29	0	0
NM_001318936.2	6030	5802.29	0	0
NM_001318937.2	5687	5459.29	0	0
NM_001318938.1	5605	5377.29	0	0
NM_001318939.2	1054	826.293	148.453	8.08534
NM_001318940.2	1355	1127.29	5.02478	0.200596
NM_001318941.3	1123	895.293	1.41011	0.0708812
NM_001318942.1	1073	845.293	1669.04	88.8589
NM_001318943.1	1454	1226.29	197.638	7.25301
NM_001318944.2	4333	4105.29	15.7352	0.172493
NM_001318945.2	4303	4075.29	0	0
NM_001318946.2	4151	3923.29	21.6522	0.248366
NM_001318949.2	2943	2715.29	0	0
NM_001318950.2	3063	2835.29	0	0
NM_001318951.2	2870	2642.29	0	0
NM_001318965.2	1695	1467.29	0	0
NM_001318966.2	1822	1594.29	121.358	3.42566
NM_001318967.2	1637	1409.29	16.7766	0.535729
NM_001318968.2	1625	1397.29	20.6866	0.666261
NM_001318969.2	1618	1390.29	45.2079	1.46336
NM_001318970.2	594	368.988	0	0
NM_001318975.1	3541	3313.29	0	0
NM_001318976.1	2282	2054.29	0	0
NM_001318977.1	2152	1924.29	447.699	10.4702
NM_001319.7	2895	2667.29	2786.17	47.0088
NM_001319034.2	8368	8140.29	82.225	0.454576
NM_001319035.2	10451	10223.3	80.48	0.354274
NM_001319036.1	1858	1630.29	742.169	20.487
NM_001319037.1	1099	871.293	1118.46	57.7697
NM_001319038.2	447	231.819	118.621	23.0279
NM_001319039.2	2129	1901.29	8.03403	0.190163
NM_001319040.2	1114	886.293	822.056	41.7413
NM_001319041.2	3936	3708.29	0	0
NM_001319042.2	767	539.541	0	0
NM_001319043.2	3804	3576.29	178.794	2.24989
NM_001319044.2	3696	3468.29	0	0
NM_001319045.2	3864	3636.29	0	0
NM_001319046.2	3722	3494.29	14.4901	0.186619
NM_001319049.2	4440	4212.29	82.3599	0.879913
NM_001319050.2	4722	4494.29	272.561	2.72926
NM_001319051.2	2445	2217.29	160.408	3.2557
NM_001319052.2	3325	3097.29	23.4978	0.341419
NM_001319053.2	4461	4233.29	0	0
NM_001319054.1	915	687.293	192.576	12.6096
NM_001319055.2	1731	1503.29	5.12323	0.153371
NM_001319059.2	1085	857.293	0	0
NM_001319061.2	2275	2047.29	0	0
NM_001319062.2	1728	1500.29	0	0
NM_001319065.2	881	653.427	3.69023	0.254155
NM_001319066.2	4308	4080.29	184.694	2.03706
NM_001319067.2	4210	3982.29	156.286	1.76616
NM_001319068.2	4110	3882.29	7.9734	0.0924267
NM_001319069.2	3967	3739.29	138.128	1.6624
NM_001319070.2	3937	3709.29	10.8468	0.131599
NM_001319071.2	3574	3346.29	1361.89	18.3155
NM_001319072.2	3446	3218.29	90.3377	1.26324
NM_001319073.2	3614	3386.29	163.887	2.17803
NM_001319074.4	2421	2193.29	0	0
NM_001319075.2	2618	2390.29	0	0
NM_001319077.2	1885	1657.29	94.0822	2.55476
NM_001319078.2	1806	1578.29	1750.79	49.9216
NM_001319079.2	1918	1690.29	179.995	4.79226
NM_001319080.2	1917	1689.29	471.09	12.5499
NM_001319081.2	1804	1576.29	108.031	3.08427
NM_001319082.2	1940	1712.29	72.4808	1.90497
NM_001319083.2	1901	1673.29	0	0
NM_001319084.2	1807	1579.29	36.6741	1.04506
NM_001319085.2	2343	2115.29	54.2528	1.15423
NM_001319086.1	2126	1898.29	31.6741	0.750903
NM_001319087.2	2340	2112.29	16.3859	0.349106
NM_001319088.2	2732	2504.29	8.27583	0.14872
NM_001319089.2	2589	2361.29	0	0
NM_001319090.2	2609	2381.29	25.2342	0.476891
NM_001319092.1	2560	2332.29	0	0
NM_001319093.2	2039	1811.29	38.9786	0.968455
NM_001319094.2	2150	1922.29	0	0
NM_001319096.2	2042	1814.29	166.011	4.11785
NM_001319097.2	1272	1044.29	9.95874	0.429165
NM_001319098.2	1264	1036.29	7.82921	0.339999
NM_001319099.2	7446	7218.29	1.05909e-08	6.60299e-11
NM_001319100.2	5799	5571.29	445.179	3.59601
NM_001319101.2	5392	5164.29	22.1305	0.192852
NM_001319103.2	7021	6793.29	14.2166	0.0941795
NM_001319104.4	6321	6093.29	0	0
NM_001319105.2	6409	6181.29	43.4163	0.316094
NM_001319106.2	6991	6763.29	73.1219	0.486555
NM_001319107.2	2576	2348.29	76.5146	1.46634
NM_001319108.2	2461	2233.29	0	0
NM_001319109.2	4610	4382.29	0	0
NM_001319110.2	4455	4227.29	0	0
NM_001319111.2	4424	4196.29	142.693	1.53031
NM_001319112.2	4623	4395.29	22.9558	0.235043
NM_001319113.2	1605	1377.29	757.187	24.7411
NM_001319114.2	4669	4441.29	207.824	2.10586
NM_001319115.2	4665	4437.29	638.365	6.47431
NM_001319116.2	3813	3585.29	0	0
NM_001319117.2	3705	3477.29	0	0
NM_001319118.2	3756	3528.29	31.3514	0.399884
NM_001319119.2	4008	3780.29	89.0099	1.05963
NM_001319120.2	3717	3489.29	56.8867	0.733694
NM_001319121.2	3729	3501.29	0	0
NM_001319122.2	3793	3565.29	213.006	2.68868
NM_001319124.2	13897	13669.3	145.756	0.47987
NM_001319126.2	13916	13688.3	0	0
NM_001319127.2	13974	13746.3	0	0
NM_001319134.2	3380	3152.29	641.705	9.16117
NM_001319135.2	3598	3370.29	0	0
NM_001319137.2	2818	2590.29	0	0
NM_001319138.2	2575	2347.29	9.6349	0.184723
NM_001319139.3	3715	3487.29	258.405	3.33468
NM_001319140.2	6088	5860.29	0.0219616	0.00016865
NM_001319141.3	3646	3418.29	91.03	1.19844
NM_001319142.3	3471	3243.29	8.11792	0.112642
NM_001319143.2	5875	5647.29	48.8056	0.38893
NM_001319145.2	3213	2985.29	0	0
NM_001319146.2	1878	1650.29	13.5567	0.369689
NM_001319152.2	1090	862.293	0	0
NM_001319153.2	1155	927.293	0	0
NM_001319154.2	3141	2913.29	20.3675	0.314627
NM_001319155.2	2434	2206.29	0	0
NM_001319157.2	1076	848.293	19.2883	1.02327
NM_001319161.2	2129	1901.29	0	0
NM_001319162.2	1987	1759.29	0	0
NM_001319163.2	1984	1756.29	0	0
NM_001319164.2	1120	892.293	0	0
NM_001319165.2	2456	2228.29	24.705	0.498948
NM_001319166.2	2193	1965.29	0	0
NM_001319167.2	2523	2295.29	78.8315	1.54562
NM_001319168.2	2414	2186.29	47.8437	0.984825
NM_001319169.2	2242	2014.29	0	0
NM_001319170.2	2526	2298.29	0.14791	0.00289624
NM_001319171.2	2497	2269.29	9.63096	0.190995
NM_001319173.2	2169	1941.29	0	0
NM_001319174.2	1870	1642.29	1	0.0274026
NM_001319179.2	3123	2895.29	367.951	5.71926
NM_001319180.2	3179	2951.29	102.194	1.55831
NM_001319181.2	1886	1658.29	104.873	2.84608
NM_001319182.2	2089	1861.29	232.404	5.61915
NM_001319183.2	2396	2168.29	100.851	2.09318
NM_001319184.2	2250	2022.29	26.2306	0.583723
NM_001319186.2	2217	1989.29	16.5305	0.373963
NM_001319187.2	2021	1793.29	21.4207	0.537557
NM_001319188.2	2186	1958.29	70.5855	1.62211
NM_001319189.2	2795	2567.29	9.8294	0.172303
NM_001319190.2	2195	1967.29	4.5266	0.103549
NM_001319191.2	2315	2087.29	0	0
NM_001319193.2	4874	4646.29	519	5.02693
NM_001319194.2	3811	3583.29	0	0
NM_001319195.2	3561	3333.29	0	0
NM_001319196.1	549	325.637	0	0
NM_001319197.1	546	322.964	0	0
NM_001319198.2	441	226.512	0	0
NM_001319200.2	3255	3027.29	0	0
NM_001319201.2	495	275.303	0	0
NM_001319204.2	1208	980.293	0	0
NM_001319205.2	1158	930.293	0	0
NM_001319206.4	5580	5352.29	5.24015e-06	4.40602e-08
NM_001319207.2	4009	3781.29	1.59773	0.0190154
NM_001319209.2	500	280.02	0	0
NM_001319210.2	4355	4127.29	12.8855	0.140501
NM_001319211.2	2087	1859.29	2.82788e-08	6.84471e-10
NM_001319212.2	2314	2086.29	0	0
NM_001319214.2	3204	2976.29	0	0
NM_001319216.2	2516	2288.29	0	0
NM_001319217.2	2603	2375.29	1.66573	0.0315595
NM_001319218.2	2986	2758.29	50.6609	0.826561
NM_001319220.2	1930	1702.29	0.000114952	3.03896e-06
NM_001319224.2	3341	3113.29	132.286	1.91221
NM_001319225.2	1374	1146.29	54.426	2.13675
NM_001319226.2	3856	3628.29	7.24647	0.0898807
NM_001319228.2	3639	3411.29	201.461	2.65775
NM_001319229.2	3531	3303.29	2.41384e-05	3.28854e-07
NM_001319230.2	4465	4237.29	15	0.159311
NM_001319231.2	4623	4395.29	0	0
NM_001319232.2	724	496.802	7.27242	0.658775
NM_001319233.1	4024	3796.29	0	0
NM_001319234.1	694	467.041	20.6343	1.98828
NM_001319235.2	658	431.717	544.696	56.7803
NM_001319236.2	546	322.964	8304.56	1157.19
NM_001319238.2	5203	4975.29	179.201	1.62093
NM_001319239.2	5098	4870.29	14.8983	0.137665
NM_001319241.1	1275	1047.29	0	0
NM_001319242.1	3041	2813.29	0	0
NM_001319243.2	4021	3793.29	19.0951	0.226542
NM_001319244.2	3481	3253.29	382.458	5.29058
NM_001319245.2	5734	5506.29	135.542	1.10779
NM_001319247.2	1634	1406.29	0	0
NM_001319292.2	2153	1925.29	7.80551	0.182451
NM_001319293.2	1043	815.293	21.6543	1.19529
NM_001319294.2	4013	3785.29	80.6623	0.958988
NM_001319295.2	4085	3857.29	61.0881	0.712715
NM_001319296.2	2670	2442.29	7.52807	0.138716
NM_001319297.2	2530	2302.29	233.796	4.57004
NM_001319298.2	2635	2407.29	51.6921	0.966357
NM_001319299.2	2631	2403.29	7.58854e-06	1.421e-07
NM_001319300.2	2588	2360.29	77.2302	1.47253
NM_001319301.2	2584	2356.29	8.97407e-07	1.71397e-08
NM_001319302.2	4431	4203.29	72.6726	0.778078
NM_001319303.2	2055	1827.29	139.441	3.4342
NM_001319305.3	5697	5469.29	0	0
NM_001319306.3	5652	5424.29	1.38628e-08	1.15014e-10
NM_001319307.3	5715	5487.29	0	0
NM_001319310.2	1069	841.293	4.66538	0.249564
NM_001319311.2	3363	3135.29	0	0
NM_001319652.2	7283	7055.29	1882.17	12.0057
NM_001319653.2	7195	6967.29	142.898	0.923006
NM_001319654.1	3564	3336.29	0	0
NM_001319655.2	7320	7092.29	9.92217	0.0629596
NM_001319656.1	3385	3157.29	121.118	1.72637
NM_001319658.2	797	569.487	52.0937	4.11665
NM_001319659.2	699	471.947	23.3638	2.22788
NM_001319661.2	3160	2932.29	3253.26	49.9291
NM_001319662.2	3366	3138.29	137.148	1.9667
NM_001319663.2	3326	3098.29	256.309	3.72292
NM_001319664.2	3344	3116.29	217.065	3.13468
NM_001319665.2	1967	1739.29	0	0
NM_001319666.2	3347	3119.29	117.498	1.69519
NM_001319667.1	3052	2824.29	81.4625	1.29805
NM_001319670.2	1451	1223.29	108.7	3.99892
NM_001319674.2	6358	6130.29	491.935	3.61135
NM_001319675.2	2156	1928.29	14.1275	0.329712
NM_001319676.2	2386	2158.29	0	0
NM_001319677.2	2087	1859.29	10.9203	0.26432
NM_001319678.2	1542	1314.29	69.3761	2.37553
NM_001319679.2	1539	1311.29	257.334	8.8316
NM_001319680.2	2060	1832.29	3.81525e-05	9.37065e-07
NM_001319681.2	2380	2152.29	15.1374	0.316514
NM_001319682.3	2078	1850.29	116.296	2.82856
NM_001319683.2	1964	1736.29	104.114	2.69853
NM_001319837.1	4263	4035.29	1.47597	0.0164605
NM_001319838.1	3502	3274.29	28.6199	0.393362
NM_001319839.2	3053	2825.29	157.848	2.5143
NM_001319840.2	3133	2905.29	93.5885	1.44969
NM_001319842.2	4835	4607.29	2.39108e-07	2.33555e-09
NM_001319843.2	4918	4690.29	0	0
NM_001319844.2	3695	3467.29	7.7825e-06	1.01011e-07
NM_001319845.2	3800	3572.29	0	0
NM_001319846.2	3730	3502.29	0	0
NM_001319847.2	2262	2034.29	0	0
NM_001319848.2	2132	1904.29	0	0
NM_001319850.2	2917	2689.29	2	0.0334683
NM_001319851.2	2269	2041.29	0	0
NM_001319852.2	2050	1822.29	0	0
NM_001319941.1	548	324.67	1.62044	0.224611
NM_001319942.2	1122	894.293	0	0
NM_001319943.1	5976	5748.29	0	0
NM_001319944.2	3934	3706.29	807.542	9.80545
NM_001319945.2	1278	1050.29	414.973	17.7808
NM_001319946.2	3589	3361.29	604.875	8.09845
NM_001319947.2	3536	3308.29	19.9918	0.271951
NM_001319948.2	1272	1044.29	0	0
NM_001319949.2	1346	1118.29	0	0
NM_001319952.2	2077	1849.29	0	0
NM_001319953.2	835	607.427	0	0
NM_001319955.2	3991	3763.29	129.751	1.55162
NM_001319956.1	3149	2921.29	0	0
NM_001319957.2	2241	2013.29	0	0
NM_001319958.2	1965	1737.29	0	0
NM_001319959.2	3311	3083.29	23.505	0.343074
NM_001319960.2	6885	6657.29	51.3357	0.347028
NM_001319967.1	3194	2966.29	0	0
NM_001319977.2	2338	2110.29	0	0
NM_001319978.2	2666	2438.29	0	0
NM_001319982.2	2359	2131.29	0	0
NM_001319984.2	5249	5021.29	339.914	3.04647
NM_001319985.2	2504	2276.29	19.6449	0.388385
NM_001319987.2	3599	3371.29	0	0
NM_001319988.2	3307	3079.29	9.55908	0.139704
NM_001319990.2	3600	3372.29	513.101	6.8473
NM_001319991.2	3588	3360.29	162.291	2.1735
NM_001319993.2	3184	2956.29	0	0
NM_001319994.2	3071	2843.29	50.0884	0.792789
NM_001319995.3	1193	965.293	1.69994	0.0792532
NM_001319996.2	1038	810.293	3.8037	0.211255
NM_001319998.2	4295	4067.29	3.71868	0.0411458
NM_001319999.2	3106	2878.29	6720.15	105.072
NM_001320.7	929	701.293	4008.93	257.259
NM_001320000.2	3180	2952.29	246.496	3.75744
NM_001320001.2	3172	2944.29	226.284	3.45872
NM_001320002.2	3131	2903.29	860.377	13.3365
NM_001320003.2	3102	2874.29	292.498	4.57967
NM_001320004.2	3053	2825.29	21.1722	0.337245
NM_001320005.2	3017	2789.29	194.746	3.14208
NM_001320006.2	3176	2948.29	48.9921	0.747822
NM_001320007.2	2903	2675.29	264.763	4.45378
NM_001320010.2	2781	2553.29	1.06569	0.0187834
NM_001320032.2	5905	5677.29	121.52	0.96327
NM_001320033.2	2157	1929.29	2.7672	0.0645482
NM_001320034.2	2647	2419.29	1280.06	23.8113
NM_001320035.2	2534	2306.29	245.48	4.79009
NM_001320036.2	2877	2649.29	0	0
NM_001320037.2	1224	996.293	35.0904	1.58505
NM_001320038.2	1521	1293.29	25.6077	0.891079
NM_001320041.2	861	633.427	5.92258e-08	4.20781e-09
NM_001320042.1	3322	3094.29	0	0
NM_001320043.2	4938	4710.29	0	0
NM_001320044.2	3766	3538.29	184.355	2.34479
NM_001320046.2	823	595.427	14.8963	1.12588
NM_001320047.2	4011	3783.29	4.4608e-08	5.30622e-10
NM_001320048.2	3766	3538.29	19.8965	0.253061
NM_001320049.2	4723	4495.29	43.1039	0.43152
NM_001320050.2	824	596.427	14.2865	1.07798
NM_001320051.2	925	697.293	1.42547	0.0919995
NM_001320080.2	4196	3968.29	0	0
NM_001320099.2	1549	1321.29	0	0
NM_001320100.2	1193	965.293	1.48911	0.069424
NM_001320101.3	635	409.096	0	0
NM_001320108.2	1439	1211.29	1	0.0371529
NM_001320114.2	3480	3252.29	397.151	5.49551
NM_001320121.1	2041	1813.29	0	0
NM_001320122.1	2020	1792.29	9	0.225983
NM_001320126.2	2198	1970.29	142.063	3.24483
NM_001320130.2	1303	1075.29	63.2349	2.6465
NM_001320132.2	3002	2774.29	47.0849	0.763786
NM_001320134.1	3716	3488.29	10.6692	0.137645
NM_001320135.2	2339	2111.29	0.35744	0.00761898
NM_001320136.2	2883	2655.29	0	0
NM_001320137.2	1111	883.293	138.539	7.05844
NM_001320138.2	1138	910.293	81.1336	4.01108
NM_001320139.2	985	757.293	65.7849	3.90935
NM_001320140.2	1147	919.293	103.336	5.05871
NM_001320141.2	1238	1010.29	14.1209	0.629011
NM_001320142.1	923	695.293	2.18705	0.141557
NM_001320143.2	2334	2106.29	0	0
NM_001320144.2	2174	1946.29	0	0
NM_001320147.2	2905	2677.29	0	0
NM_001320149.2	2276	2048.29	49.4314	1.08606
NM_001320151.2	2458	2230.29	0	0
NM_001320153.3	3836	3608.29	1894.57	23.6293
NM_001320155.3	3126	2898.29	41.4601	0.643769
NM_001320156.4	4036	3808.29	0	0
NM_001320157.4	4027	3799.29	0	0
NM_001320173.3	2448	2220.29	263.725	5.34543
NM_001320178.2	2502	2274.29	16.1489	0.31955
NM_001320179.2	2796	2568.29	101.824	1.78421
NM_001320181.2	2200	1972.29	0	0
NM_001320182.1	1763	1535.29	156.276	4.58081
NM_001320185.2	9462	9234.29	7.68342	0.037445
NM_001320193.2	824	596.427	637.823	48.1266
NM_001320194.2	1031	803.293	84.3183	4.72378
NM_001320198.2	2247	2019.29	0	0
NM_001320199.2	1407	1179.29	32.6409	1.24561
NM_001320201.2	1426	1198.29	0	0
NM_001320210.2	5042	4814.29	250.521	2.34182
NM_001320214.2	1496	1268.29	1841.23	65.3326
NM_001320218.2	650	423.846	0	0
NM_001320219.2	7421	7193.29	2289.98	14.3267
NM_001320220.2	7380	7152.29	341.688	2.14995
NM_001320222.2	7489	7261.29	595.594	3.69129
NM_001320226.2	1471	1243.29	0	0
NM_001320227.2	2375	2147.29	25.0747	0.525517
NM_001320238.2	5223	4995.29	22.0816	0.198935
NM_001320239.2	5167	4939.29	45.5432	0.414955
NM_001320240.2	5698	5470.29	0	0
NM_001320241.1	1827	1599.29	349.432	9.8328
NM_001320244.2	1892	1664.29	0	0
NM_001320247.2	2293	2065.29	17.5528	0.382478
NM_001320252.2	2840	2612.29	130.8	2.25334
NM_001320257.2	4344	4116.29	0	0
NM_001320261.2	5719	5491.29	7.5138	0.0615783
NM_001320263.2	5176	4948.29	137.26	1.24833
NM_001320264.2	5309	5081.29	21.437	0.189859
NM_001320265.2	4727	4499.29	0	0
NM_001320266.2	569	344.595	10.9031	1.42391
NM_001320267.2	1046	818.293	24.469	1.34571
NM_001320269.2	3615	3387.29	37.0511	0.492256
NM_001320272.2	8714	8486.29	8.25194	0.0437603
NM_001320273.2	5137	4909.29	0	0
NM_001320274.2	5029	4801.29	0	0
NM_001320276.2	5774	5546.29	2	0.0162282
NM_001320283.3	3308	3080.29	0	0
NM_001320285.2	4054	3826.29	0	0
NM_001320287.2	3987	3759.29	0	0
NM_001320289.2	2323	2095.29	0	0
NM_001320290.2	2114	1886.29	8	0.190864
NM_001320296.2	670	443.585	51.4998	5.22482
NM_001320298.2	2603	2375.29	0	0
NM_001320302.2	5762	5534.29	0	0
NM_001320304.2	2405	2177.29	5.64321	0.116641
NM_001320305.2	2357	2129.29	5.35187	0.113113
NM_001320306.2	2424	2196.29	70.7453	1.4496
NM_001320307.2	2451	2223.29	1.75225e-08	3.54684e-10
NM_001320308.2	995	767.293	0	0
NM_001320309.2	2561	2333.29	309.364	5.96681
NM_001320310.2	2438	2210.29	521.108	10.6101
NM_001320311.2	2429	2201.29	0.00530153	0.000108384
NM_001320313.2	2328	2100.29	0	0
NM_001320316.2	4482	4254.29	0	0
NM_001320317.2	4356	4128.29	0	0
NM_001320318.2	4198	3970.29	2	0.0226699
NM_001320321.2	5098	4870.29	8.14856	0.0752953
NM_001320322.2	2774	2546.29	0	0
NM_001320327.2	801	573.487	44.4779	3.4903
NM_001320329.2	2978	2750.29	0	0
NM_001320333.2	2664	2436.29	0	0
NM_001320334.2	5134	4906.29	21.2031	0.194486
NM_001320336.3	4170	3942.29	932.288	10.6425
NM_001320340.1	3313	3085.29	0	0
NM_001320341.3	311	124.914	42.048	15.1487
NM_001320342.3	3101	2873.29	0	0
NM_001320350.2	5569	5341.29	0	0
NM_001320351.2	5317	5089.29	8.1712	0.0722554
NM_001320352.3	1580	1352.29	0.828804	0.0275818
NM_001320356.2	1675	1447.29	0.00458006	0.000142415
NM_001320357.2	1389	1161.29	39.874	1.54522
NM_001320358.2	1435	1207.29	9.50627	0.354356
NM_001320359.2	1591	1363.29	5.90964	0.195081
NM_001320360.2	1821	1593.29	191.625	5.4125
NM_001320361.2	1629	1401.29	107.15	3.44116
NM_001320362.2	1385	1157.29	35.3922	1.37628
NM_001320363.2	1339	1111.29	0	0
NM_001320364.2	1268	1040.29	0	0
NM_001320365.2	1579	1351.29	64.533	2.14919
NM_001320371.4	3061	2833.29	25.9998	0.412972
NM_001320373.3	4441	4213.29	0	0
NM_001320383.2	788	560.487	14.0343	1.12686
NM_001320384.2	1010	782.293	110.199	6.33946
NM_001320395.1	2331	2103.29	302.598	6.47453
NM_001320397.1	2288	2060.29	15.431	0.33706
NM_001320398.1	2384	2156.29	490.563	10.2383
NM_001320399.1	2513	2285.29	7.62268	0.150109
NM_001320400.1	2256	2028.29	0	0
NM_001320401.1	2312	2084.29	181.429	3.91734
NM_001320408.2	3174	2946.29	0	0
NM_001320409.2	3088	2860.29	0	0
NM_001320410.2	3305	3077.29	4.45908	0.0652107
NM_001320412.2	1967	1739.29	0	0
NM_001320415.2	2095	1867.29	0	0
NM_001320417.2	1063	835.293	17.6009	0.948285
NM_001320418.2	1018	790.293	77.5431	4.41567
NM_001320419.2	852	624.427	39.7643	2.86585
NM_001320421.2	19518	19290.3	89.5539	0.208924
NM_001320424.1	1867	1639.29	0	0
NM_001320435.2	1159	931.293	0	0
NM_001320436.2	1167	939.293	0	0
NM_001320437.2	6042	5814.29	0	0
NM_001320441.2	3197	2969.29	0	0
NM_001320444.1	2099	1871.29	42.7721	1.02864
NM_001320445.2	4151	3923.29	23.308	0.26736
NM_001320446.2	4310	4082.29	61.9114	0.68251
NM_001320449.2	1740	1512.29	0	0
NM_001320451.2	1899	1671.29	305.65	8.23027
NM_001320458.2	2665	2437.29	5.58844	0.103187
NM_001320464.3	1939	1711.29	567.48	14.9234
NM_001320466.2	6346	6118.29	70.6235	0.519471
NM_001320467.2	6238	6010.29	0	0
NM_001320468.2	6337	6109.29	4.60486	0.033921
NM_001320470.3	3674	3446.29	126.894	1.65703
NM_001320473.2	1846	1618.29	0	0
NM_001320478.1	1112	884.293	0	0
NM_001320479.1	1752	1524.29	0	0
NM_001320480.2	859	631.427	4.50864	0.32134
NM_001320484.2	2317	2089.29	24.7333	0.532752
NM_001320485.2	2305	2077.29	933.403	20.2215
NM_001320487.2	2303	2075.29	0	0
NM_001320488.2	1703	1475.29	0	0
NM_001320493.2	2505	2277.29	1.95528	0.0386395
NM_001320494.2	10279	10051.3	349.534	1.56499
NM_001320497.2	4076	3848.29	109.365	1.27895
NM_001320509.2	1809	1581.29	87.097	2.47875
NM_001320510.2	2268	2040.29	0	0
NM_001320511.2	2020	1792.29	0	0
NM_001320512.2	1986	1758.29	0	0
NM_001320513.2	2398	2170.29	0	0
NM_001320522.2	2830	2602.29	0	0
NM_001320523.2	1635	1407.29	0	0
NM_001320525.2	2984	2756.29	120.575	1.96867
NM_001320526.2	3049	2821.29	36.8868	0.588389
NM_001320527.2	2939	2711.29	9.19594	0.152638
NM_001320531.2	3975	3747.29	0	0
NM_001320537.2	3712	3484.29	0	0
NM_001320540.2	2762	2534.29	0	0
NM_001320541.2	2803	2575.29	305.865	5.34498
NM_001320542.2	2788	2560.29	658.076	11.5672
NM_001320543.2	2719	2491.29	0	0
NM_001320546.3	4284	4056.29	432.727	4.80095
NM_001320547.2	3984	3756.29	281.264	3.36974
NM_001320555.2	1329	1101.29	0	0
NM_001320556.2	1192	964.293	0	0
NM_001320557.2	1337	1109.29	6.21779	0.25225
NM_001320558.2	1277	1049.29	8.85738	0.379884
NM_001320559.2	3315	3087.29	7.76202	0.113146
NM_001320560.2	3155	2927.29	12.3018	0.189123
NM_001320561.2	2053	1825.29	10.1598	0.250492
NM_001320564.2	2041	1813.29	18.7078	0.464298
NM_001320565.2	1923	1695.29	23.1003	0.613218
NM_001320566.2	2130	1902.29	14.4126	0.340963
NM_001320567.2	1993	1765.29	10.9769	0.279836
NM_001320568.2	1762	1534.29	247.174	7.24998
NM_001320569.2	1469	1241.29	18.0127	0.65305
NM_001320570.2	11065	10837.3	332.392	1.38029
NM_001320571.2	2789	2561.29	35.0766	0.616311
NM_001320572.2	3055	2827.29	816.785	13.0011
NM_001320579.1	979	751.293	26.2065	1.56979
NM_001320580.2	3513	3285.29	65.307	0.894598
NM_001320581.2	3532	3304.29	22.279	0.30343
NM_001320582.2	3472	3244.29	0	0
NM_001320583.2	3453	3225.29	49.1343	0.685579
NM_001320584.1	3148	2920.29	81.7901	1.26042
NM_001320585.1	3348	3120.29	74.1899	1.07002
NM_001320586.2	1262	1034.29	45.4707	1.97847
NM_001320587.2	1169	941.293	10.4613	0.500155
NM_001320588.2	868	640.427	14.2387	1.00056
NM_001320589.2	952	724.293	5.74291	0.356829
NM_001320590.2	1703	1475.29	1.24224	0.0378939
NM_001320591.2	4359	4131.29	0	0
NM_001320592.2	4302	4074.29	11.3172	0.125006
NM_001320593.2	4298	4070.29	5.94165	0.0656937
NM_001320594.2	4467	4239.29	0	0
NM_001320595.2	3769	3541.29	0	0
NM_001320596.3	3782	3554.29	61.6243	0.780263
NM_001320597.2	3662	3434.29	124.071	1.62584
NM_001320598.2	2688	2460.29	12.8773	0.235549
NM_001320599.2	2321	2093.29	47.4956	1.02109
NM_001320600.1	1071	843.293	19.0889	1.0187
NM_001320602.2	1976	1748.29	0	0
NM_001320605.2	1447	1219.29	0	0
NM_001320606.2	2032	1804.29	0	0
NM_001320607.3	337	143.078	12.639	3.9754
NM_001320608.2	2052	1824.29	47.3194	1.16731
NM_001320610.2	1003	775.293	37.1448	2.15613
NM_001320611.3	2693	2465.29	26.6303	0.486127
NM_001320613.2	4953	4725.29	250.652	2.38718
NM_001320616.2	3556	3328.29	0	0
NM_001320618.2	3139	2911.29	0	0
NM_001320619.2	3613	3385.29	72.5941	0.965044
NM_001320621.2	3085	2857.29	0	0
NM_001320622.1	1945	1717.29	39.6116	1.03805
NM_001320623.1	1879	1651.29	238.434	6.49809
NM_001320624.1	1885	1657.29	0	0
NM_001320625.1	1781	1553.29	24.7027	0.715702
NM_001320627.1	1983	1755.29	395.887	10.15
NM_001320628.1	1301	1073.29	255.885	10.7293
NM_001320630.2	1738	1510.29	0	0
NM_001320632.2	1980	1752.29	0	0
NM_001320633.2	2118	1890.29	19.2557	0.45843
NM_001320634.1	1900	1672.29	0	0
NM_001320635.2	2631	2403.29	2	0.0374512
NM_001320636.1	2666	2438.29	0	0
NM_001320638.2	1328	1100.29	0	0
NM_001320640.2	2247	2019.29	1.30742	0.0291379
NM_001320641.2	2394	2166.29	76.617	1.59166
NM_001320642.1	3180	2952.29	0	0
NM_001320643.3	4747	4519.29	95.4	0.949992
NM_001320644.2	7594	7366.29	0	0
NM_001320646.2	945	717.293	2780.42	174.444
NM_001320648.2	945	717.293	928.522	58.2556
NM_001320650.2	916	688.293	73.3124	4.79343
NM_001320651.2	1012	784.293	138.941	7.97248
NM_001320652.2	1581	1353.29	0	0
NM_001320653.2	3659	3431.29	55.647	0.729838
NM_001320654.2	4022	3794.29	0	0
NM_001320655.2	2307	2079.29	8.4364	0.182593
NM_001320656.2	1862	1634.29	18.6077	0.512396
NM_001320657.2	1901	1673.29	0	0
NM_001320658.2	4618	4390.29	0	0
NM_001320659.2	1736	1508.29	0	0
NM_001320660.2	2476	2248.29	0	0
NM_001320663.2	4562	4334.29	0.14326	0.00148747
NM_001320664.2	4559	4331.29	0	0
NM_001320665.2	2398	2170.29	49.9216	1.03517
NM_001320666.3	6199	5971.29	122.378	0.92231
NM_001320667.3	6105	5877.29	17.416	0.133356
NM_001320668.3	5922	5694.29	75.2814	0.594963
NM_001320669.3	5826	5598.29	112.544	0.90471
NM_001320670.3	5823	5595.29	191.166	1.53756
NM_001320671.3	5729	5501.29	34.1178	0.2791
NM_001320672.1	4173	3945.29	0	0
NM_001320674.2	6147	5919.29	1426.51	10.8455
NM_001320675.4	6120	5892.29	27.2427	0.208069
NM_001320676.2	1327	1099.29	113.514	4.64704
NM_001320677.2	1639	1411.29	0	0
NM_001320678.2	1212	984.293	50.4039	2.30453
NM_001320679.2	1873	1645.29	0	0
NM_001320681.2	2789	2561.29	0	0
NM_001320682.2	1995	1767.29	6.75023	0.171891
NM_001320683.2	2537	2309.29	0	0
NM_001320684.2	2446	2218.29	0	0
NM_001320685.2	2993	2765.29	0	0
NM_001320686.2	2836	2608.29	0	0
NM_001320687.1	6342	6114.29	1084.47	7.98205
NM_001320688.2	2410	2182.29	0	0
NM_001320689.2	2178	1950.29	0	0
NM_001320690.2	2042	1814.29	0	0
NM_001320691.2	2745	2517.29	0	0
NM_001320694.2	5297	5069.29	116.408	1.03342
NM_001320698.2	4090	3862.29	0	0
NM_001320699.2	5882	5654.29	87.4847	0.6963
NM_001320700.2	2585	2357.29	44.2454	0.844689
NM_001320702.2	2686	2458.29	26.5174	0.485445
NM_001320703.2	7906	7678.29	123.258	0.722426
NM_001320704.2	7896	7668.29	2110.25	12.3845
NM_001320705.2	8855	8627.29	0	0
NM_001320707.2	5926	5698.29	0	0
NM_001320708.2	5769	5541.29	37.5473	0.304937
NM_001320709.2	6022	5794.29	480.784	3.73415
NM_001320714.2	7746	7518.29	1096.01	6.56051
NM_001320715.2	2800	2572.29	53.0844	0.928729
NM_001320717.2	1599	1371.29	19.2702	0.63241
NM_001320719.1	1048	820.293	0	0
NM_001320722.3	8234	8006.29	0	0
NM_001320724.2	3163	2935.29	72.0784	1.10509
NM_001320727.2	3714	3486.29	0	0
NM_001320728.2	1880	1652.29	0	0
NM_001320729.2	6784	6556.29	146.122	1.003
NM_001320730.2	2790	2562.29	88.7502	1.55877
NM_001320731.2	7606	7378.29	0	0
NM_001320732.2	1247	1019.29	0	0
NM_001320733.2	1228	1000.29	0	0
NM_001320734.2	1157	929.293	71.6694	3.47075
NM_001320735.2	3298	3070.29	0	0
NM_001320736.2	3366	3138.29	0	0
NM_001320737.1	3377	3149.29	0	0
NM_001320738.2	3316	3088.29	0	0
NM_001320739.2	3283	3055.29	0	0
NM_001320740.1	3135	2907.29	0	0
NM_001320741.2	3213	2985.29	0	0
NM_001320742.2	3096	2868.29	0	0
NM_001320743.2	3613	3385.29	0	0
NM_001320744.2	1350	1122.29	60.3041	2.41815
NM_001320745.2	1834	1606.29	0	0
NM_001320746.3	1462	1234.29	12.4206	0.452864
NM_001320747.2	6534	6306.29	5.44098e-07	3.8828e-09
NM_001320748.2	7014	6786.29	0	0
NM_001320749.2	7007	6779.29	0	0
NM_001320750.3	6563	6335.29	454.788	3.23061
NM_001320751.2	6776	6548.29	112.11	0.770477
NM_001320752.2	6622	6394.29	1204.28	8.47575
NM_001320753.2	6219	5991.29	61.8192	0.46435
NM_001320754.2	6367	6139.29	0	0
NM_001320755.2	6506	6278.29	171.579	1.22989
NM_001320756.2	4144	3916.29	0	0
NM_001320757.2	4147	3919.29	0	0
NM_001320758.2	1787	1559.29	0	0
NM_001320759.2	6522	6294.29	114.995	0.822191
NM_001320766.2	7635	7407.29	51.9876	0.315851
NM_001320767.2	3337	3109.29	10.6776	0.154545
NM_001320768.2	3099	2871.29	0	0
NM_001320769.2	3612	3384.29	16.173	0.215062
NM_001320770.2	3253	3025.29	0	0
NM_001320771.2	3218	2990.29	0	0
NM_001320772.2	1825	1597.29	197.465	5.56349
NM_001320773.2	3528	3300.29	0	0
NM_001320774.2	2907	2679.29	0	0
NM_001320776.2	4693	4465.29	2.65741	0.0267824
NM_001320777.2	2908	2680.29	0.08314	0.00139595
NM_001320778.2	2582	2354.29	36.7746	0.702958
NM_001320780.2	4382	4154.29	40.932	0.443413
NM_001320781.2	3923	3695.29	0	0
NM_001320782.3	781	553.487	26.4737	2.15253
NM_001320783.2	4657	4429.29	4.3173	0.0438652
NM_001320785.2	2562	2334.29	2.90294	0.0559661
NM_001320786.2	2597	2369.29	8.08812	0.153628
NM_001320787.2	2872	2644.29	0.223675	0.00380672
NM_001320788.2	3267	3039.29	444.175	6.57695
NM_001320789.2	3577	3349.29	46.4281	0.623836
NM_001320791.2	3302	3074.29	92.6916	1.35687
NM_001320792.2	3353	3125.29	68.7863	0.990498
NM_001320793.2	1164	936.293	31.9147	1.53398
NM_001320795.1	1332	1104.29	336.633	13.7187
NM_001320800.2	2763	2535.29	0	0
NM_001320801.2	3601	3373.29	20.2307	0.269898
NM_001320802.2	2104	1876.29	316.445	7.58996
NM_001320803.1	2041	1813.29	21.5978	0.536024
NM_001320804.1	5799	5571.29	0	0
NM_001320808.2	8471	8243.29	28.5925	0.156097
NM_001320810.2	2925	2697.29	0	0
NM_001320813.2	2204	1976.29	0	0
NM_001320814.1	2341	2113.29	0	0
NM_001320815.2	6527	6299.29	0	0
NM_001320816.2	6575	6347.29	0	0
NM_001320817.2	3453	3225.29	0.0125138	0.000174607
NM_001320818.2	1962	1734.29	20.0538	0.520374
NM_001320819.2	2044	1816.29	6.3536	0.157426
NM_001320820.2	2241	2013.29	0	0
NM_001320821.2	4669	4441.29	419.767	4.25345
NM_001320822.2	4167	3939.29	0	0
NM_001320823.2	1125	897.293	11.2819	0.565838
NM_001320824.2	1180	952.293	77.1009	3.6436
NM_001320825.2	854	626.427	21.7591	1.5632
NM_001320830.2	2615	2387.29	46.8324	0.882842
NM_001320831.2	14289	14061.3	65.21	0.208704
NM_001320833.2	5126	4898.29	0	0
NM_001320834.2	4795	4567.29	40.0973	0.395092
NM_001320835.1	8837	8609.29	125.722	0.657184
NM_001320836.3	4233	4005.29	99.4144	1.11701
NM_001320838.2	1500	1272.29	17.3611	0.614091
NM_001320839.2	2515	2287.29	3.82099e-05	7.51789e-07
NM_001320840.2	1652	1424.29	0	0
NM_001320841.2	1489	1261.29	0	0
NM_001320842.2	1538	1310.29	0	0
NM_001320843.2	1116	888.293	0	0
NM_001320844.2	2482	2254.29	344.325	6.87386
NM_001320845.1	1021	793.293	247.856	14.0607
NM_001320846.1	919	691.293	173.729	11.3098
NM_001320847.2	810	582.487	83.2861	6.43471
NM_001320848.2	1431	1203.29	30.3519	1.13516
NM_001320849.2	1183	955.293	4.59143	0.216299
NM_001320851.2	4706	4478.29	26.3559	0.264855
NM_001320852.1	5941	5713.29	0	0
NM_001320853.2	4837	4609.29	0	0
NM_001320854.2	4613	4385.29	0	0
NM_001320855.2	1622	1394.29	100.015	3.22815
NM_001320858.2	2242	2014.29	44.8088	1.00111
NM_001320859.2	2123	1895.29	215.711	5.12198
NM_001320860.2	2091	1863.29	38.2338	0.92344
NM_001320861.2	2432	2204.29	0	0
NM_001320862.2	2557	2329.29	0	0
NM_001320863.2	2144	1916.29	33.7983	0.793735
NM_001320865.2	1355	1127.29	0	0
NM_001320866.2	2540	2312.29	0	0
NM_001320867.2	887	659.427	20.2509	1.38204
NM_001320868.2	771	543.487	16.2512	1.34567
NM_001320869.2	626	400.259	13.9946	1.57349
NM_001320870.2	1940	1712.29	34.5374	0.907724
NM_001320871.2	2193	1965.29	1.85634	0.0425082
NM_001320872.2	2104	1876.29	0	0
NM_001320874.2	9489	9261.29	2.37879e-08	1.15592e-10
NM_001320875.2	7417	7189.29	2.99704e-05	1.87607e-07
NM_001320876.2	7386	7158.29	61.9381	0.389395
NM_001320877.2	1874	1646.29	2.12426	0.0580688
NM_001320878.2	1244	1016.29	0	0
NM_001320879.2	2388	2160.29	323.213	6.73316
NM_001320880.2	2454	2226.29	0	0
NM_001320882.2	4336	4108.29	0	0
NM_001320883.2	4296	4068.29	0	0
NM_001320884.2	4233	4005.29	0	0
NM_001320886.2	1066	838.293	27.699	1.487
NM_001320892.2	1714	1486.29	14.2278	0.4308
NM_001320893.1	3638	3410.29	8.37606	0.110533
NM_001320898.2	2715	2487.29	0	0
NM_001320899.2	5757	5529.29	0	0
NM_001320900.2	5851	5623.29	0	0
NM_001320901.2	5472	5244.29	0	0
NM_001320902.2	922	694.293	18.3557	1.18979
NM_001320903.2	888	660.427	14.3612	0.978608
NM_001320904.2	994	766.293	14.627	0.859021
NM_001320905.2	1168	940.293	29.8497	1.42863
NM_001320910.2	4669	4441.29	0.582479	0.00590219
NM_001320911.2	2464	2236.29	0	0
NM_001320912.2	981	753.293	63.9721	3.82181
NM_001320913.2	785	557.487	31.369	2.53226
NM_001320915.2	4666	4438.29	109.846	1.11381
NM_001320916.1	2171	1943.29	0	0
NM_001320917.2	5470	5242.29	7	0.0600923
NM_001320918.1	1935	1707.29	63.2962	1.66844
NM_001320923.2	5015	4787.29	0	0
NM_001320924.3	550	326.571	92.7324	12.779
NM_001320925.4	520	298.404	498.737	75.2158
NM_001320928.2	3583	3355.29	200.432	2.6883
NM_001320929.2	1631	1403.29	38.1139	1.2223
NM_001320930.2	1778	1550.29	11.6268	0.33751
NM_001320932.2	2187	1959.29	0	0
NM_001320933.2	2306	2078.29	0.000927207	2.00776e-05
NM_001320934.2	2327	2099.29	0.000688708	1.4764e-05
NM_001320935.2	2155	1927.29	0	0
NM_001320936.2	2808	2580.29	3.46874	0.0604985
NM_001320937.2	1288	1060.29	17.0529	0.723794
NM_001320941.2	6254	6026.29	21.0899	0.157495
NM_001320942.2	6619	6391.29	67.1494	0.47282
NM_001320943.2	4464	4236.29	23.9586	0.254518
NM_001320944.2	1810	1582.29	0	0
NM_001320945.2	1743	1515.29	0	0
NM_001320948.2	1810	1582.29	0	0
NM_001320949.1	1810	1582.29	0	0
NM_001320950.1	1861	1633.29	0	0
NM_001320951.2	3004	2776.29	0	0
NM_001320952.1	1864	1636.29	5.24956e-07	1.44379e-08
NM_001320953.2	2236	2008.29	65.282	1.46288
NM_001320954.2	2107	1879.29	52.0105	1.24548
NM_001320955.1	1793	1565.29	9.43156	0.271163
NM_001320959.1	5459	5231.29	46.9879	0.404221
NM_001320960.2	2793	2565.29	0	0
NM_001320961.2	2527	2299.29	0	0
NM_001320962.1	1172	944.293	0	0
NM_001320964.2	900	672.361	0	0
NM_001320965.3	6348	6120.29	3761.54	27.6589
NM_001320966.3	6268	6040.29	1642.06	12.2341
NM_001320967.3	5016	4788.29	15846	148.93
NM_001320970.2	3122	2894.29	580.534	9.02666
NM_001320971.2	3035	2807.29	22.4596	0.360045
NM_001320972.2	1070	842.293	26.945	1.43965
NM_001320973.2	2524	2296.29	1952.8	38.2713
NM_001320974.2	3428	3200.29	83.9226	1.18013
NM_001320975.2	4875	4647.29	2.98975	0.0289519
NM_001320976.2	4947	4719.29	30.1551	0.287558
NM_001320977.2	6685	6457.29	0	0
NM_001320978.2	5052	4824.29	136.057	1.2692
NM_001320979.1	2514	2286.29	101.795	2.00372
NM_001320980.2	5177	4949.29	1349.11	12.2673
NM_001320981.2	5036	4808.29	275.296	2.57663
NM_001320982.2	5058	4830.29	55.8801	0.520626
NM_001320983.1	4858	4630.29	99.9229	0.971178
NM_001320984.1	4735	4507.29	0	0
NM_001320985.1	4756	4528.29	48.707	0.484059
NM_001320986.2	904	676.361	0	0
NM_001320987.3	4387	4159.29	32.8103	0.355004
NM_001320988.3	4372	4144.29	67.355	0.731412
NM_001320989.3	3466	3238.29	0.00272309	3.78432e-05
NM_001320990.3	4448	4220.29	0	0
NM_001320996.2	1130	902.293	0	0
NM_001321.3	908	680.293	339.043	22.4285
NM_001321001.1	2500	2272.29	75.5653	1.49658
NM_001321002.1	2472	2244.29	165.281	3.31424
NM_001321003.1	2682	2454.29	170.028	3.11772
NM_001321004.1	2734	2506.29	48.7722	0.875755
NM_001321005.1	2383	2155.29	63.8777	1.33378
NM_001321006.2	12775	12547.3	45.3415	0.162625
NM_001321007.2	13148	12920.3	0	0
NM_001321012.2	6845	6617.29	332.903	2.26402
NM_001321013.2	6783	6555.29	145.505	0.998914
NM_001321014.2	6884	6656.29	90.1081	0.609219
NM_001321015.2	2804	2576.29	2.46584	0.0430736
NM_001321017.2	2908	2680.29	0	0
NM_001321018.2	3546	3318.29	58.5012	0.7934
NM_001321019.2	3084	2856.29	5.29333	0.0834005
NM_001321020.2	3118	2890.29	40.5734	0.631744
NM_001321021.1	2838	2610.29	13.0984	0.225825
NM_001321022.2	2761	2533.29	26.6892	0.474124
NM_001321025.2	1058	830.293	40.7266	2.20744
NM_001321026.2	1116	888.293	0	0
NM_001321027.2	3137	2909.29	0	0
NM_001321029.2	3370	3142.29	64.4652	0.923253
NM_001321030.3	3432	3204.29	0	0
NM_001321031.2	3471	3243.29	297.909	4.13371
NM_001321032.2	3275	3047.29	618.3	9.13119
NM_001321033.3	3551	3323.29	332.011	4.496
NM_001321034.2	3486	3258.29	273.987	3.78428
NM_001321035.2	3352	3124.29	794.55	11.4449
NM_001321036.2	1720	1492.29	33.0035	0.995288
NM_001321037.2	2696	2468.29	6	0.109395
NM_001321038.2	6920	6692.29	690.808	4.64542
NM_001321039.3	5633	5405.29	1017.86	8.47442
NM_001321041.2	1941	1713.29	0	0
NM_001321042.2	3061	2833.29	0	0
NM_001321044.2	2553	2325.29	0	0
NM_001321045.2	3282	3054.29	0.000627637	9.24784e-06
NM_001321046.2	2973	2745.29	9.44269	0.154792
NM_001321047.2	3333	3105.29	25.8922	0.375239
NM_001321048.2	3253	3025.29	26.6373	0.396245
NM_001321049.2	1882	1654.29	1.88846	0.0513734
NM_001321051.2	1006	778.293	8.2002	0.474158
NM_001321053.2	1350	1122.29	94.037	3.77081
NM_001321054.1	1166	938.293	46.4088	2.22589
NM_001321057.1	3540	3312.29	0	0
NM_001321058.2	1472	1244.29	77.5334	2.8042
NM_001321059.2	1417	1189.29	54.537	2.06369
NM_001321060.2	1560	1332.29	66.4531	2.2447
NM_001321061.2	1391	1163.29	0	0
NM_001321062.2	1289	1061.29	10.0306	0.42534
NM_001321063.2	1377	1149.29	0.000249616	9.77424e-06
NM_001321064.2	1566	1338.29	5.03423	0.169287
NM_001321065.2	553	329.241	0	0
NM_001321066.2	615	389.417	0	0
NM_001321067.2	654	427.803	0	0
NM_001321068.2	648	421.846	0	0
NM_001321069.2	717	489.852	0	0
NM_001321070.2	3813	3585.29	0	0
NM_001321072.1	2656	2428.29	31.7699	0.588786
NM_001321073.3	2422	2194.29	0	0
NM_001321074.1	4344	4116.29	343.233	3.75254
NM_001321075.3	6176	5948.29	410.073	3.10249
NM_001321076.3	5842	5614.29	51.4568	0.412468
NM_001321077.3	5833	5605.29	0	0
NM_001321079.2	4542	4314.29	51.9188	0.541573
NM_001321080.2	4443	4215.29	36.8901	0.393844
NM_001321081.2	4606	4378.29	86.2726	0.886769
NM_001321082.2	4513	4285.29	100.205	1.05233
NM_001321083.2	4390	4162.29	1.43553	0.0155211
NM_001321084.2	4307	4079.29	16.5424	0.182497
NM_001321086.2	1370	1142.29	70.7874	2.78882
NM_001321089.3	2057	1829.29	20.7886	0.511428
NM_001321090.3	2045	1817.29	49.0822	1.21546
NM_001321091.3	2042	1814.29	12.3971	0.307507
NM_001321092.3	1841	1613.29	1423.56	39.7104
NM_001321093.3	1926	1698.29	5.09854	0.135106
NM_001321096.3	4754	4526.29	0	0
NM_001321099.2	11174	10946.3	32.4347	0.133347
NM_001321100.2	11034	10806.3	65.8442	0.27421
NM_001321102.2	2462	2234.29	149.601	3.01326
NM_001321103.2	8079	7851.29	0.556878	0.00319199
NM_001321104.2	8040	7812.29	1.75634e-08	1.01175e-10
NM_001321105.2	7932	7704.29	0	0
NM_001321106.2	7920	7692.29	1.14137e-08	6.6775e-11
NM_001321107.2	7587	7359.29	289.274	1.76895
NM_001321108.2	7707	7479.29	302.357	1.81929
NM_001321109.2	4468	4240.29	106.717	1.13261
NM_001321110.2	4305	4077.29	216.946	2.39454
NM_001321111.2	580	355.279	235.671	29.8523
NM_001321112.2	867	639.427	58.4878	4.11639
NM_001321113.2	677	450.406	7.79776	0.779127
NM_001321114.2	786	558.487	0	0
NM_001321115.2	5060	4832.29	0	0
NM_001321116.2	4649	4421.29	48.4167	0.49282
NM_001321117.2	4638	4410.29	0	0
NM_001321118.1	2179	1951.29	4.92152e-08	1.13506e-09
NM_001321119.2	1745	1517.29	18.7514	0.556168
NM_001321120.2	3394	3166.29	0	0
NM_001321121.2	2715	2487.29	0.964539	0.0174516
NM_001321122.2	3212	2984.29	0	0
NM_001321123.2	5637	5409.29	0	0
NM_001321124.2	589	364.098	78.2639	9.67354
NM_001321126.2	2086	1858.29	0	0
NM_001321127.2	2219	1991.29	3.19299	0.0721614
NM_001321133.2	1083	855.293	0	0
NM_001321134.2	3839	3611.29	157.364	1.96103
NM_001321135.2	1941	1713.29	0	0
NM_001321136.2	2217	1989.29	0	0
NM_001321137.1	1855	1627.29	0	0
NM_001321142.2	1305	1077.29	0	0
NM_001321143.2	1151	923.293	0	0
NM_001321144.2	1038	810.293	0.999999	0.0555392
NM_001321145.2	4252	4024.29	31.3144	0.350184
NM_001321146.2	4475	4247.29	66.2736	0.702216
NM_001321147.2	4125	3897.29	14.3957	0.166231
NM_001321148.2	5372	5144.29	0	0
NM_001321149.2	5424	5196.29	174.902	1.51476
NM_001321150.2	1353	1125.29	42.0912	1.68333
NM_001321153.2	6908	6680.29	0	0
NM_001321154.2	9770	9542.29	240.772	1.13552
NM_001321155.2	9894	9666.29	227.571	1.05949
NM_001321156.2	9964	9736.29	0	0
NM_001321157.2	9885	9657.29	111.236	0.518362
NM_001321158.2	9606	9378.29	11.6596	0.05595
NM_001321159.2	9615	9387.29	13.2509	0.0635253
NM_001321160.2	9787	9559.29	25.0029	0.117708
NM_001321161.2	9499	9271.29	0.971597	0.00471615
NM_001321162.2	9632	9404.29	28.4505	0.136146
NM_001321163.2	1780	1552.29	6.81738	0.197645
NM_001321164.2	4304	4076.29	48.4693	0.53511
NM_001321166.2	4252	4024.29	20.0858	0.224617
NM_001321167.2	4322	4094.29	0	0
NM_001321168.2	4186	3958.29	0	0
NM_001321170.1	1261	1033.29	39.597	1.72457
NM_001321173.2	1854	1626.29	15.0461	0.416359
NM_001321174.2	2004	1776.29	0	0
NM_001321175.2	2176	1948.29	21.3525	0.493215
NM_001321176.2	2171	1943.29	7.31344e-07	1.69366e-08
NM_001321177.2	4350	4122.29	0	0
NM_001321178.3	3757	3529.29	1440.95	18.374
NM_001321179.2	3005	2777.29	96.2058	1.55891
NM_001321180.1	2188	1960.29	11.2579	0.258452
NM_001321181.2	2167	1939.29	0	0
NM_001321182.2	2004	1776.29	0	0
NM_001321183.1	1869	1641.29	47.269	1.29608
NM_001321185.1	2884	2656.29	0	0
NM_001321186.2	1758	1530.29	17.9186	0.526952
NM_001321187.2	1688	1460.29	3.49518e-05	1.07714e-06
NM_001321188.1	1677	1449.29	0	0
NM_001321190.2	1615	1387.29	59.0945	1.917
NM_001321191.1	1988	1760.29	198.509	5.07501
NM_001321193.3	7959	7731.29	215.626	1.25514
NM_001321194.3	8301	8073.29	167.349	0.932859
NM_001321195.3	7856	7628.29	0	0
NM_001321196.2	2040	1812.29	21.6747	0.53823
NM_001321197.2	1119	891.293	22.7551	1.14895
NM_001321198.2	1000	772.293	112.188	6.53741
NM_001321199.2	964	736.293	150.786	9.2162
NM_001321200.2	1020	792.293	0.0984538	0.00559228
NM_001321201.2	892	664.361	0	0
NM_001321202.2	1412	1184.29	0	0
NM_001321203.2	1311	1083.29	39.0622	1.62276
NM_001321204.2	1376	1148.29	0	0
NM_001321205.2	1531	1303.29	0	0
NM_001321207.2	4426	4198.29	285.529	3.0607
NM_001321208.2	3819	3591.29	1973.94	24.7358
NM_001321209.2	688	461.088	896.194	87.4704
NM_001321210.2	793	565.487	41.6685	3.3161
NM_001321211.2	3585	3357.29	0	0
NM_001321213.2	3171	2943.29	28.4236	0.434597
NM_001321214.2	1120	892.293	0	0
NM_001321215.3	3497	3269.29	5.57196	0.0767002
NM_001321216.2	805	577.487	0	0
NM_001321217.2	1034	806.293	0	0
NM_001321218.2	3680	3452.29	0	0
NM_001321219.2	3612	3384.29	0	0
NM_001321220.2	2853	2625.29	36.7015	0.629142
NM_001321221.2	3052	2824.29	0	0
NM_001321222.2	2538	2310.29	29.1561	0.567943
NM_001321223.1	1855	1627.29	0	0
NM_001321224.2	2579	2351.29	8.75333	0.167536
NM_001321225.2	4147	3919.29	226.757	2.60373
NM_001321226.2	4527	4299.29	34.1956	0.357944
NM_001321227.2	4248	4020.29	192.864	2.15891
NM_001321228.2	4211	3983.29	215.617	2.43603
NM_001321229.1	4122	3894.29	0	0
NM_001321230.2	1962	1734.29	22.5423	0.584949
NM_001321231.2	2241	2013.29	0.34772	0.00777258
NM_001321232.2	4120	3892.29	0	0
NM_001321233.1	4094	3866.29	0	0
NM_001321234.2	3331	3103.29	0	0
NM_001321235.2	3492	3264.29	34.316	0.473097
NM_001321236.2	5022	4794.29	0	0
NM_001321238.2	4906	4678.29	22.2819	0.214342
NM_001321239.1	3706	3478.29	637.591	8.24932
NM_001321240.2	1512	1284.29	172.658	6.05012
NM_001321241.2	1575	1347.29	118.713	3.96532
NM_001321242.1	2861	2633.29	0.00100237	1.71306e-05
NM_001321243.2	2978	2750.29	24.7915	0.405663
NM_001321244.2	3011	2783.29	51.9797	0.84046
NM_001321245.2	1129	901.293	0	0
NM_001321246.2	2861	2633.29	34.8941	0.596342
NM_001321247.2	2745	2517.29	0	0
NM_001321248.2	2706	2478.29	0.00248241	4.50778e-05
NM_001321249.2	2845	2617.29	0	0
NM_001321250.2	2867	2639.29	43.0037	0.733264
NM_001321251.1	2871	2643.29	83.683	1.42473
NM_001321263.2	16216	15988.3	2650.32	7.46001
NM_001321264.3	1743	1515.29	36.9535	1.09749
NM_001321265.2	7476	7248.29	144.257	0.895659
NM_001321266.2	7398	7170.29	189.843	1.19152
NM_001321267.2	7699	7471.29	181.005	1.09028
NM_001321268.2	2245	2017.29	47.3895	1.0572
NM_001321269.2	2260	2032.29	0	0
NM_001321270.2	3886	3658.29	5	0.0615083
NM_001321271.1	1213	985.293	0	0
NM_001321272.2	2943	2715.29	0	0
NM_001321276.2	3402	3174.29	0	0
NM_001321277.2	2390	2162.29	190.569	3.96625
NM_001321278.2	1857	1629.29	0	0
NM_001321279.2	2675	2447.29	0.00032293	5.93834e-06
NM_001321281.2	3713	3485.29	0	0
NM_001321282.2	3822	3594.29	123.96	1.55207
NM_001321283.2	3702	3474.29	45.729	0.592335
NM_001321284.2	597	371.913	4.48583	0.542804
NM_001321285.2	3325	3097.29	0	0
NM_001321287.2	2927	2699.29	0	0
NM_001321288.2	2248	2020.29	51.7191	1.15207
NM_001321289.2	2321	2093.29	0	0
NM_001321290.2	2511	2283.29	0	0
NM_001321291.2	6208	5980.29	21.7444	0.163631
NM_001321293.2	3515	3287.29	0	0
NM_001321294.2	1532	1304.29	15.2327	0.525587
NM_001321295.2	1681	1453.29	0	0
NM_001321298.2	1633	1405.29	0	0
NM_001321299.2	4110	3882.29	224.974	2.60787
NM_001321307.1	6134	5906.29	72.3991	0.551646
NM_001321308.2	2234	2006.29	0	0
NM_001321309.2	9905	9677.29	0	0
NM_001321310.2	2364	2136.29	16.9469	0.357002
NM_001321311.2	2695	2467.29	64.8884	1.18356
NM_001321312.2	4194	3966.29	462.609	5.24893
NM_001321313.1	3993	3765.29	364.134	4.35216
NM_001321314.1	3943	3715.29	0.275039	0.00333153
NM_001321315.1	3856	3628.29	0	0
NM_001321316.2	11139	10911.3	0	0
NM_001321317.2	3800	3572.29	13.6395	0.171828
NM_001321318.2	3871	3643.29	10.5615	0.130459
NM_001321319.2	4037	3809.29	103.475	1.22245
NM_001321320.2	4004	3776.29	12.2309	0.145759
NM_001321321.2	4030	3802.29	0	0
NM_001321322.2	4025	3797.29	0	0
NM_001321323.2	3833	3605.29	3.24234e-06	4.04725e-08
NM_001321324.2	3380	3152.29	789.87	11.2764
NM_001321325.2	869	641.427	0	0
NM_001321326.2	1956	1728.29	0	0
NM_001321328.2	4093	3865.29	77.118	0.897874
NM_001321329.2	3608	3380.29	0	0
NM_001321330.2	3180	2952.29	36.0024	0.5488
NM_001321331.2	3188	2960.29	47.1221	0.716361
NM_001321332.2	3234	3006.29	10.0207	0.150006
NM_001321333.2	3088	2860.29	22.0336	0.346671
NM_001321335.2	1172	944.293	29.6847	1.41471
NM_001321336.2	1692	1464.29	8.80378	0.270572
NM_001321337.2	1740	1512.29	0	0
NM_001321343.2	3560	3332.29	5.34844	0.0722315
NM_001321344.2	3433	3205.29	0	0
NM_001321345.2	3348	3120.29	47.7346	0.688462
NM_001321346.2	3210	2982.29	14.0781	0.212439
NM_001321349.2	3621	3393.29	0	0
NM_001321350.2	3697	3469.29	117.476	1.52388
NM_001321351.2	5245	5017.29	18.1986	0.163234
NM_001321352.2	2010	1782.29	0	0
NM_001321353.2	2007	1779.29	0	0
NM_001321355.2	3900	3672.29	0	0
NM_001321356.2	4401	4173.29	6.42547	0.0692897
NM_001321357.2	2887	2659.29	229.725	3.88763
NM_001321358.2	2205	1977.29	981.721	22.3439
NM_001321359.2	2200	1972.29	0	0
NM_001321361.2	2202	1974.29	0	0
NM_001321362.2	2178	1950.29	1795.87	41.4397
NM_001321363.2	2085	1857.29	393.672	9.53887
NM_001321364.2	8145	7917.29	0	0
NM_001321365.2	8407	8179.29	0	0
NM_001321367.2	3622	3394.29	197.108	2.61335
NM_001321368.2	1126	898.293	2348.89	117.675
NM_001321369.2	1078	850.293	5.12452e-08	2.71223e-09
NM_001321370.2	1078	850.293	35.7698	1.89317
NM_001321375.2	2304	2076.29	0	0
NM_001321376.2	2469	2241.29	0	0
NM_001321378.2	8497	8269.29	383.129	2.08506
NM_001321380.2	7298	7070.29	198.722	1.26489
NM_001321381.3	5286	5058.29	191.16	1.70073
NM_001321384.2	2724	2496.29	0	0
NM_001321386.2	1740	1512.29	3.16167	0.0940855
NM_001321387.3	1479	1251.29	5.3559	0.192626
NM_001321389.2	2065	1837.29	7.16437	0.175486
NM_001321390.2	1977	1749.29	31.1542	0.801486
NM_001321391.2	2012	1784.29	87.7024	2.21201
NM_001321395.2	1850	1622.29	0	0
NM_001321396.3	2036	1808.29	11.7218	0.29172
NM_001321397.3	1983	1755.29	125.708	3.22297
NM_001321399.2	1678	1450.29	0	0
NM_001321400.1	2026	1798.29	0	0
NM_001321401.1	2010	1782.29	0	0
NM_001321402.1	1947	1719.29	0	0
NM_001321403.1	1849	1621.29	0	0
NM_001321404.1	1663	1435.29	0	0
NM_001321411.2	1801	1573.29	3.20861e-06	9.17802e-08
NM_001321417.2	3399	3171.29	0	0
NM_001321420.2	1332	1104.29	3.38906	0.138114
NM_001321421.2	1236	1008.29	0	0
NM_001321422.1	1376	1148.29	0	0
NM_001321423.1	1242	1014.29	8.28313	0.367514
NM_001321424.2	3783	3555.29	23.5624	0.298254
NM_001321425.2	3483	3255.29	21.6969	0.29995
NM_001321427.2	2871	2643.29	25.4001	0.432446
NM_001321428.2	2345	2117.29	28.6706	0.609394
NM_001321429.2	2521	2293.29	13.4637	0.264209
NM_001321430.2	2461	2233.29	0	0
NM_001321431.2	9087	8859.29	0	0
NM_001321432.2	2285	2057.29	38.2049	0.835729
NM_001321433.2	2390	2162.29	24.4013	0.507856
NM_001321435.2	2464	2236.29	71.6299	1.44148
NM_001321436.2	2468	2240.29	153.673	3.08698
NM_001321438.2	2227	1999.29	27.63	0.621937
NM_001321439.2	2111	1883.29	707.204	16.8993
NM_001321440.2	1994	1766.29	8.11336	0.206719
NM_001321441.2	1276	1048.29	43.4137	1.86374
NM_001321445.2	2565	2337.29	51.1592	0.985038
NM_001321449.1	959	731.293	0	0
NM_001321454.2	4839	4611.29	0.000640108	6.24702e-06
NM_001321455.2	4885	4657.29	35.7041	0.345007
NM_001321458.2	4855	4627.29	70.1168	0.681926
NM_001321459.2	4931	4703.29	66.3701	0.635057
NM_001321460.2	4928	4700.29	70.6367	0.676313
NM_001321463.2	3677	3449.29	4587.61	59.8548
NM_001321468.1	2322	2094.29	0.000389058	8.36026e-06
NM_001321469.1	2214	1986.29	22.7418	0.515258
NM_001321470.1	2166	1938.29	0	0
NM_001321471.2	4537	4309.29	121.8	1.27199
NM_001321473.2	4402	4174.29	2964.55	31.9609
NM_001321474.1	2109	1881.29	6.52389	0.15606
NM_001321475.1	2312	2084.29	7.41911	0.16019
NM_001321477.1	2407	2179.29	5.69005e-07	1.17501e-08
NM_001321478.1	2515	2287.29	0	0
NM_001321479.1	1814	1586.29	0	0
NM_001321480.1	2505	2277.29	0	0
NM_001321481.1	2417	2189.29	0	0
NM_001321483.2	2077	1849.29	125.534	3.05491
NM_001321484.2	2177	1949.29	214.291	4.9473
NM_001321485.2	2034	1806.29	29.8427	0.743519
NM_001321496.2	2700	2472.29	2.14345	0.0390171
NM_001321498.2	3097	2869.29	0.676384	0.0106087
NM_001321499.2	4238	4010.29	92.7073	1.04035
NM_001321500.2	4670	4442.29	241.784	2.44941
NM_001321501.2	4743	4515.29	86.5322	0.86245
NM_001321502.2	4537	4309.29	7.61518	0.0795274
NM_001321503.2	4036	3808.29	41.8966	0.495098
NM_001321504.2	4356	4128.29	32.6982	0.356448
NM_001321505.2	2631	2403.29	11.4706	0.214794
NM_001321506.2	2444	2216.29	30.4282	0.617863
NM_001321507.2	4425	4197.29	12.2689	0.131547
NM_001321508.2	4223	3995.29	1.19975	0.0135141
NM_001321509.2	3018	2790.29	59.133	0.953723
NM_001321510.2	2513	2285.29	49.0741	0.966391
NM_001321511.2	4169	3941.29	71.697	0.818662
NM_001321512.2	4739	4511.29	1334.38	13.3113
NM_001321513.2	5126	4898.29	46.1427	0.423937
NM_001321514.2	3092	2864.29	0	0
NM_001321515.2	3332	3104.29	0	0
NM_001321518.1	1189	961.293	101.388	4.7465
NM_001321519.2	5073	4845.29	0	0
NM_001321522.2	6503	6275.29	0	0
NM_001321523.2	6442	6214.29	0	0
NM_001321524.2	6450	6222.29	29.9434	0.216567
NM_001321525.2	2689	2461.29	87.5531	1.60085
NM_001321526.2	2779	2551.29	1.47797	0.0260705
NM_001321527.2	2743	2515.29	126.513	2.26355
NM_001321528.2	2733	2505.29	0	0
NM_001321529.2	2566	2338.29	168.532	3.24359
NM_001321530.2	2458	2230.29	4.85055e-05	9.78748e-07
NM_001321531.2	2808	2580.29	17.2366	0.300624
NM_001321532.2	4727	4499.29	259.88	2.59939
NM_001321533.2	4087	3859.29	19.1498	0.223305
NM_001321534.2	4021	3793.29	7.477	0.088706
NM_001321538.3	3383	3155.29	0	0
NM_001321539.3	2975	2747.29	0	0
NM_001321541.2	2097	1869.29	468.09	11.2692
NM_001321542.2	2005	1777.29	62.5945	1.58496
NM_001321544.2	3198	2970.29	0	0
NM_001321546.2	4655	4427.29	19.1679	0.19484
NM_001321547.2	2556	2328.29	424.543	8.20591
NM_001321548.2	2534	2306.29	2.21362	0.0431948
NM_001321550.2	2917	2689.29	42.8906	0.717738
NM_001321560.2	7425	7197.29	363.904	2.27541
NM_001321561.2	1585	1357.29	23.9185	0.793055
NM_001321566.2	5725	5497.29	31.681	0.259353
NM_001321567.2	5733	5505.29	0	0
NM_001321568.2	5662	5434.29	0	0
NM_001321569.2	5785	5557.29	0	0
NM_001321570.2	5689	5461.29	0	0
NM_001321571.2	5785	5557.29	0	0
NM_001321572.2	5689	5461.29	0	0
NM_001321573.2	5758	5530.29	0	0
NM_001321574.2	5680	5452.29	533.389	4.40258
NM_001321575.2	5629	5401.29	0	0
NM_001321576.2	5584	5356.29	180.308	1.51493
NM_001321577.2	5626	5398.29	0	0
NM_001321578.2	5556	5328.29	0	0
NM_001321579.2	5733	5505.29	0	0
NM_001321580.2	5743	5515.29	0	0
NM_001321581.2	5730	5502.29	0.124909	0.00102163
NM_001321582.2	5620	5392.29	0	0
NM_001321583.2	5673	5445.29	0	0
NM_001321584.2	5626	5398.29	0	0
NM_001321585.2	5723	5495.29	0.216084	0.0017696
NM_001321586.2	5686	5458.29	0	0
NM_001321587.2	5662	5434.29	0	0
NM_001321588.2	5722	5494.29	0	0
NM_001321589.2	5673	5445.29	7.52157	0.0621626
NM_001321590.2	5629	5401.29	3.48697	0.0290531
NM_001321591.2	5706	5478.29	0	0
NM_001321592.2	1448	1220.29	25.4663	0.93917
NM_001321594.2	2211	1983.29	0	0
NM_001321596.1	2330	2102.29	0	0
NM_001321605.2	1785	1557.29	3.63769	0.105123
NM_001321612.2	3092	2864.29	975.701	15.33
NM_001321617.2	2420	2192.29	0	0
NM_001321618.1	9237	9009.29	0	0
NM_001321619.2	9491	9263.29	56.0618	0.27236
NM_001321621.2	9393	9165.29	0	0
NM_001321622.2	9609	9381.29	17.3583	0.0832698
NM_001321623.1	9503	9275.29	59.8645	0.290458
NM_001321624.1	9405	9177.29	0	0
NM_001321625.2	9659	9431.29	16.8972	0.0806282
NM_001321626.2	9679	9451.29	0	0
NM_001321627.1	9559	9331.29	37.7421	0.182023
NM_001321628.2	9715	9487.29	10.8199	0.0513245
NM_001321629.1	9391	9163.29	125.128	0.614535
NM_001321630.2	1241	1013.29	0	0
NM_001321635.2	4402	4174.29	993.01	10.7057
NM_001321636.2	4307	4079.29	66.3211	0.73166
NM_001321643.2	7868	7640.29	1170.66	6.89546
NM_001321645.3	3993	3765.29	304.758	3.64249
NM_001321646.2	6872	6644.29	145.388	0.984742
NM_001321647.2	3186	2958.29	71.2085	1.08326
NM_001321648.2	3290	3062.29	8.75251	0.128626
NM_001321675.2	6295	6067.29	0.0186866	0.000138604
NM_001321676.2	5840	5612.29	10.652	0.0854145
NM_001321677.2	5645	5417.29	29.1456	0.242121
NM_001321678.2	5540	5312.29	8.67056	0.0734527
NM_001321679.2	5811	5583.29	101.002	0.814108
NM_001321680.2	6254	6026.29	18.2421	0.136228
NM_001321681.2	5056	4828.29	0	0
NM_001321685.2	4612	4384.29	84.8929	0.871393
NM_001321688.2	6467	6239.29	81.7207	0.589439
NM_001321690.1	3099	2871.29	22265.2	348.972
NM_001321691.2	6409	6181.29	48.2323	0.351157
NM_001321693.2	6334	6106.29	10.8779	0.0801698
NM_001321694.2	6422	6194.29	10.6278	0.0772135
NM_001321697.2	3600	3372.29	13.429	0.17921
NM_001321698.1	3628	3400.29	0.000827501	1.0952e-05
NM_001321699.1	6219	5991.29	3.84224	0.0288607
NM_001321701.2	718	490.852	26.1157	2.39438
NM_001321702.2	786	558.487	136.544	11.0028
NM_001321703.2	8513	8285.29	25.8227	0.14026
NM_001321704.2	707	479.9	92.0568	8.63272
NM_001321705.2	590	365.061	260.997	32.1745
NM_001321706.2	526	304.007	56.265	8.32908
NM_001321707.2	8378	8150.29	182.645	1.0085
NM_001321708.2	13469	13241.3	96.8677	0.329224
NM_001321709.2	13137	12909.3	431.686	1.5049
NM_001321710.2	13232	13004.3	0	0
NM_001321711.2	8223	7995.29	32.1608	0.181023
NM_001321712.2	8307	8079.29	12.6061	0.0702184
NM_001321713.2	8410	8182.29	25.0059	0.137534
NM_001321721.2	2041	1813.29	6.08863	0.15111
NM_001321722.2	2241	2013.29	0	0
NM_001321727.1	2484	2256.29	49.4784	0.986876
NM_001321728.1	2454	2226.29	75.5116	1.52642
NM_001321729.2	5922	5694.29	21.1161	0.166884
NM_001321730.2	5787	5559.29	1.96885	0.0159381
NM_001321731.2	5963	5735.29	87.3172	0.685152
NM_001321732.2	2376	2148.29	203.763	4.26849
NM_001321733.2	5775	5547.29	45.7095	0.370824
NM_001321734.2	5756	5528.29	0	0
NM_001321739.2	2544	2316.29	0	0
NM_001321740.2	4269	4041.29	39.5806	0.440762
NM_001321741.2	3981	3753.29	75.5316	0.905646
NM_001321742.2	1195	967.293	31.4461	1.46302
NM_001321743.1	5884	5656.29	31.9141	0.253918
NM_001321744.1	5590	5362.29	709.672	5.95593
NM_001321745.1	5338	5110.29	379.91	3.34562
NM_001321746.2	5317	5089.29	345.231	3.05277
NM_001321747.2	5337	5109.29	37.2189	0.327827
NM_001321748.2	5411	5183.29	41.7958	0.362885
NM_001321749.2	7564	7336.29	239.537	1.46939
NM_001321756.2	2826	2598.29	0	0
NM_001321757.2	2492	2264.29	0	0
NM_001321758.2	2761	2533.29	11.9162	0.211687
NM_001321759.2	2872	2644.29	442.781	7.53566
NM_001321760.2	2766	2538.29	0	0
NM_001321761.2	2890	2662.29	13.3976	0.226472
NM_001321766.2	1688	1460.29	0	0
NM_001321768.2	6139	5911.29	48.3728	0.368265
NM_001321770.2	2625	2397.29	0	0
NM_001321772.2	2494	2266.29	2.05622	0.0408315
NM_001321773.2	6269	6041.29	0	0
NM_001321775.2	1850	1622.29	0	0
NM_001321776.2	2413	2185.29	0	0
NM_001321777.2	2338	2110.29	0	0
NM_001321778.2	1878	1650.29	0	0
NM_001321781.3	628	402.259	2.36485	0.26457
NM_001321782.3	621	395.338	4.84546	0.55158
NM_001321783.2	8699	8471.29	2133.8	11.3356
NM_001321784.2	8745	8517.29	564.92	2.98488
NM_001321785.2	8456	8228.29	302.799	1.6561
NM_001321786.1	6685	6457.29	0	0
NM_001321787.2	2434	2206.29	0	0
NM_001321788.2	6573	6345.29	0.0166932	0.000118394
NM_001321789.1	6476	6248.29	0	0
NM_001321790.2	6405	6177.29	2.3702	0.0172675
NM_001321791.2	6441	6213.29	0.00251891	1.82445e-05
NM_001321792.2	804	576.487	27.5843	2.15335
NM_001321793.2	6617	6389.29	260.083	1.8319
NM_001321794.2	6426	6198.29	0	0
NM_001321795.2	6602	6374.29	0	0
NM_001321796.2	6426	6198.29	0.020053	0.000145596
NM_001321797.2	6294	6066.29	0	0
NM_001321798.2	6470	6242.29	0	0
NM_001321799.2	6470	6242.29	61.9905	0.446913
NM_001321800.2	3496	3268.29	0.202387	0.00278678
NM_001321801.2	3619	3391.29	1.80557	0.0239602
NM_001321802.2	3535	3307.29	2.81875	0.0383554
NM_001321803.2	3616	3388.29	0.0595039	0.000790326
NM_001321805.2	3412	3184.29	73.6869	1.04141
NM_001321806.2	6416	6188.29	39.7518	0.289086
NM_001321807.2	6893	6665.29	0	0
NM_001321808.2	6585	6357.29	0	0
NM_001321809.2	2169	1941.29	0	0
NM_001321810.2	2174	1946.29	0	0
NM_001321811.2	6445	6217.29	0	0
NM_001321812.1	2938	2710.29	8.12784	0.134959
NM_001321813.1	6514	6286.29	0	0
NM_001321814.2	3249	3021.29	0	0
NM_001321815.1	1792	1564.29	0	0
NM_001321816.2	6313	6085.29	0	0
NM_001321817.2	1657	1429.29	0	0
NM_001321818.2	1273	1045.29	14.7368	0.634466
NM_001321819.1	2267	2039.29	10.7722	0.237721
NM_001321820.2	6749	6521.29	24.1446	0.166621
NM_001321821.2	2128	1900.29	1.90628	0.0451448
NM_001321822.2	6799	6571.29	3.51018	0.0240393
NM_001321825.2	9367	9139.29	2.21174e-07	1.08909e-09
NM_001321826.2	2355	2127.29	0	0
NM_001321827.2	3679	3451.29	0	0
NM_001321828.1	2233	2005.29	0	0
NM_001321829.1	7386	7158.29	254.194	1.59808
NM_001321830.2	2168	1940.29	85.8166	1.99043
NM_001321831.2	1978	1750.29	48.2778	1.24131
NM_001321833.2	2488	2260.29	30.5201	0.607664
NM_001321834.2	3396	3168.29	23.9995	0.340894
NM_001321835.2	2131	1903.29	12.5231	0.296108
NM_001321836.2	2578	2350.29	9.87027	0.188995
NM_001321837.2	3888	3660.29	0	0
NM_001321838.2	3938	3710.29	0	0
NM_001321839.2	5639	5411.29	0	0
NM_001321844.2	977	749.293	12.0278	0.722396
NM_001321845.2	757	529.648	0	0
NM_001321846.2	652	425.803	0	0
NM_001321847.2	829	601.427	96.0813	7.18949
NM_001321848.2	961	733.293	14.2461	0.874301
NM_001321851.1	9993	9765.29	381.511	1.75819
NM_001321852.2	5018	4790.29	0	0
NM_001321853.2	5277	5049.29	0	0
NM_001321854.2	5193	4965.29	0	0
NM_001321855.2	5176	4948.29	0	0
NM_001321856.2	4931	4703.29	393.645	3.76657
NM_001321857.2	5089	4861.29	867.446	8.03032
NM_001321858.2	5204	4976.29	0.00797638	7.21344e-05
NM_001321859.2	4546	4318.29	27.3384	0.284907
NM_001321860.1	4188	3960.29	91.4909	1.03966
NM_001321861.2	4124	3896.29	0	0
NM_001321862.2	4111	3883.29	0	0
NM_001321863.2	4501	4273.29	5.76406	0.0607027
NM_001321864.1	1020	792.293	0	0
NM_001321865.1	1183	955.293	0	0
NM_001321866.4	4618	4390.29	0	0
NM_001321867.3	4015	3787.29	11.178	0.132824
NM_001321868.2	9974	9746.29	97.5173	0.450282
NM_001321869.2	4649	4421.29	0	0
NM_001321870.2	4640	4412.29	0	0
NM_001321871.2	4523	4295.29	0	0
NM_001321872.2	4517	4289.29	0	0
NM_001321873.2	4511	4283.29	0	0
NM_001321874.2	4414	4186.29	0	0
NM_001321875.2	4420	4192.29	0	0
NM_001321876.2	4515	4287.29	0	0
NM_001321877.2	9748	9520.29	68.2589	0.322664
NM_001321878.2	4597	4369.29	0	0
NM_001321879.2	4276	4048.29	0	0
NM_001321881.2	5809	5581.29	48.9346	0.394569
NM_001321882.2	5956	5728.29	408.903	3.21245
NM_001321883.2	8430	8202.29	103.398	0.567308
NM_001321884.2	4408	4180.29	0	0
NM_001321885.2	4297	4069.29	0	0
NM_001321886.2	4464	4236.29	0	0
NM_001321887.2	4298	4070.29	0	0
NM_001321888.2	4098	3870.29	0	0
NM_001321889.2	4335	4107.29	0	0
NM_001321890.2	4399	4171.29	0	0
NM_001321891.2	4273	4045.29	0	0
NM_001321892.3	3808	3580.29	0	0
NM_001321893.2	4170	3942.29	0	0
NM_001321894.2	4179	3951.29	0	0
NM_001321895.2	4113	3885.29	0	0
NM_001321896.2	4265	4037.29	0	0
NM_001321897.2	9645	9417.29	0.101359	0.000484369
NM_001321898.2	4128	3900.29	0	0
NM_001321899.2	4311	4083.29	0	0
NM_001321900.2	4405	4177.29	0	0
NM_001321901.2	4239	4011.29	0	0
NM_001321902.2	4245	4017.29	0	0
NM_001321903.2	8430	8202.29	69.6198	0.381979
NM_001321904.2	4539	4311.29	5.50762	0.0574909
NM_001321905.3	6388	6160.29	0	0
NM_001321906.2	6494	6266.29	0	0
NM_001321907.3	5925	5697.29	0	0
NM_001321908.3	6247	6019.29	0	0
NM_001321909.3	5788	5560.29	0	0
NM_001321910.3	6022	5794.29	0	0
NM_001321911.3	6330	6102.29	0	0
NM_001321912.3	6288	6060.29	0	0
NM_001321913.3	5849	5621.29	0	0
NM_001321914.2	6373	6145.29	0	0
NM_001321917.2	5944	5716.29	40.4141	0.318171
NM_001321918.2	1796	1568.29	12.7594	0.366137
NM_001321919.2	1776	1548.29	27.4245	0.797127
NM_001321920.2	2735	2507.29	0.019265	0.000345786
NM_001321921.2	809	581.487	0	0
NM_001321922.2	3272	3044.29	24.587	0.363463
NM_001321923.2	2732	2504.29	0	0
NM_001321924.2	2097	1869.29	60.6719	1.46067
NM_001321926.2	1579	1351.29	0	0
NM_001321927.1	1972	1744.29	0	0
NM_001321928.1	1733	1505.29	0	0
NM_001321929.1	1731	1503.29	0	0
NM_001321931.1	2984	2756.29	0	0
NM_001321932.1	3070	2842.29	0	0
NM_001321933.1	2980	2752.29	0	0
NM_001321934.1	2743	2515.29	0	0
NM_001321935.1	2596	2368.29	21.085	0.400664
NM_001321936.1	2923	2695.29	0	0
NM_001321937.2	994	766.293	0	0
NM_001321938.2	13433	13205.3	0	0
NM_001321939.2	13045	12817.3	0.00241128	8.46631e-06
NM_001321940.1	3326	3098.29	0	0
NM_001321941.2	13223	12995.3	0	0
NM_001321942.1	3165	2937.29	0	0
NM_001321943.1	3202	2974.29	0	0
NM_001321944.1	3418	3190.29	0	0
NM_001321945.2	13027	12799.3	0.0165582	5.82195e-05
NM_001321946.2	13133	12905.3	71.1571	0.248138
NM_001321947.2	12951	12723.3	58.2155	0.205912
NM_001321948.2	13023	12795.3	0.0254167	8.93947e-05
NM_001321949.1	3654	3426.29	0	0
NM_001321950.2	1871	1643.29	0.353795	0.00968899
NM_001321952.2	4281	4053.29	50.4165	0.559767
NM_001321953.2	4154	3926.29	127.465	1.461
NM_001321954.2	4080	3852.29	8.06675	0.094237
NM_001321957.2	5071	4843.29	234.278	2.17687
NM_001321958.2	5145	4917.29	75.9866	0.69543
NM_001321959.2	5164	4936.29	0	0
NM_001321960.2	5233	5005.29	76.0355	0.683643
NM_001321961.2	3283	3055.29	11.6815	0.172063
NM_001321962.2	3097	2869.29	5.58449e-07	8.75893e-09
NM_001321963.2	3903	3675.29	0	0
NM_001321964.2	4269	4041.29	12.8931	0.143575
NM_001321965.2	4582	4354.29	0	0
NM_001321966.2	3493	3265.29	26.7882	0.369201
NM_001321967.2	4334	4106.29	1508.09	16.528
NM_001321968.2	4244	4016.29	24.2675	0.271921
NM_001321969.2	4424	4196.29	53.345	0.572097
NM_001321970.2	3389	3161.29	326.948	4.65432
NM_001321971.2	4481	4253.29	0	0
NM_001321972.2	4513	4285.29	13.85	0.145449
NM_001321973.2	579	354.315	14.2227	1.80649
NM_001321974.2	463	245.87	34.4077	6.29785
NM_001321975.2	4019	3791.29	5.7866	0.0686876
NM_001321976.2	1700	1472.29	63.3483	1.93635
NM_001321978.2	1393	1165.29	0	0
NM_001321979.2	1667	1439.29	16.9137	0.528849
NM_001321980.2	1407	1179.29	8.48565	0.323821
NM_001321981.2	4845	4617.29	45.6312	0.444751
NM_001321982.2	2848	2620.29	161.821	2.77924
NM_001321983.2	6426	6198.29	44.4738	0.322904
NM_001321984.2	2070	1842.29	39.2259	0.9582
NM_001321985.3	5378	5150.29	107.078	0.93564
NM_001321986.3	5358	5130.29	20.4325	0.179234
NM_001321987.3	5505	5277.29	0	0
NM_001321988.3	6037	5809.29	136.339	1.05618
NM_001321989.2	6408	6180.29	158.928	1.15727
NM_001321991.3	5166	4938.29	31.8836	0.290558
NM_001321992.3	5199	4971.29	51.6073	0.46718
NM_001321993.3	5342	5114.29	149.19	1.31279
NM_001321994.3	5258	5030.29	0.0021577	1.93036e-05
NM_001321995.2	3784	3556.29	199.207	2.52086
NM_001321996.2	3219	2991.29	23.2786	0.350219
NM_001321997.2	3705	3477.29	29.5381	0.382282
NM_001322.3	746	518.701	8	0.694089
NM_001322003.2	5088	4860.29	31.4331	0.29105
NM_001322004.2	4953	4725.29	3.76579e-06	3.58649e-08
NM_001322005.2	5283	5055.29	28.5628	0.254271
NM_001322006.2	4937	4709.29	19.1247	0.18276
NM_001322007.2	4990	4762.29	2.07494e-05	1.96079e-07
NM_001322008.2	4850	4622.29	0	0
NM_001322009.2	5311	5083.29	0	0
NM_001322010.2	4797	4569.29	1.74915e-07	1.72274e-09
NM_001322011.2	5044	4816.29	55.1298	0.515129
NM_001322012.2	5039	4811.29	8.46378	0.0791671
NM_001322013.2	4920	4692.29	0	0
NM_001322014.2	5126	4898.29	16.598	0.152494
NM_001322015.2	5263	5035.29	2.54886	0.0227805
NM_001322019.2	2062	1834.29	60.312	1.47971
NM_001322020.2	4746	4518.29	0	0
NM_001322023.2	1649	1421.29	0	0
NM_001322026.2	3263	3035.29	0	0
NM_001322027.3	4485	4257.29	44.9119	0.474755
NM_001322028.2	1797	1569.29	54.392	1.55982
NM_001322029.2	1825	1597.29	180.323	5.08052
NM_001322030.3	3232	3004.29	395.094	5.91835
NM_001322031.2	5278	5050.29	2.2672	0.020203
NM_001322032.2	3014	2786.29	11.7764	0.190208
NM_001322033.2	4975	4747.29	0	0
NM_001322038.2	2210	1982.29	41.7511	0.947855
NM_001322039.2	2299	2071.29	7.2444	0.157399
NM_001322040.2	2332	2104.29	472.571	10.1065
NM_001322041.2	2442	2214.29	26.771	0.544091
NM_001322042.2	8150	7922.29	0	0
NM_001322043.2	3715	3487.29	0	0
NM_001322045.2	3816	3588.29	0	0
NM_001322046.2	4873	4645.29	144.666	1.40151
NM_001322048.2	4128	3900.29	0	0
NM_001322049.2	4002	3774.29	7.27492	0.086743
NM_001322050.2	1380	1152.29	19.2775	0.752887
NM_001322051.2	1424	1196.29	77.4357	2.91303
NM_001322055.2	4622	4394.29	59.8185	0.612617
NM_001322056.2	8693	8465.29	0	0
NM_001322057.2	8928	8700.29	0	0
NM_001322058.2	9414	9186.29	0	0
NM_001322059.2	9139	8911.29	0	0
NM_001322061.4	2211	1983.29	0	0
NM_001322062.2	2067	1839.29	1.54615e-06	3.78306e-08
NM_001322064.3	2151	1923.29	40.7492	0.95349
NM_001322065.3	2026	1798.29	10.9876	0.274969
NM_001322066.2	2088	1860.29	0	0
NM_001322067.2	2009	1781.29	5.4495e-06	1.37678e-07
NM_001322068.2	2134	1906.29	14.3472	0.338704
NM_001322070.2	1963	1735.29	0	0
NM_001322072.3	2354	2126.29	0	0
NM_001322073.2	2023	1795.29	5.4544	0.136727
NM_001322074.2	2148	1920.29	22.1531	0.519171
NM_001322075.2	2085	1857.29	0	0
NM_001322076.2	1960	1732.29	0	0
NM_001322077.3	1640	1412.29	0	0
NM_001322078.3	1601	1373.29	0	0
NM_001322080.2	5409	5181.29	21.7957	0.18931
NM_001322081.2	5310	5082.29	0	0
NM_001322084.2	3270	3042.29	19.0327	0.281541
NM_001322085.2	3092	2864.29	0	0
NM_001322086.2	3281	3053.29	17.8717	0.263414
NM_001322087.2	1997	1769.29	1.16203	0.0295569
NM_001322088.2	1812	1584.29	0	0
NM_001322089.2	2057	1829.29	4.78265	0.11766
NM_001322090.2	6965	6737.29	233.427	1.55922
NM_001322091.2	6780	6552.29	0	0
NM_001322092.2	6855	6627.29	0	0
NM_001322093.2	6956	6728.29	19.4526	0.130111
NM_001322094.2	1956	1728.29	990.426	25.7897
NM_001322095.2	6994	6766.29	136.956	0.910904
NM_001322096.2	7071	6843.29	175.887	1.15667
NM_001322097.2	6961	6733.29	6.10632e-08	4.08126e-10
NM_001322098.2	2026	1798.29	4.04443	0.101214
NM_001322099.2	2103	1875.29	11.654	0.279671
NM_001322100.2	1991	1763.29	0	0
NM_001322101.2	4106	3878.29	1055.04	12.2426
NM_001322105.2	2679	2451.29	0	0
NM_001322112.2	4241	4013.29	0.00339872	3.81116e-05
NM_001322113.2	4221	3993.29	3.20598	0.0361304
NM_001322114.2	4067	3839.29	0	0
NM_001322117.1	9206	8978.29	16.6089	0.0832511
NM_001322118.1	8886	8658.29	22.1563	0.115161
NM_001322119.1	9003	8775.29	106.168	0.544472
NM_001322123.1	3792	3564.29	29.4974	0.372437
NM_001322124.1	3661	3433.29	15.0424	0.197173
NM_001322125.2	1175	947.293	2.28365	0.108489
NM_001322126.2	1316	1088.29	0	0
NM_001322127.1	3787	3559.29	23.2852	0.294413
NM_001322128.2	4332	4104.29	0	0
NM_001322129.2	4427	4199.29	0	0
NM_001322130.2	4556	4328.29	0	0
NM_001322131.2	4431	4203.29	229.71	2.45941
NM_001322132.2	4320	4092.29	0	0
NM_001322133.2	4344	4116.29	0	0
NM_001322134.2	4348	4120.29	0	0
NM_001322135.2	4203	3975.29	18.7604	0.212381
NM_001322136.1	4072	3844.29	5.45718e-06	6.38843e-08
NM_001322137.2	4380	4152.29	0.204853	0.00222023
NM_001322138.2	4263	4035.29	0.00749314	8.35663e-05
NM_001322139.2	4477	4249.29	0	0
NM_001322141.2	3793	3565.29	0	0
NM_001322142.2	3553	3325.29	0	0
NM_001322143.2	3749	3521.29	0	0
NM_001322144.2	3635	3407.29	0	0
NM_001322145.2	3563	3335.29	0	0
NM_001322146.2	3742	3514.29	0	0
NM_001322147.2	3451	3223.29	1.74177e-05	2.43183e-07
NM_001322148.2	3714	3486.29	2.9847	0.0385283
NM_001322149.2	3412	3184.29	0	0
NM_001322150.2	3678	3450.29	0	0
NM_001322151.2	6118	5890.29	0	0
NM_001322152.2	6111	5883.29	45.5609	0.348509
NM_001322153.2	3438	3210.29	3.33111e-06	4.66968e-08
NM_001322154.2	6109	5881.29	0	0
NM_001322155.2	3550	3322.29	92.7554	1.25645
NM_001322156.2	6176	5948.29	10.3334	0.0781798
NM_001322157.3	2827	2599.29	357.485	6.18935
NM_001322158.2	6104	5876.29	284.506	2.17887
NM_001322159.3	2899	2671.29	0.184418	0.00310687
NM_001322160.2	3636	3408.29	7.61356	0.100529
NM_001322161.2	5990	5762.29	0	0
NM_001322162.2	5993	5765.29	61.9413	0.483506
NM_001322163.2	3475	3247.29	0	0
NM_001322164.2	6262	6034.29	0	0
NM_001322165.2	6226	5998.29	193.942	1.45508
NM_001322166.2	3323	3095.29	120.787	1.75615
NM_001322167.2	3375	3147.29	11.6608	0.166737
NM_001322168.1	1986	1758.29	0	0
NM_001322169.2	3209	2981.29	1.25452e-06	1.89372e-08
NM_001322171.2	3394	3166.29	58.3459	0.82928
NM_001322172.2	3686	3458.29	0	0
NM_001322173.2	3522	3294.29	0	0
NM_001322174.2	3427	3199.29	0	0
NM_001322175.2	3446	3218.29	6.29425	0.0880158
NM_001322176.2	3365	3137.29	16.5346	0.237181
NM_001322177.2	5661	5433.29	1115.18	9.23682
NM_001322178.2	6113	5885.29	0	0
NM_001322179.2	6023	5795.29	0	0
NM_001322180.2	6069	5841.29	0	0
NM_001322181.2	6260	6032.29	0	0
NM_001322182.2	4289	4061.29	0	0
NM_001322183.2	4343	4115.29	0	0
NM_001322184.2	4643	4415.29	0	0
NM_001322185.2	4589	4361.29	0	0
NM_001322186.2	4858	4630.29	0	0
NM_001322187.2	6328	6100.29	0	0
NM_001322188.2	6158	5930.29	0	0
NM_001322189.2	6522	6294.29	1.00063	0.0071543
NM_001322190.2	6119	5891.29	0	0
NM_001322191.2	6064	5836.29	0	0
NM_001322194.2	7151	6923.29	753.21	4.89605
NM_001322195.2	6669	6441.29	83.3566	0.582384
NM_001322196.2	6940	6712.29	0	0
NM_001322197.2	11264	11036.3	51.4753	0.209903
NM_001322198.2	6928	6700.29	154.029	1.03455
NM_001322199.2	6870	6642.29	0	0
NM_001322201.2	11535	11307.3	11.4386	0.0455257
NM_001322202.2	11484	11256.3	0	0
NM_001322204.2	6582	6354.29	0	0
NM_001322205.2	12376	12148.3	0	0
NM_001322206.2	12518	12290.3	0	0
NM_001322207.2	3692	3464.29	5.66296	0.073565
NM_001322208.2	3876	3648.29	21.2571	0.262214
NM_001322209.2	3386	3158.29	48.2161	0.68704
NM_001322210.2	3447	3219.29	12.5017	0.174764
NM_001322211.2	1930	1702.29	1.56007e-05	4.12431e-07
NM_001322212.2	1491	1263.29	55.9161	1.99194
NM_001322214.3	9713	9485.29	5.56042	0.0263815
NM_001322215.2	2649	2421.29	0	0
NM_001322216.2	5631	5403.29	18.2745	0.152205
NM_001322217.2	5463	5235.29	246.801	2.12152
NM_001322218.3	3795	3567.29	47.1807	0.595207
NM_001322219.2	4231	4003.29	125.207	1.40752
NM_001322220.3	4079	3851.29	87.9003	1.02713
NM_001322221.2	5543	5315.29	202.278	1.71263
NM_001322224.3	5008	4780.29	196.683	1.85163
NM_001322225.2	9090	8862.29	20.7494	0.105366
NM_001322226.2	9006	8778.29	3.40698	0.0174663
NM_001322227.2	26989	26761.3	0	0
NM_001322228.2	26721	26493.3	88.1638	0.14976
NM_001322229.2	26808	26580.3	0	0
NM_001322230.2	27016	26788.3	0	0
NM_001322231.2	26725	26497.3	4.1321e-08	7.01797e-11
NM_001322232.2	26610	26382.3	0.00351795	6.00094e-06
NM_001322233.2	26667	26439.3	0	0
NM_001322234.2	26866	26638.3	0.0495912	8.37801e-05
NM_001322235.2	26969	26741.3	1.58578e-06	2.66871e-09
NM_001322236.2	26745	26517.3	0.00756317	1.28356e-05
NM_001322237.2	26626	26398.3	0.0999298	0.000170358
NM_001322238.2	26335	26107.3	0.00185022	3.18936e-06
NM_001322239.2	2423	2195.29	60.2255	1.23461
NM_001322240.2	2552	2324.29	132.714	2.56962
NM_001322242.2	2389	2161.29	0	0
NM_001322243.2	1594	1366.29	1045.89	34.4497
NM_001322244.2	758	530.648	0	0
NM_001322246.3	13568	13340.3	0	0
NM_001322247.2	4925	4697.29	0	0
NM_001322248.2	2830	2602.29	46.6345	0.80648
NM_001322249.4	3797	3569.29	64.672	0.815411
NM_001322250.2	6282	6054.29	58.1034	0.431898
NM_001322251.2	2340	2112.29	8.84717	0.188492
NM_001322252.2	8644	8416.29	129.262	0.691181
NM_001322253.2	10005	9777.29	134.563	0.619369
NM_001322254.2	8585	8357.29	428.296	2.30633
NM_001322255.2	2896	2668.29	0	0
NM_001322256.2	9895	9667.29	195.86	0.911766
NM_001322258.2	8322	8094.29	145.363	0.808194
NM_001322259.2	1819	1591.29	20.888	0.590729
NM_001322260.2	2316	2088.29	60.0556	1.29421
NM_001322261.2	1807	1579.29	0	0
NM_001322262.2	1907	1679.29	33.5445	0.898953
NM_001322266.2	2936	2708.29	56.0697	0.931697
NM_001322267.2	2939	2711.29	13.7829	0.228774
NM_001322270.2	12850	12622.3	46.393	0.165408
NM_001322271.2	12843	12615.3	43.0209	0.15347
NM_001322272.2	13226	12998.3	230.617	0.798448
NM_001322278.2	3135	2907.29	105.476	1.6327
NM_001322279.2	3099	2871.29	0	0
NM_001322280.2	1927	1699.29	4.30493	0.114009
NM_001322281.2	1963	1735.29	0	0
NM_001322282.2	1716	1488.29	3.64784	0.110304
NM_001322284.2	4525	4297.29	0	0
NM_001322285.1	4513	4285.29	0	0
NM_001322286.2	3661	3433.29	9.00039	0.117976
NM_001322288.2	4327	4099.29	0	0
NM_001322289.2	4121	3893.29	11.8265	0.136704
NM_001322290.2	3898	3670.29	0	0
NM_001322291.2	856	628.427	0	0
NM_001322293.2	4010	3782.29	0	0
NM_001322294.2	4836	4608.29	0	0
NM_001322295.2	4749	4521.29	0	0
NM_001322296.2	4647	4419.29	0	0
NM_001322297.2	4711	4483.29	0	0
NM_001322298.2	4810	4582.29	0	0
NM_001322299.2	4837	4609.29	0	0
NM_001322300.2	4730	4502.29	0	0
NM_001322302.2	2005	1777.29	7.45495	0.188768
NM_001322303.2	1939	1711.29	0	0
NM_001322304.2	2083	1855.29	0	0
NM_001322305.2	2491	2263.29	65.5373	1.30314
NM_001322306.2	3923	3695.29	0	0
NM_001322308.3	2678	2450.29	0	0
NM_001322309.3	2696	2468.29	0	0
NM_001322310.2	2755	2527.29	0	0
NM_001322311.2	2490	2262.29	2.41117	0.0479646
NM_001322312.3	2983	2755.29	5.58883	0.0912842
NM_001322313.2	3190	2962.29	0	0
NM_001322314.4	3045	2817.29	0	0
NM_001322315.2	2376	2148.29	0	0
NM_001322320.2	2684	2456.29	0	0
NM_001322321.2	6448	6220.29	0	0
NM_001322322.2	6424	6196.29	0	0
NM_001322323.2	2631	2403.29	0	0
NM_001322324.2	6238	6010.29	0	0
NM_001322325.2	2931	2703.29	9.2888	0.154635
NM_001322327.2	4866	4638.29	0	0
NM_001322329.2	1559	1331.29	3.97774	0.134464
NM_001322330.2	1435	1207.29	6.80527	0.253673
NM_001322331.2	685	458.134	171.811	16.8773
NM_001322332.2	634	408.137	9.82058	1.08286
NM_001322335.2	3550	3322.29	9.31709	0.126207
NM_001322336.2	3861	3633.29	0	0
NM_001322337.2	3846	3618.29	11.2816	0.140317
NM_001322339.2	3642	3414.29	0	0
NM_001322340.2	3940	3712.29	36.4746	0.442172
NM_001322341.2	4263	4035.29	84.9147	0.947
NM_001322342.1	4081	3853.29	0	0
NM_001322343.1	4140	3912.29	0	0
NM_001322344.2	913	685.293	21.7197	1.42633
NM_001322346.2	2348	2120.29	0	0
NM_001322347.2	2312	2084.29	0	0
NM_001322348.2	10413	10185.3	27.169	0.120045
NM_001322349.2	10639	10411.3	162.081	0.7006
NM_001322350.2	2279	2051.29	0	0
NM_001322351.2	2196	1968.29	0	0
NM_001322352.2	2512	2284.29	19.2554	0.379353
NM_001322354.2	2362	2134.29	0	0
NM_001322355.2	2396	2168.29	0	0
NM_001322356.2	2315	2087.29	0	0
NM_001322362.2	6864	6636.29	0	0
NM_001322364.2	3690	3462.29	0	0
NM_001322365.2	3995	3767.29	0	0
NM_001322366.1	3493	3265.29	136.484	1.88106
NM_001322367.1	3506	3278.29	24.497	0.336284
NM_001322370.2	3751	3523.29	0	0
NM_001322371.2	3841	3613.29	0	0
NM_001322373.2	3331	3103.29	233.882	3.3917
NM_001322374.2	3152	2924.29	1386.73	21.3409
NM_001322375.2	711	483.852	88.2522	8.20835
NM_001322376.2	3148	2920.29	49.6384	0.76495
NM_001322378.2	4230	4002.29	98.8897	1.11195
NM_001322379.2	3611	3383.29	0.94083	0.0125145
NM_001322380.2	3756	3528.29	110.487	1.40925
NM_001322381.2	3612	3384.29	11.8242	0.157234
NM_001322382.2	3569	3341.29	33.9942	0.457859
NM_001322383.2	4292	4064.29	63.4076	0.702099
NM_001322384.2	3713	3485.29	294.421	3.80165
NM_001322385.2	3891	3663.29	72.0434	0.885043
NM_001322386.2	3933	3705.29	210.347	2.5548
NM_001322387.2	3960	3732.29	1.63179	0.0196757
NM_001322388.2	4045	3817.29	179.546	2.11672
NM_001322389.2	4059	3831.29	69.7368	0.819142
NM_001322390.2	4124	3896.29	66.8964	0.772669
NM_001322391.2	4002	3774.29	254.163	3.03054
NM_001322392.2	4075	3847.29	20.1048	0.235173
NM_001322393.2	4078	3850.29	91.1103	1.06492
NM_001322394.2	4032	3804.29	49.7614	0.588655
NM_001322395.2	4204	3976.29	17.3854	0.196766
NM_001322396.2	4144	3916.29	220.664	2.5357
NM_001322397.2	4147	3919.29	110.818	1.27246
NM_001322398.2	4161	3933.29	41.731	0.477469
NM_001322400.1	1743	1515.29	0	0
NM_001322402.3	13720	13492.3	0	0
NM_001322404.2	1048	820.293	26.1059	1.43223
NM_001322405.2	5109	4881.29	0	0
NM_001322406.2	5225	4997.29	69.5772	0.626577
NM_001322407.2	1282	1054.29	15.0299	0.641559
NM_001322408.2	5029	4801.29	0	0
NM_001322409.2	1212	984.293	19.4002	0.887001
NM_001322410.2	4881	4653.29	1641.22	15.8727
NM_001322412.2	4877	4649.29	436.863	4.22864
NM_001322413.2	4801	4573.29	0	0
NM_001322414.2	5059	4831.29	340.207	3.169
NM_001322415.2	4979	4751.29	0	0
NM_001322416.2	3794	3566.29	7.23853	0.091343
NM_001322417.2	2101	1873.29	0	0
NM_001322418.2	3371	3143.29	1.24747e-06	1.78603e-08
NM_001322419.2	3455	3227.29	324.121	4.51972
NM_001322421.2	1694	1466.29	0	0
NM_001322422.2	1526	1298.29	3.70247	0.12834
NM_001322426.2	754	526.701	0	0
NM_001322427.3	7136	6908.29	39.6867	0.258533
NM_001322428.3	7867	7639.29	0	0
NM_001322429.3	6956	6728.29	0	0
NM_001322434.2	2375	2147.29	3389.85	71.0447
NM_001322436.2	2337	2109.29	250.109	5.33623
NM_001322437.2	2493	2265.29	101.859	2.02357
NM_001322438.1	2323	2095.29	0	0
NM_001322439.2	2330	2102.29	1704.47	36.487
NM_001322440.2	2292	2064.29	0.737676	0.0160819
NM_001322441.2	2448	2220.29	66.1169	1.34012
NM_001322442.2	2357	2129.29	98.2385	2.07629
NM_001322443.2	2338	2110.29	276.341	5.8931
NM_001322444.2	2032	1804.29	0	0
NM_001322445.1	2229	2001.29	29.2889	0.658619
NM_001322446.2	2217	1989.29	142.967	3.2343
NM_001322447.2	2198	1970.29	0	0
NM_001322448.2	2236	2008.29	267.551	5.99545
NM_001322449.2	2354	2126.29	1.38918e-07	2.9402e-09
NM_001322450.2	2218	1990.29	5.37742e-05	1.2159e-06
NM_001322451.2	2153	1925.29	0	0
NM_001322452.2	2172	1944.29	104.239	2.41275
NM_001322453.2	2191	1963.29	1.09733	0.0251532
NM_001322457.1	1174	946.293	1	0.0475572
NM_001322462.1	3896	3668.29	38.6727	0.474441
NM_001322463.1	3234	3006.29	73.1039	1.09434
NM_001322464.2	3231	3003.29	254.88	3.81927
NM_001322466.2	3949	3721.29	0	0
NM_001322467.1	4058	3830.29	0	0
NM_001322468.1	22824	22596.3	0	0
NM_001322469.1	6000	5772.29	0.0039475	3.07763e-05
NM_001322470.2	3523	3295.29	0	0
NM_001322471.2	3223	2995.29	0	0
NM_001322472.2	3202	2974.29	0	0
NM_001322473.2	3461	3233.29	0	0
NM_001322474.2	3331	3103.29	0	0
NM_001322475.2	3764	3536.29	0	0
NM_001322476.2	3632	3404.29	25.0223	0.330783
NM_001322477.2	3712	3484.29	136.831	1.7673
NM_001322478.2	3533	3305.29	34.5509	0.470427
NM_001322479.2	3613	3385.29	196.033	2.606
NM_001322480.2	3371	3143.29	6.93992	0.0993601
NM_001322481.2	3451	3223.29	113.351	1.58258
NM_001322482.2	3352	3124.29	82.6793	1.19093
NM_001322483.2	3489	3261.29	23.774	0.328062
NM_001322484.2	3569	3341.29	331.688	4.46743
NM_001322485.2	3461	3233.29	2.99979e-05	4.17531e-07
NM_001322487.2	3755	3527.29	69.4337	0.885872
NM_001322489.2	3513	3285.29	37.3657	0.511849
NM_001322490.2	1491	1263.29	48.513	1.72821
NM_001322491.2	1430	1202.29	85.8617	3.21389
NM_001322492.2	1312	1084.29	0.0410577	0.00170408
NM_001322494.1	2004	1776.29	7.35478	0.186336
NM_001322495.1	2766	2538.29	10.1176	0.179382
NM_001322497.2	3036	2808.29	13.346	0.213871
NM_001322498.2	2701	2473.29	12.8103	0.233092
NM_001322500.2	4323	4095.29	0	0
NM_001322501.2	4218	3990.29	15.435	0.174078
NM_001322502.1	4534	4306.29	0	0
NM_001322503.1	2168	1940.29	0	0
NM_001322504.1	1947	1719.29	0	0
NM_001322793.2	5894	5666.29	188.278	1.49535
NM_001322794.2	5777	5549.29	0	0
NM_001322795.2	6076	5848.29	93.637	0.720544
NM_001322796.1	6060	5832.29	73.8389	0.569755
NM_001322797.2	4483	4255.29	0	0
NM_001322799.2	5447	5219.29	8	0.0689796
NM_001322802.2	1254	1026.29	0	0
NM_001322809.2	4561	4333.29	0.00146995	1.5266e-05
NM_001322810.2	820	592.487	34.2603	2.60228
NM_001322811.2	5247	5019.29	9.97993	0.0894803
NM_001322814.2	14050	13822.3	1.03048	0.00335506
NM_001322815.2	13987	13759.3	65.6518	0.21473
NM_001322816.2	2042	1814.29	5.57271	0.13823
NM_001322817.2	2365	2137.29	9.48957	0.199813
NM_001322818.2	8880	8652.29	0	0
NM_001322819.2	14189	13961.3	344.83	1.11153
NM_001322820.2	14169	13941.3	1438.22	4.64265
NM_001322821.2	3976	3748.29	9.46333	0.113619
NM_001322823.2	3918	3690.29	11.1594	0.136089
NM_001322825.2	3939	3711.29	13.5383	0.164165
NM_001322826.2	3849	3621.29	7.33988	0.0912153
NM_001322827.2	3870	3642.29	0	0
NM_001322828.2	3984	3756.29	0	0
NM_001322829.2	11976	11748.3	0	0
NM_001322830.2	12072	11844.3	0	0
NM_001322831.2	6794	6566.29	51.0461	0.349852
NM_001322832.2	11967	11739.3	0	0
NM_001322834.2	6720	6492.29	0	0
NM_001322835.2	12060	11832.3	0	0
NM_001322836.2	6096	5868.29	4.65967e-06	3.57343e-08
NM_001322837.2	6180	5952.29	0	0
NM_001322838.2	12025	11797.3	27.3899	0.104484
NM_001322839.2	1028	800.293	22.2077	1.24881
NM_001322840.2	5313	5085.29	0	0
NM_001322841.2	6010	5782.29	10.986	0.0855033
NM_001322842.2	3338	3110.29	0	0
NM_001322844.2	3558	3330.29	28.5485	0.385783
NM_001322845.2	3914	3686.29	58.5664	0.714992
NM_001322854.2	5520	5292.29	0	0
NM_001322855.2	5647	5419.29	0	0
NM_001322856.2	5604	5376.29	0	0
NM_001322857.1	5484	5256.29	87.3857	0.748175
NM_001322858.2	5522	5294.29	44.729	0.38021
NM_001322859.2	5131	4903.29	0	0
NM_001322860.2	5071	4843.29	28.2836	0.262806
NM_001322861.2	4781	4553.29	0	0
NM_001322862.2	5482	5254.29	17.4437	0.149406
NM_001322863.2	5454	5226.29	133.902	1.15302
NM_001322864.2	5022	4794.29	0	0
NM_001322865.2	1768	1540.29	9.1535	0.26744
NM_001322866.2	5345	5117.29	49.4211	0.434625
NM_001322868.2	5219	4991.29	0	0
NM_001322871.2	6471	6243.29	0	0
NM_001322872.2	6370	6142.29	0	0
NM_001322873.2	6375	6147.29	0	0
NM_001322874.2	6184	5956.29	15.5974	0.117847
NM_001322875.2	6178	5950.29	7.85255	0.0593902
NM_001322876.2	6140	5912.29	0	0
NM_001322879.2	7243	7015.29	0	0
NM_001322880.2	7222	6994.29	0	0
NM_001322881.2	7128	6900.29	0	0
NM_001322882.2	8047	7819.29	0	0
NM_001322883.2	7290	7062.29	3.42236e-06	2.18083e-08
NM_001322884.3	7386	7158.29	48.5634	0.305311
NM_001322885.3	7380	7152.29	145.026	0.91252
NM_001322886.3	7344	7116.29	20.0114	0.126551
NM_001322887.2	7149	6921.29	0	0
NM_001322888.2	6824	6596.29	0	0
NM_001322889.2	6809	6581.29	0	0
NM_001322890.2	6746	6518.29	0	0
NM_001322891.2	6767	6539.29	0	0
NM_001322892.2	6740	6512.29	0	0
NM_001322893.2	6761	6533.29	0	0
NM_001322894.2	6725	6497.29	0	0
NM_001322895.2	6704	6476.29	0	0
NM_001322896.2	6662	6434.29	0	0
NM_001322897.2	6626	6398.29	0	0
NM_001322898.2	6599	6371.29	0	0
NM_001322899.2	6620	6392.29	0	0
NM_001322900.2	6521	6293.29	0	0
NM_001322902.2	2163	1935.29	0	0
NM_001322903.2	2180	1952.29	0	0
NM_001322904.2	2150	1922.29	0	0
NM_001322905.2	2113	1885.29	0	0
NM_001322906.2	2107	1879.29	0	0
NM_001322907.2	2308	2080.29	0	0
NM_001322908.2	2231	2003.29	6.2332	0.140026
NM_001322909.2	2098	1870.29	0	0
NM_001322910.2	2205	1977.29	0	0
NM_001322911.2	2723	2495.29	0	0
NM_001322912.1	2775	2547.29	0	0
NM_001322913.1	2854	2626.29	12.5552	0.215142
NM_001322914.1	3026	2798.29	0	0
NM_001322915.1	2922	2694.29	0	0
NM_001322916.1	2798	2570.29	15.4535	0.270574
NM_001322917.1	2802	2574.29	47.9305	0.837908
NM_001322918.1	2926	2698.29	0	0
NM_001322919.1	3022	2794.29	0	0
NM_001322920.1	2974	2746.29	0	0
NM_001322923.2	5353	5125.29	0	0
NM_001322924.2	5281	5053.29	0	0
NM_001322927.2	3305	3077.29	181.524	2.65465
NM_001322928.2	3649	3421.29	10.0688	0.132443
NM_001322929.2	3774	3546.29	73.473	0.932386
NM_001322930.2	3576	3348.29	67.9103	0.912756
NM_001322931.2	3754	3526.29	0	0
NM_001322932.2	3594	3366.29	0.00507376	6.78298e-05
NM_001322933.2	3669	3441.29	0.034361	0.000449352
NM_001322934.2	3015	2787.29	0	0
NM_001322935.1	3293	3065.29	38.8575	0.570486
NM_001322937.2	11181	10953.3	0	0
NM_001322938.2	11093	10865.3	11.1544	0.0462003
NM_001322939.2	10555	10327.3	19.4118	0.0845903
NM_001322940.2	11177	10949.3	0	0
NM_001322941.2	10617	10389.3	399.67	1.73124
NM_001322943.2	10173	9945.29	51.7466	0.234156
NM_001322944.2	10413	10185.3	181.061	0.800006
NM_001322945.2	5505	5277.29	0	0
NM_001322949.2	3805	3577.29	25.7448	0.323875
NM_001322950.2	4872	4644.29	17.5517	0.170076
NM_001322951.2	3700	3472.29	0	0
NM_001322955.2	3020	2792.29	0.98042	0.0158013
NM_001322956.2	3028	2800.29	574.966	9.24019
NM_001322957.2	3023	2795.29	6.12215	0.0985641
NM_001322958.2	2941	2713.29	0	0
NM_001322959.2	2938	2710.29	0	0
NM_001322963.2	993	765.293	0	0
NM_001322964.2	812	584.487	16.8406	1.29666
NM_001322965.2	2034	1806.29	0	0
NM_001322966.2	2354	2126.29	29.1606	0.617185
NM_001322967.2	2159	1931.29	131.652	3.06776
NM_001322968.2	2246	2018.29	56.8581	1.2678
NM_001322969.2	2126	1898.29	16.0145	0.379659
NM_001322970.2	2342	2114.29	0	0
NM_001322971.2	1718	1490.29	0	0
NM_001322974.2	1925	1697.29	137.848	3.655
NM_001322977.2	4094	3866.29	44.7058	0.520369
NM_001322978.2	4037	3809.29	255.41	3.01742
NM_001322980.2	3938	3710.29	67.4712	0.818376
NM_001322981.2	3966	3738.29	2.55139	0.0307146
NM_001322982.2	4065	3837.29	1.94807e-07	2.28466e-09
NM_001322983.2	959	731.293	279.704	17.2127
NM_001322988.2	8131	7903.29	0	0
NM_001322989.2	6484	6256.29	0	0
NM_001322990.2	6472	6244.29	0	0
NM_001322991.2	6445	6217.29	0	0
NM_001322992.2	6361	6133.29	0	0
NM_001322993.2	10886	10658.3	7.01021e-07	2.95996e-09
NM_001322994.2	3103	2875.29	0	0
NM_001322995.2	3079	2851.29	0	0
NM_001322996.2	3076	2848.29	0	0
NM_001322997.2	3073	2845.29	0	0
NM_001322998.2	2983	2755.29	0	0
NM_001322999.2	2980	2752.29	0	0
NM_001323.4	592	367.025	0	0
NM_001323000.2	2980	2752.29	11.0758	0.181103
NM_001323001.2	2977	2749.29	10.6642	0.174562
NM_001323004.2	454	237.87	6.54249	1.23779
NM_001323005.2	4907	4679.29	6.73121	0.0647373
NM_001323011.3	1198	970.293	5.44926	0.252741
NM_001323012.3	956	728.293	0	0
NM_001323016.2	4193	3965.29	7.56801	0.0858912
NM_001323017.2	4532	4304.29	46.5031	0.486208
NM_001323018.2	1586	1358.29	21.2528	0.704149
NM_001323019.2	1406	1178.29	0	0
NM_001323020.2	1596	1368.29	0	0
NM_001323022.1	1299	1071.29	0	0
NM_001323027.2	2370	2142.29	6.43071	0.13509
NM_001323028.2	2165	1937.29	0	0
NM_001323029.2	2253	2025.29	16.5762	0.368332
NM_001323030.2	1270	1042.29	33.6481	1.45282
NM_001323031.2	12559	12331.3	0	0
NM_001323032.3	12563	12335.3	0	0
NM_001323033.3	12230	12002.3	0	0
NM_001323034.3	12362	12134.3	0	0
NM_001323036.3	11762	11534.3	0.0301028	0.000117451
NM_001323037.3	12692	12464.3	0	0
NM_001323038.3	12604	12376.3	0	0
NM_001323039.3	12981	12753.3	0	0
NM_001323040.3	12227	11999.3	0	0
NM_001323041.2	3772	3544.29	0.606573	0.00770186
NM_001323042.2	3310	3082.29	63.9239	0.933323
NM_001323043.2	3657	3429.29	11.3452	0.148884
NM_001323044.2	4030	3802.29	1.21587	0.0143908
NM_001323045.2	3741	3513.29	164.462	2.10666
NM_001323046.2	3268	3040.29	0	0
NM_001323047.2	2760	2532.29	3.66897e-06	6.52037e-08
NM_001323048.2	2645	2417.29	0.000150914	2.80958e-06
NM_001323049.2	2934	2706.29	0.074591	0.00124038
NM_001323050.2	2729	2501.29	0.00951519	0.000171197
NM_001323051.2	2663	2435.29	7.29322	0.134775
NM_001323052.2	2290	2062.29	403.426	8.80352
NM_001323053.2	2405	2177.29	2.91528	0.0602568
NM_001323062.2	5925	5697.29	106.825	0.843815
NM_001323063.2	1301	1073.29	96.1487	4.03151
NM_001323067.2	2517	2289.29	112.436	2.21027
NM_001323068.2	2473	2245.29	743.766	14.9075
NM_001323069.2	2621	2393.29	36.6939	0.689986
NM_001323070.1	2314	2086.29	2.96261	0.063906
NM_001323071.2	2742	2514.29	86.5551	1.54924
NM_001323072.2	2877	2649.29	104.851	1.78108
NM_001323073.1	2141	1913.29	125.594	2.95413
NM_001323074.1	2467	2239.29	248.096	4.98598
NM_001323075.3	1990	1762.29	0	0
NM_001323079.3	1256	1028.29	0	0
NM_001323080.2	1788	1560.29	12.9434	0.373322
NM_001323082.2	1547	1319.29	11.5894	0.395333
NM_001323083.2	1277	1049.29	15.7406	0.675098
NM_001323084.2	1735	1507.29	4.62687	0.138144
NM_001323086.2	6368	6140.29	0	0
NM_001323087.2	6399	6171.29	0	0
NM_001323088.2	6393	6165.29	0	0
NM_001323089.2	6171	5943.29	0	0
NM_001323090.2	6393	6165.29	0	0
NM_001323252.2	3745	3517.29	0	0
NM_001323253.2	3410	3182.29	0	0
NM_001323254.2	3194	2966.29	0	0
NM_001323255.2	1736	1508.29	0	0
NM_001323256.2	2031	1803.29	0	0
NM_001323257.2	3482	3254.29	0	0
NM_001323258.2	3800	3572.29	3	0.0377934
NM_001323259.2	1948	1720.29	0	0
NM_001323260.2	3694	3466.29	0	0
NM_001323261.2	3192	2964.29	0	0
NM_001323262.2	2904	2676.29	0	0
NM_001323263.2	3196	2968.29	0	0
NM_001323264.2	2980	2752.29	0	0
NM_001323265.1	3340	3112.29	0	0
NM_001323266.2	3192	2964.29	0	0
NM_001323267.2	2351	2123.29	0	0
NM_001323273.2	3699	3471.29	0	0
NM_001323274.2	2616	2388.29	0	0
NM_001323275.2	4640	4412.29	0	0
NM_001323276.2	2556	2328.29	0	0
NM_001323277.2	2541	2313.29	0	0
NM_001323278.2	4565	4337.29	0	0
NM_001323279.2	4553	4325.29	0	0
NM_001323280.2	2481	2253.29	1	0.0199721
NM_001323281.2	5759	5531.29	48.0391	0.39085
NM_001323282.2	5824	5596.29	0	0
NM_001323289.2	14572	14344.3	553.72	1.73721
NM_001323291.1	768	540.541	0	0
NM_001323292.2	7249	7021.29	5.84008	0.0374321
NM_001323293.2	7539	7311.29	241.719	1.48785
NM_001323294.2	2939	2711.29	37.6871	0.625545
NM_001323295.2	7663	7435.29	57.053	0.34532
NM_001323296.2	7438	7210.29	144.791	0.903717
NM_001323302.2	6077	5849.29	20.0472	0.154239
NM_001323303.2	2368	2140.29	671.995	14.1298
NM_001323304.2	2131	1903.29	35.0398	0.82851
NM_001323305.2	2241	2013.29	394.38	8.81556
NM_001323306.2	2380	2152.29	0	0
NM_001323307.2	4621	4393.29	0	0
NM_001323308.2	4618	4390.29	0	0
NM_001323309.2	4560	4332.29	0	0
NM_001323310.2	4563	4335.29	17.3143	0.179733
NM_001323311.2	2218	1990.29	0	0
NM_001323312.2	2045	1817.29	0	0
NM_001323316.2	5042	4814.29	869.294	8.12599
NM_001323317.2	4727	4499.29	61.906	0.6192
NM_001323318.2	4790	4562.29	62.2342	0.613886
NM_001323320.2	5581	5353.29	0	0
NM_001323321.2	5814	5586.29	301.985	2.43278
NM_001323322.2	6072	5844.29	44.6539	0.343851
NM_001323323.2	5878	5650.29	58.8688	0.468874
NM_001323324.2	5814	5586.29	38.2678	0.308284
NM_001323325.2	6008	5780.29	356.708	2.77719
NM_001323326.2	5883	5655.29	26.0097	0.206977
NM_001323327.2	6008	5780.29	50.2007	0.390843
NM_001323328.2	5878	5650.29	0.0464571	0.000370018
NM_001323329.2	5809	5581.29	0.0640621	0.000516546
NM_001323330.2	6003	5775.29	108.344	0.844253
NM_001323331.2	6003	5775.29	0.106601	0.00083067
NM_001323332.2	4352	4124.29	29.5497	0.322438
NM_001323342.2	8887	8659.29	4687.89	24.3634
NM_001323343.2	8883	8655.29	256.96	1.33606
NM_001323347.2	2953	2725.29	0	0
NM_001323352.2	3541	3313.29	0.000301504	4.0952e-06
NM_001323353.2	3305	3077.29	0	0
NM_001323354.2	6874	6646.29	0	0
NM_001323355.2	5266	5038.29	0	0
NM_001323356.2	5260	5032.29	0	0
NM_001323357.2	4824	4596.29	0	0
NM_001323358.2	3550	3322.29	3.79492	0.0514052
NM_001323359.2	3450	3222.29	0	0
NM_001323360.2	3611	3383.29	11.6102	0.154434
NM_001323362.2	3477	3249.29	0	0
NM_001323363.2	3345	3117.29	0	0
NM_001323364.2	3517	3289.29	0	0
NM_001323365.2	3406	3178.29	0	0
NM_001323366.2	3476	3248.29	0	0
NM_001323367.4	3190	2962.29	0	0
NM_001323368.2	3198	2970.29	0	0
NM_001323369.2	1032	804.293	37.3173	2.08804
NM_001323370.2	1583	1355.29	102.539	3.40484
NM_001323374.2	11974	11746.3	0	0
NM_001323375.2	12043	11815.3	0	0
NM_001323376.2	11796	11568.3	0	0
NM_001323377.2	11859	11631.3	0	0
NM_001323378.2	2552	2324.29	0	0
NM_001323379.2	2735	2507.29	0	0
NM_001323380.2	2641	2413.29	0	0
NM_001323381.2	2640	2412.29	9.26105	0.172772
NM_001323382.2	2612	2384.29	0	0
NM_001323383.2	2353	2125.29	0	0
NM_001323384.2	2486	2258.29	0	0
NM_001323385.2	2574	2346.29	0	0
NM_001323387.2	2633	2405.29	0	0
NM_001323388.2	2299	2071.29	0	0
NM_001323389.2	2507	2279.29	0	0
NM_001323390.2	2374	2146.29	0	0
NM_001323391.2	2477	2249.29	0	0
NM_001323392.2	2793	2565.29	0	0
NM_001323393.2	2344	2116.29	0	0
NM_001323394.2	2660	2432.29	0	0
NM_001323395.2	2566	2338.29	0	0
NM_001323396.2	2478	2250.29	0	0
NM_001323397.2	2670	2442.29	0	0
NM_001323398.2	2366	2138.29	0	0
NM_001323399.2	2233	2005.29	0	0
NM_001323400.2	2454	2226.29	3.73895	0.0755805
NM_001323401.2	2588	2360.29	0	0
NM_001323407.2	6802	6574.29	0	0
NM_001323408.2	6956	6728.29	163.878	1.09612
NM_001323409.2	8170	7942.29	80.3707	0.455401
NM_001323410.2	6972	6744.29	18.0565	0.120487
NM_001323412.2	3137	2909.29	40.3699	0.624471
NM_001323413.2	3503	3275.29	148.61	2.04193
NM_001323414.2	3660	3432.29	0	0
NM_001323415.2	3497	3269.29	17.5064	0.240983
NM_001323416.2	3288	3060.29	0	0
NM_001323417.2	3247	3019.29	0	0
NM_001323418.2	3282	3054.29	0	0
NM_001323419.2	2882	2654.29	0	0
NM_001323422.2	4964	4736.29	0	0
NM_001323423.2	5205	4977.29	128.884	1.16533
NM_001323424.2	5057	4829.29	211.8	1.97371
NM_001323504.2	1929	1701.29	108.247	2.86337
NM_001323505.2	5265	5037.29	3436.1	30.6981
NM_001323506.2	5268	5040.29	644.778	5.757
NM_001323507.2	2064	1836.29	0.31086	0.00761842
NM_001323511.2	3213	2985.29	360.898	5.44052
NM_001323512.2	3703	3475.29	0	0
NM_001323513.2	4001	3773.29	0	0
NM_001323514.2	3932	3704.29	0.0188969	0.000229577
NM_001323515.2	2548	2320.29	11.5249	0.223531
NM_001323516.2	2621	2393.29	0	0
NM_001323517.1	1015	787.293	16.0806	0.919196
NM_001323518.2	1009	781.293	0	0
NM_001323519.2	2667	2439.29	0	0
NM_001323521.2	2612	2384.29	0	0
NM_001323522.2	2617	2389.29	0	0
NM_001323523.2	2840	2612.29	0.00780696	0.000134494
NM_001323524.2	2618	2390.29	0	0
NM_001323525.2	2791	2563.29	0	0
NM_001323526.2	2728	2500.29	0	0
NM_001323527.2	6823	6595.29	147.887	1.00911
NM_001323528.2	2681	2453.29	0	0
NM_001323529.2	6696	6468.29	116.07	0.807556
NM_001323530.2	2731	2503.29	0	0
NM_001323531.2	2620	2392.29	0	0
NM_001323532.2	2788	2560.29	0	0
NM_001323533.2	6554	6326.29	0	0
NM_001323534.2	6714	6486.29	229.607	1.59306
NM_001323535.2	6587	6359.29	29.1822	0.206515
NM_001323538.2	4123	3895.29	91.6613	1.05898
NM_001323541.2	1660	1432.29	162.006	5.09029
NM_001323543.2	2220	1992.29	72.6683	1.64147
NM_001323544.2	2514	2286.29	13.7854	0.271349
NM_001323550.2	2651	2423.29	57.923	1.07569
NM_001323551.2	2738	2510.29	0	0
NM_001323552.2	1496	1268.29	0	0
NM_001323553.2	5502	5274.29	77.561	0.661792
NM_001323554.2	6441	6213.29	4.18116	0.0302843
NM_001323555.2	6510	6282.29	55.8621	0.400167
NM_001323556.2	5269	5041.29	2.85337e-08	2.54718e-10
NM_001323557.2	5338	5110.29	7.6926e-06	6.77438e-08
NM_001323558.2	5484	5256.29	21.9495	0.187926
NM_001323561.2	3665	3437.29	0	0
NM_001323562.2	3669	3441.29	23.3763	0.3057
NM_001323563.2	3987	3759.29	188.235	2.25339
NM_001323564.2	3663	3435.29	59.5523	0.780148
NM_001323565.2	1622	1394.29	0	0
NM_001323566.2	1562	1334.29	0	0
NM_001323567.2	1209	981.293	0	0
NM_001323569.2	5504	5276.29	212.841	1.81539
NM_001323570.2	5863	5635.29	19.2002	0.153331
NM_001323571.2	5658	5430.29	41.5256	0.34414
NM_001323572.2	5275	5047.29	570.327	5.08519
NM_001323573.2	2998	2770.29	0	0
NM_001323574.2	3025	2797.29	0	0
NM_001323575.2	2962	2734.29	0	0
NM_001323576.2	5358	5130.29	26.6987	0.234202
NM_001323577.2	5215	4987.29	41.5717	0.375125
NM_001323578.2	1897	1669.29	6.68183	0.180138
NM_001323579.2	1867	1639.29	56.6796	1.55601
NM_001323580.2	1872	1644.29	4.88563	0.133716
NM_001323581.2	1842	1614.29	1.28526	0.0358303
NM_001323582.2	10240	10012.3	19.3687	0.0870582
NM_001323584.2	2525	2297.29	13.2707	0.259967
NM_001323585.2	2685	2457.29	0	0
NM_001323586.2	2550	2322.29	0	0
NM_001323587.2	2399	2171.29	35.8659	0.743371
NM_001323588.2	2447	2219.29	0.426023	0.00863895
NM_001323594.2	1078	850.293	18.0023	0.952802
NM_001323595.2	1147	919.293	24.7163	1.20996
NM_001323596.2	1128	900.293	4.24824	0.212358
NM_001323597.1	1201	973.293	3.5799	0.165527
NM_001323599.2	7275	7047.29	339.113	2.16553
NM_001323600.1	6931	6703.29	450.992	3.02777
NM_001323602.2	1949	1721.29	6.82491	0.178437
NM_001323603.2	2609	2381.29	12.6408	0.238894
NM_001323604.2	2417	2189.29	19.986	0.410833
NM_001323606.2	2981	2753.29	23.6274	0.386194
NM_001323607.2	2020	1792.29	15.6992	0.394195
NM_001323608.2	4641	4413.29	55.4059	0.564983
NM_001323609.2	4782	4554.29	36.6381	0.362038
NM_001323610.2	4707	4479.29	0	0
NM_001323611.1	4654	4426.29	5.84803e-07	5.94582e-09
NM_001323614.2	4400	4172.29	68.6551	0.740525
NM_001323615.2	4421	4193.29	195.573	2.09892
NM_001323616.2	4691	4463.29	168.069	1.69463
NM_001323617.2	4609	4381.29	151.905	1.56031
NM_001323619.1	3261	3033.29	20.6431	0.306268
NM_001323620.2	3400	3172.29	50.6258	0.718192
NM_001323621.2	3207	2979.29	2154.68	32.5471
NM_001323623.2	2554	2326.29	0	0
NM_001323624.2	2165	1937.29	10.4418	0.242561
NM_001323625.2	2497	2269.29	41.7215	0.827393
NM_001323627.2	2252	2024.29	164.634	3.66006
NM_001323629.2	801	573.487	10.8418	0.850787
NM_001323630.2	3788	3560.29	16.5706	0.209457
NM_001323631.2	4010	3782.29	286.142	3.40462
NM_001323632.2	3851	3623.29	20.4507	0.254007
NM_001323635.2	1276	1048.29	0	0
NM_001323636.2	1196	968.293	0	0
NM_001323638.2	6706	6478.29	110.737	0.76926
NM_001323640.2	2057	1829.29	34.701	0.853691
NM_001323641.2	6173	5945.29	38.4315	0.290908
NM_001323642.2	6475	6247.29	0.0242342	0.000174574
NM_001323643.2	6366	6138.29	0	0
NM_001323644.2	5972	5744.29	0	0
NM_001323645.2	6316	6088.29	50.5435	0.373605
NM_001323646.2	6554	6326.29	76.9812	0.547618
NM_001323647.2	6077	5849.29	108.135	0.831966
NM_001323648.2	6017	5789.29	30.8243	0.239612
NM_001323649.2	6080	5852.29	48.9206	0.376191
NM_001323650.2	6312	6084.29	0.0802369	0.00059348
NM_001323651.2	5980	5752.29	0	0
NM_001323652.2	6129	5901.29	1.34941e-06	1.02906e-08
NM_001323653.2	6236	6008.29	0.0122051	9.14181e-05
NM_001323654.2	6123	5895.29	0	0
NM_001323655.2	6233	6005.29	99.7853	0.747782
NM_001323656.2	6297	6069.29	24.6822	0.183015
NM_001323657.2	6300	6072.29	62.3667	0.462214
NM_001323658.2	6139	5911.29	0	0
NM_001323659.2	6005	5777.29	59.8202	0.465978
NM_001323660.2	6002	5774.29	111.248	0.867032
NM_001323661.2	6148	5920.29	0	0
NM_001323662.2	6491	6263.29	77.1726	0.554501
NM_001323663.2	6430	6202.29	0	0
NM_001323664.2	6414	6186.29	0	0
NM_001323665.2	6332	6104.29	30.1321	0.222145
NM_001323666.2	6272	6044.29	10.7325	0.0799097
NM_001323667.1	4344	4116.29	0	0
NM_001323668.1	5592	5364.29	0	0
NM_001323671.2	6195	5967.29	0.00209497	1.57994e-05
NM_001323672.2	6247	6019.29	0.00038219	2.85743e-06
NM_001323673.2	6192	5964.29	28.3012	0.213545
NM_001323674.2	5712	5484.29	16.4802	0.135233
NM_001323675.2	5827	5599.29	0	0
NM_001323676.2	6052	5824.29	15.4933	0.119713
NM_001323677.2	6049	5821.29	5.86801	0.0453643
NM_001323678.2	5967	5739.29	0	0
NM_001323679.2	1936	1708.29	31.2611	0.823539
NM_001323680.2	2017	1789.29	0.118003	0.00296792
NM_001323681.2	2008	1780.29	190.431	4.8138
NM_001323682.2	2074	1846.29	0	0
NM_001323683.2	2068	1840.29	0	0
NM_001323684.2	2096	1868.29	68.1715	1.6421
NM_001323685.2	2122	1894.29	43.1207	1.02443
NM_001323890.2	3698	3470.29	0	0
NM_001323892.2	3417	3189.29	29.5386	0.41681
NM_001323893.2	3296	3068.29	27.0415	0.396621
NM_001323894.2	2130	1902.29	382.728	9.05429
NM_001323895.2	2347	2119.29	13.8104	0.293263
NM_001323896.2	2208	1980.29	15.3072	0.347862
NM_001323897.2	2324	2096.29	55.8786	1.1996
NM_001323899.2	3474	3246.29	0.00591792	8.20396e-05
NM_001323900.2	5182	4954.29	0	0
NM_001323901.2	4975	4747.29	0	0
NM_001323903.2	2263	2035.29	30.7102	0.679044
NM_001323904.2	2161	1933.29	11.5502	0.268864
NM_001323906.2	2760	2532.29	98.5493	1.75139
NM_001323907.2	8573	8345.29	68.8963	0.371533
NM_001323908.2	8839	8611.29	131.325	0.686312
NM_001323909.2	8693	8465.29	52.1263	0.277113
NM_001323910.2	8855	8627.29	103.886	0.541906
NM_001323911.2	2646	2418.29	38.6528	0.719307
NM_001323912.2	8644	8416.29	66.8831	0.357633
NM_001323913.2	8639	8411.29	0	0
NM_001323916.2	7329	7101.29	0	0
NM_001323918.3	1929	1701.29	119.061	3.14943
NM_001323919.3	1799	1571.29	115.659	3.31258
NM_001323920.3	1844	1616.29	315.747	8.79147
NM_001323922.3	1839	1611.29	75.464	2.10769
NM_001323930.2	2014	1786.29	0	0
NM_001323931.2	2020	1792.29	8.1625	0.204954
NM_001323932.2	2177	1949.29	0	0
NM_001323933.2	2235	2007.29	0	0
NM_001323934.2	1894	1666.29	17.8068	0.480923
NM_001323935.1	2844	2616.29	0	0
NM_001323936.2	3640	3412.29	65.6316	0.865583
NM_001323937.2	3542	3314.29	0	0
NM_001323938.2	3707	3479.29	21.5992	0.279376
NM_001323939.2	3904	3676.29	37.9264	0.464273
NM_001323940.2	3610	3382.29	11.2695	0.149946
NM_001323941.2	4173	3945.29	30.8195	0.351551
NM_001323942.2	3012	2784.29	0	0
NM_001323943.2	3802	3574.29	0.698034	0.00878878
NM_001323944.2	3972	3744.29	41.9037	0.503645
NM_001323945.2	4246	4018.29	4.72442e-08	5.29114e-10
NM_001323946.2	3899	3671.29	0.000726658	8.90745e-06
NM_001323947.2	2967	2739.29	0	0
NM_001323948.2	3843	3615.29	0	0
NM_001323949.2	3064	2836.29	0	0
NM_001323950.2	2961	2733.29	0.0191957	0.000316054
NM_001323951.2	2698	2470.29	0	0
NM_001323952.2	2766	2538.29	6.02129	0.106755
NM_001323953.2	2543	2315.29	0	0
NM_001323954.2	2700	2472.29	0	0
NM_001323955.2	4209	3981.29	30.9179	0.349485
NM_001323956.2	3540	3312.29	0	0
NM_001323958.2	3395	3167.29	0	0
NM_001323960.2	979	751.293	570.921	34.1986
NM_001323964.2	4203	3975.29	841.26	9.52365
NM_001323965.2	3946	3718.29	0	0
NM_001323966.2	848	620.427	0	0
NM_001323967.2	3895	3667.29	235.817	2.89383
NM_001323968.2	3961	3733.29	51.8715	0.625287
NM_001323969.2	3889	3661.29	599.443	7.3681
NM_001323970.2	3940	3712.29	100.225	1.215
NM_001323971.2	3332	3104.29	0	0
NM_001323972.2	3405	3177.29	0	0
NM_001323973.2	3705	3477.29	45.8496	0.593385
NM_001323974.2	3619	3391.29	0	0
NM_001323975.2	3622	3394.29	0	0
NM_001323977.1	3512	3284.29	0	0
NM_001323978.2	3899	3671.29	3	0.0367743
NM_001323979.2	3586	3358.29	0	0
NM_001323980.2	3816	3588.29	0	0
NM_001323981.2	4029	3801.29	0	0
NM_001323982.2	4224	3996.29	90.7177	1.02159
NM_001323983.1	3945	3717.29	54.7336	0.662627
NM_001323984.2	3772	3544.29	63.9926	0.812536
NM_001323985.2	3727	3499.29	150.929	1.94104
NM_001323986.2	3661	3433.29	74.6988	0.979141
NM_001323987.1	2802	2574.29	0	0
NM_001323988.1	3050	2822.29	0	0
NM_001323989.1	2898	2670.29	0	0
NM_001323990.1	3262	3034.29	0	0
NM_001323991.1	3209	2981.29	0	0
NM_001323992.1	3042	2814.29	0	0
NM_001323993.1	3356	3128.29	0	0
NM_001323994.1	2811	2583.29	0	0
NM_001323995.1	3026	2798.29	0	0
NM_001323996.1	3361	3133.29	0	0
NM_001323997.1	3045	2817.29	0	0
NM_001323998.1	3337	3109.29	0	0
NM_001323999.1	3334	3106.29	0	0
NM_001324.3	4032	3804.29	705.789	8.34917
NM_001324000.1	3206	2978.29	0	0
NM_001324001.1	2978	2750.29	51.9517	0.850087
NM_001324002.1	3184	2956.29	0	0
NM_001324003.1	3333	3105.29	0	0
NM_001324004.1	2873	2645.29	0	0
NM_001324005.1	3408	3180.29	0	0
NM_001324006.1	3084	2856.29	0	0
NM_001324007.1	3320	3092.29	0	0
NM_001324008.1	2860	2632.29	12.9762	0.221848
NM_001324009.1	3171	2943.29	0	0
NM_001324010.1	2475	2247.29	0	0
NM_001324011.1	2933	2705.29	0	0
NM_001324012.1	2568	2340.29	0	0
NM_001324013.1	3142	2914.29	0	0
NM_001324014.1	3546	3318.29	15.9561	0.216399
NM_001324015.1	3347	3119.29	1.14035	0.0164522
NM_001324019.2	4595	4367.29	78.7382	0.811364
NM_001324020.2	2102	1874.29	0.0624841	0.00150029
NM_001324021.2	2024	1796.29	3.49658	0.0876009
NM_001324022.2	2986	2758.29	75.868	1.23783
NM_001324024.2	3003	2775.29	117.212	1.90067
NM_001324025.2	2873	2645.29	52.6697	0.896043
NM_001324026.2	1384	1156.29	15.054	0.585903
NM_001324027.1	3129	2901.29	0	0
NM_001324028.1	1371	1143.29	3.3166	0.13055
NM_001324029.3	3354	3126.29	15.3004	0.22025
NM_001324030.3	3536	3308.29	32.3881	0.440578
NM_001324031.4	3759	3531.29	0	0
NM_001324032.3	3799	3571.29	0	0
NM_001324034.3	3810	3582.29	45.129	0.56694
NM_001324036.2	1417	1189.29	123.628	4.6781
NM_001324037.2	1336	1108.29	0	0
NM_001324038.2	1255	1027.29	94.6245	4.14526
NM_001324039.2	1618	1390.29	21.1106	0.68334
NM_001324041.1	2632	2404.29	0.00396432	7.42034e-05
NM_001324046.2	11415	11187.3	8.1411	0.0327492
NM_001324047.2	11355	11127.3	5.87425	0.0237578
NM_001324048.2	11441	11213.3	28.2124	0.113227
NM_001324049.2	11564	11336.3	0	0
NM_001324051.2	4656	4428.29	39.3114	0.399507
NM_001324052.2	4846	4618.29	0.235721	0.00229699
NM_001324053.2	5005	4777.29	5.49569	0.0517705
NM_001324054.2	4636	4408.29	8.79741	0.0898104
NM_001324055.2	6560	6332.29	0.0246376	0.000175097
NM_001324057.2	6642	6414.29	0.408094	0.00286321
NM_001324058.2	6343	6115.29	69.4654	0.511203
NM_001324059.2	6541	6313.29	1.51646	0.0108098
NM_001324060.2	1379	1151.29	161.884	6.32791
NM_001324062.2	8198	7970.29	683.114	3.8571
NM_001324063.2	7949	7721.29	19.6731	0.114664
NM_001324064.2	8171	7943.29	336.111	1.90425
NM_001324065.2	4965	4737.29	157.697	1.49808
NM_001324066.2	2903	2675.29	92.7455	1.56014
NM_001324067.2	2814	2586.29	70.8743	1.23326
NM_001324069.2	1513	1285.29	7.51385	0.263089
NM_001324070.2	1255	1027.29	11.7362	0.514134
NM_001324071.2	1289	1061.29	41.3537	1.75356
NM_001324072.1	1381	1153.29	0	0
NM_001324073.3	1302	1074.29	0	0
NM_001324074.2	1392	1164.29	4.51136	0.174376
NM_001324075.2	1424	1196.29	25.5181	0.95996
NM_001324076.3	1238	1010.29	0.21294	0.00948531
NM_001324077.1	1400	1172.29	23.4865	0.90162
NM_001324078.2	1390	1162.29	0	0
NM_001324080.2	1399	1171.29	1	0.0384217
NM_001324081.1	1496	1268.29	28.049	0.995269
NM_001324085.2	2621	2393.29	53.3688	1.00354
NM_001324086.2	2057	1829.29	107.384	2.64178
NM_001324087.2	1913	1685.29	85.2429	2.27628
NM_001324088.2	1587	1359.29	163.413	5.41024
NM_001324089.2	1691	1463.29	27.8984	0.858007
NM_001324090.2	1855	1627.29	71.1282	1.96706
NM_001324091.2	1920	1692.29	45.7141	1.21567
NM_001324092.2	4445	4217.29	22.1735	0.236616
NM_001324093.2	5171	4943.29	23.4852	0.213806
NM_001324094.2	6171	5943.29	338.779	2.56526
NM_001324095.2	3330	3102.29	3	0.0435192
NM_001324096.2	3457	3229.29	0.0212845	0.000296619
NM_001324097.2	3475	3247.29	471.061	6.52827
NM_001324098.2	3667	3439.29	60.5901	0.79282
NM_001324099.1	8080	7852.29	0	0
NM_001324100.1	8042	7814.29	0	0
NM_001324101.2	5477	5249.29	0	0
NM_001324102.1	8694	8466.29	10.4429	0.0555099
NM_001324103.2	5474	5246.29	0	0
NM_001324104.1	8460	8232.29	0	0
NM_001324105.1	8788	8560.29	9.58306	0.05038
NM_001324106.2	5450	5222.29	0	0
NM_001324107.2	5384	5156.29	74.9284	0.65396
NM_001324108.2	5381	5153.29	130.285	1.13776
NM_001324109.2	5297	5069.29	0	0
NM_001324111.2	5503	5275.29	76.4927	0.652553
NM_001324112.2	2651	2423.29	0	0
NM_001324113.2	2301	2073.29	0	0
NM_001324114.2	2189	1961.29	145.843	3.34645
NM_001324115.3	2408	2180.29	0	0
NM_001324116.5	3559	3331.29	632.301	8.54188
NM_001324117.3	2344	2116.29	3902.21	82.9806
NM_001324118.2	2484	2256.29	37.0136	0.738258
NM_001324119.2	6860	6632.29	0	0
NM_001324120.2	7039	6811.29	13.7744	0.0910095
NM_001324122.3	6974	6746.29	16.6773	0.111251
NM_001324123.3	6853	6625.29	387.915	2.63496
NM_001324124.3	6736	6508.29	68.8892	0.47635
NM_001324125.3	6535	6307.29	0	0
NM_001324126.3	6724	6496.29	30.9853	0.214651
NM_001324128.2	2344	2116.29	0	0
NM_001324129.2	1993	1765.29	101.005	2.57494
NM_001324130.2	2773	2545.29	4.68269	0.0827941
NM_001324131.2	2541	2313.29	9.42898	0.183432
NM_001324132.2	2408	2180.29	90.2518	1.86287
NM_001324133.2	2555	2327.29	100.502	1.94342
NM_001324134.2	2328	2100.29	12.9674	0.277854
NM_001324135.2	2446	2218.29	0	0
NM_001324136.1	2754	2526.29	29.8643	0.531999
NM_001324137.2	2513	2285.29	0	0
NM_001324138.2	2531	2303.29	0	0
NM_001324139.2	4619	4391.29	26.6768	0.27339
NM_001324140.2	4909	4681.29	65.9784	0.634276
NM_001324141.2	4648	4420.29	68.4924	0.697322
NM_001324142.2	4925	4697.29	0.00414169	3.968e-05
NM_001324143.2	4666	4438.29	20.9738	0.212669
NM_001324144.2	4999	4771.29	48.7886	0.460176
NM_001324145.2	4664	4436.29	84.6576	0.858793
NM_001324147.2	4970	4742.29	0	0
NM_001324148.2	5015	4787.29	143.825	1.35203
NM_001324149.2	4688	4460.29	19.0928	0.192641
NM_001324150.2	5097	4869.29	18.6006	0.17191
NM_001324151.2	5039	4811.29	64.5221	0.603516
NM_001324152.2	5085	4857.29	0	0
NM_001324153.2	4949	4721.29	0	0
NM_001324154.1	4883	4655.29	0.0921824	0.000891135
NM_001324155.1	4907	4679.29	0	0
NM_001324156.1	4688	4460.29	0	0
NM_001324157.1	4673	4445.29	0	0
NM_001324159.2	1269	1041.29	0	0
NM_001324162.2	2996	2768.29	52.9959	0.861535
NM_001324164.2	1265	1037.29	16.2876	0.706639
NM_001324165.2	1400	1172.29	0	0
NM_001324166.2	1167	939.293	42.9936	2.0599
NM_001324167.2	1163	935.293	19.629	0.94448
NM_001324168.2	1298	1070.29	67.135	2.82286
NM_001324169.2	3237	3009.29	82.6022	1.23529
NM_001324170.2	3051	2823.29	39.442	0.628703
NM_001324171.2	1993	1765.29	0.000291974	7.44336e-06
NM_001324172.2	1576	1348.29	148.422	4.95399
NM_001324175.2	6156	5928.29	0	0
NM_001324176.2	6086	5858.29	0.224076	0.00172134
NM_001324177.2	6196	5968.29	0.000566549	4.27199e-06
NM_001324178.2	6063	5835.29	0	0
NM_001324182.2	1863	1635.29	0	0
NM_001324183.2	1844	1616.29	0	0
NM_001324184.2	2175	1947.29	0	0
NM_001324185.2	1837	1609.29	0	0
NM_001324186.2	2024	1796.29	0	0
NM_001324187.1	1737	1509.29	0	0
NM_001324188.2	6242	6014.29	0	0
NM_001324189.2	6165	5937.29	0	0
NM_001324191.2	8188	7960.29	127.708	0.721989
NM_001324192.1	1506	1278.29	284.885	10.0295
NM_001324193.2	7652	7424.29	84.8305	0.514208
NM_001324195.2	4339	4111.29	0	0
NM_001324197.2	6887	6659.29	0	0
NM_001324198.2	6764	6536.29	557.977	3.84173
NM_001324199.2	3099	2871.29	7.69268	0.120571
NM_001324201.2	3360	3132.29	0	0
NM_001324202.2	2789	2561.29	0	0
NM_001324204.2	2901	2673.29	0	0
NM_001324205.2	2895	2667.29	1.28063	0.0216071
NM_001324206.2	3461	3233.29	90.3418	1.25744
NM_001324208.2	3856	3628.29	0	0
NM_001324209.2	4013	3785.29	0	0
NM_001324212.2	4052	3824.29	0	0
NM_001324213.2	3860	3632.29	0	0
NM_001324214.2	3905	3677.29	0	0
NM_001324215.2	3779	3551.29	0	0
NM_001324216.1	2381	2153.29	0	0
NM_001324217.2	2234	2006.29	0	0
NM_001324218.2	3468	3240.29	0	0
NM_001324219.2	5394	5166.29	28.9431	0.25212
NM_001324220.2	5370	5142.29	37.6722	0.329691
NM_001324221.2	3374	3146.29	0	0
NM_001324222.2	5224	4996.29	6.92761	0.0623991
NM_001324223.2	5165	4937.29	2.89882	0.0264225
NM_001324224.2	5244	5016.29	0.187963	0.00168628
NM_001324225.2	3453	3225.29	0	0
NM_001324226.1	2157	1929.29	52.7507	1.23047
NM_001324227.1	1855	1627.29	81.2155	2.24603
NM_001324228.2	6158	5930.29	2.85379	0.0216565
NM_001324229.2	6585	6357.29	0	0
NM_001324230.2	6411	6183.29	0	0
NM_001324236.2	1040	812.293	56.684	3.14044
NM_001324237.2	1275	1047.29	6.97216	0.2996
NM_001324238.2	1278	1050.29	0	0
NM_001324240.2	1232	1004.29	5.83479	0.261461
NM_001324242.2	7005	6777.29	180.122	1.19606
NM_001324243.1	7103	6875.29	11.1468	0.0729629
NM_001324244.2	5208	4980.29	8.7021	0.0786342
NM_001324245.3	7754	7526.29	81.8257	0.489272
NM_001324246.3	8299	8071.29	3.72362e-05	2.07618e-07
NM_001324247.3	8044	7816.29	0.000378393	2.17864e-06
NM_001324248.3	8009	7781.29	307.223	1.77682
NM_001324249.3	8005	7777.29	0.000533617	3.08776e-06
NM_001324250.3	8119	7891.29	218.309	1.24499
NM_001324251.3	8123	7895.29	51.9075	0.295872
NM_001324252.2	1466	1238.29	0	0
NM_001324253.2	1286	1058.29	9.0113	0.383198
NM_001324254.2	996	768.293	0	0
NM_001324255.2	11568	11340.3	484.432	1.92243
NM_001324256.2	4445	4217.29	0	0
NM_001324257.2	4629	4401.29	0	0
NM_001324258.2	4151	3923.29	15.8639	0.181971
NM_001324259.3	8353	8125.29	5.07036	0.0280829
NM_001324260.3	7875	7647.29	422.492	2.4863
NM_001324261.2	904	676.361	3.11032	0.206952
NM_001324262.2	1198	970.293	2.68119	0.124356
NM_001324263.1	4388	4160.29	0	0
NM_001324265.1	4245	4017.29	0	0
NM_001324266.2	8495	8267.29	633.857	3.45041
NM_001324268.1	4253	4025.29	0	0
NM_001324274.2	2255	2027.29	27.3153	0.606362
NM_001324275.2	2274	2046.29	34.2935	0.754199
NM_001324276.2	6923	6695.29	317.006	2.13079
NM_001324277.2	2870	2642.29	17.5506	0.298918
NM_001324278.2	2337	2109.29	15.563	0.332047
NM_001324279.2	6872	6644.29	0	0
NM_001324280.2	2889	2661.29	0	0
NM_001324281.3	4348	4120.29	9.15974	0.100045
NM_001324282.2	3760	3532.29	0	0
NM_001324283.2	3771	3543.29	10.2856	0.130636
NM_001324284.2	3960	3732.29	79.3003	0.956184
NM_001324285.2	3968	3740.29	12.8802	0.154974
NM_001324286.2	3599	3371.29	0	0
NM_001324287.2	3684	3456.29	147.7	1.92315
NM_001324288.2	3999	3771.29	1.96027	0.023392
NM_001324289.2	3914	3686.29	23.3763	0.285384
NM_001324290.2	2724	2496.29	0	0
NM_001324291.2	2614	2386.29	34.9526	0.659171
NM_001324292.2	3876	3648.29	0	0
NM_001324293.1	3827	3599.29	0	0
NM_001324294.2	2654	2426.29	0	0
NM_001324296.2	870	642.427	1.39243	0.097542
NM_001324297.2	5280	5052.29	160.856	1.43282
NM_001324299.2	2179	1951.29	0	0
NM_001324301.2	2323	2095.29	12.9247	0.277598
NM_001324302.2	2131	1903.29	180.73	4.27334
NM_001324303.2	2222	1994.29	12.285	0.277221
NM_001324304.2	2275	2047.29	731.597	16.0818
NM_001324305.2	2275	2047.29	293.696	6.45595
NM_001324306.2	2003	1775.29	50.882	1.28984
NM_001324307.2	2069	1841.29	0	0
NM_001324308.2	1994	1766.29	0.37208	0.00948016
NM_001324309.2	4939	4711.29	856.892	8.18518
NM_001324310.2	5841	5613.29	1069.29	8.57276
NM_001324311.2	5851	5623.29	434.888	3.4804
NM_001324312.2	2263	2035.29	344.945	7.62721
NM_001324313.2	1060	832.293	115.283	6.23351
NM_001324314.2	6763	6535.29	86.8476	0.598046
NM_001324315.1	3103	2875.29	204.216	3.19632
NM_001324316.2	1517	1289.29	0	0
NM_001324317.2	6447	6219.29	26.2437	0.1899
NM_001324318.2	5063	4835.29	39.475	0.367402
NM_001324319.2	4943	4715.29	140.43	1.34028
NM_001324320.2	5758	5530.29	1494.66	12.1629
NM_001324321.2	5819	5591.29	7.65509	0.0616141
NM_001324322.2	6868	6640.29	50.3933	0.341529
NM_001324323.2	7537	7309.29	0	0
NM_001324325.2	8959	8731.29	0	0
NM_001324326.2	8911	8683.29	13.5889	0.0704274
NM_001324327.2	9023	8795.29	0	0
NM_001324328.2	8956	8728.29	0.0113626	5.85858e-05
NM_001324329.2	9171	8943.29	0	0
NM_001324330.2	8956	8728.29	0	0
NM_001324331.2	8978	8750.29	0	0
NM_001324332.2	9129	8901.29	0	0
NM_001324333.2	9104	8876.29	0	0
NM_001324334.2	9059	8831.29	0	0
NM_001324336.2	3902	3674.29	0	0
NM_001324337.2	4069	3841.29	79.2107	0.928001
NM_001324338.2	2719	2491.29	23.896	0.43166
NM_001324339.2	2437	2209.29	33.9849	0.692269
NM_001324340.2	3158	2930.29	36.3509	0.558273
NM_001324341.2	2942	2714.29	76.5113	1.26856
NM_001324342.2	3063	2835.29	64.4521	1.02301
NM_001324343.2	2555	2327.29	16.8462	0.325756
NM_001324344.2	2992	2764.29	0.704523	0.0114697
NM_001324345.2	2897	2669.29	10.9955	0.185379
NM_001324346.2	2889	2661.29	31.8956	0.539362
NM_001324347.2	1946	1718.29	0	0
NM_001324348.2	1974	1746.29	15.005	0.386687
NM_001324349.2	2138	1910.29	0	0
NM_001324350.2	2015	1787.29	13.0573	0.328775
NM_001324351.2	2097	1869.29	0	0
NM_001324352.2	2073	1845.29	0.000796202	1.94178e-05
NM_001324353.2	2178	1950.29	7.78952	0.179743
NM_001324354.2	894	666.361	51.5003	3.4781
NM_001324355.2	2610	2382.29	0	0
NM_001324357.2	4584	4356.29	3.8552	0.0398265
NM_001324358.2	4840	4612.29	4.89803	0.0477911
NM_001324359.1	2844	2616.29	106.015	1.82358
NM_001324360.2	4622	4394.29	44.751	0.458306
NM_001324361.1	2809	2581.29	1731.56	30.1886
NM_001324362.1	2781	2553.29	101.493	1.78886
NM_001324363.2	4473	4245.29	57.1484	0.605813
NM_001324364.2	1747	1519.29	0.728941	0.021592
NM_001324365.2	1577	1349.29	0	0
NM_001324366.2	4268	4040.29	147.196	1.63955
NM_001324367.2	1637	1409.29	0	0
NM_001324368.2	1718	1490.29	81.3664	2.45706
NM_001324370.2	1549	1321.29	0	0
NM_001324371.2	2792	2564.29	0	0
NM_001324372.2	2780	2552.29	0	0
NM_001324373.2	1117	889.293	0	0
NM_001324374.2	4659	4431.29	0	0
NM_001324375.2	3994	3766.29	0	0
NM_001324376.2	4346	4118.29	0	0
NM_001324377.2	4644	4416.29	67.815	0.691051
NM_001324378.2	4865	4637.29	25.4552	0.247032
NM_001324379.2	4815	4587.29	31.413	0.308173
NM_001324381.3	3868	3640.29	158.497	1.95941
NM_001324382.2	3598	3370.29	0	0
NM_001324383.2	3783	3555.29	0.0120077	0.000151994
NM_001324384.1	3835	3607.29	0	0
NM_001324385.2	3777	3549.29	0	0
NM_001324386.2	3708	3480.29	0.00272384	3.52215e-05
NM_001324387.2	3705	3477.29	20.5586	0.266069
NM_001324388.2	3592	3364.29	0	0
NM_001324389.2	3816	3588.29	7.24934e-05	9.09186e-07
NM_001324390.1	3868	3640.29	0	0
NM_001324391.2	3813	3585.29	59.6992	0.749353
NM_001324392.1	3865	3637.29	0	0
NM_001324393.2	3926	3698.29	23.0055	0.279945
NM_001324394.2	3810	3582.29	0	0
NM_001324395.2	3760	3532.29	7.16085	0.0912327
NM_001324400.1	4312	4084.29	0	0
NM_001324401.3	3215	2987.29	15.5908	0.234873
NM_001324402.2	5608	5380.29	338.791	2.83379
NM_001324403.2	6763	6535.29	0.00276879	1.90664e-05
NM_001324410.2	1958	1730.29	0.0278833	0.000725216
NM_001324411.2	1945	1717.29	45.0702	1.1811
NM_001324412.2	1859	1631.29	164.487	4.53777
NM_001324413.2	1949	1721.29	119.065	3.11295
NM_001324414.2	2005	1777.29	49.4177	1.25131
NM_001324415.2	2058	1830.29	19.6262	0.482567
NM_001324417.2	9223	8995.29	1.55469e-07	7.77806e-10
NM_001324418.2	9508	9280.29	0	0
NM_001324419.2	9505	9277.29	0	0
NM_001324420.2	9421	9193.29	0	0
NM_001324421.2	9102	8874.29	17.999	0.0912763
NM_001324423.2	5775	5547.29	57.446	0.466037
NM_001324436.2	1399	1171.29	209.394	8.04526
NM_001324437.2	1249	1021.29	60.6029	2.67046
NM_001324438.2	1301	1073.29	22.1992	0.930812
NM_001324444.2	5042	4814.29	69.6904	0.651452
NM_001324445.2	5757	5529.29	652.789	5.31307
NM_001324446.2	5775	5547.29	53.0167	0.430104
NM_001324448.2	4738	4510.29	23.7788	0.237261
NM_001324449.2	5511	5283.29	32.4157	0.276117
NM_001324450.2	4796	4568.29	1.55076	0.0152769
NM_001324451.2	5569	5341.29	1.02487	0.008635
NM_001324452.2	5702	5474.29	34.2946	0.281929
NM_001324453.2	5456	5228.29	1.16702	0.0100453
NM_001324458.2	843	615.427	0	0
NM_001324459.2	847	619.427	0	0
NM_001324462.2	6383	6155.29	27.8213	0.203409
NM_001324465.2	8300	8072.29	158.76	0.88509
NM_001324466.2	8549	8321.29	23.115	0.12501
NM_001324467.2	8282	8054.29	23.2268	0.129779
NM_001324468.2	8353	8125.29	123.167	0.682178
NM_001324475.2	4911	4683.29	132.658	1.27475
NM_001324490.1	1750	1522.29	0	0
NM_001324494.2	2938	2710.29	0	0
NM_001324504.2	2686	2458.29	0	0
NM_001324505.2	2654	2426.29	546.71	10.1404
NM_001324506.2	2576	2348.29	50.1481	0.961046
NM_001324511.2	976	748.293	133.311	8.01748
NM_001324512.2	8317	8089.29	0	0
NM_001325.3	2570	2342.29	1075.06	20.6554
NM_001326.3	2812	2584.29	1494.14	26.019
NM_001326295.2	17760	17532.3	258.442	0.663386
NM_001326296.2	18075	17847.3	42.6038	0.107428
NM_001326297.2	18334	18106.3	123.491	0.306936
NM_001326298.2	17685	17457.3	87.1655	0.224704
NM_001326299.2	18060	17832.3	5.96558e-05	1.50552e-07
NM_001326300.2	18038	17810.3	2.06329e-05	5.21353e-08
NM_001326301.2	18259	18031.3	12.3216	0.0307525
NM_001326302.2	18035	17807.3	1.69268e-05	4.27778e-08
NM_001326303.2	17863	17635.3	3.65396	0.00932446
NM_001326304.2	17642	17414.3	37.3843	0.0966109
NM_001326305.2	17963	17735.3	1.81831e-06	4.61393e-09
NM_001326306.2	17526	17298.3	0.00024315	6.32577e-07
NM_001326307.2	18078	17850.3	69.0015	0.173962
NM_001326308.2	17645	17417.3	5.11169e-06	1.32077e-08
NM_001326309.2	17570	17342.3	1.52228e-06	3.95031e-09
NM_001326310.2	18138	17910.3	83.2805	0.209258
NM_001326311.2	17567	17339.3	3.60487e-07	9.35622e-10
NM_001326312.2	18063	17835.3	0.0101876	2.57061e-05
NM_001326313.2	17529	17301.3	4.01388	0.0104407
NM_001326314.2	17960	17732.3	1.10429e-06	2.80259e-09
NM_001326315.2	18331	18103.3	101.918	0.253358
NM_001326316.2	18126	17898.3	58.4275	0.146909
NM_001326317.2	9208	8980.29	0	0
NM_001326318.2	9226	8998.29	0	0
NM_001326319.2	9318	9090.29	0	0
NM_001326320.2	7962	7734.29	0	0
NM_001326321.2	9250	9022.29	0	0
NM_001326323.2	8004	7776.29	0	0
NM_001326324.2	7857	7629.29	0	0
NM_001326325.2	7933	7705.29	0	0
NM_001326326.2	7867	7639.29	0	0
NM_001326327.2	7885	7657.29	0	0
NM_001326328.2	7979	7751.29	0	0
NM_001326329.2	9447	9219.29	0	0
NM_001326330.2	9465	9237.29	0	0
NM_001326331.2	7885	7657.29	0	0
NM_001326332.2	7867	7639.29	0	0
NM_001326333.2	9163	8935.29	0	0
NM_001326334.2	9428	9200.29	0	0
NM_001326335.2	7879	7651.29	0	0
NM_001326336.2	9297	9069.29	0	0
NM_001326337.2	7699	7471.29	0	0
NM_001326338.2	9271	9043.29	0	0
NM_001326339.2	9289	9061.29	0	0
NM_001326340.2	9442	9214.29	0	0
NM_001326341.2	8030	7802.29	54.4507	0.314068
NM_001326342.2	9406	9178.29	0	0
NM_001326343.2	9460	9232.29	0	0
NM_001326344.2	7769	7541.29	0	0
NM_001326345.2	7865	7637.29	0	0
NM_001326346.2	7798	7570.29	3.82564	0.0227423
NM_001326347.1	2969	2741.29	9.24729	0.15181
NM_001326348.2	7961	7733.29	0	0
NM_001326349.2	9337	9109.29	0	0
NM_001326358.2	5837	5609.29	0	0
NM_001326380.2	9803	9575.29	0	0
NM_001326381.2	9892	9664.29	58.7004	0.273347
NM_001326411.2	2358	2130.29	304.201	6.42633
NM_001326412.1	2644	2416.29	0	0
NM_001326413.2	2444	2216.29	0	0
NM_001326414.2	2524	2296.29	21.8776	0.428761
NM_001326415.2	2698	2470.29	0	0
NM_001326416.2	2887	2659.29	35.3036	0.597442
NM_001326417.2	2778	2550.29	71.5673	1.26289
NM_001326418.2	2278	2050.29	0	0
NM_001326419.2	2664	2436.29	30.8755	0.570331
NM_001326420.2	2164	1936.29	0	0
NM_001326421.1	2546	2318.29	54.758	1.06297
NM_001326475.2	3431	3203.29	0.783026	0.0110007
NM_001326477.2	3491	3263.29	0	0
NM_001326542.2	6072	5844.29	0.0207477	0.000159765
NM_001326543.2	6043	5815.29	0	0
NM_001326559.2	4232	4004.29	0	0
NM_001326578.2	15992	15764.3	383.383	1.09446
NM_001326579.2	15791	15563.3	4.91616e-07	1.42157e-09
NM_001326580.2	1248	1020.29	859.314	37.9026
NM_001326606.2	1078	850.293	109.247	5.78206
NM_001326607.2	991	763.293	47.5052	2.80086
NM_001326609.2	1284	1056.29	3.27342	0.139463
NM_001326610.2	1229	1001.29	20.6983	0.930285
NM_001326611.3	1216	988.293	44.6675	2.03399
NM_001327.3	759	531.648	0	0
NM_001328.3	2293	2065.29	306.234	6.67289
NM_001328100.2	5436	5208.29	12.2401	0.105762
NM_001328124.1	3756	3528.29	0	0
NM_001328422.2	2441	2213.29	97.8998	1.99061
NM_001328423.2	814	586.487	49.5215	3.79995
NM_001328607.3	925	697.293	0	0
NM_001328608.2	1525	1297.29	2	0.06938
NM_001328609.2	1643	1415.29	0	0
NM_001328615.1	1639	1411.29	1	0.0318878
NM_001328619.2	4255	4027.29	0	0
NM_001328620.2	4047	3819.29	9.47165	0.111605
NM_001328621.2	3700	3472.29	0	0
NM_001328626.2	2917	2689.29	6.74599	0.112888
NM_001328627.1	3071	2843.29	61.7683	0.977657
NM_001328628.1	2939	2711.29	0	0
NM_001328629.1	3085	2857.29	0	0
NM_001328630.2	2746	2518.29	35.7662	0.639159
NM_001328635.2	12670	12442.3	0	0
NM_001328637.2	1568	1340.29	20.8753	0.700931
NM_001328638.2	1527	1299.29	45.6864	1.58242
NM_001328646.3	3543	3315.29	18.2368	0.247553
NM_001328648.1	4878	4650.29	0	0
NM_001328649.1	5066	4838.29	0	0
NM_001328650.1	4874	4646.29	0	0
NM_001328651.1	4864	4636.29	0	0
NM_001328652.2	5425	5197.29	1.025e-05	8.87545e-08
NM_001328653.2	5487	5259.29	14.4904	0.123993
NM_001328654.2	5388	5160.29	0	0
NM_001328655.2	405	196.152	0	0
NM_001328661.2	2734	2506.29	0	0
NM_001328662.2	3835	3607.29	65.1001	0.812161
NM_001328664.2	8964	8736.29	1357.89	6.99489
NM_001328665.2	8727	8499.29	92.1435	0.487893
NM_001328666.2	8925	8697.29	17.5817	0.0909743
NM_001328667.2	8715	8487.29	109.401	0.580091
NM_001328674.2	4204	3976.29	0	0
NM_001328675.2	4160	3932.29	0	0
NM_001328682.2	3565	3337.29	1086.46	14.6508
NM_001328684.2	3544	3316.29	66.514	0.902615
NM_001328685.2	3376	3148.29	371.952	5.31684
NM_001328686.2	3634	3406.29	4.2512	0.0561658
NM_001328688.2	4188	3960.29	17.7201	0.201364
NM_001329.4	6989	6761.29	1733.56	11.5385
NM_001329050.2	937	709.293	0	0
NM_001329057.2	1307	1079.29	0	0
NM_001329058.2	682	455.179	0	0
NM_001329090.2	3878	3650.29	82.2793	1.01439
NM_001329095.2	2580	2352.29	0	0
NM_001329096.2	2632	2404.29	0	0
NM_001329097.2	2218	1990.29	0	0
NM_001329099.2	1401	1173.29	2.7185	0.104271
NM_001329101.2	1895	1667.29	2.1998	0.0593764
NM_001329102.2	2029	1801.29	0	0
NM_001329103.2	1844	1616.29	0	0
NM_001329112.1	1611	1383.29	38.9047	1.2657
NM_001329113.2	1918	1690.29	11.9192	0.317342
NM_001329114.2	2023	1795.29	0	0
NM_001329115.2	1915	1687.29	4.29836	0.114645
NM_001329120.2	2164	1936.29	0	0
NM_001329122.1	2157	1929.29	0	0
NM_001329126.2	7769	7541.29	211.626	1.26289
NM_001329128.2	2287	2059.29	90.4053	1.97569
NM_001329135.2	2137	1909.29	4.34382	0.102386
NM_001329137.2	6887	6659.29	0	0
NM_001329138.2	6911	6683.29	0	0
NM_001329139.2	6868	6640.29	0	0
NM_001329140.2	6808	6580.29	0	0
NM_001329144.2	4705	4477.29	0	0
NM_001329145.2	4438	4210.29	0	0
NM_001329146.2	4422	4194.29	0	0
NM_001329148.2	4932	4704.29	0	0
NM_001329149.2	4426	4198.29	0	0
NM_001329150.2	4171	3943.29	0	0
NM_001329157.2	2108	1880.29	59.5239	1.42465
NM_001329190.2	736	508.753	0	0
NM_001329191.2	613	387.495	0	0
NM_001329201.2	1894	1666.29	1.00775	0.0272173
NM_001329212.2	5760	5532.29	29.294	0.238296
NM_001329214.4	4869	4641.29	2.89499	0.0280705
NM_001329222.2	4072	3844.29	211.391	2.47465
NM_001329223.2	3831	3603.29	26.8843	0.335769
NM_001329224.2	4125	3897.29	5.51832	0.0637215
NM_001329225.2	3888	3660.29	438.124	5.38671
NM_001329226.2	4747	4519.29	0	0
NM_001329229.1	5587	5359.29	330.32	2.77377
NM_001329233.1	1894	1666.29	33.5689	0.906624
NM_001329237.2	8314	8086.29	390.171	2.17144
NM_001329238.2	8076	7848.29	225.475	1.2929
NM_001329239.2	4012	3784.29	131.184	1.56005
NM_001329240.2	3890	3662.29	302.449	3.71656
NM_001329241.2	3981	3753.29	554.853	6.65284
NM_001329394.2	4015	3787.29	7.09356	0.0842903
NM_001329395.2	3725	3497.29	2343.02	30.15
NM_001329396.2	3575	3347.29	25.9017	0.348239
NM_001329397.2	3518	3290.29	52.3588	0.716139
NM_001329398.2	3634	3406.29	31.0862	0.410702
NM_001329399.2	3595	3367.29	40.8997	0.546615
NM_001329400.2	3484	3256.29	33.2585	0.459644
NM_001329401.2	3427	3199.29	0	0
NM_001329402.2	3550	3322.29	120.808	1.63644
NM_001329411.2	3406	3178.29	29.2483	0.414142
NM_001329417.2	555	331.174	18.2134	2.475
NM_001329424.3	2816	2588.29	0	0
NM_001329425.2	700	472.947	0	0
NM_001329426.2	658	431.717	0	0
NM_001329429.2	4109	3881.29	159.546	1.84991
NM_001329430.2	4010	3782.29	179.914	2.14068
NM_001329431.2	4018	3790.29	1.1064	0.0131365
NM_001329434.2	6275	6047.29	281.625	2.09581
NM_001329442.2	2938	2710.29	0	0
NM_001329443.2	2864	2636.29	260.053	4.43925
NM_001329444.2	2921	2693.29	114.262	1.90924
NM_001329445.2	2890	2662.29	133.56	2.25768
NM_001329451.2	5249	5021.29	3651.87	32.7297
NM_001329452.2	6118	5890.29	2.99404	0.0228751
NM_001329453.2	6114	5886.29	29.1932	0.223194
NM_001329454.2	1280	1052.29	7.79851	0.333516
NM_001329455.2	761	533.648	26.3084	2.21861
NM_001329456.2	4937	4709.29	77.0001	0.73583
NM_001329457.2	1942	1714.29	0	0
NM_001329458.2	1860	1632.29	0	0
NM_001329471.2	766	538.541	0	0
NM_001329472.1	1150	922.293	15.7635	0.769177
NM_001329473.2	1154	926.293	6.95105	0.33771
NM_001329474.2	1227	999.293	300.65	13.5398
NM_001329475.2	1371	1143.29	89.7151	3.53143
NM_001329476.2	533	310.571	3.60375	0.522198
NM_001329477.2	7028	6800.29	0	0
NM_001329478.2	7202	6974.29	0	0
NM_001329493.2	3554	3326.29	30.8723	0.417687
NM_001329494.2	854	626.427	276.65	19.8748
NM_001329495.2	3667	3439.29	8.1102	0.106122
NM_001329502.2	1040	812.293	2.4034e-06	1.33154e-07
NM_001329503.2	918	690.293	16.4856	1.07477
NM_001329515.3	2452	2224.29	0	0
NM_001329516.3	2301	2073.29	0	0
NM_001329517.1	3934	3706.29	0	0
NM_001329518.1	3807	3579.29	0	0
NM_001329519.1	3890	3662.29	0	0
NM_001329520.1	3722	3494.29	0	0
NM_001329521.3	2430	2202.29	8.44815	0.172635
NM_001329522.3	1948	1720.29	0	0
NM_001329524.3	1926	1698.29	0	0
NM_001329530.2	2830	2602.29	0	0
NM_001329533.2	1408	1180.29	30.0341	1.14516
NM_001329536.1	1638	1410.29	74.8968	2.38999
NM_001329539.2	2453	2225.29	137.601	2.78276
NM_001329540.2	2399	2171.29	105.266	2.18179
NM_001329544.2	2506	2278.29	46.624	0.920962
NM_001329545.2	2375	2147.29	83.1557	1.74278
NM_001329548.2	2251	2023.29	31.8953	0.70943
NM_001329556.3	1441	1213.29	0	0
NM_001329559.2	4978	4750.29	41.6185	0.394283
NM_001329564.2	5999	5771.29	0	0
NM_001329570.2	1486	1258.29	4.17652	0.149374
NM_001329572.2	3091	2863.29	29.1997	0.458939
NM_001329585.2	4258	4030.29	38.0266	0.424613
NM_001329586.2	4023	3795.29	83.2372	0.986993
NM_001329587.2	4011	3783.29	22.2104	0.264198
NM_001329588.2	4207	3979.29	214.399	2.42471
NM_001329589.2	4033	3805.29	86.4551	1.02246
NM_001329590.2	4126	3898.29	30.3306	0.350146
NM_001329595.1	2163	1935.29	0	0
NM_001329596.2	1950	1722.29	3	0.0783892
NM_001329597.2	4191	3963.29	0	0
NM_001329602.2	3223	2995.29	0.236824	0.00355819
NM_001329603.2	3440	3212.29	0	0
NM_001329605.2	2291	2063.29	54.6447	1.19187
NM_001329606.2	8007	7779.29	858.588	4.96692
NM_001329607.2	2180	1952.29	8.33572	0.19215
NM_001329608.2	1613	1385.29	245.132	7.96344
NM_001329609.2	1094	866.293	20.2046	1.04961
NM_001329613.2	1206	978.293	55.3875	2.54791
NM_001329614.2	1448	1220.29	32.7236	1.20681
NM_001329615.2	1296	1068.29	176.593	7.4392
NM_001329616.2	5411	5183.29	0	0
NM_001329628.2	2693	2465.29	5.40724e-06	9.87073e-08
NM_001329629.2	3162	2934.29	424.209	6.50607
NM_001329630.2	5530	5302.29	0	0
NM_001329631.2	4987	4759.29	4.7127	0.0445625
NM_001329632.1	3455	3227.29	21.1301	0.29465
NM_001329633.2	3188	2960.29	0	0
NM_001329634.1	2969	2741.29	0	0
NM_001329639.2	4963	4735.29	0	0
NM_001329640.2	4933	4705.29	0	0
NM_001329641.2	2499	2271.29	504.236	9.99087
NM_001329642.2	5037	4809.29	257.01	2.40497
NM_001329643.2	2606	2378.29	587.786	11.1223
NM_001329647.2	4650	4422.29	25.1394	0.255829
NM_001329648.2	4323	4095.29	62.9168	0.691392
NM_001329649.2	4216	3988.29	5.88233e-05	6.63751e-07
NM_001329650.2	4586	4358.29	0.000541435	5.59077e-06
NM_001329651.2	4259	4031.29	166.751	1.86151
NM_001329652.2	4148	3920.29	0	0
NM_001329653.2	4693	4465.29	0.000752133	7.58031e-06
NM_001329654.2	4096	3868.29	0	0
NM_001329655.2	4149	3921.29	0	0
NM_001329656.2	4496	4268.29	30.7682	0.324406
NM_001329657.2	4175	3947.29	0	0
NM_001329658.2	4389	4161.29	4.98519e-05	5.39133e-07
NM_001329659.2	4282	4054.29	0	0
NM_001329660.2	4476	4248.29	0	0
NM_001329661.2	4346	4118.29	0	0
NM_001329662.2	4823	4595.29	13.1327	0.128612
NM_001329663.2	4609	4381.29	0	0
NM_001329664.2	4716	4488.29	0	0
NM_001329668.2	1455	1227.29	61.5355	2.25642
NM_001329670.2	4384	4156.29	38.9251	0.421469
NM_001329671.2	4236	4008.29	0	0
NM_001329672.2	4091	3863.29	114.139	1.32959
NM_001329674.2	11303	11075.3	156.74	0.636895
NM_001329675.2	11297	11069.3	0	0
NM_001329676.2	11286	11058.3	48.4151	0.197031
NM_001329678.2	804	576.487	0	0
NM_001329684.2	3443	3215.29	14.3389	0.200696
NM_001329685.1	1327	1099.29	246.858	10.1059
NM_001329686.2	3184	2956.29	88.8257	1.35218
NM_001329688.2	3228	3000.29	23.1765	0.347638
NM_001329689.2	3021	2793.29	0	0
NM_001329690.2	3025	2797.29	0	0
NM_001329691.2	3071	2843.29	0	0
NM_001329692.1	1233	1005.29	80.8411	3.61894
NM_001329693.2	2988	2760.29	51.2369	0.835354
NM_001329694.2	2929	2701.29	5.63561	0.0938883
NM_001329695.1	1174	946.293	0	0
NM_001329696.2	3056	2828.29	0	0
NM_001329700.2	3552	3324.29	0	0
NM_001329701.2	3155	2927.29	110.036	1.69166
NM_001329702.2	3521	3293.29	18.2418	0.249275
NM_001329704.2	1168	940.293	0	0
NM_001329712.2	3081	2853.29	0	0
NM_001329713.2	2976	2748.29	0	0
NM_001329714.2	2998	2770.29	0	0
NM_001329715.2	3014	2786.29	0	0
NM_001329716.2	3031	2803.29	0	0
NM_001329717.2	2927	2699.29	0	0
NM_001329718.2	2965	2737.29	0	0
NM_001329719.2	2924	2696.29	0	0
NM_001329722.2	1084	856.293	14.3986	0.75673
NM_001329723.2	970	742.293	3.34976	0.203086
NM_001329724.2	931	703.293	15.3091	0.979615
NM_001329725.2	871	643.427	0	0
NM_001329728.2	3328	3100.29	43.2097	0.627222
NM_001329729.2	4757	4529.29	84.8236	0.842808
NM_001329730.2	4731	4503.29	0	0
NM_001329731.2	4306	4078.29	0.256744	0.00283312
NM_001329733.2	2779	2551.29	55.4775	0.978585
NM_001329738.2	801	573.487	18.0942	1.4199
NM_001329739.2	856	628.427	0	0
NM_001329742.2	852	624.427	20.3837	1.46907
NM_001329743.2	783	555.487	0	0
NM_001329744.2	860	632.427	22.4528	1.59772
NM_001329745.2	892	664.361	64.8527	4.39305
NM_001329746.2	1583	1355.29	12.5645	0.417209
NM_001329748.1	1552	1324.29	0	0
NM_001329749.2	1566	1338.29	4.97725	0.167371
NM_001329752.2	2107	1879.29	26.1187	0.625461
NM_001329753.2	2041	1813.29	4.95826	0.123056
NM_001329754.2	3859	3631.29	0	0
NM_001329755.2	2409	2181.29	78.7193	1.62409
NM_001329756.2	3782	3554.29	0	0
NM_001329757.2	1982	1754.29	17.7308	0.45485
NM_001329758.2	1868	1640.29	73.6388	2.02035
NM_001329761.2	2757	2529.29	0.0925909	0.00164745
NM_001329762.2	2788	2560.29	0	0
NM_001329763.2	3087	2859.29	0	0
NM_001329764.2	2754	2526.29	10.4819	0.186723
NM_001329765.2	3142	2914.29	0.121474	0.00187583
NM_001329766.2	3094	2866.29	0	0
NM_001329767.2	3139	2911.29	7.46079	0.11533
NM_001329768.2	2746	2518.29	0	0
NM_001329769.2	2743	2515.29	37.4124	0.669375
NM_001329770.2	3096	2868.29	0	0
NM_001329771.2	3001	2773.29	59.01	0.957573
NM_001329772.2	2858	2630.29	0	0
NM_001329773.2	2699	2471.29	0	0
NM_001329774.2	2998	2770.29	6.31234e-08	1.02543e-09
NM_001329775.2	2950	2722.29	0.000196485	3.24816e-06
NM_001329776.2	2696	2468.29	32.9832	0.601365
NM_001329777.2	2855	2627.29	19.9861	0.342343
NM_001329778.2	2813	2585.29	0	0
NM_001329779.2	2733	2505.29	0	0
NM_001329783.2	4194	3966.29	0	0
NM_001329784.4	4262	4034.29	4.74306e-05	5.29095e-07
NM_001329786.2	4106	3878.29	0	0
NM_001329787.2	4160	3932.29	1.18324	0.0135416
NM_001329788.2	3733	3505.29	0	0
NM_001329790.2	1630	1402.29	21.9995	0.70602
NM_001329791.2	2662	2434.29	0	0
NM_001329792.2	2269	2041.29	43.1436	0.95116
NM_001329793.2	2225	1997.29	0	0
NM_001329798.2	7220	6992.29	0	0
NM_001329799.2	7158	6930.29	9.37139e-06	6.08548e-08
NM_001329800.2	7261	7033.29	0	0
NM_001329801.2	7127	6899.29	0.00437674	2.85488e-05
NM_001329802.2	7088	6860.29	10.386	0.0681316
NM_001329803.2	7010	6782.29	0	0
NM_001329804.2	4583	4355.29	0	0
NM_001329805.2	4537	4309.29	0	0
NM_001329806.2	4447	4219.29	0.54523	0.00581544
NM_001329844.2	7220	6992.29	0	0
NM_001329845.1	7026	6798.29	0	0
NM_001329846.3	6337	6109.29	0	0
NM_001329847.2	7105	6877.29	0	0
NM_001329848.1	7203	6975.29	0	0
NM_001329849.3	6376	6148.29	0	0
NM_001329851.3	7434	7206.29	0	0
NM_001329852.3	7401	7173.29	0	0
NM_001329856.2	1282	1054.29	0	0
NM_001329857.2	8088	7860.29	222.195	1.27215
NM_001329858.2	7935	7707.29	64.9626	0.379318
NM_001329861.2	5294	5066.29	0	0
NM_001329862.2	5641	5413.29	16.9984	0.141315
NM_001329863.2	5501	5273.29	12.6717	0.108142
NM_001329866.3	3282	3054.29	11.9968	0.176765
NM_001329868.2	10425	10197.3	76.1661	0.336139
NM_001329872.2	2536	2308.29	0	0
NM_001329877.1	3992	3764.29	0	0
NM_001329903.2	1463	1235.29	46.8163	1.70557
NM_001329904.2	1346	1118.29	21.4909	0.864853
NM_001329905.2	1103	875.293	5.54771	0.285235
NM_001329906.2	1879	1651.29	3	0.0817597
NM_001329907.2	1841	1613.29	0	0
NM_001329909.1	4178	3950.29	18.7048	0.213092
NM_001329910.1	4153	3925.29	21.1429	0.242401
NM_001329911.2	4098	3870.29	108.597	1.26275
NM_001329914.2	5162	4934.29	46.1085	0.420532
NM_001329916.2	2171	1943.29	44.8764	1.03925
NM_001329917.2	1604	1376.29	29.7869	0.973994
NM_001329919.2	13709	13481.3	0	0
NM_001329920.2	1253	1025.29	1	0.0438929
NM_001329921.1	2179	1951.29	74.5107	1.71846
NM_001329922.1	2227	1999.29	76.9385	1.73185
NM_001329923.1	2153	1925.29	104.233	2.43642
NM_001329924.2	2182	1954.29	27.4058	0.631095
NM_001329925.2	2153	1925.29	63.4202	1.48243
NM_001329926.2	2176	1948.29	133.649	3.08712
NM_001329928.2	7109	6881.29	0	0
NM_001329929.2	7021	6793.29	150.152	0.994705
NM_001329930.2	7113	6885.29	140.25	0.916689
NM_001329931.2	7138	6910.29	151.372	0.985803
NM_001329932.2	7085	6857.29	47.2569	0.310138
NM_001329933.2	7201	6973.29	0	0
NM_001329934.2	6950	6722.29	28.434	0.190354
NM_001329938.2	2283	2055.29	6.67261	0.146105
NM_001329939.2	3414	3186.29	14.6308	0.206645
NM_001329941.2	2371	2143.29	16.9343	0.355572
NM_001329942.2	2104	1876.29	2.58363	0.0619687
NM_001329943.3	8558	8330.29	0	0
NM_001329944.2	8643	8415.29	0	0
NM_001329945.2	7842	7614.29	158.139	0.934654
NM_001329946.2	8492	8264.29	0	0
NM_001329947.2	8426	8198.29	0	0
NM_001329953.2	1992	1764.29	83.4302	2.12811
NM_001329958.2	2831	2603.29	0	0
NM_001329963.1	4752	4524.29	102.782	1.02237
NM_001329964.2	5248	5020.29	0	0
NM_001329971.2	2064	1836.29	0	0
NM_001329972.1	965	737.293	1.2254	0.0747965
NM_001329973.1	1044	816.293	0	0
NM_001329974.2	1985	1757.29	5.41103	0.138573
NM_001329976.2	3585	3357.29	105.951	1.42023
NM_001329984.2	7091	6863.29	1167.17	7.65322
NM_001329990.2	3610	3382.29	459.539	6.1144
NM_001329991.2	8834	8606.29	52.8671	0.276447
NM_001329993.2	3841	3613.29	0	0
NM_001329994.2	3838	3610.29	0	0
NM_001329996.2	1647	1419.29	0.304503	0.00965519
NM_001329997.1	1332	1104.29	0.000790084	3.21982e-05
NM_001329998.2	10611	10383.3	148.195	0.642306
NM_001330.5	1644	1416.29	84.1287	2.67321
NM_001330000.2	5068	4840.29	5.93481e-06	5.51794e-08
NM_001330004.2	1735	1507.29	0	0
NM_001330057.3	4180	3952.29	0.00207259	2.35997e-05
NM_001330058.2	6719	6491.29	0	0
NM_001330059.2	5355	5127.29	361.987	3.17722
NM_001330060.2	6085	5857.29	0	0
NM_001330061.2	1469	1241.29	0	0
NM_001330062.2	3597	3369.29	0	0
NM_001330063.2	7506	7278.29	2893.87	17.8933
NM_001330064.2	1702	1474.29	0	0
NM_001330065.1	3223	2995.29	6.88126	0.103388
NM_001330066.2	1467	1239.29	1.0304	0.0374175
NM_001330067.2	1239	1011.29	0	0
NM_001330068.2	5589	5361.29	473.644	3.9758
NM_001330069.2	3857	3629.29	0	0
NM_001330070.2	1660	1432.29	0	0
NM_001330071.2	8394	8166.29	0	0
NM_001330072.2	8295	8067.29	0	0
NM_001330073.1	1576	1348.29	135.872	4.5351
NM_001330074.2	4642	4414.29	352.673	3.59545
NM_001330075.3	9306	9078.29	512.156	2.53887
NM_001330077.2	9014	8786.29	0	0
NM_001330078.2	9038	8810.29	0	0
NM_001330079.2	5087	4859.29	0	0
NM_001330081.2	5090	4862.29	0	0
NM_001330082.2	9005	8777.29	0	0
NM_001330083.2	8873	8645.29	0	0
NM_001330084.2	8972	8744.29	0	0
NM_001330085.2	9011	8783.29	0	0
NM_001330086.2	9029	8801.29	0	0
NM_001330087.2	8837	8609.29	0	0
NM_001330088.2	8858	8630.29	0	0
NM_001330089.2	2012	1784.29	0	0
NM_001330090.2	4352	4124.29	0	0
NM_001330091.2	5709	5481.29	0	0
NM_001330092.2	5718	5490.29	0	0
NM_001330093.2	9035	8807.29	0	0
NM_001330094.2	9017	8789.29	0	0
NM_001330095.2	8897	8669.29	0	0
NM_001330096.2	8828	8600.29	0	0
NM_001330097.2	5619	5391.29	0.908252	0.00758151
NM_001330101.2	2328	2100.29	204.069	4.3726
NM_001330102.2	4456	4228.29	0	0
NM_001330103.2	4269	4041.29	908.416	10.116
NM_001330104.2	2276	2048.29	167.072	3.67074
NM_001330105.2	2146	1918.29	140.526	3.29674
NM_001330106.2	3704	3476.29	10.8695	0.140714
NM_001330107.2	3721	3493.29	8.58501	0.110598
NM_001330110.2	3421	3193.29	41.8647	0.589999
NM_001330111.2	768	540.541	184.6	15.369
NM_001330112.2	3601	3373.29	1482.69	19.7805
NM_001330113.2	7782	7554.29	0	0
NM_001330114.2	8214	7986.29	0	0
NM_001330115.2	7885	7657.29	0	0
NM_001330116.2	8045	7817.29	0	0
NM_001330117.2	8380	8152.29	0	0
NM_001330118.1	8091	7863.29	0	0
NM_001330120.2	1013	785.293	9.96377	0.570997
NM_001330121.2	4471	4243.29	0	0
NM_001330122.2	4466	4238.29	0	0
NM_001330123.2	4339	4111.29	24.0864	0.263655
NM_001330124.3	3999	3771.29	709.927	8.47161
NM_001330125.1	2508	2280.29	38.3485	0.756833
NM_001330126.1	756	528.701	0	0
NM_001330127.2	745	517.701	31.8254	2.76654
NM_001330128.2	3205	2977.29	3.26182e-05	4.93039e-07
NM_001330129.2	2200	1972.29	0	0
NM_001330130.2	4748	4520.29	264.695	2.63525
NM_001330131.2	2147	1919.29	25.2904	0.593001
NM_001330132.3	1861	1633.29	0	0
NM_001330133.3	2075	1847.29	0	0
NM_001330134.2	4995	4767.29	0	0
NM_001330135.2	1944	1716.29	0	0
NM_001330136.3	1740	1512.29	0	0
NM_001330137.2	4819	4591.29	14.3316	0.140476
NM_001330139.3	2783	2555.29	0.965139	0.0169977
NM_001330140.3	2723	2495.29	0	0
NM_001330142.3	1128	900.293	9.38514	0.469136
NM_001330143.2	592	367.025	1.72869e-05	2.11966e-06
NM_001330144.2	1884	1656.29	20.4447	0.555502
NM_001330145.2	5048	4820.29	248.383	2.31895
NM_001330146.2	5000	4772.29	18.2039	0.171664
NM_001330147.2	5135	4907.29	12.2921	0.112727
NM_001330148.2	1819	1591.29	0.00164957	4.66513e-05
NM_001330149.2	677	450.406	12.6476	1.26371
NM_001330150.2	1472	1244.29	0	0
NM_001330152.2	3889	3661.29	95.3179	1.17161
NM_001330153.2	5445	5217.29	68.1026	0.587436
NM_001330154.2	2911	2683.29	0	0
NM_001330156.1	2450	2222.29	0	0
NM_001330157.2	2410	2182.29	10.9423	0.225652
NM_001330158.2	2664	2436.29	0	0
NM_001330159.3	1527	1299.29	0	0
NM_001330161.2	4266	4038.29	28.8808	0.32185
NM_001330162.2	955	727.293	166.249	10.2871
NM_001330163.2	1465	1237.29	3.54853	0.129068
NM_001330164.2	5822	5594.29	0	0
NM_001330166.2	1407	1179.29	79.6597	3.0399
NM_001330167.2	6459	6231.29	207.667	1.4998
NM_001330168.2	3429	3201.29	6.25786	0.0879716
NM_001330169.2	3692	3464.29	7.71453	0.100216
NM_001330170.2	2668	2440.29	33.6215	0.620037
NM_001330172.2	5341	5113.29	0	0
NM_001330173.2	934	706.293	63.2641	4.03102
NM_001330174.3	5747	5519.29	0	0
NM_001330176.2	929	701.293	26.8704	1.72432
NM_001330177.2	18069	17841.3	505.848	1.27596
NM_001330178.2	14107	13879.3	122.428	0.396969
NM_001330179.2	1088	860.293	148.65	7.77607
NM_001330180.2	2969	2741.29	0	0
NM_001330181.2	4979	4751.29	0	0
NM_001330182.2	3657	3429.29	19.4031	0.254629
NM_001330183.2	9834	9606.29	406.877	1.90612
NM_001330185.2	5201	4973.29	274.03	2.47968
NM_001330186.2	7692	7464.29	0	0
NM_001330187.2	7730	7502.29	2.48697e-07	1.49183e-09
NM_001330188.2	8096	7868.29	0	0
NM_001330189.2	3241	3013.29	0	0
NM_001330190.1	1996	1768.29	64.1447	1.63248
NM_001330191.2	3750	3522.29	0	0
NM_001330192.2	6241	6013.29	68.4177	0.512034
NM_001330193.1	2554	2326.29	2.87391e-07	5.5597e-09
NM_001330194.2	966	738.293	0	0
NM_001330195.2	12048	11820.3	0	0
NM_001330196.2	6588	6360.29	306.76	2.17052
NM_001330199.3	4640	4412.29	0	0
NM_001330200.1	1097	869.293	90.8025	4.70082
NM_001330201.2	832	604.427	119.453	8.89395
NM_001330202.2	1063	835.293	68.9967	3.71733
NM_001330203.2	3386	3158.29	472.76	6.73644
NM_001330204.2	12037	11809.3	8.90732	0.0339442
NM_001330205.2	3698	3470.29	0	0
NM_001330206.2	1476	1248.29	19.1345	0.689832
NM_001330207.2	2145	1917.29	0	0
NM_001330208.2	10054	9826.29	353.602	1.61945
NM_001330209.2	3492	3264.29	123.311	1.70002
NM_001330210.2	3737	3509.29	0	0
NM_001330211.2	3537	3309.29	966.717	13.1464
NM_001330212.2	4474	4246.29	18.8322	0.199588
NM_001330213.2	3118	2890.29	211.315	3.29026
NM_001330214.1	2704	2476.29	224.736	4.08426
NM_001330215.2	2490	2262.29	0	0
NM_001330216.2	5236	5008.29	58.7895	0.528266
NM_001330218.2	3813	3585.29	1797.48	22.5623
NM_001330219.3	1277	1049.29	22.7396	0.975276
NM_001330220.3	2714	2486.29	120.767	2.18594
NM_001330221.2	2380	2152.29	1063.06	22.2279
NM_001330222.2	3034	2806.29	0	0
NM_001330223.2	2221	1993.29	3.43671	0.0775915
NM_001330224.2	2320	2092.29	0	0
NM_001330225.2	2204	1976.29	0	0
NM_001330226.2	2218	1990.29	0	0
NM_001330227.3	2210	1982.29	163.372	3.70896
NM_001330228.3	2656	2428.29	0	0
NM_001330229.2	3448	3220.29	154.283	2.15609
NM_001330230.2	1182	954.293	0	0
NM_001330231.2	4297	4069.29	1562.48	17.2797
NM_001330232.2	4136	3908.29	506.457	5.83173
NM_001330233.2	2884	2656.29	0.00013466	2.28142e-06
NM_001330234.2	1906	1678.29	0	0
NM_001330235.2	2281	2053.29	51.1348	1.12075
NM_001330236.2	732	504.753	0	0
NM_001330237.2	4982	4754.29	4967.04	47.0169
NM_001330238.2	4982	4754.29	529.905	5.01596
NM_001330239.4	7190	6962.29	3975.01	25.6938
NM_001330240.1	1341	1113.29	11.4712	0.463704
NM_001330241.2	2314	2086.29	49.5179	1.06814
NM_001330242.2	8388	8160.29	86.4409	0.476712
NM_001330243.2	8442	8214.29	0	0
NM_001330244.1	1350	1122.29	0.988138	0.0396236
NM_001330245.2	2305	2077.29	0	0
NM_001330246.2	3397	3169.29	737.419	10.4711
NM_001330247.2	5644	5416.29	3773.17	31.3507
NM_001330248.2	2992	2764.29	540.118	8.7932
NM_001330249.2	3058	2830.29	2726.84	43.3582
NM_001330250.2	2917	2689.29	13.7423	0.229965
NM_001330251.2	5569	5341.29	498.961	4.204
NM_001330252.2	3791	3563.29	0	0
NM_001330253.2	5989	5761.29	7.3608e-05	5.74973e-07
NM_001330254.2	5593	5365.29	1.21518e-05	1.01927e-07
NM_001330255.2	1947	1719.29	0	0
NM_001330256.2	5729	5501.29	56.9496	0.465874
NM_001330257.2	4158	3930.29	0	0
NM_001330259.2	4193	3965.29	108.898	1.23591
NM_001330260.2	11559	11331.3	258.954	1.02846
NM_001330261.2	4806	4578.29	207.538	2.04003
NM_001330262.2	4749	4521.29	7375.68	73.4145
NM_001330264.2	8187	7959.29	0	0
NM_001330265.1	4027	3799.29	0	0
NM_001330266.1	4050	3822.29	0	0
NM_001330267.1	3724	3496.29	0	0
NM_001330268.1	3969	3741.29	0	0
NM_001330269.2	2107	1879.29	38.8391	0.930073
NM_001330270.2	3736	3508.29	0	0
NM_001330271.2	3665	3437.29	0	0
NM_001330272.2	8084	7856.29	0	0
NM_001330274.2	1670	1442.29	0.000361649	1.12843e-05
NM_001330275.1	1126	898.293	0	0
NM_001330276.2	1442	1214.29	0	0
NM_001330277.2	1591	1363.29	10.7252	0.354046
NM_001330278.2	1858	1630.29	0	0
NM_001330279.2	1389	1161.29	0	0
NM_001330280.2	1717	1489.29	13.8043	0.417135
NM_001330281.2	1272	1044.29	24.1288	1.03981
NM_001330282.2	779	551.487	78.2739	6.3874
NM_001330283.2	1852	1624.29	0	0
NM_001330284.2	450	234.286	154.67	29.7099
NM_001330285.2	1067	839.293	65.4085	3.50722
NM_001330286.2	1871	1643.29	47.4744	1.30013
NM_001330288.2	5090	4862.29	121.719	1.12657
NM_001330289.2	8882	8654.29	0	0
NM_001330290.2	8930	8702.29	0	0
NM_001330292.2	2868	2640.29	634.079	10.8077
NM_001330293.2	1485	1257.29	18.2265	0.652394
NM_001330294.2	1642	1414.29	79.6171	2.53343
NM_001330295.2	5155	4927.29	671.537	6.13343
NM_001330297.2	4576	4348.29	0	0
NM_001330298.2	773	545.487	0	0
NM_001330299.2	4081	3853.29	119.854	1.39979
NM_001330300.2	3976	3748.29	8.67713	0.10418
NM_001330301.2	4084	3856.29	1232.98	14.3889
NM_001330302.2	4081	3853.29	26.0494	0.304234
NM_001330303.2	3979	3751.29	409.545	4.91318
NM_001330305.2	2299	2071.29	664.139	14.4298
NM_001330306.2	2432	2204.29	44.5005	0.908527
NM_001330307.2	5898	5670.29	0	0
NM_001330308.2	3756	3528.29	80.9726	1.0328
NM_001330309.2	5727	5499.29	27.5541	0.225487
NM_001330310.2	6553	6325.29	72.8974	0.518649
NM_001330311.2	3305	3077.29	1575.4	23.039
NM_001330312.2	1186	958.293	33.0351	1.55139
NM_001330313.2	619	393.338	0	0
NM_001330314.2	10829	10601.3	0	0
NM_001330315.2	10353	10125.3	220.286	0.979087
NM_001330316.2	10216	9988.29	189.667	0.85456
NM_001330317.2	2306	2078.29	142.698	3.08996
NM_001330320.2	3018	2790.29	95.2158	1.53568
NM_001330321.2	1693	1465.29	0.175842	0.00540057
NM_001330322.2	3000	2772.29	180.778	2.9346
NM_001330323.1	2706	2478.29	276.295	5.01722
NM_001330324.2	3215	2987.29	3.02806e-07	4.56172e-09
NM_001330325.2	3221	2993.29	3.2745	0.049231
NM_001330326.2	8082	7854.29	0	0
NM_001330327.2	7935	7707.29	17.3792	0.101478
NM_001330330.2	6882	6654.29	0	0
NM_001330331.2	5956	5728.29	407.263	3.19958
NM_001330332.2	2427	2199.29	14.0454	0.287404
NM_001330333.2	1239	1011.29	726.868	32.346
NM_001330334.2	1848	1620.29	50.9812	1.41599
NM_001330336.1	1770	1542.29	83.2354	2.42875
NM_001330337.1	1740	1512.29	0	0
NM_001330339.1	1925	1697.29	47.0744	1.24816
NM_001330340.1	2070	1842.29	13.4493	0.328537
NM_001330341.2	3304	3076.29	0	0
NM_001330342.1	1972	1744.29	0.138053	0.00356179
NM_001330343.2	2773	2545.29	0	0
NM_001330344.2	1577	1349.29	253.446	8.45319
NM_001330345.2	4151	3923.29	6.14349	0.0704704
NM_001330346.2	1113	885.293	0.000817465	4.15551e-05
NM_001330347.2	6838	6610.29	76.7721	0.522667
NM_001330348.2	4190	3962.29	61.1381	0.694397
NM_001330349.2	5654	5426.29	40.5804	0.336555
NM_001330350.2	5565	5337.29	24.5173	0.206726
NM_001330351.2	2797	2569.29	0	0
NM_001330353.2	1155	927.293	53.0399	2.57412
NM_001330354.2	1246	1018.29	49.8968	2.20517
NM_001330355.2	2899	2671.29	0	0
NM_001330356.2	6278	6050.29	0	0
NM_001330357.2	3929	3701.29	85.5681	1.0404
NM_001330358.2	7074	6846.29	46.5053	0.305696
NM_001330359.2	3595	3367.29	0	0
NM_001330360.2	5487	5259.29	1656.28	14.1726
NM_001330361.2	3450	3222.29	6	0.083797
NM_001330364.2	4346	4118.29	0	0
NM_001330365.2	4440	4212.29	0	0
NM_001330367.2	2411	2183.29	0	0
NM_001330368.2	1261	1033.29	0	0
NM_001330370.2	3047	2819.29	0	0
NM_001330371.2	2501	2273.29	10.1373	0.200683
NM_001330372.2	5882	5654.29	80.7831	0.642961
NM_001330373.2	8055	7827.29	0	0
NM_001330374.2	8051	7823.29	0	0
NM_001330375.2	5175	4947.29	0	0
NM_001330376.2	3042	2814.29	166.048	2.65525
NM_001330377.2	2696	2468.29	107.085	1.95243
NM_001330378.3	1009	781.293	11.4711	0.660743
NM_001330379.1	571	346.526	0	0
NM_001330380.2	4442	4214.29	30.8908	0.329873
NM_001330381.3	4168	3940.29	19.57	0.223514
NM_001330382.2	2297	2069.29	0	0
NM_001330383.3	3684	3456.29	0	0
NM_001330384.2	3234	3006.29	104.038	1.55741
NM_001330385.3	1565	1337.29	0	0
NM_001330386.2	781	553.487	111.62	9.07566
NM_001330387.2	778	550.487	21.6095	1.76661
NM_001330388.2	806	578.487	53.8383	4.18832
NM_001330389.2	661	434.717	158.394	16.3973
NM_001330390.2	785	557.487	14.0742	1.13614
NM_001330391.2	562	337.904	17.0177	2.26647
NM_001330392.2	565	340.768	30.9009	4.0809
NM_001330393.2	4842	4614.29	137.257	1.33867
NM_001330394.3	4263	4035.29	0	0
NM_001330395.4	5957	5729.29	684.18	5.37418
NM_001330396.3	7520	7292.29	0	0
NM_001330397.2	2126	1898.29	0	0
NM_001330398.2	8365	8137.29	71.6065	0.396018
NM_001330399.2	2829	2601.29	49.8	0.861554
NM_001330400.2	4140	3912.29	54.3639	0.625348
NM_001330401.2	3814	3586.29	58.66	0.736102
NM_001330402.2	3898	3670.29	43.7384	0.536296
NM_001330403.2	4625	4397.29	5.57793e-05	5.7086e-07
NM_001330404.2	4772	4544.29	111.075	1.1
NM_001330405.2	4009	3781.29	0	0
NM_001330406.2	4127	3899.29	0	0
NM_001330407.2	4110	3882.29	0	0
NM_001330408.2	3868	3640.29	0	0
NM_001330409.2	1991	1763.29	35.6752	0.910509
NM_001330410.2	3986	3758.29	0	0
NM_001330411.2	4104	3876.29	8.05089	0.0934694
NM_001330412.2	3963	3735.29	3.55927	0.0428824
NM_001330413.2	3628	3400.29	9.02844	0.119492
NM_001330414.2	3583	3355.29	19.655	0.263624
NM_001330415.2	6459	6231.29	159.821	1.15424
NM_001330416.2	5592	5364.29	0	0
NM_001330417.2	5860	5632.29	99.8563	0.797871
NM_001330418.3	5397	5169.29	31.5112	0.274332
NM_001330419.2	2166	1938.29	7.39801	0.171766
NM_001330420.2	2537	2309.29	608.563	11.8596
NM_001330421.2	2943	2715.29	111.059	1.84069
NM_001330422.2	5615	5387.29	6.89706	0.057615
NM_001330425.3	2286	2058.29	196.601	4.29854
NM_001330426.2	2347	2119.29	328.529	6.97629
NM_001330427.2	2432	2204.29	0	0
NM_001330428.1	3480	3252.29	0	0
NM_001330429.2	1742	1514.29	9.38625	0.278949
NM_001330430.4	1601	1373.29	0	0
NM_001330431.2	4740	4512.29	1023.78	10.2106
NM_001330432.2	4484	4256.29	122.799	1.2984
NM_001330433.2	3040	2812.29	122.845	1.96579
NM_001330434.2	4425	4197.29	302.322	3.24148
NM_001330435.2	3000	2772.29	62.9863	1.02247
NM_001330436.2	4671	4443.29	20.9358	0.212045
NM_001330437.2	6085	5857.29	2586.61	19.8736
NM_001330438.2	7454	7226.29	0.0215495	0.000134203
NM_001330439.1	2341	2113.29	180.769	3.84953
NM_001330440.2	2356	2128.29	20.3858	0.431061
NM_001330441.2	3034	2806.29	0	0
NM_001330442.2	5446	5218.29	4.87252	0.0420211
NM_001330443.2	5443	5215.29	209.951	1.81168
NM_001330444.2	5254	5026.29	18.5141	0.165766
NM_001330446.1	2090	1862.29	164.916	3.98526
NM_001330447.2	13820	13592.3	0.177934	0.000589127
NM_001330448.1	946	718.293	0	0
NM_001330449.2	3172	2944.29	638.279	9.756
NM_001330450.2	13525	13297.3	0	0
NM_001330451.2	4977	4749.29	108.767	1.03065
NM_001330452.2	1670	1442.29	6.16365	0.192321
NM_001330453.2	3370	3142.29	0	0
NM_001330454.2	4140	3912.29	0	0
NM_001330455.2	2702	2474.29	0	0
NM_001330456.1	1815	1587.29	0	0
NM_001330457.2	1191	963.293	0	0
NM_001330458.2	3560	3332.29	166.251	2.24524
NM_001330459.1	4578	4350.29	0	0
NM_001330460.1	4333	4105.29	0	0
NM_001330461.2	4052	3824.29	0	0
NM_001330462.1	4726	4498.29	5.78521	0.057878
NM_001330463.2	4297	4069.29	0	0
NM_001330464.2	5101	4873.29	219.222	2.02443
NM_001330465.2	2091	1863.29	3.51835	0.0849768
NM_001330466.2	3342	3114.29	86.3526	1.24784
NM_001330467.2	1299	1071.29	58.4861	2.4569
NM_001330468.2	1938	1710.29	0	0
NM_001330469.2	1200	972.293	0.00216717	0.000100309
NM_001330470.2	3316	3088.29	0	0
NM_001330471.2	2675	2447.29	0	0
NM_001330472.2	1998	1770.29	116.184	2.95353
NM_001330474.2	3829	3601.29	750.325	9.37633
NM_001330475.2	2015	1787.29	28.821	0.725697
NM_001330476.2	4874	4646.29	0	0
NM_001330477.2	5072	4844.29	38.5677	0.358291
NM_001330478.2	4846	4618.29	228.322	2.22489
NM_001330479.2	5375	5147.29	173.437	1.51637
NM_001330480.2	5006	4778.29	14.6455	0.137935
NM_001330482.2	4083	3855.29	0	0
NM_001330483.2	2941	2713.29	3.35973	0.055725
NM_001330484.2	2060	1832.29	0	0
NM_001330485.2	1953	1725.29	168.29	4.38972
NM_001330486.2	1967	1739.29	172.977	4.47568
NM_001330487.2	1793	1565.29	15.2806	0.439325
NM_001330488.2	3906	3678.29	0	0
NM_001330489.2	2535	2307.29	2097.22	40.9057
NM_001330490.2	4785	4557.29	1728.94	17.0732
NM_001330491.2	3380	3152.29	111.065	1.5856
NM_001330492.2	2728	2500.29	0.00506228	9.11165e-05
NM_001330493.2	1485	1257.29	0	0
NM_001330495.2	4779	4551.29	0	0
NM_001330496.2	3571	3343.29	0	0
NM_001330497.2	5486	5258.29	53.7339	0.459881
NM_001330498.2	3780	3552.29	0	0
NM_001330499.2	1724	1496.29	26.8482	0.807496
NM_001330500.2	2528	2300.29	24.9708	0.48853
NM_001330501.2	4988	4760.29	0	0
NM_001330502.2	2623	2395.29	1205.62	22.6513
NM_001330503.2	3368	3140.29	41.576	0.595819
NM_001330504.2	3741	3513.29	134.238	1.71951
NM_001330505.3	2038	1810.29	29.0868	0.723085
NM_001330508.2	3496	3268.29	38.627	0.531878
NM_001330509.2	2977	2749.29	0	0
NM_001330510.2	873	645.427	30.7468	2.14386
NM_001330511.1	4956	4728.29	87.6622	0.834354
NM_001330512.1	8427	8199.29	0	0
NM_001330513.2	17900	17672.3	49.4429	0.125908
NM_001330514.2	17801	17573.3	65.7364	0.168343
NM_001330515.2	2712	2484.29	0	0
NM_001330517.2	3217	2989.29	289.918	4.36464
NM_001330518.2	5023	4795.29	1.33076	0.012489
NM_001330519.2	3451	3223.29	0	0
NM_001330520.3	8344	8116.29	498.594	2.76459
NM_001330521.2	7265	7037.29	2.03025e-08	1.29834e-10
NM_001330522.2	2351	2123.29	28.156	0.596765
NM_001330523.2	1705	1477.29	212.306	6.46752
NM_001330524.2	1783	1555.29	2.7913	0.0807676
NM_001330526.2	1296	1068.29	0.0957355	0.00403297
NM_001330528.2	1783	1555.29	9.40843	0.272237
NM_001330529.2	2940	2712.29	0	0
NM_001330530.3	1738	1510.29	31.3943	0.935475
NM_001330531.3	1500	1272.29	30.8965	1.09286
NM_001330533.2	7563	7335.29	68.5631	0.420645
NM_001330535.2	804	576.487	9.91551	0.774048
NM_001330536.2	896	668.361	130.599	8.79368
NM_001330537.2	3582	3354.29	32.9152	0.441609
NM_001330538.2	7833	7605.29	2.38115e-05	1.40901e-07
NM_001330539.3	1838	1610.29	380.937	10.6461
NM_001330540.2	5100	4872.29	47.9657	0.443037
NM_001330541.3	1850	1622.29	30.0732	0.834242
NM_001330542.2	2167	1939.29	12.0805	0.280339
NM_001330543.2	3139	2911.29	0	0
NM_001330552.2	6672	6444.29	5.16042e-06	3.60373e-08
NM_001330553.2	3085	2857.29	0	0
NM_001330556.2	2803	2575.29	165.018	2.88368
NM_001330557.2	3952	3724.29	0	0
NM_001330559.2	3549	3321.29	0	0
NM_001330561.2	4456	4228.29	0	0
NM_001330563.2	3264	3036.29	44.5073	0.659674
NM_001330564.2	8024	7796.29	541.46	3.12551
NM_001330565.2	7727	7499.29	363.871	2.18358
NM_001330566.2	8079	7851.29	273.988	1.57048
NM_001330567.2	8021	7793.29	337.537	1.94914
NM_001330568.2	2154	1926.29	0	0
NM_001330569.2	1764	1536.29	33.592	0.984022
NM_001330570.3	4555	4327.29	0	0
NM_001330572.2	2129	1901.29	42.53	1.00667
NM_001330574.2	4559	4331.29	0	0
NM_001330575.2	3400	3172.29	24.6837	0.35017
NM_001330576.2	6322	6094.29	238.216	1.7591
NM_001330578.2	6364	6136.29	0	0
NM_001330579.2	6346	6118.29	0	0
NM_001330580.2	3598	3370.29	239.987	3.20452
NM_001330582.2	1799	1571.29	48.2093	1.38075
NM_001330583.1	6874	6646.29	0	0
NM_001330585.2	5338	5110.29	1325.75	11.675
NM_001330587.2	2177	1949.29	20.7325	0.478648
NM_001330588.2	5484	5256.29	797.553	6.82846
NM_001330589.2	2630	2402.29	10.0008	0.18735
NM_001330593.2	5292	5064.29	0	0
NM_001330595.2	3901	3673.29	0.0212258	0.000260046
NM_001330596.2	2645	2417.29	0	0
NM_001330597.2	5100	4872.29	0	0
NM_001330598.2	4884	4656.29	0	0
NM_001330599.2	9806	9578.29	216.853	1.01887
NM_001330600.2	3208	2980.29	5.12479	0.0773855
NM_001330601.2	3101	2873.29	20.0782	0.314475
NM_001330602.1	1636	1408.29	56.5618	1.80748
NM_001330603.2	3814	3586.29	0	0
NM_001330604.3	8038	7810.29	146.36	0.84333
NM_001330605.3	7606	7378.29	1486.59	9.06731
NM_001330606.2	3362	3134.29	0	0
NM_001330609.2	3829	3601.29	469.461	5.86655
NM_001330611.3	9056	8828.29	0	0
NM_001330612.2	3694	3466.29	13.32	0.172934
NM_001330613.2	5165	4937.29	48.0765	0.438214
NM_001330614.2	7206	6978.29	11.7697	0.075903
NM_001330615.4	1323	1095.29	0	0
NM_001330616.2	6642	6414.29	415.158	2.91278
NM_001330617.2	2714	2486.29	71.4923	1.29404
NM_001330618.2	2229	2001.29	196.509	4.41889
NM_001330619.3	7165	6937.29	14.5624	0.0944683
NM_001330620.2	2289	2061.29	0	0
NM_001330622.2	3641	3413.29	0	0
NM_001330623.1	1905	1677.29	0	0
NM_001330624.2	5660	5432.29	547.557	4.53616
NM_001330625.2	2847	2619.29	0	0
NM_001330626.2	4394	4166.29	0	0
NM_001330627.2	4364	4136.29	333.758	3.6313
NM_001330628.2	4387	4159.29	97.2709	1.05246
NM_001330629.2	4471	4243.29	217.396	2.30563
NM_001330630.2	4178	3950.29	0	0
NM_001330631.2	4304	4076.29	0	0
NM_001330632.2	4274	4046.29	980.568	10.9059
NM_001330633.2	4286	4058.29	131.059	1.45334
NM_001330634.2	4247	4019.29	0	0
NM_001330635.3	27859	27631.3	0	0
NM_001330636.2	2582	2354.29	0	0
NM_001330637.2	7657	7429.29	0.674213	0.00408406
NM_001330638.2	4255	4027.29	0	0
NM_001330639.2	4723	4495.29	6.46793	0.0647515
NM_001330640.2	8143	7915.29	161.963	0.920857
NM_001330644.2	4080	3852.29	492.047	5.74817
NM_001330645.3	7275	7047.29	5.24398	0.0334873
NM_001330646.3	1382	1154.29	19.1272	0.745723
NM_001330647.2	3143	2915.29	0	0
NM_001330648.3	4715	4487.29	0	0
NM_001330650.1	1218	990.293	2	0.0908884
NM_001330651.1	2565	2337.29	1.999	0.0384895
NM_001330652.2	4493	4265.29	0.000579148	6.11058e-06
NM_001330653.3	6410	6182.29	16.4613	0.119828
NM_001330654.2	3739	3511.29	0	0
NM_001330655.2	3648	3420.29	0	0
NM_001330656.2	8833	8605.29	0	0
NM_001330658.2	8735	8507.29	0	0
NM_001330659.2	2099	1871.29	19.9866	0.480662
NM_001330660.2	3768	3540.29	240.028	3.05115
NM_001330661.1	2359	2131.29	0	0
NM_001330662.2	2128	1900.29	77.5733	1.8371
NM_001330663.2	5453	5225.29	0	0
NM_001330665.2	6093	5865.29	0	0
NM_001330668.2	1662	1434.29	295.932	9.2853
NM_001330669.1	2005	1777.29	301.318	7.6297
NM_001330670.3	3932	3704.29	21.6572	0.263111
NM_001330671.3	4221	3993.29	4.7487	0.0535163
NM_001330672.2	7697	7469.29	0	0
NM_001330673.2	4254	4026.29	277.411	3.10071
NM_001330674.2	5783	5555.29	0	0
NM_001330675.2	4285	4057.29	20.1221	0.223192
NM_001330676.2	4332	4104.29	18.8629	0.20683
NM_001330677.2	4042	3814.29	1325.67	15.6409
NM_001330678.2	2011	1783.29	46.0436	1.16195
NM_001330679.2	2040	1812.29	87.5286	2.17352
NM_001330680.2	4312	4084.29	0	0
NM_001330681.2	6877	6649.29	6952.22	47.0533
NM_001330682.2	6986	6758.29	1064.5	7.08844
NM_001330683.2	7842	7614.29	576.675	3.40835
NM_001330684.2	7010	6782.29	634.552	4.2105
NM_001330685.2	1109	881.293	51.6787	2.63897
NM_001330688.2	2367	2139.29	9	0.189328
NM_001330689.2	3764	3536.29	907.618	11.5504
NM_001330690.2	8483	8255.29	0	0
NM_001330691.3	11233	11005.3	264.978	1.08356
NM_001330692.2	1309	1081.29	534.919	22.2632
NM_001330693.3	11185	10957.3	562.602	2.31068
NM_001330694.2	2707	2479.29	394.636	7.16326
NM_001330696.1	8231	8003.29	561.439	3.15701
NM_001330698.2	6257	6029.29	857.807	6.40274
NM_001330700.2	5814	5586.29	2741.42	22.0848
NM_001330701.2	4464	4236.29	584.494	6.20921
NM_001330704.2	3191	2963.29	103.567	1.57285
NM_001330705.1	3036	2808.29	0	0
NM_001330706.2	3184	2956.29	153.279	2.33334
NM_001330707.2	3286	3058.29	197.585	2.90749
NM_001330708.2	3281	3053.29	69.2953	1.02136
NM_001330709.2	3039	2811.29	133.294	2.13376
NM_001330710.2	3141	2913.29	5.80665e-07	8.96982e-09
NM_001330711.2	3624	3396.29	0	0
NM_001330712.2	3731	3503.29	29.7762	0.382504
NM_001330713.2	3238	3010.29	145.042	2.16834
NM_001330714.2	3340	3112.29	186.748	2.70034
NM_001330715.2	3233	3005.29	18.593	0.278422
NM_001330716.2	3985	3757.29	45.0839	0.539994
NM_001330717.2	3532	3304.29	96.5056	1.31437
NM_001330718.2	5766	5538.29	67.4085	0.547749
NM_001330719.2	1668	1440.29	0	0
NM_001330721.2	4048	3820.29	3.99628e-05	4.70762e-07
NM_001330722.2	3961	3733.29	0	0
NM_001330723.2	6441	6213.29	527.69	3.82207
NM_001330724.2	4935	4707.29	0	0
NM_001330725.2	1680	1452.29	0	0
NM_001330727.2	1799	1571.29	58.3463	1.67108
NM_001330728.1	4213	3985.29	294.427	3.32476
NM_001330729.2	3488	3260.29	30.7349	0.424246
NM_001330730.1	3998	3770.29	112.117	1.33825
NM_001330731.2	2392	2164.29	498.746	10.3706
NM_001330732.2	7974	7746.29	0	0
NM_001330733.1	8542	8314.29	0.000136598	7.39367e-07
NM_001330734.1	8243	8015.29	0	0
NM_001330735.1	8391	8163.29	0.00680454	3.75125e-05
NM_001330736.2	8345	8117.29	58.6678	0.32526
NM_001330737.1	8418	8190.29	0	0
NM_001330738.1	8511	8283.29	55.2855	0.300366
NM_001330739.2	7667	7439.29	0	0
NM_001330740.2	3112	2884.29	480.382	7.49531
NM_001330741.2	2789	2561.29	33.3776	0.586459
NM_001330742.2	8237	8009.29	0	0
NM_001330743.2	2184	1956.29	54.8442	1.26165
NM_001330745.2	6069	5841.29	1.67529e-06	1.29069e-08
NM_001330746.2	5899	5671.29	23.5676	0.187015
NM_001330747.2	5893	5665.29	0	0
NM_001330748.2	5860	5632.29	0	0
NM_001330749.2	5725	5497.29	41.5003	0.339738
NM_001330750.2	4431	4203.29	0	0
NM_001330751.2	6908	6680.29	0	0
NM_001330752.2	6740	6512.29	0	0
NM_001330753.2	6337	6109.29	0	0
NM_001330754.2	3832	3604.29	0	0
NM_001330758.2	2450	2222.29	63.1573	1.27898
NM_001330759.2	2274	2046.29	0	0
NM_001330760.2	4493	4265.29	1.93796e-05	2.04474e-07
NM_001330761.2	12696	12468.3	0	0
NM_001330762.2	5934	5706.29	681.561	5.37518
NM_001330763.2	1306	1078.29	337.133	14.0704
NM_001330764.2	3704	3476.29	436.682	5.65316
NM_001330765.2	2434	2206.29	27.1626	0.554052
NM_001330766.2	2649	2421.29	0	0
NM_001330769.1	1456	1228.29	0	0
NM_001330770.2	5606	5378.29	9.5695	0.0800732
NM_001330771.2	6843	6615.29	0	0
NM_001330772.2	5516	5288.29	19.9844	0.170066
NM_001330773.2	6990	6762.29	0	0
NM_001330774.2	2108	1880.29	0	0
NM_001330777.3	8915	8687.29	10.1894	0.0527848
NM_001330778.3	8929	8701.29	39.529	0.204444
NM_001330782.2	2727	2499.29	706.882	12.7284
NM_001330784.2	5836	5608.29	18.9846	0.152339
NM_001330785.2	6971	6743.29	0.000227382	1.51749e-06
NM_001330786.2	5956	5728.29	0	0
NM_001330787.2	6151	5923.29	0	0
NM_001330788.2	6061	5833.29	0.452152	0.00348829
NM_001330789.2	5983	5755.29	20.5918	0.161016
NM_001330790.2	6142	5914.29	18.6918	0.142229
NM_001330791.2	6106	5878.29	0	0
NM_001330792.2	6028	5800.29	0	0
NM_001330793.2	5819	5591.29	0	0
NM_001330982.2	5744	5516.29	0	0
NM_001330983.1	5828	5600.29	0	0
NM_001330984.2	1711	1483.29	44.067	1.33699
NM_001330985.2	1676	1448.29	108.286	3.3648
NM_001330986.2	1653	1425.29	160.267	5.06038
NM_001330987.2	1328	1100.29	0	0
NM_001330988.2	3437	3209.29	0	0
NM_001330989.2	7229	7001.29	14.1281	0.0908133
NM_001330990.2	4021	3793.29	77.9431	0.924706
NM_001330993.2	3598	3370.29	9.73396	0.129976
NM_001330994.2	3643	3415.29	1.23284e-07	1.6245e-09
NM_001330995.3	4955	4727.29	0	0
NM_001330996.3	6199	5971.29	0	0
NM_001330997.3	5533	5305.29	0	0
NM_001330998.3	5705	5477.29	77.6291	0.637824
NM_001330999.3	6293	6065.29	96.2646	0.714261
NM_001331.3	6589	6361.29	17.7271	0.125411
NM_001331000.3	5417	5189.29	0	0
NM_001331001.3	5541	5313.29	0	0
NM_001331002.3	5673	5445.29	0	0
NM_001331003.3	5793	5565.29	0.000275995	2.2318e-06
NM_001331004.3	6060	5832.29	0	0
NM_001331005.3	6005	5777.29	0	0
NM_001331006.3	5033	4805.29	101.892	0.954248
NM_001331007.2	5947	5719.29	0	0
NM_001331008.2	5205	4977.29	0	0
NM_001331009.2	5403	5175.29	2284.02	19.8613
NM_001331010.2	16957	16729.3	5.11329	0.0137551
NM_001331011.2	5190	4962.29	641.692	5.81951
NM_001331012.2	5292	5064.29	139.45	1.2392
NM_001331016.2	922	694.293	45.3901	2.94212
NM_001331017.2	2709	2481.29	73.047	1.32485
NM_001331018.1	3476	3248.29	16.9279	0.234525
NM_001331019.2	860	632.427	78.3646	5.57637
NM_001331020.2	7690	7462.29	395.806	2.387
NM_001331021.1	3707	3479.29	5.27601	0.0682428
NM_001331022.1	3770	3542.29	248.002	3.15074
NM_001331023.2	2956	2728.29	24.5523	0.40499
NM_001331024.2	3063	2835.29	0	0
NM_001331025.2	4832	4604.29	0	0
NM_001331026.2	6191	5963.29	13.642	0.102952
NM_001331027.2	1934	1706.29	8.9927	0.23718
NM_001331028.2	7113	6885.29	0	0
NM_001331029.2	15427	15199.3	0.0035481	1.05054e-05
NM_001331030.2	7120	6892.29	0	0
NM_001331031.2	2736	2508.29	0	0
NM_001331032.2	2108	1880.29	0	0
NM_001331033.2	1967	1739.29	0	0
NM_001331034.1	2772	2544.29	6.94733	0.122883
NM_001331035.2	1957	1729.29	14.3728	0.374038
NM_001331036.3	4003	3775.29	123.933	1.47733
NM_001331037.2	4581	4353.29	774.728	8.00892
NM_001331039.2	2940	2712.29	46.7497	0.775684
NM_001331040.1	4590	4362.29	7.05943	0.0728278
NM_001331041.2	900	672.361	0	0
NM_001331042.2	1857	1629.29	8.82852	0.243855
NM_001331066.2	1870	1642.29	5.04244	0.138176
NM_001331069.3	2811	2583.29	0.0062232	0.000108413
NM_001331070.3	2643	2415.29	180.649	3.36596
NM_001331071.3	2610	2382.29	0.130392	0.00246319
NM_001331072.3	2669	2441.29	7.14406	0.131695
NM_001331073.3	2772	2544.29	0.00068632	1.21395e-05
NM_001331076.1	1487	1259.29	0	0
NM_001331077.1	1441	1213.29	0	0
NM_001331078.2	5234	5006.29	277.92	2.4983
NM_001331079.2	5517	5289.29	0	0
NM_001331088.1	3539	3311.29	3.61668e-05	4.91536e-07
NM_001331089.1	3536	3308.29	0.641167	0.00872186
NM_001331090.1	2553	2325.29	0	0
NM_001331091.1	2550	2322.29	0	0
NM_001331092.1	2598	2370.29	0	0
NM_001331093.1	2538	2310.29	0	0
NM_001331094.1	2541	2313.29	0.00283137	5.50819e-05
NM_001331097.1	2551	2323.29	62.933	1.21904
NM_001331098.1	2498	2270.29	4.12995e-06	8.18662e-08
NM_001331100.2	4157	3929.29	0	0
NM_001331102.2	1226	998.293	0	0
NM_001331103.2	1335	1107.29	10.9306	0.444246
NM_001331104.1	1611	1383.29	10.3236	0.33586
NM_001331125.2	655	428.76	0	0
NM_001331126.2	2331	2103.29	0	0
NM_001331133.1	2299	2071.29	18.0621	0.392436
NM_001331134.1	2203	1975.29	18.609	0.423969
NM_001331158.2	1645	1417.29	92.9116	2.95021
NM_001331159.1	920	692.293	89.1729	5.79676
NM_001331164.2	4216	3988.29	450.272	5.08077
NM_001331185.2	6141	5913.29	7.67652	0.0584221
NM_001331186.2	6105	5877.29	28.3349	0.216963
NM_001331187.2	6098	5870.29	18.187	0.139426
NM_001331189.2	6044	5816.29	43.1919	0.334194
NM_001331190.2	5919	5691.29	135.468	1.07119
NM_001331192.1	1546	1318.29	0	0
NM_001331210.2	2355	2127.29	0	0
NM_001331211.2	2260	2032.29	0	0
NM_001331212.2	2312	2084.29	0	0
NM_001331228.2	3047	2819.29	114.665	1.83035
NM_001331229.2	829	601.427	7.63196	0.571078
NM_001331230.2	673	446.496	5.70759	0.575278
NM_001331238.2	1811	1583.29	0	0
NM_001332.4	5888	5660.29	0	0
NM_001333.4	4359	4131.29	8.08986	0.0881247
NM_001334.3	2903	2675.29	758	12.7509
NM_001335.4	1272	1044.29	3	0.129283
NM_001336.4	1502	1274.29	6504	229.696
NM_001337.4	3106	2878.29	0	0
NM_001338.5	5593	5365.29	0	0
NM_001340.5	2149	1921.29	0	0
NM_001343.4	4345	4117.29	9641.63	105.385
NM_001344.4	684	457.134	4440	437.101
NM_001345.5	2727	2499.29	26.9642	0.485527
NM_001345840.2	3730	3502.29	34.0912	0.438059
NM_001345843.2	2885	2657.29	0	0
NM_001345844.2	2792	2564.29	1.18403e-05	2.07795e-07
NM_001345846.2	2710	2482.29	0	0
NM_001345847.2	2617	2389.29	0	0
NM_001345848.2	1610	1382.29	0	0
NM_001345850.1	2190	1962.29	0	0
NM_001345851.1	2196	1968.29	0	0
NM_001345852.1	1839	1611.29	0	0
NM_001345853.1	1792	1564.29	0	0
NM_001345856.2	8113	7885.29	180.347	1.02928
NM_001345858.2	4292	4064.29	0	0
NM_001345859.2	4154	3926.29	265.433	3.04239
NM_001345860.2	4106	3878.29	113.557	1.3177
NM_001345861.2	4167	3939.29	575.567	6.57536
NM_001345864.2	3956	3728.29	3	0.0362121
NM_001345867.2	4456	4228.29	0	0
NM_001345868.2	4340	4112.29	87.0129	0.952231
NM_001345869.2	4348	4120.29	180.37	1.97006
NM_001345871.2	15195	14967.3	328.157	0.986689
NM_001345872.2	15240	15012.3	4.40898	0.013217
NM_001345873.2	15366	15138.3	328.648	0.977005
NM_001345874.2	15132	14904.3	102.389	0.309161
NM_001345875.2	15012	14784.3	270.447	0.823236
NM_001345876.2	15186	14958.3	189.91	0.571356
NM_001345877.2	15009	14781.3	268.935	0.8188
NM_001345878.2	15183	14955.3	188.556	0.567397
NM_001345880.2	4703	4475.29	35.2281	0.35425
NM_001345881.2	4428	4200.29	271.134	2.905
NM_001345882.2	4532	4304.29	175.595	1.83592
NM_001345884.2	4569	4341.29	10.4725	0.108561
NM_001345885.2	4464	4236.29	0	0
NM_001345886.2	8766	8538.29	0	0
NM_001345887.2	5765	5537.29	5.65724e-07	4.59779e-09
NM_001345888.2	5552	5324.29	0	0
NM_001345889.2	5615	5387.29	0	0
NM_001345891.2	2203	1975.29	171.087	3.89787
NM_001345892.2	2197	1969.29	0.075516	0.00172572
NM_001345893.2	2200	1972.29	0.408249	0.00931529
NM_001345894.2	2073	1845.29	4.86121	0.118555
NM_001345895.2	2161	1933.29	47.1541	1.09765
NM_001345896.2	2158	1930.29	13.154	0.306674
NM_001345897.2	2034	1806.29	6.86384	0.17101
NM_001345898.2	2031	1803.29	32.354	0.807429
NM_001345899.2	1912	1684.29	9.87335	0.263809
NM_001345900.2	1886	1658.29	56.2429	1.52633
NM_001345901.2	1795	1567.29	0	0
NM_001345906.2	2034	1806.29	0.444609	0.0110772
NM_001345907.2	1163	935.293	93.403	4.49423
NM_001345908.2	1581	1353.29	93.3495	3.10429
NM_001345909.2	1661	1433.29	0.0973897	0.00305788
NM_001345910.2	1674	1446.29	0.0741318	0.0023067
NM_001345911.2	784	556.487	7.75334	0.627012
NM_001345912.2	1085	857.293	4.81157	0.25258
NM_001345913.2	1538	1310.29	18.8382	0.647012
NM_001345914.2	1098	870.293	10.0096	0.517598
NM_001345915.2	667	440.629	28.0547	2.86533
NM_001345917.2	2096	1868.29	61.111	1.47203
NM_001345918.2	2176	1948.29	0.393682	0.00909354
NM_001345921.3	14475	14247.3	390.774	1.23434
NM_001345922.3	14737	14509.3	7.13948	0.0221443
NM_001345923.2	6088	5860.29	8.54799e-07	6.56428e-09
NM_001345924.2	5968	5740.29	250.108	1.96081
NM_001345925.2	6138	5910.29	102.475	0.780282
NM_001345926.2	2813	2585.29	0	0
NM_001345927.2	6762	6534.29	595.258	4.09967
NM_001345928.2	2166	1938.29	9.44766	0.219355
NM_001345929.2	4508	4280.29	0	0
NM_001345934.2	640	414.014	0	0
NM_001345942.2	1668	1440.29	15.01	0.468999
NM_001345944.1	2667	2439.29	313.07	5.7759
NM_001345947.2	6610	6382.29	59.7956	0.421633
NM_001345948.2	6672	6444.29	0	0
NM_001345949.3	7153	6925.29	18.6658	0.121297
NM_001345950.1	2648	2420.29	92.2247	1.71483
NM_001345961.2	7063	6835.29	0	0
NM_001345962.2	4143	3915.29	112.415	1.29212
NM_001345964.2	4511	4283.29	170.844	1.795
NM_001345965.2	4751	4523.29	26.411	0.262768
NM_001345967.2	2036	1808.29	124.093	3.08831
NM_001345968.2	1216	988.293	29.876	1.36044
NM_001345969.2	3445	3217.29	19.346	0.270609
NM_001345970.2	6102	5874.29	502.008	3.84589
NM_001345975.2	6108	5880.29	97.6016	0.746965
NM_001345976.2	5908	5680.29	71.6015	0.567275
NM_001345977.1	1043	815.293	30.6205	1.69021
NM_001345978.1	1073	845.293	0	0
NM_001345979.1	1036	808.293	18.9547	1.05534
NM_001345980.1	990	762.293	2.93745	0.173416
NM_001345981.2	3231	3003.29	63.8957	0.95745
NM_001345982.2	4449	4221.29	9.98629	0.106464
NM_001345983.2	4270	4042.29	0	0
NM_001345984.2	1705	1477.29	13.6833	0.416838
NM_001345985.2	519	297.525	5.30084	0.801795
NM_001345986.2	4145	3917.29	47.5731	0.546534
NM_001345987.2	4121	3893.29	0.148492	0.00171644
NM_001345988.2	4003	3775.29	14.9309	0.177983
NM_001345989.2	2595	2367.29	11.6444	0.221365
NM_001345990.2	4001	3773.29	0	0
NM_001345991.2	4099	3871.29	0	0
NM_001345993.2	3437	3209.29	92.831	1.30174
NM_001345994.2	4259	4031.29	48.3577	0.539838
NM_001345998.2	2874	2646.29	94.0841	1.6
NM_001345999.2	2811	2583.29	48.3998	0.843165
NM_001346.3	5802	5574.29	0	0
NM_001346003.2	1148	920.293	2.85481	0.139602
NM_001346004.2	1088	860.293	2.28359	0.119458
NM_001346005.2	1083	855.293	0	0
NM_001346006.2	1333	1105.29	3.53238	0.143824
NM_001346007.2	1037	809.293	0	0
NM_001346011.2	904	676.361	0	0
NM_001346021.3	7229	7001.29	11.7449	0.0754941
NM_001346022.3	5878	5650.29	260.063	2.07133
NM_001346023.3	5875	5647.29	0	0
NM_001346024.3	5704	5476.29	38.4681	0.316123
NM_001346025.3	5701	5473.29	0	0
NM_001346026.3	5724	5496.29	94.2252	0.771507
NM_001346027.3	5923	5695.29	0.00604787	4.77891e-05
NM_001346028.3	5786	5558.29	81.5252	0.660074
NM_001346029.3	7271	7043.29	0	0
NM_001346030.2	5207	4979.29	80.6221	0.728666
NM_001346031.2	5403	5175.29	67.2677	0.584944
NM_001346032.2	5359	5131.29	0	0
NM_001346033.2	1917	1689.29	0	0
NM_001346043.2	6836	6608.29	6.79095e-06	4.6247e-08
NM_001346048.2	2856	2628.29	107.691	1.84394
NM_001346049.2	2512	2284.29	26.4382	0.520861
NM_001346050.2	3225	2997.29	44.401	0.666663
NM_001346051.2	3051	2823.29	0	0
NM_001346067.2	1813	1585.29	0	0
NM_001346068.2	1306	1078.29	0	0
NM_001346070.2	1885	1657.29	0	0
NM_001346071.2	2270	2042.29	0	0
NM_001346075.2	1251	1023.29	0	0
NM_001346077.1	1616	1388.29	0	0
NM_001346078.1	1576	1348.29	42.2434	1.40999
NM_001346079.2	1344	1116.29	19.9197	0.803057
NM_001346081.2	1369	1141.29	0	0
NM_001346082.1	1641	1413.29	35.5828	1.13305
NM_001346083.2	7827	7599.29	0.995511	0.00589543
NM_001346091.2	2017	1789.29	38.8724	0.977692
NM_001346092.2	2289	2061.29	270.29	5.90109
NM_001346093.2	3883	3655.29	0	0
NM_001346096.2	803	575.487	0	0
NM_001346097.2	780	552.487	0	0
NM_001346098.2	485	265.994	0	0
NM_001346100.2	3683	3455.29	66.7845	0.869828
NM_001346102.2	4221	3993.29	36.1067	0.40691
NM_001346103.2	3999	3771.29	14.1376	0.168705
NM_001346105.2	2678	2450.29	59.3361	1.08979
NM_001346113.2	1728	1500.29	0	0
NM_001346114.2	6433	6205.29	26.4353	0.191718
NM_001346115.2	19231	19003.3	0	0
NM_001346116.2	1326	1098.29	63.6691	2.60887
NM_001346120.3	3023	2795.29	5.33391	0.0858739
NM_001346121.2	2738	2510.29	0	0
NM_001346122.2	2855	2627.29	0	0
NM_001346127.1	1350	1122.29	60.13	2.41116
NM_001346131.2	7776	7548.29	80.2055	0.478187
NM_001346133.2	7763	7535.29	146.518	0.875051
NM_001346134.1	7829	7601.29	24.6627	0.146014
NM_001346139.1	2429	2201.29	140.952	2.88161
NM_001346141.1	2520	2292.29	207.356	4.07089
NM_001346142.1	1402	1174.29	124.449	4.76932
NM_001346143.2	33935	33707.3	3518.19	4.69718
NM_001346144.2	33703	33475.3	71.2438	0.0957779
NM_001346145.2	33682	33454.3	0.000606177	8.15436e-07
NM_001346146.2	33426	33198.3	54.484	0.0738577
NM_001346148.2	1608	1380.29	0	0
NM_001346153.2	3688	3460.29	29.3521	0.381741
NM_001346155.2	3680	3452.29	0.430757	0.00561522
NM_001346156.2	3614	3386.29	0	0
NM_001346157.2	3485	3257.29	0	0
NM_001346167.2	7890	7662.29	79.7368	0.468319
NM_001346168.2	7711	7483.29	62.1088	0.37351
NM_001346169.2	7841	7613.29	17.6448	0.104301
NM_001346170.1	7037	6809.29	8.22201	0.0543398
NM_001346171.2	7385	7157.29	0	0
NM_001346173.2	4241	4013.29	17.9772	0.201588
NM_001346175.2	3528	3300.29	4.35363	0.0593665
NM_001346186.2	1913	1685.29	27.9749	0.747025
NM_001346187.2	1714	1486.29	19.6349	0.594521
NM_001346188.2	1313	1085.29	18.8587	0.781999
NM_001346189.2	1277	1049.29	7.11451	0.305134
NM_001346194.2	2503	2275.29	0	0
NM_001346195.2	2486	2258.29	0	0
NM_001346196.2	2445	2217.29	0	0
NM_001346197.2	2428	2200.29	0	0
NM_001346201.2	22851	22623.3	366.956	0.729962
NM_001346218.2	9121	8893.29	0	0
NM_001346222.1	4077	3849.29	0	0
NM_001346223.2	4041	3813.29	3	0.0354049
NM_001346225.2	4079	3851.29	13.2776	0.155151
NM_001346226.2	3961	3733.29	0	0
NM_001346227.2	3835	3607.29	0	0
NM_001346228.2	4217	3989.29	0	0
NM_001346229.2	8719	8491.29	66.8337	0.354213
NM_001346230.2	8641	8413.29	0	0
NM_001346231.2	8617	8389.29	531.037	2.84867
NM_001346233.2	8605	8377.29	83.7575	0.449948
NM_001346234.2	8546	8318.29	31.1708	0.168638
NM_001346235.2	9253	9025.29	42.5128	0.211983
NM_001346243.2	7932	7704.29	4.10671	0.0239885
NM_001346245.2	8073	7845.29	0	0
NM_001346246.2	7901	7673.29	0	0
NM_001346247.2	8042	7814.29	0	0
NM_001346248.2	9309	9081.29	79.7892	0.395402
NM_001346249.2	9447	9219.29	0	0
NM_001346252.4	4856	4628.29	0	0
NM_001346253.2	4778	4550.29	0	0
NM_001346254.2	4673	4445.29	1.00887	0.0102135
NM_001346255.2	5033	4805.29	1.70434	0.0159617
NM_001346257.2	4592	4364.29	1.17873	0.0121546
NM_001346258.2	4574	4346.29	435.746	4.51187
NM_001346259.2	4496	4268.29	76.6908	0.808595
NM_001346260.2	4462	4234.29	0.331887	0.00352737
NM_001346261.2	4459	4231.29	2.76793	0.0294391
NM_001346262.2	4441	4213.29	26.512	0.28318
NM_001346263.2	4782	4554.29	0	0
NM_001346264.2	4705	4477.29	0	0
NM_001346265.2	4933	4705.29	0	0
NM_001346267.2	4519	4291.29	0	0
NM_001346268.2	4308	4080.29	0	0
NM_001346269.2	4536	4308.29	1.55511e-05	1.62442e-07
NM_001346270.2	5110	4882.29	3.90767e-05	3.60194e-07
NM_001346271.2	4747	4519.29	7.50498e-05	7.47345e-07
NM_001346272.2	4443	4215.29	28.6545	0.30592
NM_001346273.2	1944	1716.29	18.3489	0.481128
NM_001346279.2	4258	4030.29	36.8212	0.411154
NM_001346281.2	2152	1924.29	18.7822	0.439255
NM_001346282.2	2090	1862.29	0	0
NM_001346292.2	3832	3604.29	0	0
NM_001346293.2	3971	3743.29	13.2328	0.159088
NM_001346294.2	3769	3541.29	0	0
NM_001346295.2	3844	3616.29	0.0320712	0.000399111
NM_001346296.2	3840	3612.29	0	0
NM_001346297.2	3860	3632.29	0	0
NM_001346298.2	4791	4563.29	426.799	4.20908
NM_001346299.2	4862	4634.29	25.1759	0.244481
NM_001346300.2	1905	1677.29	0	0
NM_001346304.2	5696	5468.29	85.2179	0.701328
NM_001346311.2	4246	4018.29	0	0
NM_001346312.2	4304	4076.29	0	0
NM_001346313.2	4295	4067.29	0	0
NM_001346314.2	4360	4132.29	0	0
NM_001346315.2	4458	4230.29	0	0
NM_001346316.2	4361	4133.29	0	0
NM_001346317.2	4161	3933.29	0	0
NM_001346318.2	4217	3989.29	0	0
NM_001346319.2	4377	4149.29	0	0
NM_001346320.2	4303	4075.29	0	0
NM_001346321.2	4328	4100.29	9.15829	0.100518
NM_001346322.2	4378	4150.29	0.000309808	3.35936e-06
NM_001346323.2	4399	4171.29	0	0
NM_001346324.2	4205	3977.29	0	0
NM_001346325.2	4261	4033.29	0	0
NM_001346326.2	4206	3978.29	10.3856	0.117483
NM_001346327.2	4140	3912.29	0	0
NM_001346328.2	4321	4093.29	0	0
NM_001346329.2	4313	4085.29	10.6647	0.117481
NM_001346330.2	4196	3968.29	0	0
NM_001346331.2	4262	4034.29	0	0
NM_001346332.2	4429	4201.29	0	0
NM_001346333.2	4332	4104.29	0	0
NM_001346334.2	4118	3890.29	0	0
NM_001346335.2	4062	3834.29	0	0
NM_001346336.2	4178	3950.29	0	0
NM_001346337.2	4113	3885.29	0	0
NM_001346338.2	4163	3935.29	0	0
NM_001346339.2	9913	9685.29	0	0
NM_001346340.2	4103	3875.29	0	0
NM_001346341.2	9678	9450.29	58.8772	0.280378
NM_001346342.2	4172	3944.29	0	0
NM_001346343.2	9505	9277.29	0	0
NM_001346344.2	4150	3922.29	413.242	4.7414
NM_001346345.2	9502	9274.29	0	0
NM_001346346.2	4085	3857.29	194.151	2.26516
NM_001346347.2	9382	9154.29	134.454	0.660984
NM_001346348.2	4288	4060.29	11.2714	0.124928
NM_001346349.2	4145	3917.29	21.7316	0.24966
NM_001346350.2	4248	4020.29	0	0
NM_001346351.2	4171	3943.29	63.3963	0.723514
NM_001346352.2	4151	3923.29	222.781	2.55547
NM_001346353.2	4094	3866.29	87.7938	1.02191
NM_001346354.2	3978	3750.29	510.479	6.12569
NM_001346355.2	3992	3764.29	31.0398	0.371089
NM_001346356.2	3987	3759.29	1.04558	0.0125168
NM_001346357.2	4344	4116.29	0	0
NM_001346358.2	4228	4000.29	0	0
NM_001346359.2	4284	4056.29	0	0
NM_001346360.2	4173	3945.29	70.4804	0.803954
NM_001346363.2	3277	3049.29	0.370933	0.00547443
NM_001346364.2	2640	2412.29	486.781	9.08125
NM_001346370.2	2236	2008.29	27.8748	0.624637
NM_001346371.2	3469	3241.29	14.4444	0.200551
NM_001346372.2	3518	3290.29	48.1394	0.658428
NM_001346373.2	1858	1630.29	0	0
NM_001346374.2	3452	3224.29	0	0
NM_001346375.2	2542	2314.29	34.3787	0.668518
NM_001346376.2	2770	2542.29	12.219	0.216298
NM_001346377.2	2396	2168.29	0	0
NM_001346378.2	2399	2171.29	22.4647	0.465613
NM_001346379.2	2585	2357.29	0	0
NM_001346380.2	2582	2354.29	0	0
NM_001346381.2	2862	2634.29	0.0247038	0.000422029
NM_001346382.2	2676	2448.29	0	0
NM_001346383.2	2673	2445.29	13.2442	0.243746
NM_001346384.2	2168	1940.29	59.8529	1.38823
NM_001346385.2	2539	2311.29	1.71395	0.0333722
NM_001346386.2	3593	3365.29	78.4931	1.04967
NM_001346387.2	2262	2034.29	6.40415	0.141674
NM_001346388.2	2263	2035.29	0	0
NM_001346389.2	2511	2283.29	30.9661	0.610334
NM_001346390.2	2906	2678.29	15.2933	0.256973
NM_001346391.2	2812	2584.29	0	0
NM_001346392.2	3538	3310.29	70.8101	0.962656
NM_001346393.2	3566	3338.29	11.4727	0.154663
NM_001346394.2	2704	2476.29	0	0
NM_001346395.2	2701	2473.29	0.813597	0.0148039
NM_001346396.2	3432	3204.29	30.9567	0.434775
NM_001346397.2	1913	1685.29	0	0
NM_001346398.2	1791	1563.29	0	0
NM_001346399.2	2008	1780.29	1.13646e-05	2.8728e-07
NM_001346400.2	1779	1551.29	0	0
NM_001346401.2	2114	1886.29	0	0
NM_001346402.2	1880	1652.29	6.08373	0.165701
NM_001346403.1	2050	1822.29	0	0
NM_001346404.1	1867	1639.29	0.537665	0.0147604
NM_001346405.1	1788	1560.29	2.61971	0.0755595
NM_001346409.2	2569	2341.29	195.109	3.75028
NM_001346410.2	2573	2345.29	24.7745	0.475389
NM_001346413.3	6270	6042.29	1808.74	13.4715
NM_001346414.2	7924	7696.29	0	0
NM_001346415.2	7531	7303.29	197.02	1.21404
NM_001346418.1	6283	6055.29	0	0
NM_001346425.2	3381	3153.29	2.98666	0.042625
NM_001346432.2	5178	4950.29	28.5113	0.259196
NM_001346440.2	28586	28358.3	381.125	0.604825
NM_001346441.2	5208	4980.29	0	0
NM_001346442.2	5160	4932.29	0	0
NM_001346443.2	5037	4809.29	0	0
NM_001346444.2	2323	2095.29	0	0
NM_001346445.2	18697	18469.3	589.883	1.43734
NM_001346446.2	18713	18485.3	8400.11	20.4503
NM_001346450.2	2924	2696.29	206.37	3.44446
NM_001346456.2	3354	3126.29	2	0.0287901
NM_001346457.2	2781	2553.29	56.8332	1.00171
NM_001346458.2	3487	3259.29	0	0
NM_001346459.2	3434	3206.29	8.04234	0.112881
NM_001346460.2	3040	2812.29	2.80215	0.0448408
NM_001346461.2	2987	2759.29	14.97	0.244155
NM_001346462.2	2788	2560.29	23.8755	0.419667
NM_001346463.2	3155	2927.29	0	0
NM_001346464.2	3272	3044.29	63.8011	0.943157
NM_001346465.2	3038	2810.29	38.9029	0.622977
NM_001346466.2	3093	2865.29	0	0
NM_001346467.2	3408	3180.29	68.4806	0.969042
NM_001346468.2	3130	2902.29	97.7915	1.51636
NM_001346469.2	2932	2704.29	0	0
NM_001346471.1	1388	1160.29	2.60469e-07	1.01025e-08
NM_001346472.1	1533	1305.29	0	0
NM_001346473.1	1454	1226.29	0.422337	0.0154991
NM_001346474.2	1627	1399.29	1.44384	0.0464358
NM_001346475.2	1623	1395.29	2.88227	0.0929633
NM_001346476.2	1363	1135.29	18.7856	0.744664
NM_001346477.2	1409	1181.29	55.8994	2.12957
NM_001346478.2	1403	1175.29	99.2268	3.79949
NM_001346479.2	1455	1227.29	40.5517	1.48697
NM_001346480.1	1214	986.293	0	0
NM_001346481.1	1398	1170.29	20.4326	0.785726
NM_001346482.1	1405	1177.29	11.0403	0.422025
NM_001346483.2	1389	1161.29	0.987744	0.0382776
NM_001346484.2	1942	1714.29	0.0010366	2.72125e-05
NM_001346485.2	1389	1161.29	0	0
NM_001346487.2	4373	4145.29	236.595	2.56858
NM_001346488.2	4523	4295.29	187.233	1.96169
NM_001346489.2	4286	4058.29	12.029	0.133392
NM_001346490.2	5272	5044.29	5.8625	0.0523028
NM_001346491.2	5422	5194.29	4.90777	0.0425206
NM_001346492.2	5245	5017.29	31.3806	0.281471
NM_001346493.2	4234	4006.29	2.77256e-07	3.11445e-09
NM_001346494.2	3293	3065.29	95.3286	1.39957
NM_001346495.2	3052	2824.29	16.7222	0.266456
NM_001346496.2	2282	2054.29	0	0
NM_001346497.2	2041	1813.29	0	0
NM_001346500.2	2992	2764.29	95.6406	1.55704
NM_001346501.2	3007	2779.29	28.4721	0.461028
NM_001346505.2	7124	6896.29	3160.39	20.6237
NM_001346506.2	7525	7297.29	27.5072	0.169639
NM_001346507.2	6880	6652.29	1102.73	7.45999
NM_001346508.2	7369	7141.29	0	0
NM_001346509.2	7177	6949.29	48.1237	0.311646
NM_001346510.2	3601	3373.29	0	0
NM_001346516.2	16001	15773.3	762.18	2.17459
NM_001346530.2	11001	10773.3	0	0
NM_001346531.2	11123	10895.3	1.7444e-07	7.20524e-10
NM_001346532.1	11349	11121.3	0	0
NM_001346533.1	11227	10999.3	0	0
NM_001346541.2	2037	1809.29	0	0
NM_001346542.2	2381	2153.29	0	0
NM_001346543.2	2231	2003.29	0	0
NM_001346544.2	2139	1911.29	0	0
NM_001346546.2	2943	2715.29	47.3757	0.785202
NM_001346547.2	2696	2468.29	5.99259	0.10926
NM_001346548.2	2795	2567.29	6.60414	0.115766
NM_001346549.2	2648	2420.29	9.55815	0.177725
NM_001346550.2	4117	3889.29	49.0462	0.567515
NM_001346551.2	4225	3997.29	89.6133	1.0089
NM_001346557.2	3522	3294.29	7.01443	0.0958236
NM_001346558.3	3903	3675.29	113.666	1.39181
NM_001346559.3	3521	3293.29	0.000422215	5.7696e-06
NM_001346560.3	3591	3363.29	41.4187	0.554209
NM_001346561.3	3469	3241.29	68.8001	0.955241
NM_001346562.3	3412	3184.29	97.8998	1.3836
NM_001346563.3	3636	3408.29	119.721	1.58079
NM_001346564.3	3503	3275.29	35.2733	0.484661
NM_001346565.3	4018	3790.29	58.3814	0.693176
NM_001346574.1	2157	1929.29	170.696	3.98169
NM_001346575.1	2124	1896.29	79.4982	1.88666
NM_001346576.2	2524	2296.29	26.8008	0.525245
NM_001346579.2	1609	1381.29	10.195	0.332157
NM_001346580.2	9313	9085.29	49.6468	0.24592
NM_001346581.2	9522	9294.29	30.6936	0.148619
NM_001346590.2	2979	2751.29	696.354	11.3903
NM_001346591.2	3047	2819.29	78.1487	1.24745
NM_001346592.2	2976	2748.29	289.542	4.74123
NM_001346593.2	2684	2456.29	0.0127346	0.000233317
NM_001346594.2	2938	2710.29	101.397	1.68365
NM_001346599.2	2723	2495.29	9.50981	0.171511
NM_001346600.2	2856	2628.29	46.146	0.790138
NM_001346601.2	2858	2630.29	22.7796	0.389748
NM_001346603.2	2379	2151.29	0	0
NM_001346642.2	2132	1904.29	0	0
NM_001346663.2	1269	1041.29	32.6131	1.40949
NM_001346683.2	2501	2273.29	0	0
NM_001346684.2	2563	2335.29	0	0
NM_001346687.2	3332	3104.29	10.7417	0.155723
NM_001346688.2	3297	3069.29	0	0
NM_001346690.2	5921	5693.29	0	0
NM_001346691.2	5639	5411.29	0	0
NM_001346692.2	5834	5606.29	0	0
NM_001346693.2	5921	5693.29	0	0
NM_001346694.2	5837	5609.29	0	0
NM_001346700.2	3910	3682.29	66.5834	0.813748
NM_001346706.2	9274	9046.29	0	0
NM_001346712.2	2687	2459.29	0	0
NM_001346713.2	1976	1748.29	113.345	2.91763
NM_001346714.2	2666	2438.29	0	0
NM_001346715.2	1949	1721.29	0.92765	0.0242533
NM_001346716.2	2591	2363.29	3.00842	0.057288
NM_001346717.2	1841	1613.29	31.2311	0.871197
NM_001346719.2	2038	1810.29	9.15767	0.227656
NM_001346720.2	1930	1702.29	27.2635	0.720757
NM_001346738.2	1844	1616.29	40.234	1.12025
NM_001346743.2	4108	3880.29	43.411	0.503475
NM_001346744.2	3832	3604.29	44.8371	0.559835
NM_001346747.2	8027	7799.29	0	0
NM_001346748.2	8382	8154.29	0	0
NM_001346749.2	7800	7572.29	45.4085	0.269868
NM_001346754.2	2816	2588.29	487.024	8.46797
NM_001346755.2	2278	2050.29	152.531	3.34798
NM_001346765.2	9992	9764.29	126.987	0.585275
NM_001346766.2	9971	9743.29	6.43777e-06	2.97353e-08
NM_001346767.2	9940	9712.29	0	0
NM_001346768.2	8888	8660.29	467.363	2.42865
NM_001346780.1	1787	1559.29	0	0
NM_001346789.2	4067	3839.29	15.5169	0.181885
NM_001346790.2	4178	3950.29	0	0
NM_001346791.2	4187	3959.29	65.8574	0.748564
NM_001346792.2	3985	3757.29	0	0
NM_001346793.2	1171	943.293	26.4353	1.26119
NM_001346810.2	10418	10190.3	1	0.00441627
NM_001346815.2	2221	1993.29	0	0
NM_001346817.1	3655	3427.29	280.313	3.68074
NM_001346818.1	3231	3003.29	215.449	3.22841
NM_001346850.2	2561	2333.29	55.2452	1.06553
NM_001346857.2	3574	3346.29	36.8683	0.495828
NM_001346858.2	3738	3510.29	30.4777	0.390734
NM_001346859.2	3504	3276.29	0	0
NM_001346861.2	3535	3307.29	0	0
NM_001346862.2	3235	3007.29	0	0
NM_001346870.2	6840	6612.29	0	0
NM_001346873.2	9372	9144.29	34.2061	0.168343
NM_001346874.2	1040	812.293	20.6264	1.14275
NM_001346875.2	1013	785.293	95.686	5.48351
NM_001346876.2	893	665.361	0	0
NM_001346877.2	920	692.293	0	0
NM_001346879.2	1178	950.293	0	0
NM_001346880.2	2846	2618.29	4.00022	0.0687555
NM_001346890.1	3375	3147.29	34.5932	0.494647
NM_001346897.2	3848	3620.29	1.31719e-06	1.63737e-08
NM_001346898.2	3983	3755.29	6.32836	0.0758385
NM_001346899.2	9770	9542.29	45.0393	0.212413
NM_001346900.2	9676	9448.29	0.0239424	0.00011404
NM_001346911.1	1196	968.293	0	0
NM_001346912.2	5072	4844.29	0	0
NM_001346913.2	4881	4653.29	0	0
NM_001346914.2	5091	4863.29	23.48	0.217275
NM_001346915.2	4874	4646.29	22.8489	0.22131
NM_001346916.2	4658	4430.29	0	0
NM_001346932.2	3698	3470.29	0	0
NM_001346933.2	3694	3466.29	2.63436	0.0342021
NM_001346934.2	3635	3407.29	0	0
NM_001346935.2	3562	3334.29	0	0
NM_001346936.2	3619	3391.29	0	0
NM_001346937.2	953	725.293	0	0
NM_001346938.2	826	598.427	45.2733	3.40465
NM_001346941.2	9104	8876.29	841.04	4.2641
NM_001346946.2	1923	1695.29	10.3424	0.274547
NM_001346947.2	1892	1664.29	0	0
NM_001346948.2	1635	1407.29	56.1512	1.79563
NM_001346949.2	1868	1640.29	132.096	3.62418
NM_001346950.2	1880	1652.29	40.0533	1.09092
NM_001346951.2	1724	1496.29	8.74534	0.263028
NM_001346952.2	1705	1477.29	9.29037	0.283014
NM_001346953.2	1899	1671.29	80.5389	2.16868
NM_001346954.2	1666	1438.29	90.6878	2.83755
NM_001346955.2	1841	1613.29	6.15272	0.171631
NM_001346956.2	1647	1419.29	0	0
NM_001346972.2	4875	4647.29	0	0
NM_001346973.2	4793	4565.29	0	0
NM_001346980.2	738	510.753	0	0
NM_001346991.2	4225	3997.29	44.8123	0.504514
NM_001346992.2	1527	1299.29	16.9274	0.586307
NM_001346993.2	4166	3938.29	18.6695	0.213337
NM_001346995.2	4098	3870.29	0	0
NM_001347.4	4649	4421.29	641.876	6.53348
NM_001347004.1	2598	2370.29	0	0
NM_001347005.2	2595	2367.29	13.2434	0.251763
NM_001347006.2	2739	2511.29	0	0
NM_001347007.2	2627	2399.29	6.27128	0.117629
NM_001347008.1	2440	2212.29	0	0
NM_001347009.1	2552	2324.29	0	0
NM_001347010.2	2661	2433.29	0	0
NM_001347011.2	2549	2321.29	0	0
NM_001347012.2	2581	2353.29	0	0
NM_001347013.2	2693	2465.29	0	0
NM_001347014.1	2381	2153.29	1.22894	0.0256844
NM_001347015.2	2634	2406.29	0	0
NM_001347016.2	2490	2262.29	0.869069	0.0172881
NM_001347017.2	2444	2216.29	0	0
NM_001347018.2	2556	2328.29	0	0
NM_001347019.1	2298	2070.29	12.1802	0.264768
NM_001347020.2	2519	2291.29	0	0
NM_001347021.2	2439	2211.29	3.41484	0.0694971
NM_001347023.2	2407	2179.29	7.90093	0.163157
NM_001347024.1	2305	2077.29	0	0
NM_001347025.1	2193	1965.29	0.397867	0.00911071
NM_001347026.2	2414	2186.29	0	0
NM_001347027.2	2302	2074.29	0.312575	0.00678151
NM_001347028.2	2446	2218.29	0	0
NM_001347029.2	2334	2106.29	0.128539	0.00274637
NM_001347030.1	2114	1886.29	0	0
NM_001347031.2	2335	2107.29	0	0
NM_001347032.2	2602	2374.29	28.8897	0.547584
NM_001347033.2	2440	2212.29	0	0
NM_001347034.2	2348	2120.29	0	0
NM_001347096.2	2412	2184.29	0	0
NM_001347145.2	910	682.293	26.6328	1.75666
NM_001347147.2	934	706.293	3.46554	0.220815
NM_001347148.2	918	690.293	0.000483466	3.15192e-05
NM_001347217.2	5457	5229.29	523.381	4.5042
NM_001347219.2	5423	5195.29	198.442	1.71896
NM_001347248.1	4427	4199.29	7.86656e-08	8.43046e-10
NM_001347249.2	4366	4138.29	40.5891	0.441398
NM_001347250.2	4390	4162.29	0.0146306	0.000158188
NM_001347251.2	4402	4174.29	0.000282571	3.0464e-06
NM_001347252.2	4454	4226.29	0	0
NM_001347253.2	4573	4345.29	0	0
NM_001347254.2	4468	4240.29	0	0
NM_001347255.2	4495	4267.29	0	0
NM_001347256.2	4380	4152.29	0.395812	0.00428986
NM_001347423.2	4659	4431.29	0	0
NM_001347424.2	4763	4535.29	0	0
NM_001347425.2	4450	4222.29	0	0
NM_001347465.2	1111	883.293	0	0
NM_001347466.2	1414	1186.29	0	0
NM_001347511.2	6497	6269.29	222.797	1.59931
NM_001347591.2	9157	8929.29	120.045	0.605017
NM_001347619.2	1330	1102.29	0	0
NM_001347620.2	964	736.293	0	0
NM_001347663.1	2918	2690.29	1139.35	19.059
NM_001347664.1	2983	2755.29	313.23	5.11609
NM_001347665.1	2951	2723.29	115.473	1.90823
NM_001347666.1	3011	2783.29	129.857	2.09966
NM_001347667.2	3306	3078.29	0	0
NM_001347674.1	1181	953.293	0	0
NM_001347684.2	2250	2022.29	0	0
NM_001347698.2	1703	1475.29	0	0
NM_001347700.2	3181	2953.29	699.922	10.6656
NM_001347701.2	3921	3693.29	43.6174	0.531482
NM_001347702.2	3785	3557.29	449.492	5.68649
NM_001347703.2	1301	1073.29	38.8621	1.62948
NM_001347704.2	1305	1077.29	57.356	2.396
NM_001347705.2	3987	3759.29	0	0
NM_001347706.2	4032	3804.29	0	0
NM_001347707.2	3916	3688.29	0	0
NM_001347708.2	3904	3676.29	0	0
NM_001347712.2	3310	3082.29	71.4015	1.0425
NM_001347713.2	3229	3001.29	71.1514	1.06688
NM_001347714.2	3202	2974.29	3.87568	0.0586417
NM_001347715.2	3186	2958.29	12.7738	0.194322
NM_001347716.2	9408	9180.29	0	0
NM_001347717.2	2480	2252.29	0	0
NM_001347720.2	3055	2827.29	0	0
NM_001347721.2	17024	16796.3	364.795	0.977411
NM_001347722.2	16281	16053.3	21.8415	0.0612295
NM_001347723.2	16938	16710.3	69.9212	0.188307
NM_001347725.2	3229	3001.29	0	0
NM_001347726.2	3185	2957.29	0	0
NM_001347727.2	3383	3155.29	142.753	2.03604
NM_001347728.2	3422	3194.29	135.168	1.90433
NM_001347729.1	3897	3669.29	96.8934	1.18838
NM_001347730.1	3699	3471.29	0	0
NM_001347733.2	6492	6264.29	0	0
NM_001347735.2	2600	2372.29	1050.18	19.9222
NM_001347736.2	2028	1800.29	12.9525	0.323781
NM_001347737.2	1935	1707.29	208.639	5.49959
NM_001347738.2	2822	2594.29	0.000213964	3.71163e-06
NM_001347819.1	3652	3424.29	0	0
NM_001347820.1	3497	3269.29	0	0
NM_001347821.2	4017	3789.29	0	0
NM_001347822.1	3292	3064.29	0	0
NM_001347823.1	3488	3260.29	0	0
NM_001347824.2	3526	3298.29	0	0
NM_001347825.2	3837	3609.29	0	0
NM_001347826.1	3397	3169.29	0	0
NM_001347827.2	2856	2628.29	605.949	10.3754
NM_001347828.2	6456	6228.29	1780.2	12.863
NM_001347829.2	6599	6371.29	1269.53	8.9672
NM_001347830.2	6794	6566.29	404.841	2.77464
NM_001347832.2	3113	2885.29	15.3135	0.23885
NM_001347839.2	5691	5463.29	291.598	2.402
NM_001347840.2	3289	3061.29	0	0
NM_001347842.2	3286	3058.29	0	0
NM_001347843.1	3429	3201.29	0	0
NM_001347844.1	3631	3403.29	0	0
NM_001347845.1	3252	3024.29	0	0
NM_001347846.1	2345	2117.29	0	0
NM_001347847.1	3634	3406.29	0	0
NM_001347848.1	3635	3407.29	0	0
NM_001347849.2	2126	1898.29	0.246097	0.00583425
NM_001347850.2	3414	3186.29	0	0
NM_001347851.2	2214	1986.29	0	0
NM_001347852.2	2129	1901.29	0.0282404	0.000668442
NM_001347855.2	3040	2812.29	2	0.0320045
NM_001347856.2	3081	2853.29	49.517	0.780999
NM_001347857.2	3160	2932.29	29.7459	0.456522
NM_001347858.2	3054	2826.29	12.4615	0.198424
NM_001347859.2	3326	3098.29	172.227	2.50161
NM_001347860.2	3218	2990.29	58.228	0.876315
NM_001347861.2	3221	2993.29	1637.96	24.6262
NM_001347864.2	2917	2689.29	9.23723	0.154577
NM_001347865.2	2615	2387.29	0	0
NM_001347866.2	2188	1960.29	0	0
NM_001347868.2	1997	1769.29	69.6276	1.77102
NM_001347869.2	2808	2580.29	38.4099	0.669911
NM_001347870.2	2346	2118.29	15.8926	0.337637
NM_001347872.2	5886	5658.29	14.1267	0.112357
NM_001347882.2	2947	2719.29	0	0
NM_001347884.2	4744	4516.29	3.71813	0.0370497
NM_001347885.2	5444	5216.29	9.52738	0.0821966
NM_001347886.2	12567	12339.3	0	0
NM_001347887.2	3698	3470.29	0	0
NM_001347888.2	2262	2034.29	3.70204	0.0818974
NM_001347890.2	1666	1438.29	47.4366	1.48425
NM_001347891.2	1561	1333.29	0	0
NM_001347892.2	1622	1394.29	17.1639	0.553994
NM_001347893.2	1743	1515.29	0.000158574	4.70952e-06
NM_001347894.2	1722	1494.29	25.8548	0.778661
NM_001347895.2	1772	1544.29	97.6249	2.84494
NM_001347896.2	1699	1471.29	1.93625e-06	5.9225e-08
NM_001347898.2	1634	1406.29	19.1468	0.61272
NM_001347901.2	2265	2037.29	39.3352	0.8689
NM_001347902.2	2364	2136.29	9.56194	0.201431
NM_001347912.1	1735	1507.29	0	0
NM_001347913.2	1878	1650.29	0	0
NM_001347914.2	1650	1422.29	17.938	0.567581
NM_001347915.2	1597	1369.29	0	0
NM_001347916.1	2080	1852.29	0	0
NM_001347917.1	2027	1799.29	0	0
NM_001347918.2	15571	15343.3	0	0
NM_001347919.2	15506	15278.3	1471.11	4.33324
NM_001347920.2	38709	38481.3	90.5731	0.105923
NM_001347921.2	3124	2896.29	41.114	0.638836
NM_001347922.2	13733	13505.3	52.407	0.174634
NM_001347923.2	13859	13631.3	381.724	1.26024
NM_001347924.2	13418	13190.3	0	0
NM_001347925.2	13944	13716.3	0.837471	0.00274774
NM_001347926.2	13492	13264.3	555.997	1.88638
NM_001347927.2	13407	13179.3	57.8804	0.197643
NM_001347928.2	3010	2782.29	0	0
NM_001347931.2	854	626.427	0	0
NM_001347933.2	2464	2236.29	0	0
NM_001347934.2	2238	2010.29	0	0
NM_001347936.2	3889	3661.29	0	0
NM_001347937.2	4080	3852.29	0	0
NM_001347943.2	5389	5161.29	0	0
NM_001347944.1	3795	3567.29	40.7712	0.514348
NM_001347946.2	2608	2380.29	22.6801	0.428802
NM_001347947.2	2542	2314.29	10.1116	0.196628
NM_001347948.2	2960	2732.29	13.6781	0.22529
NM_001347952.2	4409	4181.29	0.000509627	5.48509e-06
NM_001347953.1	4398	4170.29	0.0188678	0.000203609
NM_001347954.2	4562	4334.29	0	0
NM_001347955.2	4501	4273.29	0	0
NM_001347960.2	3056	2828.29	20.5831	0.327513
NM_001347963.2	3253	3025.29	0	0
NM_001347964.2	3456	3228.29	92.1529	1.28463
NM_001347965.2	3331	3103.29	0	0
NM_001347966.2	3506	3278.29	0	0
NM_001347967.2	3264	3036.29	0	0
NM_001347968.2	3449	3221.29	0	0
NM_001347969.2	3397	3169.29	112.529	1.59788
NM_001347970.2	3264	3036.29	9.64931e-06	1.43019e-07
NM_001347971.2	3253	3025.29	20.3398	0.302567
NM_001347982.1	5854	5626.29	0	0
NM_001347983.2	5760	5532.29	0	0
NM_001347990.2	2808	2580.29	0	0
NM_001347994.1	7419	7191.29	0	0
NM_001347995.2	2559	2331.29	0	0
NM_001347997.2	7750	7522.29	0	0
NM_001348.3	2286	2058.29	262.03	5.72909
NM_001348002.2	6739	6511.29	0	0
NM_001348003.2	3531	3303.29	0	0
NM_001348007.2	1770	1542.29	5.454	0.159144
NM_001348010.4	3072	2844.29	0	0
NM_001348013.2	3474	3246.29	0	0
NM_001348014.2	3711	3483.29	52.4966	0.67824
NM_001348015.2	3023	2795.29	139.6	2.2475
NM_001348016.2	2731	2503.29	77.3852	1.3912
NM_001348017.2	3042	2814.29	0.00027138	4.33962e-06
NM_001348018.2	2915	2687.29	19.2567	0.322485
NM_001348019.2	2971	2743.29	191.918	3.14837
NM_001348022.3	4080	3852.29	121.679	1.42147
NM_001348023.3	3991	3763.29	0	0
NM_001348024.3	3607	3379.29	13.0724	0.174089
NM_001348025.3	4085	3857.29	17.3968	0.202968
NM_001348027.2	2246	2018.29	0	0
NM_001348028.2	2228	2000.29	0	0
NM_001348029.2	3593	3365.29	0	0
NM_001348030.2	3413	3185.29	155.596	2.19833
NM_001348031.2	3332	3104.29	16.5702	0.240219
NM_001348032.2	3509	3281.29	0	0
NM_001348033.2	3506	3278.29	0	0
NM_001348034.2	3419	3191.29	0	0
NM_001348036.1	3785	3557.29	59.8558	0.757232
NM_001348037.3	3748	3520.29	0	0
NM_001348038.3	4000	3772.29	13.0687	0.155909
NM_001348039.3	3895	3667.29	1.17666	0.0144393
NM_001348040.3	3873	3645.29	1.37852	0.0170186
NM_001348041.4	3712	3484.29	4.90149e-08	6.33076e-10
NM_001348042.3	3873	3645.29	0	0
NM_001348043.3	3993	3765.29	34.3896	0.411028
NM_001348044.3	3552	3324.29	1.16863	0.0158205
NM_001348045.3	3808	3580.29	0	0
NM_001348046.3	3657	3429.29	16.8016	0.22049
NM_001348050.2	8196	7968.29	90.0159	0.508389
NM_001348052.1	2608	2380.29	0	0
NM_001348054.1	2480	2252.29	0	0
NM_001348056.2	1881	1653.29	0	0
NM_001348059.2	1767	1539.29	0	0
NM_001348060.2	1905	1677.29	0	0
NM_001348061.1	3812	3584.29	22.8478	0.286868
NM_001348063.1	2627	2399.29	0	0
NM_001348064.1	3729	3501.29	0	0
NM_001348065.2	2178	1950.29	23.1524	0.534242
NM_001348066.2	2024	1796.29	0	0
NM_001348067.2	2077	1849.29	0	0
NM_001348068.2	2068	1840.29	62.814	1.53607
NM_001348070.2	422	210.345	0	0
NM_001348071.2	410	200.199	0	0
NM_001348072.1	465	247.59	0	0
NM_001348073.1	453	236.993	0	0
NM_001348076.2	1213	985.293	408.37	18.6522
NM_001348077.2	2913	2685.29	8.23864	0.138072
NM_001348078.2	4217	3989.29	300.032	3.38465
NM_001348081.2	7246	7018.29	0	0
NM_001348082.2	7164	6936.29	0	0
NM_001348083.1	5777	5549.29	61.809	0.501252
NM_001348084.2	5953	5725.29	23.0078	0.180851
NM_001348090.2	2687	2459.29	2.00044	0.0366065
NM_001348091.2	4492	4264.29	0	0
NM_001348092.2	8962	8734.29	0	0
NM_001348094.2	4257	4029.29	1467.44	16.3898
NM_001348096.3	9244	9016.29	137.321	0.685413
NM_001348098.4	9211	8983.29	1.60399e-07	8.03542e-10
NM_001348099.3	8600	8372.29	0	0
NM_001348107.3	1605	1377.29	25	0.816875
NM_001348119.1	3358	3130.29	76.4411	1.09897
NM_001348120.1	3110	2882.29	4.64293	0.0724931
NM_001348121.1	2142	1914.29	0	0
NM_001348122.1	2152	1924.29	0.000169022	3.95288e-06
NM_001348124.1	2499	2271.29	0	0
NM_001348125.1	2515	2287.29	68.0917	1.33972
NM_001348126.1	2250	2022.29	62.7332	1.39603
NM_001348129.2	2344	2116.29	725	15.4172
NM_001348132.2	2755	2527.29	64.9723	1.15695
NM_001348133.2	2362	2134.29	18.9472	0.399515
NM_001348134.2	2602	2374.29	58.1201	1.10163
NM_001348135.2	2636	2408.29	31.6367	0.591185
NM_001348136.2	2630	2402.29	43.9449	0.823236
NM_001348137.2	2543	2315.29	381.764	7.42047
NM_001348138.2	2757	2529.29	88.8373	1.58066
NM_001348139.2	2414	2186.29	87.9567	1.81052
NM_001348140.2	2680	2452.29	28.2015	0.517537
NM_001348142.2	3863	3635.29	0	0
NM_001348143.2	4228	4000.29	0	0
NM_001348144.2	3961	3733.29	10.5759	0.127488
NM_001348145.2	910	682.293	0	0
NM_001348148.2	3157	2929.29	49.6499	0.762778
NM_001348149.2	3247	3019.29	852.238	12.7028
NM_001348150.2	3104	2876.29	0	0
NM_001348151.2	3180	2952.29	48.3447	0.736939
NM_001348156.2	6133	5905.29	135.989	1.03635
NM_001348157.2	6106	5878.29	0	0
NM_001348169.2	2676	2448.29	26.3363	0.484098
NM_001348170.1	2175	1947.29	110.922	2.56347
NM_001348177.2	1601	1373.29	0	0
NM_001348178.2	1364	1136.29	0	0
NM_001348181.2	6189	5961.29	0	0
NM_001348182.2	6002	5774.29	186.201	1.4512
NM_001348183.2	7036	6808.29	336.49	2.22421
NM_001348184.2	7103	6875.29	278.051	1.82001
NM_001348185.2	7078	6850.29	0	0
NM_001348186.2	6997	6769.29	230.626	1.53323
NM_001348187.2	2663	2435.29	178.366	3.29611
NM_001348189.2	3268	3040.29	0	0
NM_001348190.2	3230	3002.29	0	0
NM_001348191.2	3729	3501.29	0	0
NM_001348192.2	3784	3556.29	0	0
NM_001348193.2	3526	3298.29	0	0
NM_001348194.2	2530	2302.29	72.4676	1.41653
NM_001348195.2	1665	1437.29	0	0
NM_001348202.1	451	235.213	0	0
NM_001348203.1	463	245.87	0	0
NM_001348204.2	2371	2143.29	1	0.0209972
NM_001348208.2	1728	1500.29	0	0
NM_001348211.2	7915	7687.29	44.9989	0.263434
NM_001348212.2	7653	7425.29	0	0
NM_001348213.2	7668	7440.29	51.3571	0.310637
NM_001348214.2	7474	7246.29	53.4211	0.331772
NM_001348215.2	7422	7194.29	0	0
NM_001348216.2	7562	7334.29	43.3373	0.265917
NM_001348217.1	7957	7729.29	64.5555	0.375869
NM_001348218.2	7944	7716.29	32.5758	0.189989
NM_001348219.2	7932	7704.29	32.1669	0.187896
NM_001348220.1	7942	7714.29	1.39973e-06	8.16563e-09
NM_001348221.2	927	699.293	0	0
NM_001348223.2	981	753.293	0	0
NM_001348230.2	990	762.293	0	0
NM_001348233.2	4165	3937.29	3.00123	0.034304
NM_001348238.2	2241	2013.29	11.5626	0.258459
NM_001348239.2	2348	2120.29	0	0
NM_001348240.2	2272	2044.29	15.4098	0.33923
NM_001348241.2	2315	2087.29	0	0
NM_001348242.2	2377	2149.29	0	0
NM_001348243.2	2179	1951.29	5.78073	0.133322
NM_001348244.2	2177	1949.29	2.80669	0.0647977
NM_001348245.2	2243	2015.29	0	0
NM_001348247.2	1112	884.293	4.87997	0.24835
NM_001348250.2	4417	4189.29	0	0
NM_001348251.2	4227	3999.29	0	0
NM_001348252.2	4156	3928.29	0	0
NM_001348253.2	4095	3867.29	0	0
NM_001348255.2	2817	2589.29	11	0.191185
NM_001348258.2	1080	852.293	7.29607	0.38525
NM_001348262.2	3833	3605.29	16.0454	0.200287
NM_001348263.2	3797	3569.29	0	0
NM_001348264.2	3856	3628.29	85.4523	1.0599
NM_001348265.2	3868	3640.29	0	0
NM_001348267.2	3123	2895.29	0	0
NM_001348268.2	3340	3112.29	0	0
NM_001348269.2	2883	2655.29	0.999999	0.0169484
NM_001348270.2	2910	2682.29	9.46559e-07	1.58812e-08
NM_001348271.2	942	714.293	0	0
NM_001348273.1	1769	1541.29	1	0.0291983
NM_001348277.2	12378	12150.3	0	0
NM_001348278.2	2514	2286.29	0	0
NM_001348279.2	3420	3192.29	50.7206	0.715029
NM_001348280.2	3725	3497.29	14.9539	0.192426
NM_001348281.2	3791	3563.29	0	0
NM_001348282.2	3742	3514.29	0	0
NM_001348283.1	3650	3422.29	0	0
NM_001348284.2	3533	3305.29	0	0
NM_001348285.2	3705	3477.29	0	0
NM_001348286.3	936	708.293	0	0
NM_001348294.2	2311	2083.29	0	0
NM_001348297.1	3511	3283.29	25.3255	0.347129
NM_001348298.1	3412	3184.29	78.499	1.10941
NM_001348299.1	3127	2899.29	0	0
NM_001348300.1	3369	3141.29	0	0
NM_001348301.1	3118	2890.29	0	0
NM_001348302.1	3360	3132.29	0	0
NM_001348303.1	3297	3069.29	0	0
NM_001348304.1	3046	2818.29	0	0
NM_001348305.1	3025	2797.29	0	0
NM_001348306.1	3267	3039.29	0	0
NM_001348307.1	2898	2670.29	0	0
NM_001348308.1	2953	2725.29	0	0
NM_001348309.1	3195	2967.29	0	0
NM_001348310.1	3165	2937.29	450.453	6.90152
NM_001348311.1	3093	2865.29	21.2863	0.334328
NM_001348315.2	10408	10180.3	2.78507	0.0123117
NM_001348316.2	10070	9842.29	725.996	3.31956
NM_001348317.1	9959	9731.29	379.047	1.75293
NM_001348318.2	10348	10120.3	0.00130251	5.792e-06
NM_001348319.1	10085	9857.29	252.985	1.15499
NM_001348320.2	10474	10246.3	5.76918	0.025339
NM_001348321.1	10088	9860.29	62.9506	0.287311
NM_001348322.1	10218	9990.29	1040.97	4.68926
NM_001348323.3	10100	9872.29	1426.15	6.50116
NM_001348324.2	10196	9968.29	964.352	4.35368
NM_001348325.2	10611	10383.3	32.2345	0.13971
NM_001348326.2	10486	10258.3	19.9204	0.0873906
NM_001348327.2	10489	10261.3	32.665	0.143259
NM_001348328.1	10103	9875.29	363.793	1.65786
NM_001348329.2	10454	10226.3	0	0
NM_001348330.2	10492	10264.3	8.35425	0.0366286
NM_001348331.1	9878	9650.29	30.7336	0.143323
NM_001348332.1	9998	9770.29	47.2489	0.217634
NM_001348333.1	10022	9794.29	102.238	0.469766
NM_001348334.1	5951	5723.29	0	0
NM_001348335.2	5961	5733.29	61.1772	0.480206
NM_001348336.1	6052	5824.29	0	0
NM_001348339.2	1896	1668.29	14.9086	0.402167
NM_001348340.2	3582	3354.29	24.4709	0.328315
NM_001348341.2	3585	3357.29	94.8715	1.27171
NM_001348343.2	9357	9129.29	0	0
NM_001348344.2	9285	9057.29	0	0
NM_001348345.2	9676	9448.29	0	0
NM_001348350.2	4991	4763.29	53.6335	0.506724
NM_001348353.1	1425	1197.29	0.00122613	4.60871e-05
NM_001348355.2	4168	3940.29	18.771	0.214388
NM_001348362.2	5228	5000.29	19.2216	0.172996
NM_001348364.2	3811	3583.29	1.31483	0.0165131
NM_001348365.2	4816	4588.29	0	0
NM_001348367.2	1752	1524.29	10.6693	0.314999
NM_001348368.2	3232	3004.29	126.839	1.89999
NM_001348369.2	3249	3021.29	79.3697	1.18224
NM_001348370.2	3000	2772.29	48.0447	0.779918
NM_001348372.2	1807	1579.29	0	0
NM_001348381.2	3351	3123.29	0	0
NM_001348384.2	1689	1461.29	32.5588	1.00271
NM_001348385.2	1696	1468.29	84.3223	2.58447
NM_001348390.1	3389	3161.29	48.1042	0.684795
NM_001348396.2	1961	1733.29	15.6331	0.405897
NM_001348397.2	2095	1867.29	0	0
NM_001348398.2	1716	1488.29	0	0
NM_001348399.2	1944	1716.29	281.659	7.3854
NM_001348400.2	1798	1570.29	195.149	5.59277
NM_001348406.2	3933	3705.29	19.5743	0.237742
NM_001348407.2	3867	3639.29	0	0
NM_001348412.2	5915	5687.29	0	0
NM_001348413.2	2581	2353.29	433.887	8.29741
NM_001348414.2	6015	5787.29	0	0
NM_001348420.2	6146	5918.29	52.5497	0.399592
NM_001348424.1	9890	9662.29	0.000244277	1.13774e-06
NM_001348425.2	9690	9462.29	211.389	1.00537
NM_001348426.2	9413	9185.29	32.2255	0.157888
NM_001348427.2	9663	9435.29	0	0
NM_001348428.2	9568	9340.29	199.956	0.963423
NM_001348429.2	9685	9457.29	0.000301071	1.43267e-06
NM_001348430.2	9494	9266.29	318.016	1.54449
NM_001348431.2	9492	9264.29	89.6485	0.435485
NM_001348432.2	9803	9575.29	76.4793	0.359446
NM_001348433.2	9624	9396.29	0	0
NM_001348434.2	9447	9219.29	0	0
NM_001348436.2	3283	3055.29	3.64988	0.053761
NM_001348437.1	3021	2793.29	31.7395	0.511358
NM_001348440.2	3965	3737.29	14.4838	0.174408
NM_001348441.2	738	510.753	0	0
NM_001348451.2	3795	3567.29	328.986	4.15031
NM_001348452.2	2871	2643.29	0	0
NM_001348453.2	2854	2626.29	16.413	0.281247
NM_001348454.2	2511	2283.29	28.2324	0.556453
NM_001348455.2	2935	2707.29	0	0
NM_001348456.2	2518	2290.29	0	0
NM_001348457.2	2847	2619.29	14.3058	0.245793
NM_001348458.2	2878	2650.29	0	0
NM_001348459.2	2740	2512.29	39.8594	0.714008
NM_001348460.2	2804	2576.29	0	0
NM_001348461.2	2691	2463.29	0	0
NM_001348462.2	2960	2732.29	23.3042	0.383839
NM_001348463.2	2600	2372.29	69.4198	1.31691
NM_001348464.2	2772	2544.29	0	0
NM_001348465.2	2885	2657.29	0	0
NM_001348466.2	2593	2365.29	0	0
NM_001348484.3	7711	7483.29	19.6322	0.118064
NM_001348485.2	8373	8145.29	0	0
NM_001348486.2	8772	8544.29	0	0
NM_001348487.2	8631	8403.29	0	0
NM_001348488.2	8685	8457.29	0	0
NM_001348489.2	9201	8973.29	0	0
NM_001348490.2	9114	8886.29	0	0
NM_001348491.2	8814	8586.29	0	0
NM_001348492.2	8598	8370.29	0	0
NM_001348493.2	8553	8325.29	0	0
NM_001348494.2	8760	8532.29	0	0
NM_001348495.2	8628	8400.29	0	0
NM_001348496.2	8565	8337.29	0	0
NM_001348497.2	8547	8319.29	0	0
NM_001348498.2	8537	8309.29	0	0
NM_001348499.2	8120	7892.29	0	0
NM_001348500.2	7874	7646.29	0	0
NM_001348501.2	8390	8162.29	0	0
NM_001348502.2	7808	7580.29	0	0
NM_001348503.2	8537	8309.29	0	0
NM_001348504.2	7889	7661.29	0	0
NM_001348505.2	8195	7967.29	0	0
NM_001348506.2	7988	7760.29	0	0
NM_001348507.2	8036	7808.29	0	0
NM_001348508.2	8021	7793.29	0	0
NM_001348509.2	8633	8405.29	0	0
NM_001348512.1	4082	3854.29	0	0
NM_001348513.1	3947	3719.29	0	0
NM_001348514.1	3848	3620.29	0	0
NM_001348515.1	3728	3500.29	163.787	2.1058
NM_001348516.1	3651	3423.29	27.1045	0.35632
NM_001348520.2	3589	3361.29	0	0
NM_001348521.2	3823	3595.29	0	0
NM_001348522.2	5967	5739.29	3.1086	0.0243752
NM_001348523.2	6023	5795.29	5.1411e-06	3.9923e-08
NM_001348527.2	6677	6449.29	13.1387	0.0916819
NM_001348528.2	6557	6329.29	41.6507	0.296149
NM_001348529.2	6683	6455.29	0.180048	0.0012552
NM_001348530.2	6815	6587.29	52.6437	0.359652
NM_001348531.2	7229	7001.29	48.6059	0.31243
NM_001348532.2	6488	6260.29	3.94314	0.0283459
NM_001348533.2	6614	6386.29	0.0160026	0.000112768
NM_001348534.2	6353	6125.29	63.1647	0.464077
NM_001348535.2	6746	6518.29	5.30657	0.0366372
NM_001348536.2	7160	6932.29	5.04925	0.0327788
NM_001348537.2	6743	6515.29	0	0
NM_001348541.2	4005	3777.29	0	0
NM_001348542.2	4009	3781.29	0	0
NM_001348543.2	4060	3832.29	0	0
NM_001348544.2	4041	3813.29	0	0
NM_001348546.2	3935	3707.29	0	0
NM_001348547.2	3920	3692.29	0	0
NM_001348548.2	3887	3659.29	0	0
NM_001348549.2	3952	3724.29	0	0
NM_001348563.2	420	208.678	0	0
NM_001348568.1	3019	2791.29	0	0
NM_001348571.2	1694	1466.29	25.0785	0.769703
NM_001348651.2	6711	6483.29	270.964	1.88087
NM_001348652.2	6499	6271.29	709.578	5.09196
NM_001348660.2	6662	6434.29	52.3446	0.366111
NM_001348661.2	6773	6545.29	7.14588	0.0491325
NM_001348663.2	5973	5745.29	0	0
NM_001348677.2	1307	1079.29	69	2.87708
NM_001348680.2	1111	883.293	0	0
NM_001348682.2	420	208.678	0	0
NM_001348687.2	1556	1328.29	20.5591	0.69655
NM_001348688.2	2597	2369.29	41.0864	0.780408
NM_001348689.2	1794	1566.29	77.1594	2.21696
NM_001348691.2	2861	2633.29	53.8227	0.919832
NM_001348694.2	11409	11181.3	0	0
NM_001348696.2	883	655.427	0	0
NM_001348699.2	3304	3076.29	0	0
NM_001348700.2	3560	3332.29	8.33023e-05	1.12501e-06
NM_001348701.2	3354	3126.29	0	0
NM_001348702.2	3532	3304.29	8.80774	0.119958
NM_001348703.2	3276	3048.29	0	0
NM_001348704.2	3180	2952.29	0	0
NM_001348705.2	462	244.971	4.64874	0.854009
NM_001348706.2	3104	2876.29	0	0
NM_001348708.2	5330	5102.29	0	0
NM_001348709.2	2547	2319.29	0	0
NM_001348710.2	2542	2314.29	0	0
NM_001348711.2	821	593.487	0	0
NM_001348712.2	3127	2899.29	34.7688	0.539684
NM_001348713.1	3266	3038.29	41.6316	0.616646
NM_001348714.1	3168	2940.29	269.631	4.12687
NM_001348715.1	3083	2855.29	7.13739	0.112494
NM_001348716.2	6728	6500.29	853.084	5.90611
NM_001348718.2	2583	2355.29	0	0
NM_001348719.2	2574	2346.29	49.4192	0.947886
NM_001348720.2	2644	2416.29	0	0
NM_001348721.2	2966	2738.29	0.168912	0.00277603
NM_001348722.2	2957	2729.29	15.4119	0.254125
NM_001348723.2	2635	2407.29	0	0
NM_001348724.2	2447	2219.29	0	0
NM_001348725.2	2830	2602.29	0	0
NM_001348729.2	7351	7123.29	41.1139	0.259746
NM_001348731.2	7294	7066.29	1649.99	10.5083
NM_001348732.2	7291	7063.29	3142.67	20.0232
NM_001348734.2	7180	6952.29	8.71697	0.0564261
NM_001348735.2	7177	6949.29	17.2048	0.111417
NM_001348736.2	7348	7120.29	20.1306	0.127233
NM_001348738.2	8742	8514.29	0	0
NM_001348739.2	8631	8403.29	0	0
NM_001348740.2	6391	6163.29	0	0
NM_001348741.2	8628	8400.29	0	0
NM_001348742.2	6388	6160.29	0	0
NM_001348743.2	8643	8415.29	39.1467	0.209348
NM_001348745.2	3774	3546.29	0	0
NM_001348749.2	4919	4691.29	1.20338e-08	1.15439e-10
NM_001348750.2	5027	4799.29	62.4999	0.586063
NM_001348756.2	1664	1436.29	0	0
NM_001348758.2	3313	3085.29	8.16304	0.119069
NM_001348759.2	2579	2351.29	93.9299	1.79779
NM_001348760.2	2806	2578.29	5.88774	0.102768
NM_001348761.2	2716	2488.29	0	0
NM_001348762.2	2537	2309.29	5.06194	0.0986461
NM_001348763.2	2954	2726.29	5.78866	0.0955538
NM_001348764.2	3021	2793.29	0	0
NM_001348768.2	12006	11778.3	109.834	0.419661
NM_001348772.2	836	608.427	1	0.0739662
NM_001348773.2	813	585.487	0	0
NM_001348781.2	655	428.76	6.47593	0.67972
NM_001348800.3	27503	27275.3	62.2485	0.102707
NM_001348801.3	27229	27001.3	9.71348e-07	1.61895e-09
NM_001348802.3	27238	27010.3	49.4993	0.082473
NM_001348803.3	27626	27398.3	97.8538	0.16073
NM_001348804.3	27207	26979.3	0	0
NM_001348805.3	27403	27175.3	0	0
NM_001348905.2	4280	4052.29	235.97	2.62059
NM_001348906.2	4292	4064.29	14.9636	0.165688
NM_001348907.2	4332	4104.29	82.4335	0.903874
NM_001348908.2	4136	3908.29	0	0
NM_001348909.2	4235	4007.29	64.3046	0.722159
NM_001348910.2	3894	3666.29	5.57383	0.0684178
NM_001348911.2	3746	3518.29	4.58215	0.0586111
NM_001348912.2	2199	1971.29	2.02096	0.046137
NM_001348913.2	2202	1974.29	1.48883	0.0339371
NM_001348924.2	934	706.293	0	0
NM_001348928.3	2715	2487.29	0	0
NM_001348929.2	2492	2264.29	0	0
NM_001348944.2	5387	5159.29	0	0
NM_001348945.2	5586	5358.29	0	0
NM_001348946.2	5205	4977.29	5	0.0452084
NM_001348951.2	3609	3381.29	0	0
NM_001348952.2	3494	3266.29	0	0
NM_001348957.2	490	270.61	224.387	37.316
NM_001348958.2	538	315.318	404.613	57.7475
NM_001348985.1	4728	4500.29	0	0
NM_001348986.1	4240	4012.29	0	0
NM_001348987.1	4425	4197.29	0	0
NM_001348988.1	4625	4397.29	0	0
NM_001348989.2	4038	3810.29	9.31968	0.110074
NM_001348990.2	8729	8501.29	0	0
NM_001348991.2	8725	8497.29	158.94	0.841773
NM_001348992.2	8820	8592.29	0	0
NM_001348993.2	8735	8507.29	51.2332	0.271021
NM_001348994.2	8786	8558.29	0	0
NM_001348995.2	8572	8344.29	63.2004	0.340857
NM_001348996.2	8518	8290.29	0	0
NM_001348997.2	8361	8133.29	0	0
NM_001348998.2	8484	8256.29	0	0
NM_001349.4	3099	2871.29	5899.32	92.4628
NM_001349008.3	6157	5929.29	0	0
NM_001349012.1	3431	3203.29	0	0
NM_001349013.2	3474	3246.29	0	0
NM_001349014.1	3473	3245.29	0	0
NM_001349018.2	2150	1922.29	0	0
NM_001349020.2	1961	1733.29	0	0
NM_001349021.2	2406	2178.29	0	0
NM_001349022.2	2131	1903.29	0	0
NM_001349023.2	1975	1747.29	0	0
NM_001349024.2	1618	1390.29	0.49196	0.0159245
NM_001349025.2	2033	1805.29	0	0
NM_001349041.2	1367	1139.29	13.4234	0.530236
NM_001349042.2	1614	1386.29	29.6826	0.963581
NM_001349043.2	1416	1188.29	0	0
NM_001349044.2	1295	1067.29	0	0
NM_001349045.2	1223	995.293	0	0
NM_001349046.2	1097	869.293	0	0
NM_001349047.2	1169	941.293	9.20445e-06	4.40063e-07
NM_001349069.2	5179	4951.29	141.705	1.28798
NM_001349071.2	4734	4506.29	0	0
NM_001349072.2	4842	4614.29	74.9974	0.731448
NM_001349073.2	6435	6207.29	3.17561	0.0230233
NM_001349074.2	6500	6272.29	6.23767	0.0447547
NM_001349075.2	6529	6301.29	68.5178	0.489346
NM_001349076.2	6530	6302.29	31.5671	0.225412
NM_001349077.2	6493	6265.29	213.335	1.53237
NM_001349078.2	6434	6206.29	743.611	5.39208
NM_001349079.2	6639	6411.29	0	0
NM_001349080.2	6369	6141.29	404.144	2.96154
NM_001349081.2	6487	6259.29	65.7232	0.472537
NM_001349082.2	6554	6326.29	0.0156994	0.00011168
NM_001349083.2	6430	6202.29	2.10795	0.015295
NM_001349084.2	6548	6320.29	0	0
NM_001349085.2	6533	6305.29	4.25608e-08	3.03771e-10
NM_001349086.2	6365	6137.29	1.4654e-05	1.07454e-07
NM_001349087.2	6364	6136.29	271.431	1.99066
NM_001349088.2	6569	6341.29	0	0
NM_001349089.2	6423	6195.29	0.00237242	1.72334e-05
NM_001349090.2	6458	6230.29	0	0
NM_001349091.2	6299	6071.29	0.00187739	1.3916e-05
NM_001349094.2	4690	4462.29	3.72663	0.0375837
NM_001349095.2	4403	4175.29	126.042	1.35853
NM_001349096.2	4386	4158.29	25.311	0.273928
NM_001349097.2	4723	4495.29	39.0898	0.391334
NM_001349098.2	4459	4231.29	256.744	2.73067
NM_001349099.2	4119	3891.29	681.128	7.8773
NM_001349100.2	4442	4214.29	0.616839	0.00658703
NM_001349101.2	4616	4388.29	0.347158	0.0035602
NM_001349102.2	4363	4135.29	26.021	0.283178
NM_001349103.2	3956	3728.29	73.4888	0.88706
NM_001349104.2	3939	3711.29	0.0238084	0.0002887
NM_001349105.2	6533	6305.29	0	0
NM_001349106.2	7075	6847.29	16.8766	0.11092
NM_001349107.2	6728	6500.29	0	0
NM_001349108.2	6641	6413.29	0	0
NM_001349109.3	3956	3728.29	2.49053	0.0300624
NM_001349110.2	1103	875.293	0	0
NM_001349111.2	6943	6715.29	0	0
NM_001349112.3	2867	2639.29	317.342	5.41106
NM_001349113.3	3043	2815.29	100.503	1.60657
NM_001349114.3	3260	3032.29	16.4194	0.243685
NM_001349115.1	3457	3229.29	171.879	2.39529
NM_001349116.2	2224	1996.29	0	0
NM_001349117.2	3514	3286.29	0	0
NM_001349118.1	1038	810.293	2.55789	0.142063
NM_001349119.2	585	360.171	3.92683	0.490654
NM_001349124.2	7268	7040.29	92.9492	0.594151
NM_001349125.2	7324	7096.29	852.011	5.40326
NM_001349126.2	7317	7089.29	216.047	1.37147
NM_001349127.2	1468	1240.29	8.70373	0.315808
NM_001349128.1	1360	1132.29	8.49133	0.337489
NM_001349129.1	1145	917.293	0	0
NM_001349130.2	3551	3323.29	0	0
NM_001349131.2	3644	3416.29	0	0
NM_001349132.2	3499	3271.29	0	0
NM_001349133.2	3393	3165.29	0	0
NM_001349134.2	3292	3064.29	0.00810839	0.000119082
NM_001349135.2	3388	3160.29	4.564	0.0649921
NM_001349136.2	3293	3065.29	0.181684	0.00266739
NM_001349137.2	3525	3297.29	0	0
NM_001349138.2	3403	3175.29	0	0
NM_001349139.2	3554	3326.29	0	0
NM_001349140.2	3507	3279.29	0	0
NM_001349141.2	3319	3091.29	18.3163	0.266648
NM_001349142.2	3197	2969.29	9.78406	0.148289
NM_001349143.2	3647	3419.29	0	0
NM_001349144.2	3443	3215.29	0	0
NM_001349145.2	3986	3758.29	0	0
NM_001349146.2	3742	3514.29	0	0
NM_001349147.2	3957	3729.29	0	0
NM_001349148.2	3527	3299.29	0	0
NM_001349149.2	3862	3634.29	0	0
NM_001349150.2	3864	3636.29	7.99923e-05	9.89992e-07
NM_001349151.2	3646	3418.29	0	0
NM_001349152.2	3757	3529.29	0	0
NM_001349153.2	3524	3296.29	0	0
NM_001349154.2	3739	3511.29	0	0
NM_001349155.2	3769	3541.29	0.00110016	1.39809e-05
NM_001349156.2	3838	3610.29	13.2751	0.165478
NM_001349157.2	3743	3515.29	1.66463e-05	2.13107e-07
NM_001349158.2	3650	3422.29	0.000698711	9.18803e-06
NM_001349159.2	3893	3665.29	0	0
NM_001349160.1	3402	3174.29	0	0
NM_001349161.2	3399	3171.29	0	0
NM_001349162.2	3861	3633.29	0	0
NM_001349163.2	3411	3183.29	0	0
NM_001349168.2	5702	5474.29	72.5125	0.596111
NM_001349169.2	5749	5521.29	265.397	2.16321
NM_001349170.2	5602	5374.29	404.11	3.38392
NM_001349171.2	5528	5300.29	0	0
NM_001349178.2	3977	3749.29	44.4858	0.533967
NM_001349179.2	3516	3288.29	30.728	0.420538
NM_001349180.2	1641	1413.29	6.28527	0.20014
NM_001349181.2	2709	2481.29	0	0
NM_001349182.2	5656	5428.29	0	0
NM_001349183.2	5632	5404.29	0	0
NM_001349184.2	5570	5342.29	0	0
NM_001349185.2	2527	2299.29	2.02806	0.0396944
NM_001349186.2	5574	5346.29	110.189	0.927533
NM_001349190.2	2277	2049.29	256.487	5.63254
NM_001349191.2	3556	3328.29	84.0012	1.13581
NM_001349192.2	4187	3959.29	308.304	3.50432
NM_001349193.2	3797	3569.29	49.6013	0.625393
NM_001349194.2	2191	1963.29	20.8456	0.477829
NM_001349199.2	5458	5230.29	55.1913	0.474883
NM_001349200.2	5536	5308.29	0	0
NM_001349201.2	5418	5190.29	0	0
NM_001349202.2	5563	5335.29	1.55576	0.0131228
NM_001349203.2	5445	5217.29	24.061	0.207545
NM_001349204.2	5566	5338.29	12.8519	0.108345
NM_001349205.2	5880	5652.29	52.2981	0.416393
NM_001349206.2	5448	5220.29	196.684	1.69557
NM_001349207.2	5593	5365.29	0	0
NM_001349208.2	5542	5314.29	0	0
NM_001349209.2	4970	4742.29	123.141	1.16858
NM_001349210.2	5154	4926.29	39.3182	0.359183
NM_001349211.2	4848	4620.29	56.6827	0.552107
NM_001349212.2	4560	4332.29	56.312	0.584959
NM_001349213.2	5103	4875.29	33.2166	0.306617
NM_001349214.2	4981	4753.29	23.6127	0.223559
NM_001349215.2	4938	4710.29	0	0
NM_001349216.2	5027	4799.29	6.62932	0.0621633
NM_001349217.2	4958	4730.29	276.61	2.63162
NM_001349218.2	4894	4666.29	0	0
NM_001349219.2	5016	4788.29	3.05707	0.0287321
NM_001349220.2	5234	5006.29	100.451	0.902986
NM_001349221.2	4606	4378.29	31.6028	0.324835
NM_001349222.2	5047	4819.29	0	0
NM_001349223.2	4989	4761.29	0	0
NM_001349224.2	4591	4363.29	0	0
NM_001349225.2	5111	4883.29	57.2809	0.527885
NM_001349226.2	4573	4345.29	0	0
NM_001349227.2	4792	4564.29	0	0
NM_001349228.2	1553	1325.29	19.3393	0.656705
NM_001349229.2	1431	1203.29	205.443	7.68354
NM_001349230.2	1673	1445.29	2.95098	0.0918866
NM_001349232.2	5333	5105.29	141.839	1.25031
NM_001349233.2	5087	4859.29	55.2322	0.511518
NM_001349234.2	5073	4845.29	15.3697	0.142754
NM_001349235.2	5224	4996.29	0	0
NM_001349236.2	4861	4633.29	136.261	1.3235
NM_001349237.2	4819	4591.29	50.409	0.494101
NM_001349238.2	2395	2167.29	62.6539	1.30099
NM_001349239.2	11241	11013.3	0	0
NM_001349240.2	11078	10850.3	0.0305575	0.000126742
NM_001349241.2	8159	7931.29	0	0
NM_001349242.2	8147	7919.29	0	0
NM_001349243.2	8085	7857.29	0	0
NM_001349244.2	5333	5105.29	63.6504	0.561077
NM_001349245.1	5062	4834.29	0	0
NM_001349246.2	5065	4837.29	0	0
NM_001349247.2	5221	4993.29	14.8708	0.134026
NM_001349248.1	5031	4803.29	0	0
NM_001349249.1	5094	4866.29	0	0
NM_001349250.2	6498	6270.29	0	0
NM_001349251.2	6414	6186.29	7.08611e-08	5.15489e-10
NM_001349252.2	6502	6274.29	0	0
NM_001349253.2	6793	6565.29	0	0
NM_001349256.2	3625	3397.29	0	0
NM_001349257.2	5234	5006.29	0	0
NM_001349258.2	5228	5000.29	0	0
NM_001349259.2	5295	5067.29	0	0
NM_001349260.2	5128	4900.29	0	0
NM_001349261.2	5196	4968.29	0	0
NM_001349262.2	4957	4729.29	34.1284	0.32476
NM_001349263.2	6466	6238.29	115.717	0.834784
NM_001349264.2	6306	6078.29	61.7712	0.457348
NM_001349265.2	6299	6071.29	0	0
NM_001349266.2	6462	6234.29	0	0
NM_001349268.2	6052	5824.29	33.1126	0.255854
NM_001349269.2	6035	5807.29	27.0953	0.209972
NM_001349270.2	5872	5644.29	58.0675	0.462984
NM_001349271.2	5547	5319.29	119.368	1.00989
NM_001349272.1	5333	5105.29	0	0
NM_001349273.2	5364	5136.29	0	0
NM_001349274.2	5225	4997.29	0	0
NM_001349275.2	5600	5372.29	0	0
NM_001349276.2	5909	5681.29	9.44079	0.0747831
NM_001349277.2	7753	7525.29	3.19677e-08	1.91175e-10
NM_001349278.2	7744	7516.29	1843.16	11.0357
NM_001349279.2	6677	6449.29	253.455	1.76861
NM_001349280.1	6312	6084.29	0.0542306	0.000401122
NM_001349281.2	7071	6843.29	58.3469	0.383703
NM_001349282.2	7080	6852.29	0	0
NM_001349283.2	7100	6872.29	283.331	1.85539
NM_001349284.2	1890	1662.29	0	0
NM_001349285.2	1881	1653.29	0	0
NM_001349286.2	3820	3592.29	409.949	5.13571
NM_001349287.2	3445	3217.29	0	0
NM_001349288.2	3281	3053.29	165.982	2.44645
NM_001349289.2	3376	3148.29	22.8574	0.326734
NM_001349290.2	3331	3103.29	16.2698	0.23594
NM_001349291.2	3334	3106.29	0	0
NM_001349292.2	5100	4872.29	0	0
NM_001349293.2	5012	4784.29	0	0
NM_001349294.2	5075	4847.29	0	0
NM_001349295.1	5247	5019.29	2.34665e-07	2.10401e-09
NM_001349296.2	4975	4747.29	0	0
NM_001349297.2	5161	4933.29	28.5669	0.260597
NM_001349298.2	5193	4965.29	22.0157	0.19954
NM_001349299.2	3820	3592.29	409.949	5.13571
NM_001349302.2	3242	3014.29	14.5314	0.216952
NM_001349303.2	2002	1774.29	28.1753	0.714636
NM_001349304.2	3225	2997.29	2.89989e-08	4.35406e-10
NM_001349305.2	3344	3116.29	0	0
NM_001349306.2	3423	3195.29	0.0266548	0.000375412
NM_001349307.2	3267	3039.29	245.396	3.63361
NM_001349308.2	3130	2902.29	813.627	12.6161
NM_001349309.2	3146	2918.29	74.696	1.15189
NM_001349310.2	3104	2876.29	77.7353	1.21626
NM_001349311.2	3368	3140.29	0.267198	0.00382918
NM_001349312.2	3241	3013.29	152.819	2.28234
NM_001349313.2	3350	3122.29	90.0003	1.29722
NM_001349314.2	3120	2892.29	22.8847	0.356078
NM_001349315.2	3439	3211.29	17.8233	0.249776
NM_001349316.2	3920	3692.29	0	0
NM_001349319.2	3937	3709.29	0	0
NM_001349320.2	3939	3711.29	0	0
NM_001349321.2	4033	3805.29	0	0
NM_001349322.2	3696	3468.29	0	0
NM_001349323.2	3844	3616.29	0	0
NM_001349324.2	3846	3618.29	20.4828	0.254758
NM_001349325.2	3940	3712.29	1.95243	0.0236687
NM_001349326.2	4027	3799.29	0	0
NM_001349329.2	6345	6117.29	0	0
NM_001349330.2	6135	5907.29	40.4375	0.308062
NM_001349331.2	4866	4638.29	15.6467	0.151812
NM_001349332.2	4479	4251.29	1053.22	11.1491
NM_001349333.2	5169	4941.29	0	0
NM_001349335.2	2661	2433.29	0	0
NM_001349336.2	1734	1506.29	0	0
NM_001349337.2	6479	6251.29	0	0
NM_001349338.3	7177	6949.29	1.6801e-05	1.08802e-07
NM_001349340.3	7082	6854.29	24.7876	0.162747
NM_001349341.3	7174	6946.29	48.108	0.311678
NM_001349342.3	6500	6272.29	0	0
NM_001349343.3	6497	6269.29	0	0
NM_001349344.3	6389	6161.29	717.014	5.23719
NM_001349345.2	2190	1962.29	0	0
NM_001349346.2	2537	2309.29	33.296	0.648865
NM_001349347.2	2501	2273.29	12.131	0.240151
NM_001349348.2	2449	2221.29	14.5799	0.295386
NM_001349349.1	1730	1502.29	73.4072	2.19901
NM_001349350.2	4413	4185.29	0	0
NM_001349351.2	4422	4194.29	0	0
NM_001349352.2	4172	3944.29	0	0
NM_001349353.2	4176	3948.29	0	0
NM_001349354.2	4185	3957.29	0	0
NM_001349355.2	4234	4006.29	0	0
NM_001349356.2	3957	3729.29	0	0
NM_001349357.2	3753	3525.29	0	0
NM_001349358.2	3916	3688.29	0	0
NM_001349359.2	3743	3515.29	0	0
NM_001349360.2	3758	3530.29	0	0
NM_001349361.2	4180	3952.29	0	0
NM_001349362.2	3971	3743.29	0	0
NM_001349363.2	1584	1356.29	0	0
NM_001349364.2	1495	1267.29	4.05298	0.143926
NM_001349365.2	1444	1216.29	0	0
NM_001349366.2	1355	1127.29	2.32258	0.0927204
NM_001349367.2	1649	1421.29	2.42142	0.0766704
NM_001349368.2	1584	1356.29	70.0724	2.32507
NM_001349369.2	1125	897.293	66.1986	3.32014
NM_001349370.3	8525	8297.29	42.2634	0.229229
NM_001349376.2	3974	3746.29	0	0
NM_001349377.2	3890	3662.29	21.4748	0.263887
NM_001349378.2	4072	3844.29	0	0
NM_001349379.2	12692	12464.3	14.4914	0.0523221
NM_001349380.2	12694	12466.3	8.60044e-07	3.10474e-09
NM_001349381.2	12656	12428.3	92.5504	0.335127
NM_001349382.1	2812	2584.29	34.5338	0.601373
NM_001349383.1	2809	2581.29	24.6849	0.430365
NM_001349384.1	2656	2428.29	50.1697	0.929785
NM_001349385.1	2348	2120.29	2.47665e-07	5.25668e-09
NM_001349386.2	9104	8876.29	0	0
NM_001349387.2	9100	8872.29	0	0
NM_001349388.2	9797	9569.29	0	0
NM_001349389.2	9155	8927.29	0	0
NM_001349390.2	8999	8771.29	0	0
NM_001349391.2	8909	8681.29	0	0
NM_001349392.2	9692	9464.29	0	0
NM_001349393.2	8995	8767.29	0	0
NM_001349394.2	8905	8677.29	0	0
NM_001349395.2	8944	8716.29	2.34959e-07	1.21311e-09
NM_001349396.2	8888	8660.29	0	0
NM_001349397.2	9497	9269.29	0	0
NM_001349398.2	8822	8594.29	0	0
NM_001349399.2	8905	8677.29	0	0
NM_001349400.2	2712	2484.29	0.00130769	2.36889e-05
NM_001349401.2	8800	8572.29	0	0
NM_001349402.2	2614	2386.29	13.8034	0.260318
NM_001349403.2	2608	2380.29	39.7901	0.752293
NM_001349404.2	8605	8377.29	0	0
NM_001349405.2	2510	2282.29	0	0
NM_001349406.2	8883	8655.29	0	0
NM_001349407.2	2834	2606.29	13.5576	0.234099
NM_001349408.2	8988	8760.29	0	0
NM_001349409.2	8828	8600.29	0	0
NM_001349410.2	8640	8412.29	0	0
NM_001349413.1	7406	7178.29	0	0
NM_001349414.1	7388	7160.29	0	0
NM_001349415.1	7343	7115.29	0	0
NM_001349416.1	7360	7132.29	0	0
NM_001349417.1	7451	7223.29	0	0
NM_001349418.1	7497	7269.29	0	0
NM_001349419.1	9121	8893.29	3.85412	0.0195031
NM_001349420.1	7376	7148.29	0	0
NM_001349421.1	7257	7029.29	0	0
NM_001349422.1	7313	7085.29	0	0
NM_001349423.1	7268	7040.29	14.0916	0.0900769
NM_001349424.1	7359	7131.29	0	0
NM_001349425.1	7285	7057.29	86.1186	0.549163
NM_001349426.1	7222	6994.29	0	0
NM_001349428.1	7454	7226.29	0	0
NM_001349429.1	7443	7215.29	0	0
NM_001349432.2	2042	1814.29	0	0
NM_001349434.2	10801	10573.3	0	0
NM_001349436.1	1624	1396.29	18.9229	0.609893
NM_001349437.2	1410	1182.29	6.41453	0.244164
NM_001349438.3	2258	2030.29	17.3198	0.383908
NM_001349439.2	2160	1932.29	79.4849	1.8512
NM_001349440.2	2704	2476.29	0	0
NM_001349441.2	2559	2331.29	41.8104	0.807105
NM_001349442.2	2317	2089.29	45.2249	0.974137
NM_001349447.1	1914	1686.29	194.407	5.18825
NM_001349448.1	2024	1796.29	155.06	3.88478
NM_001349449.1	1997	1769.29	20.8603	0.530594
NM_001349450.1	2110	1882.29	0	0
NM_001349451.2	7228	7000.29	218.383	1.40393
NM_001349454.2	1949	1721.29	0	0
NM_001349455.2	1935	1707.29	0	0
NM_001349456.2	1842	1614.29	0	0
NM_001349457.2	2043	1815.29	0	0
NM_001349458.2	1875	1647.29	0	0
NM_001349459.2	1801	1573.29	0	0
NM_001349460.2	2118	1890.29	0	0
NM_001349461.2	1801	1573.29	0	0
NM_001349462.2	1894	1666.29	0	0
NM_001349463.2	1592	1364.29	15.5842	0.514066
NM_001349464.2	1717	1489.29	0.452647	0.013678
NM_001349465.2	1858	1630.29	11.916	0.328933
NM_001349476.1	3041	2813.29	0	0
NM_001349477.1	2999	2771.29	0	0
NM_001349478.1	2921	2693.29	0	0
NM_001349479.1	2870	2642.29	0	0
NM_001349480.1	7685	7457.29	4.15371	0.0250667
NM_001349485.2	1092	864.293	151.34	7.88018
NM_001349486.2	1225	997.293	77.8203	3.51166
NM_001349487.2	946	718.293	40.5898	2.54306
NM_001349488.2	3068	2840.29	27.7521	0.439718
NM_001349489.2	3157	2929.29	0	0
NM_001349490.2	2969	2741.29	0	0
NM_001349491.2	2814	2586.29	0	0
NM_001349492.2	3035	2807.29	34.3942	0.551366
NM_001349493.2	3032	2804.29	145.671	2.33771
NM_001349494.2	2953	2725.29	0	0
NM_001349495.2	2950	2722.29	38.6775	0.63939
NM_001349496.2	2950	2722.29	0	0
NM_001349497.2	2947	2719.29	60.4773	1.00087
NM_001349498.1	3088	2860.29	13.867	0.21818
NM_001349499.2	2938	2710.29	172.559	2.86525
NM_001349500.2	2899	2671.29	0	0
NM_001349501.2	2890	2662.29	0	0
NM_001349502.2	2887	2659.29	0	0
NM_001349503.2	3065	2837.29	0	0
NM_001349504.2	3031	2803.29	0	0
NM_001349506.2	3065	2837.29	0	0
NM_001349507.2	3031	2803.29	11.9145	0.19127
NM_001349508.2	3062	2834.29	0	0
NM_001349509.2	3028	2800.29	0	0
NM_001349510.2	3020	2792.29	0	0
NM_001349511.2	3017	2789.29	0	0
NM_001349512.2	2983	2755.29	0	0
NM_001349513.2	3191	2963.29	0	0
NM_001349514.2	2983	2755.29	0	0
NM_001349515.2	2980	2752.29	0	0
NM_001349516.2	2980	2752.29	0	0
NM_001349517.2	2980	2752.29	0	0
NM_001349518.2	3011	2783.29	0	0
NM_001349519.2	2971	2743.29	83.5376	1.37042
NM_001349520.2	3005	2777.29	0	0
NM_001349521.2	3154	2926.29	26.2389	0.403525
NM_001349522.2	2932	2704.29	0	0
NM_001349524.2	2963	2735.29	0	0
NM_001349525.2	2749	2521.29	0	0
NM_001349526.2	2712	2484.29	126.073	2.28381
NM_001349527.2	2968	2740.29	0	0
NM_001349528.2	3224	2996.29	0	0
NM_001349529.2	3190	2962.29	0	0
NM_001349530.2	3187	2959.29	0	0
NM_001349531.2	3187	2959.29	0	0
NM_001349532.2	2652	2424.29	0	0
NM_001349533.2	2782	2554.29	0	0
NM_001349534.2	2748	2520.29	0	0
NM_001349535.2	2745	2517.29	0	0
NM_001349536.2	2779	2551.29	0	0
NM_001349537.2	2745	2517.29	0	0
NM_001349538.2	2779	2551.29	0	0
NM_001349539.2	2742	2514.29	0	0
NM_001349540.2	2776	2548.29	0	0
NM_001349541.2	2908	2680.29	3.30272e-06	5.54538e-08
NM_001349542.2	2957	2729.29	203.938	3.36272
NM_001349543.2	2796	2568.29	1.06836e-06	1.87204e-08
NM_001349544.2	2951	2723.29	3.65925e-08	6.047e-10
NM_001349547.2	8729	8501.29	0	0
NM_001349548.2	4876	4648.29	119.469	1.15666
NM_001349549.2	5175	4947.29	53.5927	0.487507
NM_001349550.2	4970	4742.29	1.36109	0.0129164
NM_001349551.2	5163	4935.29	5.20919	0.0475007
NM_001349552.2	5170	4942.29	35.8312	0.326269
NM_001349553.2	5247	5019.29	6.13815e-05	5.50348e-07
NM_001349554.2	5158	4930.29	58.3072	0.532221
NM_001349556.2	4988	4760.29	0	0
NM_001349558.2	5282	5054.29	0	0
NM_001349559.2	4789	4561.29	0	0
NM_001349560.2	4683	4455.29	0	0
NM_001349561.2	4680	4452.29	0	0
NM_001349562.2	4962	4734.29	0	0
NM_001349563.2	4882	4654.29	0	0
NM_001349568.2	1480	1252.29	0	0
NM_001349608.2	8244	8016.29	0	0
NM_001349609.2	7965	7737.29	0	0
NM_001349610.2	7990	7762.29	0	0
NM_001349612.2	7926	7698.29	0	0
NM_001349613.1	5420	5192.29	0	0
NM_001349614.1	5701	5473.29	0	0
NM_001349615.2	5472	5244.29	0	0
NM_001349616.2	5503	5275.29	0	0
NM_001349617.1	5676	5448.29	0	0
NM_001349618.2	5482	5254.29	0	0
NM_001349619.2	5164	4936.29	0	0
NM_001349620.1	5393	5165.29	0	0
NM_001349621.1	5362	5134.29	0	0
NM_001349622.2	5133	4905.29	0	0
NM_001349623.1	5341	5113.29	0	0
NM_001349624.3	5112	4884.29	0	0
NM_001349625.2	5372	5144.29	0	0
NM_001349626.2	5143	4915.29	0	0
NM_001349627.2	607	381.611	15.055	1.77542
NM_001349632.1	8351	8123.29	0.00144081	7.98208e-06
NM_001349633.1	8126	7898.29	41.1201	0.234295
NM_001349634.1	8032	7804.29	19.3683	0.111686
NM_001349635.1	7708	7480.29	0	0
NM_001349636.2	3520	3292.29	98.8382	1.35104
NM_001349637.2	3881	3653.29	0	0
NM_001349638.2	3340	3112.29	12.7426	0.184255
NM_001349639.2	2940	2712.29	0	0
NM_001349646.2	5412	5184.29	158.842	1.37885
NM_001349647.2	5142	4914.29	0.844478	0.00773339
NM_001349648.2	5574	5346.29	6.89488e-07	5.80385e-09
NM_001349649.2	5622	5394.29	88.7319	0.740265
NM_001349650.2	5700	5472.29	27.5691	0.226723
NM_001349651.2	5821	5593.29	0	0
NM_001349652.2	5654	5426.29	0	0
NM_001349653.2	5583	5355.29	3.60098	0.0302608
NM_001349654.2	5607	5379.29	6.48577	0.0542598
NM_001349655.2	3167	2939.29	6.07352e-06	9.29908e-08
NM_001349657.2	5048	4820.29	14.2753	0.133277
NM_001349658.2	5259	5031.29	0	0
NM_001349659.2	5736	5508.29	1.15874e-07	9.46694e-10
NM_001349660.2	5851	5623.29	0.491672	0.00393484
NM_001349661.2	5535	5307.29	1.05662	0.00895956
NM_001349662.2	5656	5428.29	25.9189	0.21488
NM_001349663.2	4774	4546.29	0	0
NM_001349664.2	5348	5120.29	1.21861	0.0107105
NM_001349665.2	4925	4697.29	0	0
NM_001349666.2	5441	5213.29	4.36267	0.0376602
NM_001349667.2	5203	4975.29	5.42255	0.0490486
NM_001349668.2	5402	5174.29	0.151667	0.00131911
NM_001349669.2	5519	5291.29	1.19011	0.0101221
NM_001349670.2	5231	5003.29	21.7307	0.195461
NM_001349671.2	5299	5071.29	19.6257	0.17416
NM_001349672.2	5113	4885.29	33.7701	0.311089
NM_001349679.2	3256	3028.29	0	0
NM_001349682.2	2414	2186.29	8.40776	0.173067
NM_001349683.2	2156	1928.29	168.775	3.93893
NM_001349685.2	2126	1898.29	39.2271	0.929962
NM_001349686.2	2102	1874.29	49.7826	1.19532
NM_001349687.2	2129	1901.29	197.601	4.67716
NM_001349688.2	2141	1913.29	3.91603e-06	9.21101e-08
NM_001349689.2	2159	1931.29	386.853	9.01447
NM_001349704.2	4994	4766.29	227.803	2.1509
NM_001349711.2	2846	2618.29	0	0
NM_001349712.2	2847	2619.29	7.43662e-08	1.27771e-09
NM_001349713.2	2724	2496.29	19.1341	0.344948
NM_001349714.2	2636	2408.29	6.91955	0.129304
NM_001349715.2	2620	2392.29	0	0
NM_001349716.2	2599	2371.29	0	0
NM_001349717.2	2507	2279.29	0	0
NM_001349723.3	2651	2423.29	40.1681	0.745963
NM_001349724.2	2922	2694.29	49.5678	0.827936
NM_001349725.2	2479	2251.29	403.598	8.06788
NM_001349726.2	1865	1637.29	0	0
NM_001349727.2	4851	4623.29	0	0
NM_001349729.2	2609	2381.29	131.008	2.47588
NM_001349732.2	4680	4452.29	104.893	1.06024
NM_001349733.2	4088	3860.29	27.6924	0.322837
NM_001349734.2	4016	3788.29	0	0
NM_001349735.2	3968	3740.29	41.5601	0.50005
NM_001349736.2	4064	3836.29	0	0
NM_001349740.2	5831	5603.29	158.491	1.27293
NM_001349741.2	2923	2695.29	326.195	5.44645
NM_001349742.2	2866	2638.29	62.8431	1.07196
NM_001349743.2	2561	2333.29	23.6674	0.456481
NM_001349744.2	2978	2750.29	737.215	12.0631
NM_001349745.2	2786	2558.29	10.0149	0.176173
NM_001349746.2	2753	2525.29	28.2352	0.503178
NM_001349748.3	4603	4375.29	0	0
NM_001349749.3	4669	4441.29	0	0
NM_001349750.3	4267	4039.29	0	0
NM_001349751.3	4473	4245.29	0	0
NM_001349752.3	4201	3973.29	0	0
NM_001349753.2	4719	4491.29	0	0
NM_001349757.2	4884	4656.29	131.151	1.26758
NM_001349758.2	4948	4720.29	35.6335	0.339728
NM_001349759.2	4885	4657.29	2.58957e-07	2.50228e-09
NM_001349761.2	4894	4666.29	193.221	1.86348
NM_001349762.2	4841	4613.29	131.866	1.28637
NM_001349763.2	4898	4670.29	0	0
NM_001349764.2	4855	4627.29	38.6248	0.375649
NM_001349765.2	4845	4617.29	0	0
NM_001349766.2	4912	4684.29	0.0159106	0.000152856
NM_001349767.2	4965	4737.29	0.951839	0.00904223
NM_001349768.2	4902	4674.29	63.0788	0.607309
NM_001349769.2	4956	4728.29	0	0
NM_001349770.2	4955	4727.29	0.238776	0.00227311
NM_001349771.2	4916	4688.29	333.096	3.1974
NM_001349772.2	3876	3648.29	1.49221	0.018407
NM_001349773.2	3444	3216.29	258.935	3.62307
NM_001349774.2	3218	2990.29	4.25352	0.0640143
NM_001349775.2	2957	2729.29	192.646	3.17652
NM_001349776.2	3086	2858.29	23.3377	0.367446
NM_001349777.2	3211	2983.29	8.22071	0.12401
NM_001349778.2	3158	2930.29	17.9278	0.275334
NM_001349779.2	2897	2669.29	896.316	15.1115
NM_001349780.2	3151	2923.29	33.7016	0.518825
NM_001349784.2	6118	5890.29	22.9129	0.175059
NM_001349793.2	1559	1331.29	0	0
NM_001349794.2	1972	1744.29	0	0
NM_001349795.2	1967	1739.29	0	0
NM_001349798.2	5639	5411.29	0	0
NM_001349799.3	2258	2030.29	7.84349	0.173857
NM_001349800.3	2183	1955.29	12.1629	0.279942
NM_001349801.3	2100	1872.29	0	0
NM_001349802.3	2129	1901.29	0	0
NM_001349803.3	1977	1749.29	40.9808	1.05429
NM_001349804.2	1695	1467.29	0	0
NM_001349805.2	2582	2354.29	30.641	0.585713
NM_001349806.2	2811	2583.29	0	0
NM_001349807.2	2757	2529.29	14.2952	0.25435
NM_001349808.2	2808	2580.29	0	0
NM_001349809.2	3147	2919.29	129.274	1.99286
NM_001349810.2	3972	3744.29	0	0
NM_001349811.2	8845	8617.29	1.07742e-08	5.62676e-11
NM_001349821.2	2123	1895.29	33.8683	0.80419
NM_001349822.2	2045	1817.29	0	0
NM_001349823.2	2125	1897.29	0	0
NM_001349828.2	2842	2614.29	135.383	2.33052
NM_001349838.2	2755	2527.29	298.686	5.31866
NM_001349839.2	11236	11008.3	190.172	0.777442
NM_001349840.2	11188	10960.3	404.146	1.65943
NM_001349845.2	2870	2642.29	0.00474463	8.08097e-05
NM_001349847.2	3041	2813.29	125.814	2.0126
NM_001349848.2	2916	2688.29	0	0
NM_001349850.2	2952	2724.29	0	0
NM_001349851.2	3812	3584.29	49.7143	0.624194
NM_001349852.2	3848	3620.29	34.994	0.435003
NM_001349853.2	2776	2548.29	78.5604	1.38738
NM_001349859.1	2973	2745.29	140.252	2.29912
NM_001349862.1	2970	2742.29	21.4772	0.352457
NM_001349864.2	3295	3067.29	0	0
NM_001349865.2	3133	2905.29	0	0
NM_001349866.2	3013	2785.29	0	0
NM_001349867.2	3310	3082.29	22.786	0.332687
NM_001349868.2	2987	2759.29	0	0
NM_001349869.2	3148	2920.29	0	0
NM_001349870.2	3756	3528.29	28.2215	0.359963
NM_001349871.1	3288	3060.29	30.0655	0.442127
NM_001349874.2	2719	2491.29	0	0
NM_001349875.2	2641	2413.29	0	0
NM_001349876.2	2638	2410.29	0	0
NM_001349877.1	5208	4980.29	0	0
NM_001349878.1	5116	4888.29	0	0
NM_001349881.2	2143	1915.29	0	0
NM_001349882.2	2056	1828.29	14.7392	0.362802
NM_001349884.2	2098	1870.29	0	0
NM_001349885.2	1927	1699.29	17.4623	0.462462
NM_001349886.2	1986	1758.29	0	0
NM_001349887.2	1820	1592.29	21.6189	0.611016
NM_001349888.2	2031	1803.29	0	0
NM_001349889.2	1792	1564.29	0	0
NM_001349890.2	1958	1730.29	0	0
NM_001349891.2	2126	1898.29	30.5335	0.723862
NM_001349892.2	1916	1688.29	40.8799	1.08969
NM_001349893.2	2003	1775.29	0	0
NM_001349896.1	5055	4827.29	0	0
NM_001349898.2	5194	4966.29	0	0
NM_001349899.2	4995	4767.29	0	0
NM_001349900.2	5120	4892.29	0	0
NM_001349901.1	5109	4881.29	0	0
NM_001349902.1	4813	4585.29	0	0
NM_001349903.2	4824	4596.29	0	0
NM_001349904.2	4129	3901.29	7.19002	0.08294
NM_001349905.1	4118	3890.29	10.2798	0.118917
NM_001349911.2	2222	1994.29	1.80235	0.0406717
NM_001349912.2	1724	1496.29	42.3723	1.27441
NM_001349913.2	2825	2597.29	0	0
NM_001349914.2	2886	2658.29	1.6715e-08	2.82973e-10
NM_001349915.2	2661	2433.29	0	0
NM_001349916.2	3249	3021.29	0	0
NM_001349920.2	2815	2587.29	0	0
NM_001349921.2	595	369.951	5.87694	0.714908
NM_001349922.2	782	554.487	431.42	35.0147
NM_001349923.1	3502	3274.29	0	0
NM_001349928.2	5947	5719.29	36.7427	0.289115
NM_001349931.2	8144	7916.29	298.531	1.69711
NM_001349933.1	8066	7838.29	36.2967	0.208395
NM_001349934.2	8297	8069.29	3.0114	0.0167948
NM_001349935.2	8432	8204.29	993.622	5.45032
NM_001349936.2	8184	7956.29	6.10629	0.0345389
NM_001349937.2	8013	7785.29	58.8293	0.340064
NM_001349940.2	4665	4437.29	0	0
NM_001349941.2	4896	4668.29	64.784	0.624528
NM_001349942.2	5064	4836.29	68.6279	0.638603
NM_001349945.2	6063	5835.29	397.006	3.0618
NM_001349946.2	473	255.047	38.4286	6.78074
NM_001349947.2	584	359.207	215.244	26.9667
NM_001349955.1	6529	6301.29	0	0
NM_001349956.2	1643	1415.29	7.04577	0.224039
NM_001349962.2	8731	8503.29	143.229	0.758027
NM_001349963.2	8567	8339.29	137.862	0.743973
NM_001349968.1	3358	3130.29	0	0
NM_001349969.2	3257	3029.29	0	0
NM_001349970.2	3236	3008.29	0	0
NM_001349971.2	3134	2906.29	0	0
NM_001349972.1	3113	2885.29	0	0
NM_001349973.1	3124	2896.29	11.1386	0.173074
NM_001349974.2	2997	2769.29	59.9462	0.974171
NM_001349975.2	4817	4589.29	0	0
NM_001349976.2	4284	4056.29	0	0
NM_001349977.2	4508	4280.29	0	0
NM_001349978.2	4692	4464.29	3.14007	0.031654
NM_001349979.2	4400	4172.29	0	0
NM_001349980.2	4505	4277.29	0	0
NM_001349981.2	4383	4155.29	12.8372	0.139031
NM_001349982.2	6724	6496.29	0	0
NM_001349983.2	6878	6650.29	0.268905	0.0018197
NM_001349989.2	6704	6476.29	3.65506e-06	2.53986e-08
NM_001349990.2	6692	6464.29	4.50893e-06	3.13902e-08
NM_001349991.2	6736	6508.29	1.07742e-07	7.45008e-10
NM_001349992.2	6664	6436.29	1.19348e-06	8.34493e-09
NM_001349994.2	6652	6424.29	1.43361e-06	1.00427e-08
NM_001349995.2	6571	6343.29	0	0
NM_001349996.2	6692	6464.29	0.00236344	1.64538e-05
NM_001349997.2	6861	6633.29	431.241	2.92572
NM_001349998.2	6890	6662.29	62.7265	0.423711
NM_001349999.2	7212	6984.29	2.56019e-05	1.64965e-07
NM_001350.5	2555	2327.29	949.063	18.3521
NM_001350001.2	9364	9136.29	0	0
NM_001350003.2	2395	2167.29	5.48593	0.113913
NM_001350004.2	2511	2283.29	50.2865	0.991134
NM_001350005.2	2392	2164.29	0.615992	0.0128086
NM_001350006.2	2305	2077.29	1.37291	0.0297432
NM_001350007.2	2398	2170.29	3.73553	0.0774597
NM_001350008.2	2338	2110.29	0.667172	0.0142278
NM_001350009.2	2431	2203.29	1.9404	0.0396335
NM_001350010.2	2179	1951.29	6.75991	0.155905
NM_001350011.2	2183	1955.29	3.9436	0.0907659
NM_001350012.2	2425	2197.29	0.313262	0.00641596
NM_001350013.2	2422	2194.29	0.221485	0.00454247
NM_001350014.2	2428	2200.29	1.41085	0.0288565
NM_001350015.2	2176	1948.29	4.95016	0.114342
NM_001350016.2	2326	2098.29	0	0
NM_001350017.2	2419	2191.29	4.86272e-08	9.98668e-10
NM_001350021.2	9387	9159.29	0	0
NM_001350022.2	9469	9241.29	0	0
NM_001350024.2	2061	1833.29	4.08754	0.10034
NM_001350025.2	1980	1752.29	5.07448	0.130325
NM_001350027.2	1971	1743.29	53.3765	1.37791
NM_001350039.2	3037	2809.29	393.423	6.30239
NM_001350040.2	2587	2359.29	15.8415	0.302173
NM_001350041.2	2536	2308.29	206.367	4.02338
NM_001350042.2	2975	2747.29	0.000818557	1.34087e-05
NM_001350043.2	2954	2726.29	281.909	4.65349
NM_001350044.2	2841	2613.29	1.44012	0.0248001
NM_001350045.2	2924	2696.29	0.000507544	8.47127e-06
NM_001350046.2	2903	2675.29	221.129	3.71977
NM_001350047.2	2453	2225.29	134.149	2.71295
NM_001350048.2	2950	2722.29	88.0799	1.45608
NM_001350055.2	2004	1776.29	17.9672	0.455205
NM_001350062.2	6898	6670.29	4.25342e-07	2.8697e-09
NM_001350063.2	7132	6904.29	6.55424	0.0427214
NM_001350064.2	7480	7252.29	0.000183471	1.13851e-06
NM_001350065.2	7649	7421.29	30.0525	0.18224
NM_001350068.2	3374	3146.29	29.6326	0.423851
NM_001350069.2	4570	4342.29	69.5428	0.720734
NM_001350070.2	4821	4593.29	99.4013	0.97389
NM_001350072.2	1939	1711.29	27.5011	0.723217
NM_001350073.2	2206	1978.29	32.2256	0.733082
NM_001350074.2	7937	7709.29	0	0
NM_001350075.2	7781	7553.29	26.8362	0.159892
NM_001350076.2	7935	7707.29	0	0
NM_001350077.2	7987	7759.29	0	0
NM_001350078.2	7938	7710.29	0	0
NM_001350079.2	7818	7590.29	0	0
NM_001350082.2	6822	6594.29	55.1084	0.37609
NM_001350083.2	6886	6658.29	21.7355	0.146909
NM_001350084.2	6569	6341.29	0.000162276	1.15165e-06
NM_001350085.2	6642	6414.29	30.5326	0.214218
NM_001350095.2	5453	5225.29	0	0
NM_001350099.2	8096	7868.29	0	0
NM_001350100.2	7798	7570.29	47.879	0.284626
NM_001350102.2	3185	2957.29	602.05	9.16179
NM_001350103.2	3720	3492.29	189.894	2.44705
NM_001350104.2	3007	2779.29	152.828	2.47463
NM_001350105.2	9704	9476.29	0	0
NM_001350106.2	9885	9657.29	30.7187	0.143149
NM_001350110.2	4260	4032.29	644.232	7.19006
NM_001350111.2	4125	3897.29	463.059	5.34706
NM_001350112.2	4120	3892.29	0	0
NM_001350113.2	2601	2373.29	0	0
NM_001350114.2	2569	2341.29	0	0
NM_001350115.2	2520	2292.29	0	0
NM_001350116.1	2189	1961.29	0	0
NM_001350120.2	4775	4547.29	17.8505	0.17666
NM_001350121.2	4962	4734.29	382.396	3.63497
NM_001350122.2	5576	5348.29	0	0
NM_001350123.2	5332	5104.29	0	0
NM_001350124.2	5434	5206.29	0	0
NM_001350125.2	5411	5183.29	0	0
NM_001350128.2	1634	1406.29	0	0
NM_001350129.2	1752	1524.29	63.9466	1.88795
NM_001350130.2	1765	1537.29	146.766	4.29647
NM_001350131.2	1590	1362.29	12.5519	0.41465
NM_001350134.2	6460	6232.29	655.758	4.7352
NM_001350135.2	6121	5893.29	237.352	1.8125
NM_001350136.2	6324	6096.29	190.652	1.4074
NM_001350137.2	6257	6029.29	53.6534	0.400473
NM_001350138.2	7428	7200.29	1282.55	8.01614
NM_001350139.2	7442	7214.29	0	0
NM_001350140.2	6673	6445.29	0	0
NM_001350141.2	3658	3430.29	3.40131	0.0446228
NM_001350142.2	3596	3368.29	23.9063	0.319407
NM_001350143.2	3040	2812.29	0	0
NM_001350144.2	3307	3079.29	17.0813	0.249639
NM_001350145.3	8621	8393.29	21.47	0.115118
NM_001350151.2	3514	3286.29	0	0
NM_001350154.3	2607	2379.29	0	0
NM_001350155.3	2492	2264.29	3	0.0596253
NM_001350158.2	6072	5844.29	238.487	1.83643
NM_001350159.2	6172	5944.29	211.822	1.60367
NM_001350160.2	6148	5920.29	59.4965	0.452262
NM_001350161.2	6076	5848.29	324.425	2.49647
NM_001350162.2	11476	11248.3	2	0.00800176
NM_001350164.2	4218	3990.29	8.75841	0.0987785
NM_001350166.2	4413	4185.29	251.408	2.7033
NM_001350167.2	4416	4188.29	382.199	4.10672
NM_001350168.2	4416	4188.29	254.988	2.73984
NM_001350173.2	2127	1899.29	23.3912	0.554246
NM_001350174.1	2621	2393.29	0	0
NM_001350175.2	2448	2220.29	79.3606	1.60856
NM_001350177.2	2651	2423.29	8.0631	0.14974
NM_001350178.1	2679	2451.29	35.8313	0.657824
NM_001350179.1	2652	2424.29	41.1338	0.763582
NM_001350180.2	2036	1808.29	23.108	0.57509
NM_001350181.2	2203	1975.29	22.174	0.50519
NM_001350182.2	2206	1978.29	0	0
NM_001350183.2	2180	1952.29	79.1797	1.8252
NM_001350184.2	2226	1998.29	0	0
NM_001350194.2	3510	3282.29	0	0
NM_001350195.2	3994	3766.29	72.4217	0.865361
NM_001350197.2	7795	7567.29	395.979	2.35491
NM_001350198.2	7805	7577.29	0	0
NM_001350204.2	7645	7417.29	0.127103	0.000771172
NM_001350205.2	2352	2124.29	2.35163e-07	4.98191e-09
NM_001350206.2	2885	2657.29	2.23724e-05	3.78892e-07
NM_001350208.2	3844	3616.29	23.243	0.289248
NM_001350209.2	3834	3606.29	0	0
NM_001350210.2	3633	3405.29	215.899	2.85324
NM_001350211.2	1396	1168.29	0	0
NM_001350212.2	719	491.852	23.6808	2.16673
NM_001350213.2	2506	2278.29	78.7315	1.55518
NM_001350214.2	8005	7777.29	0	0
NM_001350215.2	7779	7551.29	24.7541	0.147526
NM_001350216.3	27113	26885.3	30.9726	0.0518449
NM_001350217.2	10749	10521.3	0	0
NM_001350218.2	10164	9936.29	0	0
NM_001350219.2	5934	5706.29	88.2612	0.696078
NM_001350220.2	6222	5994.29	0.01515	0.000113741
NM_001350221.2	6084	5856.29	0.00774526	5.9519e-05
NM_001350223.1	2262	2034.29	0	0
NM_001350224.2	4745	4517.29	181.064	1.80383
NM_001350225.2	4744	4516.29	67.0332	0.66796
NM_001350226.2	4741	4513.29	0	0
NM_001350227.2	3891	3663.29	22.3121	0.274102
NM_001350228.1	4343	4115.29	0	0
NM_001350233.2	2845	2617.29	83.3404	1.433
NM_001350234.2	5515	5287.29	52.2521	0.444747
NM_001350235.1	5073	4845.29	64.7161	0.601083
NM_001350236.2	5448	5220.29	21.4314	0.184755
NM_001350237.2	1998	1770.29	256.343	6.51657
NM_001350238.2	1707	1479.29	0	0
NM_001350239.2	1672	1444.29	0	0
NM_001350240.2	1667	1439.29	0	0
NM_001350241.2	1725	1497.29	0	0
NM_001350242.2	1661	1433.29	0	0
NM_001350246.2	2790	2562.29	32.8495	0.576955
NM_001350247.2	2678	2450.29	85.0362	1.56181
NM_001350248.2	2677	2449.29	133.267	2.44863
NM_001350249.2	2594	2366.29	256.891	4.88565
NM_001350251.2	3051	2823.29	201.786	3.21645
NM_001350253.1	5854	5626.29	116.717	0.933589
NM_001350254.1	5423	5195.29	78.6672	0.681437
NM_001350261.2	4793	4565.29	45.8408	0.451883
NM_001350262.2	4740	4512.29	35.2128	0.351193
NM_001350263.2	4589	4361.29	614.144	6.3372
NM_001350264.2	4923	4695.29	31.144	0.298507
NM_001350265.2	4971	4743.29	14.8223	0.14063
NM_001350266.2	4768	4540.29	51.2028	0.507518
NM_001350268.2	6015	5787.29	39.92	0.310426
NM_001350269.2	5547	5319.29	0	0
NM_001350270.1	5578	5350.29	27.4715	0.231072
NM_001350283.2	2367	2139.29	261.262	5.49603
NM_001350293.1	1468	1240.29	39.561	1.43544
NM_001350294.2	1604	1376.29	58.1736	1.9022
NM_001350295.2	1694	1466.29	48.4933	1.48834
NM_001350296.2	1969	1741.29	27.9648	0.722739
NM_001350299.2	4502	4274.29	767.537	8.08123
NM_001350300.2	1172	944.293	0	0
NM_001350301.2	4437	4209.29	20.768	0.222039
NM_001350302.2	4346	4118.29	0.408572	0.00446471
NM_001350303.2	4233	4005.29	62.6673	0.704123
NM_001350304.2	4170	3942.29	462.689	5.2818
NM_001350305.2	4183	3955.29	771.328	8.77612
NM_001350306.2	4136	3908.29	0.0314989	0.000362703
NM_001350307.2	3975	3747.29	23.8892	0.286897
NM_001350308.2	3921	3693.29	31.3189	0.381623
NM_001350309.1	3878	3650.29	30.3695	0.374414
NM_001350310.2	3887	3659.29	0.000967359	1.18969e-05
NM_001350311.2	3606	3378.29	0	0
NM_001350312.2	3619	3391.29	0	0
NM_001350313.2	3572	3344.29	0	0
NM_001350314.2	3483	3255.29	0	0
NM_001350315.2	3496	3268.29	0	0
NM_001350317.3	2651	2423.29	0	0
NM_001350319.2	3045	2817.29	6.28918	0.100463
NM_001350320.2	3464	3236.29	8.73326	0.121443
NM_001350324.2	4282	4054.29	0	0
NM_001350325.2	4205	3977.29	35.7387	0.404383
NM_001350326.2	4292	4064.29	0	0
NM_001350327.2	4126	3898.29	0	0
NM_001350329.2	4203	3975.29	0	0
NM_001350331.2	5540	5312.29	0.779479	0.00660335
NM_001350332.2	5822	5594.29	143.275	1.15257
NM_001350333.2	5675	5447.29	18.6034	0.153693
NM_001350334.2	3448	3220.29	25.4921	0.356249
NM_001350335.2	2294	2066.29	99.1882	2.16028
NM_001350336.2	3420	3192.29	11.8644	0.167257
NM_001350337.2	1501	1273.29	1052.74	37.2078
NM_001350338.2	4357	4129.29	0	0
NM_001350339.2	7556	7328.29	24.9133	0.152993
NM_001350340.2	7457	7229.29	346.769	2.15867
NM_001350392.2	7214	6986.29	121.548	0.782966
NM_001350393.1	814	586.487	0	0
NM_001350394.2	1638	1410.29	0	0
NM_001350395.2	1769	1541.29	24.0212	0.701377
NM_001350396.2	1810	1582.29	57.8687	1.64588
NM_001350397.2	6474	6246.29	336.083	2.4214
NM_001350398.2	5153	4925.29	0	0
NM_001350399.2	5201	4973.29	0	0
NM_001350400.2	5060	4832.29	0	0
NM_001350401.2	5057	4829.29	0	0
NM_001350402.1	1937	1709.29	4.44315	0.116981
NM_001350403.2	6539	6311.29	0	0
NM_001350404.2	6678	6450.29	0	0
NM_001350405.2	6848	6620.29	0	0
NM_001350406.2	6379	6151.29	0	0
NM_001350407.2	6448	6220.29	0	0
NM_001350408.2	6747	6519.29	0	0
NM_001350409.2	6343	6115.29	0	0
NM_001350410.2	6642	6414.29	0	0
NM_001350411.1	2573	2345.29	2.34972	0.0450881
NM_001350412.1	2495	2267.29	0	0
NM_001350413.1	2576	2348.29	0	0
NM_001350414.2	5661	5433.29	0	0
NM_001350415.2	5757	5529.29	0	0
NM_001350416.2	5706	5478.29	20.3546	0.167209
NM_001350417.2	5187	4959.29	0	0
NM_001350418.2	5679	5451.29	0	0
NM_001350419.2	4959	4731.29	0	0
NM_001350420.2	5814	5586.29	0	0
NM_001350421.2	5716	5488.29	0	0
NM_001350422.2	5184	4956.29	0	0
NM_001350423.2	5448	5220.29	0	0
NM_001350424.2	5203	4975.29	0	0
NM_001350425.2	5658	5430.29	0	0
NM_001350426.2	5034	4806.29	0	0
NM_001350427.2	5112	4884.29	0	0
NM_001350428.2	5275	5047.29	0	0
NM_001350429.2	5478	5250.29	0	0
NM_001350430.2	5272	5044.29	0	0
NM_001350431.2	5796	5568.29	0	0
NM_001350432.2	5022	4794.29	5.4211	0.0508868
NM_001350433.2	5787	5559.29	0	0
NM_001350434.2	5262	5034.29	0	0
NM_001350435.2	5649	5421.29	0	0
NM_001350436.2	5892	5664.29	0	0
NM_001350437.2	5800	5572.29	0	0
NM_001350438.2	5367	5139.29	0	0
NM_001350439.2	5631	5403.29	0	0
NM_001350440.2	5031	4803.29	0	0
NM_001350441.2	5628	5400.29	0	0
NM_001350442.2	5370	5142.29	0	0
NM_001350443.2	5601	5373.29	0	0
NM_001350444.2	5475	5247.29	0	0
NM_001350445.2	5268	5040.29	0	0
NM_001350446.2	5886	5658.29	0	0
NM_001350447.2	5547	5319.29	0	0
NM_001350448.2	5703	5475.29	0	0
NM_001350449.2	5094	4866.29	0	0
NM_001350450.2	5200	4972.29	0	0
NM_001350451.2	3163	2935.29	0	0
NM_001350452.2	2274	2046.29	0	0
NM_001350453.2	2982	2754.29	0	0
NM_001350454.2	5610	5382.29	0	0
NM_001350455.2	4962	4734.29	0	0
NM_001350456.2	5883	5655.29	0	0
NM_001350457.2	5640	5412.29	0	0
NM_001350458.2	5709	5481.29	0	0
NM_001350459.2	5719	5491.29	0	0
NM_001350460.2	5580	5352.29	0	0
NM_001350461.2	5461	5233.29	0	0
NM_001350462.2	5690	5462.29	0	0
NM_001350463.2	5416	5188.29	0	0
NM_001350464.2	5419	5191.29	0	0
NM_001350465.2	4903	4675.29	0	0
NM_001350466.2	5422	5194.29	1.41822	0.0122874
NM_001350467.2	5338	5110.29	0	0
NM_001350468.2	5263	5035.29	0	0
NM_001350469.2	5491	5263.29	0	0
NM_001350470.2	5166	4938.29	0	0
NM_001350471.2	5671	5443.29	0	0
NM_001350472.2	5085	4857.29	0	0
NM_001350473.2	5088	4860.29	0	0
NM_001350474.2	5451	5223.29	0	0
NM_001350475.2	2676	2448.29	0	0
NM_001350476.2	2611	2383.29	2396.16	45.246
NM_001350477.3	2629	2401.29	4144.02	77.6638
NM_001350478.2	2694	2466.29	137.441	2.50792
NM_001350479.2	2784	2556.29	98.9221	1.74151
NM_001350480.2	2781	2553.29	119.48	2.1059
NM_001350481.2	2674	2446.29	25.5226	0.469525
NM_001350482.2	2626	2398.29	409.233	7.6791
NM_001350483.2	2608	2380.29	186.322	3.5227
NM_001350484.2	2688	2460.29	0	0
NM_001350485.2	2605	2377.29	302.498	5.7264
NM_001350486.1	3158	2930.29	282.062	4.33187
NM_001350487.2	4200	3972.29	36.408	0.412475
NM_001350488.3	1045	817.293	203.485	11.2046
NM_001350489.3	905	677.361	0	0
NM_001350490.1	2016	1788.29	3.29658	0.0829597
NM_001350491.3	1794	1566.29	0.741836	0.0213146
NM_001350492.2	4203	3975.29	38.3768	0.434452
NM_001350493.1	3339	3111.29	0	0
NM_001350494.2	1767	1539.29	12	0.350834
NM_001350495.2	4445	4217.29	60.157	0.64194
NM_001350496.2	5358	5130.29	33.8102	0.296584
NM_001350497.2	3260	3032.29	17.5141	0.259932
NM_001350498.2	3237	3009.29	19.0579	0.285005
NM_001350499.2	3516	3288.29	46.7068	0.639222
NM_001350500.2	3405	3177.29	0	0
NM_001350501.2	2625	2397.29	15.1372	0.284163
NM_001350502.2	2978	2750.29	32.0901	0.52509
NM_001350503.2	6172	5944.29	0.0743746	0.000563076
NM_001350504.2	5960	5732.29	27.7166	0.217597
NM_001350505.2	2123	1895.29	422.153	10.0239
NM_001350506.2	2344	2116.29	239.927	5.10207
NM_001350507.2	2586	2358.29	0	0
NM_001350508.2	2625	2397.29	24.9055	0.467538
NM_001350509.2	2333	2105.29	0.00857401	0.000183279
NM_001350510.2	2463	2235.29	208.372	4.19514
NM_001350511.2	2582	2354.29	52.0338	0.994642
NM_001350512.2	987	759.293	12.1563	0.720499
NM_001350513.2	960	732.293	23.727	1.45814
NM_001350514.2	4656	4428.29	0	0
NM_001350515.2	4691	4463.29	140.631	1.41797
NM_001350516.2	4610	4382.29	30.6934	0.3152
NM_001350517.2	4789	4561.29	51.2974	0.506115
NM_001350518.2	3892	3664.29	56.9937	0.699969
NM_001350520.2	8965	8737.29	0	0
NM_001350521.4	8381	8153.29	16.0917	0.0888201
NM_001350522.3	8231	8003.29	264.967	1.48993
NM_001350523.3	7961	7733.29	2.1374	0.0124384
NM_001350524.2	3743	3515.29	0	0
NM_001350525.2	3590	3362.29	0	0
NM_001350526.2	3816	3588.29	0	0
NM_001350527.2	3512	3284.29	5.94977	0.0815269
NM_001350528.2	3488	3260.29	8.29092	0.114443
NM_001350529.1	2587	2359.29	211.097	4.02663
NM_001350530.2	5567	5339.29	0	0
NM_001350531.2	4423	4195.29	32.7505	0.351316
NM_001350532.2	3515	3287.29	65.175	0.892247
NM_001350533.2	3449	3221.29	146.129	2.04149
NM_001350534.2	3422	3194.29	79.8092	1.1244
NM_001350535.2	3416	3188.29	18.0277	0.254463
NM_001350536.2	3320	3092.29	174.878	2.54506
NM_001350537.2	3317	3089.29	0	0
NM_001350538.2	3308	3080.29	0	0
NM_001350539.2	3194	2966.29	46.5626	0.706424
NM_001350540.2	3287	3059.29	59.4677	0.874787
NM_001350541.2	3260	3032.29	30.8054	0.457191
NM_001350542.2	3065	2837.29	0	0
NM_001350543.2	3062	2834.29	0	0
NM_001350544.2	3053	2825.29	0	0
NM_001350545.2	3408	3180.29	27.5223	0.389457
NM_001350546.2	3153	2925.29	4.02559	0.0619302
NM_001350547.2	3112	2884.29	20.459	0.319218
NM_001350548.2	3316	3088.29	0	0
NM_001350549.2	3193	2965.29	0	0
NM_001350550.2	3448	3220.29	0	0
NM_001350551.2	3363	3135.29	1.93408e-06	2.77612e-08
NM_001350552.2	3480	3252.29	12.9365	0.179006
NM_001350553.2	3166	2938.29	105.546	1.61655
NM_001350554.2	4501	4273.29	0	0
NM_001350555.2	4284	4056.29	0	0
NM_001350556.2	4499	4271.29	0.208772	0.00219966
NM_001350557.2	4416	4188.29	20.5872	0.221209
NM_001350558.2	4492	4264.29	38.744	0.408884
NM_001350559.2	4360	4132.29	16.3336	0.177882
NM_001350560.2	4367	4139.29	0	0
NM_001350561.2	2814	2586.29	0	0
NM_001350562.2	2699	2471.29	0	0
NM_001350563.2	2649	2421.29	0	0
NM_001350564.2	2556	2328.29	0	0
NM_001350565.2	2670	2442.29	0	0
NM_001350566.2	2543	2315.29	0	0
NM_001350567.2	2673	2445.29	0	0
NM_001350568.2	2595	2367.29	0	0
NM_001350569.2	2669	2441.29	19.26	0.355041
NM_001350570.2	2732	2504.29	0	0
NM_001350571.2	4085	3857.29	8.76024	0.102206
NM_001350572.2	3988	3760.29	15.1457	0.181263
NM_001350574.2	3875	3647.29	0.189761	0.00234141
NM_001350576.2	3905	3677.29	0	0
NM_001350577.2	3695	3467.29	0	0
NM_001350580.2	1807	1579.29	0	0
NM_001350581.2	1994	1766.29	0	0
NM_001350582.2	1812	1584.29	0	0
NM_001350583.2	1958	1730.29	0	0
NM_001350584.2	1911	1683.29	6.00328	0.160498
NM_001350585.2	1912	1684.29	0	0
NM_001350586.2	2171	1943.29	0	0
NM_001350587.2	2432	2204.29	0	0
NM_001350588.2	2322	2094.29	0	0
NM_001350589.2	2373	2145.29	7.8336	0.16433
NM_001350590.2	2522	2294.29	4.19651	0.0823155
NM_001350591.2	2260	2032.29	0.00264077	5.84773e-05
NM_001350592.2	2284	2056.29	10.8424	0.237291
NM_001350593.2	2786	2558.29	0	0
NM_001350594.2	2202	1974.29	0	0
NM_001350595.2	2352	2124.29	0.29692	0.00629025
NM_001350596.2	2411	2183.29	0	0
NM_001350597.2	2435	2207.29	0	0
NM_001350599.2	8574	8346.29	782.736	4.2205
NM_001350600.2	8514	8286.29	107.593	0.58434
NM_001350602.2	2018	1790.29	16.1325	0.405528
NM_001350603.2	1834	1606.29	31.1682	0.873232
NM_001350604.2	1989	1761.29	0	0
NM_001350605.2	3959	3731.29	836.215	10.0856
NM_001350606.2	3809	3581.29	882.079	11.0843
NM_001350607.2	3809	3581.29	392.915	4.93744
NM_001350608.2	3833	3605.29	25.4401	0.317556
NM_001350609.2	3827	3599.29	119.817	1.49811
NM_001350610.2	4097	3869.29	8.01124	0.0931774
NM_001350611.2	4094	3866.29	23.922	0.278449
NM_001350612.2	4185	3957.29	224.805	2.55653
NM_001350613.2	4076	3848.29	172.072	2.01226
NM_001350614.2	4182	3954.29	143.14	1.62905
NM_001350615.2	4915	4687.29	371.246	3.56436
NM_001350616.2	4073	3845.29	107.845	1.26215
NM_001350617.2	1786	1558.29	48.6966	1.40635
NM_001350618.2	1754	1526.29	33.7551	0.995278
NM_001350619.2	2495	2267.29	0	0
NM_001350620.2	2450	2222.29	0	0
NM_001350621.2	2624	2396.29	23.0013	0.431971
NM_001350622.2	2380	2152.29	0	0
NM_001350623.2	2712	2484.29	0	0
NM_001350624.2	2151	1923.29	0	0
NM_001350625.2	1969	1741.29	107.207	2.77072
NM_001350626.2	2959	2731.29	80.5414	1.32707
NM_001350627.2	2631	2403.29	172.587	3.2318
NM_001350628.2	1884	1656.29	11.2006	0.30433
NM_001350629.2	1836	1608.29	6.07617	0.170023
NM_001350630.2	4991	4763.29	41.392	0.391067
NM_001350631.2	2283	2055.29	31.9791	0.700219
NM_001350632.2	3905	3677.29	39.7664	0.486665
NM_001350633.2	3551	3323.29	26.0641	0.352952
NM_001350634.2	3517	3289.29	37.946	0.519166
NM_001350635.3	2590	2362.29	157.714	3.00454
NM_001350637.4	2730	2502.29	3.1502	0.0566555
NM_001350638.2	4178	3950.29	0	0
NM_001350639.2	4024	3796.29	73.3104	0.869057
NM_001350640.2	3983	3755.29	27.5593	0.330268
NM_001350641.2	4187	3959.29	0	0
NM_001350642.2	4161	3933.29	0	0
NM_001350643.2	3867	3639.29	0.00656983	8.12417e-05
NM_001350644.2	3724	3496.29	2.14395	0.0275962
NM_001350645.2	3928	3700.29	0	0
NM_001350646.2	3774	3546.29	9.63351	0.122251
NM_001350647.2	3778	3550.29	40.3999	0.512104
NM_001350648.2	3617	3389.29	7.71153e-05	1.02394e-06
NM_001350650.2	1784	1556.29	0	0
NM_001350651.2	1720	1492.29	0	0
NM_001350652.2	13158	12930.3	1.62046e-05	5.63993e-08
NM_001350653.2	13347	13119.3	138.455	0.474942
NM_001350654.2	12954	12726.3	1.01266e-08	3.58099e-11
NM_001350655.2	13010	12782.3	78.6401	0.276871
NM_001350656.2	12954	12726.3	48.6699	0.172108
NM_001350657.2	13143	12915.3	0	0
NM_001350658.2	13398	13170.3	0	0
NM_001350659.2	13161	12933.3	0	0
NM_001350660.2	13046	12818.3	0	0
NM_001350661.2	12791	12563.3	0	0
NM_001350662.2	12760	12532.3	66.1008	0.237366
NM_001350663.2	12692	12464.3	0	0
NM_001350664.2	12995	12767.3	48.2214	0.169974
NM_001350665.2	1991	1763.29	282.728	7.21582
NM_001350666.2	1688	1460.29	81.8399	2.52213
NM_001350667.2	3583	3355.29	94.3259	1.26515
NM_001350668.2	3487	3259.29	0	0
NM_001350669.1	4385	4157.29	1.84582e-05	1.99812e-07
NM_001350670.1	4565	4337.29	0	0
NM_001350671.1	4755	4527.29	6.95971	0.0691823
NM_001350672.1	4175	3947.29	27.9203	0.318319
NM_001350673.1	4445	4217.29	52.0106	0.555009
NM_001350674.1	4674	4446.29	0	0
NM_001350675.1	4593	4365.29	29.7046	0.306233
NM_001350676.1	4556	4328.29	24.3736	0.253423
NM_001350677.1	4344	4116.29	0	0
NM_001350678.1	4425	4197.29	0	0
NM_001350679.1	4507	4279.29	0.0169118	0.000177852
NM_001350680.1	4387	4159.29	0	0
NM_001350681.1	4922	4694.29	8.28863	0.0794612
NM_001350682.1	4884	4656.29	19.6403	0.189823
NM_001350683.1	4541	4313.29	0.00235772	2.45995e-05
NM_001350684.1	4672	4444.29	27.467	0.278132
NM_001350685.1	4677	4449.29	0	0
NM_001350686.1	4886	4658.29	0	0
NM_001350687.1	4428	4200.29	0	0
NM_001350688.1	4524	4296.29	87.6674	0.918305
NM_001350689.1	4655	4427.29	14.4002	0.146377
NM_001350690.1	4561	4333.29	0	0
NM_001350691.1	4616	4388.29	68.4298	0.701765
NM_001350692.1	4802	4574.29	25.1599	0.247529
NM_001350693.1	4689	4461.29	0.726307	0.00732659
NM_001350694.1	4503	4275.29	2.61676e-07	2.75448e-09
NM_001350695.1	4654	4426.29	190.936	1.94129
NM_001350696.1	4439	4211.29	56.7935	0.606912
NM_001350697.1	4820	4592.29	0	0
NM_001350698.2	7414	7186.29	0	0
NM_001350699.2	7285	7057.29	0	0
NM_001350705.1	7212	6984.29	0	0
NM_001350706.2	6844	6616.29	0	0
NM_001350707.2	6844	6616.29	0	0
NM_001350708.1	7209	6981.29	0	0
NM_001350709.2	6841	6613.29	0	0
NM_001350711.2	6823	6595.29	0	0
NM_001350712.1	7188	6960.29	0	0
NM_001350714.2	6820	6592.29	0	0
NM_001350715.1	7191	6963.29	0	0
NM_001350716.2	6823	6595.29	0	0
NM_001350717.2	6811	6583.29	0	0
NM_001350718.1	7176	6948.29	0	0
NM_001350719.2	6808	6580.29	0	0
NM_001350720.1	7155	6927.29	0	0
NM_001350721.2	6787	6559.29	0	0
NM_001350722.2	6812	6584.29	0	0
NM_001350723.2	6809	6581.29	0	0
NM_001350724.2	6785	6557.29	0	0
NM_001350727.2	7426	7198.29	0	0
NM_001350735.2	3644	3416.29	37.8017	0.497965
NM_001350738.2	3743	3515.29	237.108	3.03547
NM_001350739.2	3740	3512.29	1.38156	0.017702
NM_001350740.2	3696	3468.29	204.484	2.6533
NM_001350741.2	3772	3544.29	150.416	1.90989
NM_001350742.2	3760	3532.29	0.264806	0.00337376
NM_001350743.2	3836	3608.29	35.7127	0.445413
NM_001350744.2	3833	3605.29	1.30084	0.0162377
NM_001350745.2	3602	3374.29	18.0435	0.240647
NM_001350746.2	3597	3369.29	0	0
NM_001350748.2	7058	6830.29	5.17271e-07	3.40817e-09
NM_001350749.2	6848	6620.29	0	0
NM_001350750.2	6884	6656.29	12.7929	0.0864928
NM_001350751.2	6761	6533.29	0	0
NM_001350755.2	2489	2261.29	51.1322	1.01761
NM_001350756.2	2486	2258.29	103.892	2.07036
NM_001350757.2	2607	2379.29	0	0
NM_001350758.2	2727	2499.29	80.8169	1.45522
NM_001350759.2	2604	2376.29	2.07878e-05	3.93686e-07
NM_001350760.2	2700	2472.29	0.000287886	5.24039e-06
NM_001350761.2	2703	2475.29	15.2116	0.27656
NM_001350762.2	2616	2388.29	14.8568	0.279949
NM_001350763.2	2613	2385.29	6.46296e-06	1.21936e-07
NM_001350764.2	2368	2140.29	30.4474	0.640205
NM_001350765.2	2612	2384.29	19.7591	0.37295
NM_001350766.2	2489	2261.29	86.6195	1.72386
NM_001350767.2	2609	2381.29	8.51539e-06	1.60929e-07
NM_001350768.2	2486	2258.29	0	0
NM_001350769.2	2699	2471.29	19.1656	0.349013
NM_001350770.2	2696	2468.29	215.348	3.92633
NM_001350771.2	2367	2139.29	4.7691e-06	1.00325e-07
NM_001350772.1	2467	2239.29	2.87333	0.0577454
NM_001350773.1	2537	2309.29	4.09806	0.0798622
NM_001350774.1	2534	2306.29	3.5743e-07	6.97459e-09
NM_001350775.1	2525	2297.29	9.38837	0.183914
NM_001350776.1	2622	2394.29	0	0
NM_001350777.1	2525	2297.29	22.1087	0.433101
NM_001350778.1	2589	2361.29	18.729	0.35695
NM_001350779.1	2530	2302.29	42.0698	0.822341
NM_001350780.1	2638	2410.29	14.7269	0.274969
NM_001350781.1	3039	2811.29	26.8934	0.430508
NM_001350782.1	2564	2336.29	0	0
NM_001350783.1	2561	2333.29	34.5632	0.666633
NM_001350784.1	2567	2339.29	0	0
NM_001350785.1	3027	2799.29	3.3305	0.0535431
NM_001350786.1	2601	2373.29	6.72756	0.12757
NM_001350787.1	2529	2301.29	43.9611	0.859684
NM_001350788.1	2589	2361.29	15.3994	0.293492
NM_001350789.1	2651	2423.29	0	0
NM_001350790.2	2030	1802.29	0	0
NM_001350791.2	1962	1734.29	0	0
NM_001350792.2	2125	1897.29	0	0
NM_001350793.2	2075	1847.29	0	0
NM_001350794.2	1863	1635.29	0	0
NM_001350795.2	1678	1450.29	0	0
NM_001350796.2	1693	1465.29	0	0
NM_001350797.2	1756	1528.29	0	0
NM_001350798.2	1670	1442.29	0	0
NM_001350799.2	1751	1523.29	0	0
NM_001350803.2	2121	1893.29	0	0
NM_001350804.2	2330	2102.29	0	0
NM_001350805.2	2233	2005.29	0	0
NM_001350806.2	2294	2066.29	0	0
NM_001350809.1	1629	1401.29	0	0
NM_001350814.2	5468	5240.29	67.4206	0.579001
NM_001350815.2	5133	4905.29	0	0
NM_001350816.3	5336	5108.29	149.145	1.31394
NM_001350819.2	2279	2051.29	0	0
NM_001350820.2	2438	2210.29	0	0
NM_001350821.2	2276	2048.29	0	0
NM_001350823.2	2341	2113.29	0	0
NM_001350824.2	2435	2207.29	0	0
NM_001350825.2	2370	2142.29	0	0
NM_001350826.2	2473	2245.29	0	0
NM_001350827.2	2431	2203.29	0	0
NM_001350828.2	2428	2200.29	0	0
NM_001350829.2	2522	2294.29	0	0
NM_001350830.2	2365	2137.29	0	0
NM_001350831.2	2323	2095.29	0	0
NM_001350832.2	2281	2053.29	0	0
NM_001350833.2	2216	1988.29	0	0
NM_001350834.2	2278	2050.29	0	0
NM_001350835.2	2600	2372.29	0	0
NM_001350836.2	2555	2327.29	0	0
NM_001350837.2	2558	2330.29	0	0
NM_001350838.2	2119	1891.29	0	0
NM_001350840.2	5303	5075.29	0.180816	0.00160331
NM_001350841.2	5268	5040.29	0.0106796	9.53543e-05
NM_001350842.2	5265	5037.29	186.804	1.6689
NM_001350843.2	5340	5112.29	138.962	1.22327
NM_001350844.2	5222	4994.29	15.7687	0.14209
NM_001350845.2	2223	1995.29	26.8433	0.605441
NM_001350846.2	5109	4881.29	144.058	1.32814
NM_001350847.2	5106	4878.29	148.38	1.36883
NM_001350848.2	5455	5227.29	19.8053	0.170509
NM_001350849.2	5056	4828.29	28.083	0.261754
NM_001350850.2	5452	5224.29	20.5523	0.177041
NM_001350851.2	5053	4825.29	29.0156	0.270614
NM_001350852.2	2407	2179.29	0.233319	0.0048181
NM_001350853.2	2068	1840.29	0	0
NM_001350854.2	1102	874.293	0.181017	0.00931762
NM_001350855.2	968	740.293	0	0
NM_001350859.2	5656	5428.29	10.1273	0.0839596
NM_001350860.2	3735	3507.29	0	0
NM_001350862.2	6390	6162.29	127.707	0.932638
NM_001350863.2	6350	6122.29	81.014	0.595509
NM_001350864.2	6424	6196.29	77.549	0.563231
NM_001350866.2	6586	6358.29	0	0
NM_001350867.2	6520	6292.29	0	0
NM_001350868.2	2129	1901.29	156.881	3.71332
NM_001350870.2	4153	3925.29	23.4164	0.268467
NM_001350877.2	1840	1612.29	0	0
NM_001350879.1	2589	2361.29	0	0
NM_001350880.1	2442	2214.29	0	0
NM_001350881.1	2545	2317.29	0	0
NM_001350882.1	2560	2332.29	5.85359	0.112949
NM_001350883.1	2501	2273.29	0	0
NM_001350884.2	2405	2177.29	0	0
NM_001350885.1	2310	2082.29	0	0
NM_001350886.1	2458	2230.29	0	0
NM_001350887.1	2307	2079.29	0	0
NM_001350888.2	3561	3333.29	0	0
NM_001350889.1	2237	2009.29	0	0
NM_001350890.2	3214	2986.29	0	0
NM_001350891.2	3205	2977.29	0	0
NM_001350892.2	3085	2857.29	2	0.0315005
NM_001350893.1	2369	2141.29	0	0
NM_001350894.1	2366	2138.29	0	0
NM_001350895.1	2561	2333.29	0	0
NM_001350896.2	3200	2972.29	0	0
NM_001350897.2	3146	2918.29	0	0
NM_001350898.2	3143	2915.29	0	0
NM_001350899.2	3100	2872.29	0	0
NM_001350900.2	3066	2838.29	0	0
NM_001350901.2	2970	2742.29	5.57018	0.0914109
NM_001350902.2	4339	4111.29	11.1198	0.12172
NM_001350903.2	4394	4166.29	1.35999e-07	1.46903e-09
NM_001350904.2	4293	4065.29	2.41278e-06	2.67097e-08
NM_001350905.2	4273	4045.29	78.5231	0.873554
NM_001350906.2	4451	4223.29	9.10171e-08	9.69871e-10
NM_001350907.2	4396	4168.29	5.81017	0.0627296
NM_001350908.2	4400	4172.29	0	0
NM_001350909.2	4350	4122.29	1.55027e-06	1.69244e-08
NM_001350910.2	4307	4079.29	103.828	1.14544
NM_001350911.2	4330	4102.29	40.4251	0.443472
NM_001350912.2	4539	4311.29	13.2252	0.13805
NM_001350913.2	4001	3773.29	41.889	0.499599
NM_001350914.2	3850	3622.29	0	0
NM_001350915.2	3733	3505.29	0	0
NM_001350916.2	3686	3458.29	42.1966	0.549108
NM_001350917.2	3907	3679.29	0.458989	0.0056141
NM_001350918.2	4026	3798.29	54.6312	0.647284
NM_001350919.3	4971	4743.29	0	0
NM_001350920.2	4967	4739.29	6.13673	0.0582728
NM_001350921.2	3471	3243.29	0	0
NM_001350922.2	3180	2952.29	5.21362	0.0794735
NM_001350923.2	2185	1957.29	0	0
NM_001350924.2	1065	837.293	13.5966	0.730796
NM_001350925.2	953	725.293	0	0
NM_001350926.2	1050	822.293	0	0
NM_001350927.2	1184	956.293	2.8074	0.132116
NM_001350928.2	897	669.361	0	0
NM_001350929.2	18195	17967.3	2066.16	5.17515
NM_001350930.2	1427	1199.29	0	0
NM_001350931.2	966	738.293	0	0
NM_001350932.3	1134	906.293	0	0
NM_001350933.2	3440	3212.29	3.78555	0.0530342
NM_001350934.2	3468	3240.29	0	0
NM_001350935.2	3882	3654.29	0	0
NM_001350936.2	4739	4511.29	93.1723	0.929454
NM_001350937.2	3943	3715.29	0	0
NM_001350938.2	3837	3609.29	0	0
NM_001350939.2	1349	1121.29	24.3963	0.979145
NM_001350940.2	2157	1929.29	1.03522e-07	2.41477e-09
NM_001350941.2	2088	1860.29	0	0
NM_001350942.2	2339	2111.29	52.3366	1.11558
NM_001350943.2	2032	1804.29	0	0
NM_001350944.2	2087	1859.29	0	0
NM_001350945.2	2194	1966.29	64.9361	1.48621
NM_001350946.2	1947	1719.29	0	0
NM_001350947.2	2237	2009.29	12.2938	0.275351
NM_001350948.2	1932	1704.29	55.6458	1.46937
NM_001350949.2	1169	941.293	2.17547e-05	1.04009e-06
NM_001350953.2	8073	7845.29	0	0
NM_001350954.2	7648	7420.29	57.0169	0.3458
NM_001350955.2	8126	7898.29	0	0
NM_001350956.2	8028	7800.29	0	0
NM_001350957.2	7886	7658.29	32.1395	0.188864
NM_001350958.2	7866	7638.29	75.779	0.446473
NM_001350959.2	1658	1430.29	3.7794	0.118916
NM_001350960.2	1794	1566.29	0	0
NM_001350961.2	1674	1446.29	13.0613	0.406419
NM_001350962.2	1192	964.293	4.72312	0.220426
NM_001350963.2	1487	1259.29	5.34358	0.190962
NM_001350964.3	1589	1361.29	1.01666	0.0336097
NM_001350965.2	3822	3594.29	31.6275	0.395998
NM_001350966.2	3714	3486.29	2.51081	0.032411
NM_001350967.2	3907	3679.29	68.9561	0.843433
NM_001350968.1	1081	853.293	70.0173	3.69274
NM_001350969.2	1418	1190.29	0	0
NM_001350970.1	1448	1220.29	28.9959	1.06934
NM_001350973.2	2931	2703.29	62.1024	1.03385
NM_001350974.2	2869	2641.29	0	0
NM_001350975.2	2088	1860.29	15.0951	0.365172
NM_001350977.1	224	71.1275	0	0
NM_001350978.3	3761	3533.29	0	0
NM_001350979.2	4140	3912.29	35.4757	0.408077
NM_001350980.2	4427	4199.29	0	0
NM_001350981.2	4329	4101.29	11.8467	0.129993
NM_001350982.2	4404	4176.29	0	0
NM_001350983.2	4356	4128.29	25.2348	0.275088
NM_001350984.2	4555	4327.29	34.5705	0.359527
NM_001350985.2	4370	4142.29	11.6486	0.126554
NM_001350986.2	4228	4000.29	0	0
NM_001350987.2	2169	1941.29	23.5396	0.545695
NM_001350989.2	6868	6640.29	0	0
NM_001350993.1	2385	2157.29	0	0
NM_001350994.2	1695	1467.29	1	0.0306708
NM_001350995.2	6143	5915.29	38.5981	0.293651
NM_001350999.2	1538	1310.29	29.7339	1.02123
NM_001351.4	2974	2746.29	1	0.0163868
NM_001351000.2	1502	1274.29	5.1698	0.182577
NM_001351001.2	2911	2683.29	34.553	0.579509
NM_001351002.2	1777	1549.29	0	0
NM_001351003.2	4153	3925.29	0	0
NM_001351004.2	1860	1632.29	0	0
NM_001351005.2	4070	3842.29	0	0
NM_001351006.2	4010	3782.29	0	0
NM_001351010.2	3568	3340.29	0	0
NM_001351011.2	3504	3276.29	0	0
NM_001351012.2	3656	3428.29	0.0621279	0.000815551
NM_001351013.2	3245	3017.29	26.03	0.388239
NM_001351014.2	3490	3262.29	83.2275	1.14812
NM_001351015.2	3393	3165.29	172.242	2.44888
NM_001351016.2	3140	2912.29	41.2172	0.636922
NM_001351017.2	3300	3072.29	0	0
NM_001351018.2	4789	4561.29	0	0
NM_001351019.2	4871	4643.29	7.44539	0.0721612
NM_001351020.2	4238	4010.29	20.9741	0.235369
NM_001351021.2	1251	1023.29	2.45828	0.108112
NM_001351022.2	1955	1727.29	11.8864	0.30969
NM_001351023.2	1896	1668.29	130.084	3.50907
NM_001351024.2	1907	1679.29	21.3772	0.572883
NM_001351025.2	1848	1620.29	115.048	3.19541
NM_001351026.2	1730	1502.29	23.1101	0.692294
NM_001351027.2	8045	7817.29	0	0
NM_001351028.2	8630	8402.29	0	0
NM_001351029.2	8180	7952.29	0	0
NM_001351030.2	8186	7958.29	0	0
NM_001351032.2	2224	1996.29	3.31082	0.074637
NM_001351033.2	2662	2434.29	0	0
NM_001351034.2	2837	2609.29	0	0
NM_001351035.1	2669	2441.29	24.9685	0.460272
NM_001351036.2	2619	2391.29	0.000151537	2.85187e-06
NM_001351037.1	2686	2458.29	27.0981	0.496075
NM_001351038.2	2573	2345.29	0	0
NM_001351039.2	2516	2288.29	50.5616	0.994377
NM_001351040.2	2648	2420.29	11.3579	0.21119
NM_001351044.2	2012	1784.29	0	0
NM_001351049.2	3254	3026.29	606.238	9.01518
NM_001351050.2	1072	844.293	210.624	11.2268
NM_001351051.2	3471	3243.29	16.8334	0.233576
NM_001351052.2	3449	3221.29	63.317	0.884571
NM_001351054.2	6878	6650.29	0	0
NM_001351055.2	6875	6647.29	0	0
NM_001351056.2	6925	6697.29	0	0
NM_001351057.2	6856	6628.29	0	0
NM_001351059.2	3023	2795.29	1080.36	17.3933
NM_001351060.2	3949	3721.29	14.6376	0.177019
NM_001351062.2	15528	15300.3	0	0
NM_001351063.2	15500	15272.3	0	0
NM_001351064.2	3761	3533.29	0	0
NM_001351065.2	3806	3578.29	0	0
NM_001351066.2	3545	3317.29	0	0
NM_001351067.2	3773	3545.29	0	0
NM_001351068.2	3764	3536.29	0	0
NM_001351069.2	3719	3491.29	0	0
NM_001351070.2	3935	3707.29	0	0
NM_001351071.2	4019	3791.29	0	0
NM_001351072.2	4016	3788.29	0	0
NM_001351073.2	3932	3704.29	0	0
NM_001351074.2	3707	3479.29	0	0
NM_001351075.2	3473	3245.29	0	0
NM_001351076.2	3461	3233.29	0	0
NM_001351077.2	3803	3575.29	0	0
NM_001351078.2	3794	3566.29	0	0
NM_001351079.2	3791	3563.29	0	0
NM_001351080.2	3557	3329.29	0	0
NM_001351082.3	2387	2159.29	114.289	2.38197
NM_001351083.2	2108	1880.29	43.9047	1.05082
NM_001351084.2	2288	2060.29	182.832	3.99361
NM_001351085.2	2078	1850.29	134.027	3.25982
NM_001351086.2	2066	1838.29	0.000109623	2.68366e-06
NM_001351087.2	2896	2668.29	67.3194	1.1354
NM_001351088.2	3201	2973.29	49.6846	0.752015
NM_001351089.2	5384	5156.29	38.3611	0.334808
NM_001351090.1	5227	4999.29	16.4596	0.148167
NM_001351091.2	5042	4814.29	138.424	1.29396
NM_001351092.2	5219	4991.29	14.2145	0.128162
NM_001351095.2	2003	1775.29	0	0
NM_001351096.1	1840	1612.29	0	0
NM_001351097.2	1598	1370.29	0	0
NM_001351098.2	4682	4454.29	34.6478	0.350057
NM_001351099.2	4712	4484.29	4.44338	0.0445925
NM_001351100.2	4752	4524.29	6.39523	0.0636133
NM_001351101.2	4721	4493.29	51.1513	0.512312
NM_001351102.2	4373	4145.29	34.0777	0.369963
NM_001351103.2	4418	4190.29	41.1895	0.442369
NM_001351104.2	4424	4196.29	34.7854	0.373056
NM_001351105.2	4599	4371.29	0	0
NM_001351106.2	4418	4190.29	38.4407	0.412848
NM_001351107.2	4676	4448.29	236.855	2.39625
NM_001351108.2	4379	4151.29	30.5511	0.331196
NM_001351110.2	1388	1160.29	0	0
NM_001351111.1	463	245.87	0	0
NM_001351112.1	451	235.213	0	0
NM_001351114.2	1256	1028.29	5.94816	0.26032
NM_001351115.2	2163	1935.29	49.0584	1.1408
NM_001351116.2	1904	1676.29	5.98614	0.160709
NM_001351117.2	2010	1782.29	8.06263	0.203582
NM_001351118.2	1930	1702.29	40.7222	1.07656
NM_001351123.2	577	352.35	0	0
NM_001351124.3	3219	2991.29	0	0
NM_001351125.2	662	435.717	0	0
NM_001351126.2	3380	3152.29	0	0
NM_001351127.2	3321	3093.29	33.8788	0.49289
NM_001351128.2	3199	2971.29	2.90483	0.0439965
NM_001351130.3	3592	3364.29	54.0639	0.723196
NM_001351131.2	3491	3263.29	0	0
NM_001351132.2	3237	3009.29	276.661	4.13738
NM_001351133.2	3432	3204.29	24.1811	0.339614
NM_001351134.2	3310	3082.29	2.22182	0.0324398
NM_001351135.3	3401	3173.29	0	0
NM_001351136.2	3228	3000.29	0	0
NM_001351137.3	3356	3128.29	20.7483	0.298482
NM_001351138.2	3171	2943.29	2.76925	0.0423419
NM_001351139.2	3102	2874.29	19.995	0.313063
NM_001351140.2	3297	3069.29	1.67841	0.0246094
NM_001351143.3	3147	2919.29	0	0
NM_001351144.3	3741	3513.29	1.01799e-08	1.30398e-10
NM_001351148.1	3826	3598.29	0	0
NM_001351149.2	4339	4111.29	0	0
NM_001351150.1	3606	3378.29	0	0
NM_001351151.1	3783	3555.29	0	0
NM_001351152.1	3779	3551.29	0	0
NM_001351153.1	3662	3434.29	0	0
NM_001351154.1	3701	3473.29	0	0
NM_001351155.1	3658	3430.29	0	0
NM_001351156.2	8974	8746.29	117.659	0.605402
NM_001351157.2	2945	2717.29	12.7927	0.211868
NM_001351158.2	2030	1802.29	2.69492	0.0672919
NM_001351159.2	16357	16129.3	344.906	0.962337
NM_001351160.2	14822	14594.3	0	0
NM_001351161.2	581	356.279	43.6626	5.51521
NM_001351162.2	403	194.403	20.3712	4.71582
NM_001351163.2	15030	14802.3	5.1209e-08	1.55689e-10
NM_001351164.2	14969	14741.3	45.8041	0.139833
NM_001351165.2	16503	16275.3	81.5114	0.225389
NM_001351166.2	15117	14889.3	129.825	0.392399
NM_001351167.2	4150	3922.29	24.2677	0.278439
NM_001351168.1	3370	3142.29	153.22	2.19438
NM_001351169.2	3525	3297.29	582.109	7.94492
NM_001351170.2	3405	3177.29	311.478	4.41176
NM_001351171.2	3503	3275.29	99.6607	1.36935
NM_001351172.2	3549	3321.29	0.0348337	0.000471992
NM_001351173.2	3940	3712.29	0.0232612	0.00028199
NM_001351174.1	3788	3560.29	0	0
NM_001351175.2	3649	3421.29	0	0
NM_001351176.2	3368	3140.29	29.2609	0.419334
NM_001351177.2	3442	3214.29	10.1651	0.14232
NM_001351178.2	3564	3336.29	0	0
NM_001351179.2	4169	3941.29	54.4396	0.62161
NM_001351180.2	3499	3271.29	0.0523814	0.000720609
NM_001351181.2	3215	2987.29	26.9118	0.405422
NM_001351182.2	3634	3406.29	0.0542335	0.000716519
NM_001351183.2	3307	3079.29	6.49896	0.0949806
NM_001351184.2	3573	3345.29	0.113447	0.00152617
NM_001351185.2	3594	3366.29	91.982	1.22968
NM_001351186.2	3658	3430.29	25.4791	0.334268
NM_001351187.2	3777	3549.29	0	0
NM_001351188.2	3560	3332.29	0.230424	0.00311191
NM_001351189.2	4108	3880.29	0.0868797	0.00100762
NM_001351190.2	4001	3773.29	15.068	0.179712
NM_001351191.1	3757	3529.29	0	0
NM_001351192.1	3849	3621.29	0	0
NM_001351193.1	3873	3645.29	0	0
NM_001351194.2	3348	3120.29	52.9741	0.764031
NM_001351195.2	3483	3255.29	75.2305	1.04003
NM_001351196.2	3507	3279.29	3.31695e-08	4.55199e-10
NM_001351197.2	3540	3312.29	0.000738774	1.00375e-05
NM_001351200.1	1158	930.293	0.103149	0.00498984
NM_001351202.2	5364	5136.29	33.6829	0.295122
NM_001351203.2	5369	5141.29	0	0
NM_001351204.2	4567	4339.29	0	0
NM_001351205.2	4461	4233.29	0	0
NM_001351206.2	4562	4334.29	0	0
NM_001351207.2	4638	4410.29	84.725	0.864543
NM_001351208.2	4589	4361.29	0	0
NM_001351209.2	4460	4232.29	0	0
NM_001351211.2	4435	4207.29	320.644	3.42976
NM_001351212.2	4417	4189.29	0	0
NM_001351213.2	4347	4119.29	0	0
NM_001351214.2	4311	4083.29	0	0
NM_001351215.2	4412	4184.29	0	0
NM_001351216.2	4400	4172.29	0	0
NM_001351217.2	4245	4017.29	3.09112	0.0346278
NM_001351218.2	4315	4087.29	73.8916	0.813582
NM_001351219.2	12897	12669.3	108.657	0.385965
NM_001351220.2	2492	2264.29	88.4859	1.75867
NM_001351221.2	12759	12531.3	16.713	0.0600206
NM_001351222.2	2701	2473.29	0	0
NM_001351223.2	2538	2310.29	24.5937	0.47907
NM_001351224.3	2264	2036.29	0	0
NM_001351225.2	4984	4756.29	23.0814	0.218391
NM_001351226.2	5029	4801.29	0	0
NM_001351227.2	4939	4711.29	0	0
NM_001351228.2	5067	4839.29	0	0
NM_001351229.2	4783	4555.29	0	0
NM_001351230.2	6641	6413.29	0	0
NM_001351231.2	6676	6448.29	0	0
NM_001351232.2	3395	3167.29	0	0
NM_001351233.2	3898	3670.29	0	0
NM_001351235.2	1174	946.293	0	0
NM_001351236.2	3883	3655.29	0	0
NM_001351237.2	1823	1595.29	0.0228444	0.000644439
NM_001351238.2	1828	1600.29	100.827	2.83544
NM_001351239.2	1825	1597.29	0	0
NM_001351240.2	2075	1847.29	0	0
NM_001351241.2	1912	1684.29	6.27187	0.16758
NM_001351242.2	2716	2488.29	9.89588	0.178976
NM_001351243.2	2683	2455.29	34.012	0.623406
NM_001351244.2	3016	2788.29	38.0072	0.613437
NM_001351245.2	2934	2706.29	2.93154	0.0487487
NM_001351246.2	3247	3019.29	0	0
NM_001351247.2	2995	2767.29	0.360783	0.00586722
NM_001351248.2	2809	2581.29	0	0
NM_001351249.2	3159	2931.29	0	0
NM_001351250.2	2909	2681.29	0	0
NM_001351251.2	2906	2678.29	0.245809	0.00413031
NM_001351252.2	2806	2578.29	0	0
NM_001351253.2	3120	2892.29	19.4027	0.3019
NM_001351254.2	3121	2893.29	0	0
NM_001351255.2	2765	2537.29	0	0
NM_001351256.2	2891	2663.29	0	0
NM_001351257.2	3000	2772.29	0	0
NM_001351258.2	2026	1798.29	0	0
NM_001351259.2	2293	2065.29	25.358	0.552555
NM_001351260.2	2570	2342.29	7.92892	0.15234
NM_001351261.2	1177	949.293	91.9364	4.35842
NM_001351262.2	2679	2451.29	18.0377	0.331153
NM_001351263.2	1442	1214.29	0.180917	0.00670501
NM_001351264.2	3618	3390.29	349.199	4.6353
NM_001351265.2	3574	3346.29	7.06225e-05	9.49776e-07
NM_001351266.2	5688	5460.29	670.181	5.52355
NM_001351267.4	5728	5500.29	109.204	0.893505
NM_001351268.2	5587	5359.29	89.266	0.749585
NM_001351269.2	5708	5480.29	0	0
NM_001351270.2	5926	5698.29	0	0
NM_001351271.2	5710	5482.29	0	0
NM_001351272.2	5714	5486.29	0	0
NM_001351273.1	9958	9730.29	130	0.601256
NM_001351274.2	8537	8309.29	0	0
NM_001351275.2	9469	9241.29	0.0570516	0.000277829
NM_001351276.2	7967	7739.29	0	0
NM_001351277.2	8651	8423.29	0	0
NM_001351278.2	2260	2032.29	22.0039	0.487253
NM_001351279.2	2242	2014.29	2.70972	0.0605403
NM_001351280.2	2065	1837.29	0	0
NM_001351281.2	2052	1824.29	1	0.0246688
NM_001351282.2	25356	25128.3	0	0
NM_001351283.2	25372	25144.3	0	0
NM_001351284.2	25369	25141.3	0	0
NM_001351285.2	25720	25492.3	0	0
NM_001351286.2	25655	25427.3	0	0
NM_001351287.2	25218	24990.3	0	0
NM_001351288.2	25268	25040.3	0	0
NM_001351289.2	25364	25136.3	0	0
NM_001351290.2	7826	7598.29	56.2695	0.333272
NM_001351291.2	26388	26160.3	0	0
NM_001351292.2	7778	7550.29	0	0
NM_001351293.2	2555	2327.29	0	0
NM_001351294.2	2475	2247.29	0	0
NM_001351295.2	5374	5146.29	1.27056e-08	1.11107e-10
NM_001351296.2	5308	5080.29	0.61585	0.00545542
NM_001351297.2	5305	5077.29	1.38415	0.0122685
NM_001351298.2	2428	2200.29	8.8156	0.180307
NM_001351299.2	2453	2225.29	15.7919	0.319367
NM_001351300.2	2479	2251.29	125.343	2.50558
NM_001351301.3	1799	1571.29	23.3545	0.668892
NM_001351302.3	2369	2141.29	18.1268	0.380966
NM_001351303.2	3342	3114.29	0	0
NM_001351305.2	5370	5142.29	3	0.0262547
NM_001351306.2	1605	1377.29	0	0
NM_001351307.2	1117	889.293	0	0
NM_001351308.2	856	628.427	3	0.214837
NM_001351309.2	962	734.293	0	0
NM_001351310.2	1699	1471.29	0	0
NM_001351311.2	1665	1437.29	0	0
NM_001351312.2	1999	1771.29	0	0
NM_001351313.2	1990	1762.29	15.7313	0.401726
NM_001351314.2	2569	2341.29	0	0
NM_001351315.2	2127	1899.29	0	0
NM_001351316.2	2030	1802.29	0	0
NM_001351317.2	2063	1835.29	0	0
NM_001351319.2	2661	2433.29	0	0
NM_001351320.2	2564	2336.29	6.98009	0.134455
NM_001351321.2	1836	1608.29	0	0
NM_001351322.2	2110	1882.29	76.993	1.8408
NM_001351323.2	2024	1796.29	0	0
NM_001351324.2	2665	2437.29	45.939	0.848235
NM_001351325.2	1803	1575.29	3.83132	0.109453
NM_001351326.2	1849	1621.29	41.6939	1.15732
NM_001351327.2	2511	2283.29	0.000904515	1.78277e-05
NM_001351328.2	1755	1527.29	0	0
NM_001351329.2	2363	2135.29	147.568	3.11012
NM_001351330.2	1755	1527.29	0	0
NM_001351331.2	672	445.496	0	0
NM_001351332.2	1755	1527.29	4.19912	0.123731
NM_001351333.2	1637	1409.29	0	0
NM_001351334.2	2072	1844.29	0	0
NM_001351335.2	2627	2399.29	0	0
NM_001351336.2	2545	2317.29	0	0
NM_001351337.2	2270	2042.29	4.17651	0.0920319
NM_001351338.2	4762	4534.29	0	0
NM_001351339.2	4399	4171.29	18.4643	0.199207
NM_001351340.2	4351	4123.29	0.0071475	7.80103e-05
NM_001351341.2	4535	4307.29	29.5129	0.308354
NM_001351342.2	4181	3953.29	80.5163	0.916573
NM_001351343.2	4236	4008.29	1.15443	0.0129613
NM_001351344.2	4052	3824.29	38.7156	0.455593
NM_001351345.2	4516	4288.29	0	0
NM_001351346.2	5509	5281.29	46.9698	0.40024
NM_001351347.1	5224	4996.29	0	0
NM_001351348.1	1242	1014.29	0	0
NM_001351349.3	2900	2672.29	0	0
NM_001351351.3	2900	2672.29	1.45239	0.0244591
NM_001351355.2	1850	1622.29	12.787	0.354715
NM_001351356.2	3616	3388.29	1.17158	0.0155608
NM_001351357.2	3497	3269.29	25.9715	0.357507
NM_001351358.2	3472	3244.29	106.48	1.47704
NM_001351359.2	3589	3361.29	0	0
NM_001351360.2	3228	3000.29	0	0
NM_001351361.2	5150	4922.29	0	0
NM_001351362.2	5030	4802.29	0	0
NM_001351363.2	4880	4652.29	21.6516	0.209443
NM_001351364.2	5228	5000.29	0	0
NM_001351365.2	13941	13713.3	1140.21	3.74184
NM_001351366.2	5043	4815.29	14.2863	0.133517
NM_001351367.2	4923	4695.29	16.8513	0.161515
NM_001351368.2	1139	911.293	0	0
NM_001351369.2	6382	6154.29	150.13	1.09782
NM_001351370.2	6529	6301.29	865.395	6.18055
NM_001351371.2	3688	3460.29	43.7584	0.569102
NM_001351372.2	6666	6438.29	0	0
NM_001351373.2	1027	799.293	97.5723	5.49367
NM_001351375.2	510	289.15	12.5665	1.95584
NM_001351377.2	2597	2369.29	1.10651	0.0210173
NM_001351378.2	3915	3687.29	49.8197	0.608045
NM_001351379.2	3739	3511.29	0	0
NM_001351381.2	2241	2013.29	0	0
NM_001351382.2	2273	2045.29	0.000961862	2.11641e-05
NM_001351383.2	2255	2027.29	0	0
NM_001351384.2	2252	2024.29	0	0
NM_001351385.2	2270	2042.29	0	0
NM_001351386.2	2252	2024.29	0.0012911	2.87032e-05
NM_001351387.2	2291	2063.29	0	0
NM_001351388.2	2273	2045.29	0	0
NM_001351389.2	3244	3016.29	19.693	0.29382
NM_001351390.2	2183	1955.29	0	0
NM_001351391.2	2138	1910.29	0	0
NM_001351392.2	2187	1959.29	0	0
NM_001351393.2	2151	1923.29	0	0
NM_001351394.2	2113	1885.29	0	0
NM_001351395.2	3764	3536.29	0	0
NM_001351397.2	3563	3335.29	439.703	5.93291
NM_001351398.2	3760	3532.29	142.4	1.81425
NM_001351399.2	3706	3478.29	65.4585	0.84692
NM_001351400.2	3720	3492.29	112.232	1.44626
NM_001351401.2	3746	3518.29	0	0
NM_001351402.2	3666	3438.29	262.326	3.43353
NM_001351403.2	3523	3295.29	1170.48	15.985
NM_001351404.2	3603	3375.29	0	0
NM_001351405.2	3611	3383.29	87.9534	1.16992
NM_001351406.2	3738	3510.29	1024.71	13.1371
NM_001351407.2	3935	3707.29	11.1802	0.135717
NM_001351408.2	3881	3653.29	139.468	1.71803
NM_001351409.2	3961	3733.29	0.188764	0.00227546
NM_001351410.2	3969	3741.29	27.2919	0.328288
NM_001351411.2	3818	3590.29	158.41	1.98562
NM_001351412.2	3926	3698.29	78.7423	0.958185
NM_001351413.2	3934	3706.29	22.1185	0.26857
NM_001351414.2	3826	3598.29	0.00655876	8.2029e-05
NM_001351415.2	3878	3650.29	66.1666	0.815743
NM_001351416.2	3824	3596.29	0.888078	0.0111132
NM_001351417.2	3761	3533.29	0	0
NM_001351418.2	3869	3641.29	63.8777	0.789471
NM_001351419.2	3662	3434.29	0	0
NM_001351420.2	3707	3479.29	0.000215845	2.79185e-06
NM_001351424.1	3167	2939.29	0	0
NM_001351425.2	9997	9769.29	0	0
NM_001351426.2	9910	9682.29	0	0
NM_001351427.2	9907	9679.29	0	0
NM_001351428.2	9892	9664.29	0	0
NM_001351429.2	9859	9631.29	0	0
NM_001351431.2	1644	1416.29	24.8987	0.791162
NM_001351432.2	1736	1508.29	15.2811	0.455944
NM_001351433.2	1596	1368.29	3.53818	0.116371
NM_001351443.1	1821	1593.29	1.4654e-06	4.13907e-08
NM_001351444.2	12486	12258.3	0	0
NM_001351446.2	2530	2302.29	0	0
NM_001351447.1	2190	1962.29	5.97687	0.137073
NM_001351448.1	2105	1877.29	4.71306e-08	1.12983e-09
NM_001351449.2	2576	2348.29	35.6294	0.682809
NM_001351450.2	2369	2141.29	5.72734	0.12037
NM_001351455.2	4077	3849.29	0	0
NM_001351456.2	4054	3826.29	0	0
NM_001351457.2	4074	3846.29	0	0
NM_001351458.2	4006	3778.29	0	0
NM_001351459.2	3722	3494.29	0	0
NM_001351460.2	4054	3826.29	0	0
NM_001351461.2	4074	3846.29	0	0
NM_001351462.2	4051	3823.29	0	0
NM_001351463.2	4071	3843.29	0	0
NM_001351464.2	4035	3807.29	0	0
NM_001351465.2	3683	3455.29	0	0
NM_001351466.2	3963	3735.29	0	0
NM_001351467.2	3986	3758.29	0	0
NM_001351468.2	3983	3755.29	0	0
NM_001351469.2	3918	3690.29	0	0
NM_001351470.2	3767	3539.29	0	0
NM_001351471.2	3634	3406.29	0	0
NM_001351472.2	3980	3752.29	0	0
NM_001351473.2	3915	3687.29	0	0
NM_001351474.2	3741	3513.29	0	0
NM_001351475.2	3764	3536.29	0	0
NM_001351476.2	3631	3403.29	0	0
NM_001351477.2	3944	3716.29	0	0
NM_001351478.2	3876	3648.29	0	0
NM_001351483.2	21029	20801.3	0	0
NM_001351484.2	21032	20804.3	0	0
NM_001351485.2	21070	20842.3	0	0
NM_001351486.2	21029	20801.3	20.1877	0.0436755
NM_001351487.2	21080	20852.3	0	0
NM_001351488.2	21115	20887.3	0	0
NM_001351489.2	21118	20890.3	0	0
NM_001351490.2	21008	20780.3	0	0
NM_001351491.2	21011	20783.3	0	0
NM_001351492.2	21046	20818.3	0	0
NM_001351493.2	21089	20861.3	208.318	0.449395
NM_001351494.2	21008	20780.3	2121.93	4.59538
NM_001351496.2	7590	7362.29	1.62106	0.00990898
NM_001351497.2	7688	7460.29	26.0046	0.156869
NM_001351498.2	7394	7166.29	113.337	0.711736
NM_001351499.2	7708	7480.29	0.0895602	0.000538814
NM_001351500.2	7573	7345.29	1.55829	0.00954735
NM_001351501.2	7481	7253.29	57.5425	0.357023
NM_001351502.2	7801	7573.29	0	0
NM_001351503.2	2239	2011.29	15.1882	0.339838
NM_001351504.2	5012	4784.29	117.534	1.10557
NM_001351505.2	4891	4663.29	33.4361	0.322675
NM_001351506.2	4920	4692.29	2.33871	0.0224302
NM_001351507.2	4919	4691.29	0	0
NM_001351508.2	4631	4403.29	0	0
NM_001351509.2	4607	4379.29	68.2824	0.701693
NM_001351510.2	4598	4370.29	0	0
NM_001351511.1	4541	4313.29	0.000308463	3.21837e-06
NM_001351512.1	4514	4286.29	20.7906	0.218287
NM_001351513.1	4508	4280.29	0.461506	0.00485228
NM_001351514.2	4504	4276.29	13.9751	0.147072
NM_001351515.2	4720	4492.29	0	0
NM_001351516.2	1053	825.293	226.304	12.3403
NM_001351517.2	4849	4621.29	26.873	0.261695
NM_001351518.2	995	767.293	92.7427	5.43952
NM_001351519.2	802	574.487	19.3757	1.51782
NM_001351520.2	927	699.293	0	0
NM_001351521.2	769	541.541	2.84059	0.236058
NM_001351522.2	868	640.427	0	0
NM_001351523.2	672	445.496	11.6541	1.17727
NM_001351524.2	4629	4401.29	138.095	1.41202
NM_001351525.2	4667	4439.29	112.241	1.13784
NM_001351526.2	3033	2805.29	74.3693	1.19305
NM_001351527.2	11237	11009.3	121.547	0.49685
NM_001351528.2	11188	10960.3	1402.19	5.75741
NM_001351530.2	3126	2898.29	17.3074	0.26874
NM_001351531.2	3134	2906.29	85.8889	1.32996
NM_001351532.2	2751	2523.29	25.0892	0.447468
NM_001351533.2	3307	3079.29	76.7111	1.12111
NM_001351534.2	1082	854.293	41.3472	2.17812
NM_001351535.2	1008	780.293	7.56024	0.436034
NM_001351537.2	5750	5522.29	7	0.0570454
NM_001351538.2	5841	5613.29	0	0
NM_001351539.2	5425	5197.29	0	0
NM_001351540.2	5541	5313.29	0	0
NM_001351541.2	4925	4697.29	0	0
NM_001351542.2	4889	4661.29	31.9104	0.308083
NM_001351543.2	4212	3984.29	7.55888	0.0853785
NM_001351544.2	2393	2165.29	0	0
NM_001351545.1	2362	2134.29	60.2757	1.27096
NM_001351546.2	4209	3981.29	30.0923	0.340153
NM_001351547.2	4164	3936.29	0	0
NM_001351548.1	2251	2023.29	0.0402777	0.000895877
NM_001351549.2	2198	1970.29	0	0
NM_001351550.2	4826	4598.29	0	0
NM_001351551.2	2195	1967.29	0	0
NM_001351552.2	4823	4595.29	0	0
NM_001351553.2	2254	2026.29	0	0
NM_001351554.2	2251	2023.29	0	0
NM_001351555.2	2233	2005.29	0.109137	0.00244927
NM_001351556.2	4146	3918.29	0	0
NM_001351557.1	2088	1860.29	0	0
NM_001351558.2	4814	4586.29	0.0694975	0.000681946
NM_001351559.2	1888	1660.29	0	0
NM_001351560.2	4137	3909.29	38.0626	0.438169
NM_001351561.1	1875	1647.29	0	0
NM_001351562.2	4658	4430.29	0	0
NM_001351563.2	3981	3753.29	0	0
NM_001351564.2	4604	4376.29	0	0
NM_001351565.2	2264	2036.29	0	0
NM_001351566.2	1859	1631.29	0	0
NM_001351567.3	2467	2239.29	33.1376	0.665967
NM_001351568.3	1906	1678.29	12.9717	0.347833
NM_001351569.2	5068	4840.29	213.305	1.98322
NM_001351570.1	5265	5037.29	0	0
NM_001351571.2	5363	5135.29	0	0
NM_001351572.2	1896	1668.29	0	0
NM_001351573.2	1829	1601.29	0	0
NM_001351574.3	894	666.361	0	0
NM_001351575.3	874	646.427	0	0
NM_001351576.1	1107	879.293	0	0
NM_001351577.1	4047	3819.29	342.121	4.03124
NM_001351578.2	3862	3634.29	0	0
NM_001351579.2	3909	3681.29	0.00289669	3.54114e-05
NM_001351580.2	4149	3921.29	0.00125584	1.44128e-05
NM_001351581.1	3774	3546.29	0	0
NM_001351582.2	3956	3728.29	13.3185	0.160764
NM_001351583.2	3852	3624.29	0.000796643	9.89196e-06
NM_001351584.2	3693	3465.29	0	0
NM_001351585.2	3993	3765.29	246.511	2.94632
NM_001351586.2	3696	3468.29	416.426	5.40337
NM_001351587.2	3582	3354.29	616.127	8.2663
NM_001351588.2	3525	3297.29	113.423	1.54805
NM_001351589.3	3075	2847.29	0	0
NM_001351590.2	11448	11220.3	522.235	2.09461
NM_001351591.2	1152	924.293	82.1667	4.00063
NM_001351592.2	1522	1294.29	0	0
NM_001351593.2	14062	13834.3	0	0
NM_001351594.2	14341	14113.3	80.1747	0.255653
NM_001351596.2	1274	1046.29	0	0
NM_001351597.1	939	711.293	0	0
NM_001351599.2	6207	5979.29	0	0
NM_001351600.2	6129	5901.29	0	0
NM_001351601.3	3904	3676.29	121.626	1.48888
NM_001351602.2	6303	6075.29	0	0
NM_001351603.3	3117	2889.29	0	0
NM_001351604.3	3661	3433.29	0	0
NM_001351605.3	2985	2757.29	0	0
NM_001351606.3	3590	3362.29	18.469	0.247201
NM_001351607.2	6333	6105.29	0	0
NM_001351608.2	5578	5350.29	0	0
NM_001351609.2	4984	4756.29	0	0
NM_001351610.1	5932	5704.29	51.5454	0.406659
NM_001351611.2	6001	5773.29	0	0
NM_001351612.2	6334	6106.29	261.444	1.92683
NM_001351613.1	5821	5593.29	22.8161	0.183576
NM_001351614.2	5875	5647.29	0	0
NM_001351615.2	6208	5980.29	63.4569	0.477528
NM_001351616.1	5695	5467.29	0	0
NM_001351617.2	5835	5607.29	15.9782	0.128238
NM_001351618.2	5961	5733.29	1.88053	0.0147611
NM_001351619.2	5999	5771.29	0	0
NM_001351620.2	5762	5534.29	0	0
NM_001351621.1	2260	2032.29	5.41473	0.119904
NM_001351622.2	1807	1579.29	0	0
NM_001351624.2	8752	8524.29	0	0
NM_001351625.3	8757	8529.29	6.09929	0.0321817
NM_001351628.2	620	394.338	0	0
NM_001351632.2	5963	5735.29	6.1573	0.0483144
NM_001351641.2	4097	3869.29	0	0
NM_001351642.2	4097	3869.29	0.857525	0.00997373
NM_001351643.2	4220	3992.29	47.5767	0.536308
NM_001351644.2	4016	3788.29	0.0675321	0.000802249
NM_001351645.2	4139	3911.29	14.9878	0.172449
NM_001351646.2	4010	3782.29	35.7988	0.425947
NM_001351647.2	4048	3820.29	75.82	0.893161
NM_001351648.2	3967	3739.29	23.5713	0.283685
NM_001351655.2	4781	4553.29	370.078	3.65771
NM_001351656.2	4869	4641.29	58.8197	0.57033
NM_001351657.2	4960	4732.29	0	0
NM_001351658.2	4842	4614.29	121.236	1.18241
NM_001351659.2	4929	4701.29	15.8912	0.152118
NM_001351660.2	5116	4888.29	0	0
NM_001351661.2	4916	4688.29	0	0
NM_001351663.2	4913	4685.29	2.14331e-08	2.05869e-10
NM_001351664.2	4524	4296.29	0	0
NM_001351669.2	5688	5460.29	79.9058	0.658574
NM_001351670.2	5592	5364.29	0	0
NM_001351671.2	5564	5336.29	13.3088	0.112239
NM_001351672.2	5465	5237.29	26.9513	0.231587
NM_001351675.1	1045	817.293	15.1952	0.836702
NM_001351678.2	2811	2583.29	0	0
NM_001351679.2	5076	4848.29	8.09844	0.0751718
NM_001351680.2	6087	5859.29	128.049	0.983499
NM_001351682.2	1702	1474.29	7.45886	0.227683
NM_001351683.4	3538	3310.29	0	0
NM_001351684.2	3402	3174.29	0	0
NM_001351693.2	7516	7288.29	66.7746	0.412314
NM_001351694.2	4990	4762.29	28.9859	0.273913
NM_001351695.2	6128	5900.29	511.307	3.89987
NM_001351702.2	2631	2403.29	20.8775	0.390943
NM_001351709.1	5866	5638.29	28.94	0.23099
NM_001351724.5	8176	7948.29	1105.22	6.25775
NM_001351725.2	6889	6661.29	1.84927e-05	1.24935e-07
NM_001351726.3	6805	6577.29	665.361	4.55252
NM_001351727.4	6956	6728.29	0	0
NM_001351728.4	7004	6776.29	310.612	2.06286
NM_001351729.2	3456	3228.29	16.9905	0.23685
NM_001351732.2	7575	7347.29	18.3018	0.112101
NM_001351733.2	7584	7356.29	0	0
NM_001351734.2	2984	2756.29	0.0597271	0.000975188
NM_001351735.2	2993	2765.29	0	0
NM_001351736.3	1242	1014.29	44.4119	1.97051
NM_001351737.2	1077	849.293	0	0
NM_001351738.2	1245	1017.29	16.3933	0.725208
NM_001351739.2	958	730.293	17.7277	1.09244
NM_001351743.2	3053	2825.29	221.589	3.52962
NM_001351744.2	3049	2821.29	0	0
NM_001351745.2	2912	2684.29	157.964	2.64832
NM_001351747.2	2920	2692.29	52.7911	0.882431
NM_001351748.2	2080	1852.29	150.168	3.64847
NM_001351750.2	2072	1844.29	349.648	8.53184
NM_001351753.2	2049	1821.29	149.531	3.69483
NM_001351760.2	2041	1813.29	303.457	7.53134
NM_001351761.2	2037	1809.29	122.016	3.03494
NM_001351762.2	2208	1980.29	168.648	3.8326
NM_001351773.2	6066	5838.29	75.6725	0.583303
NM_001351774.2	6331	6103.29	0	0
NM_001351775.2	6402	6174.29	0	0
NM_001351776.2	6253	6025.29	25.8986	0.193438
NM_001351777.2	5130	4902.29	0	0
NM_001351778.2	2628	2400.29	55.5579	1.04165
NM_001351779.2	4726	4498.29	1039.93	10.404
NM_001351782.2	5917	5689.29	49.6004	0.392346
NM_001351783.2	5491	5263.29	0	0
NM_001351784.2	5419	5191.29	0	0
NM_001351786.2	5501	5273.29	122.068	1.04175
NM_001351787.2	2514	2286.29	0	0
NM_001351788.2	5207	4979.29	0	0
NM_001351789.2	5818	5590.29	59.3456	0.477745
NM_001351790.2	5427	5199.29	16.6475	0.144095
NM_001351791.2	5166	4938.29	0	0
NM_001351792.2	5277	5049.29	0	0
NM_001351800.1	5156	4928.29	0	0
NM_001351804.1	3071	2843.29	0	0
NM_001351805.2	2693	2465.29	0	0
NM_001351806.2	2690	2462.29	0	0
NM_001351807.2	2747	2519.29	48.0848	0.858958
NM_001351808.2	2858	2630.29	27.0321	0.462507
NM_001351809.2	2856	2628.29	24.9218	0.426724
NM_001351810.2	2378	2150.29	0	0
NM_001351811.2	2724	2496.29	32.7848	0.591043
NM_001351812.2	2911	2683.29	0	0
NM_001351813.2	2815	2587.29	8.29295	0.144247
NM_001351814.2	2802	2574.29	29.4014	0.513986
NM_001351815.2	2603	2375.29	2.53729	0.0480724
NM_001351816.2	2803	2575.29	92.888	1.62321
NM_001351817.2	2252	2024.29	0	0
NM_001351818.2	2855	2627.29	10.1286	0.173494
NM_001351819.2	2744	2516.29	17.4349	0.311817
NM_001351820.2	2851	2623.29	0	0
NM_001351821.2	2732	2504.29	0	0
NM_001351822.2	2677	2449.29	2.2003e-05	4.04282e-07
NM_001351823.2	2873	2645.29	6.64682	0.113079
NM_001351824.2	2606	2378.29	7.80019	0.147598
NM_001351825.2	1181	953.293	0	0
NM_001351830.2	1555	1327.29	0	0
NM_001351834.2	13003	12775.3	339.571	1.19619
NM_001351835.2	524	302.192	22.1898	3.30455
NM_001351836.2	766	538.541	3.9808	0.332655
NM_001351846.2	3279	3051.29	447.082	6.59396
NM_001351850.2	8506	8278.29	0	0
NM_001351853.2	3060	2832.29	0	0
NM_001351854.2	3027	2799.29	0	0
NM_001351855.2	3361	3133.29	0	0
NM_001351856.2	3334	3106.29	0	0
NM_001351857.2	4447	4219.29	0	0
NM_001351858.2	3188	2960.29	0	0
NM_001351859.2	3522	3294.29	0	0
NM_001351860.2	3974	3746.29	3.96206	0.047595
NM_001351861.2	3489	3261.29	92.0585	1.27033
NM_001351862.2	3484	3256.29	0	0
NM_001351934.2	2154	1926.29	5.49709	0.128426
NM_001351937.2	1926	1698.29	20.3295	0.53871
NM_001351938.2	1845	1617.29	15.8123	0.439997
NM_001351940.3	4277	4049.29	0	0
NM_001351941.3	4283	4055.29	10.2377	0.113611
NM_001351942.3	4266	4038.29	0	0
NM_001351943.3	4937	4709.29	0	0
NM_001351957.2	3264	3036.29	10.3226	0.152999
NM_001351958.2	3312	3084.29	22.5902	0.329615
NM_001351959.2	3195	2967.29	2.12466e-06	3.22234e-08
NM_001351960.2	3533	3305.29	0.0984609	0.00134059
NM_001351961.2	2438	2210.29	20.5964	0.419356
NM_001351962.2	2321	2093.29	202.169	4.34638
NM_001351963.2	2994	2766.29	0.276914	0.00450494
NM_001351964.2	3283	3055.29	0	0
NM_001351965.2	3455	3227.29	16.4301	0.22911
NM_001351966.2	3338	3110.29	0	0
NM_001351967.2	10159	9931.29	2.28544	0.0103563
NM_001351968.2	10142	9914.29	8.25865	0.0374878
NM_001351969.2	3049	2821.29	50.2793	0.802016
NM_001351970.2	10139	9911.29	5.23323	0.0237619
NM_001351971.2	3588	3360.29	8.19687	0.109777
NM_001351972.2	3240	3012.29	2.12829	0.0317963
NM_001351973.2	10167	9939.29	0	0
NM_001351974.2	3357	3129.29	29.5055	0.424325
NM_001351976.2	4780	4552.29	36.4843	0.360676
NM_001351977.2	2252	2024.29	122.552	2.72451
NM_001351978.2	2353	2125.29	26.9081	0.569779
NM_001351979.2	4251	4023.29	0	0
NM_001351980.2	4349	4121.29	9.7185	0.106123
NM_001351985.2	7626	7398.29	102.457	0.623238
NM_001351986.2	4337	4109.29	16.7131	0.183035
NM_001351987.2	4906	4678.29	0	0
NM_001351988.2	4453	4225.29	7.91754	0.0843288
NM_001351989.2	4267	4039.29	19.6433	0.218852
NM_001351990.2	4301	4073.29	0	0
NM_001351991.2	4008	3780.29	0.164547	0.00195888
NM_001351992.2	3981	3753.29	7.68831	0.0921851
NM_001351993.2	3861	3633.29	11.5974	0.14365
NM_001351994.2	1360	1132.29	0	0
NM_001351995.2	1192	964.293	46.1422	2.15343
NM_001351996.2	1045	817.293	0	0
NM_001352.5	2170	1942.29	394.746	9.14629
NM_001352000.1	5427	5199.29	163.057	1.41136
NM_001352001.2	2972	2744.29	0	0
NM_001352002.2	2926	2698.29	393.002	6.55463
NM_001352003.2	2939	2711.29	0	0
NM_001352004.2	2893	2665.29	0	0
NM_001352005.2	2936	2708.29	0	0
NM_001352006.2	3056	2828.29	0	0
NM_001352007.2	3023	2795.29	0	0
NM_001352008.2	3060	2832.29	769.486	12.2266
NM_001352009.2	2692	2464.29	0	0
NM_001352011.2	2557	2329.29	0.799509	0.0154469
NM_001352012.2	2053	1825.29	0	0
NM_001352013.2	1982	1754.29	3.13242	0.0803564
NM_001352014.2	2281	2053.29	0	0
NM_001352015.3	1687	1459.29	0	0
NM_001352016.2	3148	2920.29	23.7369	0.365797
NM_001352017.2	3030	2802.29	3.87378	0.0622104
NM_001352018.2	3033	2805.29	0.893408	0.0143322
NM_001352019.2	2878	2650.29	0	0
NM_001352020.1	2555	2327.29	17.2518	0.333601
NM_001352021.2	2660	2432.29	13.3182	0.246418
NM_001352025.3	7482	7254.29	52.1659	0.323619
NM_001352026.3	7339	7111.29	11.8733	0.075139
NM_001352027.3	7451	7223.29	244.638	1.52416
NM_001352028.1	6811	6583.29	3.1095	0.0212564
NM_001352029.1	7116	6888.29	46.8093	0.305818
NM_001352030.3	7195	6967.29	0	0
NM_001352031.3	7195	6967.29	0.000686913	4.43691e-06
NM_001352032.3	7450	7222.29	0	0
NM_001352033.2	2181	1953.29	1180.47	27.1975
NM_001352034.2	2181	1953.29	780.201	17.9755
NM_001352035.2	2101	1873.29	152.944	3.67424
NM_001352037.2	2183	1955.29	0	0
NM_001352047.1	2923	2695.29	0	0
NM_001352048.2	2823	2595.29	15.5415	0.269493
NM_001352051.2	1954	1726.29	32.2768	0.841432
NM_001352052.1	3019	2791.29	0	0
NM_001352053.2	2792	2564.29	0	0
NM_001352054.2	2296	2068.29	8.91981	0.194082
NM_001352057.2	1689	1461.29	29.323	0.903053
NM_001352059.2	1758	1530.29	71.8859	2.11403
NM_001352060.2	1728	1500.29	36.9955	1.10972
NM_001352061.2	2581	2353.29	0	0
NM_001352062.2	2430	2202.29	0	0
NM_001352063.2	2192	1964.29	0	0
NM_001352064.2	2174	1946.29	0	0
NM_001352065.2	2400	2172.29	0	0
NM_001352066.2	2556	2328.29	0	0
NM_001352067.2	1997	1769.29	0	0
NM_001352068.2	2027	1799.29	0	0
NM_001352071.2	6191	5963.29	294.972	2.22606
NM_001352078.2	2601	2373.29	14.287	0.270915
NM_001352079.2	2715	2487.29	20.626	0.37319
NM_001352080.2	2591	2363.29	21.5118	0.40964
NM_001352081.2	2586	2358.29	135.258	2.58112
NM_001352082.2	2559	2331.29	0	0
NM_001352083.2	2492	2264.29	0	0
NM_001352084.2	2441	2213.29	0	0
NM_001352086.2	2786	2558.29	39.3696	0.692553
NM_001352087.2	2396	2168.29	111.965	2.32383
NM_001352088.2	4579	4351.29	0	0
NM_001352089.2	4522	4294.29	116.496	1.22085
NM_001352090.2	4420	4192.29	8.22298	0.0882714
NM_001352091.2	4506	4278.29	49.4021	0.519657
NM_001352092.2	5054	4826.29	5.36512	0.0500274
NM_001352093.2	4595	4367.29	187.078	1.92776
NM_001352094.2	4640	4412.29	23.9993	0.244781
NM_001352095.2	4684	4456.29	41.6359	0.420472
NM_001352096.2	5042	4814.29	2.08306	0.019472
NM_001352097.2	4505	4277.29	21.2383	0.223456
NM_001352098.2	4237	4009.29	0	0
NM_001352099.2	4346	4118.29	12.7701	0.139546
NM_001352100.2	5638	5410.29	0	0
NM_001352101.2	4256	4028.29	24.6937	0.275872
NM_001352102.2	4623	4395.29	0	0
NM_001352103.2	4544	4316.29	0	0
NM_001352104.2	4579	4351.29	11.8255	0.122304
NM_001352105.2	4244	4016.29	3.01028	0.0337306
NM_001352106.2	4611	4383.29	0	0
NM_001352107.2	4969	4741.29	0	0
NM_001352108.2	4604	4376.29	80.0914	0.82361
NM_001352109.2	5593	5365.29	8.41917	0.0706184
NM_001352110.2	4592	4364.29	229.496	2.36648
NM_001352111.2	5581	5353.29	20.8374	0.175172
NM_001352112.2	5577	5349.29	3.79973	0.0319667
NM_001352113.2	5654	5426.29	33.9269	0.281374
NM_001352114.2	3959	3731.29	0	0
NM_001352115.2	5327	5099.29	1.57087	0.0138635
NM_001352116.2	5984	5756.29	0	0
NM_001352117.2	6052	5824.29	0	0
NM_001352118.2	4718	4490.29	0	0
NM_001352119.2	5315	5087.29	0.311595	0.00275643
NM_001352120.2	3702	3474.29	0	0
NM_001352127.3	11459	11231.3	182.875	0.732768
NM_001352129.2	783	555.487	0	0
NM_001352130.2	2757	2529.29	0	0
NM_001352131.2	2646	2418.29	0	0
NM_001352132.2	2625	2397.29	0	0
NM_001352133.2	2732	2504.29	0	0
NM_001352134.2	2601	2373.29	0	0
NM_001352135.2	2341	2113.29	0	0
NM_001352136.2	2527	2299.29	8.01308	0.156837
NM_001352137.2	2634	2406.29	0	0
NM_001352138.2	2517	2289.29	0	0
NM_001352139.2	2386	2158.29	19.4427	0.405405
NM_001352140.2	2493	2265.29	7.73321	0.153631
NM_001352141.2	2624	2396.29	0	0
NM_001352142.2	2419	2191.29	4.60051	0.0944817
NM_001352143.2	2526	2298.29	0	0
NM_001352144.2	2681	2453.29	0	0
NM_001352146.2	2443	2215.29	0	0
NM_001352147.2	2509	2281.29	0	0
NM_001352148.2	2747	2519.29	0	0
NM_001352149.2	2664	2436.29	0	0
NM_001352150.2	2167	1939.29	10.6195	0.246434
NM_001352151.2	2429	2201.29	0	0
NM_001352156.3	10230	10002.3	8.79028	0.0395499
NM_001352157.3	10182	9954.29	50.7639	0.229502
NM_001352158.3	10058	9830.29	109.258	0.500181
NM_001352161.2	2316	2088.29	36.4549	0.78561
NM_001352162.2	2121	1893.29	13.5998	0.323263
NM_001352163.2	2282	2054.29	0.000457876	1.00306e-05
NM_001352164.2	2039	1811.29	0	0
NM_001352165.2	2117	1889.29	53.5905	1.27653
NM_001352166.2	2261	2033.29	0.00310217	6.86605e-05
NM_001352167.2	2196	1968.29	0.000879122	2.01003e-05
NM_001352168.2	2230	2002.29	15.7902	0.354896
NM_001352169.2	5546	5318.29	0	0
NM_001352170.3	5501	5273.29	0	0
NM_001352171.3	5443	5215.29	430.489	3.71472
NM_001352172.3	5341	5113.29	226.315	1.99184
NM_001352173.2	1963	1735.29	0	0
NM_001352185.1	5962	5734.29	0	0
NM_001352186.2	6322	6094.29	0	0
NM_001352187.1	5965	5737.29	0	0
NM_001352188.1	6034	5806.29	0	0
NM_001352189.1	3322	3094.29	0	0
NM_001352190.1	3322	3094.29	0	0
NM_001352191.2	3071	2843.29	0	0
NM_001352192.2	3248	3020.29	0	0
NM_001352193.2	3251	3023.29	0	0
NM_001352194.2	3212	2984.29	0	0
NM_001352195.2	3569	3341.29	0	0
NM_001352196.2	2545	2317.29	0	0
NM_001352197.2	2473	2245.29	0	0
NM_001352198.2	3575	3347.29	0	0
NM_001352199.2	3317	3089.29	0	0
NM_001352200.2	3591	3363.29	0	0
NM_001352201.2	3209	2981.29	0	0
NM_001352202.2	3497	3269.29	0	0
NM_001352203.2	3287	3059.29	0	0
NM_001352204.2	3500	3272.29	0	0
NM_001352205.2	3572	3344.29	0	0
NM_001352206.2	3389	3161.29	0	0
NM_001352207.2	2929	2701.29	0	0
NM_001352208.2	2998	2770.29	0	0
NM_001352209.2	2926	2698.29	0	0
NM_001352210.2	2824	2596.29	0	0
NM_001352211.2	2641	2413.29	0	0
NM_001352212.2	2749	2521.29	0	0
NM_001352213.2	1780	1552.29	0	0
NM_001352214.2	1783	1555.29	0	0
NM_001352216.2	1708	1480.29	1.2981	0.0394641
NM_001352217.2	2732	2504.29	0	0
NM_001352218.2	2807	2579.29	0	0
NM_001352219.2	2990	2762.29	0	0
NM_001352220.2	2735	2507.29	0	0
NM_001352221.2	2912	2684.29	0	0
NM_001352222.2	2984	2756.29	0	0
NM_001352223.2	1963	1735.29	0	0
NM_001352224.2	2627	2399.29	0	0
NM_001352225.2	2813	2585.29	0	0
NM_001352232.2	2960	2732.29	0	0
NM_001352233.2	2769	2541.29	0	0
NM_001352234.2	2727	2499.29	0	0
NM_001352235.2	2491	2263.29	0	0
NM_001352236.2	2332	2104.29	0	0
NM_001352237.2	2135	1907.29	1	0.0235953
NM_001352238.2	2366	2138.29	0	0
NM_001352239.2	5020	4792.29	0	0
NM_001352240.2	5017	4789.29	28.51	0.267897
NM_001352241.2	4970	4742.29	77.0246	0.730943
NM_001352242.2	2471	2243.29	0	0
NM_001352243.2	4697	4469.29	0	0
NM_001352244.2	4775	4547.29	43.9805	0.435261
NM_001352245.2	2123	1895.29	0	0
NM_001352246.2	2195	1967.29	0	0
NM_001352247.2	2018	1790.29	0	0
NM_001352248.3	2402	2174.29	0	0
NM_001352249.2	2672	2444.29	0	0
NM_001352250.2	2318	2090.29	0	0
NM_001352252.2	1949	1721.29	14.5802	0.381198
NM_001352253.3	1537	1309.29	43.2742	1.48742
NM_001352259.2	2312	2084.29	0	0
NM_001352260.2	6940	6712.29	0	0
NM_001352262.2	1731	1503.29	0	0
NM_001352265.2	2079	1851.29	0	0
NM_001352266.2	1953	1725.29	0	0
NM_001352267.2	4843	4615.29	0	0
NM_001352268.2	4652	4424.29	0	0
NM_001352269.2	4927	4699.29	0	0
NM_001352270.2	5075	4847.29	0	0
NM_001352271.2	5757	5529.29	1.10341	0.00898068
NM_001352272.2	5368	5140.29	5.66285	0.0495781
NM_001352273.2	5308	5080.29	10.4121	0.092234
NM_001352275.2	2493	2265.29	0	0
NM_001352276.2	2439	2211.29	0	0
NM_001352277.2	2436	2208.29	0	0
NM_001352278.2	2391	2163.29	0.203915	0.00424204
NM_001352279.2	2337	2109.29	0	0
NM_001352280.2	2476	2248.29	0	0
NM_001352281.2	2473	2245.29	111.192	2.22866
NM_001352282.2	2419	2191.29	18.334	0.37653
NM_001352283.2	2485	2257.29	124.495	2.48203
NM_001352284.2	2377	2149.29	13.1034	0.274366
NM_001352285.2	2374	2146.29	13.0912	0.274495
NM_001352286.2	2335	2107.29	0	0
NM_001352287.1	2551	2323.29	0.000127803	2.47559e-06
NM_001352288.2	2550	2322.29	0	0
NM_001352289.2	2591	2363.29	149.351	2.84402
NM_001352290.2	2572	2344.29	467.629	8.977
NM_001352291.2	2501	2273.29	18.4232	0.364714
NM_001352292.2	2555	2327.29	107.632	2.08128
NM_001352293.2	2567	2339.29	47.3164	0.910269
NM_001352294.2	2473	2245.29	0	0
NM_001352298.2	3751	3523.29	9.10091	0.116246
NM_001352299.2	4288	4060.29	1.07501e-06	1.19151e-08
NM_001352300.2	3170	2942.29	42.8683	0.655681
NM_001352301.2	2020	1792.29	0	0
NM_001352302.2	2020	1792.29	14.4845	0.363695
NM_001352303.2	2232	2004.29	0.000552217	1.23991e-05
NM_001352304.2	1654	1426.29	0.26106	0.0082371
NM_001352305.2	6456	6228.29	96.8148	0.699544
NM_001352306.2	6526	6298.29	53.4696	0.382055
NM_001352307.2	6387	6159.29	3.85658	0.0281782
NM_001352308.2	6246	6018.29	17.5044	0.130893
NM_001352309.2	6487	6259.29	24.0896	0.173199
NM_001352310.2	6505	6277.29	0.00189761	1.36044e-05
NM_001352311.2	6530	6302.29	65.3454	0.466615
NM_001352312.2	6490	6262.29	470.548	3.38152
NM_001352313.2	6370	6142.29	0	0
NM_001352314.2	6370	6142.29	0	0
NM_001352315.2	6225	5997.29	3.66128	0.0274739
NM_001352316.2	6317	6089.29	6.95345	0.0513896
NM_001352317.2	6277	6049.29	54.8894	0.408344
NM_001352318.2	6157	5929.29	0	0
NM_001352319.2	6274	6046.29	46.13	0.34335
NM_001352320.2	6217	5989.29	95.6612	0.718791
NM_001352321.2	6319	6091.29	0.521565	0.00385338
NM_001352322.2	6106	5878.29	0.329644	0.00252369
NM_001352323.2	6106	5878.29	36.7138	0.281074
NM_001352324.2	1694	1466.29	2.80535e-05	8.61012e-07
NM_001352325.2	3258	3030.29	35.5414	0.527828
NM_001352326.2	3045	2817.29	6.52489e-08	1.04228e-09
NM_001352328.2	923	695.293	0	0
NM_001352329.2	908	680.293	0	0
NM_001352330.2	924	696.293	0	0
NM_001352331.2	460	243.274	0.265946	0.0491972
NM_001352332.2	409	199.348	0	0
NM_001352347.2	5018	4790.29	0	0
NM_001352348.2	5250	5022.29	41.6481	0.373194
NM_001352350.2	5003	4775.29	0	0
NM_001352351.2	4788	4560.29	35.6385	0.351697
NM_001352352.2	5039	4811.29	0	0
NM_001352353.2	4670	4442.29	20.2827	0.205476
NM_001352354.2	5247	5019.29	0	0
NM_001352355.2	4752	4524.29	46.3569	0.461111
NM_001352356.2	5120	4892.29	0	0
NM_001352357.2	5116	4888.29	0	0
NM_001352358.2	4868	4640.29	0	0
NM_001352359.2	4851	4623.29	1.84131	0.0179232
NM_001352360.2	5160	4932.29	0	0
NM_001352361.2	4839	4611.29	351.941	3.43471
NM_001352362.2	5095	4867.29	57.0464	0.527452
NM_001352363.2	5112	4884.29	130.871	1.20583
NM_001352364.2	5217	4989.29	0	0
NM_001352365.2	5021	4793.29	184.452	1.73178
NM_001352366.2	4985	4757.29	0	0
NM_001352368.2	5177	4949.29	234.881	2.13573
NM_001352369.2	5115	4887.29	0	0
NM_001352370.2	4857	4629.29	0	0
NM_001352371.2	5166	4938.29	0	0
NM_001352372.2	5199	4971.29	0	0
NM_001352373.2	5033	4805.29	0	0
NM_001352374.2	4770	4542.29	0	0
NM_001352375.2	5199	4971.29	836.054	7.56846
NM_001352376.2	5130	4902.29	0	0
NM_001352377.2	5072	4844.29	0	0
NM_001352378.2	4897	4669.29	40.3718	0.389108
NM_001352379.2	5356	5128.29	0	0
NM_001352380.2	5108	4880.29	0	0
NM_001352381.2	2102	1874.29	35.3942	0.849839
NM_001352382.2	2320	2092.29	9.46951	0.20368
NM_001352383.2	2020	1792.29	0	0
NM_001352384.2	1975	1747.29	0	0
NM_001352385.2	6461	6233.29	39.0735	0.282102
NM_001352387.2	2526	2298.29	0	0
NM_001352388.2	2731	2503.29	0	0
NM_001352389.2	2796	2568.29	0	0
NM_001352390.2	2607	2379.29	0	0
NM_001352391.2	2624	2396.29	0	0
NM_001352392.2	2591	2363.29	0	0
NM_001352393.2	2492	2264.29	0	0
NM_001352394.2	2447	2219.29	0	0
NM_001352395.2	2323	2095.29	0	0
NM_001352396.2	3033	2805.29	0	0
NM_001352397.2	3120	2892.29	0	0
NM_001352398.2	3154	2926.29	0	0
NM_001352399.2	2294	2066.29	0	0
NM_001352400.2	2520	2292.29	82.8691	1.62691
NM_001352401.2	2474	2246.29	0	0
NM_001352403.2	5345	5117.29	15.6714	0.137819
NM_001352406.2	5469	5241.29	109.402	0.939352
NM_001352407.2	5583	5355.29	7.90235	0.0664072
NM_001352408.2	1081	853.293	38.443	2.0275
NM_001352409.1	5998	5770.29	0	0
NM_001352410.1	6141	5913.29	26.6697	0.202969
NM_001352411.2	6438	6210.29	24.469	0.177315
NM_001352412.2	6268	6040.29	0	0
NM_001352413.1	6162	5934.29	0	0
NM_001352414.2	6289	6061.29	0	0
NM_001352415.1	6111	5883.29	0	0
NM_001352416.1	6107	5879.29	0	0
NM_001352417.1	5830	5602.29	0	0
NM_001352418.1	6014	5786.29	0	0
NM_001352419.1	6128	5900.29	0	0
NM_001352420.2	6563	6335.29	67.3989	0.478772
NM_001352421.2	6497	6269.29	1.58093	0.0113485
NM_001352422.2	6577	6349.29	0	0
NM_001352423.2	6315	6087.29	0	0
NM_001352424.2	2976	2748.29	13.8263	0.226405
NM_001352425.2	2979	2751.29	10.7134	0.175239
NM_001352426.2	2914	2686.29	10.4181	0.174533
NM_001352427.2	2932	2704.29	10.572	0.175933
NM_001352428.2	2672	2444.29	5.59031	0.102926
NM_001352429.2	2975	2747.29	0	0
NM_001352430.2	1601	1373.29	0.435067	0.0142572
NM_001352431.2	1666	1438.29	16.2277	0.507751
NM_001352432.3	896	668.361	14.7809	0.995249
NM_001352434.2	2048	1820.29	68.306	1.68873
NM_001352435.2	1885	1657.29	0	0
NM_001352436.2	2146	1918.29	9.35909	0.219564
NM_001352440.1	7598	7370.29	0	0
NM_001352441.1	7493	7265.29	0	0
NM_001352442.2	7216	6988.29	6.39938	0.0412106
NM_001352443.2	6851	6623.29	0	0
NM_001352445.1	2160	1932.29	0	0
NM_001352446.1	1758	1530.29	0	0
NM_001352447.2	2473	2245.29	16.7823	0.336373
NM_001352448.3	2883	2655.29	26.1766	0.443653
NM_001352449.2	2641	2413.29	22.7006	0.423321
NM_001352450.2	3079	2851.29	0	0
NM_001352451.2	2226	1998.29	19.7969	0.445842
NM_001352452.2	2654	2426.29	57.5266	1.06701
NM_001352453.2	2006	1778.29	3.46438e-05	8.76726e-07
NM_001352454.2	2483	2255.29	0	0
NM_001352455.2	2576	2348.29	13.2992	0.254868
NM_001352456.2	2664	2436.29	0	0
NM_001352457.2	2402	2174.29	0	0
NM_001352458.2	2827	2599.29	0	0
NM_001352459.2	2480	2252.29	0	0
NM_001352460.2	2805	2577.29	0	0
NM_001352461.2	2621	2393.29	0	0
NM_001352462.2	2802	2574.29	0	0
NM_001352463.2	2491	2263.29	0	0
NM_001352464.2	2667	2439.29	11.0566	0.203986
NM_001352465.2	1648	1420.29	14.685	0.465306
NM_001352466.2	2050	1822.29	113.393	2.80034
NM_001352467.2	2174	1946.29	50.1416	1.1594
NM_001352469.2	4718	4490.29	0	0
NM_001352470.2	4712	4484.29	0.765968	0.00768704
NM_001352471.2	4648	4420.29	2.83802	0.0288939
NM_001352472.2	5892	5664.29	39.1511	0.311058
NM_001352473.2	4746	4518.29	0.00103981	1.03567e-05
NM_001352474.2	5045	4817.29	70.2633	0.656399
NM_001352476.2	3791	3563.29	0	0
NM_001352477.2	2965	2737.29	35.8942	0.590126
NM_001352478.2	3104	2876.29	4.47929	0.070084
NM_001352479.2	1888	1660.29	19.6165	0.531716
NM_001352480.2	3333	3105.29	8.00834e-07	1.1606e-08
NM_001352481.2	1790	1562.29	4.76423e-08	1.37237e-09
NM_001352482.2	4792	4564.29	0	0
NM_001352483.1	4655	4427.29	0	0
NM_001352484.2	4890	4662.29	0	0
NM_001352485.1	5109	4881.29	0	0
NM_001352486.2	5119	4891.29	0	0
NM_001352487.2	5217	4989.29	0	0
NM_001352488.2	5451	5223.29	0	0
NM_001352489.2	5192	4964.29	0	0
NM_001352490.2	5549	5321.29	9.59603	0.0811552
NM_001352491.2	5003	4775.29	0	0
NM_001352492.2	5869	5641.29	0	0
NM_001352493.2	3902	3674.29	0	0
NM_001352494.2	4000	3772.29	0	0
NM_001352495.2	2208	1980.29	45.5251	1.03458
NM_001352496.2	2786	2558.29	259.473	4.5644
NM_001352497.2	2732	2504.29	0	0
NM_001352498.2	3495	3267.29	65.9302	0.90811
NM_001352500.2	4011	3783.29	255.497	3.03919
NM_001352501.2	3928	3700.29	0	0
NM_001352502.2	3931	3703.29	0	0
NM_001352503.2	4004	3776.29	142.047	1.69281
NM_001352504.2	2159	1931.29	13.8536	0.322817
NM_001352505.2	1959	1731.29	67.7574	1.76128
NM_001352506.2	4038	3810.29	0	0
NM_001352507.2	4917	4689.29	13.1085	0.125802
NM_001352508.2	4602	4374.29	7.76124	0.0798483
NM_001352510.2	4995	4767.29	203.552	1.92152
NM_001352511.3	4232	4004.29	0	0
NM_001352512.2	4978	4750.29	71.9128	0.681284
NM_001352514.2	8273	8045.29	166.33	0.930402
NM_001352515.2	8101	7873.29	317.283	1.81356
NM_001352516.2	8304	8076.29	0	0
NM_001352517.1	8259	8031.29	0	0
NM_001352518.2	8117	7889.29	0	0
NM_001352519.2	1611	1383.29	16.4677	0.535748
NM_001352520.2	3405	3177.29	115.169	1.63125
NM_001352521.2	2946	2718.29	0	0
NM_001352522.2	2573	2345.29	0	0
NM_001352523.2	2395	2167.29	0	0
NM_001352524.2	2289	2061.29	0	0
NM_001352525.2	2715	2487.29	6.54551	0.118429
NM_001352526.2	2335	2107.29	5.1874	0.110781
NM_001352527.2	2950	2722.29	0	0
NM_001352528.2	2793	2565.29	0	0
NM_001352529.2	2698	2470.29	4.08978	0.0745064
NM_001352530.2	2487	2259.29	0	0
NM_001352531.2	2247	2019.29	0	0
NM_001352532.2	2140	1912.29	0	0
NM_001352533.2	2285	2057.29	0	0
NM_001352534.2	2304	2076.29	0	0
NM_001352535.2	2349	2121.29	0	0
NM_001352536.2	2049	1821.29	0	0
NM_001352537.2	2242	2014.29	0	0
NM_001352538.2	2147	1919.29	9.44938	0.221567
NM_001352539.2	2194	1966.29	0	0
NM_001352540.2	2249	2021.29	0	0
NM_001352541.2	2152	1924.29	5.22906	0.122291
NM_001352542.2	2280	2052.29	0	0
NM_001352543.2	2734	2506.29	0	0
NM_001352544.2	2119	1891.29	0	0
NM_001352545.2	2093	1865.29	0	0
NM_001352546.2	1983	1755.29	0	0
NM_001352547.2	2090	1862.29	6.08593	0.147069
NM_001352548.2	2288	2060.29	0	0
NM_001352549.2	2097	1869.29	0	0
NM_001352550.2	2144	1916.29	0	0
NM_001352551.2	1944	1716.29	0	0
NM_001352552.2	2549	2321.29	0	0
NM_001352553.2	2454	2226.29	0	0
NM_001352554.2	2243	2015.29	0	0
NM_001352555.2	1999	1771.29	0	0
NM_001352560.2	5419	5191.29	83.3865	0.722873
NM_001352561.2	5169	4941.29	113.854	1.03694
NM_001352568.1	4019	3791.29	1.89007e-07	2.24354e-09
NM_001352569.1	4029	3801.29	294.028	3.48097
NM_001352570.1	3234	3006.29	0	0
NM_001352571.1	4218	3990.29	7.58929e-07	8.55931e-09
NM_001352572.1	3986	3758.29	531.615	6.36574
NM_001352573.1	3975	3747.29	0	0
NM_001352574.2	3865	3637.29	1.67269e-08	2.06957e-10
NM_001352575.2	3855	3627.29	0	0
NM_001352576.2	3854	3626.29	0	0
NM_001352577.2	3822	3594.29	10.8907	0.13636
NM_001352578.2	3821	3593.29	0	0
NM_001352579.2	4233	4005.29	7.68119	0.0863051
NM_001352580.2	3768	3540.29	13.106	0.1666
NM_001352581.1	3825	3597.29	56.9407	0.712344
NM_001352582.2	3628	3400.29	0	0
NM_001352583.1	3865	3637.29	0	0
NM_001352584.1	3875	3647.29	35.5224	0.438303
NM_001352585.1	3898	3670.29	0	0
NM_001352586.1	4014	3786.29	5.51138e-08	6.55071e-10
NM_001352587.1	3981	3753.29	8.05299e-08	9.65577e-10
NM_001352588.1	3792	3564.29	105.063	1.32653
NM_001352591.2	8077	7849.29	46.5516	0.266899
NM_001352592.2	8192	7964.29	0	0
NM_001352593.2	4063	3835.29	72.0765	0.845741
NM_001352594.2	3888	3660.29	24.1896	0.297409
NM_001352595.2	7615	7387.29	0	0
NM_001352596.2	1933	1705.29	97.3125	2.5681
NM_001352597.2	1452	1224.29	4.36934	0.16061
NM_001352598.2	4460	4232.29	0	0
NM_001352599.2	4484	4256.29	0	0
NM_001352600.2	4376	4148.29	103.491	1.12273
NM_001352601.2	4085	3857.29	69.3985	0.809673
NM_001352602.2	3977	3749.29	0	0
NM_001352603.1	3955	3727.29	2.08129e-06	2.51293e-08
NM_001352604.2	4005	3777.29	24.5453	0.292436
NM_001352605.2	2430	2202.29	0	0
NM_001352606.2	2340	2112.29	0	0
NM_001352607.2	2265	2037.29	3.3089	0.0730924
NM_001352608.2	2262	2034.29	0	0
NM_001352609.2	2096	1868.29	6.85669	0.165163
NM_001352610.2	2405	2177.29	0	0
NM_001352611.2	2351	2123.29	0	0
NM_001352612.2	2261	2033.29	0	0
NM_001352614.4	5661	5433.29	91.2548	0.755849
NM_001352615.4	5933	5705.29	0	0
NM_001352616.4	5494	5266.29	0	0
NM_001352617.4	5694	5466.29	3.54619	0.0291952
NM_001352618.4	5574	5346.29	150.392	1.26594
NM_001352632.2	8781	8553.29	266.371	1.40151
NM_001352633.2	9103	8875.29	13.3118	0.067499
NM_001352634.2	8664	8436.29	53.8394	0.287204
NM_001352635.2	8968	8740.29	0	0
NM_001352636.2	8607	8379.29	387.108	2.07906
NM_001352637.2	8604	8376.29	426.348	2.29063
NM_001352638.2	8849	8621.29	0	0
NM_001352639.2	8499	8271.29	4.81306	0.0261873
NM_001352640.2	8490	8262.29	75.956	0.413717
NM_001352641.2	8475	8247.29	371.92	2.02946
NM_001352642.2	8494	8266.29	0	0
NM_001352643.2	5451	5223.29	556.717	4.79659
NM_001352644.2	8487	8259.29	83.9132	0.457225
NM_001352645.2	8824	8596.29	0	0
NM_001352646.2	8463	8235.29	65.1064	0.355785
NM_001352647.2	8395	8167.29	5.49885	0.0302995
NM_001352648.2	8803	8575.29	0	0
NM_001352649.2	8466	8238.29	58.8677	0.321575
NM_001352650.2	9106	8878.29	0	0
NM_001352651.2	8701	8473.29	212.066	1.12632
NM_001352652.2	8584	8356.29	81.6348	0.439647
NM_001352653.2	8989	8761.29	0	0
NM_001352654.2	5169	4941.29	184.909	1.68407
NM_001352655.2	5322	5094.29	126.74	1.11962
NM_001352656.2	5506	5278.29	0	0
NM_001352657.2	5671	5443.29	0	0
NM_001352658.2	5334	5106.29	40.5869	0.357703
NM_001352659.2	2128	1900.29	27.4839	0.650878
NM_001352660.2	2465	2237.29	0	0
NM_001352661.2	2510	2282.29	85.5877	1.68765
NM_001352662.2	2420	2192.29	5.01968	0.103043
NM_001352663.2	2426	2198.29	170.824	3.49708
NM_001352664.2	2380	2152.29	107.937	2.25689
NM_001352665.2	2290	2062.29	5.697	0.124319
NM_001352666.2	2294	2066.29	5.46489	0.119023
NM_001352667.2	2055	1827.29	3.58688	0.0883386
NM_001352668.2	2320	2092.29	163.316	3.51276
NM_001352669.2	2384	2156.29	103.616	2.16253
NM_001352670.2	2283	2055.29	67.7846	1.48422
NM_001352671.2	2193	1965.29	2.87345	0.065799
NM_001352672.2	2569	2341.29	17.6945	0.340113
NM_001352676.2	6826	6598.29	0	0
NM_001352677.2	6477	6249.29	0	0
NM_001352678.2	6766	6538.29	0	0
NM_001352679.2	6705	6477.29	0	0
NM_001352680.2	6668	6440.29	488.391	3.41275
NM_001352681.1	6229	6001.29	107.105	0.803173
NM_001352684.2	9823	9595.29	0	0
NM_001352685.2	9779	9551.29	0	0
NM_001352686.2	9744	9516.29	0	0
NM_001352687.2	1099	871.293	175.172	9.04778
NM_001352688.2	1011	783.293	1273.83	73.1861
NM_001352691.2	3141	2913.29	0	0
NM_001352692.2	2869	2641.29	1.29424	0.0220516
NM_001352693.2	2848	2620.29	11.155	0.191586
NM_001352694.2	4915	4687.29	0	0
NM_001352695.2	5043	4815.29	0	0
NM_001352696.2	4885	4657.29	0	0
NM_001352697.2	5461	5233.29	0	0
NM_001352698.2	5361	5133.29	0	0
NM_001352699.2	5044	4816.29	0	0
NM_001352700.2	5047	4819.29	0	0
NM_001352701.2	5235	5007.29	0	0
NM_001352702.2	5136	4908.29	0	0
NM_001352703.2	5162	4934.29	0	0
NM_001352704.2	5115	4887.29	0	0
NM_001352705.2	5277	5049.29	0	0
NM_001352706.2	4963	4735.29	0	0
NM_001352707.2	5078	4850.29	0	0
NM_001352708.2	5021	4793.29	0	0
NM_001352709.2	5052	4824.29	0	0
NM_001352710.2	5019	4791.29	0	0
NM_001352711.2	4960	4732.29	0	0
NM_001352712.2	5242	5014.29	0	0
NM_001352713.2	4945	4717.29	0	0
NM_001352714.2	5034	4806.29	0	0
NM_001352715.2	4942	4714.29	0	0
NM_001352716.2	5028	4800.29	0	0
NM_001352717.2	5022	4794.29	0	0
NM_001352718.2	5013	4785.29	0	0
NM_001352719.2	4982	4754.29	0	0
NM_001352720.2	4924	4696.29	0	0
NM_001352721.2	4900	4672.29	0	0
NM_001352722.2	4958	4730.29	0	0
NM_001352723.2	4989	4761.29	0	0
NM_001352724.2	4971	4743.29	10.4709	0.099345
NM_001352725.2	5008	4780.29	0	0
NM_001352726.2	4944	4716.29	0	0
NM_001352727.2	4819	4591.29	0	0
NM_001352728.2	4807	4579.29	0	0
NM_001352729.2	4792	4564.29	0	0
NM_001352730.2	4880	4652.29	0	0
NM_001352731.2	4963	4735.29	0	0
NM_001352732.2	4871	4643.29	0	0
NM_001352733.2	4859	4631.29	0	0
NM_001352734.2	4817	4589.29	0	0
NM_001352735.2	4875	4647.29	0	0
NM_001352736.2	4865	4637.29	5.42309	0.0526289
NM_001352737.2	4928	4700.29	0	0
NM_001352738.2	4790	4562.29	0	0
NM_001352739.2	4893	4665.29	0	0
NM_001352740.2	4864	4636.29	0	0
NM_001352741.2	4757	4529.29	0	0
NM_001352742.2	4733	4505.29	4.29168	0.0428693
NM_001352743.2	4822	4594.29	0	0
NM_001352744.2	4688	4460.29	0	0
NM_001352745.2	4670	4442.29	0	0
NM_001352746.2	4625	4397.29	0	0
NM_001352747.2	5141	4913.29	0	0
NM_001352748.2	1856	1628.29	5.49026	0.151741
NM_001352749.2	2957	2729.29	0	0
NM_001352750.2	2948	2720.29	20.1038	0.332586
NM_001352751.2	2894	2666.29	0	0
NM_001352752.2	2885	2657.29	0	0
NM_001352754.2	7879	7651.29	152.466	0.896769
NM_001352755.2	2462	2234.29	0	0
NM_001352756.2	2458	2230.29	24.8981	0.502396
NM_001352757.2	2116	1888.29	49.3285	1.17563
NM_001352758.2	2114	1886.29	0	0
NM_001352759.2	2110	1882.29	0	0
NM_001352760.3	1378	1150.29	0.265804	0.0103991
NM_001352761.3	1169	941.293	0.0366284	0.0017512
NM_001352762.2	10178	9950.29	25.124	0.113631
NM_001352763.2	10125	9897.29	14.527	0.0660543
NM_001352764.2	10129	9901.29	0	0
NM_001352765.2	10099	9871.29	14.3506	0.0654243
NM_001352766.2	10244	10016.3	20.509	0.0921468
NM_001352769.1	2218	1990.29	2.38213	0.053863
NM_001352773.2	3527	3299.29	0	0
NM_001352774.2	3205	2977.29	0	0
NM_001352775.2	3227	2999.29	0	0
NM_001352776.2	3317	3089.29	0	0
NM_001352777.2	3158	2930.29	9.09938e-06	1.39747e-07
NM_001352778.2	7640	7412.29	27.5715	0.167398
NM_001352779.2	7806	7578.29	0.643921	0.00382387
NM_001352780.2	7553	7325.29	2.06497	0.0126862
NM_001352781.2	7719	7491.29	111.964	0.672611
NM_001352782.2	7397	7169.29	353.929	2.22168
NM_001352783.2	7683	7455.29	798.354	4.81918
NM_001352784.2	7310	7082.29	25.7496	0.163621
NM_001352785.2	7366	7138.29	0	0
NM_001352786.2	7965	7737.29	0	0
NM_001352787.2	7453	7225.29	0	0
NM_001352788.2	7388	7160.29	0	0
NM_001352789.2	7236	7008.29	1.46726e-06	9.42189e-09
NM_001352790.2	7281	7053.29	234.136	1.49389
NM_001352791.1	7341	7113.29	0	0
NM_001352792.2	7349	7121.29	26.0529	0.164642
NM_001352793.2	7233	7005.29	53.8746	0.346099
NM_001352794.2	7349	7121.29	10.8015	0.0682599
NM_001352795.2	7149	6921.29	7.54277e-08	4.9044e-10
NM_001352796.2	7194	6966.29	16.116	0.104111
NM_001352797.2	7371	7143.29	0	0
NM_001352798.1	7316	7088.29	175.619	1.11499
NM_001352799.2	7262	7034.29	0.533862	0.00341547
NM_001352800.2	3202	2974.29	57.7878	0.874369
NM_001352801.2	6489	6261.29	147.944	1.06335
NM_001352802.1	2773	2545.29	0	0
NM_001352803.2	6453	6225.29	0.0365563	0.000264268
NM_001352804.2	6080	5852.29	0	0
NM_001352808.2	3481	3253.29	0	0
NM_001352809.2	3533	3305.29	0	0
NM_001352810.2	3476	3248.29	0	0
NM_001352811.2	3434	3206.29	0	0
NM_001352812.2	2588	2360.29	0.000255241	4.86661e-06
NM_001352813.2	2633	2405.29	0	0
NM_001352814.2	2574	2346.29	0.88954	0.0170618
NM_001352815.1	3473	3245.29	3.60991	0.0500593
NM_001352816.2	3252	3024.29	0	0
NM_001352817.1	3098	2870.29	0	0
NM_001352820.2	2603	2375.29	4.08907	0.0774729
NM_001352821.2	2450	2222.29	0	0
NM_001352822.2	2367	2139.29	0	0
NM_001352823.2	2453	2225.29	0	0
NM_001352824.2	2549	2321.29	52.4955	1.01773
NM_001352825.2	3029	2801.29	9.88797	0.158851
NM_001352826.2	6225	5997.29	0	0
NM_001352827.2	6247	6019.29	0	0
NM_001352828.2	6422	6194.29	0	0
NM_001352829.2	6168	5940.29	0	0
NM_001352830.2	6101	5873.29	0	0
NM_001352831.2	6385	6157.29	0	0
NM_001352832.2	6091	5863.29	0	0
NM_001352833.2	6012	5784.29	0	0
NM_001352834.2	6093	5865.29	0	0
NM_001352835.2	6146	5918.29	0	0
NM_001352836.2	5750	5522.29	0	0
NM_001352837.2	6302	6074.29	0	0
NM_001352838.2	6100	5872.29	0	0
NM_001352839.2	5728	5500.29	0	0
NM_001352840.2	6071	5843.29	0	0
NM_001352841.2	6031	5803.29	0	0
NM_001352842.2	6146	5918.29	0	0
NM_001352843.2	6150	5922.29	0	0
NM_001352844.2	5990	5762.29	0	0
NM_001352845.2	6067	5839.29	0	0
NM_001352846.2	6187	5959.29	0	0
NM_001352847.2	5911	5683.29	0	0
NM_001352848.2	5649	5421.29	0	0
NM_001352849.2	6079	5851.29	0	0
NM_001352850.2	6191	5963.29	0	0
NM_001352851.2	6098	5870.29	0	0
NM_001352852.2	5680	5452.29	0	0
NM_001352853.2	6177	5949.29	0	0
NM_001352854.2	6102	5874.29	0	0
NM_001352855.2	5759	5531.29	0	0
NM_001352856.2	6057	5829.29	0	0
NM_001352857.2	6213	5985.29	0	0
NM_001352858.2	6004	5776.29	0	0
NM_001352859.2	6059	5831.29	0	0
NM_001352860.2	5980	5752.29	0	0
NM_001352861.2	6179	5951.29	0	0
NM_001352862.2	5972	5744.29	0	0
NM_001352863.2	6306	6078.29	0	0
NM_001352864.2	6238	6010.29	0	0
NM_001352865.2	6234	6006.29	0	0
NM_001352866.2	6155	5927.29	0	0
NM_001352867.2	6281	6053.29	0	0
NM_001352868.2	6257	6029.29	0	0
NM_001352869.2	6145	5917.29	0	0
NM_001352870.2	5926	5698.29	0	0
NM_001352871.2	5504	5276.29	0	0
NM_001352872.2	5766	5538.29	0	0
NM_001352873.2	5403	5175.29	0	0
NM_001352874.2	5904	5676.29	0	0
NM_001352875.2	5968	5740.29	0	0
NM_001352876.2	5130	4902.29	0	0
NM_001352877.2	6390	6162.29	0	0
NM_001352878.2	6232	6004.29	0	0
NM_001352879.1	2713	2485.29	0	0
NM_001352880.1	4559	4331.29	0	0
NM_001352881.1	1882	1654.29	0	0
NM_001352882.1	4539	4311.29	0	0
NM_001352883.2	4550	4322.29	0	0
NM_001352884.2	2724	2496.29	0	0
NM_001352885.1	3123	2895.29	2.00143	0.0311094
NM_001352888.2	6893	6665.29	7.4505	0.0503047
NM_001352890.3	5527	5299.29	166.257	1.4119
NM_001352891.3	1447	1219.29	5.98403	0.220865
NM_001352892.2	2629	2401.29	47.2523	0.885565
NM_001352893.2	2551	2323.29	45.7976	0.887118
NM_001352894.2	2449	2221.29	0	0
NM_001352899.2	2985	2757.29	0	0
NM_001352900.2	4555	4327.29	0	0
NM_001352901.2	4530	4302.29	0	0
NM_001352902.2	3261	3033.29	19.9419	0.295866
NM_001352903.2	4651	4423.29	0	0
NM_001352904.2	3165	2937.29	0	0
NM_001352905.2	3064	2836.29	1.60231	0.0254237
NM_001352906.2	2982	2754.29	0	0
NM_001352907.2	4468	4240.29	0	0
NM_001352909.2	2701	2473.29	0	0
NM_001352910.2	3381	3153.29	1.57493e-08	2.2477e-10
NM_001352912.1	4270	4042.29	13.4687	0.149948
NM_001352913.2	4630	4402.29	656.784	6.71407
NM_001352914.2	4455	4227.29	0	0
NM_001352915.2	4279	4051.29	0.39762	0.00441689
NM_001352916.2	4375	4147.29	91.7544	0.995644
NM_001352917.3	6102	5874.29	417.314	3.19705
NM_001352918.2	6140	5912.29	52.5512	0.400008
NM_001352919.3	6096	5868.29	366.722	2.81234
NM_001352920.3	5918	5690.29	1.12663e-08	8.91021e-11
NM_001352921.3	2881	2653.29	126.159	2.13981
NM_001352922.2	2760	2532.29	80.0713	1.423
NM_001352923.3	5865	5637.29	6.9839	0.0557532
NM_001352925.3	5912	5684.29	2.17968e-07	1.72567e-09
NM_001352926.2	5903	5675.29	17.7408	0.140679
NM_001352927.3	6072	5844.29	765.12	5.89169
NM_001352928.3	5859	5631.29	135.387	1.08196
NM_001352929.3	6197	5969.29	229.69	1.73166
NM_001352930.3	6139	5911.29	314.067	2.39102
NM_001352931.1	3435	3207.29	67.6616	0.949392
NM_001352932.1	3260	3032.29	0.0218906	0.000324885
NM_001352933.1	3343	3115.29	49.6806	0.717678
NM_001352934.1	3211	2983.29	145.468	2.19438
NM_001352935.1	3368	3140.29	0	0
NM_001352936.1	3050	2822.29	0	0
NM_001352937.1	3174	2946.29	0	0
NM_001352938.1	3179	2951.29	0	0
NM_001352939.1	3149	2921.29	0	0
NM_001352940.1	3216	2988.29	0.00471393	7.09908e-05
NM_001352941.1	2864	2636.29	0	0
NM_001352942.1	3157	2929.29	74.4698	1.14409
NM_001352943.1	2953	2725.29	0	0
NM_001352944.1	2601	2373.29	0	0
NM_001352945.1	2797	2569.29	0	0
NM_001352946.1	3092	2864.29	0	0
NM_001352947.1	3142	2914.29	0	0
NM_001352948.1	3129	2901.29	57.6575	0.894347
NM_001352949.1	3479	3251.29	39.0972	0.541168
NM_001352950.1	3047	2819.29	0	0
NM_001352951.1	3184	2956.29	0	0
NM_001352952.1	2965	2737.29	16.5869	0.2727
NM_001352953.1	2961	2733.29	0	0
NM_001352955.1	3028	2800.29	31.5049	0.506311
NM_001352956.1	2898	2670.29	0	0
NM_001352957.1	2859	2631.29	0	0
NM_001352958.1	3459	3231.29	27.207	0.378919
NM_001352959.1	1817	1589.29	8.93085	0.25289
NM_001352960.1	1938	1710.29	0	0
NM_001352961.1	3117	2889.29	24.7705	0.385821
NM_001352962.2	3507	3279.29	0	0
NM_001352964.2	5208	4980.29	0	0
NM_001352965.2	5039	4811.29	0	0
NM_001352966.2	3571	3343.29	0.419468	0.00564634
NM_001352967.2	3565	3337.29	0.316786	0.00427183
NM_001352968.2	2977	2749.29	3.2413	0.0530568
NM_001352977.2	2803	2575.29	33.235	0.580779
NM_001352978.2	4205	3977.29	52.9599	0.599241
NM_001352980.2	4093	3865.29	0	0
NM_001352981.2	2980	2752.29	0	0
NM_001352982.2	4518	4290.29	24.0547	0.252322
NM_001352983.2	4382	4154.29	0	0
NM_001352984.2	628	402.259	0	0
NM_001352988.2	2214	1986.29	0	0
NM_001352989.2	2034	1806.29	16.51	0.411341
NM_001352990.2	2148	1920.29	14.2215	0.333288
NM_001352991.2	2071	1843.29	0	0
NM_001352992.2	2151	1923.29	0	0
NM_001352993.2	2063	1835.29	7.406	0.181602
NM_001352994.2	2356	2128.29	0	0
NM_001352995.2	2353	2125.29	0	0
NM_001352996.2	2359	2131.29	0	0
NM_001352997.2	2176	1948.29	0	0
NM_001352998.2	2182	1954.29	4.64403	0.106942
NM_001352999.2	2330	2102.29	3.73927	0.0800453
NM_001353.6	6543	6315.29	7959.69	56.7211
NM_001353001.2	3929	3701.29	92.8599	1.12906
NM_001353002.2	3882	3654.29	28.6042	0.352264
NM_001353003.2	3787	3559.29	0	0
NM_001353004.2	4233	4005.29	0	0
NM_001353005.2	3739	3511.29	0	0
NM_001353006.2	3762	3534.29	115.502	1.47071
NM_001353007.2	3676	3448.29	56.9203	0.742857
NM_001353009.2	5229	5001.29	0	0
NM_001353010.2	5194	4966.29	16.9941	0.153996
NM_001353011.2	5169	4941.29	39.2398	0.357379
NM_001353012.2	5121	4893.29	0	0
NM_001353017.2	2863	2635.29	46.779	0.798848
NM_001353018.2	2532	2304.29	39.4366	0.7702
NM_001353019.2	2731	2503.29	49.5309	0.890445
NM_001353022.2	3264	3036.29	0	0
NM_001353023.2	3138	2910.29	0	0
NM_001353024.2	3119	2891.29	0	0
NM_001353025.2	2850	2622.29	0	0
NM_001353026.2	2882	2654.29	0	0
NM_001353027.2	2818	2590.29	0	0
NM_001353028.2	2829	2601.29	0	0
NM_001353029.2	2968	2740.29	0	0
NM_001353030.2	2721	2493.29	0	0
NM_001353031.2	2648	2420.29	0	0
NM_001353032.2	2611	2383.29	0	0
NM_001353033.2	3159	2931.29	0	0
NM_001353034.2	3048	2820.29	0	0
NM_001353035.2	5766	5538.29	39.2445	0.318893
NM_001353036.2	2637	2409.29	0	0
NM_001353037.2	2430	2202.29	41.3632	0.845243
NM_001353038.2	3278	3050.29	6.1887	0.0913061
NM_001353039.2	2760	2532.29	25.3601	0.450692
NM_001353040.2	3033	2805.29	0	0
NM_001353041.2	3074	2846.29	0	0
NM_001353042.2	2997	2769.29	0	0
NM_001353043.2	2922	2694.29	0	0
NM_001353044.2	2514	2286.29	0	0
NM_001353045.2	2726	2498.29	0	0
NM_001353046.2	2652	2424.29	0.000264035	4.90138e-06
NM_001353047.2	5763	5535.29	122.778	0.998207
NM_001353048.2	2863	2635.29	0	0
NM_001353049.2	5618	5390.29	2.12875	0.0177727
NM_001353050.2	5574	5346.29	0	0
NM_001353051.2	5631	5403.29	171.645	1.4296
NM_001353053.1	3529	3301.29	0	0
NM_001353054.1	3458	3230.29	15.193	0.211663
NM_001353055.2	2634	2406.29	96.8233	1.81081
NM_001353056.2	2699	2471.29	23.7047	0.43167
NM_001353057.2	2587	2359.29	82.7492	1.57843
NM_001353058.2	2800	2572.29	0	0
NM_001353059.2	2924	2696.29	0	0
NM_001353060.2	2649	2421.29	12.938	0.240471
NM_001353061.2	2808	2580.29	7.58051	0.132212
NM_001353062.1	2669	2441.29	11.7854	0.217254
NM_001353063.2	2564	2336.29	0	0
NM_001353064.2	2720	2492.29	0	0
NM_001353065.2	2736	2508.29	0	0
NM_001353066.2	2879	2651.29	0	0
NM_001353067.2	2573	2345.29	0	0
NM_001353068.2	2769	2541.29	0	0
NM_001353069.2	2769	2541.29	8.67112	0.153555
NM_001353070.2	2651	2423.29	0	0
NM_001353071.2	2826	2598.29	0	0
NM_001353072.2	2778	2550.29	38.446	0.678428
NM_001353073.2	2848	2620.29	0	0
NM_001353074.2	2740	2512.29	54.0019	0.967344
NM_001353075.1	2569	2341.29	40.803	0.784293
NM_001353076.2	2705	2477.29	23.6893	0.430345
NM_001353077.1	2560	2332.29	42.1005	0.812356
NM_001353078.2	2390	2162.29	0	0
NM_001353080.2	2989	2761.29	25.8452	0.42122
NM_001353082.2	4414	4186.29	1.93354	0.0207857
NM_001353083.2	4506	4278.29	64.3339	0.676724
NM_001353084.2	4516	4288.29	78.1702	0.82035
NM_001353085.2	4299	4071.29	15.15	0.167465
NM_001353086.2	4438	4210.29	5.86215	0.0626595
NM_001353091.2	1696	1468.29	0	0
NM_001353092.2	2080	1852.29	0	0
NM_001353093.2	2191	1963.29	0	0
NM_001353094.2	1943	1715.29	16.4137	0.430635
NM_001353095.2	3977	3749.29	387.234	4.648
NM_001353096.1	1988	1760.29	11.4152	0.291838
NM_001353097.2	1941	1713.29	0	0
NM_001353098.2	1890	1662.29	0	0
NM_001353099.2	1983	1755.29	0	0
NM_001353100.2	2041	1813.29	30.1005	0.747047
NM_001353101.2	1867	1639.29	7.34812	0.201726
NM_001353102.2	1916	1688.29	0	0
NM_001353103.2	1814	1586.29	1.24522	0.0353269
NM_001353104.2	1767	1539.29	0	0
NM_001353105.2	1820	1592.29	44.6077	1.26075
NM_001353106.2	1963	1735.29	13.6161	0.353119
NM_001353107.2	1862	1634.29	89.2475	2.45758
NM_001353108.3	5779	5551.29	0	0
NM_001353109.1	5821	5593.29	51.5415	0.414698
NM_001353110.1	5473	5245.29	240.383	2.06241
NM_001353111.2	5647	5419.29	0	0
NM_001353112.2	5719	5491.29	0	0
NM_001353113.1	2053	1825.29	7.2671	0.179172
NM_001353114.2	3929	3701.29	93.2559	1.13388
NM_001353115.2	3788	3560.29	0	0
NM_001353116.2	1938	1710.29	0	0
NM_001353117.2	1859	1631.29	20.0288	0.552543
NM_001353118.1	5331	5103.29	97.2495	0.857589
NM_001353119.2	5509	5281.29	0	0
NM_001353120.2	5155	4927.29	0	0
NM_001353121.2	5581	5353.29	0	0
NM_001353122.1	5407	5179.29	57.9514	0.503542
NM_001353123.2	1721	1493.29	439.431	13.243
NM_001353124.2	2075	1847.29	226.001	5.50576
NM_001353125.2	5505	5277.29	0	0
NM_001353126.2	5599	5371.29	11.6994	0.0980232
NM_001353127.2	3544	3316.29	85.3378	1.15806
NM_001353128.2	3321	3093.29	0	0
NM_001353129.2	3450	3222.29	64.3368	0.898539
NM_001353130.1	6474	6246.29	35.1932	0.253559
NM_001353131.2	3232	3004.29	56.0987	0.840335
NM_001353134.2	3573	3345.29	36.084	0.485425
NM_001353135.1	3626	3398.29	187.659	2.48514
NM_001353136.2	3823	3595.29	79.3205	0.992872
NM_001353137.2	3512	3284.29	20.7938	0.284928
NM_001353138.2	3569	3341.29	15.6807	0.2112
NM_001353139.2	3331	3103.29	0	0
NM_001353140.2	3274	3046.29	0	0
NM_001353144.2	3652	3424.29	9.22148	0.121191
NM_001353145.2	3607	3379.29	19.9533	0.265724
NM_001353146.2	3653	3425.29	20.9974	0.275873
NM_001353147.1	3182	2954.29	1.75948e-06	2.68024e-08
NM_001353148.1	3146	2918.29	27.0973	0.417868
NM_001353149.1	3143	2915.29	7.43064e-05	1.14706e-06
NM_001353150.1	3095	2867.29	0	0
NM_001353151.1	3138	2910.29	7.47865	0.115645
NM_001353152.1	3315	3087.29	59.0589	0.860894
NM_001353153.1	3174	2946.29	4.85879	0.0742155
NM_001353154.1	3035	2807.29	0.171598	0.00275086
NM_001353155.1	3014	2786.29	0.0741381	0.00119745
NM_001353156.1	3256	3028.29	69.9308	1.03923
NM_001353157.2	7426	7198.29	8.72844e-06	5.45694e-08
NM_001353158.1	3225	2997.29	13.7418	0.206327
NM_001353159.2	7340	7112.29	125.139	0.791817
NM_001353160.1	3337	3109.29	0	0
NM_001353161.3	7227	6999.29	22.0748	0.141934
NM_001353162.3	7587	7359.29	0	0
NM_001353163.2	7424	7196.29	20.9611	0.131083
NM_001353164.2	7384	7156.29	0.0266198	0.000167401
NM_001353165.2	3920	3692.29	2.76267	0.0336725
NM_001353167.2	2424	2196.29	0	0
NM_001353173.2	2006	1778.29	5.45295	0.137997
NM_001353174.2	1895	1667.29	0	0
NM_001353175.2	2405	2177.29	43.8611	0.906577
NM_001353176.2	2392	2164.29	36.2554	0.753874
NM_001353177.2	2261	2033.29	0	0
NM_001353178.2	2289	2061.29	7.90411	0.172566
NM_001353179.2	4154	3926.29	0	0
NM_001353180.2	2237	2009.29	37.0096	0.828921
NM_001353181.2	2537	2309.29	78.9926	1.53939
NM_001353182.2	2194	1966.29	0.171355	0.00392184
NM_001353183.2	1915	1687.29	1.22437	0.0326561
NM_001353184.2	2318	2090.29	7.4449	0.160285
NM_001353185.2	1975	1747.29	0	0
NM_001353186.2	1913	1685.29	1.16979	0.0312374
NM_001353187.2	2529	2301.29	0	0
NM_001353188.2	2324	2096.29	308.423	6.62122
NM_001353189.2	2640	2412.29	236.279	4.40796
NM_001353190.2	2225	1997.29	90.1846	2.03204
NM_001353191.2	2451	2223.29	75.4657	1.52755
NM_001353193.2	3363	3135.29	0	0
NM_001353194.2	3145	2917.29	28.6231	0.441549
NM_001353195.2	2950	2722.29	0	0
NM_001353196.2	2967	2739.29	0	0
NM_001353197.2	2971	2743.29	0	0
NM_001353198.2	3672	3444.29	67.4313	0.881056
NM_001353199.2	2864	2636.29	0	0
NM_001353200.2	2651	2423.29	0	0
NM_001353202.2	3976	3748.29	54.2747	0.651637
NM_001353203.2	3869	3641.29	109.04	1.34763
NM_001353204.2	4001	3773.29	157.21	1.87501
NM_001353205.2	4003	3775.29	0	0
NM_001353206.2	3844	3616.29	57.836	0.719742
NM_001353207.1	3331	3103.29	38.8708	0.563694
NM_001353208.2	3872	3644.29	72.9878	0.90132
NM_001353209.1	3334	3106.29	24.0575	0.348538
NM_001353210.3	9976	9748.29	190.326	0.878643
NM_001353211.3	9976	9748.29	129.954	0.599932
NM_001353212.3	10141	9913.29	0	0
NM_001353213.3	10141	9913.29	0	0
NM_001353214.3	10144	9916.29	0	0
NM_001353215.3	9961	9733.29	0	0
NM_001353216.3	9796	9568.29	2.19742	0.0103352
NM_001353229.2	3929	3701.29	0.029725	0.000361419
NM_001353230.2	3950	3722.29	0.162784	0.00196808
NM_001353231.2	3866	3638.29	5.1683	0.0639282
NM_001353232.1	3787	3559.29	0	0
NM_001353233.1	4180	3952.29	0	0
NM_001353234.2	3654	3426.29	0	0
NM_001353235.2	3887	3659.29	0	0
NM_001353236.2	2869	2641.29	0	0
NM_001353237.1	3817	3589.29	0	0
NM_001353242.2	4010	3782.29	13.5629	0.161377
NM_001353243.2	4000	3772.29	0	0
NM_001353244.2	4130	3902.29	0	0
NM_001353245.1	3825	3597.29	0	0
NM_001353246.1	3751	3523.29	0	0
NM_001353247.1	3850	3622.29	0	0
NM_001353248.2	3900	3672.29	0	0
NM_001353249.1	3717	3489.29	11.4205	0.147296
NM_001353250.1	3804	3576.29	0	0
NM_001353251.1	4033	3805.29	0	0
NM_001353252.1	3664	3436.29	0	0
NM_001353253.1	3900	3672.29	0	0
NM_001353254.2	3987	3759.29	10.7236	0.128374
NM_001353255.1	3910	3682.29	0	0
NM_001353256.2	3863	3635.29	6.9367	0.0858729
NM_001353257.2	3778	3550.29	5.92933	0.0751595
NM_001353258.2	3904	3676.29	91.7573	1.12324
NM_001353259.2	4087	3859.29	0	0
NM_001353260.2	3817	3589.29	41.7502	0.523471
NM_001353261.2	3950	3722.29	0	0
NM_001353262.2	3851	3623.29	0	0
NM_001353263.2	3764	3536.29	0	0
NM_001353264.2	3883	3655.29	0	0
NM_001353265.2	3860	3632.29	8.40508	0.104137
NM_001353266.2	3738	3510.29	7.39958	0.094865
NM_001353267.2	3960	3732.29	6.51652	0.0785746
NM_001353268.2	3947	3719.29	47.3625	0.573082
NM_001353269.1	3549	3321.29	0	0
NM_001353270.1	3742	3514.29	0	0
NM_001353271.1	3634	3406.29	0	0
NM_001353272.1	3812	3584.29	0	0
NM_001353273.1	3611	3383.29	0	0
NM_001353274.1	3668	3440.29	0	0
NM_001353275.1	3895	3667.29	0	0
NM_001353276.2	3734	3506.29	0	0
NM_001353277.1	3595	3367.29	0	0
NM_001353278.1	3729	3501.29	0	0
NM_001353279.1	3767	3539.29	0	0
NM_001353280.1	3642	3414.29	0	0
NM_001353281.1	3721	3493.29	0	0
NM_001353282.2	3628	3400.29	0	0
NM_001353283.2	3695	3467.29	0	0
NM_001353284.2	3780	3552.29	0	0
NM_001353285.2	3821	3593.29	0	0
NM_001353286.2	3715	3487.29	0	0
NM_001353287.2	3912	3684.29	0	0
NM_001353288.2	3711	3483.29	0	0
NM_001353289.2	3867	3639.29	0	0
NM_001353290.2	3829	3601.29	0	0
NM_001353291.2	3765	3537.29	0	0
NM_001353292.2	3768	3540.29	0	0
NM_001353293.2	3681	3453.29	0	0
NM_001353294.2	3798	3570.29	0	0
NM_001353295.2	3758	3530.29	38.845	0.495185
NM_001353296.2	3978	3750.29	0	0
NM_001353297.2	3588	3360.29	0	0
NM_001353298.2	3781	3553.29	0	0
NM_001353299.2	3758	3530.29	0	0
NM_001353300.2	3955	3727.29	0	0
NM_001353301.2	3675	3447.29	0	0
NM_001353302.1	3804	3576.29	0	0
NM_001353303.1	3748	3520.29	0	0
NM_001353304.1	3751	3523.29	0	0
NM_001353305.1	3664	3436.29	0	0
NM_001353306.2	3817	3589.29	0	0
NM_001353307.2	3904	3676.29	0	0
NM_001353308.1	3717	3489.29	0	0
NM_001353309.1	3910	3682.29	0	0
NM_001353310.2	3851	3623.29	0	0
NM_001353311.2	3909	3681.29	0	0
NM_001353312.2	3950	3722.29	0	0
NM_001353313.2	3777	3549.29	0	0
NM_001353314.2	3864	3636.29	0	0
NM_001353315.2	4047	3819.29	0	0
NM_001353316.2	3840	3612.29	0	0
NM_001353318.2	3673	3445.29	0	0
NM_001353319.2	3589	3361.29	0	0
NM_001353320.2	3477	3249.29	0	0
NM_001353321.2	3451	3223.29	0	0
NM_001353322.2	3534	3306.29	0	0
NM_001353323.2	3439	3211.29	0	0
NM_001353324.2	3367	3139.29	1	0.0143354
NM_001353325.2	3613	3385.29	0	0
NM_001353326.2	3541	3313.29	0	0
NM_001353330.2	1679	1451.29	0	0
NM_001353331.2	1872	1644.29	0	0
NM_001353334.2	1305	1077.29	0	0
NM_001353337.2	1075	847.293	42.0233	2.23202
NM_001353339.2	2887	2659.29	76.2485	1.29035
NM_001353340.2	2037	1809.29	0	0
NM_001353344.3	2957	2729.29	0	0
NM_001353345.2	8557	8329.29	1618.96	8.74721
NM_001353346.3	1781	1553.29	57.8173	1.67512
NM_001353349.1	2031	1803.29	0	0
NM_001353353.2	5956	5728.29	0	0
NM_001353354.2	6044	5816.29	111.512	0.862817
NM_001353356.2	821	593.487	9.27729	0.703481
NM_001353361.2	4248	4020.29	48.0898	0.538316
NM_001353365.2	835	607.427	0	0
NM_001353366.2	6085	5857.29	93.8465	0.721047
NM_001353368.2	1456	1228.29	0	0
NM_001353372.2	3265	3037.29	0	0
NM_001353373.2	4223	3995.29	0	0
NM_001353374.2	4317	4089.29	18.2147	0.200455
NM_001353379.2	670	443.585	0	0
NM_001353381.1	1769	1541.29	0	0
NM_001353382.1	1333	1105.29	2	0.0814319
NM_001353383.1	1203	975.293	0	0
NM_001353384.1	1135	907.293	0	0
NM_001353385.2	938	710.293	0	0
NM_001353388.2	1716	1488.29	0	0
NM_001353389.2	1438	1210.29	0	0
NM_001353390.2	1272	1044.29	0	0
NM_001353391.2	1357	1129.29	2	0.0797013
NM_001353400.2	3637	3409.29	11.2484	0.14848
NM_001353402.1	564	339.768	12.4436	1.64818
NM_001353403.1	825	597.427	37.6595	2.83682
NM_001353405.2	2418	2190.29	19.3585	0.39775
NM_001353418.2	1193	965.293	0	0
NM_001353423.2	748	520.701	24.8607	2.14866
NM_001353425.2	823	595.427	0	0
NM_001353432.2	3786	3558.29	34.8838	0.441189
NM_001353433.2	1151	923.293	0	0
NM_001353438.2	2108	1880.29	1	0.0239341
NM_001353439.2	2000	1772.29	0	0
NM_001353441.2	3837	3609.29	0	0
NM_001353443.2	3667	3439.29	0	0
NM_001353448.2	3677	3449.29	0	0
NM_001353449.2	3577	3349.29	0	0
NM_001353450.2	3485	3257.29	0	0
NM_001353453.3	2319	2091.29	0	0
NM_001353454.2	3186	2958.29	0	0
NM_001353455.2	2971	2743.29	0	0
NM_001353457.2	4536	4308.29	0	0
NM_001353458.2	4462	4234.29	20.2418	0.215135
NM_001353459.2	4154	3926.29	0	0
NM_001353475.2	1841	1613.29	14.2273	0.396873
NM_001353476.2	1838	1610.29	13.1697	0.368057
NM_001353477.2	1835	1607.29	389.216	10.8978
NM_001353478.2	2110	1882.29	0	0
NM_001353479.2	2107	1879.29	0	0
NM_001353480.2	1848	1620.29	18.9619	0.526659
NM_001353481.2	1774	1546.29	0.528892	0.0153928
NM_001353482.2	1777	1549.29	40.7994	1.18512
NM_001353484.2	3768	3540.29	0	0
NM_001353485.2	3958	3730.29	0	0
NM_001353486.2	3904	3676.29	0	0
NM_001353487.1	3707	3479.29	4.10734	0.0531266
NM_001353488.1	3478	3250.29	0	0
NM_001353489.1	3658	3430.29	0	0
NM_001353490.1	3603	3375.29	0	0
NM_001353491.2	4180	3952.29	0	0
NM_001353493.2	643	416.972	40.5426	4.3757
NM_001353494.2	597	371.913	118.992	14.3986
NM_001353497.2	2357	2129.29	11.8724	0.250925
NM_001353505.2	2598	2370.29	0.264698	0.00502563
NM_001353506.2	2595	2367.29	3.8785	0.0737317
NM_001353507.2	2595	2367.29	0.00467314	8.8838e-05
NM_001353508.2	2592	2364.29	11.9424	0.227317
NM_001353509.2	2532	2304.29	10.5597	0.206232
NM_001353510.2	2520	2292.29	84.5585	1.66008
NM_001353511.2	2676	2448.29	0.109612	0.00201482
NM_001353512.2	2598	2370.29	29.784	0.565489
NM_001353513.2	2729	2501.29	0.0260317	0.000468361
NM_001353514.2	2726	2498.29	0.381394	0.00687026
NM_001353515.2	2648	2420.29	90.8582	1.68942
NM_001353516.2	2458	2230.29	0	0
NM_001353517.2	2586	2358.29	0	0
NM_001353518.2	2455	2227.29	0	0
NM_001353519.2	2536	2308.29	0	0
NM_001353520.2	2392	2164.29	0	0
NM_001353521.2	2508	2280.29	0	0
NM_001353522.2	2377	2149.29	0	0
NM_001353525.2	6315	6087.29	254.398	1.88075
NM_001353526.2	6397	6169.29	939.922	6.85644
NM_001353527.2	6239	6011.29	1.88226e-08	1.40914e-10
NM_001353528.2	6105	5877.29	0.00112642	8.62514e-06
NM_001353529.2	6157	5929.29	42.7052	0.324131
NM_001353530.2	6385	6157.29	0.0814316	0.000595176
NM_001353531.2	6288	6060.29	358.337	2.66097
NM_001353532.2	6145	5917.29	0.00235804	1.79337e-05
NM_001353533.2	6113	5885.29	9.01634	0.0689453
NM_001353534.2	5968	5740.29	0.00256922	2.01423e-05
NM_001353535.2	5696	5468.29	3.0499	0.0251001
NM_001353536.2	5635	5407.29	12.8444	0.1069
NM_001353537.2	5623	5395.29	7.12913e-05	5.94653e-07
NM_001353538.2	5353	5125.29	0	0
NM_001353546.2	3869	3641.29	0	0
NM_001353549.2	2811	2583.29	18.7774	0.327118
NM_001353550.2	2667	2439.29	9.85145	0.181752
NM_001353551.1	2761	2533.29	17.4367	0.309757
NM_001353552.2	2641	2413.29	111.36	2.07664
NM_001353553.2	2785	2557.29	0	0
NM_001353554.2	1168	940.293	0	0
NM_001353564.1	8864	8636.29	0	0
NM_001353565.2	2963	2735.29	0	0
NM_001353566.2	3070	2842.29	0	0
NM_001353567.2	2954	2726.29	0	0
NM_001353568.2	3210	2982.29	21.5619	0.325371
NM_001353569.2	2861	2633.29	0	0
NM_001353570.2	2977	2749.29	7.84776	0.12846
NM_001353571.2	2748	2520.29	78.7983	1.40705
NM_001353572.2	2739	2511.29	15.4	0.275973
NM_001353573.2	2706	2478.29	0	0
NM_001353574.2	2691	2463.29	10.7515	0.196424
NM_001353575.2	2806	2578.29	7.61539	0.132924
NM_001353576.2	2866	2638.29	0.45011	0.00767782
NM_001353577.2	2857	2629.29	0	0
NM_001353578.2	2637	2409.29	4.57249	0.0854093
NM_001353579.2	2780	2552.29	0	0
NM_001353591.2	2909	2681.29	3.70597	0.0622013
NM_001353592.2	3080	2852.29	6.84823	0.10805
NM_001353593.2	2916	2688.29	53.0749	0.888495
NM_001353594.2	3036	2808.29	4.7797	0.076595
NM_001353595.2	3030	2802.29	0	0
NM_001353596.2	2902	2674.29	0	0
NM_001353597.2	2851	2623.29	0	0
NM_001353598.2	2788	2560.29	12.376	0.217536
NM_001353599.2	3066	2838.29	7.88839e-07	1.25076e-08
NM_001353600.2	3078	2850.29	78.5428	1.24011
NM_001353601.2	2938	2710.29	3.08634	0.0512472
NM_001353602.2	2935	2707.29	0	0
NM_001353603.2	2812	2584.29	0	0
NM_001353604.2	2672	2444.29	72.0343	1.32626
NM_001353605.2	2940	2712.29	0	0
NM_001353606.2	2983	2755.29	0	0
NM_001353607.2	2864	2636.29	6.8448	0.116845
NM_001353608.2	2966	2738.29	56.25	0.924453
NM_001353609.2	3111	2883.29	0	0
NM_001353610.2	3167	2939.29	3.38166	0.051776
NM_001353611.1	1396	1168.29	0	0
NM_001353623.2	8269	8041.29	47.4128	0.265345
NM_001353624.2	8117	7889.29	33.1236	0.188948
NM_001353625.2	8003	7775.29	82.8086	0.479293
NM_001353627.2	3275	3047.29	0	0
NM_001353628.2	3267	3039.29	0	0
NM_001353629.2	3481	3253.29	0	0
NM_001353630.2	3097	2869.29	0	0
NM_001353631.2	3587	3359.29	0	0
NM_001353632.2	3105	2877.29	0	0
NM_001353633.2	3070	2842.29	0	0
NM_001353634.2	2922	2694.29	0	0
NM_001353635.2	2902	2674.29	0	0
NM_001353636.2	2833	2605.29	0	0
NM_001353637.2	1261	1033.29	5.39727	0.235068
NM_001353641.2	3180	2952.29	0	0
NM_001353642.2	3296	3068.29	89.343	1.31041
NM_001353644.2	2156	1928.29	0	0
NM_001353645.1	2499	2271.29	21.8123	0.432186
NM_001353646.1	2135	1907.29	685.122	16.1656
NM_001353647.1	2234	2006.29	0	0
NM_001353648.2	2275	2047.29	44.529	0.978826
NM_001353649.1	2123	1895.29	29.6945	0.705087
NM_001353650.1	2487	2259.29	119.797	2.38626
NM_001353651.2	1045	817.293	4.87634	0.268509
NM_001353652.2	1718	1490.29	78.9402	2.38379
NM_001353655.3	1982	1754.29	0	0
NM_001353656.2	2665	2437.29	11.3696	0.209933
NM_001353657.2	4205	3977.29	23.9573	0.271076
NM_001353658.2	2615	2387.29	7.27051	0.137057
NM_001353659.2	2237	2009.29	0	0
NM_001353660.2	2436	2208.29	25.2958	0.515506
NM_001353661.2	2415	2187.29	0	0
NM_001353662.2	2594	2366.29	0.0171487	0.00032614
NM_001353663.2	2430	2202.29	9.57449	0.195651
NM_001353664.2	2378	2150.29	0.281593	0.00589341
NM_001353665.2	2195	1967.29	0	0
NM_001353666.2	2471	2243.29	0.0691973	0.00138818
NM_001353667.2	2625	2397.29	0	0
NM_001353668.2	2415	2187.29	4.10578	0.0844756
NM_001353669.2	2535	2307.29	0	0
NM_001353670.2	2508	2280.29	0	0
NM_001353671.2	2016	1788.29	0	0
NM_001353672.2	2292	2064.29	23.8608	0.520182
NM_001353673.2	2344	2116.29	0	0
NM_001353674.2	2199	1971.29	117.3	2.67787
NM_001353675.2	2304	2076.29	12.3665	0.268041
NM_001353676.2	2125	1897.29	51.6764	1.22574
NM_001353677.2	2218	1990.29	23.4673	0.530627
NM_001353678.2	1940	1712.29	13.4199	0.352706
NM_001353679.2	1405	1177.29	30.92	1.18194
NM_001353680.2	1120	892.293	4.8637	0.245302
NM_001353681.2	1133	905.293	0	0
NM_001353682.2	5020	4792.29	54.9175	0.515715
NM_001353683.2	5179	4951.29	37.5507	0.341304
NM_001353684.2	4227	3999.29	0	0
NM_001353685.2	4152	3924.29	0	0
NM_001353686.2	7143	6915.29	0	0
NM_001353687.2	7143	6915.29	0	0
NM_001353688.1	7593	7365.29	0.236064	0.00144239
NM_001353689.1	7375	7147.29	0	0
NM_001353690.1	7255	7027.29	2.77948	0.0177999
NM_001353691.1	7404	7176.29	0	0
NM_001353692.1	7198	6970.29	29.2824	0.189059
NM_001353693.1	7647	7419.29	0	0
NM_001353694.2	7218	6990.29	486.541	3.13232
NM_001353695.2	3784	3556.29	0	0
NM_001353696.2	3733	3505.29	0	0
NM_001353697.2	3703	3475.29	0	0
NM_001353698.2	3817	3589.29	0	0
NM_001353699.2	3700	3472.29	0	0
NM_001353700.2	3703	3475.29	0	0
NM_001353701.2	2128	1900.29	0	0
NM_001353702.2	3811	3583.29	0	0
NM_001353703.2	3869	3641.29	0	0
NM_001353705.2	3841	3613.29	0	0
NM_001353706.2	3700	3472.29	0	0
NM_001353707.2	3847	3619.29	0	0
NM_001353708.2	3736	3508.29	0	0
NM_001353709.2	3787	3559.29	0	0
NM_001353710.2	3784	3556.29	0	0
NM_001353711.2	3781	3553.29	0	0
NM_001353712.2	3808	3580.29	0	0
NM_001353713.2	3703	3475.29	0	0
NM_001353714.2	3781	3553.29	0	0
NM_001353715.2	3785	3557.29	0	0
NM_001353716.2	3727	3499.29	0	0
NM_001353717.2	3850	3622.29	0	0
NM_001353718.2	3811	3583.29	0	0
NM_001353719.2	3703	3475.29	0	0
NM_001353720.2	3700	3472.29	0	0
NM_001353721.2	3784	3556.29	0	0
NM_001353722.2	3697	3469.29	0	0
NM_001353723.2	3733	3505.29	0	0
NM_001353724.2	3814	3586.29	0	0
NM_001353725.2	3781	3553.29	0	0
NM_001353726.2	3866	3638.29	0	0
NM_001353727.2	3700	3472.29	0	0
NM_001353728.2	3863	3635.29	0	0
NM_001353729.2	3730	3502.29	0	0
NM_001353730.2	3730	3502.29	0	0
NM_001353731.2	3896	3668.29	0	0
NM_001353732.2	3700	3472.29	0	0
NM_001353733.2	3942	3714.29	0	0
NM_001353734.2	3899	3671.29	0	0
NM_001353735.2	3951	3723.29	0	0
NM_001353736.2	3730	3502.29	0	0
NM_001353737.2	3727	3499.29	0	0
NM_001353738.2	3814	3586.29	0	0
NM_001353739.2	3860	3632.29	0	0
NM_001353740.2	3984	3756.29	0	0
NM_001353741.2	3866	3638.29	0	0
NM_001353742.2	3874	3646.29	0	0
NM_001353743.2	3733	3505.29	0	0
NM_001353744.2	3817	3589.29	0	0
NM_001353745.2	3814	3586.29	0	0
NM_001353746.2	3896	3668.29	0	0
NM_001353747.2	3730	3502.29	0	0
NM_001353748.2	3787	3559.29	0	0
NM_001353749.2	3981	3753.29	0	0
NM_001353750.2	3784	3556.29	0	0
NM_001353751.2	3817	3589.29	0	0
NM_001353752.2	3787	3559.29	0	0
NM_001353753.2	3784	3556.29	0	0
NM_001353754.2	3730	3502.29	0	0
NM_001353755.2	3784	3556.29	0	0
NM_001353756.2	3441	3213.29	0	0
NM_001353757.2	3414	3186.29	0	0
NM_001353758.2	3327	3099.29	0	0
NM_001353759.2	3411	3183.29	0	0
NM_001353760.2	3411	3183.29	0	0
NM_001353761.2	3438	3210.29	0	0
NM_001353765.2	2436	2208.29	13.9427	0.284139
NM_001353766.3	3850	3622.29	11.8678	0.147445
NM_001353767.2	3815	3587.29	53.9268	0.676519
NM_001353775.2	2134	1906.29	4.32038	0.101994
NM_001353776.2	1993	1765.29	0	0
NM_001353777.1	1542	1314.29	4.11374	0.14086
NM_001353778.2	2260	2032.29	8.89738	0.197024
NM_001353779.2	5302	5074.29	0	0
NM_001353780.2	5119	4891.29	20.3088	0.186855
NM_001353781.2	5630	5402.29	6.20999	0.0517315
NM_001353782.2	5353	5125.29	0	0
NM_001353783.2	5625	5397.29	0	0
NM_001353784.2	5487	5259.29	4.0819	0.0349283
NM_001353785.2	5168	4940.29	0	0
NM_001353786.2	5432	5204.29	6.36109	0.0550063
NM_001353787.2	5548	5320.29	6.58075	0.055665
NM_001353788.2	3941	3713.29	0	0
NM_001353789.2	3910	3682.29	0	0
NM_001353790.2	4087	3859.29	0	0
NM_001353791.2	3777	3549.29	0	0
NM_001353792.2	3905	3677.29	0	0
NM_001353793.2	3741	3513.29	0	0
NM_001353794.2	3604	3376.29	0	0
NM_001353795.2	2903	2675.29	0	0
NM_001353796.2	2923	2695.29	0	0
NM_001353797.2	2887	2659.29	0	0
NM_001353798.2	4172	3944.29	9.54064	0.108856
NM_001353799.2	4252	4024.29	51.6026	0.577064
NM_001353800.3	5145	4917.29	3.01487	0.0275921
NM_001353802.2	2622	2394.29	24.0258	0.451589
NM_001353803.2	2785	2557.29	72.0655	1.2682
NM_001353804.2	797	569.487	2.24549	0.177447
NM_001353805.2	2501	2273.29	5.75195	0.113868
NM_001353806.2	3178	2950.29	27.1873	0.414708
NM_001353807.2	2625	2397.29	32.0643	0.601925
NM_001353808.2	1721	1493.29	0	0
NM_001353809.2	2398	2170.29	0	0
NM_001353810.2	6433	6205.29	440.143	3.19208
NM_001353811.2	7005	6777.29	140.915	0.935717
NM_001353812.2	7019	6791.29	1203.1	7.97242
NM_001353813.2	3865	3637.29	0	0
NM_001353814.2	4708	4480.29	10.8071	0.108553
NM_001353815.2	3838	3610.29	0	0
NM_001353816.2	3751	3523.29	0	0
NM_001353817.2	3962	3734.29	13.964	0.168284
NM_001353818.2	4049	3821.29	0.0384095	0.000452346
NM_001353819.2	5066	4838.29	0	0
NM_001353820.2	4761	4533.29	0	0
NM_001353821.2	4044	3816.29	20.7704	0.244931
NM_001353822.2	4914	4686.29	0	0
NM_001353823.2	4855	4627.29	0	0
NM_001353824.2	4767	4539.29	0	0
NM_001353825.2	4162	3934.29	0	0
NM_001353826.2	4905	4677.29	7.20968	0.0693687
NM_001353827.2	1816	1588.29	0	0
NM_001353828.2	1944	1716.29	9.29039	0.243604
NM_001353829.2	1748	1520.29	0	0
NM_001353830.2	1745	1517.29	18.652	0.553221
NM_001353831.2	1912	1684.29	16.8322	0.449745
NM_001353832.2	1185	957.293	357.566	16.8094
NM_001353837.2	5765	5537.29	0	0
NM_001353838.2	4177	3949.29	110.906	1.2638
NM_001353840.1	1919	1691.29	0	0
NM_001353841.1	1829	1601.29	0	0
NM_001353849.2	3226	2998.29	29.8128	0.447477
NM_001353850.2	2777	2549.29	0	0
NM_001353851.2	5233	5005.29	5.85514e-06	5.26441e-08
NM_001353869.2	3422	3194.29	57.701	0.812926
NM_001353878.2	2009	1781.29	0	0
NM_001353879.2	1999	1771.29	0	0
NM_001353880.2	1906	1678.29	0	0
NM_001353881.2	1938	1710.29	0	0
NM_001353882.2	2052	1824.29	0	0
NM_001353883.2	1794	1566.29	0	0
NM_001353884.2	1680	1452.29	0	0
NM_001353890.2	4599	4371.29	77.5499	0.798387
NM_001353891.2	4803	4575.29	12.3307	0.121286
NM_001353892.2	4674	4446.29	0.201057	0.002035
NM_001353893.2	4424	4196.29	0	0
NM_001353894.2	4295	4067.29	0	0
NM_001353895.2	4352	4124.29	0	0
NM_001353897.2	3721	3493.29	26.1805	0.337276
NM_001353899.1	3443	3215.29	0	0
NM_001353900.1	3440	3212.29	0	0
NM_001353901.1	2830	2602.29	5.75357	0.0995001
NM_001353902.1	2460	2232.29	0	0
NM_001353903.1	3162	2934.29	0	0
NM_001353904.1	3334	3106.29	0	0
NM_001353905.1	2571	2343.29	0	0
NM_001353906.1	2278	2050.29	0	0
NM_001353907.1	2634	2406.29	0	0
NM_001353908.1	2179	1951.29	0	0
NM_001353909.1	2561	2333.29	0	0
NM_001353916.2	4177	3949.29	17	0.193719
NM_001353918.2	4841	4613.29	0	0
NM_001353919.2	4758	4530.29	15.2152	0.151145
NM_001353920.2	5132	4904.29	0	0
NM_001353921.2	4702	4474.29	8.42406	0.0847304
NM_001353922.2	4570	4342.29	0.366504	0.00379841
NM_001353923.1	4662	4434.29	9.46803	0.0960898
NM_001353924.2	5243	5015.29	0	0
NM_001353926.2	5239	5011.29	0	0
NM_001353927.2	5280	5052.29	16.2745	0.144964
NM_001353928.2	5291	5063.29	5.91359	0.0525606
NM_001353936.2	6996	6768.29	216.063	1.43663
NM_001353937.2	7668	7440.29	50.6954	0.306634
NM_001353938.2	6921	6693.29	11.6474	0.0783127
NM_001353942.2	7353	7125.29	0.000108883	6.87699e-07
NM_001353943.2	5606	5378.29	30.3927	0.254312
NM_001353944.2	2679	2451.29	0	0
NM_001353948.2	12933	12705.3	0	0
NM_001353949.2	12765	12537.3	0	0
NM_001353950.2	12857	12629.3	0	0
NM_001353951.2	12900	12672.3	0	0
NM_001353952.2	12992	12764.3	0	0
NM_001353954.2	12989	12761.3	0	0
NM_001353955.2	12897	12669.3	0	0
NM_001353957.2	12849	12621.3	0	0
NM_001353958.2	12806	12578.3	0	0
NM_001353960.2	12938	12710.3	0	0
NM_001353961.2	13008	12780.3	0	0
NM_001353967.2	6338	6110.29	36.0352	0.265404
NM_001353968.2	6306	6078.29	22.9203	0.1697
NM_001353969.2	6288	6060.29	10.2326	0.0759862
NM_001353970.2	6468	6240.29	4.30758	0.031065
NM_001353971.2	6380	6152.29	0.250284	0.00183079
NM_001353972.2	6017	5789.29	84.8549	0.65962
NM_001353973.2	6486	6258.29	6.36802	0.0457921
NM_001353974.2	6894	6666.29	0	0
NM_001353975.2	6560	6332.29	7.72788	0.0549214
NM_001353976.2	6950	6722.29	0	0
NM_001353978.3	5801	5573.29	2807.01	22.666
NM_001353979.2	4978	4750.29	89.5074	0.847971
NM_001353980.2	2202	1974.29	2.07188	0.0472275
NM_001353981.2	4972	4744.29	2.33458e-06	2.21452e-08
NM_001353982.2	4969	4741.29	2.81416e-06	2.67113e-08
NM_001353983.2	5306	5078.29	0	0
NM_001353984.2	4928	4700.29	615.137	5.88964
NM_001353985.2	5283	5055.29	0	0
NM_001353986.2	5295	5067.29	22.9474	0.203798
NM_001353990.2	4563	4335.29	19.4113	0.201502
NM_001353991.1	4358	4130.29	0	0
NM_001353992.1	4409	4181.29	0	0
NM_001353993.1	4334	4106.29	0	0
NM_001353994.1	4385	4157.29	0	0
NM_001353995.1	4269	4041.29	0	0
NM_001353996.1	4218	3990.29	0	0
NM_001353997.3	4437	4209.29	0.000114736	1.22668e-06
NM_001353998.3	3393	3165.29	0	0
NM_001353999.3	5361	5133.29	9.02458e-05	7.91176e-07
NM_001354.6	3573	3345.29	100.359	1.3501
NM_001354000.3	4475	4247.29	0	0
NM_001354001.3	5262	5034.29	49.1854	0.439683
NM_001354006.1	2673	2445.29	0	0
NM_001354007.1	2459	2231.29	0	0
NM_001354008.1	2636	2408.29	0	0
NM_001354009.3	2495	2267.29	0	0
NM_001354010.1	2391	2163.29	0.22438	0.00466778
NM_001354011.2	1504	1276.29	0	0
NM_001354012.1	2614	2386.29	0	0
NM_001354013.2	1420	1192.29	8.01898	0.302676
NM_001354014.1	2647	2419.29	152.634	2.83927
NM_001354015.1	2433	2205.29	0	0
NM_001354017.2	6302	6074.29	0	0
NM_001354018.2	2921	2693.29	0	0
NM_001354020.2	6032	5804.29	0	0
NM_001354021.2	2452	2224.29	0	0
NM_001354022.2	2182	1954.29	0	0
NM_001354023.3	3672	3444.29	0	0
NM_001354024.3	3052	2824.29	0	0
NM_001354026.3	3002	2774.29	66.1847	1.07361
NM_001354033.2	4745	4517.29	1.45852	0.0145304
NM_001354034.2	11246	11018.3	13.3094	0.0543608
NM_001354035.2	11542	11314.3	13.8906	0.0552505
NM_001354036.2	11352	11124.3	102.98	0.416604
NM_001354037.2	6452	6224.29	16.2852	0.117746
NM_001354038.2	11545	11317.3	0.723407	0.00287662
NM_001354039.2	11444	11216.3	1.52998	0.00613874
NM_001354044.2	5146	4918.29	76.8453	0.703145
NM_001354045.2	2337	2109.29	60.4857	1.2905
NM_001354046.2	5425	5197.29	0	0
NM_001354047.1	5904	5676.29	0	0
NM_001354048.1	5484	5256.29	0	0
NM_001354049.2	5099	4871.29	0	0
NM_001354050.2	5014	4786.29	0	0
NM_001354051.2	5282	5054.29	0	0
NM_001354052.2	4922	4694.29	1567.87	15.0308
NM_001354053.2	4731	4503.29	0	0
NM_001354054.2	4958	4730.29	6.63737e-05	6.31467e-07
NM_001354055.2	4612	4384.29	0	0
NM_001354056.1	5270	5042.29	0	0
NM_001354057.2	5078	4850.29	8.05898	0.0747746
NM_001354058.2	5112	4884.29	0	0
NM_001354059.2	5163	4935.29	0.216949	0.00197828
NM_001354060.2	5283	5055.29	0	0
NM_001354061.2	4672	4444.29	5.6074	0.0567807
NM_001354065.2	5246	5018.29	0	0
NM_001354066.2	5320	5092.29	0	0
NM_001354067.2	5506	5278.29	0	0
NM_001354068.2	5275	5047.29	0	0
NM_001354069.2	6971	6743.29	0	0
NM_001354070.2	6490	6262.29	0	0
NM_001354071.2	6189	5961.29	9.12379	0.0688774
NM_001354073.1	3080	2852.29	28.2898	0.446352
NM_001354074.1	2423	2195.29	0	0
NM_001354076.1	2980	2752.29	46.832	0.765756
NM_001354078.1	2690	2462.29	427.072	7.80555
NM_001354079.1	3159	2931.29	0	0
NM_001354080.1	3041	2813.29	3.21732	0.0514661
NM_001354081.2	2941	2713.29	112.538	1.86658
NM_001354082.1	2759	2531.29	22.0419	0.391877
NM_001354083.2	2819	2591.29	340.223	5.90866
NM_001354084.2	3170	2942.29	14.22	0.217498
NM_001354085.2	3217	2989.29	0	0
NM_001354086.2	2892	2664.29	56.5024	0.954393
NM_001354087.1	3163	2935.29	1.29651	0.0198777
NM_001354088.2	3174	2946.29	9.85953	0.150599
NM_001354089.2	3168	2940.29	11.625	0.177928
NM_001354090.2	3243	3015.29	0	0
NM_001354091.2	3099	2871.29	86.7055	1.35898
NM_001354092.2	3292	3064.29	0	0
NM_001354094.2	2962	2734.29	0	0
NM_001354095.2	2966	2738.29	0	0
NM_001354096.2	3296	3068.29	7.97195	0.116926
NM_001354097.2	2908	2680.29	19.3809	0.325412
NM_001354098.2	3601	3373.29	40.7961	0.54426
NM_001354099.2	3952	3724.29	74.7399	0.903132
NM_001354100.2	3719	3491.29	0	0
NM_001354101.2	4021	3793.29	0	0
NM_001354102.2	4070	3842.29	0	0
NM_001354103.2	4074	3846.29	34.312	0.401463
NM_001354107.2	8139	7911.29	0	0
NM_001354118.2	9357	9129.29	32.4497	0.159962
NM_001354119.2	9284	9056.29	0	0
NM_001354120.2	9256	9028.29	0.0013708	6.83299e-06
NM_001354121.2	9228	9000.29	120.769	0.603867
NM_001354122.2	9195	8967.29	131.37	0.659291
NM_001354123.2	9182	8954.29	1.5467e-07	7.77351e-10
NM_001354124.2	9178	8950.29	0	0
NM_001354125.2	9091	8863.29	0	0
NM_001354126.2	9034	8806.29	27.2074	0.139039
NM_001354127.2	8952	8724.29	195.354	1.0077
NM_001354128.2	9013	8785.29	2.17903e-08	1.11622e-10
NM_001354129.2	9115	8887.29	0	0
NM_001354130.2	9009	8781.29	0	0
NM_001354137.2	3610	3382.29	0	0
NM_001354138.1	3347	3119.29	230.451	3.32479
NM_001354139.2	3481	3253.29	0	0
NM_001354140.2	3601	3373.29	0	0
NM_001354141.2	3520	3292.29	0.0510397	0.000697674
NM_001354142.1	3272	3044.29	0	0
NM_001354143.1	3108	2880.29	0	0
NM_001354144.2	3391	3163.29	0.00193565	2.75378e-05
NM_001354145.2	3715	3487.29	9.01098	0.116286
NM_001354146.2	3494	3266.29	0.914551	0.0126007
NM_001354147.1	3433	3205.29	0	0
NM_001354148.1	4044	3816.29	0	0
NM_001354149.1	3304	3076.29	0	0
NM_001354150.2	3553	3325.29	11.0271	0.149235
NM_001354151.2	3657	3429.29	0	0
NM_001354152.3	3317	3089.29	106.245	1.54772
NM_001354153.2	3423	3195.29	0	0
NM_001354154.2	3961	3733.29	79.9853	0.964185
NM_001354155.2	3832	3604.29	6.33284	0.0790716
NM_001354156.2	3442	3214.29	0	0
NM_001354157.2	3552	3324.29	0	0
NM_001354158.2	5518	5290.29	39.138	0.332937
NM_001354159.2	5411	5183.29	126.692	1.09998
NM_001354169.2	6157	5929.29	0	0
NM_001354173.2	712	484.852	3.01181	0.279551
NM_001354186.2	9428	9200.29	0	0
NM_001354187.2	9125	8897.29	0	0
NM_001354188.2	9039	8811.29	57.8178	0.2953
NM_001354189.2	3197	2969.29	112.273	1.70163
NM_001354199.2	4681	4453.29	0	0
NM_001354200.2	4679	4451.29	0	0
NM_001354208.2	2118	1890.29	0	0
NM_001354210.2	4507	4279.29	519.259	5.46078
NM_001354211.2	4804	4576.29	117.693	1.15739
NM_001354212.1	5007	4779.29	0.0231895	0.000218359
NM_001354213.1	5075	4847.29	0.0230956	0.000214423
NM_001354214.1	5061	4833.29	0	0
NM_001354215.1	5072	4844.29	3.49472e-05	3.24656e-07
NM_001354216.2	5417	5189.29	1.85264e-05	1.60666e-07
NM_001354217.1	4882	4654.29	3.9027	0.0377358
NM_001354218.1	4862	4634.29	171.316	1.66363
NM_001354219.2	5102	4874.29	2.98399	0.0275504
NM_001354220.1	4845	4617.29	5.05991e-08	4.93171e-10
NM_001354221.2	4472	4244.29	0	0
NM_001354222.2	4259	4031.29	2.20554	0.0246214
NM_001354223.2	4944	4716.29	0	0
NM_001354224.2	4606	4378.29	8.04007	0.0826413
NM_001354225.2	8394	8166.29	0	0
NM_001354226.2	4543	4315.29	8.68254	0.090548
NM_001354227.2	4553	4325.29	29.8631	0.310715
NM_001354228.2	8376	8148.29	0	0
NM_001354229.2	4497	4269.29	0	0
NM_001354230.2	8327	8099.29	0	0
NM_001354231.2	8300	8072.29	0	0
NM_001354232.2	8328	8100.29	0	0
NM_001354233.2	4983	4755.29	0	0
NM_001354234.1	2907	2679.29	25.3521	0.42583
NM_001354235.2	8289	8061.29	0	0
NM_001354236.2	8280	8052.29	0	0
NM_001354237.2	8243	8015.29	0	0
NM_001354238.1	2329	2101.29	186.243	3.98874
NM_001354239.2	8146	7918.29	0	0
NM_001354240.2	8210	7982.29	0	0
NM_001354241.2	8244	8016.29	0	0
NM_001354242.2	8207	7979.29	0	0
NM_001354243.2	8113	7885.29	0	0
NM_001354244.2	8110	7882.29	0	0
NM_001354245.2	8220	7992.29	0	0
NM_001354246.2	8196	7968.29	0	0
NM_001354247.1	4064	3836.29	24.4556	0.286885
NM_001354248.1	3702	3474.29	0	0
NM_001354249.2	8080	7852.29	0	0
NM_001354250.2	4313	4085.29	281.295	3.09871
NM_001354251.2	4410	4182.29	326.883	3.51739
NM_001354252.2	8053	7825.29	0	0
NM_001354253.2	8041	7813.29	0	0
NM_001354254.2	8032	7804.29	0	0
NM_001354255.2	8020	7792.29	0	0
NM_001354256.2	8017	7789.29	0	0
NM_001354257.2	8005	7777.29	0	0
NM_001354258.2	8100	7872.29	0	0
NM_001354259.2	4585	4357.29	20.5509	0.212254
NM_001354260.2	7981	7753.29	0	0
NM_001354261.2	7931	7703.29	0	0
NM_001354262.2	7921	7693.29	0	0
NM_001354263.2	5074	4846.29	1383.64	12.8486
NM_001354264.2	7907	7679.29	0	0
NM_001354265.2	8031	7803.29	0	0
NM_001354266.2	7897	7669.29	0	0
NM_001354267.2	7886	7658.29	0	0
NM_001354268.2	8001	7773.29	0	0
NM_001354269.3	8195	7967.29	0	0
NM_001354270.2	7858	7630.29	0	0
NM_001354271.2	7787	7559.29	0	0
NM_001354272.2	7789	7561.29	0	0
NM_001354273.2	7899	7671.29	0	0
NM_001354274.2	7777	7549.29	0	0
NM_001354275.2	7756	7528.29	0	0
NM_001354276.2	7732	7504.29	0	0
NM_001354277.2	7534	7306.29	0	0
NM_001354278.2	5905	5677.29	67.5344	0.535335
NM_001354279.2	5758	5530.29	0	0
NM_001354280.2	5743	5515.29	12.6441	0.103172
NM_001354281.2	5722	5494.29	6.22936	0.0510239
NM_001354282.2	5593	5365.29	0	0
NM_001354285.2	8015	7787.29	2.25683e-08	1.30423e-10
NM_001354286.2	8016	7788.29	866.991	5.00973
NM_001354287.2	7949	7721.29	1042.15	6.0741
NM_001354288.2	7998	7770.29	339.31	1.96518
NM_001354289.2	6216	5988.29	0	0
NM_001354293.2	4210	3982.29	18.012	0.20355
NM_001354294.2	9010	8782.29	707.907	3.62753
NM_001354295.2	9059	8831.29	441.332	2.24897
NM_001354296.2	9209	8981.29	116.346	0.582984
NM_001354297.2	9118	8890.29	62.8808	0.318305
NM_001354298.2	9010	8782.29	2.32042	0.0118905
NM_001354299.2	9268	9040.29	27.7124	0.137954
NM_001354300.2	8996	8768.29	195.527	1.00354
NM_001354301.2	9181	8953.29	143.032	0.718938
NM_001354304.2	3987	3759.29	0	0
NM_001354305.2	2264	2036.29	0	0
NM_001354306.2	2338	2110.29	0	0
NM_001354307.2	3056	2828.29	0	0
NM_001354308.2	2499	2271.29	0	0
NM_001354309.2	2305	2077.29	0	0
NM_001354310.2	1953	1725.29	0	0
NM_001354311.2	2810	2582.29	0	0
NM_001354312.2	2136	1908.29	0	0
NM_001354313.2	1964	1736.29	0	0
NM_001354314.2	2134	1906.29	0	0
NM_001354315.2	2104	1876.29	0	0
NM_001354316.2	3015	2787.29	0	0
NM_001354317.2	2982	2754.29	0	0
NM_001354318.2	2199	1971.29	0	0
NM_001354319.2	1996	1768.29	0	0
NM_001354320.2	3089	2861.29	0	0
NM_001354321.2	2143	1915.29	0	0
NM_001354322.2	1970	1742.29	0	0
NM_001354323.2	2003	1775.29	0	0
NM_001354325.2	1990	1762.29	0	0
NM_001354331.2	4830	4602.29	3.93237	0.0384523
NM_001354332.2	5016	4788.29	2.8696	0.0269701
NM_001354333.2	5103	4875.29	245.218	2.26357
NM_001354334.2	5230	5002.29	0	0
NM_001354335.2	5048	4820.29	733.805	6.85093
NM_001354336.2	4754	4526.29	28.8564	0.286908
NM_001354337.2	4997	4769.29	404.033	3.81246
NM_001354338.2	4943	4715.29	17.4826	0.166855
NM_001354339.2	4757	4529.29	26.6194	0.264491
NM_001354340.2	4939	4711.29	113.744	1.0865
NM_001354341.2	5089	4861.29	818.789	7.57988
NM_001354342.2	4845	4617.29	76.9083	0.749597
NM_001354343.2	4849	4621.29	61.8485	0.602293
NM_001354344.2	5031	4803.29	48.3571	0.453069
NM_001354345.3	2671	2443.29	0	0
NM_001354346.2	2550	2322.29	57.697	1.11809
NM_001354347.2	1998	1770.29	21.8135	0.554527
NM_001354350.2	10856	10628.3	4.75015	0.0201134
NM_001354351.2	11133	10905.3	0	0
NM_001354352.2	10715	10487.3	9.4706	0.0406402
NM_001354353.2	10152	9924.29	3.91131	0.0177364
NM_001354354.2	10681	10453.3	0	0
NM_001354355.3	11516	11288.3	0	0
NM_001354356.2	2663	2435.29	0	0
NM_001354357.2	682	455.179	0	0
NM_001354358.1	2559	2331.29	4.06638	0.0784971
NM_001354360.2	10558	10330.3	0	0
NM_001354361.1	2604	2376.29	268.436	5.08374
NM_001354362.3	10659	10431.3	0	0
NM_001354367.2	4482	4254.29	57.8104	0.611534
NM_001354368.2	5418	5190.29	1768.22	15.3315
NM_001354369.2	3874	3646.29	2.81576	0.0347525
NM_001354370.2	4215	3987.29	873.507	9.85895
NM_001354372.2	3644	3416.29	0	0
NM_001354373.2	3641	3413.29	0	0
NM_001354374.2	3599	3371.29	22.5458	0.300962
NM_001354375.2	3760	3532.29	59.4948	0.757992
NM_001354376.2	3751	3523.29	3.6505e-05	4.66279e-07
NM_001354377.2	3747	3519.29	257.428	3.29187
NM_001354378.2	3342	3114.29	17.744	0.25641
NM_001354382.3	5648	5420.29	0	0
NM_001354383.2	5782	5554.29	0	0
NM_001354384.2	5656	5428.29	0	0
NM_001354385.2	5688	5460.29	1.6501e-06	1.35999e-08
NM_001354386.2	5673	5445.29	56.9154	0.470382
NM_001354387.2	5669	5441.29	0	0
NM_001354388.2	5664	5436.29	0	0
NM_001354389.2	5649	5421.29	0	0
NM_001354390.2	5593	5365.29	0	0
NM_001354391.2	5536	5308.29	96.6526	0.819409
NM_001354392.2	5687	5459.29	0	0
NM_001354393.2	5606	5378.29	0	0
NM_001354394.2	5546	5318.29	0	0
NM_001354395.2	5467	5239.29	0	0
NM_001354396.2	5410	5182.29	1.74929e-06	1.51909e-08
NM_001354397.2	5499	5271.29	6.26263e-07	5.34665e-09
NM_001354398.2	5577	5349.29	0	0
NM_001354399.2	5634	5406.29	0	0
NM_001354400.2	5646	5418.29	5.72983	0.0475906
NM_001354401.2	7208	6980.29	58.987	0.380299
NM_001354402.2	7080	6852.29	92.4395	0.607105
NM_001354404.2	6923	6695.29	0	0
NM_001354405.2	2413	2185.29	2.2641	0.046626
NM_001354406.2	2175	1947.29	0	0
NM_001354407.2	2171	1943.29	0	0
NM_001354408.2	2330	2102.29	0	0
NM_001354409.2	2423	2195.29	0	0
NM_001354410.2	2172	1944.29	0	0
NM_001354411.2	6309	6081.29	0	0
NM_001354412.2	2145	1917.29	0	0
NM_001354413.2	2300	2072.29	0	0
NM_001354414.2	2393	2165.29	0	0
NM_001354416.2	2142	1914.29	0	0
NM_001354417.2	1060	832.293	27.6578	1.49549
NM_001354418.2	1979	1751.29	0	0
NM_001354419.2	1983	1755.29	0	0
NM_001354420.2	9171	8943.29	0	0
NM_001354421.2	1949	1721.29	0	0
NM_001354422.1	441	226.512	0	0
NM_001354423.2	2108	1880.29	0	0
NM_001354424.2	1946	1718.29	0	0
NM_001354425.2	2194	1966.29	3.33241	0.0762697
NM_001354426.2	2137	1909.29	0	0
NM_001354427.2	2061	1833.29	0	0
NM_001354428.2	2058	1830.29	0	0
NM_001354429.2	9300	9072.29	0	0
NM_001354430.2	4280	4052.29	0	0
NM_001354431.4	7688	7460.29	74.3731	0.448645
NM_001354432.4	7818	7590.29	34.6676	0.205545
NM_001354434.2	798	570.487	0	0
NM_001354435.2	10451	10223.3	0	0
NM_001354437.3	1734	1506.29	377.851	11.2889
NM_001354438.3	1573	1345.29	122.453	4.09632
NM_001354439.2	1536	1308.29	5.80418	0.199654
NM_001354440.2	5539	5311.29	0	0
NM_001354441.2	5714	5486.29	0	0
NM_001354442.2	5692	5464.29	0	0
NM_001354443.2	5583	5355.29	0	0
NM_001354444.2	5575	5347.29	0	0
NM_001354445.2	5585	5357.29	0	0
NM_001354446.2	5449	5221.29	0	0
NM_001354447.2	5758	5530.29	0	0
NM_001354448.2	5621	5393.29	0	0
NM_001354449.2	5485	5257.29	0	0
NM_001354450.2	5466	5238.29	0	0
NM_001354451.2	5463	5235.29	0	0
NM_001354452.2	2080	1852.29	12.0975	0.293919
NM_001354453.2	5341	5113.29	0	0
NM_001354454.2	957	729.293	8.78145	0.541884
NM_001354455.2	5594	5366.29	0	0
NM_001354456.2	936	708.293	40.6164	2.58066
NM_001354457.2	885	657.427	10.0138	0.685475
NM_001354458.2	2043	1815.29	0	0
NM_001354459.2	2193	1965.29	9.13225	0.209119
NM_001354460.2	5712	5484.29	0	0
NM_001354461.2	5848	5620.29	0	0
NM_001354470.2	876	648.427	3.95306	0.274356
NM_001354471.3	2318	2090.29	0	0
NM_001354473.2	4612	4384.29	0	0
NM_001354475.2	3808	3580.29	0	0
NM_001354476.2	3668	3440.29	78.9758	1.0331
NM_001354477.2	3823	3595.29	0	0
NM_001354478.2	8945	8717.29	231.268	1.19392
NM_001354479.2	8793	8565.29	115.14	0.604957
NM_001354480.2	3971	3743.29	0	0
NM_001354481.2	3828	3600.29	0	0
NM_001354482.2	8850	8622.29	158.166	0.825529
NM_001354483.2	3701	3473.29	467.019	6.05112
NM_001354484.2	3841	3613.29	0	0
NM_001354485.2	3856	3628.29	68.841	0.85386
NM_001354486.2	3225	2997.29	22.2489	0.334058
NM_001354487.2	3861	3633.29	12.5493	0.155439
NM_001354488.2	3812	3584.29	0.000160213	2.01157e-06
NM_001354489.2	3853	3625.29	14.6106	0.181371
NM_001354490.2	4243	4015.29	29.9302	0.335455
NM_001354491.2	4126	3898.29	0	0
NM_001354492.2	3847	3619.29	74.4363	0.925557
NM_001354494.2	3999	3771.29	0	0
NM_001354495.2	4007	3779.29	0	0
NM_001354496.2	4002	3774.29	0	0
NM_001354497.2	3752	3524.29	0	0
NM_001354498.2	3897	3669.29	0	0
NM_001354499.2	4016	3788.29	0	0
NM_001354505.1	4863	4635.29	1777.83	17.2606
NM_001354506.2	8864	8636.29	0	0
NM_001354507.2	8960	8732.29	28.7326	0.148078
NM_001354508.2	8924	8696.29	0	0
NM_001354509.2	9037	8809.29	0	0
NM_001354511.2	8874	8646.29	0	0
NM_001354512.2	8890	8662.29	0	0
NM_001354513.2	8894	8666.29	4.77605	0.0248015
NM_001354514.2	2113	1885.29	19.9156	0.475396
NM_001354515.2	1896	1668.29	0	0
NM_001354516.2	2011	1783.29	0	0
NM_001354517.2	1695	1467.29	0	0
NM_001354518.2	1914	1686.29	123.515	3.29631
NM_001354519.2	1910	1682.29	21.147	0.565705
NM_001354521.2	1742	1514.29	6.0073	0.17853
NM_001354522.2	2135	1907.29	0	0
NM_001354523.2	8841	8613.29	16.4125	0.0857528
NM_001354524.2	2208	1980.29	0	0
NM_001354525.2	2252	2024.29	0	0
NM_001354526.1	5124	4896.29	135.163	1.24231
NM_001354527.2	2136	1908.29	0	0
NM_001354528.2	2107	1879.29	28.1627	0.674407
NM_001354529.2	1919	1691.29	0	0
NM_001354530.2	2021	1793.29	0	0
NM_001354531.2	2017	1789.29	0	0
NM_001354532.2	2025	1797.29	0	0
NM_001354533.2	1988	1760.29	0.886214	0.0226566
NM_001354534.2	2114	1886.29	0	0
NM_001354536.2	4865	4637.29	0	0
NM_001354537.2	4854	4626.29	0	0
NM_001354538.2	8764	8536.29	0	0
NM_001354539.2	8799	8571.29	0	0
NM_001354540.2	9154	8926.29	31.375	0.158181
NM_001354541.2	8989	8761.29	0	0
NM_001354542.2	8608	8380.29	61.5086	0.330308
NM_001354543.2	9169	8941.29	0	0
NM_001354544.2	8955	8727.29	0	0
NM_001354545.2	8572	8344.29	27.912	0.150537
NM_001354546.2	8502	8274.29	57.5971	0.313265
NM_001354547.2	8768	8540.29	0	0
NM_001354548.2	8388	8160.29	161.639	0.891422
NM_001354549.2	8379	8151.29	60.1362	0.33201
NM_001354550.2	7477	7249.29	28.5457	0.17721
NM_001354551.2	7293	7065.29	3.82284e-05	2.435e-07
NM_001354558.2	2033	1805.29	0	0
NM_001354559.2	2143	1915.29	0	0
NM_001354560.2	1904	1676.29	0	0
NM_001354561.2	2240	2012.29	0	0
NM_001354562.2	2058	1830.29	0	0
NM_001354564.2	1975	1747.29	0	0
NM_001354565.2	2668	2440.29	0	0
NM_001354566.1	1997	1769.29	0	0
NM_001354567.2	2295	2067.29	0	0
NM_001354568.2	2514	2286.29	2.29907	0.0452546
NM_001354569.1	2021	1793.29	0	0
NM_001354570.2	2416	2188.29	0	0
NM_001354571.2	1577	1349.29	0	0
NM_001354572.2	1571	1343.29	0	0
NM_001354573.2	1490	1262.29	0	0
NM_001354574.2	14193	13965.3	0	0
NM_001354575.2	13756	13528.3	0	0
NM_001354579.2	7966	7738.29	244.364	1.42113
NM_001354582.2	1402	1174.29	16.392	0.628198
NM_001354583.2	1330	1102.29	0	0
NM_001354586.3	1144	916.293	0	0
NM_001354587.1	6534	6306.29	0	0
NM_001354589.2	3036	2808.29	0	0
NM_001354590.2	3047	2819.29	4.75862	0.0759596
NM_001354594.2	3044	2816.29	0	0
NM_001354595.2	2735	2507.29	4.00319	0.0718528
NM_001354596.2	7644	7416.29	134.097	0.813717
NM_001354597.3	4729	4501.29	50.0895	0.500786
NM_001354598.3	1784	1556.29	0	0
NM_001354599.3	4437	4209.29	0	0
NM_001354600.3	1871	1643.29	0	0
NM_001354601.3	1702	1474.29	34.7675	1.06128
NM_001354602.2	3404	3176.29	8.08221	0.114512
NM_001354604.2	4799	4571.29	26.058	0.256533
NM_001354605.2	4796	4568.29	21.0729	0.207593
NM_001354606.2	4778	4550.29	66.6872	0.659547
NM_001354607.2	4910	4682.29	0	0
NM_001354608.2	4820	4592.29	0	0
NM_001354609.2	9687	9459.29	511.339	2.43272
NM_001354611.2	3627	3399.29	8.32902	0.110267
NM_001354612.2	3563	3335.29	1.5322e-06	2.06739e-08
NM_001354615.2	2397	2169.29	0	0
NM_001354616.2	2397	2169.29	0	0
NM_001354617.2	2489	2261.29	0	0
NM_001354618.2	2721	2493.29	0	0
NM_001354619.2	2845	2617.29	10.4223	0.179207
NM_001354620.2	2484	2256.29	32.2751	0.643745
NM_001354621.2	2514	2286.29	0	0
NM_001354622.2	2627	2399.29	6.77187	0.127019
NM_001354623.2	2536	2308.29	0	0
NM_001354624.2	2246	2018.29	14.8721	0.331611
NM_001354625.2	2144	1916.29	0	0
NM_001354626.2	2241	2013.29	0	0
NM_001354627.2	2473	2245.29	0	0
NM_001354628.2	2401	2173.29	110.265	2.28328
NM_001354629.2	2395	2167.29	25.1337	0.521893
NM_001354630.2	2329	2101.29	99.1539	2.12356
NM_001354631.1	3626	3398.29	1	0.0132428
NM_001354635.2	4463	4235.29	0	0
NM_001354636.2	4859	4631.29	29.4456	0.286128
NM_001354638.2	1330	1102.29	0	0
NM_001354639.2	1308	1080.29	0	0
NM_001354640.2	2656	2428.29	6.17032	0.114353
NM_001354642.2	5631	5403.29	50.6362	0.42174
NM_001354643.1	5757	5529.29	74.4295	0.605784
NM_001354644.1	1343	1115.29	73.923	2.98286
NM_001354645.2	469	251.307	1	0.179076
NM_001354646.2	1726	1498.29	0.12712	0.00381821
NM_001354648.2	1541	1313.29	8.0996	0.277552
NM_001354649.2	1297	1069.29	4.5055	0.189622
NM_001354650.2	1974	1746.29	8.89753	0.229295
NM_001354651.2	2075	1847.29	0	0
NM_001354652.2	2027	1799.29	0	0
NM_001354653.2	4307	4079.29	0	0
NM_001354654.2	4364	4136.29	65.3947	0.711498
NM_001354655.2	4189	3961.29	0	0
NM_001354656.3	4048	3820.29	1.40522	0.0165535
NM_001354658.2	879	651.427	0	0
NM_001354663.2	6325	6097.29	8.94905	0.0660514
NM_001354664.2	6322	6094.29	453.331	3.3476
NM_001354666.3	2017	1789.29	0	0
NM_001354667.3	1710	1482.29	0	0
NM_001354668.2	5339	5111.29	0	0
NM_001354669.2	1646	1418.29	0	0
NM_001354670.2	5220	4992.29	130.259	1.17422
NM_001354673.2	2473	2245.29	0.0329941	0.00066131
NM_001354674.2	2677	2449.29	0	0
NM_001354675.2	2647	2419.29	60.477	1.12498
NM_001354676.2	2619	2391.29	0	0
NM_001354677.2	2873	2645.29	0	0
NM_001354678.2	2610	2382.29	5.64563e-08	1.0665e-09
NM_001354679.2	2837	2609.29	164.335	2.83433
NM_001354680.2	2949	2721.29	170.903	2.82629
NM_001354681.2	2871	2643.29	0	0
NM_001354682.2	10822	10594.3	0	0
NM_001354683.2	2922	2694.29	26.6641	0.445374
NM_001354684.2	11517	11289.3	28.7206	0.114491
NM_001354685.2	10909	10681.3	30.9183	0.130267
NM_001354686.2	11108	10880.3	41.5565	0.171886
NM_001354687.2	10564	10336.3	21.2386	0.0924704
NM_001354689.3	3251	3023.29	34.2678	0.510092
NM_001354690.3	3026	2798.29	25.1886	0.405092
NM_001354691.3	3171	2943.29	0	0
NM_001354692.3	3078	2850.29	0	0
NM_001354693.3	3092	2864.29	157.064	2.46776
NM_001354694.3	3138	2910.29	0	0
NM_001354695.3	2979	2751.29	192.193	3.14371
NM_001354696.2	3364	3136.29	42.6209	0.611573
NM_001354697.2	3367	3139.29	297.735	4.26816
NM_001354698.2	3274	3046.29	68.731	1.01537
NM_001354699.4	1950	1722.29	0	0
NM_001354700.2	3444	3216.29	0	0
NM_001354701.2	8462	8234.29	0.00920486	5.03075e-05
NM_001354702.2	3443	3215.29	0	0
NM_001354703.2	21134	20906.3	0	0
NM_001354704.2	19993	19765.3	86.5471	0.197057
NM_001354705.2	5512	5284.29	14	0.119229
NM_001354708.2	7807	7579.29	0	0
NM_001354709.2	7344	7116.29	0	0
NM_001354710.2	7433	7205.29	0	0
NM_001354711.2	7287	7059.29	0	0
NM_001354712.2	7576	7348.29	0	0
NM_001354713.2	7395	7167.29	0	0
NM_001354714.2	7223	6995.29	0	0
NM_001354715.2	7331	7103.29	0	0
NM_001354717.2	2284	2056.29	34	0.744108
NM_001354723.2	4550	4322.29	27.9494	0.291005
NM_001354726.2	3526	3298.29	13.1617	0.179583
NM_001354727.2	3644	3416.29	61.3108	0.807651
NM_001354729.2	3632	3404.29	0	0
NM_001354730.2	3404	3176.29	13.8025	0.19556
NM_001354732.2	8924	8696.29	136.454	0.706145
NM_001354733.2	1465	1237.29	163.048	5.93043
NM_001354735.1	3494	3266.29	0	0
NM_001354736.1	3553	3325.29	0	0
NM_001354737.1	3457	3229.29	20.3084	0.283016
NM_001354738.1	3327	3099.29	0	0
NM_001354739.1	3398	3170.29	0	0
NM_001354740.1	3280	3052.29	17.9079	0.264034
NM_001354741.2	3210	2982.29	0	0
NM_001354742.2	3114	2886.29	21.18	0.330238
NM_001354743.2	3377	3149.29	0	0
NM_001354744.2	3138	2910.29	36.3155	0.561561
NM_001354745.2	3328	3100.29	53.9603	0.783274
NM_001354746.2	2964	2736.29	0	0
NM_001354747.2	3040	2812.29	0	0
NM_001354748.2	3016	2788.29	0	0
NM_001354750.2	8754	8526.29	0	0
NM_001354751.2	8375	8147.29	0	0
NM_001354752.1	8240	8012.29	1	0.00561675
NM_001354754.2	3969	3741.29	28.3684	0.341236
NM_001354755.2	4038	3810.29	0	0
NM_001354756.2	4047	3819.29	334.259	3.9386
NM_001354757.2	4003	3775.29	1.35359	0.0161353
NM_001354758.2	4072	3844.29	0	0
NM_001354759.2	4081	3853.29	0.0327012	0.000381921
NM_001354761.2	4140	3912.29	3.15473e-06	3.62888e-08
NM_001354762.2	4174	3946.29	0	0
NM_001354764.2	4158	3930.29	28.1529	0.32236
NM_001354765.1	4090	3862.29	891.984	10.3933
NM_001354766.2	4023	3795.29	0.927372	0.0109964
NM_001354768.3	3543	3315.29	5.38115	0.0730459
NM_001354769.1	3708	3480.29	4.72178	0.0610565
NM_001354770.2	3190	2962.29	0	0
NM_001354777.2	2607	2379.29	65.5763	1.24034
NM_001354779.2	2474	2246.29	11.6249	0.232899
NM_001354780.2	2641	2413.29	0	0
NM_001354781.2	2357	2129.29	6.65689	0.140695
NM_001354782.2	2524	2296.29	14.7038	0.288168
NM_001354783.2	2716	2488.29	30.3824	0.549494
NM_001354784.2	2353	2125.29	14.9217	0.315967
NM_001354797.2	1952	1724.29	13.7378	0.358548
NM_001354798.2	1934	1706.29	21.6301	0.570488
NM_001354799.2	7968	7740.29	44.0513	0.25612
NM_001354800.1	2879	2651.29	0	0
NM_001354801.1	1267	1039.29	0	0
NM_001354802.1	1610	1382.29	7.38764	0.240518
NM_001354803.2	1311	1083.29	13.1477	0.546192
NM_001354804.2	1215	987.293	0	0
NM_001354806.2	7642	7414.29	0	0
NM_001354809.2	4304	4076.29	162.163	1.79031
NM_001354810.2	4233	4005.29	0	0
NM_001354811.1	3303	3075.29	23.1799	0.339209
NM_001354812.1	2911	2683.29	49.4445	0.829263
NM_001354813.1	2919	2691.29	41.0486	0.686403
NM_001354814.1	2911	2683.29	116.089	1.947
NM_001354816.1	3190	2962.29	0.000403732	6.13349e-06
NM_001354817.1	3188	2960.29	0	0
NM_001354819.1	5359	5131.29	0	0
NM_001354825.2	6843	6615.29	0	0
NM_001354826.2	6844	6616.29	0	0
NM_001354827.2	6837	6609.29	0	0
NM_001354828.2	2397	2169.29	0	0
NM_001354830.2	4951	4723.29	0	0
NM_001354831.2	4955	4727.29	0	0
NM_001354832.2	4888	4660.29	0	0
NM_001354833.2	4888	4660.29	18.7547	0.181109
NM_001354837.2	1180	952.293	55.6585	2.63029
NM_001354840.3	2058	1830.29	22.1907	0.545623
NM_001354844.2	1918	1690.29	30.6925	0.81717
NM_001354845.2	1870	1642.29	129.687	3.55375
NM_001354849.2	4419	4191.29	6.52185	0.0700269
NM_001354853.2	3698	3470.29	94.0849	1.2201
NM_001354854.1	1632	1404.29	0	0
NM_001354855.2	3522	3294.29	3.9016	0.0532994
NM_001354856.2	3698	3470.29	0.809688	0.0105001
NM_001354857.2	3565	3337.29	3.72389	0.0502163
NM_001354858.2	3602	3374.29	1.08029	0.0144078
NM_001354859.2	3469	3241.29	5.31166	0.0737487
NM_001354860.2	3426	3198.29	5.62324	0.0791245
NM_001354867.2	1511	1283.29	0	0
NM_001354868.2	1364	1136.29	23.4456	0.928568
NM_001354870.1	4515	4287.29	651.29	6.83649
NM_001354895.2	11048	10820.3	359.248	1.49416
NM_001354896.2	10758	10530.3	697.213	2.97966
NM_001354897.2	10895	10667.3	21.554	0.0909318
NM_001354898.2	10659	10431.3	37.1465	0.160259
NM_001354899.2	10620	10392.3	0	0
NM_001354900.2	10605	10377.3	6.57e-05	2.84921e-07
NM_001354901.2	10551	10323.3	8.91647e-05	3.88702e-07
NM_001354902.2	10592	10364.3	0.37554	0.00163064
NM_001354903.2	10401	10173.3	19.9263	0.0881469
NM_001354904.2	10356	10128.3	0.609319	0.00270739
NM_001354905.2	10248	10020.3	9.29847e-07	4.17613e-09
NM_001354906.2	10890	10662.3	6.31174	0.0266404
NM_001354908.2	1708	1480.29	0	0
NM_001354909.2	2435	2207.29	1353.28	27.5911
NM_001354918.2	8506	8278.29	0	0
NM_001354919.2	1170	942.293	0	0
NM_001354924.1	3431	3203.29	14.5456	0.204352
NM_001354925.1	3368	3140.29	21.3553	0.30604
NM_001354926.2	3382	3154.29	4.55209	0.0649458
NM_001354927.2	3806	3578.29	269.487	3.38926
NM_001354928.2	4326	4098.29	238.039	2.61389
NM_001354930.2	4092	3864.29	1556.8	18.1303
NM_001354931.2	3879	3651.29	31.4357	0.387453
NM_001354932.2	4131	3903.29	0	0
NM_001354933.2	4206	3978.29	0	0
NM_001354934.2	4517	4289.29	148.671	1.55985
NM_001354938.2	5717	5489.29	0	0
NM_001354939.2	5730	5502.29	0	0
NM_001354940.2	5796	5568.29	44.6789	0.361096
NM_001354941.2	5819	5591.29	265.034	2.1332
NM_001354942.2	5817	5589.29	162.935	1.3119
NM_001354943.2	1105	877.293	306.789	15.7376
NM_001354944.2	1039	811.293	4.56845e-05	2.53416e-06
NM_001354951.2	3949	3721.29	0	0
NM_001354952.2	3814	3586.29	0	0
NM_001354953.2	3946	3718.29	0	0
NM_001354954.2	4144	3916.29	0	0
NM_001354955.2	4146	3918.29	0	0
NM_001354956.2	3900	3672.29	8.82366	0.108132
NM_001354957.2	3941	3713.29	0	0
NM_001354958.2	3814	3586.29	0	0
NM_001354959.2	3910	3682.29	10.7613	0.131519
NM_001354961.2	3843	3615.29	0	0
NM_001354962.2	3619	3391.29	106.132	1.40839
NM_001354963.2	4040	3812.29	0	0
NM_001354964.2	3713	3485.29	0	0
NM_001354966.2	606	380.649	0	0
NM_001354969.2	2980	2752.29	14.6681	0.239839
NM_001354970.2	3072	2844.29	13.5489	0.214373
NM_001354971.2	3056	2828.29	18.3725	0.292339
NM_001354972.2	3469	3241.29	28.3264	0.393292
NM_001354973.2	2921	2693.29	39.2311	0.655525
NM_001354974.2	2585	2357.29	0	0
NM_001354975.2	2423	2195.29	3.59303	0.0736564
NM_001354980.2	3294	3066.29	0	0
NM_001354982.2	10037	9809.29	17.4498	0.0800562
NM_001354983.2	10503	10275.3	726.738	3.18292
NM_001354984.2	3034	2806.29	14.3165	0.229586
NM_001354985.2	3765	3537.29	99.7199	1.26868
NM_001354988.2	2469	2241.29	22.2062	0.44588
NM_001354989.2	4359	4131.29	0	0
NM_001354990.2	716	488.852	0	0
NM_001354991.2	1275	1047.29	0	0
NM_001354992.2	1454	1226.29	0	0
NM_001354993.2	1383	1155.29	0	0
NM_001354994.2	6474	6246.29	18.8766	0.136002
NM_001354997.3	17611	17383.3	0	0
NM_001354998.2	1309	1081.29	334.217	13.91
NM_001355.4	666	439.629	8.70242	0.890831
NM_001355001.2	10518	10290.3	196.102	0.857623
NM_001355003.2	1695	1467.29	307.366	9.42715
NM_001355004.2	1658	1430.29	1165.81	36.6812
NM_001355006.2	1355	1127.29	26.2846	1.04932
NM_001355007.2	1240	1012.29	25.3551	1.1272
NM_001355008.2	2363	2135.29	23.1206	0.487287
NM_001355009.2	1513	1285.29	72.5629	2.54071
NM_001355010.2	939	711.293	4.45258	0.281712
NM_001355012.2	7964	7736.29	0	0
NM_001355013.1	7638	7410.29	0	0
NM_001355014.2	7936	7708.29	0	0
NM_001355015.2	7735	7507.29	0	0
NM_001355016.2	5654	5426.29	1251.05	10.3756
NM_001355017.2	5734	5506.29	1059.72	8.66111
NM_001355019.2	4614	4386.29	63.9329	0.655947
NM_001355023.4	4756	4528.29	3.87315	0.0384921
NM_001355024.4	5072	4844.29	0	0
NM_001355025.2	4752	4524.29	4.77654	0.0475121
NM_001355026.2	4376	4148.29	0	0
NM_001355027.2	1869	1641.29	2.38439	0.0653782
NM_001355028.2	5363	5135.29	50.7411	0.444669
NM_001355029.2	4963	4735.29	0	0
NM_001355030.2	4500	4272.29	0	0
NM_001355031.2	4518	4290.29	0	0
NM_001355032.2	4660	4432.29	0	0
NM_001355033.2	4876	4648.29	9.49007	0.0918794
NM_001355034.2	1283	1055.29	16.0094	0.682724
NM_001355035.2	4969	4741.29	0	0
NM_001355036.2	4904	4676.29	123.126	1.18492
NM_001355037.2	5014	4786.29	0	0
NM_001355039.2	1622	1394.29	41.5095	1.33979
NM_001355040.2	1734	1506.29	81.9026	2.44698
NM_001355041.2	1790	1562.29	57.634	1.66019
NM_001355042.2	843	615.427	22.7704	1.66508
NM_001355120.2	4855	4627.29	0	0
NM_001355121.2	4670	4442.29	49.0843	0.497253
NM_001355128.2	1477	1249.29	29.8383	1.07486
NM_001355129.2	1596	1368.29	13.3721	0.439808
NM_001355139.2	1944	1716.29	346.012	9.07281
NM_001355186.2	1456	1228.29	482.721	17.6863
NM_001355197.2	4539	4311.29	66.6878	0.696116
NM_001355204.2	744	516.753	135.872	11.8329
NM_001355213.3	3561	3333.29	0	0
NM_001355216.2	6378	6150.29	0	0
NM_001355219.1	999	771.293	0	0
NM_001355221.1	1389	1161.29	0	0
NM_001355224.2	6725	6497.29	0	0
NM_001355226.2	5984	5756.29	16.6674	0.130307
NM_001355227.2	3762	3534.29	0	0
NM_001355235.2	1873	1645.29	0	0
NM_001355236.2	1355	1127.29	0	0
NM_001355237.2	6177	5949.29	71.5158	0.540977
NM_001355239.2	2381	2153.29	52.6093	1.09952
NM_001355240.2	1141	913.293	38.8831	1.91599
NM_001355241.2	3608	3380.29	231.534	3.08249
NM_001355243.2	870	642.427	410	28.7212
NM_001355247.2	2731	2503.29	7.52256	0.135237
NM_001355256.2	5682	5454.29	769.569	6.34967
NM_001355258.2	982	754.293	0	0
NM_001355263.2	6255	6027.29	54.4149	0.406292
NM_001355272.3	8144	7916.29	0	0
NM_001355274.2	1330	1102.29	3	0.12248
NM_001355276.2	1893	1665.29	0	0
NM_001355277.1	1620	1392.29	0.5	0.0161615
NM_001355278.1	1620	1392.29	0.5	0.0161615
NM_001355281.2	1886	1658.29	0	0
NM_001355283.3	2140	1912.29	0	0
NM_001355287.3	2250	2022.29	0	0
NM_001355292.3	1791	1563.29	0	0
NM_001355401.2	3595	3367.29	3.96215	0.0529532
NM_001355404.2	2798	2570.29	87.0412	1.524
NM_001355405.2	2793	2565.29	37.3831	0.655814
NM_001355406.2	2920	2692.29	0	0
NM_001355407.2	3642	3414.29	1042.07	13.7353
NM_001355409.3	2628	2400.29	610.586	11.4479
NM_001355436.2	10177	9949.29	0	0
NM_001355437.2	6839	6611.29	108	0.735156
NM_001355444.3	2128	1900.29	32.773	0.776135
NM_001355445.3	2064	1836.29	0	0
NM_001355446.3	2159	1931.29	9.42322	0.21958
NM_001355447.2	2163	1935.29	9.9155	0.230574
NM_001355448.2	2259	2031.29	0.037802	0.0008375
NM_001355449.2	1943	1715.29	21.6986	0.569293
NM_001355450.1	2032	1804.29	0	0
NM_001355457.3	4727	4499.29	1.04226	0.0104249
NM_001355465.2	5607	5379.29	0	0
NM_001355469.2	5175	4947.29	0	0
NM_001355476.2	5110	4882.29	0	0
NM_001355479.1	968	740.293	0	0
NM_001355514.1	1412	1184.29	0	0
NM_001355519.1	681	454.225	0	0
NM_001355522.1	632	406.137	1	0.110808
NM_001355526.2	737	509.753	9.57337	0.845177
NM_001355527.2	1557	1329.29	23.0615	0.780743
NM_001355529.2	1392	1164.29	0	0
NM_001355530.2	905	677.361	0	0
NM_001355531.2	713	485.852	0	0
NM_001355534.2	4204	3976.29	0	0
NM_001355547.1	6319	6091.29	0	0
NM_001355566.1	909	681.293	0	0
NM_001355570.4	448	232.626	8	1.54766
NM_001355573.2	4643	4415.29	0	0
NM_001355613.1	1359	1131.29	0	0
NM_001356.5	4635	4407.29	18156.5	185.397
NM_001356336.2	13097	12869.3	0.291497	0.00101935
NM_001356338.2	13050	12822.3	43.9686	0.154319
NM_001356339.2	12819	12591.3	0.00778132	2.78115e-05
NM_001356370.1	4591	4363.29	14.1565	0.14601
NM_001356372.2	429	216.04	0	0
NM_001356429.2	3899	3671.29	122.819	1.50552
NM_001356499.2	2976	2748.29	0	0
NM_001356505.2	5271	5043.29	10.044	0.089626
NM_001356506.2	4935	4707.29	30.7739	0.294207
NM_001356996.3	1629	1401.29	0	0
NM_001357.5	4493	4265.29	12645.2	133.42
NM_001357016.2	2111	1883.29	550.918	13.1647
NM_001357021.2	5940	5712.29	0	0
NM_001357063.3	1628	1400.29	0	0
NM_001357321.2	7177	6949.29	1.43023	0.00926209
NM_001357678.2	999	771.293	128.983	7.52582
NM_001357731.1	1866	1638.29	0	0
NM_001357734.3	2636	2408.29	1.03888	0.0194132
NM_001357857.2	10606	10378.3	77.7468	0.337131
NM_001357943.2	1231	1003.29	106.408	4.77299
NM_001358.3	2998	2770.29	8152	132.428
NM_001358008.2	2867	2639.29	0	0
NM_001358235.2	13354	13126.3	11.2602	0.0386053
NM_001358263.1	3998	3770.29	0	0
NM_001358291.2	3300	3072.29	748.234	10.9602
NM_001358292.2	3489	3261.29	13.9528	0.192537
NM_001358293.2	3376	3148.29	76.6704	1.09596
NM_001358294.2	3398	3170.29	57.7002	0.819068
NM_001358310.2	3118	2890.29	0	0
NM_001358311.2	3103	2875.29	12.1515	0.19019
NM_001358312.2	3294	3066.29	0	0
NM_001358345.2	3510	3282.29	266.439	3.65311
NM_001358351.3	5907	5679.29	42.8115	0.339241
NM_001358352.2	5939	5711.29	0.0193238	0.000152265
NM_001358406.2	2151	1923.29	5.71694	0.13377
NM_001358407.2	2155	1927.29	0	0
NM_001358410.2	1288	1060.29	0	0
NM_001358413.3	1929	1701.29	0	0
NM_001358416.1	1564	1336.29	0	0
NM_001358418.3	2492	2264.29	0.770376	0.0153113
NM_001358438.1	3159	2931.29	0	0
NM_001358449.1	180	47.9827	0	0
NM_001358451.3	5753	5525.29	6.12771e-08	4.99097e-10
NM_001358454.3	5798	5570.29	46.7331	0.377562
NM_001358511.2	725	497.753	227.017	20.5252
NM_001358516.2	695	468.041	0	0
NM_001358529.2	4095	3867.29	120.165	1.39834
NM_001358530.2	4143	3915.29	22.9934	0.26429
NM_001358531.2	4016	3788.29	5.44511	0.0646852
NM_001358533.2	4031	3803.29	75.2744	0.890697
NM_001358534.2	4188	3960.29	0	0
NM_001358661.2	3733	3505.29	2.00077	0.0256871
NM_001358664.2	964	736.293	0	0
NM_001358683.3	832	604.427	2.00332	0.149159
NM_001358689.2	1562	1334.29	0	0
NM_001358699.2	2850	2622.29	161.151	2.76563
NM_001358921.2	1525	1297.29	853.973	29.6243
NM_001359.2	2760	2532.29	1031.87	18.338
NM_001359084.1	2156	1928.29	145.61	3.39828
NM_001359193.1	1195	967.293	0	0
NM_001359194.1	1198	970.293	12	0.556571
NM_001359228.2	2236	2008.29	0	0
NM_001359229.2	2061	1833.29	0.352808	0.00866061
NM_001359230.2	2233	2005.29	0	0
NM_001359231.2	2058	1830.29	0	0
NM_001359626.1	4609	4381.29	894.09	9.18377
NM_001359631.2	5590	5362.29	30.2209	0.253629
NM_001359633.2	1819	1591.29	0	0
NM_001359647.2	1889	1661.29	44.2311	1.19818
NM_001359651.2	1816	1588.29	0	0
NM_001360.3	2627	2399.29	570.466	10.7001
NM_001360016.2	2223	1995.29	2158.27	48.679
NM_001360057.2	2887	2659.29	29.4096	0.497698
NM_001360064.2	2922	2694.29	6.16657	0.103001
NM_001360071.2	3384	3156.29	6.58243	0.0938537
NM_001360167.1	1514	1286.29	0	0
NM_001360171.2	1161	933.293	0	0
NM_001360235.2	3746	3518.29	84.969	1.08685
NM_001360236.2	3743	3515.29	434.433	5.56165
NM_001360452.2	1686	1458.29	1695.67	52.3284
NM_001360456.1	1657	1429.29	1297.48	40.8527
NM_001360551.3	2768	2540.29	1102.74	19.5359
NM_001360552.2	1622	1394.29	703.777	22.7156
NM_001360869.2	2721	2493.29	0	0
NM_001361.5	4669	4441.29	235.879	2.39013
NM_001361041.2	6971	6743.29	191.402	1.27737
NM_001361189.2	2588	2360.29	55.0697	1.05
NM_001361190.2	1872	1644.29	0	0
NM_001361191.2	1593	1365.29	0	0
NM_001361665.2	6652	6424.29	4453.79	31.1994
NM_001362.4	1958	1730.29	1	0.0260089
NM_001362177.2	8494	8266.29	13.0906	0.0712674
NM_001362435.2	3667	3439.29	8.01294	0.104849
NM_001362438.2	12938	12710.3	0	0
NM_001362460.1	3077	2849.29	0	0
NM_001362474.2	1935	1707.29	0	0
NM_001362475.2	1236	1008.29	6.92302	0.308995
NM_001362481.2	6799	6571.29	11.4696	0.0785488
NM_001362492.2	1043	815.293	0	0
NM_001362493.2	801	573.487	0	0
NM_001362495.2	1435	1207.29	0	0
NM_001362517.1	5581	5353.29	46.997	0.395086
NM_001362518.2	5419	5191.29	0	0
NM_001362519.1	5577	5349.29	0	0
NM_001362531.2	1492	1264.29	60.4661	2.15232
NM_001362660.2	4505	4277.29	118.705	1.24894
NM_001362661.2	4321	4093.29	0.764949	0.00841011
NM_001362662.2	4482	4254.29	59.9826	0.634513
NM_001362663.2	4420	4192.29	31.2107	0.335038
NM_001362667.2	2202	1974.29	76.3253	1.7398
NM_001362668.2	2338	2110.29	284.297	6.06278
NM_001362678.2	3688	3460.29	0	0
NM_001362679.1	3629	3401.29	76.8754	1.01715
NM_001362683.2	2859	2631.29	218.23	3.73239
NM_001362691.2	1181	953.293	0	0
NM_001362692.2	1173	945.293	0	0
NM_001362717.2	1735	1507.29	16.7195	0.499191
NM_001362718.2	1684	1456.29	26.2963	0.812621
NM_001362719.2	1599	1371.29	3.57465	0.117313
NM_001362723.2	9893	9665.29	148.883	0.693222
NM_001362736.2	4637	4409.29	0	0
NM_001362737.2	4658	4430.29	40.7428	0.413867
NM_001362738.2	4612	4384.29	14.372	0.147523
NM_001362745.2	3222	2994.29	29.5345	0.443893
NM_001362746.2	3358	3130.29	0	0
NM_001362747.2	2929	2701.29	44.8649	0.747442
NM_001362750.2	1774	1546.29	59.335	1.72688
NM_001362753.1	2857	2629.29	0	0
NM_001362754.1	2776	2548.29	0	0
NM_001362758.2	1677	1449.29	0	0
NM_001362759.2	1596	1368.29	44.7319	1.47123
NM_001362760.2	2097	1869.29	44.5694	1.07301
NM_001362761.2	2377	2149.29	362.29	7.58582
NM_001362762.2	3723	3495.29	532.268	6.85313
NM_001362770.2	3007	2779.29	88.0865	1.42632
NM_001362771.2	2890	2662.29	1618.12	27.3526
NM_001362774.2	1895	1667.29	168.997	4.56153
NM_001362775.2	3077	2849.29	98.249	1.55179
NM_001362776.2	2691	2463.29	0	0
NM_001362777.2	2871	2643.29	66.7163	1.13587
NM_001362778.2	9203	8975.29	0	0
NM_001362779.2	2142	1914.29	2.69551	0.0633687
NM_001362780.2	2139	1911.29	23.1466	0.545007
NM_001362781.2	1906	1678.29	7.15628	0.191894
NM_001362782.2	3859	3631.29	10.4448	0.129443
NM_001362783.2	2135	1907.29	290.097	6.84493
NM_001362785.2	1256	1028.29	0	0
NM_001362786.2	3754	3526.29	0	0
NM_001362787.2	1176	948.293	3.93858	0.186913
NM_001362789.2	1408	1180.29	0	0
NM_001362791.2	3016	2788.29	1565.69	25.2702
NM_001362792.2	2799	2571.29	152.746	2.67339
NM_001362793.2	2724	2496.29	111.398	2.00828
NM_001362794.2	3393	3165.29	120.535	1.71373
NM_001362795.2	3102	2874.29	209.745	3.284
NM_001362796.2	2416	2188.29	0	0
NM_001362797.2	4516	4288.29	0.0757832	0.000795299
NM_001362798.2	6896	6668.29	53.7689	0.362876
NM_001362802.2	4804	4576.29	111.869	1.10012
NM_001362807.2	2017	1789.29	21.3376	0.53667
NM_001362808.2	1903	1675.29	0.166706	0.00447819
NM_001362809.2	1718	1490.29	0.754758	0.0227918
NM_001362810.2	1085	857.293	0	0
NM_001362813.2	4160	3932.29	0	0
NM_001362819.2	11904	11676.3	21.898	0.0844
NM_001362828.2	2566	2338.29	260.787	5.01914
NM_001362836.2	4802	4574.29	38.2357	0.376172
NM_001362837.2	4629	4401.29	18.3094	0.187213
NM_001362840.2	7511	7283.29	192.08	1.18685
NM_001362843.2	8701	8473.29	301.707	1.60242
NM_001362846.2	1058	830.293	0	0
NM_001362848.1	3337	3109.29	228.617	3.30895
NM_001362850.1	3330	3102.29	164.489	2.38615
NM_001362862.2	6658	6430.29	277.404	1.94144
NM_001362863.2	6685	6457.29	0	0
NM_001362872.2	10115	9887.29	193.576	0.881082
NM_001362873.3	10381	10153.3	16.4228	0.0727917
NM_001362877.2	5245	5017.29	138.356	1.241
NM_001362878.2	5716	5488.29	163.723	1.3425
NM_001362880.2	2216	1988.29	19.4623	0.44051
NM_001362884.2	6010	5782.29	11.1022	0.0864073
NM_001362895.2	2042	1814.29	3.98587e-05	9.88684e-07
NM_001362896.2	2205	1977.29	0	0
NM_001362897.2	1991	1763.29	160.11	4.08637
NM_001362910.2	2049	1821.29	119.447	2.95147
NM_001362911.2	3675	3447.29	110.658	1.4446
NM_001362912.2	4649	4421.29	122.594	1.24785
NM_001362913.2	4592	4364.29	32.8568	0.338808
NM_001362914.2	4735	4507.29	17.2279	0.172012
NM_001362922.2	5581	5353.29	25.8146	0.217014
NM_001362923.2	5772	5544.29	17.0588	0.138467
NM_001362924.1	6268	6040.29	0	0
NM_001362925.2	6097	5869.29	0	0
NM_001362926.2	6088	5860.29	485.567	3.72883
NM_001362927.2	2780	2552.29	8.99146	0.158541
NM_001362929.2	3500	3272.29	17.609	0.242173
NM_001362930.2	3471	3243.29	0	0
NM_001362931.2	948	720.293	0	0
NM_001362932.2	3452	3224.29	0	0
NM_001362949.2	4538	4310.29	0	0
NM_001362950.1	7438	7210.29	234.815	1.4656
NM_001362951.2	4358	4130.29	0	0
NM_001362952.1	7401	7173.29	0.000155375	9.74779e-07
NM_001362953.2	4475	4247.29	0	0
NM_001362954.1	7398	7170.29	75.5849	0.474395
NM_001362955.1	7426	7198.29	0	0
NM_001362964.1	1435	1207.29	14.8784	0.554607
NM_001362965.2	6914	6686.29	0	0
NM_001362969.2	3427	3199.29	65.995	0.928324
NM_001362971.2	6151	5923.29	673.186	5.11463
NM_001362972.2	3996	3768.29	1098.06	13.1137
NM_001362979.1	2034	1806.29	25.631	0.638585
NM_001362980.2	1956	1728.29	52.4745	1.36639
NM_001362985.3	2859	2631.29	523.172	8.94782
NM_001362988.2	5840	5612.29	0	0
NM_001362989.2	5805	5577.29	0	0
NM_001363.5	2469	2241.29	3935.86	79.0284
NM_001363000.2	2080	1852.29	0	0
NM_001363003.2	837	609.427	0	0
NM_001363010.1	4236	4008.29	0.0128335	0.000144088
NM_001363011.1	4382	4154.29	370.814	4.01699
NM_001363012.1	4394	4166.29	28.9679	0.312903
NM_001363013.1	4390	4162.29	0.0238003	0.000257331
NM_001363014.1	4536	4308.29	298.07	3.11354
NM_001363017.2	2104	1876.29	85.6979	2.05547
NM_001363024.1	4397	4169.29	115.507	1.24678
NM_001363032.2	2596	2368.29	0	0
NM_001363038.2	2603	2375.29	0	0
NM_001363040.2	1778	1550.29	855.471	24.8333
NM_001363041.2	4733	4505.29	22.8209	0.227956
NM_001363042.2	4636	4408.29	43.4058	0.443118
NM_001363046.2	1774	1546.29	111.84	3.25496
NM_001363050.1	4001	3773.29	2	0.0238535
NM_001363051.1	4150	3922.29	0	0
NM_001363052.2	3295	3067.29	98.378	1.44339
NM_001363057.2	6121	5893.29	0	0
NM_001363058.2	6183	5955.29	0	0
NM_001363059.2	6125	5897.29	0	0
NM_001363060.2	5959	5731.29	10.1972	0.0800698
NM_001363061.2	6152	5924.29	0	0
NM_001363062.2	5963	5735.29	3.91804	0.0307436
NM_001363066.2	1384	1156.29	0	0
NM_001363067.2	1800	1572.29	0	0
NM_001363068.2	5016	4788.29	628.081	5.90306
NM_001363069.2	4725	4497.29	0	0
NM_001363072.2	1110	882.293	1.57638	0.0804062
NM_001363083.1	4406	4178.29	0	0
NM_001363087.2	6976	6748.29	0	0
NM_001363088.2	6943	6715.29	0	0
NM_001363089.2	7394	7166.29	68.1822	0.428172
NM_001363098.2	6414	6186.29	73.8378	0.537144
NM_001363099.2	6726	6498.29	0	0
NM_001363100.2	6711	6483.29	0.61988	0.00430283
NM_001363101.2	6399	6171.29	0	0
NM_001363102.2	6427	6199.29	0	0
NM_001363103.2	6448	6220.29	20.6949	0.149725
NM_001363104.2	6289	6061.29	1.10153	0.00817847
NM_001363105.2	6648	6420.29	30.948	0.21693
NM_001363106.2	6274	6046.29	0.931797	0.00693544
NM_001363107.2	6336	6108.29	0	0
NM_001363108.2	2788	2560.29	35.5297	0.624517
NM_001363109.2	2783	2555.29	0	0
NM_001363110.2	3195	2967.29	1573.68	23.867
NM_001363111.2	3149	2921.29	362.091	5.57808
NM_001363113.1	1867	1639.29	0	0
NM_001363114.2	2871	2643.29	3670.46	62.4911
NM_001363118.2	2158	1930.29	1981.29	46.192
NM_001363120.2	1993	1765.29	215.03	5.48183
NM_001363121.2	2154	1926.29	197.699	4.61875
NM_001363122.2	1384	1156.29	5.24716	0.20422
NM_001363131.2	4778	4550.29	46.7177	0.462045
NM_001363132.2	4664	4436.29	0	0
NM_001363133.2	4583	4355.29	55.2374	0.570767
NM_001363136.1	7596	7368.29	263.939	1.61205
NM_001363137.1	7752	7524.29	359.613	2.15086
NM_001363138.1	7563	7335.29	476.821	2.92537
NM_001363139.1	7497	7269.29	83.7368	0.518402
NM_001363140.2	1453	1225.29	9.55466	0.350928
NM_001363145.1	1601	1373.29	0	0
NM_001363146.1	1566	1338.29	17.1126	0.575448
NM_001363147.1	3510	3282.29	105.84	1.45116
NM_001363148.1	3283	3055.29	41.2328	0.60734
NM_001363149.1	3521	3293.29	66.1489	0.903929
NM_001363150.1	3385	3157.29	37.6332	0.536411
NM_001363151.2	3034	2806.29	0	0
NM_001363152.1	3269	3041.29	0	0
NM_001363153.1	3046	2818.29	0	0
NM_001363154.1	3074	2846.29	0	0
NM_001363155.1	3167	2939.29	0	0
NM_001363156.1	3228	3000.29	8.3685	0.125524
NM_001363167.1	4501	4273.29	60.2773	0.634795
NM_001363168.1	4564	4336.29	62.3698	0.647289
NM_001363169.1	4514	4286.29	204.921	2.15152
NM_001363170.1	4546	4318.29	2.76045	0.028768
NM_001363171.1	4496	4268.29	9.57017	0.100904
NM_001363172.2	4694	4466.29	0	0
NM_001363173.2	4667	4439.29	0	0
NM_001363176.1	2615	2387.29	38.1592	0.719343
NM_001363177.1	2179	1951.29	16.0624	0.37045
NM_001363181.1	4833	4605.29	9.71097	0.0948959
NM_001363182.2	2866	2638.29	21.6075	0.368573
NM_001363183.2	2756	2528.29	877.854	15.6256
NM_001363184.2	4412	4184.29	11.695	0.125783
NM_001363185.1	12452	12224.3	0	0
NM_001363186.2	3796	3568.29	8.01601	0.101097
NM_001363193.1	1341	1113.29	50.4453	2.03917
NM_001363197.2	6284	6056.29	228.698	1.69941
NM_001363198.2	6321	6093.29	56.0419	0.413907
NM_001363204.1	2979	2751.29	0	0
NM_001363205.1	2700	2472.29	0.000121599	2.21346e-06
NM_001363227.2	5314	5086.29	0	0
NM_001363228.2	5035	4807.29	125.484	1.17471
NM_001363229.2	5196	4968.29	47.3003	0.428449
NM_001363233.2	932	704.293	0	0
NM_001363254.2	727	499.753	10.333	0.930494
NM_001363260.1	3244	3016.29	0	0
NM_001363274.2	1111	883.293	0	0
NM_001363275.2	1325	1097.29	11.9758	0.491162
NM_001363277.2	4991	4763.29	0.00142701	1.34823e-05
NM_001363294.2	4991	4763.29	53.2278	0.502891
NM_001363295.2	4943	4715.29	0	0
NM_001363296.2	4931	4703.29	0	0
NM_001363297.2	4928	4700.29	0	0
NM_001363298.2	4916	4688.29	1.20359e-07	1.15533e-09
NM_001363299.2	4811	4583.29	0	0
NM_001363300.2	4799	4571.29	21.9686	0.216274
NM_001363301.2	4796	4568.29	7.62871e-08	7.51518e-10
NM_001363302.2	4748	4520.29	0	0
NM_001363309.2	1794	1566.29	17.5758	0.50499
NM_001363311.2	2013	1785.29	2.77284	0.0698969
NM_001363312.2	1891	1663.29	0	0
NM_001363329.2	1747	1519.29	108.876	3.22504
NM_001363330.2	1870	1642.29	19.3775	0.530994
NM_001363332.1	4685	4457.29	0	0
NM_001363333.1	4671	4443.29	0	0
NM_001363334.1	4580	4352.29	0	0
NM_001363339.2	1956	1728.29	13.0955	0.340995
NM_001363340.2	1759	1531.29	237.38	6.97634
NM_001363341.2	2234	2006.29	65.2695	1.46406
NM_001363343.2	1902	1674.29	12.2353	0.328871
NM_001363344.2	1705	1477.29	0.00236688	7.21028e-05
NM_001363345.2	1649	1421.29	91.3699	2.89309
NM_001363346.2	2030	1802.29	10.9216	0.272711
NM_001363347.2	1766	1538.29	0	0
NM_001363349.1	6108	5880.29	0	0
NM_001363350.1	5751	5523.29	0	0
NM_001363351.1	5741	5513.29	0	0
NM_001363352.1	1061	833.293	1.64818	0.0890123
NM_001363365.2	6869	6641.29	138.477	0.938356
NM_001363366.1	4708	4480.29	0	0
NM_001363367.1	4831	4603.29	36.5526	0.357349
NM_001363371.2	1747	1519.29	46.3084	1.3717
NM_001363372.2	1715	1487.29	37.623	1.13841
NM_001363373.1	3178	2950.29	67.8167	1.03446
NM_001363374.1	3130	2902.29	0.000304369	4.71956e-06
NM_001363375.1	3087	2859.29	2.7343	0.0430358
NM_001363376.1	3066	2838.29	0.0313565	0.000497178
NM_001363377.1	2764	2536.29	0	0
NM_001363378.1	2886	2658.29	0.0403029	0.000682301
NM_001363388.2	4526	4298.29	0	0
NM_001363389.2	5804	5576.29	0	0
NM_001363390.2	5789	5561.29	0	0
NM_001363391.2	5780	5552.29	0	0
NM_001363392.2	5684	5456.29	0	0
NM_001363393.2	5669	5441.29	0	0
NM_001363394.2	5660	5432.29	0	0
NM_001363395.2	5651	5423.29	14.5858	0.121035
NM_001363396.2	5648	5420.29	0	0
NM_001363397.2	5639	5411.29	0	0
NM_001363398.2	5630	5402.29	51.2143	0.426634
NM_001363399.2	5841	5613.29	0	0
NM_001363400.2	5721	5493.29	0	0
NM_001363401.2	4927	4699.29	0	0
NM_001363409.2	7911	7683.29	0	0
NM_001363410.2	7788	7560.29	0	0
NM_001363411.2	8048	7820.29	0	0
NM_001363412.2	7715	7487.29	23.9541	0.143978
NM_001363413.2	8146	7918.29	24.9063	0.141553
NM_001363415.1	1027	799.293	22.5594	1.27018
NM_001363416.1	1057	829.293	0	0
NM_001363423.2	3301	3073.29	17.826	0.261032
NM_001363424.2	3265	3037.29	9.29135	0.137669
NM_001363426.1	4124	3896.29	0	0
NM_001363427.1	3912	3684.29	36.286	0.443229
NM_001363428.1	3947	3719.29	37.2862	0.45116
NM_001363433.1	2161	1933.29	0	0
NM_001363434.1	2011	1783.29	0	0
NM_001363436.1	2025	1797.29	22.7996	0.570887
NM_001363438.1	3704	3476.29	0	0
NM_001363441.2	2298	2070.29	111.063	2.41424
NM_001363442.2	3420	3192.29	13.9981	0.197338
NM_001363447.2	2543	2315.29	163.713	3.18214
NM_001363453.2	7841	7613.29	66.352	0.392214
NM_001363458.2	1987	1759.29	96.2305	2.4616
NM_001363459.2	1813	1585.29	0	0
NM_001363460.1	9053	8825.29	0	0
NM_001363462.2	1436	1208.29	129.342	4.81736
NM_001363464.2	2317	2089.29	17.9695	0.387061
NM_001363466.2	13474	13246.3	6154.99	20.911
NM_001363467.2	13393	13165.3	302.17	1.03291
NM_001363473.1	3729	3501.29	5.01184	0.0644185
NM_001363474.1	1669	1441.29	0	0
NM_001363477.2	1718	1490.29	10.7225	0.323794
NM_001363478.2	3745	3517.29	9.30528	0.119059
NM_001363481.2	3424	3196.29	77.8445	1.09603
NM_001363482.1	2448	2220.29	271.865	5.51042
NM_001363483.2	3040	2812.29	245.242	3.92442
NM_001363486.2	1690	1462.29	544.095	16.7449
NM_001363487.2	1882	1654.29	0	0
NM_001363491.2	7543	7315.29	606.015	3.72816
NM_001363493.2	3319	3091.29	448.957	6.53592
NM_001363494.1	2883	2655.29	44.8369	0.759915
NM_001363495.2	4792	4564.29	89.6763	0.884192
NM_001363496.2	4795	4567.29	35.473	0.349527
NM_001363501.2	4003	3775.29	109.14	1.30099
NM_001363502.2	3839	3611.29	154.173	1.92127
NM_001363503.2	4148	3920.29	141.02	1.61885
NM_001363504.2	2323	2095.29	0	0
NM_001363505.2	2121	1893.29	0	0
NM_001363506.2	1350	1122.29	147.101	5.89863
NM_001363507.2	2078	1850.29	0	0
NM_001363508.2	6953	6725.29	6.95287	0.0465259
NM_001363509.2	1818	1590.29	0	0
NM_001363511.2	1257	1029.29	0	0
NM_001363513.2	2375	2147.29	0	0
NM_001363514.2	1320	1092.29	0	0
NM_001363515.2	4082	3854.29	164.074	1.91575
NM_001363516.2	2465	2237.29	45.8534	0.922339
NM_001363517.2	3941	3713.29	208.19	2.52315
NM_001363518.2	2677	2449.29	4.54744	0.0835543
NM_001363519.1	1266	1038.29	0	0
NM_001363520.3	4221	3993.29	1.18528e-08	1.33577e-10
NM_001363521.3	4107	3879.29	0	0
NM_001363522.2	3201	2973.29	0	0
NM_001363523.2	4226	3998.29	0	0
NM_001363524.2	2431	2203.29	953.152	19.4685
NM_001363525.2	2324	2096.29	128.033	2.74861
NM_001363526.1	2256	2028.29	0	0
NM_001363527.1	2457	2229.29	11.3625	0.229376
NM_001363528.2	6217	5989.29	982.103	7.37945
NM_001363529.2	3228	3000.29	10.3767	0.155646
NM_001363531.2	1173	945.293	25.5781	1.21771
NM_001363532.2	1987	1759.29	0	0
NM_001363533.2	2589	2361.29	11.2576	0.214555
NM_001363534.2	2847	2619.29	22.3141	0.383386
NM_001363535.2	2486	2258.29	25.151	0.501207
NM_001363536.2	2450	2222.29	75.1901	1.52265
NM_001363537.2	2248	2020.29	51.8882	1.15584
NM_001363538.2	5561	5333.29	173.009	1.45988
NM_001363539.2	4378	4150.29	197.997	2.14695
NM_001363540.2	8353	8125.29	0	0
NM_001363541.2	3024	2796.29	0	0
NM_001363542.2	800	572.487	0	0
NM_001363543.2	7730	7502.29	109.277	0.655505
NM_001363544.2	3018	2790.29	1.52573	0.0246076
NM_001363545.2	2315	2087.29	71.0538	1.53196
NM_001363546.1	2758	2530.29	0	0
NM_001363548.1	2670	2442.29	3.00066	0.0552918
NM_001363549.2	1282	1054.29	36.9285	1.57631
NM_001363550.2	3356	3128.29	0.00668848	9.62194e-05
NM_001363551.2	2569	2341.29	144.048	2.76882
NM_001363552.2	2226	1998.29	0	0
NM_001363555.2	746	518.701	51.1916	4.44144
NM_001363556.2	5204	4976.29	0	0
NM_001363557.2	1727	1499.29	0	0
NM_001363558.2	1517	1289.29	0	0
NM_001363559.2	4402	4174.29	0	0
NM_001363560.2	4233	4005.29	119.427	1.34187
NM_001363561.2	1074	846.293	0	0
NM_001363562.2	4274	4046.29	0	0
NM_001363563.2	4515	4287.29	0	0
NM_001363564.2	498	278.077	0	0
NM_001363566.2	1654	1426.29	207.291	6.54054
NM_001363567.2	1386	1158.29	0	0
NM_001363568.2	5039	4811.29	73.6617	0.689005
NM_001363569.2	5842	5614.29	0.000405726	3.25222e-06
NM_001363570.2	6229	6001.29	16.8749	0.126543
NM_001363572.2	2139	1911.29	682.428	16.0684
NM_001363573.2	2122	1894.29	0	0
NM_001363574.2	1899	1671.29	0	0
NM_001363576.1	2182	1954.29	9.56497	0.22026
NM_001363577.2	6212	5984.29	109.77	0.825493
NM_001363578.1	1205	977.293	9.80438	0.451479
NM_001363579.1	2329	2101.29	24.8942	0.533155
NM_001363580.1	1469	1241.29	2.17401	0.0788188
NM_001363581.2	5863	5635.29	0	0
NM_001363582.2	5338	5110.29	1147.65	10.1066
NM_001363583.1	6452	6224.29	0	0
NM_001363584.1	6682	6454.29	45.0212	0.313914
NM_001363585.1	5040	4812.29	3.72244e-06	3.48112e-08
NM_001363586.1	6457	6229.29	0	0
NM_001363587.2	2236	2008.29	0	0
NM_001363588.2	903	675.361	11.6112	0.773716
NM_001363589.2	2414	2186.29	24.8556	0.511632
NM_001363590.2	2411	2183.29	4.16056	0.0857595
NM_001363591.2	4267	4039.29	88.9836	0.991396
NM_001363592.1	4155	3927.29	0	0
NM_001363593.2	4470	4242.29	10.173	0.107917
NM_001363594.2	3795	3567.29	0	0
NM_001363595.2	1487	1259.29	0	0
NM_001363597.2	4001	3773.29	4.56468e-07	5.44417e-09
NM_001363598.2	965	737.293	28.0647	1.71302
NM_001363599.1	964	736.293	34.922	2.13447
NM_001363600.1	1001	773.293	32.3712	1.8839
NM_001363601.1	878	650.427	59.1472	4.09239
NM_001363602.2	1731	1503.29	134.216	4.01793
NM_001363603.2	4880	4652.29	226.882	2.1947
NM_001363604.2	3454	3226.29	0	0
NM_001363605.2	991	763.293	0	0
NM_001363606.2	6461	6233.29	1664.35	12.0162
NM_001363607.2	3185	2957.29	117.218	1.78378
NM_001363608.1	2581	2353.29	43.8093	0.837785
NM_001363609.1	1957	1729.29	2.68253	0.0698102
NM_001363610.2	2492	2264.29	0	0
NM_001363611.2	3499	3271.29	19.1011	0.262774
NM_001363612.2	3040	2812.29	120.011	1.92045
NM_001363613.2	5430	5202.29	0	0
NM_001363616.2	1594	1366.29	0	0
NM_001363619.2	2997	2769.29	302.304	4.91266
NM_001363620.1	2635	2407.29	162.13	3.03093
NM_001363621.1	2078	1850.29	0	0
NM_001363622.1	4712	4484.29	0	0
NM_001363625.1	1508	1280.29	0	0
NM_001363626.2	2224	1996.29	0	0
NM_001363642.1	2783	2555.29	616.5	10.8576
NM_001363643.2	2175	1947.29	25.386	0.586685
NM_001363644.2	5270	5042.29	533.654	4.76293
NM_001363647.2	1321	1093.29	85.6913	3.5273
NM_001363648.2	2685	2457.29	16.6987	0.305821
NM_001363649.2	1360	1132.29	0.0742878	0.00295257
NM_001363650.2	832	604.427	27.9745	2.08286
NM_001363651.3	2081	1853.29	0	0
NM_001363652.2	6367	6139.29	163.771	1.2005
NM_001363654.2	3031	2803.29	73.7506	1.18397
NM_001363655.2	1107	879.293	551.863	28.2449
NM_001363656.2	5728	5500.29	11.3086	0.0925259
NM_001363657.3	8767	8539.29	0	0
NM_001363658.2	1995	1767.29	3.62835	0.0923938
NM_001363659.3	5680	5452.29	3969.21	32.7618
NM_001363660.2	4418	4190.29	79.5702	0.854571
NM_001363661.2	5506	5278.29	346.006	2.95007
NM_001363662.3	4452	4224.29	250.149	2.66493
NM_001363663.1	1591	1363.29	36.4223	1.20232
NM_001363664.3	4449	4221.29	0.0111282	0.000118638
NM_001363665.3	4377	4149.29	458.894	4.97715
NM_001363666.3	4374	4146.29	155.095	1.68337
NM_001363667.2	2875	2647.29	0	0
NM_001363668.2	1696	1468.29	44.6717	1.36918
NM_001363669.2	4155	3927.29	16.2917	0.186688
NM_001363670.2	4919	4691.29	353.883	3.39477
NM_001363671.2	3612	3384.29	91.0076	1.21019
NM_001363672.2	5691	5463.29	0	0
NM_001363673.3	1173	945.293	0	0
NM_001363674.4	1090	862.293	63.2725	3.30219
NM_001363675.4	1297	1069.29	20.9484	0.881652
NM_001363676.1	2144	1916.29	77.0055	1.80843
NM_001363677.2	4560	4332.29	0	0
NM_001363678.2	2665	2437.29	298.831	5.51773
NM_001363679.2	1608	1380.29	117.308	3.8247
NM_001363680.1	2243	2015.29	256.154	5.72012
NM_001363681.1	4887	4659.29	0	0
NM_001363682.1	4563	4335.29	0	0
NM_001363683.2	3065	2837.29	0	0
NM_001363685.2	3727	3499.29	7.78967	0.10018
NM_001363686.2	7233	7005.29	70.4874	0.452822
NM_001363687.2	2641	2413.29	0	0
NM_001363688.1	1446	1218.29	117.308	4.3333
NM_001363689.2	4625	4397.29	0	0
NM_001363690.2	3456	3228.29	0	0
NM_001363691.2	3290	3062.29	0	0
NM_001363692.2	13542	13314.3	580.836	1.96326
NM_001363693.2	755	527.701	0	0
NM_001363694.1	1436	1208.29	18.2517	0.679787
NM_001363695.2	3463	3235.29	123.398	1.71648
NM_001363696.2	1927	1699.29	0.494083	0.013085
NM_001363697.1	766	538.541	10801.7	902.642
NM_001363698.2	2682	2454.29	18.2601	0.334825
NM_001363699.2	1859	1631.29	0.307916	0.0084946
NM_001363700.2	3263	3035.29	3.90771	0.0579381
NM_001363701.1	1777	1549.29	44.383	1.28922
NM_001363702.1	1353	1125.29	5	0.199962
NM_001363703.2	1122	894.293	3.32673	0.16741
NM_001363704.2	2148	1920.29	92.7848	2.17446
NM_001363705.2	7891	7663.29	1387.29	8.14694
NM_001363707.2	5900	5672.29	0	0
NM_001363711.2	6361	6133.29	0.5	0.00366875
NM_001363713.2	2786	2558.29	39.2341	0.69017
NM_001363714.1	5295	5067.29	88.0329	0.781828
NM_001363715.2	4660	4432.29	23.7202	0.240842
NM_001363718.1	1479	1251.29	0	0
NM_001363719.2	2369	2141.29	191.503	4.02477
NM_001363720.1	2068	1840.29	0	0
NM_001363721.2	3043	2815.29	53.6167	0.857074
NM_001363722.2	3875	3647.29	0	0
NM_001363725.2	7897	7669.29	1068.02	6.26708
NM_001363726.3	627	401.259	0	0
NM_001363729.2	5000	4772.29	30.8649	0.291058
NM_001363730.2	8252	8024.29	7.75073	0.0434688
NM_001363731.2	4052	3824.29	19.2072	0.226024
NM_001363732.2	6171	5943.29	0	0
NM_001363733.2	3048	2820.29	2.87988	0.045954
NM_001363734.1	6667	6439.29	652.18	4.55797
NM_001363735.2	1292	1064.29	29.3004	1.23895
NM_001363736.2	5155	4927.29	20.6339	0.188458
NM_001363737.2	1799	1571.29	136.246	3.90218
NM_001363738.2	1991	1763.29	4.7697e-07	1.21733e-08
NM_001363739.2	3876	3648.29	0	0
NM_001363740.2	1908	1680.29	0	0
NM_001363741.2	5279	5051.29	55.8389	0.497481
NM_001363742.2	3349	3121.29	4.14054e-07	5.96987e-09
NM_001363743.2	2727	2499.29	6.3745	0.114781
NM_001363744.1	3678	3450.29	0	0
NM_001363745.2	2932	2704.29	0	0
NM_001363746.1	2700	2472.29	0	0
NM_001363747.1	1564	1336.29	0	0
NM_001363748.2	6391	6163.29	143.324	1.04652
NM_001363749.2	2560	2332.29	4.14527	0.0799856
NM_001363751.1	1605	1377.29	57.0033	1.86258
NM_001363752.2	2009	1781.29	0	0
NM_001363755.1	2550	2322.29	0	0
NM_001363756.2	7111	6883.29	547.905	3.58221
NM_001363758.2	1584	1356.29	1188.47	39.4347
NM_001363759.2	7938	7710.29	0	0
NM_001363760.2	1491	1263.29	89.4234	3.18559
NM_001363761.2	1531	1303.29	41.8679	1.44571
NM_001363762.1	7290	7062.29	60.5075	0.385572
NM_001363763.2	1302	1074.29	4.38191	0.183562
NM_001363764.2	2455	2227.29	246.412	4.97883
NM_001363765.2	7815	7587.29	0	0
NM_001363766.1	1037	809.293	0	0
NM_001363767.1	1986	1758.29	0	0
NM_001363768.2	4833	4605.29	128.184	1.25262
NM_001363769.2	2009	1781.29	0	0
NM_001363770.2	3237	3009.29	0	0
NM_001363771.2	2851	2623.29	128.631	2.2067
NM_001363774.2	5587	5359.29	16.4685	0.138289
NM_001363776.1	3955	3727.29	0	0
NM_001363778.1	1864	1636.29	29.8246	0.820267
NM_001363780.2	1722	1494.29	0	0
NM_001363781.1	1937	1709.29	0	0
NM_001363782.1	737	509.753	301.877	26.651
NM_001363784.1	1139	911.293	0	0
NM_001363785.2	2589	2361.29	23.3827	0.445643
NM_001363786.1	2329	2101.29	0	0
NM_001363787.1	2266	2038.29	176.846	3.90455
NM_001363788.1	2262	2034.29	4.03135e-05	8.91823e-07
NM_001363789.1	2151	1923.29	0	0
NM_001363790.1	2166	1938.29	26.1406	0.606929
NM_001363791.1	2233	2005.29	6.81746	0.152998
NM_001363794.2	1447	1219.29	7.19347	0.265505
NM_001363796.1	1827	1599.29	0	0
NM_001363802.1	2480	2252.29	286.88	5.73216
NM_001363803.2	1452	1224.29	0	0
NM_001363804.1	1077	849.293	60.8717	3.22552
NM_001363805.1	1591	1363.29	64.0968	2.11587
NM_001363806.2	1163	935.293	0.0276222	0.00132908
NM_001363807.1	1074	846.293	0	0
NM_001363810.1	5022	4794.29	16.4034	0.153976
NM_001363811.2	2122	1894.29	0	0
NM_001363813.1	4065	3837.29	8.86557	0.103974
NM_001363816.2	2662	2434.29	320.945	5.93334
NM_001363818.2	7931	7703.29	481.617	2.81364
NM_001363819.1	5986	5758.29	1059.92	8.28362
NM_001363820.2	768	540.541	4.56672	0.380205
NM_001363821.1	2468	2240.29	11.429	0.229586
NM_001363822.2	1717	1489.29	99.731	3.01364
NM_001363823.2	5265	5037.29	166.825	1.49041
NM_001363824.1	2351	2123.29	110.646	2.34515
NM_001363825.1	1347	1119.29	245.981	9.89009
NM_001363826.1	7287	7059.29	372.407	2.3741
NM_001363827.1	7301	7073.29	31.4307	0.199974
NM_001363828.1	7229	7001.29	34.4991	0.221754
NM_001363829.1	7662	7434.29	167.465	1.01374
NM_001363830.2	13219	12991.3	38.5336	0.133484
NM_001363834.1	4478	4250.29	0	0
NM_001363835.1	4560	4332.29	0	0
NM_001363836.1	4640	4412.29	0	0
NM_001363837.1	5491	5263.29	404.888	3.46194
NM_001363839.1	1890	1662.29	0	0
NM_001363840.3	1799	1571.29	2299.71	65.8656
NM_001363845.2	4079	3851.29	0	0
NM_001363846.2	3154	2926.29	6.75979	0.103958
NM_001363847.1	2238	2010.29	133.013	2.97768
NM_001363848.1	1694	1466.29	270.101	8.28988
NM_001363850.1	3301	3073.29	6.5594	0.0960512
NM_001363851.2	4343	4115.29	60.5886	0.662571
NM_001363852.2	5353	5125.29	219.268	1.92531
NM_001363853.2	1743	1515.29	240.944	7.15587
NM_001363854.2	5185	4957.29	5.34269e-06	4.85017e-08
NM_001363855.1	4937	4709.29	51.9452	0.4964
NM_001363856.1	678	451.406	26.8349	2.67532
NM_001363857.1	1205	977.293	76.1256	3.50548
NM_001363860.2	726	498.753	66.9338	6.03953
NM_001363861.1	1996	1768.29	10.4471	0.265878
NM_001363862.1	8999	8771.29	0	0
NM_001363863.3	1092	864.293	5.31575	0.276787
NM_001363864.1	4008	3780.29	0	0
NM_001363865.1	4971	4743.29	59.4072	0.56364
NM_001363869.2	3460	3232.29	0	0
NM_001363870.1	5516	5288.29	7.21235	0.0613767
NM_001363871.4	5037	4809.29	158.476	1.48294
NM_001363872.1	1898	1670.29	1.0815e-07	2.9139e-09
NM_001363874.1	1720	1492.29	24.7585	0.746641
NM_001363875.2	5169	4941.29	0	0
NM_001363876.2	1714	1486.29	968.408	29.3222
NM_001363878.2	4034	3806.29	0	0
NM_001363879.1	6888	6660.29	819.362	5.53637
NM_001363880.1	2408	2180.29	60.2108	1.2428
NM_001363881.1	1495	1267.29	206.71	7.3405
NM_001363882.1	8594	8366.29	53.4288	0.287399
NM_001363883.1	2633	2405.29	643.872	12.0469
NM_001363884.1	981	753.293	0	0
NM_001363885.1	1910	1682.29	250.796	6.70905
NM_001363886.2	4310	4082.29	0	0
NM_001363887.1	10186	9958.29	0.0170366	7.69911e-05
NM_001363888.2	2223	1995.29	20.8975	0.471336
NM_001363889.2	5746	5518.29	1036.08	8.44952
NM_001363890.1	1743	1515.29	61.3402	1.82176
NM_001363891.1	4322	4094.29	821.956	9.03466
NM_001363893.1	1239	1011.29	302.468	13.46
NM_001363894.1	4355	4127.29	1.19839	0.013067
NM_001363896.1	4274	4046.29	0	0
NM_001363897.1	4214	3986.29	1145.59	12.9331
NM_001363898.1	4178	3950.29	0	0
NM_001363899.1	4178	3950.29	0	0
NM_001363900.1	4148	3920.29	45.9967	0.52802
NM_001363901.1	4148	3920.29	243.217	2.79202
NM_001363903.1	4167	3939.29	0.00178257	2.03644e-05
NM_001363905.1	4471	4243.29	0	0
NM_001363907.1	2669	2441.29	0	0
NM_001363908.1	2503	2275.29	1	0.019779
NM_001363910.2	9638	9410.29	0	0
NM_001363911.2	9507	9279.29	0	0
NM_001363912.1	1583	1355.29	158.659	5.26834
NM_001363913.2	5409	5181.29	0	0
NM_001363914.1	1679	1451.29	0	0
NM_001363916.1	3685	3457.29	0	0
NM_001363918.2	2328	2100.29	45.0206	0.964658
NM_001363923.2	2361	2133.29	10.5033	0.221573
NM_001363938.1	3222	2994.29	0	0
NM_001363940.1	7966	7738.29	0.68239	0.00396853
NM_001363941.2	4757	4529.29	112.755	1.12033
NM_001363942.1	4826	4598.29	0	0
NM_001363943.2	4852	4624.29	721.468	7.02124
NM_001363944.1	3265	3037.29	317.528	4.70477
NM_001363952.1	5368	5140.29	18.1157	0.158602
NM_001363953.1	5688	5460.29	0	0
NM_001363957.1	1530	1302.29	201.8	6.97358
NM_001363963.2	2818	2590.29	0	0
NM_001363964.1	3954	3726.29	390.676	4.71826
NM_001363965.1	4068	3840.29	750.4	8.79368
NM_001363968.1	2099	1871.29	0	0
NM_001363969.2	1094	866.293	10.6234	0.551877
NM_001363973.3	1867	1639.29	2.38909e-05	6.55872e-07
NM_001363974.2	1948	1720.29	10.2027	0.266904
NM_001363979.1	3990	3762.29	21.6095	0.258485
NM_001363980.2	7729	7501.29	0	0
NM_001363988.1	4399	4171.29	167.392	1.80595
NM_001363989.1	5023	4795.29	20.8551	0.195722
NM_001363990.1	4990	4762.29	46.6495	0.440832
NM_001363993.1	5149	4921.29	669.242	6.11992
NM_001363994.1	4956	4728.29	76.8449	0.731396
NM_001363995.1	5055	4827.29	341.881	3.18724
NM_001363996.1	4818	4590.29	36.7181	0.359983
NM_001363997.1	4856	4628.29	170.351	1.65641
NM_001363998.1	4950	4722.29	1109.59	10.5743
NM_001363999.1	4947	4719.29	210.299	2.00541
NM_001364.3	7737	7509.29	0	0
NM_001364000.1	4894	4666.29	140.911	1.35899
NM_001364001.1	4820	4592.29	21.6595	0.212256
NM_001364006.2	8348	8120.29	0	0
NM_001364007.2	7838	7610.29	18.2406	0.107865
NM_001364008.2	7830	7602.29	250.798	1.48464
NM_001364012.2	8737	8509.29	350.87	1.85564
NM_001364013.2	8729	8501.29	0	0
NM_001364015.1	2414	2186.29	29.609	0.609478
NM_001364018.1	2465	2237.29	15.5053	0.311888
NM_001364019.1	2173	1945.29	0	0
NM_001364020.1	2273	2045.29	63.9504	1.40712
NM_001364021.1	2294	2066.29	16.0833	0.350288
NM_001364022.1	2204	1976.29	0	0
NM_001364023.1	2104	1876.29	30.3862	0.728816
NM_001364026.1	2220	1992.29	59.1802	1.3368
NM_001364027.1	2064	1836.29	195.323	4.78688
NM_001364028.1	2037	1809.29	18.7097	0.465373
NM_001364075.2	2394	2166.29	0	0
NM_001364076.2	4621	4393.29	79.6394	0.815794
NM_001364083.3	1398	1170.29	0	0
NM_001364084.3	1373	1145.29	0	0
NM_001364085.2	4616	4388.29	307.107	3.14946
NM_001364104.2	4163	3935.29	0	0
NM_001364105.2	4351	4123.29	0	0
NM_001364106.2	4256	4028.29	0	0
NM_001364107.2	4076	3848.29	0	0
NM_001364108.2	4072	3844.29	0	0
NM_001364109.2	3186	2958.29	0	0
NM_001364113.3	8409	8181.29	486.245	2.6747
NM_001364119.1	1312	1084.29	32.0932	1.33201
NM_001364120.1	1233	1005.29	0	0
NM_001364122.1	1084	856.293	14.036	0.737672
NM_001364126.3	918	690.293	0	0
NM_001364127.2	1577	1349.29	11.1069	0.370449
NM_001364128.2	4790	4562.29	0	0
NM_001364140.2	4665	4437.29	0.000307313	3.11677e-06
NM_001364141.2	4726	4498.29	22.539	0.225491
NM_001364143.2	4545	4317.29	320.233	3.33808
NM_001364144.2	4196	3968.29	1.43686	0.016295
NM_001364145.2	4103	3875.29	13.953	0.162033
NM_001364146.2	4126	3898.29	0.953155	0.0110035
NM_001364147.2	4030	3802.29	19.8741	0.235225
NM_001364148.2	4006	3778.29	0.548133	0.00652879
NM_001364149.2	4100	3872.29	27.8762	0.323972
NM_001364150.2	4525	4297.29	79.7271	0.834937
NM_001364151.2	3021	2793.29	506.288	8.15687
NM_001364152.2	2197	1969.29	43.0321	0.983386
NM_001364155.2	5089	4861.29	128.426	1.18889
NM_001364156.2	5565	5337.29	42.9898	0.362482
NM_001364157.2	5637	5409.29	0	0
NM_001364158.2	5336	5108.29	38.188	0.336429
NM_001364159.2	5360	5132.29	215.765	1.89196
NM_001364160.2	3810	3582.29	130.405	1.63823
NM_001364164.2	2938	2710.29	0	0
NM_001364165.2	5416	5188.29	0	0
NM_001364166.2	6031	5803.29	0	0
NM_001364167.2	5946	5718.29	0	0
NM_001364170.1	2346	2118.29	19.8085	0.420831
NM_001364171.2	2995	2767.29	0	0
NM_001364172.1	3421	3193.29	0	0
NM_001364177.1	1292	1064.29	71.9061	3.04051
NM_001364178.1	1150	922.293	167.464	8.17138
NM_001364180.2	6508	6280.29	0	0
NM_001364181.2	6553	6325.29	372.531	2.65048
NM_001364182.1	6982	6754.29	138.913	0.925563
NM_001364183.2	6682	6454.29	0	0
NM_001364184.2	6412	6184.29	894.401	6.50856
NM_001364185.1	6985	6757.29	44.1093	0.293765
NM_001364187.1	4507	4279.29	0	0
NM_001364188.2	5473	5245.29	0	0
NM_001364225.2	2680	2452.29	5.05069	0.0926875
NM_001364226.2	2939	2711.29	0	0
NM_001364227.2	2397	2169.29	26.8191	0.556376
NM_001364228.2	2149	1921.29	495.795	11.6132
NM_001364229.2	2190	1962.29	579.132	13.2818
NM_001364230.2	2089	1861.29	0	0
NM_001364231.2	2208	1980.29	454.991	10.3399
NM_001364232.2	2130	1902.29	0	0
NM_001364233.2	2592	2364.29	0	0
NM_001364234.2	3021	2793.29	5.08509	0.0819265
NM_001364235.2	2883	2655.29	0	0
NM_001364236.2	2447	2219.29	190.068	3.85423
NM_001364237.2	2585	2357.29	146.385	2.79464
NM_001364238.2	2263	2035.29	45.9033	1.01498
NM_001364239.2	2284	2056.29	283.663	6.20813
NM_001364240.2	2068	1840.29	0	0
NM_001364241.2	2426	2198.29	8.96507	0.183531
NM_001364242.2	2178	1950.29	151.59	3.49794
NM_001364243.2	2263	2035.29	11.4856	0.253961
NM_001364244.2	2210	1982.29	1683.22	38.2135
NM_001364245.2	2180	1952.29	790.917	18.2317
NM_001364246.2	2180	1952.29	0	0
NM_001364247.2	2139	1911.29	0	0
NM_001364248.2	2159	1931.29	1.05842e-06	2.46634e-08
NM_001364250.2	2084	1856.29	0	0
NM_001364251.2	2010	1782.29	124.19	3.13582
NM_001364252.2	2051	1823.29	56.8178	1.40239
NM_001364253.2	2694	2466.29	0	0
NM_001364254.2	2060	1832.29	1148.89	28.2179
NM_001364255.2	2101	1873.29	505.737	12.1496
NM_001364275.2	8925	8697.29	286.351	1.48169
NM_001364276.2	8817	8589.29	63.7823	0.334184
NM_001364277.2	8952	8724.29	0.0434988	0.000224382
NM_001364278.2	8906	8678.29	258.803	1.34207
NM_001364279.2	8823	8595.29	0.0210755	0.000110347
NM_001364286.1	5276	5048.29	0	0
NM_001364287.1	5276	5048.29	0	0
NM_001364289.2	5422	5194.29	0	0
NM_001364292.3	8691	8463.29	22.2907	0.11853
NM_001364293.3	8506	8278.29	1257.58	6.83653
NM_001364294.3	8414	8186.29	210.713	1.15837
NM_001364295.3	8339	8111.29	97.0415	0.538406
NM_001364296.2	1813	1585.29	6.08816	0.17283
NM_001364297.2	10573	10345.3	6.94721e-05	3.02211e-07
NM_001364298.2	10540	10312.3	0	0
NM_001364299.2	3315	3087.29	26.4313	0.385286
NM_001364300.2	3930	3702.29	0	0
NM_001364301.2	3288	3060.29	0	0
NM_001364302.2	3204	2976.29	47.0568	0.711523
NM_001364303.2	2746	2518.29	0	0
NM_001364314.2	2933	2705.29	0	0
NM_001364318.2	6437	6209.29	0	0
NM_001364319.2	6320	6092.29	0	0
NM_001364320.2	6488	6260.29	0	0
NM_001364329.2	7470	7242.29	0	0
NM_001364330.2	7473	7245.29	0	0
NM_001364331.2	7377	7149.29	0	0
NM_001364332.2	5914	5686.29	0	0
NM_001364333.2	7254	7026.29	0	0
NM_001364334.2	6250	6022.29	0	0
NM_001364335.2	5879	5651.29	0	0
NM_001364336.2	6061	5833.29	0	0
NM_001364337.2	6058	5830.29	0	0
NM_001364338.2	6088	5860.29	0	0
NM_001364339.2	6034	5806.29	39.7286	0.307926
NM_001364340.2	6037	5809.29	216.618	1.67809
NM_001364341.2	5964	5736.29	0	0
NM_001364342.2	5961	5733.29	0	0
NM_001364343.2	6028	5800.29	0	0
NM_001364344.2	7137	6909.29	0	0
NM_001364345.2	5877	5649.29	0	0
NM_001364346.2	6059	5831.29	0	0
NM_001364347.2	6056	5828.29	0	0
NM_001364348.2	6035	5807.29	77.0677	0.597229
NM_001364349.2	6032	5804.29	13.9144	0.107884
NM_001364350.2	6147	5919.29	0	0
NM_001364352.2	6026	5798.29	0	0
NM_001364353.2	6824	6596.29	0	0
NM_001364354.2	5912	5684.29	0	0
NM_001364355.2	5915	5687.29	0	0
NM_001364356.2	5604	5376.29	100.416	0.840548
NM_001364357.2	5436	5208.29	0	0
NM_001364377.2	9405	9177.29	0	0
NM_001364379.2	8950	8722.29	2.16087	0.0111491
NM_001364380.2	8939	8711.29	0	0
NM_001364381.2	8940	8712.29	0	0
NM_001364382.2	8521	8293.29	0.000596498	3.23686e-06
NM_001364383.2	8510	8282.29	0	0
NM_001364384.2	8772	8544.29	0	0
NM_001364385.2	8630	8402.29	2.27908	0.0122069
NM_001364386.2	9259	9031.29	0	0
NM_001364387.2	9287	9059.29	0	0
NM_001364388.2	8847	8619.29	0	0
NM_001364389.2	8766	8538.29	0	0
NM_001364390.2	8876	8648.29	3.95639	0.0205879
NM_001364391.2	8462	8234.29	0	0
NM_001364392.2	8449	8221.29	0	0
NM_001364393.2	8545	8317.29	2.24059	0.0121233
NM_001364394.2	8665	8437.29	2.31313	0.0123378
NM_001364395.2	8483	8255.29	0.00626829	3.41711e-05
NM_001364440.2	4086	3858.29	51.9135	0.605518
NM_001364441.2	3748	3520.29	0	0
NM_001364442.2	3328	3100.29	15.1008	0.2192
NM_001364458.2	6294	6066.29	29.6102	0.219664
NM_001364460.2	6244	6016.29	124.165	0.928779
NM_001364461.3	892	664.361	0	0
NM_001364478.1	1753	1525.29	33.2994	0.982483
NM_001364486.2	2624	2396.29	72.4605	1.36083
NM_001364487.2	2678	2450.29	18.5812	0.34127
NM_001364497.2	4605	4377.29	0	0
NM_001364498.2	4601	4373.29	0	0
NM_001364499.2	4611	4383.29	0	0
NM_001364500.2	4698	4470.29	0	0
NM_001364501.2	3020	2792.29	0	0
NM_001364502.2	2243	2015.29	0	0
NM_001364506.2	815	587.487	1755.07	134.443
NM_001364517.2	3478	3250.29	19.4411	0.269178
NM_001364518.2	3905	3677.29	0	0
NM_001364520.2	3610	3382.29	151.179	2.01151
NM_001364521.2	3608	3380.29	8.1972	0.109132
NM_001364522.2	3907	3679.29	47.707	0.583526
NM_001364523.2	3570	3342.29	16.4759	0.221844
NM_001364564.1	4861	4633.29	33.428	0.324685
NM_001364567.2	1671	1443.29	130.421	4.06662
NM_001364568.3	1787	1559.29	67.13	1.93745
NM_001364569.2	1626	1398.29	1.7472e-05	5.62323e-07
NM_001364570.2	1586	1358.29	0	0
NM_001364571.2	1759	1531.29	26.2034	0.770089
NM_001364572.3	1657	1429.29	4.09301	0.128874
NM_001364573.3	1883	1655.29	111.645	3.03532
NM_001364582.2	5315	5087.29	2.74928	0.0243206
NM_001364583.2	5379	5151.29	0	0
NM_001364584.2	5376	5148.29	0	0
NM_001364585.2	5178	4950.29	0	0
NM_001364586.2	5061	4833.29	0	0
NM_001364587.2	5058	4830.29	11.8513	0.110417
NM_001364588.2	5055	4827.29	0	0
NM_001364589.2	5004	4776.29	217.935	2.05343
NM_001364590.2	5245	5017.29	25.401	0.227837
NM_001364591.2	4911	4683.29	370.357	3.55886
NM_001364592.2	4908	4680.29	202.074	1.94303
NM_001364593.2	4857	4629.29	656.571	6.38278
NM_001364594.2	4854	4626.29	341.948	3.32636
NM_001364599.1	8110	7882.29	0	0
NM_001364600.2	1487	1259.29	0	0
NM_001364601.1	3388	3160.29	0	0
NM_001364602.2	1598	1370.29	0	0
NM_001364603.1	8247	8019.29	0	0
NM_001364604.1	8824	8596.29	0	0
NM_001364607.2	4446	4218.29	275.773	2.9421
NM_001364608.2	4892	4664.29	388.261	3.7461
NM_001364609.2	4892	4664.29	0.937881	0.00904908
NM_001364610.2	2483	2255.29	14.4387	0.288116
NM_001364611.2	5133	4905.29	332.848	3.05368
NM_001364612.2	5042	4814.29	0	0
NM_001364613.2	5040	4812.29	11.3358	0.106009
NM_001364614.2	4538	4310.29	781.758	8.16221
NM_001364666.2	4244	4016.29	0	0
NM_001364667.1	467	249.436	0	0
NM_001364669.2	1085	857.293	1	0.0524944
NM_001364672.1	3596	3368.29	0	0
NM_001364674.2	841	613.427	0	0
NM_001364676.1	3144	2916.29	0	0
NM_001364677.1	3105	2877.29	0	0
NM_001364679.2	3271	3043.29	0.0534518	0.000790425
NM_001364680.2	3271	3043.29	11.6613	0.172443
NM_001364681.2	4598	4370.29	0	0
NM_001364682.1	7064	6836.29	0.13647	0.000898378
NM_001364683.1	6970	6742.29	35.771	0.238762
NM_001364689.3	4527	4299.29	0	0
NM_001364690.2	6370	6142.29	0	0
NM_001364700.1	5952	5724.29	112.661	0.885714
NM_001364701.2	7908	7680.29	379.252	2.22225
NM_001364708.1	3695	3467.29	0	0
NM_001364711.1	961	733.293	3.42165	0.209991
NM_001364716.4	15419	15191.3	826.623	2.44881
NM_001364727.2	7533	7305.29	0	0
NM_001364730.1	2441	2213.29	6.99239	0.142177
NM_001364731.1	2399	2171.29	24.5478	0.508788
NM_001364745.2	1517	1289.29	0	0
NM_001364747.2	1658	1430.29	0	0
NM_001364748.2	1531	1303.29	10.1085	0.349049
NM_001364749.2	1706	1478.29	0	0
NM_001364750.2	1483	1255.29	69.2308	2.48197
NM_001364779.1	2228	2000.29	0	0
NM_001364780.1	2150	1922.29	0	0
NM_001364781.1	2069	1841.29	0	0
NM_001364782.1	3145	2917.29	0	0
NM_001364791.2	3683	3455.29	0	0
NM_001364800.2	4937	4709.29	0	0
NM_001364814.1	844	616.427	0	0
NM_001364818.2	3324	3096.29	21.9436	0.31894
NM_001364819.1	2966	2738.29	0	0
NM_001364820.1	2852	2624.29	0	0
NM_001364821.1	2682	2454.29	0	0
NM_001364822.2	1845	1617.29	0	0
NM_001364823.2	3434	3206.29	20.2982	0.284903
NM_001364824.2	1694	1466.29	662.831	20.3434
NM_001364825.2	3316	3088.29	6.19507	0.0902756
NM_001364826.2	3276	3048.29	63.428	0.936411
NM_001364827.2	3499	3271.29	0.0192952	0.000265443
NM_001364828.2	2426	2198.29	0.278863	0.00570883
NM_001364829.2	3334	3106.29	0.0286618	0.000415244
NM_001364830.2	2261	2033.29	3.96686	0.087799
NM_001364831.2	3377	3149.29	0	0
NM_001364832.2	1680	1452.29	0	0
NM_001364833.2	2483	2255.29	2.2281	0.0444604
NM_001364834.2	1833	1605.29	0	0
NM_001364837.1	3060	2832.29	83.8445	1.33223
NM_001364838.2	7445	7217.29	0	0
NM_001364841.2	2395	2167.29	0	0
NM_001364856.2	7162	6934.29	0	0
NM_001364857.2	5708	5480.29	0	0
NM_001364858.1	5342	5114.29	90.2081	0.793784
NM_001364867.2	3207	2979.29	105.378	1.59177
NM_001364869.1	4775	4547.29	227.749	2.25396
NM_001364870.1	4595	4367.29	17.8618	0.184058
NM_001364874.1	2922	2694.29	514.541	8.59443
NM_001364877.2	2924	2696.29	0	0
NM_001364878.1	2728	2500.29	0	0
NM_001364879.1	5343	5115.29	1.94014	0.0170689
NM_001364880.2	3097	2869.29	30.8504	0.483869
NM_001364881.2	4822	4594.29	0	0
NM_001364885.2	2054	1826.29	0	0
NM_001364886.1	2551	2323.29	0	0
NM_001364903.1	1856	1628.29	92.6784	2.56146
NM_001364905.1	10148	9920.29	563.042	2.55422
NM_001364910.1	1182	954.293	0	0
NM_001364911.2	962	734.293	0	0
NM_001364912.2	1050	822.293	0	0
NM_001364929.1	7215	6987.29	1314.85	8.46858
NM_001364930.1	7006	6778.29	695.792	4.61957
NM_001364931.1	6902	6674.29	151.192	1.01945
NM_001364948.3	1216	988.293	210.605	9.59015
NM_001364963.2	430	216.949	0	0
NM_001364982.2	1959	1731.29	0	0
NM_001364983.3	2265	2037.29	0	0
NM_001364984.3	2059	1831.29	0	0
NM_001364985.3	2195	1967.29	0	0
NM_001364986.3	2455	2227.29	0	0
NM_001364998.1	2880	2652.29	26.0407	0.441849
NM_001364999.1	2526	2298.29	186.807	3.65789
NM_001365.5	6812	6584.29	0	0
NM_001365000.1	2394	2166.29	219.408	4.55802
NM_001365001.1	2269	2041.29	38.4465	0.847604
NM_001365002.1	2718	2490.29	2.61357e-08	4.72309e-10
NM_001365003.1	2526	2298.29	0	0
NM_001365004.1	2678	2450.29	30.3265	0.556988
NM_001365006.1	9411	9183.29	0	0
NM_001365007.2	8781	8553.29	0	0
NM_001365008.2	1245	1017.29	0	0
NM_001365023.1	9038	8810.29	2.01654	0.0103005
NM_001365029.1	5515	5287.29	146.177	1.2442
NM_001365037.2	3343	3115.29	37.4395	0.540846
NM_001365038.2	3485	3257.29	0	0
NM_001365039.2	3433	3205.29	0	0
NM_001365040.2	3426	3198.29	31.4778	0.442923
NM_001365041.3	3569	3341.29	0	0
NM_001365045.1	6459	6231.29	1217.44	8.79248
NM_001365046.1	6323	6095.29	321.17	2.37128
NM_001365047.1	6474	6246.29	174.972	1.26063
NM_001365048.1	6462	6234.29	5.47387e-07	3.95139e-09
NM_001365049.1	6396	6168.29	49.2183	0.35909
NM_001365052.2	1721	1493.29	0	0
NM_001365053.2	3821	3593.29	46.0018	0.576135
NM_001365055.2	1316	1088.29	15.3094	0.633072
NM_001365057.2	3707	3479.29	72.9483	0.943553
NM_001365065.1	2951	2723.29	79.6849	1.31681
NM_001365066.1	2821	2593.29	10.5447	0.182988
NM_001365068.1	6878	6650.29	0	0
NM_001365069.1	6866	6638.29	0	0
NM_001365073.2	2697	2469.29	222.304	4.05151
NM_001365077.2	2799	2571.29	0	0
NM_001365079.1	10854	10626.3	1132.75	4.79727
NM_001365080.3	2881	2653.29	605.015	10.2618
NM_001365081.3	2929	2701.29	119.799	1.99583
NM_001365088.1	8072	7844.29	29.9455	0.171799
NM_001365103.2	2012	1784.29	15	0.378327
NM_001365116.2	8602	8374.29	0	0
NM_001365125.2	6819	6591.29	519.021	3.54369
NM_001365126.2	6777	6549.29	1102.17	7.57351
NM_001365127.2	6702	6474.29	146.667	1.01949
NM_001365128.2	6675	6447.29	727.687	5.07936
NM_001365129.2	6585	6357.29	507.789	3.59462
NM_001365135.2	2278	2050.29	160.753	3.52845
NM_001365156.1	2487	2259.29	22.6717	0.451599
NM_001365174.2	1116	888.293	0	0
NM_001365175.2	1163	935.293	0	0
NM_001365197.1	1296	1068.29	0	0
NM_001365201.3	5598	5370.29	1.62878e-07	1.36492e-09
NM_001365202.3	5516	5288.29	0	0
NM_001365203.3	5586	5358.29	5.49766e-07	4.61736e-09
NM_001365204.3	5504	5276.29	0	0
NM_001365205.3	5498	5270.29	7.49503e-07	6.40002e-09
NM_001365206.3	5492	5264.29	0.0257685	0.000220288
NM_001365207.3	5480	5252.29	0.000723305	6.19747e-06
NM_001365208.3	5556	5328.29	1273.23	10.7538
NM_001365209.3	5376	5148.29	1.1786e-07	1.03025e-09
NM_001365210.2	3324	3096.29	20.6988	0.300846
NM_001365211.2	3318	3090.29	0	0
NM_001365212.1	3183	2955.29	104.692	1.59425
NM_001365213.2	2084	1856.29	65.741	1.59379
NM_001365223.1	2818	2590.29	58.1736	1.01069
NM_001365224.1	2319	2091.29	35.845	0.771358
NM_001365225.1	2608	2380.29	1092.77	20.6606
NM_001365226.1	2821	2593.29	38.7937	0.673212
NM_001365227.1	2191	1963.29	25.4116	0.582491
NM_001365228.1	2188	1960.29	8.10668	0.186108
NM_001365229.1	2595	2367.29	23.3401	0.443704
NM_001365240.1	3612	3384.29	0	0
NM_001365241.1	3410	3182.29	30.8875	0.436803
NM_001365242.1	3482	3254.29	0	0
NM_001365243.1	3272	3044.29	0	0
NM_001365244.1	3217	2989.29	0	0
NM_001365245.1	3419	3191.29	0	0
NM_001365246.1	3447	3219.29	0	0
NM_001365247.1	3234	3006.29	0	0
NM_001365248.1	3052	2824.29	207.863	3.31215
NM_001365249.1	2912	2684.29	0	0
NM_001365250.1	3067	2839.29	124.403	1.9718
NM_001365252.1	1143	915.293	2	0.0983359
NM_001365264.1	3459	3231.29	0	0
NM_001365265.1	3263	3035.29	0	0
NM_001365272.1	2313	2085.29	0	0
NM_001365273.1	1985	1757.29	0	0
NM_001365276.2	13097	12869.3	3905.77	13.6582
NM_001365282.1	1367	1139.29	16.3468	0.645714
NM_001365288.2	3299	3071.29	0	0
NM_001365293.2	3528	3300.29	20.2968	0.276768
NM_001365294.2	3405	3177.29	0	0
NM_001365295.2	3677	3449.29	79.6973	1.03981
NM_001365304.2	2323	2095.29	2134	45.8345
NM_001365305.2	2425	2197.29	51.8041	1.06101
NM_001365307.2	2569	2341.29	109.712	2.10882
NM_001365308.1	5287	5059.29	757.545	6.73847
NM_001365310.2	1926	1698.29	13	0.344487
NM_001365323.2	8219	7991.29	446.814	2.51624
NM_001365324.3	8440	8212.29	184.839	1.01291
NM_001365337.2	1514	1286.29	0	0
NM_001365341.2	1541	1313.29	74.2916	2.54578
NM_001365342.1	2810	2582.29	0.27249	0.00474883
NM_001365343.1	2807	2579.29	24.2506	0.42312
NM_001365360.2	1927	1699.29	12.041	0.318886
NM_001365371.2	2367	2139.29	0	0
NM_001365373.2	4286	4058.29	2.57888	0.0285977
NM_001365381.2	785	557.487	46.498	3.75355
NM_001365383.1	4207	3979.29	124.131	1.40384
NM_001365389.2	1125	897.293	0	0
NM_001365398.1	1588	1360.29	0	0
NM_001365399.1	1622	1394.29	25.3872	0.819413
NM_001365400.1	1575	1347.29	0	0
NM_001365401.1	1556	1328.29	0	0
NM_001365405.1	2871	2643.29	0	0
NM_001365406.1	3136	2908.29	178.633	2.76417
NM_001365407.1	3035	2807.29	0	0
NM_001365408.1	2987	2759.29	0	0
NM_001365411.2	8825	8597.29	2.15886	0.0113007
NM_001365412.2	8828	8600.29	7.76286e-06	4.0621e-08
NM_001365413.2	8536	8308.29	0	0
NM_001365414.2	8386	8158.29	0	0
NM_001365415.2	2216	1988.29	13.2764	0.300498
NM_001365416.2	1927	1699.29	0	0
NM_001365417.3	4343	4115.29	5.43183	0.0594002
NM_001365418.3	4505	4277.29	0	0
NM_001365419.3	4384	4156.29	0	0
NM_001365420.3	4328	4100.29	0.000760157	8.34316e-06
NM_001365421.3	4546	4318.29	0	0
NM_001365426.1	2997	2769.29	31.9539	0.519275
NM_001365427.2	2519	2291.29	7.95549	0.156253
NM_001365428.1	2315	2087.29	0	0
NM_001365429.1	2952	2724.29	13.8402	0.228629
NM_001365430.1	2942	2714.29	0	0
NM_001365443.2	783	555.487	8	0.648125
NM_001365455.2	3786	3558.29	0	0
NM_001365466.2	2500	2272.29	384.262	7.61036
NM_001365479.2	5695	5467.29	1363.78	11.2257
NM_001365480.1	9751	9523.29	3486.63	16.4763
NM_001365487.2	2249	2021.29	0	0
NM_001365496.2	2694	2466.29	0	0
NM_001365517.2	8120	7892.29	37752.1	215.268
NM_001365518.2	8117	7889.29	118499	675.959
NM_001365519.2	8045	7817.29	3160.59	18.1951
NM_001365520.2	8042	7814.29	10679.9	61.5063
NM_001365521.2	8027	7799.29	87506.1	504.923
NM_001365522.2	7952	7724.29	14827.3	86.3863
NM_001365523.2	7772	7544.29	8217.01	49.0159
NM_001365524.2	7757	7529.29	46516.3	278.031
NM_001365529.2	5641	5413.29	11.5223	0.0957903
NM_001365530.2	5771	5543.29	481.315	3.90755
NM_001365536.1	9752	9524.29	71.719	0.338878
NM_001365552.1	5971	5743.29	0	0
NM_001365575.2	4128	3900.29	309.81	3.5747
NM_001365578.1	1841	1613.29	40.3299	1.12501
NM_001365579.1	1809	1581.29	78.285	2.22797
NM_001365580.2	1641	1413.29	0	0
NM_001365584.1	7422	7194.29	0	0
NM_001365586.1	7340	7112.29	0	0
NM_001365588.1	7194	6966.29	0	0
NM_001365590.1	7569	7341.29	0	0
NM_001365591.1	7280	7052.29	0	0
NM_001365592.1	7134	6906.29	0	0
NM_001365593.1	6983	6755.29	0	0
NM_001365596.4	7527	7299.29	0	0
NM_001365597.4	7515	7287.29	0	0
NM_001365598.4	7473	7245.29	0	0
NM_001365599.4	7461	7233.29	0	0
NM_001365600.4	7401	7173.29	505.871	3.17368
NM_001365601.4	7347	7119.29	181.804	1.14923
NM_001365602.4	7607	7379.29	0	0
NM_001365603.4	7469	7241.29	4.36169	0.027107
NM_001365604.4	7541	7313.29	0	0
NM_001365605.4	7415	7187.29	17.4665	0.109366
NM_001365609.1	5844	5616.29	0	0
NM_001365613.2	5049	4821.29	29970.7	279.754
NM_001365618.1	4196	3968.29	31.4728	0.356923
NM_001365621.2	5058	4830.29	0	0
NM_001365627.1	7222	6994.29	0	0
NM_001365628.1	7246	7018.29	0	0
NM_001365629.1	7243	7015.29	0	0
NM_001365630.1	7168	6940.29	879.42	5.70244
NM_001365631.1	7159	6931.29	28.5956	0.185664
NM_001365632.1	7156	6928.29	2.54078e-08	1.65038e-10
NM_001365633.1	7120	6892.29	270.525	1.76639
NM_001365634.1	7117	6889.29	1168.27	7.63149
NM_001365635.2	8177	7949.29	276.64	1.56613
NM_001365636.2	8054	7826.29	97.9656	0.563326
NM_001365637.2	8331	8103.29	798.201	4.43295
NM_001365638.2	8271	8043.29	26.973	0.150917
NM_001365642.2	5232	5004.29	2328.41	20.9391
NM_001365643.2	3682	3454.29	67.9854	0.885725
NM_001365649.1	5608	5380.29	67.5143	0.564719
NM_001365650.1	5179	4951.29	39.1031	0.355414
NM_001365658.1	5101	4873.29	25.0084	0.230943
NM_001365659.1	5105	4877.29	87.8983	0.811043
NM_001365660.1	5630	5402.29	87.737	0.730881
NM_001365661.1	2098	1870.29	13.9418	0.335469
NM_001365662.1	4964	4736.29	22.2841	0.211738
NM_001365663.1	5509	5281.29	1.14349	0.00974393
NM_001365665.1	5257	5029.29	0	0
NM_001365666.1	1897	1669.29	0	0
NM_001365670.2	9312	9084.29	33.6338	0.16662
NM_001365671.1	4145	3917.29	358.27	4.11592
NM_001365672.2	9309	9081.29	131.105	0.649702
NM_001365673.2	9280	9052.29	0	0
NM_001365674.2	9348	9120.29	0	0
NM_001365675.2	9319	9091.29	0	0
NM_001365677.2	4553	4325.29	1498.25	15.5887
NM_001365678.2	4720	4492.29	2567.55	25.7213
NM_001365679.2	5109	4881.29	771.686	7.11456
NM_001365680.2	4837	4609.29	793.357	7.74598
NM_001365681.2	4370	4142.29	262.64	2.8534
NM_001365684.2	12232	12004.3	1050.83	3.93947
NM_001365692.1	2599	2371.29	0	0
NM_001365693.1	9172	8944.29	13.3636	0.0672389
NM_001365700.3	5830	5602.29	0	0
NM_001365701.3	5827	5599.29	0	0
NM_001365705.1	1933	1705.29	0	0
NM_001365706.3	1535	1307.29	23.8582	0.82131
NM_001365709.1	1956	1728.29	0	0
NM_001365710.2	1795	1567.29	22.4441	0.644459
NM_001365711.1	2533	2305.29	16.9724	0.331329
NM_001365712.1	4206	3978.29	0	0
NM_001365713.1	2544	2316.29	0	0
NM_001365714.1	975	747.293	41.5859	2.50436
NM_001365715.1	7129	6901.29	0.000279077	1.81985e-06
NM_001365716.1	10050	9822.29	58.7404	0.269133
NM_001365717.1	7057	6829.29	1135.68	7.48381
NM_001365718.1	7021	6793.29	38.3899	0.254319
NM_001365719.2	2149	1921.29	49.6186	1.16223
NM_001365724.1	1007	779.293	0	0
NM_001365725.1	982	754.293	2.99994	0.178984
NM_001365728.1	2172	1944.29	16.913	0.391472
NM_001365743.2	2396	2168.29	9.64548	0.200193
NM_001365744.3	780	552.487	0	0
NM_001365745.2	1449	1221.29	3.57665	0.131795
NM_001365746.1	2271	2043.29	29.4432	0.648481
NM_001365747.2	655	428.76	0.2666	0.0279825
NM_001365748.2	1631	1403.29	0	0
NM_001365751.1	1490	1262.29	0	0
NM_001365752.1	1520	1292.29	9.69159	0.337502
NM_001365753.1	1566	1338.29	0	0
NM_001365754.1	1387	1159.29	4.00755	0.155571
NM_001365755.1	1367	1139.29	0.832582	0.0328877
NM_001365758.1	9300	9072.29	0	0
NM_001365759.2	7414	7186.29	0	0
NM_001365761.2	641	415.014	22.0757	2.39383
NM_001365764.1	4312	4084.29	62.8328	0.692328
NM_001365765.2	3495	3267.29	0	0
NM_001365766.2	2628	2400.29	0	0
NM_001365767.2	4537	4309.29	0	0
NM_001365768.2	3308	3080.29	0	0
NM_001365769.2	3401	3173.29	0	0
NM_001365770.2	3535	3307.29	18.2452	0.248267
NM_001365774.2	2523	2295.29	50.9964	0.999871
NM_001365776.1	2901	2673.29	0	0
NM_001365777.1	1138	910.293	141.574	6.99914
NM_001365778.1	1807	1579.29	134.285	3.82655
NM_001365779.1	1265	1037.29	0	0
NM_001365780.1	1034	806.293	0.000233759	1.30472e-05
NM_001365781.2	2866	2638.29	167.311	2.85393
NM_001365782.1	2866	2638.29	15.4901	0.264224
NM_001365783.2	4568	4340.29	0	0
NM_001365784.2	4325	4097.29	241.233	2.64961
NM_001365788.1	1370	1142.29	0	0
NM_001365789.1	1037	809.293	0	0
NM_001365790.2	5478	5250.29	20.2187	0.173306
NM_001365792.1	5301	5073.29	4.53042	0.0401875
NM_001365793.1	5266	5038.29	0	0
NM_001365794.2	1737	1509.29	0	0
NM_001365795.2	1755	1527.29	3.65546	0.107711
NM_001365803.1	7200	6972.29	4.16186e-08	2.6863e-10
NM_001365804.1	3256	3028.29	0	0
NM_001365805.1	7097	6869.29	49.7524	0.325945
NM_001365809.2	7230	7002.29	0	0
NM_001365819.1	7944	7716.29	261.258	1.52371
NM_001365820.1	4482	4254.29	37.5628	0.397349
NM_001365821.1	4448	4220.29	0	0
NM_001365822.1	4384	4156.29	1.75094e-08	1.89587e-10
NM_001365823.1	4633	4405.29	4.86302	0.0496791
NM_001365824.1	4636	4408.29	1.91234	0.0195226
NM_001365825.1	4356	4128.29	73.6739	0.803129
NM_001365826.2	4279	4051.29	101.394	1.12632
NM_001365827.2	3786	3558.29	37.5694	0.475155
NM_001365828.2	2461	2233.29	12.3628	0.249123
NM_001365829.2	2315	2087.29	0	0
NM_001365830.2	2509	2281.29	28.4337	0.560912
NM_001365831.2	2246	2018.29	61.0184	1.36056
NM_001365832.2	2075	1847.29	57.5338	1.40162
NM_001365833.2	2220	1992.29	0	0
NM_001365834.2	2195	1967.29	0	0
NM_001365835.2	2311	2083.29	0	0
NM_001365836.1	4390	4162.29	0	0
NM_001365837.1	11944	11716.3	0.0482589	0.000185366
NM_001365838.1	11899	11671.3	9.43765	0.0363904
NM_001365848.1	14342	14114.3	0	0
NM_001365849.1	14138	13910.3	52.8113	0.170857
NM_001365851.2	1075	847.293	0	0
NM_001365852.1	2542	2314.29	0	0
NM_001365853.1	2189	1961.29	0	0
NM_001365854.1	2264	2036.29	0	0
NM_001365855.1	2184	1956.29	0	0
NM_001365862.2	3933	3705.29	0	0
NM_001365869.2	6057	5829.29	0	0
NM_001365870.2	6210	5982.29	0	0
NM_001365871.1	2436	2208.29	150.904	3.0753
NM_001365872.2	6406	6178.29	0	0
NM_001365874.3	5542	5314.29	0	0
NM_001365876.1	2648	2420.29	61.8898	1.15078
NM_001365877.1	2513	2285.29	0	0
NM_001365878.1	3286	3058.29	23.8434	0.350858
NM_001365891.2	4749	4521.29	0	0
NM_001365892.2	1476	1248.29	0	0
NM_001365896.1	6387	6159.29	131.278	0.959184
NM_001365900.1	5166	4938.29	0	0
NM_001365902.3	6019	5791.29	95.749	0.744048
NM_001365903.2	8030	7802.29	95.1007	0.548534
NM_001365904.2	8027	7799.29	0	0
NM_001365905.1	6261	6033.29	29.5639	0.220521
NM_001365906.3	5889	5661.29	0	0
NM_001365907.2	5754	5526.29	0	0
NM_001365915.1	3738	3510.29	5	0.0641016
NM_001365919.1	5035	4807.29	1873.53	17.5389
NM_001365920.1	4987	4759.29	540.071	5.10683
NM_001365921.2	2697	2469.29	2455.4	44.7498
NM_001365923.2	16665	16437.3	0	0
NM_001365924.2	16665	16437.3	0	0
NM_001365925.2	16241	16013.3	5.39736	0.0151685
NM_001365926.2	16665	16437.3	1.45015	0.00397031
NM_001365927.2	16522	16294.3	4.78541	0.0132168
NM_001365928.2	16522	16294.3	3.5768	0.00987875
NM_001365929.2	16137	15909.3	0	0
NM_001365930.2	16605	16377.3	0	0
NM_001365931.2	16181	15953.3	119.798	0.337941
NM_001365932.2	16605	16377.3	31.6219	0.0868938
NM_001365933.2	16462	16234.3	76.1233	0.211021
NM_001365934.2	16435	16207.3	0.248074	0.000688831
NM_001365935.2	16154	15926.3	0.357133	0.00100915
NM_001365936.2	16578	16350.3	0	0
NM_001365940.2	701	473.947	0.883887	0.0839284
NM_001365950.1	5276	5048.29	12.1104	0.107958
NM_001365951.3	10855	10627.3	464.075	1.96521
NM_001365952.1	10669	10441.3	0.000260312	1.12197e-06
NM_001365953.1	7725	7497.29	0	0
NM_001365977.2	1437	1209.29	79	2.93993
NM_001365982.2	5739	5511.29	3968.95	32.4089
NM_001365983.2	5576	5348.29	260.017	2.18791
NM_001365984.2	5862	5634.29	0	0
NM_001365985.2	5714	5486.29	587.671	4.82056
NM_001365986.1	9802	9574.29	2.04904e-05	9.63132e-08
NM_001365987.2	2293	2065.29	227.227	4.95131
NM_001365999.1	14136	13908.3	2020.2	6.53676
NM_001366002.2	7315	7087.29	54.8968	0.348585
NM_001366003.2	7994	7766.29	0	0
NM_001366004.2	8116	7888.29	0	0
NM_001366005.2	7434	7206.29	8.96041	0.0559575
NM_001366006.2	7432	7204.29	3.48853	0.0217918
NM_001366007.2	7661	7433.29	49.3252	0.298628
NM_001366008.2	7926	7698.29	0	0
NM_001366009.2	7326	7098.29	2.18157	0.0138311
NM_001366010.2	10789	10561.3	1.15524e-05	4.92264e-08
NM_001366011.1	10820	10592.3	32.7137	0.138989
NM_001366018.1	1550	1322.29	134.319	4.57141
NM_001366019.2	10912	10684.3	5.28172e-05	2.2247e-07
NM_001366022.1	11195	10967.3	43.9479	0.180336
NM_001366028.2	12145	11917.3	0	0
NM_001366031.2	1857	1629.29	28.3793	0.783872
NM_001366037.3	5613	5385.29	0	0
NM_001366038.3	6410	6182.29	57.9932	0.422153
NM_001366039.3	5651	5423.29	0	0
NM_001366040.3	5760	5532.29	48.6214	0.395516
NM_001366041.3	5550	5322.29	0	0
NM_001366042.3	5865	5637.29	71.6018	0.571605
NM_001366043.1	2665	2437.29	85.7804	1.58388
NM_001366044.1	2667	2439.29	7.00117	0.129166
NM_001366045.1	2714	2486.29	0	0
NM_001366046.1	2627	2399.29	0	0
NM_001366047.1	2564	2336.29	6.92835	0.133458
NM_001366048.1	2507	2279.29	0	0
NM_001366051.2	3369	3141.29	0	0
NM_001366057.1	7741	7513.29	2261.08	13.5434
NM_001366058.1	1611	1383.29	0	0
NM_001366068.1	859	631.427	0	0
NM_001366070.2	7796	7568.29	0	0
NM_001366071.2	7916	7688.29	0	0
NM_001366072.2	7751	7523.29	0	0
NM_001366073.2	7742	7514.29	45.6814	0.273586
NM_001366074.2	7881	7653.29	0	0
NM_001366075.2	7721	7493.29	0	0
NM_001366076.2	7691	7463.29	6.29099	0.0379342
NM_001366078.2	3904	3676.29	0	0
NM_001366081.1	4948	4720.29	129.597	1.23557
NM_001366082.2	2017	1789.29	93.9391	2.36269
NM_001366083.1	1957	1729.29	0	0
NM_001366084.1	4972	4744.29	414.309	3.93002
NM_001366085.2	1798	1570.29	0	0
NM_001366086.1	5018	4790.29	133.71	1.25615
NM_001366087.1	4886	4658.29	19.899	0.192241
NM_001366088.2	1931	1703.29	0.0164262	0.000434001
NM_001366089.1	5112	4884.29	13.3182	0.122712
NM_001366093.1	6348	6120.29	38.9513	0.286413
NM_001366095.1	6314	6086.29	37.3284	0.276013
NM_001366096.1	6178	5950.29	0	0
NM_001366097.1	6291	6063.29	96.601	0.716994
NM_001366102.1	6612	6384.29	0	0
NM_001366110.1	2234	2006.29	0	0
NM_001366111.1	1706	1478.29	0	0
NM_001366112.1	1103	875.293	0	0
NM_001366122.1	5098	4870.29	12	0.110884
NM_001366133.1	2323	2095.29	28.1722	0.605087
NM_001366134.1	2577	2349.29	36.9246	0.707328
NM_001366135.1	2937	2709.29	3961.69	65.8063
NM_001366141.2	12159	11931.3	0	0
NM_001366142.2	10525	10297.3	0	0
NM_001366143.2	10489	10261.3	0	0
NM_001366144.2	1535	1307.29	0	0
NM_001366145.2	12320	12092.3	0	0
NM_001366146.2	10650	10422.3	0	0
NM_001366147.2	12395	12167.3	0	0
NM_001366148.2	10695	10467.3	0	0
NM_001366149.2	12290	12062.3	0	0
NM_001366150.2	10584	10356.3	0	0
NM_001366151.2	10614	10386.3	0	0
NM_001366152.2	10725	10497.3	0	0
NM_001366153.2	1660	1432.29	0	0
NM_001366154.2	10273	10045.3	2.25336	0.0100951
NM_001366157.1	3527	3299.29	0	0
NM_001366158.1	2701	2473.29	0	0
NM_001366165.2	4421	4193.29	63.2389	0.67869
NM_001366174.1	3409	3181.29	405.262	5.7329
NM_001366177.2	12052	11824.3	59.9043	0.227995
NM_001366178.1	4352	4124.29	121.804	1.32909
NM_001366182.2	6726	6498.29	0	0
NM_001366188.1	2199	1971.29	0	0
NM_001366189.1	2486	2258.29	5.78187	0.115221
NM_001366190.1	1716	1488.29	0	0
NM_001366191.2	736	508.753	9.00002	0.796121
NM_001366195.2	2103	1875.29	0	0
NM_001366196.2	1803	1575.29	7.30641	0.20873
NM_001366198.1	3399	3171.29	198.98	2.82368
NM_001366200.3	735	507.753	0	0
NM_001366201.3	538	315.318	0	0
NM_001366202.3	588	363.135	0	0
NM_001366203.1	4969	4741.29	0	0
NM_001366204.1	4787	4559.29	0.0486951	0.000480651
NM_001366205.1	4850	4622.29	570.687	5.55626
NM_001366206.1	4917	4689.29	284.154	2.72702
NM_001366207.1	4853	4625.29	0.15431	0.00150141
NM_001366208.1	4905	4677.29	20.113	0.193519
NM_001366209.1	5173	4945.29	0.0177169	0.000161227
NM_001366210.1	5239	5011.29	0.0567832	0.000509932
NM_001366211.1	5209	4981.29	0	0
NM_001366212.1	5302	5074.29	0.0518841	0.000460152
NM_001366213.1	5236	5008.29	113.485	1.01974
NM_001366214.1	5335	5107.29	187.959	1.65621
NM_001366215.1	5368	5140.29	0.147537	0.00129168
NM_001366216.1	5119	4891.29	3.1153e-06	2.86628e-08
NM_001366217.1	5338	5110.29	0	0
NM_001366218.1	5401	5173.29	235.634	2.04981
NM_001366219.1	5248	5020.29	0.208332	0.00186754
NM_001366220.1	5182	4954.29	0.0257272	0.000233697
NM_001366221.1	4629	4401.29	0	0
NM_001366222.1	4593	4365.29	0	0
NM_001366223.1	4369	4141.29	0	0
NM_001366224.1	4403	4175.29	0	0
NM_001366225.1	4451	4223.29	0	0
NM_001366226.1	4320	4092.29	0	0
NM_001366227.2	2461	2233.29	0	0
NM_001366230.1	5858	5630.29	154.03	1.23117
NM_001366231.1	2422	2194.29	8.01728	0.164427
NM_001366232.2	1542	1314.29	0	0
NM_001366233.2	1539	1311.29	0	0
NM_001366234.2	1404	1176.29	1	0.0382584
NM_001366235.1	3161	2933.29	0	0
NM_001366236.2	3134	2906.29	42.3414	0.655644
NM_001366237.1	3264	3036.29	0	0
NM_001366238.1	3342	3114.29	11.4851	0.165966
NM_001366239.1	3243	3015.29	0	0
NM_001366240.1	3145	2917.29	0	0
NM_001366241.1	3364	3136.29	0	0
NM_001366244.2	4359	4131.29	739.09	8.05107
NM_001366245.2	2998	2770.29	705.787	11.4654
NM_001366246.2	4278	4050.29	3318.07	36.8673
NM_001366247.2	1810	1582.29	0	0
NM_001366248.2	2068	1840.29	0	0
NM_001366249.2	2141	1913.29	61.7064	1.45141
NM_001366250.2	1838	1610.29	25.7416	0.719405
NM_001366253.2	3111	2883.29	99.3055	1.54998
NM_001366254.2	3209	2981.29	21.2636	0.320977
NM_001366255.1	2046	1818.29	18.9367	0.468687
NM_001366256.1	1924	1696.29	16.3019	0.432494
NM_001366257.1	1597	1369.29	0	0
NM_001366258.1	2053	1825.29	2.72436	0.0671697
NM_001366259.1	2018	1790.29	5.5986	0.140734
NM_001366260.1	1991	1763.29	26.0446	0.664714
NM_001366261.2	4088	3860.29	0	0
NM_001366262.2	2195	1967.29	12.6026	0.288292
NM_001366263.1	1962	1734.29	0	0
NM_001366264.1	1985	1757.29	9.90689	0.253709
NM_001366265.1	1942	1714.29	2.21499	0.0581473
NM_001366266.1	1859	1631.29	2.00247	0.0552429
NM_001366267.1	1955	1727.29	2.46894	0.064326
NM_001366268.1	2023	1795.29	11.8234	0.29638
NM_001366269.1	1962	1734.29	0	0
NM_001366270.1	1691	1463.29	16.1213	0.495807
NM_001366271.1	1688	1460.29	0	0
NM_001366276.1	5637	5409.29	177.667	1.47812
NM_001366277.2	3861	3633.29	36.6495	0.453952
NM_001366279.2	2375	2147.29	0	0
NM_001366280.2	6949	6721.29	1.8145	0.0121492
NM_001366281.1	953	725.293	9.98504	0.619553
NM_001366282.2	11186	10958.3	133.972	0.55019
NM_001366283.2	11063	10835.3	428.518	1.7798
NM_001366284.2	11106	10878.3	83.5685	0.34572
NM_001366285.2	2230	2002.29	0	0
NM_001366286.2	2382	2154.29	0	0
NM_001366287.2	7949	7721.29	168.807	0.983881
NM_001366288.2	7874	7646.29	104.096	0.612667
NM_001366289.2	7854	7626.29	21.2233	0.12524
NM_001366290.3	11528	11300.3	96.088	0.382668
NM_001366291.2	8065	7837.29	342.573	1.96711
NM_001366292.3	889	661.427	0	0
NM_001366293.2	462	244.971	2577.59	473.522
NM_001366294.2	3183	2955.29	0	0
NM_001366295.2	3261	3033.29	0	0
NM_001366296.2	3237	3009.29	0	0
NM_001366297.2	3027	2799.29	0	0
NM_001366298.2	3438	3210.29	0	0
NM_001366299.1	4276	4048.29	12922.6	143.655
NM_001366300.1	3181	2953.29	882.175	13.4428
NM_001366301.1	1684	1456.29	0	0
NM_001366302.1	1710	1482.29	0	0
NM_001366303.1	1741	1513.29	16.417	0.488218
NM_001366304.1	2211	1983.29	0	0
NM_001366305.2	11348	11120.3	0	0
NM_001366306.2	11288	11060.3	64.6704	0.263137
NM_001366307.2	11394	11166.3	97.3984	0.392541
NM_001366308.1	1918	1690.29	0	0
NM_001366309.2	2139	1911.29	0	0
NM_001366310.2	2079	1851.29	9.18039	0.223166
NM_001366314.2	3393	3165.29	0	0
NM_001366316.2	5155	4927.29	2.30869e-07	2.10863e-09
NM_001366318.2	5522	5294.29	327.763	2.78609
NM_001366319.2	8126	7898.29	0	0
NM_001366320.2	8132	7904.29	0	0
NM_001366321.2	7764	7536.29	1171.52	6.99572
NM_001366322.1	1561	1333.29	0	0
NM_001366323.2	1923	1695.29	0	0
NM_001366324.2	1811	1583.29	0	0
NM_001366325.2	1504	1276.29	0	0
NM_001366326.2	1840	1612.29	0	0
NM_001366327.2	1743	1515.29	4.25644	0.126413
NM_001366328.2	1742	1514.29	0	0
NM_001366329.2	1622	1394.29	0	0
NM_001366330.2	1624	1396.29	0	0
NM_001366331.2	1994	1766.29	0	0
NM_001366332.2	1407	1179.29	0	0
NM_001366333.2	1687	1459.29	0	0
NM_001366335.1	4131	3903.29	878.173	10.1249
NM_001366336.1	3809	3581.29	74.5704	0.937063
NM_001366337.1	3952	3724.29	90.3812	1.09214
NM_001366338.1	3380	3152.29	0	0
NM_001366339.1	3865	3637.29	37.8023	0.467716
NM_001366344.1	2277	2049.29	19.6388	0.431275
NM_001366345.1	2353	2125.29	0	0
NM_001366346.1	2025	1797.29	36.3808	0.910952
NM_001366347.1	2223	1995.29	14.1526	0.319207
NM_001366348.1	2154	1926.29	0	0
NM_001366349.2	3112	2884.29	0	0
NM_001366350.1	2127	1899.29	0	0
NM_001366351.1	2269	2041.29	4.46189	0.0983685
NM_001366352.1	2237	2009.29	0	0
NM_001366353.1	2034	1806.29	0	0
NM_001366354.1	2020	1792.29	0	0
NM_001366355.1	1980	1752.29	0	0
NM_001366356.2	3546	3318.29	0	0
NM_001366357.1	941	713.293	0	0
NM_001366358.1	2124	1896.29	0	0
NM_001366359.2	3538	3310.29	0.0684637	0.000930756
NM_001366360.3	2287	2059.29	46.1232	1.00796
NM_001366361.1	2002	1774.29	0	0
NM_001366362.1	777	549.487	1.55828	0.127623
NM_001366363.1	560	336.006	22.9424	3.0728
NM_001366364.3	2573	2345.29	107.81	2.06873
NM_001366365.3	2463	2235.29	0	0
NM_001366369.2	3219	2991.29	140.024	2.10662
NM_001366370.2	3119	2891.29	58.5539	0.911394
NM_001366371.2	3168	2940.29	0	0
NM_001366372.2	3017	2789.29	0	0
NM_001366373.2	3202	2974.29	44.3147	0.670512
NM_001366374.2	3064	2836.29	0	0
NM_001366375.2	2225	1997.29	92.1032	2.07527
NM_001366385.1	4717	4489.29	0	0
NM_001366386.2	3719	3491.29	133.185	1.71677
NM_001366390.2	7020	6792.29	0	0
NM_001366391.2	7092	6864.29	22.0617	0.144639
NM_001366392.2	6987	6759.29	0.0649814	0.000432643
NM_001366393.2	6767	6539.29	0	0
NM_001366394.2	6695	6467.29	0	0
NM_001366395.2	6869	6641.29	0	0
NM_001366396.2	6559	6331.29	0	0
NM_001366397.2	6385	6157.29	0	0
NM_001366398.2	6334	6106.29	0	0
NM_001366399.1	843	615.427	0	0
NM_001366400.1	6191	5963.29	0	0
NM_001366401.1	6010	5782.29	0	0
NM_001366406.1	760	532.648	0	0
NM_001366407.1	943	715.293	13.8956	0.874252
NM_001366414.2	3689	3461.29	144.785	1.88247
NM_001366417.1	4349	4121.29	68.2915	0.745719
NM_001366418.1	4418	4190.29	402.423	4.32196
NM_001366425.1	11958	11730.3	0	0
NM_001366426.1	11739	11511.3	0	0
NM_001366432.2	4416	4188.29	1110.78	11.9353
NM_001366445.1	2495	2267.29	4.07926	0.0809686
NM_001366446.1	8634	8406.29	211.468	1.1321
NM_001366447.1	2790	2562.29	26.5844	0.466917
NM_001366448.1	8436	8208.29	0	0
NM_001366449.1	1808	1580.29	23.8598	0.679471
NM_001366450.1	6765	6537.29	0	0
NM_001366451.1	7262	7034.29	0	0
NM_001366452.1	6566	6338.29	0	0
NM_001366453.1	856	628.427	0	0
NM_001366454.1	7031	6803.29	0	0
NM_001366455.1	1282	1054.29	0	0
NM_001366456.1	6817	6589.29	0	0
NM_001366457.1	6211	5983.29	0	0
NM_001366458.2	3614	3386.29	1720.98	22.8714
NM_001366459.2	3610	3382.29	0	0
NM_001366460.2	3526	3298.29	261.142	3.56311
NM_001366466.2	5435	5207.29	0	0
NM_001366467.2	5499	5271.29	14.9869	0.127949
NM_001366468.2	4813	4585.29	1.47429	0.0144697
NM_001366469.2	5496	5268.29	10.4962	0.0896613
NM_001366470.2	5472	5244.29	57.8401	0.496346
NM_001366471.2	4783	4555.29	4.68944	0.0463284
NM_001366472.2	4926	4698.29	6.90333	0.0661243
NM_001366473.2	4463	4235.29	0	0
NM_001366474.2	4497	4269.29	1.88263e-05	1.9845e-07
NM_001366479.2	8317	8089.29	11.0774	0.0616267
NM_001366481.3	4499	4271.29	6849.91	72.1719
NM_001366485.2	3151	2923.29	12.2015	0.187837
NM_001366486.2	3070	2842.29	8.92089	0.141248
NM_001366487.2	3439	3211.29	0	0
NM_001366488.2	2953	2725.29	0	0
NM_001366489.2	3109	2881.29	0	0
NM_001366490.2	3386	3158.29	6.87268	0.09793
NM_001366491.2	2553	2325.29	206.745	4.00129
NM_001366492.2	2277	2049.29	288.841	6.34304
NM_001366496.1	6017	5789.29	2.93231e-08	2.27943e-10
NM_001366498.1	4160	3932.29	257.011	2.94136
NM_001366499.1	3860	3632.29	39.8679	0.493952
NM_001366500.1	3821	3593.29	264.165	3.30845
NM_001366501.2	4760	4532.29	254.926	2.53127
NM_001366502.2	2760	2532.29	9.86631e-07	1.75341e-08
NM_001366504.1	954	726.293	6.92228	0.428923
NM_001366508.1	4463	4235.29	9559.3	101.575
NM_001366509.1	4684	4456.29	378.844	3.82586
NM_001366510.1	4480	4252.29	349.595	3.69985
NM_001366511.1	4436	4208.29	1111.64	11.8878
NM_001366519.1	3171	2943.29	388.905	5.94638
NM_001366520.1	7162	6934.29	0	0
NM_001366521.1	7062	6834.29	3700.24	24.3657
NM_001366522.1	7264	7036.29	229.017	1.46476
NM_001366523.1	7216	6988.29	0	0
NM_001366524.1	7054	6826.29	13.8194	0.0911058
NM_001366525.1	7149	6921.29	18.9538	0.12324
NM_001366526.1	7119	6891.29	0	0
NM_001366527.1	7214	6986.29	0	0
NM_001366528.1	7013	6785.29	0	0
NM_001366529.1	7011	6783.29	0	0
NM_001366530.1	6921	6693.29	0	0
NM_001366531.1	6560	6332.29	0	0
NM_001366532.1	6655	6427.29	0	0
NM_001366534.1	986	758.293	0	0
NM_001366535.2	5160	4932.29	10.4295	0.0951606
NM_001366536.2	5070	4842.29	11.2585	0.104634
NM_001366537.3	1826	1598.29	0	0
NM_001366538.2	1425	1197.29	0	0
NM_001366540.1	2444	2216.29	0	0
NM_001366541.2	2469	2241.29	0	0
NM_001366542.2	2407	2179.29	0	0
NM_001366543.2	2262	2034.29	0	0
NM_001366544.2	2472	2244.29	0	0
NM_001366545.2	2324	2096.29	0	0
NM_001366546.2	2313	2085.29	0	0
NM_001366547.2	2565	2337.29	0	0
NM_001366548.2	2306	2078.29	5.57471	0.120714
NM_001366549.2	2590	2362.29	0	0
NM_001366555.2	6693	6465.29	79.4035	0.552705
NM_001366556.2	6596	6368.29	448.624	3.17031
NM_001366558.2	7901	7673.29	16.1798	0.0948927
NM_001366559.1	1687	1459.29	10.1996	0.314544
NM_001366560.1	1678	1450.29	0	0
NM_001366561.2	6488	6260.29	22.4997	0.161742
NM_001366562.2	2075	1847.29	0	0
NM_001366563.2	673	446.496	0	0
NM_001366565.1	5515	5287.29	7.47597	0.0636321
NM_001366566.1	3865	3637.29	10.2202	0.126451
NM_001366567.1	5509	5281.29	4.08408	0.0348014
NM_001366568.1	5846	5618.29	26.2527	0.210287
NM_001366569.1	3774	3546.29	282.835	3.58922
NM_001366570.1	5548	5320.29	2.76608	0.0233976
NM_001366571.1	5557	5329.29	9.49478	0.0801785
NM_001366572.1	5512	5284.29	1.92178	0.0163666
NM_001366573.1	5840	5612.29	10.1663	0.0815199
NM_001366574.1	7061	6833.29	29.6627	0.195354
NM_001366575.1	3768	3540.29	313.988	3.99131
NM_001366576.1	3684	3456.29	2.32595	0.0302853
NM_001366577.1	3687	3459.29	14.6456	0.19053
NM_001366578.1	3814	3586.29	51.9873	0.65237
NM_001366579.1	6973	6745.29	51.6317	0.344475
NM_001366580.1	6975	6747.29	30.6128	0.204182
NM_001366581.1	3681	3453.29	3.29999	0.0430052
NM_001366582.1	3732	3504.29	185.465	2.38179
NM_001366583.1	6756	6528.29	108.659	0.749045
NM_001366584.1	5798	5570.29	12.135	0.0980405
NM_001366585.1	5843	5615.29	8.15989	0.0653964
NM_001366586.1	5425	5197.29	63.8157	0.552577
NM_001366587.1	5756	5528.29	207.619	1.69012
NM_001366588.1	3729	3501.29	550.161	7.07137
NM_001366589.1	3726	3498.29	0.0353291	0.000454484
NM_001366590.1	5551	5323.29	3.43137	0.0290088
NM_001366591.1	5467	5239.29	80.5388	0.691791
NM_001366592.1	3639	3411.29	4.36683	0.0576089
NM_001366593.1	5554	5326.29	2.70461	0.0228519
NM_001366594.1	5464	5236.29	21.6139	0.18576
NM_001366595.1	3777	3549.29	1570.52	19.9134
NM_001366596.1	3795	3567.29	1.68185	0.0212173
NM_001366597.1	3885	3657.29	67.7856	0.834104
NM_001366598.1	5620	5392.29	0	0
NM_001366599.1	3859	3631.29	4.46263	0.055306
NM_001366600.1	3907	3679.29	14.3584	0.175624
NM_001366602.2	1340	1112.29	298.088	12.0606
NM_001366603.2	2745	2517.29	139.041	2.48571
NM_001366604.2	2769	2541.29	354.447	6.27681
NM_001366605.2	1188	960.293	1.2685	0.059447
NM_001366606.2	1222	994.293	72.4387	3.27868
NM_001366617.1	2326	2098.29	0	0
NM_001366618.1	2211	1983.29	14.4971	0.328954
NM_001366624.2	5286	5058.29	157.946	1.40523
NM_001366625.1	4292	4064.29	0	0
NM_001366626.1	4218	3990.29	0	0
NM_001366627.1	3257	3029.29	0	0
NM_001366628.1	3183	2955.29	0	0
NM_001366632.2	6729	6501.29	0	0
NM_001366633.2	6610	6382.29	0	0
NM_001366634.2	6450	6222.29	0	0
NM_001366636.2	6556	6328.29	0	0
NM_001366643.2	2459	2231.29	84.2001	1.69824
NM_001366644.2	6823	6595.29	0	0
NM_001366645.2	6301	6073.29	50.3099	0.372797
NM_001366646.2	6226	5998.29	267.902	2.00998
NM_001366647.2	2063	1835.29	53.5312	1.31264
NM_001366648.2	2108	1880.29	56.5475	1.35341
NM_001366649.2	1839	1611.29	300.539	8.39398
NM_001366650.1	7436	7208.29	0	0
NM_001366651.1	7241	7013.29	0	0
NM_001366652.1	7204	6976.29	0	0
NM_001366653.2	3773	3545.29	0	0
NM_001366654.2	3647	3419.29	0	0
NM_001366655.1	7381	7153.29	0	0
NM_001366656.2	3596	3368.29	0	0
NM_001366657.1	7345	7117.29	0	0
NM_001366658.2	3198	2970.29	0	0
NM_001366660.1	2161	1933.29	49.1221	1.14346
NM_001366661.1	5357	5129.29	2781.43	24.4036
NM_001366662.1	5243	5015.29	0	0
NM_001366664.2	2607	2379.29	149.569	2.82901
NM_001366665.1	2483	2255.29	0	0
NM_001366666.1	2388	2160.29	0	0
NM_001366673.1	5030	4802.29	3647.51	34.1814
NM_001366676.2	7670	7442.29	0	0
NM_001366677.2	7632	7404.29	0	0
NM_001366678.2	7739	7511.29	0	0
NM_001366679.2	7574	7346.29	0	0
NM_001366680.2	7538	7310.29	1.42901e-07	8.79718e-10
NM_001366681.2	7736	7508.29	0	0
NM_001366682.2	7667	7439.29	0	0
NM_001366683.2	7631	7403.29	4.41801e-08	2.68562e-10
NM_001366684.2	7700	7472.29	3.59418e-08	2.16466e-10
NM_001366686.3	6364	6136.29	237.861	1.74445
NM_001366687.1	1115	887.293	1.94197	0.0984957
NM_001366692.2	2956	2728.29	5	0.0824748
NM_001366704.2	10724	10496.3	11.2705	0.0483223
NM_001366712.1	5401	5173.29	0	0
NM_001366722.1	5147	4919.29	0	0
NM_001366723.1	4978	4750.29	0	0
NM_001366724.1	4981	4753.29	0	0
NM_001366725.1	2831	2603.29	337.995	5.84291
NM_001366726.1	1489	1261.29	41.625	1.48518
NM_001366735.2	5258	5030.29	81.5436	0.729523
NM_001366737.1	5023	4795.29	0	0
NM_001366760.2	1837	1609.29	0.000288546	8.06905e-06
NM_001366768.1	3803	3575.29	4.79729	0.0603847
NM_001366769.1	3892	3664.29	561.959	6.90171
NM_001366770.1	4745	4517.29	5.85944	0.0583741
NM_001366771.1	4015	3787.29	20.0177	0.237864
NM_001366772.1	3716	3488.29	0	0
NM_001366773.1	3664	3436.29	0	0
NM_001366779.1	4065	3837.29	49.5283	0.580859
NM_001366781.1	4198	3970.29	117.964	1.33711
NM_001366782.1	4026	3798.29	13.2109	0.156526
NM_001366783.2	4264	4036.29	586.316	6.5372
NM_001366784.1	4024	3796.29	9.83513	0.11659
NM_001366791.1	3325	3097.29	0	0
NM_001366795.1	2458	2230.29	0	0
NM_001366796.2	4326	4098.29	0	0
NM_001366803.2	2416	2188.29	0	0
NM_001366804.2	2658	2430.29	0	0
NM_001366805.2	2212	1984.29	0	0
NM_001366806.2	2424	2196.29	0	0
NM_001366836.3	2903	2675.29	0	0
NM_001366837.3	2980	2752.29	0	0
NM_001366838.3	27782	27554.3	0	0
NM_001366839.3	27679	27451.3	0	0
NM_001366840.1	2251	2023.29	0	0
NM_001366841.1	27190	26962.3	0.613942	0.00102474
NM_001366842.1	2347	2119.29	0	0
NM_001366843.1	7419	7191.29	0	0
NM_001366844.3	7750	7522.29	24.0424	0.143837
NM_001366845.3	10396	10168.3	2914.14	12.8975
NM_001366846.3	10135	9907.29	455.64	2.06971
NM_001366849.2	4518	4290.29	0	0
NM_001366850.2	10913	10685.3	0.0396381	0.000166943
NM_001366854.1	11325	11097.3	560.343	2.27237
NM_001366857.1	2171	1943.29	0	0
NM_001366867.1	7757	7529.29	0.0454279	0.000271526
NM_001366886.1	3023	2795.29	0	0
NM_001366887.1	2874	2646.29	0	0
NM_001366888.1	2728	2500.29	0	0
NM_001366889.1	3071	2843.29	0	0
NM_001366890.1	3254	3026.29	27.6416	0.41105
NM_001366891.1	2042	1814.29	3.00387	0.0745101
NM_001366892.1	2573	2345.29	21.46	0.41179
NM_001366893.1	2639	2411.29	107.905	2.01388
NM_001366899.1	4236	4008.29	5.07842	0.057018
NM_001366900.1	4212	3984.29	0	0
NM_001366901.1	1902	1674.29	0	0
NM_001366902.1	2026	1798.29	0.424444	0.0106219
NM_001366903.1	2026	1798.29	8.1472	0.203887
NM_001366904.1	3801	3573.29	0	0
NM_001366905.2	1584	1356.29	4	0.132724
NM_001366906.2	1688	1460.29	0	0
NM_001366907.1	1735	1507.29	0	0
NM_001366908.2	1821	1593.29	0	0
NM_001366909.1	1764	1536.29	0	0
NM_001366910.1	2298	2070.29	17.8956	0.389005
NM_001366918.1	1000	772.293	22.1258	1.28932
NM_001366919.1	1167	939.293	19.5222	0.93534
NM_001366920.1	1197	969.293	1	0.0464288
NM_001366934.1	3840	3612.29	0	0
NM_001366935.1	9943	9715.29	264.212	1.22388
NM_001366936.1	10180	9952.29	1115.37	5.04359
NM_001366937.1	10096	9868.29	328.407	1.49766
NM_001366938.1	9859	9631.29	73.0522	0.341343
NM_001366939.1	9875	9647.29	505.002	2.35575
NM_001366940.1	9791	9563.29	5.09116e-07	2.39581e-09
NM_001366975.1	2104	1876.29	0	0
NM_001366976.1	1469	1241.29	0	0
NM_001366977.1	1473	1245.29	0	0
NM_001366978.1	1584	1356.29	0	0
NM_001366979.1	1607	1379.29	0	0
NM_001366980.1	1603	1375.29	0	0
NM_001366993.1	720	492.802	1.99875	0.182528
NM_001366994.1	582	357.279	0	0
NM_001367064.3	5254	5026.29	0	0
NM_001367065.3	5312	5084.29	35.4183	0.313501
NM_001367069.1	1002	774.293	18.7771	1.09135
NM_001367070.1	1124	896.293	22.6301	1.13626
NM_001367071.1	973	745.293	41.2386	2.49011
NM_001367089.1	6753	6525.29	0	0
NM_001367172.2	2862	2634.29	7.43976	0.127098
NM_001367173.2	2890	2662.29	0.000791752	1.33837e-05
NM_001367174.2	2801	2573.29	0	0
NM_001367178.1	1920	1692.29	202.301	5.37979
NM_001367189.2	1733	1505.29	1.38356	0.0413638
NM_001367197.1	2543	2315.29	55.8357	1.0853
NM_001367204.1	3918	3690.29	17.6185	0.214857
NM_001367205.1	3903	3675.29	5.66005	0.0693059
NM_001367206.1	3845	3617.29	27.947	0.347691
NM_001367207.1	3842	3614.29	5.16411	0.0643005
NM_001367208.1	3842	3614.29	0	0
NM_001367209.1	3887	3659.29	0	0
NM_001367225.1	1244	1016.29	0	0
NM_001367232.3	4456	4228.29	53.1013	0.565174
NM_001367233.3	4431	4203.29	730.699	7.82332
NM_001367234.3	4251	4023.29	0	0
NM_001367236.3	4425	4197.29	0	0
NM_001367238.3	4218	3990.29	84.4764	0.952736
NM_001367239.3	4215	3987.29	0.565276	0.00638006
NM_001367240.3	4098	3870.29	98.8934	1.14992
NM_001367241.3	4095	3867.29	94.5858	1.10068
NM_001367242.2	6123	5895.29	4.36189	0.0332975
NM_001367243.3	3522	3294.29	0	0
NM_001367245.1	3050	2822.29	0	0
NM_001367246.1	2867	2639.29	0	0
NM_001367247.1	2720	2492.29	129.356	2.33577
NM_001367248.1	2646	2418.29	0	0
NM_001367249.1	2717	2489.29	0	0
NM_001367250.1	2717	2489.29	0	0
NM_001367251.1	2534	2306.29	0	0
NM_001367258.1	1943	1715.29	180.945	4.74734
NM_001367271.1	3898	3670.29	0	0
NM_001367272.1	3894	3666.29	6.64031	0.0815087
NM_001367278.1	2331	2103.29	9.28777	0.198726
NM_001367279.1	2250	2022.29	64.1027	1.42651
NM_001367280.1	2325	2097.29	250.749	5.38049
NM_001367281.1	2567	2339.29	4.03823	0.077687
NM_001367282.1	1313	1085.29	0	0
NM_001367286.1	5956	5728.29	103.948	0.816645
NM_001367287.1	6216	5988.29	382.107	2.8716
NM_001367289.1	4072	3844.29	1.31868	0.0154371
NM_001367290.1	4130	3902.29	0	0
NM_001367292.2	1718	1490.29	0	0
NM_001367314.1	6446	6218.29	226.227	1.63725
NM_001367321.1	4312	4084.29	96.1815	1.05978
NM_001367322.1	2551	2323.29	17.094	0.331118
NM_001367323.1	3280	3052.29	0	0
NM_001367327.1	2422	2194.29	0	0
NM_001367339.1	4719	4491.29	15.7541	0.157857
NM_001367340.1	4386	4158.29	4.35041e-06	4.70822e-08
NM_001367341.1	4481	4253.29	98.6649	1.04395
NM_001367342.1	4407	4179.29	0	0
NM_001367348.2	1035	807.293	0.5	0.0278728
NM_001367358.2	2741	2513.29	0	0
NM_001367359.2	2685	2457.29	0	0
NM_001367360.2	2584	2356.29	0	0
NM_001367361.2	2809	2581.29	0	0
NM_001367362.2	2640	2412.29	0	0
NM_001367363.2	2733	2505.29	3.53176	0.0634417
NM_001367364.2	2668	2440.29	1.3892	0.0256191
NM_001367365.2	1790	1562.29	0	0
NM_001367366.1	954	726.293	0	0
NM_001367386.2	2967	2739.29	110.55	1.81619
NM_001367388.2	2849	2621.29	241.247	4.14179
NM_001367389.2	2573	2345.29	18.5574	0.356092
NM_001367390.1	2238	2010.29	31.0583	0.69528
NM_001367393.1	4647	4419.29	0	0
NM_001367394.1	4384	4156.29	0	0
NM_001367395.1	4705	4477.29	55.8696	0.561568
NM_001367396.1	4417	4189.29	0	0
NM_001367397.1	4414	4186.29	9.5141e-07	1.02278e-08
NM_001367398.1	4667	4439.29	0	0
NM_001367399.1	4328	4100.29	0	0
NM_001367400.1	4507	4279.29	0	0
NM_001367401.1	4492	4264.29	84.0031	0.886524
NM_001367402.1	4582	4354.29	0	0
NM_001367403.1	4570	4342.29	0	0
NM_001367404.1	4483	4255.29	35.7741	0.378339
NM_001367405.1	4693	4465.29	0	0
NM_001367406.1	4472	4244.29	5.61553e-06	5.95425e-08
NM_001367407.1	4682	4454.29	32.7355	0.330737
NM_001367408.1	4426	4198.29	0	0
NM_001367409.1	4535	4307.29	25.0111	0.261319
NM_001367410.1	4532	4304.29	21.4979	0.224769
NM_001367411.1	4598	4370.29	114.154	1.1755
NM_001367412.1	4739	4511.29	72.9439	0.727663
NM_001367413.1	4340	4112.29	0	0
NM_001367414.1	4649	4421.29	0	0
NM_001367415.1	4303	4075.29	0	0
NM_001367416.1	4243	4015.29	0	0
NM_001367418.2	7810	7582.29	0	0
NM_001367419.2	7822	7594.29	0	0
NM_001367420.2	7894	7666.29	0	0
NM_001367421.2	8136	7908.29	0	0
NM_001367422.1	1987	1759.29	0	0
NM_001367423.1	1900	1672.29	0	0
NM_001367424.1	1883	1655.29	0	0
NM_001367425.1	1794	1566.29	0	0
NM_001367426.1	1989	1761.29	0	0
NM_001367447.1	7351	7123.29	3229.01	20.4
NM_001367448.1	7120	6892.29	0	0
NM_001367449.1	7166	6938.29	46.6654	0.30268
NM_001367450.1	7491	7263.29	85.2656	0.528302
NM_001367451.1	7090	6862.29	3453.4	22.6475
NM_001367452.1	6839	6611.29	0	0
NM_001367453.1	7288	7060.29	691.12	4.40527
NM_001367454.1	7264	7036.29	30.8306	0.197188
NM_001367455.1	6261	6033.29	1627.37	12.1388
NM_001367459.1	2188	1960.29	0	0
NM_001367460.1	2152	1924.29	0	0
NM_001367461.1	2017	1789.29	0	0
NM_001367462.1	1628	1400.29	0	0
NM_001367466.1	5432	5204.29	0.275006	0.00237806
NM_001367468.1	5293	5065.29	0	0
NM_001367469.1	4712	4484.29	66.9599	0.67199
NM_001367470.1	4968	4740.29	0	0
NM_001367471.1	4979	4751.29	370.408	3.50841
NM_001367473.1	3453	3225.29	2.99997	0.0418591
NM_001367474.1	3480	3252.29	3.26156e-05	4.51313e-07
NM_001367479.1	14065	13837.3	0	0
NM_001367481.1	1160	932.293	54.7429	2.64252
NM_001367482.1	5042	4814.29	0	0
NM_001367484.1	2870	2642.29	52.7791	0.898925
NM_001367485.1	1359	1131.29	30.4498	1.2113
NM_001367486.1	1323	1095.29	54.4559	2.23747
NM_001367487.1	1499	1271.29	4.21491	0.149206
NM_001367488.1	1401	1173.29	107.993	4.14219
NM_001367493.1	6735	6507.29	0	0
NM_001367495.1	7419	7191.29	14.4441	0.090391
NM_001367496.1	4761	4533.29	45.3094	0.449798
NM_001367497.1	7365	7137.29	158.637	1.00026
NM_001367498.1	11219	10991.3	0	0
NM_001367501.1	4891	4663.29	0	0
NM_001367502.1	5082	4854.29	48.916	0.453489
NM_001367507.1	5238	5010.29	0	0
NM_001367508.1	2254	2026.29	245.902	5.46137
NM_001367509.1	2318	2090.29	550.694	11.8562
NM_001367510.1	2105	1877.29	322.373	7.72803
NM_001367514.1	2664	2436.29	0	0
NM_001367516.1	3597	3369.29	0	0
NM_001367517.1	3659	3431.29	0	0
NM_001367518.1	3746	3518.29	30.2213	0.386565
NM_001367519.1	2538	2310.29	0	0
NM_001367520.1	2646	2418.29	0	0
NM_001367521.1	2637	2409.29	0	0
NM_001367522.1	2652	2424.29	0	0
NM_001367523.1	2601	2373.29	0	0
NM_001367524.1	2660	2432.29	0	0
NM_001367525.1	3758	3530.29	7.29072	0.0929398
NM_001367526.1	2747	2519.29	39.3731	0.703337
NM_001367527.1	3776	3548.29	0	0
NM_001367528.1	2619	2391.29	0	0
NM_001367529.1	2574	2346.29	0	0
NM_001367530.1	3632	3404.29	0	0
NM_001367531.1	3701	3473.29	9.62522	0.124713
NM_001367532.1	3644	3416.29	46.9828	0.618908
NM_001367533.1	3740	3512.29	91.3313	1.17023
NM_001367534.1	3878	3650.29	0	0
NM_001367535.1	2660	2432.29	9.49881	0.17575
NM_001367536.1	3719	3491.29	10.086	0.13001
NM_001367537.1	3592	3364.29	5.13955	0.0687502
NM_001367538.1	2384	2156.29	3.22008	0.067205
NM_001367539.1	3727	3499.29	5.91887e-06	7.61203e-08
NM_001367540.1	2410	2182.29	16.3569	0.337311
NM_001367541.1	2505	2277.29	17.3774	0.343406
NM_001367542.1	3979	3751.29	0	0
NM_001367543.1	3764	3536.29	0	0
NM_001367544.1	3845	3617.29	0.749693	0.009327
NM_001367545.1	3713	3485.29	13.2276	0.170799
NM_001367546.1	3809	3581.29	0	0
NM_001367547.1	3809	3581.29	0	0
NM_001367548.1	3836	3608.29	0	0
NM_001367549.1	7538	7310.29	3834.95	23.6084
NM_001367550.1	10335	10107.3	0	0
NM_001367551.1	1057	829.293	0	0
NM_001367552.1	3212	2984.29	204.282	3.08058
NM_001367553.1	742	514.753	0	0
NM_001367554.1	836	608.427	0	0
NM_001367555.1	752	524.701	15.2702	1.30971
NM_001367561.1	7233	7005.29	2.31007	0.0148402
NM_001367562.3	2553	2325.29	0	0
NM_001367567.1	3695	3467.29	24.0139	0.311684
NM_001367568.1	3700	3472.29	0	0
NM_001367569.1	3649	3421.29	1304.37	17.1574
NM_001367570.1	3746	3518.29	0	0
NM_001367572.1	2642	2414.29	0.00560197	0.000104422
NM_001367573.1	2719	2491.29	6.09592	0.110118
NM_001367574.1	2775	2547.29	12.4233	0.219483
NM_001367575.1	2805	2577.29	3.8085e-07	6.65017e-09
NM_001367576.1	2615	2387.29	0	0
NM_001367577.1	2641	2413.29	6.5384	0.121928
NM_001367580.1	5404	5176.29	206.765	1.79763
NM_001367581.1	4705	4477.29	30.9032	0.310621
NM_001367582.1	4071	3843.29	125.817	1.47325
NM_001367600.2	5997	5769.29	0	0
NM_001367601.1	1827	1599.29	0	0
NM_001367602.2	6181	5953.29	0	0
NM_001367603.1	1663	1435.29	1.41871	0.044483
NM_001367607.2	5335	5107.29	3.41098	0.0300559
NM_001367609.1	4135	3907.29	25.75	0.296581
NM_001367610.1	6098	5870.29	7.01637	0.0537892
NM_001367611.1	3365	3137.29	0	0
NM_001367612.1	3378	3150.29	0	0
NM_001367613.1	3376	3148.29	0	0
NM_001367614.1	3420	3192.29	0	0
NM_001367617.1	3410	3182.29	0	0
NM_001367618.1	3554	3326.29	39.3771	0.532753
NM_001367619.1	3588	3360.29	0	0
NM_001367620.2	3071	2843.29	0	0
NM_001367621.1	2893	2665.29	0	0
NM_001367622.1	4093	3865.29	137.68	1.60299
NM_001367623.3	5273	5045.29	0	0
NM_001367624.2	13770	13542.3	2385.9	7.92871
NM_001367633.1	4012	3784.29	0	0
NM_001367634.1	4352	4124.29	7.54709	0.0823516
NM_001367635.1	4118	3890.29	0	0
NM_001367636.1	4212	3984.29	0.763113	0.00861945
NM_001367637.1	1032	804.293	37.5763	2.10253
NM_001367638.1	4120	3892.29	0	0
NM_001367639.1	3834	3606.29	0	0
NM_001367640.1	4192	3964.29	0.00721158	8.18666e-05
NM_001367641.1	4294	4066.29	1152.84	12.7589
NM_001367642.1	3997	3769.29	0	0
NM_001367643.1	4204	3976.29	0	0
NM_001367644.1	3996	3768.29	0	0
NM_001367645.1	4113	3885.29	20.1876	0.233832
NM_001367646.1	4194	3966.29	13.1708	0.149441
NM_001367647.1	4014	3786.29	0	0
NM_001367648.1	3927	3699.29	0	0
NM_001367649.1	4110	3882.29	0	0
NM_001367650.1	13615	13387.3	0	0
NM_001367651.1	4450	4222.29	0	0
NM_001367652.1	13546	13318.3	0	0
NM_001367653.1	3919	3691.29	0	0
NM_001367654.1	13333	13105.3	0	0
NM_001367655.1	4275	4047.29	9.65847e-05	1.07396e-06
NM_001367656.1	14213	13985.3	0	0
NM_001367657.1	13506	13278.3	0	0
NM_001367658.1	3962	3734.29	0	0
NM_001367659.1	13719	13491.3	0	0
NM_001367660.1	3882	3654.29	0	0
NM_001367661.1	14386	14158.3	0	0
NM_001367662.1	3819	3591.29	0.0231653	0.000290288
NM_001367663.1	14382	14154.3	0	0
NM_001367664.1	4123	3895.29	0	0
NM_001367665.1	3916	3688.29	0.211905	0.00258558
NM_001367666.1	4308	4080.29	208.01	2.29422
NM_001367667.1	3933	3705.29	0	0
NM_001367668.1	4107	3879.29	0	0
NM_001367669.1	4039	3811.29	41.0275	0.484446
NM_001367670.1	3915	3687.29	0	0
NM_001367671.1	3912	3684.29	7.76818	0.0948871
NM_001367672.1	3979	3751.29	0	0
NM_001367673.1	4197	3969.29	101.882	1.15511
NM_001367674.1	4210	3982.29	219.104	2.47604
NM_001367675.1	4162	3934.29	2.09548e-05	2.39695e-07
NM_001367676.1	4195	3967.29	58.7774	0.666743
NM_001367677.1	4318	4090.29	244.87	2.69416
NM_001367678.1	4402	4174.29	1071.4	11.5508
NM_001367679.1	4023	3795.29	0	0
NM_001367680.1	3999	3771.29	0	0
NM_001367681.1	4113	3885.29	31.981	0.370434
NM_001367682.1	4201	3973.29	10.1499	0.114961
NM_001367683.1	4096	3868.29	0	0
NM_001367684.1	4224	3996.29	36.0708	0.406201
NM_001367685.1	4030	3802.29	0	0
NM_001367686.1	3897	3669.29	0	0
NM_001367687.1	2509	2281.29	12.6453	0.249454
NM_001367688.1	4093	3865.29	0	0
NM_001367689.1	4026	3798.29	0	0
NM_001367690.1	4303	4075.29	0	0
NM_001367691.1	4305	4077.29	101.055	1.11539
NM_001367692.1	4321	4093.29	231.438	2.54451
NM_001367693.1	4114	3886.29	0	0
NM_001367694.1	4009	3781.29	49.1369	0.584803
NM_001367695.1	3934	3706.29	26.3053	0.319408
NM_001367696.1	4090	3862.29	0	0
NM_001367697.1	4207	3979.29	0	0
NM_001367698.1	4291	4063.29	161.621	1.79004
NM_001367699.1	4309	4081.29	10.7535	0.118576
NM_001367700.1	4222	3994.29	0	0
NM_001367701.1	3966	3738.29	0	0
NM_001367702.1	4019	3791.29	0	0
NM_001367703.1	4312	4084.29	22.745	0.250617
NM_001367704.1	4024	3796.29	0	0
NM_001367705.1	4405	4177.29	2125.09	22.8941
NM_001367706.1	4104	3876.29	0.663371	0.00770162
NM_001367708.1	3841	3613.29	0	0
NM_001367709.1	12813	12585.3	0.000599176	2.14256e-06
NM_001367710.1	7809	7581.29	822.603	4.88303
NM_001367711.1	4664	4436.29	0	0
NM_001367713.1	6423	6195.29	3017.7	21.9208
NM_001367714.1	6540	6312.29	50.4134	0.359419
NM_001367715.1	6222	5994.29	263.607	1.97907
NM_001367716.1	6324	6096.29	97.6176	0.720617
NM_001367717.1	6574	6346.29	0	0
NM_001367718.1	7082	6854.29	377.671	2.47967
NM_001367719.1	6501	6273.29	139.846	1.00322
NM_001367720.2	4127	3899.29	2.22486	0.0256778
NM_001367721.1	8833	8605.29	0	0
NM_001367722.1	3566	3338.29	0	0
NM_001367723.1	4097	3869.29	38.3555	0.446106
NM_001367724.1	3761	3533.29	0	0
NM_001367725.1	3872	3644.29	52.3582	0.646568
NM_001367726.1	4138	3910.29	0	0
NM_001367727.1	4013	3785.29	90.0476	1.07057
NM_001367728.1	3733	3505.29	20.0963	0.258008
NM_001367729.1	3766	3538.29	69.896	0.888999
NM_001367730.1	3824	3596.29	69.9144	0.874891
NM_001367731.1	3976	3748.29	109.072	1.30955
NM_001367732.1	3905	3677.29	75.9218	0.929139
NM_001367733.1	3847	3619.29	0	0
NM_001367734.1	3723	3495.29	0	0
NM_001367735.1	4073	3845.29	325.916	3.81433
NM_001367736.1	3862	3634.29	61.1957	0.75778
NM_001367737.1	3817	3589.29	0	0
NM_001367738.1	3850	3622.29	0	0
NM_001367739.1	3736	3508.29	388.793	4.98729
NM_001367740.1	4600	4372.29	81.8299	0.842258
NM_001367741.1	3850	3622.29	1.50281	0.0186708
NM_001367742.1	3850	3622.29	139.144	1.72871
NM_001367743.1	4065	3837.29	100.562	1.17937
NM_001367744.1	3870	3642.29	0.301031	0.00371945
NM_001367745.1	3570	3342.29	0	0
NM_001367746.1	4372	4144.29	52.2075	0.566924
NM_001367747.1	3540	3312.29	30.8968	0.419784
NM_001367748.1	3537	3309.29	0	0
NM_001367749.1	3121	2893.29	0	0
NM_001367750.1	3288	3060.29	0	0
NM_001367751.1	3849	3621.29	50.4695	0.627202
NM_001367752.1	3821	3593.29	0	0
NM_001367753.1	3484	3256.29	41.4266	0.57253
NM_001367754.1	3737	3509.29	61.9048	0.793866
NM_001367755.1	4781	4553.29	284.819	2.81505
NM_001367756.1	3502	3274.29	0	0
NM_001367757.1	6420	6192.29	1188	8.6339
NM_001367759.1	5287	5059.29	18.3445	0.163177
NM_001367760.1	5224	4996.29	59.15	0.532781
NM_001367761.1	1734	1506.29	23.8461	0.712442
NM_001367762.1	2214	1986.29	0	0
NM_001367763.1	2250	2022.29	0	0
NM_001367764.1	3901	3673.29	37.9596	0.465059
NM_001367765.1	2352	2124.29	0	0
NM_001367766.1	1972	1744.29	23.1063	0.596147
NM_001367767.2	6095	5867.29	0	0
NM_001367768.3	6015	5787.29	0	0
NM_001367770.1	3389	3161.29	0	0
NM_001367773.1	5902	5674.29	4.37432e-05	3.4693e-07
NM_001367774.2	6769	6541.29	13.0126	0.0895249
NM_001367780.1	8265	8037.29	0	0
NM_001367781.1	8154	7926.29	0	0
NM_001367783.1	15100	14872.3	90.2672	0.273146
NM_001367788.1	2445	2217.29	0	0
NM_001367789.2	1096	868.293	0	0
NM_001367790.1	3057	2829.29	0	0
NM_001367791.1	2801	2573.29	0	0
NM_001367792.1	2980	2752.29	0	0
NM_001367793.1	2726	2498.29	0	0
NM_001367794.1	1865	1637.29	0	0
NM_001367795.1	1935	1707.29	0	0
NM_001367796.1	2175	1947.29	0	0
NM_001367797.1	2489	2261.29	0	0
NM_001367799.1	6052	5824.29	806.071	6.22834
NM_001367801.1	3705	3477.29	0	0
NM_001367804.2	3538	3310.29	107.458	1.46087
NM_001367805.3	3660	3432.29	2832.9	37.144
NM_001367806.1	8861	8633.29	517.889	2.69962
NM_001367807.1	904	676.361	3.68492	0.245184
NM_001367808.1	2447	2219.29	4.31508	0.0875017
NM_001367809.1	2539	2311.29	0	0
NM_001367810.1	5945	5717.29	41.6371	0.327743
NM_001367811.1	2889	2661.29	6.8444	0.11574
NM_001367812.1	3019	2791.29	0	0
NM_001367813.1	3301	3073.29	2.41562	0.0353726
NM_001367814.1	1576	1348.29	0	0
NM_001367815.1	2833	2605.29	0	0
NM_001367816.1	930	702.293	2.32207	0.148799
NM_001367817.1	1212	984.293	12.9924	0.594029
NM_001367818.1	944	716.293	0	0
NM_001367819.1	2828	2600.29	1.68551	0.0291711
NM_001367820.1	1517	1289.29	0	0
NM_001367821.1	2294	2066.29	3.5392	0.0770824
NM_001367822.1	1542	1314.29	0	0
NM_001367823.1	6681	6453.29	0	0
NM_001367824.1	5557	5329.29	608.799	5.14099
NM_001367828.2	3216	2988.29	219.911	3.31181
NM_001367830.1	6535	6307.29	319.835	2.28205
NM_001367832.1	788	560.487	2438.32	195.78
NM_001367834.3	4731	4503.29	90.1399	0.900802
NM_001367835.1	12740	12512.3	2277.55	8.19169
NM_001367836.1	2822	2594.29	6.75946	0.117256
NM_001367837.2	2216	1988.29	137.768	3.11824
NM_001367838.1	2547	2319.29	700.788	13.598
NM_001367841.1	4440	4212.29	7.31061	0.0781047
NM_001367842.1	1025	797.293	0.0136458	0.000770233
NM_001367843.1	1025	797.293	0	0
NM_001367844.1	1007	779.293	0	0
NM_001367845.1	1041	813.293	0	0
NM_001367846.1	1098	870.293	0	0
NM_001367847.1	1040	812.293	0	0
NM_001367848.1	1062	834.293	0	0
NM_001367849.1	1019	791.293	13.7996	0.78482
NM_001367850.1	1008	780.293	0	0
NM_001367851.1	976	748.293	0	0
NM_001367852.1	960	732.293	0	0
NM_001367854.1	2091	1863.29	0	0
NM_001367856.1	4836	4608.29	185.672	1.81321
NM_001367857.2	2821	2593.29	0	0
NM_001367858.2	3225	2997.29	0	0
NM_001367860.1	5926	5698.29	75.2166	0.594034
NM_001367861.1	749	521.701	1.6027	0.138253
NM_001367862.1	752	524.701	0	0
NM_001367863.1	5714	5486.29	0	0
NM_001367864.1	5717	5489.29	0	0
NM_001367865.1	4926	4698.29	0	0
NM_001367866.1	6030	5802.29	31.5211	0.24448
NM_001367867.2	418	206.92	0.420663	0.0914901
NM_001367868.2	6502	6274.29	0	0
NM_001367871.1	4839	4611.29	300.177	2.92953
NM_001367872.1	9037	8809.29	0	0
NM_001367873.1	9304	9076.29	0	0
NM_001367875.2	9032	8804.29	1042.85	5.33054
NM_001367885.1	9971	9743.29	35.9999	0.166279
NM_001367886.1	3832	3604.29	0	0
NM_001367890.1	5957	5729.29	0	0
NM_001367891.1	6245	6017.29	30.9107	0.23118
NM_001367892.1	6251	6023.29	0	0
NM_001367893.1	6278	6050.29	0	0
NM_001367894.1	5918	5690.29	0	0
NM_001367895.1	5826	5598.29	4.44259e-05	3.57127e-07
NM_001367896.1	5861	5633.29	54.1603	0.432674
NM_001367897.1	5873	5645.29	0	0
NM_001367898.1	5993	5765.29	21.1548	0.165131
NM_001367899.1	6005	5777.29	0	0
NM_001367904.1	3490	3262.29	0	0
NM_001367905.1	1680	1452.29	1	0.0309876
NM_001367906.1	2646	2418.29	0	0
NM_001367909.1	8543	8315.29	0.00138741	7.5088e-06
NM_001367910.1	8636	8408.29	9.77803	0.0523342
NM_001367911.1	8422	8194.29	130.791	0.718305
NM_001367912.2	1986	1758.29	0	0
NM_001367915.1	2175	1947.29	0	0
NM_001367916.1	4506	4278.29	318.454	3.3498
NM_001367917.1	2159	1931.29	0	0
NM_001367918.1	2530	2302.29	0	0
NM_001367919.2	2527	2299.29	0	0
NM_001367934.1	6006	5778.29	0	0
NM_001367940.2	1896	1668.29	22.2304	0.599676
NM_001367941.2	2335	2107.29	0	0
NM_001367943.1	4076	3848.29	92.8144	1.0854
NM_001367945.1	8456	8228.29	0	0
NM_001367947.1	5571	5343.29	249.501	2.10138
NM_001367949.2	19504	19276.3	266.895	0.623101
NM_001367953.1	4860	4632.29	0	0
NM_001367956.1	1379	1151.29	0	0
NM_001367963.1	2334	2106.29	0	0
NM_001367966.1	1394	1166.29	0	0
NM_001367967.1	1359	1131.29	0	0
NM_001367968.1	1465	1237.29	0	0
NM_001367969.2	1621	1393.29	0	0
NM_001367971.1	6294	6066.29	917.854	6.80915
NM_001367972.1	6300	6072.29	417.842	3.09672
NM_001367973.1	3827	3599.29	0	0
NM_001367974.1	1095	867.293	0	0
NM_001367975.1	1242	1014.29	0	0
NM_001367976.1	1441	1213.29	0	0
NM_001367977.2	4727	4499.29	23.5536	0.235589
NM_001367979.1	7289	7061.29	0	0
NM_001367981.1	3526	3298.29	0	0
NM_001367982.1	2357	2129.29	9.88621	0.208947
NM_001367983.1	3411	3183.29	0	0
NM_001367984.1	3402	3174.29	0	0
NM_001367985.1	3381	3153.29	13.8337	0.197431
NM_001367986.1	3321	3093.29	0	0
NM_001367987.1	3078	2850.29	0	0
NM_001367988.1	3003	2775.29	0	0
NM_001367989.1	3416	3188.29	25.1089	0.354415
NM_001367990.1	7131	6903.29	617.164	4.02334
NM_001367993.1	3934	3706.29	0	0
NM_001367994.1	3954	3726.29	8.62088	0.104116
NM_001367996.1	1057	829.293	33.8769	1.83839
NM_001368007.2	2487	2259.29	0	0
NM_001368008.1	3044	2816.29	18.8032	0.300466
NM_001368037.1	3048	2820.29	48.112	0.767717
NM_001368038.1	2995	2767.29	0.0446693	0.000726434
NM_001368039.1	2849	2621.29	0	0
NM_001368040.1	2796	2568.29	0	0
NM_001368041.1	2826	2598.29	71.3284	1.23543
NM_001368042.1	2507	2279.29	0	0
NM_001368046.1	4255	4027.29	0	0
NM_001368048.1	4961	4733.29	85.6329	0.814178
NM_001368051.1	4093	3865.29	0	0
NM_001368052.1	3115	2887.29	1.45838e-05	2.27312e-07
NM_001368053.1	3113	2885.29	0	0
NM_001368054.1	3722	3494.29	0	0
NM_001368055.1	4035	3807.29	0	0
NM_001368056.1	2986	2758.29	0	0
NM_001368057.1	6015	5787.29	0	0
NM_001368058.1	6040	5812.29	3.70116	0.0286571
NM_001368059.1	5979	5751.29	7.96164	0.0622988
NM_001368060.1	6004	5776.29	7.14138	0.0556385
NM_001368061.1	5925	5697.29	14.7031	0.11614
NM_001368062.3	10859	10631.3	0	0
NM_001368063.1	1753	1525.29	0	0
NM_001368064.1	5175	4947.29	0	0
NM_001368065.1	5174	4946.29	0	0
NM_001368066.1	5222	4994.29	10.2399	0.0922705
NM_001368067.1	1611	1383.29	0	0
NM_001368068.1	1612	1384.29	0	0
NM_001368071.2	5774	5546.29	0	0
NM_001368072.2	5685	5457.29	0	0
NM_001368073.2	10851	10623.3	3.86137e-08	1.63578e-10
NM_001368074.1	10385	10157.3	1.20303e-05	5.33018e-08
NM_001368078.2	5256	5028.29	0	0
NM_001368080.2	5244	5016.29	0	0
NM_001368089.1	1956	1728.29	0	0
NM_001368090.1	1887	1659.29	0	0
NM_001368095.1	6108	5880.29	237.352	1.8165
NM_001368096.1	6067	5839.29	39.1234	0.301522
NM_001368116.1	3049	2821.29	0	0
NM_001368117.1	3206	2978.29	171.843	2.5966
NM_001368118.1	2834	2606.29	159.555	2.75504
NM_001368119.1	2511	2283.29	0	0
NM_001368120.1	1577	1349.29	2179.1	72.6798
NM_001368123.1	2206	1978.29	0	0
NM_001368124.1	7797	7569.29	0	0
NM_001368125.1	3437	3209.29	0	0
NM_001368126.1	3437	3209.29	166.564	2.33568
NM_001368127.1	2836	2608.29	0	0
NM_001368128.3	760	532.648	0	0
NM_001368129.2	3290	3062.29	19.0798	0.280394
NM_001368130.1	905	677.361	0	0
NM_001368131.1	3082	2854.29	0	0
NM_001368132.1	3001	2773.29	0	0
NM_001368133.1	4943	4715.29	0	0
NM_001368134.1	5946	5718.29	188.486	1.48339
NM_001368135.1	5859	5631.29	2.55157e-06	2.03911e-08
NM_001368136.1	8519	8291.29	1193.33	6.4771
NM_001368137.1	8576	8348.29	0	0
NM_001368138.1	8531	8303.29	0	0
NM_001368139.1	2592	2364.29	17.6858	0.336639
NM_001368140.1	2474	2246.29	92.2916	1.849
NM_001368142.2	2276	2048.29	0	0
NM_001368143.2	2023	1795.29	0	0
NM_001368144.2	1933	1705.29	0	0
NM_001368145.1	9517	9289.29	7.32885e-05	3.55055e-07
NM_001368146.1	9511	9283.29	0	0
NM_001368158.1	1751	1523.29	0	0
NM_001368160.2	1300	1072.29	0	0
NM_001368163.3	1266	1038.29	0	0
NM_001368164.1	848	620.427	0	0
NM_001368165.1	2695	2467.29	0	0
NM_001368166.1	2863	2635.29	0	0
NM_001368167.1	2829	2601.29	0	0
NM_001368168.1	2906	2678.29	0	0
NM_001368170.1	2198	1970.29	0	0
NM_001368171.1	1845	1617.29	0	0
NM_001368172.1	1219	991.293	0	0
NM_001368173.1	1042	814.293	0	0
NM_001368174.1	2123	1895.29	0	0
NM_001368175.1	2392	2164.29	0	0
NM_001368197.1	5637	5409.29	8.78296	0.0730706
NM_001368231.2	1461	1233.29	0	0
NM_001368237.2	1476	1248.29	5.0651e-05	1.82605e-06
NM_001368238.1	3188	2960.29	1613.5	24.5288
NM_001368245.1	964	736.293	17.7119	1.08257
NM_001368246.1	817	589.487	16.8321	1.28501
NM_001368250.2	2048	1820.29	9	0.222507
NM_001368251.2	1614	1386.29	0	0
NM_001368253.1	1661	1433.29	0	0
NM_001368254.1	1892	1664.29	0	0
NM_001368263.1	4715	4487.29	125.934	1.26299
NM_001368265.1	2775	2547.29	0	0
NM_001368272.1	2916	2688.29	35.9218	0.601344
NM_001368273.1	2928	2700.29	53.3127	0.888509
NM_001368275.1	1714	1486.29	8.56817	0.259433
NM_001368282.1	4330	4102.29	102.05	1.11951
NM_001368300.2	4784	4556.29	3.00571	0.0296878
NM_001368301.1	617	391.417	109.186	12.5537
NM_001368302.1	4373	4145.29	140.192	1.52199
NM_001368307.2	989	761.293	0	0
NM_001368318.1	2471	2243.29	0	0
NM_001368319.1	3103	2875.29	323.68	5.06612
NM_001368324.2	7013	6785.29	208.536	1.3831
NM_001368368.1	457	240.449	0	0
NM_001368369.1	514	292.795	0	0
NM_001368395.3	8445	8217.29	0	0
NM_001368396.3	8459	8231.29	0	0
NM_001368397.1	8453	8225.29	0	0
NM_001368398.3	8450	8222.29	0	0
NM_001368399.3	8269	8041.29	0	0
NM_001368400.3	7953	7725.29	37.1009	0.216128
NM_001368401.1	8555	8327.29	96.591	0.522006
NM_001368402.3	8050	7822.29	2.30793	0.0132779
NM_001368707.1	2986	2758.29	112.899	1.842
NM_001368708.1	2986	2758.29	69.0274	1.12622
NM_001368709.1	3017	2789.29	7.76346e-05	1.25257e-06
NM_001368710.1	3017	2789.29	0.000186285	3.00556e-06
NM_001368719.1	14636	14408.3	217.338	0.678836
NM_001368769.2	3518	3290.29	0	0
NM_001368771.2	3303	3075.29	0	0
NM_001368772.2	1658	1430.29	0	0
NM_001368809.2	4081	3853.29	712.297	8.319
NM_001368865.1	8642	8414.29	0	0
NM_001368866.1	8615	8387.29	0.908258	0.00487337
NM_001368882.1	3148	2920.29	0	0
NM_001368883.1	3016	2788.29	17.8746	0.288496
NM_001368884.1	2962	2734.29	117.978	1.94178
NM_001368885.1	2917	2689.29	49.8184	0.833669
NM_001368886.1	3048	2820.29	85.0589	1.35727
NM_001368887.2	2724	2496.29	0	0
NM_001368888.2	2604	2376.29	0	0
NM_001368889.2	2359	2131.29	0	0
NM_001368890.2	2642	2414.29	0	0
NM_001368891.2	2638	2410.29	0	0
NM_001368892.2	2641	2413.29	0	0
NM_001368893.2	2715	2487.29	0	0
NM_001368894.2	2743	2515.29	0	0
NM_001368895.1	2935	2707.29	72.5269	1.20561
NM_001368896.1	2848	2620.29	172.57	2.96387
NM_001368897.1	2839	2611.29	0	0
NM_001368898.1	2821	2593.29	0	0
NM_001368899.2	2443	2215.29	0	0
NM_001368900.2	2485	2257.29	0	0
NM_001368901.2	2275	2047.29	0	0
NM_001368902.2	3337	3109.29	0	0
NM_001368903.2	3048	2820.29	0	0
NM_001368904.2	2468	2240.29	0	0
NM_001368905.2	2972	2744.29	0	0
NM_001368906.2	2923	2695.29	0	0
NM_001368907.2	3006	2778.29	0	0
NM_001368908.2	2393	2165.29	0	0
NM_001368909.2	2330	2102.29	0	0
NM_001368910.2	2844	2616.29	0	0
NM_001368911.2	2352	2124.29	0	0
NM_001368912.2	2592	2364.29	0	0
NM_001368913.2	2490	2262.29	0	0
NM_001368914.2	2494	2266.29	0	0
NM_001368915.2	2573	2345.29	0	0
NM_001368916.2	2448	2220.29	0	0
NM_001368917.2	2550	2322.29	0	0
NM_001368918.2	2716	2488.29	0	0
NM_001368919.2	2763	2535.29	0	0
NM_001368920.2	2674	2446.29	0	0
NM_001368921.2	2336	2108.29	0	0
NM_001368922.2	2544	2316.29	0	0
NM_001368923.2	2487	2259.29	0	0
NM_001368924.2	2479	2251.29	0	0
NM_001368925.2	2440	2212.29	0	0
NM_001368926.2	2444	2216.29	0	0
NM_001368927.2	2542	2314.29	0	0
NM_001368928.2	2398	2170.29	0	0
NM_001368929.2	2897	2669.29	0	0
NM_001368930.2	1777	1549.29	0	0
NM_001368954.1	4987	4759.29	11.1297	0.105241
NM_001368990.1	526	304.007	0	0
NM_001368994.1	2062	1834.29	11.168	0.274
NM_001368995.1	2036	1808.29	0	0
NM_001368996.1	2013	1785.29	0	0
NM_001368997.1	2232	2004.29	0.00219971	4.93908e-05
NM_001368998.1	2028	1800.29	24.0529	0.601266
NM_001368999.1	2268	2040.29	0.000643979	1.42043e-05
NM_001369.3	15781	15553.3	10.276	0.0297334
NM_001369000.1	2070	1842.29	1.23764e-05	3.02328e-07
NM_001369001.1	1851	1623.29	0	0
NM_001369002.1	2031	1803.29	0	0
NM_001369003.1	2227	1999.29	0	0
NM_001369004.1	1930	1702.29	73.3884	1.94015
NM_001369005.1	2078	1850.29	71.3921	1.73641
NM_001369006.1	2008	1780.29	30.2218	0.763961
NM_001369007.1	3501	3273.29	23.5501	0.32378
NM_001369008.1	4018	3790.29	82.0427	0.974113
NM_001369020.1	1192	964.293	1	0.0466695
NM_001369025.2	4833	4605.29	0	0
NM_001369030.1	5179	4951.29	11.4567	0.104132
NM_001369031.1	5175	4947.29	4.35301	0.0395972
NM_001369032.1	5419	5191.29	29.9765	0.259865
NM_001369033.1	5412	5184.29	189.866	1.64816
NM_001369034.1	5168	4940.29	32.9572	0.30022
NM_001369035.1	4806	4578.29	14.16	0.139188
NM_001369036.1	5490	5262.29	20.2712	0.173359
NM_001369037.1	5375	5147.29	0	0
NM_001369038.1	4708	4480.29	26.1321	0.262488
NM_001369039.1	4999	4771.29	0	0
NM_001369040.1	4995	4767.29	0	0
NM_001369041.1	4674	4446.29	0.701814	0.0071034
NM_001369042.1	5555	5327.29	0	0
NM_001369043.1	4535	4307.29	0	0
NM_001369044.1	4562	4334.29	14.0324	0.145699
NM_001369045.1	5315	5087.29	9.40483	0.0831967
NM_001369057.2	1821	1593.29	0	0
NM_001369079.1	1909	1681.29	16.06	0.429877
NM_001369080.1	2195	1967.29	0	0
NM_001369085.1	2920	2692.29	0	0
NM_001369086.1	2841	2613.29	0	0
NM_001369087.1	2676	2448.29	21.3979	0.393324
NM_001369088.1	2781	2553.29	1.88549	0.0332327
NM_001369089.1	2786	2558.29	0.0532586	0.000936875
NM_001369090.1	2597	2369.29	91.8851	1.74529
NM_001369091.1	2702	2474.29	8.29747	0.150917
NM_001369092.1	2707	2479.29	0.227381	0.00412733
NM_001369093.1	2584	2356.29	37.5514	0.717198
NM_001369094.1	2589	2361.29	0.914989	0.0174385
NM_001369095.1	2499	2271.29	0	0
NM_001369096.1	2558	2330.29	0	0
NM_001369097.1	2663	2435.29	0	0
NM_001369098.1	2668	2440.29	0	0
NM_001369099.1	2603	2375.29	0	0
NM_001369100.1	2556	2328.29	0	0
NM_001369101.1	2800	2572.29	0	0
NM_001369102.1	2695	2467.29	0	0
NM_001369103.1	2477	2249.29	0	0
NM_001369104.1	2582	2354.29	0	0
NM_001369105.1	2577	2349.29	0	0
NM_001369106.1	2682	2454.29	0	0
NM_001369107.1	2687	2459.29	7.33354	0.134198
NM_001369108.1	2359	2131.29	18.5852	0.392434
NM_001369109.1	2464	2236.29	1.24058	0.0249654
NM_001369110.1	2393	2165.29	29.8829	0.621082
NM_001369111.1	2498	2270.29	2.12896	0.0422015
NM_001369112.1	2273	2045.29	0	0
NM_001369123.1	1877	1649.29	3.00164	0.0819037
NM_001369124.1	1822	1594.29	122.509	3.45815
NM_001369125.3	573	348.421	1.00243	0.129477
NM_001369136.1	3737	3509.29	1.78678	0.0229136
NM_001369137.2	3774	3546.29	0.000126368	1.60363e-06
NM_001369138.2	3649	3421.29	0.000757904	9.96934e-06
NM_001369139.1	3612	3384.29	15.3992	0.204773
NM_001369145.1	4401	4173.29	2467.69	26.6106
NM_001369146.2	3413	3185.29	0	0
NM_001369148.2	3758	3530.29	33.9359	0.432605
NM_001369201.2	5353	5125.29	1.2045e-07	1.05762e-09
NM_001369203.1	590	365.061	0	0
NM_001369216.1	1430	1202.29	0	0
NM_001369256.1	5707	5479.29	230.82	1.89579
NM_001369257.1	5842	5614.29	634.787	5.08833
NM_001369268.1	8960	8732.29	88.2483	0.4548
NM_001369291.1	1885	1657.29	0	0
NM_001369326.1	2699	2471.29	0	0
NM_001369327.2	2536	2308.29	0	0
NM_001369328.1	2576	2348.29	0	0
NM_001369329.1	2499	2271.29	58.2182	1.15353
NM_001369330.1	2298	2070.29	0	0
NM_001369331.1	2236	2008.29	26.6898	0.598082
NM_001369346.1	12532	12304.3	0	0
NM_001369347.1	12467	12239.3	60.3858	0.222035
NM_001369364.1	6562	6334.29	44.4783	0.316004
NM_001369365.1	7449	7221.29	0	0
NM_001369366.2	2299	2071.29	24.4247	0.530677
NM_001369367.2	2215	1987.29	24.4345	0.55333
NM_001369368.2	2203	1975.29	44.0744	1.00415
NM_001369369.1	3521	3293.29	0	0
NM_001369370.1	9159	8931.29	0	0
NM_001369371.1	9156	8928.29	0	0
NM_001369372.1	9071	8843.29	2.11856e-07	1.07812e-09
NM_001369373.1	8973	8745.29	0.914534	0.00470617
NM_001369374.1	9046	8818.29	1.02724e-05	5.24238e-08
NM_001369375.1	2681	2453.29	0	0
NM_001369376.1	2606	2378.29	43.0626	0.814849
NM_001369377.1	2582	2354.29	55.3681	1.05838
NM_001369378.1	2701	2473.29	170.427	3.10102
NM_001369379.1	2582	2354.29	30.8128	0.588996
NM_001369380.1	2425	2197.29	3731.75	76.4306
NM_001369381.1	2568	2340.29	107.594	2.069
NM_001369382.1	2494	2266.29	920.489	18.2787
NM_001369383.1	2593	2365.29	17.62	0.335246
NM_001369384.1	2663	2435.29	409.768	7.57231
NM_001369385.1	2772	2544.29	18.1451	0.320948
NM_001369386.1	2748	2520.29	39.4839	0.705036
NM_001369387.1	6045	5817.29	0	0
NM_001369388.1	2687	2459.29	42.4014	0.775912
NM_001369389.1	4410	4182.29	113.352	1.21971
NM_001369390.1	4221	3993.29	396.442	4.46777
NM_001369391.2	10930	10702.3	17.2332	0.0724656
NM_001369392.2	10579	10351.3	20.1641	0.0876652
NM_001369393.2	10455	10227.3	0	0
NM_001369394.2	10386	10158.3	0	0
NM_001369395.1	8082	7854.29	6.04114	0.0346142
NM_001369396.1	8206	7978.29	0	0
NM_001369397.2	1954	1726.29	649.702	16.9372
NM_001369398.1	7562	7334.29	0	0
NM_001369399.1	1356	1128.29	21.0868	0.841069
NM_001369400.1	2250	2022.29	1695.04	37.7207
NM_001369401.1	1801	1573.29	0	0
NM_001369402.2	2748	2520.29	0	0
NM_001369403.1	1767	1539.29	0	0
NM_001369404.1	1114	886.293	1	0.0507767
NM_001369405.1	5603	5375.29	229.395	1.92054
NM_001369406.2	4148	3920.29	0	0
NM_001369407.1	1756	1528.29	759.352	22.3604
NM_001369408.1	1911	1683.29	222.622	5.95182
NM_001369409.1	1953	1725.29	403.755	10.5317
NM_001369410.1	1881	1653.29	73.1543	1.99128
NM_001369411.1	1891	1663.29	100.1	2.70838
NM_001369412.1	3314	3086.29	201.872	2.94362
NM_001369413.1	3386	3158.29	309.092	4.4043
NM_001369414.1	3440	3212.29	47.8269	0.670038
NM_001369415.1	3337	3109.29	405.13	5.86375
NM_001369416.1	3389	3161.29	638.959	9.096
NM_001369417.1	3368	3140.29	17.8341	0.255578
NM_001369418.1	3265	3037.29	117.832	1.7459
NM_001369419.1	3317	3089.29	197.09	2.87109
NM_001369420.1	1557	1329.29	249.532	8.4479
NM_001369421.1	1295	1067.29	113.948	4.8047
NM_001369422.1	1187	959.293	172.866	8.10961
NM_001369423.1	4793	4565.29	375.419	3.70075
NM_001369424.1	2821	2593.29	0	0
NM_001369425.1	2451	2223.29	9.64229	0.195176
NM_001369426.1	5719	5491.29	26.0705	0.213657
NM_001369427.1	2687	2459.29	410.925	7.5196
NM_001369428.1	6092	5864.29	105.875	0.812495
NM_001369429.1	5570	5342.29	38.2779	0.322451
NM_001369430.1	5573	5345.29	22.1965	0.186876
NM_001369431.1	5865	5637.29	0	0
NM_001369432.1	5878	5650.29	0	0
NM_001369433.1	6380	6152.29	50.3423	0.368246
NM_001369434.1	6180	5952.29	0	0
NM_001369435.1	6074	5846.29	0	0
NM_001369436.1	5232	5004.29	0	0
NM_001369437.1	5076	4848.29	6.81523	0.0632607
NM_001369438.1	5270	5042.29	0	0
NM_001369440.1	5173	4945.29	0	0
NM_001369441.2	1689	1461.29	222.126	6.84076
NM_001369442.1	2615	2387.29	7.00586	0.132068
NM_001369443.1	2564	2336.29	19.6484	0.37848
NM_001369444.1	1661	1433.29	209.387	6.57441
NM_001369445.2	1822	1594.29	38.6307	1.09045
NM_001369446.1	3173	2945.29	0	0
NM_001369447.1	1261	1033.29	23.8231	1.03757
NM_001369448.1	1341	1113.29	0	0
NM_001369449.1	1806	1578.29	31.1659	0.888658
NM_001369450.1	1219	991.293	982.169	44.5889
NM_001369451.1	1737	1509.29	44.3229	1.32159
NM_001369453.1	1629	1401.29	4.64796	0.149271
NM_001369454.1	18157	17929.3	110.209	0.276627
NM_001369457.1	3435	3207.29	8.00181e-08	1.12277e-09
NM_001369458.1	8163	7935.29	0	0
NM_001369459.1	8136	7908.29	0	0
NM_001369460.1	8479	8251.29	2.48079e-08	1.35304e-10
NM_001369461.1	8665	8437.29	54.5304	0.290856
NM_001369462.1	7914	7686.29	0	0
NM_001369463.1	8307	8079.29	104.846	0.584008
NM_001369464.1	8443	8215.29	126.026	0.690365
NM_001369465.1	8032	7804.29	0	0
NM_001369466.1	8230	8002.29	0	0
NM_001369467.1	7899	7671.29	0	0
NM_001369468.1	7825	7597.29	0	0
NM_001369469.1	7827	7599.29	0	0
NM_001369470.1	8165	7937.29	145.702	0.826103
NM_001369471.1	8351	8123.29	362.228	2.00674
NM_001369472.1	8141	7913.29	20.8892	0.118797
NM_001369473.1	8138	7910.29	0	0
NM_001369474.1	7819	7591.29	0	0
NM_001369475.1	8218	7990.29	0.0116385	6.55507e-05
NM_001369476.1	7810	7582.29	0	0
NM_001369477.1	8297	8069.29	29.0951	0.162265
NM_001369478.1	7916	7688.29	0.0328481	0.000192275
NM_001369479.1	7330	7102.29	0	0
NM_001369480.1	7241	7013.29	0	0
NM_001369481.1	1458	1230.29	0	0
NM_001369483.1	2627	2399.29	125.429	2.35266
NM_001369484.1	2486	2258.29	178.072	3.54861
NM_001369485.1	2341	2113.29	126.44	2.69257
NM_001369486.1	2071	1843.29	0	0
NM_001369487.1	2337	2109.29	0	0
NM_001369488.1	2057	1829.29	29.4357	0.724158
NM_001369489.1	4897	4669.29	1144.15	11.0274
NM_001369490.1	1168	940.293	0	0
NM_001369491.1	4699	4471.29	0	0
NM_001369492.1	1491	1263.29	0	0
NM_001369493.1	1716	1488.29	8.23873	0.249123
NM_001369494.1	1695	1467.29	0	0
NM_001369495.1	1792	1564.29	0	0
NM_001369496.1	1796	1568.29	0	0
NM_001369497.1	1699	1471.29	0	0
NM_001369498.1	1820	1592.29	0	0
NM_001369499.1	3688	3460.29	0	0
NM_001369500.1	3505	3277.29	0	0
NM_001369501.1	3439	3211.29	20.7829	0.291251
NM_001369502.1	2461	2233.29	0	0
NM_001369504.1	2616	2388.29	0	0
NM_001369505.1	2642	2414.29	0	0
NM_001369506.1	4512	4284.29	368.231	3.86798
NM_001369507.1	3419	3191.29	245.07	3.45593
NM_001369508.2	5152	4924.29	0	0
NM_001369510.2	5030	4802.29	0	0
NM_001369511.2	4922	4694.29	8.64947e-07	8.29204e-09
NM_001369512.1	4899	4671.29	1231.02	11.8596
NM_001369513.1	4902	4674.29	0.0005141	4.94965e-06
NM_001369514.1	4899	4671.29	0.00013548	1.30521e-06
NM_001369515.2	5044	4816.29	0	0
NM_001369516.1	4918	4690.29	475.245	4.55995
NM_001369517.1	4849	4621.29	51.513	0.501644
NM_001369518.1	4852	4624.29	1.70051e-05	1.65492e-07
NM_001369519.1	4846	4618.29	0	0
NM_001369520.1	4868	4640.29	0	0
NM_001369521.2	3166	2938.29	263.101	4.02966
NM_001369522.1	3516	3288.29	183.434	2.51044
NM_001369523.1	3669	3441.29	99.4191	1.30014
NM_001369524.1	1969	1741.29	1281.62	33.123
NM_001369525.1	1916	1688.29	74.1621	1.97686
NM_001369532.1	8931	8703.29	0	0
NM_001369533.1	8722	8494.29	0	0
NM_001369534.1	8582	8354.29	1.34527	0.00724672
NM_001369535.1	7955	7727.29	0	0
NM_001369536.1	8003	7775.29	0	0
NM_001369537.1	8468	8240.29	0	0
NM_001369538.1	8095	7867.29	0	0
NM_001369539.1	7193	6965.29	0	0
NM_001369540.1	7030	6802.29	4.01596e-06	2.65691e-08
NM_001369541.1	7361	7133.29	16.508	0.104147
NM_001369542.1	7315	7087.29	0	0
NM_001369543.1	7453	7225.29	3.8684e-07	2.40945e-09
NM_001369544.1	7524	7296.29	0	0
NM_001369545.1	7282	7054.29	0	0
NM_001369546.1	7008	6780.29	0	0
NM_001369547.1	7100	6872.29	0	0
NM_001369548.1	7118	6890.29	0	0
NM_001369549.1	6957	6729.29	10.6697	0.0713552
NM_001369550.1	6426	6198.29	0	0
NM_001369551.1	6453	6225.29	0	0
NM_001369552.1	6537	6309.29	0	0
NM_001369553.1	5315	5087.29	29.0408	0.2569
NM_001369555.1	629	403.218	69.1386	7.71654
NM_001369556.1	702	474.947	63.2157	5.98993
NM_001369557.1	753	525.701	15.9295	1.36366
NM_001369558.1	628	402.259	202.213	22.6228
NM_001369560.1	769	541.541	40.0736	3.33019
NM_001369561.1	788	560.487	0	0
NM_001369562.1	588	363.135	18.2965	2.26748
NM_001369563.1	520	298.404	0	0
NM_001369564.2	5831	5603.29	0	0
NM_001369565.1	2149	1921.29	83.245	1.94987
NM_001369566.3	5932	5704.29	53.9507	0.425635
NM_001369567.1	8401	8173.29	164.247	0.904364
NM_001369568.1	8034	7806.29	186.94	1.0777
NM_001369569.1	8031	7803.29	36.6682	0.211472
NM_001369570.1	8038	7810.29	272.452	1.56987
NM_001369571.1	8389	8161.29	162.607	0.896648
NM_001369572.1	8022	7794.29	185.164	1.06911
NM_001369573.1	8026	7798.29	270.344	1.56013
NM_001369574.1	8026	7798.29	145.097	0.837339
NM_001369575.1	7949	7721.29	473.573	2.76019
NM_001369576.1	8306	8078.29	0.0168331	9.37751e-05
NM_001369577.1	8306	8078.29	27.5134	0.153273
NM_001369578.1	7946	7718.29	0.387896	0.00226171
NM_001369579.1	7946	7718.29	49.2107	0.286933
NM_001369580.1	7941	7713.29	3.22778	0.0188324
NM_001369581.1	7941	7713.29	0.0252293	0.0001472
NM_001369582.1	8297	8069.29	240.462	1.34108
NM_001369583.1	7937	7709.29	469.64	2.74153
NM_001369584.1	8294	8066.29	0.0164226	9.16243e-05
NM_001369585.1	7934	7706.29	0.380408	0.0022215
NM_001369586.1	8312	8084.29	0	0
NM_001369587.3	1003	775.293	0	0
NM_001369588.3	1000	772.293	0	0
NM_001369589.3	908	680.293	0	0
NM_001369590.3	802	574.487	0	0
NM_001369591.3	805	577.487	0	0
NM_001369592.3	802	574.487	7.49604	0.587211
NM_001369593.3	819	591.487	0	0
NM_001369594.1	4762	4534.29	0	0
NM_001369595.3	634	408.137	0	0
NM_001369596.3	1151	923.293	0	0
NM_001369598.1	2093	1865.29	323.622	7.80788
NM_001369599.1	2314	2086.29	1.70106e-07	3.66932e-09
NM_001369600.1	2245	2017.29	0	0
NM_001369601.1	2078	1850.29	27.4255	0.667047
NM_001369602.1	2005	1777.29	0	0
NM_001369603.1	1936	1708.29	0	0
NM_001369604.1	2656	2428.29	48.4676	0.89824
NM_001369605.1	947	719.293	0	0
NM_001369606.1	2517	2289.29	15.2499	0.299784
NM_001369607.1	2227	1999.29	30.2344	0.680562
NM_001369608.1	3963	3735.29	128.898	1.55298
NM_001369609.1	3834	3606.29	0	0
NM_001369610.1	3655	3427.29	87.7612	1.15237
NM_001369611.1	4157	3929.29	0	0
NM_001369614.1	2541	2313.29	930.707	18.1061
NM_001369615.1	2561	2333.29	47.3142	0.912567
NM_001369618.1	2923	2695.29	117.821	1.96725
NM_001369619.1	2700	2472.29	63.905	1.16326
NM_001369620.1	2817	2589.29	21.3343	0.3708
NM_001369621.1	2686	2458.29	491.497	8.99767
NM_001369623.2	3673	3445.29	2.74326e-05	3.5833e-07
NM_001369624.1	4107	3879.29	136.031	1.57807
NM_001369625.1	4136	3908.29	441.331	5.08182
NM_001369626.1	4042	3814.29	278.213	3.28251
NM_001369628.1	4199	3971.29	5.28192e-07	5.98552e-09
NM_001369629.2	4099	3871.29	53.7824	0.625211
NM_001369631.1	1635	1407.29	0	0
NM_001369632.1	1382	1154.29	0	0
NM_001369633.1	1614	1386.29	0	0
NM_001369634.1	1464	1236.29	6.19803	0.225618
NM_001369635.1	1284	1056.29	0	0
NM_001369636.1	1460	1232.29	6.15649	0.224834
NM_001369637.1	1342	1114.29	21.0672	0.850843
NM_001369638.1	1574	1346.29	19.5728	0.654269
NM_001369639.1	1572	1344.29	0	0
NM_001369641.1	1393	1165.29	0	0
NM_001369642.1	1781	1553.29	0	0
NM_001369644.1	1460	1232.29	0	0
NM_001369645.1	1692	1464.29	6.84827	0.210472
NM_001369647.3	2922	2694.29	0	0
NM_001369648.2	6197	5969.29	0	0
NM_001369649.3	2850	2622.29	9.13034	0.156692
NM_001369650.3	2835	2607.29	3.97901	0.0686795
NM_001369651.2	6089	5861.29	0	0
NM_001369654.1	10329	10101.3	0.112804	0.00050256
NM_001369657.1	1759	1531.29	0	0
NM_001369658.1	2000	1772.29	9.4512	0.23999
NM_001369659.1	2014	1786.29	0	0
NM_001369660.1	2110	1882.29	23.6751	0.56604
NM_001369667.1	2032	1804.29	0	0
NM_001369668.1	3046	2818.29	295.958	4.72592
NM_001369669.1	5320	5092.29	39.3263	0.347545
NM_001369670.1	5364	5136.29	0	0
NM_001369671.1	5188	4960.29	0	0
NM_001369672.1	5449	5221.29	6.28012	0.0541293
NM_001369673.1	5632	5404.29	37.3712	0.311201
NM_001369674.1	5681	5453.29	107.56	0.887634
NM_001369675.1	5573	5345.29	5.07631	0.0427385
NM_001369676.1	5406	5178.29	15.1575	0.13173
NM_001369677.1	5756	5528.29	25.1155	0.204453
NM_001369678.1	5503	5275.29	72.4376	0.617959
NM_001369679.1	5760	5532.29	9.06618e-06	7.37499e-08
NM_001369680.1	3478	3250.29	127.606	1.76681
NM_001369681.1	3494	3266.29	0	0
NM_001369682.1	3526	3298.29	347.988	4.74807
NM_001369683.1	1891	1663.29	13.774	0.372677
NM_001369684.1	3384	3156.29	41.2922	0.588753
NM_001369685.1	3110	2882.29	9.31564e-08	1.45451e-09
NM_001369686.1	2970	2742.29	0	0
NM_001369687.1	3516	3288.29	0	0
NM_001369688.1	1920	1692.29	105.818	2.81401
NM_001369689.1	943	715.293	0	0
NM_001369690.1	772	544.487	17.5301	1.44891
NM_001369691.1	1281	1053.29	183.57	7.84323
NM_001369692.1	1058	830.293	0	0
NM_001369693.1	1310	1082.29	62.3048	2.59071
NM_001369694.1	2989	2761.29	0	0
NM_001369695.1	2837	2609.29	0	0
NM_001369696.1	5107	4879.29	0	0
NM_001369697.2	5138	4910.29	9981.11	91.4774
NM_001369698.1	4396	4168.29	0.204241	0.00220509
NM_001369699.1	2263	2035.29	645.067	14.2633
NM_001369700.1	916	688.293	0	0
NM_001369701.2	4980	4752.29	0	0
NM_001369702.1	5013	4785.29	0	0
NM_001369703.1	5247	5019.29	0	0
NM_001369704.1	4924	4696.29	0	0
NM_001369705.1	5113	4885.29	0	0
NM_001369706.1	5183	4955.29	0	0
NM_001369707.1	4860	4632.29	0	0
NM_001369708.1	4771	4543.29	0	0
NM_001369709.1	4287	4059.29	0	0
NM_001369710.1	4521	4293.29	0	0
NM_001369717.1	8679	8451.29	0	0
NM_001369718.1	8760	8532.29	0	0
NM_001369719.1	8667	8439.29	0	0
NM_001369720.1	8693	8465.29	0	0
NM_001369721.1	8452	8224.29	0	0
NM_001369722.1	8441	8213.29	5.30531e-06	2.90694e-08
NM_001369723.1	8559	8331.29	0	0
NM_001369724.1	8698	8470.29	0	0
NM_001369725.1	8365	8137.29	0	0
NM_001369726.1	8622	8394.29	0	0
NM_001369727.1	8531	8303.29	0	0
NM_001369728.1	8585	8357.29	0	0
NM_001369729.1	8533	8305.29	0	0
NM_001369730.1	8501	8273.29	0	0
NM_001369731.1	8577	8349.29	0	0
NM_001369732.1	8528	8300.29	0	0
NM_001369733.1	8282	8054.29	0	0
NM_001369734.1	8353	8125.29	0	0
NM_001369735.1	8277	8049.29	0	0
NM_001369736.1	8364	8136.29	0	0
NM_001369737.1	8348	8120.29	32	0.177346
NM_001369738.1	8484	8256.29	0	0
NM_001369739.1	8446	8218.29	0	0
NM_001369741.1	5231	5003.29	0	0
NM_001369742.1	1496	1268.29	166.453	5.90627
NM_001369743.1	1430	1202.29	31.2566	1.16997
NM_001369744.1	2084	1856.29	527.789	12.7955
NM_001369745.1	2113	1885.29	181.505	4.33263
NM_001369746.1	2099	1871.29	302.858	7.28349
NM_001369747.1	1934	1706.29	0	0
NM_001369748.1	2277	2049.29	1131.9	24.8569
NM_001369749.2	4359	4131.29	9.4868	0.103342
NM_001369750.1	1823	1595.29	534.063	15.0659
NM_001369751.1	611	385.534	12.8062	1.49486
NM_001369752.1	541	318.158	20.8582	2.95037
NM_001369753.1	730	502.753	3.13848	0.280936
NM_001369754.1	873	645.427	0	0
NM_001369755.1	690	463.088	16.3468	1.58859
NM_001369756.1	634	408.137	5.29248	0.583573
NM_001369757.1	750	522.701	17.7439	1.5277
NM_001369758.1	626	400.259	9.73546	1.09461
NM_001369759.1	5316	5088.29	7.34131	0.0649297
NM_001369760.1	1083	855.293	0	0
NM_001369761.1	4676	4448.29	144.31	1.45997
NM_001369762.1	4431	4203.29	75.9219	0.812867
NM_001369763.1	4549	4321.29	42.1326	0.43878
NM_001369764.1	4516	4288.29	0	0
NM_001369765.1	4805	4577.29	12.3669	0.121589
NM_001369766.1	4634	4406.29	22.8713	0.233593
NM_001369767.1	3215	2987.29	10.0399	0.15125
NM_001369768.1	397	189.558	18.1424	4.3072
NM_001369769.2	3272	3044.29	73.7911	1.09084
NM_001369770.1	2270	2042.29	0	0
NM_001369771.1	2183	1955.29	0	0
NM_001369772.1	2107	1879.29	0	0
NM_001369773.1	2200	1972.29	0	0
NM_001369774.1	2195	1967.29	0	0
NM_001369775.2	1054	826.293	4.16512	0.226848
NM_001369776.1	2025	1797.29	45.5478	1.14049
NM_001369777.1	1446	1218.29	8.50951	0.314337
NM_001369778.1	1649	1421.29	72.8761	2.30751
NM_001369779.1	1720	1492.29	25.8225	0.77873
NM_001369780.1	949	721.293	5.19912	0.324385
NM_001369781.1	2064	1836.29	10.6113	0.260056
NM_001369782.1	2020	1792.29	8.9558	0.224873
NM_001369783.1	2213	1985.29	0	0
NM_001369784.1	2241	2013.29	0	0
NM_001369785.1	2257	2029.29	0	0
NM_001369786.1	5417	5189.29	17.6802	0.153328
NM_001369787.1	5293	5065.29	205.152	1.8227
NM_001369788.1	11436	11208.3	351.029	1.40944
NM_001369789.1	4232	4004.29	321.207	3.60995
NM_001369790.1	4219	3991.29	67.8251	0.76475
NM_001369792.1	4513	4285.29	292.031	3.06684
NM_001369793.1	4106	3878.29	34.5478	0.400887
NM_001369794.1	3680	3452.29	0	0
NM_001369795.1	1621	1393.29	3.73161	0.12053
NM_001369796.1	1800	1572.29	13.5615	0.388165
NM_001369797.1	1685	1457.29	55.0938	1.70137
NM_001369798.1	2095	1867.29	0	0
NM_001369799.1	1657	1429.29	0	0
NM_001369800.1	1648	1420.29	0	0
NM_001369803.2	2600	2372.29	0	0
NM_001369804.2	2534	2306.29	0	0
NM_001369805.2	2569	2341.29	21.8842	0.420647
NM_001369806.1	8088	7860.29	2854.13	16.3409
NM_001369807.1	8085	7857.29	276.467	1.58348
NM_001369808.1	1882	1654.29	4.14061	0.11264
NM_001369809.1	710	482.852	0	0
NM_001369811.1	2457	2229.29	0	0
NM_001369812.1	2394	2166.29	0	0
NM_001369814.1	2236	2008.29	0	0
NM_001369815.1	2221	1993.29	0	0
NM_001369816.1	2366	2138.29	0	0
NM_001369817.2	7664	7436.29	90.0218	0.544796
NM_001369818.2	2287	2059.29	0	0
NM_001369819.2	7689	7461.29	0	0
NM_001369820.1	2635	2407.29	0	0
NM_001369821.1	2780	2552.29	0	0
NM_001369824.2	586	361.171	0	0
NM_001369825.1	3989	3761.29	50.0815	0.599215
NM_001369826.1	3685	3457.29	0	0
NM_001369827.1	3820	3592.29	9.28613	0.116334
NM_001369828.1	3986	3758.29	190.325	2.27902
NM_001369829.2	4121	3893.29	25.1024	0.290162
NM_001369830.1	3429	3201.29	0	0
NM_001369846.1	19234	19006.3	0	0
NM_001369848.1	2161	1933.29	0	0
NM_001369858.1	3476	3248.29	109.764	1.52071
NM_001369859.1	3802	3574.29	60.9411	0.767295
NM_001369860.1	3592	3364.29	45.8287	0.613037
NM_001369862.1	993	765.293	0	0
NM_001369863.1	2378	2150.29	0	0
NM_001369864.1	1016	788.293	10.9732	0.626454
NM_001369869.1	3195	2967.29	0	0
NM_001369870.1	4685	4457.29	1.1354e-05	1.14635e-07
NM_001369871.1	4681	4453.29	22.1016	0.22335
NM_001369872.1	4388	4160.29	101.98	1.10314
NM_001369873.1	4175	3947.29	22.6231	0.257926
NM_001369874.1	3981	3753.29	0	0
NM_001369875.1	4422	4194.29	58.2607	0.625114
NM_001369878.1	6502	6274.29	218.144	1.56467
NM_001369880.1	6569	6341.29	22.5825	0.160264
NM_001369881.1	6453	6225.29	79.1807	0.572403
NM_001369882.1	4286	4058.29	251.732	2.7915
NM_001369888.1	1238	1010.29	0	0
NM_001369889.1	1019	791.293	0	0
NM_001369892.1	5793	5565.29	308.124	2.49161
NM_001369893.1	5456	5228.29	14.6098	0.125755
NM_001369894.1	5462	5234.29	16.2482	0.139698
NM_001369895.1	5498	5270.29	0	0
NM_001369896.1	1695	1467.29	3.90702	0.119831
NM_001369897.1	3615	3387.29	0	0
NM_001369898.1	3425	3197.29	0	0
NM_001369901.1	5448	5220.29	0	0
NM_001369902.1	5335	5107.29	0	0
NM_001369903.1	5439	5211.29	201.551	1.74053
NM_001369904.2	1448	1220.29	64.5798	2.38163
NM_001369905.2	1369	1141.29	95.0925	3.74965
NM_001369906.1	886	658.427	0	0
NM_001369907.1	7864	7636.29	0.0280195	0.000165128
NM_001369908.1	8097	7869.29	0	0
NM_001369909.1	7861	7633.29	0.0480201	0.000283109
NM_001369910.1	7825	7597.29	31.3447	0.185672
NM_001369912.1	1522	1294.29	12.115	0.421244
NM_001369913.1	2813	2585.29	2.7474	0.047825
NM_001369914.1	2028	1800.29	27.9113	0.697718
NM_001369915.1	1963	1735.29	220.912	5.72914
NM_001369917.1	1791	1563.29	33.2112	0.956062
NM_001369919.2	1822	1594.29	3.45964	0.0976573
NM_001369920.1	2805	2577.29	3.8304	0.066884
NM_001369921.1	2926	2698.29	0	0
NM_001369922.1	2899	2671.29	102.661	1.72953
NM_001369923.1	2852	2624.29	801.067	13.7372
NM_001369924.1	2778	2550.29	0	0
NM_001369925.1	2646	2418.29	0.672795	0.0125203
NM_001369926.1	2693	2465.29	33.3552	0.608888
NM_001369927.1	2631	2403.29	179.682	3.36465
NM_001369928.1	2767	2539.29	21.1883	0.375513
NM_001369929.1	2619	2391.29	0	0
NM_001369930.1	2556	2328.29	8.42051	0.162758
NM_001369931.1	3050	2822.29	0	0
NM_001369932.1	2878	2650.29	10.3313	0.17543
NM_001369933.1	2754	2526.29	24.9765	0.444928
NM_001369934.1	2692	2464.29	59.0639	1.07863
NM_001369935.1	2914	2686.29	65.9565	1.10496
NM_001369936.1	2533	2305.29	9.1427	0.17848
NM_001369937.1	2595	2367.29	0	0
NM_001369938.1	2779	2551.29	12.2346	0.215809
NM_001369939.1	2619	2391.29	0	0
NM_001369940.1	2816	2588.29	0	0
NM_001369941.1	2680	2452.29	0	0
NM_001369942.1	2362	2134.29	13.4098	0.282756
NM_001369943.1	2562	2334.29	25.138	0.484638
NM_001369944.1	2294	2066.29	21.3035	0.463982
NM_001369945.1	2814	2586.29	3.42544	0.0596048
NM_001369946.1	2846	2618.29	0	0
NM_001369947.1	2403	2175.29	0	0
NM_001369948.1	2912	2684.29	21.1052	0.353835
NM_001369949.1	2655	2427.29	17.7721	0.329503
NM_001369950.1	2446	2218.29	11.6515	0.236376
NM_001369951.1	3386	3158.29	0	0
NM_001369952.1	3170	2942.29	0	0
NM_001370.2	12752	12524.3	1.01849e-05	3.6597e-08
NM_001370058.2	3113	2885.29	0	0
NM_001370059.2	4263	4035.29	148.204	1.65283
NM_001370060.1	2873	2645.29	0	0
NM_001370061.2	2901	2673.29	0	0
NM_001370062.2	4275	4047.29	2474.68	27.5167
NM_001370063.1	2846	2618.29	0	0
NM_001370064.2	4154	3926.29	1.08496	0.0124358
NM_001370065.1	2638	2410.29	0.646118	0.0120638
NM_001370066.2	4313	4085.29	17.6147	0.194041
NM_001370067.2	4116	3888.29	27.5289	0.318619
NM_001370068.2	4135	3907.29	2.86929	0.0330476
NM_001370074.1	7108	6880.29	505.602	3.30708
NM_001370075.2	2435	2207.29	0	0
NM_001370076.1	5007	4779.29	215.547	2.02965
NM_001370077.1	5321	5093.29	46.651	0.412197
NM_001370078.1	4506	4278.29	0	0
NM_001370080.1	4909	4681.29	118.241	1.1367
NM_001370081.1	3811	3583.29	0	0
NM_001370082.1	3989	3761.29	0	0
NM_001370083.1	2325	2097.29	0	0
NM_001370084.1	3883	3655.29	0	0
NM_001370085.1	2624	2396.29	0	0
NM_001370086.1	3133	2905.29	0	0
NM_001370087.1	2177	1949.29	0.267016	0.00616457
NM_001370088.1	3226	2998.29	3937.85	59.1055
NM_001370089.1	3020	2792.29	706.083	11.3799
NM_001370090.1	2070	1842.29	0	0
NM_001370091.1	1941	1713.29	0	0
NM_001370092.1	2161	1933.29	0	0
NM_001370093.1	3077	2849.29	0	0
NM_001370094.1	2907	2679.29	17.5854	0.295375
NM_001370095.3	2511	2283.29	72.6718	1.43234
NM_001370096.2	2251	2023.29	2.14743	0.0477642
NM_001370097.3	4085	3857.29	5.71486	0.0666753
NM_001370098.2	4396	4168.29	343.388	3.7074
NM_001370099.2	4030	3802.29	696.545	8.24415
NM_001370100.5	4100	3872.29	2795.08	32.4839
NM_001370101.2	4067	3839.29	0	0
NM_001370102.2	4601	4373.29	6.80358	0.0700118
NM_001370103.2	4078	3850.29	26.717	0.312275
NM_001370104.2	3913	3685.29	29.2897	0.357672
NM_001370105.2	4133	3905.29	0	0
NM_001370106.2	3923	3695.29	2.37446e-08	2.89174e-10
NM_001370107.2	4234	4006.29	0.000384802	4.32252e-06
NM_001370108.2	3868	3640.29	0.0288569	0.000356744
NM_001370109.2	4439	4211.29	0.0341855	0.000365316
NM_001370110.2	3775	3547.29	15.7742	0.20012
NM_001370111.2	3865	3637.29	13.2328	0.163726
NM_001370112.2	4192	3964.29	4.08946e-06	4.6424e-08
NM_001370113.2	4303	4075.29	1.40534e-07	1.5519e-09
NM_001370114.2	3937	3709.29	0.000328133	3.98108e-06
NM_001370115.2	4082	3854.29	10.9208	0.127512
NM_001370116.2	3950	3722.29	0	0
NM_001370117.2	4028	3800.29	0	0
NM_001370118.2	4160	3932.29	10.8379	0.124035
NM_001370119.2	4148	3920.29	20.776	0.238498
NM_001370120.2	3788	3560.29	0	0
NM_001370121.2	3800	3572.29	20.4168	0.257207
NM_001370122.2	3779	3551.29	33.5332	0.424944
NM_001370123.2	3886	3658.29	13.6063	0.16738
NM_001370124.3	3628	3400.29	0	0
NM_001370125.1	1171	943.293	0	0
NM_001370126.1	942	714.293	0	0
NM_001370127.1	911	683.293	0	0
NM_001370128.1	1071	843.293	0	0
NM_001370129.2	3851	3623.29	0	0
NM_001370130.1	9173	8945.29	4.12084e-06	2.07316e-08
NM_001370131.1	9197	8969.29	1.04625e-07	5.2495e-10
NM_001370132.1	7276	7048.29	0.0395501	0.000252526
NM_001370133.1	6635	6407.29	1.73794e-08	1.22068e-10
NM_001370134.1	6777	6549.29	1.72653e-08	1.18638e-10
NM_001370135.1	6509	6281.29	0.000321736	2.30512e-06
NM_001370136.1	8324	8096.29	232.688	1.29339
NM_001370137.1	8345	8117.29	0	0
NM_001370138.1	7775	7547.29	115.552	0.689013
NM_001370139.1	7385	7157.29	0	0
NM_001370140.1	7448	7220.29	208.658	1.30053
NM_001370141.1	7378	7150.29	169.644	1.06772
NM_001370142.1	7368	7140.29	117.295	0.739274
NM_001370143.1	7189	6961.29	0	0
NM_001370144.1	7249	7021.29	0	0
NM_001370145.1	4066	3838.29	0	0
NM_001370146.1	4058	3830.29	0	0
NM_001370147.1	1148	920.293	0	0
NM_001370148.2	968	740.293	0	0
NM_001370149.1	847	619.427	0	0
NM_001370150.2	2985	2757.29	239.566	3.91007
NM_001370151.1	3028	2800.29	11.9465	0.191991
NM_001370152.1	2762	2534.29	5.98354	0.106254
NM_001370153.1	5637	5409.29	0	0
NM_001370154.1	2196	1968.29	0	0
NM_001370155.1	1000	772.293	0	0
NM_001370156.1	739	511.753	0	0
NM_001370157.1	895	667.361	0	0
NM_001370158.1	1719	1491.29	0	0
NM_001370159.1	1741	1513.29	0	0
NM_001370160.1	3922	3694.29	0	0
NM_001370161.1	3741	3513.29	5.37418	0.0688399
NM_001370162.1	3983	3755.29	0	0
NM_001370163.1	3829	3601.29	0	0
NM_001370164.1	3817	3589.29	13.5262	0.169594
NM_001370165.1	3998	3770.29	45.2746	0.540408
NM_001370166.1	3910	3682.29	87.2282	1.06606
NM_001370167.1	4065	3837.29	74.5571	0.874392
NM_001370168.1	4028	3800.29	0	0
NM_001370169.1	3833	3605.29	0	0
NM_001370174.1	1063	835.293	328.632	17.7057
NM_001370175.1	1091	863.293	20.2133	1.05371
NM_001370176.1	996	768.293	7.82997	0.458644
NM_001370177.1	1055	827.293	0	0
NM_001370178.1	934	706.293	4.50693	0.287169
NM_001370180.1	3615	3387.29	0	0
NM_001370181.1	4304	4076.29	1050.2	11.5944
NM_001370182.1	11468	11240.3	0	0
NM_001370183.1	11694	11466.3	40.8678	0.160399
NM_001370184.1	11673	11445.3	278.253	1.0941
NM_001370185.1	11668	11440.3	93.6711	0.368477
NM_001370186.1	11325	11097.3	83.1104	0.337039
NM_001370187.1	2659	2431.29	285.768	5.28955
NM_001370188.1	2702	2474.29	9.33743	0.169832
NM_001370189.1	4273	4045.29	177.593	1.97568
NM_001370190.1	4119	3891.29	33.581	0.388367
NM_001370191.1	733	505.753	74.9662	6.67067
NM_001370192.1	1507	1279.29	221.599	7.79544
NM_001370193.1	1457	1229.29	730.857	26.7559
NM_001370194.1	1100	872.293	7.0523	0.36384
NM_001370198.1	1688	1460.29	0	0
NM_001370199.1	6214	5986.29	73.0369	0.549068
NM_001370200.1	6165	5937.29	22.0045	0.166788
NM_001370201.1	4191	3963.29	43.5227	0.494199
NM_001370202.1	4597	4369.29	507.818	5.23045
NM_001370203.1	6180	5952.29	292.776	2.21357
NM_001370204.1	4426	4198.29	141.01	1.51154
NM_001370205.1	4289	4061.29	8.99393	0.0996615
NM_001370206.1	4460	4232.29	42.8681	0.455828
NM_001370207.1	5808	5580.29	10.1463	0.0818263
NM_001370208.3	10450	10222.3	64.945	0.285917
NM_001370209.3	10354	10126.3	16.625	0.0738847
NM_001370210.1	2547	2319.29	3.45063	0.0669553
NM_001370211.1	2352	2124.29	23.4585	0.496969
NM_001370212.1	3818	3590.29	0	0
NM_001370213.1	2058	1830.29	0	0
NM_001370214.1	3329	3101.29	47.8492	0.694343
NM_001370215.1	3558	3330.29	50.1725	0.677993
NM_001370216.2	5373	5145.29	9.17322	0.0802331
NM_001370217.2	5098	4870.29	17.2807	0.159679
NM_001370218.3	1722	1494.29	0	0
NM_001370219.1	9764	9536.29	676.608	3.19301
NM_001370220.1	9710	9482.29	75.0468	0.356173
NM_001370221.1	9493	9265.29	38.3235	0.186144
NM_001370222.1	8690	8462.29	0	0
NM_001370223.1	8656	8428.29	1.18933e-06	6.35044e-09
NM_001370224.1	2536	2308.29	0	0
NM_001370225.1	2869	2641.29	546.089	9.30441
NM_001370226.1	3222	2994.29	33.4146	0.502208
NM_001370227.1	2738	2510.29	12.8568	0.23049
NM_001370228.1	2711	2483.29	0	0
NM_001370229.2	3992	3764.29	0	0
NM_001370230.2	3734	3506.29	0	0
NM_001370231.2	3582	3354.29	0	0
NM_001370233.1	1104	876.293	259.068	13.3048
NM_001370234.1	1038	810.293	91.0745	5.05821
NM_001370235.1	1352	1124.29	0	0
NM_001370236.1	1101	873.293	331.944	17.1059
NM_001370237.1	1176	948.293	8.11017	0.384884
NM_001370238.1	1179	951.293	0.250771	0.0118633
NM_001370239.1	2459	2231.29	760.398	15.3365
NM_001370240.1	2680	2452.29	70.8642	1.30046
NM_001370244.1	2408	2180.29	0	0
NM_001370247.1	3649	3421.29	0	0
NM_001370248.1	4920	4692.29	819.438	7.85911
NM_001370249.1	5242	5014.29	8.2095	0.0736799
NM_001370250.1	4988	4760.29	29.8662	0.28235
NM_001370251.2	2826	2598.29	14.7387	0.255278
NM_001370252.1	2689	2461.29	0	0
NM_001370253.1	5587	5359.29	0	0
NM_001370254.1	5195	4967.29	135.947	1.23166
NM_001370255.1	2602	2374.29	0	0
NM_001370256.1	4118	3890.29	0	0
NM_001370257.1	1894	1666.29	0	0
NM_001370258.1	2312	2084.29	5.09854	0.110085
NM_001370259.2	2712	2484.29	768.511	13.9216
NM_001370260.2	2700	2472.29	237.557	4.32424
NM_001370261.2	2958	2730.29	180.71	2.97863
NM_001370262.2	2853	2625.29	3.23771	0.0555011
NM_001370263.2	2607	2379.29	2.34062	0.0442715
NM_001370264.1	2689	2461.29	183.281	3.35117
NM_001370265.1	2590	2362.29	24.0421	0.458015
NM_001370268.1	1844	1616.29	1	0.0278434
NM_001370269.1	2117	1889.29	0	0
NM_001370270.1	5686	5458.29	0	0
NM_001370271.1	5857	5629.29	0	0
NM_001370272.1	5610	5382.29	0	0
NM_001370273.1	6136	5908.29	0	0
NM_001370274.1	5704	5476.29	0	0
NM_001370275.1	6007	5779.29	0	0
NM_001370276.1	5575	5347.29	0	0
NM_001370277.1	6152	5924.29	0	0
NM_001370278.1	5788	5560.29	0	0
NM_001370279.1	5695	5467.29	0	0
NM_001370280.1	6094	5866.29	0	0
NM_001370281.1	5490	5262.29	0	0
NM_001370282.1	6227	5999.29	0	0
NM_001370283.1	5593	5365.29	0	0
NM_001370284.1	5790	5562.29	0	0
NM_001370285.1	3472	3244.29	1.99663e-07	2.76962e-09
NM_001370286.1	5926	5698.29	0	0
NM_001370287.1	6015	5787.29	0	0
NM_001370288.1	5736	5508.29	0	0
NM_001370289.1	5565	5337.29	0	0
NM_001370290.1	5633	5405.29	0	0
NM_001370291.1	6065	5837.29	0	0
NM_001370292.1	5904	5676.29	0	0
NM_001370293.1	5625	5397.29	0	0
NM_001370294.1	5778	5550.29	0	0
NM_001370296.1	3219	2991.29	335.994	5.05493
NM_001370297.1	7547	7319.29	0	0
NM_001370298.3	8465	8237.29	17.8094	0.0972985
NM_001370299.1	3224	2996.29	373.495	5.60974
NM_001370300.1	2697	2469.29	353.781	6.4477
NM_001370301.1	5464	5236.29	0	0
NM_001370302.1	5506	5278.29	81.7135	0.696695
NM_001370303.1	1893	1665.29	4.4242	0.11956
NM_001370304.1	1701	1473.29	1.19299	0.0364409
NM_001370305.1	1513	1285.29	12.0923	0.4234
NM_001370306.1	1818	1590.29	1.11951	0.0316807
NM_001370307.1	1772	1544.29	5.77689	0.168347
NM_001370308.1	1651	1423.29	0.596501	0.0188608
NM_001370309.1	6401	6173.29	926.311	6.75277
NM_001370310.1	2936	2708.29	0	0
NM_001370311.1	1314	1086.29	28.0801	1.16331
NM_001370312.1	2744	2516.29	6.4797	0.115887
NM_001370313.1	1649	1421.29	0	0
NM_001370314.1	2720	2492.29	9.2003	0.166129
NM_001370315.1	2639	2411.29	0	0
NM_001370316.1	2210	1982.29	16.6878	0.378856
NM_001370317.1	2377	2149.29	5.63076	0.1179
NM_001370318.1	2903	2675.29	17.3344	0.291595
NM_001370319.1	2830	2602.29	0	0
NM_001370320.1	2828	2600.29	0	0
NM_001370321.1	2957	2729.29	0	0
NM_001370322.1	2860	2632.29	0	0
NM_001370323.1	2790	2562.29	0	0
NM_001370324.1	2618	2390.29	0	0
NM_001370325.1	2526	2298.29	5.05789	0.0990389
NM_001370326.1	9314	9086.29	0	0
NM_001370327.1	7170	6942.29	545.98	3.53929
NM_001370328.1	6754	6526.29	45.485	0.313649
NM_001370329.1	4257	4029.29	0	0
NM_001370330.1	4138	3910.29	1151.6	13.2536
NM_001370331.1	3631	3403.29	81.0858	1.07223
NM_001370332.1	3986	3758.29	0	0
NM_001370333.1	4076	3848.29	0	0
NM_001370334.1	4109	3881.29	0	0
NM_001370335.1	4365	4137.29	0	0
NM_001370336.1	3968	3740.29	0	0
NM_001370337.1	7612	7384.29	3.51142e-06	2.14001e-08
NM_001370338.1	7615	7387.29	2.01202e-06	1.22572e-08
NM_001370339.1	5611	5383.29	533.618	4.46093
NM_001370340.1	5687	5459.29	39.0952	0.322277
NM_001370341.1	5483	5255.29	155.18	1.32886
NM_001370342.1	3679	3451.29	12.8495	0.16755
NM_001370343.1	2659	2431.29	37.1222	0.687129
NM_001370344.1	2499	2271.29	12.455	0.246782
NM_001370345.1	2379	2151.29	70.3618	1.4719
NM_001370346.1	7956	7728.29	101.537	0.591263
NM_001370348.2	18797	18569.3	1326.07	3.21377
NM_001370349.2	18528	18300.3	1864.74	4.58566
NM_001370350.2	17014	16786.3	98.5021	0.264078
NM_001370351.1	3280	3052.29	137.341	2.02496
NM_001370352.1	3287	3059.29	13.1246	0.193066
NM_001370353.1	3277	3049.29	9.24485	0.13644
NM_001370354.1	3523	3295.29	11.2714	0.153931
NM_001370356.1	1882	1654.29	20.2928	0.552041
NM_001370357.1	1722	1494.29	12.9987	0.391476
NM_001370358.1	1679	1451.29	0	0
NM_001370359.1	1698	1470.29	0	0
NM_001370360.1	832	604.427	41.4037	3.08275
NM_001370361.1	1655	1427.29	36.8328	1.16135
NM_001370362.1	627	401.259	7.75566	0.869835
NM_001370363.1	589	364.098	32.5292	4.02066
NM_001370364.1	1527	1299.29	0	0
NM_001370365.1	675	448.496	7.65094	0.767713
NM_001370366.1	1503	1275.29	16.3495	0.576949
NM_001370367.1	539	316.223	18.4009	2.61872
NM_001370368.2	693	466.041	0	0
NM_001370370.1	5256	5028.29	5.59453	0.0500709
NM_001370371.1	5053	4825.29	214.984	2.00504
NM_001370372.1	5100	4872.29	28.2383	0.260824
NM_001370373.1	5057	4829.29	166.207	1.54884
NM_001370374.1	3544	3316.29	0.0125615	0.000170464
NM_001370375.1	3541	3313.29	0.131318	0.00178364
NM_001370376.1	4119	3891.29	35.2933	0.40817
NM_001370377.1	3815	3587.29	3.31506e-08	4.15879e-10
NM_001370378.1	3837	3609.29	4.4276	0.0552062
NM_001370379.1	4010	3782.29	0	0
NM_001370380.1	3715	3487.29	4.35228	0.0561657
NM_001370381.1	3591	3363.29	24.4926	0.327727
NM_001370382.1	3560	3332.29	0.15968	0.0021565
NM_001370383.1	3534	3306.29	0	0
NM_001370384.1	3425	3197.29	0	0
NM_001370385.1	3264	3036.29	130.221	1.9301
NM_001370386.1	3974	3746.29	1.95834e-05	2.3525e-07
NM_001370387.1	3970	3742.29	4.83675	0.0581645
NM_001370388.1	3430	3202.29	39.1513	0.550208
NM_001370389.1	4129	3901.29	102.971	1.18781
NM_001370390.1	3849	3621.29	52.5763	0.653384
NM_001370391.1	4104	3876.29	52.3874	0.608209
NM_001370392.1	4002	3774.29	0	0
NM_001370393.1	3995	3767.29	10.2598	0.122561
NM_001370394.1	3721	3493.29	0.129104	0.00166321
NM_001370395.1	3999	3771.29	4.5139e-05	5.38646e-07
NM_001370396.1	4020	3792.29	0	0
NM_001370397.1	3840	3612.29	0.505418	0.00629666
NM_001370398.1	4094	3866.29	0.23877	0.00277925
NM_001370399.1	3880	3652.29	41.6275	0.512929
NM_001370400.1	3992	3764.29	80.5397	0.962872
NM_001370401.1	4936	4708.29	562.322	5.37482
NM_001370402.1	6602	6374.29	7347.53	51.8742
NM_001370403.1	875	647.427	0	0
NM_001370404.1	6283	6055.29	3.92091e-05	2.91403e-07
NM_001370405.1	6274	6046.29	115.899	0.862647
NM_001370406.2	1720	1492.29	0	0
NM_001370407.1	811	583.487	1498.77	115.597
NM_001370408.2	1834	1606.29	110.472	3.09508
NM_001370409.2	1748	1520.29	10.9203	0.323258
NM_001370410.1	808	580.487	91.2809	7.07669
NM_001370411.2	1708	1480.29	10.3076	0.313365
NM_001370412.2	1675	1447.29	27.5744	0.857416
NM_001370413.2	1715	1487.29	0.0158012	0.000478118
NM_001370414.1	1655	1427.29	241.578	7.61704
NM_001370415.1	2724	2496.29	0	0
NM_001370416.1	2922	2694.29	0	0
NM_001370417.1	4353	4125.29	0	0
NM_001370418.1	4119	3891.29	256.927	2.97138
NM_001370420.1	1251	1023.29	0	0
NM_001370421.1	1289	1061.29	132.498	5.61844
NM_001370423.1	3998	3770.29	2.59063e-08	3.09223e-10
NM_001370424.1	3833	3605.29	0	0
NM_001370425.1	4092	3864.29	0	0
NM_001370426.1	3927	3699.29	0	0
NM_001370427.1	4400	4172.29	0	0
NM_001370428.1	4364	4136.29	0	0
NM_001370429.1	4275	4047.29	15.959	0.177453
NM_001370430.1	4246	4018.29	0	0
NM_001370431.1	4315	4087.29	0	0
NM_001370432.1	4193	3965.29	0	0
NM_001370433.1	4190	3962.29	0	0
NM_001370434.1	4308	4080.29	0	0
NM_001370435.1	4208	3980.29	0	0
NM_001370436.1	4346	4118.29	0	0
NM_001370437.1	4297	4069.29	0	0
NM_001370438.1	4228	4000.29	0	0
NM_001370439.1	4175	3947.29	0	0
NM_001370440.1	4350	4122.29	0	0
NM_001370441.1	4172	3944.29	0	0
NM_001370442.1	4137	3909.29	0	0
NM_001370443.1	1646	1418.29	46.7295	1.48275
NM_001370444.1	1562	1334.29	0	0
NM_001370445.1	1570	1342.29	0	0
NM_001370446.1	1629	1401.29	0	0
NM_001370447.1	7360	7132.29	80.6695	0.509005
NM_001370448.1	7372	7144.29	12.2476	0.0771498
NM_001370449.1	8291	8063.29	64.2845	0.358786
NM_001370450.1	8114	7886.29	8.42429	0.0480731
NM_001370451.1	4303	4075.29	0	0
NM_001370452.1	2774	2546.29	0.163979	0.00289816
NM_001370453.1	4334	4106.29	0	0
NM_001370454.1	4225	3997.29	0	0
NM_001370455.1	3693	3465.29	37.4793	0.486737
NM_001370456.1	3618	3390.29	9.54363	0.126683
NM_001370457.1	2635	2407.29	0.795166	0.0148652
NM_001370458.1	5632	5404.29	0	0
NM_001370459.1	5557	5329.29	3.04383e-06	2.57036e-08
NM_001370460.1	3413	3185.29	0	0
NM_001370461.1	3251	3023.29	0	0
NM_001370462.1	1270	1042.29	0	0
NM_001370463.1	1104	876.293	0	0
NM_001370464.1	1480	1252.29	1	0.0359365
NM_001370465.2	4648	4420.29	80.2661	0.817191
NM_001370466.1	4363	4135.29	0	0
NM_001370467.1	1480	1252.29	18.5426	0.666356
NM_001370468.1	1618	1390.29	19.6809	0.637061
NM_001370469.1	1806	1578.29	26.4247	0.753469
NM_001370470.1	2093	1865.29	26.9369	0.649894
NM_001370471.1	1988	1760.29	0	0
NM_001370472.1	6219	5991.29	1341.01	10.0729
NM_001370473.1	6204	5976.29	136.251	1.026
NM_001370474.1	6075	5847.29	0	0
NM_001370475.1	1735	1507.29	0	0
NM_001370476.2	3566	3338.29	0	0
NM_001370477.1	1817	1589.29	180.469	5.11024
NM_001370478.2	2002	1774.29	687.727	17.4435
NM_001370479.2	3520	3292.29	0	0
NM_001370480.1	2276	2048.29	0	0
NM_001370481.1	2403	2175.29	0	0
NM_001370482.1	2287	2059.29	0	0
NM_001370483.1	2355	2127.29	0	0
NM_001370484.1	1756	1528.29	0	0
NM_001370485.4	2356	2128.29	3	0.0634355
NM_001370486.1	13836	13608.3	99.5836	0.329326
NM_001370487.1	13896	13668.3	0	0
NM_001370489.1	2750	2522.29	39.1559	0.698624
NM_001370490.1	2573	2345.29	15.6933	0.301134
NM_001370491.1	2681	2453.29	1.27245e-07	2.33418e-09
NM_001370492.1	2732	2504.29	0	0
NM_001370493.1	2698	2470.29	0	0
NM_001370494.1	2626	2398.29	0	0
NM_001370495.1	2551	2323.29	2.21502	0.0429057
NM_001370496.1	6054	5826.29	1.34726e-07	1.04064e-09
NM_001370497.1	5894	5666.29	0	0
NM_001370498.1	2530	2302.29	21.4868	0.420004
NM_001370499.1	2243	2015.29	0	0
NM_001370500.1	1159	931.293	12.2776	0.593295
NM_001370501.1	1137	909.293	0	0
NM_001370503.1	2022	1794.29	256.908	6.44358
NM_001370504.1	1971	1743.29	16.4079	0.423569
NM_001370505.1	2136	1908.29	68.1586	1.60738
NM_001370506.1	2088	1860.29	0	0
NM_001370507.1	2136	1908.29	58.1538	1.37143
NM_001370508.1	2250	2022.29	4.95147	0.110188
NM_001370509.1	1812	1584.29	0	0
NM_001370510.1	1828	1600.29	0	0
NM_001370511.1	2081	1853.29	0	0
NM_001370512.1	1945	1717.29	38.7315	1.01499
NM_001370513.1	1909	1681.29	0	0
NM_001370514.1	1798	1570.29	0	0
NM_001370515.1	2275	2047.29	80.9097	1.77854
NM_001370516.1	2085	1857.29	0	0
NM_001370517.1	2393	2165.29	18.8443	0.391658
NM_001370518.1	2448	2220.29	12.7551	0.258532
NM_001370519.1	2132	1904.29	0	0
NM_001370520.1	2389	2161.29	6.71347	0.13979
NM_001370521.1	2382	2154.29	0	0
NM_001370522.1	2088	1860.29	6.55115	0.158482
NM_001370523.4	1749	1521.29	0	0
NM_001370524.1	2417	2189.29	3	0.061668
NM_001370525.1	2107	1879.29	0	0
NM_001370526.1	4091	3863.29	0	0
NM_001370528.1	9665	9437.29	1418.16	6.7627
NM_001370529.1	3105	2877.29	216.759	3.39028
NM_001370530.1	1337	1109.29	0	0
NM_001370531.1	943	715.293	6.84509	0.430663
NM_001370532.1	2220	1992.29	0	0
NM_001370533.1	2506	2278.29	0	0
NM_001370534.1	4892	4664.29	112.109	1.08167
NM_001370535.1	5070	4842.29	2047.7	19.0308
NM_001370536.1	4771	4543.29	15.9061	0.157556
NM_001370537.1	5122	4894.29	78.8929	0.725421
NM_001370539.1	4745	4517.29	107.387	1.06983
NM_001370540.1	4598	4370.29	33.3394	0.343312
NM_001370542.1	5121	4893.29	29.0077	0.266781
NM_001370543.1	4999	4771.29	21.7326	0.204983
NM_001370545.1	5551	5323.29	0	0
NM_001370546.1	5634	5406.29	0	0
NM_001370547.1	5863	5635.29	0	0
NM_001370548.1	6479	6251.29	442.786	3.18762
NM_001370549.1	1726	1498.29	0	0
NM_001370552.3	1701	1473.29	0	0
NM_001370553.1	1813	1585.29	0	0
NM_001370554.1	4262	4034.29	322.953	3.60258
NM_001370555.1	6312	6084.29	71.9163	0.531936
NM_001370556.1	6214	5986.29	0	0
NM_001370561.1	11022	10794.3	0	0
NM_001370567.1	3064	2836.29	25.3242	0.401816
NM_001370568.1	3044	2816.29	0	0
NM_001370569.1	3061	2833.29	0	0
NM_001370571.1	3463	3235.29	0	0
NM_001370581.1	687	460.134	0	0
NM_001370585.1	1304	1076.29	0	0
NM_001370586.1	1374	1146.29	0	0
NM_001370587.1	1190	962.293	0	0
NM_001370588.1	1049	821.293	0	0
NM_001370592.1	1319	1091.29	23.9807	0.988922
NM_001370595.2	1234	1006.29	773.185	34.5781
NM_001370596.1	5977	5749.29	1071.14	8.38443
NM_001370597.1	5974	5746.29	6463.46	50.6197
NM_001370598.1	6741	6513.29	0	0
NM_001370605.1	3615	3387.29	0	0
NM_001370608.1	2220	1992.29	0	0
NM_001370609.1	4471	4243.29	63.9632	0.678374
NM_001370639.4	2745	2517.29	0	0
NM_001370640.6	2748	2520.29	0	0
NM_001370641.2	2985	2757.29	0	0
NM_001370649.1	5641	5413.29	0	0
NM_001370650.1	6226	5998.29	0	0
NM_001370652.1	4372	4144.29	21.8953	0.237763
NM_001370658.1	9964	9736.29	331.046	1.53016
NM_001370660.1	3524	3296.29	203.774	2.78205
NM_001370661.1	3198	2970.29	133.752	2.02649
NM_001370662.1	3139	2911.29	215.467	3.33071
NM_001370663.1	3088	2860.29	0	0
NM_001370664.1	3441	3213.29	18.1304	0.253922
NM_001370669.1	1972	1744.29	140.971	3.63709
NM_001370670.1	2023	1795.29	11.587	0.290454
NM_001370673.1	2206	1978.29	3.90643	0.0888652
NM_001370687.1	1855	1627.29	0	0
NM_001370694.2	4560	4332.29	22.1663	0.23026
NM_001370704.1	10754	10526.3	0	0
NM_001370730.1	3139	2911.29	6.69141	0.103437
NM_001370731.1	3088	2860.29	0.00562733	8.8539e-05
NM_001370732.1	2705	2477.29	0	0
NM_001370735.1	1208	980.293	0	0
NM_001370736.1	1192	964.293	0	0
NM_001370737.1	1450	1222.29	1	0.0368186
NM_001370746.1	2650	2422.29	0	0
NM_001370747.1	5446	5218.29	36.5312	0.315049
NM_001370748.1	2491	2263.29	0	0
NM_001370752.1	1928	1700.29	53.6216	1.41925
NM_001370753.1	2943	2715.29	8.47533	0.140469
NM_001370766.1	2491	2263.29	87.2705	1.73528
NM_001370785.2	27923	27695.3	0	0
NM_001370809.1	2950	2722.29	124.5	2.05815
NM_001370959.1	6123	5895.29	0	0
NM_001370974.1	2146	1918.29	155.877	3.65688
NM_001370975.1	2151	1923.29	52.9008	1.23782
NM_001370976.1	2143	1915.29	54.7569	1.28661
NM_001370977.1	2148	1920.29	16.9141	0.396391
NM_001370978.1	2168	1940.29	8.931	0.207145
NM_001370979.1	2104	1876.29	59.4627	1.42622
NM_001370980.1	2109	1881.29	19.9362	0.476902
NM_001370981.1	2009	1781.29	38.9048	0.982901
NM_001370982.1	2004	1776.29	409.32	10.3703
NM_001371.4	14578	14350.3	0	0
NM_001371008.1	4857	4629.29	0	0
NM_001371009.1	5173	4945.29	0	0
NM_001371071.1	3503	3275.29	0	0
NM_001371072.1	3196	2968.29	2313	35.068
NM_001371074.1	2044	1816.29	0	0
NM_001371075.1	4666	4438.29	0	0
NM_001371077.1	4592	4364.29	0	0
NM_001371078.1	1974	1746.29	0	0
NM_001371079.1	1878	1650.29	25.061	0.683406
NM_001371080.1	1584	1356.29	0	0
NM_001371081.1	2065	1837.29	0	0
NM_001371083.1	3808	3580.29	0	0
NM_001371084.1	3686	3458.29	0	0
NM_001371085.1	3759	3531.29	0	0
NM_001371086.1	3723	3495.29	0	0
NM_001371087.1	2883	2655.29	0	0
NM_001371088.1	3570	3342.29	0	0
NM_001371090.1	7475	7247.29	285.756	1.77444
NM_001371091.1	8231	8003.29	58.6921	0.33003
NM_001371092.1	3689	3461.29	0.00102727	1.33564e-05
NM_001371094.1	7590	7362.29	37.4833	0.229122
NM_001371095.1	7799	7571.29	41.7272	0.248023
NM_001371096.1	1058	830.293	0	0
NM_001371097.1	3428	3200.29	0	0
NM_001371100.1	847	619.427	32.824	2.38475
NM_001371101.1	841	613.427	0	0
NM_001371102.1	1089	861.293	0	0
NM_001371113.1	4626	4398.29	0	0
NM_001371114.1	4522	4294.29	0	0
NM_001371116.1	6597	6369.29	0	0
NM_001371119.1	6510	6282.29	0	0
NM_001371120.1	3513	3285.29	0	0
NM_001371121.1	3522	3294.29	0	0
NM_001371122.1	6222	5994.29	0	0
NM_001371123.1	6288	6060.29	0	0
NM_001371124.1	6501	6273.29	0	0
NM_001371125.1	6153	5925.29	0	0
NM_001371126.1	6798	6570.29	0	0
NM_001371127.1	6419	6191.29	0	0
NM_001371128.1	6540	6312.29	0	0
NM_001371129.1	6341	6113.29	0	0
NM_001371130.1	6417	6189.29	0	0
NM_001371131.1	6782	6554.29	0	0
NM_001371132.1	6459	6231.29	0	0
NM_001371133.1	6602	6374.29	0	0
NM_001371134.1	6335	6107.29	0	0
NM_001371135.1	6374	6146.29	0	0
NM_001371136.1	6464	6236.29	0	0
NM_001371137.1	6169	5941.29	6.68081e-08	5.06046e-10
NM_001371138.1	6539	6311.29	0	0
NM_001371139.1	6519	6291.29	0	0
NM_001371140.1	6455	6227.29	0	0
NM_001371141.1	6389	6161.29	0	0
NM_001371142.1	6330	6102.29	0	0
NM_001371143.1	6432	6204.29	0	0
NM_001371144.1	6686	6458.29	0	0
NM_001371145.1	6491	6263.29	0	0
NM_001371146.1	6608	6380.29	0	0
NM_001371147.1	6357	6129.29	0	0
NM_001371148.1	6126	5898.29	0	0
NM_001371149.1	6431	6203.29	0	0
NM_001371150.1	6415	6187.29	0	0
NM_001371151.1	6180	5952.29	0	0
NM_001371152.1	6347	6119.29	0	0
NM_001371153.1	6540	6312.29	0	0
NM_001371154.1	6152	5924.29	0	0
NM_001371155.1	6516	6288.29	0	0
NM_001371156.1	6710	6482.29	0	0
NM_001371157.1	6397	6169.29	0	0
NM_001371158.1	6518	6290.29	0	0
NM_001371159.1	6365	6137.29	0	0
NM_001371160.1	6380	6152.29	0	0
NM_001371161.1	6386	6158.29	0	0
NM_001371162.1	6483	6255.29	0	0
NM_001371163.1	6783	6555.29	0	0
NM_001371164.1	6414	6186.29	0	0
NM_001371165.1	6534	6306.29	0	0
NM_001371166.1	6270	6042.29	0	0
NM_001371167.1	6483	6255.29	0	0
NM_001371168.1	6576	6348.29	0	0
NM_001371169.1	6665	6437.29	0	0
NM_001371170.1	6138	5910.29	0	0
NM_001371171.1	6436	6208.29	18.0945	0.131165
NM_001371172.1	6644	6416.29	0	0
NM_001371173.1	6398	6170.29	0	0
NM_001371174.1	6356	6128.29	0	0
NM_001371175.1	6038	5810.29	0	0
NM_001371176.1	6101	5873.29	0	0
NM_001371177.1	6119	5891.29	0	0
NM_001371178.1	6092	5864.29	3.90812	0.0299912
NM_001371179.1	6381	6153.29	0	0
NM_001371180.1	5880	5652.29	1.66868e-07	1.32859e-09
NM_001371181.1	6285	6057.29	0	0
NM_001371182.1	6210	5982.29	0	0
NM_001371184.3	1251	1023.29	0	0
NM_001371186.2	6350	6122.29	261.701	1.92368
NM_001371187.2	7957	7729.29	8.52116	0.0496137
NM_001371188.2	5360	5132.29	104.723	0.918279
NM_001371189.2	14600	14372.3	1.70564	0.00534077
NM_001371193.1	1441	1213.29	0	0
NM_001371194.2	4562	4334.29	5.54852	0.0576104
NM_001371195.1	4520	4292.29	0	0
NM_001371196.1	4872	4644.29	0	0
NM_001371197.1	4749	4521.29	0	0
NM_001371198.1	4231	4003.29	0	0
NM_001371199.1	4523	4295.29	0	0
NM_001371200.1	4646	4418.29	0	0
NM_001371201.1	4460	4232.29	0	0
NM_001371202.1	4358	4130.29	0	0
NM_001371205.1	1527	1299.29	40.218	1.39301
NM_001371206.1	1369	1141.29	40.1458	1.58301
NM_001371210.1	892	664.361	0.835337	0.0565848
NM_001371211.1	2981	2753.29	0	0
NM_001371212.1	2864	2636.29	0	0
NM_001371213.1	2881	2653.29	76.9924	1.30589
NM_001371214.1	2709	2481.29	28.3994	0.515078
NM_001371215.1	2629	2401.29	0	0
NM_001371216.1	2662	2434.29	0	0
NM_001371217.1	3144	2916.29	2.33254e-05	3.59949e-07
NM_001371218.1	2864	2636.29	0	0
NM_001371220.1	4226	3998.29	0	0
NM_001371221.1	3758	3530.29	89.3936	1.13956
NM_001371223.1	5461	5233.29	0	0
NM_001371224.1	5068	4840.29	16.7473	0.155709
NM_001371225.1	4987	4759.29	0	0
NM_001371229.1	2577	2349.29	121.739	2.33204
NM_001371231.1	2661	2433.29	15.5653	0.287876
NM_001371232.1	2539	2311.29	10.2457	0.199494
NM_001371233.1	4213	3985.29	0	0
NM_001371234.1	1199	971.293	2	0.0926663
NM_001371235.1	3203	2975.29	0	0
NM_001371236.1	2296	2068.29	0	0
NM_001371237.1	1853	1625.29	0	0
NM_001371238.1	2597	2369.29	178.946	3.39895
NM_001371242.2	10039	9811.29	63.3655	0.290649
NM_001371244.1	2781	2553.29	1698.04	29.9288
NM_001371245.1	2709	2481.29	39.9675	0.724889
NM_001371246.1	8776	8548.29	0	0
NM_001371247.1	8604	8376.29	0	0
NM_001371248.1	4307	4079.29	0	0
NM_001371249.1	4234	4006.29	0	0
NM_001371250.1	4591	4363.29	161.315	1.6638
NM_001371251.1	4442	4214.29	6.93141	0.0740183
NM_001371252.1	4423	4195.29	0	0
NM_001371253.1	4369	4141.29	0	0
NM_001371254.1	2714	2486.29	0	0
NM_001371255.1	3401	3173.29	0	0
NM_001371256.1	3215	2987.29	0	0
NM_001371257.1	3380	3152.29	4.517	0.064486
NM_001371258.1	3087	2859.29	3.1715	0.0499169
NM_001371260.1	3205	2977.29	0	0
NM_001371261.1	2869	2641.29	0	0
NM_001371262.1	2889	2661.29	0	0
NM_001371263.1	3102	2874.29	0	0
NM_001371264.1	3162	2934.29	0	0
NM_001371265.1	3380	3152.29	0	0
NM_001371266.1	3248	3020.29	0	0
NM_001371267.1	3219	2991.29	0	0
NM_001371268.1	2418	2190.29	0	0
NM_001371271.1	7187	6959.29	637.724	4.12392
NM_001371272.1	6285	6057.29	2671.92	19.8512
NM_001371273.1	8316	8088.29	0	0
NM_001371274.1	9589	9361.29	1.91649	0.00921324
NM_001371275.1	9474	9246.29	25.8123	0.125632
NM_001371276.1	9380	9152.29	23.0239	0.113212
NM_001371277.1	9364	9136.29	0	0
NM_001371279.1	4017	3789.29	0	0
NM_001371280.1	3651	3423.29	0	0
NM_001371281.1	2541	2313.29	14.7131	0.286231
NM_001371282.1	2469	2241.29	74.9316	1.50456
NM_001371283.1	2362	2134.29	0	0
NM_001371284.1	5164	4936.29	0	0
NM_001371285.1	4861	4633.29	0	0
NM_001371286.1	4982	4754.29	0	0
NM_001371287.1	6790	6562.29	0	0
NM_001371288.1	4886	4658.29	0	0
NM_001371290.1	5357	5129.29	0	0
NM_001371291.1	5031	4803.29	2	0.0187384
NM_001371292.1	1443	1215.29	106.79	3.95452
NM_001371293.1	1243	1015.29	96.4238	4.274
NM_001371294.1	1594	1366.29	280.16	9.22793
NM_001371295.1	1558	1330.29	0	0
NM_001371296.1	1424	1196.29	28.2095	1.06121
NM_001371297.1	1646	1418.29	58.7356	1.86371
NM_001371298.1	1274	1046.29	19.0438	0.819109
NM_001371299.1	1619	1391.29	7.33888	0.237385
NM_001371301.2	2068	1840.29	10.1022	0.247043
NM_001371302.1	5431	5203.29	0	0
NM_001371303.1	5194	4966.29	20.332	0.184243
NM_001371304.1	5110	4882.29	0	0
NM_001371305.1	5350	5122.29	0	0
NM_001371306.1	5043	4815.29	132.473	1.23808
NM_001371307.1	1294	1066.29	0	0
NM_001371308.1	1074	846.293	0	0
NM_001371309.1	949	721.293	0	0
NM_001371310.1	1031	803.293	0	0
NM_001371311.1	1121	893.293	0.495801	0.0249779
NM_001371312.1	1240	1012.29	0.138921	0.00617596
NM_001371313.1	1175	947.293	0	0
NM_001371314.1	1014	786.293	0	0
NM_001371315.1	1085	857.293	2.72221	0.142901
NM_001371316.1	1067	839.293	0	0
NM_001371317.1	998	770.293	0	0
NM_001371318.1	968	740.293	0	0
NM_001371319.1	4649	4421.29	0	0
NM_001371320.1	7040	6812.29	8.89428	0.058757
NM_001371321.1	7902	7674.29	0	0
NM_001371322.1	519	297.525	6.58187	0.995561
NM_001371323.1	523	301.192	2.14617	0.320674
NM_001371324.1	4148	3920.29	0	0
NM_001371325.1	2735	2507.29	0	0
NM_001371326.1	2539	2311.29	18.7369	0.364825
NM_001371327.1	2555	2327.29	0.00256353	4.95713e-05
NM_001371328.1	2616	2388.29	0.000133117	2.50835e-06
NM_001371329.1	2500	2272.29	0.00024256	4.80393e-06
NM_001371330.1	2858	2630.29	0.000180332	3.0854e-06
NM_001371331.1	2919	2691.29	6.90327	0.115435
NM_001371332.1	2803	2575.29	18.6099	0.325207
NM_001371333.1	1471	1243.29	1365.63	49.4311
NM_001371334.1	761	533.648	6.44235	0.54329
NM_001371335.1	1223	995.293	20.8576	0.943097
NM_001371336.1	3956	3728.29	0	0
NM_001371337.1	4166	3938.29	42.9686	0.491004
NM_001371338.1	4115	3887.29	0	0
NM_001371339.1	4023	3795.29	34.1989	0.405517
NM_001371340.3	2091	1863.29	5.64133	0.136252
NM_001371342.1	12499	12271.3	0	0
NM_001371343.2	13639	13411.3	0	0
NM_001371344.2	13627	13399.3	0	0
NM_001371345.2	13588	13360.3	0	0
NM_001371346.2	13408	13180.3	0	0
NM_001371350.1	1131	903.293	19.0137	0.947285
NM_001371351.1	3600	3372.29	0	0
NM_001371352.1	3461	3233.29	30.7299	0.427719
NM_001371353.1	2976	2748.29	11.7358	0.192173
NM_001371354.1	3024	2796.29	49.5479	0.797416
NM_001371355.1	2456	2228.29	75.1818	1.51839
NM_001371356.1	2810	2582.29	0	0
NM_001371357.1	1647	1419.29	0	0
NM_001371359.1	1748	1520.29	0	0
NM_001371361.1	1928	1700.29	5.27672	0.139663
NM_001371362.1	6063	5835.29	0	0
NM_001371364.2	6828	6600.29	562.762	3.83711
NM_001371365.2	6787	6559.29	14.224	0.0975904
NM_001371366.2	6749	6521.29	0.320819	0.00221395
NM_001371367.2	6660	6432.29	311.06	2.17631
NM_001371369.1	2529	2301.29	0	0
NM_001371370.1	1816	1588.29	0	0
NM_001371371.1	1741	1513.29	0	0
NM_001371372.1	1535	1307.29	0	0
NM_001371373.1	1616	1388.29	0	0
NM_001371374.1	2911	2683.29	0	0
NM_001371376.1	1578	1350.29	0	0
NM_001371380.1	1090	862.293	0	0
NM_001371384.1	4040	3812.29	0	0
NM_001371385.1	4063	3835.29	0	0
NM_001371386.1	4173	3945.29	0	0
NM_001371387.1	3934	3706.29	4.90111e-05	5.95109e-07
NM_001371388.1	3978	3750.29	15.2289	0.182745
NM_001371389.2	7377	7149.29	19.9564	0.125621
NM_001371390.1	882	654.427	0	0
NM_001371391.1	1303	1075.29	0	0
NM_001371392.1	1531	1303.29	0	0
NM_001371393.1	1462	1234.29	18.73	0.682907
NM_001371394.1	1669	1441.29	28.2089	0.880798
NM_001371395.1	6631	6403.29	0.179059	0.00125844
NM_001371396.1	6203	5975.29	0	0
NM_001371397.1	6259	6031.29	8.24719	0.0615372
NM_001371398.1	6381	6153.29	1.29385	0.00946279
NM_001371399.1	6356	6128.29	335.568	2.46424
NM_001371401.1	1659	1431.29	256.351	8.06025
NM_001371403.1	5223	4995.29	0	0
NM_001371406.1	3985	3757.29	0	0
NM_001371407.1	3960	3732.29	0	0
NM_001371408.1	3892	3664.29	0	0
NM_001371410.1	2584	2356.29	0	0
NM_001371411.1	5303	5075.29	0	0
NM_001371412.1	5469	5241.29	0	0
NM_001371413.1	5409	5181.29	0	0
NM_001371414.1	5788	5560.29	0	0
NM_001371415.1	3339	3111.29	0	0
NM_001371416.1	6440	6212.29	9.57773	0.069383
NM_001371417.1	6507	6279.29	3.92667e-06	2.8142e-08
NM_001371418.1	4145	3917.29	36.3427	0.417516
NM_001371419.1	2103	1875.29	0.444189	0.0106596
NM_001371420.1	2100	1872.29	3.98887	0.0958777
NM_001371421.1	4061	3833.29	2.36648	0.0277826
NM_001371422.1	3904	3676.29	0	0
NM_001371423.1	3901	3673.29	0	0
NM_001371424.1	3735	3507.29	0	0
NM_001371426.1	10021	9793.29	5.19235	0.0238604
NM_001371427.1	9979	9751.29	73.9776	0.341413
NM_001371428.1	9934	9706.29	0	0
NM_001371437.1	2536	2308.29	217.774	4.24577
NM_001371438.1	2038	1810.29	21.3043	0.529615
NM_001371439.1	2104	1876.29	99.4239	2.38469
NM_001371443.1	1542	1314.29	32.4372	1.11069
NM_001371444.1	1812	1584.29	2.95589	0.0839644
NM_001371445.1	2552	2324.29	113.548	2.19852
NM_001371446.1	2432	2204.29	0.522536	0.0106682
NM_001371447.1	1409	1181.29	0	0
NM_001371448.1	1610	1382.29	0	0
NM_001371449.1	1724	1496.29	0	0
NM_001371450.1	2105	1877.29	42.757	1.02498
NM_001371451.1	2063	1835.29	60.8961	1.49323
NM_001371452.1	918	690.293	23.0855	1.50504
NM_001371453.1	2304	2076.29	152.997	3.31616
NM_001371454.1	2080	1852.29	0.421664	0.0102447
NM_001371455.1	1402	1174.29	0.216248	0.00828739
NM_001371456.1	1532	1304.29	0.150206	0.00518269
NM_001371457.1	8499	8271.29	1983.78	10.7935
NM_001371458.1	2804	2576.29	0	0
NM_001371459.1	2861	2633.29	203.022	3.46965
NM_001371460.1	2966	2738.29	5.60163e-05	9.20612e-07
NM_001371461.1	2788	2560.29	21.0624	0.37022
NM_001371462.1	2861	2633.29	86.692	1.48157
NM_001371463.1	2844	2616.29	8.87025	0.152578
NM_001371464.1	2767	2539.29	0	0
NM_001371465.1	2736	2508.29	23.2292	0.416772
NM_001371466.1	2843	2615.29	0	0
NM_001371467.1	2858	2630.29	1.8422	0.0315192
NM_001371468.1	2731	2503.29	0	0
NM_001371469.1	2731	2503.29	0	0
NM_001371470.1	2609	2381.29	33.0648	0.624879
NM_001371471.1	1726	1498.29	2.03303e-07	6.10646e-09
NM_001371472.1	1848	1620.29	5.59658e-08	1.55443e-09
NM_001371473.1	2449	2221.29	24.6342	0.499086
NM_001371474.1	2504	2276.29	0	0
NM_001371475.1	2613	2385.29	20.9895	0.396007
NM_001371476.1	2001	1773.29	0	0
NM_001371477.1	2969	2741.29	0	0
NM_001371478.1	4179	3951.29	313.712	3.57301
NM_001371479.1	2636	2408.29	776.061	14.502
NM_001371480.1	7975	7747.29	30.1495	0.175135
NM_001371481.1	11008	10780.3	0	0
NM_001371482.1	10999	10771.3	44.2662	0.184947
NM_001371483.1	10993	10765.3	439.503	1.83729
NM_001371484.1	10987	10759.3	66.6223	0.278662
NM_001371485.1	10882	10654.3	3.10536	0.0131168
NM_001371486.1	10876	10648.3	36.5713	0.154562
NM_001371487.1	10786	10558.3	56.4232	0.240495
NM_001371488.1	1364	1136.29	63.8367	2.52826
NM_001371489.1	1401	1173.29	0	0
NM_001371494.1	4644	4416.29	31.8411	0.324468
NM_001371495.1	4546	4318.29	67.285	0.701211
NM_001371496.1	4367	4139.29	1.09953	0.0119543
NM_001371497.1	4446	4218.29	0	0
NM_001371498.1	4325	4097.29	15.7234	0.172699
NM_001371499.1	957	729.293	7.94726	0.490408
NM_001371500.1	945	717.293	0	0
NM_001371513.1	2527	2299.29	23.5364	0.460667
NM_001371514.1	2402	2174.29	7.34833	0.152094
NM_001371525.1	5278	5050.29	62.9602	0.561038
NM_001371529.1	2609	2381.29	0	0
NM_001371533.1	4249	4021.29	3095.09	34.6377
NM_001371534.1	3989	3761.29	100.471	1.20211
NM_001371536.1	3997	3769.29	16.446	0.196356
NM_001371554.1	2052	1824.29	0	0
NM_001371555.1	1469	1241.29	0	0
NM_001371558.1	1171	943.293	0	0
NM_001371559.1	2305	2077.29	0	0
NM_001371560.1	2191	1963.29	0	0
NM_001371569.1	5000	4772.29	133.649	1.26032
NM_001371570.1	4987	4759.29	0	0
NM_001371575.1	21039	20811.3	0	0
NM_001371577.1	6094	5866.29	668.414	5.12772
NM_001371581.1	1843	1615.29	0	0
NM_001371589.1	8987	8759.29	6.86861e-05	3.52892e-07
NM_001371590.2	4387	4159.29	29.1195	0.31507
NM_001371591.2	4431	4203.29	12.1414	0.129993
NM_001371592.2	4428	4200.29	43.5975	0.467116
NM_001371593.2	4308	4080.29	0	0
NM_001371594.2	4275	4047.29	0	0
NM_001371595.1	4346	4118.29	20.0443	0.219036
NM_001371596.2	4422	4194.29	109.328	1.17304
NM_001371603.5	6356	6128.29	1065.3	7.82302
NM_001371604.1	1591	1363.29	666.173	21.9907
NM_001371605.1	1670	1442.29	62.2111	1.94114
NM_001371606.1	1595	1367.29	0	0
NM_001371607.1	1559	1331.29	102.824	3.47587
NM_001371608.1	1864	1636.29	0.0217958	0.00059945
NM_001371610.1	1360	1132.29	0	0
NM_001371623.1	5026	4798.29	1503.11	14.0976
NM_001371624.1	2187	1959.29	7.27405	0.167078
NM_001371625.1	2476	2248.29	0	0
NM_001371626.1	2472	2244.29	0	0
NM_001371649.1	2307	2079.29	0	0
NM_001371656.1	10807	10579.3	29.9281	0.127311
NM_001371657.1	2751	2523.29	0	0
NM_001371658.1	1671	1443.29	9.77507	0.304795
NM_001371659.1	1869	1641.29	3.53209	0.0968475
NM_001371660.1	1505	1277.29	19.6951	0.693922
NM_001371661.1	1402	1174.29	134.31	5.14722
NM_001371664.1	7952	7724.29	0	0
NM_001371695.1	10576	10348.3	23.0885	0.100408
NM_001371696.1	10335	10107.3	0	0
NM_001371697.1	10385	10157.3	1.15679e-07	5.12528e-10
NM_001371698.1	11104	10876.3	282.851	1.17036
NM_001371699.1	10279	10051.3	0	0
NM_001371700.1	10140	9912.29	0.000254783	1.15675e-06
NM_001371701.1	10190	9962.29	5.50314	0.0248596
NM_001371702.1	10306	10078.3	0	0
NM_001371703.1	10256	10028.3	0	0
NM_001371704.1	10200	9972.29	0	0
NM_001371705.1	11025	10797.3	52.1703	0.217446
NM_001371706.1	10473	10245.3	4.27005e-08	1.87564e-10
NM_001371712.1	4805	4577.29	0	0
NM_001371720.2	4070	3842.29	385.865	4.51946
NM_001371725.1	2495	2267.29	74.3325	1.47541
NM_001371726.1	2459	2231.29	25.1021	0.506286
NM_001371727.1	7266	7038.29	0	0
NM_001371728.1	2408	2180.29	11.9787	0.247251
NM_001371730.1	2522	2294.29	1.45248	0.0284907
NM_001371731.1	2341	2113.29	11.5387	0.24572
NM_001371732.1	2419	2191.29	0	0
NM_001371733.1	2432	2204.29	0.914468	0.0186699
NM_001371734.1	2403	2175.29	0	0
NM_001371737.1	4071	3843.29	9.08505	0.106382
NM_001371738.1	4014	3786.29	0	0
NM_001371739.1	3947	3719.29	33.9948	0.411334
NM_001371740.1	3930	3702.29	0	0
NM_001371741.1	3782	3554.29	58.4263	0.739772
NM_001371742.1	3696	3468.29	0	0
NM_001371743.1	3605	3377.29	0	0
NM_001371761.1	1926	1698.29	1	0.026499
NM_001371762.2	3492	3264.29	0	0
NM_001371763.1	2076	1848.29	0	0
NM_001371765.2	704	476.947	0	0
NM_001371771.1	1559	1331.29	0	0
NM_001371772.1	1444	1216.29	0	0
NM_001371773.1	1651	1423.29	0	0
NM_001371774.1	1621	1393.29	0	0
NM_001371783.1	15138	14910.3	0	0
NM_001371856.3	3863	3635.29	0	0
NM_001371858.3	3855	3627.29	32.222	0.399772
NM_001371859.3	3908	3680.29	0	0
NM_001371860.3	3836	3608.29	11.4065	0.142263
NM_001371861.3	3836	3608.29	0	0
NM_001371862.3	3830	3602.29	11.2189	0.140157
NM_001371884.1	831	603.427	0	0
NM_001371904.1	1881	1653.29	7	0.190542
NM_001371905.1	3038	2810.29	0	0
NM_001371906.1	3047	2819.29	0	0
NM_001371907.1	2695	2467.29	0	0
NM_001371908.1	1864	1636.29	0	0
NM_001371909.1	3153	2925.29	0	0
NM_001371910.2	11360	11132.3	2800.9	11.3229
NM_001371911.1	11054	10826.3	63.9676	0.265902
NM_001371912.2	2313	2085.29	17.2354	0.371961
NM_001371913.2	1645	1417.29	16.528	0.524811
NM_001371914.2	1464	1236.29	934.007	33.9994
NM_001371916.2	1395	1167.29	90.9946	3.50815
NM_001371917.2	2050	1822.29	8.77693	0.216754
NM_001371918.2	1645	1417.29	0	0
NM_001371919.1	1110	882.293	0	0
NM_001371920.2	1899	1671.29	5.46503	0.147157
NM_001371921.2	2047	1819.29	31.6005	0.781688
NM_001371923.1	1290	1062.29	0	0
NM_001371926.1	6788	6560.29	0	0
NM_001371928.1	6428	6200.29	531.472	3.85754
NM_001371931.2	1495	1267.29	3.27047	0.116138
NM_001371936.1	648	421.846	0	0
NM_001371938.1	475	257.02	71.4671	12.5136
NM_001371945.2	1687	1459.29	0.758729	0.0233984
NM_001371969.1	7665	7437.29	57.8888	0.350285
NM_001371970.1	7785	7557.29	0	0
NM_001371971.1	7394	7166.29	0	0
NM_001371972.1	3138	2910.29	0	0
NM_001371986.1	13917	13689.3	0	0
NM_001372.4	13711	13483.3	0	0
NM_001372005.1	4593	4365.29	43.6025	0.449511
NM_001372006.1	2868	2640.29	0	0
NM_001372009.1	5911	5683.29	0	0
NM_001372011.1	1136	908.293	0	0
NM_001372013.1	1499	1271.29	26.7582	0.947224
NM_001372024.1	4276	4048.29	16.8496	0.18731
NM_001372025.1	5048	4820.29	62.5486	0.583964
NM_001372026.1	5003	4775.29	0	0
NM_001372027.1	5020	4792.29	17.1362	0.160922
NM_001372028.1	4121	3893.29	0	0
NM_001372029.1	4267	4039.29	0	0
NM_001372030.1	4252	4024.29	37.7878	0.422576
NM_001372031.1	3896	3668.29	0	0
NM_001372032.1	3872	3644.29	0	0
NM_001372033.1	3857	3629.29	0	0
NM_001372034.1	3845	3617.29	0	0
NM_001372035.1	3770	3542.29	149.88	1.90416
NM_001372036.1	3793	3565.29	47.6205	0.601093
NM_001372037.1	3751	3523.29	12.3912	0.158273
NM_001372038.1	3599	3371.29	10.7966	0.144123
NM_001372039.1	3563	3335.29	3.97396	0.0536206
NM_001372040.1	3497	3269.29	20.5429	0.282782
NM_001372041.1	3455	3227.29	5.66017	0.0789284
NM_001372042.1	3882	3654.29	13.4568	0.165722
NM_001372043.1	10226	9998.29	0	0
NM_001372044.2	7691	7463.29	492	2.96672
NM_001372045.1	2035	1807.29	0	0
NM_001372046.1	2036	1808.29	13.5847	0.338084
NM_001372047.1	2143	1915.29	0	0
NM_001372050.1	4451	4223.29	18.2839	0.194832
NM_001372051.1	2659	2431.29	14.7437	0.272905
NM_001372052.1	6406	6178.29	0	0
NM_001372053.1	6207	5979.29	0	0
NM_001372055.1	7926	7698.29	0	0
NM_001372056.1	4902	4674.29	0	0
NM_001372057.1	4881	4653.29	0	0
NM_001372058.1	2120	1892.29	0	0
NM_001372060.1	2118	1890.29	0	0
NM_001372061.1	9543	9315.29	98.0313	0.473599
NM_001372062.1	8900	8672.29	142.824	0.741158
NM_001372065.1	4839	4611.29	1710.42	16.6926
NM_001372066.1	3143	2915.29	4.69018	0.0724018
NM_001372068.1	7327	7099.29	34.918	0.221349
NM_001372069.1	7206	6978.29	101.062	0.651749
NM_001372070.1	7868	7640.29	619.507	3.64904
NM_001372071.1	980	752.293	34.8458	2.08452
NM_001372072.1	957	729.293	2.49165	0.153754
NM_001372073.1	1508	1280.29	9.89442	0.347795
NM_001372076.1	4166	3938.29	21.4048	0.244594
NM_001372078.1	10706	10478.3	1250.1	5.36902
NM_001372080.1	6055	5827.29	490.524	3.78823
NM_001372081.1	4138	3910.29	0.195429	0.00224916
NM_001372085.1	2116	1888.29	259.584	6.18658
NM_001372086.1	1835	1607.29	13.4543	0.376712
NM_001372091.1	9991	9763.29	209.056	0.963627
NM_001372092.1	9982	9754.29	0	0
NM_001372093.1	10250	10022.3	0	0
NM_001372094.1	10151	9923.29	0	0
NM_001372095.1	10275	10047.3	0	0
NM_001372096.1	10035	9807.29	39.6028	0.181727
NM_001372097.1	9862	9634.29	0	0
NM_001372098.1	9844	9616.29	34.7502	0.162627
NM_001372099.1	9787	9559.29	39.9218	0.187943
NM_001372100.1	10110	9882.29	256.796	1.16943
NM_001372101.1	9771	9543.29	63.8299	0.301001
NM_001372102.1	9651	9423.29	0	0
NM_001372103.1	10062	9834.29	0	0
NM_001372105.2	468	250.385	0	0
NM_001372106.1	14039	13811.3	0	0
NM_001372107.1	5250	5022.29	103.408	0.926604
NM_001372108.2	2130	1902.29	6	0.141944
NM_001372123.1	4532	4304.29	459.872	4.80814
NM_001372124.1	4528	4300.29	173.385	1.8145
NM_001372125.1	4519	4291.29	66.6402	0.69886
NM_001372126.1	4381	4153.29	75.2758	0.815653
NM_001372127.1	4640	4412.29	0.00752361	7.67369e-05
NM_001372128.1	4493	4265.29	0	0
NM_001372129.1	5003	4775.29	57.3074	0.540073
NM_001372130.1	5111	4883.29	46.3678	0.427313
NM_001372131.1	4990	4762.29	0.00150951	1.42647e-05
NM_001372163.1	5705	5477.29	17.1231	0.140688
NM_001372165.1	5744	5516.29	0.00102105	8.32997e-06
NM_001372166.1	6162	5934.29	0	0
NM_001372167.1	6340	6112.29	7.56491	0.0556983
NM_001372168.1	6027	5799.29	0	0
NM_001372169.1	6153	5925.29	0	0
NM_001372170.1	6353	6125.29	30.1028	0.221168
NM_001372171.1	6050	5822.29	581.063	4.49129
NM_001372179.1	2141	1913.29	40.5412	0.953582
NM_001372188.1	3298	3070.29	18.9007	0.277039
NM_001372189.1	2964	2736.29	7.58855	0.124807
NM_001372190.1	2951	2723.29	7.83497	0.129475
NM_001372233.1	3822	3594.29	0	0
NM_001372263.2	21016	20788.3	0	0
NM_001372305.1	6441	6213.29	10.126	0.0733427
NM_001372327.1	2083	1855.29	818.013	19.8422
NM_001372574.1	4347	4119.29	1292.1	14.1161
NM_001374.3	1349	1121.29	0	0
NM_001374085.1	2622	2394.29	149.857	2.8167
NM_001374086.1	2597	2369.29	4.42684	0.0840848
NM_001374178.1	1087	859.293	53.2145	2.78696
NM_001374244.1	6579	6351.29	2.09301e-08	1.48304e-10
NM_001374253.1	4985	4757.29	66.473	0.628822
NM_001374254.1	4840	4612.29	44.5104	0.434297
NM_001374255.1	1068	840.293	0	0
NM_001374256.1	2519	2291.29	60.0904	1.18023
NM_001374257.1	2657	2429.29	0	0
NM_001374258.1	9807	9579.29	0.000449105	2.10988e-06
NM_001374259.2	5443	5215.29	0	0
NM_001374261.3	1395	1167.29	0	0
NM_001374262.3	1411	1183.29	0	0
NM_001374263.2	1792	1564.29	16.3025	0.469007
NM_001374264.2	1771	1543.29	0	0
NM_001374265.1	1442	1214.29	0	0
NM_001374266.1	1241	1013.29	0	0
NM_001374269.1	3862	3634.29	1141.41	14.134
NM_001374270.1	6786	6558.29	11.4086	0.0782861
NM_001374272.1	6612	6384.29	11.2783	0.079501
NM_001374273.1	2343	2115.29	0	0
NM_001374274.1	2376	2148.29	0	0
NM_001374275.1	6046	5818.29	0	0
NM_001374276.1	6083	5855.29	147.095	1.13055
NM_001374277.1	5792	5564.29	317.92	2.57128
NM_001374284.1	1461	1233.29	10.27	0.374753
NM_001374294.1	1517	1289.29	323.543	11.2933
NM_001374295.1	1838	1610.29	410.033	11.4593
NM_001374299.1	4408	4180.29	39.4519	0.424721
NM_001374300.1	4578	4350.29	26.0989	0.269989
NM_001374301.1	4399	4171.29	16.3342	0.176226
NM_001374303.1	872	644.427	0	0
NM_001374306.2	3745	3517.29	0	0
NM_001374307.2	3975	3747.29	2.20754	0.0265114
NM_001374308.2	4070	3842.29	0	0
NM_001374309.2	3726	3498.29	0	0
NM_001374310.2	3944	3716.29	0	0
NM_001374311.2	3849	3621.29	62.803	0.780475
NM_001374312.2	3856	3628.29	16.32	0.202423
NM_001374313.2	3834	3606.29	54.4977	0.680079
NM_001374314.1	2865	2637.29	26.4972	0.452151
NM_001374315.2	3772	3544.29	0	0
NM_001374316.1	2128	1900.29	70.5272	1.67024
NM_001374317.1	2402	2174.29	0	0
NM_001374318.1	2684	2456.29	0	0
NM_001374319.1	2112	1884.29	0	0
NM_001374320.1	2394	2166.29	0	0
NM_001374321.1	3756	3528.29	0	0
NM_001374325.1	3996	3768.29	3.17255	0.0378884
NM_001374326.1	2744	2516.29	1436.91	25.6986
NM_001374327.1	8106	7878.29	325.275	1.85806
NM_001374328.1	7989	7761.29	0	0
NM_001374329.1	7970	7742.29	92.1245	0.535486
NM_001374330.1	8079	7851.29	20.9234	0.119931
NM_001374335.1	1585	1357.29	0	0
NM_001374336.1	1820	1592.29	5.90244	0.166821
NM_001374337.1	1510	1282.29	0	0
NM_001374338.1	1483	1255.29	14.5552	0.521814
NM_001374339.1	1640	1412.29	0	0
NM_001374353.1	7136	6908.29	1169.5	7.61851
NM_001374354.1	7030	6802.29	243.62	1.61176
NM_001374355.1	3388	3160.29	16.7592	0.238654
NM_001374356.1	3352	3124.29	296.771	4.27476
NM_001374357.1	3635	3407.29	356.025	4.70233
NM_001374358.1	3010	2782.29	7.15016e-07	1.15653e-08
NM_001374359.1	3131	2903.29	403.162	6.2493
NM_001374360.1	3077	2849.29	7.29176	0.11517
NM_001374361.1	3014	2786.29	68.9907	1.11431
NM_001374377.1	2146	1918.29	54.6452	1.28197
NM_001374380.1	2082	1854.29	35.8081	0.86905
NM_001374385.1	6161	5933.29	1176.26	8.92177
NM_001374386.1	6063	5835.29	42.6061	0.328587
NM_001374396.1	2950	2722.29	59.9791	0.991534
NM_001374397.1	3020	2792.29	14.045	0.226361
NM_001374399.1	1503	1275.29	622.603	21.9707
NM_001374400.1	5709	5481.29	153.03	1.25643
NM_001374401.1	5908	5680.29	0	0
NM_001374402.1	5811	5583.29	0	0
NM_001374403.1	5835	5607.29	0	0
NM_001374407.1	1646	1418.29	56.2912	1.78615
NM_001374418.1	6174	5946.29	0	0
NM_001374419.1	6012	5784.29	26.6863	0.207625
NM_001374420.1	5961	5733.29	0	0
NM_001374421.1	5613	5385.29	0	0
NM_001374422.1	3924	3696.29	0	0
NM_001374423.1	4002	3774.29	0	0
NM_001374425.1	2892	2664.29	55.3273	0.934544
NM_001374426.1	2949	2721.29	0	0
NM_001374427.1	2892	2664.29	24.0418	0.406095
NM_001374428.1	10402	10174.3	0	0
NM_001374429.1	10138	9910.29	0	0
NM_001374430.1	10239	10011.3	0	0
NM_001374431.1	10030	9802.29	0	0
NM_001374432.1	10018	9790.29	0	0
NM_001374433.1	10074	9846.29	0.250556	0.00114518
NM_001374434.1	9865	9637.29	3.6829	0.017198
NM_001374435.1	9862	9634.29	6.46057	0.0301782
NM_001374436.1	9853	9625.29	64.0166	0.29931
NM_001374437.1	9796	9568.29	0	0
NM_001374438.1	9793	9565.29	3.86181	0.0181692
NM_001374439.1	9790	9562.29	5.91742	0.0278492
NM_001374440.1	9751	9523.29	37.1451	0.175532
NM_001374441.1	9574	9346.29	0	0
NM_001374442.1	9409	9181.29	59.3512	0.290916
NM_001374443.1	9406	9178.29	0	0
NM_001374444.1	9226	8998.29	0.797216	0.00398711
NM_001374457.1	5475	5247.29	972.042	8.33666
NM_001374461.1	7249	7021.29	139.39	0.893421
NM_001374465.1	4108	3880.29	0	0
NM_001374478.1	4519	4291.29	0	0
NM_001374480.1	4795	4567.29	103.384	1.01867
NM_001374481.1	4612	4384.29	50.8264	0.521713
NM_001374482.1	4561	4333.29	24.2197	0.251532
NM_001374483.1	4477	4249.29	0	0
NM_001374484.1	3985	3757.29	0	0
NM_001374485.1	4359	4131.29	0	0
NM_001374486.1	3551	3323.29	0	0
NM_001374492.1	3873	3645.29	0	0
NM_001374493.1	4054	3826.29	95.5098	1.12334
NM_001374494.1	4059	3831.29	48.3951	0.568458
NM_001374495.1	3975	3747.29	36.7904	0.441834
NM_001374496.1	3974	3746.29	0	0
NM_001374497.1	2619	2391.29	36.9248	0.694908
NM_001374498.1	2556	2328.29	10.5794	0.204486
NM_001374499.1	2834	2606.29	0	0
NM_001374500.1	2913	2685.29	8.59335	0.144017
NM_001374501.1	2816	2588.29	19.7127	0.342749
NM_001374502.1	2821	2593.29	0	0
NM_001374503.1	2886	2658.29	0	0
NM_001374504.1	3265	3037.29	0	0
NM_001374509.1	2286	2058.29	0	0
NM_001374510.1	2140	1912.29	7.69374	0.181061
NM_001374511.1	2216	1988.29	37.6392	0.851926
NM_001374512.1	2416	2188.29	59.2631	1.21877
NM_001374513.1	2224	1996.29	7.12322	0.160581
NM_001374515.1	1492	1264.29	0	0
NM_001374516.1	1308	1080.29	24.6744	1.02789
NM_001374517.1	1400	1172.29	16.8258	0.645924
NM_001374520.1	11082	10854.3	12.1275	0.0502818
NM_001374521.1	10733	10505.3	0	0
NM_001374522.1	2319	2091.29	236.141	5.08158
NM_001374523.1	1485	1257.29	0	0
NM_001374524.1	1468	1240.29	14.835	0.538276
NM_001374581.2	3518	3290.29	0	0
NM_001374582.1	2242	2014.29	0	0
NM_001374583.2	3153	2925.29	0	0
NM_001374584.1	1775	1547.29	0	0
NM_001374593.1	6829	6601.29	0	0
NM_001374594.1	6782	6554.29	0	0
NM_001374596.1	7030	6802.29	7.87909	0.052127
NM_001374615.1	1703	1475.29	3.70541e-05	1.13032e-06
NM_001374623.1	4188	3960.29	0	0
NM_001374625.1	6070	5842.29	277.972	2.14121
NM_001374645.1	3124	2896.29	0	0
NM_001374646.1	2082	1854.29	0	0
NM_001374647.2	3848	3620.29	0.0867288	0.00107811
NM_001374648.2	3737	3509.29	0.0998492	0.00128046
NM_001374649.2	3713	3485.29	0.00611897	7.90099e-05
NM_001374657.2	1142	914.293	0	0
NM_001374661.1	5048	4820.29	35.677	0.333087
NM_001374662.1	4535	4307.29	199.541	2.08483
NM_001374674.1	1612	1384.29	18.4296	0.599142
NM_001374675.1	1702	1474.29	16.1739	0.493712
NM_001374682.1	6920	6692.29	0	0
NM_001374683.1	6788	6560.29	0	0
NM_001374684.1	6755	6527.29	36.6879	0.252948
NM_001374689.1	3055	2827.29	112.696	1.79383
NM_001374690.1	2838	2610.29	0	0
NM_001374691.1	2987	2759.29	0	0
NM_001374692.1	2899	2671.29	0	0
NM_001374693.1	2716	2488.29	0	0
NM_001374695.1	2818	2590.29	0	0
NM_001374715.1	3458	3230.29	0	0
NM_001374722.1	24637	24409.3	3124.01	5.7597
NM_001374729.1	23897	23669.3	227.913	0.433338
NM_001374730.1	17639	17411.3	0	0
NM_001374734.1	24664	24436.3	1277.22	2.35219
NM_001374736.1	24709	24481.3	104.635	0.192346
NM_001374740.1	2198	1970.29	0	0
NM_001374747.1	4512	4284.29	0	0
NM_001374769.1	8181	7953.29	41.5093	0.234877
NM_001374778.1	7629	7401.29	12.5546	0.0763372
NM_001374781.1	5920	5692.29	0	0
NM_001374782.1	1274	1046.29	16.0994	0.692465
NM_001374787.1	2624	2396.29	0	0
NM_001374791.1	5242	5014.29	0	0
NM_001374797.1	5110	4882.29	51.9025	0.478417
NM_001374798.1	5057	4829.29	100.304	0.934708
NM_001374799.1	5029	4801.29	5860.24	54.9287
NM_001374804.1	6081	5853.29	2.96247e-08	2.2777e-10
NM_001374806.1	3218	2990.29	0	0
NM_001374807.1	2890	2662.29	0	0
NM_001374808.1	3415	3187.29	0	0
NM_001374809.1	3198	2970.29	0	0
NM_001374810.1	3333	3105.29	0	0
NM_001374811.1	3029	2801.29	0	0
NM_001374812.1	3113	2885.29	0	0
NM_001374813.1	2964	2736.29	0	0
NM_001374814.1	3164	2936.29	0	0
NM_001374815.1	3158	2930.29	0	0
NM_001374816.1	3077	2849.29	0	0
NM_001374820.1	10190	9962.29	1.34971	0.00609711
NM_001374822.1	7366	7138.29	0	0
NM_001374823.1	7498	7270.29	0	0
NM_001374824.1	7671	7443.29	0	0
NM_001374825.1	7378	7150.29	0	0
NM_001374826.1	7532	7304.29	6.89156e-08	4.24602e-10
NM_001374827.1	7116	6888.29	0	0
NM_001374828.1	10310	10082.3	533.958	2.38336
NM_001374836.1	7457	7229.29	490.35	3.05248
NM_001374838.1	702	474.947	0	0
NM_001374839.1	1841	1613.29	0	0
NM_001374844.1	3076	2848.29	348.927	5.51305
NM_001374845.1	3043	2815.29	0	0
NM_001374846.1	2958	2730.29	60.7104	1.00068
NM_001374847.1	2944	2716.29	193.536	3.20647
NM_001374848.1	3950	3722.29	40.4063	0.488518
NM_001374849.1	4082	3854.29	25.3473	0.295957
NM_001374850.1	3783	3555.29	1.74003	0.0220254
NM_001374851.1	3831	3603.29	10.2145	0.127573
NM_001374852.1	4023	3795.29	0	0
NM_001374853.1	3973	3745.29	90.8185	1.09127
NM_001374854.1	4012	3784.29	41.5505	0.494121
NM_001374855.1	3760	3532.29	0	0
NM_001374856.1	3721	3493.29	28.8207	0.371288
NM_001374857.1	4038	3810.29	151.297	1.78696
NM_001374858.1	5985	5757.29	0	0
NM_001374859.1	3736	3508.29	17.1797	0.220375
NM_001374860.1	6104	5876.29	97.7915	0.748928
NM_001374861.1	6143	5915.29	26.8122	0.203985
NM_001374862.1	6296	6068.29	186.656	1.38426
NM_001374863.1	6335	6107.29	53.8161	0.396557
NM_001374864.1	6120	5892.29	14.5655	0.111246
NM_001374865.1	6312	6084.29	0.00176605	1.30627e-05
NM_001374866.1	6405	6177.29	256.707	1.87017
NM_001374867.1	3482	3254.29	0	0
NM_001374868.1	3443	3215.29	2.34025e-07	3.27554e-09
NM_001374869.1	3516	3288.29	2.26293e-06	3.09701e-08
NM_001374870.1	3477	3249.29	66.4438	0.920254
NM_001374871.1	1728	1500.29	626.344	18.7879
NM_001374872.1	5502	5274.29	307.001	2.6195
NM_001374873.1	5418	5190.29	312.999	2.7139
NM_001374874.1	5403	5175.29	31.1527	0.270896
NM_001374875.1	2137	1909.29	0	0
NM_001374876.1	1743	1515.29	22.1859	0.658906
NM_001374877.1	2201	1973.29	19.9334	0.454602
NM_001374878.1	1916	1688.29	0	0
NM_001374879.1	1768	1540.29	5.30376	0.154961
NM_001375.3	1938	1710.29	590.977	15.5504
NM_001375257.1	1761	1533.29	4.90543	0.143977
NM_001375258.1	1547	1319.29	0	0
NM_001375259.1	1046	818.293	16.8213	0.925107
NM_001375260.1	1302	1074.29	0	0
NM_001375266.1	7656	7428.29	0	0
NM_001375269.1	5245	5017.29	0	0
NM_001375270.1	5638	5410.29	168.317	1.40007
NM_001375271.1	5442	5214.29	662.151	5.71484
NM_001375272.1	5542	5314.29	449.328	3.80505
NM_001375273.1	5688	5460.29	258.399	2.12969
NM_001375278.1	2085	1857.29	0	0
NM_001375279.1	2061	1833.29	0	0
NM_001375280.1	2040	1812.29	0	0
NM_001375281.1	1923	1695.29	0	0
NM_001375282.1	1902	1674.29	0	0
NM_001375283.1	1921	1693.29	0	0
NM_001375284.1	1553	1325.29	0	0
NM_001375285.1	3099	2871.29	0	0
NM_001375286.1	3041	2813.29	0	0
NM_001375287.1	3465	3237.29	0	0
NM_001375288.1	3091	2863.29	0	0
NM_001375290.1	2984	2756.29	0	0
NM_001375291.1	6239	6011.29	31.8292	0.238287
NM_001375292.1	4256	4028.29	242.213	2.70594
NM_001375293.1	5611	5383.29	0	0
NM_001375294.1	6960	6732.29	22.6985	0.151732
NM_001375296.1	2523	2295.29	0.476585	0.00934424
NM_001375297.1	2520	2292.29	2.86334	0.0562141
NM_001375299.1	2314	2086.29	7955.66	171.61
NM_001375300.1	2916	2688.29	0	0
NM_001375301.1	1747	1519.29	1.174	0.0347751
NM_001375310.1	7962	7734.29	44.5488	0.259214
NM_001375311.2	8490	8262.29	58.9641	0.321166
NM_001375312.2	8541	8313.29	1.50188e-06	8.13028e-09
NM_001375313.1	7857	7629.29	0	0
NM_001375314.2	8430	8202.29	93.2033	0.511373
NM_001375317.1	4444	4216.29	1100.85	11.75
NM_001375318.1	8604	8376.29	9.67648e-08	5.19885e-10
NM_001375320.1	4083	3855.29	16.5221	0.192864
NM_001375321.1	3749	3521.29	49.0352	0.626683
NM_001375323.1	5313	5085.29	834.119	7.38166
NM_001375327.1	6933	6705.29	50.2298	0.337121
NM_001375328.1	2467	2239.29	30.8324	0.619638
NM_001375329.1	1909	1681.29	0.00511956	0.000137035
NM_001375330.1	2382	2154.29	4.14665	0.0866234
NM_001375331.1	2328	2100.29	0	0
NM_001375332.1	2309	2081.29	38.4153	0.830642
NM_001375333.1	2416	2188.29	98.5686	2.0271
NM_001375334.1	3440	3212.29	6.03159	0.0845004
NM_001375335.1	3468	3240.29	0	0
NM_001375336.1	3417	3189.29	0	0
NM_001375337.1	3389	3161.29	27.269	0.388192
NM_001375339.1	4112	3884.29	0	0
NM_001375340.1	3915	3687.29	0	0
NM_001375341.1	4118	3890.29	0	0
NM_001375342.1	4094	3866.29	0	0
NM_001375343.1	4217	3989.29	0	0
NM_001375344.1	4160	3932.29	0	0
NM_001375345.1	3676	3448.29	0	0
NM_001375346.1	3700	3472.29	0	0
NM_001375347.1	3656	3428.29	0	0
NM_001375348.1	4035	3807.29	0	0
NM_001375349.1	4218	3990.29	0	0
NM_001375350.1	4059	3831.29	0	0
NM_001375353.1	2886	2658.29	0	0
NM_001375354.1	2933	2705.29	0	0
NM_001375360.1	2362	2134.29	200.206	4.22149
NM_001375361.1	2052	1824.29	0	0
NM_001375362.1	1996	1768.29	0	0
NM_001375363.1	4070	3842.29	26.6854	0.312554
NM_001375364.1	4155	3927.29	61.0971	0.700115
NM_001375365.1	3993	3765.29	1661.25	19.8554
NM_001375366.1	6157	5929.29	304.399	2.31038
NM_001375367.1	6107	5879.29	8.81474	0.0674725
NM_001375368.1	6042	5814.29	15.8785	0.122901
NM_001375369.1	6087	5859.29	18.5818	0.14272
NM_001375370.1	6152	5924.29	26.8099	0.203658
NM_001375371.1	6114	5886.29	475.975	3.63902
NM_001375372.1	6012	5784.29	68.9766	0.536653
NM_001375373.1	6046	5818.29	1089.31	8.42556
NM_001375374.1	5931	5703.29	59.2844	0.467796
NM_001375375.1	5976	5748.29	69.1423	0.541312
NM_001375376.1	6041	5813.29	98.9583	0.766077
NM_001375377.1	5901	5673.29	262.447	2.08184
NM_001375379.1	4993	4765.29	57.4292	0.542358
NM_001375380.1	5106	4878.29	1.067e-06	9.84328e-09
NM_001375389.1	4998	4770.29	39.9488	0.376878
NM_001375390.1	4971	4743.29	108.364	1.02813
NM_001375391.1	4885	4657.29	193.747	1.87216
NM_001375392.1	4777	4549.29	268.626	2.65734
NM_001375393.1	8730	8502.29	15.4801	0.0819372
NM_001375394.1	2484	2256.29	12.7193	0.253693
NM_001375397.1	6167	5939.29	67.5541	0.511869
NM_001375398.1	6930	6702.29	13.3455	0.0896097
NM_001375399.1	6400	6172.29	0	0
NM_001375400.1	6270	6042.29	324.313	2.41549
NM_001375401.1	6276	6048.29	0	0
NM_001375402.1	6320	6092.29	25.3063	0.186935
NM_001375403.1	2080	1852.29	50.147	1.21837
NM_001375405.1	4993	4765.29	1397.8	13.2007
NM_001375406.1	4858	4630.29	76.3444	0.742012
NM_001375407.1	5049	4821.29	12.0879	0.112831
NM_001375408.1	5129	4901.29	16.5411	0.151878
NM_001375409.1	5110	4882.29	0	0
NM_001375410.1	3260	3032.29	61.3273	0.910175
NM_001375411.1	4468	4240.29	251.67	2.67103
NM_001375412.1	4328	4100.29	226.141	2.48202
NM_001375413.1	7993	7765.29	0	0
NM_001375416.1	7558	7330.29	679.261	4.17021
NM_001375417.1	7795	7567.29	92.6974	0.551276
NM_001375418.1	7756	7528.29	38.0861	0.227673
NM_001375419.1	7471	7243.29	31.0218	0.192741
NM_001375420.1	7447	7219.29	557.616	3.47603
NM_001375421.1	8179	7951.29	0	0
NM_001375422.1	7981	7753.29	0	0
NM_001375423.1	7645	7417.29	29.9255	0.181567
NM_001375424.1	7611	7383.29	214.79	1.3092
NM_001375425.1	7360	7132.29	24.1714	0.152516
NM_001375426.1	7524	7296.29	9.72753	0.0599988
NM_001375427.1	7413	7185.29	0	0
NM_001375428.1	5189	4961.29	1.92206	0.0174347
NM_001375431.1	4180	3952.29	0	0
NM_001375432.1	4554	4326.29	0	0
NM_001375433.1	4917	4689.29	0	0
NM_001375434.1	4305	4077.29	0	0
NM_001375435.1	4779	4551.29	0	0
NM_001375436.1	4421	4193.29	0	0
NM_001375437.1	4416	4188.29	0	0
NM_001375438.1	4166	3938.29	0	0
NM_001375440.1	743	515.753	0	0
NM_001375441.3	1891	1663.29	0	0
NM_001375442.1	6601	6373.29	0.562735	0.00397359
NM_001375443.1	5365	5137.29	65.332	0.572313
NM_001375444.1	5295	5067.29	552.705	4.90862
NM_001375445.1	5619	5391.29	4.71518	0.0393593
NM_001375446.1	5544	5316.29	16.0357	0.135744
NM_001375447.1	5448	5220.29	0	0
NM_001375448.1	5570	5342.29	121.673	1.02497
NM_001375449.1	5897	5669.29	0	0
NM_001375450.1	5712	5484.29	0	0
NM_001375451.1	5819	5591.29	0	0
NM_001375452.1	6459	6231.29	2.41951e-08	1.7474e-10
NM_001375455.1	18506	18278.3	54.4588	0.134083
NM_001375456.1	18502	18274.3	0	0
NM_001375457.1	18625	18397.3	7.38572e-06	1.80668e-08
NM_001375458.1	18287	18059.3	706.696	1.76106
NM_001375459.1	18221	17993.3	123.271	0.308313
NM_001375460.1	18406	18178.3	106.112	0.262695
NM_001375461.1	18350	18122.3	1.86352e-05	4.62768e-08
NM_001375462.1	18316	18088.3	11.0292	0.0274403
NM_001375463.1	18259	18031.3	511.418	1.27641
NM_001375464.1	18378	18150.3	253.543	0.628652
NM_001375465.1	18160	17932.3	126.632	0.317796
NM_001375467.2	847	619.427	0	0
NM_001375468.2	827	599.427	0	0
NM_001375469.2	812	584.487	0	0
NM_001375470.1	3259	3031.29	1	0.0148462
NM_001375471.1	9270	9042.29	3087.69	15.3673
NM_001375474.1	5753	5525.29	0	0
NM_001375475.1	4455	4227.29	972.514	10.3532
NM_001375476.1	4326	4098.29	28.7302	0.315485
NM_001375477.1	4635	4407.29	0	0
NM_001375478.1	4890	4662.29	255.277	2.46408
NM_001375479.1	5028	4800.29	227.889	2.13648
NM_001375480.1	4911	4683.29	24.9333	0.239591
NM_001375481.1	4473	4245.29	68.5452	0.726627
NM_001375482.1	4885	4657.29	0	0
NM_001375483.1	5023	4795.29	0	0
NM_001375484.1	1579	1351.29	0	0
NM_001375485.1	2077	1849.29	207.417	5.04756
NM_001375487.1	4152	3924.29	13.1578	0.150892
NM_001375488.1	6848	6620.29	0	0
NM_001375489.1	6845	6617.29	0	0
NM_001375490.1	6698	6470.29	0	0
NM_001375491.1	6695	6467.29	0	0
NM_001375492.2	2106	1878.29	0	0
NM_001375493.1	5673	5445.29	0	0
NM_001375494.1	1557	1329.29	0	0
NM_001375495.1	5924	5696.29	0	0
NM_001375496.1	5843	5615.29	0	0
NM_001375497.1	5579	5351.29	0	0
NM_001375498.1	5918	5690.29	0	0
NM_001375499.1	5625	5397.29	1.24757e-08	1.04024e-10
NM_001375500.1	5663	5435.29	0	0
NM_001375501.1	9896	9668.29	0	0
NM_001375502.1	9597	9369.29	0	0
NM_001375503.1	9878	9650.29	0	0
NM_001375504.1	9914	9686.29	0	0
NM_001375505.1	9650	9422.29	0	0
NM_001375506.1	9647	9419.29	0	0
NM_001375507.1	9635	9407.29	0	0
NM_001375508.1	5675	5447.29	0	0
NM_001375509.1	5634	5406.29	0	0
NM_001375510.1	5751	5523.29	0	0
NM_001375512.1	7549	7321.29	155.967	0.95871
NM_001375513.1	6913	6685.29	0	0
NM_001375514.1	6918	6690.29	0	0
NM_001375515.1	6830	6602.29	1.41346e-05	9.63455e-08
NM_001375516.1	6840	6612.29	1.77473e-06	1.20787e-08
NM_001375517.1	6754	6526.29	110.658	0.763057
NM_001375519.1	6422	6194.29	13.9231	0.101155
NM_001375520.1	6419	6191.29	27.0505	0.196624
NM_001375522.1	6702	6474.29	0	0
NM_001375523.1	6705	6477.29	0	0
NM_001375524.1	12675	12447.3	1636.45	5.91657
NM_001375525.1	6645	6417.29	147.343	1.03329
NM_001375526.1	9477	9249.29	0	0
NM_001375527.1	9474	9246.29	0	0
NM_001375528.1	9465	9237.29	0	0
NM_001375529.1	5406	5178.29	0	0
NM_001375530.1	5448	5220.29	0	0
NM_001375531.1	9762	9534.29	0	0
NM_001375532.1	5650	5422.29	0	0
NM_001375533.1	5448	5220.29	0	0
NM_001375534.1	9571	9343.29	0	0
NM_001375535.1	5694	5466.29	0	0
NM_001375536.1	5793	5565.29	0	0
NM_001375537.1	9765	9537.29	0	0
NM_001375538.1	5790	5562.29	0	0
NM_001375539.1	9753	9525.29	0	0
NM_001375540.1	5787	5559.29	0	0
NM_001375541.1	5586	5358.29	0	0
NM_001375542.1	5445	5217.29	0	0
NM_001375543.1	9516	9288.29	0	0
NM_001375544.1	9516	9288.29	0	0
NM_001375545.1	9504	9276.29	0	0
NM_001375546.1	9504	9276.29	0	0
NM_001375547.2	6737	6509.29	0	0
NM_001375548.1	9504	9276.29	0	0
NM_001375549.2	6689	6461.29	0	0
NM_001375550.1	6516	6288.29	0	0
NM_001375551.1	9117	8889.29	0	0
NM_001375552.1	9366	9138.29	0	0
NM_001375553.1	5391	5163.29	0	0
NM_001375554.1	5394	5166.29	0	0
NM_001375555.1	9201	8973.29	0.994453	0.00498741
NM_001375556.1	9120	8892.29	0	0
NM_001375557.1	9108	8880.29	0	0
NM_001375558.1	9117	8889.29	0	0
NM_001375559.1	9105	8877.29	0	0
NM_001375560.1	4571	4343.29	0	0
NM_001375561.1	4556	4328.29	0	0
NM_001375562.1	4354	4126.29	27.3666	0.298472
NM_001375563.1	4345	4117.29	0	0
NM_001375564.1	4547	4319.29	0	0
NM_001375565.1	4523	4295.29	0	0
NM_001375567.1	5794	5566.29	1747.07	14.1249
NM_001375568.1	5689	5461.29	27.5925	0.227373
NM_001375569.1	1850	1622.29	0	0
NM_001375570.1	5689	5461.29	43.5519	0.358884
NM_001375571.1	2052	1824.29	0	0
NM_001375572.1	1844	1616.29	0	0
NM_001375573.1	2046	1818.29	0	0
NM_001375574.1	2031	1803.29	0	0
NM_001375575.1	2043	1815.29	0	0
NM_001375576.1	1971	1743.29	0	0
NM_001375577.1	2028	1800.29	0	0
NM_001375578.1	1796	1568.29	0	0
NM_001375579.1	1998	1770.29	0	0
NM_001375580.1	1995	1767.29	0	0
NM_001375581.1	1853	1625.29	0	0
NM_001375583.1	5582	5354.29	0	0
NM_001375584.1	5946	5718.29	0.111498	0.000877493
NM_001375585.1	5808	5580.29	0.0595399	0.000480168
NM_001375587.2	1920	1692.29	0	0
NM_001375588.2	1725	1497.29	0	0
NM_001375589.2	1495	1267.29	0	0
NM_001375590.2	1633	1405.29	0	0
NM_001375591.2	1637	1409.29	0	0
NM_001375592.2	1522	1294.29	0	0
NM_001375593.1	1897	1669.29	22.0703	0.595001
NM_001375594.1	1525	1297.29	0	0
NM_001375596.1	5066	4838.29	163.144	1.51747
NM_001375597.1	5381	5153.29	0	0
NM_001375598.1	4901	4673.29	0	0
NM_001375599.1	4249	4021.29	402.335	4.50261
NM_001375600.1	4150	3922.29	0	0
NM_001375601.1	3868	3640.29	0	0
NM_001375602.1	1885	1657.29	0	0
NM_001375603.1	1867	1639.29	0	0
NM_001375604.1	1765	1537.29	0	0
NM_001375605.1	1871	1643.29	0	0
NM_001375606.1	1870	1642.29	0	0
NM_001375607.1	1888	1660.29	0	0
NM_001375608.1	1712	1484.29	0	0
NM_001375609.1	1678	1450.29	1	0.0310303
NM_001375610.1	1763	1535.29	0	0
NM_001375611.1	1785	1557.29	0	0
NM_001375612.1	3961	3733.29	1.56555	0.018872
NM_001375613.1	1928	1700.29	0	0
NM_001375614.1	3928	3700.29	368.268	4.47888
NM_001375615.1	3925	3697.29	84.0689	1.02328
NM_001375616.1	3990	3762.29	79.0423	0.945473
NM_001375617.1	3907	3679.29	1.08002	0.0132102
NM_001375618.1	3942	3714.29	448.478	5.43385
NM_001375619.1	3949	3721.29	164.049	1.98391
NM_001375620.1	3874	3646.29	274.65	3.38977
NM_001375621.1	3939	3711.29	255.115	3.09352
NM_001375622.1	3946	3718.29	91.4784	1.10718
NM_001375623.1	3975	3747.29	0.562664	0.00675731
NM_001375624.1	3972	3744.29	0.398025	0.00478391
NM_001375625.1	3957	3729.29	16.0147	0.193256
NM_001375626.1	3859	3631.29	99.3156	1.23083
NM_001375627.1	3924	3696.29	92.308	1.12387
NM_001375628.1	3921	3693.29	0.239866	0.00292279
NM_001375629.1	3365	3137.29	1416	20.3118
NM_001375630.1	3430	3202.29	1304.98	18.3395
NM_001375631.1	3437	3209.29	419.81	5.88688
NM_001375633.1	3684	3456.29	888.548	11.5694
NM_001375634.1	3515	3287.29	91.1224	1.24747
NM_001375635.1	4404	4176.29	30.6322	0.330088
NM_001375638.1	5902	5674.29	2241.38	17.7765
NM_001375639.1	5809	5581.29	1.28902	0.0103936
NM_001375640.1	5878	5650.29	63.2488	0.50376
NM_001375641.1	5898	5670.29	2399.29	19.0423
NM_001375644.1	6186	5958.29	0	0
NM_001375646.1	5857	5629.29	9.27868	0.0741779
NM_001375647.1	5341	5113.29	142.729	1.25618
NM_001375648.1	5096	4868.29	19.634	0.181499
NM_001375649.1	5145	4917.29	0	0
NM_001375650.1	5369	5141.29	0	0
NM_001375651.1	3597	3369.29	0	0
NM_001375652.1	3786	3558.29	0	0
NM_001375653.1	7261	7033.29	2.36568e-06	1.5137e-08
NM_001375654.1	5592	5364.29	2.53152	0.0212379
NM_001375655.1	5942	5714.29	14.1547	0.111476
NM_001375657.2	1544	1316.29	0	0
NM_001375658.1	2185	1957.29	2848.97	65.505
NM_001375659.1	1610	1382.29	6.16366e-08	2.00669e-09
NM_001375660.1	1591	1363.29	10.7346	0.354355
NM_001375661.1	3767	3539.29	341.937	4.34783
NM_001375662.1	6563	6335.29	0	0
NM_001375663.1	6691	6463.29	0	0
NM_001375664.1	6329	6101.29	0	0
NM_001375665.1	6457	6229.29	0	0
NM_001375666.1	6403	6175.29	141.654	1.03232
NM_001375667.1	6275	6047.29	15.1138	0.112475
NM_001375668.1	6215	5987.29	0	0
NM_001375669.1	6343	6115.29	3.14937	0.0231766
NM_001375670.1	6567	6339.29	0	0
NM_001375671.1	6564	6336.29	0	0
NM_001375672.1	6341	6113.29	0	0
NM_001375673.1	6561	6333.29	0	0
NM_001375674.1	6338	6110.29	0	0
NM_001375675.1	6549	6321.29	0	0
NM_001375676.1	6599	6371.29	0	0
NM_001375677.1	6477	6249.29	0	0
NM_001375678.1	6465	6237.29	0	0
NM_001375679.1	6643	6415.29	0	0
NM_001375680.1	6420	6192.29	0	0
NM_001375681.1	6417	6189.29	0	0
NM_001375682.1	6414	6186.29	0	0
NM_001375683.1	6402	6174.29	0	0
NM_001375684.1	6399	6171.29	0	0
NM_001375685.1	6378	6150.29	0	0
NM_001375686.1	6140	5912.29	0.0583832	0.000444401
NM_001375687.1	6363	6135.29	40.5499	0.297438
NM_001375688.1	6360	6132.29	22.6574	0.166276
NM_001375689.1	6137	5909.29	0.00890807	6.78407e-05
NM_001375690.1	6357	6129.29	32.2568	0.236839
NM_001375691.1	6556	6328.29	0	0
NM_001375692.1	6333	6105.29	0	0
NM_001375693.1	6330	6102.29	0	0
NM_001375694.1	7219	6991.29	0	0
NM_001375695.1	6545	6317.29	0	0
NM_001375696.1	6324	6096.29	0	0
NM_001375697.1	7195	6967.29	0	0
NM_001375698.1	6315	6087.29	0	0
NM_001375699.1	6312	6084.29	0	0
NM_001375700.1	7183	6955.29	0	0
NM_001375701.1	7183	6955.29	0	0
NM_001375702.1	6312	6084.29	0	0
NM_001375703.1	7117	6889.29	2.33286e-07	1.5239e-09
NM_001375704.1	2635	2407.29	239.748	4.48196
NM_001375705.1	7165	6937.29	0.000286505	1.85859e-06
NM_001375706.1	6279	6051.29	401.238	2.98398
NM_001375707.1	6276	6048.29	0.31587	0.00235027
NM_001375708.1	6053	5825.29	96.6013	0.74629
NM_001375709.1	6050	5822.29	0.133336	0.00103061
NM_001375710.1	6273	6045.29	0.737511	0.00549027
NM_001375711.1	6476	6248.29	0	0
NM_001375712.1	2602	2374.29	0	0
NM_001375713.1	7035	6807.29	59.993	0.396615
NM_001375714.1	6252	6024.29	0	0
NM_001375715.1	6374	6146.29	0	0
NM_001375716.1	6385	6157.29	0	0
NM_001375717.1	6457	6229.29	0	0
NM_001375718.1	6382	6154.29	1.88105e-07	1.37551e-09
NM_001375719.1	6445	6217.29	6.97638	0.0504976
NM_001375720.1	6323	6095.29	0	0
NM_001375721.1	6442	6214.29	129.748	0.939619
NM_001375722.1	6439	6211.29	1.22396e-06	8.86803e-09
NM_001375723.1	6219	5991.29	4.23205	0.0317887
NM_001375724.1	6216	5988.29	0	0
NM_001375725.1	6213	5985.29	23.4975	0.176676
NM_001375726.1	6210	5982.29	0	0
NM_001375727.1	6544	6316.29	0	0
NM_001375728.1	6198	5970.29	23.1442	0.174457
NM_001375729.1	6541	6313.29	0	0
NM_001375730.1	6195	5967.29	0	0
NM_001375731.1	6192	5964.29	0.823334	0.0062124
NM_001375732.1	6165	5937.29	0	0
NM_001375733.1	6147	5919.29	0	0
NM_001375734.1	6362	6134.29	21.4738	0.157539
NM_001375735.1	6356	6128.29	0.843612	0.00619506
NM_001375736.1	6138	5910.29	0	0
NM_001375737.1	2485	2257.29	0	0
NM_001375738.1	6132	5904.29	0.281295	0.00214406
NM_001375739.1	6129	5901.29	0	0
NM_001375740.1	6126	5898.29	34.1776	0.26077
NM_001375741.1	6111	5883.29	16.1471	0.123514
NM_001375742.1	6326	6098.29	0	0
NM_001375743.1	5885	5657.29	3.00779	0.0239266
NM_001375744.1	6102	5874.29	18.3104	0.140276
NM_001375745.1	6448	6220.29	0	0
NM_001375746.1	6099	5871.29	0	0
NM_001375747.1	6292	6064.29	0	0
NM_001375748.1	6269	6041.29	0.0255262	0.000190151
NM_001375749.1	6042	5814.29	0	0
NM_001375750.1	6251	6023.29	0	0
NM_001375751.1	6212	5984.29	0	0
NM_001375752.1	5964	5736.29	2.04234e-05	1.60228e-07
NM_001375753.1	6030	5802.29	0.0881308	0.00068355
NM_001375754.1	6351	6123.29	0.244326	0.00179567
NM_001375755.1	5906	5678.29	0.112506	0.000891662
NM_001375756.1	9392	9164.29	102.446	0.503084
NM_001375758.1	3650	3422.29	89.9927	1.1834
NM_001375759.1	6824	6596.29	126.971	0.866256
NM_001375760.1	5814	5586.29	396.426	3.19361
NM_001375761.1	5987	5759.29	127.93	0.999641
NM_001375762.1	6651	6423.29	8.77617e-07	6.14879e-09
NM_001375763.1	6068	5840.29	1.06097e-07	8.17544e-10
NM_001375764.1	5941	5713.29	0	0
NM_001375765.1	6559	6331.29	1142.95	8.12414
NM_001375766.1	5976	5748.29	1129.88	8.84579
NM_001375767.1	6576	6348.29	0.183678	0.00130209
NM_001375768.1	6573	6345.29	104.285	0.739625
NM_001375769.1	3259	3031.29	65.5331	0.972916
NM_001375771.1	5740	5512.29	26.8158	0.218928
NM_001375772.1	5782	5554.29	0	0
NM_001375773.1	9883	9655.29	0.0536372	0.000250001
NM_001375774.1	9483	9255.29	0	0
NM_001375775.1	9983	9755.29	0	0
NM_001375776.1	10107	9879.29	0	0
NM_001375778.1	9915	9687.29	71.6498	0.332855
NM_001375779.1	9222	8994.29	93.1478	0.466066
NM_001375780.1	9710	9482.29	1.9983e-05	9.48396e-08
NM_001375781.1	5279	5051.29	0	0
NM_001375783.1	2894	2666.29	313.097	5.28461
NM_001375784.1	2800	2572.29	0	0
NM_001375785.1	2785	2557.29	2.44473	0.0430223
NM_001375786.1	2807	2579.29	8.42864	0.147061
NM_001375787.1	2696	2468.29	0	0
NM_001375788.1	2826	2598.29	168.625	2.92062
NM_001375789.1	2736	2508.29	27.257	0.489038
NM_001375790.1	2608	2380.29	20.4072	0.38583
NM_001375792.1	3911	3683.29	5670.9	69.288
NM_001375793.1	3857	3629.29	109.021	1.35186
NM_001375794.1	3462	3234.29	0	0
NM_001375795.1	3661	3433.29	0	0
NM_001375796.1	3579	3351.29	0	0
NM_001375797.2	3633	3405.29	0	0
NM_001375798.1	2393	2165.29	0	0
NM_001375799.2	2471	2243.29	36.7029	0.736302
NM_001375800.1	6243	6015.29	695.209	5.20117
NM_001375801.1	1325	1097.29	13	0.533167
NM_001375802.1	6123	5895.29	0	0
NM_001375803.1	5891	5663.29	39.439	0.3134
NM_001375804.1	6296	6068.29	0	0
NM_001375805.1	6370	6142.29	0	0
NM_001375806.1	6067	5839.29	171.019	1.31803
NM_001375807.1	5842	5614.29	0	0
NM_001375808.2	6052	5824.29	1981.34	15.3094
NM_001375809.1	6102	5874.29	0.0213563	0.000163611
NM_001375810.1	19730	19502.3	0	0
NM_001375811.1	19688	19460.3	0	0
NM_001375812.1	19664	19436.3	0	0
NM_001375813.1	3846	3618.29	0	0
NM_001375814.1	3822	3594.29	9.7779	0.122426
NM_001375815.1	6246	6018.29	1869.57	13.9801
NM_001375816.1	7165	6937.29	438.074	2.84184
NM_001375817.1	6770	6542.29	457.973	3.1503
NM_001375819.1	3473	3245.29	4.07139e-06	5.64587e-08
NM_001375820.1	6649	6421.29	35.5089	0.248861
NM_001375821.1	6646	6418.29	22.3674	0.156834
NM_001375824.1	9204	8976.29	0	0
NM_001375825.1	9040	8812.29	0	0
NM_001375826.1	8933	8705.29	543.392	2.80913
NM_001375827.1	8812	8584.29	0	0
NM_001375828.1	8933	8705.29	0	0
NM_001375829.1	9201	8973.29	0	0
NM_001375830.1	2991	2763.29	36.0303	0.58679
NM_001375831.1	3023	2795.29	108.244	1.74268
NM_001375832.1	4814	4586.29	13.1287	0.128826
NM_001375833.1	4751	4523.29	0	0
NM_001375834.1	4727	4499.29	2.5475	0.0254808
NM_001375835.1	4238	4010.29	13.6991	0.15373
NM_001375836.1	1814	1586.29	131.804	3.73929
NM_001375837.1	1762	1534.29	11.7401	0.344354
NM_001375838.1	1735	1507.29	0	0
NM_001375839.1	4233	4005.29	0	0
NM_001375841.1	7917	7689.29	279.813	1.63766
NM_001375842.1	7691	7463.29	0	0
NM_001375844.1	7921	7693.29	1384.18	8.09697
NM_001375845.1	7738	7510.29	380.581	2.28051
NM_001375847.2	4792	4564.29	32.3616	0.31908
NM_001375848.2	1392	1164.29	24.6539	0.952942
NM_001375850.1	11343	11115.3	0	0
NM_001375851.1	11292	11064.3	0	0
NM_001375855.1	5016	4788.29	384.821	3.61676
NM_001375856.1	4987	4759.29	42.752	0.404255
NM_001375857.1	5091	4863.29	0	0
NM_001375858.1	4995	4767.29	0	0
NM_001375859.1	3927	3699.29	21.4801	0.261313
NM_001375861.1	2815	2587.29	179.629	3.12445
NM_001375862.1	2788	2560.29	39.9911	0.702936
NM_001375863.1	2731	2503.29	0.167048	0.00300312
NM_001375864.1	4678	4450.29	0	0
NM_001375865.1	4268	4040.29	0	0
NM_001375866.1	4247	4019.29	0	0
NM_001375867.1	4208	3980.29	0	0
NM_001375868.1	4154	3926.29	0	0
NM_001375869.1	4148	3920.29	0	0
NM_001375870.1	4236	4008.29	0	0
NM_001375871.1	4100	3872.29	0	0
NM_001375872.1	4097	3869.29	0	0
NM_001375873.1	4094	3866.29	0	0
NM_001375874.1	4182	3954.29	0	0
NM_001375875.1	1473	1245.29	0	0
NM_001375876.1	1419	1191.29	0	0
NM_001375877.1	2725	2497.29	0.00791214	0.000142583
NM_001375878.1	2671	2443.29	123.712	2.27866
NM_001375879.1	2662	2434.29	117.983	2.18117
NM_001375880.1	3586	3358.29	50.6787	0.679124
NM_001375881.1	3575	3347.29	40.7782	0.548247
NM_001375882.1	3526	3298.29	0	0
NM_001375883.1	7815	7587.29	530.672	3.14762
NM_001375884.1	8297	8069.29	111.567	0.622217
NM_001375885.1	8544	8316.29	95.6839	0.517787
NM_001375888.1	9136	8908.29	1049.61	5.30242
NM_001375889.1	9044	8816.29	273.48	1.39599
NM_001375890.1	9404	9176.29	0	0
NM_001375894.1	970	742.293	0	0
NM_001375895.1	4324	4096.29	111.9	1.22937
NM_001375896.1	2291	2063.29	63.3723	1.38223
NM_001375897.1	2169	1941.29	0.703096	0.0162992
NM_001375898.1	2265	2037.29	10.9854	0.242663
NM_001375899.1	2385	2157.29	13.9042	0.290054
NM_001375900.1	3222	2994.29	2.18059	0.0327734
NM_001375901.1	3247	3019.29	2.4431e-05	3.64148e-07
NM_001375902.1	3222	2994.29	2.18059	0.0327734
NM_001375903.1	3165	2937.29	0	0
NM_001375904.1	3305	3077.29	0	0
NM_001375905.1	6240	6012.29	935.01	6.99871
NM_001375906.1	6287	6059.29	20.8323	0.154724
NM_001375907.1	6271	6043.29	345.757	2.57477
NM_001375908.1	6180	5952.29	107.135	0.810011
NM_001375910.1	6073	5845.29	78.3106	0.602916
NM_001375911.1	5541	5313.29	42.696	0.361631
NM_001375912.1	6556	6328.29	503.449	3.58023
NM_001375913.1	5980	5752.29	12.3046	0.0962655
NM_001375918.1	7183	6955.29	829.468	5.36694
NM_001375920.1	7013	6785.29	554.327	3.67655
NM_001375925.1	3286	3058.29	158.095	2.32639
NM_001375926.1	3548	3320.29	0	0
NM_001375927.1	3388	3160.29	8.69189e-08	1.23774e-09
NM_001375928.1	3261	3033.29	0	0
NM_001375929.1	3833	3605.29	31.9796	0.399185
NM_001375930.1	3347	3119.29	21.4432	0.309368
NM_001375931.1	3354	3126.29	0	0
NM_001375932.1	3530	3302.29	0	0
NM_001375933.1	3583	3355.29	0	0
NM_001375934.1	3624	3396.29	0	0
NM_001375935.1	3456	3228.29	0	0
NM_001375936.1	3975	3747.29	0	0
NM_001375937.1	3403	3175.29	0	0
NM_001375938.1	3522	3294.29	0	0
NM_001375939.1	3616	3388.29	0	0
NM_001375940.1	3554	3326.29	0	0
NM_001375941.1	3701	3473.29	0	0
NM_001375942.1	3640	3412.29	0	0
NM_001375943.1	3546	3318.29	0	0
NM_001375944.1	3156	2928.29	7.60585e-05	1.1689e-06
NM_001375945.1	3209	2981.29	1.20809e-05	1.82363e-07
NM_001375946.1	3148	2920.29	0.0867754	0.00133725
NM_001375947.1	3021	2793.29	19.485	0.313926
NM_001375948.1	3519	3291.29	0	0
NM_001375949.1	3605	3377.29	0	0
NM_001375950.1	3153	2925.29	0	0
NM_001375951.1	3665	3437.29	0	0
NM_001375952.1	3331	3103.29	0	0
NM_001375953.1	3416	3188.29	0	0
NM_001375954.1	4059	3831.29	209.004	2.455
NM_001375955.1	4716	4488.29	70.7816	0.709711
NM_001375956.1	4081	3853.29	21.878	0.255516
NM_001375957.1	4287	4059.29	248.414	2.75402
NM_001375958.1	4053	3825.29	49.8342	0.58628
NM_001375959.1	3870	3642.29	61.3269	0.757737
NM_001375960.1	9600	9372.29	0	0
NM_001375961.1	9579	9351.29	0	0
NM_001375962.1	1454	1226.29	250.045	9.17627
NM_001375963.1	1456	1228.29	33.9956	1.24555
NM_001375964.1	9342	9114.29	0	0
NM_001375965.1	1130	902.293	0	0
NM_001375966.1	1171	943.293	6.97052	0.332553
NM_001375967.1	9330	9102.29	0	0
NM_001375968.1	9189	8961.29	3.79086e-08	1.90375e-10
NM_001375969.1	4191	3963.29	0	0
NM_001375970.1	4188	3960.29	0	0
NM_001375971.1	4101	3873.29	0	0
NM_001375972.1	3975	3747.29	0	0
NM_001375973.1	3765	3537.29	0	0
NM_001375974.1	4821	4593.29	0	0
NM_001375975.1	4728	4500.29	0	0
NM_001375976.1	4890	4662.29	0	0
NM_001375978.1	9179	8951.29	0	0
NM_001375979.1	9116	8888.29	0	0
NM_001375980.1	9017	8789.29	0	0
NM_001375981.1	9080	8852.29	0	0
NM_001375982.1	9183	8955.29	0	0
NM_001375983.1	9220	8992.29	0	0
NM_001375984.1	9184	8956.29	0	0
NM_001375985.1	9121	8893.29	0	0
NM_001375986.1	4849	4621.29	0	0
NM_001375987.1	4674	4446.29	158.139	1.6006
NM_001375988.1	4740	4512.29	0	0
NM_001375989.1	4725	4497.29	0	0
NM_001375990.1	4699	4471.29	0	0
NM_001375991.1	1437	1209.29	343.286	12.7752
NM_001375992.1	4821	4593.29	0	0
NM_001375993.1	3097	2869.29	8.8572	0.13892
NM_001375994.1	3122	2894.29	0	0
NM_001375998.1	4326	4098.29	19.9228	0.218771
NM_001375999.1	4291	4063.29	270.628	2.99734
NM_001376.5	19940	19712.3	21152.8	48.2918
NM_001376000.2	4555	4327.29	0.0011309	1.17611e-05
NM_001376001.1	4389	4161.29	272.621	2.94831
NM_001376002.1	4240	4012.29	0	0
NM_001376003.1	4344	4116.29	0	0
NM_001376005.1	3889	3661.29	15.1416	0.186114
NM_001376006.1	3785	3557.29	17.6874	0.223763
NM_001376007.1	5139	4911.29	1549.97	14.2026
NM_001376008.1	5093	4865.29	71.3755	0.660211
NM_001376009.1	5021	4793.29	21.2901	0.199887
NM_001376010.1	5181	4953.29	189.286	1.71975
NM_001376011.1	5092	4864.29	52.315	0.484004
NM_001376013.1	6031	5803.29	0	0
NM_001376014.1	5962	5734.29	8.51423	0.0668202
NM_001376015.1	5926	5698.29	0	0
NM_001376016.1	4652	4424.29	0	0
NM_001376017.1	5850	5622.29	0	0
NM_001376018.1	5847	5619.29	0	0
NM_001376019.1	5835	5607.29	0	0
NM_001376020.1	5832	5604.29	0	0
NM_001376021.1	5688	5460.29	0	0
NM_001376022.1	5925	5697.29	33.2358	0.262531
NM_001376023.1	4546	4318.29	0	0
NM_001376024.1	5744	5516.29	0	0
NM_001376025.1	5729	5501.29	0	0
NM_001376026.1	5636	5408.29	0	0
NM_001376027.1	5582	5354.29	0	0
NM_001376028.1	5579	5351.29	0	0
NM_001376029.1	3130	2902.29	1316.79	20.4182
NM_001376030.1	3269	3041.29	0	0
NM_001376032.1	3007	2779.29	0	0
NM_001376033.1	2807	2579.29	0	0
NM_001376036.1	2835	2607.29	0	0
NM_001376037.1	2958	2730.29	0	0
NM_001376039.1	2678	2450.29	0	0
NM_001376040.1	2997	2769.29	0	0
NM_001376041.1	2717	2489.29	0	0
NM_001376049.1	6125	5897.29	0	0
NM_001376050.1	6960	6732.29	0	0
NM_001376051.1	6948	6720.29	0	0
NM_001376052.1	6621	6393.29	0	0
NM_001376053.1	5867	5639.29	0	0
NM_001376054.1	5632	5404.29	17.158	0.142879
NM_001376055.1	6774	6546.29	175.372	1.20561
NM_001376056.1	3626	3398.29	0	0
NM_001376057.1	6711	6483.29	0	0
NM_001376058.1	1317	1089.29	8.13029	0.335895
NM_001376059.1	1149	921.293	4.25275	0.207737
NM_001376060.1	1212	984.293	0	0
NM_001376061.1	1877	1649.29	0	0
NM_001376062.1	4204	3976.29	0	0
NM_001376063.1	4597	4369.29	0	0
NM_001376064.1	4456	4228.29	0	0
NM_001376065.1	4312	4084.29	0	0
NM_001376066.1	4144	3916.29	0	0
NM_001376067.1	4416	4188.29	0	0
NM_001376068.1	4413	4185.29	0	0
NM_001376069.1	4123	3895.29	0	0
NM_001376070.1	4063	3835.29	0	0
NM_001376071.1	4060	3832.29	0	0
NM_001376072.1	4074	3846.29	39.417	0.461193
NM_001376073.1	3913	3685.29	0	0
NM_001376074.1	3853	3625.29	13.583	0.168615
NM_001376075.1	4125	3897.29	0	0
NM_001376077.1	2073	1845.29	157.925	3.85149
NM_001376078.1	2077	1849.29	12.9289	0.314629
NM_001376079.1	2191	1963.29	22.6709	0.519669
NM_001376080.1	2028	1800.29	6.22179	0.15553
NM_001376081.1	2063	1835.29	3.51095	0.0860918
NM_001376082.1	2226	1998.29	13.4054	0.301899
NM_001376083.1	2195	1967.29	1.91333	0.0437687
NM_001376084.1	1846	1618.29	10.0806	0.28033
NM_001376085.1	1964	1736.29	7.1249	0.184671
NM_001376086.1	4469	4241.29	140.637	1.49226
NM_001376087.1	4147	3919.29	0	0
NM_001376088.1	2068	1840.29	0	0
NM_001376089.1	4066	3838.29	0	0
NM_001376090.1	4003	3775.29	0	0
NM_001376091.1	4187	3959.29	0	0
NM_001376092.1	1905	1677.29	0	0
NM_001376093.1	3793	3565.29	0	0
NM_001376094.1	1669	1441.29	17.7706	0.554871
NM_001376095.1	1827	1599.29	0	0
NM_001376097.1	1966	1738.29	22.4308	0.580716
NM_001376098.1	1803	1575.29	0	0
NM_001376099.1	1894	1666.29	6.69508	0.18082
NM_001376100.1	1731	1503.29	0	0
NM_001376101.1	1976	1748.29	0	0
NM_001376106.1	3223	2995.29	168.529	2.53207
NM_001376107.1	3677	3449.29	5.93628	0.0774509
NM_001376109.1	3315	3087.29	1.07992	0.0157418
NM_001376110.1	6876	6648.29	0	0
NM_001376111.1	6961	6733.29	0	0
NM_001376112.1	8010	7782.29	0	0
NM_001376113.1	8014	7786.29	1029.37	5.94952
NM_001376114.1	8259	8031.29	291.38	1.63274
NM_001376115.1	7951	7723.29	0	0
NM_001376116.1	8046	7818.29	0	0
NM_001376117.1	8112	7884.29	397.66	2.26982
NM_001376118.1	8137	7909.29	790.149	4.49587
NM_001376119.1	7885	7657.29	0	0
NM_001376120.1	7909	7681.29	0	0
NM_001376121.1	8415	8187.29	0	0
NM_001376122.1	8215	7987.29	0.050917	0.000286883
NM_001376123.1	8382	8154.29	216.082	1.19254
NM_001376124.1	8357	8129.29	155.619	0.861493
NM_001376125.1	8042	7814.29	0	0
NM_001376126.1	7891	7663.29	0	0
NM_001376127.1	7646	7418.29	0	0
NM_001376128.1	7769	7541.29	0	0
NM_001376129.1	2970	2742.29	66.5467	1.09208
NM_001376130.1	2913	2685.29	40.3447	0.67614
NM_001376131.1	5999	5771.29	80.379	0.626775
NM_001376132.1	2910	2682.29	419.473	7.03785
NM_001376133.1	2907	2679.29	46.3192	0.778007
NM_001376134.1	2966	2738.29	41.9459	0.689369
NM_001376135.1	2960	2732.29	49.4126	0.813865
NM_001376136.1	2857	2629.29	162.084	2.77423
NM_001376137.1	2854	2626.29	0	0
NM_001376138.1	2873	2645.29	5.73388e-06	9.75477e-08
NM_001376139.1	2813	2585.29	6.35842e-05	1.10683e-06
NM_001376140.1	3042	2814.29	34.1679	0.546376
NM_001376141.1	2819	2591.29	0	0
NM_001376142.1	7744	7516.29	0	0
NM_001376143.1	8014	7786.29	0	0
NM_001376144.1	2729	2501.29	0	0
NM_001376145.1	2780	2552.29	88.702	1.56403
NM_001376146.1	6475	6247.29	1464.7	10.5512
NM_001376147.1	6412	6184.29	96.877	0.704973
NM_001376148.1	6472	6244.29	445.484	3.21064
NM_001376149.1	6409	6181.29	156.984	1.14293
NM_001376150.1	7926	7698.29	0	0
NM_001376151.1	6255	6027.29	0	0
NM_001376152.1	7615	7387.29	1.79054e-08	1.09079e-10
NM_001376153.1	6346	6118.29	0.00134293	9.87793e-06
NM_001376154.1	6409	6181.29	47.1497	0.343275
NM_001376155.1	4856	4628.29	0	0
NM_001376156.1	4916	4688.29	9.95624	0.0955703
NM_001376157.1	7906	7678.29	17.5798	0.103037
NM_001376158.1	8004	7776.29	0.218967	0.00126721
NM_001376159.1	8029	7801.29	0.738136	0.00425806
NM_001376160.1	8274	8046.29	1.3992e-07	7.82578e-10
NM_001376161.1	8249	8021.29	1.63267e-06	9.16005e-09
NM_001376162.1	8024	7796.29	0	0
NM_001376163.1	7700	7472.29	9.43326e-07	5.68133e-09
NM_001376164.1	7570	7342.29	0	0
NM_001376165.1	7741	7513.29	0	0
NM_001376166.1	7577	7349.29	2.10716e-05	1.29031e-07
NM_001376167.1	7873	7645.29	0	0
NM_001376168.1	7675	7447.29	2.54395e-07	1.53728e-09
NM_001376169.1	7787	7559.29	3.00658e-05	1.78992e-07
NM_001376170.1	7945	7717.29	0	0
NM_001376171.1	7920	7692.29	0	0
NM_001376172.1	7873	7645.29	0	0
NM_001376173.1	8024	7796.29	0	0
NM_001376174.1	8071	7843.29	12.1939	0.069966
NM_001376175.1	7995	7767.29	15.0762	0.0873504
NM_001376176.1	7750	7522.29	0	0
NM_001376177.1	8118	7890.29	0.784135	0.0044724
NM_001376178.1	8093	7865.29	9.8734	0.0564929
NM_001376179.1	7848	7620.29	0	0
NM_001376180.1	7661	7433.29	0	0
NM_001376181.1	7759	7531.29	0	0
NM_001376182.1	7820	7592.29	3.84599	0.022797
NM_001376183.1	7610	7382.29	2041.41	12.4446
NM_001376184.1	7768	7540.29	22.9599	0.137033
NM_001376185.1	7708	7480.29	459.586	2.76497
NM_001376186.1	7761	7533.29	22.1654	0.132414
NM_001376187.1	7733	7505.29	160.271	0.961012
NM_001376188.1	7648	7420.29	574.607	3.48491
NM_001376189.1	7771	7543.29	442.288	2.63868
NM_001376190.1	7746	7518.29	227.39	1.36111
NM_001376191.1	3201	2973.29	0	0
NM_001376192.1	3005	2777.29	0	0
NM_001376193.1	3142	2914.29	0	0
NM_001376194.2	7916	7688.29	0.00472513	2.76584e-05
NM_001376195.1	4643	4415.29	0	0
NM_001376219.1	2744	2516.29	21.9056	0.391774
NM_001376220.1	2600	2372.29	30.7107	0.582591
NM_001376221.1	2712	2484.29	0	0
NM_001376222.1	2658	2430.29	0	0
NM_001376223.1	5794	5566.29	423.93	3.42744
NM_001376227.1	3118	2890.29	0	0
NM_001376228.1	3928	3700.29	57.0321	0.693626
NM_001376229.1	4151	3923.29	0	0
NM_001376230.1	3723	3495.29	7.69516	0.0990779
NM_001376231.1	2268	2040.29	0	0
NM_001376232.1	2295	2067.29	0	0
NM_001376233.1	2328	2100.29	0	0
NM_001376234.1	3558	3330.29	90.3966	1.22155
NM_001376235.1	3644	3416.29	64.6135	0.851158
NM_001376236.1	3657	3429.29	108.454	1.42325
NM_001376237.1	3569	3341.29	0	0
NM_001376238.1	3503	3275.29	459.398	6.31221
NM_001376239.1	3602	3374.29	74.7749	0.997276
NM_001376240.1	3516	3288.29	1448.8	19.828
NM_001376241.1	3681	3453.29	22.9575	0.29918
NM_001376242.1	3639	3411.29	0	0
NM_001376243.1	3541	3313.29	331.244	4.49915
NM_001376244.1	3467	3239.29	0	0
NM_001376245.1	3412	3184.29	368.302	5.20515
NM_001376246.1	3394	3166.29	0.000150321	2.13655e-06
NM_001376247.1	3293	3065.29	406.032	5.96115
NM_001376248.1	3348	3120.29	0	0
NM_001376249.1	3268	3040.29	44.6591	0.661054
NM_001376250.1	3349	3121.29	70.3593	1.01445
NM_001376251.1	3156	2928.29	0	0
NM_001376252.1	3323	3095.29	0	0
NM_001376253.1	3300	3072.29	0	0
NM_001376254.1	3107	2879.29	0	0
NM_001376255.1	3155	2927.29	0	0
NM_001376256.1	1244	1016.29	0	0
NM_001376258.1	2026	1798.29	0	0
NM_001376259.1	2023	1795.29	0	0
NM_001376260.1	2032	1804.29	0	0
NM_001376261.1	1816	1588.29	0	0
NM_001376262.1	6050	5822.29	0	0
NM_001376263.1	6029	5801.29	0	0
NM_001376265.1	6005	5777.29	0	0
NM_001376266.1	6026	5798.29	0	0
NM_001376267.1	5939	5711.29	0	0
NM_001376268.1	3505	3277.29	4.39374e-06	6.0334e-08
NM_001376269.1	3163	2935.29	220.817	3.3855
NM_001376270.1	3160	2932.29	36.1365	0.554602
NM_001376271.1	3295	3067.29	0	0
NM_001376272.1	3135	2907.29	26.6374	0.412331
NM_001376273.1	3456	3228.29	2.89637e-05	4.0376e-07
NM_001376274.1	3114	2886.29	1649.55	25.7197
NM_001376275.1	3181	2953.29	89.4342	1.36282
NM_001376276.1	3634	3406.29	8.41014	0.111113
NM_001376277.1	3602	3374.29	0	0
NM_001376278.1	3111	2883.29	285.069	4.44942
NM_001376279.1	3178	2950.29	12.0596	0.183954
NM_001376280.1	3766	3538.29	1.13661e-05	1.44564e-07
NM_001376281.1	3526	3298.29	3.44281	0.0469749
NM_001376282.1	3551	3323.29	0	0
NM_001376283.1	3591	3363.29	0	0
NM_001376284.1	3548	3320.29	0	0
NM_001376285.1	3421	3193.29	15.7798	0.222385
NM_001376286.1	3246	3018.29	0	0
NM_001376287.1	3418	3190.29	0	0
NM_001376288.1	2908	2680.29	0	0
NM_001376289.1	3025	2797.29	0	0
NM_001376290.1	3336	3108.29	6.81646e-08	9.86914e-10
NM_001376291.1	2991	2763.29	32.0644	0.522202
NM_001376292.1	2976	2748.29	32.5571	0.53312
NM_001376293.1	2973	2745.29	4.48151	0.0734645
NM_001376294.1	3099	2871.29	0	0
NM_001376295.1	2937	2709.29	0	0
NM_001376297.1	1775	1547.29	0	0
NM_001376298.1	2105	1877.29	17.0501	0.40873
NM_001376299.1	1831	1603.29	0	0
NM_001376300.1	1649	1421.29	0	0
NM_001376301.1	3210	2982.29	0	0
NM_001376302.1	2952	2724.29	0	0
NM_001376303.1	2826	2598.29	88.0481	1.52501
NM_001376304.1	3147	2919.29	0	0
NM_001376305.1	2903	2675.29	0	0
NM_001376306.2	10732	10504.3	0	0
NM_001376307.2	10768	10540.3	0	0
NM_001376308.2	10703	10475.3	0	0
NM_001376309.2	10682	10454.3	0	0
NM_001376310.2	10845	10617.3	0	0
NM_001376311.2	10717	10489.3	12.7913	0.0548797
NM_001376312.2	10585	10357.3	0	0
NM_001376313.2	10523	10295.3	0	0
NM_001376314.2	10667	10439.3	0	0
NM_001376315.2	11252	11024.3	0	0
NM_001376316.2	10582	10354.3	4.78799	0.0208101
NM_001376317.2	10587	10359.3	5.17214e-08	2.24689e-10
NM_001376318.2	11107	10879.3	0	0
NM_001376319.2	10964	10736.3	0	0
NM_001376320.2	10448	10220.3	0	0
NM_001376321.2	10350	10122.3	3.73192	0.0165919
NM_001376322.2	10590	10362.3	10.7548	0.0467078
NM_001376323.2	10330	10102.3	0	0
NM_001376324.2	10997	10769.3	0	0
NM_001376325.2	10287	10059.3	0	0
NM_001376326.2	10296	10068.3	6.02501	0.0269305
NM_001376327.2	10231	10003.3	0	0
NM_001376328.1	2322	2094.29	7.48419	0.160824
NM_001376329.2	10953	10725.3	1.85023e-05	7.76352e-08
NM_001376330.1	2956	2728.29	0	0
NM_001376331.2	10086	9858.29	0	0
NM_001376332.2	9976	9748.29	0	0
NM_001376334.1	6068	5840.29	52.833	0.407111
NM_001376335.1	4721	4493.29	92.9351	0.930802
NM_001376336.1	4475	4247.29	243.805	2.58329
NM_001376337.1	4905	4677.29	0	0
NM_001376338.1	6121	5893.29	334.088	2.5512
NM_001376339.1	6102	5874.29	2.9237	0.0223986
NM_001376340.1	6049	5821.29	52.653	0.407048
NM_001376341.1	4977	4749.29	60.4084	0.572415
NM_001376342.1	5917	5689.29	854.916	6.7625
NM_001376343.1	5979	5751.29	0	0
NM_001376344.1	5960	5732.29	40.0666	0.314555
NM_001376345.1	5944	5716.29	25.6404	0.201861
NM_001376346.1	6130	5902.29	54.706	0.417116
NM_001376347.1	4894	4666.29	51.5456	0.497121
NM_001376348.1	6111	5883.29	0	0
NM_001376349.1	4840	4612.29	0	0
NM_001376350.1	4904	4676.29	0	0
NM_001376351.1	5045	4817.29	0.000520749	4.86483e-06
NM_001376352.1	4600	4372.29	193.19	1.98847
NM_001376353.1	5079	4851.29	64.2515	0.59603
NM_001376354.1	4958	4730.29	44.4437	0.422829
NM_001376355.1	4570	4342.29	199.045	2.06288
NM_001376356.1	4802	4574.29	16.8568	0.165841
NM_001376357.1	4635	4407.29	36.6941	0.374685
NM_001376358.1	5181	4953.29	142.039	1.29049
NM_001376359.1	5026	4798.29	0.00125159	1.17387e-05
NM_001376360.1	5898	5670.29	187.471	1.48789
NM_001376361.1	5051	4823.29	0.000259727	2.42335e-06
NM_001376362.1	4774	4546.29	0	0
NM_001376363.1	4662	4434.29	0	0
NM_001376364.1	4535	4307.29	93.9216	0.981303
NM_001376365.1	4516	4288.29	169.71	1.78101
NM_001376366.1	5911	5683.29	272.812	2.16026
NM_001376367.1	6115	5887.29	109.502	0.837042
NM_001376369.1	8172	7944.29	0	0
NM_001376370.1	8060	7832.29	1.50037	0.00862088
NM_001376371.1	8243	8015.29	38.3325	0.215223
NM_001376372.1	8084	7856.29	81.1287	0.464728
NM_001376373.1	4761	4533.29	14.0534	0.139511
NM_001376374.1	7972	7744.29	5.6049	0.0325708
NM_001376375.1	6425	6197.29	0.00534373	3.88047e-05
NM_001376376.1	8132	7904.29	466.792	2.65768
NM_001376377.1	8057	7829.29	2.53777	0.0145872
NM_001376378.1	8240	8012.29	63.9009	0.358916
NM_001376379.1	7969	7741.29	9.52939	0.055398
NM_001376380.1	6422	6194.29	0.0104479	7.59069e-05
NM_001376381.1	6494	6266.29	18.5551	0.133259
NM_001376382.1	8081	7853.29	0	0
NM_001376383.1	8209	7981.29	0	0
NM_001376384.1	4867	4639.29	37.1735	0.360598
NM_001376385.1	8048	7820.29	1.41497	0.00814267
NM_001376386.1	7960	7732.29	5.29347	0.0308088
NM_001376387.1	4858	4630.29	330.203	3.20933
NM_001376388.1	7957	7729.29	2.75171	0.0160216
NM_001376389.1	6410	6182.29	0.00208301	1.51629e-05
NM_001376390.1	8045	7817.29	0.739897	0.00425948
NM_001376391.1	8157	7929.29	0	0
NM_001376392.1	5728	5500.29	1.59939e-07	1.30861e-09
NM_001376393.1	8033	7805.29	3.54229	0.0204238
NM_001376394.1	6065	5837.29	0	0
NM_001376395.1	7945	7717.29	13.3826	0.0780403
NM_001376396.1	7908	7680.29	9.13591	0.0535324
NM_001376397.1	8020	7792.29	0	0
NM_001376398.1	6155	5927.29	0	0
NM_001376399.1	7820	7592.29	35.6927	0.211568
NM_001376400.1	6971	6743.29	0	0
NM_001376401.1	7152	6924.29	0	0
NM_001376402.1	7188	6960.29	0	0
NM_001376403.1	5926	5698.29	0	0
NM_001376404.1	6053	5825.29	0	0
NM_001376405.1	5597	5369.29	0	0
NM_001376406.1	7860	7632.29	0	0
NM_001376407.1	6313	6085.29	0	0
NM_001376408.1	4609	4381.29	309.494	3.17901
NM_001376409.1	8057	7829.29	31.3728	0.180332
NM_001376410.1	7931	7703.29	42.3571	0.247453
NM_001376411.1	6384	6156.29	0.0707342	0.000517074
NM_001376412.1	6345	6117.29	0.0152376	0.000112099
NM_001376413.1	8019	7791.29	11.0514	0.0638335
NM_001376414.1	6273	6045.29	0.050303	0.000374472
NM_001376415.1	7945	7717.29	0	0
NM_001376417.1	8030	7802.29	5.99923	0.0346031
NM_001376418.1	7857	7629.29	0	0
NM_001376419.1	7942	7714.29	22.783	0.13291
NM_001376420.1	7905	7677.29	15.5788	0.0913203
NM_001376421.1	7817	7589.29	61.1894	0.362842
NM_001376422.1	6391	6163.29	0	0
NM_001376423.1	7905	7677.29	0.667963	0.00391549
NM_001376424.1	6270	6042.29	0.0996608	0.000742275
NM_001376425.1	7977	7749.29	5.95428	0.0345788
NM_001376426.1	8016	7788.29	18.7107	0.108116
NM_001376427.1	6266	6038.29	0	0
NM_001376428.1	6381	6153.29	0.138497	0.00101292
NM_001376429.1	7928	7700.29	72.0871	0.421301
NM_001376430.1	7929	7701.29	0	0
NM_001376431.1	7902	7674.29	1.14251	0.00669982
NM_001376432.1	7899	7671.29	0	0
NM_001376433.1	7851	7623.29	0	0
NM_001376434.1	4597	4369.29	291.648	3.00394
NM_001376435.1	7808	7580.29	34.0881	0.202376
NM_001376436.1	7919	7691.29	40.4465	0.236659
NM_001376437.1	7896	7668.29	8.70975	0.0511151
NM_001376438.1	7936	7708.29	82.7634	0.483195
NM_001376439.1	7880	7652.29	12.6895	0.0746271
NM_001376440.1	4669	4441.29	57.2585	0.580194
NM_001376441.1	7920	7692.29	0	0
NM_001376442.1	7933	7705.29	0	0
NM_001376443.1	7930	7702.29	6.57851	0.038437
NM_001376444.1	7805	7577.29	17.5044	0.103962
NM_001376445.1	6258	6030.29	0.0195714	0.000146058
NM_001376446.1	8004	7776.29	5.49845	0.0318207
NM_001376447.1	4594	4366.29	0.522265	0.00538295
NM_001376448.1	7916	7688.29	20.9849	0.122834
NM_001376449.1	7893	7665.29	4.49995	0.0264193
NM_001376450.1	7890	7662.29	0.116346	0.000683337
NM_001376451.1	8189	7961.29	0	0
NM_001376452.1	7878	7650.29	0	0
NM_001376453.1	6296	6068.29	0	0
NM_001376454.1	7857	7629.29	0	0
NM_001376455.1	7952	7724.29	0	0
NM_001376456.1	7928	7700.29	2.15235e-06	1.2579e-08
NM_001376457.1	8039	7811.29	3.22667e-06	1.85898e-08
NM_001376458.1	8161	7933.29	38.2787	0.217143
NM_001376459.1	4480	4252.29	0	0
NM_001376460.1	7819	7591.29	0	0
NM_001376461.1	7688	7460.29	0	0
NM_001376462.1	6141	5913.29	0	0
NM_001376463.1	7947	7719.29	31.1817	0.181788
NM_001376465.1	6609	6381.29	0	0
NM_001376466.1	6594	6366.29	4.71435	0.0333255
NM_001376467.1	2159	1931.29	0	0
NM_001376468.1	2843	2615.29	0	0
NM_001376469.1	2727	2499.29	0	0
NM_001376470.1	6512	6284.29	0	0
NM_001376471.1	2650	2422.29	0	0
NM_001376472.1	3850	3622.29	0	0
NM_001376473.1	3718	3490.29	0	0
NM_001376474.1	3456	3228.29	0	0
NM_001376475.1	3614	3386.29	0	0
NM_001376476.1	3560	3332.29	0	0
NM_001376477.1	2465	2237.29	0	0
NM_001376478.1	2288	2060.29	0	0
NM_001376479.1	3400	3172.29	0	0
NM_001376480.1	3367	3139.29	0	0
NM_001376481.1	3355	3127.29	0	0
NM_001376482.1	3301	3073.29	0	0
NM_001376483.1	3517	3289.29	0	0
NM_001376484.1	3219	2991.29	0	0
NM_001376486.1	3120	2892.29	0	0
NM_001376487.1	3116	2888.29	0	0
NM_001376488.1	3056	2828.29	0	0
NM_001376489.1	2062	1834.29	890.295	21.8428
NM_001376490.1	1855	1627.29	59.5036	1.64558
NM_001376491.1	1954	1726.29	23.0528	0.600968
NM_001376492.1	2253	2025.29	0	0
NM_001376493.1	2442	2214.29	0	0
NM_001376494.1	1051	823.293	0	0
NM_001376495.1	4617	4389.29	228.097	2.33866
NM_001376496.1	4443	4215.29	63.2399	0.675159
NM_001376497.1	4340	4112.29	0	0
NM_001376498.1	3834	3606.29	0	0
NM_001376499.1	4236	4008.29	0	0
NM_001376500.1	3839	3611.29	0	0
NM_001376501.1	3081	2853.29	0.0109574	0.000172824
NM_001376502.1	3081	2853.29	0	0
NM_001376503.1	2901	2673.29	0	0
NM_001376504.1	2865	2637.29	24.0622	0.4106
NM_001376505.1	2839	2611.29	242.995	4.18777
NM_001376506.1	2976	2748.29	0	0
NM_001376507.1	3183	2955.29	30.8619	0.469964
NM_001376508.1	2955	2727.29	37.2521	0.614697
NM_001376509.1	2889	2661.29	11.0686	0.187172
NM_001376510.1	3273	3045.29	139.178	2.05676
NM_001376511.1	3117	2889.29	84.7379	1.31986
NM_001376512.1	3045	2817.29	5.08712	0.0812611
NM_001376513.1	3180	2952.29	16.9212	0.257937
NM_001376514.1	2886	2658.29	5.58146	0.0944903
NM_001376515.1	3399	3171.29	0	0
NM_001376516.1	2870	2642.29	0	0
NM_001376517.1	5242	5014.29	0.000293989	2.63854e-06
NM_001376518.1	5061	4833.29	0	0
NM_001376519.1	5086	4858.29	22.8324	0.2115
NM_001376520.1	5083	4855.29	0	0
NM_001376521.1	4315	4087.29	0.00489955	5.39464e-05
NM_001376522.1	5053	4825.29	40.6476	0.3791
NM_001376523.1	4969	4741.29	0	0
NM_001376524.1	4837	4609.29	49.4388	0.482698
NM_001376525.1	4659	4431.29	1724.98	17.5185
NM_001376526.1	4398	4170.29	0	0
NM_001376527.1	4074	3846.29	0	0
NM_001376528.1	3990	3762.29	0	0
NM_001376529.1	1286	1058.29	0	0
NM_001376530.1	1379	1151.29	0	0
NM_001376531.1	1228	1000.29	0	0
NM_001376532.1	1547	1319.29	104.069	3.54995
NM_001376533.1	1522	1294.29	22.1293	0.769445
NM_001376534.1	10724	10496.3	0	0
NM_001376535.1	10691	10463.3	0	0
NM_001376536.1	10146	9918.29	0	0
NM_001376537.1	10731	10503.3	0	0
NM_001376538.1	10689	10461.3	0	0
NM_001376539.1	10664	10436.3	0	0
NM_001376540.1	10677	10449.3	0	0
NM_001376541.1	10652	10424.3	0	0
NM_001376542.1	10917	10689.3	0	0
NM_001376543.1	10665	10437.3	0	0
NM_001376544.1	10605	10377.3	0	0
NM_001376545.1	10592	10364.3	0	0
NM_001376546.1	10248	10020.3	0	0
NM_001376547.1	10205	9977.29	0	0
NM_001376548.1	10212	9984.29	0	0
NM_001376549.1	10166	9938.29	0	0
NM_001376550.1	10139	9911.29	0	0
NM_001376551.1	10127	9899.29	0	0
NM_001376552.1	10140	9912.29	0	0
NM_001376554.1	10067	9839.29	0	0
NM_001376555.1	10080	9852.29	0	0
NM_001376556.1	1918	1690.29	5.41839	0.144262
NM_001376557.1	1465	1237.29	0	0
NM_001376558.2	1763	1535.29	400.714	11.7459
NM_001376559.2	1760	1532.29	0	0
NM_001376560.2	1757	1529.29	244.722	7.20153
NM_001376561.2	1855	1627.29	187.858	5.19525
NM_001376562.2	1815	1587.29	0	0
NM_001376563.2	1733	1505.29	0	0
NM_001376564.2	1619	1391.29	0	0
NM_001376565.1	1307	1079.29	0	0
NM_001376566.1	900	672.361	0	0
NM_001376567.1	1116	888.293	7.83021	0.396697
NM_001376568.1	1091	863.293	2.83038	0.147546
NM_001376569.1	854	626.427	0	0
NM_001376570.1	2281	2053.29	168.371	3.69028
NM_001376571.1	6036	5808.29	8.31896e-06	6.44559e-08
NM_001376572.1	6024	5796.29	0	0
NM_001376573.1	6015	5787.29	0	0
NM_001376574.1	5956	5728.29	0.0343605	0.000269946
NM_001376575.1	5976	5748.29	0	0
NM_001376576.1	6094	5866.29	0	0
NM_001376577.1	5964	5736.29	0	0
NM_001376578.1	5937	5709.29	2.02965	0.0159986
NM_001376579.1	5910	5682.29	4.65162e-05	3.68403e-07
NM_001376580.1	5901	5673.29	0	0
NM_001376581.1	5895	5667.29	0	0
NM_001376582.1	5886	5658.29	0	0
NM_001376583.1	5862	5634.29	0	0
NM_001376584.1	5850	5622.29	83.7404	0.670291
NM_001376585.1	5844	5616.29	0	0
NM_001376586.1	5841	5613.29	7.71668	0.0618664
NM_001376587.1	2883	2655.29	1390.77	23.5714
NM_001376588.1	3039	2811.29	134.207	2.14838
NM_001376589.1	2854	2626.29	0	0
NM_001376591.1	2871	2643.29	47.923	0.815907
NM_001376592.1	2547	2319.29	869.068	16.8632
NM_001376593.1	5838	5610.29	0.000866185	6.94812e-06
NM_001376594.1	5812	5584.29	0	0
NM_001376595.1	5991	5763.29	0	0
NM_001376596.1	5937	5709.29	8.03661	0.063348
NM_001376597.1	5835	5607.29	0	0
NM_001376598.1	5826	5598.29	0	0
NM_001376599.1	5945	5717.29	0	0
NM_001376600.1	5919	5691.29	0	0
NM_001376601.1	5937	5709.29	10.6461	0.0839169
NM_001376602.1	5808	5580.29	0	0
NM_001376603.1	5793	5565.29	0.0144336	0.000116716
NM_001376604.1	5781	5553.29	5.11902e-05	4.14838e-07
NM_001376605.1	5903	5675.29	0	0
NM_001376606.1	5900	5672.29	0	0
NM_001376607.1	5769	5541.29	165.36	1.34296
NM_001376608.1	5894	5666.29	0	0
NM_001376609.1	5891	5663.29	0	0
NM_001376610.1	5885	5657.29	0	0
NM_001376611.1	5748	5520.29	30.3632	0.24753
NM_001376612.1	5742	5514.29	21.4393	0.17497
NM_001376613.1	5736	5508.29	0.000244348	1.99634e-06
NM_001376614.1	5866	5638.29	0.000417092	3.3291e-06
NM_001376615.1	5721	5493.29	124.819	1.02256
NM_001376616.1	5851	5623.29	157.566	1.261
NM_001376617.1	5715	5487.29	9.5121	0.0780118
NM_001376618.1	5709	5481.29	0.000997006	8.18572e-06
NM_001376619.1	5839	5611.29	0.00165444	1.32688e-05
NM_001376620.1	5737	5509.29	29.7447	0.242972
NM_001376621.1	5807	5579.29	0	0
NM_001376622.1	5805	5577.29	0	0
NM_001376623.1	5831	5603.29	0	0
NM_001376624.1	5828	5600.29	0	0
NM_001376625.1	5958	5730.29	0	0
NM_001376626.1	5754	5526.29	0	0
NM_001376627.1	5745	5517.29	0	0
NM_001376628.1	5825	5597.29	0	0
NM_001376629.1	5816	5588.29	0	0
NM_001376630.1	5946	5718.29	0	0
NM_001376631.1	5934	5706.29	11.0854	0.0874261
NM_001376632.1	5789	5561.29	0	0
NM_001376633.1	5789	5561.29	14.5193	0.117493
NM_001376634.1	5754	5526.29	7.27753e-08	5.92642e-10
NM_001376635.1	5703	5475.29	0.0174372	0.000143321
NM_001376636.1	5904	5676.29	0	0
NM_001376637.1	5774	5546.29	0	0
NM_001376638.1	5901	5673.29	0	0
NM_001376639.1	5771	5543.29	0	0
NM_001376640.1	5768	5540.29	0	0
NM_001376641.1	5921	5693.29	0	0
NM_001376642.1	5736	5508.29	0	0
NM_001376643.1	5762	5534.29	0	0
NM_001376644.1	5685	5457.29	0	0
NM_001376645.1	5756	5528.29	0	0
NM_001376646.1	5682	5454.29	0	0
NM_001376647.1	5676	5448.29	0	0
NM_001376648.1	5925	5697.29	22.0556	0.174218
NM_001376649.1	5741	5513.29	10.315	0.0841975
NM_001376650.1	5607	5379.29	2.7395e-05	2.29186e-07
NM_001376651.1	5696	5468.29	14.3216	0.117864
NM_001376652.1	5714	5486.29	0	0
NM_001376653.1	5711	5483.29	0	0
NM_001376654.1	5631	5403.29	173.713	1.44683
NM_001376655.1	5702	5474.29	0	0
NM_001376656.1	5702	5474.29	0	0
NM_001376657.1	5735	5507.29	0	0
NM_001376658.1	5654	5426.29	0	0
NM_001376659.1	5666	5438.29	0	0
NM_001376660.1	5606	5378.29	0	0
NM_001376661.1	5471	5243.29	0	0
NM_001376662.1	5324	5096.29	0	0
NM_001376663.1	5103	4875.29	49.5082	0.457003
NM_001376664.1	2807	2579.29	22.8194	0.39815
NM_001376665.1	2542	2314.29	1.729e-06	3.36216e-08
NM_001376666.1	2780	2552.29	2.36309	0.041667
NM_001376667.1	2777	2549.29	25.8	0.455451
NM_001376668.1	2515	2287.29	1.07647e-07	2.11797e-09
NM_001376669.1	2645	2417.29	0	0
NM_001376670.1	2618	2390.29	0	0
NM_001376671.1	2003	1775.29	1.16459	0.0295221
NM_001376672.1	2000	1772.29	36.1763	0.918608
NM_001376673.1	2206	1978.29	0	0
NM_001376674.1	1973	1745.29	1.32475	0.0341592
NM_001376675.1	4431	4203.29	0	0
NM_001376676.1	4227	3999.29	0	0
NM_001376677.1	4217	3989.29	0	0
NM_001376678.1	4416	4188.29	0	0
NM_001376679.1	4491	4263.29	0	0
NM_001376680.1	4267	4039.29	0	0
NM_001376681.1	4569	4341.29	0	0
NM_001376682.1	4692	4464.29	0	0
NM_001376683.1	4428	4200.29	0	0
NM_001376684.1	4413	4185.29	0	0
NM_001376685.1	4212	3984.29	0	0
NM_001376686.1	4416	4188.29	0	0
NM_001376687.1	4401	4173.29	0	0
NM_001376688.1	4202	3974.29	0	0
NM_001376689.1	4401	4173.29	0	0
NM_001376690.1	4252	4024.29	0	0
NM_001376691.1	4500	4272.29	0	0
NM_001376692.1	4554	4326.29	0	0
NM_001376693.1	4410	4182.29	0	0
NM_001376694.1	4392	4164.29	0	0
NM_001376695.1	4185	3957.29	0	0
NM_001376696.1	4374	4146.29	0	0
NM_001376697.1	4175	3947.29	0	0
NM_001376698.1	4225	3997.29	0	0
NM_001376699.1	4371	4143.29	0	0
NM_001376700.1	4222	3994.29	0	0
NM_001376701.1	4359	4131.29	0	0
NM_001376702.1	4149	3921.29	0	0
NM_001376703.1	4353	4125.29	0	0
NM_001376704.1	4139	3911.29	0	0
NM_001376705.1	4338	4110.29	0	0
NM_001376706.1	4189	3961.29	0	0
NM_001376707.1	4491	4263.29	0	0
NM_001376708.1	4347	4119.29	0	0
NM_001376709.1	4133	3905.29	0	0
NM_001376710.1	4332	4104.29	0	0
NM_001376711.1	4485	4257.29	0	0
NM_001376712.1	4099	3871.29	0	0
NM_001376713.1	4323	4095.29	0	0
NM_001376714.1	4174	3946.29	0	0
NM_001376715.1	4704	4476.29	0	0
NM_001376716.1	4097	3869.29	0	0
NM_001376717.1	4281	4053.29	0	0
NM_001376718.1	4281	4053.29	0	0
NM_001376719.1	4254	4026.29	0	0
NM_001376720.1	4345	4117.29	0	0
NM_001376721.1	4512	4284.29	0	0
NM_001376722.1	5028	4800.29	0	0
NM_001376723.1	4372	4144.29	0	0
NM_001376724.1	5121	4893.29	0	0
NM_001376725.1	4677	4449.29	0	0
NM_001376726.1	4223	3995.29	0	0
NM_001376727.1	4848	4620.29	0	0
NM_001376728.1	4037	3809.29	0	0
NM_001376729.1	5105	4877.29	0	0
NM_001376730.1	4851	4623.29	0	0
NM_001376731.1	4040	3812.29	0	0
NM_001376732.1	5062	4834.29	0	0
NM_001376733.1	4034	3806.29	0	0
NM_001376734.1	4233	4005.29	0	0
NM_001376735.1	4374	4146.29	0	0
NM_001376736.1	4013	3785.29	0	0
NM_001376737.1	4130	3902.29	0	0
NM_001376738.1	3711	3483.29	0	0
NM_001376739.1	3470	3242.29	0	0
NM_001376740.1	3409	3181.29	0	0
NM_001376741.1	3819	3591.29	0	0
NM_001376742.1	2107	1879.29	0	0
NM_001376744.1	3432	3204.29	0.00345664	4.85473e-05
NM_001376745.1	3423	3195.29	0.0245253	0.000345419
NM_001376746.1	3417	3189.29	0	0
NM_001376747.1	3320	3092.29	8.74801	0.127312
NM_001376748.1	3363	3135.29	28.5893	0.410362
NM_001376749.1	3354	3126.29	210.676	3.03268
NM_001376750.1	3351	3123.29	430.114	6.19745
NM_001376751.1	3348	3120.29	1.01353	0.0146179
NM_001376752.1	3348	3120.29	0	0
NM_001376753.1	3336	3108.29	1.33271e-08	1.92955e-10
NM_001376754.1	3327	3099.29	212.731	3.08895
NM_001376755.1	3324	3096.29	0	0
NM_001376756.1	3324	3096.29	0	0
NM_001376757.1	3239	3011.29	0	0
NM_001376758.1	3318	3090.29	34.0828	0.496339
NM_001376759.1	3315	3087.29	86.2796	1.25769
NM_001376760.1	3309	3081.29	248.777	3.63346
NM_001376761.1	3309	3081.29	47.4377	0.69284
NM_001376762.1	3303	3075.29	1.13888	0.016666
NM_001376763.1	3433	3205.29	31.0788	0.436354
NM_001376764.1	3297	3069.29	0	0
NM_001376765.1	3288	3060.29	27.2012	0.400006
NM_001376766.1	3209	2981.29	0.00343377	5.18333e-05
NM_001376767.1	3282	3054.29	249.387	3.67455
NM_001376768.1	3276	3048.29	36.8078	0.543406
NM_001376769.1	3270	3042.29	102.054	1.50963
NM_001376770.1	3176	2948.29	0	0
NM_001376771.1	3246	3018.29	135.35	2.01808
NM_001376772.1	3246	3018.29	9.27779	0.138333
NM_001376773.1	3243	3015.29	31.4253	0.469021
NM_001376774.1	3228	3000.29	0	0
NM_001376775.1	3219	2991.29	159.544	2.40029
NM_001376776.1	3137	2909.29	3.58283	0.0554219
NM_001376777.1	3213	2985.29	27.8985	0.420568
NM_001376778.1	3210	2982.29	5.01711	0.0757087
NM_001376779.1	3201	2973.29	160.119	2.42352
NM_001376780.1	3195	2967.29	0.00987758	0.000149807
NM_001376781.1	3183	2955.29	0	0
NM_001376782.1	3229	3001.29	18.5531	0.278196
NM_001376783.1	3168	2940.29	32.9223	0.503897
NM_001376784.1	3089	2861.29	0.503709	0.00792245
NM_001376785.1	3153	2925.29	0	0
NM_001376786.1	3032	2804.29	0.000477528	7.66334e-06
NM_001376787.1	6432	6204.29	61.3953	0.445333
NM_001376788.1	6760	6532.29	166.945	1.15014
NM_001376789.1	6693	6465.29	0	0
NM_001376790.1	6377	6149.29	0	0
NM_001376791.1	6755	6527.29	309.021	2.13058
NM_001376792.1	6497	6269.29	3.91116	0.0280756
NM_001376793.1	6210	5982.29	0	0
NM_001376794.1	6115	5887.29	35.9145	0.274534
NM_001376795.1	2543	2315.29	699.651	13.5993
NM_001376796.1	2830	2602.29	80.8071	1.39745
NM_001376797.1	2347	2119.29	556.113	11.809
NM_001376798.1	3464	3236.29	0	0
NM_001376799.1	3402	3174.29	0	0
NM_001376800.1	3523	3295.29	0	0
NM_001376801.1	3585	3357.29	0	0
NM_001376802.1	3234	3006.29	0	0
NM_001376803.1	3393	3165.29	95.9848	1.36468
NM_001376804.1	3409	3181.29	0	0
NM_001376805.1	3468	3240.29	0	0
NM_001376806.1	3435	3207.29	0	0
NM_001376807.1	3601	3373.29	0	0
NM_001376808.1	2609	2381.29	0	0
NM_001376809.1	3278	3050.29	0	0
NM_001376810.1	3269	3041.29	0	0
NM_001376811.1	3742	3514.29	6.55848	0.0839862
NM_001376812.1	3400	3172.29	0	0
NM_001376813.1	3181	2953.29	0	0
NM_001376814.1	3389	3161.29	0	0
NM_001376815.1	2821	2593.29	0	0
NM_001376817.1	5211	4983.29	8.24976	0.0745018
NM_001376818.1	5663	5435.29	13.0981	0.108449
NM_001376819.1	5920	5692.29	0	0
NM_001376820.1	5570	5342.29	783.459	6.5998
NM_001376821.1	5647	5419.29	14.7524	0.122507
NM_001376822.1	5885	5657.29	5.13982	0.0408867
NM_001376823.1	6256	6028.29	19.3787	0.144668
NM_001376824.1	5849	5621.29	2.23922	0.0179268
NM_001376825.1	5611	5383.29	6.27992	0.0524987
NM_001376826.1	5773	5545.29	0	0
NM_001376827.1	5831	5603.29	28.0276	0.225105
NM_001376828.1	5593	5365.29	85.6916	0.718765
NM_001376829.1	6202	5974.29	95.6994	0.720884
NM_001376830.1	5557	5329.29	35.5394	0.300112
NM_001376831.1	5795	5567.29	11.9084	0.096261
NM_001376832.1	5475	5247.29	0.0296297	0.000254117
NM_001376833.1	5439	5211.29	437.549	3.77853
NM_001376834.1	5498	5270.29	25.4214	0.217073
NM_001376835.1	5462	5234.29	6.92459	0.0595358
NM_001376836.1	5385	5157.29	414.359	3.61574
NM_001376837.1	4673	4445.29	25.2668	0.255795
NM_001376838.1	5330	5102.29	0.0324616	0.000286317
NM_001376839.1	4864	4636.29	0	0
NM_001376840.1	4810	4582.29	0	0
NM_001376841.1	4553	4325.29	260.986	2.71546
NM_001376842.1	4868	4640.29	0	0
NM_001376843.1	4806	4578.29	0	0
NM_001376844.1	4517	4289.29	89.3098	0.937035
NM_001376845.1	4774	4546.29	0	0
NM_001376846.1	4832	4604.29	0	0
NM_001376847.1	4382	4154.29	0	0
NM_001376848.1	4727	4499.29	7.63292	0.0763465
NM_001376849.1	4737	4509.29	0	0
NM_001376850.1	5127	4899.29	113.25	1.04027
NM_001376851.1	4422	4194.29	12.0008	0.128764
NM_001376852.1	5103	4875.29	3711.69	34.2621
NM_001376853.1	5104	4876.29	0	0
NM_001376854.1	5022	4794.29	21.3664	0.200562
NM_001376855.1	5083	4855.29	0	0
NM_001376856.1	4936	4708.29	0	0
NM_001376857.1	5012	4784.29	2120.39	19.9453
NM_001376858.1	4763	4535.29	0	0
NM_001376859.1	4664	4436.29	0	0
NM_001376861.1	556	332.141	0	0
NM_001376862.1	574	349.421	0	0
NM_001376863.1	602	376.687	0	0
NM_001376864.1	6611	6383.29	132.499	0.934138
NM_001376865.1	6391	6163.29	391.161	2.85617
NM_001376866.1	6402	6174.29	508.148	3.70378
NM_001376867.1	6462	6234.29	1514.12	10.9299
NM_001376868.1	6455	6227.29	414.056	2.99228
NM_001376869.1	6349	6121.29	1035.76	7.6148
NM_001376870.1	6374	6146.29	0	0
NM_001376871.1	6367	6139.29	0	0
NM_001376872.1	6559	6331.29	0	0
NM_001376873.1	6711	6483.29	13.6214	0.0945514
NM_001376874.1	6427	6199.29	54.866	0.398293
NM_001376875.1	6426	6198.29	0	0
NM_001376876.1	6420	6192.29	0	0
NM_001376877.1	6691	6463.29	29.2266	0.203501
NM_001376878.1	6314	6086.29	0	0
NM_001376879.1	6594	6366.29	0	0
NM_001376880.1	6484	6256.29	0	0
NM_001376881.1	6539	6311.29	0	0
NM_001376882.1	6658	6430.29	18.97	0.132764
NM_001376883.1	6350	6122.29	75.8571	0.557602
NM_001376884.1	6236	6008.29	0	0
NM_001376885.1	6324	6096.29	286.186	2.11263
NM_001376886.1	6369	6141.29	0	0
NM_001376887.1	4487	4259.29	0	0
NM_001376888.1	2559	2331.29	0	0
NM_001376889.1	3211	2983.29	6.53103	0.0985209
NM_001376890.1	2621	2393.29	0	0
NM_001376891.1	1800	1572.29	0	0
NM_001376892.1	1200	972.293	0	0
NM_001376893.1	1303	1075.29	0	0
NM_001376894.1	2682	2454.29	0	0
NM_001376895.1	1262	1034.29	0	0
NM_001376896.1	3851	3623.29	0	0
NM_001376897.1	3848	3620.29	0	0
NM_001376898.1	3839	3611.29	0	0
NM_001376899.1	1452	1224.29	8.29274	0.304828
NM_001376900.1	3262	3034.29	0	0
NM_001376901.1	3405	3177.29	0	0
NM_001376902.1	1860	1632.29	55.137	1.52015
NM_001376903.1	881	653.427	0	0
NM_001376904.1	800	572.487	0	0
NM_001376905.1	790	562.487	0	0
NM_001376906.1	3409	3181.29	45.9235	0.649641
NM_001376907.1	3301	3073.29	9.89258	0.14486
NM_001376908.1	3468	3240.29	0	0
NM_001376910.1	4739	4511.29	334.763	3.33948
NM_001376911.1	4744	4516.29	701.458	6.98976
NM_001376914.1	2772	2544.29	0	0
NM_001376919.1	8705	8477.29	362.287	1.92326
NM_001376920.1	8626	8398.29	0.00121252	6.49739e-06
NM_001376922.1	2890	2662.29	4598.69	77.7356
NM_001376923.1	818	590.487	6.09683	0.464661
NM_001376924.1	1574	1346.29	107.488	3.59305
NM_001376929.1	6353	6125.29	1.11166	0.0081675
NM_001376932.3	1738	1510.29	0	0
NM_001376937.1	503	282.705	10	1.59188
NM_001376938.2	7884	7656.29	0	0
NM_001377.3	13683	13455.3	884.002	2.95667
NM_001377060.1	3005	2777.29	96.2058	1.55891
NM_001377061.1	1784	1556.29	100.423	2.90391
NM_001377062.1	2195	1967.29	5.15597	0.117946
NM_001377063.1	1619	1391.29	0	0
NM_001377128.1	5016	4788.29	51.9938	0.488667
NM_001377129.1	4812	4584.29	138.091	1.35561
NM_001377130.1	4466	4238.29	175.848	1.86719
NM_001377131.1	3613	3385.29	403.981	5.3704
NM_001377132.1	4507	4279.29	8.05792e-06	8.47409e-08
NM_001377134.2	5744	5516.29	31.1151	0.253843
NM_001377135.1	5582	5354.29	6.58319	0.055332
NM_001377136.1	5545	5317.29	8.22233	0.06959
NM_001377137.1	6403	6175.29	256.897	1.87216
NM_001377138.1	6352	6124.29	89.0768	0.654563
NM_001377139.1	6106	5878.29	59.8041	0.457849
NM_001377140.1	6094	5866.29	111.323	0.85401
NM_001377141.1	6499	6271.29	0	0
NM_001377142.1	5674	5446.29	0	0
NM_001377143.1	5618	5390.29	16.2624	0.135773
NM_001377144.1	8700	8472.29	0	0
NM_001377145.1	8345	8117.29	0	0
NM_001377146.1	8165	7937.29	0	0
NM_001377147.1	8303	8075.29	0	0
NM_001377148.1	8308	8080.29	0	0
NM_001377149.1	8313	8085.29	0	0
NM_001377150.1	8225	7997.29	0	0
NM_001377151.1	8324	8096.29	0	0
NM_001377152.1	8452	8224.29	1.99997	0.0109438
NM_001377153.1	8245	8017.29	0	0
NM_001377154.1	8097	7869.29	0	0
NM_001377155.1	2262	2034.29	0	0
NM_001377156.1	5651	5423.29	602.895	5.00289
NM_001377158.1	3338	3110.29	41.5044	0.60053
NM_001377159.1	3510	3282.29	55.5748	0.761979
NM_001377160.1	3538	3310.29	15.3433	0.20859
NM_001377161.1	3550	3322.29	42.4781	0.5754
NM_001377162.1	3437	3209.29	3.40399	0.0477333
NM_001377163.1	3445	3217.29	37.4107	0.523296
NM_001377164.1	3230	3002.29	0.517129	0.00775154
NM_001377165.1	3286	3058.29	6.566	0.0966194
NM_001377166.1	2554	2326.29	0	0
NM_001377167.1	2670	2442.29	0	0
NM_001377168.1	2602	2374.29	17.9543	0.340312
NM_001377169.1	4016	3788.29	202.406	2.40449
NM_001377170.1	2249	2021.29	0	0
NM_001377171.1	2650	2422.29	27.1927	0.505206
NM_001377172.1	2347	2119.29	0	0
NM_001377173.1	1590	1362.29	0	0
NM_001377174.1	1524	1296.29	0	0
NM_001377175.1	1491	1263.29	0	0
NM_001377176.1	1461	1233.29	0	0
NM_001377177.1	1448	1220.29	0	0
NM_001377178.1	1428	1200.29	0	0
NM_001377179.1	1428	1200.29	0	0
NM_001377180.1	1395	1167.29	0	0
NM_001377181.1	1388	1160.29	0	0
NM_001377182.1	1368	1140.29	0	0
NM_001377183.1	1355	1127.29	0	0
NM_001377184.1	1335	1107.29	0	0
NM_001377185.1	1302	1074.29	0.402142	0.0168461
NM_001377186.1	2296	2068.29	127.412	2.7723
NM_001377187.1	2491	2263.29	965.434	19.1966
NM_001377188.1	2344	2116.29	201.784	4.29095
NM_001377189.1	2472	2244.29	0	0
NM_001377190.1	2618	2390.29	176.5	3.32305
NM_001377191.1	2341	2113.29	468.045	9.96713
NM_001377192.1	2469	2241.29	0	0
NM_001377193.1	2615	2387.29	375.616	7.08077
NM_001377197.1	6316	6088.29	0	0
NM_001377198.1	6247	6019.29	0	0
NM_001377199.1	6184	5956.29	0	0
NM_001377200.1	6172	5944.29	0	0
NM_001377201.1	6157	5929.29	0	0
NM_001377202.1	6061	5833.29	6.86621	0.0529719
NM_001377203.1	5974	5746.29	0	0
NM_001377204.1	5971	5743.29	0	0
NM_001377205.1	5947	5719.29	0	0
NM_001377206.1	5899	5671.29	0	0
NM_001377207.1	5878	5650.29	0	0
NM_001377208.1	5806	5578.29	0	0
NM_001377209.1	5803	5575.29	0	0
NM_001377210.1	8230	8002.29	54.4106	0.305993
NM_001377211.1	7657	7429.29	0	0
NM_001377212.1	7648	7420.29	588.762	3.57076
NM_001377213.1	7886	7658.29	0	0
NM_001377214.1	2735	2507.29	0	0
NM_001377215.1	2924	2696.29	28.0597	0.468337
NM_001377216.1	2682	2454.29	0	0
NM_001377217.1	2773	2545.29	25.9267	0.458407
NM_001377218.1	4751	4523.29	0	0
NM_001377219.1	4748	4520.29	0	0
NM_001377220.1	5842	5614.29	3.74423	0.030013
NM_001377221.1	5420	5192.29	5.18406	0.0449317
NM_001377222.1	4597	4369.29	465.17	4.79118
NM_001377223.1	4745	4517.29	89.9032	0.895651
NM_001377224.1	4594	4366.29	144.298	1.48727
NM_001377225.1	4471	4243.29	0	0
NM_001377226.1	4471	4243.29	520.949	5.52503
NM_001377227.1	2482	2254.29	36.7842	0.734333
NM_001377228.1	4706	4478.29	0	0
NM_001377229.1	4796	4568.29	0	0
NM_001377230.1	14062	13834.3	0	0
NM_001377231.1	14812	14584.3	0	0
NM_001377232.1	14285	14057.3	0	0
NM_001377234.1	14278	14050.3	0	0
NM_001377235.1	14221	13993.3	0	0
NM_001377236.1	5661	5433.29	2018.41	16.7182
NM_001377237.1	14141	13913.3	0	0
NM_001377238.1	14211	13983.3	51.4309	0.165522
NM_001377239.1	5608	5380.29	47.2387	0.395125
NM_001377240.1	14103	13875.3	0	0
NM_001377241.1	14037	13809.3	0	0
NM_001377242.1	14524	14296.3	0	0
NM_001377243.1	14319	14091.3	0	0
NM_001377244.1	14262	14034.3	6.59495	0.0211477
NM_001377245.1	14067	13839.3	0	0
NM_001377246.1	14137	13909.3	5.15607	0.0166823
NM_001377247.1	14033	13805.3	0	0
NM_001377248.1	14125	13897.3	2.97453	0.00963232
NM_001377249.1	14061	13833.3	0	0
NM_001377250.1	14028	13800.3	0	0
NM_001377251.1	14074	13846.3	0	0
NM_001377252.1	13852	13624.3	0	0
NM_001377253.1	13922	13694.3	0	0
NM_001377254.1	14141	13913.3	0	0
NM_001377255.1	13993	13765.3	0	0
NM_001377256.1	14044	13816.3	0	0
NM_001377257.1	13963	13735.3	0	0
NM_001377258.1	13932	13704.3	0	0
NM_001377259.1	6145	5917.29	15.6959	0.119373
NM_001377260.1	4267	4039.29	421.282	4.69364
NM_001377261.1	4198	3970.29	101.609	1.15173
NM_001377262.1	3417	3189.29	0	0
NM_001377263.1	1293	1065.29	0	0
NM_001377265.1	6815	6587.29	0	0
NM_001377266.1	6524	6296.29	0	0
NM_001377267.1	4139	3911.29	0	0
NM_001377268.1	5525	5297.29	0	0
NM_001377269.1	1401	1173.29	254.244	9.75183
NM_001377270.1	1398	1170.29	37.2309	1.4317
NM_001377271.1	5551	5323.29	173.177	1.46404
NM_001377272.1	5636	5408.29	270.259	2.24886
NM_001377273.1	8728	8500.29	194.081	1.02752
NM_001377274.1	8255	8027.29	40.7222	0.228299
NM_001377275.1	6365	6137.29	338.171	2.47972
NM_001377276.1	6341	6113.29	155.771	1.14671
NM_001377277.1	6931	6703.29	0	0
NM_001377278.1	6869	6641.29	2.2407e-08	1.51835e-10
NM_001377279.1	6771	6543.29	15.9196	0.109491
NM_001377280.1	6657	6429.29	9.08039	0.0635599
NM_001377283.1	2628	2400.29	84.7397	1.58878
NM_001377284.1	2610	2382.29	143.282	2.70669
NM_001377285.1	2732	2504.29	30.5675	0.54931
NM_001377286.1	2619	2391.29	47.0234	0.88496
NM_001377287.1	2677	2449.29	90.0035	1.65372
NM_001377288.1	2679	2451.29	44.2259	0.81194
NM_001377289.1	4048	3820.29	0	0
NM_001377290.1	3871	3643.29	0	0
NM_001377291.1	1386	1158.29	0	0
NM_001377292.1	5242	5014.29	0.00154062	1.3827e-05
NM_001377293.1	5210	4982.29	9.99269	0.09026
NM_001377294.1	5238	5010.29	0.00460109	4.13276e-05
NM_001377295.2	1515	1287.29	4.32525	0.151208
NM_001377296.1	2975	2747.29	0	0
NM_001377297.1	2916	2688.29	0	0
NM_001377298.1	1904	1676.29	177.219	4.75777
NM_001377299.1	1613	1385.29	2527.77	82.118
NM_001377300.1	2138	1910.29	11.7861	0.277659
NM_001377301.1	2286	2058.29	16.1278	0.352623
NM_001377302.1	1638	1410.29	0	0
NM_001377303.1	3432	3204.29	0	0
NM_001377304.1	1798	1570.29	0	0
NM_001377305.1	2054	1826.29	1.00204	0.0246919
NM_001377306.1	5251	5023.29	0	0
NM_001377307.1	5087	4859.29	0.207594	0.00192258
NM_001377308.1	5072	4844.29	14.3891	0.133673
NM_001377309.1	3323	3095.29	0.00838238	0.000121873
NM_001377310.1	3308	3080.29	6.54359	0.0956018
NM_001377311.1	5150	4922.29	0	0
NM_001377312.1	2014	1786.29	10.7182	0.270029
NM_001377313.1	2011	1783.29	0	0
NM_001377314.1	1830	1602.29	9.21368	0.258781
NM_001377315.1	1617	1389.29	69.7871	2.2606
NM_001377316.2	2709	2481.29	13.2274	0.239905
NM_001377317.2	2479	2251.29	0	0
NM_001377321.1	6008	5780.29	29	0.225783
NM_001377322.1	6938	6710.29	8.02993e-08	5.38533e-10
NM_001377323.1	6808	6580.29	0	0
NM_001377324.1	6946	6718.29	0	0
NM_001377325.1	6790	6562.29	18.6572	0.127948
NM_001377326.1	6739	6511.29	4.31346	0.0298127
NM_001377327.1	6905	6677.29	40.0719	0.270074
NM_001377328.1	6610	6382.29	0	0
NM_001377329.1	4641	4413.29	0	0
NM_001377330.1	4201	3973.29	0	0
NM_001377331.1	3892	3664.29	91.6926	1.12612
NM_001377332.1	5990	5762.29	9.6257	0.075176
NM_001377334.1	7658	7430.29	28.0513	0.169899
NM_001377335.1	8373	8145.29	0	0
NM_001377337.1	2720	2492.29	0	0
NM_001377338.1	2762	2534.29	2.29851	0.0408161
NM_001377341.1	2676	2448.29	0	0
NM_001377342.1	2718	2490.29	5.44877	0.0984669
NM_001377343.1	2477	2249.29	0	0
NM_001377344.1	5288	5060.29	39.0038	0.346876
NM_001377345.1	4559	4331.29	777.083	8.07407
NM_001377346.1	4702	4474.29	0	0
NM_001377347.1	4075	3847.29	12.9458	0.151432
NM_001377348.1	3781	3553.29	20.7352	0.262615
NM_001377349.1	3777	3549.29	97.1307	1.23156
NM_001377351.1	3947	3719.29	7.5764	0.0916737
NM_001377352.1	3988	3760.29	79.5133	0.951613
NM_001377353.1	4065	3837.29	10.4766	0.122868
NM_001377354.1	3984	3756.29	11.0193	0.132019
NM_001377355.1	3866	3638.29	0	0
NM_001377356.1	4131	3903.29	17.642	0.203404
NM_001377357.1	4135	3907.29	0	0
NM_001377358.1	4203	3975.29	16.0657	0.181875
NM_001377359.1	4188	3960.29	0	0
NM_001377360.1	4052	3824.29	20.9059	0.246014
NM_001377361.1	3985	3757.29	68.7227	0.823128
NM_001377362.1	3981	3753.29	0	0
NM_001377363.1	3863	3635.29	0	0
NM_001377364.1	4051	3823.29	0	0
NM_001377365.1	3752	3524.29	0	0
NM_001377366.1	4138	3910.29	0	0
NM_001377367.1	4129	3901.29	0	0
NM_001377368.1	4133	3905.29	0	0
NM_001377369.1	4065	3837.29	0	0
NM_001377370.1	4012	3784.29	0	0
NM_001377371.1	4250	4022.29	24.5381	0.274543
NM_001377372.1	4401	4173.29	12.3199	0.132852
NM_001377373.1	2619	2391.29	77.8498	1.4651
NM_001377374.1	2617	2389.29	48.3799	0.911251
NM_001377375.1	2637	2409.29	0	0
NM_001377376.1	9456	9228.29	67.0344	0.326903
NM_001377377.1	9453	9225.29	57.9453	0.282671
NM_001377378.1	9294	9066.29	17.1889	0.0853221
NM_001377379.1	9371	9143.29	39.378	0.193818
NM_001377380.1	4102	3874.29	8.7055	0.101122
NM_001377385.1	3652	3424.29	5.08588	0.0668401
NM_001377386.1	4357	4129.29	77.5279	0.844937
NM_001377387.1	4196	3968.29	0	0
NM_001377388.1	3628	3400.29	81.0028	1.07208
NM_001377389.1	3339	3111.29	50.2141	0.726319
NM_001377390.1	4068	3840.29	0	0
NM_001377392.2	8554	8326.29	0	0
NM_001377393.2	8206	7978.29	0	0
NM_001377394.1	2887	2659.29	6.28226	0.106314
NM_001377395.1	3210	2982.29	175.291	2.64516
NM_001377396.1	2960	2732.29	39.7959	0.65547
NM_001377397.1	3108	2880.29	0	0
NM_001377398.1	3283	3055.29	0	0
NM_001377399.1	3377	3149.29	71.7036	1.02464
NM_001377400.1	3528	3300.29	0	0
NM_001377401.1	2834	2606.29	39.0504	0.674287
NM_001377402.1	2809	2581.29	0	0
NM_001377403.1	2979	2751.29	11.5726	0.189294
NM_001377405.1	7076	6848.29	428.684	2.81707
NM_001377406.1	6755	6527.29	341.419	2.35395
NM_001377407.1	3792	3564.29	20.7373	0.261831
NM_001377408.1	3899	3671.29	0	0
NM_001377409.1	3752	3524.29	0	0
NM_001377410.1	3663	3435.29	0	0
NM_001377411.1	3508	3280.29	0	0
NM_001377412.1	3703	3475.29	3.18509e-07	4.12451e-09
NM_001377413.1	4004	3776.29	0	0
NM_001377414.1	3533	3305.29	12.1958	0.166051
NM_001377415.1	2024	1796.29	0	0
NM_001377417.1	5389	5161.29	11.8584	0.103398
NM_001377418.1	6328	6100.29	0	0
NM_001377419.1	7231	7003.29	0	0
NM_001377420.1	17230	17002.3	0	0
NM_001377421.1	16964	16736.3	0	0
NM_001377422.1	17131	16903.3	0	0
NM_001377423.1	15359	15131.3	0	0
NM_001377424.1	16990	16762.3	0	0
NM_001377425.1	16926	16698.3	123.51	0.332869
NM_001377426.1	17031	16803.3	0	0
NM_001377427.1	16955	16727.3	0	0
NM_001377428.1	17095	16867.3	0	0
NM_001377429.1	17268	17040.3	29.8189	0.0787512
NM_001377430.1	4482	4254.29	200.266	2.11847
NM_001377431.1	4303	4075.29	464.488	5.1293
NM_001377432.1	4403	4175.29	21.8028	0.235
NM_001377433.1	4209	3981.29	0.0166999	0.000188769
NM_001377434.1	4224	3996.29	48.8049	0.549602
NM_001377435.1	4030	3802.29	0.0283022	0.000334979
NM_001377436.1	4200	3972.29	25.6734	0.290861
NM_001377437.1	4006	3778.29	19.3162	0.230075
NM_001377438.1	4379	4151.29	13.2929	0.144105
NM_001377439.1	4558	4330.29	12.1347	0.126111
NM_001377440.1	5519	5291.29	0	0
NM_001377441.3	5392	5164.29	0	0
NM_001377442.1	4571	4343.29	14.2502	0.147653
NM_001377443.1	4681	4453.29	0	0
NM_001377444.1	6979	6751.29	342.955	2.28609
NM_001377445.1	3546	3318.29	134.496	1.82406
NM_001377446.1	3543	3315.29	21.9506	0.297967
NM_001377447.1	5028	4800.29	541.939	5.08072
NM_001377448.1	10726	10498.3	995.283	4.26648
NM_001377451.1	3826	3598.29	6.23472e-05	7.79763e-07
NM_001377452.1	3682	3454.29	25.1226	0.327301
NM_001377453.1	3603	3375.29	367.514	4.9001
NM_001377454.1	3743	3515.29	81.5967	1.04461
NM_001377455.1	3586	3358.29	29.4912	0.3952
NM_001377456.1	2540	2312.29	71.0805	1.38341
NM_001377458.1	4994	4766.29	176.668	1.66809
NM_001377459.1	4999	4771.29	78.1766	0.737366
NM_001377460.1	4838	4610.29	247.195	2.41297
NM_001377461.1	4833	4605.29	568.785	5.55819
NM_001377462.1	4798	4570.29	38.6801	0.380878
NM_001377463.1	4813	4585.29	23.4066	0.229728
NM_001377464.1	4793	4565.29	91.1339	0.898367
NM_001377465.1	4958	4730.29	55.8417	0.531267
NM_001377466.1	4954	4726.29	28.5718	0.272057
NM_001377467.1	4944	4716.29	0	0
NM_001377468.1	4983	4755.29	0	0
NM_001377469.1	4731	4503.29	45.7473	0.45717
NM_001377470.1	5004	4776.29	0	0
NM_001377472.1	1482	1254.29	0	0
NM_001377474.1	3112	2884.29	0	0
NM_001377475.1	2917	2689.29	0	0
NM_001377476.1	666	439.629	64.9569	6.64937
NM_001377477.1	820	592.487	10.198	0.774601
NM_001377478.1	2259	2031.29	15.6476	0.346671
NM_001377479.1	2346	2118.29	10.4807	0.222663
NM_001377480.1	2324	2096.29	5.07935	0.109043
NM_001377481.1	13212	12984.3	7.86363	0.0272551
NM_001377482.1	13149	12921.3	282.128	0.982613
NM_001377483.1	12981	12753.3	3271.55	11.5445
NM_001377486.1	15044	14816.3	1.28673e-08	3.90831e-11
NM_001377488.1	6662	6434.29	1.86435e-05	1.30398e-07
NM_001377489.1	3959	3731.29	0	0
NM_001377491.1	4110	3882.29	0	0
NM_001377492.1	4379	4151.29	1.27745	0.0138485
NM_001377493.1	4354	4126.29	57.3734	0.625739
NM_001377494.1	4193	3965.29	95.4324	1.08309
NM_001377495.1	4979	4751.29	123.341	1.16825
NM_001377496.1	4185	3957.29	13.7448	0.156309
NM_001377498.1	7970	7742.29	27.8777	0.162043
NM_001377499.1	8035	7807.29	57.3121	0.330361
NM_001377500.1	3019	2791.29	0	0
NM_001377501.1	1707	1479.29	0	0
NM_001377504.1	1891	1663.29	2.1608	0.0584639
NM_001377505.1	1876	1648.29	19.8256	0.541295
NM_001377506.1	2398	2170.29	0	0
NM_001377507.1	1949	1721.29	11.9011	0.311153
NM_001377508.1	1934	1706.29	95.0291	2.50637
NM_001377509.1	2636	2408.29	0	0
NM_001377514.1	3617	3389.29	0	0
NM_001377515.1	3587	3359.29	0	0
NM_001377516.1	3578	3350.29	0	0
NM_001377517.1	3530	3302.29	0	0
NM_001377518.1	3515	3287.29	0	0
NM_001377519.1	3497	3269.29	0	0
NM_001377523.1	1990	1762.29	0	0
NM_001377524.1	2211	1983.29	142.514	3.2338
NM_001377525.1	2166	1938.29	68.8083	1.59758
NM_001377526.1	2274	2046.29	97.9992	2.15525
NM_001377527.1	1869	1641.29	87.8538	2.40889
NM_001377528.1	2193	1965.29	26.2804	0.601792
NM_001377529.1	2335	2107.29	36.3709	0.776731
NM_001377530.1	7984	7756.29	0	0
NM_001377531.1	9087	8859.29	0	0
NM_001377532.1	2798	2570.29	0	0
NM_001377533.1	1119	891.293	8.66723	0.437625
NM_001377534.1	869	641.427	0	0
NM_001377535.1	953	725.293	0	0
NM_001377536.1	865	637.427	0	0
NM_001377538.1	6312	6084.29	0	0
NM_001377539.1	6291	6063.29	0	0
NM_001377540.1	6381	6153.29	72.3499	0.529142
NM_001377541.1	6330	6102.29	868.686	6.40637
NM_001377542.1	6330	6102.29	60.8873	0.44903
NM_001377543.1	6939	6711.29	0	0
NM_001377544.1	6813	6585.29	29.822	0.2038
NM_001377545.1	6318	6090.29	180.117	1.33094
NM_001377546.1	6720	6492.29	4.54418	0.0314992
NM_001377547.1	6714	6486.29	0	0
NM_001377548.1	6693	6465.29	0	0
NM_001377549.1	6279	6051.29	159.761	1.18813
NM_001377550.1	6678	6450.29	0	0
NM_001377551.1	6177	5949.29	0	0
NM_001377552.1	6267	6039.29	814.743	6.07123
NM_001377553.1	6657	6429.29	31.3003	0.219093
NM_001377554.1	6624	6396.29	13.0649	0.0919218
NM_001377555.1	6258	6030.29	0	0
NM_001377556.1	6582	6354.29	36.5642	0.258959
NM_001377557.1	6126	5898.29	0	0
NM_001377558.1	6570	6342.29	21.3407	0.151427
NM_001377559.1	6216	5988.29	51.0645	0.383759
NM_001377560.1	5985	5757.29	0	0
NM_001377561.1	3308	3080.29	4.23967	0.0619416
NM_001377562.1	6207	5979.29	29.1294	0.219242
NM_001377921.1	6207	5979.29	0	0
NM_001377922.1	6195	5967.29	36.2453	0.273348
NM_001377923.1	6156	5928.29	0	0
NM_001377924.1	6144	5916.29	32.092	0.244112
NM_001377925.1	6093	5865.29	0	0
NM_001377926.1	3769	3541.29	0	0
NM_001377927.1	3859	3631.29	0	0
NM_001377928.1	1091	863.293	0	0
NM_001377929.1	1479	1251.29	0	0
NM_001377930.1	1417	1189.29	2.16859	0.0820599
NM_001377931.1	1211	983.293	1.91174	0.0874959
NM_001377932.1	1718	1490.29	0	0
NM_001377933.1	1970	1742.29	0	0
NM_001377935.1	6760	6532.29	0	0
NM_001377936.1	6113	5885.29	62.0475	0.474458
NM_001377937.1	6139	5911.29	1328.08	10.1108
NM_001377938.1	6649	6421.29	0	0
NM_001377939.1	4141	3913.29	0	0
NM_001377940.1	4068	3840.29	369.138	4.3258
NM_001377941.1	4159	3931.29	93.3335	1.06843
NM_001377942.1	4086	3858.29	140.195	1.63523
NM_001377943.1	4051	3823.29	0	0
NM_001377944.1	2870	2642.29	51.1482	0.871148
NM_001377945.1	2943	2715.29	0	0
NM_001377946.1	8491	8263.29	0	0
NM_001377947.1	8727	8499.29	0	0
NM_001377948.1	2938	2710.29	0	0
NM_001377949.1	2098	1870.29	0	0
NM_001377950.1	1990	1762.29	0	0
NM_001377951.1	1587	1359.29	11	0.364185
NM_001377952.1	2614	2386.29	0	0
NM_001377953.1	2647	2419.29	0	0
NM_001377954.1	2325	2097.29	0	0
NM_001377955.1	2307	2079.29	0	0
NM_001377956.1	6022	5794.29	2.15666	0.0167504
NM_001377958.1	9760	9532.29	0	0
NM_001377959.1	5101	4873.29	25.9218	0.239378
NM_001377960.1	8530	8302.29	215.407	1.16762
NM_001377961.1	8592	8364.29	17.709	0.0952814
NM_001377962.1	8481	8253.29	0	0
NM_001377963.1	8475	8247.29	88.6358	0.48366
NM_001377964.1	8426	8198.29	0	0
NM_001377966.1	7710	7482.29	0	0
NM_001377967.1	7674	7446.29	0	0
NM_001377968.1	7710	7482.29	0	0
NM_001377970.1	7572	7344.29	0	0
NM_001377971.1	7518	7290.29	0	0
NM_001377972.1	7291	7063.29	0	0
NM_001377973.1	7580	7352.29	0	0
NM_001377974.1	7135	6907.29	0	0
NM_001377975.1	2509	2281.29	0	0
NM_001377976.1	6078	5850.29	0	0
NM_001377977.1	5925	5697.29	0	0
NM_001377978.1	6040	5812.29	0	0
NM_001377979.1	6028	5800.29	0	0
NM_001377980.1	5968	5740.29	0	0
NM_001377981.1	5935	5707.29	0	0
NM_001377982.1	5809	5581.29	0	0
NM_001377983.1	5123	4895.29	3	0.0275794
NM_001377986.2	3975	3747.29	0	0
NM_001377987.1	3786	3558.29	0	0
NM_001377989.1	3349	3121.29	196.231	2.82927
NM_001377993.1	2742	2514.29	0	0
NM_001377994.1	2400	2172.29	0	0
NM_001377995.1	2467	2239.29	0	0
NM_001377996.1	2528	2300.29	0	0
NM_001377997.1	3147	2919.29	0	0
NM_001377998.1	3122	2894.29	0	0
NM_001377999.1	9321	9093.29	0.0020467	1.01292e-05
NM_001378.3	4354	4126.29	2.45252	0.0267482
NM_001378003.1	7982	7754.29	0	0
NM_001378004.1	7874	7646.29	0	0
NM_001378005.1	7895	7667.29	0.698217	0.00409817
NM_001378006.1	5435	5207.29	0	0
NM_001378007.1	1186	958.293	2.00419	0.09412
NM_001378008.1	1045	817.293	0	0
NM_001378009.1	1105	877.293	0	0
NM_001378010.1	1074	846.293	1.00237	0.0533028
NM_001378011.1	1055	827.293	0	0
NM_001378018.1	3603	3375.29	2.18827e-07	2.91764e-09
NM_001378020.1	3457	3229.29	0	0
NM_001378021.1	3701	3473.29	0	0
NM_001378022.1	3578	3350.29	23.8094	0.319821
NM_001378023.1	3566	3338.29	0.450853	0.00607789
NM_001378024.1	10280	10052.3	0	0
NM_001378025.1	10091	9863.29	2.61197e-05	1.19176e-07
NM_001378026.1	16349	16121.3	0.425922	0.00118897
NM_001378027.1	2855	2627.29	0	0
NM_001378028.1	3052	2824.29	0	0
NM_001378029.1	2688	2460.29	36.5658	0.668853
NM_001378030.1	1585	1357.29	0	0
NM_001378031.1	1405	1177.29	0	0
NM_001378032.2	3844	3616.29	92.5091	1.15123
NM_001378033.1	1259	1031.29	0	0
NM_001378034.2	3745	3517.29	1575.24	20.1549
NM_001378035.2	3580	3352.29	120.169	1.61322
NM_001378036.2	3210	2982.29	44.9565	0.678398
NM_001378037.2	3045	2817.29	47.8995	0.765141
NM_001378038.2	5104	4876.29	350.169	3.23169
NM_001378039.2	1851	1623.29	16.6276	0.460972
NM_001378040.2	1667	1439.29	33.1272	1.03581
NM_001378041.1	5496	5268.29	0	0
NM_001378042.1	5390	5162.29	0	0
NM_001378043.1	5557	5329.29	0	0
NM_001378044.1	5360	5132.29	0	0
NM_001378045.1	5393	5165.29	0	0
NM_001378046.1	5355	5127.29	0	0
NM_001378047.1	5324	5096.29	0	0
NM_001378048.1	5255	5027.29	0.998777	0.00894081
NM_001378049.1	5396	5168.29	0	0
NM_001378050.1	5554	5326.29	0	0
NM_001378051.1	5479	5251.29	0	0
NM_001378052.1	5347	5119.29	0	0
NM_001378053.1	5587	5359.29	0	0
NM_001378054.1	5327	5099.29	0	0
NM_001378055.1	5518	5290.29	0	0
NM_001378056.1	5487	5259.29	0	0
NM_001378058.1	9715	9487.29	0	0
NM_001378059.1	1545	1317.29	0	0
NM_001378060.1	1542	1314.29	293.87	10.0625
NM_001378061.1	1599	1371.29	77.0463	2.5285
NM_001378062.1	1476	1248.29	0	0
NM_001378063.1	2261	2033.29	0	0
NM_001378064.1	3336	3108.29	0	0
NM_001378065.1	2804	2576.29	0	0
NM_001378066.1	5906	5678.29	29.7709	0.235948
NM_001378067.1	5987	5759.29	1033.36	8.07468
NM_001378068.1	4521	4293.29	1.78814e-05	1.87436e-07
NM_001378069.1	997	769.293	21.7905	1.27473
NM_001378070.1	1122	894.293	0	0
NM_001378071.1	1165	937.293	0	0
NM_001378072.1	7069	6841.29	27.8185	0.182995
NM_001378073.1	4578	4350.29	491.643	5.08597
NM_001378074.1	4574	4346.29	102.935	1.06583
NM_001378075.1	4717	4489.29	76.9852	0.771741
NM_001378076.1	1485	1257.29	0	0
NM_001378077.1	2016	1788.29	25.922	0.652336
NM_001378078.1	1635	1407.29	0	0
NM_001378079.1	2042	1814.29	188.828	4.68384
NM_001378080.1	1607	1379.29	6.01729	0.19633
NM_001378081.1	1742	1514.29	77.8985	2.31505
NM_001378082.1	1891	1663.29	21.4228	0.579629
NM_001378083.1	1936	1708.29	49.999	1.31717
NM_001378084.1	1516	1288.29	0	0
NM_001378085.1	2047	1819.29	39.9972	0.989395
NM_001378086.1	1923	1695.29	0.0932992	0.00247671
NM_001378087.1	1786	1558.29	0	0
NM_001378088.1	1910	1682.29	2.34539e-06	6.27417e-08
NM_001378089.1	1735	1507.29	9.01964	0.269298
NM_001378090.1	1842	1614.29	0	0
NM_001378091.1	1261	1033.29	0	0
NM_001378092.1	4878	4650.29	0	0
NM_001378093.1	4613	4385.29	0	0
NM_001378094.2	4765	4537.29	0	0
NM_001378095.2	4765	4537.29	30.7271	0.304766
NM_001378096.2	4687	4459.29	0	0
NM_001378097.2	4600	4372.29	0	0
NM_001378098.1	8686	8458.29	0	0
NM_001378099.1	8662	8434.29	0	0
NM_001378100.1	8710	8482.29	0	0
NM_001378101.1	8520	8292.29	0	0
NM_001378102.1	1814	1586.29	0	0
NM_001378103.1	7477	7249.29	0	0
NM_001378104.1	7354	7126.29	0	0
NM_001378105.1	7189	6961.29	0	0
NM_001378106.1	7168	6940.29	5.61339	0.036399
NM_001378107.1	4781	4553.29	42.1249	0.416347
NM_001378109.1	4716	4488.29	34.9673	0.350609
NM_001378110.1	4591	4363.29	13.5959	0.140228
NM_001378111.1	2885	2657.29	19.4186	0.328868
NM_001378112.1	3193	2965.29	5.11313	0.0775999
NM_001378113.1	1616	1388.29	12.7051	0.41185
NM_001378114.1	1598	1370.29	10.713	0.351834
NM_001378115.1	1598	1370.29	6.73973	0.221346
NM_001378116.1	1538	1310.29	0	0
NM_001378117.1	1472	1244.29	0	0
NM_001378120.1	10732	10504.3	96.6097	0.413901
NM_001378121.1	5276	5048.29	1340.32	11.9483
NM_001378122.1	5207	4979.29	614.837	5.55693
NM_001378123.1	5175	4947.29	92.8057	0.844208
NM_001378124.1	5136	4908.29	210.23	1.92755
NM_001378125.1	15575	15347.3	1191.52	3.49391
NM_001378126.1	5061	4833.29	296.924	2.76468
NM_001378127.1	5164	4936.29	1563.34	14.2526
NM_001378128.1	5175	4947.29	0.0875139	0.000796071
NM_001378129.1	5065	4837.29	440.586	4.09893
NM_001378130.1	5095	4867.29	705.976	6.52747
NM_001378131.1	5166	4938.29	161.363	1.47052
NM_001378132.1	5777	5549.29	0.216858	0.00175866
NM_001378133.1	3917	3689.29	104.463	1.27427
NM_001378134.1	4010	3782.29	11.0565	0.131554
NM_001378135.1	6107	5879.29	334.067	2.55712
NM_001378136.1	2659	2431.29	32.0847	0.593887
NM_001378137.1	2535	2307.29	36.8034	0.71784
NM_001378138.1	2543	2315.29	11.173	0.217172
NM_001378139.1	2792	2564.29	5.69134	0.0998824
NM_001378140.1	2763	2535.29	13.0587	0.2318
NM_001378141.1	4972	4744.29	61.2546	0.581045
NM_001378142.1	4493	4265.29	497.908	5.25342
NM_001378143.1	4532	4304.29	0	0
NM_001378144.1	4568	4340.29	0.713053	0.00739341
NM_001378145.1	4607	4379.29	0	0
NM_001378146.1	4583	4355.29	0	0
NM_001378147.1	4658	4430.29	0	0
NM_001378148.1	2105	1877.29	80.6071	1.93234
NM_001378149.1	4332	4104.29	1.83677	0.02014
NM_001378150.1	2420	2192.29	0	0
NM_001378151.1	2381	2153.29	0	0
NM_001378152.1	7953	7725.29	0	0
NM_001378153.1	7834	7606.29	38.8479	0.229846
NM_001378154.1	2369	2141.29	19.5025	0.40988
NM_001378155.1	1430	1202.29	0	0
NM_001378156.1	1098	870.293	0	0
NM_001378157.1	4929	4701.29	0.000892609	8.54449e-06
NM_001378158.1	4816	4588.29	0	0
NM_001378159.1	4593	4365.29	3.93939e-06	4.06124e-08
NM_001378160.1	4487	4259.29	4.44354e-07	4.69498e-09
NM_001378161.1	4660	4432.29	0	0
NM_001378162.1	4570	4342.29	176.536	1.8296
NM_001378163.1	4495	4267.29	2.59294	0.0273453
NM_001378164.1	4471	4243.29	21.199	0.22483
NM_001378165.1	4664	4436.29	95.932	0.973163
NM_001378166.1	4596	4368.29	1.20514e-05	1.24156e-07
NM_001378167.1	4353	4125.29	1.60526e-05	1.75119e-07
NM_001378168.1	4154	3926.29	13.6491	0.156445
NM_001378169.1	4521	4293.29	24.5772	0.257623
NM_001378170.1	4464	4236.29	32.6086	0.346409
NM_001378171.1	4019	3791.29	3.09936	0.0367898
NM_001378172.1	4291	4063.29	56.9959	0.631259
NM_001378173.1	4321	4093.29	1.37511e-08	1.51185e-10
NM_001378174.1	4558	4330.29	17.9337	0.186378
NM_001378175.1	4460	4232.29	32.763	0.348377
NM_001378176.1	4392	4164.29	97.0585	1.0489
NM_001378177.1	1920	1692.29	0	0
NM_001378178.1	1857	1629.29	0	0
NM_001378179.1	1881	1653.29	0	0
NM_001378180.1	1902	1674.29	0	0
NM_001378181.1	1733	1505.29	0	0
NM_001378182.1	1829	1601.29	0	0
NM_001378183.1	10859	10631.3	0	0
NM_001378184.1	1642	1414.29	0	0
NM_001378185.1	1020	792.293	0	0
NM_001378186.1	957	729.293	0	0
NM_001378187.1	1051	823.293	0	0
NM_001378188.1	10119	9891.29	0	0
NM_001378189.1	4063	3835.29	0	0
NM_001378190.1	8678	8450.29	0	0
NM_001378191.1	8804	8576.29	0	0
NM_001378192.1	8808	8580.29	0	0
NM_001378193.1	9006	8778.29	0	0
NM_001378194.1	8643	8415.29	0	0
NM_001378195.1	8531	8303.29	0	0
NM_001378196.1	8522	8294.29	0	0
NM_001378197.1	8859	8631.29	0	0
NM_001378198.1	8535	8307.29	0	0
NM_001378199.1	8526	8298.29	0	0
NM_001378200.1	8405	8177.29	0	0
NM_001378201.1	8396	8168.29	0	0
NM_001378202.1	8736	8508.29	0	0
NM_001378203.1	8222	7994.29	14	0.0788116
NM_001378204.1	4752	4524.29	125.312	1.24648
NM_001378205.1	7013	6785.29	4.28126e-05	2.83952e-07
NM_001378206.1	7136	6908.29	3.80192e-07	2.47671e-09
NM_001378207.1	6956	6728.29	1572.03	10.5147
NM_001378208.1	6723	6495.29	61.666	0.427257
NM_001378209.1	6768	6540.29	3.54871e-05	2.44183e-07
NM_001378210.1	6057	5829.29	0	0
NM_001378211.1	5200	4972.29	0	0
NM_001378212.1	4960	4732.29	0	0
NM_001378213.1	7598	7370.29	4011.43	24.4938
NM_001378214.1	7496	7268.29	1861.64	11.5267
NM_001378218.1	3193	2965.29	9.15808	0.138989
NM_001378219.1	3193	2965.29	62.134	0.942983
NM_001378220.1	3166	2938.29	0	0
NM_001378221.1	3213	2985.29	4.19957	0.0633082
NM_001378226.1	2872	2644.29	0	0
NM_001378227.1	3063	2835.29	0	0
NM_001378228.1	2616	2388.29	41.5363	0.782677
NM_001378229.1	2529	2301.29	0.0041659	8.14665e-05
NM_001378230.1	2978	2750.29	14.1512	0.231556
NM_001378231.1	2701	2473.29	10.3627	0.188556
NM_001378232.1	2411	2183.29	0	0
NM_001378233.1	2474	2246.29	0	0
NM_001378234.1	2393	2165.29	0	0
NM_001378235.1	2456	2228.29	0	0
NM_001378237.1	2209	1981.29	0	0
NM_001378238.1	4367	4139.29	722.951	7.86004
NM_001378244.1	1636	1408.29	33	1.05454
NM_001378245.1	1696	1468.29	0	0
NM_001378246.1	1745	1517.29	0	0
NM_001378249.1	1638	1410.29	10.0862	0.321856
NM_001378251.1	2120	1892.29	0	0
NM_001378252.1	1784	1556.29	20.8563	0.603098
NM_001378253.1	1638	1410.29	0	0
NM_001378254.1	1908	1680.29	0	0
NM_001378255.1	1633	1405.29	0	0
NM_001378256.1	1322	1094.29	0	0
NM_001378257.1	1413	1185.29	0	0
NM_001378259.1	6718	6490.29	1.28387e-06	8.90226e-09
NM_001378261.1	4057	3829.29	434.628	5.10789
NM_001378262.1	4052	3824.29	133.698	1.57332
NM_001378263.1	3984	3756.29	416.753	4.993
NM_001378264.1	4021	3793.29	294.481	3.49368
NM_001378270.1	2896	2668.29	0	0
NM_001378271.1	5309	5081.29	56.0655	0.496551
NM_001378272.1	5286	5058.29	0	0
NM_001378273.1	5274	5046.29	0	0
NM_001378285.1	2568	2340.29	5.82728	0.112057
NM_001378286.1	2469	2241.29	16.3498	0.328289
NM_001378287.1	2448	2220.29	0	0
NM_001378288.1	2581	2353.29	2.18766	0.0418357
NM_001378289.1	2479	2251.29	9.83909	0.196682
NM_001378290.1	2346	2118.29	50.1663	1.06578
NM_001378291.1	2206	1978.29	0	0
NM_001378292.1	1317	1089.29	0	0
NM_001378293.1	1387	1159.29	0	0
NM_001378294.1	1231	1003.29	0	0
NM_001378303.1	5412	5184.29	0	0
NM_001378306.1	8609	8381.29	0.0198151	0.000106396
NM_001378328.1	11559	11331.3	0.0241331	9.58464e-05
NM_001378329.1	10657	10429.3	1.3301e-07	5.73947e-10
NM_001378330.1	2545	2317.29	0	0
NM_001378331.1	2623	2395.29	0	0
NM_001378332.1	3497	3269.29	0	0
NM_001378333.1	3461	3233.29	0	0
NM_001378334.1	3458	3230.29	0	0
NM_001378335.1	3422	3194.29	0	0
NM_001378336.1	3407	3179.29	0	0
NM_001378337.1	3362	3134.29	0	0
NM_001378338.1	3358	3130.29	0	0
NM_001378339.1	3355	3127.29	0	0
NM_001378340.1	3543	3315.29	0	0
NM_001378341.1	3347	3119.29	0	0
NM_001378342.1	3319	3091.29	0	0
NM_001378343.1	3308	3080.29	0	0
NM_001378344.1	3298	3070.29	0	0
NM_001378345.1	3304	3076.29	0	0
NM_001378346.1	3311	3083.29	0	0
NM_001378347.1	3262	3034.29	0	0
NM_001378348.1	1480	1252.29	38.2721	1.37537
NM_001378349.1	1035	807.293	7.32458	0.408313
NM_001378350.1	1146	918.293	0	0
NM_001378351.1	1018	790.293	1.75345	0.0998499
NM_001378352.1	1111	883.293	0	0
NM_001378353.1	1463	1235.29	38.1948	1.39148
NM_001378354.1	724	496.802	24.3283	2.20379
NM_001378355.1	4004	3776.29	1304.13	15.5417
NM_001378356.1	5085	4857.29	12.1497	0.112568
NM_001378357.1	5223	4995.29	0	0
NM_001378358.1	2625	2397.29	0	0
NM_001378359.1	5073	4845.29	108.688	1.00949
NM_001378360.1	4939	4711.29	23.084	0.220502
NM_001378361.1	2712	2484.29	0	0
NM_001378362.1	2578	2350.29	0	0
NM_001378363.1	2872	2644.29	6.78109	0.115407
NM_001378364.1	4881	4653.29	19.9582	0.19302
NM_001378365.1	4234	4006.29	51.996	0.584076
NM_001378366.1	4813	4585.29	0	0
NM_001378367.1	5164	4936.29	0	0
NM_001378368.1	2495	2267.29	0	0
NM_001378369.1	1714	1486.29	0	0
NM_001378370.1	2452	2224.29	0	0
NM_001378371.1	1764	1536.29	0	0
NM_001378372.1	1965	1737.29	0	0
NM_001378373.1	3561	3333.29	0	0
NM_001378374.1	3576	3348.29	0	0
NM_001378381.1	3689	3461.29	0	0
NM_001378382.1	3932	3704.29	0	0
NM_001378404.1	5692	5464.29	683.382	5.62823
NM_001378405.1	5770	5542.29	169.018	1.37242
NM_001378407.1	12180	11952.3	0	0
NM_001378408.1	12627	12399.3	22.5139	0.0817141
NM_001378409.1	4090	3862.29	24.0978	0.280785
NM_001378414.1	8461	8233.29	181.937	0.994465
NM_001378415.1	8666	8438.29	31.2003	0.166397
NM_001378416.1	8446	8218.29	164.235	0.899343
NM_001378417.1	8651	8423.29	28.1009	0.150135
NM_001378418.1	7624	7396.29	328.562	1.99915
NM_001378423.2	3119	2891.29	0	0
NM_001378424.1	1330	1102.29	191.821	7.83143
NM_001378425.1	1351	1123.29	63.5161	2.54468
NM_001378426.1	1839	1611.29	0	0
NM_001378427.1	1682	1454.29	0	0
NM_001378428.1	1753	1525.29	0	0
NM_001378429.1	1587	1359.29	0	0
NM_001378430.1	1732	1504.29	0	0
NM_001378431.1	1407	1179.29	6.20698	0.236865
NM_001378432.1	1068	840.293	0	0
NM_001378435.1	5814	5586.29	0	0
NM_001378436.1	621	395.338	152.559	17.3664
NM_001378437.1	822	594.427	32.1453	2.43366
NM_001378439.1	6374	6146.29	0	0
NM_001378440.1	6359	6131.29	0	0
NM_001378441.1	6335	6107.29	0	0
NM_001378442.1	6341	6113.29	0	0
NM_001378443.1	6270	6042.29	41.5973	0.309817
NM_001378444.1	6263	6035.29	0	0
NM_001378445.1	6191	5963.29	0	0
NM_001378446.1	6050	5822.29	0	0
NM_001378447.1	1802	1574.29	68.1062	1.9469
NM_001378451.1	1364	1136.29	0	0
NM_001378452.1	9908	9680.29	0	0
NM_001378453.1	1379	1151.29	127.677	4.99078
NM_001378454.1	12844	12616.3	1024.89	3.65583
NM_001378455.1	2595	2367.29	1838.57	34.9519
NM_001378456.1	2555	2327.29	1894.84	36.6407
NM_001378457.1	10596	10368.3	507.633	2.20336
NM_001378458.1	10593	10365.3	364.651	1.58321
NM_001378459.1	10308	10080.3	0	0
NM_001378460.1	8511	8283.29	0.000547461	2.97435e-06
NM_001378461.1	8451	8223.29	18.8571	0.103198
NM_001378462.1	8448	8220.29	12.2107	0.066849
NM_001378463.1	8249	8021.29	43.606	0.24465
NM_001378464.1	8208	7980.29	0	0
NM_001378467.1	9696	9468.29	50.9975	0.242393
NM_001378468.1	9533	9305.29	496.644	2.40191
NM_001378469.1	6393	6165.29	0	0
NM_001378470.1	9585	9357.29	0	0
NM_001378471.1	9576	9348.29	0	0
NM_001378472.1	9406	9178.29	0.0712188	0.000349201
NM_001378473.1	6178	5950.29	3.39279e-05	2.56603e-07
NM_001378474.1	5062	4834.29	17.1899	0.160023
NM_001378475.1	9423	9195.29	41.0836	0.201069
NM_001378477.3	2414	2186.29	0	0
NM_001378482.1	2912	2684.29	42.7078	0.716011
NM_001378483.1	2887	2659.29	109.761	1.85748
NM_001378484.1	2675	2447.29	8.42666	0.154957
NM_001378485.1	2669	2441.29	0	0
NM_001378486.1	2775	2547.29	5.86175	0.10356
NM_001378487.1	2678	2450.29	5.5369	0.101693
NM_001378488.1	2711	2483.29	17.0208	0.308457
NM_001378491.1	1231	1003.29	0	0
NM_001378492.1	3486	3258.29	0	0
NM_001378493.1	3319	3091.29	0	0
NM_001378495.1	3999	3771.29	4522.66	53.9692
NM_001378496.1	4053	3825.29	256.762	3.02071
NM_001378497.1	1520	1292.29	4.85907	0.169213
NM_001378511.1	3643	3415.29	0	0
NM_001378512.1	3631	3403.29	448.707	5.93343
NM_001378513.1	3601	3373.29	145.137	1.93628
NM_001378514.1	3563	3335.29	764.186	10.3112
NM_001378515.1	1693	1465.29	0	0
NM_001378516.1	1690	1462.29	0	0
NM_001378522.1	4127	3899.29	0	0
NM_001378523.1	4001	3773.29	0	0
NM_001378530.1	4304	4076.29	3.34374e-06	3.69155e-08
NM_001378531.1	4250	4022.29	0	0
NM_001378532.1	4232	4004.29	14.0419	0.157812
NM_001378533.1	4229	4001.29	0	0
NM_001378534.1	4202	3974.29	2.38988	0.0270619
NM_001378535.1	4181	3953.29	5.54977	0.0631769
NM_001378536.1	3998	3770.29	0	0
NM_001378537.1	3980	3752.29	0	0
NM_001378538.1	3977	3749.29	0	0
NM_001378539.1	3955	3727.29	0	0
NM_001378540.1	3959	3731.29	34.343	0.41421
NM_001378541.1	3937	3709.29	42.3202	0.513451
NM_001378542.1	3934	3706.29	0	0
NM_001378543.1	3945	3717.29	0	0
NM_001378544.1	3916	3688.29	100.037	1.22062
NM_001378545.1	3896	3668.29	0	0
NM_001378546.1	3893	3665.29	0	0
NM_001378547.1	3875	3647.29	0	0
NM_001378548.1	3860	3632.29	0	0
NM_001378549.1	3942	3714.29	0	0
NM_001378550.1	3980	3752.29	0	0
NM_001378551.1	4211	3983.29	9.11475e-05	1.02978e-06
NM_001378552.1	4039	3811.29	2.52745e-05	2.98436e-07
NM_001378554.1	3878	3650.29	0	0
NM_001378556.1	3808	3580.29	0	0
NM_001378557.1	3808	3580.29	0	0
NM_001378562.1	4156	3928.29	0	0
NM_001378563.1	4144	3916.29	1268.83	14.5805
NM_001378564.1	4050	3822.29	0	0
NM_001378565.1	4038	3810.29	96.4386	1.13903
NM_001378566.1	3949	3721.29	0	0
NM_001378569.1	4716	4488.29	15.2539	0.152947
NM_001378571.1	4504	4276.29	0	0
NM_001378572.1	4504	4276.29	33.479	0.352328
NM_001378573.1	4465	4237.29	0	0
NM_001378574.1	4530	4302.29	1.56128e-05	1.63314e-07
NM_001378575.1	4570	4342.29	81.0795	0.8403
NM_001378576.1	4563	4335.29	110.748	1.14964
NM_001378577.1	4441	4213.29	15.0986	0.161271
NM_001378578.1	4593	4365.29	81.373	0.838898
NM_001378579.1	4423	4195.29	126.254	1.35433
NM_001378580.1	4503	4275.29	1.64736	0.0173406
NM_001378582.1	4387	4159.29	0	0
NM_001378583.1	4360	4132.29	0	0
NM_001378584.1	4348	4120.29	0.478493	0.00522625
NM_001378585.1	4339	4111.29	0	0
NM_001378586.1	4330	4102.29	0	0
NM_001378590.1	8413	8185.29	124.486	0.684427
NM_001378591.1	8536	8308.29	823.481	4.4605
NM_001378592.1	8348	8120.29	5.13656e-08	2.84671e-10
NM_001378594.1	2356	2128.29	0	0
NM_001378596.1	4590	4362.29	0	0
NM_001378599.1	5072	4844.29	0	0
NM_001378600.1	4908	4680.29	4.04439	0.0388886
NM_001378601.1	4503	4275.29	0	0
NM_001378609.3	9982	9754.29	0	0
NM_001378610.3	10554	10326.3	0	0
NM_001378615.1	5184	4956.29	99.1459	0.900244
NM_001378617.1	4984	4756.29	606	5.73385
NM_001378620.1	9846	9618.29	0	0
NM_001378621.1	5350	5122.29	178.166	1.56532
NM_001378624.1	4421	4193.29	1.04078e-07	1.11698e-09
NM_001378625.1	4556	4328.29	0	0
NM_001378626.1	4493	4265.29	0	0
NM_001378627.1	4211	3983.29	0	0
NM_001378628.1	4606	4378.29	32.187	0.33084
NM_001378629.1	4597	4369.29	0	0
NM_001378630.1	3692	3464.29	0	0
NM_001378631.1	3389	3161.29	0	0
NM_001378633.1	1456	1228.29	0	0
NM_001378687.1	4994	4766.29	214.67	2.0269
NM_001378743.1	8540	8312.29	0.00362714	1.96375e-05
NM_001378744.1	8558	8330.29	31.11	0.168067
NM_001378745.1	8668	8440.29	21.2565	0.113338
NM_001378746.1	8690	8462.29	433.361	2.30464
NM_001378747.1	8480	8252.29	0	0
NM_001378748.1	8740	8512.29	1.95366	0.0103287
NM_001378749.1	8458	8230.29	44.0952	0.241112
NM_001378750.1	8877	8649.29	166.034	0.863889
NM_001378751.1	8501	8273.29	0.000307878	1.67472e-06
NM_001378752.1	8523	8295.29	99.3376	0.53892
NM_001378753.1	8528	8300.29	8.03805	0.0435813
NM_001378754.1	8527	8299.29	0.052038	0.000282177
NM_001378755.1	8736	8508.29	73.4345	0.388419
NM_001378761.1	8301	8073.29	40.2261	0.224233
NM_001378762.1	2374	2146.29	31.1195	0.652508
NM_001378765.1	1734	1506.29	0.236743	0.0070731
NM_001378778.1	7821	7593.29	0.300527	0.00178113
NM_001378785.1	4660	4432.29	947.639	9.62181
NM_001378789.1	3699	3471.29	0	0
NM_001378790.1	3947	3719.29	129.937	1.57223
NM_001378804.1	1336	1108.29	0	0
NM_001378805.1	1312	1084.29	0	0
NM_001378806.1	1282	1054.29	0	0
NM_001378807.1	1304	1076.29	0	0
NM_001378808.1	1081	853.293	0	0
NM_001378809.1	1078	850.293	0	0
NM_001378810.1	1057	829.293	0	0
NM_001378811.1	1006	778.293	0	0
NM_001378845.1	2164	1936.29	0	0
NM_001378846.1	2286	2058.29	0	0
NM_001378847.1	2559	2331.29	0	0
NM_001378848.1	2414	2186.29	5.14981	0.106005
NM_001378850.1	2093	1865.29	0	0
NM_001378851.1	2084	1856.29	0	0
NM_001378852.1	2035	1807.29	0	0
NM_001378853.1	1360	1132.29	21.8412	0.868081
NM_001378855.1	2079	1851.29	0	0
NM_001378881.1	11185	10957.3	59.2376	0.243297
NM_001378891.1	8457	8229.29	0	0
NM_001378902.1	8451	8223.29	0	0
NM_001378923.1	4257	4029.29	0	0
NM_001378924.1	5166	4938.29	0	0
NM_001378932.1	2429	2201.29	0	0
NM_001378933.1	2476	2248.29	0	0
NM_001378949.1	980	752.293	0	0
NM_001378950.1	958	730.293	0	0
NM_001378956.1	3225	2997.29	0.264155	0.00396618
NM_001378957.1	3657	3429.29	414.75	5.44282
NM_001378964.1	8265	8037.29	552.967	3.09622
NM_001378969.1	7619	7391.29	0.000458683	2.79277e-06
NM_001378970.1	7562	7334.29	18.6654	0.114531
NM_001378972.1	6083	5855.29	0	0
NM_001378973.1	5585	5357.29	0	0
NM_001378974.1	4406	4178.29	14.3246	0.154286
NM_001378975.1	4337	4109.29	0	0
NM_001378976.1	4568	4340.29	13.4244	0.139193
NM_001378977.1	4466	4238.29	248.958	2.64349
NM_001378978.1	4434	4206.29	65.7879	0.703864
NM_001378979.1	4505	4277.29	0	0
NM_001378980.1	4231	4003.29	0	0
NM_001378991.1	4221	3993.29	0.0870478	0.000981
NM_001378992.1	4203	3975.29	42.6289	0.482589
NM_001379.4	5226	4998.29	5676.49	51.1094
NM_001379000.3	5233	5005.29	0	0
NM_001379001.3	5243	5015.29	0	0
NM_001379002.1	2479	2251.29	0	0
NM_001379003.1	2401	2173.29	290.746	6.02057
NM_001379004.1	5178	4950.29	574.82	5.22568
NM_001379029.1	3868	3640.29	147.389	1.82209
NM_001379030.1	3152	2924.29	0	0
NM_001379031.1	3104	2876.29	0	0
NM_001379032.1	3101	2873.29	0	0
NM_001379033.1	3074	2846.29	0	0
NM_001379034.1	3071	2843.29	0	0
NM_001379035.1	2993	2765.29	0	0
NM_001379036.1	2990	2762.29	0	0
NM_001379037.1	2825	2597.29	73.7437	1.27775
NM_001379043.1	1310	1082.29	2.94194	0.12233
NM_001379045.1	1161	933.293	0	0
NM_001379046.1	1166	938.293	0	0
NM_001379047.1	1094	866.293	21.0997	1.09611
NM_001379048.1	3776	3548.29	25.2786	0.32061
NM_001379049.1	3735	3507.29	43.8897	0.563161
NM_001379050.1	3732	3504.29	0	0
NM_001379051.1	5351	5123.29	0	0
NM_001379071.1	1314	1086.29	1.47075	0.0609305
NM_001379081.2	7566	7338.29	0	0
NM_001379095.1	4178	3950.29	0	0
NM_001379104.1	5240	5012.29	0.167829	0.00150686
NM_001379106.1	5009	4781.29	21.2487	0.2
NM_001379110.1	4684	4456.29	0	0
NM_001379141.1	10098	9870.29	405.527	1.84898
NM_001379142.1	9942	9714.29	7.64939e-05	3.54371e-07
NM_001379150.1	6563	6335.29	0	0
NM_001379153.1	1853	1625.29	0	0
NM_001379154.1	1941	1713.29	0	0
NM_001379155.1	1595	1367.29	0	0
NM_001379156.1	1751	1523.29	0	0
NM_001379158.1	1805	1577.29	0	0
NM_001379159.1	1579	1351.29	0	0
NM_001379160.1	1785	1557.29	0	0
NM_001379161.1	1941	1713.29	0	0
NM_001379162.1	1408	1180.29	0	0
NM_001379163.1	1496	1268.29	0	0
NM_001379164.1	1969	1741.29	0	0
NM_001379165.1	1945	1717.29	0	0
NM_001379166.1	1626	1398.29	0	0
NM_001379167.1	1864	1636.29	0	0
NM_001379168.1	1654	1426.29	0	0
NM_001379169.1	1742	1514.29	0	0
NM_001379180.1	5009	4781.29	0	0
NM_001379183.1	4358	4130.29	0	0
NM_001379198.1	5128	4900.29	240.771	2.21118
NM_001379200.1	2048	1820.29	105.241	2.60187
NM_001379210.1	2035	1807.29	193.422	4.81637
NM_001379226.1	9819	9591.29	0	0
NM_001379228.1	930	702.293	0	0
NM_001379232.1	1423	1195.29	11.6261	0.437724
NM_001379245.1	11191	10963.3	47.3351	0.194305
NM_001379246.1	3131	2903.29	0	0
NM_001379247.1	2649	2421.29	0	0
NM_001379261.1	4770	4542.29	0	0
NM_001379262.1	4523	4295.29	0	0
NM_001379263.1	4668	4440.29	18.256	0.185028
NM_001379264.1	4626	4398.29	0	0
NM_001379265.1	4346	4118.29	0	0
NM_001379266.1	4177	3949.29	4.90408	0.0558831
NM_001379267.1	865	637.427	5.83696	0.412096
NM_001379270.1	2926	2698.29	0	0
NM_001379277.1	7474	7246.29	19.1787	0.119109
NM_001379286.1	7968	7740.29	27.2272	0.158303
NM_001379291.1	7231	7003.29	1276.66	8.20382
NM_001379292.1	4686	4458.29	1542.62	15.5716
NM_001379301.1	713	485.852	0	0
NM_001379306.1	1246	1018.29	0	0
NM_001379307.1	1135	907.293	0	0
NM_001379308.1	1132	904.293	0	0
NM_001379309.1	1129	901.293	0	0
NM_001379310.1	1102	874.293	0	0
NM_001379311.1	1093	865.293	0	0
NM_001379312.1	1054	826.293	3.10614	0.169172
NM_001379313.1	2576	2348.29	3019.75	57.8709
NM_001379330.1	4679	4451.29	0	0
NM_001379331.1	4676	4448.29	0	0
NM_001379332.1	4826	4598.29	0	0
NM_001379333.1	4823	4595.29	0	0
NM_001379334.1	4721	4493.29	0	0
NM_001379342.1	13014	12786.3	0.066692	0.000234732
NM_001379343.1	8684	8456.29	9.73913	0.0518301
NM_001379345.1	5137	4909.29	0	0
NM_001379346.1	5102	4874.29	0	0
NM_001379347.1	4936	4708.29	3.18781	0.0304699
NM_001379348.1	4933	4705.29	7.63832	0.0730556
NM_001379349.1	5053	4825.29	0	0
NM_001379351.1	5005	4777.29	0	0
NM_001379352.1	2144	1916.29	0	0
NM_001379360.1	1675	1447.29	0	0
NM_001379366.1	2163	1935.29	145.803	3.3905
NM_001379403.1	7367	7139.29	1233.56	7.77583
NM_001379406.1	5894	5666.29	62.7202	0.498139
NM_001379407.1	6010	5782.29	128.024	0.996396
NM_001379408.1	5671	5443.29	28.0616	0.232003
NM_001379409.1	5555	5327.29	11.9312	0.100791
NM_001379412.1	3630	3402.29	57.2869	0.757749
NM_001379413.1	3637	3409.29	33.0347	0.436062
NM_001379414.1	3637	3409.29	0	0
NM_001379415.1	3637	3409.29	0	0
NM_001379416.1	3697	3469.29	0	0
NM_001379417.1	3630	3402.29	34.8744	0.461294
NM_001379418.1	3588	3360.29	0	0
NM_001379419.1	3450	3222.29	0	0
NM_001379420.1	3510	3282.29	0	0
NM_001379429.1	2399	2171.29	6	0.124358
NM_001379446.1	3753	3525.29	0	0
NM_001379447.2	4297	4069.29	0	0
NM_001379448.1	3714	3486.29	0	0
NM_001379450.1	7593	7365.29	49.2898	0.301169
NM_001379451.1	7465	7237.29	324.522	2.01795
NM_001379455.1	4668	4440.29	0	0
NM_001379461.1	5781	5553.29	10.1221	0.0820283
NM_001379462.1	5748	5520.29	3.78968	0.0308946
NM_001379468.1	1958	1730.29	0	0
NM_001379469.1	2155	1927.29	19.7124	0.460293
NM_001379470.1	1897	1669.29	0	0
NM_001379480.1	8296	8068.29	312.736	1.74437
NM_001379482.1	8296	8068.29	427.384	2.38385
NM_001379484.1	5662	5434.29	221.595	1.83509
NM_001379485.1	5659	5431.29	131.117	1.08642
NM_001379500.1	5408	5180.29	1514.5	13.157
NM_001379511.1	4496	4268.29	14.5383	0.153286
NM_001379512.1	4484	4256.29	0	0
NM_001379513.1	4451	4223.29	9.62983	0.102615
NM_001379514.1	4343	4115.29	0	0
NM_001379515.1	4088	3860.29	163.02	1.90048
NM_001379516.1	3944	3716.29	363.643	4.40359
NM_001379548.1	5273	5045.29	265.13	2.36491
NM_001379549.1	5334	5106.29	66.0255	0.5819
NM_001379550.1	5008	4780.29	26.2267	0.246906
NM_001379551.1	5451	5223.29	28.7801	0.247965
NM_001379552.1	5305	5077.29	4.72377	0.0418696
NM_001379553.1	5344	5116.29	46.1153	0.405632
NM_001379554.1	5371	5143.29	7.04062	0.0616044
NM_001379555.1	5304	5076.29	0	0
NM_001379556.1	5310	5082.29	930.053	8.2355
NM_001379557.1	5427	5199.29	392.341	3.39595
NM_001379558.1	5488	5260.29	2.65476	0.0227121
NM_001379559.1	5270	5042.29	142.06	1.2679
NM_001379560.1	5431	5203.29	0	0
NM_001379561.1	5365	5137.29	0	0
NM_001379562.1	5347	5119.29	101.865	0.895479
NM_001379563.1	5525	5297.29	6.74917e-05	5.73375e-07
NM_001379565.1	1568	1340.29	0	0
NM_001379566.1	1178	950.293	3	0.142071
NM_001379604.1	3570	3342.29	372.765	5.01918
NM_001379605.1	3567	3339.29	22.4303	0.30229
NM_001379606.1	3519	3291.29	10.8828	0.148805
NM_001379608.1	2079	1851.29	1070.48	26.0224
NM_001379609.1	2070	1842.29	0.000736385	1.79882e-05
NM_001379610.1	413	202.921	0	0
NM_001379611.1	3295	3067.29	106.125	1.55706
NM_001379612.1	3469	3241.29	0	0
NM_001379613.1	6636	6408.29	0	0
NM_001379614.1	2520	2292.29	7.57393e-06	1.48694e-07
NM_001379615.1	2427	2199.29	0	0
NM_001379616.1	2403	2175.29	0	0
NM_001379617.1	2006	1778.29	0	0
NM_001379618.1	1982	1754.29	0	0
NM_001379631.1	9206	8978.29	0	0
NM_001379632.1	9107	8879.29	0	0
NM_001379633.1	9104	8876.29	0	0
NM_001379634.1	8957	8729.29	0	0
NM_001379635.1	8980	8752.29	0	0
NM_001379636.1	8942	8714.29	0	0
NM_001379637.1	8903	8675.29	0	0
NM_001379638.1	8879	8651.29	0	0
NM_001379639.1	8852	8624.29	0	0
NM_001379640.1	8825	8597.29	0	0
NM_001379641.1	8792	8564.29	0	0
NM_001379642.1	9131	8903.29	0	0
NM_001379645.1	9130	8902.29	0	0
NM_001379646.1	8954	8726.29	0	0
NM_001379648.1	8930	8702.29	0	0
NM_001379649.1	8855	8627.29	0	0
NM_001379650.1	8854	8626.29	0	0
NM_001379651.1	8902	8674.29	0	0
NM_001379653.1	8794	8566.29	0	0
NM_001379659.1	11290	11062.3	203.25	0.826851
NM_001379660.1	11195	10967.3	47.3352	0.194235
NM_001379661.1	11215	10987.3	143.275	0.586842
NM_001379662.1	10690	10462.3	0	0
NM_001379666.1	9155	8927.29	0	0
NM_001379667.1	9410	9182.29	0	0
NM_001379668.1	9439	9211.29	0	0
NM_001379669.1	9960	9732.29	0	0
NM_001379670.1	9180	8952.29	0	0
NM_001379671.1	9705	9477.29	0	0
NM_001379672.1	9374	9146.29	0	0
NM_001379673.1	9533	9305.29	0	0
NM_001379674.1	9234	9006.29	0	0
NM_001379675.1	9129	8901.29	0	0
NM_001379676.1	8698	8470.29	0	0
NM_001379685.1	4031	3803.29	0	0
NM_001379687.1	595	369.951	0	0
NM_001379690.1	440	225.63	0	0
NM_001379691.1	387	181.366	2	0.496269
NM_001379692.1	3996	3768.29	330.086	3.94207
NM_001380.5	6777	6549.29	3366.85	23.1351
NM_001381.5	1918	1690.29	1716.81	45.709
NM_001381852.2	558	334.107	44.4481	5.98701
NM_001381853.1	7711	7483.29	498.671	2.99891
NM_001381854.1	7435	7207.29	187.385	1.17005
NM_001381855.1	7435	7207.29	187.385	1.17005
NM_001381856.1	7711	7483.29	498.671	2.99891
NM_001381860.1	5254	5026.29	0	0
NM_001381865.2	2551	2323.29	819.584	15.8757
NM_001381866.2	2547	2319.29	153.408	2.9767
NM_001381874.1	1805	1577.29	0	0
NM_001381875.1	2738	2510.29	3.20319	0.057425
NM_001381877.1	3777	3549.29	0	0
NM_001381878.1	3783	3555.29	0	0
NM_001381879.1	3851	3623.29	0	0
NM_001381880.1	3786	3558.29	0	0
NM_001381881.1	3899	3671.29	0	0
NM_001381882.1	3686	3458.29	0	0
NM_001381883.1	3773	3545.29	0	0
NM_001381884.1	3712	3484.29	193.289	2.49652
NM_001381885.1	3777	3549.29	0	0
NM_001381886.1	3899	3671.29	0	0
NM_001381887.1	3773	3545.29	0	0
NM_001381888.1	4008	3780.29	0	0
NM_001381889.1	3882	3654.29	0	0
NM_001381890.1	3546	3318.29	0	0
NM_001381897.1	3499	3271.29	8.3053	0.114256
NM_001381902.1	2946	2718.29	0	0
NM_001381909.1	7909	7681.29	530.188	3.10626
NM_001381910.1	2205	1977.29	3.1786	0.0723448
NM_001381911.1	2208	1980.29	37.368	0.849205
NM_001381912.1	2118	1890.29	33.5288	0.798236
NM_001381913.1	1938	1710.29	0	0
NM_001381915.1	1797	1569.29	6.54995	0.187835
NM_001381916.1	1919	1691.29	0.00527612	0.000140391
NM_001381917.1	2005	1777.29	6.60476	0.16724
NM_001381918.1	2249	2021.29	0.073639	0.00163954
NM_001381919.1	2233	2005.29	0.119338	0.0026782
NM_001381920.1	2252	2024.29	16.3571	0.363643
NM_001381921.1	2236	2008.29	26.0408	0.583538
NM_001381923.1	3665	3437.29	26349.9	344.988
NM_001381924.1	3403	3175.29	2.14642e-07	3.04209e-09
NM_001381939.1	5527	5299.29	1767.85	15.0131
NM_001381940.1	2879	2651.29	141.141	2.39573
NM_001381941.1	1307	1079.29	44.9859	1.87577
NM_001381942.1	6129	5901.29	278.708	2.12542
NM_001381943.1	1902	1674.29	3.46317	0.093086
NM_001381944.1	1550	1322.29	0	0
NM_001381945.1	1682	1454.29	0	0
NM_001381946.1	3718	3490.29	0	0
NM_001381947.1	1761	1533.29	0	0
NM_001381948.1	1601	1373.29	0	0
NM_001381949.1	1542	1314.29	0	0
NM_001381950.1	1449	1221.29	0	0
NM_001381955.1	2488	2260.29	0	0
NM_001381956.1	2613	2385.29	0	0
NM_001381957.1	2172	1944.29	0	0
NM_001381958.1	2598	2370.29	0	0
NM_001381959.1	2300	2072.29	0	0
NM_001381963.1	9453	9225.29	0	0
NM_001381964.1	9476	9248.29	0	0
NM_001381965.1	3340	3112.29	0	0
NM_001381966.1	3225	2997.29	1.62936	0.0244641
NM_001381967.1	3400	3172.29	24.4065	0.346238
NM_001381968.1	3347	3119.29	0	0
NM_001381969.1	3416	3188.29	0	0
NM_001381970.1	3347	3119.29	27.5812	0.397923
NM_001381971.1	3297	3069.29	0	0
NM_001381972.1	3316	3088.29	0	0
NM_001381973.1	3244	3016.29	0	0
NM_001381974.1	3228	3000.29	0	0
NM_001381975.1	3244	3016.29	0	0
NM_001381976.1	3312	3084.29	0	0
NM_001381977.1	3343	3115.29	125.006	1.80581
NM_001381978.1	3248	3020.29	9.99082	0.148866
NM_001381979.1	3080	2852.29	9.26616	0.1462
NM_001381980.1	3225	2997.29	0	0
NM_001381981.1	2686	2458.29	38.1726	0.698811
NM_001381984.1	2627	2399.29	165.305	3.10059
NM_001381985.1	1526	1298.29	13.2914	0.460724
NM_001381989.1	2378	2150.29	47.9759	1.00408
NM_001381993.1	10195	9967.29	37.9336	0.171273
NM_001381994.1	8212	7984.29	0	0
NM_001381995.1	8029	7801.29	0	0
NM_001381996.1	7529	7301.29	204.286	1.25916
NM_001381997.1	7534	7306.29	0	0
NM_001381998.1	7843	7615.29	136.525	0.806805
NM_001381999.1	2700	2472.29	17.0105	0.309641
NM_001382.4	1913	1685.29	1163.87	31.0792
NM_001382000.1	8686	8458.29	0	0
NM_001382002.1	531	308.697	34.1333	4.97609
NM_001382003.1	673	446.496	7.68926	0.775013
NM_001382206.1	7788	7560.29	583.97	3.47612
NM_001382207.1	7727	7499.29	300.568	1.8037
NM_001382208.1	8021	7793.29	305.646	1.76498
NM_001382209.1	8076	7848.29	49.2636	0.282484
NM_001382210.1	8018	7790.29	190.008	1.09764
NM_001382211.1	8108	7880.29	67.3774	0.384782
NM_001382212.1	7811	7583.29	41.4421	0.245938
NM_001382213.1	8105	7877.29	41.8365	0.239012
NM_001382214.1	7382	7154.29	130.678	0.82201
NM_001382216.1	4447	4219.29	12.8979	0.13757
NM_001382217.1	4426	4198.29	16.517	0.177052
NM_001382218.1	4253	4025.29	39.9372	0.446501
NM_001382219.1	4237	4009.29	0	0
NM_001382220.1	4204	3976.29	0	0
NM_001382221.1	4201	3973.29	34.9211	0.39553
NM_001382222.1	4198	3970.29	0	0
NM_001382223.1	4061	3833.29	0.341726	0.00401188
NM_001382225.1	1777	1549.29	272.822	7.92479
NM_001382226.1	1555	1327.29	6791.01	230.255
NM_001382227.1	2400	2172.29	0	0
NM_001382228.1	2162	1934.29	7.49096	0.174284
NM_001382235.1	9301	9073.29	0	0
NM_001382236.1	5016	4788.29	512.315	4.81502
NM_001382237.1	5017	4789.29	838.244	7.87665
NM_001382238.1	4990	4762.29	0	0
NM_001382239.1	4824	4596.29	1544.29	15.1204
NM_001382240.1	5047	4819.29	111.53	1.04148
NM_001382241.1	5051	4823.29	226.9	2.11706
NM_001382242.1	4896	4668.29	75.8407	0.731116
NM_001382243.1	4818	4590.29	30.7001	0.300983
NM_001382248.1	683	456.134	0	0
NM_001382249.1	540	317.191	0	0
NM_001382250.1	616	390.417	0	0
NM_001382251.1	496	276.219	0	0
NM_001382252.1	572	347.526	5.63659	0.729913
NM_001382253.1	579	354.315	2.1048	0.26734
NM_001382254.1	503	282.705	0	0
NM_001382255.1	748	520.701	0	0
NM_001382256.1	5237	5009.29	214.331	1.92553
NM_001382257.1	5388	5160.29	0.167676	0.00146231
NM_001382258.1	1735	1507.29	9.95161	0.297124
NM_001382259.1	3114	2886.29	0.0030615	4.77349e-05
NM_001382260.1	3007	2779.29	136.941	2.21739
NM_001382261.1	1022	794.293	20.6061	1.1675
NM_001382262.1	1976	1748.29	22.2734	0.573342
NM_001382263.1	5120	4892.29	52.7447	0.485187
NM_001382264.1	1245	1017.29	0	0
NM_001382265.1	1162	934.293	0	0
NM_001382266.1	5727	5499.29	25.9365	0.21225
NM_001382267.1	1430	1202.29	5	0.187155
NM_001382271.1	4292	4064.29	50.095	0.554691
NM_001382272.1	4106	3878.29	0	0
NM_001382273.1	4070	3842.29	0	0
NM_001382274.1	4051	3823.29	0	0
NM_001382275.1	4241	4013.29	0	0
NM_001382276.1	2399	2171.29	8.41271	0.174365
NM_001382277.1	2206	1978.29	5.00185	0.113784
NM_001382278.1	2234	2006.29	0	0
NM_001382279.1	2306	2078.29	0	0
NM_001382280.1	4358	4130.29	0	0
NM_001382281.1	2129	1901.29	6.99242	0.165509
NM_001382282.1	2208	1980.29	0	0
NM_001382283.1	2244	2016.29	0	0
NM_001382284.1	2362	2134.29	0	0
NM_001382285.1	2246	2018.29	0	0
NM_001382286.1	2326	2098.29	15.2839	0.327801
NM_001382287.1	2167	1939.29	28.5893	0.66344
NM_001382288.1	2203	1975.29	7.91743	0.180383
NM_001382289.1	1856	1628.29	0	0
NM_001382293.1	620	394.338	1913.52	218.377
NM_001382294.1	565	340.768	2234.22	295.059
NM_001382295.1	5690	5462.29	28.5301	0.235056
NM_001382296.1	5755	5527.29	15.1745	0.123551
NM_001382297.1	3651	3423.29	11.1101	0.146055
NM_001382298.1	5759	5531.29	0	0
NM_001382299.1	3495	3267.29	27.1243	0.373605
NM_001382300.1	3641	3413.29	62.7435	0.827252
NM_001382301.1	3038	2810.29	0	0
NM_001382302.1	2736	2508.29	9.07893	0.162892
NM_001382303.1	676	449.451	0	0
NM_001382304.1	3214	2986.29	108.263	1.63151
NM_001382306.1	5259	5031.29	216.75	1.93875
NM_001382308.1	3972	3744.29	517.919	6.22493
NM_001382309.1	3951	3723.29	1941.94	23.472
NM_001382310.1	3889	3661.29	40.3891	0.496445
NM_001382311.1	3868	3640.29	162.692	2.01128
NM_001382312.1	4379	4151.29	563.542	6.10921
NM_001382313.1	4133	3905.29	335.481	3.86595
NM_001382314.1	3972	3744.29	168.642	2.02693
NM_001382315.1	4400	4172.29	0	0
NM_001382316.1	4008	3780.29	148.708	1.77031
NM_001382317.1	3253	3025.29	17.4578	0.259695
NM_001382318.1	5284	5056.29	419.089	3.73007
NM_001382319.1	1903	1675.29	0.271585	0.00729554
NM_001382320.1	1806	1578.29	0	0
NM_001382321.1	715	487.852	4.28449	0.395233
NM_001382323.2	3642	3414.29	0	0
NM_001382324.1	3715	3487.29	0	0
NM_001382325.1	3535	3307.29	0	0
NM_001382326.1	3644	3416.29	0	0
NM_001382327.1	3571	3343.29	0	0
NM_001382328.1	3755	3527.29	0	0
NM_001382329.1	3426	3198.29	0	0
NM_001382330.1	3462	3234.29	0	0
NM_001382331.1	3646	3418.29	10.1864	0.134108
NM_001382332.1	3533	3305.29	9.36712	0.127538
NM_001382333.1	3856	3628.29	0	0
NM_001382334.1	3294	3066.29	0	0
NM_001382335.1	3223	2995.29	0	0
NM_001382336.1	3185	2957.29	0	0
NM_001382337.1	3114	2886.29	0	0
NM_001382338.1	3078	2850.29	0	0
NM_001382339.1	3630	3402.29	0	0
NM_001382340.1	3431	3203.29	0	0
NM_001382341.1	3414	3186.29	0	0
NM_001382342.1	875	647.427	24.8046	1.72418
NM_001382343.1	834	606.427	594.88	44.1461
NM_001382344.1	6819	6591.29	0	0
NM_001382345.1	820	592.487	0	0
NM_001382346.1	7213	6985.29	77.1748	0.497203
NM_001382347.1	12130	11902.3	0	0
NM_001382348.1	12250	12022.3	17.7962	0.0666167
NM_001382349.1	12175	11947.3	0.0170104	6.40748e-05
NM_001382352.1	2173	1945.29	6.52204	0.150883
NM_001382353.1	11507	11279.3	803.007	3.20391
NM_001382354.1	10106	9878.29	18.2401	0.0830973
NM_001382355.1	10103	9875.29	293.366	1.33691
NM_001382358.1	1897	1669.29	0	0
NM_001382359.1	2105	1877.29	10.3575	0.248293
NM_001382360.1	2782	2554.29	0.0035166	6.19575e-05
NM_001382361.1	2496	2268.29	5.21561	0.103478
NM_001382362.1	2508	2280.29	0.34783	0.00686465
NM_001382363.1	2432	2204.29	76.4421	1.56065
NM_001382364.1	2444	2216.29	6.93393	0.140797
NM_001382365.1	730	502.753	967.434	86.5983
NM_001382366.1	656	429.76	2.7576	0.288767
NM_001382367.1	721	493.802	20.9279	1.90728
NM_001382368.1	608	382.573	0	0
NM_001382369.1	590	365.061	0	0
NM_001382370.1	527	304.945	0	0
NM_001382380.1	3038	2810.29	0	0
NM_001382381.1	1751	1523.29	0	0
NM_001382382.1	1604	1376.29	0	0
NM_001382383.1	1493	1265.29	0	0
NM_001382384.1	1346	1118.29	0	0
NM_001382391.1	4859	4631.29	0	0
NM_001382393.1	5569	5341.29	1.81591e-05	1.53e-07
NM_001382394.1	8395	8167.29	324.783	1.7896
NM_001382395.1	8861	8633.29	165.977	0.865192
NM_001382396.1	1344	1116.29	0	0
NM_001382397.1	2074	1846.29	0	0
NM_001382398.1	1999	1771.29	0	0
NM_001382399.1	2063	1835.29	0	0
NM_001382400.1	2060	1832.29	0	0
NM_001382401.1	2125	1897.29	0	0
NM_001382402.1	2304	2076.29	0	0
NM_001382403.1	2057	1829.29	0	0
NM_001382404.1	2241	2013.29	0	0
NM_001382405.1	2238	2010.29	0	0
NM_001382408.1	4153	3925.29	0	0
NM_001382409.1	4491	4263.29	0	0
NM_001382410.1	3129	2901.29	216.342	3.35576
NM_001382417.1	1957	1729.29	0	0
NM_001382421.1	870	642.427	0	0
NM_001382422.1	3191	2963.29	2.28168	0.0346515
NM_001382423.1	3143	2915.29	11.9513	0.184491
NM_001382424.1	3239	3011.29	0	0
NM_001382425.1	3461	3233.29	6.25958	0.0871249
NM_001382426.1	3301	3073.29	0	0
NM_001382427.1	3255	3027.29	34.0211	0.505751
NM_001382428.1	3382	3154.29	0	0
NM_001382429.1	3289	3061.29	0	0
NM_001382430.1	2957	2729.29	478.773	7.89445
NM_001382431.1	2922	2694.29	74.4558	1.24364
NM_001382432.1	3006	2778.29	77.6873	1.25839
NM_001382433.1	3075	2847.29	0	0
NM_001382434.1	1717	1489.29	0	0
NM_001382435.1	1689	1461.29	0	0
NM_001382436.1	1504	1276.29	0	0
NM_001382437.1	1856	1628.29	14.4395	0.399082
NM_001382438.1	1835	1607.29	24.5474	0.687311
NM_001382439.1	663	436.717	23.9908	2.47222
NM_001382440.1	1713	1485.29	16.9839	0.514596
NM_001382441.1	1718	1490.29	27.4472	0.828837
NM_001382442.1	1527	1299.29	14.6884	0.508755
NM_001382444.1	8060	7832.29	203.456	1.16902
NM_001382445.1	8019	7791.29	0	0
NM_001382446.2	3731	3503.29	0	0
NM_001382447.1	1261	1033.29	344.135	14.9881
NM_001382448.1	2596	2368.29	0	0
NM_001382464.1	5178	4950.29	46.0116	0.418291
NM_001382465.1	5127	4899.29	53.1636	0.488341
NM_001382466.1	5127	4899.29	50.8267	0.466875
NM_001382467.1	5112	4884.29	34.2462	0.315539
NM_001382468.1	5100	4872.29	11.3509	0.104843
NM_001382469.1	5088	4860.29	28.6391	0.265179
NM_001382470.1	5064	4836.29	0	0
NM_001382471.1	5052	4824.29	64.0633	0.59761
NM_001382472.1	5028	4800.29	1.62235e-06	1.52096e-08
NM_001382473.1	5019	4791.29	0	0
NM_001382474.1	4935	4707.29	37.2812	0.356419
NM_001382475.1	4899	4671.29	0	0
NM_001382476.1	4884	4656.29	0	0
NM_001382485.1	7080	6852.29	133.964	0.879823
NM_001382487.1	7179	6951.29	0	0
NM_001382494.2	2970	2742.29	0	0
NM_001382495.2	2994	2766.29	2.53906	0.0413063
NM_001382496.1	788	560.487	0	0
NM_001382497.1	1220	992.293	0	0
NM_001382504.2	3459	3231.29	0	0
NM_001382505.2	3070	2842.29	0	0
NM_001382506.1	6228	6000.29	332.52	2.49395
NM_001382507.1	2944	2716.29	108.182	1.79235
NM_001382508.1	5416	5188.29	52.6869	0.457004
NM_001382509.1	3181	2953.29	0	0
NM_001382510.1	3623	3395.29	29.3487	0.389003
NM_001382516.1	5434	5206.29	6.87521	0.0594292
NM_001382517.1	5071	4843.29	0	0
NM_001382518.1	5217	4989.29	3.86491	0.0348613
NM_001382519.1	5209	4981.29	19.5763	0.17686
NM_001382520.1	5065	4837.29	0	0
NM_001382521.1	4976	4748.29	16.4873	0.156262
NM_001382522.1	5120	4892.29	123.974	1.14041
NM_001382525.2	2900	2672.29	0	0
NM_001382526.1	3727	3499.29	6.01061	0.0773001
NM_001382527.1	3727	3499.29	0	0
NM_001382528.1	3712	3484.29	17.9586	0.231953
NM_001382529.1	3691	3463.29	106.772	1.38743
NM_001382530.1	3622	3394.29	106.652	1.41404
NM_001382531.1	3601	3373.29	42.784	0.570781
NM_001382532.1	3598	3370.29	52.281	0.698101
NM_001382533.1	3559	3331.29	2.08595	0.0281795
NM_001382534.1	3547	3319.29	0	0
NM_001382535.1	3544	3316.29	51.2922	0.69605
NM_001382536.1	3523	3295.29	27.472	0.375179
NM_001382537.1	3448	3220.29	98.857	1.38151
NM_001382538.1	3409	3181.29	2.85523	0.0403905
NM_001382539.1	3391	3163.29	5.17621	0.0736401
NM_001382540.1	3355	3127.29	78.9509	1.13614
NM_001382541.1	3277	3049.29	1.25765	0.018561
NM_001382542.1	3435	3207.29	0.27357	0.00383859
NM_001382543.1	3241	3013.29	22.3418	0.333672
NM_001382544.1	3142	2914.29	0	0
NM_001382545.1	3088	2860.29	0.215069	0.00338384
NM_001382546.1	3046	2818.29	0	0
NM_001382547.2	2900	2672.29	0	0
NM_001382548.1	4684	4456.29	0	0
NM_001382554.3	2900	2672.29	0	0
NM_001382555.2	2901	2673.29	0	0
NM_001382556.2	9263	9035.29	311.24	1.55023
NM_001382557.2	9141	8913.29	0.733827	0.00370508
NM_001382558.2	9196	8968.29	71.2982	0.357776
NM_001382559.2	9175	8947.29	0.00396897	1.99631e-05
NM_001382560.2	4653	4425.29	122.816	1.24898
NM_001382561.2	4551	4323.29	0	0
NM_001382562.1	3765	3537.29	0	0
NM_001382563.2	2778	2550.29	0	0
NM_001382566.1	3901	3673.29	37.8213	0.463364
NM_001382567.1	4168	3940.29	415.531	4.74588
NM_001382568.1	4096	3868.29	0	0
NM_001382569.1	3944	3716.29	43.007	0.520801
NM_001382570.1	3847	3619.29	35.5599	0.44216
NM_001382571.1	3832	3604.29	0	0
NM_001382572.1	2420	2192.29	2.45707	0.0504385
NM_001382573.1	1746	1518.29	67.9899	2.01526
NM_001382574.1	1807	1579.29	0	0
NM_001382575.1	3462	3234.29	0	0
NM_001382576.1	3380	3152.29	201.938	2.88293
NM_001382577.1	3583	3355.29	0.027591	0.000370067
NM_001382578.1	3499	3271.29	0	0
NM_001382579.1	3620	3392.29	0.000948551	1.25837e-05
NM_001382580.1	3368	3140.29	0	0
NM_001382581.1	3331	3103.29	0	0
NM_001382584.1	1573	1345.29	0	0
NM_001382585.1	1304	1076.29	0	0
NM_001382586.1	1788	1560.29	1	0.0288427
NM_001382587.1	1313	1085.29	0	0
NM_001382588.1	3036	2808.29	1.64432	0.0263504
NM_001382589.1	2967	2739.29	20.4838	0.336523
NM_001382590.1	3139	2911.29	21.4841	0.332103
NM_001382591.1	3090	2862.29	0	0
NM_001382611.1	4696	4468.29	54.5611	0.549521
NM_001382612.1	4830	4602.29	46.3452	0.453182
NM_001382613.1	5153	4925.29	12.4829	0.114058
NM_001382615.1	1917	1689.29	0	0
NM_001382616.1	2050	1822.29	0	0
NM_001382617.1	2029	1801.29	5.13823	0.128372
NM_001382618.1	2044	1816.29	0	0
NM_001382619.1	4222	3994.29	231.687	2.61038
NM_001382620.1	4182	3954.29	812.339	9.24508
NM_001382621.1	4343	4115.29	79.1352	0.865389
NM_001382622.1	4243	4015.29	41.3853	0.463843
NM_001382623.1	4118	3890.29	20.7307	0.239813
NM_001382624.1	1476	1248.29	0	0
NM_001382625.1	3934	3706.29	22.0929	0.26826
NM_001382626.1	4125	3897.29	5.59514	0.0646085
NM_001382627.1	4122	3894.29	42.9105	0.495881
NM_001382628.1	4006	3778.29	15.8905	0.189271
NM_001382629.1	3095	2867.29	0	0
NM_001382630.1	3201	2973.29	0	0
NM_001382631.1	3313	3085.29	90.8077	1.32455
NM_001382632.1	3205	2977.29	30.45	0.460266
NM_001382633.1	3390	3162.29	31.743	0.45174
NM_001382634.1	3133	2905.29	34.8465	0.539774
NM_001382635.1	3289	3061.29	0	0
NM_001382636.1	3008	2780.29	0	0
NM_001382637.1	10964	10736.3	55.6451	0.233246
NM_001382638.1	3426	3198.29	0	0
NM_001382639.1	3791	3563.29	0	0
NM_001382640.1	3227	2999.29	102.354	1.53577
NM_001382641.1	3532	3304.29	0	0
NM_001382642.1	3623	3395.29	0	0
NM_001382643.1	3513	3285.29	0	0
NM_001382644.1	3383	3155.29	0	0
NM_001382645.1	3625	3397.29	0	0
NM_001382646.1	3178	2950.29	184.166	2.80922
NM_001382647.1	3304	3076.29	0	0
NM_001382648.1	3499	3271.29	170.611	2.3471
NM_001382649.1	4634	4406.29	0	0
NM_001382650.1	4566	4338.29	0.547327	0.00567767
NM_001382651.1	4716	4488.29	0	0
NM_001382652.1	4435	4207.29	16.5063	0.176559
NM_001382653.1	4730	4502.29	69.1417	0.691112
NM_001382654.1	4558	4330.29	0	0
NM_001382655.3	2500	2272.29	0	0
NM_001382656.1	4503	4275.29	0	0
NM_001382657.2	2544	2316.29	0	0
NM_001382658.3	2919	2691.29	4.67568	0.0781855
NM_001382659.3	2480	2252.29	0	0
NM_001382660.1	4705	4477.29	0	0
NM_001382661.1	4388	4160.29	25.0303	0.27076
NM_001382662.3	2783	2555.29	0	0
NM_001382663.1	4830	4602.29	18.9849	0.185642
NM_001382664.1	1725	1497.29	8.11975	0.24405
NM_001382665.1	1884	1656.29	0	0
NM_001382666.1	4471	4243.29	0.000300433	3.18631e-06
NM_001382667.1	4424	4196.29	0.000414361	4.4438e-06
NM_001382668.1	4734	4506.29	0	0
NM_001382669.1	4620	4392.29	5.97104e-06	6.11788e-08
NM_001382670.1	4745	4517.29	0.00138653	1.38132e-05
NM_001382671.1	4489	4261.29	0.346889	0.00366346
NM_001382672.1	4442	4214.29	0.519055	0.00554283
NM_001382673.1	4614	4386.29	59.1179	0.606546
NM_001382674.1	4530	4302.29	23.3339	0.244079
NM_001382675.1	4598	4370.29	0	0
NM_001382676.1	4655	4427.29	2632.81	26.7623
NM_001382677.1	4171	3943.29	1.12306	0.012817
NM_001382678.1	4124	3896.29	1.73946	0.0200912
NM_001382679.1	4296	4068.29	255.626	2.82771
NM_001382680.1	4388	4160.29	0	0
NM_001382681.1	4406	4178.29	61.1829	0.658982
NM_001382682.1	3913	3685.29	0	0
NM_001382683.1	4650	4422.29	24.7832	0.252204
NM_001382684.1	4739	4511.29	0	0
NM_001382685.1	4709	4481.29	93.6822	0.940797
NM_001382686.1	4660	4432.29	0	0
NM_001382687.1	4639	4411.29	0	0
NM_001382688.1	4586	4358.29	0	0
NM_001382689.1	4654	4426.29	0.000617522	6.27849e-06
NM_001382690.1	4749	4521.29	0.814195	0.00810416
NM_001382691.1	4618	4390.29	12.8902	0.132132
NM_001382692.1	4713	4485.29	29.8008	0.299006
NM_001382693.1	4395	4167.29	0	0
NM_001382694.1	4386	4158.29	30.0879	0.325626
NM_001382695.1	4350	4122.29	0.780311	0.00851865
NM_001382696.1	3657	3429.29	0	0
NM_001382697.1	4131	3903.29	0	0
NM_001382698.1	3031	2803.29	0	0
NM_001382700.1	4630	4402.29	11.494	0.117499
NM_001382701.1	4724	4496.29	0	0
NM_001382702.1	2816	2588.29	0	0
NM_001382703.1	1649	1421.29	0	0
NM_001382705.1	2931	2703.29	0.580276	0.00966014
NM_001382706.1	3212	2984.29	2.87845	0.043407
NM_001382707.1	3135	2907.29	7.54127	0.116734
NM_001382708.1	2240	2012.29	0	0
NM_001382709.1	1811	1583.29	0	0
NM_001382710.1	2174	1946.29	0	0
NM_001382711.1	2222	1994.29	0	0
NM_001382712.1	1639	1411.29	0	0
NM_001382713.1	1973	1745.29	0	0
NM_001382714.1	2884	2656.29	0	0
NM_001382715.2	3286	3058.29	3.82321	0.0562589
NM_001382720.1	3200	2972.29	0	0
NM_001382721.1	2905	2677.29	8.07464e-08	1.35728e-09
NM_001382722.1	2842	2614.29	22.1588	0.381446
NM_001382723.1	2818	2590.29	0	0
NM_001382724.1	2713	2485.29	10.8873	0.197145
NM_001382725.1	2940	2712.29	174.356	2.89296
NM_001382726.1	2479	2251.29	12.0319	0.240516
NM_001382727.1	4723	4495.29	0	0
NM_001382728.1	2708	2480.29	0.661523	0.0120029
NM_001382729.1	2682	2454.29	10.0672	0.184596
NM_001382730.1	4624	4396.29	0	0
NM_001382731.1	2577	2349.29	142.508	2.72988
NM_001382732.1	2498	2270.29	4.01719	0.079631
NM_001382733.1	4609	4381.29	0	0
NM_001382734.1	4570	4342.29	0	0
NM_001382735.1	2156	1928.29	1.17075e-05	2.73234e-07
NM_001382736.1	2262	2034.29	0	0
NM_001382737.1	2346	2118.29	0	0
NM_001382739.1	4893	4665.29	217.331	2.09645
NM_001382740.1	4218	3990.29	0	0
NM_001382741.1	3699	3471.29	0	0
NM_001382742.1	3184	2956.29	379.252	5.77327
NM_001382743.1	1581	1353.29	0	0
NM_001382744.1	2256	2028.29	0	0
NM_001382745.1	2675	2447.29	0	0
NM_001382746.1	2233	2005.29	0	0
NM_001382747.1	2214	1986.29	0	0
NM_001382748.2	2248	2020.29	0	0
NM_001382749.2	2183	1955.29	0	0
NM_001382750.2	2194	1966.29	0	0
NM_001382751.1	6834	6606.29	3.29602	0.022453
NM_001382752.1	6744	6516.29	36.2728	0.250509
NM_001382753.1	3994	3766.29	0	0
NM_001382754.1	3949	3721.29	12.3817	0.149737
NM_001382755.1	3796	3568.29	0	0
NM_001382756.1	2564	2336.29	10.0661	0.193899
NM_001382757.1	1762	1534.29	296.457	8.69552
NM_001382758.1	1366	1138.29	12.1168	0.479045
NM_001382759.1	3509	3281.29	0	0
NM_001382760.1	3443	3215.29	0	0
NM_001382761.1	3551	3323.29	0	0
NM_001382762.1	3341	3113.29	0	0
NM_001382763.1	3632	3404.29	0	0
NM_001382764.1	3504	3276.29	0	0
NM_001382765.1	3617	3389.29	0	0
NM_001382766.1	1391	1163.29	44.8811	1.73627
NM_001382767.1	1536	1308.29	56.6907	1.95006
NM_001382768.1	1446	1218.29	22.2174	0.820697
NM_001382769.1	5863	5635.29	0	0
NM_001382770.1	5857	5629.29	0	0
NM_001382771.1	5812	5584.29	18.5764	0.149704
NM_001382772.1	5758	5530.29	0.00054266	4.41593e-06
NM_001382773.1	5718	5490.29	0	0
NM_001382774.1	5404	5176.29	0	0
NM_001382775.1	2520	2292.29	12.6525	0.248397
NM_001382776.1	2356	2128.29	88.393	1.86908
NM_001382777.1	4411	4183.29	15.7966	0.169937
NM_001382778.1	4416	4188.29	56.2444	0.604345
NM_001382779.1	4490	4262.29	510.906	5.39436
NM_001382780.1	3775	3547.29	184.697	2.34317
NM_001382781.1	4361	4133.29	807.68	8.79398
NM_001382782.1	5165	4937.29	8.4799	0.0772937
NM_001382783.1	4682	4454.29	13.1507	0.132866
NM_001382784.1	4674	4446.29	63.5735	0.643458
NM_001382785.1	4659	4431.29	13.7661	0.139805
NM_001382786.1	4638	4410.29	0.932837	0.00951876
NM_001382787.1	4632	4404.29	19.3255	0.197468
NM_001382788.1	4587	4359.29	60.0743	0.620176
NM_001382789.1	4578	4350.29	21.6482	0.223947
NM_001382790.1	4554	4326.29	0	0
NM_001382791.1	4548	4320.29	0	0
NM_001382792.1	4521	4293.29	18.3873	0.192739
NM_001382793.1	4515	4287.29	54.7685	0.574897
NM_001382794.1	4515	4287.29	0	0
NM_001382795.1	4509	4281.29	93.5047	0.982881
NM_001382796.1	4470	4242.29	21.6284	0.229439
NM_001382797.1	4458	4230.29	34.5721	0.367788
NM_001382798.1	4401	4173.29	14.7824	0.159408
NM_001382799.1	4377	4149.29	0	0
NM_001382800.1	4371	4143.29	0	0
NM_001382801.1	4353	4125.29	0.8926	0.00973743
NM_001382802.1	4299	4071.29	0	0
NM_001382803.1	4262	4034.29	2.1372	0.0238408
NM_001382804.1	3729	3501.29	33.5012	0.4306
NM_001382805.1	3606	3378.29	54.2117	0.722168
NM_001382806.1	3519	3291.29	0	0
NM_001382807.1	825	597.427	0	0
NM_001382808.1	920	692.293	0	0
NM_001382809.1	1286	1058.29	0	0
NM_001382810.1	1174	946.293	0	0
NM_001382811.1	1243	1015.29	0	0
NM_001382812.1	955	727.293	0	0
NM_001382813.1	1067	839.293	9.92703	0.532289
NM_001382817.3	2148	1920.29	0	0
NM_001383.6	2646	2418.29	838.567	15.6053
NM_001384.5	2466	2238.29	692.917	13.9318
NM_001384125.1	16162	15934.3	0	0
NM_001384126.1	4325	4097.29	0.0376644	0.000413691
NM_001384127.1	4099	3871.29	0	0
NM_001384128.1	4100	3872.29	44.3469	0.515392
NM_001384130.1	8056	7828.29	0	0
NM_001384131.1	1509	1281.29	0	0
NM_001384132.1	1510	1282.29	17.4917	0.613885
NM_001384133.1	1746	1518.29	0	0
NM_001384134.1	427	214.584	417	87.4544
NM_001384136.1	4708	4480.29	0.333333	0.00334822
NM_001384137.1	3506	3278.29	14.1662	0.194468
NM_001384138.1	3541	3313.29	0	0
NM_001384139.1	3658	3430.29	0	0
NM_001384140.1	9366	9138.29	0	0
NM_001384142.1	4137	3909.29	0.0568071	0.000653954
NM_001384143.1	3021	2793.29	70.5438	1.13654
NM_001384144.1	3115	2887.29	21.0096	0.327469
NM_001384156.1	2282	2054.29	0	0
NM_001384158.1	2748	2520.29	8.16521	0.1458
NM_001384159.1	2465	2237.29	193.756	3.8974
NM_001384160.1	2804	2576.29	127.597	2.22888
NM_001384161.1	2905	2677.29	1.41752	0.0238273
NM_001384162.1	2726	2498.29	50.3621	0.907199
NM_001384164.1	4991	4763.29	6.20103	0.0585867
NM_001384165.1	1632	1404.29	162.761	5.21596
NM_001384166.1	1767	1539.29	5.04028	0.147359
NM_001384167.1	1757	1529.29	0	0
NM_001384168.1	1350	1122.29	22.8441	0.91603
NM_001384189.2	1229	1001.29	0	0
NM_001384192.3	3567	3339.29	564.393	7.60623
NM_001384237.2	3375	3147.29	0	0
NM_001384253.1	25280	25052.3	0	0
NM_001384268.1	7900	7672.29	0.0102547	6.01506e-05
NM_001384270.1	10213	9985.29	0	0
NM_001384271.1	9924	9696.29	41.0366	0.190462
NM_001384272.1	1571	1343.29	0	0
NM_001384280.1	1424	1196.29	0	0
NM_001384281.1	2215	1987.29	61.8701	1.40107
NM_001384282.1	2279	2051.29	0	0
NM_001384283.1	3240	3012.29	0	0
NM_001384284.1	3107	2879.29	53.81	0.841045
NM_001384285.1	2463	2235.29	0	0
NM_001384286.1	2466	2238.29	0	0
NM_001384287.1	2435	2207.29	0.115537	0.00235561
NM_001384288.1	2808	2580.29	0	0
NM_001384289.1	2649	2421.29	0	0
NM_001384290.1	1319	1091.29	0	0
NM_001384291.1	2741	2513.29	5.28326	0.0946021
NM_001384292.1	1980	1752.29	0	0
NM_001384293.1	2201	1973.29	0	0
NM_001384294.1	1966	1738.29	0	0
NM_001384295.1	2047	1819.29	0	0
NM_001384296.1	2134	1906.29	0	0
NM_001384297.1	2723	2495.29	0	0
NM_001384298.1	2467	2239.29	1.99426	0.0400786
NM_001384299.1	2677	2449.29	0	0
NM_001384300.1	2621	2393.29	0	0
NM_001384301.1	2896	2668.29	1.32296e-06	2.23128e-08
NM_001384302.1	2554	2326.29	6.93181	0.134099
NM_001384303.1	1532	1304.29	6.73431	0.232359
NM_001384304.1	2222	1994.29	0	0
NM_001384305.1	2237	2009.29	10.61	0.237638
NM_001384306.1	2208	1980.29	0	0
NM_001384307.1	2410	2182.29	0	0
NM_001384308.1	2135	1907.29	0	0
NM_001384309.1	2318	2090.29	9.09311	0.195771
NM_001384310.1	2258	2030.29	0	0
NM_001384311.1	2068	1840.29	0	0
NM_001384312.1	2156	1928.29	0	0
NM_001384313.1	2289	2061.29	0	0
NM_001384314.1	4515	4287.29	0	0
NM_001384315.1	10898	10670.3	72.082	0.304014
NM_001384316.1	10085	9857.29	1453.94	6.6379
NM_001384317.1	10074	9846.29	1134.99	5.18754
NM_001384318.1	10641	10413.3	0	0
NM_001384319.1	10536	10308.3	0	0
NM_001384320.1	10630	10402.3	0	0
NM_001384321.1	10732	10504.3	0	0
NM_001384322.1	10780	10552.3	0	0
NM_001384323.1	10538	10310.3	0	0
NM_001384324.1	9844	9616.29	157.242	0.735872
NM_001384325.1	10173	9945.29	427.061	1.93248
NM_001384332.1	2295	2067.29	0	0
NM_001384333.1	2292	2064.29	14.7327	0.321182
NM_001384334.1	2429	2201.29	5.8709	0.120024
NM_001384335.1	3142	2914.29	25.1566	0.388473
NM_001384336.1	3188	2960.29	66.1292	1.00531
NM_001384337.1	3071	2843.29	6.93568	0.109777
NM_001384338.1	2598	2370.29	0	0
NM_001384339.1	2899	2671.29	0	0
NM_001384340.1	2783	2555.29	0	0
NM_001384341.1	2696	2468.29	12.2467	0.223287
NM_001384342.1	2599	2371.29	0	0
NM_001384343.1	2581	2353.29	36.9888	0.707353
NM_001384344.1	2507	2279.29	14.772	0.291663
NM_001384345.1	2568	2340.29	0	0
NM_001384346.1	2575	2347.29	64.3285	1.23333
NM_001384347.1	3801	3573.29	30.1225	0.379372
NM_001384348.1	1346	1118.29	63.6067	2.5597
NM_001384349.1	2967	2739.29	0	0
NM_001384350.1	829	601.427	0	0
NM_001384351.1	7315	7087.29	9.00683	0.0571918
NM_001384352.1	7220	6992.29	0	0
NM_001384353.1	7059	6831.29	5.82054	0.0383444
NM_001384354.1	10946	10718.3	0	0
NM_001384355.1	3216	2988.29	0	0
NM_001384356.1	2799	2571.29	0	0
NM_001384357.1	2712	2484.29	0	0
NM_001384358.1	2833	2605.29	0	0
NM_001384359.1	3425	3197.29	18.2931	0.257482
NM_001384360.1	1479	1251.29	0	0
NM_001384361.1	2126	1898.29	0	0
NM_001384362.1	7093	6865.29	56.7201	0.371809
NM_001384363.1	7161	6933.29	0.0528321	0.000342926
NM_001384364.1	7504	7276.29	309.655	1.91519
NM_001384365.1	4119	3891.29	116.731	1.35
NM_001384366.1	4292	4064.29	24.4238	0.270439
NM_001384367.1	4297	4069.29	142.443	1.5753
NM_001384369.1	1411	1183.29	485.689	18.4718
NM_001384370.1	3360	3132.29	0	0
NM_001384371.1	3255	3027.29	0	0
NM_001384372.1	3174	2946.29	0	0
NM_001384373.1	3118	2890.29	0	0
NM_001384374.1	3178	2950.29	0	0
NM_001384375.1	3279	3051.29	0	0
NM_001384376.1	3283	3055.29	0	0
NM_001384377.1	3390	3162.29	0	0
NM_001384378.1	3285	3057.29	0	0
NM_001384379.1	3309	3081.29	0	0
NM_001384380.1	3313	3085.29	0	0
NM_001384381.1	3118	2890.29	0	0
NM_001384382.1	1695	1467.29	0	0
NM_001384383.1	4612	4384.29	23.8995	0.245319
NM_001384384.1	3014	2786.29	0	0
NM_001384385.1	2969	2741.29	11.2752	0.185102
NM_001384386.1	3337	3109.29	0	0
NM_001384387.1	3183	2955.29	0	0
NM_001384388.1	3139	2911.29	0	0
NM_001384389.1	3169	2941.29	0	0
NM_001384390.1	3208	2980.29	0	0
NM_001384391.1	2978	2750.29	3.72478	0.0609487
NM_001384392.1	3011	2783.29	0	0
NM_001384393.1	3061	2833.29	0	0
NM_001384394.1	3196	2968.29	0	0
NM_001384395.1	3175	2947.29	0	0
NM_001384396.1	3084	2856.29	0	0
NM_001384397.1	2812	2584.29	0	0
NM_001384398.1	3007	2779.29	0	0
NM_001384399.1	2902	2674.29	0	0
NM_001384400.1	2979	2751.29	0	0
NM_001384401.1	2932	2704.29	0	0
NM_001384402.1	3121	2893.29	0	0
NM_001384403.1	2857	2629.29	0	0
NM_001384404.1	2884	2656.29	0	0
NM_001384405.1	2806	2578.29	0	0
NM_001384406.1	2643	2415.29	0	0
NM_001384407.1	2366	2138.29	0	0
NM_001384408.1	923	695.293	0	0
NM_001384409.1	3103	2875.29	26.6359	0.416896
NM_001384410.1	3504	3276.29	0.15501	0.00212922
NM_001384411.1	3208	2980.29	13.9954	0.211334
NM_001384412.1	3489	3261.29	13.205	0.182218
NM_001384413.1	3547	3319.29	0	0
NM_001384414.1	3204	2976.29	0	0
NM_001384415.1	3267	3039.29	0.122384	0.00181215
NM_001384416.1	3154	2926.29	10.9464	0.168344
NM_001384417.1	3148	2920.29	0	0
NM_001384418.1	3375	3147.29	23.5291	0.336442
NM_001384419.1	3028	2800.29	0.175439	0.00281945
NM_001384420.1	3427	3199.29	65.3652	0.919464
NM_001384421.1	3425	3197.29	304.702	4.2888
NM_001384422.1	3398	3170.29	12.708	0.180393
NM_001384423.1	3365	3137.29	11.4024	0.163563
NM_001384424.1	3250	3022.29	0.10232	0.00152358
NM_001384425.1	3254	3026.29	323.652	4.81293
NM_001384426.1	3311	3083.29	4.31434	0.0629712
NM_001384427.1	3248	3020.29	307.003	4.57442
NM_001384428.1	3305	3077.29	4.47548	0.0654505
NM_001384429.1	3188	2960.29	0	0
NM_001384430.1	3498	3270.29	24.6987	0.339883
NM_001384431.1	3606	3378.29	0	0
NM_001384432.1	3533	3305.29	18.6145	0.253445
NM_001384433.1	3998	3770.29	35.2698	0.420988
NM_001384434.1	4140	3912.29	76.0989	0.875365
NM_001384435.1	3128	2900.29	0.00849377	0.000131796
NM_001384436.1	3071	2843.29	51.1061	0.808898
NM_001384437.1	3359	3131.29	0	0
NM_001384438.1	4130	3902.29	40.9171	0.471875
NM_001384439.1	4132	3904.29	0	0
NM_001384440.1	4229	4001.29	0	0
NM_001384441.1	4231	4003.29	0	0
NM_001384442.1	3938	3710.29	4.07409e-08	4.94157e-10
NM_001384443.1	3974	3746.29	25.4187	0.305347
NM_001384444.1	3976	3748.29	12.2284	0.146817
NM_001384445.1	4024	3796.29	850.365	10.0806
NM_001384446.1	4183	3955.29	12.9122	0.146914
NM_001384447.1	8290	8062.29	0	0
NM_001384448.1	8329	8101.29	0	0
NM_001384449.1	8224	7996.29	0	0
NM_001384450.1	8158	7930.29	0	0
NM_001384451.1	7384	7156.29	0	0
NM_001384452.1	8356	8128.29	0	0
NM_001384453.1	7450	7222.29	0	0
NM_001384454.1	7572	7344.29	0	0
NM_001384455.1	5819	5591.29	0	0
NM_001384456.1	6156	5928.29	0	0
NM_001384457.1	6027	5799.29	0	0
NM_001384458.1	6175	5947.29	0	0
NM_001384459.1	6166	5938.29	0	0
NM_001384460.1	6103	5875.29	0	0
NM_001384461.1	6007	5779.29	0.0321967	0.000250714
NM_001384462.1	5980	5752.29	19.7712	0.15468
NM_001384463.1	5898	5670.29	3.15743	0.0250594
NM_001384464.1	5764	5536.29	3.16075	0.0256929
NM_001384465.1	5971	5743.29	0	0
NM_001384466.1	4035	3807.29	0	0
NM_001384467.1	5388	5160.29	0	0
NM_001384468.1	5196	4968.29	0	0
NM_001384469.1	5190	4962.29	0	0
NM_001384470.1	4210	3982.29	0	0
NM_001384471.1	5237	5009.29	0	0
NM_001384472.1	5425	5197.29	0	0
NM_001384473.1	5339	5111.29	0	0
NM_001384474.1	7208	6980.29	0	0
NM_001384475.1	9130	8902.29	0	0
NM_001384476.1	7613	7385.29	0.740671	0.00451336
NM_001384477.1	7802	7574.29	168.098	0.998764
NM_001384478.1	7292	7064.29	49.9599	0.31827
NM_001384479.1	2116	1888.29	4	0.0953307
NM_001384481.1	7754	7526.29	159.904	0.95614
NM_001384482.1	7283	7055.29	8550.77	54.5422
NM_001384483.1	7565	7337.29	2563.95	15.7259
NM_001384484.1	7616	7388.29	11.6445	0.0709284
NM_001384485.1	7640	7412.29	25.8403	0.156887
NM_001384486.1	7739	7511.29	1031.59	6.18066
NM_001384487.1	7706	7478.29	171.126	1.02981
NM_001384488.1	7736	7508.29	126.585	0.758722
NM_001384490.1	7385	7157.29	479.521	3.0151
NM_001384491.1	7520	7292.29	5.76545	0.0355804
NM_001384492.1	7874	7646.29	10.1899	0.0599735
NM_001384493.1	7808	7580.29	537.718	3.19235
NM_001384494.1	7382	7154.29	209.65	1.31878
NM_001384495.1	7484	7256.29	485.557	3.01139
NM_001384496.1	7592	7364.29	8955.97	54.7298
NM_001384497.1	7961	7733.29	9.05816	0.052713
NM_001384498.1	3868	3640.29	828.563	10.2431
NM_001384499.1	5929	5701.29	0	0
NM_001384500.1	6099	5871.29	80.5534	0.617436
NM_001384501.1	6045	5817.29	15.9196	0.123156
NM_001384502.1	5996	5768.29	0	0
NM_001384503.1	6060	5832.29	62.293	0.480665
NM_001384504.1	6157	5929.29	142.976	1.08518
NM_001384506.1	7778	7550.29	1.91873	0.0114365
NM_001384507.1	7547	7319.29	90.8952	0.558874
NM_001384508.1	7610	7382.29	3.50759	0.0213826
NM_001384509.1	7703	7475.29	135.309	0.814594
NM_001384511.1	5749	5521.29	29.1304	0.237436
NM_001384512.1	6051	5823.29	95.5955	0.738773
NM_001384513.1	5665	5437.29	275.103	2.27696
NM_001384514.1	6274	6046.29	0	0
NM_001384515.1	5973	5745.29	34.5689	0.270779
NM_001384516.1	5836	5608.29	15.1195	0.121324
NM_001384517.1	5962	5734.29	148.195	1.16304
NM_001384518.1	5888	5660.29	2.1458e-07	1.70605e-09
NM_001384519.1	5660	5432.29	128.117	1.06137
NM_001384520.1	7676	7448.29	38.6943	0.233793
NM_001384521.1	6062	5834.29	0.000105425	8.13202e-07
NM_001384522.1	5972	5744.29	43.1301	0.337899
NM_001384523.1	6046	5818.29	0	0
NM_001384524.1	5798	5570.29	0	0
NM_001384525.1	5803	5575.29	205.019	1.65489
NM_001384526.1	6095	5867.29	26.4493	0.20287
NM_001384527.1	5709	5481.29	454.719	3.73338
NM_001384528.1	5714	5486.29	1119.24	9.18093
NM_001384529.1	5880	5652.29	2.31036e-08	1.83949e-10
NM_001384530.1	5657	5429.29	13.4725	0.111672
NM_001384531.1	5833	5605.29	1.57114	0.0126142
NM_001384532.1	5711	5483.29	132.302	1.08584
NM_001384533.1	5800	5572.29	23.1783	0.187194
NM_001384534.1	5887	5659.29	17.6976	0.140733
NM_001384535.1	5585	5357.29	13.6476	0.114644
NM_001384536.1	5639	5411.29	137.218	1.14117
NM_001384537.1	5818	5590.29	12.3395	0.0993358
NM_001384538.1	5587	5359.29	0.00472192	3.9651e-05
NM_001384539.1	5575	5347.29	12.7784	0.107544
NM_001384540.1	5527	5299.29	10.7278	0.0911038
NM_001384541.1	5532	5304.29	4.07924	0.0346094
NM_001384542.1	8897	8669.29	6.62048	0.0343675
NM_001384543.1	7685	7457.29	2.97116	0.0179303
NM_001384546.1	5976	5748.29	0	0
NM_001384547.1	6002	5774.29	29.8295	0.232482
NM_001384548.1	7721	7493.29	214.309	1.28709
NM_001384549.1	7261	7033.29	1.14483	0.00732528
NM_001384550.1	7306	7078.29	0.00812938	5.16858e-05
NM_001384551.1	7231	7003.29	2.9361	0.0188673
NM_001384552.1	7390	7162.29	0.00140077	8.80149e-06
NM_001384553.1	7579	7351.29	0.460298	0.00281785
NM_001384554.1	7315	7087.29	1.89056	0.0120048
NM_001384555.1	7585	7357.29	1.54762	0.00946651
NM_001384556.1	7384	7156.29	0.0380308	0.000239161
NM_001384557.1	7222	6994.29	36.5616	0.235247
NM_001384558.1	7300	7072.29	0.0294068	0.000187124
NM_001384559.1	7258	7030.29	15.1549	0.0970113
NM_001384560.1	7153	6925.29	163.773	1.06426
NM_001384561.1	7069	6841.29	0.0906781	0.000596494
NM_001384562.1	7387	7159.29	0.00705997	4.43787e-05
NM_001384563.1	7576	7348.29	0.520484	0.00318759
NM_001384564.1	7645	7417.29	0.0529289	0.000321137
NM_001384565.1	3903	3675.29	0.232301	0.00284448
NM_001384566.1	3952	3724.29	9.33721	0.112828
NM_001384567.1	7492	7264.29	1.93362	0.011979
NM_001384568.1	4063	3835.29	15.1547	0.177824
NM_001384569.1	3900	3672.29	21.8323	0.267549
NM_001384570.1	4426	4198.29	0	0
NM_001384571.1	4423	4195.29	20.7232	0.222298
NM_001384572.1	7393	7165.29	0.0247154	0.00015523
NM_001384573.1	3970	3742.29	2.69723	0.0324356
NM_001384574.2	4680	4452.29	3817.48	38.5865
NM_001384575.1	3961	3733.29	1.60854	0.0193902
NM_001384576.1	3964	3736.29	1.98211	0.0238742
NM_001384577.1	3807	3579.29	12.9091	0.162309
NM_001384578.1	4066	3838.29	0	0
NM_001384579.1	7324	7096.29	0.201089	0.00127526
NM_001384580.1	3755	3527.29	15.2158	0.194131
NM_001384581.1	3761	3533.29	21.0333	0.267899
NM_001384582.1	3857	3629.29	0	0
NM_001384583.1	3659	3431.29	0	0
NM_001384584.1	3752	3524.29	12.147	0.155109
NM_001384585.1	4273	4045.29	0	0
NM_001384586.1	4104	3876.29	21.8396	0.253554
NM_001384587.1	4171	3943.29	153.906	1.75646
NM_001384588.1	4326	4098.29	16.9847	0.186508
NM_001384589.1	4075	3847.29	0	0
NM_001384590.1	4110	3882.29	22.7849	0.26412
NM_001384591.1	4168	3940.29	127.3	1.45393
NM_001384592.1	4014	3786.29	1048.39	12.4609
NM_001384593.1	4177	3949.29	202.985	2.31306
NM_001384594.1	4250	4022.29	43.2952	0.484405
NM_001384595.1	4163	3935.29	21.2975	0.243554
NM_001384597.1	227	73.0147	1	0.616356
NM_001384598.1	2969	2741.29	0	0
NM_001384599.1	2966	2738.29	0	0
NM_001384600.1	2925	2697.29	0	0
NM_001384601.1	1787	1559.29	0	0
NM_001384602.1	1739	1511.29	0	0
NM_001384603.1	1623	1395.29	0	0
NM_001384604.1	2893	2665.29	0	0
NM_001384605.1	7489	7261.29	0	0
NM_001384606.1	7366	7138.29	0	0
NM_001384608.1	1249	1021.29	0	0
NM_001384609.1	5075	4847.29	0	0
NM_001384610.1	4587	4359.29	0	0
NM_001384611.1	4139	3911.29	0	0
NM_001384612.1	4383	4155.29	174.631	1.89131
NM_001384613.1	4148	3920.29	0	0
NM_001384614.1	4081	3853.29	4.15492e-06	4.85258e-08
NM_001384615.1	4220	3992.29	68.8841	0.776495
NM_001384616.1	2403	2175.29	0.477346	0.00987548
NM_001384617.1	4267	4039.29	24.8065	0.276378
NM_001384618.1	4246	4018.29	19.0789	0.213675
NM_001384619.1	4240	4012.29	0	0
NM_001384620.1	4234	4006.29	128.353	1.44181
NM_001384621.1	4344	4116.29	5.27454	0.0576661
NM_001384622.1	4192	3964.29	96.9265	1.10032
NM_001384623.1	4419	4191.29	36.345	0.390246
NM_001384624.1	4395	4167.29	34.6887	0.374607
NM_001384625.1	4335	4107.29	0	0
NM_001384626.1	4423	4195.29	64.6813	0.69384
NM_001384627.1	4581	4353.29	34.2268	0.353827
NM_001384628.1	4244	4016.29	156.436	1.75289
NM_001384629.1	4296	4068.29	0	0
NM_001384630.1	4126	3898.29	26.0478	0.300704
NM_001384631.1	4033	3805.29	0	0
NM_001384632.1	2415	2187.29	0	0
NM_001384633.1	2391	2163.29	0	0
NM_001384634.1	2259	2031.29	0	0
NM_001384635.1	2000	1772.29	0	0
NM_001384636.1	2225	1997.29	0.0315081	0.000709942
NM_001384637.1	2115	1887.29	30.1101	0.717983
NM_001384638.1	2062	1834.29	0.00179209	4.39676e-05
NM_001384640.1	2035	1807.29	0	0
NM_001384641.1	1633	1405.29	0	0
NM_001384642.1	1603	1375.29	0	0
NM_001384643.1	1375	1147.29	0	0
NM_001384644.1	1034	806.293	0	0
NM_001384645.1	925	697.293	0	0
NM_001384646.1	986	758.293	0	0
NM_001384647.1	515	293.705	3778.85	579.016
NM_001384648.1	10729	10501.3	12.3304	0.0528415
NM_001384649.1	3497	3269.29	25.5091	0.351143
NM_001384650.1	3497	3269.29	0	0
NM_001384651.1	3385	3157.29	41.5627	0.592422
NM_001384652.1	4188	3960.29	0	0
NM_001384653.1	4210	3982.29	70.4251	0.79586
NM_001384654.1	4327	4099.29	0.847014	0.00929874
NM_001384655.1	4208	3980.29	23.4606	0.265257
NM_001384656.1	3952	3724.29	0	0
NM_001384657.1	6109	5881.29	170.588	1.30532
NM_001384658.1	2126	1898.29	0	0
NM_001384659.1	3191	2963.29	11.4635	0.174095
NM_001384660.1	7031	6803.29	0	0
NM_001384661.1	6972	6744.29	0.000217244	1.44962e-06
NM_001384662.1	6683	6455.29	0	0
NM_001384663.1	7008	6780.29	0.000968933	6.43113e-06
NM_001384664.1	6957	6729.29	80.6946	0.539656
NM_001384665.1	1657	1429.29	0	0
NM_001384666.1	1973	1745.29	23.1758	0.597596
NM_001384667.1	1937	1709.29	0.0809242	0.00213061
NM_001384668.1	7152	6924.29	209.55	1.36193
NM_001384669.1	2216	1988.29	0	0
NM_001384670.1	2185	1957.29	0	0
NM_001384671.1	1980	1752.29	0	0
NM_001384672.1	1668	1440.29	0	0
NM_001384673.1	1599	1371.29	0	0
NM_001384674.1	1780	1552.29	0	0
NM_001384675.1	5561	5333.29	108.252	0.913443
NM_001384676.1	5745	5517.29	171.279	1.39708
NM_001384677.1	5639	5411.29	250.944	2.08698
NM_001384678.1	5720	5492.29	43.249	0.354376
NM_001384679.1	5897	5669.29	93.2033	0.739852
NM_001384680.1	5484	5256.29	0.00147666	1.26428e-05
NM_001384681.1	5477	5249.29	9.50577	0.0814946
NM_001384682.1	3835	3607.29	0	0
NM_001384683.1	3962	3734.29	41.0397	0.494581
NM_001384684.1	3989	3761.29	0.174736	0.00209068
NM_001384685.1	4513	4285.29	0	0
NM_001384686.1	3916	3688.29	135.153	1.64908
NM_001384687.1	3898	3670.29	0	0
NM_001384688.1	3935	3707.29	8.64151	0.1049
NM_001384689.1	3871	3643.29	0	0
NM_001384690.1	3908	3680.29	0.00752929	9.2069e-05
NM_001384691.1	3829	3601.29	0	0
NM_001384692.1	3817	3589.29	0	0
NM_001384693.1	3805	3577.29	355.071	4.46686
NM_001384694.1	3781	3553.29	0	0
NM_001384695.1	3748	3520.29	0	0
NM_001384696.1	3739	3511.29	361.512	4.63338
NM_001384697.1	3712	3484.29	356.088	4.59923
NM_001384698.1	4121	3893.29	0	0
NM_001384699.1	4085	3857.29	0.975845	0.0113852
NM_001384700.1	4067	3839.29	0	0
NM_001384701.1	4040	3812.29	0	0
NM_001384702.1	4031	3803.29	0.0103364	0.000122307
NM_001384703.1	4004	3776.29	0	0
NM_001384704.1	3998	3770.29	0	0
NM_001384705.1	3986	3758.29	0	0
NM_001384706.1	3944	3716.29	0	0
NM_001384707.1	5592	5364.29	5.76613	0.0483743
NM_001384708.1	2911	2683.29	0	0
NM_001384709.1	2708	2480.29	0	0
NM_001384711.1	1927	1699.29	740.541	19.6121
NM_001384712.1	1807	1579.29	33.4949	0.954462
NM_001384713.1	2469	2241.29	12.2924	0.24682
NM_001384714.1	4480	4252.29	234.838	2.48535
NM_001384715.1	2784	2556.29	0	0
NM_001384716.1	2649	2421.29	19.0088	0.353304
NM_001384717.1	2322	2094.29	0	0
NM_001384718.1	1918	1690.29	0	0
NM_001384719.1	1897	1669.29	0	0
NM_001384720.1	2312	2084.29	0	0
NM_001384721.1	2863	2635.29	0	0
NM_001384722.1	1997	1769.29	25.7703	0.655485
NM_001384723.1	3955	3727.29	324.596	3.91915
NM_001384724.1	3940	3712.29	50.2609	0.609299
NM_001384725.1	3915	3687.29	65.2759	0.796687
NM_001384726.1	3904	3676.29	102.742	1.25771
NM_001384727.1	3841	3613.29	370.473	4.61419
NM_001384728.1	3816	3588.29	227.817	2.8572
NM_001384729.1	6096	5868.29	206.28	1.58193
NM_001384730.1	5822	5594.29	604.544	4.86323
NM_001384731.1	5897	5669.29	25.4883	0.202327
NM_001384732.1	11302	11074.3	0.0123161	5.00496e-05
NM_001384733.1	5609	5381.29	26.6849	0.223162
NM_001384734.1	5777	5549.29	53.5647	0.434394
NM_001384735.1	5684	5456.29	993.886	8.19749
NM_001384736.1	5942	5714.29	229.773	1.80959
NM_001384737.1	5715	5487.29	59.1496	0.485105
NM_001384738.1	5927	5699.29	543.587	4.2923
NM_001384739.1	8546	8318.29	0	0
NM_001384740.1	2233	2005.29	1	0.0224421
NM_001384741.1	3753	3525.29	12.0408	0.15371
NM_001384742.1	3730	3502.29	80.7212	1.03724
NM_001384743.1	8615	8387.29	0	0
NM_001384744.1	5718	5490.29	0.0859625	0.000704622
NM_001384745.1	5877	5649.29	6.78724	0.0540681
NM_001384746.1	5654	5426.29	17.9369	0.14876
NM_001384747.1	2890	2662.29	15.4565	0.261275
NM_001384748.1	5826	5598.29	92.8375	0.746294
NM_001384749.1	3301	3073.29	536.515	7.85634
NM_001384750.1	2851	2623.29	30.815	0.528638
NM_001384751.1	5678	5450.29	70.6216	0.583123
NM_001384752.1	5486	5258.29	174.637	1.49463
NM_001384753.1	5579	5351.29	0.38174	0.00321034
NM_001384754.1	5697	5469.29	110.748	0.91127
NM_001384755.1	5460	5232.29	5.07121	0.0436176
NM_001384756.1	5555	5327.29	24.439	0.206452
NM_001384757.1	5492	5264.29	11.6398	0.0995052
NM_001384758.1	5525	5297.29	3.64458	0.0309625
NM_001384759.1	5441	5213.29	0.490713	0.00423601
NM_001384760.1	5345	5117.29	0	0
NM_001384761.1	5508	5280.29	1.21653	0.0103683
NM_001384762.1	4460	4232.29	54.0696	0.574936
NM_001384763.1	1615	1387.29	0	0
NM_001384764.1	2095	1867.29	0	0
NM_001384765.1	2153	1925.29	0	0
NM_001384766.1	1972	1744.29	0	0
NM_001384767.1	1913	1685.29	0	0
NM_001384768.1	2017	1789.29	0	0
NM_001384769.1	1620	1392.29	3.50758	0.113375
NM_001384770.1	1890	1662.29	2.49242	0.0674771
NM_001384771.1	1815	1587.29	0	0
NM_001384772.1	2012	1784.29	0	0
NM_001384773.1	1950	1722.29	0	0
NM_001384774.1	5846	5618.29	1273.47	10.2006
NM_001384775.1	1660	1432.29	0	0
NM_001384776.1	5720	5492.29	139.56	1.14354
NM_001384777.1	5729	5501.29	10.5583	0.0863715
NM_001384778.1	5258	5030.29	0	0
NM_001384779.1	5574	5346.29	0	0
NM_001384780.1	5606	5378.29	0	0
NM_001384781.1	5798	5570.29	222.087	1.79427
NM_001384782.1	5777	5549.29	65.9213	0.534602
NM_001384783.1	5514	5286.29	2.14178	0.0182334
NM_001384784.1	4199	3971.29	0	0
NM_001384785.1	5322	5094.29	0	0
NM_001384786.1	5607	5379.29	0.398178	0.00333115
NM_001384787.1	5399	5171.29	0	0
NM_001384788.1	5841	5613.29	38.0091	0.304728
NM_001384789.1	5351	5123.29	0	0
NM_001384790.1	5634	5406.29	0.828751	0.00689869
NM_001384791.1	5819	5591.29	0.630991	0.00507871
NM_001384792.1	5735	5507.29	17.2365	0.140849
NM_001384793.1	5492	5264.29	0.000103305	8.8313e-07
NM_001384794.1	5511	5283.29	0	0
NM_001384795.1	5877	5649.29	0	0
NM_001384796.1	5828	5600.29	0.925983	0.00744106
NM_001384797.1	5774	5546.29	0.0604658	0.000490625
NM_001384798.1	5790	5562.29	1964.69	15.8958
NM_001384800.1	5538	5310.29	36.6607	0.310688
NM_001384801.1	2608	2380.29	30.4478	0.575663
NM_001384802.1	4421	4193.29	16.7376	0.17963
NM_001384803.1	5447	5219.29	10.9817	0.0946892
NM_001384804.1	5651	5423.29	1.02427	0.00849954
NM_001384805.1	5244	5016.29	0	0
NM_001384806.1	5654	5426.29	5.38562	0.0446658
NM_001384807.1	5447	5219.29	16.9186	0.14588
NM_001384808.1	4320	4092.29	1.18799	0.0130644
NM_001384809.1	5468	5240.29	0	0
NM_001384810.1	5583	5355.29	54.8135	0.460624
NM_001384811.1	5298	5070.29	0	0
NM_001384812.1	4169	3941.29	0.038366	0.000438077
NM_001384813.1	4488	4260.29	0	0
NM_001384814.1	5676	5448.29	10.6163	0.0876912
NM_001384815.1	4214	3986.29	0.335399	0.00378647
NM_001384816.1	5721	5493.29	99.9098	0.818498
NM_001384817.1	4307	4079.29	0.000170629	1.88239e-06
NM_001384818.1	11242	11014.3	3279.54	13.3998
NM_001384819.1	5633	5405.29	128.736	1.07182
NM_001384820.1	5816	5588.29	365.476	2.94321
NM_001384821.1	11235	11007.3	950.926	3.88784
NM_001384822.1	11056	10828.3	2051.31	8.52539
NM_001384823.1	9078	8850.29	1272.2	6.46904
NM_001384824.1	5702	5474.29	1.3475	0.0110776
NM_001384825.1	5570	5342.29	16.2588	0.136963
NM_001384826.1	5438	5210.29	0	0
NM_001384827.1	5612	5384.29	7.15478	0.0598012
NM_001384828.1	5708	5480.29	2.33306	0.0191586
NM_001384829.1	1516	1288.29	0	0
NM_001384830.1	1558	1330.29	14.0402	0.474971
NM_001384831.1	5529	5301.29	0	0
NM_001384832.1	5676	5448.29	36.583	0.302177
NM_001384833.1	2440	2212.29	0	0
NM_001384834.1	5801	5573.29	133.497	1.07796
NM_001384835.1	3897	3669.29	0	0
NM_001384836.1	5667	5439.29	232.49	1.92355
NM_001384837.1	5723	5495.29	151.753	1.24276
NM_001384838.1	5864	5636.29	88.3595	0.705508
NM_001384839.1	5649	5421.29	79.7006	0.661608
NM_001384840.1	5460	5232.29	0	0
NM_001384841.1	5424	5196.29	0.432491	0.00374564
NM_001384842.1	5438	5210.29	0	0
NM_001384843.1	5654	5426.29	170.958	1.41784
NM_001384844.1	5367	5139.29	0	0
NM_001384845.1	5604	5376.29	7.76517	0.0649996
NM_001384846.1	5732	5504.29	53.9765	0.441312
NM_001384847.1	5675	5447.29	0	0
NM_001384848.1	5579	5351.29	186.633	1.56954
NM_001384849.1	5751	5523.29	48.5799	0.395823
NM_001384850.1	5693	5465.29	40.7542	0.335584
NM_001384851.1	5460	5232.29	0	0
NM_001384853.1	5508	5280.29	0.910844	0.00776298
NM_001384856.1	5051	4823.29	0	0
NM_001384857.1	5469	5241.29	1.32745	0.0113978
NM_001384859.1	5460	5232.29	2.90405e-08	2.49778e-10
NM_001384861.1	5423	5195.29	0	0
NM_001384862.1	5143	4915.29	0.00612367	5.60667e-05
NM_001384863.1	5768	5540.29	22.1626	0.180024
NM_001384864.1	5699	5471.29	181.855	1.49582
NM_001384866.1	5552	5324.29	0	0
NM_001384867.1	5548	5320.29	11.7282	0.0992064
NM_001384868.1	5768	5540.29	1389.59	11.2875
NM_001384869.1	5615	5387.29	45.8001	0.382594
NM_001384870.1	5561	5333.29	0	0
NM_001384871.1	5819	5591.29	105.46	0.848826
NM_001384872.1	5675	5447.29	10.2961	0.0850621
NM_001384873.1	5813	5585.29	5.04685e-05	4.06646e-07
NM_001384874.1	5586	5358.29	0.0743298	0.000624279
NM_001384875.1	5882	5654.29	61.7507	0.49148
NM_001384876.1	5777	5549.29	231.448	1.87697
NM_001384877.1	4544	4316.29	0	0
NM_001384878.1	5460	5232.29	16.0608	0.13814
NM_001384879.1	5840	5612.29	230.886	1.8514
NM_001384880.1	4056	3828.29	0	0
NM_001384881.1	4199	3971.29	479.278	5.43123
NM_001384882.1	4110	3882.29	31.7094	0.367571
NM_001384883.1	4017	3789.29	18.5433	0.220228
NM_001384884.1	3956	3728.29	0	0
NM_001384885.1	3957	3729.29	28.171	0.339953
NM_001384886.1	4140	3912.29	18.4624	0.212373
NM_001384887.1	4023	3795.29	18.697	0.221702
NM_001384888.1	4086	3858.29	30.5394	0.356211
NM_001384889.1	4104	3876.29	0	0
NM_001384890.1	4026	3798.29	0	0
NM_001384891.1	4152	3924.29	0	0
NM_001384892.1	5700	5472.29	20.9559	0.172338
NM_001384893.1	5516	5288.29	25.1628	0.214134
NM_001384894.1	3003	2775.29	0	0
NM_001384895.1	2469	2241.29	0	0
NM_001384896.1	2759	2531.29	0	0
NM_001384897.1	2720	2492.29	0.296273	0.00534977
NM_001384898.1	2605	2377.29	6.0542	0.114608
NM_001384899.1	3088	2860.29	32.1665	0.506099
NM_001384900.1	6772	6544.29	25.8971	0.178086
NM_001384901.1	6564	6336.29	0.0627803	0.000445893
NM_001384902.1	7037	6809.29	19.9745	0.132013
NM_001384903.1	6696	6468.29	26.5089	0.184436
NM_001384904.1	3804	3576.29	54.2521	0.682694
NM_001384905.1	3355	3127.29	0	0
NM_001384906.1	3260	3032.29	0	0
NM_001384907.1	3281	3053.29	9.66253	0.142418
NM_001384908.1	3847	3619.29	0.00227616	2.83023e-05
NM_001384909.1	1267	1039.29	0	0
NM_001384910.1	1509	1281.29	8	0.280985
NM_001384911.1	2146	1918.29	3.686	0.0864733
NM_001384916.1	2657	2429.29	0	0
NM_001384918.1	2765	2537.29	0	0
NM_001384919.1	2708	2480.29	2.37993	0.0431821
NM_001384920.1	2557	2329.29	93.9499	1.81516
NM_001384921.1	2648	2420.29	0	0
NM_001384922.1	2591	2363.29	8.96267	0.170672
NM_001384923.1	2299	2071.29	0	0
NM_001384925.1	2774	2546.29	0	0
NM_001384926.1	2332	2104.29	134.292	2.872
NM_001384927.1	2425	2197.29	10.0689	0.206223
NM_001384928.1	2735	2507.29	0.00010807	1.93973e-06
NM_001384929.1	2350	2122.29	0.0194413	0.000412251
NM_001384931.1	2783	2555.29	0	0
NM_001384932.1	1696	1468.29	2.54266e-06	7.79322e-08
NM_001384933.1	1684	1456.29	0.195652	0.00604613
NM_001384934.1	1719	1491.29	0	0
NM_001384935.1	2341	2113.29	0	0
NM_001384936.1	2675	2447.29	0	0
NM_001384937.1	2233	2005.29	29.1814	0.654894
NM_001384938.1	2224	1996.29	0	0
NM_001384939.1	2354	2126.29	6.75901	0.143055
NM_001384940.1	2476	2248.29	0	0
NM_001384941.1	2787	2559.29	0	0
NM_001384942.1	2345	2117.29	0	0
NM_001384943.1	2237	2009.29	15.8422	0.354824
NM_001384944.1	2228	2000.29	0	0
NM_001384947.1	8825	8597.29	17.1301	0.0896688
NM_001384950.1	6781	6553.29	94.2123	0.646979
NM_001384951.1	6694	6466.29	1.84795e-06	1.28611e-08
NM_001384952.1	6756	6528.29	184.297	1.27046
NM_001384953.1	6778	6550.29	64.2753	0.441596
NM_001384954.1	6697	6469.29	89.7367	0.624246
NM_001384955.1	6672	6444.29	55.1456	0.385104
NM_001384956.1	6694	6466.29	1.51275e-06	1.05282e-08
NM_001384957.1	6691	6463.29	12.7619	0.0888592
NM_001384958.1	6585	6357.29	0	0
NM_001384959.1	6604	6376.29	0	0
NM_001384960.1	6498	6270.29	91.6442	0.657748
NM_001384961.1	4486	4258.29	22.3081	0.235759
NM_001384962.1	4464	4236.29	113.636	1.20718
NM_001384963.1	4461	4233.29	63.1063	0.670867
NM_001384964.1	4483	4255.29	12.3411	0.130516
NM_001384965.1	4380	4152.29	1.31584	0.0142613
NM_001384966.1	4377	4149.29	0	0
NM_001384967.1	4374	4146.29	0.729104	0.00791356
NM_001384968.1	4371	4143.29	16.1269	0.175165
NM_001384969.1	4767	4539.29	32.9949	0.327115
NM_001384970.1	4742	4514.29	87.291	0.870206
NM_001384971.1	4673	4445.29	0	0
NM_001384972.1	4137	3909.29	0	0
NM_001384973.1	4067	3839.29	11.9045	0.139541
NM_001384979.1	3941	3713.29	0	0
NM_001384980.1	4020	3792.29	0	0
NM_001384981.1	4106	3878.29	18.7373	0.217425
NM_001384982.1	4162	3934.29	13.2839	0.151951
NM_001384983.1	1087	859.293	0	0
NM_001384984.1	4815	4587.29	22.5923	0.221639
NM_001384985.1	4843	4615.29	0	0
NM_001384986.1	4883	4655.29	0	0
NM_001384987.1	4900	4672.29	20.2033	0.194596
NM_001384988.1	4825	4597.29	12.8842	0.126124
NM_001384989.1	4800	4572.29	0	0
NM_001384990.1	4886	4658.29	60.7532	0.586928
NM_001384991.1	4894	4666.29	0	0
NM_001384992.1	4839	4611.29	0	0
NM_001384993.1	4909	4681.29	14.7217	0.141526
NM_001384994.1	579	354.315	0	0
NM_001384995.1	4705	4477.29	0	0
NM_001384996.1	4879	4651.29	0	0
NM_001384997.1	2925	2697.29	0	0
NM_001384998.1	2745	2517.29	10.0909	0.180401
NM_001384999.1	2592	2364.29	0	0
NM_001385.3	2122	1894.29	0	0
NM_001385000.1	2753	2525.29	0	0
NM_001385001.1	7724	7496.29	0	0
NM_001385002.1	8175	7947.29	0	0
NM_001385003.1	8065	7837.29	0	0
NM_001385004.1	7559	7331.29	0	0
NM_001385005.1	7682	7454.29	0	0
NM_001385006.1	7601	7373.29	0	0
NM_001385007.1	7892	7664.29	0	0
NM_001385008.1	3034	2806.29	0	0
NM_001385009.1	7194	6966.29	0	0
NM_001385010.1	7029	6801.29	0	0
NM_001385011.1	2497	2269.29	0	0
NM_001385012.1	11200	10972.3	15.3671	0.0630287
NM_001385013.1	4255	4027.29	0	0
NM_001385014.1	4372	4144.29	0	0
NM_001385015.1	4278	4050.29	0	0
NM_001385016.1	4726	4498.29	185.438	1.85521
NM_001385017.1	4219	3991.29	6.61188	0.074551
NM_001385018.1	4493	4265.29	78.4334	0.82755
NM_001385019.1	4276	4048.29	0	0
NM_001385020.1	4150	3922.29	0	0
NM_001385021.1	4066	3838.29	2.08955e-08	2.44995e-10
NM_001385022.1	4541	4313.29	0	0
NM_001385023.1	4034	3806.29	67.3105	0.795834
NM_001385024.1	939	711.293	0	0
NM_001385026.1	12003	11775.3	1823.66	6.96971
NM_001385027.1	3946	3718.29	38.8552	0.470271
NM_001385028.1	6212	5984.29	0	0
NM_001385029.1	3772	3544.29	0	0
NM_001385030.1	5717	5489.29	0	0
NM_001385031.1	5818	5590.29	0	0
NM_001385032.1	3666	3438.29	0	0
NM_001385033.1	3393	3165.29	0	0
NM_001385034.1	5657	5429.29	1.57089e-07	1.3021e-09
NM_001385036.1	3185	2957.29	0.000231594	3.52432e-06
NM_001385038.1	2870	2642.29	1.73181e-08	2.94959e-10
NM_001385039.1	3048	2820.29	0	0
NM_001385040.1	3009	2781.29	0	0
NM_001385041.1	3134	2906.29	0	0
NM_001385042.1	3073	2845.29	0	0
NM_001385043.1	1495	1267.29	0	0
NM_001385044.1	2847	2619.29	0	0
NM_001385045.1	3134	2906.29	0	0
NM_001385046.1	2779	2551.29	0	0
NM_001385047.1	2776	2548.29	0	0
NM_001385048.1	2777	2549.29	0	0
NM_001385049.1	2999	2771.29	0	0
NM_001385050.1	2880	2652.29	0	0
NM_001385051.1	2929	2701.29	0	0
NM_001385052.1	2861	2633.29	0	0
NM_001385053.1	2717	2489.29	0	0
NM_001385054.1	4129	3901.29	12.4908	0.144086
NM_001385055.1	2365	2137.29	189.352	3.98701
NM_001385056.1	2211	1983.29	0	0
NM_001385057.1	2057	1829.29	0	0
NM_001385058.1	2120	1892.29	0	0
NM_001385060.1	8610	8382.29	0	0
NM_001385061.1	8523	8295.29	14.4264	0.0782652
NM_001385062.1	8710	8482.29	0	0
NM_001385063.1	8729	8501.29	0	0
NM_001385065.1	2842	2614.29	9.53803	0.16419
NM_001385069.1	3017	2789.29	0	0
NM_001385070.1	2695	2467.29	0	0
NM_001385071.1	2620	2392.29	10.8353	0.203831
NM_001385072.1	2212	1984.29	36.9041	0.836973
NM_001385073.1	2062	1834.29	0	0
NM_001385074.1	2058	1830.29	0	0
NM_001385075.1	2244	2016.29	0	0
NM_001385076.1	2065	1837.29	0	0
NM_001385079.1	9334	9106.29	0	0
NM_001385082.1	2985	2757.29	0	0
NM_001385083.1	3265	3037.29	0	0
NM_001385084.1	2892	2664.29	0	0
NM_001385085.1	2878	2650.29	0	0
NM_001385086.1	2788	2560.29	0	0
NM_001385087.1	2758	2530.29	0	0
NM_001385088.1	3071	2843.29	0	0
NM_001385089.1	2788	2560.29	18	0.316392
NM_001385090.1	2698	2470.29	0	0
NM_001385091.1	2668	2440.29	0	0
NM_001385092.1	2680	2452.29	0	0
NM_001385093.1	2704	2476.29	0	0
NM_001385094.1	2614	2386.29	0	0
NM_001385095.1	2596	2368.29	0	0
NM_001385096.1	2901	2673.29	0	0
NM_001385097.1	3181	2953.29	0	0
NM_001385098.1	2822	2594.29	0	0
NM_001385099.1	2808	2580.29	0	0
NM_001385100.1	2897	2669.29	0	0
NM_001385101.1	2759	2531.29	0	0
NM_001385102.1	2849	2621.29	0	0
NM_001385103.1	2664	2436.29	0	0
NM_001385104.1	3221	2993.29	0	0
NM_001385106.1	1861	1633.29	0	0
NM_001385107.1	1840	1612.29	0	0
NM_001385108.1	1729	1501.29	0	0
NM_001385109.1	3993	3765.29	149.606	1.78811
NM_001385110.1	4372	4144.29	128.008	1.39005
NM_001385111.1	4306	4078.29	23.6655	0.261144
NM_001385112.1	4059	3831.29	70.4449	0.82746
NM_001385113.1	4398	4170.29	0	0
NM_001385114.1	4384	4156.29	335.405	3.63166
NM_001385115.1	4363	4135.29	83.9178	0.913251
NM_001385116.1	9762	9534.29	0	0
NM_001385117.1	3677	3449.29	0	0
NM_001385118.1	8240	8012.29	547.224	3.07363
NM_001385119.1	4050	3822.29	150.788	1.77536
NM_001385120.1	3977	3749.29	0	0
NM_001385121.1	3987	3759.29	0	0
NM_001385122.1	3890	3662.29	0	0
NM_001385123.1	3267	3039.29	0	0
NM_001385125.1	1106	878.293	4.00652	0.205291
NM_001385127.1	2448	2220.29	0	0
NM_001385128.1	2137	1909.29	0	0
NM_001385129.1	2547	2319.29	0	0
NM_001385130.1	2194	1966.29	11.8454	0.271109
NM_001385131.1	2990	2762.29	0	0
NM_001385132.1	2229	2001.29	0	0
NM_001385133.1	3287	3059.29	0.0389385	0.000572796
NM_001385134.1	3284	3056.29	5.12852	0.075516
NM_001385135.1	2243	2015.29	0.0165313	0.000369158
NM_001385136.1	2240	2012.29	28.3323	0.633627
NM_001385137.1	3263	3035.29	0	0
NM_001385138.1	2098	1870.29	3.12213	0.0751248
NM_001385139.1	2130	1902.29	0	0
NM_001385140.1	3188	2960.29	2.09505	0.0318495
NM_001385141.1	2144	1916.29	8.20657	0.192727
NM_001385142.1	7665	7437.29	44.2771	0.267921
NM_001385143.1	7725	7497.29	24.1662	0.14506
NM_001385144.1	3179	2951.29	0	0
NM_001385145.1	2088	1860.29	0	0
NM_001385146.1	3178	2950.29	0	0
NM_001385147.1	1922	1694.29	0	0
NM_001385148.1	3211	2983.29	0	0
NM_001385149.1	3012	2784.29	0	0
NM_001385150.1	2318	2090.29	0	0
NM_001385151.1	2367	2139.29	0	0
NM_001385152.1	3408	3180.29	0	0
NM_001385153.1	3235	3007.29	0	0
NM_001385154.1	2364	2136.29	0	0
NM_001385155.1	2360	2132.29	0	0
NM_001385156.1	2191	1963.29	0	0
NM_001385157.1	1588	1360.29	120.402	3.98331
NM_001385158.1	3398	3170.29	0	0
NM_001385159.1	2678	2450.29	14.4778	0.265905
NM_001385161.1	7724	7496.29	135.748	0.814945
NM_001385162.1	7637	7409.29	6.37252	0.0387058
NM_001385163.1	1019	791.293	55.0973	3.13354
NM_001385164.1	7448	7220.29	144.511	0.900717
NM_001385165.1	1209	981.293	0	0
NM_001385166.1	1403	1175.29	0	0
NM_001385167.1	1484	1256.29	0	0
NM_001385169.1	3925	3697.29	0	0
NM_001385170.1	6216	5988.29	184.236	1.38456
NM_001385171.1	6329	6101.29	14.5955	0.107656
NM_001385172.1	6047	5819.29	0	0
NM_001385173.1	3922	3694.29	113.076	1.37747
NM_001385174.1	5872	5644.29	955.278	7.61663
NM_001385175.1	5895	5667.29	1001.79	7.95506
NM_001385176.1	5995	5767.29	0	0
NM_001385177.1	3660	3432.29	0	0
NM_001385178.1	5610	5382.29	0	0
NM_001385179.1	3731	3503.29	0	0
NM_001385180.1	5761	5533.29	0	0
NM_001385182.1	3663	3435.29	0	0
NM_001385183.1	3633	3405.29	0	0
NM_001385184.1	3057	2829.29	0	0
NM_001385185.1	2014	1786.29	16.3813	0.412703
NM_001385187.1	2088	1860.29	0	0
NM_001385188.1	773	545.487	2.91508	0.240497
NM_001385192.1	2063	1835.29	0	0
NM_001385193.1	1924	1696.29	0	0
NM_001385194.1	1723	1495.29	0	0
NM_001385195.1	1684	1456.29	0	0
NM_001385196.1	1748	1520.29	0	0
NM_001385197.1	4132	3904.29	336.343	3.87688
NM_001385198.1	4093	3865.29	16.5256	0.192405
NM_001385199.1	3967	3739.29	0	0
NM_001385200.1	4240	4012.29	19.5845	0.219665
NM_001385201.1	4045	3817.29	0	0
NM_001385202.1	4159	3931.29	0	0
NM_001385203.1	4324	4096.29	14.5088	0.159398
NM_001385204.1	4453	4225.29	184.009	1.95986
NM_001385205.1	4153	3925.29	19.7411	0.226329
NM_001385206.1	4117	3889.29	195.504	2.26218
NM_001385207.1	4225	3997.29	35.4726	0.399364
NM_001385208.1	3341	3113.29	0	0
NM_001385209.1	3827	3599.29	96.4045	1.20538
NM_001385210.1	3438	3210.29	39.9343	0.559814
NM_001385211.1	2798	2570.29	52.4135	0.917705
NM_001385212.1	2911	2683.29	78.102	1.30989
NM_001385215.1	1725	1497.29	0	0
NM_001385217.1	1952	1724.29	0	0
NM_001385218.1	785	557.487	0	0
NM_001385219.1	948	720.293	0	0
NM_001385220.1	881	653.427	0	0
NM_001385221.1	1988	1760.29	41.9729	1.07306
NM_001385222.1	2044	1816.29	0	0
NM_001385223.1	1960	1732.29	0	0
NM_001385224.1	2056	1828.29	26.8338	0.66051
NM_001385225.1	1606	1378.29	0	0
NM_001385226.1	7042	6814.29	37.2973	0.246319
NM_001385227.1	6889	6661.29	98.3283	0.664297
NM_001385228.1	6682	6454.29	43.9682	0.306572
NM_001385230.1	5231	5003.29	0	0
NM_001385231.1	5063	4835.29	16.4936	0.153509
NM_001385232.1	4991	4763.29	0	0
NM_001385233.1	4988	4760.29	0	0
NM_001385234.1	4982	4754.29	15.0985	0.142919
NM_001385235.1	4940	4712.29	0	0
NM_001385236.1	4990	4762.29	177.7	1.67924
NM_001385237.1	4855	4627.29	0.685936	0.00667112
NM_001385238.1	4827	4599.29	25.0116	0.244733
NM_001385240.1	3449	3221.29	0	0
NM_001385241.1	3763	3535.29	77.4125	0.985435
NM_001385242.1	3545	3317.29	0	0
NM_001385243.1	1764	1536.29	0	0
NM_001385244.1	2078	1850.29	0	0
NM_001385245.1	2054	1826.29	0	0
NM_001385248.1	1854	1626.29	0	0
NM_001385249.1	1760	1532.29	0	0
NM_001385251.1	2244	2016.29	31.7612	0.7089
NM_001385253.1	3415	3187.29	94.6975	1.33708
NM_001385254.1	4732	4504.29	68.9325	0.688715
NM_001385255.1	5055	4827.29	43.9355	0.409595
NM_001385256.1	4922	4694.29	0	0
NM_001385257.1	5116	4888.29	62.5715	0.576052
NM_001385258.1	5257	5029.29	0	0
NM_001385259.1	4435	4207.29	8.31383e-05	8.89285e-07
NM_001385260.1	4425	4197.29	0	0
NM_001385261.1	2151	1923.29	74.2366	1.73706
NM_001385262.2	4607	4379.29	32.0018	0.328861
NM_001385263.2	4441	4213.29	0	0
NM_001385265.1	4617	4389.29	33.763	0.346169
NM_001385266.1	4664	4436.29	0	0
NM_001385267.2	4719	4491.29	246.936	2.47431
NM_001385268.2	4582	4354.29	0	0
NM_001385271.1	960	732.293	0	0
NM_001385272.1	869	641.427	0	0
NM_001385273.1	774	546.487	11.675	0.961432
NM_001385274.1	729	501.753	0	0
NM_001385275.1	9195	8967.29	2.68233	0.0134615
NM_001385276.1	9211	8983.29	0.232851	0.0011665
NM_001385277.1	9286	9058.29	2.61019e-06	1.29679e-08
NM_001385278.1	9314	9086.29	3.79333e-08	1.87878e-10
NM_001385279.1	9350	9122.29	0	0
NM_001385280.1	9366	9138.29	0	0
NM_001385281.1	9410	9182.29	0	0
NM_001385282.1	9279	9051.29	7.53308e-06	3.74545e-08
NM_001385283.1	9434	9206.29	0	0
NM_001385284.1	5150	4922.29	0.9143	0.00835918
NM_001385285.1	5144	4916.29	4.86757	0.0445571
NM_001385286.1	5132	4904.29	0	0
NM_001385287.1	9407	9179.29	0	0
NM_001385288.1	5138	4910.29	0	0
NM_001385289.1	9355	9127.29	0	0
NM_001385290.1	5147	4919.29	2.10906	0.0192943
NM_001385291.1	9436	9208.29	0	0
NM_001385292.1	5135	4907.29	0	0
NM_001385293.1	9472	9244.29	0	0
NM_001385294.1	9480	9252.29	0	0
NM_001385295.1	9488	9260.29	0	0
NM_001385296.1	9516	9288.29	0	0
NM_001385297.1	9596	9368.29	0	0
NM_001385298.1	9673	9445.29	0	0
NM_001385299.1	9709	9481.29	0	0
NM_001385300.1	9401	9173.29	0	0
NM_001385301.1	9556	9328.29	0	0
NM_001385302.1	3403	3175.29	0	0
NM_001385303.1	3310	3082.29	0.0973255	0.001421
NM_001385304.1	3283	3055.29	868.779	12.7967
NM_001385305.1	3353	3125.29	143.659	2.06863
NM_001385306.1	3446	3218.29	19.4179	0.271531
NM_001385307.1	3274	3046.29	0	0
NM_001385308.1	3231	3003.29	0.00373917	5.60298e-05
NM_001385310.1	3274	3046.29	0	0
NM_001385311.1	3204	2976.29	47.0251	0.711044
NM_001385312.1	3323	3095.29	14.329	0.208332
NM_001385313.1	2980	2752.29	15.6437	0.255792
NM_001385314.1	3050	2822.29	1.93174	0.0308026
NM_001385315.1	3023	2795.29	37.0249	0.596086
NM_001385316.1	2932	2704.29	0	0
NM_001385317.1	2984	2756.29	10.2063	0.166642
NM_001385318.1	2860	2632.29	44.7258	0.764656
NM_001385319.1	2930	2702.29	5.08074	0.084613
NM_001385320.1	3023	2795.29	0.465367	0.00749222
NM_001385321.1	2903	2675.29	106.576	1.79279
NM_001385322.1	4777	4549.29	9.70846	0.0960393
NM_001385323.1	4624	4396.29	0	0
NM_001385324.1	4555	4327.29	196.575	2.04435
NM_001385325.1	4528	4300.29	0	0
NM_001385326.1	4507	4279.29	0	0
NM_001385327.1	4483	4255.29	154.011	1.62879
NM_001385328.1	4471	4243.29	0	0
NM_001385329.1	4396	4168.29	0	0
NM_001385330.1	4345	4117.29	0	0
NM_001385331.1	4557	4329.29	7.39512	0.0768724
NM_001385332.1	4499	4271.29	0	0
NM_001385333.1	4680	4452.29	4.00018	0.0404332
NM_001385334.1	8848	8620.29	0	0
NM_001385335.1	4272	4044.29	7.98552e-05	8.88593e-07
NM_001385336.1	8906	8678.29	0	0
NM_001385337.1	3681	3453.29	0	0
NM_001385338.1	8886	8658.29	0	0
NM_001385339.1	8913	8685.29	0	0
NM_001385340.1	8129	7901.29	0	0
NM_001385341.1	8783	8555.29	0	0
NM_001385342.1	8719	8491.29	0	0
NM_001385343.1	8810	8582.29	0	0
NM_001385344.1	8947	8719.29	0	0
NM_001385347.1	8943	8715.29	0	0
NM_001385348.1	9107	8879.29	0	0
NM_001385350.1	8351	8123.29	0	0
NM_001385351.1	8533	8305.29	0	0
NM_001385353.1	3186	2958.29	58.5783	0.891123
NM_001385354.1	3064	2836.29	55.0015	0.872701
NM_001385355.1	3183	2955.29	1.53687	0.0234034
NM_001385356.1	3081	2853.29	0.595659	0.00939493
NM_001385357.1	8179	7951.29	0	0
NM_001385361.1	2962	2734.29	20.6619	0.340069
NM_001385362.1	8339	8111.29	0	0
NM_001385363.1	4822	4594.29	0	0
NM_001385364.2	4794	4566.29	0	0
NM_001385365.1	4767	4539.29	0	0
NM_001385366.1	8044	7816.29	0.326129	0.00187772
NM_001385367.1	4627	4399.29	0	0
NM_001385368.1	4632	4404.29	0	0
NM_001385369.1	7987	7759.29	38.6819	0.224351
NM_001385370.1	7873	7645.29	6.22603	0.0366488
NM_001385371.1	7843	7615.29	0	0
NM_001385372.1	4539	4311.29	0	0
NM_001385373.1	4794	4566.29	11.9396	0.117671
NM_001385374.1	4764	4536.29	214.513	2.12811
NM_001385375.1	4865	4637.29	70.0976	0.680269
NM_001385376.1	4656	4428.29	0.543561	0.005524
NM_001385377.1	4626	4398.29	18.815	0.192514
NM_001385378.1	4984	4756.29	96.2058	0.91028
NM_001385379.1	8545	8317.29	0	0
NM_001385380.1	8441	8213.29	19.636	0.107591
NM_001385381.1	8378	8150.29	0	0
NM_001385382.1	8407	8179.29	0	0
NM_001385383.1	8383	8155.29	455.007	2.51085
NM_001385384.1	4555	4327.29	28.2817	0.294125
NM_001385385.1	3716	3488.29	0	0
NM_001385386.1	3665	3437.29	0	0
NM_001385387.1	3650	3422.29	0	0
NM_001385388.1	3572	3344.29	0	0
NM_001385389.1	3733	3505.29	0	0
NM_001385390.1	3545	3317.29	0	0
NM_001385391.1	3479	3251.29	0	0
NM_001385392.1	3401	3173.29	0	0
NM_001385393.1	3646	3418.29	0	0
NM_001385394.1	3565	3337.29	0	0
NM_001385395.1	3648	3420.29	0	0
NM_001385396.1	3466	3238.29	6.90199	0.0959181
NM_001385397.1	3460	3232.29	0	0
NM_001385398.1	3394	3166.29	0	0
NM_001385399.1	3738	3510.29	0	0
NM_001385400.1	1780	1552.29	124.429	3.60735
NM_001385401.1	1653	1425.29	82.0869	2.59186
NM_001385402.1	1363	1135.29	101.73	4.03258
NM_001385403.1	4724	4496.29	3.20875e-05	3.21162e-07
NM_001385404.1	4743	4515.29	0.00316691	3.1564e-05
NM_001385405.1	4384	4156.29	151.001	1.635
NM_001385406.1	5086	4858.29	13.4586	0.124669
NM_001385407.1	4644	4416.29	58.8439	0.599633
NM_001385408.1	4862	4634.29	0.116251	0.0011289
NM_001385409.1	4834	4606.29	57.3043	0.559858
NM_001385410.1	4502	4274.29	95.1469	1.00178
NM_001385411.1	4768	4540.29	86.4367	0.856755
NM_001385412.1	4994	4766.29	0	0
NM_001385413.1	4483	4255.29	0.808441	0.0085499
NM_001385414.1	4816	4588.29	167.221	1.64015
NM_001385415.1	5014	4786.29	0	0
NM_001385416.1	4326	4098.29	18.5603	0.203809
NM_001385417.1	4229	4001.29	35.2103	0.396015
NM_001385418.1	4621	4393.29	19.7765	0.202582
NM_001385419.1	5045	4817.29	0	0
NM_001385420.1	4926	4698.29	8.3716	0.0801883
NM_001385421.1	5019	4791.29	168.505	1.58271
NM_001385422.1	5042	4814.29	0	0
NM_001385423.1	4933	4705.29	1.36434	0.013049
NM_001385424.1	4673	4445.29	59.6052	0.603429
NM_001385425.1	5118	4890.29	0	0
NM_001385426.1	5093	4865.29	0	0
NM_001385427.1	4625	4397.29	0.57922	0.00592789
NM_001385428.1	5052	4824.29	208.745	1.94726
NM_001385429.1	5033	4805.29	73.7222	0.690432
NM_001385430.1	4799	4571.29	78.3347	0.771183
NM_001385431.1	4780	4552.29	85.008	0.840373
NM_001385432.1	4526	4298.29	0.0198743	0.000208084
NM_001385433.1	4872	4644.29	13.6975	0.132729
NM_001385434.1	4995	4767.29	13.6708	0.129052
NM_001385435.1	4898	4670.29	0	0
NM_001385436.1	4953	4725.29	79.4821	0.756978
NM_001385437.1	4966	4738.29	0	0
NM_001385438.1	4288	4060.29	38.64	0.428274
NM_001385439.1	4625	4397.29	191.239	1.95719
NM_001385440.1	4602	4374.29	78.8829	0.811554
NM_001385441.1	4744	4516.29	49.6819	0.495061
NM_001385442.1	4751	4523.29	0.00194912	1.93921e-05
NM_001385443.1	4480	4252.29	6.82488	0.0722294
NM_001385444.1	4688	4460.29	1.51493	0.0152852
NM_001385445.1	4581	4353.29	0.0680832	0.000703824
NM_001385446.1	4219	3991.29	0	0
NM_001385447.1	4159	3931.29	0	0
NM_001385448.1	4313	4085.29	0	0
NM_001385449.1	5416	5188.29	0	0
NM_001385450.1	8206	7978.29	0	0
NM_001385451.2	3690	3462.29	0	0
NM_001385452.1	8457	8229.29	0	0
NM_001385453.2	3681	3453.29	0	0
NM_001385454.1	7729	7501.29	0	0
NM_001385455.1	8410	8182.29	0	0
NM_001385457.1	8042	7814.29	0	0
NM_001385458.1	7838	7610.29	0	0
NM_001385459.1	3634	3406.29	29.6808	0.392135
NM_001385460.1	3699	3471.29	0	0
NM_001385461.1	8221	7993.29	0	0
NM_001385462.1	1677	1449.29	0	0
NM_001385463.1	1665	1437.29	0	0
NM_001385464.1	1643	1415.29	0	0
NM_001385465.1	1983	1755.29	0	0
NM_001385466.1	1582	1354.29	0	0
NM_001385467.1	1394	1166.29	0	0
NM_001385468.3	5324	5096.29	4.15881	0.0367246
NM_001385469.3	5423	5195.29	7.05738	0.061133
NM_001385470.3	5354	5126.29	18.2939	0.1606
NM_001385471.1	5525	5297.29	0	0
NM_001385472.1	5723	5495.29	35.6238	0.291737
NM_001385473.1	5753	5525.29	137.011	1.11594
NM_001385474.1	5601	5373.29	0	0
NM_001385475.1	5502	5274.29	0	0
NM_001385476.1	5624	5396.29	40.3965	0.336892
NM_001385477.1	5282	5054.29	9.83361	0.0875578
NM_001385478.1	5620	5392.29	0.0112633	9.40013e-05
NM_001385479.1	5508	5280.29	0.592019	0.00504568
NM_001385480.1	5369	5141.29	0	0
NM_001385481.1	1483	1255.29	94.6473	3.39317
NM_001385482.1	1306	1078.29	427.77	17.8532
NM_001385483.1	2144	1916.29	51.5865	1.21148
NM_001385484.1	3353	3125.29	0	0
NM_001385485.1	3258	3030.29	0	0
NM_001385486.1	3251	3023.29	0	0
NM_001385487.1	3260	3032.29	0	0
NM_001385488.1	3301	3073.29	0	0
NM_001385489.1	3404	3176.29	0	0
NM_001385490.1	3463	3235.29	0	0
NM_001385491.1	3852	3624.29	0	0
NM_001385492.1	3996	3768.29	0	0
NM_001385495.1	4155	3927.29	0	0
NM_001385496.1	3978	3750.29	0	0
NM_001385497.1	4088	3860.29	0	0
NM_001385498.1	4858	4630.29	0	0
NM_001385499.1	4816	4588.29	0	0
NM_001385500.1	4813	4585.29	0	0
NM_001385501.1	3792	3564.29	0	0
NM_001385502.1	3797	3569.29	0	0
NM_001385503.1	3727	3499.29	0	0
NM_001385504.1	3729	3501.29	0	0
NM_001385505.1	3737	3509.29	0	0
NM_001385506.1	3667	3439.29	0	0
NM_001385507.1	3625	3397.29	2.16603e-06	2.86929e-08
NM_001385508.1	3622	3394.29	5.19462e-07	6.88727e-09
NM_001385509.1	3692	3464.29	1.91553e-06	2.48837e-08
NM_001385510.1	3632	3404.29	8.05905e-07	1.06537e-08
NM_001385511.1	3478	3250.29	32.5522	0.450712
NM_001385512.1	3540	3312.29	0.00371219	5.04363e-05
NM_001385513.1	3548	3320.29	86.4687	1.17199
NM_001385514.1	3475	3247.29	1.32991e-06	1.84307e-08
NM_001385515.1	3537	3309.29	0	0
NM_001385516.1	4965	4737.29	0	0
NM_001385517.1	3717	3489.29	0	0
NM_001385518.1	4997	4769.29	0.00473133	4.46449e-05
NM_001385519.1	3774	3546.29	0	0
NM_001385520.1	3844	3616.29	0	0
NM_001385521.1	3771	3543.29	0	0
NM_001385522.1	3841	3613.29	0	0
NM_001385523.1	3773	3545.29	0	0
NM_001385524.1	3781	3553.29	0	0
NM_001385525.1	3711	3483.29	0	0
NM_001385526.1	3606	3378.29	3.09175e-05	4.1186e-07
NM_001385527.1	3522	3294.29	37.7073	0.515117
NM_001385528.1	4838	4610.29	0	0
NM_001385529.1	3717	3489.29	1.34124e-05	1.72986e-07
NM_001385531.1	3428	3200.29	0.0154068	0.000216653
NM_001385532.1	3644	3416.29	0.0203191	0.000267665
NM_001385533.1	3714	3486.29	0.0601504	0.000776456
NM_001385534.1	3706	3478.29	3.89564e-06	5.04028e-08
NM_001385535.1	3459	3231.29	44.0717	0.613799
NM_001385536.1	4053	3825.29	0	0
NM_001385537.1	3438	3210.29	21.9507	0.307713
NM_001385538.1	4667	4439.29	0	0
NM_001385539.1	3542	3314.29	207.278	2.81453
NM_001385540.1	3609	3381.29	132.073	1.75781
NM_001385541.1	4730	4502.29	6.30774e-05	6.30496e-07
NM_001385542.1	3549	3321.29	77.5362	1.05061
NM_001385543.1	4565	4337.29	0	0
NM_001385544.1	3441	3213.29	0	0
NM_001385545.1	3392	3164.29	296.874	4.22219
NM_001385546.1	3227	2999.29	0.167417	0.00251201
NM_001385547.1	3537	3309.29	1.54735	0.0210424
NM_001385548.1	3545	3317.29	138.69	1.88149
NM_001385549.1	3761	3533.29	0.00526423	6.70498e-05
NM_001385550.1	3534	3306.29	97.1349	1.32214
NM_001385551.1	3750	3522.29	1.87814e-05	2.39963e-07
NM_001385552.1	3758	3530.29	0.25485	0.00324875
NM_001385553.1	3698	3470.29	0.0749985	0.000972588
NM_001385554.1	3800	3572.29	0	0
NM_001385556.1	3987	3759.29	0	0
NM_001385557.1	3645	3417.29	102.833	1.35424
NM_001385558.1	4098	3870.29	0	0
NM_001385559.1	3654	3426.29	0.000662934	8.70739e-06
NM_001385562.1	4158	3930.29	0	0
NM_001385563.1	3999	3771.29	0	0
NM_001385564.1	4148	3920.29	0	0
NM_001385565.1	3293	3065.29	0	0
NM_001385566.1	3192	2964.29	0	0
NM_001385567.1	3300	3072.29	0	0
NM_001385568.1	6389	6161.29	0	0
NM_001385569.1	6475	6247.29	0	0
NM_001385570.1	6251	6023.29	0	0
NM_001385571.1	6291	6063.29	0	0
NM_001385572.1	6143	5915.29	0	0
NM_001385573.1	3201	2973.29	0	0
NM_001385574.1	3198	2970.29	0	0
NM_001385576.1	3191	2963.29	0	0
NM_001385577.1	3292	3064.29	0	0
NM_001385578.1	3200	2972.29	0	0
NM_001385579.1	1307	1079.29	0	0
NM_001385580.1	3016	2788.29	0	0
NM_001385581.1	3179	2951.29	0	0
NM_001385582.1	3194	2966.29	0	0
NM_001385584.1	3182	2954.29	0	0
NM_001385585.1	3434	3206.29	0	0
NM_001385587.1	3239	3011.29	0	0
NM_001385588.2	3427	3199.29	0	0
NM_001385589.1	3302	3074.29	0	0
NM_001385590.1	3394	3166.29	0	0
NM_001385591.1	3350	3122.29	0	0
NM_001385592.1	3353	3125.29	0	0
NM_001385593.1	3445	3217.29	0	0
NM_001385594.1	3362	3134.29	0	0
NM_001385595.1	3365	3137.29	0	0
NM_001385596.1	5710	5482.29	102.658	0.842704
NM_001385597.1	1481	1253.29	0	0
NM_001385598.1	1718	1490.29	0	0
NM_001385599.1	1826	1598.29	0	0
NM_001385600.1	1356	1128.29	0	0
NM_001385601.1	4808	4580.29	0	0
NM_001385602.1	4805	4577.29	0	0
NM_001385603.1	2316	2088.29	0	0
NM_001385604.1	1918	1690.29	27.7814	0.739663
NM_001385605.1	4884	4656.29	0	0
NM_001385606.1	4568	4340.29	19.6048	0.203276
NM_001385607.1	2284	2056.29	44.1599	0.966464
NM_001385608.1	3666	3438.29	0	0
NM_001385609.1	2285	2057.29	0	0
NM_001385610.1	2470	2242.29	0	0
NM_001385611.1	3546	3318.29	0	0
NM_001385612.1	3731	3503.29	26.959	0.346314
NM_001385613.1	3605	3377.29	0	0
NM_001385614.1	3759	3531.29	0	0
NM_001385615.1	3790	3562.29	9.73931	0.123038
NM_001385616.1	2319	2091.29	0	0
NM_001385617.1	2157	1929.29	5.00768	0.11681
NM_001385618.1	933	705.293	0	0
NM_001385619.1	5999	5771.29	30.6012	0.238621
NM_001385620.1	6194	5966.29	0	0
NM_001385621.1	4910	4682.29	0	0
NM_001385622.1	2983	2755.29	829.584	13.5499
NM_001385623.1	5788	5560.29	0	0
NM_001385624.1	2802	2574.29	0	0
NM_001385638.1	1788	1560.29	2	0.0576854
NM_001385639.1	1684	1456.29	0	0
NM_001385640.1	3468	3240.29	1340.48	18.6173
NM_001385641.1	3465	3237.29	818.795	11.3824
NM_001385642.1	3564	3336.29	0	0
NM_001385643.1	4681	4453.29	1.86774e-05	1.88746e-07
NM_001385644.1	4197	3969.29	0	0
NM_001385645.1	4815	4587.29	0	0
NM_001385646.1	3691	3463.29	28.4649	0.369881
NM_001385647.1	1438	1210.29	1.01296	0.0376656
NM_001385648.2	1543	1315.29	102.873	3.51983
NM_001385649.1	4063	3835.29	0	0
NM_001385650.1	1418	1190.29	9.22609	0.348824
NM_001385651.1	2253	2025.29	1447.55	32.1653
NM_001385652.1	3787	3559.29	22.5843	0.285552
NM_001385653.1	859	631.427	0	0
NM_001385654.1	1545	1317.29	0	0
NM_001385655.1	1553	1325.29	0	0
NM_001385656.1	1741	1513.29	0	0
NM_001385657.1	1527	1299.29	0	0
NM_001385658.1	1535	1307.29	0	0
NM_001385659.1	1322	1094.29	0	0
NM_001385660.1	1394	1166.29	0	0
NM_001385662.1	2778	2550.29	0	0
NM_001385663.1	11855	11627.3	203.419	0.787328
NM_001385664.1	9099	8871.29	1.86071e-06	9.43918e-09
NM_001385665.1	5797	5569.29	11.4909	0.0928533
NM_001385666.1	637	411.055	0	0
NM_001385667.1	2095	1867.29	0	0
NM_001385668.1	437	223.004	0	0
NM_001385669.1	384	178.976	0	0
NM_001385670.1	483	264.32	0	0
NM_001385671.1	481	262.672	0	0
NM_001385672.1	2023	1795.29	0	0
NM_001385673.1	342	146.678	0	0
NM_001385675.1	5719	5491.29	0	0
NM_001385676.1	5389	5161.29	0	0
NM_001385677.1	5683	5455.29	0.0479635	0.000395672
NM_001385678.1	2541	2313.29	0	0
NM_001385679.1	2499	2271.29	18.2309	0.361224
NM_001385680.1	2107	1879.29	0	0
NM_001385681.1	5734	5506.29	0.14998	0.00122579
NM_001385682.1	9232	9004.29	0	0
NM_001385683.1	5458	5230.29	0	0
NM_001385684.1	5638	5410.29	0.0457026	0.000380157
NM_001385685.1	5581	5353.29	0	0
NM_001385686.1	5848	5620.29	40.7944	0.326651
NM_001385687.1	9232	9004.29	23.7543	0.118723
NM_001385688.1	9001	8773.29	0	0
NM_001385689.1	9118	8890.29	0.735078	0.003721
NM_001385690.1	2875	2647.29	2.71693	0.0461869
NM_001385691.1	2845	2617.29	4.09893	0.0704791
NM_001385692.1	2832	2604.29	0	0
NM_001385693.1	3722	3494.29	0	0
NM_001385694.1	3927	3699.29	0	0
NM_001385695.1	4018	3790.29	0	0
NM_001385696.1	3966	3738.29	0	0
NM_001385697.1	4009	3781.29	0	0
NM_001385698.1	3858	3630.29	0	0
NM_001385699.1	3855	3627.29	0	0
NM_001385700.1	3855	3627.29	0	0
NM_001385701.1	3816	3588.29	0	0
NM_001385702.1	3631	3403.29	0	0
NM_001385703.1	3628	3400.29	0	0
NM_001385704.1	3725	3497.29	0	0
NM_001385705.1	3773	3545.29	0	0
NM_001385706.1	788	560.487	0	0
NM_001385707.1	3861	3633.29	0	0
NM_001385709.2	1207	979.293	0	0
NM_001385710.1	1732	1504.29	227.182	6.79646
NM_001385712.1	7373	7145.29	0	0
NM_001385713.1	4486	4258.29	6.27282	0.0662933
NM_001385714.1	3571	3343.29	1.77488	0.0238911
NM_001385715.1	2622	2394.29	0.216809	0.00407513
NM_001385716.1	2417	2189.29	0	0
NM_001385717.1	2389	2161.29	8.50028	0.176995
NM_001385719.1	2455	2227.29	17.325	0.350056
NM_001385720.1	2465	2237.29	10.7936	0.217113
NM_001385721.1	2529	2301.29	0	0
NM_001385722.1	2377	2149.29	0	0
NM_001385723.1	2266	2038.29	0	0
NM_001385724.1	2394	2166.29	0	0
NM_001385725.1	560	336.006	0	0
NM_001385726.1	558	334.107	0	0
NM_001385727.1	438	223.888	0	0
NM_001385728.1	2383	2155.29	8.39463	0.175282
NM_001385729.1	2390	2162.29	0	0
NM_001385730.1	2663	2435.29	0	0
NM_001385731.1	1069	841.293	0	0
NM_001385732.1	1651	1423.29	0	0
NM_001385733.2	1913	1685.29	2.60793	0.0696407
NM_001385734.1	944	716.293	3.7068	0.23289
NM_001385735.2	1640	1412.29	0.786653	0.0250669
NM_001385736.1	5076	4848.29	49	0.45483
NM_001385737.1	1727	1499.29	0	0
NM_001385738.1	1975	1747.29	0	0
NM_001385739.1	4002	3774.29	312.321	3.72398
NM_001385740.1	3058	2830.29	115.497	1.83646
NM_001385741.1	3083	2855.29	152.002	2.39575
NM_001385742.1	3010	2782.29	123.067	1.99059
NM_001385743.1	3334	3106.29	24.7976	0.35926
NM_001385744.1	3668	3440.29	1.6181	0.0211667
NM_001385745.1	3407	3179.29	31.2053	0.441712
NM_001385746.1	3403	3175.29	14.6978	0.20831
NM_001385747.1	4278	4050.29	91.9892	1.0221
NM_001385748.1	3359	3131.29	15.1953	0.218388
NM_001385749.1	4230	4002.29	2.96238	0.03331
NM_001385750.1	3575	3347.29	5.13697	0.0690646
NM_001385751.1	3418	3190.29	9.97738	0.140743
NM_001385752.1	3314	3086.29	104.91	1.52975
NM_001385753.1	3432	3204.29	0	0
NM_001385754.1	3959	3731.29	0	0
NM_001385755.1	4181	3953.29	14.7588	0.168009
NM_001385756.1	3237	3009.29	0	0
NM_001385757.1	3709	3481.29	0	0
NM_001385758.1	3266	3038.29	111.009	1.64425
NM_001385759.1	3193	2965.29	90.3199	1.37075
NM_001385760.1	3452	3224.29	0	0
NM_001385761.1	3527	3299.29	5.06612	0.069103
NM_001385762.1	3238	3010.29	0	0
NM_001385763.1	3619	3391.29	0	0
NM_001385764.1	3224	2996.29	28.4336	0.427061
NM_001385765.1	4095	3867.29	90.4226	1.05223
NM_001385766.1	3151	2923.29	22.2146	0.341986
NM_001385767.1	4091	3863.29	10.8246	0.126094
NM_001385768.1	4047	3819.29	2.4681	0.0290819
NM_001385769.1	3176	2948.29	13.2124	0.201676
NM_001385770.1	3821	3593.29	0	0
NM_001385771.1	3155	2927.29	0	0
NM_001385772.1	3076	2848.29	51.0166	0.806063
NM_001385773.1	3526	3298.29	0	0
NM_001385774.1	3998	3770.29	17.0222	0.203181
NM_001385775.1	2998	2770.29	0	0
NM_001385776.1	3392	3164.29	5.66876	0.080622
NM_001385777.1	3127	2899.29	24.0108	0.372698
NM_001385778.1	3776	3548.29	0	0
NM_001385779.1	3772	3544.29	0	0
NM_001385780.1	3155	2927.29	0	0
NM_001385781.1	3235	3007.29	11.5873	0.173399
NM_001385782.1	3285	3057.29	8.63477	0.127103
NM_001385783.1	3502	3274.29	7.58516	0.104253
NM_001385784.1	3197	2969.29	0	0
NM_001385785.1	3054	2826.29	0	0
NM_001385786.1	3522	3294.29	0	0
NM_001385787.1	3478	3250.29	14.6319	0.202591
NM_001385788.1	3954	3726.29	15.0017	0.181179
NM_001385789.1	3187	2959.29	11.6346	0.176932
NM_001385790.1	3079	2851.29	1.86124	0.0293766
NM_001385791.1	3006	2778.29	0	0
NM_001385792.1	3023	2795.29	0	0
NM_001385793.1	3237	3009.29	0	0
NM_001385794.1	3454	3226.29	0.206245	0.00287688
NM_001385795.1	3344	3116.29	5.59169	0.0807508
NM_001385796.1	3132	2904.29	0	0
NM_001385797.1	2914	2686.29	0	0
NM_001385798.1	2966	2738.29	5.51457	0.0906304
NM_001385799.1	3009	2781.29	14.1172	0.228425
NM_001385800.1	3070	2842.29	0.391371	0.00619673
NM_001385801.1	2851	2623.29	36.925	0.633456
NM_001385803.1	5169	4941.29	0	0
NM_001385804.1	2317	2089.29	0	0
NM_001385805.1	2337	2109.29	0	0
NM_001385806.1	2314	2086.29	0	0
NM_001385807.1	3408	3180.29	0	0
NM_001385808.1	3332	3104.29	0	0
NM_001385809.1	3232	3004.29	0	0
NM_001385810.1	2990	2762.29	0	0
NM_001385811.1	3834	3606.29	0	0
NM_001385812.1	3794	3566.29	0	0
NM_001385813.1	3352	3124.29	0	0
NM_001385814.1	3123	2895.29	0	0
NM_001385815.1	3295	3067.29	0	0
NM_001385816.1	3432	3204.29	0	0
NM_001385817.1	3160	2932.29	0	0
NM_001385818.1	3234	3006.29	0	0
NM_001385819.1	3236	3008.29	0	0
NM_001385820.1	3298	3070.29	0	0
NM_001385821.1	3399	3171.29	0	0
NM_001385822.1	3160	2932.29	0	0
NM_001385823.1	3233	3005.29	0	0
NM_001385824.1	3070	2842.29	0	0
NM_001385825.1	2176	1948.29	0	0
NM_001385826.1	2345	2117.29	0	0
NM_001385827.1	3043	2815.29	0	0
NM_001385828.1	3022	2794.29	0	0
NM_001385829.1	3191	2963.29	0	0
NM_001385830.1	3095	2867.29	0	0
NM_001385831.1	2892	2664.29	0	0
NM_001385832.1	3287	3059.29	0	0
NM_001385833.1	2863	2635.29	0	0
NM_001385834.1	3681	3453.29	0	0
NM_001385835.1	2849	2621.29	0	0
NM_001385836.1	2910	2682.29	0	0
NM_001385837.1	3693	3465.29	0	0
NM_001385838.1	2883	2655.29	0	0
NM_001385839.1	3211	2983.29	0	0
NM_001385840.1	2887	2659.29	0	0
NM_001385841.1	3019	2791.29	0	0
NM_001385842.1	2961	2733.29	0	0
NM_001385843.1	3092	2864.29	0	0
NM_001385844.1	3148	2920.29	0	0
NM_001385845.1	3116	2888.29	7	0.109068
NM_001385846.1	3019	2791.29	0	0
NM_001385847.1	2948	2720.29	0	0
NM_001385848.1	3151	2923.29	10.2724	0.15814
NM_001385849.1	3124	2896.29	28.0745	0.436227
NM_001385850.1	3097	2869.29	0	0
NM_001385851.1	3091	2863.29	0	0
NM_001385852.1	3082	2854.29	0	0
NM_001385853.1	3040	2812.29	0	0
NM_001385854.1	2983	2755.29	0	0
NM_001385855.1	4300	4072.29	0	0
NM_001385856.1	7920	7692.29	2.0613e-08	1.20595e-10
NM_001385857.1	7995	7767.29	39.0712	0.226375
NM_001385858.1	7257	7029.29	0	0
NM_001385859.1	7347	7119.29	0	0
NM_001385860.1	7927	7699.29	165.271	0.966026
NM_001385861.1	7834	7606.29	17.2841	0.102262
NM_001385863.1	7897	7669.29	0	0
NM_001385864.1	7840	7612.29	30.0397	0.177592
NM_001385865.1	7837	7609.29	0	0
NM_001385866.1	5111	4883.29	4.73767e-07	4.36611e-09
NM_001385867.1	5219	4991.29	0	0
NM_001385868.1	5285	5057.29	0	0
NM_001385869.1	4658	4430.29	0	0
NM_001385870.1	5129	4901.29	0	0
NM_001385871.1	3045	2817.29	0.0257436	0.000411224
NM_001385872.1	5177	4949.29	1.16011e-06	1.05487e-08
NM_001385873.1	5093	4865.29	5.29594e-08	4.89865e-10
NM_001385874.1	5213	4985.29	0	0
NM_001385875.1	3026	2798.29	0.0277224	0.000445842
NM_001385876.1	3063	2835.29	32.6834	0.518765
NM_001385877.1	3023	2795.29	0.120645	0.00194234
NM_001385878.1	3020	2792.29	2.52754	0.0407361
NM_001385879.1	3024	2796.29	6.75569	0.108725
NM_001385880.1	3005	2777.29	71.7854	1.16321
NM_001385881.1	3005	2777.29	0	0
NM_001385882.1	1678	1450.29	0.00605347	0.000187841
NM_001385883.1	1659	1431.29	4.75938	0.149646
NM_001385884.1	1663	1435.29	32.4883	1.01866
NM_001385885.1	2945	2717.29	0.015115	0.000250331
NM_001385886.1	2924	2696.29	0	0
NM_001385887.1	2924	2696.29	5.05586	0.0843859
NM_001385888.1	2928	2700.29	23.7852	0.396405
NM_001385889.1	2909	2681.29	50.7383	0.851597
NM_001385890.1	3020	2792.29	0	0
NM_001385891.1	2843	2615.29	0.0156963	0.000270096
NM_001385892.1	2828	2600.29	0.0491351	0.000850378
NM_001385893.1	2995	2767.29	0	0
NM_001385894.1	2822	2594.29	6.64564	0.115282
NM_001385895.1	2999	2771.29	0	0
NM_001385896.1	2807	2579.29	12.5634	0.219204
NM_001385897.1	2984	2756.29	0	0
NM_001385898.1	2980	2752.29	0	0
NM_001385899.1	2959	2731.29	0	0
NM_001385900.1	2955	2727.29	0.118047	0.0019479
NM_001385901.1	2783	2555.29	0.146396	0.00257829
NM_001385902.1	2787	2559.29	47.6245	0.837437
NM_001385903.1	2953	2725.29	0	0
NM_001385904.1	2949	2721.29	12.6264	0.208808
NM_001385905.1	2934	2706.29	23.2973	0.387412
NM_001385906.1	2768	2540.29	0.0246246	0.000436242
NM_001385907.1	4622	4394.29	0	0
NM_001385908.1	2772	2544.29	8.47792	0.149956
NM_001385909.1	4457	4229.29	12.2185	0.130015
NM_001385910.1	4641	4413.29	0	0
NM_001385911.1	2762	2534.29	70.057	1.24405
NM_001385912.1	4480	4252.29	30.6135	0.323991
NM_001385913.1	4613	4385.29	26.7025	0.274029
NM_001385914.1	4638	4410.29	8.25852	0.0842708
NM_001385915.1	2924	2696.29	0	0
NM_001385916.1	2838	2610.29	4.42271e-07	7.62502e-09
NM_001385918.1	2672	2444.29	3.38719	0.0623632
NM_001385919.1	2538	2310.29	0	0
NM_001385921.1	5610	5382.29	47.3373	0.395803
NM_001385922.1	1632	1404.29	0	0
NM_001385923.1	4779	4551.29	0	0
NM_001385924.1	4761	4533.29	0	0
NM_001385925.1	4743	4515.29	0	0
NM_001385926.1	4691	4463.29	0	0
NM_001385927.1	4677	4449.29	0	0
NM_001385928.1	4629	4401.29	0	0
NM_001385929.1	4608	4380.29	0	0
NM_001385930.1	4590	4362.29	0	0
NM_001385931.1	4572	4344.29	0	0
NM_001385932.1	4488	4260.29	26.9621	0.284811
NM_001385933.1	4647	4419.29	0	0
NM_001385934.1	4434	4206.29	0	0
NM_001385935.1	4593	4365.29	0	0
NM_001385936.1	4416	4188.29	21.0543	0.226228
NM_001385937.1	4377	4149.29	0	0
NM_001385938.1	4284	4056.29	95.3552	1.05793
NM_001385939.1	4458	4230.29	0	0
NM_001385940.1	4455	4227.29	0	0
NM_001385941.1	4440	4212.29	0	0
NM_001385942.1	4421	4193.29	0	0
NM_001385943.1	4193	3965.29	0	0
NM_001385944.1	4404	4176.29	0	0
NM_001385945.1	4391	4163.29	0	0
NM_001385946.1	4215	3987.29	16.1495	0.182274
NM_001385947.1	4334	4106.29	0	0
NM_001385948.1	4200	3972.29	1.71427	0.0194214
NM_001385949.1	4197	3969.29	0	0
NM_001385950.1	4337	4109.29	1.57698	0.0172704
NM_001385951.1	4249	4021.29	8.41078	0.0941267
NM_001385952.1	4425	4197.29	12.6428	0.135556
NM_001385953.1	4266	4038.29	0	0
NM_001385954.1	4202	3974.29	0	0
NM_001385955.1	4069	3841.29	0	0
NM_001385956.1	4412	4184.29	0	0
NM_001385957.1	4596	4368.29	7.03592	0.0724856
NM_001385958.1	4133	3905.29	5.45933	0.0629112
NM_001385959.1	4042	3814.29	0	0
NM_001385960.1	4064	3836.29	0.750653	0.00880582
NM_001385961.1	4328	4100.29	0	0
NM_001385962.1	4046	3818.29	0	0
NM_001385963.1	4043	3815.29	0	0
NM_001385964.1	3879	3651.29	0	0
NM_001385965.1	3922	3694.29	0	0
NM_001385966.1	3998	3770.29	0	0
NM_001385967.1	3977	3749.29	0	0
NM_001385968.1	4473	4245.29	0	0
NM_001385969.1	4231	4003.29	0	0
NM_001385970.1	4294	4066.29	0	0
NM_001385971.1	4148	3920.29	52.0874	0.597938
NM_001385972.1	4221	3993.29	0	0
NM_001385973.1	4397	4169.29	0	0
NM_001385975.1	4989	4761.29	5.39113	0.0509562
NM_001385976.1	5484	5256.29	82.3986	0.705477
NM_001385977.1	5321	5093.29	142.412	1.25831
NM_001385978.1	5251	5023.29	0	0
NM_001385979.1	5237	5009.29	29.4731	0.264784
NM_001385980.1	5495	5267.29	78.06	0.666935
NM_001385981.1	5214	4986.29	0	0
NM_001385982.1	4938	4710.29	650.5	6.21501
NM_001385983.1	4932	4704.29	0.000194442	1.86011e-06
NM_001385984.1	4671	4443.29	248.494	2.51683
NM_001385985.1	4527	4299.29	43.3789	0.454071
NM_001385986.1	4191	3963.29	0	0
NM_001385987.1	4053	3825.29	0.19761	0.0023248
NM_001385988.1	3942	3714.29	56.051	0.679125
NM_001385989.1	3792	3564.29	1.36742	0.0172652
NM_001385990.1	3696	3468.29	220.71	2.86384
NM_001385991.1	5333	5105.29	16.9447	0.149368
NM_001385992.1	5423	5195.29	0	0
NM_001385994.1	5579	5351.29	887.732	7.46561
NM_001385995.1	5141	4913.29	3.65341	0.0334633
NM_001385996.1	5108	4880.29	0	0
NM_001385997.1	5273	5045.29	97.676	0.871252
NM_001385998.1	5371	5143.29	0	0
NM_001385999.1	5387	5159.29	256.902	2.24089
NM_001386.6	4498	4270.29	6500.96	68.5113
NM_001386000.1	2101	1873.29	0	0
NM_001386001.1	2047	1819.29	0	0
NM_001386002.1	2044	1816.29	0	0
NM_001386003.1	2087	1859.29	0	0
NM_001386004.1	2063	1835.29	0	0
NM_001386005.1	2030	1802.29	1.05091e-07	2.6241e-09
NM_001386006.1	2009	1781.29	1	0.0252643
NM_001386007.1	1182	954.293	123.121	5.80619
NM_001386008.1	1362	1134.29	0	0
NM_001386009.1	2080	1852.29	0	0
NM_001386010.1	2364	2136.29	5.36554	0.11303
NM_001386011.1	1757	1529.29	3.33655	0.0981858
NM_001386012.1	1971	1743.29	5.8755	0.151676
NM_001386013.1	2153	1925.29	0	0
NM_001386014.1	1635	1407.29	438.161	14.0117
NM_001386015.1	1778	1550.29	0	0
NM_001386016.1	2363	2135.29	0	0
NM_001386017.1	2830	2602.29	0	0
NM_001386018.1	2170	1942.29	0	0
NM_001386019.1	2097	1869.29	0	0
NM_001386020.1	2167	1939.29	8.7654	0.203409
NM_001386021.1	1567	1339.29	0	0
NM_001386022.1	2086	1858.29	0	0
NM_001386023.1	2084	1856.29	0	0
NM_001386026.2	7897	7669.29	0	0
NM_001386027.1	2007	1779.29	118.566	2.99885
NM_001386028.1	2001	1773.29	0	0
NM_001386029.1	5980	5752.29	0	0
NM_001386030.1	7891	7663.29	0	0
NM_001386031.1	6448	6220.29	0	0
NM_001386032.1	7728	7500.29	0	0
NM_001386033.1	4413	4185.29	0	0
NM_001386034.1	7967	7739.29	0	0
NM_001386035.1	7904	7676.29	0	0
NM_001386036.1	6961	6733.29	152.709	1.02065
NM_001386037.1	7936	7708.29	1.18423	0.00691382
NM_001386038.1	8104	7876.29	0	0
NM_001386039.1	8102	7874.29	0	0
NM_001386040.1	8125	7897.29	0	0
NM_001386041.1	7785	7557.29	0	0
NM_001386042.1	7931	7703.29	150.412	0.878713
NM_001386043.1	7820	7592.29	0	0
NM_001386044.1	8343	8115.29	33.7269	0.187032
NM_001386045.1	8078	7850.29	60.2925	0.345637
NM_001386046.1	7753	7525.29	0	0
NM_001386047.1	8233	8005.29	8.81158	0.0495358
NM_001386048.1	8073	7845.29	0	0
NM_001386050.1	3702	3474.29	6.01861	0.0779601
NM_001386053.1	4221	3993.29	4.42102	0.0498234
NM_001386055.1	1612	1384.29	14.2235	0.462403
NM_001386056.1	983	755.293	41.8694	2.49473
NM_001386059.1	2867	2639.29	52.1006	0.888377
NM_001386060.1	1285	1057.29	0	0
NM_001386061.1	1589	1361.29	206.202	6.81685
NM_001386062.2	2809	2581.29	9.73986e-08	1.69808e-09
NM_001386063.2	2992	2764.29	0	0
NM_001386064.1	3088	2860.29	0.871686	0.0137149
NM_001386065.1	3282	3054.29	0	0
NM_001386066.1	2985	2757.29	0	0
NM_001386067.1	2463	2235.29	5.87778	0.118337
NM_001386068.1	3166	2938.29	0	0
NM_001386069.1	2688	2460.29	0	0
NM_001386070.1	2868	2640.29	0	0
NM_001386071.1	3989	3761.29	0	0
NM_001386072.1	2642	2414.29	0	0
NM_001386073.1	1710	1482.29	2.72096	0.0826096
NM_001386074.1	4707	4479.29	31.0301	0.311757
NM_001386075.1	4268	4040.29	0	0
NM_001386076.1	3327	3099.29	2.37721	0.0345182
NM_001386077.2	6470	6242.29	35.4098	0.255282
NM_001386078.2	6889	6661.29	0	0
NM_001386079.1	5134	4906.29	0	0
NM_001386080.1	4086	3858.29	524.042	6.11242
NM_001386081.1	4271	4043.29	70.2742	0.782173
NM_001386082.1	3928	3700.29	44.2471	0.538135
NM_001386083.2	8512	8284.29	0	0
NM_001386084.1	5266	5038.29	0	0
NM_001386085.1	3871	3643.29	104.051	1.28527
NM_001386088.1	4882	4654.29	3.25347	0.0314583
NM_001386094.1	12330	12102.3	1.0338	0.00384425
NM_001386095.1	5127	4899.29	7	0.0642994
NM_001386096.1	1741	1513.29	0.00139544	4.14983e-05
NM_001386098.1	3513	3285.29	0	0
NM_001386100.1	17987	17759.3	212.182	0.537681
NM_001386104.1	3615	3387.29	1.29751	0.0172385
NM_001386108.1	1715	1487.29	0	0
NM_001386109.1	2083	1855.29	2.00293	0.0485843
NM_001386112.1	3195	2967.29	0	0
NM_001386125.1	27019	26791.3	15.4996	0.0260358
NM_001386130.2	1886	1658.29	0	0
NM_001386132.1	1886	1658.29	0	0
NM_001386135.1	10070	9842.29	0	0
NM_001386136.1	5784	5556.29	0	0
NM_001386137.1	10470	10242.3	1.55285	0.00682298
NM_001386138.1	10358	10130.3	7.97333	0.0354209
NM_001386139.1	10234	10006.3	46.3344	0.208388
NM_001386140.1	3920	3692.29	1.9032e-06	2.3197e-08
NM_001386141.1	7156	6928.29	47.986	0.311695
NM_001386142.1	14287	14059.3	42.8104	0.137034
NM_001386143.1	8296	8068.29	0	0
NM_001386144.1	8303	8075.29	0	0
NM_001386145.1	7302	7074.29	27.8026	0.176866
NM_001386146.1	8140	7912.29	0.000910942	5.1812e-06
NM_001386147.1	8092	7864.29	22.6784	0.129776
NM_001386148.2	8393	8165.29	0	0
NM_001386149.1	8047	7819.29	0	0
NM_001386150.1	7957	7729.29	277.289	1.61449
NM_001386151.1	7891	7663.29	0	0
NM_001386152.1	7973	7745.29	0	0
NM_001386153.1	7864	7636.29	0	0
NM_001386154.1	7849	7621.29	0	0
NM_001386155.1	7091	6863.29	1.04193e-07	6.83199e-10
NM_001386156.1	7811	7583.29	0	0
NM_001386157.1	7699	7471.29	0	0
NM_001386158.1	7589	7361.29	0	0
NM_001386159.1	7159	6931.29	134.827	0.8754
NM_001386160.1	8110	7882.29	0	0
NM_001386161.1	7909	7681.29	0	0
NM_001386162.1	7721	7493.29	0	0
NM_001386163.1	7160	6932.29	6.30861e-07	4.09543e-09
NM_001386164.1	4025	3797.29	43.5262	0.515845
NM_001386166.1	10642	10414.3	10.2986	0.0445034
NM_001386167.1	4663	4435.29	118.502	1.20239
NM_001386169.1	1365	1137.29	0	0
NM_001386170.1	1546	1318.29	0	0
NM_001386171.1	2379	2151.29	0	0
NM_001386172.1	1296	1068.29	0	0
NM_001386174.1	14898	14670.3	0	0
NM_001386175.1	14874	14646.3	0	0
NM_001386176.1	4981	4753.29	0	0
NM_001386177.1	4895	4667.29	96.5871	0.931315
NM_001386179.1	4594	4366.29	7.18212	0.0740256
NM_001386182.1	4727	4499.29	2.05881	0.0205927
NM_001386185.1	5284	5056.29	0	0
NM_001386186.2	8576	8348.29	0	0
NM_001386187.2	8273	8045.29	7.01229	0.0392247
NM_001386188.2	5584	5356.29	0	0
NM_001386189.1	1845	1617.29	8.25802	0.229789
NM_001386190.1	5238	5010.29	0	0
NM_001386191.1	4780	4552.29	0	0
NM_001386193.1	4983	4755.29	0	0
NM_001386194.1	5028	4800.29	28.6354	0.268459
NM_001386196.1	1712	1484.29	0	0
NM_001386197.1	1830	1602.29	0	0
NM_001386198.1	1982	1754.29	0	0
NM_001386199.1	1965	1737.29	0	0
NM_001386200.1	1852	1624.29	0	0
NM_001386202.1	1968	1740.29	0	0
NM_001386203.1	1953	1725.29	0	0
NM_001386204.1	4897	4669.29	10.6883	0.103015
NM_001386205.1	4903	4675.29	0	0
NM_001386206.3	3901	3673.29	12.3146	0.150871
NM_001386207.1	4687	4459.29	0	0
NM_001386208.1	5252	5024.29	0	0
NM_001386209.1	5352	5124.29	0	0
NM_001386210.1	5025	4797.29	0	0
NM_001386211.1	4791	4563.29	0	0
NM_001386212.1	5113	4885.29	0	0
NM_001386213.1	5130	4902.29	106.387	0.976636
NM_001386259.1	3141	2913.29	0	0
NM_001386260.1	3006	2778.29	0	0
NM_001386289.1	4673	4445.29	0	0
NM_001386290.1	5816	5588.29	0	0
NM_001386291.1	4643	4415.29	0	0
NM_001386292.1	5786	5558.29	0	0
NM_001386298.1	8299	8071.29	582.324	3.24686
NM_001386302.1	1675	1447.29	0	0
NM_001386303.1	1633	1405.29	0	0
NM_001386304.1	1531	1303.29	0	0
NM_001386305.1	1495	1267.29	0	0
NM_001386306.1	1336	1108.29	1	0.0406058
NM_001386335.1	5112	4884.29	4.15736e-05	3.83052e-07
NM_001386336.1	5140	4912.29	0	0
NM_001386337.1	5137	4909.29	0	0
NM_001386339.1	7546	7318.29	0.00243499	1.49737e-05
NM_001386342.1	7321	7093.29	330.617	2.09759
NM_001386348.1	3978	3750.29	0	0
NM_001386375.1	1816	1588.29	0	0
NM_001386393.1	8020	7792.29	1033.01	5.96595
NM_001386420.1	1136	908.293	0	0
NM_001386421.1	8598	8370.29	173.87	0.934815
NM_001386422.1	8562	8334.29	0	0
NM_001386423.1	8511	8283.29	38.3786	0.20851
NM_001386424.1	7197	6969.29	0	0
NM_001386425.1	5739	5511.29	21.2352	0.173399
NM_001386426.1	8407	8179.29	0	0
NM_001386427.1	8370	8142.29	1.27232e-08	7.0322e-11
NM_001386428.1	7143	6915.29	40.2008	0.261617
NM_001386429.1	5629	5401.29	0	0
NM_001386430.1	8030	7802.29	0	0
NM_001386435.1	2025	1797.29	0	0
NM_001386436.1	2323	2095.29	0	0
NM_001386437.1	2274	2046.29	3	0.0659775
NM_001386447.1	2499	2271.29	0	0
NM_001386448.1	2480	2252.29	0	0
NM_001386450.1	2161	1933.29	0	0
NM_001386451.1	4022	3794.29	0	0
NM_001386452.1	3922	3694.29	72.6858	0.885443
NM_001386456.1	2935	2707.29	920.115	15.295
NM_001386457.1	3020	2792.29	738.161	11.8969
NM_001386458.1	3177	2949.29	770.896	11.7631
NM_001386459.1	2576	2348.29	21.7767	0.417332
NM_001386460.1	2771	2543.29	47.2383	0.835873
NM_001386461.1	2654	2426.29	15.2092	0.282101
NM_001386462.1	3023	2795.29	269.842	4.34435
NM_001386463.1	3149	2921.29	2404.98	37.0492
NM_001386464.1	3307	3079.29	2992.16	43.7296
NM_001386465.1	3171	2943.29	2005.84	30.6695
NM_001386466.1	3180	2952.29	4198.73	64.0031
NM_001386500.1	8748	8520.29	245.457	1.29647
NM_001386501.1	8612	8384.29	73.4299	0.394139
NM_001386512.1	1895	1667.29	4.01246	0.108303
NM_001386513.1	1683	1455.29	0	0
NM_001386514.1	1221	993.293	0	0
NM_001386583.1	1819	1591.29	0	0
NM_001386584.1	2630	2402.29	9.95918	0.186569
NM_001386585.1	2278	2050.29	0	0
NM_001386586.1	1942	1714.29	0	0
NM_001386587.1	1921	1693.29	0	0
NM_001386588.1	1931	1703.29	0	0
NM_001386589.1	1434	1206.29	0	0
NM_001386600.1	5463	5235.29	0	0
NM_001386601.1	5007	4779.29	0	0
NM_001386602.1	4880	4652.29	0	0
NM_001386603.1	5128	4900.29	0	0
NM_001386604.1	5173	4945.29	0	0
NM_001386605.1	4740	4512.29	0	0
NM_001386606.1	4907	4679.29	0	0
NM_001386607.1	4716	4488.29	21.2758	0.213327
NM_001386608.1	4686	4458.29	0	0
NM_001386609.1	4667	4439.29	1.36474e-08	1.3835e-10
NM_001386610.1	4644	4416.29	0	0
NM_001386611.1	4668	4440.29	0	0
NM_001386612.1	4605	4377.29	0	0
NM_001386613.1	4796	4568.29	0	0
NM_001386614.1	4533	4305.29	0	0
NM_001386615.1	4875	4647.29	0	0
NM_001386616.1	4965	4737.29	9.10005	0.0864482
NM_001386671.1	5195	4967.29	0	0
NM_001386672.1	4955	4727.29	0	0
NM_001386673.1	3919	3691.29	7.12492	0.0868648
NM_001386674.1	1746	1518.29	37.146	1.10103
NM_001386677.1	1558	1330.29	0	0
NM_001386678.1	1222	994.293	6.00254	0.271683
NM_001386679.1	1517	1289.29	0	0
NM_001386681.1	1623	1395.29	0	0
NM_001386682.1	1840	1612.29	5.75079	0.160519
NM_001386685.1	1631	1403.29	11.634	0.3731
NM_001386686.1	1636	1408.29	0	0
NM_001386687.1	1650	1422.29	0	0
NM_001386688.1	1655	1427.29	0	0
NM_001386689.1	1523	1295.29	5.94866	0.206677
NM_001386690.1	1556	1328.29	0	0
NM_001386691.1	1834	1606.29	6.80694	0.190708
NM_001386693.1	5824	5596.29	470.759	3.78565
NM_001386694.1	5677	5449.29	0	0
NM_001386695.1	5305	5077.29	0	0
NM_001386696.1	5302	5074.29	0	0
NM_001386697.1	5161	4933.29	0	0
NM_001386698.1	5155	4927.29	0	0
NM_001386699.1	4624	4396.29	9.69965	0.0992914
NM_001386700.1	5972	5744.29	0	0
NM_001386701.1	5847	5619.29	2050.75	16.4238
NM_001386702.1	5328	5100.29	0	0
NM_001386703.1	5322	5094.29	0	0
NM_001386704.1	5158	4930.29	0	0
NM_001386735.1	16795	16567.3	0	0
NM_001386737.1	1005	777.293	14	0.81056
NM_001386740.1	2135	1907.29	27.7812	0.655504
NM_001386753.1	3728	3500.29	0	0
NM_001386754.1	6581	6353.29	0	0
NM_001386755.1	4047	3819.29	0	0
NM_001386756.1	4048	3820.29	0	0
NM_001386757.1	6582	6354.29	0	0
NM_001386758.1	6401	6173.29	0	0
NM_001386759.1	3867	3639.29	0	0
NM_001386760.1	4044	3816.29	0	0
NM_001386761.1	3966	3738.29	0	0
NM_001386762.1	6497	6269.29	0	0
NM_001386763.1	6491	6263.29	70.5594	0.506984
NM_001386764.1	3957	3729.29	15.0284	0.181355
NM_001386765.1	3958	3730.29	0	0
NM_001386766.1	6311	6083.29	72.8105	0.538639
NM_001386767.1	3777	3549.29	14.8799	0.188669
NM_001386768.1	6488	6260.29	27.8488	0.200195
NM_001386769.1	3774	3546.29	2.75434	0.0349531
NM_001386770.1	4604	4376.29	0	0
NM_001386771.1	4513	4285.29	16.0212	0.168251
NM_001386772.1	4514	4286.29	0	0
NM_001386773.1	4510	4282.29	3.95918	0.0416075
NM_001386774.1	4330	4102.29	3.7317	0.0409376
NM_001386775.1	1527	1299.29	0	0
NM_001386776.1	1698	1470.29	46.5962	1.42623
NM_001386777.1	1518	1290.29	47.3319	1.65085
NM_001386788.1	4038	3810.29	0	0
NM_001386793.1	4240	4012.29	10.3178	0.115728
NM_001386794.1	1337	1109.29	0	0
NM_001386795.1	6572	6344.29	0	0
NM_001386800.1	437	223.004	0	0
NM_001386809.1	2324	2096.29	16.0736	0.345068
NM_001386811.1	902	674.361	0	0
NM_001386814.1	2334	2106.29	0	0
NM_001386820.1	1035	807.293	0.5	0.0278728
NM_001386823.1	3856	3628.29	8.4471	0.104773
NM_001386831.1	2247	2019.29	14.0304	0.312689
NM_001386832.1	731	503.753	0	0
NM_001386833.1	7690	7462.29	0	0
NM_001386841.1	812	584.487	0	0
NM_001386863.1	4460	4232.29	2338.72	24.8683
NM_001386865.1	1895	1667.29	0	0
NM_001386866.1	1007	779.293	0	0
NM_001386867.1	2845	2617.29	0	0
NM_001386868.1	1539	1311.29	0	0
NM_001386869.1	1353	1125.29	0	0
NM_001386870.1	8260	8032.29	0	0
NM_001386871.1	1241	1013.29	0	0
NM_001386872.1	981	753.293	0	0
NM_001386873.1	3118	2890.29	0	0
NM_001386874.1	2900	2672.29	0	0
NM_001386875.1	2852	2624.29	0	0
NM_001386876.1	1612	1384.29	17.5927	0.571935
NM_001386877.1	1525	1297.29	55.7632	1.93442
NM_001386878.1	7256	7028.29	0	0
NM_001386879.1	7114	6886.29	0	0
NM_001386880.1	7109	6881.29	0	0
NM_001386881.1	7309	7081.29	0	0
NM_001386882.2	7258	7030.29	0	0
NM_001386884.1	2333	2105.29	0	0
NM_001386885.1	3069	2841.29	0	0
NM_001386886.1	7317	7089.29	0	0
NM_001386887.1	7214	6986.29	0	0
NM_001386888.1	7806	7578.29	0	0
NM_001386889.1	12302	12074.3	0.262792	0.000979472
NM_001386890.1	6818	6590.29	0	0
NM_001386891.1	12376	12148.3	11.9935	0.0444296
NM_001386892.1	12410	12182.3	0	0
NM_001386893.1	5688	5460.29	0	0
NM_001386894.1	12336	12108.3	0	0
NM_001386895.1	5690	5462.29	45.8063	0.377392
NM_001386896.1	12442	12214.3	0	0
NM_001386897.1	12471	12243.3	18.7161	0.0687955
NM_001386898.1	12231	12003.3	0	0
NM_001386899.1	12197	11969.3	14.4972	0.0545077
NM_001386900.1	11334	11106.3	0	0
NM_001386901.1	11530	11302.3	8.24837	0.0328431
NM_001386902.1	11496	11268.3	6.50275	0.0259706
NM_001386906.1	3283	3055.29	17.9644	0.264607
NM_001386907.1	12097	11869.3	0.0100767	3.82062e-05
NM_001386908.1	6925	6697.29	0	0
NM_001386909.1	11494	11266.3	0.847922	0.00338701
NM_001386910.1	11456	11228.3	0.135757	0.000544115
NM_001386911.1	11422	11194.3	0.106581	0.000428476
NM_001386912.1	11519	11291.3	0	0
NM_001386913.1	12023	11795.3	0.000189395	7.22607e-07
NM_001386914.1	11386	11158.3	0	0
NM_001386915.1	11420	11192.3	0	0
NM_001386916.1	11291	11063.3	6.05542	0.0246321
NM_001386917.1	11351	11123.3	10.0995	0.0408612
NM_001386918.1	11183	10955.3	0	0
NM_001386919.1	7330	7102.29	0	0
NM_001386920.1	7223	6995.29	0	0
NM_001386921.1	6827	6599.29	0	0
NM_001386922.1	7046	6818.29	0	0
NM_001386923.1	1297	1069.29	0	0
NM_001386924.1	1205	977.293	0	0
NM_001386925.1	1786	1558.29	0	0
NM_001386926.1	7387	7159.29	0	0
NM_001386927.1	7122	6894.29	0	0
NM_001386928.1	3518	3290.29	1285.6	17.5839
NM_001386929.1	7142	6914.29	0	0
NM_001386930.1	5996	5768.29	0	0
NM_001386931.1	7015	6787.29	0	0
NM_001386932.1	10713	10485.3	0.00109576	4.70301e-06
NM_001386933.1	10869	10641.3	78.0556	0.330105
NM_001386934.1	7258	7030.29	0	0
NM_001386935.1	6198	5970.29	7.66835e-06	5.78028e-08
NM_001386936.1	7952	7724.29	1542.58	8.98736
NM_001386937.1	7485	7257.29	0	0
NM_001386938.1	6839	6611.29	0	0
NM_001386939.1	6976	6748.29	0	0
NM_001386940.1	6981	6753.29	0	0
NM_001386941.1	3518	3290.29	86.8366	1.18771
NM_001386942.1	3602	3374.29	679.608	9.06395
NM_001386943.1	6303	6075.29	0	0
NM_001386944.1	6354	6126.29	9.8708	0.0725098
NM_001386945.1	6752	6524.29	0	0
NM_001386946.1	2097	1869.29	0	0
NM_001386947.1	7469	7241.29	0	0
NM_001386948.1	7067	6839.29	0	0
NM_001386949.1	7581	7353.29	0	0
NM_001386951.1	6884	6656.29	0	0
NM_001386952.1	7179	6951.29	0	0
NM_001386953.1	7168	6940.29	0	0
NM_001386954.1	6685	6457.29	0	0
NM_001386955.1	1650	1422.29	0	0
NM_001386956.1	1591	1363.29	0	0
NM_001386957.1	2045	1817.29	1	0.0247638
NM_001386958.1	7172	6944.29	0	0
NM_001386959.1	2426	2198.29	0	0
NM_001386960.1	7275	7047.29	0	0
NM_001386961.1	6960	6732.29	0	0
NM_001386962.1	6934	6706.29	0	0
NM_001386963.1	2152	1924.29	0	0
NM_001386964.1	2773	2545.29	0.0111811	0.000197692
NM_001386965.1	2849	2621.29	0	0
NM_001386966.1	3814	3586.29	91.5363	1.14866
NM_001386967.1	3011	2783.29	58.1369	0.940016
NM_001386968.1	2764	2536.29	4.19113	0.0743659
NM_001386969.1	4025	3797.29	0	0
NM_001386970.1	721	493.802	0	0
NM_001386971.1	695	468.041	3	0.288456
NM_001386972.1	1460	1232.29	0	0
NM_001386973.1	1980	1752.29	2.41217	0.0619502
NM_001386974.1	3603	3375.29	3.64771e-05	4.86353e-07
NM_001386975.1	3612	3384.29	9.47308e-07	1.25969e-08
NM_001386976.1	3604	3376.29	2.4302e-05	3.23925e-07
NM_001386977.1	3594	3366.29	0.00141835	1.89616e-05
NM_001386978.1	2078	1850.29	0	0
NM_001386979.1	1970	1742.29	69.6183	1.79823
NM_001386983.1	3326	3098.29	16.3478	0.237454
NM_001386986.1	3326	3098.29	17.3955	0.252671
NM_001386991.1	2398	2170.29	101.558	2.10589
NM_001386992.1	2389	2161.29	100.738	2.09761
NM_001386993.1	3500	3272.29	0	0
NM_001386994.1	3497	3269.29	0	0
NM_001386995.1	3865	3637.29	0	0
NM_001386996.1	1443	1215.29	0	0
NM_001386997.1	3347	3119.29	0	0
NM_001386998.1	7687	7459.29	0	0
NM_001386999.1	7823	7595.29	0	0
NM_001387.3	5045	4817.29	450.756	4.21096
NM_001387000.1	2728	2500.29	124.933	2.24869
NM_001387001.1	4073	3845.29	7.24361	0.084775
NM_001387002.1	4168	3940.29	0	0
NM_001387004.1	3942	3714.29	51.5834	0.624994
NM_001387005.1	3730	3502.29	0	0
NM_001387006.1	3795	3567.29	0	0
NM_001387008.1	2881	2653.29	12.8966	0.218742
NM_001387009.1	2974	2746.29	46.6334	0.764175
NM_001387010.1	954	726.293	0	0
NM_001387011.1	5249	5021.29	306.483	2.74684
NM_001387012.1	4639	4411.29	0	0
NM_001387013.1	4673	4445.29	0	0
NM_001387014.1	4796	4568.29	0	0
NM_001387015.1	2924	2696.29	1.53107e-05	2.55547e-07
NM_001387016.1	2715	2487.29	11.3556	0.205459
NM_001387017.1	3877	3649.29	0	0
NM_001387018.1	4118	3890.29	0	0
NM_001387019.1	2859	2631.29	2.99643	0.0512481
NM_001387020.1	2944	2716.29	0	0
NM_001387021.1	9973	9745.29	0.000347602	1.6052e-06
NM_001387022.1	9970	9742.29	0.000530157	2.44898e-06
NM_001387023.1	9904	9676.29	5.91341	0.0275025
NM_001387024.1	8402	8174.29	82.8548	0.456152
NM_001387025.1	8330	8102.29	2024.19	11.2431
NM_001387026.1	8327	8099.29	34.4922	0.191653
NM_001387028.1	7984	7756.29	0	0
NM_001387029.1	7900	7672.29	0	0
NM_001387030.1	3291	3063.29	0.241083	0.00354177
NM_001387031.1	3292	3064.29	0.000100167	1.47108e-06
NM_001387032.1	7532	7304.29	0	0
NM_001387033.1	7488	7260.29	10.0936	0.0625652
NM_001387034.1	7619	7391.29	313.932	1.91143
NM_001387035.1	7620	7392.29	19.7523	0.120249
NM_001387036.1	1143	915.293	0	0
NM_001387037.1	3271	3043.29	14.4712	0.213995
NM_001387039.1	4580	4352.29	0	0
NM_001387040.1	3563	3335.29	0	0
NM_001387041.1	3865	3637.29	0	0
NM_001387042.1	4692	4464.29	0	0
NM_001387043.1	4688	4460.29	0	0
NM_001387044.1	3959	3731.29	0	0
NM_001387045.1	3964	3736.29	4.01759	0.0483913
NM_001387046.1	3757	3529.29	0	0
NM_001387047.1	4787	4559.29	0	0
NM_001387048.1	3808	3580.29	447.427	5.62401
NM_001387049.1	3886	3658.29	0	0
NM_001387050.1	3757	3529.29	0	0
NM_001387051.1	4195	3967.29	0	0
NM_001387052.1	4252	4024.29	0.999897	0.0111817
NM_001387053.1	3934	3706.29	8.62482	0.104725
NM_001387054.1	3811	3583.29	31.2307	0.392231
NM_001387055.1	3889	3661.29	0	0
NM_001387056.1	2390	2162.29	0	0
NM_001387057.1	3307	3079.29	0	0
NM_001387058.1	5161	4933.29	0	0
NM_001387059.1	7987	7759.29	0	0
NM_001387060.1	9056	8828.29	0	0
NM_001387061.1	3605	3377.29	0	0
NM_001387062.1	3831	3603.29	0	0
NM_001387063.1	3532	3304.29	0	0
NM_001387064.1	3590	3362.29	0	0
NM_001387065.1	3427	3199.29	20.5817	0.289514
NM_001387066.1	3749	3521.29	0	0
NM_001387067.1	3691	3463.29	0	0
NM_001387068.1	3304	3076.29	6.33202	0.092631
NM_001387069.1	3696	3468.29	0	0
NM_001387070.1	3315	3087.29	0	0
NM_001387071.1	3339	3111.29	0	0
NM_001387072.1	3574	3346.29	0	0
NM_001387073.1	3618	3390.29	0	0
NM_001387074.1	3275	3047.29	0	0
NM_001387075.1	3317	3089.29	0	0
NM_001387076.1	3253	3025.29	20.4042	0.303525
NM_001387077.1	2825	2597.29	29.7239	0.515024
NM_001387078.1	2965	2737.29	0	0
NM_001387079.1	8989	8761.29	0	0
NM_001387080.1	9280	9052.29	0	0
NM_001387081.1	8183	7955.29	0.00402997	2.27975e-05
NM_001387082.1	9347	9119.29	0	0
NM_001387083.1	8088	7860.29	0	0
NM_001387085.1	12037	11809.3	417.13	1.58961
NM_001387086.1	11933	11705.3	221.433	0.851338
NM_001387087.1	14136	13908.3	0	0
NM_001387088.1	14044	13816.3	0	0
NM_001387089.1	2245	2017.29	50.832	1.13399
NM_001387090.1	2832	2604.29	39.2971	0.679067
NM_001387091.1	2873	2645.29	17.729	0.301614
NM_001387092.1	2764	2536.29	66.1958	1.17456
NM_001387093.1	2824	2596.29	52.8515	0.916106
NM_001387094.1	2740	2512.29	13.9066	0.249111
NM_001387095.1	2740	2512.29	0	0
NM_001387096.1	2701	2473.29	0	0
NM_001387097.1	2644	2416.29	0	0
NM_001387098.1	2614	2386.29	8.14747	0.153653
NM_001387099.1	8131	7903.29	0.160505	0.00091395
NM_001387100.1	8178	7950.29	0	0
NM_001387101.1	9308	9080.29	9.72575	0.048202
NM_001387102.1	9375	9147.29	0	0
NM_001387103.1	9437	9209.29	10.5532	0.0515703
NM_001387104.1	9274	9046.29	0	0
NM_001387105.1	9084	8856.29	0	0
NM_001387106.1	9149	8921.29	0	0
NM_001387107.1	9351	9123.29	106.698	0.526316
NM_001387108.1	9258	9030.29	46.6229	0.232349
NM_001387110.3	14614	14386.3	71.6973	0.224283
NM_001387111.3	14665	14437.3	0	0
NM_001387113.3	14760	14532.3	272.434	0.843665
NM_001387114.1	7005	6777.29	0.454049	0.00301501
NM_001387115.1	7206	6978.29	3.74727	0.0241662
NM_001387116.1	7284	7056.29	60.0305	0.382858
NM_001387117.1	7845	7617.29	5.46841	0.0323075
NM_001387118.1	7907	7679.29	6.62108	0.0388016
NM_001387119.1	7985	7757.29	76.706	0.445002
NM_001387120.1	8046	7818.29	129.037	0.742754
NM_001387121.1	8158	7930.29	14.7377	0.083634
NM_001387122.1	8164	7936.29	9.13731	0.0518135
NM_001387123.1	8308	8080.29	57.7634	0.321712
NM_001387124.1	8320	8092.29	0	0
NM_001387125.1	5386	5158.29	15.1797	0.132434
NM_001387126.1	5557	5329.29	0	0
NM_001387127.1	5500	5272.29	0	0
NM_001387128.1	5488	5260.29	0.195566	0.00167311
NM_001387129.1	5432	5204.29	3.49618	0.0302326
NM_001387130.1	5534	5306.29	7.59034	0.0643742
NM_001387131.1	4029	3801.29	0	0
NM_001387132.1	4291	4063.29	0	0
NM_001387133.1	4131	3903.29	0	0
NM_001387134.1	1113	885.293	0	0
NM_001387135.1	1991	1763.29	0	0
NM_001387136.1	4250	4022.29	0	0
NM_001387137.1	4404	4176.29	0	0
NM_001387138.1	1192	964.293	0	0
NM_001387139.1	1415	1187.29	0	0
NM_001387140.1	4668	4440.29	118.141	1.19738
NM_001387141.1	1257	1029.29	3.89861e-06	1.70456e-07
NM_001387142.1	2995	2767.29	0	0
NM_001387143.1	6123	5895.29	0	0
NM_001387144.1	3003	2775.29	0	0
NM_001387145.1	2732	2504.29	0	0
NM_001387146.1	2729	2501.29	0	0
NM_001387147.1	5863	5635.29	3.76155e-07	3.00395e-09
NM_001387148.1	2740	2512.29	0	0
NM_001387149.1	5749	5521.29	0	0
NM_001387150.1	5946	5718.29	0	0
NM_001387151.1	2528	2300.29	0	0
NM_001387152.1	3411	3183.29	178.585	2.52471
NM_001387153.1	2748	2520.29	35.8871	0.640811
NM_001387154.1	2657	2429.29	1.71756	0.0318181
NM_001387155.1	3936	3708.29	201.291	2.44282
NM_001387156.1	2886	2658.29	0.0872687	0.0014774
NM_001387157.1	2795	2567.29	68.9898	1.20935
NM_001387158.1	5011	4783.29	0	0
NM_001387159.1	5072	4844.29	21.7405	0.201968
NM_001387160.1	4816	4588.29	37.1597	0.364471
NM_001387161.1	4933	4705.29	166.234	1.58992
NM_001387162.1	5022	4794.29	61.6895	0.579067
NM_001387163.1	4913	4685.29	0	0
NM_001387165.1	7993	7765.29	12.5333	0.0726354
NM_001387166.1	4083	3855.29	0	0
NM_001387167.1	4042	3814.29	0	0
NM_001387168.1	4065	3837.29	0	0
NM_001387169.1	4011	3783.29	0	0
NM_001387170.1	4029	3801.29	24.1707	0.286154
NM_001387171.1	4477	4249.29	14.6949	0.15563
NM_001387172.1	4474	4246.29	143.498	1.52082
NM_001387173.1	4019	3791.29	0.0394292	0.00046803
NM_001387174.1	4016	3788.29	0.252464	0.00299914
NM_001387175.1	3988	3760.29	149.493	1.78913
NM_001387176.1	4011	3783.29	399.428	4.75128
NM_001387177.1	3658	3430.29	0	0
NM_001387178.1	4459	4231.29	178.837	1.90207
NM_001387179.1	3970	3742.29	0	0
NM_001387180.1	4450	4222.29	267.057	2.84641
NM_001387181.1	3903	3675.29	1.33469	0.0163429
NM_001387182.1	3900	3672.29	9.44788	0.115782
NM_001387183.1	3908	3680.29	30.475	0.372652
NM_001387184.1	3885	3657.29	26.7116	0.328686
NM_001387185.1	3939	3711.29	8.45113	0.102478
NM_001387186.1	4387	4159.29	5.68448	0.0615054
NM_001387187.1	4387	4159.29	0	0
NM_001387188.1	4384	4156.29	59.2436	0.641472
NM_001387189.1	3869	3641.29	34.6094	0.427741
NM_001387190.1	3846	3618.29	36.4886	0.453833
NM_001387191.1	3831	3603.29	103.245	1.28947
NM_001387192.1	3854	3626.29	97.9601	1.21571
NM_001387193.1	3911	3683.29	1.73477	0.0211958
NM_001387194.1	3891	3663.29	19.3972	0.238292
NM_001387195.1	3888	3660.29	128.157	1.57569
NM_001387196.1	3893	3665.29	33.4998	0.411316
NM_001387197.1	3865	3637.29	0	0
NM_001387198.1	3870	3642.29	21.6614	0.267642
NM_001387199.1	3782	3554.29	0	0
NM_001387200.1	3811	3583.29	51.9344	0.652252
NM_001387201.1	2018	1790.29	0	0
NM_001387202.1	3779	3551.29	11.7208	0.14853
NM_001387203.1	4267	4039.29	40.1152	0.446936
NM_001387204.1	3692	3464.29	102.028	1.3254
NM_001387205.1	1776	1548.29	0	0
NM_001387206.1	1909	1681.29	0	0
NM_001387207.1	1860	1632.29	0.406893	0.0112182
NM_001387208.1	4560	4332.29	0	0
NM_001387209.1	3123	2895.29	0	0
NM_001387210.1	1233	1005.29	0	0
NM_001387211.1	2781	2553.29	0	0
NM_001387212.1	4202	3974.29	14.0436	0.159023
NM_001387213.1	1463	1235.29	0	0
NM_001387214.1	4828	4600.29	5.49239	0.0537301
NM_001387215.1	3013	2785.29	0	0
NM_001387216.1	4799	4571.29	2.24059	0.022058
NM_001387217.1	2878	2650.29	1.58315	0.0268826
NM_001387218.3	802	574.487	0	0
NM_001387219.1	4734	4506.29	1	0.00998672
NM_001387220.1	9562	9334.29	19.4586	0.0938152
NM_001387221.1	10761	10533.3	32.8975	0.140553
NM_001387222.1	615	389.417	0	0
NM_001387223.1	8181	7953.29	0	0
NM_001387224.1	8276	8048.29	31.9233	0.178503
NM_001387225.1	8581	8353.29	0	0
NM_001387226.1	1490	1262.29	13.1569	0.469068
NM_001387230.1	3839	3611.29	16.2305	0.20226
NM_001387231.1	4064	3836.29	0	0
NM_001387232.1	3864	3636.29	24.0494	0.297637
NM_001387233.1	3952	3724.29	0	0
NM_001387234.1	3790	3562.29	4.9666	0.0627439
NM_001387235.1	3793	3565.29	0	0
NM_001387236.1	3890	3662.29	1.26143	0.0155008
NM_001387237.1	3862	3634.29	0	0
NM_001387238.1	3824	3596.29	0	0
NM_001387239.1	3818	3590.29	0	0
NM_001387240.1	3757	3529.29	28.6992	0.365952
NM_001387241.1	4098	3870.29	11.522	0.133976
NM_001387242.1	3908	3680.29	0	0
NM_001387244.1	4052	3824.29	0	0
NM_001387245.1	3791	3563.29	0	0
NM_001387246.1	3816	3588.29	0	0
NM_001387247.1	3854	3626.29	19.7846	0.245532
NM_001387248.1	3921	3693.29	0	0
NM_001387249.1	4014	3786.29	51.7634	0.615249
NM_001387250.1	3668	3440.29	0.0133441	0.000174557
NM_001387251.1	3878	3650.29	1.08513	0.0133782
NM_001387252.1	3773	3545.29	5.5842	0.0708845
NM_001387253.1	3670	3442.29	0.0907897	0.00118695
NM_001387254.1	3716	3488.29	24.904	0.321291
NM_001387255.1	3807	3579.29	0	0
NM_001387256.1	3958	3730.29	0	0
NM_001387257.1	3868	3640.29	0	0
NM_001387258.1	3809	3581.29	0	0
NM_001387259.1	3840	3612.29	0	0
NM_001387260.1	1894	1666.29	0	0
NM_001387261.1	2232	2004.29	0	0
NM_001387262.1	2500	2272.29	7	0.138636
NM_001387263.1	2410	2182.29	0	0
NM_001387264.1	1983	1755.29	0	0
NM_001387265.1	4344	4116.29	0	0
NM_001387266.1	2455	2227.29	4.50654	0.0910559
NM_001387267.1	4275	4047.29	0	0
NM_001387268.1	1472	1244.29	81.6299	2.95236
NM_001387269.1	1858	1630.29	0	0
NM_001387270.1	2262	2034.29	6.43745	0.142411
NM_001387271.1	4095	3867.29	0	0
NM_001387272.1	4148	3920.29	16.22	0.186198
NM_001387273.1	7359	7131.29	459.879	2.90214
NM_001387274.1	7298	7070.29	0	0
NM_001387275.1	4653	4425.29	0	0
NM_001387276.1	5847	5619.29	28.3084	0.226712
NM_001387277.1	2090	1862.29	22.8757	0.552802
NM_001387278.1	5647	5419.29	40.3835	0.335354
NM_001387280.1	1073	845.293	0	0
NM_001387281.1	818	590.487	0	0
NM_001387282.1	974	746.293	0	0
NM_001387283.1	5670	5442.29	6.69925	0.055397
NM_001387284.1	3035	2807.29	0	0
NM_001387285.1	3036	2808.29	19.0469	0.305227
NM_001387286.1	2494	2266.29	16.4454	0.326566
NM_001387287.1	2706	2478.29	486.525	8.83476
NM_001387288.1	2823	2595.29	0	0
NM_001387289.1	2895	2667.29	51.5231	0.869308
NM_001387290.1	2356	2128.29	76.7902	1.62374
NM_001387291.1	2640	2412.29	0	0
NM_001387292.1	2163	1935.29	14.5639	0.338667
NM_001387293.1	2237	2009.29	16.6261	0.372384
NM_001387294.1	1246	1018.29	208.877	9.23123
NM_001387295.1	2340	2112.29	1.90002	0.0404805
NM_001387296.1	2337	2109.29	13.3354	0.284518
NM_001387297.1	2304	2076.29	0	0
NM_001387298.1	2320	2092.29	24.7132	0.531555
NM_001387299.1	2843	2615.29	1.83992	0.0316608
NM_001387300.1	2830	2602.29	8.94123	0.154626
NM_001387301.1	2654	2426.29	0	0
NM_001387302.1	2413	2185.29	0	0
NM_001387303.1	2496	2268.29	0	0
NM_001387304.1	2478	2250.29	46.4764	0.929471
NM_001387305.1	2667	2439.29	0	0
NM_001387306.1	2488	2260.29	0	0
NM_001387307.1	2397	2169.29	0	0
NM_001387308.1	2317	2089.29	0	0
NM_001387309.1	2651	2423.29	0	0
NM_001387310.1	2493	2265.29	12.6098	0.250511
NM_001387311.1	2410	2182.29	0	0
NM_001387312.1	2208	1980.29	0	0
NM_001387313.1	2527	2299.29	1.66846e-07	3.26561e-09
NM_001387314.1	2524	2296.29	0	0
NM_001387315.1	2792	2564.29	0	0
NM_001387316.1	2968	2740.29	0	0
NM_001387317.1	2556	2328.29	0	0
NM_001387318.1	2621	2393.29	0	0
NM_001387319.1	2442	2214.29	0	0
NM_001387320.1	2275	2047.29	0	0
NM_001387321.1	2102	1874.29	1.81666e-06	4.36192e-08
NM_001387322.1	1275	1047.29	29.565	1.27043
NM_001387323.1	1239	1011.29	0	0
NM_001387324.1	1200	972.293	0	0
NM_001387325.1	1119	891.293	0	0
NM_001387326.1	1080	852.293	4.43629	0.234246
NM_001387327.1	1165	937.293	128.48	6.16883
NM_001387328.1	8762	8534.29	1233.38	6.50385
NM_001387329.1	1548	1320.29	0	0
NM_001387330.1	2058	1830.29	0	0
NM_001387331.1	1995	1767.29	0	0
NM_001387332.1	1663	1435.29	0	0
NM_001387333.1	1726	1498.29	0	0
NM_001387334.1	1979	1751.29	0	0
NM_001387335.1	1584	1356.29	0	0
NM_001387336.1	1235	1007.29	0	0
NM_001387337.1	2825	2597.29	1.8492	0.032041
NM_001387338.1	2637	2409.29	23.2641	0.43455
NM_001387339.1	1591	1363.29	7.47275	0.24668
NM_001387340.1	2154	1926.29	28.4458	0.664565
NM_001387341.1	2133	1905.29	171.628	4.05387
NM_001387342.1	2186	1958.29	0.179777	0.00413141
NM_001387343.1	3143	2915.29	1.92599	0.0297312
NM_001387344.1	3090	2862.29	193.586	3.0437
NM_001387345.1	3047	2819.29	0.0991697	0.001583
NM_001387346.1	2994	2766.29	12.0757	0.196451
NM_001387347.1	2437	2209.29	13.5539	0.276093
NM_001387348.1	1881	1653.29	0	0
NM_001387349.1	1543	1315.29	0	0
NM_001387350.1	1459	1231.29	0	0
NM_001387351.1	1160	932.293	11.4266	0.55158
NM_001387352.1	1339	1111.29	0	0
NM_001387353.1	1255	1027.29	0	0
NM_001387354.1	1441	1213.29	0	0
NM_001387355.1	1581	1353.29	0	0
NM_001387356.1	2276	2048.29	0	0
NM_001387357.1	2192	1964.29	0	0
NM_001387358.1	2189	1961.29	0	0
NM_001387359.1	4070	3842.29	2.02575	0.0237267
NM_001387360.1	4579	4351.29	0	0
NM_001387361.1	4567	4339.29	0	0
NM_001387362.1	4555	4327.29	0	0
NM_001387363.1	4543	4315.29	0	0
NM_001387364.1	4537	4309.29	0	0
NM_001387365.1	4525	4297.29	0	0
NM_001387366.1	4513	4285.29	0	0
NM_001387367.1	4501	4273.29	0	0
NM_001387368.1	4390	4162.29	0	0
NM_001387369.1	4360	4132.29	0	0
NM_001387370.1	4348	4120.29	0	0
NM_001387371.1	4321	4093.29	0	0
NM_001387372.1	4312	4084.29	0	0
NM_001387373.1	4270	4042.29	8.4854	0.0944685
NM_001387374.1	4051	3823.29	0	0
NM_001387375.1	4027	3799.29	0	0
NM_001387376.1	3973	3745.29	0	0
NM_001387377.1	3743	3515.29	0	0
NM_001387378.1	3808	3580.29	0	0
NM_001387379.1	3644	3416.29	0	0
NM_001387380.1	3536	3308.29	0	0
NM_001387382.1	3840	3612.29	2.00264	0.0249495
NM_001387384.1	3010	2782.29	0	0
NM_001387385.1	2960	2732.29	53.9372	0.888389
NM_001387386.1	2896	2668.29	0	0
NM_001387387.1	2563	2335.29	0	0
NM_001387388.1	2956	2728.29	15.4594	0.255002
NM_001387390.1	3543	3315.29	2.05488	0.0278938
NM_001387391.1	3388	3160.29	8.1409	0.115928
NM_001387392.1	3647	3419.29	0	0
NM_001387393.1	2597	2369.29	0	0
NM_001387394.1	4468	4240.29	27.0129	0.286693
NM_001387395.1	4692	4464.29	8.06821	0.081333
NM_001387396.1	3613	3385.29	2.94866	0.0391985
NM_001387397.1	4347	4119.29	21.618	0.236175
NM_001387398.1	816	588.487	5.75294	0.439942
NM_001387399.1	867	639.427	1.40887	0.0991565
NM_001387400.1	1091	863.293	0.00342056	0.000178312
NM_001387401.1	1052	824.293	0.00331015	0.000180721
NM_001387402.1	742	514.753	26.5006	2.31686
NM_001387403.1	777	549.487	9.98123	0.817465
NM_001387404.1	3048	2820.29	72.8859	1.16303
NM_001387405.1	3248	3020.29	0	0
NM_001387407.1	2958	2730.29	0	0
NM_001387408.1	3698	3470.29	0	0
NM_001387409.1	3612	3384.29	0	0
NM_001387410.1	3648	3420.29	0.390478	0.00513779
NM_001387411.1	2963	2735.29	16.568	0.272589
NM_001387412.1	3021	2793.29	0	0
NM_001387413.1	3958	3730.29	0	0
NM_001387415.1	3695	3467.29	0	0
NM_001387416.1	1544	1316.29	0	0
NM_001387417.1	4728	4500.29	2.45875	0.0245876
NM_001387418.1	888	660.427	4.98826	0.339912
NM_001387419.1	1198	970.293	0.00188345	8.73561e-05
NM_001387420.1	1066	838.293	0	0
NM_001387421.1	746	518.701	11.8862	1.03126
NM_001387422.1	755	527.701	6.91178	0.589447
NM_001387423.1	769	541.541	0	0
NM_001387424.1	1079	851.293	0	0
NM_001387425.1	808	580.487	0	0
NM_001387426.1	707	479.9	0	0
NM_001387427.1	793	565.487	0	0
NM_001387428.1	742	514.753	0	0
NM_001387429.1	1452	1224.29	7.37162	0.270969
NM_001387430.1	4908	4680.29	0	0
NM_001387431.1	1401	1173.29	16.0088	0.614035
NM_001387432.1	1366	1138.29	32.4391	1.2825
NM_001387433.1	1607	1379.29	8.36894	0.273059
NM_001387434.1	1366	1138.29	0	0
NM_001387435.1	734	506.753	0	0
NM_001387436.1	3181	2953.29	0	0
NM_001387437.1	1584	1356.29	0	0
NM_001387438.1	2159	1931.29	0.0398379	0.000928304
NM_001387439.1	1284	1056.29	5.0511	0.215201
NM_001387440.1	3171	2943.29	0	0
NM_001387441.1	2070	1842.29	0	0
NM_001387442.1	1371	1143.29	0	0
NM_001387443.1	1206	978.293	0	0
NM_001387444.1	2349	2121.29	0	0
NM_001387445.1	2296	2068.29	0	0
NM_001387446.1	3498	3270.29	0	0
NM_001387447.1	3807	3579.29	33.4495	0.420567
NM_001387448.1	3821	3593.29	11.9902	0.150168
NM_001387449.1	3555	3327.29	0	0
NM_001387450.1	3543	3315.29	19.0197	0.25818
NM_001387451.1	3613	3385.29	45.1769	0.600568
NM_001387452.1	2901	2673.29	17.708	0.298101
NM_001387453.1	3456	3228.29	0	0
NM_001387454.1	3605	3377.29	0	0
NM_001387455.1	3531	3303.29	0	0
NM_001387456.1	3542	3314.29	24.1748	0.328257
NM_001387457.1	3544	3316.29	0	0
NM_001387458.1	3484	3256.29	0	0
NM_001387459.1	3348	3120.29	0.85355	0.0123105
NM_001387460.1	3506	3278.29	0	0
NM_001387461.1	3413	3185.29	0	0
NM_001387462.1	3410	3182.29	0	0
NM_001387463.1	3314	3086.29	0	0
NM_001387464.1	3180	2952.29	0	0
NM_001387465.1	3338	3110.29	0	0
NM_001387466.1	3050	2822.29	0	0
NM_001387467.1	3804	3576.29	10.3334	0.130033
NM_001387468.1	4377	4149.29	1083.08	11.747
NM_001387469.1	3460	3232.29	135.948	1.8928
NM_001387470.1	3651	3423.29	0	0
NM_001387471.1	3485	3257.29	70.382	0.972405
NM_001387472.1	3643	3415.29	16.7675	0.220944
NM_001387473.1	3835	3607.29	0.0224664	0.000280282
NM_001387474.1	3781	3553.29	48.1311	0.609589
NM_001387475.1	3638	3410.29	0	0
NM_001387476.1	3726	3498.29	0	0
NM_001387477.1	3711	3483.29	42.5243	0.549401
NM_001387478.1	3741	3513.29	0.657591	0.00842333
NM_001387479.1	3800	3572.29	0	0
NM_001387480.1	3652	3424.29	0	0
NM_001387481.1	3520	3292.29	0	0
NM_001387482.1	3525	3297.29	0	0
NM_001387483.1	3795	3567.29	59.6045	0.751938
NM_001387484.1	3875	3647.29	0	0
NM_001387485.1	3445	3217.29	0	0
NM_001387486.1	3598	3370.29	39.3157	0.524977
NM_001387487.1	3813	3585.29	60.8522	0.763825
NM_001387488.1	3740	3512.29	0	0
NM_001387489.1	3901	3673.29	0	0
NM_001387490.1	4015	3787.29	0.302802	0.00359809
NM_001387491.1	3872	3644.29	12.3397	0.152382
NM_001387492.1	4010	3782.29	40.0139	0.4761
NM_001387493.1	3735	3507.29	0	0
NM_001387494.1	4090	3862.29	69.6328	0.811355
NM_001387495.1	3893	3665.29	0	0
NM_001387496.1	3880	3652.29	0	0
NM_001387497.1	3660	3432.29	38.5073	0.504895
NM_001387498.1	3956	3728.29	0.00390307	4.71127e-05
NM_001387501.1	3958	3730.29	0	0
NM_001387502.1	3769	3541.29	7.40738e-05	9.41336e-07
NM_001387503.1	3678	3450.29	0	0
NM_001387504.1	3746	3518.29	0	0
NM_001387505.1	3904	3676.29	0	0
NM_001387506.1	3836	3608.29	0	0
NM_001387507.1	3844	3616.29	0	0
NM_001387508.1	3899	3671.29	0.684249	0.00838759
NM_001387509.1	3890	3662.29	0	0
NM_001387510.1	3756	3528.29	16.947	0.216157
NM_001387511.1	3815	3587.29	0	0
NM_001387512.1	3933	3705.29	2.26071e-05	2.74577e-07
NM_001387513.1	3904	3676.29	71.9886	0.881243
NM_001387514.1	3435	3207.29	0	0
NM_001387515.1	3513	3285.29	0	0
NM_001387516.1	3653	3425.29	0	0
NM_001387517.1	3883	3655.29	0	0
NM_001387518.1	3506	3278.29	0	0
NM_001387519.1	2612	2384.29	57.3705	1.08286
NM_001387520.1	2835	2607.29	0	0
NM_001387521.1	2873	2645.29	0.00934282	0.000158945
NM_001387522.1	13693	13465.3	0	0
NM_001387523.1	13666	13438.3	0	0
NM_001387524.1	13639	13411.3	0	0
NM_001387525.1	13573	13345.3	0	0
NM_001387526.1	13564	13336.3	0	0
NM_001387527.1	13555	13327.3	0	0
NM_001387528.1	13468	13240.3	0	0
NM_001387529.1	13450	13222.3	0	0
NM_001387530.1	12565	12337.3	0	0
NM_001387531.1	13435	13207.3	0	0
NM_001387532.1	12631	12403.3	0	0
NM_001387533.1	13423	13195.3	0	0
NM_001387534.1	13489	13261.3	0	0
NM_001387535.1	13408	13180.3	0	0
NM_001387536.1	13474	13246.3	0	0
NM_001387537.1	13384	13156.3	0	0
NM_001387538.1	13450	13222.3	0	0
NM_001387539.1	12580	12352.3	0	0
NM_001387540.1	13435	13207.3	0	0
NM_001387541.1	11815	11587.3	0	0
NM_001387542.1	13291	13063.3	0	0
NM_001387543.1	11918	11690.3	0	0
NM_001387544.1	13364	13136.3	0	0
NM_001387545.1	13706	13478.3	0	0
NM_001387546.1	13616	13388.3	0	0
NM_001387547.1	13502	13274.3	0	0
NM_001387548.1	13553	13325.3	0	0
NM_001387549.1	13460	13232.3	0	0
NM_001387550.1	11251	11023.3	0	0
NM_001387551.1	6389	6161.29	0	0
NM_001387552.1	13738	13510.3	0	0
NM_001387553.1	6275	6047.29	0	0
NM_001387554.1	6272	6044.29	0	0
NM_001387555.1	7954	7726.29	2.7459	0.015994
NM_001387556.1	4231	4003.29	0	0
NM_001387557.1	2213	1985.29	0	0
NM_001387558.1	2135	1907.29	0	0
NM_001387559.1	2092	1864.29	62.6512	1.51237
NM_001387560.1	1563	1335.29	21.212	0.714902
NM_001387561.1	4842	4614.29	48.1126	0.469241
NM_001387562.1	4790	4562.29	46.8427	0.462063
NM_001387563.1	1358	1130.29	5.99268	0.238601
NM_001387564.1	360	160.548	35.4046	9.92424
NM_001387567.1	2217	1989.29	1603.02	36.2645
NM_001387568.1	2002	1774.29	0	0
NM_001387569.1	2465	2237.29	0	0
NM_001387570.1	5208	4980.29	27.7244	0.250524
NM_001387571.1	5199	4971.29	0	0
NM_001387572.1	6523	6295.29	33.0858	0.23652
NM_001387573.1	6373	6145.29	129.968	0.951782
NM_001387574.1	6341	6113.29	0	0
NM_001387575.1	6311	6083.29	0	0
NM_001387576.1	6567	6339.29	147.337	1.04595
NM_001387577.1	6295	6067.29	0	0
NM_001387578.1	5774	5546.29	296.809	2.40833
NM_001387579.1	5649	5421.29	472.493	3.92225
NM_001387580.1	5727	5499.29	0	0
NM_001387581.1	6114	5886.29	0.142766	0.0010915
NM_001387582.1	5599	5371.29	0	0
NM_001387583.1	5675	5447.29	71.8648	0.593715
NM_001387584.1	4154	3926.29	0	0
NM_001387585.1	4258	4030.29	0	0
NM_001387586.1	4321	4093.29	0.049557	0.000544847
NM_001387587.1	4410	4182.29	384.297	4.13518
NM_001387588.1	2299	2071.29	2.02558	0.0440099
NM_001387589.1	2466	2238.29	0	0
NM_001387590.1	4138	3910.29	0	0
NM_001387591.1	4183	3955.29	0	0
NM_001387592.1	4191	3963.29	2.01162e-06	2.28418e-08
NM_001387593.1	6794	6566.29	30.814	0.211188
NM_001387594.1	6883	6655.29	0	0
NM_001387595.1	7977	7749.29	0	0
NM_001387596.1	6792	6564.29	15.8163	0.108432
NM_001387597.1	8099	7871.29	17.9298	0.102511
NM_001387598.1	6957	6729.29	0	0
NM_001387599.1	7149	6921.29	0	0
NM_001387600.1	6962	6734.29	60.5179	0.404422
NM_001387601.1	6732	6504.29	44.8051	0.310006
NM_001387602.1	6750	6522.29	0	0
NM_001387603.1	4192	3964.29	0	0
NM_001387604.1	4200	3972.29	0	0
NM_001387605.1	4246	4018.29	335.696	3.75964
NM_001387606.1	4276	4048.29	0	0
NM_001387607.1	4285	4057.29	0	0
NM_001387608.1	4304	4076.29	0	0
NM_001387609.1	4313	4085.29	0	0
NM_001387610.1	4320	4092.29	0	0
NM_001387611.1	4322	4094.29	0	0
NM_001387612.1	4335	4107.29	1021.39	11.1913
NM_001387613.1	4344	4116.29	0	0
NM_001387614.1	4350	4122.29	175.96	1.92095
NM_001387615.1	4353	4125.29	0	0
NM_001387616.1	4358	4130.29	75.3737	0.821261
NM_001387617.1	4379	4151.29	0	0
NM_001387618.1	4393	4165.29	0	0
NM_001387619.1	4394	4166.29	74.5844	0.805639
NM_001387620.1	4409	4181.29	19.8376	0.213511
NM_001387621.1	4416	4188.29	0	0
NM_001387622.1	4431	4203.29	24.9257	0.26687
NM_001387623.1	4434	4206.29	0	0
NM_001387624.1	4437	4209.29	0	0
NM_001387625.1	4448	4220.29	127.083	1.35515
NM_001387627.1	4457	4229.29	1.02685e-06	1.09265e-08
NM_001387628.1	4471	4243.29	334.563	3.54827
NM_001387629.1	4474	4246.29	0	0
NM_001387630.1	4487	4259.29	0	0
NM_001387631.1	4495	4267.29	0	0
NM_001387632.1	4497	4269.29	0	0
NM_001387633.1	4527	4299.29	0	0
NM_001387634.1	4529	4301.29	0	0
NM_001387635.1	4541	4313.29	0	0
NM_001387636.1	4560	4332.29	416.335	4.32482
NM_001387637.1	4601	4373.29	142.823	1.46971
NM_001387638.1	4610	4382.29	0	0
NM_001387639.1	4649	4421.29	0	0
NM_001387640.1	4670	4442.29	0	0
NM_001387641.1	4727	4499.29	0	0
NM_001387642.1	4816	4588.29	134.869	1.32283
NM_001387643.1	4821	4593.29	0.207041	0.0020285
NM_001387644.1	4838	4610.29	7.23693	0.0706429
NM_001387645.1	4874	4646.29	0	0
NM_001387646.1	4879	4651.29	0	0
NM_001387647.1	4915	4687.29	0	0
NM_001387648.1	4920	4692.29	0	0
NM_001387649.1	4968	4740.29	0	0
NM_001387650.1	5135	4907.29	0.00177552	1.62827e-05
NM_001387651.1	2119	1891.29	30.9167	0.735659
NM_001387652.1	4213	3985.29	0	0
NM_001387653.1	4272	4044.29	0	0
NM_001387654.1	4302	4074.29	0	0
NM_001387655.1	4380	4152.29	101.883	1.10422
NM_001387656.1	4415	4187.29	0	0
NM_001387657.1	4469	4241.29	67.3265	0.714381
NM_001387658.1	4568	4340.29	0.000395794	4.10386e-06
NM_001387659.1	4641	4413.29	26.1948	0.267112
NM_001387660.1	4788	4560.29	66.9751	0.660941
NM_001387661.1	4846	4618.29	0	0
NM_001387662.1	4855	4627.29	0	0
NM_001387663.1	18193	17965.3	0.0124943	3.12981e-05
NM_001387664.1	18340	18112.3	0.0341138	8.47615e-05
NM_001387665.1	18463	18235.3	0.0254122	6.2715e-05
NM_001387666.1	18435	18207.3	0.0605327	0.000149619
NM_001387667.1	18563	18335.3	33.3323	0.0818126
NM_001387668.1	18255	18027.3	1.2136e-07	3.02962e-10
NM_001387669.1	18283	18055.3	208.859	0.520584
NM_001387670.1	18136	17908.3	1012.73	2.54498
NM_001387671.1	18283	18055.3	0.00299044	7.45372e-06
NM_001387672.1	18383	18155.3	74.8778	0.185606
NM_001387673.1	18164	17936.3	846.012	2.12269
NM_001387674.1	18502	18274.3	1.67974e-06	4.13659e-09
NM_001387675.1	17747	17519.3	507.893	1.30466
NM_001387676.1	17726	17498.3	0.00119664	3.07758e-06
NM_001387677.1	4439	4211.29	0	0
NM_001387678.1	4558	4330.29	0	0
NM_001387679.1	4373	4145.29	0	0
NM_001387680.1	4401	4173.29	0	0
NM_001387681.1	4496	4268.29	0	0
NM_001387682.1	4428	4200.29	1.26821	0.0135879
NM_001387683.1	4344	4116.29	0	0
NM_001387685.1	5903	5675.29	1.51231e-07	1.19921e-09
NM_001387686.1	6005	5777.29	97.913	0.762708
NM_001387687.1	6064	5836.29	167.458	1.29125
NM_001387688.1	6275	6047.29	129.353	0.962626
NM_001387689.1	6172	5944.29	0.691972	0.00523879
NM_001387690.1	3689	3461.29	36.7494	0.477809
NM_001387691.1	5842	5614.29	1386.53	11.1141
NM_001387692.1	5665	5437.29	72.9466	0.60376
NM_001387693.1	5554	5326.29	97.4912	0.823725
NM_001387694.1	6082	5854.29	136.559	1.04976
NM_001387695.1	5859	5631.29	662.886	5.29752
NM_001387696.1	6069	5841.29	0	0
NM_001387697.1	6128	5900.29	55.6486	0.424447
NM_001387698.1	6098	5870.29	7.46316e-05	5.72144e-07
NM_001387699.1	6103	5875.29	222.529	1.70451
NM_001387700.1	5952	5724.29	83.7725	0.6586
NM_001387701.1	5828	5600.29	4.68738	0.037667
NM_001387702.1	5931	5703.29	54.619	0.430983
NM_001387703.1	5887	5659.29	8.5062	0.0676418
NM_001387704.1	5946	5718.29	0	0
NM_001387705.1	5717	5489.29	5.93895	0.0486895
NM_001387706.1	3791	3563.29	315.566	3.98548
NM_001387707.1	4337	4109.29	0	0
NM_001387708.1	4061	3833.29	11.6554	0.136835
NM_001387709.1	4089	3861.29	34.8716	0.406426
NM_001387710.1	4050	3822.29	23.0892	0.271848
NM_001387711.1	3991	3763.29	88.7237	1.061
NM_001387712.1	4006	3778.29	37.4814	0.446439
NM_001387713.1	4000	3772.29	0	0
NM_001387714.1	4077	3849.29	0	0
NM_001387715.1	3965	3737.29	7.8003	0.0939283
NM_001387716.1	4038	3810.29	0	0
NM_001387717.1	3974	3746.29	0	0
NM_001387718.1	3955	3727.29	0	0
NM_001387719.1	3910	3682.29	25.8701	0.316172
NM_001387720.1	3929	3701.29	30.346	0.368969
NM_001387721.1	3954	3726.29	15.7708	0.190466
NM_001387723.1	2537	2309.29	0	0
NM_001387726.1	2679	2451.29	0	0
NM_001387727.1	2745	2517.29	0	0
NM_001387728.1	2484	2256.29	0	0
NM_001387730.1	2550	2322.29	0	0
NM_001387732.1	2683	2455.29	0	0
NM_001387734.1	2741	2513.29	0	0
NM_001387735.1	2771	2543.29	0	0
NM_001387736.1	2278	2050.29	0	0
NM_001387737.1	2308	2080.29	0	0
NM_001387742.1	2575	2347.29	0	0
NM_001387743.1	2596	2368.29	0	0
NM_001387744.1	2654	2426.29	0	0
NM_001387745.1	2663	2435.29	0	0
NM_001387750.1	2765	2537.29	0	0
NM_001387751.1	2774	2546.29	0	0
NM_001387752.1	2412	2184.29	0	0
NM_001387753.1	2420	2192.29	0	0
NM_001387754.1	2433	2205.29	0	0
NM_001387755.1	2487	2259.29	0	0
NM_001387756.1	2469	2241.29	0	0
NM_001387757.1	2602	2374.29	0	0
NM_001387759.1	2923	2695.29	0	0
NM_001387760.1	2973	2745.29	12.0532	0.197586
NM_001387761.1	3875	3647.29	17.3278	0.213803
NM_001387762.1	4026	3798.29	0	0
NM_001387763.1	2753	2525.29	0	0
NM_001387764.1	2807	2579.29	0	0
NM_001387765.1	2935	2707.29	0	0
NM_001387766.1	3046	2818.29	7.72368	0.123333
NM_001387767.1	2841	2613.29	0	0
NM_001387768.1	2701	2473.29	0	0
NM_001387769.1	3078	2850.29	0	0
NM_001387770.1	3035	2807.29	0	0
NM_001387771.1	2811	2583.29	0	0
NM_001387772.1	2747	2519.29	0	0
NM_001387773.1	2626	2398.29	0	0
NM_001387775.1	4910	4682.29	0	0
NM_001387776.1	4925	4697.29	7.68417	0.0736193
NM_001387777.1	10311	10083.3	4048.58	18.0694
NM_001387778.1	1170	942.293	0	0
NM_001387779.1	3318	3090.29	3.64432	0.0530712
NM_001387780.1	3426	3198.29	0	0
NM_001387781.1	5866	5638.29	0	0
NM_001387782.1	5609	5381.29	48.5966	0.406408
NM_001387783.1	5744	5516.29	5.6717	0.0462709
NM_001387784.1	5573	5345.29	20.0132	0.168495
NM_001387785.1	5827	5599.29	0	0
NM_001387786.1	5426	5198.29	0	0
NM_001387787.1	5610	5382.29	0.00419507	3.50763e-05
NM_001387788.1	5668	5440.29	0	0
NM_001387789.1	5411	5183.29	298.569	2.59228
NM_001387790.1	5488	5260.29	4.92793	0.0421596
NM_001387791.1	4727	4499.29	5.75474	0.0575604
NM_001387792.1	5678	5450.29	0	0
NM_001387793.1	5556	5328.29	166.747	1.40835
NM_001387794.1	5366	5138.29	0.450798	0.00394826
NM_001387795.1	5443	5215.29	0.00778011	6.71351e-05
NM_001387796.1	5520	5292.29	47.0589	0.400166
NM_001387797.1	4930	4702.29	0	0
NM_001387798.1	4670	4442.29	0	0
NM_001387799.1	5655	5427.29	27.4697	0.227779
NM_001387800.1	4611	4383.29	109.054	1.11965
NM_001387801.1	5569	5341.29	0	0
NM_001387802.1	5447	5219.29	22.2558	0.191899
NM_001387803.1	4637	4409.29	8.51136	0.0868705
NM_001387804.1	4607	4379.29	60.3909	0.620597
NM_001387805.1	6126	5898.29	50.9332	0.388613
NM_001387806.1	5283	5055.29	0	0
NM_001387807.1	4905	4677.29	1.95338	0.0187947
NM_001387808.1	4742	4514.29	0	0
NM_001387809.1	4571	4343.29	21.3524	0.221243
NM_001387810.1	5379	5151.29	0	0
NM_001387811.1	5486	5258.29	0	0
NM_001387812.1	4759	4531.29	0	0
NM_001387813.1	4716	4488.29	0	0
NM_001387814.1	5109	4881.29	0	0
NM_001387815.1	5229	5001.29	0	0
NM_001387816.1	5059	4831.29	0	0
NM_001387817.1	5364	5136.29	0	0
NM_001387818.1	4851	4623.29	15.7191	0.153009
NM_001387819.1	5231	5003.29	0	0
NM_001387820.1	5217	4989.29	31.2348	0.281736
NM_001387821.1	4639	4411.29	0	0
NM_001387822.1	4705	4477.29	0	0
NM_001387823.1	4448	4220.29	1.02047	0.0108818
NM_001387824.1	4583	4355.29	0	0
NM_001387825.1	4458	4230.29	60.1121	0.63949
NM_001387826.1	4593	4365.29	0	0
NM_001387827.1	4665	4437.29	2.50427e-05	2.53983e-07
NM_001387828.1	4349	4121.29	0	0
NM_001387829.1	4484	4256.29	0	0
NM_001387830.1	4268	4040.29	0	0
NM_001387831.1	4501	4273.29	0	0
NM_001387832.1	4244	4016.29	0	0
NM_001387833.1	4379	4151.29	0	0
NM_001387834.1	4178	3950.29	0	0
NM_001387835.1	9231	9003.29	0	0
NM_001387836.1	9387	9159.29	590.609	2.90189
NM_001387837.1	8757	8529.29	52.9587	0.279426
NM_001387838.1	8969	8741.29	17.4613	0.0898967
NM_001387839.1	9248	9020.29	26.3064	0.131245
NM_001387840.1	8618	8390.29	1.5609	0.00837219
NM_001387841.1	8939	8711.29	21.088	0.108942
NM_001387842.1	8955	8727.29	0	0
NM_001387843.1	9026	8798.29	0	0
NM_001387844.1	10624	10396.3	0	0
NM_001387845.1	2044	1816.29	26.4623	0.655668
NM_001387846.1	1930	1702.29	1118.56	29.571
NM_001387847.1	5876	5648.29	0	0
NM_001387848.1	5839	5611.29	0	0
NM_001387849.1	5713	5485.29	0	0
NM_001387850.1	5635	5407.29	0.439072	0.00365425
NM_001387851.1	4673	4445.29	20.845	0.21103
NM_001387852.1	2859	2631.29	0	0
NM_001387853.1	2212	1984.29	7.56732	0.171624
NM_001387854.1	2084	1856.29	1.67198	0.0405347
NM_001387855.1	2117	1889.29	4.79065	0.114114
NM_001387856.1	2209	1981.29	3.97209	0.090222
NM_001387857.1	2087	1859.29	3.47042	0.0839996
NM_001387858.1	2006	1778.29	2.51258e-06	6.35855e-08
NM_001387859.1	2276	2048.29	0	0
NM_001387860.1	3018	2790.29	0	0
NM_001387861.1	1495	1267.29	0	0
NM_001387862.1	1701	1473.29	0	0
NM_001387863.1	2359	2131.29	0	0
NM_001387864.1	1347	1119.29	0	0
NM_001387866.1	9999	9771.29	3.90236e-08	1.79729e-10
NM_001387867.1	9880	9652.29	0	0
NM_001387869.1	9702	9474.29	96.7535	0.459581
NM_001387871.1	3147	2919.29	0	0
NM_001387872.1	3281	3053.29	0	0
NM_001387873.1	3084	2856.29	0	0
NM_001387874.1	3081	2853.29	0	0
NM_001387875.1	3332	3104.29	0	0
NM_001387876.1	3042	2814.29	67.9131	1.08599
NM_001387877.1	3176	2948.29	20.7039	0.316026
NM_001387878.1	3291	3063.29	8.53913	0.125449
NM_001387879.1	3288	3060.29	0	0
NM_001387880.1	6726	6498.29	16.7506	0.116004
NM_001387881.1	3317	3089.29	6.64003	0.0967282
NM_001387882.1	3183	2955.29	20.1869	0.307405
NM_001387883.1	3186	2958.29	44.6709	0.679556
NM_001387884.1	3320	3092.29	25.881	0.376655
NM_001387885.1	6911	6683.29	13.2075	0.088935
NM_001387886.1	6618	6390.29	25.199	0.177462
NM_001387887.1	6621	6393.29	36.4521	0.256591
NM_001387889.1	8056	7828.29	0	0
NM_001387890.1	7865	7637.29	0	0
NM_001387891.1	7920	7692.29	0	0
NM_001387892.1	3712	3484.29	0	0
NM_001387893.1	3800	3572.29	0.00475289	5.98761e-05
NM_001387894.1	3867	3639.29	0	0
NM_001387895.1	3935	3707.29	12.2328	0.148494
NM_001387896.1	3749	3521.29	0	0
NM_001387897.1	3923	3695.29	0	0
NM_001387898.1	3706	3478.29	0	0
NM_001387899.1	4008	3780.29	0	0
NM_001387900.1	3694	3466.29	0	0
NM_001387901.1	4105	3877.29	0	0
NM_001387902.1	3879	3651.29	0	0
NM_001387903.1	4129	3901.29	0	0
NM_001387904.1	3762	3534.29	0	0
NM_001387905.1	3601	3373.29	0	0
NM_001387906.1	3743	3515.29	0	0
NM_001387907.1	3613	3385.29	0	0
NM_001387908.1	3689	3461.29	0.00374382	4.86764e-05
NM_001387909.1	3745	3517.29	17.0151	0.217705
NM_001387910.1	3639	3411.29	0	0
NM_001387911.1	3821	3593.29	0	0
NM_001387912.1	3765	3537.29	0	0
NM_001387913.1	3595	3367.29	0	0
NM_001387914.1	3768	3540.29	0	0
NM_001387915.1	3812	3584.29	0	0
NM_001387916.1	3781	3553.29	167.924	2.12678
NM_001387917.1	3784	3556.29	0	0
NM_001387918.1	3756	3528.29	0	0
NM_001387919.1	4692	4464.29	1.64519e-07	1.65846e-09
NM_001387920.1	4521	4293.29	70.6986	0.741076
NM_001387921.1	4517	4289.29	159.658	1.67512
NM_001387922.1	2177	1949.29	68.5686	1.58304
NM_001387923.1	2127	1899.29	0	0
NM_001387924.1	4301	4073.29	267.362	2.9539
NM_001387925.1	4381	4153.29	38.2188	0.414121
NM_001387926.1	3264	3036.29	1.88206	0.0278953
NM_001387927.1	3265	3037.29	25.2687	0.374402
NM_001387928.1	3207	2979.29	3.13222	0.047313
NM_001387929.1	3165	2937.29	59.3722	0.909659
NM_001387930.1	3161	2933.29	5.71903	0.0877424
NM_001387931.1	2464	2236.29	9.49231	0.191023
NM_001387932.1	2156	1928.29	43.4609	1.0143
NM_001387933.1	11178	10950.3	380.476	1.56367
NM_001387934.1	10986	10758.3	0	0
NM_001387937.1	10770	10542.3	0	0
NM_001387938.1	10551	10323.3	29.0938	0.126831
NM_001387939.1	5656	5428.29	28.9523	0.240028
NM_001387940.1	3499	3271.29	0.0109875	0.000151155
NM_001387941.1	8108	7880.29	0	0
NM_001387942.1	3531	3303.29	0	0
NM_001387943.1	3552	3324.29	19.6601	0.266152
NM_001387944.1	3558	3330.29	0	0
NM_001387945.1	8288	8060.29	91.2761	0.509622
NM_001387946.1	3576	3348.29	52.0806	0.699994
NM_001387947.1	8829	8601.29	25.1184	0.131423
NM_001387948.1	8285	8057.29	0	0
NM_001387949.1	3588	3360.29	0	0
NM_001387950.1	8202	7974.29	0	0
NM_001387951.1	3591	3363.29	146.606	1.96168
NM_001387952.1	8007	7779.29	0	0
NM_001387953.1	8064	7836.29	0	0
NM_001387954.1	3607	3379.29	0.0496126	0.000660707
NM_001387955.1	3609	3381.29	0	0
NM_001387956.1	3612	3384.29	91.4532	1.21611
NM_001387957.1	7580	7352.29	0	0
NM_001387958.1	3642	3414.29	0	0
NM_001387959.1	7639	7411.29	0	0
NM_001387960.1	8108	7880.29	0	0
NM_001387961.1	3646	3418.29	0.0568037	0.000747841
NM_001387962.1	7920	7692.29	0	0
NM_001387963.1	3678	3450.29	0	0
NM_001387964.1	3681	3453.29	0	0
NM_001387965.1	3696	3468.29	115.361	1.49687
NM_001387966.1	7989	7761.29	0	0
NM_001387967.1	7872	7644.29	0	0
NM_001387968.1	7797	7569.29	0	0
NM_001387969.1	7834	7606.29	0	0
NM_001387970.1	8140	7912.29	0	0
NM_001387971.1	7749	7521.29	0	0
NM_001387972.1	8062	7834.29	0	0
NM_001387973.1	7510	7282.29	0	0
NM_001387974.1	7713	7485.29	0	0
NM_001387975.1	7713	7485.29	0.0116499	7.00414e-05
NM_001387976.1	7864	7636.29	24.6292	0.145148
NM_001387977.1	7697	7469.29	2.69558e-08	1.62411e-10
NM_001387978.1	7859	7631.29	39.2871	0.231683
NM_001387979.1	8085	7857.29	0	0
NM_001387980.1	7934	7706.29	4.05533e-08	2.36823e-10
NM_001387981.1	7939	7711.29	38.8301	0.226612
NM_001387982.1	3705	3477.29	0	0
NM_001387983.1	3717	3489.29	0	0
NM_001387984.1	3720	3492.29	289.649	3.73253
NM_001387985.1	3723	3495.29	16.9659	0.218441
NM_001387986.1	3731	3503.29	78.9688	1.01443
NM_001387987.1	3732	3504.29	0	0
NM_001387988.1	3751	3523.29	0	0
NM_001387989.1	3754	3526.29	0.227289	0.0029007
NM_001387990.1	3756	3528.29	0	0
NM_001387991.1	3789	3561.29	0	0
NM_001387992.1	3813	3585.29	0	0
NM_001387993.1	3840	3612.29	0	0
NM_001387994.1	3843	3615.29	363.724	4.52762
NM_001387995.1	3864	3636.29	0	0
NM_001387996.1	3867	3639.29	871.639	10.7786
NM_001387997.1	3440	3212.29	0	0
NM_001387998.1	3491	3263.29	0	0
NM_001387999.1	3494	3266.29	64.0133	0.881977
NM_001388.5	1900	1672.29	1105.84	29.7592
NM_001388000.1	3494	3266.29	0	0
NM_001388001.1	3506	3278.29	213.843	2.93555
NM_001388002.1	3560	3332.29	0	0
NM_001388003.1	3563	3335.29	0	0
NM_001388004.1	3587	3359.29	0	0
NM_001388005.1	3599	3371.29	0	0
NM_001388006.1	3602	3374.29	214.572	2.86176
NM_001388007.1	3638	3410.29	0	0
NM_001388008.1	3665	3437.29	0	0
NM_001388009.1	3668	3440.29	89.1443	1.16611
NM_001388010.1	3746	3518.29	0	0
NM_001388011.1	3749	3521.29	681.351	8.70785
NM_001388012.1	3776	3548.29	102.291	1.29736
NM_001388013.1	3419	3191.29	0	0
NM_001388014.1	3442	3214.29	10.7461	0.150455
NM_001388015.1	3589	3361.29	42.0789	0.563379
NM_001388016.1	3761	3533.29	0	0
NM_001388017.1	3767	3539.29	76.295	0.970113
NM_001388018.1	3803	3575.29	72.9226	0.917894
NM_001388019.1	3908	3680.29	0	0
NM_001388020.1	3911	3683.29	219.649	2.68371
NM_001388021.1	4754	4526.29	7.80182e-07	7.75703e-09
NM_001388022.1	10695	10467.3	0	0
NM_001388023.1	10584	10356.3	0	0
NM_001388024.1	11047	10819.3	194.469	0.808898
NM_001388025.1	5899	5671.29	0.0102247	8.11356e-05
NM_001388026.1	5772	5544.29	59.3679	0.48189
NM_001388027.1	3322	3094.29	0	0
NM_001388028.1	3107	2879.29	0	0
NM_001388029.1	3275	3047.29	93.0362	1.37398
NM_001388030.1	3310	3082.29	0	0
NM_001388031.1	3503	3275.29	48.8511	0.671222
NM_001388032.1	3044	2816.29	0	0
NM_001388033.1	2975	2747.29	36.2314	0.593502
NM_001388034.1	3009	2781.29	0	0
NM_001388035.1	3075	2847.29	0	0
NM_001388037.1	3056	2828.29	0	0
NM_001388038.1	3233	3005.29	0	0
NM_001388039.1	3202	2974.29	84.4996	1.27854
NM_001388040.1	3591	3363.29	0	0
NM_001388041.1	3230	3002.29	0	0
NM_001388042.1	3127	2899.29	56.4897	0.876838
NM_001388043.1	3219	2991.29	4.51445	0.0679185
NM_001388044.1	3199	2971.29	13.0901	0.198262
NM_001388045.1	3588	3360.29	0	0
NM_001388046.1	3160	2932.29	0	0
NM_001388047.1	3355	3127.29	0	0
NM_001388048.1	3157	2929.29	0	0
NM_001388049.1	3035	2807.29	0	0
NM_001388050.1	3032	2804.29	0	0
NM_001388051.1	3057	2829.29	0	0
NM_001388052.1	3344	3116.29	7.09758e-07	1.02498e-08
NM_001388053.1	3252	3024.29	14.7324	0.219226
NM_001388054.1	3347	3119.29	1.04347e-06	1.50544e-08
NM_001388055.1	3327	3099.29	2.70184e-06	3.92319e-08
NM_001388056.1	3001	2773.29	0	0
NM_001388057.1	3054	2826.29	0	0
NM_001388058.1	3024	2796.29	0	0
NM_001388059.1	3324	3096.29	1.86642e-06	2.71274e-08
NM_001388060.1	3716	3488.29	0	0
NM_001388061.1	3713	3485.29	0	0
NM_001388062.1	3762	3534.29	0	0
NM_001388063.1	2965	2737.29	0	0
NM_001388064.1	2840	2612.29	0	0
NM_001388065.1	2837	2609.29	0	0
NM_001388066.1	1507	1279.29	0	0
NM_001388067.1	5983	5755.29	146.086	1.14231
NM_001388068.1	6122	5894.29	45.8878	0.350355
NM_001388069.1	3508	3280.29	42.5576	0.583857
NM_001388070.1	6058	5830.29	0	0
NM_001388071.1	6171	5943.29	0	0
NM_001388072.1	5766	5538.29	0	0
NM_001388073.1	5875	5647.29	0	0
NM_001388074.1	6063	5835.29	0	0
NM_001388075.1	5658	5430.29	0	0
NM_001388076.1	5939	5711.29	0.377216	0.00297234
NM_001388077.1	5752	5524.29	13.1286	0.106951
NM_001388078.1	5214	4986.29	67.8273	0.612165
NM_001388079.1	3620	3392.29	0	0
NM_001388080.1	3539	3311.29	0	0
NM_001388081.1	3527	3299.29	0	0
NM_001388082.1	3470	3242.29	4.08569	0.0567094
NM_001388083.1	3392	3164.29	0	0
NM_001388084.1	3392	3164.29	0	0
NM_001388085.1	3419	3191.29	38.9402	0.549129
NM_001388086.1	3338	3110.29	0	0
NM_001388087.1	3554	3326.29	0	0
NM_001388088.1	3576	3348.29	0	0
NM_001388089.1	3421	3193.29	3.97124	0.0559666
NM_001388090.1	3015	2787.29	0	0
NM_001388091.1	2780	2552.29	0	0
NM_001388092.1	13532	13304.3	0	0
NM_001388093.1	4934	4706.29	9.42694	0.0901435
NM_001388094.1	4856	4628.29	4.28721	0.0416866
NM_001388095.1	5300	5072.29	18.3723	0.163005
NM_001388096.1	4918	4690.29	0	0
NM_001388097.1	4922	4694.29	2.03937	0.019551
NM_001388098.1	5160	4932.29	7.72917	0.0705222
NM_001388099.1	5130	4902.29	0.00141173	1.29597e-05
NM_001388100.1	5200	4972.29	0.00141068	1.27677e-05
NM_001388101.1	5118	4890.29	76.2017	0.701248
NM_001388102.1	5485	5257.29	31.6247	0.270711
NM_001388103.1	5189	4961.29	18.9739	0.172109
NM_001388105.1	5096	4868.29	9.79987	0.0905911
NM_001388106.1	4905	4677.29	4.10141	0.0394621
NM_001388107.1	4929	4701.29	0	0
NM_001388108.1	4781	4553.29	11.5819	0.114471
NM_001388109.1	4940	4712.29	11.3626	0.108514
NM_001388110.1	4895	4667.29	3.70091	0.035685
NM_001388111.1	4914	4686.29	0	0
NM_001388112.1	4794	4566.29	0	0
NM_001388113.1	5097	4869.29	2.64505	0.0244462
NM_001388114.1	5088	4860.29	222.46	2.05983
NM_001388115.1	5177	4949.29	30.8974	0.280945
NM_001388116.1	4917	4689.29	0	0
NM_001388117.1	4947	4719.29	18.0011	0.171658
NM_001388118.1	5084	4856.29	16.1637	0.149789
NM_001388119.1	4883	4655.29	15.9643	0.154328
NM_001388120.1	4839	4611.29	0	0
NM_001388121.1	4809	4581.29	0.0540401	0.000530848
NM_001388122.1	4893	4665.29	17.5907	0.169686
NM_001388123.1	5235	5007.29	9.69649e-05	8.71473e-07
NM_001388124.1	4769	4541.29	51.0899	0.506288
NM_001388125.1	4994	4766.29	0	0
NM_001388126.1	5247	5019.29	0	0
NM_001388127.1	5165	4937.29	55.508	0.505951
NM_001388128.1	4847	4619.29	107.226	1.04464
NM_001388129.1	4928	4700.29	47.8859	0.458485
NM_001388130.1	5085	4857.29	55.7766	0.516773
NM_001388131.1	5010	4782.29	1.18046	0.0111085
NM_001388132.1	4998	4770.29	61.2872	0.578185
NM_001388133.1	4696	4468.29	0.000607347	6.11698e-06
NM_001388134.1	4718	4490.29	7.76056	0.0777787
NM_001388135.1	4959	4731.29	19.5711	0.186156
NM_001388136.1	4824	4596.29	0	0
NM_001388137.1	4502	4274.29	0	0
NM_001388138.1	3002	2774.29	0	0
NM_001388139.1	2650	2422.29	0.5394	0.0100214
NM_001388140.1	3084	2856.29	0	0
NM_001388141.1	3081	2853.29	0	0
NM_001388142.1	2916	2688.29	1.5422	0.025817
NM_001388143.1	2909	2681.29	0	0
NM_001388144.1	2624	2396.29	0	0
NM_001388145.1	3005	2777.29	0	0
NM_001388146.1	2960	2732.29	0	0
NM_001388147.1	2818	2590.29	0	0
NM_001388148.1	2892	2664.29	83.1102	1.40383
NM_001388149.1	2930	2702.29	8.06317	0.134281
NM_001388150.1	2874	2646.29	0	0
NM_001388151.1	2844	2616.29	0.349338	0.006009
NM_001388152.1	2867	2639.29	0	0
NM_001388153.1	3039	2811.29	0	0
NM_001388154.1	3032	2804.29	0	0
NM_001388155.1	2799	2571.29	0.000181475	3.1762e-06
NM_001388156.1	2837	2609.29	0.0274505	0.000473446
NM_001388157.1	2769	2541.29	54.5726	0.966411
NM_001388158.1	2680	2452.29	0	0
NM_001388159.1	2946	2718.29	0	0
NM_001388160.1	2939	2711.29	0	0
NM_001388161.1	2762	2534.29	5.0977	0.0905232
NM_001388162.1	2605	2377.29	0	0
NM_001388163.1	2871	2643.29	83.98	1.42979
NM_001388164.1	2871	2643.29	0.00570171	9.70738e-05
NM_001388165.1	2530	2302.29	0	0
NM_001388166.1	2512	2284.29	0	0
NM_001388167.1	2437	2209.29	0	0
NM_001388168.1	2605	2377.29	0	0
NM_001388169.1	2627	2399.29	9.2565e-05	1.73622e-06
NM_001388170.1	2741	2513.29	52.9112	0.94743
NM_001388171.1	2778	2550.29	0	0
NM_001388172.1	2787	2559.29	0	0
NM_001388173.1	867	639.427	3.68655e-07	2.5946e-08
NM_001388174.1	885	657.427	0	0
NM_001388175.1	911	683.293	6.82789e-06	4.49698e-07
NM_001388176.1	999	771.293	13.7968	0.80501
NM_001388177.1	1036	808.293	0	0
NM_001388178.1	2559	2331.29	0	0
NM_001388179.1	8794	8566.29	0	0
NM_001388180.1	9067	8839.29	16.7802	0.0854324
NM_001388181.1	8732	8504.29	0	0
NM_001388182.1	8779	8551.29	0	0
NM_001388183.1	9286	9058.29	0	0
NM_001388184.1	9283	9055.29	0	0
NM_001388185.1	6757	6529.29	1479.23	10.1956
NM_001388186.1	6594	6366.29	0	0
NM_001388187.1	6542	6314.29	0	0
NM_001388188.1	6527	6299.29	128.498	0.918011
NM_001388189.1	3972	3744.29	46.4694	0.558521
NM_001388190.1	4157	3929.29	18.4325	0.211111
NM_001388191.1	4191	3963.29	24.2456	0.275308
NM_001388192.1	4072	3844.29	12.6495	0.148081
NM_001388193.1	3909	3681.29	22.5296	0.27542
NM_001388198.1	676	449.451	0	0
NM_001388199.1	978	750.293	0	0
NM_001388200.1	3534	3306.29	0	0
NM_001388201.1	3510	3282.29	0	0
NM_001388202.1	3547	3319.29	0	0
NM_001388203.1	3357	3129.29	0	0
NM_001388204.1	3279	3051.29	11.3312	0.167123
NM_001388205.1	3541	3313.29	0	0
NM_001388206.1	3767	3539.29	0	0
NM_001388207.1	3577	3349.29	0	0
NM_001388208.1	3993	3765.29	0	0
NM_001388209.1	3957	3729.29	0	0
NM_001388210.1	3314	3086.29	0	0
NM_001388211.1	3517	3289.29	0	0
NM_001388212.1	3782	3554.29	0	0
NM_001388213.1	3553	3325.29	0	0
NM_001388214.1	3660	3432.29	0	0
NM_001388215.1	3505	3277.29	0	0
NM_001388216.1	3165	2937.29	0	0
NM_001388217.1	3463	3235.29	0	0
NM_001388218.1	3442	3214.29	0	0
NM_001388219.1	3045	2817.29	0	0
NM_001388220.1	3805	3577.29	0	0
NM_001388221.1	3629	3401.29	0	0
NM_001388222.1	3507	3279.29	0	0
NM_001388223.1	3364	3136.29	0	0
NM_001388224.1	3400	3172.29	0	0
NM_001388225.1	3471	3243.29	0	0
NM_001388226.1	3792	3564.29	0	0
NM_001388227.1	3376	3148.29	0	0
NM_001388228.1	3340	3112.29	0	0
NM_001388229.1	3566	3338.29	0	0
NM_001388230.1	3447	3219.29	0	0
NM_001388231.1	3392	3164.29	0	0
NM_001388233.1	3361	3133.29	0	0
NM_001388234.1	3765	3537.29	0	0
NM_001388235.1	3349	3121.29	0	0
NM_001388236.1	3429	3201.29	2.63023e-07	3.69752e-09
NM_001388237.1	3738	3510.29	0	0
NM_001388238.1	3405	3177.29	0	0
NM_001388239.1	3393	3165.29	0	0
NM_001388240.1	3286	3058.29	5.17577	0.0761619
NM_001388241.1	3228	3000.29	7.44859	0.111726
NM_001388242.1	3551	3323.29	0	0
NM_001388243.1	3699	3471.29	0	0
NM_001388244.1	3316	3088.29	0	0
NM_001388245.1	3298	3070.29	7.02684e-07	1.02997e-08
NM_001388246.1	3714	3486.29	0	0
NM_001388247.1	3262	3034.29	7.4036	0.109806
NM_001388248.1	3527	3299.29	0	0
NM_001388249.1	3369	3141.29	0	0
NM_001388250.1	3405	3177.29	3.27135e-07	4.63353e-09
NM_001388251.1	3369	3141.29	0	0
NM_001388252.1	3286	3058.29	0	0
NM_001388253.1	3271	3043.29	0	0
NM_001388254.1	3262	3034.29	0	0
NM_001388255.1	3218	2990.29	0	0
NM_001388256.1	3214	2986.29	0	0
NM_001388257.1	2887	2659.29	0	0
NM_001388258.1	3250	3022.29	0	0
NM_001388259.1	3247	3019.29	0	0
NM_001388260.1	3056	2828.29	7.49244	0.119218
NM_001388261.1	3172	2944.29	0	0
NM_001388262.1	3079	2851.29	4.34786	0.068624
NM_001388263.1	3315	3087.29	0	0
NM_001388264.1	3398	3170.29	0	0
NM_001388265.1	3159	2931.29	27.92	0.428645
NM_001388266.1	3208	2980.29	0	0
NM_001388267.1	3291	3063.29	0	0
NM_001388268.1	3649	3421.29	0	0
NM_001388269.1	3184	2956.29	0	0
NM_001388270.1	3291	3063.29	0	0
NM_001388271.1	3818	3590.29	409.431	5.13208
NM_001388272.1	4207	3979.29	0	0
NM_001388273.1	3184	2956.29	0	0
NM_001388274.1	3841	3613.29	174.562	2.17415
NM_001388275.1	3036	2808.29	31.8742	0.510786
NM_001388276.1	3771	3543.29	0	0
NM_001388277.1	2967	2739.29	0	0
NM_001388278.1	3729	3501.29	0	0
NM_001388279.1	3516	3288.29	12.8794	0.176266
NM_001388280.1	3326	3098.29	1.39106e-06	2.02053e-08
NM_001388281.1	3483	3255.29	0	0
NM_001388282.1	3029	2801.29	0	0
NM_001388283.1	3220	2992.29	0.00691003	0.000103924
NM_001388284.1	3998	3770.29	0	0
NM_001388285.1	3954	3726.29	0	0
NM_001388286.1	3149	2921.29	0	0
NM_001388287.1	3200	2972.29	0	0
NM_001388288.1	3224	2996.29	0	0
NM_001388289.1	3314	3086.29	0	0
NM_001388290.1	3332	3104.29	0	0
NM_001388291.1	3344	3116.29	0	0
NM_001388292.1	3392	3164.29	0	0
NM_001388293.1	3416	3188.29	0	0
NM_001388294.1	3569	3341.29	0	0
NM_001388295.1	3593	3365.29	0	0
NM_001388296.1	3295	3067.29	0.00871477	0.000127862
NM_001388297.1	2974	2746.29	0	0
NM_001388298.1	2895	2667.29	23.2892	0.392941
NM_001388299.1	5164	4936.29	28.5962	0.260705
NM_001388300.1	5041	4813.29	39.0465	0.365075
NM_001388301.1	5293	5065.29	110.813	0.984531
NM_001388302.1	5284	5056.29	59.9622	0.533688
NM_001388303.1	15752	15524.3	1409	4.08452
NM_001388304.1	569	344.595	0	0
NM_001388305.1	513	291.914	5.36885	0.827693
NM_001388306.1	3892	3664.29	902.441	11.0833
NM_001388307.1	3760	3532.29	392.43	4.99975
NM_001388308.1	2195	1967.29	0	0
NM_001388309.1	9666	9438.29	0.00146456	6.98323e-06
NM_001388310.1	717	489.852	0	0
NM_001388311.1	699	471.947	0	0
NM_001388312.1	4349	4121.29	0	0
NM_001388313.1	4244	4016.29	0	0
NM_001388314.1	1093	865.293	76.5039	3.97889
NM_001388315.1	4433	4205.29	0	0
NM_001388316.1	4076	3848.29	114.275	1.33637
NM_001388317.1	4355	4127.29	27.4845	0.299685
NM_001388318.1	4460	4232.29	210.778	2.24126
NM_001388319.1	4099	3871.29	39.2333	0.45608
NM_001388320.1	3443	3215.29	0.00707679	9.90508e-05
NM_001388321.1	3459	3231.29	20.6815	0.288037
NM_001388322.1	3378	3150.29	5.3988	0.0771238
NM_001388323.1	3421	3193.29	11.7759	0.165957
NM_001388324.1	3448	3220.29	2.14652	0.0299973
NM_001388325.1	7256	7028.29	63.1116	0.404112
NM_001388326.1	3324	3096.29	0	0
NM_001388327.1	3568	3340.29	0	0
NM_001388328.1	4062	3834.29	0	0
NM_001388329.1	4024	3796.29	0	0
NM_001388330.1	4393	4165.29	0	0
NM_001388331.1	4449	4221.29	0	0
NM_001388332.1	4369	4141.29	0	0
NM_001388333.1	4000	3772.29	0	0
NM_001388334.1	3782	3554.29	0.000954137	1.20809e-05
NM_001388335.1	3779	3551.29	0	0
NM_001388336.1	4341	4113.29	0	0
NM_001388337.1	4282	4054.29	0	0
NM_001388338.1	3951	3723.29	0	0
NM_001388339.1	3716	3488.29	0	0
NM_001388340.1	3927	3699.29	0	0
NM_001388341.1	3889	3661.29	0	0
NM_001388342.1	3671	3443.29	0	0
NM_001388343.1	4251	4023.29	0	0
NM_001388344.1	3798	3570.29	0	0
NM_001388345.1	4035	3807.29	0	0
NM_001388346.1	3645	3417.29	0	0
NM_001388347.1	3365	3137.29	0	0
NM_001388348.1	3860	3632.29	0	0
NM_001388349.1	4288	4060.29	0	0
NM_001388350.1	3787	3559.29	0	0
NM_001388351.1	4118	3890.29	0	0
NM_001388352.1	3074	2846.29	3.67754	0.058146
NM_001388353.1	3603	3375.29	0	0
NM_001388354.1	1096	868.293	0	0
NM_001388355.1	3499	3271.29	0	0
NM_001388356.1	3647	3419.29	0	0
NM_001388357.1	3647	3419.29	0	0
NM_001388358.1	3650	3422.29	0	0
NM_001388359.1	7365	7137.29	1.19645	0.00754401
NM_001388360.1	6808	6580.29	0	0
NM_001388361.1	6654	6426.29	0	0
NM_001388362.1	6206	5978.29	0	0
NM_001388363.1	3462	3234.29	1.31663	0.01832
NM_001388364.1	3651	3423.29	0	0
NM_001388365.1	3642	3414.29	0	0
NM_001388366.1	8119	7891.29	1164.56	6.64136
NM_001388367.1	7899	7671.29	76.3796	0.448075
NM_001388368.1	8218	7990.29	151.046	0.850725
NM_001388369.1	8100	7872.29	290.805	1.66243
NM_001388370.1	8153	7925.29	985.367	5.59532
NM_001388371.1	8008	7780.29	46.2322	0.267418
NM_001388372.1	7593	7365.29	0	0
NM_001388373.1	7836	7608.29	0	0
NM_001388374.1	7392	7164.29	0	0
NM_001388375.1	7613	7385.29	95.2191	0.580228
NM_001388376.1	7864	7636.29	0	0
NM_001388377.1	7582	7354.29	0	0
NM_001388378.1	7643	7415.29	0	0
NM_001388379.1	7717	7489.29	115.559	0.69439
NM_001388380.3	3926	3698.29	10.3727	0.126222
NM_001388381.1	7646	7418.29	0	0
NM_001388382.1	7280	7052.29	6.63911	0.0423664
NM_001388383.1	7185	6957.29	15.4298	0.0998075
NM_001388384.1	7422	7194.29	0	0
NM_001388385.1	4988	4760.29	155.483	1.46991
NM_001388386.1	4789	4561.29	50.0035	0.49335
NM_001388387.1	4940	4712.29	88.5003	0.845191
NM_001388388.1	4744	4516.29	0	0
NM_001388389.1	4895	4667.29	103.388	0.996886
NM_001388390.1	4883	4655.29	0	0
NM_001388391.1	4874	4646.29	91.6997	0.888185
NM_001388392.1	4679	4451.29	0	0
NM_001388393.1	4520	4292.29	0	0
NM_001388394.1	4469	4241.29	0	0
NM_001388396.1	4488	4260.29	0	0
NM_001388397.1	4489	4261.29	0	0
NM_001388398.1	4568	4340.29	0	0
NM_001388399.1	4670	4442.29	0	0
NM_001388400.1	4334	4106.29	0.00482874	5.29208e-05
NM_001388401.1	2459	2231.29	1050.32	21.1839
NM_001388402.1	2352	2124.29	2481.9	52.579
NM_001388403.1	4098	3870.29	0	0
NM_001388404.1	3125	2897.29	0	0
NM_001388405.1	5874	5646.29	0.0316554	0.000252305
NM_001388406.1	5859	5631.29	1.21435	0.00970464
NM_001388407.1	6259	6031.29	0	0
NM_001388408.1	5263	5035.29	0	0
NM_001388409.1	5341	5113.29	0	0
NM_001388410.1	4290	4062.29	2.75393	0.0305087
NM_001388411.1	4446	4218.29	0	0
NM_001388412.1	6256	6028.29	0	0
NM_001388413.1	4633	4405.29	0	0
NM_001388414.1	4606	4378.29	0	0
NM_001388415.1	4594	4366.29	0	0
NM_001388416.1	4567	4339.29	9.86578	0.102319
NM_001388417.1	6758	6530.29	0	0
NM_001388418.1	6731	6503.29	0	0
NM_001388419.1	16188	15960.3	0	0
NM_001388420.1	2787	2559.29	4.7032e-07	8.2702e-09
NM_001388421.1	2760	2532.29	8.79787e-06	1.56353e-07
NM_001388422.1	1536	1308.29	0	0
NM_001388423.1	1509	1281.29	0	0
NM_001388424.1	2475	2247.29	43.3646	0.868396
NM_001388427.1	1933	1705.29	12.2443	0.323129
NM_001388428.1	1535	1307.29	0	0
NM_001388431.1	2616	2388.29	0	0
NM_001388432.2	4491	4263.29	1.45005	0.0153066
NM_001388433.1	2613	2385.29	0	0
NM_001388434.1	2674	2446.29	11.7362	0.215905
NM_001388435.1	2554	2326.29	19.3996	0.375292
NM_001388436.1	2493	2265.29	0	0
NM_001388437.1	2490	2262.29	0	0
NM_001388438.1	2452	2224.29	0	0
NM_001388439.2	1019	791.293	0.0862447	0.00490498
NM_001388440.1	1348	1120.29	0	0
NM_001388441.1	2385	2157.29	0	0
NM_001388442.1	2411	2183.29	6.61297	0.13631
NM_001388443.1	2415	2187.29	4.13458	0.0850682
NM_001388444.1	2469	2241.29	0	0
NM_001388445.1	2400	2172.29	5.99794	0.124259
NM_001388446.1	853	625.427	0	0
NM_001388447.1	1592	1364.29	0	0
NM_001388448.1	1787	1559.29	0	0
NM_001388449.1	1027	799.293	2.1071	0.118637
NM_001388452.1	2360	2132.29	0	0
NM_001388453.1	5972	5744.29	0	0
NM_001388459.1	7573	7345.29	104.5	0.640251
NM_001388460.1	3375	3147.29	0	0
NM_001388461.1	3297	3069.29	25.0903	0.367883
NM_001388462.1	7372	7144.29	47.7612	0.300856
NM_001388464.1	870	642.427	0	0
NM_001388465.1	1841	1613.29	0	0
NM_001388467.1	1190	962.293	0	0
NM_001388468.1	1240	1012.29	0	0
NM_001388469.1	1811	1583.29	9.0645	0.257647
NM_001388470.1	1571	1343.29	2.40627	0.080615
NM_001388471.1	1602	1374.29	5.2334	0.171375
NM_001388474.1	3687	3459.29	2.04514	0.0266059
NM_001388480.1	2667	2439.29	0	0
NM_001388481.1	2805	2577.29	0	0
NM_001388482.1	755	527.701	0	0
NM_001388484.1	4272	4044.29	0	0
NM_001388485.1	5144	4916.29	0	0
NM_001388488.1	8448	8220.29	0	0
NM_001388489.1	3032	2804.29	0	0
NM_001388490.1	3372	3144.29	4129.89	59.1096
NM_001388492.1	13472	13244.3	2875.68	9.77133
NM_001388493.1	3921	3693.29	0	0
NM_001388494.1	3849	3621.29	0	0
NM_001388495.1	3846	3618.29	0	0
NM_001388496.1	3359	3131.29	0	0
NM_001388498.1	1042	814.293	0	0
NM_001389.5	8571	8343.29	0.00136055	7.33871e-06
NM_001389244.1	1831	1603.29	1	0.0280692
NM_001389263.1	6350	6122.29	0	0
NM_001389264.1	7330	7102.29	489.273	3.10024
NM_001389291.1	8108	7880.29	71.1862	0.406533
NM_001389303.1	4065	3837.29	0	0
NM_001389320.1	1343	1115.29	74.7313	3.01548
NM_001389402.1	3135	2907.29	0	0
NM_001389445.1	2025	1797.29	876.261	21.941
NM_001389466.1	1631	1403.29	0	0
NM_001389467.1	1583	1355.29	0	0
NM_001389468.1	1726	1498.29	0	0
NM_001389469.1	1588	1360.29	0	0
NM_001389470.1	2196	1968.29	17	0.388688
NM_001389471.1	2291	2063.29	0	0
NM_001389527.1	1465	1237.29	0	0
NM_001389556.1	1660	1432.29	93.0327	2.92312
NM_001389559.1	1561	1333.29	164.082	5.5383
NM_001389562.1	4128	3900.29	14.3172	0.165197
NM_001389563.1	3521	3293.29	69.3596	0.947804
NM_001389565.1	3283	3055.29	0	0
NM_001389574.1	6104	5876.29	1.5302e-05	1.17189e-07
NM_001389576.1	1454	1226.29	29.6242	1.08716
NM_001389578.1	1564	1336.29	63.462	2.13725
NM_001389579.1	1281	1053.29	342.868	14.6494
NM_001389581.1	1634	1406.29	0	0
NM_001389582.1	1489	1261.29	178.788	6.37917
NM_001389583.1	1246	1018.29	68.9071	3.04532
NM_001389584.1	1136	908.293	303.56	15.0405
NM_001389585.1	1573	1345.29	17.7338	0.593237
NM_001389586.1	1498	1270.29	51.9793	1.84149
NM_001389587.1	796	568.487	0	0
NM_001389588.1	1255	1027.29	15.5583	0.681569
NM_001389594.1	4755	4527.29	176.606	1.75553
NM_001389595.1	4755	4527.29	13.0078	0.129302
NM_001389596.1	4727	4499.29	98.587	0.986092
NM_001389597.1	4458	4230.29	7.84948	0.0835051
NM_001389598.1	4715	4487.29	124.63	1.24992
NM_001389599.1	4673	4445.29	142.153	1.43913
NM_001389600.1	4670	4442.29	43.8789	0.44452
NM_001389601.1	4704	4476.29	11.2728	0.113333
NM_001389602.1	4746	4518.29	1.13105	0.0112654
NM_001389603.1	4710	4482.29	62.7144	0.629665
NM_001389604.1	4718	4490.29	24.336	0.243902
NM_001389605.1	4565	4337.29	0	0
NM_001389606.1	4452	4224.29	9.0803	0.096736
NM_001389607.1	4407	4179.29	7.82727	0.0842849
NM_001389608.1	4412	4184.29	15.3564	0.165162
NM_001389609.1	1941	1713.29	0	0
NM_001389610.1	1864	1636.29	0	0
NM_001389611.1	11622	11394.3	0	0
NM_001389612.1	11589	11361.3	8302.84	32.8883
NM_001389613.1	11451	11223.3	0	0
NM_001389614.1	11418	11190.3	0	0
NM_001389615.1	13687	13459.3	5978.83	19.9911
NM_001389616.1	13609	13381.3	1695.59	5.7025
NM_001389617.1	13891	13663.3	2379.13	7.83618
NM_001389618.1	2126	1898.29	0	0
NM_001389619.1	2531	2303.29	0	0
NM_001389620.1	2793	2565.29	0	0
NM_001389621.1	2885	2657.29	0	0
NM_001389623.1	2699	2471.29	0	0
NM_001389624.1	2696	2468.29	0	0
NM_001389625.1	1443	1215.29	38.881	1.43979
NM_001389628.1	9986	9758.29	0	0
NM_001389630.1	10076	9848.29	28.27	0.129184
NM_001389631.1	11211	10983.3	102.478	0.419894
NM_001389638.1	8002	7774.29	21.9789	0.12723
NM_001389639.1	3004	2776.29	8.50332	0.137837
NM_001389643.1	3647	3419.29	0	0
NM_001389650.1	5046	4818.29	0	0
NM_001389651.1	3806	3578.29	880.277	11.071
NM_001389652.1	2529	2301.29	19.9948	0.391009
NM_001389653.1	2346	2118.29	0.551368	0.0117138
NM_001389658.1	6478	6250.29	56.6633	0.407984
NM_001389659.1	6354	6126.29	0	0
NM_001389660.1	6206	5978.29	24.3223	0.183092
NM_001389661.1	6356	6128.29	0	0
NM_001389662.1	5670	5442.29	216.905	1.79361
NM_001389663.1	5823	5595.29	0	0
NM_001389664.1	5792	5564.29	0	0
NM_001389665.1	5517	5289.29	0	0
NM_001389666.1	5573	5345.29	3.20258	0.0269632
NM_001389667.1	5573	5345.29	0	0
NM_001389668.1	6266	6038.29	0	0
NM_001389669.1	3950	3722.29	0	0
NM_001389670.1	3887	3659.29	0	0
NM_001389671.1	6074	5846.29	0	0
NM_001389672.1	3758	3530.29	0	0
NM_001389673.1	5945	5717.29	0	0
NM_001389674.1	2396	2168.29	0	0
NM_001389675.1	4583	4355.29	3	0.0309989
NM_001389676.1	2489	2261.29	0	0
NM_001389677.1	4676	4448.29	0	0
NM_001389678.1	4454	4226.29	0	0
NM_001389679.1	4613	4385.29	0	0
NM_001389683.1	8938	8710.29	17.3175	0.0894737
NM_001389684.1	8934	8706.29	211.812	1.09486
NM_001389685.1	9140	8912.29	0.324234	0.00163724
NM_001389686.1	8818	8590.29	1474.7	7.72568
NM_001389687.1	9020	8792.29	116.602	0.596825
NM_001389688.1	9016	8788.29	1326.18	6.79108
NM_001389689.1	8665	8437.29	522.13	2.78495
NM_001389695.2	4344	4116.29	23.0079	0.251543
NM_001389696.2	4341	4113.29	4.03233	0.0441172
NM_001389697.2	4266	4038.29	15.7704	0.175747
NM_001389698.2	4260	4032.29	13.3056	0.1485
NM_001389699.2	4239	4011.29	114.953	1.28967
NM_001389700.2	4239	4011.29	0	0
NM_001389701.2	4197	3969.29	1123.59	12.7391
NM_001389702.2	4173	3945.29	45.4389	0.518311
NM_001389703.2	4158	3930.29	31.3976	0.359513
NM_001389704.2	3906	3678.29	27.4898	0.336331
NM_001389705.2	3885	3657.29	201.876	2.48409
NM_001389707.1	3591	3363.29	0	0
NM_001389708.1	3610	3382.29	0	0
NM_001389709.1	3514	3286.29	0	0
NM_001389710.1	3461	3233.29	0	0
NM_001389711.2	1655	1427.29	0	0
NM_001389712.2	1617	1389.29	0	0
NM_001389713.2	1662	1434.29	0	0
NM_001389714.2	1635	1407.29	18	0.575612
NM_001389715.2	1742	1514.29	0	0
NM_001389716.2	1697	1469.29	0	0
NM_001389717.2	1886	1658.29	0	0
NM_001389718.2	1515	1287.29	0	0
NM_001389722.1	3413	3185.29	57.8529	0.817369
NM_001389725.1	1963	1735.29	7.70956	0.19994
NM_001389726.1	1876	1648.29	0	0
NM_001389727.1	1134	906.293	0	0
NM_001389728.1	2019	1791.29	0	0
NM_001389729.1	1893	1665.29	10.7381	0.290187
NM_001389730.1	2040	1812.29	0	0
NM_001389731.1	1726	1498.29	13.0083	0.390722
NM_001389732.1	1711	1483.29	0	0
NM_001389733.1	1708	1480.29	0	0
NM_001389734.1	1678	1450.29	11.902	0.369324
NM_001389735.1	1651	1423.29	58.9286	1.86326
NM_001389736.1	1564	1336.29	0	0
NM_001390.5	6343	6115.29	0	0
NM_001390830.1	5933	5705.29	0	0
NM_001390831.2	6708	6480.29	20.8418	0.144738
NM_001390832.1	2604	2376.29	0	0
NM_001390833.1	4366	4138.29	275.708	2.99827
NM_001390834.1	4492	4264.29	0	0
NM_001390835.1	4396	4168.29	218.419	2.35816
NM_001390836.1	2894	2666.29	0	0
NM_001390837.1	2898	2670.29	0	0
NM_001390838.1	2702	2474.29	0	0
NM_001390839.1	4310	4082.29	0	0
NM_001390840.1	4355	4127.29	0	0
NM_001390841.1	4313	4085.29	0	0
NM_001390842.1	4396	4168.29	0	0
NM_001390843.1	4301	4073.29	0	0
NM_001390844.1	4384	4156.29	0	0
NM_001390846.1	4298	4070.29	0	0
NM_001390847.1	4256	4028.29	0	0
NM_001390849.1	939	711.293	0	0
NM_001391.5	4374	4146.29	0	0
NM_001391892.1	6229	6001.29	2013.08	15.0959
NM_001391893.1	5969	5741.29	1001.73	7.85207
NM_001391894.1	6106	5878.29	5.35284	0.0409803
NM_001391895.1	2278	2050.29	28.3193	0.621596
NM_001391896.1	6079	5851.29	200.233	1.54002
NM_001391897.1	6352	6124.29	149.464	1.0983
NM_001391898.1	6115	5887.29	478.737	3.65951
NM_001391899.1	5966	5738.29	1114.6	8.74138
NM_001391900.1	6226	5998.29	775.772	5.82034
NM_001391901.1	6250	6022.29	26.9757	0.201583
NM_001391902.1	6340	6112.29	0	0
NM_001391903.1	6156	5928.29	80.656	0.612279
NM_001391904.1	6340	6112.29	26.5148	0.195221
NM_001391905.1	6250	6022.29	43.6029	0.325833
NM_001391906.1	6397	6169.29	0.00758285	5.53146e-05
NM_001391907.1	6487	6259.29	1.9516	0.0140316
NM_001391910.1	1045	817.293	0	0
NM_001391911.1	1023	795.293	0	0
NM_001391920.1	6527	6299.29	0	0
NM_001391922.1	6487	6259.29	0	0
NM_001391923.1	6415	6187.29	28.7095	0.208818
NM_001391924.1	6550	6322.29	24.8752	0.177066
NM_001391925.1	6364	6136.29	49.0005	0.359366
NM_001391926.1	6355	6127.29	20.4702	0.150348
NM_001391927.1	6259	6031.29	250.269	1.8674
NM_001391928.1	6247	6019.29	39.3858	0.294467
NM_001391929.1	6151	5923.29	0	0
NM_001391930.1	6106	5878.29	89.4768	0.685017
NM_001391931.1	6010	5782.29	34.2621	0.266659
NM_001391933.1	2149	1921.29	0	0
NM_001391934.1	2531	2303.29	0	0
NM_001391935.1	2002	1774.29	0	0
NM_001391936.1	2095	1867.29	0	0
NM_001391937.1	1979	1751.29	0	0
NM_001391940.1	663	436.717	0	0
NM_001391941.1	6960	6732.29	48.3806	0.323408
NM_001391942.1	5917	5689.29	30.3166	0.239809
NM_001391943.1	1586	1358.29	0	0
NM_001391944.1	1582	1354.29	0	0
NM_001391945.1	6601	6373.29	53.4045	0.3771
NM_001391946.1	6263	6035.29	0	0
NM_001391947.1	5896	5668.29	143.35	1.13812
NM_001391948.1	6037	5809.29	0	0
NM_001391949.1	6067	5839.29	0	0
NM_001391950.1	6122	5894.29	169.726	1.29586
NM_001391951.1	5758	5530.29	0	0
NM_001391952.1	6631	6403.29	0.00263084	1.84899e-05
NM_001391953.1	6464	6236.29	0	0
NM_001391954.1	6631	6403.29	126.341	0.887936
NM_001391955.1	6621	6393.29	0.00488868	3.4412e-05
NM_001391956.1	6792	6564.29	0	0
NM_001391957.1	5542	5314.29	0	0
NM_001391958.1	4322	4094.29	0	0
NM_001391959.1	6897	6669.29	0	0
NM_001391960.1	4626	4398.29	0	0
NM_001391961.1	4556	4328.29	49.4329	0.513974
NM_001391963.1	1512	1284.29	7027.12	246.238
NM_001391966.1	2608	2380.29	24.4188	0.461675
NM_001391967.1	2605	2377.29	0	0
NM_001391968.1	2563	2335.29	0	0
NM_001391969.1	2542	2314.29	0	0
NM_001391970.1	1340	1112.29	91.6847	3.70954
NM_001391971.1	966	738.293	0	0
NM_001391972.1	841	613.427	0	0
NM_001391973.1	2792	2564.29	0	0
NM_001391974.1	3185	2957.29	0	0
NM_001391975.1	9475	9247.29	0	0
NM_001391976.1	9445	9217.29	0	0
NM_001391977.1	9337	9109.29	0	0
NM_001391978.1	9334	9106.29	0	0
NM_001391979.1	9331	9103.29	0	0
NM_001391980.1	9277	9049.29	0	0
NM_001391981.1	9205	8977.29	2.42268e-06	1.21449e-08
NM_001391982.1	9202	8974.29	3.83093e-06	1.92108e-08
NM_001391983.1	7600	7372.29	85.8242	0.523902
NM_001391984.1	7423	7195.29	331.924	2.07603
NM_001391985.1	6011	5783.29	16.0614	0.124983
NM_001391986.1	6002	5774.29	0	0
NM_001391987.1	2861	2633.29	5.00519	0.0855389
NM_001391988.1	2780	2552.29	0	0
NM_001391990.1	714	486.852	0	0
NM_001391991.1	646	419.888	0	0
NM_001391992.1	4322	4094.29	18.8728	0.207444
NM_001391993.1	972	744.293	0	0
NM_001391994.1	628	402.259	0	0
NM_001391995.1	616	390.417	0	0
NM_001391999.1	1550	1322.29	1.96711	0.0669488
NM_001392.5	1707	1479.29	0	0
NM_001392000.1	1350	1122.29	0	0
NM_001392001.1	1373	1145.29	5.53772	0.217599
NM_001392002.1	1287	1059.29	56.7802	2.41225
NM_001392003.1	1221	993.293	4.28222	0.194014
NM_001392004.1	1182	954.293	4.00438	0.188841
NM_001392005.1	1182	954.293	4.34367	0.204841
NM_001392006.1	1214	986.293	249.968	11.4057
NM_001392007.1	1202	974.293	4.11	0.189843
NM_001392009.1	3164	2936.29	11.297	0.173144
NM_001392010.1	4277	4049.29	0	0
NM_001392011.1	4193	3965.29	0	0
NM_001392012.1	3737	3509.29	8212.32	105.315
NM_001392013.1	2899	2671.29	0	0
NM_001392014.1	2893	2665.29	0	0
NM_001392015.1	2931	2703.29	0	0
NM_001392016.1	2858	2630.29	0	0
NM_001392017.1	2651	2423.29	1.33806e-06	2.48491e-08
NM_001392018.1	2626	2398.29	2	0.0375292
NM_001392019.1	2908	2680.29	0	0
NM_001392020.1	2899	2671.29	0	0
NM_001392021.1	2821	2593.29	0	0
NM_001392022.1	2788	2560.29	0	0
NM_001392023.1	2776	2548.29	0	0
NM_001392024.1	2764	2536.29	0	0
NM_001392025.1	2755	2527.29	0	0
NM_001392026.1	2611	2383.29	0	0
NM_001392027.1	2221	1993.29	0	0
NM_001392028.1	2392	2164.29	0	0
NM_001392031.1	660	433.717	0	0
NM_001392032.1	656	429.76	0	0
NM_001392033.1	702	474.947	29.9141	2.83447
NM_001392034.1	5949	5721.29	11.896	0.0935728
NM_001392035.1	461	244.098	3.53803	0.652289
NM_001392036.1	503	282.705	2.91061	0.463334
NM_001392037.1	682	455.179	0	0
NM_001392038.1	518	296.555	7.097	1.07699
NM_001392039.1	6914	6686.29	0	0
NM_001392040.1	6414	6186.29	0	0
NM_001392041.1	7405	7177.29	0	0
NM_001392042.1	6615	6387.29	0	0
NM_001392043.1	6322	6094.29	0	0
NM_001392044.1	6339	6111.29	0	0
NM_001392045.1	7739	7511.29	0	0
NM_001392046.1	6362	6134.29	0	0
NM_001392047.1	6860	6632.29	0	0
NM_001392048.1	7864	7636.29	0	0
NM_001392049.1	6393	6165.29	0	0
NM_001392050.1	6387	6159.29	0	0
NM_001392051.1	6851	6623.29	0	0
NM_001392052.1	6351	6123.29	0	0
NM_001392053.1	6237	6009.29	0	0
NM_001392054.1	6152	5924.29	0	0
NM_001392055.1	6106	5878.29	0	0
NM_001392056.1	6644	6416.29	0	0
NM_001392057.1	6177	5949.29	0	0
NM_001392058.1	6174	5946.29	0	0
NM_001392059.1	6171	5943.29	0	0
NM_001392060.1	6638	6410.29	0	0
NM_001392061.1	6121	5893.29	0	0
NM_001392062.1	7467	7239.29	0	0
NM_001392063.1	6135	5907.29	0	0
NM_001392064.1	6602	6374.29	0	0
NM_001392065.1	6105	5877.29	0	0
NM_001392066.1	6096	5868.29	0	0
NM_001392067.1	5899	5671.29	0	0
NM_001392068.1	5798	5570.29	15.6328	0.126299
NM_001392069.1	3707	3479.29	0	0
NM_001392070.1	3862	3634.29	36.3302	0.449873
NM_001392071.1	3436	3208.29	0	0
NM_001392072.1	3485	3257.29	0	0
NM_001392073.1	3564	3336.29	191.936	2.58902
NM_001392074.1	3749	3521.29	14.3238	0.183062
NM_001392075.1	3442	3214.29	0	0
NM_001392076.1	3704	3476.29	0	0
NM_001392077.1	3433	3205.29	0	0
NM_001392078.1	3482	3254.29	0	0
NM_001392079.1	3501	3273.29	0	0
NM_001392080.1	3498	3270.29	0	0
NM_001392081.1	3480	3252.29	0	0
NM_001393.4	3185	2957.29	246.784	3.75548
NM_001393334.1	4025	3797.29	78.8193	0.934116
NM_001393335.1	2340	2112.29	20.5063	0.436894
NM_001393336.1	2215	1987.29	0	0
NM_001393337.1	2403	2175.29	0	0
NM_001393338.1	2482	2254.29	0	0
NM_001393339.1	1225	997.293	23.7801	1.07308
NM_001393340.1	1075	847.293	0	0
NM_001393342.1	1343	1115.29	0	0
NM_001393343.1	3667	3439.29	0	0
NM_001393344.1	1959	1731.29	0	0
NM_001393345.1	2042	1814.29	0	0
NM_001393346.1	2466	2238.29	0	0
NM_001393347.1	2060	1832.29	0	0
NM_001393348.1	2229	2001.29	0	0
NM_001393349.1	7873	7645.29	0	0
NM_001393350.1	7273	7045.29	1.87665	0.0119874
NM_001393351.1	7203	6975.29	0	0
NM_001393352.1	7234	7006.29	4.9167	0.0315811
NM_001393353.1	7287	7059.29	5.62515	0.0358604
NM_001393354.1	7316	7088.29	1597.44	10.142
NM_001393355.1	1231	1003.29	1.14088	0.0511745
NM_001393356.1	2808	2580.29	0	0
NM_001393357.1	1739	1511.29	0	0
NM_001393358.1	1139	911.293	1.38199e-06	6.82478e-08
NM_001393359.2	1201	973.293	0	0
NM_001393360.1	2341	2113.29	0	0
NM_001393361.1	5126	4898.29	1.24208	0.0114116
NM_001393362.1	1637	1409.29	3.07668	0.0982479
NM_001393363.1	3768	3540.29	3444.97	43.7913
NM_001393364.1	3723	3495.29	2230.39	28.7171
NM_001393365.1	3702	3474.29	2952.06	38.2386
NM_001393366.1	2769	2541.29	73.9399	1.30938
NM_001393367.1	2736	2508.29	20.8292	0.373712
NM_001393368.1	2733	2505.29	3.0322e-05	5.44681e-07
NM_001393369.1	2655	2427.29	0	0
NM_001393370.1	3625	3397.29	7.02887	0.0931097
NM_001393371.1	3463	3235.29	16.3105	0.22688
NM_001393372.1	3427	3199.29	0	0
NM_001393373.1	3340	3112.29	0	0
NM_001393374.1	3403	3175.29	5.82081	0.0824977
NM_001393375.1	3214	2986.29	0	0
NM_001393376.1	5912	5684.29	7.75004	0.0613578
NM_001393377.1	3478	3250.29	246.279	3.40994
NM_001393378.1	3637	3409.29	35.9045	0.473943
NM_001393379.1	12907	12679.3	9.67448	0.034338
NM_001393381.1	7044	6816.29	0	0
NM_001393382.1	6827	6599.29	0	0
NM_001393383.1	6761	6533.29	0	0
NM_001393384.1	6908	6680.29	0	0
NM_001393385.1	6691	6463.29	0	0
NM_001393386.1	4872	4644.29	0	0
NM_001393387.1	5034	4806.29	0	0
NM_001393388.1	4810	4582.29	0	0
NM_001393389.1	4818	4590.29	0	0
NM_001393390.1	4846	4618.29	0	0
NM_001393391.1	2465	2237.29	16.4684	0.331261
NM_001393392.1	3215	2987.29	401.629	6.05047
NM_001393393.1	27192	26964.3	8.17412e-06	1.36425e-08
NM_001393394.1	27258	27030.3	2.86305e-07	4.76673e-10
NM_001393395.1	27074	26846.3	0	0
NM_001393396.1	27028	26800.3	0	0
NM_001393400.1	2501	2273.29	0	0
NM_001393401.1	2439	2211.29	0	0
NM_001393402.2	2650	2422.29	0	0
NM_001393403.1	11746	11518.3	610.145	2.3839
NM_001393404.1	12046	11818.3	65.6384	0.249946
NM_001393405.1	12022	11794.3	340.559	1.29946
NM_001393406.1	3494	3266.29	0	0
NM_001393407.1	3296	3068.29	14.877	0.218202
NM_001393408.1	3209	2981.29	63.9123	0.964766
NM_001393409.1	3086	2858.29	17.8296	0.280722
NM_001393410.1	3014	2786.29	12.1527	0.196286
NM_001393411.1	4793	4565.29	149.116	1.46994
NM_001393412.1	4751	4523.29	108.313	1.07763
NM_001393413.1	2695	2467.29	0	0
NM_001393414.1	2653	2425.29	0	0
NM_001393415.1	3227	2999.29	0	0
NM_001393416.1	3370	3142.29	0	0
NM_001393417.1	2812	2584.29	0	0
NM_001393418.1	3061	2833.29	0	0
NM_001393419.1	2788	2560.29	0	0
NM_001393420.1	2759	2531.29	0	0
NM_001393421.1	3049	2821.29	0	0
NM_001393422.1	3224	2996.29	0	0
NM_001393423.1	3070	2842.29	0	0
NM_001393424.1	7163	6935.29	0	0
NM_001393425.1	7208	6980.29	0	0
NM_001393426.1	5693	5465.29	0	0
NM_001393427.1	1688	1460.29	1.05908e-05	3.26386e-07
NM_001393428.1	1663	1435.29	0.0489716	0.00153548
NM_001393429.1	1608	1380.29	0.619546	0.0201997
NM_001393430.1	1603	1375.29	24.0182	0.785936
NM_001393431.1	1959	1731.29	0.147568	0.00383587
NM_001393432.1	752	524.701	1.86337e-05	1.59819e-06
NM_001393433.1	837	609.427	1.28527e-07	9.49106e-09
NM_001393434.1	811	583.487	8.68784	0.670074
NM_001393435.1	821	593.487	0	0
NM_001393436.1	1103	875.293	0.483729	0.0248708
NM_001393437.1	814	586.487	0	0
NM_001393438.1	783	555.487	0	0
NM_001393439.1	728	500.753	0	0
NM_001393440.1	792	564.487	0	0
NM_001393441.1	1074	846.293	0	0
NM_001393442.1	1079	851.293	0	0
NM_001393443.1	2963	2735.29	5.23564	0.0861407
NM_001393444.1	3229	3001.29	2.77081	0.0415471
NM_001393445.1	3224	2996.29	1.5567e-06	2.3381e-08
NM_001393446.1	772	544.487	6.66846	0.551163
NM_001393447.1	802	574.487	41.8618	3.27929
NM_001393448.1	711	483.852	7.8084	0.72626
NM_001393449.1	775	547.487	3.04451	0.250257
NM_001393450.1	750	522.701	0	0
NM_001393451.1	1062	834.293	0	0
NM_001393452.1	780	552.487	0	0
NM_001393453.1	785	557.487	0	0
NM_001393454.1	810	582.487	6.72858	0.519852
NM_001393455.1	982	754.293	0	0
NM_001393456.1	775	547.487	0	0
NM_001393457.1	1037	809.293	0	0
NM_001393458.1	977	749.293	14.7811	0.887765
NM_001393459.1	1478	1250.29	0.240193	0.00864552
NM_001393460.1	4801	4573.29	0	0
NM_001393461.1	4893	4665.29	0	0
NM_001393462.1	3509	3281.29	0	0
NM_001393463.1	2812	2584.29	0	0
NM_001393464.1	2559	2331.29	0	0
NM_001393465.1	2589	2361.29	0	0
NM_001393466.1	4289	4061.29	0	0
NM_001393467.1	2395	2167.29	0	0
NM_001393468.1	4234	4006.29	0	0
NM_001393469.1	2362	2134.29	0	0
NM_001393470.1	2254	2026.29	0	0
NM_001393471.1	2092	1864.29	4.53237	0.109409
NM_001393472.1	4081	3853.29	0	0
NM_001393473.1	3904	3676.29	12.4393	0.152275
NM_001393474.1	3994	3766.29	0	0
NM_001393475.1	4008	3780.29	15.9217	0.189543
NM_001393476.1	1920	1692.29	0	0
NM_001393477.1	3692	3464.29	26.4941	0.344173
NM_001393478.1	3660	3432.29	0	0
NM_001393479.1	3481	3253.29	0.000422066	5.83847e-06
NM_001393480.1	3214	2986.29	24.9313	0.375711
NM_001393481.1	2972	2744.29	0	0
NM_001393482.1	2812	2584.29	0	0
NM_001393483.1	2858	2630.29	0	0
NM_001393484.1	2668	2440.29	0	0
NM_001393485.1	3141	2913.29	7.00852	0.108264
NM_001393486.1	2701	2473.29	0	0
NM_001393487.1	2302	2074.29	1	0.0216956
NM_001393488.1	3017	2789.29	0	0
NM_001393489.1	2376	2148.29	0	0
NM_001393490.1	1099	871.293	0	0
NM_001393491.1	990	762.293	0	0
NM_001393492.1	2771	2543.29	0	0
NM_001393493.1	1696	1468.29	0	0
NM_001393494.1	1613	1385.29	0	0
NM_001393495.1	1693	1465.29	0	0
NM_001393496.1	1610	1382.29	0	0
NM_001393497.1	1515	1287.29	4	0.139838
NM_001393498.1	1512	1284.29	0	0
NM_001393499.1	6501	6273.29	243.945	1.75
NM_001393500.2	1476	1248.29	2.09052	0.0753666
NM_001393501.1	6044	5816.29	0	0
NM_001393502.1	6023	5795.29	0	0
NM_001393503.1	6149	5921.29	0	0
NM_001393504.1	6020	5792.29	0	0
NM_001393505.1	6119	5891.29	0	0
NM_001393506.1	6136	5908.29	29.4981	0.224685
NM_001393507.1	6101	5873.29	0	0
NM_001393508.1	5954	5726.29	0	0
NM_001393509.1	5951	5723.29	15.2019	0.119535
NM_001393510.1	6115	5887.29	29.139	0.222742
NM_001393511.1	6112	5884.29	2.37316e-05	1.81499e-07
NM_001393512.1	5948	5720.29	0	0
NM_001393513.1	6109	5881.29	64.0335	0.489978
NM_001393514.1	5933	5705.29	0	0
NM_001393515.1	5930	5702.29	4.23662	0.0334358
NM_001393516.1	5927	5699.29	0	0
NM_001393517.1	6088	5860.29	63.193	0.48528
NM_001393518.1	5924	5696.29	34.746	0.274508
NM_001393519.1	6085	5857.29	4.9832e-05	3.82872e-07
NM_001393520.1	5903	5675.29	9.68332	0.0767854
NM_001393521.1	6008	5780.29	0	0
NM_001393524.1	10686	10458.3	0	0
NM_001393525.1	10476	10248.3	29.3299	0.128796
NM_001393526.1	9717	9489.29	0	0
NM_001393527.1	9970	9742.29	155.064	0.716296
NM_001393528.1	9681	9453.29	0	0
NM_001393530.1	2222	1994.29	0	0
NM_001393531.1	2304	2076.29	0	0
NM_001393532.1	893	665.361	0	0
NM_001393533.1	780	552.487	0	0
NM_001393534.1	692	465.041	0	0
NM_001393535.1	7247	7019.29	0	0
NM_001393536.1	7187	6959.29	0	0
NM_001393537.1	7148	6920.29	0	0
NM_001393538.1	3942	3714.29	0	0
NM_001393539.1	6228	6000.29	0	0
NM_001393540.1	6186	5958.29	0	0
NM_001393541.1	6174	5946.29	0	0
NM_001393542.1	6168	5940.29	0	0
NM_001393543.1	3804	3576.29	0	0
NM_001393544.1	6129	5901.29	0	0
NM_001393545.1	6123	5895.29	0	0
NM_001393546.1	6087	5859.29	2.5023e-08	1.92193e-10
NM_001393547.1	6069	5841.29	1.69943e-06	1.30929e-08
NM_001393548.1	5972	5744.29	0	0
NM_001393549.1	2175	1947.29	0	0
NM_001393550.1	1749	1521.29	0	0
NM_001393551.1	4923	4695.29	11.9626	0.114658
NM_001393552.1	3933	3705.29	0	0
NM_001393553.1	3906	3678.29	0	0
NM_001393555.1	3751	3523.29	0	0
NM_001393556.1	3767	3539.29	0	0
NM_001393557.1	3752	3524.29	0	0
NM_001393558.2	5358	5130.29	0	0
NM_001393559.2	5352	5124.29	32.0256	0.281258
NM_001393560.2	5241	5013.29	0	0
NM_001393561.3	4752	4524.29	0	0
NM_001393562.1	2902	2674.29	0	0
NM_001393563.1	1073	845.293	0	0
NM_001393564.1	1691	1463.29	0	0
NM_001393565.1	1814	1586.29	2.08756	0.0592241
NM_001393566.1	1730	1502.29	0	0
NM_001393567.1	935	707.293	0	0
NM_001393568.1	2118	1890.29	0.00139738	3.3268e-05
NM_001393569.1	2201	1973.29	0	0
NM_001393570.1	1998	1770.29	0	0
NM_001393571.1	2183	1955.29	5.01217	0.11536
NM_001393572.1	1980	1752.29	0	0
NM_001393573.1	1905	1677.29	0	0
NM_001393574.1	2028	1800.29	6.79169	0.169776
NM_001393575.1	1954	1726.29	0	0
NM_001393577.1	1520	1292.29	0	0
NM_001393578.1	1446	1218.29	0	0
NM_001393580.1	2309	2081.29	12.2478	0.264829
NM_001393581.1	3078	2850.29	0	0
NM_001393582.1	2985	2757.29	11.6618	0.190337
NM_001393583.1	2952	2724.29	0	0
NM_001393584.1	2907	2679.29	6.91716	0.116185
NM_001393585.1	2742	2514.29	0	0
NM_001393586.1	6910	6682.29	7.75985	0.0522601
NM_001393587.1	2577	2349.29	0	0
NM_001393588.1	2157	1929.29	0	0
NM_001393589.1	2063	1835.29	0	0
NM_001393590.1	2273	2045.29	0	0
NM_001393591.1	2044	1816.29	0	0
NM_001393592.1	2292	2064.29	0	0
NM_001393593.1	2103	1875.29	0	0
NM_001393594.1	3588	3360.29	54.5061	0.729978
NM_001393595.1	2197	1969.29	0	0
NM_001393596.1	2458	2230.29	0	0
NM_001393597.1	2345	2117.29	4.85275	0.103145
NM_001393598.1	2574	2346.29	0	0
NM_001393599.1	2084	1856.29	0	0
NM_001393600.1	2060	1832.29	12.1097	0.297427
NM_001393601.1	2348	2120.29	0	0
NM_001393602.1	2173	1945.29	0	0
NM_001393603.1	2289	2061.29	0	0
NM_001393604.1	2293	2065.29	0	0
NM_001393605.1	1964	1736.29	0	0
NM_001393606.1	2313	2085.29	6.05338	0.130639
NM_001393607.1	1947	1719.29	0	0
NM_001393608.1	1966	1738.29	0	0
NM_001393609.1	1963	1735.29	0	0
NM_001393610.1	1223	995.293	0	0
NM_001393611.1	4160	3932.29	40.0337	0.458165
NM_001393612.1	2598	2370.29	3.20023	0.0607605
NM_001393613.1	6609	6381.29	0	0
NM_001393614.1	7358	7130.29	0	0
NM_001393615.1	7823	7595.29	0	0
NM_001393616.1	7785	7557.29	0	0
NM_001393617.1	7875	7647.29	0	0
NM_001393618.1	4977	4749.29	0	0
NM_001393619.1	5056	4828.29	0	0
NM_001393620.1	6679	6451.29	0	0
NM_001393621.1	6551	6323.29	0	0
NM_001393622.1	6578	6350.29	0	0
NM_001393623.1	6668	6440.29	0	0
NM_001393624.1	6639	6411.29	0	0
NM_001393625.1	7158	6930.29	0	0
NM_001393626.1	7097	6869.29	0	0
NM_001393627.1	7196	6968.29	0	0
NM_001393628.1	6999	6771.29	0	0
NM_001393629.1	5746	5518.29	0	0
NM_001393630.1	3169	2941.29	0	0
NM_001393631.1	2890	2662.29	44.2969	0.748789
NM_001393637.1	2258	2030.29	24.6197	0.545715
NM_001393638.1	2255	2027.29	11.4315	0.253762
NM_001393639.1	2255	2027.29	19.2557	0.427449
NM_001393640.1	2225	1997.29	0	0
NM_001393641.1	2204	1976.29	0	0
NM_001393642.1	2156	1928.29	6.8846	0.160675
NM_001393643.1	1931	1703.29	0	0
NM_001393644.1	1913	1685.29	10.1866	0.272017
NM_001393645.1	2541	2313.29	0	0
NM_001393646.1	2638	2410.29	0.000392919	7.33627e-06
NM_001393647.1	2366	2138.29	3.94371	0.0830004
NM_001393648.1	1517	1289.29	0	0
NM_001393649.1	2484	2256.29	22.6074	0.450918
NM_001393650.1	3255	3027.29	19.4904	0.28974
NM_001393651.1	3315	3087.29	5.21169	0.0759701
NM_001393652.1	1219	991.293	0.0541885	0.00246007
NM_001393653.1	978	750.293	7.45106	0.446919
NM_001393654.1	5154	4926.29	7.33743	0.0670295
NM_001393655.1	1587	1359.29	4.01092	0.132792
NM_001393657.1	1247	1019.29	4.47989	0.197793
NM_001393658.1	1241	1013.29	0	0
NM_001393659.1	1100	872.293	12.2391	0.631433
NM_001393660.1	1100	872.293	0	0
NM_001393661.1	1597	1369.29	0	0
NM_001393662.1	781	553.487	0	0
NM_001393663.1	2522	2294.29	0	0
NM_001393704.1	848	620.427	0	0
NM_001393719.1	3741	3513.29	8.7016	0.111462
NM_001393769.1	10794	10566.3	0	0
NM_001393797.1	7385	7157.29	0	0
NM_001393798.1	3637	3409.29	2.98915	0.0394571
NM_001393799.1	3730	3502.29	0	0
NM_001393816.1	674	447.496	0	0
NM_001393817.1	656	429.76	0	0
NM_001393887.1	570	345.561	0	0
NM_001393888.1	6505	6277.29	5.54574e-05	3.97584e-07
NM_001393889.1	6452	6224.29	6.20142	0.0448377
NM_001393890.1	6449	6221.29	0	0
NM_001393891.1	6484	6256.29	0	0
NM_001393892.1	2697	2469.29	574.695	10.4739
NM_001393893.1	2738	2510.29	22.5341	0.403978
NM_001393894.1	2722	2494.29	41.2322	0.743929
NM_001393895.1	2606	2378.29	116.191	2.19861
NM_001393896.1	2647	2419.29	36.0998	0.671519
NM_001393897.1	12956	12728.3	303.03	1.07142
NM_001393898.1	1449	1221.29	0	0
NM_001393899.1	545	321.964	8.13536	1.13713
NM_001393900.1	1692	1464.29	0	0
NM_001393901.1	1307	1079.29	4.35666	0.181659
NM_001393902.1	1240	1012.29	7.08775	0.315097
NM_001393903.1	549	325.637	8.02909	1.10962
NM_001393904.1	1213	985.293	2.009	0.0917605
NM_001393905.1	1484	1256.29	2.42912	0.0870163
NM_001393906.1	364	163.525	16.648	4.58162
NM_001393907.1	4921	4693.29	0	0
NM_001393909.1	1065	837.293	0	0
NM_001393910.1	1013	785.293	0	0
NM_001393911.1	1004	776.293	0	0
NM_001393912.1	906	678.293	0	0
NM_001393913.1	876	648.427	7.33178	0.508851
NM_001393914.1	861	633.427	8.0457	0.571622
NM_001393915.1	800	572.487	2.6055	0.204818
NM_001393916.1	3833	3605.29	0	0
NM_001393918.1	3281	3053.29	121.463	1.79027
NM_001393919.1	1613	1385.29	250.024	8.12237
NM_001393925.1	4474	4246.29	66.6861	0.706753
NM_001393928.1	4830	4602.29	336.697	3.29236
NM_001393929.1	4711	4483.29	888.472	8.91844
NM_001393930.1	1954	1726.29	25.4569	0.663642
NM_001393931.1	2510	2282.29	24.374	0.480616
NM_001393932.1	2293	2065.29	17.7568	0.386923
NM_001393933.1	1737	1509.29	18.4305	0.549549
NM_001393934.1	7458	7230.29	36.0546	0.224412
NM_001393935.1	7009	6781.29	0	0
NM_001393936.1	6943	6715.29	7.00999e-08	4.6978e-10
NM_001393937.1	9824	9596.29	210.215	0.985833
NM_001393938.1	4144	3916.29	48.4799	0.557094
NM_001393939.1	4453	4225.29	0	0
NM_001393941.1	10031	9803.29	151.804	0.696873
NM_001393942.1	10131	9903.29	0	0
NM_001393943.1	10378	10150.3	8.61686	0.0382043
NM_001393944.1	10294	10066.3	0	0
NM_001393945.1	10297	10069.3	0	0
NM_001393946.1	10100	9872.29	0	0
NM_001393947.1	9383	9155.29	18.9371	0.093086
NM_001393950.1	6481	6253.29	0	0
NM_001393951.1	6554	6326.29	211.93	1.5076
NM_001393952.1	6439	6211.29	47.679	0.345451
NM_001393953.1	6482	6254.29	52.7446	0.379526
NM_001393954.1	6373	6145.29	0	0
NM_001393955.1	6419	6191.29	0	0
NM_001393956.1	6283	6055.29	0	0
NM_001393957.1	6350	6122.29	2.22749e-05	1.63736e-07
NM_001393958.1	4445	4217.29	85.7061	0.914577
NM_001393959.1	4364	4136.29	147.624	1.60615
NM_001393960.1	4346	4118.29	38.4586	0.42026
NM_001393961.1	4346	4118.29	15.9647	0.174456
NM_001393964.1	1532	1304.29	0	0
NM_001393965.1	1449	1221.29	0.138773	0.00511359
NM_001393966.1	1518	1290.29	78.9967	2.75526
NM_001393967.1	1316	1088.29	14.2939	0.591081
NM_001393968.1	1247	1019.29	0.0043058	0.000190106
NM_001393969.1	5735	5507.29	0	0
NM_001393970.1	5824	5596.29	0	0
NM_001393971.1	5711	5483.29	0	0
NM_001393974.1	1137	909.293	0	0
NM_001393975.1	5846	5618.29	82.8522	0.663654
NM_001393976.1	5768	5540.29	2.61433	0.0212358
NM_001393977.1	2659	2431.29	0	0
NM_001393978.1	5411	5183.29	1.1595	0.0100672
NM_001393979.1	2623	2395.29	191.41	3.59624
NM_001393980.1	2266	2038.29	58.3439	1.28816
NM_001393982.1	7501	7273.29	166.158	1.02809
NM_001393985.1	3838	3610.29	0	0
NM_001393986.1	7279	7051.29	168.851	1.07765
NM_001393987.1	6663	6435.29	63.309	0.442731
NM_001393988.1	6221	5993.29	0	0
NM_001393989.1	712	484.852	0	0
NM_001393990.3	2124	1896.29	0	0
NM_001393991.3	2121	1893.29	0	0
NM_001393992.3	2118	1890.29	0	0
NM_001393993.1	2230	2002.29	0	0
NM_001393994.1	2055	1827.29	31.5803	0.777768
NM_001393995.1	1369	1141.29	0.0669103	0.00263838
NM_001393996.1	1655	1427.29	0	0
NM_001393997.1	3685	3457.29	4034.48	52.5162
NM_001393999.1	1637	1409.29	6.76018	0.215873
NM_001394.7	5553	5325.29	1107.7	9.36097
NM_001394000.1	1663	1435.29	57.5394	1.80413
NM_001394002.1	1709	1481.29	23.5572	0.715689
NM_001394003.1	1619	1391.29	1.2336	0.0399022
NM_001394004.1	1672	1444.29	5.08255	0.158369
NM_001394005.1	1805	1577.29	35.0309	0.999497
NM_001394007.1	1897	1669.29	0	0
NM_001394008.1	1894	1666.29	0	0
NM_001394009.1	1654	1426.29	0	0
NM_001394010.1	1884	1656.29	384.614	10.4503
NM_001394011.1	7290	7062.29	0	0
NM_001394012.1	7269	7041.29	0	0
NM_001394013.1	7230	7002.29	0	0
NM_001394014.1	10978	10750.3	1289.95	5.4
NM_001394015.1	11501	11273.3	906.313	3.61801
NM_001394016.1	10909	10681.3	0.00194301	8.1864e-06
NM_001394017.1	11309	11081.3	5258.81	21.357
NM_001394018.1	10864	10636.3	2335.14	9.88016
NM_001394019.1	10825	10597.3	0	0
NM_001394020.1	10893	10665.3	109.593	0.462437
NM_001394021.1	10780	10552.3	0	0
NM_001394022.1	10854	10626.3	0	0
NM_001394023.1	10766	10538.3	2441.85	10.4278
NM_001394024.1	12679	12451.3	0	0
NM_001394025.1	12646	12418.3	0	0
NM_001394026.1	6163	5935.29	3.03133	0.0229844
NM_001394028.1	608	382.573	0	0
NM_001394029.1	736	508.753	0	0
NM_001394031.1	4411	4183.29	927.658	9.97957
NM_001394034.2	2666	2438.29	1527.5	28.1928
NM_001394037.1	2215	1987.29	0	0
NM_001394038.1	2213	1985.29	0	0
NM_001394039.1	1978	1750.29	0	0
NM_001394040.1	2025	1797.29	0	0
NM_001394041.1	2439	2211.29	0	0
NM_001394042.1	1902	1674.29	0	0
NM_001394043.1	2298	2070.29	0	0
NM_001394044.1	1112	884.293	2.68588	0.136689
NM_001394045.1	2128	1900.29	0	0
NM_001394046.1	2008	1780.29	0	0
NM_001394047.1	1800	1572.29	0	0
NM_001394048.1	1659	1431.29	1.87129e-06	5.88374e-08
NM_001394054.1	2397	2169.29	0	0
NM_001394055.1	2263	2035.29	13.1649	0.291094
NM_001394056.1	2490	2262.29	23.91	0.475634
NM_001394057.1	6524	6296.29	0	0
NM_001394058.1	3799	3571.29	4.28691	0.0540208
NM_001394059.1	3688	3460.29	0	0
NM_001394062.1	24340	24112.3	1034.55	1.93088
NM_001394063.1	3291	3063.29	31.7415	0.466316
NM_001394064.1	3992	3764.29	3.17127	0.0379133
NM_001394065.1	4831	4603.29	0	0
NM_001394066.1	5192	4964.29	0	0
NM_001394067.2	8101	7873.29	162.804	0.930576
NM_001394072.1	1370	1142.29	0	0
NM_001394073.1	4173	3945.29	0	0
NM_001394074.1	4053	3825.29	0	0
NM_001394076.1	2390	2162.29	0	0
NM_001394077.1	2213	1985.29	0	0
NM_001394078.1	2135	1907.29	1	0.0235953
NM_001394079.1	2168	1940.29	0	0
NM_001394080.1	2042	1814.29	0	0
NM_001394081.1	3371	3143.29	0	0
NM_001394082.1	3370	3142.29	0	0
NM_001394083.1	3385	3157.29	0	0
NM_001394084.1	3281	3053.29	0	0
NM_001394085.1	3365	3137.29	0	0
NM_001394086.1	3284	3056.29	0	0
NM_001394087.1	3179	2951.29	0	0
NM_001394088.1	3005	2777.29	0	0
NM_001394089.1	2702	2474.29	0	0
NM_001394090.1	3870	3642.29	0	0
NM_001394094.1	5624	5396.29	929.717	7.7535
NM_001394095.1	5487	5259.29	112.7	0.964362
NM_001394096.1	5581	5353.29	750.079	6.30563
NM_001394097.1	5937	5709.29	427.247	3.36774
NM_001394098.1	5980	5752.29	1502.41	11.7541
NM_001394099.1	5843	5615.29	1013.61	8.12345
NM_001394100.1	5522	5294.29	0	0
NM_001394101.1	5697	5469.29	0	0
NM_001394102.1	5654	5426.29	44.5431	0.369419
NM_001394103.1	21202	20974.3	0	0
NM_001394104.1	21136	20908.3	0	0
NM_001394105.1	21509	21281.3	61.6687	0.130409
NM_001394106.1	21139	20911.3	220.966	0.475539
NM_001394107.1	21046	20818.3	266.418	0.575917
NM_001394108.1	7206	6978.29	270.274	1.743
NM_001394109.1	7116	6888.29	0	0
NM_001394110.1	7116	6888.29	268.561	1.75458
NM_001394111.1	7076	6848.29	0.36661	0.00240915
NM_001394112.1	7209	6981.29	72.2779	0.465921
NM_001394113.1	7209	6981.29	422.811	2.72554
NM_001394114.1	7172	6944.29	8.9059e-06	5.77155e-08
NM_001394115.1	7169	6941.29	165.201	1.07106
NM_001394116.1	7056	6828.29	0	0
NM_001394117.1	7031	6803.29	29.8666	0.197564
NM_001394118.1	5162	4934.29	0	0
NM_001394119.1	6933	6705.29	0	0
NM_001394120.1	6193	5965.29	0	0
NM_001394121.1	6861	6633.29	0	0
NM_001394122.1	1735	1507.29	0	0
NM_001394123.1	6734	6506.29	0.204587	0.0014151
NM_001394124.1	4937	4709.29	0.103687	0.000990857
NM_001394125.1	6636	6408.29	3.9419	0.0276825
NM_001394126.1	4839	4611.29	7.50536	0.0732472
NM_001394127.1	4767	4539.29	0	0
NM_001394130.1	862	634.427	3.19689	0.226772
NM_001394131.1	765	537.541	0	0
NM_001394132.1	553	329.241	0.397369	0.0543154
NM_001394133.1	6085	5857.29	0	0
NM_001394134.1	6250	6022.29	130.575	0.975754
NM_001394135.1	5935	5707.29	1.47818e-07	1.16557e-09
NM_001394136.1	6072	5844.29	137.414	1.05814
NM_001394137.1	6190	5962.29	0	0
NM_001394138.1	6112	5884.29	84.974	0.649881
NM_001394139.1	5797	5569.29	5.59586e-08	4.52177e-10
NM_001394140.1	5974	5746.29	111.432	0.872696
NM_001394141.1	5776	5548.29	0.00427144	3.46463e-05
NM_001394142.1	6040	5812.29	0	0
NM_001394143.1	5764	5536.29	127.31	1.03487
NM_001394144.1	6011	5783.29	143.489	1.11657
NM_001394145.1	6081	5853.29	0.00263305	2.02442e-05
NM_001394146.1	5836	5608.29	70.9633	0.569437
NM_001394147.1	5626	5398.29	80.0662	0.667475
NM_001394148.2	570	345.561	236.882	30.8496
NM_001394149.2	570	345.561	236.882	30.8496
NM_001394150.1	1045	817.293	16.2893	0.896948
NM_001394151.1	1321	1093.29	0	0
NM_001394152.1	1023	795.293	0	0
NM_001394153.1	863	635.427	4.35429	0.308385
NM_001394154.1	4753	4525.29	5.8613e-06	5.82894e-08
NM_001394155.1	4859	4631.29	0	0
NM_001394156.1	5511	5283.29	616.645	5.25258
NM_001394157.1	5474	5246.29	16.4146	0.140806
NM_001394158.1	5357	5129.29	0.000918878	8.06199e-06
NM_001394159.1	6428	6200.29	423.772	3.07583
NM_001394161.1	2844	2616.29	0	0
NM_001394162.1	2677	2449.29	18.8955	0.347185
NM_001394163.1	2717	2489.29	0	0
NM_001394164.1	3389	3161.29	0	0
NM_001394165.1	3240	3012.29	0	0
NM_001394166.1	3123	2895.29	1	0.0155435
NM_001394167.1	4122	3894.29	0	0
NM_001394168.1	2217	1989.29	81.6205	1.84647
NM_001394169.1	5288	5060.29	4.78968	0.0425964
NM_001394173.1	5995	5767.29	37.4967	0.292592
NM_001394174.1	5982	5754.29	97.7555	0.764525
NM_001394175.1	6188	5960.29	12.7825	0.0965144
NM_001394176.1	5820	5592.29	0	0
NM_001394177.1	6115	5887.29	22.6799	0.173368
NM_001394178.1	6026	5798.29	0	0
NM_001394179.1	6099	5871.29	0	0
NM_001394180.1	6107	5879.29	15.2561	0.116778
NM_001394181.1	6883	6655.29	20.2103	0.136662
NM_001394182.1	6440	6212.29	44.8568	0.324952
NM_001394183.1	6690	6462.29	27.1295	0.188929
NM_001394184.1	6794	6566.29	0	0
NM_001394185.1	5998	5770.29	21.1407	0.164878
NM_001394186.1	2900	2672.29	10.9068	0.183678
NM_001394187.1	3883	3655.29	28.869	0.355428
NM_001394188.1	4005	3777.29	461.924	5.50342
NM_001394189.1	1701	1473.29	0	0
NM_001394190.1	1810	1582.29	0	0
NM_001394191.1	1901	1673.29	0	0
NM_001394192.1	1701	1473.29	0	0
NM_001394193.1	1927	1699.29	0	0
NM_001394194.1	1805	1577.29	0	0
NM_001394195.1	1792	1564.29	0	0
NM_001394196.1	1768	1540.29	0	0
NM_001394198.1	3846	3618.29	341.677	4.24967
NM_001394201.1	4697	4469.29	370.5	3.73071
NM_001394202.1	4613	4385.29	16.7823	0.172225
NM_001394203.1	4609	4381.29	58.9236	0.605242
NM_001394206.1	2788	2560.29	0	0
NM_001394207.1	3083	2855.29	14.6661	0.231156
NM_001394208.1	2109	1881.29	0	0
NM_001394209.1	387	181.366	15.6149	3.87459
NM_001394212.1	8922	8694.29	0	0
NM_001394213.1	8661	8433.29	0	0
NM_001394214.1	8523	8295.29	0	0
NM_001394217.1	1040	812.293	0	0
NM_001394218.1	1151	923.293	0	0
NM_001394219.1	1153	925.293	0	0
NM_001394222.1	5283	5055.29	0.13466	0.00119877
NM_001394224.1	4108	3880.29	14.1215	0.163779
NM_001394225.1	4060	3832.29	0	0
NM_001394226.1	4057	3829.29	0	0
NM_001394227.1	3967	3739.29	0	0
NM_001394228.1	4426	4198.29	0	0
NM_001394232.1	756	528.701	0	0
NM_001394233.1	1171	943.293	6.11418	0.291698
NM_001394234.1	867	639.427	0	0
NM_001394237.1	1597	1369.29	28.9944	0.952927
NM_001394245.1	6668	6440.29	0	0
NM_001394246.1	6611	6383.29	0	0
NM_001394247.1	6607	6379.29	0	0
NM_001394248.1	6188	5960.29	0	0
NM_001394249.1	6542	6314.29	0	0
NM_001394250.1	6527	6299.29	0	0
NM_001394251.1	6418	6190.29	0	0
NM_001394252.1	6414	6186.29	0	0
NM_001394253.1	5964	5736.29	0	0
NM_001394254.1	6506	6278.29	0	0
NM_001394255.1	6010	5782.29	3.85808	0.0300271
NM_001394256.1	6368	6140.29	0	0
NM_001394257.1	6014	5786.29	0	0
NM_001394258.1	6518	6290.29	0	0
NM_001394259.1	6323	6095.29	0	0
NM_001394260.1	6369	6141.29	0	0
NM_001394261.1	5871	5643.29	0	0
NM_001394262.1	5945	5717.29	4.92798	0.0387901
NM_001394263.1	6299	6071.29	0	0
NM_001394264.1	6035	5807.29	0	0
NM_001394265.1	6211	5983.29	0	0
NM_001394266.1	5868	5640.29	4.36465	0.0348249
NM_001394267.1	5852	5624.29	0	0
NM_001394268.1	5937	5709.29	16.6656	0.131366
NM_001394270.1	6202	5974.29	0	0
NM_001394271.1	6275	6047.29	0	0
NM_001394272.1	6206	5978.29	0	0
NM_001394273.1	5488	5260.29	0	0
NM_001394274.1	6230	6002.29	0	0
NM_001394275.1	6161	5933.29	0	0
NM_001394276.1	6007	5779.29	0	0
NM_001394277.1	5272	5044.29	0	0
NM_001394278.1	1144	916.293	2.41148	0.118438
NM_001394279.1	1141	913.293	0	0
NM_001394282.1	2037	1809.29	722.593	17.9733
NM_001394283.1	2195	1967.29	37.6103	0.86036
NM_001394284.1	2131	1903.29	0	0
NM_001394285.1	2016	1788.29	0.000461548	1.1615e-05
NM_001394286.1	2128	1900.29	0	0
NM_001394287.1	1998	1770.29	69.2636	1.76077
NM_001394288.1	2124	1896.29	34.8477	0.827011
NM_001394289.1	2156	1928.29	3.68376	0.0859726
NM_001394290.1	2092	1864.29	0	0
NM_001394291.1	2142	1914.29	0	0
NM_001394292.1	1760	1532.29	6.24372	0.183377
NM_001394293.1	1839	1611.29	22.3526	0.624303
NM_001394294.1	1594	1366.29	0	0
NM_001394295.1	1588	1360.29	0	0
NM_001394296.1	1396	1168.29	0	0
NM_001394298.1	1383	1155.29	0.742122	0.0289085
NM_001394299.1	3857	3629.29	0	0
NM_001394300.1	3923	3695.29	0	0
NM_001394301.1	3793	3565.29	0	0
NM_001394302.1	3799	3571.29	2.0048e-05	2.52632e-07
NM_001394303.1	3579	3351.29	83.3723	1.11957
NM_001394304.1	3447	3219.29	31.0824	0.434507
NM_001394305.1	3733	3505.29	7.19726e-06	9.24027e-08
NM_001394306.1	3656	3428.29	41.9352	0.550482
NM_001394307.1	3508	3280.29	81.5562	1.11889
NM_001394308.1	3010	2782.29	14.7014	0.237793
NM_001394309.1	3619	3391.29	0	0
NM_001394311.1	3370	3142.29	216.999	3.10781
NM_001394314.1	1280	1052.29	22.1958	0.949242
NM_001394315.1	1228	1000.29	0	0
NM_001394316.1	1431	1203.29	32.7725	1.22569
NM_001394317.1	1203	975.293	16.7722	0.773921
NM_001394318.1	1354	1126.29	177.601	7.09636
NM_001394319.2	2722	2494.29	0	0
NM_001394323.1	5769	5541.29	41.0583	0.333451
NM_001394324.1	4869	4641.29	0	0
NM_001394325.1	5115	4887.29	16.0288	0.147596
NM_001394327.1	1667	1439.29	0	0
NM_001394331.1	2654	2426.29	0	0
NM_001394334.1	1062	834.293	8.60665	0.464256
NM_001394336.1	4790	4562.29	55.5691	0.548141
NM_001394337.1	4646	4418.29	33.5623	0.341853
NM_001394338.1	4609	4381.29	94.8245	0.974004
NM_001394339.1	2030	1802.29	0	0
NM_001394345.1	1677	1449.29	0	0
NM_001394350.1	8901	8673.29	0	0
NM_001394351.1	8932	8704.29	0	0
NM_001394352.1	8742	8514.29	0	0
NM_001394353.1	9090	8862.29	0	0
NM_001394354.1	8999	8771.29	0	0
NM_001394355.1	9368	9140.29	45.0881	0.221996
NM_001394360.1	3195	2967.29	0	0
NM_001394361.1	3132	2904.29	13.2521	0.205346
NM_001394362.1	3111	2883.29	90.5237	1.41291
NM_001394363.1	3021	2793.29	9.01689	0.145272
NM_001394364.1	2945	2717.29	184.596	3.05724
NM_001394365.1	2644	2416.29	0	0
NM_001394366.1	2791	2563.29	0.00103373	1.8149e-05
NM_001394367.1	2996	2768.29	12.5289	0.203677
NM_001394372.1	5687	5459.29	520.961	4.29448
NM_001394376.1	7057	6829.29	0	0
NM_001394377.1	7214	6986.29	0	0
NM_001394378.1	7166	6938.29	0	0
NM_001394379.1	1379	1151.29	0	0
NM_001394383.1	2237	2009.29	0	0
NM_001394384.1	2149	1921.29	0.0819502	0.00191955
NM_001394385.1	2294	2066.29	0	0
NM_001394386.1	2144	1916.29	2.91805	0.0685288
NM_001394387.1	2427	2199.29	0	0
NM_001394388.1	2291	2063.29	0	0
NM_001394390.1	10874	10646.3	5.9606	0.0251961
NM_001394395.1	5831	5603.29	0	0
NM_001394396.1	3887	3659.29	4.49307	0.0552572
NM_001394397.1	2040	1812.29	938.829	23.3131
NM_001394398.1	1914	1686.29	654.331	17.4625
NM_001394399.1	1853	1625.29	409.487	11.3384
NM_001394401.1	1383	1155.29	0	0
NM_001394402.1	3839	3611.29	0	0
NM_001394403.1	3989	3761.29	0	0
NM_001394404.1	3830	3602.29	36.1515	0.451637
NM_001394405.1	3977	3749.29	120.928	1.45151
NM_001394406.1	3745	3517.29	0	0
NM_001394407.1	3742	3514.29	0	0
NM_001394408.1	3956	3728.29	530.697	6.40588
NM_001394409.1	9242	9014.29	0	0
NM_001394410.1	4190	3962.29	336.049	3.81679
NM_001394411.1	4049	3821.29	0	0
NM_001394412.1	4982	4754.29	0	0
NM_001394413.1	3962	3734.29	0	0
NM_001394414.1	4945	4717.29	0	0
NM_001394415.1	4384	4156.29	17.1087	0.185248
NM_001394416.1	4078	3850.29	5.98653	0.0699719
NM_001394417.1	4057	3829.29	6.06182	0.0712405
NM_001394418.1	4004	3776.29	6.674	0.0795358
NM_001394419.1	3892	3664.29	0	0
NM_001394420.1	3893	3665.29	3.68538	0.0452497
NM_001394421.1	2105	1877.29	0	0
NM_001394422.1	2904	2676.29	0	0
NM_001394423.1	2235	2007.29	0	0
NM_001394424.1	1802	1574.29	0	0
NM_001394425.1	2032	1804.29	0	0
NM_001394426.1	2127	1899.29	0	0
NM_001394427.1	4053	3825.29	44.7525	0.526496
NM_001394428.1	4088	3860.29	31.3081	0.364988
NM_001394429.1	4070	3842.29	5.8378e-05	6.83756e-07
NM_001394430.1	4005	3777.29	95.3963	1.13656
NM_001394431.1	3922	3694.29	1.29664	0.0157954
NM_001394432.1	3858	3630.29	102.924	1.27591
NM_001394433.1	4025	3797.29	1813.97	21.498
NM_001394434.1	4006	3778.29	74.6948	0.889687
NM_001394435.1	4009	3781.29	37.0619	0.441092
NM_001394436.1	4022	3794.29	18.0171	0.213696
NM_001394437.1	3957	3729.29	36.6928	0.442789
NM_001394438.1	3870	3642.29	0	0
NM_001394439.1	3822	3594.29	63.6601	0.797069
NM_001394440.1	3720	3492.29	0	0
NM_001394441.1	3887	3659.29	6.83069e-08	8.40059e-10
NM_001394442.1	3561	3333.29	0	0
NM_001394443.1	3468	3240.29	0	0
NM_001394444.1	3384	3156.29	16.257	0.231795
NM_001394445.1	3433	3205.29	0.0516992	0.00072587
NM_001394446.1	10321	10093.3	303.71	1.35415
NM_001394447.1	8260	8032.29	2.78395	0.0155978
NM_001394448.1	8215	7987.29	0	0
NM_001394449.1	8315	8087.29	0	0
NM_001394450.1	8134	7906.29	0	0
NM_001394451.1	8131	7903.29	0	0
NM_001394452.1	7651	7423.29	0	0
NM_001394453.1	4717	4489.29	51.2591	0.513849
NM_001394454.1	4399	4171.29	15.3547	0.165658
NM_001394455.1	4396	4168.29	7.46021	0.0805443
NM_001394456.1	4351	4123.29	0	0
NM_001394457.1	4588	4360.29	35.7757	0.369245
NM_001394458.1	4335	4107.29	17.0606	0.186931
NM_001394459.1	4303	4075.29	0	0
NM_001394460.1	4318	4090.29	3.4771	0.0382565
NM_001394461.1	4315	4087.29	0	0
NM_001394462.1	4257	4029.29	7.90682	0.0883111
NM_001394463.1	2222	1994.29	0	0
NM_001394464.1	4267	4039.29	0	0
NM_001394465.1	4225	3997.29	0.014202	0.000159891
NM_001394466.1	3858	3630.29	0	0
NM_001394467.1	4198	3970.29	0	0
NM_001394468.1	4182	3954.29	1.541	0.0175379
NM_001394469.1	3828	3600.29	4.94001e-05	6.17493e-07
NM_001394470.1	4153	3925.29	28.7464	0.329574
NM_001394471.1	4086	3858.29	6.11802	0.0713606
NM_001394472.1	4417	4189.29	0	0
NM_001394473.1	8182	7954.29	1.79961	0.0101817
NM_001394474.1	4762	4534.29	7.66427	0.0760683
NM_001394477.1	2133	1905.29	0	0
NM_001394478.1	3875	3647.29	0.161372	0.00199113
NM_001394479.1	3830	3602.29	70.4501	0.880127
NM_001394480.1	3785	3557.29	0	0
NM_001394481.1	3782	3554.29	0.00666919	8.44426e-05
NM_001394482.1	3840	3612.29	0	0
NM_001394483.1	3951	3723.29	0	0
NM_001394484.1	3644	3416.29	0.777721	0.010245
NM_001394485.1	3660	3432.29	0	0
NM_001394486.1	3807	3579.29	0.0780194	0.000980952
NM_001394487.1	3804	3576.29	0.00844536	0.000106274
NM_001394488.1	3772	3544.29	53.3296	0.677143
NM_001394489.1	3621	3393.29	0.000545796	7.23855e-06
NM_001394490.1	3576	3348.29	2.44594e-07	3.28749e-09
NM_001394491.1	3893	3665.29	0	0
NM_001394492.1	3637	3409.29	0	0
NM_001394493.1	1132	904.293	15.0474	0.748847
NM_001394494.2	4657	4429.29	0	0
NM_001394496.1	1262	1034.29	30.0896	1.30923
NM_001394497.1	2050	1822.29	41.7142	1.03017
NM_001394498.1	2047	1819.29	1.24362	0.0307629
NM_001394499.1	1123	895.293	0	0
NM_001394500.1	1120	892.293	49.6844	2.50585
NM_001394501.1	2776	2548.29	0	0
NM_001394502.1	9243	9015.29	0	0
NM_001394503.1	3693	3465.29	85.8721	1.1152
NM_001394504.1	3705	3477.29	39.3422	0.509166
NM_001394505.1	3891	3663.29	0	0
NM_001394506.1	3793	3565.29	0	0
NM_001394507.1	3783	3555.29	57.4152	0.726765
NM_001394508.1	4011	3783.29	37.3863	0.444719
NM_001394509.1	4330	4102.29	30.435	0.333878
NM_001394510.1	4345	4117.29	0	0
NM_001394511.1	3707	3479.29	7.77358	0.100548
NM_001394512.1	3595	3367.29	49.6565	0.663647
NM_001394513.1	9388	9160.29	40.5139	0.199039
NM_001394514.1	3529	3301.29	0	0
NM_001394515.1	3451	3223.29	19.9053	0.277915
NM_001394516.1	3379	3151.29	109.753	1.56737
NM_001394517.1	9319	9091.29	0	0
NM_001394518.1	8042	7814.29	0	0
NM_001394519.1	9400	9172.29	0	0
NM_001394520.1	3815	3587.29	0	0
NM_001394521.1	3378	3150.29	0	0
NM_001394522.1	4017	3789.29	0	0
NM_001394524.1	6935	6707.29	0.732559	0.00491516
NM_001394525.1	6893	6665.29	0.0211082	0.00014252
NM_001394526.1	6800	6572.29	140.285	0.960587
NM_001394527.1	6749	6521.29	0	0
NM_001394528.1	6698	6470.29	2.58645	0.0179896
NM_001394529.1	6665	6437.29	293.651	2.05291
NM_001394530.1	730	502.753	0	0
NM_001394531.1	10082	9854.29	0	0
NM_001394532.1	9258	9030.29	1.30235e-05	6.49033e-08
NM_001394538.1	2589	2361.29	0	0
NM_001394539.1	2592	2364.29	0	0
NM_001394540.1	2708	2480.29	7.64795	0.138766
NM_001394541.1	2705	2477.29	0	0
NM_001394542.1	2559	2331.29	0	0
NM_001394543.1	2710	2482.29	0	0
NM_001394544.1	2760	2532.29	0	0
NM_001394545.1	2658	2430.29	75.069	1.39009
NM_001394547.1	11898	11670.3	2837.21	10.9409
NM_001394548.1	4905	4677.29	0	0
NM_001394549.1	4890	4662.29	0	0
NM_001394550.1	3137	2909.29	9.65181e-07	1.49301e-08
NM_001394551.1	4518	4290.29	0.139942	0.00146792
NM_001394552.1	5161	4933.29	0	0
NM_001394553.1	6709	6481.29	42.2692	0.293497
NM_001394554.1	2051	1823.29	0	0
NM_001394555.1	1937	1709.29	0	0
NM_001394556.1	2119	1891.29	0	0
NM_001394557.1	2005	1777.29	0	0
NM_001394558.1	2249	2021.29	0	0
NM_001394559.1	2315	2087.29	0	0
NM_001394560.1	3327	3099.29	0	0
NM_001394561.1	3248	3020.29	59.3252	0.883959
NM_001394562.1	3050	2822.29	0	0
NM_001394563.1	2907	2679.29	95.9732	1.61203
NM_001394564.1	2873	2645.29	6.98447	0.118823
NM_001394565.1	4068	3840.29	427.443	5.00905
NM_001394566.1	6298	6070.29	87.5168	0.64882
NM_001394567.1	6455	6227.29	0	0
NM_001394568.1	6460	6232.29	0	0
NM_001394569.1	6685	6457.29	40.6883	0.283571
NM_001394570.1	6380	6152.29	98.3458	0.719385
NM_001394571.1	6377	6149.29	108.854	0.796637
NM_001394572.1	6271	6043.29	99.5185	0.741093
NM_001394573.1	1960	1732.29	76.3247	1.98283
NM_001394574.1	6373	6145.29	0	0
NM_001394575.1	2035	1807.29	0	0
NM_001394576.1	1955	1727.29	0.593868	0.0154727
NM_001394577.1	3876	3648.29	0	0
NM_001394578.1	3695	3467.29	0	0
NM_001394579.1	3578	3350.29	5	0.0671629
NM_001394580.1	632	406.137	0	0
NM_001394581.1	3118	2890.29	0.699616	0.0108933
NM_001394582.1	3193	2965.29	0	0
NM_001394583.1	6026	5798.29	0.000464797	3.60749e-06
NM_001394584.1	5491	5263.29	36.4676	0.311812
NM_001394585.1	5449	5221.29	123.178	1.06169
NM_001394587.1	672	445.496	27.9698	2.82545
NM_001394588.1	689	462.088	0	0
NM_001394589.1	591	366.025	0	0
NM_001394591.1	1560	1332.29	0	0
NM_001394592.1	1620	1392.29	0	0
NM_001394593.1	1508	1280.29	0	0
NM_001394595.1	2455	2227.29	0	0
NM_001394596.1	1792	1564.29	8.34757	0.240151
NM_001394598.1	2393	2165.29	0	0
NM_001394599.1	2116	1888.29	27.9772	0.666771
NM_001394600.1	2357	2129.29	0	0
NM_001394601.1	1819	1591.29	52.7918	1.49299
NM_001394602.1	2759	2531.29	0	0
NM_001394603.1	3624	3396.29	0	0
NM_001394604.1	1941	1713.29	0	0
NM_001394605.1	2400	2172.29	0	0
NM_001394606.1	1495	1267.29	9.76958	0.346929
NM_001394607.1	1644	1416.29	0	0
NM_001394608.1	2204	1976.29	0	0
NM_001394609.1	2011	1783.29	76.4479	1.92923
NM_001394610.1	2606	2378.29	31.6987	0.599815
NM_001394611.1	1942	1714.29	0	0
NM_001394612.1	2266	2038.29	0	0
NM_001394613.1	2168	1940.29	0	0
NM_001394614.1	2570	2342.29	83.0312	1.5953
NM_001394615.1	2269	2041.29	0	0
NM_001394616.1	3435	3207.29	9.32534e-08	1.30848e-09
NM_001394617.1	2233	2005.29	0	0
NM_001394618.1	2860	2632.29	35.2062	0.601904
NM_001394619.1	2635	2407.29	57.887	1.08217
NM_001394620.1	1382	1154.29	28.8243	1.12379
NM_001394621.1	2554	2326.29	0	0
NM_001394622.1	3500	3272.29	0.0419585	0.000577046
NM_001394623.1	2518	2290.29	22.6031	0.444139
NM_001394625.1	2080	1852.29	0	0
NM_001394626.1	2482	2254.29	0	0
NM_001394627.1	2707	2479.29	0	0
NM_001394628.1	2671	2443.29	0	0
NM_001394629.1	2446	2218.29	62.1015	1.25987
NM_001394630.1	3311	3083.29	28.2688	0.412606
NM_001394631.1	1280	1052.29	9.54243	0.408098
NM_001394632.1	2422	2194.29	7.40977	0.151968
NM_001394633.1	1964	1736.29	9.23392	0.239334
NM_001394634.1	1013	785.293	0	0
NM_001394635.1	1092	864.293	0	0
NM_001394636.1	1157	929.293	0	0
NM_001394637.1	1167	939.293	0	0
NM_001394638.1	1164	936.293	0	0
NM_001394639.1	5350	5122.29	0	0
NM_001394640.1	1337	1109.29	0	0
NM_001394641.1	2998	2770.29	0	0
NM_001394642.1	2700	2472.29	2.56601	0.046709
NM_001394643.1	2727	2499.29	0	0
NM_001394644.1	2650	2422.29	0	0
NM_001394646.1	2691	2463.29	0	0
NM_001394647.1	2517	2289.29	2.44645	0.0480924
NM_001394648.1	2476	2248.29	0	0
NM_001394649.1	2303	2075.29	0	0
NM_001394652.1	2961	2733.29	0	0
NM_001394653.1	2958	2730.29	0	0
NM_001394654.1	2791	2563.29	0	0
NM_001394655.1	2826	2598.29	12.0632	0.208937
NM_001394656.1	2920	2692.29	27.5843	0.461087
NM_001394657.1	2841	2613.29	0	0
NM_001394658.1	2844	2616.29	0	0
NM_001394659.1	2677	2449.29	39.0758	0.717975
NM_001394660.1	2709	2481.29	35.6793	0.647113
NM_001394661.1	2803	2575.29	78.8934	1.37866
NM_001394662.1	8604	8376.29	0.000628097	3.37456e-06
NM_001394663.1	8661	8433.29	5.75415e-08	3.07062e-10
NM_001394664.1	8550	8322.29	4.45627	0.0240974
NM_001394665.1	8484	8256.29	4.58297	0.0249807
NM_001394666.1	8433	8205.29	0	0
NM_001394667.1	8397	8169.29	0	0
NM_001394668.1	1026	798.293	0	0
NM_001394669.1	3362	3134.29	0.000590214	8.47447e-06
NM_001394670.1	3680	3452.29	0	0
NM_001394672.2	5651	5423.29	120.883	1.0031
NM_001394674.1	2353	2125.29	966.105	20.4573
NM_001394676.1	3322	3094.29	0	0
NM_001394677.1	7307	7079.29	250.334	1.59138
NM_001394678.1	7589	7361.29	0	0
NM_001394681.1	5494	5266.29	0	0
NM_001394683.1	1563	1335.29	0	0
NM_001394685.1	4621	4393.29	61.9981	0.635083
NM_001394686.1	2256	2028.29	0	0
NM_001394687.1	3604	3376.29	195.434	2.60496
NM_001394688.1	3509	3281.29	0	0
NM_001394689.1	3237	3009.29	96.5656	1.44411
NM_001394690.1	3136	2908.29	0	0
NM_001394691.1	2714	2486.29	0	0
NM_001394692.1	2661	2433.29	0	0
NM_001394693.1	2655	2427.29	0	0
NM_001394694.1	2577	2349.29	0	0
NM_001394695.1	2571	2343.29	0	0
NM_001394696.1	2969	2741.29	0	0
NM_001394697.1	2651	2423.29	0	0
NM_001394699.1	4535	4307.29	275.497	2.87842
NM_001394700.1	4616	4388.29	4.46556	0.0457954
NM_001394701.1	4520	4292.29	85.5043	0.89648
NM_001394702.1	4613	4385.29	2.29904	0.0235934
NM_001394703.1	4337	4109.29	91.2114	0.998905
NM_001394704.1	4334	4106.29	12.2239	0.133969
NM_001394705.1	4325	4097.29	50.5675	0.555414
NM_001394706.1	4322	4094.29	25.6035	0.281424
NM_001394707.1	4415	4187.29	0.546482	0.00587334
NM_001394708.1	4127	3899.29	84.7369	0.977977
NM_001394713.1	3520	3292.29	0	0
NM_001394714.1	1945	1717.29	0	0
NM_001394715.1	2305	2077.29	48.5055	1.05084
NM_001394716.1	2140	1912.29	8.02671	0.188897
NM_001394717.1	1990	1762.29	43.5372	1.11179
NM_001394718.1	1892	1664.29	0	0
NM_001394719.1	2066	1838.29	84.3425	2.06478
NM_001394720.1	1986	1758.29	8.32423	0.213057
NM_001394721.1	1983	1755.29	0	0
NM_001394722.1	1977	1749.29	31.93	0.821446
NM_001394723.1	2009	1781.29	9.04706	0.228567
NM_001394724.1	2179	1951.29	0	0
NM_001394725.1	1977	1749.29	0	0
NM_001394726.1	2255	2027.29	0	0
NM_001394727.1	2166	1938.29	0	0
NM_001394728.1	2198	1970.29	0	0
NM_001394730.1	4264	4036.29	0	0
NM_001394736.1	9478	9250.29	663.571	3.2283
NM_001394738.1	9132	8904.29	0	0
NM_001394739.1	9497	9269.29	0	0
NM_001394740.1	9636	9408.29	0	0
NM_001394741.1	9652	9424.29	0	0
NM_001394742.1	9603	9375.29	0	0
NM_001394743.1	9619	9391.29	0	0
NM_001394744.1	9796	9568.29	0	0
NM_001394755.1	3342	3114.29	489.164	7.06867
NM_001394756.1	3349	3121.29	78.9682	1.13857
NM_001394757.1	1777	1549.29	0	0
NM_001394758.1	4304	4076.29	0.00597555	6.59712e-05
NM_001394759.1	2054	1826.29	1.70271	0.0419578
NM_001394760.1	2050	1822.29	0.713442	0.0176191
NM_001394761.1	2035	1807.29	2.1715	0.0540722
NM_001394762.1	1881	1653.29	209.218	5.69496
NM_001394763.1	1966	1738.29	29.9332	0.774948
NM_001394764.1	1878	1650.29	52.3906	1.42868
NM_001394765.1	1946	1718.29	102.66	2.68873
NM_001394766.1	1846	1618.29	32.4871	0.903432
NM_001394767.1	1938	1710.29	61.5635	1.61992
NM_001394768.1	1935	1707.29	4.27012	0.112558
NM_001394769.1	1934	1706.29	48.9528	1.29112
NM_001394770.1	1919	1691.29	5.78766	0.154002
NM_001394771.1	1834	1606.29	15.3365	0.429678
NM_001394772.1	1831	1603.29	3.27028	0.091794
NM_001394773.1	1923	1695.29	1.17049	0.0310717
NM_001394774.1	1772	1544.29	0	0
NM_001394775.1	1760	1532.29	0	0
NM_001394776.1	1885	1657.29	0	0
NM_001394777.1	1718	1490.29	7.37485	0.222702
NM_001394779.1	2065	1837.29	4.23963	0.103847
NM_001394780.1	2141	1913.29	0	0
NM_001394781.1	4194	3966.29	0	0
NM_001394783.1	3358	3130.29	0	0
NM_001394784.1	4483	4255.29	67.0402	0.709003
NM_001394785.1	4309	4081.29	250.648	2.76382
NM_001394786.1	4033	3805.29	26.8617	0.317678
NM_001394787.1	592	367.025	0	0
NM_001394788.1	1176	948.293	0	0
NM_001394789.1	1051	823.293	0	0
NM_001394790.1	1131	903.293	14.4527	0.720049
NM_001394791.1	1006	778.293	12.2955	0.710957
NM_001394794.1	2606	2378.29	240.816	4.55683
NM_001394795.1	2699	2471.29	56.6773	1.03211
NM_001394796.1	2304	2076.29	842.905	18.2697
NM_001394797.1	2196	1968.29	12.0252	0.274945
NM_001394799.1	6910	6682.29	0	0
NM_001394800.1	6784	6556.29	0.744891	0.00511301
NM_001394801.1	6858	6630.29	1.54645e-07	1.04965e-09
NM_001394802.1	6781	6553.29	1.3951	0.00958046
NM_001394803.1	4694	4466.29	1.42529	0.0143614
NM_001394804.1	1926	1698.29	0	0
NM_001394805.1	3114	2886.29	14.565	0.227098
NM_001394806.1	2741	2513.29	0	0
NM_001394807.1	9722	9494.29	0	0
NM_001394808.1	6175	5947.29	169.27	1.28086
NM_001394809.1	5958	5730.29	66.8534	0.525036
NM_001394810.1	5982	5754.29	0	0
NM_001394811.1	6163	5935.29	133.798	1.0145
NM_001394812.1	5946	5718.29	52.0772	0.409849
NM_001394813.1	5888	5660.29	142.877	1.13597
NM_001394814.1	5876	5648.29	111.239	0.886306
NM_001394815.1	5654	5426.29	352.645	2.92467
NM_001394816.1	5595	5367.29	3.9334	0.0329804
NM_001394817.1	5642	5414.29	271.734	2.25863
NM_001394818.1	3147	2919.29	38.1009	0.587354
NM_001394819.1	3135	2907.29	75.5617	1.16965
NM_001394820.1	3076	2848.29	0.0111099	0.000175537
NM_001394821.1	3811	3583.29	21.0292	0.264109
NM_001394822.1	3618	3390.29	0	0
NM_001394823.1	3594	3366.29	3.68153	0.0492174
NM_001394824.1	3799	3571.29	26.2226	0.33044
NM_001394826.1	3582	3354.29	4.58151	0.0614682
NM_001394827.1	3210	2982.29	74.4054	1.12278
NM_001394828.1	2611	2383.29	0	0
NM_001394829.1	2482	2254.29	0	0
NM_001394830.1	7971	7743.29	0	0
NM_001394831.1	7362	7134.29	0	0
NM_001394832.1	2625	2397.29	0.173209	0.00325155
NM_001394833.1	5811	5583.29	358.004	2.88562
NM_001394834.1	2598	2370.29	0.0154446	0.000293235
NM_001394835.1	5784	5556.29	152.024	1.23132
NM_001394836.1	2558	2330.29	187.871	3.6282
NM_001394837.1	2550	2322.29	137.757	2.66955
NM_001394838.1	5736	5508.29	1174.45	9.59531
NM_001394839.1	2531	2303.29	227.678	4.4485
NM_001394840.1	2523	2295.29	168.12	3.29627
NM_001394841.1	5709	5481.29	313.476	2.57373
NM_001394842.1	2480	2252.29	0	0
NM_001394843.1	2477	2249.29	3.71436	0.0743156
NM_001394844.1	2456	2228.29	96.5932	1.95082
NM_001394845.1	5669	5441.29	471.658	3.90093
NM_001394846.1	2427	2199.29	138.695	2.83804
NM_001394847.1	5642	5414.29	0	0
NM_001394848.1	2400	2172.29	0	0
NM_001394849.1	2649	2421.29	1.81831e-07	3.37958e-09
NM_001394850.1	2622	2394.29	79.978	1.50326
NM_001394851.1	2346	2118.29	7.91727	0.168202
NM_001394852.1	2325	2097.29	481.02	10.3216
NM_001394853.1	5511	5283.29	72.0726	0.613914
NM_001394854.1	5605	5377.29	117.668	0.984775
NM_001394855.1	2547	2319.29	264.703	5.13625
NM_001394856.1	2571	2343.29	0	0
NM_001394857.1	2541	2313.29	1.96445	0.0382167
NM_001394858.1	2496	2268.29	56.0836	1.1127
NM_001394859.1	5578	5350.29	0	0
NM_001394860.1	2523	2295.29	10.9245	0.214193
NM_001394862.1	1227	999.293	0	0
NM_001394863.1	3493	3265.29	0	0
NM_001394864.1	3371	3143.29	0	0
NM_001394866.1	3259	3031.29	0	0
NM_001394867.1	8088	7860.29	0.628148	0.00359638
NM_001394868.1	7943	7715.29	0.230403	0.00134393
NM_001394869.1	8087	7859.29	0	0
NM_001394870.1	7898	7670.29	0.677148	0.00397296
NM_001394871.1	7790	7562.29	705.617	4.19912
NM_001394872.1	7778	7550.29	2.79278	0.0166462
NM_001394873.1	7778	7550.29	2.84769	0.0169735
NM_001394874.1	7772	7544.29	0	0
NM_001394875.1	7622	7394.29	199.721	1.21554
NM_001394876.1	7764	7536.29	53.3548	0.318609
NM_001394877.1	7622	7394.29	203.726	1.23991
NM_001394878.1	5055	4827.29	0	0
NM_001394879.1	5131	4903.29	65.1104	0.597592
NM_001394880.1	1856	1628.29	0	0
NM_001394881.1	1872	1644.29	0	0
NM_001394886.1	3835	3607.29	0	0
NM_001394887.1	3784	3556.29	0	0
NM_001394888.1	3832	3604.29	0	0
NM_001394889.1	3680	3452.29	11.1776	0.145709
NM_001394890.1	3677	3449.29	164.819	2.1504
NM_001394891.1	3629	3401.29	7.44173	0.0984628
NM_001394892.1	3449	3221.29	0	0
NM_001394893.1	3407	3179.29	0	0
NM_001394894.2	3427	3199.29	0	0
NM_001394896.1	4490	4262.29	0	0
NM_001394897.1	4541	4313.29	0	0
NM_001394898.1	872	644.427	4.24157	0.296207
NM_001394901.1	2094	1866.29	0.621583	0.0149886
NM_001394905.1	6343	6115.29	0	0
NM_001394906.1	5291	5063.29	112.391	0.998943
NM_001394907.1	5207	4979.29	155.296	1.40357
NM_001394908.1	5174	4946.29	539.587	4.90935
NM_001394909.1	5168	4940.29	183.037	1.66735
NM_001394910.1	5165	4937.29	9.54401	0.086993
NM_001394911.1	5165	4937.29	26.6529	0.24294
NM_001394912.1	5150	4922.29	51.7544	0.473175
NM_001394913.1	5132	4904.29	500.935	4.59671
NM_001394914.1	5084	4856.29	4.92061	0.0455991
NM_001394915.1	5084	4856.29	33.5046	0.310486
NM_001394916.1	5234	5006.29	112.098	1.00768
NM_001394917.1	5042	4814.29	14.3325	0.133977
NM_001394918.1	5024	4796.29	14.2187	0.133412
NM_001394919.1	5021	4793.29	0.191586	0.00179876
NM_001394920.1	5009	4781.29	596.36	5.61313
NM_001394921.1	5006	4778.29	42.0209	0.395763
NM_001394922.1	862	634.427	0	0
NM_001394923.1	4889	4661.29	3.46999	0.0335015
NM_001394924.1	4883	4655.29	45.6792	0.441584
NM_001394925.1	4865	4637.29	20.8517	0.202357
NM_001394926.1	4865	4637.29	3.3502	0.0325123
NM_001394927.1	4739	4511.29	0.75629	0.00754448
NM_001394928.1	5803	5575.29	31.8746	0.257288
NM_001394933.1	2098	1870.29	0	0
NM_001394934.1	2092	1864.29	0	0
NM_001394935.1	2089	1861.29	0	0
NM_001394936.1	2059	1831.29	0	0
NM_001394937.1	2056	1828.29	0	0
NM_001394938.1	1948	1720.29	0	0
NM_001394939.1	1936	1708.29	0	0
NM_001394940.1	2900	2672.29	0	0
NM_001394941.1	2938	2710.29	0	0
NM_001394942.1	2669	2441.29	0	0
NM_001394943.1	3129	2901.29	1.22691	0.019031
NM_001394944.1	2189	1961.29	4.66846	0.107121
NM_001394945.1	2221	1993.29	0.218867	0.00494141
NM_001394946.1	2356	2128.29	35.4243	0.749053
NM_001394947.1	2152	1924.29	0	0
NM_001394948.1	2141	1913.29	0	0
NM_001394949.1	2162	1934.29	0	0
NM_001394950.1	3016	2788.29	196.176	3.16628
NM_001394951.1	2822	2594.29	0	0
NM_001394952.1	2801	2573.29	0	0
NM_001394953.1	3077	2849.29	18.7544	0.296216
NM_001394954.1	3778	3550.29	0	0
NM_001394955.1	1399	1171.29	386.641	14.8554
NM_001394956.1	2307	2079.29	0	0
NM_001394958.1	2406	2178.29	2	0.0413196
NM_001394959.1	6140	5912.29	0	0
NM_001394960.1	1240	1012.29	175.205	7.789
NM_001394961.1	943	715.293	3905.25	245.701
NM_001394962.1	7392	7164.29	2.97034e-08	1.86584e-10
NM_001394963.1	8473	8245.29	8.87855	0.0484594
NM_001394964.1	8416	8188.29	0	0
NM_001394965.1	8362	8134.29	0	0
NM_001394966.1	8332	8104.29	0	0
NM_001394967.1	8275	8047.29	0	0
NM_001394968.1	8215	7987.29	0	0
NM_001394969.1	8044	7816.29	1.55633e-08	8.96072e-11
NM_001394970.1	8503	8275.29	0	0
NM_001394971.1	8402	8174.29	0	0
NM_001394972.1	7375	7147.29	689.013	4.33839
NM_001394973.1	1700	1472.29	7.33286	0.224141
NM_001394974.1	1231	1003.29	0.604043	0.0270946
NM_001394975.1	1371	1143.29	0	0
NM_001394976.1	1270	1042.29	8.09336	0.349447
NM_001394977.1	1345	1117.29	0	0
NM_001394978.1	1384	1156.29	5.76573	0.224403
NM_001394979.1	1357	1129.29	0	0
NM_001394980.1	1773	1545.29	0	0
NM_001394981.1	1901	1673.29	0	0
NM_001394982.1	2262	2034.29	0	0
NM_001394983.1	1774	1546.29	0	0
NM_001394986.1	1081	853.293	0	0
NM_001394987.1	1037	809.293	67.514	3.75431
NM_001394988.1	6259	6031.29	2.70971e-06	2.02187e-08
NM_001394989.1	6205	5977.29	0.613601	0.00461981
NM_001394995.1	3894	3666.29	0	0
NM_001394996.1	3678	3450.29	0	0
NM_001394997.1	831	603.427	0	0
NM_001394998.1	12511	12283.3	10.5945	0.0388158
NM_001395.4	2382	2154.29	0	0
NM_001395002.1	7970	7742.29	86.1696	0.500872
NM_001395003.1	4812	4584.29	8.89116	0.0872827
NM_001395004.1	5043	4815.29	0	0
NM_001395005.1	5134	4906.29	28.0771	0.257538
NM_001395006.1	5085	4857.29	0.000742344	6.87786e-06
NM_001395007.1	4763	4535.29	14.8673	0.147527
NM_001395008.1	4790	4562.29	0	0
NM_001395009.1	4769	4541.29	0	0
NM_001395010.1	6744	6516.29	482.318	3.331
NM_001395015.1	4826	4598.29	0	0
NM_001395058.1	9914	9686.29	0	0
NM_001395068.1	4154	3926.29	0	0
NM_001395159.1	9187	8959.29	0	0
NM_001395160.1	4000	3772.29	0	0
NM_001395161.1	3916	3688.29	17.8021	0.217214
NM_001395162.1	3901	3673.29	37.1214	0.45479
NM_001395163.1	3898	3670.29	0	0
NM_001395164.1	3874	3646.29	41.2555	0.509182
NM_001395165.1	3721	3493.29	0	0
NM_001395166.1	11100	10872.3	1.02419e-07	4.23938e-10
NM_001395167.1	3521	3293.29	0	0
NM_001395168.1	3290	3062.29	0	0
NM_001395170.1	2851	2623.29	1.76672	0.0303084
NM_001395171.1	3493	3265.29	0	0
NM_001395172.1	2969	2741.29	0	0
NM_001395173.1	3091	2863.29	7.10681	0.1117
NM_001395174.1	3085	2857.29	0	0
NM_001395175.1	2833	2605.29	0	0
NM_001395176.1	2456	2228.29	27.6358	0.558139
NM_001395177.1	2130	1902.29	0	0
NM_001395178.1	2181	1953.29	6.86098e-06	1.58074e-07
NM_001395179.1	2169	1941.29	0.159207	0.00369074
NM_001395180.1	2128	1900.29	0.111364	0.00263735
NM_001395181.1	2119	1891.29	433.15	10.3068
NM_001395182.1	2222	1994.29	262.78	5.92987
NM_001395183.1	2193	1965.29	52.3218	1.19811
NM_001395184.1	2190	1962.29	154.562	3.5447
NM_001395186.1	2219	1991.29	181.932	4.11165
NM_001395187.1	2169	1941.29	1495.21	34.6619
NM_001395188.1	2169	1941.29	0.000153465	3.55763e-06
NM_001395189.1	2493	2265.29	29.985	0.595693
NM_001395190.1	2581	2353.29	2676.87	51.191
NM_001395191.1	1881	1653.29	10.2065	0.277823
NM_001395192.1	1821	1593.29	0.589271	0.0166442
NM_001395193.1	2472	2244.29	50.5527	1.01369
NM_001395194.1	2744	2516.29	0	0
NM_001395195.1	2416	2188.29	27.1084	0.557495
NM_001395196.1	3419	3191.29	389.419	5.49153
NM_001395197.1	3227	2999.29	326.809	4.90362
NM_001395198.1	6711	6483.29	202.732	1.40724
NM_001395199.1	19186	18958.3	314.98	0.747697
NM_001395200.1	3181	2953.29	0	0
NM_001395201.1	3033	2805.29	6.7913	0.108947
NM_001395202.1	3030	2802.29	0	0
NM_001395205.1	8149	7921.29	0	0
NM_001395206.1	2193	1965.29	0	0
NM_001395207.1	6774	6546.29	2.72161	0.0187099
NM_001395208.2	1196	968.293	0	0
NM_001395209.1	7670	7442.29	0	0
NM_001395214.1	2986	2758.29	35.7622	0.58348
NM_001395215.3	1016	788.293	0	0
NM_001395216.1	986	758.293	0	0
NM_001395220.1	5888	5660.29	279.521	2.22238
NM_001395221.1	2802	2574.29	0	0
NM_001395222.1	4056	3828.29	9.0358	0.106219
NM_001395223.2	379	175.043	1.66974	0.429284
NM_001395224.1	8015	7787.29	0	0
NM_001395229.1	949	721.293	0	0
NM_001395230.1	952	724.293	0	0
NM_001395231.1	8598	8370.29	0	0
NM_001395232.1	8606	8378.29	51.3275	0.2757
NM_001395233.1	3902	3674.29	6.64727	0.0814164
NM_001395234.1	7823	7595.29	0	0
NM_001395235.1	3730	3502.29	2	0.0256992
NM_001395236.1	606	380.649	0	0
NM_001395238.1	2040	1812.29	0	0
NM_001395240.1	3559	3331.29	14.6806	0.198323
NM_001395241.1	1778	1550.29	1.84836	0.0536555
NM_001395242.1	1773	1545.29	1.65479	0.0481919
NM_001395243.1	1960	1732.29	0	0
NM_001395244.1	1922	1694.29	0	0
NM_001395245.1	5184	4956.29	37.4067	0.339652
NM_001395246.1	5122	4894.29	37.8594	0.348118
NM_001395247.1	5101	4873.29	0	0
NM_001395248.1	5057	4829.29	0	0
NM_001395249.1	5002	4774.29	0	0
NM_001395250.1	5208	4980.29	65.2569	0.589676
NM_001395251.1	5143	4915.29	0	0
NM_001395252.1	939	711.293	0	0
NM_001395253.1	2033	1805.29	10.6858	0.26638
NM_001395254.1	4587	4359.29	0.59993	0.00619336
NM_001395255.1	879	651.427	0	0
NM_001395257.1	2478	2250.29	9.54066	0.190802
NM_001395258.2	4893	4665.29	0	0
NM_001395259.2	4742	4514.29	0	0
NM_001395260.2	4841	4613.29	0	0
NM_001395261.2	4733	4505.29	0	0
NM_001395262.1	2028	1800.29	0	0
NM_001395263.1	2124	1896.29	0	0
NM_001395264.1	2041	1813.29	0	0
NM_001395265.2	4795	4567.29	0	0
NM_001395266.1	2768	2540.29	0	0
NM_001395267.1	2864	2636.29	0	0
NM_001395268.1	3072	2844.29	166.599	2.63596
NM_001395269.1	2744	2516.29	0	0
NM_001395270.1	4606	4378.29	459.304	4.72104
NM_001395271.1	4708	4480.29	26.8655	0.269855
NM_001395272.1	4837	4609.29	601.085	5.86873
NM_001395273.1	6661	6433.29	0	0
NM_001395274.1	5774	5546.29	7.4547	0.060488
NM_001395275.1	1892	1664.29	0	0
NM_001395276.1	795	567.487	0	0
NM_001395277.1	774	546.487	0	0
NM_001395278.3	955	727.293	0	0
NM_001395279.1	5407	5179.29	0	0
NM_001395281.1	5403	5175.29	0	0
NM_001395282.1	6052	5824.29	4.02334	0.0310875
NM_001395283.1	5960	5732.29	1.60067	0.0125665
NM_001395284.1	5913	5685.29	0	0
NM_001395285.1	6098	5870.29	5.63062	0.0431657
NM_001395286.1	6006	5778.29	2.26535	0.0176432
NM_001395287.1	6094	5866.29	0	0
NM_001395288.1	5403	5175.29	0	0
NM_001395289.1	6176	5948.29	0	0
NM_001395290.1	5938	5710.29	0	0
NM_001395291.1	5382	5154.29	0	0
NM_001395292.1	5315	5087.29	0	0
NM_001395293.1	3014	2786.29	0	0
NM_001395294.1	6042	5814.29	0	0
NM_001395296.1	1084	856.293	0	0
NM_001395297.1	8912	8684.29	0	0
NM_001395298.1	8551	8323.29	0	0
NM_001395299.1	8723	8495.29	5.98077	0.0316826
NM_001395300.1	8443	8215.29	0	0
NM_001395301.1	8725	8497.29	0	0
NM_001395302.1	8147	7919.29	0	0
NM_001395303.1	8221	7993.29	0	0
NM_001395304.1	8294	8066.29	0.00811304	4.52639e-05
NM_001395305.1	8350	8122.29	0.451122	0.00249953
NM_001395306.1	8150	7922.29	0	0
NM_001395307.1	7981	7753.29	0	0
NM_001395308.1	8051	7823.29	10.6262	0.0611269
NM_001395309.1	8296	8068.29	0	0
NM_001395310.1	8110	7882.29	91.1469	0.520393
NM_001395311.1	7964	7736.29	3.47008	0.020186
NM_001395312.1	8017	7789.29	133.031	0.768594
NM_001395313.1	7999	7771.29	0	0
NM_001395314.1	7721	7493.29	578.025	3.47149
NM_001395315.1	8785	8557.29	1848.52	9.72144
NM_001395316.1	5014	4786.29	6.72115	0.0631955
NM_001395317.1	8371	8143.29	132.725	0.733489
NM_001395318.1	4996	4768.29	0.841676	0.00794373
NM_001395319.1	5185	4957.29	38.0178	0.345131
NM_001395320.1	8353	8125.29	39.1499	0.216837
NM_001395321.1	8242	8014.29	0	0
NM_001395322.1	4958	4730.29	11.5635	0.110012
NM_001395323.1	7270	7042.29	0	0
NM_001395324.1	7264	7036.29	7.77016	0.0496968
NM_001395325.1	8825	8597.29	113.875	0.596088
NM_001395326.1	8807	8579.29	36.4708	0.191309
NM_001395327.1	8696	8468.29	0	0
NM_001395328.1	1532	1304.29	0	0
NM_001395329.1	1559	1331.29	0	0
NM_001395331.1	1523	1295.29	0	0
NM_001395333.1	7079	6851.29	10.8081	0.0709938
NM_001395334.1	855	627.427	0	0
NM_001395362.2	3451	3223.29	0	0
NM_001395363.1	2264	2036.29	0	0
NM_001395364.1	1961	1733.29	34.2974	0.890495
NM_001395365.1	2138	1910.29	0	0
NM_001395366.1	2231	2003.29	30.6088	0.687613
NM_001395369.1	5695	5467.29	0	0
NM_001395370.1	5365	5137.29	0	0
NM_001395371.1	5456	5228.29	0	0
NM_001395372.1	5362	5134.29	0	0
NM_001395373.1	5186	4958.29	6.03942	0.0548158
NM_001395374.1	1206	978.293	0	0
NM_001395375.1	918	690.293	0	0
NM_001395376.1	826	598.427	408.681	30.7337
NM_001395377.1	1478	1250.29	0	0
NM_001395378.1	1393	1165.29	0	0
NM_001395379.1	6125	5897.29	13.3503	0.101878
NM_001395380.1	3818	3590.29	192.503	2.41296
NM_001395382.1	5999	5771.29	0	0
NM_001395383.1	5758	5530.29	1.63853e-08	1.33336e-10
NM_001395384.1	6028	5800.29	0	0
NM_001395385.1	5991	5763.29	0	0
NM_001395387.1	1573	1345.29	5.38669e-05	1.80197e-06
NM_001395388.1	1832	1604.29	123.207	3.45615
NM_001395389.1	1620	1392.29	0.667427	0.0215732
NM_001395390.1	1784	1556.29	0	0
NM_001395391.1	1932	1704.29	0	0
NM_001395392.1	2030	1802.29	11.6786	0.291612
NM_001395393.1	1570	1342.29	0	0
NM_001395394.1	1694	1466.29	0	0
NM_001395395.1	1522	1294.29	1.3659	0.0474928
NM_001395396.1	1683	1455.29	10.8725	0.336218
NM_001395397.1	1661	1433.29	0	0
NM_001395398.1	1885	1657.29	31.6965	0.860704
NM_001395399.1	1724	1496.29	28.6118	0.86054
NM_001395400.1	10579	10351.3	125.752	0.546715
NM_001395401.1	3485	3257.29	12.1276	0.167556
NM_001395402.1	267	96.6399	0	0
NM_001395403.1	363	162.855	0	0
NM_001395404.1	303	119.67	0	0
NM_001395405.1	318	129.815	0	0
NM_001395406.1	258	91.0962	0	0
NM_001395407.1	318	129.815	0	0
NM_001395408.1	291	111.803	0	0
NM_001395409.1	327	136.154	0	0
NM_001395411.1	567	342.699	0	0
NM_001395412.1	690	463.088	0	0
NM_001395413.1	2446	2218.29	1297.32	26.3192
NM_001395414.1	6019	5791.29	0	0
NM_001395415.1	1015	787.293	0	0
NM_001395416.1	2859	2631.29	162.639	2.78162
NM_001395418.1	2350	2122.29	10.8096	0.229217
NM_001395419.1	2592	2364.29	0	0
NM_001395421.2	1374	1146.29	0	0
NM_001395425.1	3515	3287.29	0	0
NM_001395426.1	8617	8389.29	410.349	2.20125
NM_001395429.1	3433	3205.29	0	0
NM_001395430.1	4379	4151.29	0	0
NM_001395431.1	3369	3141.29	0	0
NM_001395433.1	544	321.029	0	0
NM_001395434.1	824	596.427	0	0
NM_001395435.1	762	534.648	0	0
NM_001395436.2	949	721.293	0	0
NM_001395437.1	1185	957.293	0	0
NM_001395438.1	1465	1237.29	0	0
NM_001395439.1	1575	1347.29	0	0
NM_001395440.1	1588	1360.29	0	0
NM_001395441.1	2180	1952.29	6.67561e-06	1.53882e-07
NM_001395442.1	2111	1883.29	6.13888	0.146694
NM_001395443.1	2329	2101.29	8.15024e-05	1.74553e-06
NM_001395444.1	2072	1844.29	5.89004	0.143724
NM_001395445.1	2003	1775.29	0	0
NM_001395446.1	824	596.427	0	0
NM_001395447.1	2221	1993.29	26.2192	0.591957
NM_001395448.1	748	520.701	0	0
NM_001395449.1	695	468.041	17.9049	1.72159
NM_001395450.1	4833	4605.29	22.0354	0.21533
NM_001395451.1	4800	4572.29	0	0
NM_001395452.1	4881	4653.29	241.422	2.33485
NM_001395453.1	4851	4623.29	18.6183	0.18123
NM_001395454.1	4308	4080.29	0.000583037	6.43053e-06
NM_001395455.1	3910	3682.29	7.56588	0.0924662
NM_001395456.1	1896	1668.29	0	0
NM_001395457.1	1941	1713.29	27.6908	0.727355
NM_001395458.1	4641	4413.29	14.7259	0.150163
NM_001395459.1	521	299.283	1	0.15037
NM_001395460.1	10356	10128.3	0	0
NM_001395461.1	8908	8680.29	0	0
NM_001395462.2	8412	8184.29	2437.88	13.4052
NM_001395463.1	846	618.427	114.597	8.33927
NM_001395464.1	1516	1288.29	0	0
NM_001395465.1	1574	1346.29	0	0
NM_001395466.1	1447	1219.29	0	0
NM_001395467.1	1275	1047.29	0	0
NM_001395468.1	1394	1166.29	10.706	0.413106
NM_001395469.1	5475	5247.29	4.99071	0.0428025
NM_001395471.1	1060	832.293	0	0
NM_001395472.1	7754	7526.29	113.219	0.676985
NM_001395473.1	7580	7352.29	515.59	3.15591
NM_001395475.1	7560	7332.29	0	0
NM_001395476.1	7700	7472.29	41.8109	0.251813
NM_001395477.1	7386	7158.29	388.216	2.44065
NM_001395478.1	7548	7320.29	0	0
NM_001395479.1	7526	7298.29	193.215	1.19141
NM_001395480.1	7230	7002.29	0	0
NM_001395481.1	7595	7367.29	0	0
NM_001395482.1	7553	7325.29	0	0
NM_001395483.1	7889	7661.29	116.359	0.6835
NM_001395484.1	551	327.472	0	0
NM_001395485.2	1509	1281.29	0	0
NM_001395486.2	1877	1649.29	0	0
NM_001395487.1	1747	1519.29	0	0
NM_001395488.1	7947	7719.29	446.043	2.60041
NM_001395489.1	1091	863.293	2.18211	0.113752
NM_001395490.1	7844	7616.29	43.6055	0.257656
NM_001395491.1	1932	1704.29	5.54121	0.14632
NM_001395492.1	1800	1572.29	0	0
NM_001395493.1	1756	1528.29	0	0
NM_001395494.1	1032	804.293	1.98652	0.111153
NM_001395495.1	1174	946.293	0.245184	0.0116603
NM_001395496.1	2911	2683.29	14.354	0.24074
NM_001395497.1	968	740.293	51.6375	3.13909
NM_001395498.1	818	590.487	547.167	41.7015
NM_001395500.1	1192	964.293	0	0
NM_001395501.1	1105	877.293	0	0
NM_001395502.1	1293	1065.29	0	0
NM_001395503.1	2260	2032.29	0	0
NM_001395504.1	4972	4744.29	0	0
NM_001395505.1	10592	10364.3	1.12239e-08	4.87357e-11
NM_001395506.1	1314	1086.29	0	0
NM_001395507.1	2827	2599.29	0	0
NM_001395508.1	9584	9356.29	60.32	0.290135
NM_001395509.1	10298	10070.3	0	0
NM_001395510.1	10274	10046.3	118.034	0.528743
NM_001395511.1	9608	9380.29	0	0
NM_001395512.1	10192	9964.29	0	0
NM_001395513.1	3576	3348.29	0	0
NM_001395517.1	6683	6455.29	6.45701	0.0450151
NM_001395519.1	4081	3853.29	80.3099	0.937949
NM_001395520.1	3907	3679.29	5.55975	0.0680037
NM_001395521.1	3865	3637.29	2.4441	0.0302401
NM_001395522.1	4105	3877.29	0.00541436	6.28435e-05
NM_001395523.1	3915	3687.29	0	0
NM_001395524.1	3922	3694.29	23.0733	0.281074
NM_001395525.1	4173	3945.29	0	0
NM_001395526.1	3767	3539.29	18.1401	0.230657
NM_001395527.1	3893	3665.29	2.97952	0.036583
NM_001395528.1	3593	3365.29	10.007	0.133821
NM_001395529.1	3422	3194.29	0	0
NM_001395530.1	3993	3765.29	40.7691	0.487276
NM_001395531.1	4122	3894.29	0	0
NM_001395532.1	3959	3731.29	21.2732	0.256576
NM_001395533.1	4131	3903.29	286.786	3.3065
NM_001395534.1	3608	3380.29	12.2308	0.162833
NM_001395535.1	3906	3678.29	14.0154	0.171475
NM_001395536.1	3899	3671.29	0	0
NM_001395537.1	3732	3504.29	7.85835e-06	1.00919e-07
NM_001395538.1	4014	3786.29	0	0
NM_001395539.1	3840	3612.29	0	0
NM_001395540.1	3972	3744.29	0.00160239	1.92593e-05
NM_001395541.1	3789	3561.29	0	0
NM_001395542.1	3942	3714.29	0	0
NM_001395543.1	3855	3627.29	0	0
NM_001395544.1	3557	3329.29	0	0
NM_001395548.1	4704	4476.29	0	0
NM_001395549.1	1111	883.293	0	0
NM_001395550.1	1412	1184.29	0	0
NM_001395551.1	1596	1368.29	50.8574	1.6727
NM_001395552.1	1439	1211.29	0	0
NM_001395555.1	633	407.137	0	0
NM_001395587.1	8550	8322.29	11.0003	0.0594844
NM_001395631.1	10779	10551.3	0	0
NM_001395637.2	6216	5988.29	12.9783	0.097534
NM_001395643.1	2498	2270.29	0.136774	0.00271121
NM_001395645.1	1529	1301.29	0	0
NM_001395646.1	1718	1490.29	0	0
NM_001395647.1	2130	1902.29	0	0
NM_001395648.1	8103	7875.29	0	0
NM_001395652.1	9228	9000.29	0	0
NM_001395653.1	9087	8859.29	0	0
NM_001395654.1	9234	9006.29	0	0
NM_001395656.1	9018	8790.29	0	0
NM_001395657.1	8640	8412.29	0	0
NM_001395660.1	1786	1558.29	19	0.548715
NM_001395677.1	10434	10206.3	0	0
NM_001395678.1	10223	9995.29	236.649	1.0655
NM_001395679.1	10551	10323.3	606.338	2.64325
NM_001395680.1	10390	10162.3	70.8965	0.313961
NM_001395682.1	10694	10466.3	261.752	1.12548
NM_001395683.1	10485	10257.3	0	0
NM_001395684.1	10527	10299.3	60.7397	0.265404
NM_001395685.1	10477	10249.3	61.272	0.269036
NM_001395686.1	10376	10148.3	0.000521361	2.312e-06
NM_001395687.1	10064	9836.29	270.731	1.23865
NM_001395688.1	10420	10192.3	0.000272033	1.20113e-06
NM_001395689.1	10253	10025.3	9.69314e-05	4.35121e-07
NM_001395690.1	10259	10031.3	4.65189e-05	2.08696e-07
NM_001395691.1	10275	10047.3	2.627e-08	1.17667e-10
NM_001395692.1	6086	5858.29	19.1962	0.147464
NM_001395693.1	5919	5691.29	38.5529	0.304852
NM_001395694.1	5925	5697.29	0.345563	0.00272961
NM_001395695.1	6020	5792.29	0	0
NM_001395696.1	5788	5560.29	0	0
NM_001395697.1	10436	10208.3	0	0
NM_001395698.1	3925	3697.29	16.8017	0.204509
NM_001395699.1	2675	2447.29	0	0
NM_001395700.1	6930	6702.29	50.1021	0.336415
NM_001395745.1	3358	3130.29	0	0
NM_001395749.1	1132	904.293	0	0
NM_001395830.1	5160	4932.29	27.2303	0.248454
NM_001395831.1	5148	4920.29	0.0586965	0.000536863
NM_001395832.1	5375	5147.29	0	0
NM_001395833.1	5274	5046.29	18.4648	0.16467
NM_001395834.1	5428	5200.29	0	0
NM_001395835.1	5425	5197.29	15.1505	0.131187
NM_001395836.1	4921	4693.29	0	0
NM_001395837.1	5245	5017.29	0	0
NM_001395838.1	4863	4635.29	0	0
NM_001395839.1	4846	4618.29	0	0
NM_001395840.1	4751	4523.29	0	0
NM_001395841.1	4850	4622.29	0	0
NM_001395842.1	4978	4750.29	0	0
NM_001395843.1	5061	4833.29	0	0
NM_001395846.1	2358	2130.29	32.5713	0.688079
NM_001395848.1	4650	4422.29	0	0
NM_001395849.1	6463	6235.29	191.814	1.38442
NM_001395850.1	6310	6082.29	345.781	2.55845
NM_001395851.1	6316	6088.29	564.035	4.1692
NM_001395852.1	1322	1094.29	0	0
NM_001395853.1	1186	958.293	0	0
NM_001395854.1	1424	1196.29	0	0
NM_001395855.1	1288	1060.29	5.56704	0.236288
NM_001395856.1	2001	1773.29	0	0
NM_001395857.1	2769	2541.29	0	0
NM_001395858.1	3105	2877.29	0	0
NM_001395859.2	6292	6064.29	44.9911	0.333879
NM_001395860.2	6455	6227.29	0	0
NM_001395861.2	6302	6074.29	0	0
NM_001395862.1	1240	1012.29	0	0
NM_001395868.1	2729	2501.29	0	0
NM_001395871.1	6008	5780.29	0	0
NM_001395872.1	443	228.322	0	0
NM_001395875.1	1697	1469.29	0	0
NM_001395876.1	1818	1590.29	0	0
NM_001395877.1	1727	1499.29	6.24966	0.187591
NM_001395878.1	1791	1563.29	77.726	2.23753
NM_001395879.1	1598	1370.29	0	0
NM_001395880.1	1556	1328.29	0	0
NM_001395881.1	1529	1301.29	46.1657	1.59656
NM_001395882.1	1677	1449.29	0	0
NM_001395883.1	1677	1449.29	0	0
NM_001395884.1	1457	1229.29	8.34387	0.30546
NM_001395885.1	1701	1473.29	0	0
NM_001395886.1	1663	1435.29	5.53276	0.173478
NM_001395887.1	1578	1350.29	3.71455	0.1238
NM_001395891.1	8141	7913.29	0	0
NM_001395893.1	14874	14646.3	135.127	0.4152
NM_001395894.1	14802	14574.3	4.60431e-05	1.42174e-07
NM_001395895.1	11697	11469.3	3279.49	12.868
NM_001395897.1	14799	14571.3	59.3558	0.183319
NM_001395899.1	14470	14242.3	0	0
NM_001395900.1	14612	14384.3	45.3894	0.142007
NM_001395901.1	14383	14155.3	125.324	0.398435
NM_001395902.1	14589	14361.3	62.0584	0.194469
NM_001395905.2	5490	5262.29	587.411	5.02353
NM_001395907.1	1620	1392.29	1	0.032323
NM_001395917.1	670	443.585	0	0
NM_001395918.1	7580	7352.29	0	0
NM_001395920.1	1436	1208.29	0	0
NM_001395930.1	652	425.803	25.1557	2.65871
NM_001395931.1	3605	3377.29	0	0
NM_001395932.1	3737	3509.29	360.795	4.62683
NM_001395936.1	2002	1774.29	0	0
NM_001395938.1	1398	1170.29	0	0
NM_001395940.1	1540	1312.29	0	0
NM_001395941.1	1680	1452.29	1	0.0309876
NM_001395942.1	1655	1427.29	0	0
NM_001395943.1	1799	1571.29	0	0
NM_001395944.1	1728	1500.29	0	0
NM_001395945.1	1720	1492.29	0	0
NM_001395946.1	1626	1398.29	0	0
NM_001395947.1	2128	1900.29	3.98036	0.0942636
NM_001395948.1	1763	1535.29	0	0
NM_001395949.1	1741	1513.29	0	0
NM_001395950.1	1674	1446.29	0	0
NM_001395951.1	1537	1309.29	0	0
NM_001395952.1	1814	1586.29	0	0
NM_001395953.1	1898	1670.29	1.06155	0.0286015
NM_001395954.1	1182	954.293	0	0
NM_001395959.1	1315	1087.29	0	0
NM_001395960.1	619	393.338	0	0
NM_001395961.1	10100	9872.29	62.1953	0.283519
NM_001395962.1	823	595.427	0	0
NM_001395966.1	1513	1285.29	0	0
NM_001395972.1	1247	1019.29	0	0
NM_001395974.1	3347	3119.29	46.793	0.675098
NM_001395975.1	3275	3047.29	1.05722	0.0156133
NM_001395976.1	3445	3217.29	17.1482	0.239867
NM_001395977.1	2650	2422.29	0	0
NM_001395978.1	2101	1873.29	0	0
NM_001395979.2	852	624.427	1	0.072071
NM_001395980.1	1559	1331.29	5.20268	0.175872
NM_001395982.1	1868	1640.29	0	0
NM_001395990.1	612	386.495	0	0
NM_001395995.1	2220	1992.29	398.5	9.00155
NM_001395996.1	8071	7843.29	0	0
NM_001395999.1	3670	3442.29	6.34983	0.083015
NM_001396.5	16457	16229.3	16.5897	0.0460024
NM_001396000.1	3397	3169.29	508.489	7.2204
NM_001396002.1	3247	3019.29	0	0
NM_001396003.1	3346	3118.29	0	0
NM_001396004.1	2966	2738.29	22.3301	0.36699
NM_001396006.1	3065	2837.29	324.585	5.14833
NM_001396008.1	3537	3309.29	44	0.598356
NM_001396011.1	1039	811.293	8.56618	0.475173
NM_001396012.1	3429	3201.29	1.12348	0.0157937
NM_001396013.1	1509	1281.29	0	0
NM_001396016.1	4220	3992.29	270.756	3.05209
NM_001396017.1	3030	2802.29	6	0.0963563
NM_001396020.1	2996	2768.29	14.5448	0.23645
NM_001396022.1	520	298.404	0	0
NM_001396025.1	699	471.947	0	0
NM_001396026.1	699	471.947	0	0
NM_001396027.1	696	468.994	0	0
NM_001396029.1	1810	1582.29	0	0
NM_001396030.1	3238	3010.29	5.93587	0.0887397
NM_001396036.2	856	628.427	0	0
NM_001396040.1	6201	5973.29	614.876	4.63251
NM_001396041.1	5945	5717.29	534.267	4.20543
NM_001396042.1	1007	779.293	37.9533	2.19175
NM_001396043.1	1130	902.293	521.251	25.9981
NM_001396044.1	1239	1011.29	0	0
NM_001396045.1	1116	888.293	22.5736	1.14363
NM_001396050.1	4929	4701.29	67.7071	0.648125
NM_001396051.1	1466	1238.29	0	0
NM_001396052.1	4801	4573.29	2.56424	0.0252332
NM_001396053.1	4798	4570.29	0	0
NM_001396054.1	4792	4564.29	0	0
NM_001396055.1	4600	4372.29	0	0
NM_001396056.1	945	717.293	0	0
NM_001396057.1	4068	3840.29	0	0
NM_001396058.1	5000	4772.29	3.06123	0.0288676
NM_001396059.1	3685	3457.29	0	0
NM_001396060.1	1401	1173.29	0	0
NM_001396061.1	936	708.293	0	0
NM_001396062.1	3381	3153.29	0	0
NM_001396063.1	1179	951.293	0	0
NM_001396067.1	708	480.9	1	0.093581
NM_001396070.1	1838	1610.29	0	0
NM_001396071.1	2122	1894.29	0	0
NM_001396072.1	2089	1861.29	0	0
NM_001396075.1	1510	1282.29	0	0
NM_001396080.1	2560	2332.29	881.509	17.0093
NM_001396106.1	3009	2781.29	1	0.0161806
NM_001396110.1	908	680.293	10.9713	0.725775
NM_001396132.1	1772	1544.29	0	0
NM_001396241.1	1323	1095.29	447.267	18.3772
NM_001396242.1	3221	2993.29	9.6104	0.144489
NM_001396408.1	3652	3424.29	1.00104	0.0131559
NM_001396409.1	604	378.687	1	0.11884
NM_001396456.1	1685	1457.29	0	0
NM_001396457.1	1883	1655.29	0	0
NM_001396458.1	2000	1772.29	0	0
NM_001396459.1	1400	1172.29	0	0
NM_001396460.1	1529	1301.29	0	0
NM_001396461.1	1637	1409.29	0	0
NM_001396485.1	1194	966.293	0	0
NM_001396518.1	7474	7246.29	2006.55	12.4616
NM_001396855.1	2156	1928.29	2132.78	49.7754
NM_001396861.1	2082	1854.29	123.223	2.99057
NM_001396956.1	4401	4173.29	0	0
NM_001396957.1	4398	4170.29	0	0
NM_001396959.1	5985	5757.29	0	0
NM_001396964.1	5725	5497.29	0	0
NM_001396965.1	5716	5488.29	0	0
NM_001396966.1	5713	5485.29	0	0
NM_001396967.1	5628	5400.29	203.615	1.69681
NM_001397.3	5067	4839.29	758.537	7.05402
NM_001397211.1	19578	19350.3	158.055	0.36759
NM_001397246.1	1182	954.293	6.55915	0.30932
NM_001397346.1	1956	1728.29	0	0
NM_001397347.2	1127	899.293	0	0
NM_001397348.2	1032	804.293	0	0
NM_001397349.2	523	301.192	0	0
NM_001397362.1	2126	1898.29	0	0
NM_001397372.1	6587	6359.29	133.076	0.941742
NM_001397380.1	1395	1167.29	0	0
NM_001397382.1	1395	1167.29	0	0
NM_001397387.1	1395	1167.29	0	0
NM_001397391.1	1395	1167.29	0	0
NM_001397396.1	1395	1167.29	0	0
NM_001397406.1	1012	784.293	505.198	28.9885
NM_001397426.2	6306	6078.29	0	0
NM_001397448.1	4250	4022.29	0	0
NM_001397450.1	4443	4215.29	6.38281	0.0681438
NM_001397451.1	4188	3960.29	0	0
NM_001397452.1	4113	3885.29	0	0
NM_001397453.1	4325	4097.29	2.39348	0.026289
NM_001397473.1	13085	12857.3	11038.5	38.637
NM_001397485.1	656	429.76	9.65834	1.01139
NM_001397487.1	2983	2755.29	4.09256	0.0668451
NM_001397496.1	703	475.947	154	14.5614
NM_001397544.1	13908	13680.3	0	0
NM_001397545.1	14113	13885.3	0	0
NM_001397606.1	3553	3325.29	0	0
NM_001397607.1	5578	5350.29	0	0
NM_001397608.1	3386	3158.29	0	0
NM_001397609.1	5532	5304.29	0	0
NM_001397610.1	6317	6089.29	0	0
NM_001397611.1	5642	5414.29	0	0
NM_001397612.1	4224	3996.29	0	0
NM_001397613.1	3439	3211.29	0	0
NM_001397614.1	4508	4280.29	0	0
NM_001397615.1	6142	5914.29	0	0
NM_001397617.1	3224	2996.29	0	0
NM_001397619.1	2248	2020.29	0	0
NM_001397620.1	3286	3058.29	0.00105643	1.55454e-05
NM_001397621.1	3317	3089.29	0	0
NM_001397622.1	3265	3037.29	13.3789	0.198233
NM_001397623.1	1224	996.293	0	0
NM_001397624.1	3038	2810.29	2.98724	0.0478367
NM_001397625.1	1026	798.293	0.634779	0.0357851
NM_001397626.1	1005	777.293	0	0
NM_001397627.1	937	709.293	0	0
NM_001397628.1	1067	839.293	0	0
NM_001397629.1	891	663.427	0	0
NM_001397630.1	1676	1448.29	0	0
NM_001397635.1	3541	3313.29	0	0
NM_001397900.1	1534	1306.29	1.35971	0.0468432
NM_001397992.1	1444	1216.29	21.304	0.788253
NM_001398.3	1200	972.293	677.752	31.3701
NM_001398281.1	1749	1521.29	11.7226	0.346779
NM_001398282.1	2224	1996.29	34.2198	0.771428
NM_001398283.1	1792	1564.29	8.52183	0.245164
NM_001398284.1	2348	2120.29	0	0
NM_001398285.1	1673	1445.29	3.59959	0.112083
NM_001398286.1	1716	1488.29	2.44182	0.073836
NM_001398287.1	2148	1920.29	0	0
NM_001398427.1	3218	2990.29	0	0
NM_001398476.1	7544	7316.29	2.13677e-06	1.31434e-08
NM_001398477.1	7488	7260.29	1681.11	10.4204
NM_001398478.1	7405	7177.29	286.067	1.7937
NM_001398479.1	7419	7191.29	236.525	1.48017
NM_001398480.1	7599	7371.29	1211.64	7.39727
NM_001398481.1	15596	15368.3	0	0
NM_001398482.1	2323	2095.29	33.2899	0.715006
NM_001398483.1	3558	3330.29	12.4086	0.16768
NM_001398490.1	8719	8491.29	72.3002	0.383185
NM_001398491.1	8753	8525.29	0	0
NM_001398492.1	8694	8466.29	0	0
NM_001398493.1	11341	11113.3	0	0
NM_001398494.1	12310	12082.3	17.97	0.0669332
NM_001398495.1	4663	4435.29	0	0
NM_001398496.1	4713	4485.29	0.998644	0.0100199
NM_001398497.1	4744	4516.29	0	0
NM_001398498.1	4773	4545.29	0	0
NM_001398499.1	4564	4336.29	0	0
NM_001398500.1	4826	4598.29	36.8652	0.360796
NM_001398501.1	4841	4613.29	35.1362	0.342756
NM_001398502.1	4797	4569.29	0	0
NM_001398503.1	4667	4439.29	0	0
NM_001398504.1	4719	4491.29	0	0
NM_001398505.1	4533	4305.29	0	0
NM_001398506.1	4664	4436.29	0	0
NM_001398507.1	4530	4302.29	0	0
NM_001398508.1	4502	4274.29	0	0
NM_001398509.1	4612	4384.29	0	0
NM_001398510.1	4403	4175.29	0	0
NM_001398525.1	6685	6457.29	0	0
NM_001398526.1	6680	6452.29	0	0
NM_001398527.1	6650	6422.29	0	0
NM_001398528.1	3659	3431.29	0	0
NM_001398530.1	5421	5193.29	0	0
NM_001398531.1	5423	5195.29	0	0
NM_001398532.1	5315	5087.29	0.0059616	5.27374e-05
NM_001398533.1	5277	5049.29	0	0
NM_001398534.1	5285	5057.29	19.8136	0.176314
NM_001398535.1	2370	2142.29	0	0
NM_001398536.1	2380	2152.29	0	0
NM_001398537.1	2372	2144.29	0	0
NM_001398539.1	2286	2058.29	0	0
NM_001398540.1	2294	2066.29	0	0
NM_001398541.1	2288	2060.29	0	0
NM_001398542.1	2256	2028.29	0	0
NM_001398543.1	2264	2036.29	3.21927	0.0711474
NM_001398544.1	2266	2038.29	0	0
NM_001398545.1	2258	2030.29	1.40484	0.0311394
NM_001398546.1	2174	1946.29	0	0
NM_001399.5	5235	5007.29	0	0
NM_001399459.1	4791	4563.29	0	0
NM_001399737.1	4204	3976.29	0	0
NM_001399790.1	2455	2227.29	177.032	3.57698
NM_001399791.1	2339	2111.29	345.203	7.35814
NM_001399792.1	2107	1879.29	247.425	5.92504
NM_001399793.1	1959	1731.29	13.0651	0.339614
NM_001399796.1	1206	978.293	124.905	5.74582
NM_001399797.1	1304	1076.29	179.04	7.48619
NM_001399798.1	1728	1500.29	0	0
NM_001399799.1	1901	1673.29	7.94641	0.213718
NM_001399800.1	1656	1428.29	0	0
NM_001399801.1	1951	1723.29	20.1816	0.527034
NM_001399802.1	1946	1718.29	18.0736	0.473359
NM_001399803.1	1958	1730.29	0	0
NM_001399804.1	1867	1639.29	0	0
NM_001399805.1	1688	1460.29	3.51687	0.108382
NM_001399807.1	1845	1617.29	10.0728	0.280288
NM_001399808.1	1818	1590.29	0.855936	0.0242218
NM_001399809.1	1775	1547.29	6.33732e-08	1.84321e-09
NM_001399817.1	9277	9049.29	0	0
NM_001399820.1	6403	6175.29	109.76	0.799886
NM_001399821.1	6312	6084.29	3.66086	0.0270779
NM_001399823.1	6427	6199.29	4.06785	0.0295301
NM_001399849.1	6036	5808.29	0	0
NM_001399850.1	6408	6180.29	0	0
NM_001399851.1	6531	6303.29	0	0
NM_001399855.1	5730	5502.29	0	0
NM_001399856.1	5730	5502.29	0	0
NM_001399857.1	5617	5389.29	0	0
NM_001399858.1	5587	5359.29	0	0
NM_001399859.1	5784	5556.29	27.3928	0.221868
NM_001399860.1	5688	5460.29	35.7729	0.294836
NM_001399861.1	5688	5460.29	0	0
NM_001399862.1	5729	5501.29	7.85896	0.0642899
NM_001399863.1	5762	5534.29	0	0
NM_001399864.1	5657	5429.29	90.733	0.75208
NM_001399865.1	5681	5453.29	59.7091	0.492747
NM_001399870.1	2927	2699.29	79.5376	1.32606
NM_001399872.1	6563	6335.29	65.8048	0.467447
NM_001399873.1	6545	6317.29	89.9575	0.640838
NM_001399874.1	1939	1711.29	0	0
NM_001399875.1	1937	1709.29	0	0
NM_001399876.1	1372	1144.29	0	0
NM_001399878.1	1623	1395.29	9.29538	0.299808
NM_001399879.1	2943	2715.29	0.81501	0.0135079
NM_001399880.1	3283	3055.29	0	0
NM_001399881.1	2934	2706.29	7.47974	0.124381
NM_001399882.1	2925	2697.29	9.27763	0.154793
NM_001399883.1	2815	2587.29	0	0
NM_001399884.1	2927	2699.29	0.738327	0.0123095
NM_001399885.1	2927	2699.29	13.3046	0.221817
NM_001399886.1	3077	2849.29	0	0
NM_001399887.1	2862	2634.29	0.918041	0.0156834
NM_001399888.1	3074	2846.29	0	0
NM_001399889.1	2773	2545.29	0	0
NM_001399890.1	2885	2657.29	0	0
NM_001399891.1	2749	2521.29	1.1449	0.0204355
NM_001399892.1	2740	2512.29	17.6345	0.31589
NM_001399893.1	2861	2633.29	0.24512	0.00418911
NM_001399894.1	2805	2577.29	6.27222e-05	1.09522e-06
NM_001399895.1	3015	2787.29	0	0
NM_001399896.1	3015	2787.29	1.53051	0.0247113
NM_001399897.1	2997	2769.29	0	0
NM_001399898.1	3106	2878.29	17.5377	0.274208
NM_001399899.1	3103	2875.29	1.87116	0.0292868
NM_001399900.1	2812	2584.29	2.87927	0.0501399
NM_001399901.1	2999	2771.29	0	0
NM_001399902.1	3006	2778.29	28.2195	0.457103
NM_001399903.1	2775	2547.29	0	0
NM_001399904.1	2766	2538.29	0	0
NM_001399905.1	2985	2757.29	23.5537	0.384431
NM_001399906.1	3034	2806.29	0	0
NM_001399907.1	2757	2529.29	5.9091	0.105139
NM_001399908.1	2674	2446.29	5.5055	0.101282
NM_001399909.1	2668	2440.29	1.79168	0.0330415
NM_001399910.1	2792	2564.29	0	0
NM_001399911.1	2989	2761.29	0.867115	0.0141321
NM_001399912.1	2957	2729.29	0	0
NM_001399913.1	2964	2736.29	0.190115	0.00312677
NM_001399914.1	3061	2833.29	1.02195	0.0162323
NM_001399915.1	2961	2733.29	0.0476534	0.000784603
NM_001399916.1	2854	2626.29	36.892	0.632166
NM_001399917.1	2727	2499.29	0	0
NM_001399918.1	2724	2496.29	141.625	2.55322
NM_001399919.1	2768	2540.29	0	0
NM_001399920.1	2940	2712.29	4.84535	0.0803953
NM_001399921.1	2989	2761.29	0	0
NM_001399922.1	2937	2709.29	0	0
NM_001399923.1	2697	2469.29	0	0
NM_001399924.1	2694	2466.29	1.3202	0.0240901
NM_001399925.1	2694	2466.29	1.14698	0.0209292
NM_001399926.1	2965	2737.29	0	0
NM_001399927.1	2611	2383.29	0	0
NM_001399928.1	2717	2489.29	0	0
NM_001399929.1	2892	2664.29	0	0
NM_001399930.1	2889	2661.29	0.00200406	3.3889e-05
NM_001399931.1	2581	2353.29	0	0
NM_001399932.1	2870	2642.29	16.7875	0.285922
NM_001399933.1	2699	2471.29	0	0
NM_001399934.1	2864	2636.29	113.986	1.94581
NM_001399935.1	2693	2465.29	0	0
NM_001399936.1	2643	2415.29	4.90805	0.0914496
NM_001399937.1	2631	2403.29	1.04311e-05	1.95329e-07
NM_001399938.1	2551	2323.29	0	0
NM_001399939.1	2840	2612.29	0	0
NM_001399940.1	2847	2619.29	0	0
NM_001399941.1	2834	2606.29	0	0
NM_001399942.1	2938	2710.29	11.9755	0.198848
NM_001399943.1	2935	2707.29	0	0
NM_001399944.1	2817	2589.29	0.0279727	0.000486178
NM_001399945.1	2866	2638.29	0	0
NM_001399946.1	2630	2402.29	0	0
NM_001399947.1	2789	2561.29	0	0
NM_001399948.1	2796	2568.29	0.21449	0.00375841
NM_001399949.1	2606	2378.29	0	0
NM_001399950.1	2772	2544.29	0	0
NM_001399952.1	2821	2593.29	0	0
NM_001399953.1	2797	2569.29	0	0
NM_001399954.1	2555	2327.29	0	0
NM_001399955.1	2490	2262.29	0	0
NM_001399956.1	2709	2481.29	0	0
NM_001399957.1	2696	2468.29	17.9765	0.327756
NM_001399958.1	2728	2500.29	0	0
NM_001399959.1	2997	2769.29	0	0
NM_001399960.1	2368	2140.29	0	0
NM_001399961.1	2359	2131.29	0	0
NM_001399962.1	2944	2716.29	15.1563	0.251107
NM_001399963.1	2627	2399.29	0	0
NM_001399964.1	2634	2406.29	0	0
NM_001399965.1	3028	2800.29	0	0
NM_001399966.1	2806	2578.29	3.4347e-05	5.99513e-07
NM_001399967.1	3016	2788.29	55.1536	0.890179
NM_001399968.1	3009	2781.29	0	0
NM_001399969.1	10986	10758.3	245.916	1.02869
NM_001399970.1	3001	2773.29	0	0
NM_001399971.1	2754	2526.29	0	0
NM_001399972.1	10859	10631.3	67.6325	0.286293
NM_001399973.1	2685	2457.29	0	0
NM_001399974.1	2848	2620.29	40.1989	0.690409
NM_001399975.1	2873	2645.29	0	0
NM_001399976.1	2803	2575.29	0.0402441	0.000703263
NM_001399987.1	4494	4266.29	0.000603548	6.36654e-06
NM_001400.5	2778	2550.29	570.426	10.0659
NM_001400004.1	4279	4051.29	60.0782	0.667368
NM_001400005.1	4400	4172.29	10.5162	0.11343
NM_001400006.1	4532	4304.29	1.06027	0.0110855
NM_001400007.1	4411	4183.29	8.16458	0.087833
NM_001400008.1	4262	4034.29	4.93782	0.055082
NM_001400010.1	4199	3971.29	0	0
NM_001400011.1	4345	4117.29	0	0
NM_001400012.1	4313	4085.29	0	0
NM_001400013.1	4433	4205.29	12.1825	0.130371
NM_001400014.1	4312	4084.29	95.433	1.05154
NM_001400015.1	4100	3872.29	0	0
NM_001400016.1	4301	4073.29	122.12	1.34922
NM_001400017.1	4180	3952.29	684.221	7.79093
NM_001400018.1	4163	3935.29	62.1221	0.710414
NM_001400019.1	4157	3929.29	214.914	2.46146
NM_001400020.1	4246	4018.29	0	0
NM_001400021.1	4202	3974.29	1.14908	0.0130117
NM_001400022.1	4103	3875.29	11.6093	0.134816
NM_001400024.1	8270	8042.29	0	0
NM_001400025.1	8246	8018.29	0.581098	0.00326144
NM_001400026.1	8225	7997.29	30.6294	0.172361
NM_001400027.1	8151	7923.29	0	0
NM_001400028.1	5694	5466.29	46.1337	0.379811
NM_001400029.1	5582	5354.29	0	0
NM_001400030.1	5539	5311.29	0	0
NM_001400031.1	5619	5391.29	0	0
NM_001400032.1	5749	5521.29	0	0
NM_001400033.1	5603	5375.29	0	0
NM_001400034.1	5576	5348.29	6.36252e-08	5.35373e-10
NM_001400035.1	5685	5457.29	4.92111e-07	4.05815e-09
NM_001400036.1	5630	5402.29	0	0
NM_001400037.1	5787	5559.29	0	0
NM_001400038.1	5752	5524.29	0	0
NM_001400039.1	5612	5384.29	0	0
NM_001400040.1	5770	5542.29	0	0
NM_001400041.1	2644	2416.29	56.2656	1.04794
NM_001400042.1	7400	7172.29	0.651393	0.00408721
NM_001400043.1	2449	2221.29	0	0
NM_001400044.1	2477	2249.29	19.1634	0.383415
NM_001400045.1	2511	2283.29	20.1236	0.396631
NM_001400046.1	2522	2294.29	95.6935	1.87705
NM_001400047.1	2556	2328.29	62.7945	1.21374
NM_001400048.1	2570	2342.29	0	0
NM_001400049.1	5733	5505.29	0	0
NM_001400050.1	5731	5503.29	0	0
NM_001400051.1	5476	5248.29	0	0
NM_001400052.1	5558	5330.29	0.60272	0.0050887
NM_001400053.1	5601	5373.29	0	0
NM_001400054.1	5552	5324.29	18.2383	0.154157
NM_001400055.1	5606	5378.29	0	0
NM_001400056.1	5590	5362.29	0	0
NM_001400057.1	5857	5629.29	0	0
NM_001400058.1	5725	5497.29	0	0
NM_001400059.1	5605	5377.29	0	0
NM_001400060.1	5470	5242.29	0	0
NM_001400061.1	5688	5460.29	96.2839	0.793561
NM_001400062.1	5579	5351.29	0	0
NM_001400063.1	5915	5687.29	0	0
NM_001400064.1	5896	5668.29	20.0512	0.159195
NM_001400065.1	5615	5387.29	17.3086	0.144588
NM_001400066.1	5595	5367.29	0	0
NM_001400067.1	5300	5072.29	0	0
NM_001400068.1	5276	5048.29	0	0
NM_001400069.1	5220	4992.29	0	0
NM_001400070.1	3236	3008.29	0	0
NM_001400071.1	3368	3140.29	0	0
NM_001400072.1	1087	859.293	8.99507	0.471092
NM_001400073.1	1153	925.293	13.7061	0.666616
NM_001400074.1	664	437.717	0	0
NM_001400077.1	4621	4393.29	57.0894	0.5848
NM_001400082.1	4731	4503.29	13.6504	0.136414
NM_001400083.1	4555	4327.29	25.5416	0.265628
NM_001400084.1	4549	4321.29	0	0
NM_001400085.1	4537	4309.29	0.657827	0.00686986
NM_001400086.1	2683	2455.29	0	0
NM_001400087.1	2683	2455.29	8.23808	0.150996
NM_001400088.1	2683	2455.29	0	0
NM_001400089.1	2680	2452.29	0.00284067	5.21304e-05
NM_001400090.1	2677	2449.29	22.265	0.409096
NM_001400091.1	2674	2446.29	12.0185	0.221098
NM_001400092.1	4660	4432.29	12.2557	0.124437
NM_001400093.1	4486	4258.29	22.0147	0.232658
NM_001400094.1	4480	4252.29	0	0
NM_001400095.1	4480	4252.29	0	0
NM_001400096.1	4396	4168.29	57.7146	0.623117
NM_001400097.1	4387	4159.29	4.58943e-08	4.96571e-10
NM_001400098.1	4366	4138.29	5.30927e-06	5.77372e-08
NM_001400099.1	4303	4075.29	0	0
NM_001400100.1	2680	2452.29	0	0
NM_001400101.1	2671	2443.29	3.12449	0.05755
NM_001400102.1	2653	2425.29	590.535	10.9578
NM_001400103.1	2653	2425.29	144.923	2.68915
NM_001400104.1	2650	2422.29	141.537	2.62958
NM_001400105.1	2650	2422.29	56.9075	1.05727
NM_001400106.1	2650	2422.29	15.0633	0.279856
NM_001400107.1	2650	2422.29	0	0
NM_001400108.1	2647	2419.29	0	0
NM_001400109.1	2647	2419.29	0	0
NM_001400110.1	2641	2413.29	29.198	0.544484
NM_001400111.1	2638	2410.29	9.3407	0.174402
NM_001400112.1	2632	2404.29	10.2194	0.191285
NM_001400113.1	2593	2365.29	0.0429252	0.000816714
NM_001400114.1	2687	2459.29	0	0
NM_001400115.1	2684	2456.29	0	0
NM_001400116.1	2416	2188.29	10.1786	0.209327
NM_001400117.1	2582	2354.29	84.9154	1.62319
NM_001400118.1	2654	2426.29	0	0
NM_001400119.1	2636	2408.29	0	0
NM_001400120.1	2771	2543.29	33.8668	0.599267
NM_001400121.1	2218	1990.29	3.8465	0.0869744
NM_001400122.1	2560	2332.29	42.4057	0.818246
NM_001400123.1	2677	2449.29	2.83677	0.0521225
NM_001400124.1	2713	2485.29	20.6093	0.373188
NM_001400125.1	2710	2482.29	17.4315	0.316027
NM_001400126.1	2707	2479.29	0	0
NM_001400127.1	2680	2452.29	22.734	0.417201
NM_001400128.1	2677	2449.29	6.78013e-06	1.24577e-07
NM_001400129.1	2725	2497.29	72.3086	1.30306
NM_001400130.1	2456	2228.29	0	0
NM_001400131.1	2552	2324.29	12.6161	0.244273
NM_001400132.1	1615	1387.29	8.87053	0.287756
NM_001400133.1	1612	1384.29	0.740584	0.0240762
NM_001400134.1	1582	1354.29	42.6665	1.41781
NM_001400135.1	1579	1351.29	5.06749	0.168766
NM_001400136.1	11074	10846.3	1068.8	4.43463
NM_001400137.1	2651	2423.29	0	0
NM_001400138.1	2455	2227.29	0	0
NM_001400139.1	10691	10463.3	20.1739	0.086769
NM_001400140.1	2171	1943.29	1.05925e-07	2.45303e-09
NM_001400141.1	10757	10529.3	0.000306925	1.31182e-06
NM_001400142.1	2168	1940.29	0	0
NM_001400143.1	2138	1910.29	13.4919	0.317846
NM_001400144.1	2135	1907.29	2.24984e-06	5.30857e-08
NM_001400145.1	2132	1904.29	0	0
NM_001400146.1	10917	10689.3	11.6417	0.049013
NM_001400147.1	11010	10782.3	43.0816	0.179814
NM_001400148.1	10768	10540.3	3.21897e-08	1.37438e-10
NM_001400149.1	11011	10783.3	26.4543	0.110405
NM_001400150.1	10984	10756.3	79.2093	0.331403
NM_001400151.1	10742	10514.3	3.12124e-07	1.33595e-09
NM_001400152.1	10674	10446.3	42.0884	0.181319
NM_001400153.1	10533	10305.3	5.06025	0.022098
NM_001400154.1	4239	4011.29	367.846	4.1269
NM_001400155.1	4236	4008.29	0	0
NM_001400156.1	4194	3966.29	0	0
NM_001400157.1	4182	3954.29	0	0
NM_001400158.1	4434	4206.29	3.39954e-08	3.63717e-10
NM_001400159.1	4185	3957.29	244.97	2.78584
NM_001400160.1	4410	4182.29	0	0
NM_001400161.1	4161	3933.29	54.4515	0.623012
NM_001400162.1	4155	3927.29	0	0
NM_001400164.1	4143	3915.29	8.48338e-05	9.75094e-07
NM_001400165.1	4146	3918.29	2.27627e-08	2.61439e-10
NM_001400166.1	4395	4167.29	166.276	1.79563
NM_001400167.1	4122	3894.29	583.971	6.74847
NM_001400168.1	4119	3891.29	0	0
NM_001400170.1	5452	5224.29	0	0
NM_001400171.1	5407	5179.29	0	0
NM_001400172.1	872	644.427	23.0663	1.61082
NM_001400173.1	5317	5089.29	0	0
NM_001400174.1	780	552.487	0	0
NM_001400175.1	6038	5810.29	0	0
NM_001400176.1	2519	2291.29	0	0
NM_001400177.1	6108	5880.29	0	0
NM_001400178.1	6033	5805.29	0	0
NM_001400179.1	2466	2238.29	3.28911	0.0661309
NM_001400180.1	4104	3876.29	0	0
NM_001400181.1	5813	5585.29	0	0
NM_001400182.1	928	700.293	5.08587	0.326834
NM_001400183.1	3979	3751.29	0	0
NM_001400184.1	4104	3876.29	0	0
NM_001400185.1	3913	3685.29	0	0
NM_001400186.1	4107	3879.29	572.203	6.63804
NM_001400187.1	3871	3643.29	0	0
NM_001400188.1	4107	3879.29	0	0
NM_001400189.1	3826	3598.29	0	0
NM_001400190.1	4406	4178.29	93.4304	1.00631
NM_001400191.1	4350	4122.29	0	0
NM_001400192.1	3823	3595.29	0	0
NM_001400193.1	4365	4137.29	0	0
NM_001400194.1	4074	3846.29	1.16328e-06	1.36108e-08
NM_001400195.1	3778	3550.29	0	0
NM_001400197.1	4065	3837.29	0	0
NM_001400198.1	4068	3840.29	387.942	4.54616
NM_001400199.1	3736	3508.29	0	0
NM_001400200.1	4068	3840.29	0.000277282	3.24937e-06
NM_001400202.1	4065	3837.29	0	0
NM_001400203.1	4317	4089.29	0	0
NM_001400204.1	4062	3834.29	0	0
NM_001400205.1	4059	3831.29	0	0
NM_001400206.1	4311	4083.29	0	0
NM_001400207.1	4026	3798.29	8.57315e-05	1.01577e-06
NM_001400208.1	4026	3798.29	0	0
NM_001400209.1	4278	4050.29	254.783	2.83091
NM_001400210.1	4020	3792.29	0	0
NM_001400211.1	4023	3795.29	0	0
NM_001400212.1	4048	3820.29	0	0
NM_001400213.1	3981	3753.29	0	0
NM_001400214.1	4165	3937.29	0	0
NM_001400215.1	3905	3677.29	53.6396	0.656447
NM_001400216.1	3990	3762.29	0	0
NM_001400217.1	3801	3573.29	982.062	12.3684
NM_001400218.1	3777	3549.29	516.654	6.55089
NM_001400219.1	3729	3501.29	0	0
NM_001400220.1	3732	3504.29	535.82	6.88115
NM_001400221.1	3723	3495.29	0	0
NM_001400222.1	3726	3498.29	4539.48	58.3972
NM_001400223.1	3684	3456.29	1690.55	22.012
NM_001400224.1	4018	3790.29	269.818	3.20362
NM_001400225.1	12193	11965.3	217.402	0.81768
NM_001400226.1	3468	3240.29	20.1666	0.280085
NM_001400227.1	3324	3096.29	69.8334	1.01499
NM_001400242.1	9148	8920.29	28.8463	0.145531
NM_001400243.1	1818	1590.29	2.44053	0.0690636
NM_001400244.1	1794	1566.29	5.59016e-06	1.60618e-07
NM_001400245.1	2008	1780.29	0	0
NM_001400246.1	2063	1835.29	0	0
NM_001400247.1	1772	1544.29	3.99217e-05	1.16338e-06
NM_001400258.1	1195	967.293	0	0
NM_001400259.1	1222	994.293	0	0
NM_001400260.1	974	746.293	0	0
NM_001400261.1	973	745.293	0	0
NM_001400262.1	809	581.487	0	0
NM_001400263.1	969	741.293	0	0
NM_001400264.1	1191	963.293	0	0
NM_001400265.1	3996	3768.29	55.2662	0.66002
NM_001400268.1	2868	2640.29	18.839	0.321106
NM_001400269.1	1617	1389.29	8.62804	0.279486
NM_001400270.1	1614	1386.29	143.827	4.66903
NM_001400271.1	2549	2321.29	106.555	2.0658
NM_001400272.1	2482	2254.29	49.2266	0.982725
NM_001400273.1	2358	2130.29	0	0
NM_001400274.1	2468	2240.29	0.0163099	0.000327634
NM_001400275.1	2465	2237.29	25.8067	0.519101
NM_001400276.1	2420	2192.29	107.41	2.2049
NM_001400277.1	3162	2934.29	6.3813	0.0978696
NM_001400278.1	3161	2933.29	0	0
NM_001400279.1	3152	2924.29	0	0
NM_001400280.1	3133	2905.29	0	0
NM_001400281.1	967	739.293	0	0
NM_001400282.1	1111	883.293	26.5541	1.35291
NM_001400283.1	1078	850.293	0	0
NM_001400284.1	910	682.293	0	0
NM_001400285.1	943	715.293	0	0
NM_001400286.1	1128	900.293	0	0
NM_001400287.1	611	385.534	3.78137	0.441396
NM_001400288.1	5043	4815.29	14.7449	0.137804
NM_001400290.1	4724	4496.29	0.0125662	0.000125775
NM_001400292.1	5009	4781.29	52.7297	0.496309
NM_001400293.1	5003	4775.29	10.5502	0.0994262
NM_001400294.1	4706	4478.29	117.491	1.18068
NM_001400295.1	4679	4451.29	0.0678701	0.000686175
NM_001400296.1	4676	4448.29	17.6102	0.178162
NM_001400297.1	4964	4736.29	10.4613	0.0994004
NM_001400298.1	4667	4439.29	25.4163	0.257656
NM_001400299.1	4646	4418.29	97.3966	0.992045
NM_001400300.1	879	651.427	0	0
NM_001400301.1	822	594.427	18.2605	1.38247
NM_001400302.1	990	762.293	279.783	16.5174
NM_001400303.1	1066	838.293	305.488	16.3999
NM_001400304.1	913	685.293	27.7165	1.82014
NM_001400305.1	889	661.427	5.67508	0.386129
NM_001400306.1	922	694.293	0	0
NM_001400307.1	1033	805.293	250.939	14.0235
NM_001400308.1	946	718.293	0	0
NM_001400309.1	1057	829.293	77.4706	4.20408
NM_001400310.1	1090	862.293	231.534	12.0837
NM_001400311.1	1141	913.293	79.8196	3.93316
NM_001400312.1	997	769.293	0	0
NM_001400313.1	1108	880.293	39.6393	2.02647
NM_001400314.1	1021	793.293	0	0
NM_001400315.1	1165	937.293	0	0
NM_001400316.1	1265	1037.29	2.29874e-05	9.97311e-07
NM_001400317.1	1208	980.293	44.4277	2.03958
NM_001400318.1	1241	1013.29	118.572	5.2661
NM_001400319.1	1232	1004.29	2.06947e-08	9.27345e-10
NM_001400320.1	1087	859.293	53.2849	2.79065
NM_001400324.1	2654	2426.29	0	0
NM_001400325.1	2783	2555.29	0	0
NM_001400326.1	2849	2621.29	9.05535	0.155465
NM_001400327.1	2497	2269.29	0	0
NM_001400328.1	3715	3487.29	95.8121	1.23644
NM_001400329.1	3500	3272.29	169.672	2.33345
NM_001400330.1	2443	2215.29	0	0
NM_001400331.1	2843	2615.29	0	0
NM_001400332.1	2714	2486.29	0	0
NM_001400333.1	2437	2209.29	46.5934	0.949102
NM_001400334.1	2708	2480.29	0	0
NM_001400335.1	2425	2197.29	52.7999	1.0814
NM_001400336.1	2395	2167.29	0	0
NM_001400337.1	2290	2062.29	0	0
NM_001400338.1	2251	2023.29	0	0
NM_001400339.1	2245	2017.29	8.71519	0.194424
NM_001400340.1	3203	2975.29	0	0
NM_001400341.1	8830	8602.29	0	0
NM_001400342.1	3179	2951.29	106.059	1.61725
NM_001400343.1	8829	8601.29	0	0
NM_001400344.1	8839	8611.29	0	0
NM_001400345.1	8805	8577.29	0	0
NM_001400346.1	8754	8526.29	0	0
NM_001400347.1	3080	2852.29	0	0
NM_001400348.1	8739	8511.29	0	0
NM_001400349.1	8715	8487.29	0	0
NM_001400350.1	8715	8487.29	0	0
NM_001400351.1	8694	8466.29	0	0
NM_001400352.1	8713	8485.29	0	0
NM_001400353.1	8691	8463.29	8.95475	0.0476164
NM_001400354.1	8691	8463.29	20.937	0.111332
NM_001400355.1	8688	8460.29	0	0
NM_001400356.1	8959	8731.29	0	0
NM_001400357.1	8682	8454.29	0	0
NM_001400358.1	8679	8451.29	0	0
NM_001400359.1	8604	8376.29	0	0
NM_001400360.1	8836	8608.29	0	0
NM_001400361.1	8811	8583.29	0	0
NM_001400362.1	8770	8542.29	0	0
NM_001400363.1	8768	8540.29	0	0
NM_001400364.1	8505	8277.29	0	0
NM_001400365.1	1626	1398.29	0	0
NM_001400366.1	8838	8610.29	0	0
NM_001400367.1	8776	8548.29	0	0
NM_001400368.1	8704	8476.29	0	0
NM_001400369.1	8805	8577.29	0	0
NM_001400371.1	8689	8461.29	0	0
NM_001400372.1	1486	1258.29	0	0
NM_001400373.1	1375	1147.29	2	0.0784509
NM_001400374.1	8727	8499.29	0	0
NM_001400375.1	8655	8427.29	0	0
NM_001400377.1	3275	3047.29	0	0
NM_001400378.1	3248	3020.29	0	0
NM_001400379.1	3202	2974.29	0	0
NM_001400380.1	3184	2956.29	0	0
NM_001400381.1	2004	1776.29	1	0.0253354
NM_001400401.1	1849	1621.29	38.7488	1.07557
NM_001400402.1	1886	1658.29	12.006	0.325822
NM_001400403.1	1905	1677.29	1520.59	40.7987
NM_001400404.1	1401	1173.29	29.8672	1.14559
NM_001400405.1	7159	6931.29	0	0
NM_001400406.1	7114	6886.29	1.05928e-06	6.92257e-09
NM_001400407.1	6523	6295.29	0	0
NM_001400408.1	6464	6236.29	0	0
NM_001400409.1	6437	6209.29	0	0
NM_001400410.1	6437	6209.29	0	0
NM_001400411.1	6472	6244.29	0	0
NM_001400412.1	6469	6241.29	0	0
NM_001400413.1	6463	6235.29	0	0
NM_001400414.1	6460	6232.29	0	0
NM_001400415.1	6413	6185.29	0	0
NM_001400416.1	6410	6182.29	0	0
NM_001400417.1	6485	6257.29	0	0
NM_001400418.1	6448	6220.29	0	0
NM_001400419.1	6445	6217.29	0	0
NM_001400420.1	6401	6173.29	0	0
NM_001400421.1	6436	6208.29	0	0
NM_001400422.1	6436	6208.29	0	0
NM_001400423.1	6433	6205.29	0	0
NM_001400424.1	6389	6161.29	0	0
NM_001400425.1	6386	6158.29	0	0
NM_001400427.1	6377	6149.29	0	0
NM_001400428.1	6374	6146.29	0	0
NM_001400429.1	6409	6181.29	0	0
NM_001400430.1	6406	6178.29	4.39042e-08	3.19801e-10
NM_001400431.1	6350	6122.29	0	0
NM_001400432.1	6347	6119.29	0	0
NM_001400433.1	6332	6104.29	6.85809e-07	5.05604e-09
NM_001400434.1	6326	6098.29	0	0
NM_001400435.1	6299	6071.29	0	0
NM_001400436.1	6284	6056.29	0	0
NM_001400437.1	6281	6053.29	0	0
NM_001400438.1	5088	4860.29	0	0
NM_001400441.1	5242	5014.29	1.00135	0.00898704
NM_001400442.1	5399	5171.29	1308.19	11.3845
NM_001400443.1	5238	5010.29	4.6512	0.0417776
NM_001400444.1	5522	5294.29	24.0054	0.204053
NM_001400445.1	6405	6177.29	0	0
NM_001400446.1	3568	3340.29	0	0
NM_001400447.1	5217	4989.29	0	0
NM_001400448.1	5378	5150.29	0	0
NM_001400449.1	5104	4876.29	0.111958	0.00103325
NM_001400450.1	5259	5031.29	19.1682	0.171453
NM_001400451.1	5382	5154.29	3.33682	0.0291344
NM_001400452.1	5502	5274.29	0	0
NM_001400453.1	5094	4866.29	0	0
NM_001400454.1	5379	5151.29	54.0693	0.472364
NM_001400455.1	5444	5216.29	9.86511e-07	8.51103e-09
NM_001400456.1	6610	6382.29	0	0
NM_001400457.1	5880	5652.29	0	0
NM_001400458.1	5884	5656.29	36.5781	0.291025
NM_001400459.1	4290	4062.29	49.7996	0.551693
NM_001400460.1	4310	4082.29	0	0
NM_001400461.1	4005	3777.29	20.2039	0.240711
NM_001400462.1	4104	3876.29	0	0
NM_001400463.1	4289	4061.29	10.584	0.117281
NM_001400464.1	4084	3856.29	21.4038	0.249783
NM_001400465.1	5644	5416.29	0	0
NM_001400466.1	5172	4944.29	0	0
NM_001400467.1	5110	4882.29	48.3632	0.445793
NM_001400470.1	7946	7718.29	2.14868	0.0125283
NM_001400471.1	7835	7607.29	3.50687	0.0207459
NM_001400472.1	7944	7716.29	0	0
NM_001400473.1	7784	7556.29	8.13274	0.0484362
NM_001400474.1	7919	7691.29	0	0
NM_001400475.1	7920	7692.29	5.07703e-05	2.97027e-07
NM_001400479.1	7923	7695.29	7.37929	0.0431551
NM_001400481.1	7777	7549.29	0.0239328	0.000142669
NM_001400484.1	7706	7478.29	2.35035	0.014144
NM_001400487.1	7824	7596.29	7.32516e-07	4.33968e-09
NM_001400490.1	7692	7464.29	45.4817	0.274214
NM_001400496.1	7625	7397.29	1923.46	11.7018
NM_001400500.1	7766	7538.29	0	0
NM_001400501.1	7767	7539.29	492.795	2.94156
NM_001400504.1	7550	7322.29	176.014	1.08179
NM_001400512.1	4449	4221.29	0.0489816	0.000522191
NM_001400513.1	4677	4449.29	128.954	1.30432
NM_001400514.1	4602	4374.29	3.04204e-05	3.12968e-07
NM_001400515.1	4800	4572.29	0	0
NM_001400518.1	2654	2426.29	6.91954	0.128344
NM_001400519.1	2449	2221.29	18.0844	0.366388
NM_001400520.1	2377	2149.29	27.2206	0.56996
NM_001400521.1	2498	2270.29	4.44528	0.088117
NM_001400522.1	2293	2065.29	12.1248	0.264201
NM_001400523.1	2221	1993.29	18.6157	0.420292
NM_001400524.1	2206	1978.29	0.392949	0.00893897
NM_001400525.1	2303	2075.29	3.6885	0.0799857
NM_001400526.1	2243	2015.29	0.138608	0.00309522
NM_001400527.1	2050	1822.29	0.174094	0.00429939
NM_001400528.1	2041	1813.29	17.0744	0.42376
NM_001400529.1	2147	1919.29	2.06499	0.0484193
NM_001400530.1	1870	1642.29	0.0964716	0.00264357
NM_001400531.1	1867	1639.29	0	0
NM_001400532.1	1967	1739.29	1.5108	0.0390908
NM_001400533.1	2315	2087.29	0.262849	0.00566716
NM_001400534.1	2376	2148.29	0	0
NM_001400535.1	2166	1938.29	0	0
NM_001400536.1	1795	1567.29	1.50987e-06	4.33542e-08
NM_001400537.1	1892	1664.29	0.0249779	0.000675412
NM_001400538.1	2301	2073.29	0	0
NM_001400539.1	2159	1931.29	0.118908	0.00277079
NM_001400540.1	2187	1959.29	0	0
NM_001400541.1	2220	1992.29	0	0
NM_001400542.1	2422	2194.29	0	0
NM_001400543.1	1981	1753.29	0	0
NM_001400544.1	2169	1941.29	6.85765	0.158974
NM_001400545.1	1979	1751.29	0.0653053	0.00167815
NM_001400546.1	2040	1812.29	0	0
NM_001400547.1	2150	1922.29	0	0
NM_001400548.1	2074	1846.29	0	0
NM_001400549.1	1965	1737.29	0	0
NM_001400550.1	1724	1496.29	4.61636	0.138843
NM_001400558.1	2042	1814.29	0	0
NM_001400559.1	2682	2454.29	0	0
NM_001400560.1	3124	2896.29	4.79491	0.074504
NM_001400561.1	2720	2492.29	0	0
NM_001400562.1	2073	1845.29	8.09766	0.197486
NM_001400563.1	2515	2287.29	0	0
NM_001400564.1	2273	2045.29	0	0
NM_001400565.1	2364	2136.29	0	0
NM_001400566.1	1849	1621.29	0	0
NM_001400567.1	2520	2292.29	0	0
NM_001400568.1	2271	2043.29	0	0
NM_001400581.1	4848	4620.29	48.8293	0.475612
NM_001400582.1	3581	3353.29	0	0
NM_001400583.1	3719	3491.29	0	0
NM_001400584.1	3659	3431.29	0	0
NM_001400585.1	3584	3356.29	0	0
NM_001400586.1	4909	4681.29	17.171	0.165072
NM_001400587.1	3413	3185.29	0	0
NM_001400588.1	3655	3427.29	0	0
NM_001400589.1	3537	3309.29	0	0
NM_001400590.1	3369	3141.29	0	0
NM_001400591.1	3553	3325.29	0	0
NM_001400592.1	3582	3354.29	0	0
NM_001400593.1	3628	3400.29	0	0
NM_001400594.1	3491	3263.29	0	0
NM_001400595.1	3601	3373.29	0	0
NM_001400603.1	4658	4430.29	0	0
NM_001400604.1	4688	4460.29	0	0
NM_001400605.1	4748	4520.29	0	0
NM_001400606.1	4568	4340.29	0	0
NM_001400607.1	4706	4478.29	6.0591	0.0608889
NM_001400608.1	4736	4508.29	0	0
NM_001400609.1	4778	4550.29	0	0
NM_001400610.1	4586	4358.29	0	0
NM_001400611.1	3884	3656.29	0	0
NM_001400612.1	4856	4628.29	0	0
NM_001400613.1	3779	3551.29	0	0
NM_001400614.1	5738	5510.29	0	0
NM_001400615.1	5831	5603.29	0	0
NM_001400616.1	5894	5666.29	0	0
NM_001400617.1	6602	6374.29	0	0
NM_001400618.1	5801	5573.29	0	0
NM_001400619.1	4922	4694.29	0	0
NM_001400620.1	6617	6389.29	0	0
NM_001400621.1	5921	5693.29	0	0
NM_001400622.1	5902	5674.29	0	0
NM_001400623.1	5891	5663.29	0	0
NM_001400624.1	6632	6404.29	0	0
NM_001400634.1	1710	1482.29	0	0
NM_001400635.1	2049	1821.29	0	0
NM_001400636.1	2027	1799.29	0	0
NM_001400637.1	2044	1816.29	0	0
NM_001400638.1	1931	1703.29	0	0
NM_001400639.1	1883	1655.29	0	0
NM_001400640.1	2333	2105.29	0	0
NM_001400641.1	2159	1931.29	0	0
NM_001400642.1	2884	2656.29	24.0937	0.408197
NM_001400643.1	2051	1823.29	0	0
NM_001400644.1	1973	1745.29	2.18162	0.0562539
NM_001400645.1	2734	2506.29	0	0
NM_001400646.1	2014	1786.29	0	0
NM_001400647.1	1991	1763.29	0	0
NM_001400648.1	2770	2542.29	0	0
NM_001400649.1	2006	1778.29	0	0
NM_001400650.1	1579	1351.29	0	0
NM_001400651.1	2838	2610.29	0	0
NM_001400652.1	2162	1934.29	0	0
NM_001400653.1	2633	2405.29	0	0
NM_001400654.1	2675	2447.29	0	0
NM_001400655.1	2903	2675.29	8.81356	0.148259
NM_001400656.1	2701	2473.29	130.533	2.37513
NM_001400657.1	2812	2584.29	0	0
NM_001400658.1	2656	2428.29	30.8818	0.572326
NM_001400659.1	2588	2360.29	0	0
NM_001400660.1	2767	2539.29	0	0
NM_001400661.1	2699	2471.29	0	0
NM_001400662.1	2858	2630.29	2.02761	0.0346915
NM_001400663.1	2793	2565.29	0	0
NM_001400664.1	2590	2362.29	0	0
NM_001400665.1	2677	2449.29	0	0
NM_001400666.1	2452	2224.29	0	0
NM_001400667.1	2407	2179.29	0	0
NM_001400668.1	2449	2221.29	0	0
NM_001400669.1	2507	2279.29	0	0
NM_001400670.1	2212	1984.29	5.1483	0.116762
NM_001400671.1	2594	2366.29	0	0
NM_001400672.1	2263	2035.29	0	0
NM_001400673.1	2568	2340.29	0	0
NM_001400674.1	2757	2529.29	0	0
NM_001400675.1	2218	1990.29	0	0
NM_001400676.1	2549	2321.29	0.519719	0.0100758
NM_001400677.1	2702	2474.29	0	0
NM_001400678.1	2591	2363.29	7.13266	0.135824
NM_001400679.1	1594	1366.29	40.1082	1.32109
NM_001400680.1	2766	2538.29	0	0
NM_001400681.1	2527	2299.29	0	0
NM_001400682.1	2437	2209.29	0	0
NM_001400683.1	1958	1730.29	0	0
NM_001400684.1	1955	1727.29	0	0
NM_001400685.1	1889	1661.29	0	0
NM_001400686.1	2086	1858.29	0	0
NM_001400687.1	1936	1708.29	0	0
NM_001400688.1	1842	1614.29	0	0
NM_001400689.1	1950	1722.29	0	0
NM_001400690.1	2231	2003.29	0	0
NM_001400691.1	1693	1465.29	0	0
NM_001400692.1	1989	1761.29	0	0
NM_001400693.1	2066	1838.29	0	0
NM_001400694.1	1898	1670.29	0	0
NM_001400695.1	1941	1713.29	0	0
NM_001400696.1	1891	1663.29	0	0
NM_001400697.1	1580	1352.29	0	0
NM_001400698.1	1732	1504.29	0	0
NM_001400701.1	2141	1913.29	0	0
NM_001400702.1	1917	1689.29	0	0
NM_001400703.1	2105	1877.29	0	0
NM_001400704.1	2082	1854.29	0	0
NM_001400705.1	2247	2019.29	4.31018	0.0960591
NM_001400706.1	1857	1629.29	0	0
NM_001400707.1	1990	1762.29	3.85613e-06	9.84726e-08
NM_001400708.1	2010	1782.29	0	0
NM_001400709.1	2090	1862.29	0	0
NM_001400710.1	2030	1802.29	0	0
NM_001400711.1	2005	1777.29	0	0
NM_001400712.1	2473	2245.29	0	0
NM_001400713.1	1914	1686.29	0	0
NM_001400714.1	1833	1605.29	2.96324e-08	8.30721e-10
NM_001400715.1	1842	1614.29	0	0
NM_001400716.1	1768	1540.29	0	0
NM_001400717.1	1728	1500.29	0	0
NM_001400718.1	1783	1555.29	0	0
NM_001400719.1	1652	1424.29	0	0
NM_001400720.1	1606	1378.29	0	0
NM_001400721.1	1612	1384.29	0	0
NM_001400722.1	2045	1817.29	0	0
NM_001400723.1	1711	1483.29	0	0
NM_001400724.1	1885	1657.29	0	0
NM_001400725.1	1661	1433.29	0	0
NM_001400726.1	1573	1345.29	7.3917	0.247269
NM_001400727.1	1392	1164.29	11.9323	0.461217
NM_001400728.1	1491	1263.29	4.66257	0.166098
NM_001400729.1	1481	1253.29	0	0
NM_001400730.1	1221	993.293	0	0
NM_001400731.1	1690	1462.29	0	0
NM_001400732.1	1700	1472.29	0	0
NM_001400733.1	1685	1457.29	0	0
NM_001400734.1	1582	1354.29	0	0
NM_001400735.1	1687	1459.29	0	0
NM_001400736.1	1653	1425.29	0	0
NM_001400737.1	1616	1388.29	0	0
NM_001400738.1	2594	2366.29	0	0
NM_001400739.1	2198	1970.29	0	0
NM_001400740.1	2242	2014.29	0	0
NM_001400741.1	1956	1728.29	0	0
NM_001400742.1	2010	1782.29	0	0
NM_001400743.1	1973	1745.29	0	0
NM_001400744.1	1715	1487.29	0	0
NM_001400745.1	2437	2209.29	0	0
NM_001400746.1	1727	1499.29	0	0
NM_001400747.1	1766	1538.29	0	0
NM_001400748.1	1915	1687.29	0	0
NM_001400750.1	2838	2610.29	0	0
NM_001400751.1	2793	2565.29	0.405561	0.00711477
NM_001400753.1	2062	1834.29	0	0
NM_001400754.1	1673	1445.29	0	0
NM_001400755.1	1989	1761.29	0	0
NM_001400756.1	1650	1422.29	0	0
NM_001400757.1	1973	1745.29	2.18162	0.0562539
NM_001400758.1	2184	1956.29	0	0
NM_001400759.1	1618	1390.29	0	0
NM_001400762.1	1317	1089.29	49.2689	2.0355
NM_001400763.1	1609	1381.29	0	0
NM_001400764.1	1476	1248.29	0	0
NM_001400765.1	1453	1225.29	0	0
NM_001400767.1	1296	1068.29	6.20074	0.261213
NM_001400768.1	1204	976.293	3.06432	0.141253
NM_001400774.1	9270	9042.29	0	0
NM_001400784.1	4781	4553.29	0	0
NM_001400785.1	4859	4631.29	0	0
NM_001400786.1	4760	4532.29	0	0
NM_001400787.1	4577	4349.29	60.222	0.62313
NM_001400788.1	4505	4277.29	0	0
NM_001400789.1	4499	4271.29	9.95728	0.104912
NM_001400790.1	4490	4262.29	0	0
NM_001400791.1	4487	4259.29	0	0
NM_001400792.1	4394	4166.29	9.81344	0.106002
NM_001400793.1	4316	4088.29	1.38871	0.0152866
NM_001400794.1	1866	1638.29	0.142369	0.00391079
NM_001400795.1	4858	4630.29	0	0
NM_001400796.1	4937	4709.29	76.3069	0.729206
NM_001400797.1	4940	4712.29	11.9542	0.114164
NM_001400799.1	4183	3955.29	3.43404	0.0390723
NM_001400800.1	4354	4126.29	0	0
NM_001400801.1	4258	4030.29	0	0
NM_001400802.1	4423	4195.29	0	0
NM_001400803.1	4500	4272.29	79.5621	0.838084
NM_001400804.1	4863	4635.29	15.1893	0.14747
NM_001400805.1	4617	4389.29	15.0186	0.153985
NM_001400806.1	4651	4423.29	0.00368499	3.74915e-05
NM_001400807.1	4276	4048.29	0	0
NM_001400809.1	4279	4051.29	0	0
NM_001400810.1	4366	4138.29	24.5953	0.267469
NM_001400811.1	4699	4471.29	0	0
NM_001400812.1	4784	4556.29	13.2632	0.131003
NM_001400813.1	4289	4061.29	32.4362	0.359425
NM_001400830.1	2936	2708.29	0	0
NM_001400831.1	2540	2312.29	33.7371	0.65661
NM_001400832.1	1948	1720.29	27.9158	0.730282
NM_001400833.1	2351	2123.29	57.0565	1.20931
NM_001400834.1	2536	2308.29	1.71671	0.0334694
NM_001400835.1	2421	2193.29	0.00544952	0.000111816
NM_001400853.1	3070	2842.29	0	0
NM_001400854.1	2968	2740.29	4.28653	0.0703966
NM_001400855.1	3171	2943.29	21.3395	0.326282
NM_001400856.1	2797	2569.29	0	0
NM_001400857.1	2734	2506.29	1.08426	0.019469
NM_001400858.1	2671	2443.29	0	0
NM_001400859.1	2744	2516.29	0	0
NM_001400860.1	2749	2521.29	0	0
NM_001400861.1	2900	2672.29	3.06779e-06	5.16634e-08
NM_001400862.1	2861	2633.29	0	0
NM_001400863.1	2584	2356.29	0	0
NM_001400864.1	2813	2585.29	0	0
NM_001400865.1	2563	2335.29	0	0
NM_001400866.1	2542	2314.29	0	0
NM_001400867.1	2832	2604.29	10.0434	0.173553
NM_001400868.1	2753	2525.29	0	0
NM_001400869.1	2557	2329.29	0.397556	0.00768098
NM_001400870.1	3825	3597.29	38.4957	0.481592
NM_001400871.1	2821	2593.29	0	0
NM_001400872.1	2729	2501.29	21.4972	0.386777
NM_001400873.1	2769	2541.29	8.22479e-08	1.45651e-09
NM_001400874.1	2706	2478.29	60.8706	1.10534
NM_001400875.1	2371	2143.29	83.3506	1.75013
NM_001400876.1	2784	2556.29	2.4536	0.0431951
NM_001400877.1	2627	2399.29	0	0
NM_001400878.1	2381	2153.29	0	0
NM_001400879.1	2598	2370.29	2.60732	0.0495033
NM_001400880.1	2535	2307.29	0	0
NM_001400881.1	2427	2199.29	0	0
NM_001400883.1	2406	2178.29	16.635	0.343676
NM_001400884.1	1040	812.293	0	0
NM_001400885.1	2327	2099.29	75.4387	1.6172
NM_001400886.1	2343	2115.29	1.70117	0.0361926
NM_001400887.1	2416	2188.29	32.9985	0.678627
NM_001400888.1	2421	2193.29	5.19748	0.106644
NM_001400889.1	2572	2344.29	7.52558	0.144467
NM_001400890.1	2569	2341.29	6.34021e-07	1.21868e-08
NM_001400891.1	2264	2036.29	78.3473	1.73151
NM_001400892.1	2493	2265.29	0.18605	0.00369614
NM_001400893.1	2606	2378.29	0	0
NM_001400894.1	2342	2114.29	0.0966813	0.00205788
NM_001400895.1	2337	2109.29	0.659616	0.0140733
NM_001400896.1	1511	1283.29	0	0
NM_001400897.1	1053	825.293	3.16649	0.172668
NM_001400899.1	831	603.427	0	0
NM_001400900.1	3781	3553.29	0	0
NM_001400902.1	2235	2007.29	0.00217141	4.86825e-05
NM_001400903.1	2464	2236.29	0	0
NM_001400904.1	1498	1270.29	47.1935	1.67194
NM_001400905.1	1507	1279.29	9.80865e-07	3.4505e-08
NM_001400906.1	2172	1944.29	3.11401e-05	7.20776e-07
NM_001400907.1	2172	1944.29	0	0
NM_001400909.1	4873	4645.29	70.9386	0.687245
NM_001400910.1	4739	4511.29	36.8986	0.368088
NM_001400911.1	4621	4393.29	0	0
NM_001400912.1	4589	4361.29	138.418	1.4283
NM_001400913.1	4498	4270.29	23.9275	0.252164
NM_001400925.1	2514	2286.29	0	0
NM_001400926.1	2093	1865.29	0.644851	0.015558
NM_001400927.1	1047	819.293	13.4325	0.737836
NM_001400928.1	2064	1836.29	0	0
NM_001400929.1	1985	1757.29	0	0
NM_001401.5	3603	3375.29	0	0
NM_001401008.1	2865	2637.29	6.9991	0.119433
NM_001401009.1	2188	1960.29	0	0
NM_001401010.1	2314	2086.29	0	0
NM_001401011.1	2459	2231.29	0	0
NM_001401016.1	1928	1700.29	0	0
NM_001401017.1	1925	1697.29	15.2182	0.403503
NM_001401018.1	1836	1608.29	255.609	7.15242
NM_001401020.1	1833	1605.29	1820.84	51.0458
NM_001401021.1	1836	1608.29	10391.5	290.774
NM_001401022.1	1803	1575.29	16.4599	0.470227
NM_001401023.1	1806	1578.29	475.12	13.5475
NM_001401024.1	1652	1424.29	25.7066	0.812246
NM_001401025.1	1727	1499.29	16.4476	0.493695
NM_001401026.1	1830	1602.29	0	0
NM_001401027.1	1774	1546.29	13.2572	0.385835
NM_001401028.1	1922	1694.29	115.849	3.07714
NM_001401029.1	1824	1596.29	0	0
NM_001401031.1	1869	1641.29	24.8516	0.681412
NM_001401032.1	1919	1691.29	79.1914	2.10718
NM_001401272.1	1484	1256.29	0	0
NM_001401340.1	570	345.561	1	0.130232
NM_001401357.1	1345	1117.29	0	0
NM_001401358.1	1182	954.293	0	0
NM_001401359.1	1264	1036.29	0	0
NM_001401360.1	1169	941.293	0	0
NM_001401361.1	1108	880.293	3.80653	0.194601
NM_001401365.1	19684	19456.3	0	0
NM_001401501.2	46191	45963.3	0	0
NM_001401519.1	2625	2397.29	0.000578285	1.08558e-05
NM_001401598.1	2265	2037.29	0	0
NM_001401599.1	2305	2077.29	0	0
NM_001401600.1	2023	1795.29	0	0
NM_001401601.1	1983	1755.29	0	0
NM_001401602.1	1886	1658.29	0	0
NM_001401603.1	1883	1655.29	0	0
NM_001401604.1	1737	1509.29	0	0
NM_001401605.1	2085	1857.29	0	0
NM_001401606.1	2185	1957.29	0	0
NM_001401607.1	2110	1882.29	0	0
NM_001401608.1	2113	1885.29	0	0
NM_001401609.1	1940	1712.29	0	0
NM_001401610.1	1903	1675.29	0	0
NM_001401611.1	1900	1672.29	0	0
NM_001401612.1	1803	1575.29	0	0
NM_001401645.1	6220	5992.29	113.351	0.851284
NM_001401646.1	6127	5899.29	0	0
NM_001401679.1	597	371.913	0	0
NM_001401681.1	597	371.913	0	0
NM_001401685.1	597	371.913	0	0
NM_001401686.2	1720	1492.29	0	0
NM_001401687.1	594	368.988	0	0
NM_001401690.2	1728	1500.29	0	0
NM_001401693.1	597	371.913	0	0
NM_001401695.1	597	371.913	0	0
NM_001401696.1	597	371.913	0	0
NM_001401697.1	597	371.913	0	0
NM_001401698.1	597	371.913	0	0
NM_001401699.1	597	371.913	0	0
NM_001401700.1	597	371.913	0	0
NM_001401710.1	2527	2299.29	470.961	9.21792
NM_001402.6	3512	3284.29	283409	3883.42
NM_001402427.1	2491	2263.29	10.9147	0.217026
NM_001402682.1	4852	4624.29	420.417	4.09145
NM_001402683.1	4659	4431.29	0	0
NM_001402684.1	4771	4543.29	96.9164	0.959995
NM_001402685.1	4644	4416.29	4540.94	46.2733
NM_001402686.1	5507	5279.29	50.1875	0.427821
NM_001402687.1	4641	4413.29	3759.22	38.3334
NM_001402688.1	4765	4537.29	821.708	8.1501
NM_001402689.1	4761	4533.29	106.111	1.05339
NM_001402690.1	4575	4347.29	150.707	1.56011
NM_001402691.1	4575	4347.29	0	0
NM_001402692.1	4572	4344.29	0	0
NM_001402693.1	5420	5192.29	16.7682	0.145335
NM_001402694.1	4681	4453.29	298.441	3.01591
NM_001402696.1	4554	4326.29	62.7282	0.652513
NM_001402698.1	4551	4323.29	289.236	3.01079
NM_001402699.1	4612	4384.29	0	0
NM_001402700.1	4488	4260.29	0	0
NM_001402701.1	4467	4239.29	0.335239	0.0035588
NM_001402702.1	4591	4363.29	0.084537	0.000871917
NM_001402703.1	4175	3947.29	35.974	0.41014
NM_001402704.1	4215	3987.29	0	0
NM_001402705.1	4091	3863.29	93.4255	1.0883
NM_001402706.1	4212	3984.29	0	0
NM_001402707.1	4022	3794.29	0	0
NM_001402708.1	4004	3776.29	21.3072	0.253924
NM_001402709.1	3935	3707.29	0	0
NM_001402710.1	3914	3686.29	0.00114031	1.39211e-05
NM_001402711.1	3651	3423.29	0	0
NM_001404.5	1446	1218.29	42586	1573.1
NM_001404657.1	2550	2322.29	56.6476	1.09776
NM_001404658.1	2490	2262.29	0	0
NM_001404659.1	2304	2076.29	0	0
NM_001404660.1	2199	1971.29	48.6076	1.10967
NM_001404661.1	2425	2197.29	58.2683	1.1934
NM_001404662.1	3114	2886.29	54.7527	0.853704
NM_001404663.1	2659	2431.29	52.7419	0.97625
NM_001404675.1	3822	3594.29	0	0
NM_001404676.1	3690	3462.29	0	0
NM_001404677.1	3612	3384.29	0	0
NM_001404678.1	3733	3505.29	0	0
NM_001404679.1	3714	3486.29	0	0
NM_001404680.1	3712	3484.29	0	0
NM_001404681.1	3655	3427.29	0	0
NM_001405.4	2424	2196.29	0	0
NM_001405004.1	1552	1324.29	525.837	17.8694
NM_001405020.1	1852	1624.29	58.3296	1.61609
NM_001405026.1	1758	1530.29	0	0
NM_001405027.1	1758	1530.29	0	0
NM_001405061.1	1908	1680.29	0	0
NM_001405103.1	8513	8285.29	8.47283	0.0460217
NM_001405151.1	4806	4578.29	53.6466	0.527329
NM_001405228.1	552	328.307	1	0.137076
NM_001405266.1	2783	2555.29	0.0424651	0.000747883
NM_001405268.1	11350	11122.3	0.00257974	1.04382e-05
NM_001405270.1	11621	11393.3	28.903	0.114166
NM_001405291.1	2793	2565.29	118.961	2.08694
NM_001405292.1	2746	2518.29	0	0
NM_001405293.1	2104	1876.29	12.344	0.296073
NM_001405475.1	6498	6270.29	0	0
NM_001405476.1	6884	6656.29	0	0
NM_001405477.1	6499	6271.29	0	0
NM_001405478.1	6409	6181.29	0	0
NM_001405479.1	6506	6278.29	0	0
NM_001405480.1	6429	6201.29	0	0
NM_001405481.1	6661	6433.29	0	0
NM_001405482.1	6661	6433.29	0	0
NM_001405483.1	6529	6301.29	0	0
NM_001405484.1	6529	6301.29	0	0
NM_001405485.1	6430	6202.29	0	0
NM_001405486.1	6376	6148.29	0	0
NM_001405487.1	6464	6236.29	0	0
NM_001405488.1	6401	6173.29	0	0
NM_001405489.1	6556	6328.29	0	0
NM_001405490.1	6186	5958.29	0.984694	0.00743741
NM_001405492.1	2557	2329.29	0	0
NM_001405493.1	3350	3122.29	0	0
NM_001405494.1	2516	2288.29	7.23152	0.14222
NM_001405495.1	2210	1982.29	0	0
NM_001405496.1	2169	1941.29	0	0
NM_001405511.1	1236	1008.29	3.22201	0.143808
NM_001405520.1	6891	6663.29	69.1008	0.466699
NM_001405530.2	7774	7546.29	0	0
NM_001405531.1	3826	3598.29	0	0
NM_001405532.1	8088	7860.29	0	0
NM_001405533.1	7617	7389.29	0	0
NM_001405534.1	7613	7385.29	0	0
NM_001405535.1	7769	7541.29	0	0
NM_001405536.1	7587	7359.29	0	0
NM_001405537.1	7494	7266.29	0	0
NM_001405538.1	6848	6620.29	0	0
NM_001405539.1	6955	6727.29	0	0
NM_001405540.1	7038	6810.29	0	0
NM_001405541.1	6852	6624.29	0	0
NM_001405542.1	7034	6806.29	0	0
NM_001405543.1	6960	6732.29	0	0
NM_001405544.1	6945	6717.29	79.0414	0.529545
NM_001405545.1	6720	6492.29	0	0
NM_001405546.1	6299	6071.29	82.6452	0.612602
NM_001405547.1	6117	5889.29	71.5401	0.546674
NM_001405548.1	6303	6075.29	2.55872e-08	1.89538e-10
NM_001405549.1	6220	5992.29	22.2889	0.167393
NM_001405550.1	6147	5919.29	0	0
NM_001405552.1	8097	7869.29	0	0
NM_001405553.1	7907	7679.29	0	0
NM_001405554.1	7886	7658.29	69.0077	0.405516
NM_001405555.1	7484	7256.29	4.22254	0.0261879
NM_001405556.1	7640	7412.29	0.0588756	0.000357458
NM_001405557.1	7982	7754.29	4.15319	0.0241036
NM_001405558.1	7848	7620.29	0.652276	0.00385214
NM_001405559.1	7871	7643.29	0.189555	0.00111608
NM_001405560.1	7526	7298.29	64.9912	0.400752
NM_001405561.1	7979	7751.29	0.455215	0.00264292
NM_001405563.1	7619	7391.29	20.5721	0.125256
NM_001405564.1	7791	7563.29	0.00817972	4.86709e-05
NM_001405565.1	7703	7475.29	0.231563	0.00139407
NM_001405566.1	7699	7471.29	25.5033	0.153618
NM_001405567.1	8085	7857.29	0.0700323	0.000401114
NM_001405568.1	7808	7580.29	75.0045	0.445291
NM_001405569.1	7805	7577.29	7.93205	0.04711
NM_001405570.1	7949	7721.29	62.6497	0.36515
NM_001405571.1	7826	7598.29	163.672	0.969395
NM_001405572.1	7604	7376.29	0.00183242	1.11797e-05
NM_001405573.1	7589	7361.29	37.774	0.23093
NM_001405574.1	7895	7667.29	0.0706314	0.00041457
NM_001405575.1	7917	7689.29	5.33421e-06	3.12195e-08
NM_001405576.1	7547	7319.29	105.019	0.645714
NM_001405577.1	7826	7598.29	266.864	1.58058
NM_001405578.1	7775	7547.29	0.288065	0.00171767
NM_001405579.1	7929	7701.29	21.0735	0.123145
NM_001405580.1	7571	7343.29	0	0
NM_001405581.1	7805	7577.29	0.00503166	2.98841e-05
NM_001405582.1	7682	7454.29	0.0443345	0.000267656
NM_001405583.1	7991	7763.29	103.56	0.600326
NM_001405584.1	7787	7559.29	76.045	0.452722
NM_001405585.1	7637	7409.29	0.00580419	3.52539e-05
NM_001405586.1	7727	7499.29	0.370945	0.00222603
NM_001405587.1	7637	7409.29	0	0
NM_001405588.1	8010	7782.29	4.18247e-07	2.41862e-09
NM_001405589.1	7943	7715.29	0.234639	0.00136864
NM_001405590.1	7920	7692.29	0.799926	0.0046799
NM_001405591.1	7823	7595.29	0.0559816	0.000331698
NM_001405592.1	7689	7461.29	0.000220575	1.33041e-06
NM_001405593.1	7823	7595.29	0.00115999	6.87311e-06
NM_001405594.1	8085	7857.29	5.41237e-06	3.09996e-08
NM_001405595.1	7712	7484.29	0	0
NM_001405596.1	7855	7627.29	0.377523	0.00222749
NM_001405597.1	7664	7436.29	0	0
NM_001405598.1	7973	7745.29	5.90479	0.0343091
NM_001405599.1	7685	7457.29	0.454955	0.00274555
NM_001405600.1	8099	7871.29	7.89272	0.0451256
NM_001405601.1	7988	7760.29	1.38828	0.00805083
NM_001405602.1	7526	7298.29	3.3197	0.0204701
NM_001405603.1	8147	7919.29	0.362662	0.0020609
NM_001405604.1	7850	7622.29	0.0375968	0.000221977
NM_001405605.1	7547	7319.29	17.3137	0.106454
NM_001405606.1	7827	7599.29	0.129533	0.000767096
NM_001405607.1	7991	7763.29	12.8385	0.0744234
NM_001405608.1	4779	4551.29	0	0
NM_001405609.1	5181	4953.29	196.382	1.78422
NM_001405610.1	4844	4616.29	72.8959	0.710644
NM_001405611.1	4766	4538.29	0.561034	0.00556339
NM_001405612.1	4953	4725.29	43.3828	0.413172
NM_001405613.1	1634	1406.29	14.1699	0.453454
NM_001405614.1	1730	1502.29	0	0
NM_001405615.1	1727	1499.29	0	0
NM_001405616.1	1869	1641.29	0	0
NM_001405617.1	2140	1912.29	5.77104	0.135813
NM_001405618.1	2338	2110.29	0	0
NM_001405619.1	2266	2038.29	0	0
NM_001405620.1	2341	2113.29	0.00466496	9.93415e-05
NM_001405621.1	2467	2239.29	0	0
NM_001405622.1	8048	7820.29	0	0
NM_001405623.1	7891	7663.29	6.24125	0.036652
NM_001405624.1	7621	7393.29	1.67709	0.0102085
NM_001405625.1	7794	7566.29	17.1896	0.102241
NM_001405626.1	7825	7597.29	25.9501	0.153717
NM_001405627.1	7624	7396.29	16.6613	0.101376
NM_001405628.1	7780	7552.29	0.237483	0.00141513
NM_001405629.1	7939	7711.29	0	0
NM_001405630.1	7922	7694.29	0	0
NM_001405631.1	7777	7549.29	0	0
NM_001405632.1	7916	7688.29	0	0
NM_001405633.1	7705	7477.29	0.0187232	0.000112688
NM_001405634.1	7691	7463.29	0	0
NM_001405635.1	7847	7619.29	0	0
NM_001405636.1	7651	7423.29	47.8586	0.290139
NM_001405637.1	7989	7761.29	0	0
NM_001405638.1	7826	7598.29	0	0
NM_001405639.1	7870	7642.29	0.00161985	9.53876e-06
NM_001405640.1	7822	7594.29	0	0
NM_001405641.1	7931	7703.29	0	0
NM_001405642.1	7525	7297.29	0.492536	0.00303751
NM_001405643.1	7789	7561.29	6.63928	0.0395155
NM_001405661.1	9062	8834.29	268.581	1.36819
NM_001405662.1	8999	8771.29	480.439	2.465
NM_001405663.1	9103	8875.29	0	0
NM_001405664.1	3395	3167.29	480.188	6.82284
NM_001405665.1	3347	3119.29	1417.7	20.4536
NM_001405666.3	7786	7558.29	0	0
NM_001405667.2	7139	6911.29	0	0
NM_001405668.2	6869	6641.29	0	0
NM_001405669.2	6772	6544.29	0	0
NM_001405670.2	6895	6667.29	0	0
NM_001405671.2	7051	6823.29	0	0
NM_001405672.2	7833	7605.29	955.637	5.65482
NM_001405673.2	6865	6637.29	0	0
NM_001405674.2	6899	6671.29	0	0
NM_001405675.2	6971	6743.29	0	0
NM_001405676.2	7055	6827.29	0	0
NM_001405677.2	7939	7711.29	5.61261e-07	3.27552e-09
NM_001405678.2	6776	6548.29	0	0
NM_001405679.2	6884	6656.29	0	0
NM_001405680.2	6218	5990.29	26.1433	0.196406
NM_001405681.2	6404	6176.29	0	0
NM_001405682.2	6248	6020.29	0	0
NM_001405683.2	6003	5775.29	0	0
NM_001405684.2	6237	6009.29	0	0
NM_001405685.2	6320	6092.29	0	0
NM_001405686.2	6316	6088.29	0	0
NM_001405687.2	6134	5906.29	0	0
NM_001405692.2	6037	5809.29	0	0
NM_001405693.2	6051	5823.29	0	0
NM_001405694.2	6451	6223.29	0	0
NM_001405695.2	6160	5932.29	0	0
NM_001405696.2	6007	5779.29	18.6153	0.144956
NM_001405697.2	6242	6014.29	0	0
NM_001405698.2	6233	6005.29	6.67452	0.0500182
NM_001405699.2	6002	5774.29	9.76322	0.0760916
NM_001405700.2	5507	5279.29	0	0
NM_001405701.2	4694	4466.29	0	0
NM_001405708.1	3403	3175.29	6.08415	0.08623
NM_001405709.1	5888	5660.29	0	0
NM_001405710.1	3275	3047.29	0	0
NM_001405711.1	5786	5558.29	0	0
NM_001405712.1	3301	3073.29	1.36306	0.0199597
NM_001405713.1	5880	5652.29	0	0
NM_001405714.1	5703	5475.29	0.205882	0.00169221
NM_001405715.1	3004	2776.29	0.864654	0.0140158
NM_001405716.1	2876	2648.29	0	0
NM_001405717.1	5601	5373.29	0.0805483	0.000674618
NM_001405718.1	2902	2674.29	0.14079	0.00236921
NM_001405719.1	3021	2793.29	0	0
NM_001405720.1	5795	5567.29	5.19292	0.0419769
NM_001405721.1	6194	5966.29	12.3182	0.092915
NM_001405722.1	2901	2673.29	0	0
NM_001405723.1	2724	2496.29	0	0
NM_001405724.1	2622	2394.29	0	0
NM_001405725.1	6321	6093.29	0	0
NM_001405726.1	3622	3394.29	0	0
NM_001405727.1	5779	5551.29	0	0
NM_001405728.1	6178	5950.29	0	0
NM_001405729.1	5166	4938.29	0	0
NM_001405730.1	2586	2358.29	0	0
NM_001405731.1	2805	2577.29	0	0
NM_001405732.1	1309	1081.29	0	0
NM_001405733.1	1421	1193.29	7.93481	0.299248
NM_001405734.1	1124	896.293	5.29785	0.266006
NM_001405735.1	1301	1073.29	0	0
NM_001405736.1	1022	794.293	0.0137778	0.000780625
NM_001405742.1	7890	7662.29	142.833	0.838906
NM_001405760.1	6591	6363.29	0	0
NM_001405824.1	5958	5730.29	1432.66	11.2515
NM_001405825.1	5898	5670.29	19.882	0.157796
NM_001405826.1	5862	5634.29	45.1971	0.361005
NM_001405849.1	2110	1882.29	0	0
NM_001405850.1	1610	1382.29	2.2843	0.0743695
NM_001405852.1	8661	8433.29	20.5292	0.109551
NM_001405854.1	5300	5072.29	25.8303	0.229175
NM_001405855.1	5268	5040.29	70.9411	0.63341
NM_001405856.1	5328	5100.29	0.00095628	8.43786e-06
NM_001405857.1	5571	5343.29	66.0436	0.556243
NM_001405858.1	5265	5037.29	9.5868	0.0856483
NM_001405859.1	5026	4798.29	0	0
NM_001405860.1	5472	5244.29	0	0
NM_001405861.1	5023	4795.29	0	0
NM_001405862.1	3054	2826.29	0	0
NM_001405863.1	3055	2827.29	0	0
NM_001405864.1	2820	2592.29	0	0
NM_001405865.1	2821	2593.29	0	0
NM_001405866.1	2818	2590.29	0	0
NM_001405867.1	2957	2729.29	0	0
NM_001405868.1	2903	2675.29	0	0
NM_001405871.1	2961	2733.29	0	0
NM_001405872.1	4996	4768.29	0	0
NM_001405873.1	5442	5214.29	0	0
NM_001405874.1	5136	4908.29	0	0
NM_001405875.1	4939	4711.29	0.00845361	8.07504e-05
NM_001405876.1	5142	4914.29	2.29162e-07	2.09857e-09
NM_001405877.1	5385	5157.29	0.0371118	0.000323841
NM_001405878.1	5079	4851.29	0.00310223	2.87779e-05
NM_001405879.1	4936	4708.29	1.27563	0.0121928
NM_001405880.1	5382	5154.29	3.69287	0.0322431
NM_001405881.1	4891	4663.29	0	0
NM_001405882.1	3750	3522.29	0	0
NM_001405883.1	3747	3519.29	0	0
NM_001405884.1	3561	3333.29	0	0
NM_001405885.1	3558	3330.29	0	0
NM_001405886.1	2719	2491.29	0	0
NM_001405887.1	2625	2397.29	0	0
NM_001405888.1	2512	2284.29	1.06552e-06	2.09919e-08
NM_001405889.1	2494	2266.29	0.0546986	0.00108618
NM_001405890.1	2485	2257.29	12.8006	0.255203
NM_001405891.1	2567	2339.29	0	0
NM_001405892.1	2549	2321.29	0	0
NM_001405919.1	2086	1858.29	0	0
NM_001405920.1	4257	4029.29	0	0
NM_001405921.1	4221	3993.29	0	0
NM_001405922.1	4320	4092.29	0	0
NM_001405923.1	4385	4157.29	0	0
NM_001405924.1	3960	3732.29	9.47215	0.114213
NM_001405925.1	4153	3925.29	0	0
NM_001405926.1	4281	4053.29	0	0
NM_001405927.1	4242	4014.29	0	0
NM_001405928.1	3918	3690.29	0	0
NM_001405963.1	2165	1937.29	0	0
NM_001406.4	3216	2988.29	39	0.587332
NM_001406020.1	1509	1281.29	0	0
NM_001406021.1	1607	1379.29	0	0
NM_001406022.1	2423	2195.29	2.05758	0.04218
NM_001406023.1	2399	2171.29	0	0
NM_001406024.1	3295	3067.29	0	0
NM_001406025.1	2434	2206.29	0	0
NM_001406026.1	1059	831.293	0	0
NM_001406027.1	1157	929.293	0	0
NM_001406029.1	1949	1721.29	0	0
NM_001406030.1	2845	2617.29	0	0
NM_001406033.1	2023	1795.29	0	0
NM_001406034.1	2025	1797.29	10.937	0.273857
NM_001406035.1	2072	1844.29	0	0
NM_001406036.1	1904	1676.29	0	0
NM_001406037.1	1878	1650.29	22.8605	0.623401
NM_001406038.1	1807	1579.29	0	0
NM_001406039.1	1805	1577.29	0	0
NM_001406040.1	1854	1626.29	0	0
NM_001406041.1	1758	1530.29	54.494	1.60257
NM_001406042.1	1686	1458.29	0	0
NM_001406066.1	4749	4521.29	0	0
NM_001406067.1	5284	5056.29	0	0
NM_001406069.1	4638	4410.29	7.44237	0.0759427
NM_001406245.1	3265	3037.29	0	0
NM_001406246.1	2880	2652.29	20.1108	0.341232
NM_001406247.1	3219	2991.29	36.3106	0.546282
NM_001406256.1	3133	2905.29	0	0
NM_001406365.1	9699	9471.29	7.31048	0.0347359
NM_001406367.1	7663	7435.29	40.2763	0.243777
NM_001406368.1	7440	7212.29	5.09423	0.0317868
NM_001406369.1	7549	7321.29	0	0
NM_001406370.1	7553	7325.29	8.64513	0.0531115
NM_001406371.1	7353	7125.29	53.8523	0.340129
NM_001406372.1	7466	7238.29	88.4789	0.550105
NM_001406373.1	7206	6978.29	0	0
NM_001406374.1	7119	6891.29	0	0
NM_001406375.1	5132	4904.29	0	0
NM_001406376.1	5158	4930.29	0	0
NM_001406461.1	4153	3925.29	107.072	1.22757
NM_001406462.1	1780	1552.29	19.4737	0.56457
NM_001406463.1	1863	1635.29	0	0
NM_001406464.1	1494	1266.29	0	0
NM_001406466.1	1238	1010.29	9.54397	0.425132
NM_001406467.1	1493	1265.29	5.09938	0.181371
NM_001406468.1	1576	1348.29	2.28426e-05	7.62437e-07
NM_001406469.1	1220	992.293	0.270319	0.0122597
NM_001406471.1	1513	1285.29	11.1325	0.389793
NM_001406477.1	2907	2679.29	36.6972	0.616389
NM_001406478.1	2834	2606.29	8.00125	0.138158
NM_001406482.1	1416	1188.29	0	0
NM_001406483.1	1730	1502.29	0	0
NM_001406484.1	1463	1235.29	0	0
NM_001406485.1	1410	1182.29	0	0
NM_001406487.1	4234	4006.29	189.15	2.12474
NM_001406488.1	2446	2218.29	40.7185	0.826066
NM_001406489.1	2341	2113.29	0	0
NM_001406490.1	3916	3688.29	0	0
NM_001406491.1	3865	3637.29	1.13709	0.0140689
NM_001406492.1	3760	3532.29	0	0
NM_001406493.1	2029	1801.29	50.028	1.24989
NM_001406494.1	3562	3334.29	0	0
NM_001406495.1	3508	3280.29	0	0
NM_001406506.1	11852	11624.3	5.97477	0.0231311
NM_001406507.1	11898	11670.3	0.0265929	0.000102548
NM_001406511.1	6652	6424.29	0	0
NM_001406512.1	6891	6663.29	96.2061	0.649764
NM_001406513.1	6646	6418.29	0	0
NM_001406514.1	6565	6337.29	1.3125e-08	9.32048e-11
NM_001406515.1	6544	6316.29	0	0
NM_001406516.1	6837	6609.29	0	0
NM_001406517.1	6502	6274.29	0.0182486	0.00013089
NM_001406518.1	6689	6461.29	0	0
NM_001406519.1	6463	6235.29	22.7475	0.164179
NM_001406520.1	6454	6226.29	0	0
NM_001406521.1	6508	6280.29	0	0
NM_001406522.1	6747	6519.29	0	0
NM_001406523.1	6415	6187.29	0	0
NM_001406524.1	6421	6193.29	0	0
NM_001406525.1	6403	6175.29	28.1365	0.205048
NM_001406526.1	6394	6166.29	0	0
NM_001406527.1	6418	6190.29	0	0
NM_001406528.1	6602	6374.29	85.4373	0.603195
NM_001406530.1	6358	6130.29	0	0
NM_001406531.1	6400	6172.29	0	0
NM_001406532.1	6823	6595.29	0	0
NM_001406534.1	6310	6082.29	0	0
NM_001406535.1	6268	6040.29	0	0
NM_001406536.1	6268	6040.29	0	0
NM_001406537.1	6313	6085.29	0	0
NM_001406538.1	6220	5992.29	0	0
NM_001406539.1	6298	6070.29	0	0
NM_001406540.1	6151	5923.29	0	0
NM_001406541.1	6166	5938.29	0	0
NM_001406542.1	6112	5884.29	0	0
NM_001406543.1	6289	6061.29	0	0
NM_001406544.1	6016	5788.29	0	0
NM_001406545.1	5950	5722.29	0	0
NM_001406546.1	5917	5689.29	0	0
NM_001406547.1	5755	5527.29	0	0
NM_001406548.1	5308	5080.29	14.4536	0.128035
NM_001406552.1	8521	8293.29	455.439	2.47142
NM_001406559.1	6492	6264.29	0	0
NM_001406560.1	6465	6237.29	28.1488	0.203098
NM_001406561.1	6522	6294.29	796.932	5.69792
NM_001406562.1	6563	6335.29	82.3993	0.585327
NM_001406563.1	6814	6586.29	0	0
NM_001406564.1	6422	6194.29	4.13394e-08	3.00341e-10
NM_001406565.1	6677	6449.29	0	0
NM_001406566.1	6317	6089.29	0	0
NM_001406567.1	6343	6115.29	118.586	0.87269
NM_001406568.1	6458	6230.29	2.52843e-06	1.82636e-08
NM_001406569.1	6731	6503.29	1.42706	0.00987534
NM_001406570.1	6546	6318.29	0	0
NM_001406571.1	6836	6608.29	37.9303	0.258309
NM_001406572.1	6766	6538.29	1.31919e-08	9.07997e-11
NM_001406573.1	6448	6220.29	0	0
NM_001406574.1	6492	6264.29	0	0
NM_001406575.1	6621	6393.29	14.8607	0.104606
NM_001406576.1	6624	6396.29	7.81106	0.0549571
NM_001406577.1	6736	6508.29	6.39662e-06	4.42309e-08
NM_001406578.1	6709	6481.29	0	0
NM_001406579.1	6817	6589.29	0	0
NM_001406580.1	6466	6238.29	50.0201	0.360845
NM_001406581.1	6650	6422.29	80.0523	0.560952
NM_001406582.1	6661	6433.29	50.9614	0.356493
NM_001406583.1	6411	6183.29	0	0
NM_001406584.1	6303	6075.29	0	0
NM_001406585.1	6083	5855.29	53.1599	0.40858
NM_001406586.1	6078	5850.29	0	0
NM_001406587.1	6198	5970.29	0	0
NM_001406588.1	6412	6184.29	77.3979	0.563224
NM_001406589.1	6075	5847.29	0	0
NM_001406591.1	2067	1839.29	0	0
NM_001406592.1	8569	8341.29	445.643	2.40434
NM_001406593.1	8594	8366.29	100.017	0.538003
NM_001406594.1	8817	8589.29	0	0
NM_001406595.1	8788	8560.29	63.1012	0.331735
NM_001406596.1	8535	8307.29	31.134	0.168662
NM_001406597.1	8566	8338.29	46.1132	0.24888
NM_001406598.1	8591	8363.29	10.249	0.05515
NM_001406599.1	8814	8586.29	0	0
NM_001406600.1	8785	8557.29	6.73949	0.0354432
NM_001406601.1	8583	8355.29	17.9272	0.096559
NM_001406602.1	8554	8326.29	31.3087	0.169221
NM_001406603.1	8551	8323.29	3.14244	0.0169908
NM_001406604.1	8580	8352.29	1.80295	0.00971448
NM_001406605.1	8556	8328.29	19.7192	0.106555
NM_001406606.1	8527	8299.29	34.5166	0.187167
NM_001406607.1	8552	8324.29	7.6006	0.0410906
NM_001406608.1	8553	8325.29	1.96139	0.0106025
NM_001406609.1	8524	8296.29	3.42625	0.0185856
NM_001406610.1	8416	8188.29	30.3951	0.167052
NM_001406611.1	8442	8214.29	1.02953	0.00564044
NM_001406612.1	8413	8185.29	2.91479	0.0160256
NM_001406613.1	8371	8143.29	0.195395	0.00107983
NM_001406614.1	8586	8358.29	0	0
NM_001406615.1	8723	8495.29	223.807	1.1856
NM_001406616.1	8690	8462.29	272.302	1.44812
NM_001406617.1	8465	8237.29	45.7964	0.250201
NM_001406618.1	8279	8051.29	0	0
NM_001406619.1	8490	8262.29	1.22316e-06	6.66233e-09
NM_001406620.1	8276	8048.29	0	0
NM_001406621.1	8462	8234.29	4.44315	0.0242832
NM_001406622.1	8491	8263.29	1.2729	0.00693241
NM_001406623.1	8720	8492.29	24.1485	0.12797
NM_001406624.1	8648	8420.29	21.8262	0.116652
NM_001406625.1	8420	8192.29	0.302868	0.00166376
NM_001406626.1	8524	8296.29	0	0
NM_001406627.1	8492	8264.29	0	0
NM_001406628.1	8521	8293.29	0	0
NM_001406629.1	8535	8307.29	0	0
NM_001406630.1	8638	8410.29	436.393	2.33512
NM_001406631.1	3210	2982.29	0	0
NM_001406632.1	3284	3056.29	0	0
NM_001406633.1	3134	2906.29	0	0
NM_001406634.1	5693	5465.29	3.70491	0.0305075
NM_001406635.1	3051	2823.29	0	0
NM_001406636.1	3018	2790.29	0	0
NM_001406637.1	4436	4208.29	9.94595	0.106361
NM_001406638.1	10637	10409.3	14.9698	0.0647197
NM_001406639.1	3191	2963.29	0	0
NM_001406640.1	3032	2804.29	0	0
NM_001406641.1	10598	10370.3	0	0
NM_001406642.1	2909	2681.29	3.22926e-05	5.42003e-07
NM_001406643.1	3626	3398.29	0	0
NM_001406644.1	5585	5357.29	0	0
NM_001406645.1	10404	10176.3	0	0
NM_001406646.1	4488	4260.29	0	0
NM_001406647.1	3065	2837.29	0	0
NM_001406648.1	2858	2630.29	115.439	1.9751
NM_001406649.1	10448	10220.3	0	0
NM_001406650.1	2965	2737.29	86.5934	1.42366
NM_001406651.1	5435	5207.29	0	0
NM_001406652.1	10254	10026.3	0	0
NM_001406653.1	4160	3932.29	127.172	1.45542
NM_001406654.1	10324	10096.3	0	0
NM_001406655.1	2660	2432.29	0	0
NM_001406656.1	10502	10274.3	2.90152	0.0127091
NM_001406657.1	2562	2334.29	6.26482	0.12078
NM_001406658.1	3077	2849.29	0	0
NM_001406659.1	3227	2999.29	10.2769	0.154201
NM_001406660.1	3424	3196.29	0	0
NM_001406661.1	3379	3151.29	0	0
NM_001406662.1	3296	3068.29	0	0
NM_001406663.1	6412	6184.29	1.36437e-05	9.92851e-08
NM_001406664.1	6343	6115.29	207.396	1.52625
NM_001406665.1	6337	6109.29	59.0424	0.434926
NM_001406666.1	1589	1361.29	0	0
NM_001406667.1	6307	6079.29	20.9011	0.154724
NM_001406668.1	6304	6076.29	17.3983	0.128858
NM_001406669.1	10516	10288.3	0	0
NM_001406670.1	6235	6007.29	0	0
NM_001406671.1	6205	5977.29	0	0
NM_001406672.1	1439	1211.29	0	0
NM_001406673.1	6202	5974.29	0	0
NM_001406674.1	5813	5585.29	0	0
NM_001406675.1	6179	5951.29	28.3566	0.21443
NM_001406676.1	6176	5948.29	10.8997	0.0824641
NM_001406677.1	6137	5909.29	4.58704e-08	3.49332e-10
NM_001406678.1	6103	5875.29	0	0
NM_001406679.1	6047	5819.29	43.5788	0.337013
NM_001406680.1	6631	6403.29	4.59064e-06	3.22636e-08
NM_001406681.1	6200	5972.29	0	0
NM_001406682.1	5972	5744.29	4.45718	0.0349193
NM_001406683.1	6562	6334.29	41.1092	0.292068
NM_001406684.1	5969	5741.29	1.62122	0.0127079
NM_001406685.1	5843	5615.29	8.17263	0.0654986
NM_001406686.1	5676	5448.29	0	0
NM_001406687.1	6430	6202.29	61.8805	0.448997
NM_001406688.1	5840	5612.29	6.66639	0.0534555
NM_001406689.1	6433	6205.29	51.4156	0.372885
NM_001406690.1	6373	6145.29	5.4504e-06	3.99143e-08
NM_001406691.1	6370	6142.29	4.48814e-06	3.28835e-08
NM_001406692.1	6304	6076.29	93.7581	0.694404
NM_001406693.1	6610	6382.29	0.847608	0.00597668
NM_001406694.1	6185	5957.29	0	0
NM_001406695.1	6182	5954.29	0	0
NM_001406696.1	6289	6061.29	0	0
NM_001406697.1	6301	6073.29	78.5471	0.582034
NM_001406698.1	6219	5991.29	36.6025	0.274936
NM_001406715.1	1634	1406.29	60.0169	1.92061
NM_001406716.1	11494	11266.3	4510.94	18.0189
NM_001406717.1	2579	2351.29	189.491	3.6268
NM_001406718.1	2534	2306.29	484.964	9.46318
NM_001406719.1	11858	11630.3	192.109	0.743358
NM_001406720.1	11903	11675.3	1.9767e-08	7.61929e-11
NM_001406721.1	7022	6794.29	0	0
NM_001406722.1	5800	5572.29	58.4001	0.471652
NM_001406723.1	1289	1061.29	0	0
NM_001406724.1	1126	898.293	0	0
NM_001406725.1	1132	904.293	0	0
NM_001406726.1	1259	1031.29	0	0
NM_001406727.1	1117	889.293	0	0
NM_001406728.1	1120	892.293	0	0
NM_001406741.1	3661	3433.29	0	0
NM_001406742.1	3601	3373.29	53.1662	0.70929
NM_001406743.1	4385	4157.29	0	0
NM_001406744.1	4211	3983.29	0	0
NM_001406745.1	741	513.753	1	0.0875968
NM_001406747.1	1441	1213.29	0	0
NM_001406748.1	1164	936.293	0	0
NM_001406749.1	1510	1282.29	153.445	5.38528
NM_001406751.1	5167	4939.29	41.8922	0.38169
NM_001406752.1	4694	4466.29	27.5299	0.277396
NM_001406753.1	3897	3669.29	0	0
NM_001406755.1	3098	2870.29	0	0
NM_001406756.1	3170	2942.29	0	0
NM_001406757.1	2987	2759.29	0	0
NM_001406759.1	5557	5329.29	0	0
NM_001406760.1	4325	4097.29	0	0
NM_001406761.1	4256	4028.29	0	0
NM_001406762.1	5488	5260.29	0	0
NM_001406763.1	5482	5254.29	0	0
NM_001406764.1	6877	6649.29	0	0
NM_001406765.1	6871	6643.29	0	0
NM_001406766.1	5329	5101.29	4.14066	0.0365285
NM_001406767.1	4097	3869.29	2.85934	0.0332565
NM_001406768.1	6742	6514.29	0	0
NM_001406769.1	3989	3761.29	0	0
NM_001406770.1	6718	6490.29	0	0
NM_001406771.1	5179	4951.29	0	0
NM_001406772.1	6610	6382.29	0	0
NM_001406773.1	6568	6340.29	0	0
NM_001406774.1	6481	6253.29	0	0
NM_001406775.1	4891	4663.29	0	0
NM_001406776.1	3485	3257.29	2.1295e-07	2.94213e-09
NM_001406777.1	4831	4603.29	0	0
NM_001406778.1	6280	6052.29	0	0
NM_001406779.1	3488	3260.29	0	0
NM_001406780.1	4720	4492.29	0	0
NM_001406781.1	3314	3086.29	0	0
NM_001406782.1	6109	5881.29	0	0
NM_001406783.1	4591	4363.29	0	0
NM_001406784.1	6016	5788.29	0	0
NM_001406785.1	5989	5761.29	0	0
NM_001406786.1	5980	5752.29	0	0
NM_001406787.1	5974	5746.29	0	0
NM_001406788.1	4432	4204.29	0	0
NM_001406789.1	3200	2972.29	0	0
NM_001406790.1	5821	5593.29	0	0
NM_001406791.1	5701	5473.29	0	0
NM_001406792.1	4168	3940.29	0	0
NM_001406793.1	2876	2648.29	0	0
NM_001406794.1	5557	5329.29	0	0
NM_001406795.1	4361	4133.29	0	0
NM_001406796.1	4315	4087.29	43.9072	0.48344
NM_001406797.1	4003	3775.29	111.949	1.33448
NM_001406798.1	4091	3863.29	0	0
NM_001406799.1	4068	3840.29	0	0
NM_001406800.1	4252	4024.29	0	0
NM_001406801.1	3998	3770.29	0	0
NM_001406802.1	4161	3933.29	9.83765	0.112558
NM_001406803.1	3401	3173.29	0	0
NM_001406804.1	4242	4014.29	23.8017	0.266834
NM_001406805.1	4053	3825.29	1.42852	0.016806
NM_001406806.1	3806	3578.29	0	0
NM_001406807.1	4668	4440.29	43.8799	0.44473
NM_001406808.1	4260	4032.29	0	0
NM_001406809.1	4318	4090.29	0	0
NM_001406810.1	1207	979.293	5.9944	0.275471
NM_001406811.1	4145	3917.29	5.67924e-05	6.52448e-07
NM_001406812.1	3942	3714.29	0	0
NM_001406813.1	4271	4043.29	0	0
NM_001406814.1	4353	4125.29	60.9684	0.665108
NM_001406815.1	3636	3408.29	0	0
NM_001406816.1	3898	3670.29	36.9244	0.452746
NM_001406817.1	2699	2471.29	0	0
NM_001406818.1	4093	3865.29	25.5901	0.297942
NM_001406819.1	4069	3841.29	99.2971	1.16333
NM_001406820.1	3970	3742.29	71.8641	0.864204
NM_001406821.1	4119	3891.29	1.36186	0.01575
NM_001406822.1	4064	3836.29	0	0
NM_001406823.1	3800	3572.29	33.1444	0.417547
NM_001406824.1	4066	3838.29	0	0
NM_001406825.1	4165	3937.29	0	0
NM_001406826.1	4388	4160.29	9.75783	0.105553
NM_001406827.1	3999	3771.29	2.66016e-08	3.17439e-10
NM_001406828.1	4020	3792.29	0.889928	0.0105608
NM_001406829.1	3899	3671.29	0.00139501	1.71002e-05
NM_001406830.1	4841	4613.29	25.499	0.248745
NM_001406831.1	1398	1170.29	20.6987	0.795961
NM_001406832.1	2888	2660.29	109.198	1.84727
NM_001406836.1	3128	2900.29	0	0
NM_001406837.1	3316	3088.29	0	0
NM_001406838.1	2684	2456.29	0	0
NM_001406839.1	1652	1424.29	0	0
NM_001406840.1	1783	1555.29	14.0198	0.405668
NM_001406853.1	2497	2269.29	0	0
NM_001406856.1	2454	2226.29	0	0
NM_001406857.1	2522	2294.29	0	0
NM_001406859.1	1787	1559.29	0	0
NM_001406860.1	2627	2399.29	0	0
NM_001406861.1	1301	1073.29	6.26679	0.262766
NM_001406866.1	5279	5051.29	0	0
NM_001406868.1	5117	4889.29	13.6117	0.125288
NM_001406869.1	4985	4757.29	0	0
NM_001406870.1	4970	4742.29	1.34441	0.0127581
NM_001406871.1	4949	4721.29	0	0
NM_001406872.1	4925	4697.29	0	0
NM_001406873.1	4895	4667.29	0	0
NM_001406874.1	4925	4697.29	0	0
NM_001406875.1	5491	5263.29	0.248389	0.00212382
NM_001406876.1	5023	4795.29	1.66386e-06	1.56151e-08
NM_001406877.1	5625	5397.29	0	0
NM_001406878.1	5268	5040.29	0.348197	0.00310893
NM_001406879.1	5128	4900.29	68.0606	0.625052
NM_001406880.1	5215	4987.29	0	0
NM_001406881.1	5025	4797.29	0	0
NM_001406882.1	5458	5230.29	2.60099	0.0223797
NM_001406883.1	4985	4757.29	34.9668	0.33078
NM_001406884.1	4769	4541.29	0	0
NM_001406885.1	4757	4529.29	0	0
NM_001406886.1	4727	4499.29	0	0
NM_001406887.1	5121	4893.29	2.54871	0.0234402
NM_001406888.1	5073	4845.29	0.00220176	2.04499e-05
NM_001406889.1	5035	4807.29	13.534	0.126698
NM_001406890.1	5083	4855.29	0	0
NM_001406891.1	5260	5032.29	0	0
NM_001406892.1	5040	4812.29	0.0290154	0.000271343
NM_001406893.1	5333	5105.29	11.6217	0.102445
NM_001406894.1	5230	5002.29	13.1588	0.118383
NM_001406895.1	4900	4672.29	0	0
NM_001406896.1	4903	4675.29	0	0
NM_001406897.1	5278	5050.29	0	0
NM_001406898.1	5265	5037.29	211.176	1.88664
NM_001406899.1	5226	4998.29	0	0
NM_001406900.1	5009	4781.29	0	0
NM_001406901.1	4834	4606.29	9.98242e-07	9.75274e-09
NM_001406902.1	4829	4601.29	2.73654	0.0267648
NM_001406903.1	4822	4594.29	0	0
NM_001406904.1	4927	4699.29	0	0
NM_001406905.1	4980	4752.29	0	0
NM_001406906.1	4932	4704.29	2.73431	0.0261575
NM_001406907.1	4884	4656.29	0.00179298	1.73292e-05
NM_001406908.1	4920	4692.29	0	0
NM_001406909.1	4872	4644.29	0	0
NM_001406910.1	4776	4548.29	0	0
NM_001406911.1	4587	4359.29	0	0
NM_001406912.1	3890	3662.29	0	0
NM_001406915.1	3250	3022.29	0	0
NM_001406916.1	791	563.487	0	0
NM_001406937.1	1014	786.293	0	0
NM_001406938.1	1157	929.293	3.4182	0.165534
NM_001406939.1	1039	811.293	0	0
NM_001406940.1	789	561.487	0	0
NM_001406941.1	1074	846.293	0	0
NM_001406983.1	3504	3276.29	30.2204	0.415107
NM_001406984.1	2355	2127.29	1.53391	0.03245
NM_001406985.1	2511	2283.29	26.3569	0.519487
NM_001406986.1	3358	3130.29	379.162	5.45108
NM_001406987.1	2848	2620.29	0	0
NM_001406988.1	2793	2565.29	27.1136	0.475655
NM_001406989.1	2668	2440.29	11.9088	0.219619
NM_001406990.1	2354	2126.29	0	0
NM_001406991.1	3284	3056.29	61.3309	0.903081
NM_001406992.1	2135	1907.29	3.61338	0.0852587
NM_001406993.1	2722	2494.29	104.69	1.88886
NM_001406994.1	2551	2323.29	0.283756	0.00549646
NM_001406995.1	3021	2793.29	0	0
NM_001406996.1	2882	2654.29	23.7847	0.403265
NM_001406997.1	2711	2483.29	21.3568	0.387035
NM_001406998.1	1519	1291.29	0.0577204	0.00201162
NM_001406999.1	3398	3170.29	15.2402	0.216339
NM_001407.3	11933	11705.3	59	0.226836
NM_001407000.1	3218	2990.29	564.617	8.49734
NM_001407001.1	3061	2833.29	0	0
NM_001407002.1	2217	1989.29	307.115	6.94775
NM_001407003.1	1573	1345.29	4.08698	0.136719
NM_001407004.1	5971	5743.29	0	0
NM_001407011.1	6575	6347.29	37.5061	0.265923
NM_001407012.1	6332	6104.29	86.0495	0.634388
NM_001407013.1	6326	6098.29	0	0
NM_001407014.1	6051	5823.29	13.3817	0.103415
NM_001407015.1	5816	5588.29	19.6068	0.157895
NM_001407016.1	6207	5979.29	0	0
NM_001407017.1	5540	5312.29	0	0
NM_001407019.1	1938	1710.29	0	0
NM_001407021.1	6570	6342.29	0	0
NM_001407022.1	6567	6339.29	0	0
NM_001407023.1	3276	3048.29	0	0
NM_001407024.1	3234	3006.29	0	0
NM_001407026.1	3111	2883.29	0	0
NM_001407027.1	3231	3003.29	0	0
NM_001407028.1	5973	5745.29	18.4996	0.144908
NM_001407029.1	5970	5742.29	21.4067	0.167767
NM_001407030.1	2991	2763.29	0	0
NM_001407031.1	2988	2760.29	0	0
NM_001407032.1	2762	2534.29	0	0
NM_001407033.1	2922	2694.29	0	0
NM_001407034.1	5932	5704.29	10.6377	0.0839246
NM_001407035.1	5486	5258.29	93.6791	0.801752
NM_001407036.1	5483	5255.29	61.8301	0.529474
NM_001407037.1	2391	2163.29	0	0
NM_001407038.1	2461	2233.29	0	0
NM_001407039.1	2638	2410.29	0	0
NM_001407040.1	2192	1964.29	319.184	7.3127
NM_001407041.1	8357	8129.29	8.31207	0.0460149
NM_001407042.1	8425	8197.29	61.9913	0.340332
NM_001407043.1	1816	1588.29	772.23	21.8806
NM_001407044.1	3016	2788.29	0	0
NM_001407045.1	2980	2752.29	0	0
NM_001407046.1	2938	2710.29	0	0
NM_001407047.1	2899	2671.29	0	0
NM_001407048.1	2890	2662.29	0	0
NM_001407049.1	2887	2659.29	0	0
NM_001407050.1	2857	2629.29	0	0
NM_001407051.1	2467	2239.29	0	0
NM_001407053.1	6066	5838.29	0	0
NM_001407054.1	5827	5599.29	36.6948	0.294927
NM_001407055.1	5824	5596.29	33.4968	0.269368
NM_001407056.1	6111	5883.29	0	0
NM_001407057.1	5815	5587.29	4.79388	0.0386125
NM_001407058.1	5887	5659.29	11.0505	0.0878744
NM_001407059.1	5860	5632.29	4.11912e-07	3.29125e-09
NM_001407060.1	5787	5559.29	18.5397	0.150081
NM_001407062.1	5692	5464.29	14.0865	0.116014
NM_001407063.1	5761	5533.29	0	0
NM_001407064.1	5538	5310.29	0	0
NM_001407065.1	6101	5873.29	0	0
NM_001407066.1	2623	2395.29	651.154	12.234
NM_001407067.1	6020	5792.29	22.3607	0.173731
NM_001407069.1	1849	1621.29	2.94235e-08	8.16723e-10
NM_001407070.1	1874	1646.29	6.45114	0.176349
NM_001407071.1	1877	1649.29	0	0
NM_001407072.1	1854	1626.29	0	0
NM_001407073.1	1816	1588.29	67.7152	1.91866
NM_001407075.1	1853	1625.29	41.4171	1.14681
NM_001407077.1	1814	1586.29	23.0667	0.654402
NM_001407078.1	1934	1706.29	0	0
NM_001407079.1	1742	1514.29	6.10156e-08	1.81332e-09
NM_001407080.1	1739	1511.29	23.8617	0.710549
NM_001407081.1	1931	1703.29	6.55095	0.173084
NM_001407082.1	1643	1415.29	0	0
NM_001407083.1	1823	1595.29	0	0
NM_001407085.1	1750	1522.29	4.8036	0.142007
NM_001407086.1	1711	1483.29	0	0
NM_001407087.1	2182	1954.29	0	0
NM_001407088.1	1849	1621.29	10.8645	0.301572
NM_001407089.1	1945	1717.29	0	0
NM_001407091.1	1644	1416.29	42.5352	1.35157
NM_001407092.1	3281	3053.29	0	0
NM_001407094.1	1865	1637.29	0	0
NM_001407095.1	1838	1610.29	0	0
NM_001407096.1	2176	1948.29	0	0
NM_001407097.1	2192	1964.29	0	0
NM_001407098.1	1902	1674.29	0	0
NM_001407099.1	2149	1921.29	0	0
NM_001407100.1	2165	1937.29	0	0
NM_001407101.1	2020	1792.29	0	0
NM_001407102.1	2004	1776.29	0	0
NM_001407103.1	1966	1738.29	0	0
NM_001407104.1	1950	1722.29	0	0
NM_001407105.1	2059	1831.29	0	0
NM_001407106.1	1890	1662.29	0	0
NM_001407107.1	1923	1695.29	0	0
NM_001407108.1	2068	1840.29	0	0
NM_001407109.1	2084	1856.29	0	0
NM_001407110.1	1939	1711.29	0	0
NM_001407111.1	2140	1912.29	0	0
NM_001407112.1	1944	1716.29	0	0
NM_001407113.1	733	505.753	0	0
NM_001407114.1	803	575.487	0	0
NM_001407115.1	1428	1200.29	31.4254	1.17824
NM_001407116.1	1251	1023.29	30.8727	1.35774
NM_001407117.1	1245	1017.29	0	0
NM_001407118.1	1200	972.293	0	0
NM_001407119.1	1757	1529.29	19.3593	0.569694
NM_001407120.1	1426	1198.29	13.001	0.488264
NM_001407121.1	1087	859.293	0	0
NM_001407126.1	4713	4485.29	4.23241	0.0424658
NM_001407127.1	4638	4410.29	55.0472	0.561708
NM_001407128.1	4799	4571.29	8.99961	0.0885986
NM_001407129.1	4499	4271.29	0.771865	0.00813251
NM_001407130.1	4527	4299.29	38.5933	0.403978
NM_001407132.1	4391	4163.29	28.9117	0.312521
NM_001407133.1	4708	4480.29	170.631	1.71393
NM_001407134.1	4586	4358.29	76.8306	0.793342
NM_001407135.1	4633	4405.29	31.8453	0.325322
NM_001407136.1	4718	4490.29	45.1658	0.452666
NM_001407137.1	4245	4017.29	19.7639	0.221402
NM_001407138.1	4170	3942.29	69.6906	0.795551
NM_001407139.1	3660	3432.29	32.7646	0.429599
NM_001407142.1	2838	2610.29	49.4192	0.852018
NM_001407143.1	3084	2856.29	14.6241	0.230413
NM_001407144.1	2857	2629.29	0.984944	0.0168583
NM_001407145.1	2783	2555.29	8.91444	0.156998
NM_001407146.1	2768	2540.29	26.7757	0.474351
NM_001407147.1	2931	2703.29	0	0
NM_001407148.1	2626	2398.29	0.133525	0.00250556
NM_001407149.1	2595	2367.29	2.73421	0.0519784
NM_001407150.1	3099	2871.29	14.2294	0.223024
NM_001407151.1	2721	2493.29	3.12841	0.0564667
NM_001407152.1	2547	2319.29	0	0
NM_001407155.1	4039	3811.29	0	0
NM_001407156.1	4064	3836.29	0	0
NM_001407157.1	3403	3175.29	0	0
NM_001407158.1	4728	4500.29	0	0
NM_001407159.1	4492	4264.29	0	0
NM_001407160.1	4302	4074.29	0	0
NM_001407161.1	3271	3043.29	0	0
NM_001407162.1	3770	3542.29	0	0
NM_001407165.1	4787	4559.29	19.7164	0.194614
NM_001407166.1	6581	6353.29	21.1643	0.149916
NM_001407167.1	2322	2094.29	1.10811	0.0238115
NM_001407168.1	2159	1931.29	48.3073	1.12566
NM_001407181.1	6462	6234.29	25.6715	0.185313
NM_001407182.1	6007	5779.29	0.00217561	1.69414e-05
NM_001407183.1	5876	5648.29	0	0
NM_001407184.1	5587	5359.29	19.9146	0.167227
NM_001407185.1	3077	2849.29	2.92671	0.0462258
NM_001407186.1	1080	852.293	2.17333	0.114757
NM_001407187.1	687	460.134	1.78006	0.174097
NM_001407240.1	3760	3532.29	6.92999	0.0882913
NM_001407241.1	3679	3451.29	16.4542	0.214554
NM_001407242.1	3640	3412.29	0	0
NM_001407243.1	3580	3352.29	0	0
NM_001407244.1	3463	3235.29	0	0
NM_001407245.1	3445	3217.29	0	0
NM_001407246.1	3996	3768.29	0	0
NM_001407247.1	3136	2908.29	0	0
NM_001407255.1	2482	2254.29	403.009	8.04538
NM_001407262.1	2615	2387.29	3.95333	0.0745246
NM_001407263.1	2615	2387.29	3.95333	0.0745246
NM_001407264.1	2522	2294.29	4.64519	0.0911164
NM_001407265.1	2522	2294.29	4.64519	0.0911164
NM_001407266.1	2525	2297.29	0.774369	0.0151696
NM_001407267.1	2525	2297.29	0.774369	0.0151696
NM_001407268.1	2642	2414.29	0	0
NM_001407269.1	2642	2414.29	0	0
NM_001407270.1	2658	2430.29	0	0
NM_001407271.1	2658	2430.29	0	0
NM_001407274.1	3233	3005.29	10.3054	0.15432
NM_001407275.1	3227	2999.29	13.6821	0.205293
NM_001407276.1	3227	2999.29	69.6371	1.04487
NM_001407277.1	3224	2996.29	0	0
NM_001407278.1	3215	2987.29	0	0
NM_001407279.1	3155	2927.29	180.682	2.77773
NM_001407280.1	3080	2852.29	70.9193	1.11896
NM_001407282.1	5868	5640.29	16.1229	0.128643
NM_001407283.1	5896	5668.29	48.772	0.387222
NM_001407296.1	3948	3720.29	0	0
NM_001407297.1	3936	3708.29	0	0
NM_001407298.1	3846	3618.29	0	0
NM_001407299.1	3771	3543.29	0	0
NM_001407300.1	3729	3501.29	0	0
NM_001407301.1	3859	3631.29	70.2111	0.870135
NM_001407302.1	3697	3469.29	0	0
NM_001407304.1	4866	4638.29	67.0228	0.650289
NM_001407305.1	4142	3914.29	73.634	0.846579
NM_001407306.1	3991	3763.29	49.7508	0.594942
NM_001407307.1	3980	3752.29	0	0
NM_001407308.1	3754	3526.29	0	0
NM_001407309.1	3905	3677.29	0	0
NM_001407310.1	4717	4489.29	11.9166	0.119458
NM_001407311.1	3993	3765.29	9.40849	0.112451
NM_001407312.1	2372	2144.29	0	0
NM_001407313.1	2223	1995.29	0	0
NM_001407314.1	1542	1314.29	0	0
NM_001407315.1	4546	4318.29	0	0
NM_001407322.1	1343	1115.29	0.0016865	6.80516e-05
NM_001407323.1	1391	1163.29	0	0
NM_001407324.1	1145	917.293	0	0
NM_001407325.1	2437	2209.29	363.006	7.3944
NM_001407326.1	1760	1532.29	21.6895	0.637015
NM_001407327.1	1138	910.293	109.9	5.43324
NM_001407328.1	1138	910.293	0.476881	0.023576
NM_001407329.1	1217	989.293	0.322875	0.0146876
NM_001407330.1	1019	791.293	0.000119353	6.78795e-06
NM_001407331.1	1217	989.293	209.471	9.52888
NM_001407332.1	1019	791.293	0	0
NM_001407333.1	2970	2742.29	573.344	9.409
NM_001407334.1	2970	2742.29	402.631	6.60748
NM_001407335.1	1265	1037.29	0	0
NM_001407336.1	2901	2673.29	0	0
NM_001407337.1	2901	2673.29	0	0
NM_001407338.1	2901	2673.29	0	0
NM_001407340.1	2333	2105.29	12.299	0.262906
NM_001407341.1	2333	2105.29	142.71	3.0506
NM_001407342.1	1034	806.293	0.00082678	4.61465e-05
NM_001407344.1	1113	885.293	0.00461406	0.000234551
NM_001407361.1	931	703.293	17.3281	1.10881
NM_001407362.1	2210	1982.29	8.45761	0.192009
NM_001407364.1	9928	9700.29	0	0
NM_001407365.1	10101	9873.29	0	0
NM_001407366.1	10529	10301.3	0	0
NM_001407367.1	10116	9888.29	19.3153	0.087907
NM_001407368.1	10499	10271.3	0	0
NM_001407369.1	10515	10287.3	0	0
NM_001407370.1	10392	10164.3	0	0
NM_001407371.1	10566	10338.3	0	0
NM_001407372.1	10121	9893.29	0	0
NM_001407373.1	10083	9855.29	8.1616e-06	3.7269e-08
NM_001407374.1	10138	9910.29	0	0
NM_001407375.1	10517	10289.3	19.3551	0.0846547
NM_001407376.1	10586	10358.3	0	0
NM_001407377.1	10398	10170.3	19.3954	0.085824
NM_001407378.1	10341	10113.3	18.2456	0.0811911
NM_001407379.1	1804	1576.29	49.2069	1.40485
NM_001407380.1	1164	936.293	0	0
NM_001407381.1	1042	814.293	0	0
NM_001407382.1	785	557.487	0	0
NM_001407383.1	973	745.293	0.756382	0.0456726
NM_001407384.1	1097	869.293	6.12729	0.317208
NM_001407386.1	979	751.293	10.4669	0.626978
NM_001407388.1	1374	1146.29	2.95354	0.115955
NM_001407390.1	995	767.293	0	0
NM_001407392.1	816	588.487	1.17124	0.0895676
NM_001407394.1	973	745.293	1.43124	0.0864224
NM_001407395.1	936	708.293	0	0
NM_001407396.1	1092	864.293	0	0
NM_001407397.1	1255	1027.29	5.89678	0.258323
NM_001407398.1	4769	4541.29	0.633272	0.00627557
NM_001407399.1	4645	4417.29	1.48306	0.0151093
NM_001407400.1	2143	1915.29	5.31055	0.12478
NM_001407401.1	1787	1559.29	0	0
NM_001407416.1	6336	6108.29	0	0
NM_001407417.1	6324	6096.29	0	0
NM_001407418.1	6409	6181.29	0.000674927	4.91383e-06
NM_001407419.1	6357	6129.29	0	0
NM_001407420.1	6640	6412.29	6.00946e-07	4.21759e-09
NM_001407422.1	6609	6381.29	0	0
NM_001407423.1	6397	6169.29	53.4029	0.389558
NM_001407424.1	6357	6129.29	85.4165	0.627154
NM_001407425.1	6373	6145.29	402.877	2.95034
NM_001407426.1	6597	6369.29	0	0
NM_001407427.1	6520	6292.29	26.3804	0.188675
NM_001407428.1	6552	6324.29	0	0
NM_001407429.1	6628	6400.29	7.55794e-05	5.3143e-07
NM_001407430.1	6430	6202.29	0	0
NM_001407432.1	6481	6253.29	0	0
NM_001407433.1	6345	6117.29	0.000467472	3.43905e-06
NM_001407434.1	6337	6109.29	118.037	0.869502
NM_001407435.1	6261	6033.29	17.5512	0.130916
NM_001407436.1	6246	6018.29	0	0
NM_001407437.1	5784	5556.29	0	0
NM_001407438.1	6015	5787.29	26.5919	0.206783
NM_001407446.1	10949	10721.3	15.0928	0.0633526
NM_001407447.1	11102	10874.3	249.971	1.0345
NM_001407448.1	10869	10641.3	5.61841	0.0237608
NM_001407449.1	10866	10638.3	124.091	0.524942
NM_001407450.1	10815	10587.3	8.01046	0.0340498
NM_001407451.1	10713	10485.3	25.729	0.11043
NM_001407452.1	11018	10790.3	0	0
NM_001407453.1	10662	10434.3	47.0155	0.202778
NM_001407454.1	10455	10227.3	99.1941	0.436483
NM_001407455.1	10563	10335.3	16.6661	0.0725693
NM_001407456.1	10799	10571.3	36.0967	0.153667
NM_001407457.1	10566	10338.3	0.673273	0.00293079
NM_001407458.1	10512	10284.3	0.13317	0.000582739
NM_001407459.1	10509	10281.3	3.36379	0.0147239
NM_001407460.1	10745	10517.3	7.58408	0.032452
NM_001407467.1	10317	10089.3	0	0
NM_001407469.1	10661	10433.3	0	0
NM_001407470.1	11234	11006.3	2.58192	0.0105571
NM_001407471.1	10587	10359.3	0.385923	0.00167654
NM_001407472.1	10931	10703.3	0.165893	0.000697515
NM_001407487.1	3154	2926.29	0	0
NM_001407488.1	3005	2777.29	44.954	0.728432
NM_001407490.1	3972	3744.29	0	0
NM_001407554.1	3055	2827.29	53.8098	0.85651
NM_001407555.1	3034	2806.29	111.966	1.79554
NM_001407556.1	3318	3090.29	0	0
NM_001407557.1	3416	3188.29	0	0
NM_001407558.1	3207	2979.29	0	0
NM_001407559.1	3325	3097.29	0	0
NM_001407560.1	3062	2834.29	0	0
NM_001407561.1	3215	2987.29	7.34604	0.110667
NM_001407562.1	3138	2910.29	68.3101	1.05631
NM_001407571.1	7152	6924.29	0	0
NM_001407581.1	7154	6926.29	48.2246	0.313336
NM_001407582.1	7243	7015.29	5.73547	0.036793
NM_001407583.1	7685	7457.29	0	0
NM_001407585.1	7138	6910.29	0	0
NM_001407587.1	7145	6917.29	22.4784	0.146242
NM_001407590.1	7148	6920.29	0	0
NM_001407591.1	7682	7454.29	0	0
NM_001407593.1	8243	8015.29	126.483	0.710158
NM_001407594.1	7622	7394.29	108.875	0.662633
NM_001407596.1	7254	7026.29	30.7979	0.197259
NM_001407597.1	7177	6949.29	51.8224	0.335598
NM_001407598.1	7082	6854.29	37.6497	0.247196
NM_001407602.1	7075	6847.29	79.3013	0.521199
NM_001407603.1	7069	6841.29	0	0
NM_001407605.1	7609	7381.29	19.0878	0.116376
NM_001407610.1	8240	8012.29	8.29465	0.046589
NM_001407611.1	7085	6857.29	18.8026	0.123398
NM_001407612.1	7174	6946.29	2.21754	0.0143668
NM_001407613.1	7066	6838.29	0	0
NM_001407614.1	7079	6851.29	212.034	1.39276
NM_001407615.1	7619	7391.29	5.63189	0.0342907
NM_001407616.1	7085	6857.29	54.446	0.357318
NM_001407617.1	7079	6851.29	4.49467	0.0295235
NM_001407618.1	7066	6838.29	0	0
NM_001407619.1	7619	7391.29	15.0514	0.091643
NM_001407620.1	7174	6946.29	6.32392	0.0409709
NM_001407621.1	8240	8012.29	20.6087	0.115754
NM_001407622.1	7072	6844.29	9.40834	0.0618624
NM_001407623.1	7606	7378.29	2.60632	0.015897
NM_001407624.1	7085	6857.29	133.658	0.877173
NM_001407625.1	7619	7391.29	34.5392	0.210298
NM_001407626.1	7079	6851.29	11.0457	0.0725545
NM_001407627.1	7076	6848.29	61.6725	0.405276
NM_001407628.1	7082	6854.29	5.5062	0.036152
NM_001407629.1	7171	6943.29	0.64522	0.004182
NM_001407630.1	7616	7388.29	1.75964	0.0107182
NM_001407631.1	7069	6841.29	0.930868	0.0061234
NM_001407632.1	7063	6835.29	0	0
NM_001407633.1	7616	7388.29	0.765535	0.00466298
NM_001407634.1	8237	8009.29	1.33266	0.00748805
NM_001407635.1	7076	6848.29	25.1442	0.165234
NM_001407636.1	7171	6943.29	0.265505	0.00172088
NM_001407637.1	7082	6854.29	2.23841	0.0146967
NM_001407638.1	7069	6841.29	0.377717	0.00248468
NM_001407639.1	7171	6943.29	0.000104976	6.80405e-07
NM_001407640.1	7076	6848.29	6.42294e-05	4.22079e-07
NM_001407641.1	7082	6854.29	0.000809406	5.3143e-06
NM_001407642.1	7616	7388.29	0.00048777	2.97107e-06
NM_001407644.1	7073	6845.29	0.000359959	2.36648e-06
NM_001407645.1	7079	6851.29	3.19212e-05	2.09676e-07
NM_001407646.1	7076	6848.29	0	0
NM_001407647.1	7067	6839.29	0	0
NM_001407648.1	7031	6803.29	0.00798078	5.27921e-05
NM_001407649.1	7022	6794.29	1.40585e-07	9.31189e-10
NM_001407652.1	7004	6776.29	37.7534	0.25073
NM_001407653.1	7010	6782.29	41.9403	0.27829
NM_001407654.1	7004	6776.29	0	0
NM_001407655.1	7544	7316.29	0	0
NM_001407656.1	7001	6773.29	0	0
NM_001407657.1	7001	6773.29	0	0
NM_001407658.1	7007	6779.29	4.84396	0.0321558
NM_001407659.1	6998	6770.29	0	0
NM_001407660.1	7004	6776.29	0.000852963	5.66475e-06
NM_001407661.1	7004	6776.29	0.000341446	2.26763e-06
NM_001407662.1	6998	6770.29	0	0
NM_001407663.1	7004	6776.29	6.10121e-05	4.05197e-07
NM_001407664.1	6965	6737.29	0.0340924	0.000227727
NM_001407665.1	6946	6718.29	0	0
NM_001407666.1	7054	6826.29	0.00411918	2.71561e-05
NM_001407667.1	6959	6731.29	0.00262736	1.75656e-05
NM_001407668.1	6952	6724.29	0.00553807	3.70642e-05
NM_001407669.1	7499	7271.29	0.0156481	9.68482e-05
NM_001407670.1	6962	6734.29	4.6184e-08	3.08633e-10
NM_001407671.1	6956	6728.29	5.51176e-07	3.68661e-09
NM_001407672.1	7051	6823.29	0	0
NM_001407673.1	7496	7268.29	5.68385e-08	3.51927e-10
NM_001407674.1	7496	7268.29	0.00471566	2.9198e-05
NM_001407675.1	6962	6734.29	0.00958974	6.40851e-05
NM_001407676.1	6956	6728.29	0.000726931	4.86217e-06
NM_001407677.1	7496	7268.29	0.00412465	2.55386e-05
NM_001407678.1	7051	6823.29	0.000995909	6.56852e-06
NM_001407679.1	6956	6728.29	0.00062731	4.19585e-06
NM_001407680.1	6962	6734.29	0.00826539	5.52349e-05
NM_001407681.1	6959	6731.29	9.11897e-08	6.09663e-10
NM_001407682.1	6953	6725.29	0	0
NM_001407683.1	7493	7265.29	1.03212e-07	6.39323e-10
NM_001407684.1	7493	7265.29	0	0
NM_001407685.1	6953	6725.29	1.5048e-07	1.00695e-09
NM_001407686.1	6940	6712.29	0	0
NM_001407687.1	7493	7265.29	1.67939e-08	1.04026e-10
NM_001407688.1	6953	6725.29	1.29808e-07	8.68627e-10
NM_001407689.1	6959	6731.29	1.09313e-08	7.3083e-11
NM_001407690.1	7490	7262.29	0	0
NM_001407691.1	6950	6722.29	0	0
NM_001407692.1	6935	6707.29	0	0
NM_001407694.1	7204	6976.29	11.6809	0.0753516
NM_001407695.1	7202	6974.29	0	0
NM_001407696.1	7349	7121.29	0	0
NM_001407697.1	7767	7539.29	0	0
NM_001407698.1	7034	6806.29	0	0
NM_001407724.1	7738	7510.29	0	0
NM_001407725.1	7207	6979.29	94.1613	0.60716
NM_001407726.1	7147	6919.29	0	0
NM_001407727.1	7376	7148.29	0	0
NM_001407728.1	6983	6755.29	173.12	1.15331
NM_001407729.1	6989	6761.29	0	0
NM_001407730.1	7201	6973.29	0.144462	0.000932307
NM_001407731.1	7198	6970.29	0.652772	0.00421456
NM_001407732.1	7031	6803.29	0	0
NM_001407733.1	7201	6973.29	1.40575	0.00907222
NM_001407734.1	7198	6970.29	0.0173789	0.000112206
NM_001407735.1	6986	6758.29	0	0
NM_001407736.1	7025	6797.29	0	0
NM_001407737.1	6980	6752.29	20.1347	0.134195
NM_001407738.1	7012	6784.29	0	0
NM_001407739.1	7204	6976.29	11.5392	0.074438
NM_001407740.1	7204	6976.29	0.210224	0.00135613
NM_001407741.1	7742	7514.29	37.0512	0.2219
NM_001407742.1	7025	6797.29	1.82875	0.0121077
NM_001407743.1	6986	6758.29	0	0
NM_001407744.1	7031	6803.29	18.6075	0.123086
NM_001407745.1	6980	6752.29	0.320348	0.00213507
NM_001407746.1	7096	6868.29	0.0838855	0.000549642
NM_001407747.1	6926	6698.29	0	0
NM_001407748.1	7198	6970.29	0.000309807	2.00024e-06
NM_001407749.1	7195	6967.29	0.126348	0.000816104
NM_001407750.1	7031	6803.29	0	0
NM_001407751.1	7150	6922.29	0	0
NM_001407752.1	7198	6970.29	0.0421316	0.000272019
NM_001407761.1	1781	1553.29	67.1314	1.94498
NM_001407805.1	3792	3564.29	34.5951	0.436801
NM_001407806.1	3783	3555.29	0.406573	0.00514642
NM_001407807.1	3780	3552.29	1.01765	0.0128923
NM_001407808.1	3780	3552.29	19.2391	0.243735
NM_001407809.1	3762	3534.29	19.2384	0.244967
NM_001407810.1	3759	3531.29	47.6194	0.606865
NM_001407811.1	3750	3522.29	1.80141	0.023016
NM_001407812.1	3732	3504.29	18.0111	0.231303
NM_001407813.1	3729	3501.29	84.5166	1.08631
NM_001407814.1	3714	3486.29	2.11901	0.0273534
NM_001407815.1	3693	3465.29	43.2703	0.561943
NM_001407816.1	3672	3444.29	27.6378	0.361115
NM_001407829.1	3669	3441.29	0	0
NM_001407830.1	3546	3318.29	0	0
NM_001407831.1	4017	3789.29	0	0
NM_001407832.1	3447	3219.29	0	0
NM_001407833.1	3996	3768.29	0	0
NM_001407834.1	3987	3759.29	0	0
NM_001407835.1	3957	3729.29	0	0
NM_001407836.1	3918	3690.29	0	0
NM_001407838.1	7735	7507.29	1.18146	0.00708238
NM_001407839.1	6977	6749.29	0.0363107	0.000242113
NM_001407841.1	7167	6939.29	0	0
NM_001407842.1	7192	6964.29	0.014785	9.55402e-05
NM_001407843.1	7198	6970.29	0.00209406	1.35201e-05
NM_001407844.1	6983	6755.29	0	0
NM_001407845.1	7028	6800.29	2.12112	0.0140372
NM_001407846.1	7221	6993.29	0	0
NM_001407847.1	7201	6973.29	0.0608847	0.000392928
NM_001407848.1	6977	6749.29	0.0908577	0.000605823
NM_001407849.1	7028	6800.29	5.23818	0.0346653
NM_001407850.1	7195	6967.29	2.82564e-07	1.82513e-09
NM_001407851.1	6983	6755.29	0	0
NM_001407852.1	7028	6800.29	0	0
NM_001407853.1	7129	6901.29	1.02645e-05	6.69346e-08
NM_001407854.1	7008	6780.29	35.0008	0.232312
NM_001407858.1	7011	6783.29	50.6842	0.336259
NM_001407859.1	7100	6872.29	5.74157	0.0375986
NM_001407860.1	7011	6783.29	17.2962	0.11475
NM_001407861.1	7002	6774.29	23.1532	0.153812
NM_001407862.1	6887	6659.29	0.0202038	0.000136536
NM_001407863.1	6878	6650.29	0.00054666	3.69929e-06
NM_001407874.1	6970	6742.29	0	0
NM_001407875.1	6875	6647.29	0	0
NM_001407879.1	7155	6927.29	0	0
NM_001407881.1	7006	6778.29	0	0
NM_001407882.1	7600	7372.29	3.83192e-07	2.33914e-09
NM_001407884.1	7066	6838.29	1.139	0.0074958
NM_001407885.1	6961	6733.29	0	0
NM_001407886.1	7047	6819.29	0	0
NM_001407887.1	7060	6832.29	0.000235801	1.55318e-06
NM_001407889.1	7176	6948.29	0	0
NM_001407894.1	7057	6829.29	2.49504e-06	1.64416e-08
NM_001407895.1	7063	6835.29	8.73781e-05	5.75291e-07
NM_001407896.1	7053	6825.29	0	0
NM_001407897.1	7597	7369.29	0	0
NM_001407898.1	7003	6775.29	0	0
NM_001407899.1	7050	6822.29	1.35982e-05	8.97e-08
NM_001407900.1	7169	6941.29	0	0
NM_001407902.1	7543	7315.29	0	0
NM_001407904.1	7063	6835.29	0.133443	0.000878582
NM_001407906.1	7057	6829.29	2.69019e-05	1.77276e-07
NM_001407907.1	7152	6924.29	0	0
NM_001407908.1	7597	7369.29	1.16781e-07	7.13165e-10
NM_001407909.1	7057	6829.29	6.6794e-05	4.40154e-07
NM_001407910.1	7063	6835.29	0.329433	0.00216896
NM_001407915.1	7060	6832.29	2.46905e-05	1.62632e-07
NM_001407916.1	7060	6832.29	9.93801e-06	6.54599e-08
NM_001407917.1	7268	7040.29	0	0
NM_001407918.1	7054	6826.29	2.7982e-07	1.84474e-09
NM_001407919.1	7370	7142.29	0	0
NM_001407920.1	7110	6882.29	0	0
NM_001407921.1	7078	6850.29	2.16373e-05	1.42147e-07
NM_001407922.1	6860	6632.29	0.023885	0.000162071
NM_001407923.1	7084	6856.29	0.0167461	0.000109917
NM_001407924.1	6911	6683.29	0	0
NM_001407925.1	6905	6677.29	0	0
NM_001407926.1	6866	6638.29	0	0
NM_001407927.1	7081	6853.29	0.00405792	2.66469e-05
NM_001407928.1	6902	6674.29	0	0
NM_001407929.1	6908	6680.29	0	0
NM_001407930.1	7078	6850.29	0	0
NM_001407931.1	6803	6575.29	0	0
NM_001407932.1	6902	6674.29	0	0
NM_001407933.1	7081	6853.29	0.00468033	3.0734e-05
NM_001407934.1	7076	6848.29	0	0
NM_001407935.1	6860	6632.29	0	0
NM_001407936.1	6905	6677.29	1.89783e-08	1.27909e-10
NM_001407937.1	7425	7197.29	0.0134265	8.3953e-05
NM_001407938.1	6885	6657.29	0.00218003	1.4737e-05
NM_001407939.1	7422	7194.29	0.00347887	2.17617e-05
NM_001407940.1	6882	6654.29	4.15887e-07	2.81265e-09
NM_001407941.1	7419	7191.29	1.08356e-08	6.78091e-11
NM_001407942.1	7130	6902.29	10.6387	0.0693644
NM_001407943.1	7124	6896.29	0.000252168	1.64557e-06
NM_001407944.1	7124	6896.29	0.0147813	9.64585e-05
NM_001407945.1	6951	6723.29	0	0
NM_001407946.1	6943	6715.29	114.264	0.765749
NM_001407947.1	7477	7249.29	2.1857e-05	1.35686e-07
NM_001407948.1	7032	6804.29	2.04897e-08	1.35517e-10
NM_001407949.1	6937	6709.29	0.0207695	0.000139313
NM_001407950.1	7029	6801.29	0	0
NM_001407951.1	6940	6712.29	27.6462	0.185356
NM_001407952.1	7016	6788.29	0	0
NM_001407953.1	6934	6706.29	0.00568069	3.81207e-05
NM_001407954.1	7059	6831.29	0	0
NM_001407955.1	6940	6712.29	3.81725e-06	2.5593e-08
NM_001407956.1	7471	7243.29	0	0
NM_001407957.1	6931	6703.29	5.05495e-08	3.39368e-10
NM_001407958.1	6937	6709.29	8.98832e-07	6.02898e-09
NM_001407959.1	6851	6623.29	7.43631e-08	5.05273e-10
NM_001407960.1	6908	6680.29	0	0
NM_001407962.1	6902	6674.29	0	0
NM_001407963.1	6851	6623.29	0	0
NM_001407964.1	6668	6440.29	14.8579	0.103823
NM_001407965.1	7000	6772.29	0	0
NM_001407966.1	6399	6171.29	65.6826	0.478979
NM_001407967.1	6390	6162.29	1.67117e-08	1.22045e-10
NM_001407968.1	4478	4250.29	0	0
NM_001407969.1	4475	4247.29	0	0
NM_001407970.1	5000	4772.29	1.81623e-08	1.71271e-10
NM_001407971.1	3845	3617.29	0	0
NM_001407972.1	4376	4148.29	0	0
NM_001407973.1	3945	3717.29	0.0328978	0.000398274
NM_001407974.1	3773	3545.29	0.0367811	0.000466891
NM_001407975.1	3779	3551.29	4.82829	0.0611856
NM_001407976.1	3760	3532.29	0	0
NM_001407977.1	4313	4085.29	0.580669	0.00639658
NM_001407978.1	3868	3640.29	0.0779821	0.000964053
NM_001407979.1	4310	4082.29	0	0
NM_001407980.1	3757	3529.29	0	0
NM_001407981.1	3865	3637.29	0	0
NM_001407982.1	4931	4703.29	0	0
NM_001407983.1	3776	3548.29	0	0
NM_001407984.1	3776	3548.29	0.000331463	4.20395e-06
NM_001407985.1	3770	3542.29	0.0342736	0.000435429
NM_001407986.1	4310	4082.29	0.000132361	1.45914e-06
NM_001407990.1	3770	3542.29	0	0
NM_001407991.1	3763	3535.29	9.34991e-06	1.19021e-07
NM_001407992.1	3865	3637.29	6.2669e-06	7.75384e-08
NM_001407993.1	3757	3529.29	0	0
NM_001408.3	11015	10787.3	34	0.141843
NM_001408008.1	2221	1993.29	0	0
NM_001408009.1	2164	1936.29	0	0
NM_001408010.1	2366	2138.29	0	0
NM_001408011.1	2068	1840.29	0	0
NM_001408017.1	2324	2096.29	102.181	2.19361
NM_001408018.1	2059	1831.29	0	0
NM_001408019.1	2011	1783.29	0	0
NM_001408020.1	2213	1985.29	0	0
NM_001408021.1	2209	1981.29	0	0
NM_001408022.1	2257	2029.29	0	0
NM_001408023.1	2266	2038.29	0	0
NM_001408024.1	2411	2183.29	0	0
NM_001408025.1	2104	1876.29	0	0
NM_001408026.1	2056	1828.29	0	0
NM_001408027.1	2113	1885.29	0	0
NM_001408028.1	2369	2141.29	0.377389	0.00793151
NM_001408029.1	2258	2030.29	0	0
NM_001408047.1	2274	2046.29	246.055	5.41136
NM_001408048.1	1678	1450.29	41.4162	1.28516
NM_001408049.1	1723	1495.29	0.0134446	0.000404636
NM_001408058.1	1361	1133.29	12.3654	0.491032
NM_001408059.1	1159	931.293	18.4291	0.890554
NM_001408060.1	1132	904.293	0	0
NM_001408061.1	1644	1416.29	9.95435	0.316302
NM_001408062.1	1139	911.293	0	0
NM_001408386.1	995	767.293	0	0
NM_001408392.1	4307	4079.29	0.0323705	0.000357114
NM_001408396.1	3767	3539.29	19.1512	0.243512
NM_001408397.1	3754	3526.29	0	0
NM_001408398.1	3862	3634.29	0.00305942	3.78844e-05
NM_001408399.1	3773	3545.29	0.190488	0.002418
NM_001408400.1	4307	4079.29	0	0
NM_001408401.1	3767	3539.29	0	0
NM_001408402.1	3773	3545.29	0	0
NM_001408403.1	3773	3545.29	0	0
NM_001408404.1	3767	3539.29	0	0
NM_001408406.1	3770	3542.29	0	0
NM_001408407.1	3770	3542.29	0	0
NM_001408408.1	3764	3536.29	0	0
NM_001408409.1	3767	3539.29	0	0
NM_001408410.1	4498	4270.29	1.97709e-07	2.08358e-09
NM_001408411.1	4235	4007.29	0	0
NM_001408412.1	3692	3464.29	0	0
NM_001408413.1	3698	3470.29	0	0
NM_001408414.1	4232	4004.29	0	0
NM_001408415.1	4853	4625.29	0	0
NM_001408416.1	3787	3559.29	0	0
NM_001408418.1	3751	3523.29	0	0
NM_001408419.1	3662	3434.29	0	0
NM_001408420.1	3656	3428.29	0	0
NM_001408421.1	3646	3418.29	0	0
NM_001408422.1	3831	3603.29	0	0
NM_001408423.1	3653	3425.29	0	0
NM_001408424.1	3659	3431.29	0	0
NM_001408425.1	3656	3428.29	0.0180179	0.00023652
NM_001408426.1	4811	4583.29	0.0262526	0.000257773
NM_001408427.1	3643	3415.29	0.000469815	6.19072e-06
NM_001408428.1	3745	3517.29	0.000277848	3.55502e-06
NM_001408429.1	4190	3962.29	0.0041632	4.7285e-05
NM_001408430.1	3650	3422.29	0.000109851	1.44454e-06
NM_001408431.1	3656	3428.29	0	0
NM_001408432.1	3653	3425.29	9.92047e-06	1.3034e-07
NM_001408433.1	4187	3959.29	6.12201e-06	6.95855e-08
NM_001408434.1	3742	3514.29	1.75551e-07	2.24805e-09
NM_001408435.1	3647	3419.29	0.00121532	1.59954e-05
NM_001408436.1	3634	3406.29	0	0
NM_001408437.1	4187	3959.29	4.38664	0.0498605
NM_001408438.1	3647	3419.29	0.358019	0.00471207
NM_001408439.1	3653	3425.29	57.4096	0.754274
NM_001408440.1	3742	3514.29	0.720352	0.00922463
NM_001408441.1	4187	3959.29	0	0
NM_001408442.1	4808	4580.29	0	0
NM_001408443.1	3653	3425.29	0	0
NM_001408444.1	3647	3419.29	0	0
NM_001408445.1	3650	3422.29	0.0329868	0.000433775
NM_001408446.1	3644	3416.29	3.9111	0.0515212
NM_001408447.1	4184	3956.29	0.0066553	7.57045e-05
NM_001408448.1	3637	3409.29	0.000823372	1.08686e-05
NM_001408450.1	3739	3511.29	0.000473753	6.07194e-06
NM_001408451.1	3638	3410.29	0	0
NM_001408452.1	3892	3664.29	9.69719e-07	1.19096e-08
NM_001408453.1	3674	3446.29	0.640576	0.00836491
NM_001408454.1	3725	3497.29	0	0
NM_001408455.1	3889	3661.29	1.52602e-05	1.87572e-07
NM_001408456.1	3895	3667.29	0.00424369	5.20763e-05
NM_001408457.1	3626	3398.29	0	0
NM_001408458.1	3785	3557.29	0	0
NM_001408459.1	3716	3488.29	0	0
NM_001408460.1	3722	3494.29	0	0
NM_001408461.1	3703	3475.29	0	0
NM_001408462.1	3984	3756.29	0	0
NM_001408463.1	3895	3667.29	7.21758e-08	8.85703e-10
NM_001408464.1	3716	3488.29	2.27176e-06	2.93083e-08
NM_001408465.1	3896	3668.29	0	0
NM_001408466.1	3889	3661.29	0	0
NM_001408467.1	3716	3488.29	0	0
NM_001408468.1	3883	3655.29	1.04545e-05	1.28713e-07
NM_001408469.1	3668	3440.29	0	0
NM_001408470.1	3668	3440.29	0	0
NM_001408472.1	3696	3468.29	0	0
NM_001408473.1	3699	3471.29	0.151678	0.00196641
NM_001408474.1	3578	3350.29	0	0
NM_001408475.1	3569	3341.29	0	0
NM_001408476.1	3575	3347.29	1.48444e-08	1.99578e-10
NM_001408478.1	3846	3618.29	0	0
NM_001408479.1	3757	3529.29	3.80897e-05	4.85693e-07
NM_001408480.1	3751	3523.29	0	0
NM_001408481.1	3748	3520.29	0	0
NM_001408482.1	3899	3671.29	0	0
NM_001408483.1	4909	4681.29	0.010079	9.68929e-05
NM_001408484.1	3843	3615.29	0	0
NM_001408485.1	4288	4060.29	0	0
NM_001408489.1	3754	3526.29	0	0
NM_001408490.1	3754	3526.29	0	0
NM_001408491.1	3748	3520.29	0	0
NM_001408492.1	3861	3633.29	0	0
NM_001408493.1	3751	3523.29	0	0
NM_001408494.1	3533	3305.29	0	0
NM_001408495.1	3520	3292.29	0	0
NM_001408496.1	3602	3374.29	0	0
NM_001408497.1	3773	3545.29	2.78199e-07	3.53139e-09
NM_001408498.1	3596	3368.29	0	0
NM_001408499.1	3775	3547.29	0.00417899	5.30172e-05
NM_001408500.1	3769	3541.29	1.00292e-08	1.27452e-10
NM_001408501.1	3766	3538.29	0	0
NM_001408502.1	3700	3472.29	0	0
NM_001408503.1	3766	3538.29	0	0
NM_001408504.1	3772	3544.29	0	0
NM_001408505.1	3551	3323.29	0	0
NM_001408506.1	3634	3406.29	0	0
NM_001408507.1	3624	3396.29	0	0
NM_001408508.1	3622	3394.29	0	0
NM_001408509.1	3619	3391.29	0	0
NM_001408510.1	3596	3368.29	0	0
NM_001408511.1	3383	3155.29	0	0
NM_001408512.1	3473	3245.29	0	0
NM_001408513.1	3549	3321.29	0	0
NM_001408514.1	3574	3346.29	0	0
NM_001409.4	7443	7215.29	0	0
NM_001409033.1	1440	1212.29	0	0
NM_001409301.1	12999	12771.3	62.3715	0.219783
NM_001409302.1	13002	12774.3	0	0
NM_001409303.1	12897	12669.3	0	0
NM_001409304.1	12579	12351.3	84.514	0.307935
NM_001409305.1	12379	12151.3	37.299	0.138139
NM_001409306.1	12370	12142.3	59.8404	0.221787
NM_001409307.1	12373	12145.3	154.004	0.570644
NM_001409308.1	12259	12031.3	478.07	1.78822
NM_001409309.1	11908	11680.3	0	0
NM_001409693.1	1929	1701.29	0	0
NM_001410.3	10936	10708.3	52.5792	0.220971
NM_001410192.1	4501	4273.29	905.607	9.53717
NM_001410194.1	6824	6596.29	81.6008	0.55672
NM_001410195.1	17652	17424.3	543.411	1.40351
NM_001410283.1	15425	15197.3	0	0
NM_001410697.1	3332	3104.29	114.241	1.65616
NM_001410698.1	1870	1642.29	0	0
NM_001410699.1	1719	1491.29	140.394	4.23671
NM_001410700.1	789	561.487	4.06708	0.325976
NM_001410701.1	3569	3341.29	758.968	10.2224
NM_001410702.1	3198	2970.29	3.17668	0.04813
NM_001410703.1	1824	1596.29	361.721	10.1977
NM_001410704.1	4740	4512.29	96.6294	0.963727
NM_001410705.1	9011	8783.29	25.225	0.129245
NM_001410706.1	5816	5588.29	0	0
NM_001410707.1	3289	3061.29	0	0
NM_001410708.1	4135	3907.29	0	0
NM_001410709.1	1153	925.293	0	0
NM_001410710.1	4450	4222.29	191.793	2.04422
NM_001410711.1	2274	2046.29	33.6007	0.738963
NM_001410712.1	4245	4017.29	11.4825	0.128631
NM_001410713.1	2818	2590.29	33.4542	0.581225
NM_001410714.1	5758	5530.29	9.87421	0.080352
NM_001410715.1	8988	8760.29	0.0872588	0.000448263
NM_001410716.1	1845	1617.29	61.9145	1.72284
NM_001410717.1	3064	2836.29	0	0
NM_001410718.1	7054	6826.29	195.723	1.29032
NM_001410719.1	2712	2484.29	0	0
NM_001410720.1	1958	1730.29	0	0
NM_001410721.2	7681	7453.29	907.211	5.47775
NM_001410722.1	6695	6467.29	7.30156e-06	5.08084e-08
NM_001410723.1	3387	3159.29	0.00361818	5.15398e-05
NM_001410724.1	3164	2936.29	0.00368998	5.65544e-05
NM_001410725.1	1832	1604.29	0	0
NM_001410726.1	2956	2728.29	64.5218	1.06428
NM_001410727.1	1676	1448.29	50.4697	1.56825
NM_001410728.1	1559	1331.29	0	0
NM_001410729.1	5696	5468.29	9.10534	0.0749353
NM_001410730.1	2055	1827.29	0.000956386	2.35541e-05
NM_001410731.1	2866	2638.29	23.2998	0.39744
NM_001410732.1	3926	3698.29	25.4022	0.309109
NM_001410733.1	2379	2151.29	0	0
NM_001410734.1	4490	4262.29	0.0583211	0.000615779
NM_001410735.1	4393	4165.29	0	0
NM_001410736.1	5987	5759.29	71.0075	0.554853
NM_001410737.1	7944	7716.29	0	0
NM_001410738.1	7872	7644.29	0	0
NM_001410739.1	5329	5101.29	53.7905	0.474534
NM_001410741.1	5010	4782.29	0	0
NM_001410742.1	5836	5608.29	325.359	2.61081
NM_001410743.1	6021	5793.29	0	0
NM_001410744.1	6058	5830.29	0	0
NM_001410745.1	8815	8587.29	494.181	2.58984
NM_001410746.1	5498	5270.29	1415.52	12.0872
NM_001410747.1	4226	3998.29	17.3794	0.195615
NM_001410748.1	12655	12427.3	18.113	0.0655927
NM_001410749.1	12607	12379.3	214.94	0.781384
NM_001410750.1	7071	6843.29	166.961	1.09797
NM_001410751.1	7380	7152.29	156.38	0.983964
NM_001410752.1	7061	6833.29	70.4663	0.464081
NM_001410753.1	4214	3986.29	30.6673	0.346218
NM_001410754.1	1723	1495.29	49.6141	1.49321
NM_001410755.1	4074	3846.29	584.469	6.83851
NM_001410756.1	4860	4632.29	0	0
NM_001410757.1	4731	4503.29	0	0
NM_001410758.1	4204	3976.29	0	0
NM_001410759.1	1723	1495.29	335.668	10.1024
NM_001410760.1	1648	1420.29	1.47856	0.0468493
NM_001410761.1	1576	1348.29	43.4012	1.44864
NM_001410762.1	3091	2863.29	66.6726	1.04791
NM_001410763.1	3742	3514.29	266.441	3.41198
NM_001410764.1	3704	3476.29	0	0
NM_001410765.1	4072	3844.29	0	0
NM_001410766.1	4891	4663.29	178.377	1.72142
NM_001410767.1	4381	4153.29	1.00446e-08	1.08838e-10
NM_001410768.1	5699	5471.29	0	0
NM_001410769.1	1174	946.293	77.6893	3.69469
NM_001410770.1	3752	3524.29	0	0
NM_001410772.1	3546	3318.29	191.35	2.5951
NM_001410773.1	5291	5063.29	0	0
NM_001410774.1	3579	3351.29	57.1415	0.767329
NM_001410775.1	2030	1802.29	2.72167	0.0679598
NM_001410776.1	5579	5351.29	0	0
NM_001410777.1	2717	2489.29	0	0
NM_001410778.1	5615	5387.29	0	0
NM_001410779.1	3103	2875.29	0	0
NM_001410780.1	3154	2926.29	0	0
NM_001410781.1	2402	2174.29	0	0
NM_001410782.1	3902	3674.29	12.2855	0.150474
NM_001410783.1	2627	2399.29	0.989203	0.0185543
NM_001410784.1	7570	7342.29	29.6889	0.181972
NM_001410785.1	7393	7165.29	4.97347	0.0312369
NM_001410786.1	5158	4930.29	14.2261	0.129854
NM_001410787.1	3926	3698.29	0	0
NM_001410788.1	5402	5174.29	3.50334	0.0304701
NM_001410790.1	884	656.427	0	0
NM_001410791.1	692	465.041	0	0
NM_001410792.1	1718	1490.29	3.85457e-05	1.16398e-06
NM_001410793.1	2823	2595.29	0	0
NM_001410794.1	8022	7794.29	1099.78	6.34998
NM_001410795.1	7941	7713.29	915.876	5.34366
NM_001410796.1	5073	4845.29	153.779	1.4283
NM_001410797.1	5274	5046.29	372.318	3.32035
NM_001410799.1	4436	4208.29	345.894	3.69895
NM_001410800.1	4325	4097.29	0	0
NM_001410801.1	4765	4537.29	0	0
NM_001410802.1	823	595.427	0	0
NM_001410803.1	3581	3353.29	5.26251	0.0706258
NM_001410804.1	3689	3461.29	0	0
NM_001410805.1	2351	2123.29	8.37883	0.177589
NM_001410806.1	3856	3628.29	1434.09	17.7876
NM_001410807.1	2019	1791.29	83.7334	2.10365
NM_001410808.1	4078	3850.29	0.0102124	0.000119365
NM_001410809.1	4021	3793.29	0.00186457	2.2121e-05
NM_001410810.1	3901	3673.29	173.566	2.12643
NM_001410811.1	3847	3619.29	14.0933	0.175239
NM_001410812.1	3389	3161.29	0	0
NM_001410813.1	3844	3616.29	38.7829	0.482635
NM_001410814.1	4314	4086.29	1.82931e-06	2.01466e-08
NM_001410815.1	3742	3514.29	163.665	2.09584
NM_001410816.1	3212	2984.29	12.1123	0.182653
NM_001410817.1	3691	3463.29	3.91724	0.0509018
NM_001410818.1	4881	4653.29	0	0
NM_001410819.1	4737	4509.29	117.249	1.17015
NM_001410820.1	4704	4476.29	324.851	3.26594
NM_001410821.1	2012	1784.29	0	0
NM_001410822.1	6806	6578.29	0	0
NM_001410823.1	3361	3133.29	330.466	4.74644
NM_001410824.1	6410	6182.29	0	0
NM_001410825.1	755	527.701	202.516	17.2709
NM_001410826.1	3208	2980.29	8.54148	0.128978
NM_001410827.1	4871	4643.29	0	0
NM_001410828.1	2134	1906.29	0	0
NM_001410829.1	9983	9755.29	27.7176	0.127867
NM_001410830.1	3194	2966.29	51.9257	0.78779
NM_001410831.1	3056	2828.29	15.6101	0.248384
NM_001410832.1	5563	5335.29	0	0
NM_001410833.1	3345	3117.29	0	0
NM_001410834.1	3701	3473.29	348.976	4.52164
NM_001410835.1	2814	2586.29	3479.62	60.5475
NM_001410836.1	4883	4655.29	80.5278	0.778469
NM_001410837.1	635	409.096	133.995	14.7403
NM_001410838.1	2838	2610.29	51.1859	0.882476
NM_001410839.1	4007	3779.29	0	0
NM_001410840.1	1459	1231.29	26.5092	0.968895
NM_001410841.1	2089	1861.29	125.455	3.03329
NM_001410842.1	6171	5943.29	594.445	4.50118
NM_001410843.1	2358	2130.29	0	0
NM_001410844.1	2381	2153.29	0	0
NM_001410845.1	4253	4025.29	14.5373	0.162529
NM_001410846.1	9028	8800.29	419.581	2.14566
NM_001410847.1	7986	7758.29	26.8502	0.155748
NM_001410848.1	6979	6751.29	0	0
NM_001410850.1	7618	7390.29	3.90163e-08	2.37589e-10
NM_001410851.1	1287	1059.29	0	0
NM_001410852.1	4072	3844.29	0	0
NM_001410853.1	5975	5747.29	0	0
NM_001410854.1	2184	1956.29	43.5041	1.00078
NM_001410855.1	3981	3753.29	0	0
NM_001410856.1	3865	3637.29	0	0
NM_001410857.1	2367	2139.29	104.91	2.20693
NM_001410858.1	7957	7729.29	233.857	1.36161
NM_001410859.1	12685	12457.3	152.682	0.551579
NM_001410860.1	6452	6224.29	8.30597e-08	6.00541e-10
NM_001410861.1	6663	6435.29	22.7415	0.159035
NM_001410862.1	9738	9510.29	6.64517	0.0314452
NM_001410863.1	3237	3009.29	1	0.0149547
NM_001410864.1	8934	8706.29	333.023	1.72141
NM_001410865.1	6809	6581.29	76.8646	0.525602
NM_001410866.1	1988	1760.29	381.744	9.75955
NM_001410867.1	9473	9245.29	1.12316e-07	5.46718e-10
NM_001410868.1	9017	8789.29	0.0349597	0.000179001
NM_001410869.1	3889	3661.29	9.6603	0.11874
NM_001410870.1	6933	6705.29	5.91386	0.0396913
NM_001410871.1	10595	10367.3	0	0
NM_001410872.1	4957	4729.29	59.5035	0.566225
NM_001410873.1	2555	2327.29	5.95258	0.115106
NM_001410874.1	2818	2590.29	301.978	5.24649
NM_001410875.1	3415	3187.29	0	0
NM_001410876.1	2383	2155.29	6.24148	0.130324
NM_001410877.1	7967	7739.29	0.0197699	0.00011496
NM_001410878.1	7684	7456.29	0	0
NM_001410879.1	6575	6347.29	0	0
NM_001410880.1	2779	2551.29	1089.52	19.2185
NM_001410881.1	5547	5319.29	0	0
NM_001410882.1	6015	5787.29	0	0
NM_001410883.1	5335	5107.29	4.66819	0.0411339
NM_001410884.1	1424	1196.29	16.4033	0.617072
NM_001410885.1	4474	4246.29	6.20082	0.0657175
NM_001410886.1	2537	2309.29	3.00707	0.0586012
NM_001410887.1	3393	3165.29	0	0
NM_001410888.1	4020	3792.29	4.04054	0.047949
NM_001410889.1	1535	1307.29	18.409	0.633724
NM_001410890.1	7467	7239.29	102.337	0.636181
NM_001410891.1	13303	13075.3	0	0
NM_001410892.1	13183	12955.3	0	0
NM_001410893.1	3763	3535.29	4	0.0509186
NM_001410894.1	2489	2261.29	24.3536	0.484673
NM_001410895.1	2134	1906.29	0	0
NM_001410896.1	5537	5309.29	0	0
NM_001410897.1	3329	3101.29	0	0
NM_001410898.1	2934	2706.29	73.449	1.22139
NM_001410899.1	3278	3050.29	1146.57	16.9161
NM_001410900.1	2452	2224.29	0	0
NM_001410901.1	697	469.994	7.94256	0.760519
NM_001410902.1	2750	2522.29	0	0
NM_001410903.1	1741	1513.29	0	0
NM_001410904.1	3072	2844.29	195.686	3.09619
NM_001410905.1	6806	6578.29	493.675	3.37731
NM_001410906.1	4475	4247.29	0	0
NM_001410907.1	1682	1454.29	15.1838	0.469864
NM_001410908.1	7582	7354.29	0	0
NM_001410909.1	3497	3269.29	979.671	13.4855
NM_001410910.1	4342	4114.29	3.82917	0.0418844
NM_001410911.1	2168	1940.29	32.3918	0.751294
NM_001410912.1	2548	2320.29	23.3239	0.452377
NM_001410913.1	3982	3754.29	0	0
NM_001410914.1	2093	1865.29	0	0
NM_001410915.1	6891	6663.29	0	0
NM_001410916.1	2522	2294.29	0	0
NM_001410917.1	3135	2907.29	32.1473	0.49762
NM_001410918.1	8948	8720.29	0	0
NM_001410919.1	1037	809.293	0	0
NM_001410920.1	2178	1950.29	81.1994	1.87368
NM_001410921.1	819	591.487	0	0
NM_001410922.1	5083	4855.29	63.8081	0.591429
NM_001410923.1	3133	2905.29	146.672	2.27196
NM_001410924.1	840	612.427	0	0
NM_001410925.1	5395	5167.29	3.08569e-05	2.6874e-07
NM_001410926.1	967	739.293	41.8954	2.5503
NM_001410927.1	2229	2001.29	0	0
NM_001410928.1	3359	3131.29	0	0
NM_001410929.1	3153	2925.29	0	0
NM_001410930.1	7748	7520.29	0	0
NM_001410931.1	2817	2589.29	0	0
NM_001410932.1	4502	4274.29	20.457	0.215387
NM_001410933.1	2902	2674.29	0	0
NM_001410934.1	13909	13681.3	569.471	1.87321
NM_001410935.1	906	678.293	344.909	22.8839
NM_001410936.1	5048	4820.29	31.2058	0.291343
NM_001410937.1	9383	9155.29	0	0
NM_001410938.1	2594	2366.29	516.329	9.81974
NM_001410939.1	5389	5161.29	0	0
NM_001410940.1	11970	11742.3	0	0
NM_001410941.1	11417	11189.3	80.9714	0.325665
NM_001410942.1	10358	10130.3	153.315	0.681092
NM_001410943.1	3103	2875.29	222.458	3.48183
NM_001410944.1	4978	4750.29	5.4927	0.0520365
NM_001410945.1	1732	1504.29	8.77646	0.26256
NM_001410946.1	3491	3263.29	87.2646	1.20344
NM_001410947.1	7552	7324.29	0	0
NM_001410948.1	2719	2491.29	0	0
NM_001410949.1	1530	1302.29	37.0696	1.28101
NM_001410950.1	8746	8518.29	0	0
NM_001410951.1	7761	7533.29	425.969	2.54469
NM_001410952.1	5011	4783.29	90.1036	0.84773
NM_001410953.1	4827	4599.29	400.515	3.91895
NM_001410954.1	4581	4353.29	47.266	0.488622
NM_001410955.1	762	534.648	95.3883	8.02915
NM_001410956.1	3886	3658.29	55.0319	0.676983
NM_001410957.1	1961	1733.29	1.7431	0.0452576
NM_001410958.1	3082	2854.29	35.51	0.559879
NM_001410959.1	1904	1676.29	10.1861	0.273463
NM_001410960.1	5533	5305.29	0	0
NM_001410961.1	3209	2981.29	845.504	12.763
NM_001410962.1	1134	906.293	0.0015237	7.56612e-05
NM_001410963.1	6700	6472.29	0	0
NM_001410964.1	6697	6469.29	0	0
NM_001410965.1	10743	10515.3	307.671	1.31676
NM_001410969.1	1996	1768.29	3.99962	0.10179
NM_001410970.1	2687	2459.29	5.00099	0.0915141
NM_001410971.1	1602	1374.29	0	0
NM_001410972.1	2742	2514.29	13.2304	0.236809
NM_001410973.1	5967	5739.29	0	0
NM_001410974.1	6076	5848.29	26.9176	0.207133
NM_001410975.1	6672	6444.29	245.336	1.71328
NM_001410976.1	2821	2593.29	784.334	13.6111
NM_001410977.1	4258	4030.29	0	0
NM_001410978.1	2640	2412.29	139.007	2.59327
NM_001410979.1	2475	2247.29	322.544	6.4591
NM_001410980.1	2685	2457.29	1158.99	21.2258
NM_001410981.1	4747	4519.29	0	0
NM_001410982.1	2422	2194.29	0	0
NM_001410983.1	4208	3980.29	308.176	3.48438
NM_001410984.1	6446	6218.29	59.0434	0.427309
NM_001410985.1	6334	6106.29	0	0
NM_001410986.1	4500	4272.29	2542.3	26.7799
NM_001410987.1	1583	1355.29	1245.88	41.3701
NM_001410988.1	3261	3033.29	243.514	3.61286
NM_001410989.1	2773	2545.29	51.5927	0.912205
NM_001410990.1	586	361.171	8.20954	1.02294
NM_001410991.1	8058	7830.29	38.6077	0.22189
NM_001410992.1	6133	5905.29	36.8183	0.280585
NM_001410993.1	6136	5908.29	11.2184	0.08545
NM_001410994.1	6229	6001.29	261.915	1.96407
NM_001410995.1	2815	2587.29	313.398	5.45121
NM_001410996.1	7062	6834.29	0.693693	0.0045679
NM_001410997.1	926	698.293	19.1434	1.23374
NM_001410998.1	970	742.293	10.1748	0.616869
NM_001410999.1	1775	1547.29	91.0888	2.64932
NM_001411000.1	2192	1964.29	0	0
NM_001411001.1	2018	1790.29	155.329	3.90454
NM_001411002.1	4137	3909.29	322.601	3.71372
NM_001411003.1	6475	6247.29	11.986	0.0863423
NM_001411004.1	900	672.361	22.5588	1.50992
NM_001411005.1	9597	9369.29	0	0
NM_001411006.1	4023	3795.29	0	0
NM_001411007.1	6738	6510.29	31.2434	0.215973
NM_001411009.1	2903	2675.29	0	0
NM_001411010.1	8929	8701.29	907.595	4.69408
NM_001411012.1	12738	12510.3	0	0
NM_001411013.1	3329	3101.29	0	0
NM_001411014.1	6003	5775.29	403.266	3.14239
NM_001411015.1	2915	2687.29	30.8657	0.516896
NM_001411016.1	3269	3041.29	682.27	10.0958
NM_001411017.1	2016	1788.29	32.8224	0.825988
NM_001411018.1	2442	2214.29	0.0684369	0.0013909
NM_001411019.1	1222	994.293	0	0
NM_001411020.1	5409	5181.29	27.5274	0.239094
NM_001411021.1	1061	833.293	45.7572	2.47118
NM_001411022.1	2578	2350.29	0	0
NM_001411023.1	1583	1355.29	24.021	0.797627
NM_001411024.1	2656	2428.29	0	0
NM_001411025.1	10811	10583.3	0	0
NM_001411026.1	3159	2931.29	0	0
NM_001411027.1	6499	6271.29	0	0
NM_001411028.1	4821	4593.29	0	0
NM_001411029.1	2411	2183.29	19.0461	0.392587
NM_001411030.1	5072	4844.29	4.92142	0.0457196
NM_001411031.1	7876	7648.29	261.955	1.54136
NM_001411032.1	1559	1331.29	74.165	2.50708
NM_001411033.1	9747	9519.29	0	0
NM_001411034.1	4074	3846.29	41.4346	0.484801
NM_001411035.1	3665	3437.29	27.1112	0.354957
NM_001411036.1	3459	3231.29	0	0
NM_001411037.1	8842	8614.29	4.0903e-06	2.13687e-08
NM_001411038.1	4834	4606.29	0	0
NM_001411039.1	5188	4960.29	175.331	1.59072
NM_001411040.1	1263	1035.29	95.1351	4.13542
NM_001411041.1	4601	4373.29	913.559	9.40092
NM_001411042.1	8100	7872.29	281.779	1.61083
NM_001411043.1	3381	3153.29	0	0
NM_001411044.1	4580	4352.29	54.5326	0.563872
NM_001411045.1	1435	1207.29	0	0
NM_001411046.1	5480	5252.29	6.56559	0.0562558
NM_001411047.1	2416	2188.29	1	0.0205654
NM_001411048.1	6769	6541.29	0	0
NM_001411049.1	6912	6684.29	38.3432	0.258152
NM_001411050.1	10591	10363.3	0	0
NM_001411051.1	1735	1507.29	50.4323	1.50575
NM_001411052.1	6077	5849.29	75.7895	0.583107
NM_001411053.1	1660	1432.29	56.7242	1.78229
NM_001411054.1	6766	6538.29	4267.72	29.3747
NM_001411055.1	3400	3172.29	0.933259	0.0132395
NM_001411056.1	3244	3016.29	49.4692	0.738081
NM_001411057.1	1432	1204.29	8.62991	0.32249
NM_001411058.1	6445	6217.29	32.3365	0.234064
NM_001411059.1	3428	3200.29	0	0
NM_001411060.1	1858	1630.29	0	0
NM_001411061.1	2835	2607.29	78.0211	1.34668
NM_001411062.1	2820	2592.29	902.212	15.6627
NM_001411063.1	5767	5539.29	1.04268	0.00847109
NM_001411064.1	1171	943.293	13.6989	0.653554
NM_001411065.1	2022	1794.29	0.000402472	1.00945e-05
NM_001411066.1	2225	1997.29	2.81458	0.0634182
NM_001411067.1	6808	6580.29	38.5464	0.263622
NM_001411068.1	2523	2295.29	4.07345	0.0798668
NM_001411069.1	3635	3407.29	0	0
NM_001411070.1	7145	6917.29	237.759	1.54683
NM_001411071.1	3178	2950.29	12.2678	0.18713
NM_001411072.1	1257	1029.29	6.16365	0.269489
NM_001411073.1	1251	1023.29	32.4438	1.42684
NM_001411074.1	5352	5124.29	0.00522737	4.59084e-05
NM_001411075.1	2155	1927.29	310.346	7.24671
NM_001411076.1	12289	12061.3	1.4314	0.00534082
NM_001411081.1	2642	2414.29	26.6238	0.496276
NM_001411082.1	3045	2817.29	29.4393	0.470259
NM_001411083.1	3225	2997.29	8.79122	0.131996
NM_001411084.1	3138	2910.29	118.029	1.82514
NM_001411085.1	3053	2825.29	3.07659	0.0490059
NM_001411086.1	1846	1618.29	0	0
NM_001411087.1	2249	2021.29	28.4439	0.633289
NM_001411088.1	5608	5380.29	21.5419	0.180186
NM_001411089.1	10548	10320.3	197.959	0.863228
NM_001411093.1	1607	1379.29	6.81094	0.222225
NM_001411094.1	1990	1762.29	114.911	2.93445
NM_001411095.1	2258	2030.29	0	0
NM_001411096.1	8732	8504.29	572.466	3.02938
NM_001411097.1	8846	8618.29	244.54	1.27694
NM_001411098.1	3304	3076.29	0	0
NM_001411099.1	2461	2233.29	0	0
NM_001411100.1	2671	2443.29	0	0
NM_001411101.1	7108	6880.29	167.757	1.09728
NM_001411102.1	7078	6850.29	1.16217	0.0076349
NM_001411103.1	3950	3722.29	0	0
NM_001411106.1	637	411.055	0	0
NM_001411112.1	3017	2789.29	232.971	3.7588
NM_001411113.1	1467	1239.29	172.141	6.25105
NM_001411122.1	2513	2285.29	0	0
NM_001411123.1	916	688.293	0	0
NM_001411124.1	4155	3927.29	0	0
NM_001411125.1	1829	1601.29	0	0
NM_001411126.1	2137	1909.29	16.9729	0.400061
NM_001411127.1	4916	4688.29	9.0754e-05	8.71151e-07
NM_001411128.1	3903	3675.29	40.9039	0.500858
NM_001411129.1	8498	8270.29	0	0
NM_001411130.1	4404	4176.29	0	0
NM_001411131.1	1728	1500.29	142.974	4.28868
NM_001411132.1	7628	7400.29	61.2534	0.372498
NM_001411133.1	1137	909.293	0	0
NM_001411134.1	1601	1373.29	3.15724	0.103463
NM_001411135.1	12046	11818.3	76.4432	0.291089
NM_001411136.1	3012	2784.29	0	0
NM_001411137.1	3379	3151.29	19.6642	0.280821
NM_001411138.1	3578	3350.29	21.5564	0.289559
NM_001411139.1	4099	3871.29	647.652	7.52883
NM_001411140.1	3714	3486.29	0	0
NM_001411141.1	9700	9472.29	822.765	3.90897
NM_001411142.1	6630	6402.29	242.313	1.70327
NM_001411143.1	4990	4762.29	316.18	2.98786
NM_001411144.1	4423	4195.29	0.0979682	0.00105091
NM_001411145.1	4712	4484.29	102.853	1.0322
NM_001411146.1	4478	4250.29	34.1484	0.361571
NM_001411147.1	4376	4148.29	61.0686	0.662507
NM_001411148.1	6164	5936.29	0	0
NM_001411149.1	1663	1435.29	29.9031	0.9376
NM_001411150.1	5571	5343.29	96.3411	0.811419
NM_001411797.1	4035	3807.29	0	0
NM_001412.4	4414	4186.29	11589	124.582
NM_001412043.1	3897	3669.29	30.4287	0.373202
NM_001412044.1	3453	3225.29	0	0
NM_001412045.1	3443	3215.29	0	0
NM_001412046.1	3402	3174.29	0	0
NM_001412048.1	3392	3164.29	0	0
NM_001412049.1	3338	3110.29	0	0
NM_001412050.1	3302	3074.29	49.4797	0.72431
NM_001412051.1	3240	3012.29	0	0
NM_001412052.1	3045	2817.29	0	0
NM_001412054.1	3577	3349.29	0	0
NM_001412055.1	3672	3444.29	0	0
NM_001412056.1	3230	3002.29	0	0
NM_001412057.1	3100	2872.29	63.3363	0.992353
NM_001412058.1	3359	3131.29	47.5587	0.683516
NM_001412059.1	3189	2961.29	14.2684	0.216838
NM_001412060.1	3352	3124.29	19.4452	0.280093
NM_001412061.1	3363	3135.29	28.1109	0.403496
NM_001412062.1	2901	2673.29	0	0
NM_001412064.1	2682	2454.29	48.1522	0.882942
NM_001412065.1	3571	3343.29	1.01082	0.0136063
NM_001412066.1	3700	3472.29	40.6725	0.527141
NM_001412067.1	3059	2831.29	12.0118	0.190927
NM_001412072.1	3724	3496.29	5.31575e-05	6.84225e-07
NM_001412073.1	3091	2863.29	113.612	1.78566
NM_001412074.1	2743	2515.29	0	0
NM_001412075.1	2702	2474.29	0.0100188	0.000182224
NM_001412076.1	5725	5497.29	8.78782	0.0719407
NM_001412077.1	4240	4012.29	51.2436	0.574763
NM_001412172.1	3882	3654.29	21.7741	0.268151
NM_001412179.1	2889	2661.29	0	0
NM_001412180.1	2778	2550.29	16.4437	0.290169
NM_001412181.1	2757	2529.29	45.3011	0.806032
NM_001412182.1	2053	1825.29	0	0
NM_001412202.1	4606	4378.29	159.487	1.63932
NM_001412203.1	4024	3796.29	57.6446	0.683346
NM_001412204.1	4062	3834.29	20.8791	0.245058
NM_001412205.1	3720	3492.29	76.4296	0.984902
NM_001412206.1	3617	3389.29	148.528	1.97215
NM_001412207.1	3962	3734.29	11.7772	0.141931
NM_001412208.1	4093	3865.29	12.3411	0.143685
NM_001412209.1	3380	3152.29	91.491	1.30615
NM_001412210.1	3957	3729.29	25.8075	0.311431
NM_001412269.1	2383	2155.29	0	0
NM_001412597.1	16690	16462.3	40.5051	0.110729
NM_001412734.1	9855	9627.29	0	0
NM_001412735.1	9316	9088.29	0	0
NM_001412736.1	8850	8622.29	0	0
NM_001412737.1	9027	8799.29	0	0
NM_001412738.1	8661	8433.29	14.7868	0.0789078
NM_001412739.1	5932	5704.29	31.8616	0.251367
NM_001412741.1	3883	3655.29	23.5414	0.289835
NM_001412742.1	4033	3805.29	6.0273	0.0712816
NM_001412753.1	3420	3192.29	64.9474	0.915591
NM_001412756.1	3979	3751.29	0	0
NM_001412757.1	3618	3390.29	7.61386e-07	1.01067e-08
NM_001412758.1	1546	1318.29	17.7113	0.604618
NM_001412759.1	3374	3146.29	0	0
NM_001412760.1	3292	3064.29	0	0
NM_001412761.1	3371	3143.29	0	0
NM_001412762.1	3289	3061.29	0	0
NM_001412774.1	4651	4423.29	0	0
NM_001412775.1	4528	4300.29	0	0
NM_001412776.1	4390	4162.29	0	0
NM_001412777.1	4300	4072.29	0	0
NM_001412778.1	4740	4512.29	0	0
NM_001412779.1	4608	4380.29	20.7712	0.213403
NM_001412780.1	4663	4435.29	31.3575	0.318171
NM_001412781.1	4894	4666.29	0	0
NM_001412782.1	4249	4021.29	0	0
NM_001412784.1	4132	3904.29	0	0
NM_001412785.1	4081	3853.29	33.8208	0.394997
NM_001412786.1	3850	3622.29	15.7925	0.196205
NM_001412788.1	5453	5225.29	0	0
NM_001412789.1	6164	5936.29	0	0
NM_001412790.1	5386	5158.29	0	0
NM_001412791.1	5993	5765.29	0	0
NM_001412792.1	2364	2136.29	3.00511	0.0633056
NM_001412793.1	5030	4802.29	1	0.00937117
NM_001412796.1	4499	4271.29	17.5658	0.185076
NM_001412797.1	4568	4340.29	0	0
NM_001412798.1	4601	4373.29	0	0
NM_001412799.1	4645	4417.29	17.8479	0.181833
NM_001412800.1	4537	4309.29	0	0
NM_001412801.1	4425	4197.29	0	0
NM_001412802.1	4498	4270.29	0	0
NM_001412803.1	4329	4101.29	0	0
NM_001412804.1	4150	3922.29	38.1141	0.437308
NM_001412805.1	4176	3948.29	0.00443833	5.05885e-05
NM_001412806.1	4331	4103.29	0	0
NM_001412807.1	4634	4406.29	0	0
NM_001412808.1	5316	5088.29	0	0
NM_001412809.1	4479	4251.29	0	0
NM_001412810.1	4538	4310.29	0	0
NM_001412811.1	4585	4357.29	0	0
NM_001412812.1	4917	4689.29	0	0
NM_001412813.1	4228	4000.29	0	0
NM_001412819.1	6021	5793.29	8.54677e-05	6.63925e-07
NM_001412820.1	5962	5734.29	106.35	0.834643
NM_001412821.1	5970	5742.29	15.7268	0.123253
NM_001412822.1	6001	5773.29	0.00979264	7.63341e-05
NM_001412828.1	5519	5291.29	0.265445	0.00225764
NM_001412829.1	5357	5129.29	0.790297	0.00693386
NM_001412830.1	5628	5400.29	7.36296	0.0613588
NM_001412831.1	5466	5238.29	4.95936	0.0426067
NM_001412832.1	5228	5000.29	0.0486834	0.000438155
NM_001412833.1	5880	5652.29	21.8137	0.173679
NM_001412834.1	5718	5490.29	66.076	0.541615
NM_001412835.1	5616	5388.29	0	0
NM_001412836.1	5496	5268.29	64.8406	0.553885
NM_001412837.1	5334	5106.29	222.021	1.95673
NM_001412838.1	5262	5034.29	108.257	0.967744
NM_001412839.1	5424	5196.29	31.5199	0.272982
NM_001412840.1	5371	5143.29	600.787	5.2568
NM_001412841.1	5414	5186.29	108.037	0.93747
NM_001412842.1	5523	5295.29	132.065	1.12238
NM_001412844.1	5317	5089.29	63.2171	0.55901
NM_001412845.1	5479	5251.29	18.9493	0.162394
NM_001412846.1	5429	5201.29	65.4364	0.566175
NM_001412847.1	2293	2065.29	49.7927	1.08499
NM_001412848.1	2455	2227.29	117.298	2.37005
NM_001412849.1	2184	1956.29	0.257448	0.00592241
NM_001412850.1	5214	4986.29	0.0467825	0.000422229
NM_001412851.1	5376	5148.29	0.0163014	0.000142497
NM_001412852.1	3200	2972.29	33.9579	0.514152
NM_001412865.1	12163	11935.3	759.928	2.86538
NM_001412866.1	12244	12016.3	0	0
NM_001412867.1	3436	3208.29	0.0508715	0.00071358
NM_001412868.1	4980	4752.29	0.834331	0.00790091
NM_001412869.1	2889	2661.29	0.085232	0.00144129
NM_001412870.1	11721	11493.3	49.1963	0.192633
NM_001412871.1	11595	11367.3	0.166735	0.000660103
NM_001412872.1	11505	11277.3	0	0
NM_001412873.1	11614	11386.3	0	0
NM_001412874.1	11745	11517.3	50.8073	0.198526
NM_001412875.1	11885	11657.3	186.477	0.719895
NM_001412876.1	11780	11552.3	0	0
NM_001412877.1	4521	4293.29	34.7981	0.36476
NM_001412879.1	2977	2749.29	10.2071	0.16708
NM_001412880.1	3690	3462.29	31.5582	0.410195
NM_001412881.1	2430	2202.29	54.0479	1.10445
NM_001412882.1	11910	11682.3	0	0
NM_001412883.1	11576	11348.3	1.10906e-08	4.39813e-11
NM_001412884.1	942	714.293	0	0
NM_001412885.1	10216	9988.29	0	0
NM_001412886.1	10282	10054.3	30.5891	0.136917
NM_001412887.1	3033	2805.29	0	0
NM_001412888.1	10065	9837.29	3.95965e-05	1.81144e-07
NM_001412889.1	10065	9837.29	3.95965e-05	1.81144e-07
NM_001412890.1	10361	10133.3	0	0
NM_001412891.1	10040	9812.29	0.00129642	5.94591e-06
NM_001412892.1	685	458.134	0	0
NM_001412893.1	2880	2652.29	0	0
NM_001412894.1	789	561.487	0	0
NM_001412895.1	9705	9477.29	0	0
NM_001412896.1	9661	9433.29	0	0
NM_001412905.1	13839	13611.3	0	0
NM_001412906.1	13191	12963.3	0	0
NM_001412907.1	13575	13347.3	20.574	0.0693693
NM_001412908.1	11976	11748.3	0.210473	0.000806241
NM_001412909.1	13660	13432.3	0	0
NM_001412910.1	13706	13478.3	0	0
NM_001412911.1	13765	13537.3	7.89315e-08	2.62398e-10
NM_001412912.1	13720	13492.3	0	0
NM_001412913.1	13766	13538.3	0	0
NM_001412914.1	4619	4391.29	0	0
NM_001412915.1	4804	4576.29	0	0
NM_001412916.1	4366	4138.29	24.7888	0.269573
NM_001412917.1	13793	13565.3	0	0
NM_001412918.1	4141	3913.29	53.285	0.61278
NM_001412919.1	12994	12766.3	0	0
NM_001412920.1	4479	4251.29	150.538	1.59355
NM_001412921.1	12939	12711.3	0	0
NM_001412922.1	13527	13299.3	0	0
NM_001412924.1	13892	13664.3	0	0
NM_001412925.1	13938	13710.3	0	0
NM_001412926.1	4107	3879.29	18.8042	0.218145
NM_001412927.1	13617	13389.3	0	0
NM_001412928.1	4360	4132.29	0	0
NM_001412930.1	4294	4066.29	80.7223	0.893382
NM_001412931.1	4466	4238.29	0	0
NM_001412932.1	3930	3702.29	9.22876	0.11218
NM_001412960.1	2599	2371.29	5.13778	0.0975063
NM_001412961.1	2619	2391.29	0	0
NM_001412962.1	2290	2062.29	0	0
NM_001412963.1	2488	2260.29	0.00400646	7.97697e-05
NM_001412964.1	2255	2027.29	17.2476	0.382874
NM_001412965.1	2283	2055.29	0	0
NM_001412966.1	2274	2046.29	0	0
NM_001412967.1	2302	2074.29	0	0
NM_001412968.1	2229	2001.29	0	0
NM_001412969.1	2389	2161.29	0	0
NM_001412970.1	2499	2271.29	6.73356	0.133418
NM_001412971.1	2530	2302.29	6.58596	0.128736
NM_001412972.1	2423	2195.29	22.9854	0.471196
NM_001412973.1	2154	1926.29	0	0
NM_001412974.1	2401	2173.29	0	0
NM_001412975.1	2266	2038.29	0	0
NM_001412976.1	2285	2057.29	0	0
NM_001412977.1	2301	2073.29	0	0
NM_001412978.1	2435	2207.29	0	0
NM_001412979.1	2177	1949.29	0	0
NM_001412980.1	2655	2427.29	0	0
NM_001412981.1	2278	2050.29	7.19082	0.157835
NM_001412982.1	2289	2061.29	0	0
NM_001412983.1	2069	1841.29	0	0
NM_001412988.1	3166	2938.29	15.4999	0.237398
NM_001412989.1	2772	2544.29	32.2277	0.57004
NM_001412990.1	3592	3364.29	47.8329	0.639846
NM_001412991.1	3730	3502.29	0	0
NM_001412992.1	3583	3355.29	84.5864	1.13452
NM_001412993.1	3632	3404.29	25.8454	0.341664
NM_001412994.1	3595	3367.29	41.7904	0.558518
NM_001412995.1	3393	3165.29	50.1842	0.713503
NM_001412996.1	3537	3309.29	0	0
NM_001412997.1	4295	4067.29	64.6365	0.715179
NM_001412998.1	3598	3370.29	0	0
NM_001412999.1	3665	3437.29	0	0
NM_001413000.1	3726	3498.29	0	0
NM_001413001.1	3709	3481.29	11.1707	0.144405
NM_001413002.1	3471	3243.29	53.6433	0.74434
NM_001413003.1	3865	3637.29	11.1491	0.137944
NM_001413004.1	3874	3646.29	0	0
NM_001413005.1	3595	3367.29	12.7954	0.171008
NM_001413006.1	3643	3415.29	13.5803	0.178946
NM_001413007.1	1576	1348.29	0	0
NM_001413008.1	1617	1389.29	0	0
NM_001413009.1	1577	1349.29	0	0
NM_001413013.1	8190	7962.29	600.859	3.39607
NM_001413014.1	4386	4158.29	60.9632	0.659773
NM_001413015.1	7983	7755.29	0	0
NM_001413017.1	3525	3297.29	0.977764	0.013345
NM_001413018.1	3621	3393.29	33.2694	0.441231
NM_001413019.1	3894	3666.29	94.2029	1.15632
NM_001413020.1	3723	3495.29	5.29797	0.0682132
NM_001413021.1	3533	3305.29	0.229148	0.00311996
NM_001413022.1	3884	3656.29	245.021	3.01581
NM_001413023.1	3959	3731.29	171.215	2.06502
NM_001413024.1	3781	3553.29	135.93	1.72157
NM_001413025.1	3690	3462.29	19.0816	0.248024
NM_001413027.1	3815	3587.29	64.4631	0.808698
NM_001413028.1	3609	3381.29	0	0
NM_001413029.1	3468	3240.29	192.818	2.67798
NM_001413030.1	3880	3652.29	119.476	1.47217
NM_001413031.1	3748	3520.29	45.9072	0.586873
NM_001413032.1	3712	3484.29	1.44952	0.018722
NM_001413033.1	3687	3459.29	11.2439	0.146276
NM_001413034.1	3788	3560.29	10.6545	0.134676
NM_001413035.1	3716	3488.29	3.12071	0.0402609
NM_001413036.1	3828	3600.29	37.4347	0.467928
NM_001413037.1	3752	3524.29	22.2061	0.283558
NM_001413038.1	3686	3458.29	65.3758	0.850742
NM_001413039.1	3789	3561.29	73.322	0.92655
NM_001413040.1	3789	3561.29	121.967	1.54126
NM_001413041.1	3955	3727.29	84.6212	1.02171
NM_001413042.1	3854	3626.29	135.485	1.6814
NM_001413043.1	3757	3529.29	50.6086	0.645326
NM_001413046.1	7257	7029.29	148.715	0.952105
NM_001413047.1	7070	6842.29	24.0595	0.158244
NM_001413048.1	6928	6700.29	22.3298	0.14998
NM_001413049.1	6954	6726.29	57.2432	0.382993
NM_001413050.1	6859	6631.29	42.3004	0.28707
NM_001413051.1	6826	6598.29	0	0
NM_001413052.1	6921	6693.29	0	0
NM_001413053.1	6769	6541.29	85.8829	0.590861
NM_001413054.1	6724	6496.29	0	0
NM_001413055.1	6813	6585.29	0	0
NM_001413056.1	6712	6484.29	14.4355	0.100187
NM_001413057.1	6609	6381.29	39.5642	0.27902
NM_001413058.1	6501	6273.29	0	0
NM_001413059.1	6696	6468.29	0	0
NM_001413060.1	6406	6178.29	0	0
NM_001413063.1	3850	3622.29	0	0
NM_001413064.1	7721	7493.29	46	0.276266
NM_001413067.1	1456	1228.29	112.536	4.12316
NM_001413068.1	2688	2460.29	0	0
NM_001413069.1	2911	2683.29	9.709	0.162835
NM_001413070.1	2995	2767.29	0	0
NM_001413071.1	2673	2445.29	0	0
NM_001413073.1	3170	2942.29	8.21065	0.125584
NM_001413074.1	2526	2298.29	0	0
NM_001413075.1	3448	3220.29	95.4907	1.33447
NM_001413076.1	5107	4879.29	84.3372	0.777866
NM_001413077.1	2062	1834.29	33.4744	0.82127
NM_001413078.1	2961	2733.29	0	0
NM_001413079.1	2787	2559.29	0	0
NM_001413080.1	2951	2723.29	0	0
NM_001413081.1	2965	2737.29	12.9432	0.212796
NM_001413082.1	2871	2643.29	0	0
NM_001413083.1	1706	1478.29	19.1616	0.583329
NM_001413084.1	2662	2434.29	3.83073	0.0708193
NM_001413086.1	9353	9125.29	0	0
NM_001413087.1	9734	9506.29	0	0
NM_001413088.1	9287	9059.29	338.227	1.68018
NM_001413089.1	9379	9151.29	61.0953	0.300447
NM_001413090.1	9257	9029.29	123.665	0.616362
NM_001413091.1	9426	9198.29	23.0546	0.112796
NM_001413092.1	9396	9168.29	8.38021	0.0411347
NM_001413093.1	9360	9132.29	0	0
NM_001413094.1	9242	9014.29	527.97	2.63584
NM_001413095.1	9149	8921.29	95.7076	0.482793
NM_001413096.1	9119	8891.29	11.5143	0.0582794
NM_001413097.1	9279	9051.29	0	0
NM_001413098.1	9333	9105.29	1.11225e-07	5.49731e-10
NM_001413099.1	9258	9030.29	0.752179	0.00374853
NM_001413100.1	9029	8801.29	0	0
NM_001413101.1	9204	8976.29	1067.38	5.35137
NM_001413102.1	9168	8940.29	0	0
NM_001413103.1	9062	8834.29	16.5437	0.0842758
NM_001413104.1	9306	9078.29	1.74229e-07	8.63693e-10
NM_001413105.1	9319	9091.29	1.11913e-08	5.53984e-11
NM_001413106.1	9315	9087.29	57.2201	0.283372
NM_001413107.1	9228	9000.29	138.521	0.692629
NM_001413113.1	1017	789.293	0	0
NM_001413114.1	1749	1521.29	1.22451	0.0362236
NM_001413115.1	926	698.293	0	0
NM_001413116.1	1875	1647.29	0	0
NM_001413117.1	2905	2677.29	0	0
NM_001413118.1	2213	1985.29	12.6374	0.286467
NM_001413119.1	3071	2843.29	0	0
NM_001413120.1	1618	1390.29	0	0
NM_001413121.1	1323	1095.29	0	0
NM_001413124.1	7355	7127.29	75.0379	0.473803
NM_001413125.1	5891	5663.29	27.0336	0.214821
NM_001413126.1	5826	5598.29	24.9709	0.200734
NM_001413127.1	5904	5676.29	1.44161e-07	1.14294e-09
NM_001413128.1	5867	5639.29	109.604	0.874669
NM_001413129.1	5730	5502.29	0	0
NM_001413130.1	6040	5812.29	0	0
NM_001413131.1	5885	5657.29	26.7654	0.212915
NM_001413132.1	6084	5856.29	0	0
NM_001413133.1	6186	5958.29	12.5679	0.0949255
NM_001413134.1	4482	4254.29	61.0673	0.645987
NM_001413135.1	4083	3855.29	40.3764	0.471316
NM_001413136.1	5816	5588.29	0	0
NM_001413137.1	5971	5743.29	0.753769	0.00590636
NM_001413138.1	6272	6044.29	1.51039	0.0112457
NM_001413139.1	3574	3346.29	0	0
NM_001413140.1	6170	5942.29	32.0705	0.242881
NM_001413155.1	3218	2990.29	0.00321111	4.83263e-05
NM_001413156.1	3669	3441.29	204.129	2.66947
NM_001413157.1	3522	3294.29	2.86423	0.039128
NM_001413158.1	9343	9115.29	63.6715	0.314352
NM_001413159.1	3532	3304.29	0.0449079	0.000611627
NM_001413160.1	3384	3156.29	0	0
NM_001413161.1	3603	3375.29	110.779	1.47703
NM_001413163.1	9281	9053.29	27.3319	0.135865
NM_001413164.1	3228	3000.29	0	0
NM_001413165.1	3465	3237.29	0	0
NM_001413166.1	9149	8921.29	0	0
NM_001413167.1	9225	8997.29	1.09092e-06	5.45661e-09
NM_001413168.1	9148	8920.29	71.31	0.359761
NM_001413169.1	4006	3778.29	15.6843	0.186815
NM_001413170.1	3230	3002.29	7.76957	0.116462
NM_001413171.1	8689	8461.29	0	0
NM_001413172.1	8020	7792.29	30.3531	0.175299
NM_001413173.1	3080	2852.29	0	0
NM_001413174.1	1078	850.293	0	0
NM_001413176.1	6139	5911.29	13.4551	0.102435
NM_001413177.1	2653	2425.29	1.37356	0.0254875
NM_001413178.1	1803	1575.29	31.2117	0.891659
NM_001413179.1	6307	6079.29	0	0
NM_001413180.1	862	634.427	0	0
NM_001413181.1	2249	2021.29	5.11635	0.113913
NM_001413182.1	1845	1617.29	78.1284	2.17401
NM_001413183.1	1616	1388.29	21.0403	0.682046
NM_001413184.1	7147	6919.29	1002.29	6.5189
NM_001413185.1	7129	6901.29	101.262	0.660327
NM_001413186.1	7923	7695.29	17.8362	0.104309
NM_001413187.1	7941	7713.29	147.807	0.862375
NM_001413188.1	7310	7082.29	0	0
NM_001413189.1	7302	7074.29	179.785	1.1437
NM_001413190.1	7314	7086.29	0	0
NM_001413191.1	7224	6996.29	106.419	0.684531
NM_001413192.1	7206	6978.29	0	0
NM_001413193.1	6403	6175.29	0.0631425	0.000460157
NM_001413194.1	6385	6157.29	45.6368	0.333555
NM_001413195.1	4857	4629.29	0	0
NM_001413196.1	7010	6782.29	51.6395	0.342648
NM_001413197.1	7289	7061.29	31.8044	0.202696
NM_001413198.1	7018	6790.29	43.5835	0.288853
NM_001413199.1	6578	6350.29	0	0
NM_001413200.1	6290	6062.29	0	0
NM_001413201.1	3842	3614.29	14	0.17432
NM_001413202.1	2001	1773.29	0	0
NM_001413203.1	3524	3296.29	0	0
NM_001413217.1	3951	3723.29	0	0
NM_001413218.1	3894	3666.29	90.9686	1.11662
NM_001413219.1	3855	3627.29	12.817	0.159017
NM_001413221.1	3958	3730.29	0	0
NM_001413222.1	3804	3576.29	0	0
NM_001413223.1	3942	3714.29	18.3606	0.222461
NM_001413224.1	3621	3393.29	24.3133	0.322452
NM_001413225.1	3669	3441.29	0	0
NM_001413226.1	3831	3603.29	0	0
NM_001413241.1	1306	1078.29	4.17653	0.174309
NM_001413242.1	1294	1066.29	0	0
NM_001413243.1	1330	1102.29	21.0898	0.861028
NM_001413244.1	1222	994.293	5.61392	0.254094
NM_001413245.1	1219	991.293	3.97534	0.180474
NM_001413246.1	1216	988.293	0	0
NM_001413247.1	1207	979.293	15.3506	0.705433
NM_001413248.1	1171	943.293	0	0
NM_001413249.1	1331	1103.29	0	0
NM_001413250.1	1116	888.293	4.80328	0.243346
NM_001413251.1	1191	963.293	0	0
NM_001413252.1	1172	944.293	6.59306	0.314212
NM_001413263.1	1338	1110.29	0	0
NM_001413264.1	1218	990.293	0	0
NM_001413265.1	1065	837.293	0	0
NM_001413266.1	1196	968.293	0	0
NM_001413267.1	1284	1056.29	0	0
NM_001413268.1	1321	1093.29	2.17113	0.0893701
NM_001413281.1	1029	801.293	0	0
NM_001413282.1	1115	887.293	29.2832	1.48523
NM_001413283.1	1122	894.293	0	0
NM_001413284.1	2314	2086.29	43.801	0.944825
NM_001413285.1	2329	2101.29	190.909	4.08867
NM_001413286.1	799	571.487	4580.83	360.729
NM_001413287.1	866	638.427	219.157	15.4485
NM_001413288.1	780	552.487	82.3571	6.70844
NM_001413300.1	2020	1792.29	0	0
NM_001413301.1	2085	1857.29	0	0
NM_001413302.1	2231	2003.29	0	0
NM_001413303.1	1931	1703.29	0	0
NM_001413304.1	2232	2004.29	0	0
NM_001413305.1	2370	2142.29	0	0
NM_001413306.1	1850	1622.29	0	0
NM_001413307.1	3088	2860.29	0	0
NM_001413308.1	2275	2047.29	0	0
NM_001413309.1	2229	2001.29	0	0
NM_001413310.1	2089	1861.29	0	0
NM_001413311.1	3121	2893.29	0	0
NM_001413312.1	2777	2549.29	0	0
NM_001413313.1	2935	2707.29	0	0
NM_001413314.1	2243	2015.29	0	0
NM_001413315.1	1887	1659.29	0	0
NM_001413316.1	1920	1692.29	0	0
NM_001413318.1	2208	1980.29	0	0
NM_001413319.1	2173	1945.29	0	0
NM_001413320.1	1889	1661.29	0	0
NM_001413321.1	2125	1897.29	0	0
NM_001413322.1	2092	1864.29	0	0
NM_001413323.1	2157	1929.29	0	0
NM_001413324.1	1514	1286.29	0	0
NM_001413329.1	1654	1426.29	0	0
NM_001413361.1	6050	5822.29	0	0
NM_001413362.1	4327	4099.29	0	0
NM_001413363.1	4315	4087.29	84.1548	0.926586
NM_001413364.1	3419	3191.29	8.44563	0.119099
NM_001413365.1	3495	3267.29	0	0
NM_001413366.1	3435	3207.29	0	0
NM_001413367.1	3405	3177.29	0	0
NM_001413368.1	3345	3117.29	0	0
NM_001413369.1	2960	2732.29	0	0
NM_001413370.1	3233	3005.29	0	0
NM_001413371.1	3404	3176.29	6.33921	0.0898166
NM_001413372.1	3173	2945.29	0	0
NM_001413373.1	3344	3116.29	7.06739e-05	1.02062e-06
NM_001413374.1	3262	3034.29	7.40827	0.109876
NM_001413375.1	4406	4178.29	13.4979	0.145382
NM_001413376.1	5948	5720.29	49.5979	0.3902
NM_001413377.1	4304	4076.29	224.32	2.47654
NM_001413378.1	4262	4034.29	2.13628	0.0238305
NM_001413379.1	4160	3932.29	41.7696	0.478031
NM_001413380.1	4028	3800.29	39.0916	0.462923
NM_001413381.1	3838	3610.29	8.50935	0.106071
NM_001413382.1	3683	3455.29	3.35563	0.043705
NM_001413383.1	3436	3208.29	0	0
NM_001413384.1	3292	3064.29	0	0
NM_001413385.1	3245	3017.29	6.64776	0.0991517
NM_001413386.1	3152	2924.29	0	0
NM_001413387.1	6663	6435.29	0	0
NM_001413388.1	7027	6799.29	0	0
NM_001413389.1	6627	6399.29	67.9017	0.477519
NM_001413390.1	6654	6426.29	0	0
NM_001413391.1	6639	6411.29	0	0
NM_001413392.1	6701	6473.29	0	0
NM_001413393.1	6745	6517.29	0	0
NM_001413394.1	6474	6246.29	0	0
NM_001413395.1	6623	6395.29	44.3552	0.312124
NM_001413396.1	6623	6395.29	18.3335	0.129011
NM_001413397.1	6929	6701.29	0	0
NM_001413398.1	6800	6572.29	0	0
NM_001413399.1	6529	6301.29	5.89085e-06	4.20717e-08
NM_001413400.1	6539	6311.29	6.69905e-07	4.7768e-09
NM_001413401.1	6529	6301.29	0.143947	0.00102806
NM_001413402.1	1030	802.293	23.4836	1.31727
NM_001413403.1	6344	6116.29	73.012	0.537215
NM_001413404.1	6442	6214.29	0.0861333	0.000623766
NM_001413407.1	1486	1258.29	49.1447	1.75767
NM_001413408.1	1390	1162.29	0	0
NM_001413409.1	1565	1337.29	22.0914	0.743429
NM_001413410.1	1337	1109.29	60.8959	2.47049
NM_001413411.1	1255	1027.29	23.7515	1.04049
NM_001413412.1	1341	1113.29	10.8683	0.439332
NM_001413413.1	1397	1169.29	0	0
NM_001413414.1	3364	3136.29	0	0
NM_001413415.1	3407	3179.29	0	0
NM_001413416.1	4463	4235.29	8.19104	0.0870358
NM_001413417.1	3253	3025.29	3.6186	0.0538288
NM_001413418.1	3829	3601.29	0	0
NM_001413458.1	2983	2755.29	0	0
NM_001413459.1	2980	2752.29	13.0213	0.212912
NM_001413460.1	2959	2731.29	12.7301	0.209751
NM_001413461.1	3772	3544.29	137.779	1.74943
NM_001413462.1	3012	2784.29	0	0
NM_001413463.1	2981	2753.29	0	0
NM_001413464.1	3107	2879.29	0	0
NM_001413465.1	3892	3664.29	0	0
NM_001413466.1	2844	2616.29	0	0
NM_001413467.1	2952	2724.29	0	0
NM_001413468.1	2967	2739.29	0	0
NM_001413469.1	3249	3021.29	0	0
NM_001413470.1	3737	3509.29	0	0
NM_001413490.1	7806	7578.29	0	0
NM_001413491.1	5966	5738.29	79.7605	0.625529
NM_001413492.1	5768	5540.29	292.147	2.37307
NM_001413493.1	8137	7909.29	0	0
NM_001413494.1	6297	6069.29	0	0
NM_001413495.1	6082	5854.29	2.132e-08	1.63891e-10
NM_001413496.1	3937	3709.29	11.7259	0.142265
NM_001413497.1	3850	3622.29	0	0
NM_001413498.1	7922	7694.29	0	0
NM_001413499.1	5546	5318.29	0	0
NM_001413500.1	3706	3478.29	0	0
NM_001413535.1	864	636.427	0	0
NM_001413537.1	1023	795.293	0	0
NM_001413538.1	1061	833.293	0	0
NM_001413539.1	1058	830.293	4.91745	0.266533
NM_001413540.1	890	662.427	8.12901	0.552258
NM_001413541.1	990	762.293	0	0
NM_001413542.1	795	567.487	6.00914	0.47654
NM_001413552.1	1378	1150.29	0	0
NM_001413553.1	1387	1159.29	6.55389	0.254418
NM_001413554.1	1422	1194.29	44.0296	1.65911
NM_001413555.1	1422	1194.29	7.72099	0.29094
NM_001413556.1	1415	1187.29	0	0
NM_001413557.1	1360	1132.29	24.4791	0.972924
NM_001413558.1	1412	1184.29	9.74853	0.370443
NM_001413559.1	1307	1079.29	12.1949	0.50849
NM_001413560.1	1400	1172.29	11.9819	0.459973
NM_001413561.1	1368	1140.29	15.4481	0.609679
NM_001413564.1	2591	2363.29	9.37931	0.178606
NM_001413565.1	2660	2432.29	0	0
NM_001413566.1	2729	2501.29	0	0
NM_001413567.1	2620	2392.29	11.8526	0.222967
NM_001413583.1	5592	5364.29	77.2811	0.648341
NM_001413596.1	2631	2403.29	0	0
NM_001413597.1	2848	2620.29	44.787	0.769209
NM_001413598.1	2808	2580.29	8.29586	0.144689
NM_001413599.1	2703	2475.29	0	0
NM_001413600.1	2713	2485.29	0	0
NM_001413601.1	2581	2353.29	0	0
NM_001413602.1	2530	2302.29	19.4878	0.38093
NM_001413603.1	2652	2424.29	1.81168	0.0336309
NM_001413604.1	2422	2194.29	8.64545	0.177311
NM_001413634.1	1776	1548.29	0	0
NM_001413635.1	1576	1348.29	0	0
NM_001413641.1	924	696.293	0	0
NM_001413642.1	876	648.427	0	0
NM_001413669.1	4358	4130.29	5.23788	0.0570711
NM_001413670.1	4451	4223.29	0	0
NM_001413671.1	4423	4195.29	6.03349e-07	6.47215e-09
NM_001413672.1	4456	4228.29	4.82561	0.0513605
NM_001413673.1	1444	1216.29	1872.28	69.2748
NM_001413674.1	4455	4227.29	0	0
NM_001413675.1	2917	2689.29	1.59376	0.0266702
NM_001413676.1	4316	4088.29	5.23318	0.0576058
NM_001413677.1	4428	4200.29	28.1933	0.302071
NM_001413678.1	4376	4148.29	33.7647	0.366299
NM_001413679.1	4414	4186.29	14.2923	0.153644
NM_001413680.1	3232	3004.29	59.5159	0.891524
NM_001413681.1	1395	1167.29	9.73032	0.375136
NM_001413682.1	1985	1757.29	54.0956	1.38535
NM_001413683.1	2848	2620.29	42.6924	0.733234
NM_001413684.1	4505	4277.29	70.7543	0.744434
NM_001413685.1	1673	1445.29	42.84	1.33394
NM_001413686.1	2851	2623.29	0	0
NM_001413687.1	1494	1266.29	15.0168	0.533686
NM_001413688.1	1399	1171.29	28.4449	1.0929
NM_001413689.1	4615	4387.29	7.81639	0.0801774
NM_001413690.1	4540	4312.29	10.4345	0.108894
NM_001413691.1	1284	1056.29	19.4198	0.827375
NM_001413692.1	3798	3570.29	145.445	1.83332
NM_001413693.1	4031	3803.29	0	0
NM_001413694.1	3751	3523.29	98.8616	1.26276
NM_001413695.1	4003	3775.29	0	0
NM_001413696.1	3746	3518.29	1.0692	0.0136763
NM_001413697.1	3847	3619.29	0	0
NM_001413698.1	3678	3450.29	0	0
NM_001413699.1	3842	3614.29	0	0
NM_001413700.1	3833	3605.29	58.8781	0.734947
NM_001413702.1	3766	3538.29	0	0
NM_001413703.1	3603	3375.29	0	0
NM_001413704.1	4114	3886.29	1.31649	0.0152449
NM_001413705.1	4119	3891.29	78.6569	0.909673
NM_001413706.1	3832	3604.29	245.78	3.0688
NM_001413738.1	5179	4951.29	49.9248	0.453775
NM_001413739.1	5384	5156.29	0	0
NM_001413740.1	5366	5138.29	119.195	1.04396
NM_001413741.1	5279	5051.29	0	0
NM_001413742.1	5023	4795.29	38.3581	0.359985
NM_001413743.1	5234	5006.29	0	0
NM_001413744.1	5015	4787.29	0	0
NM_001413745.1	4967	4739.29	0	0
NM_001413746.1	4949	4721.29	0	0
NM_001413747.1	4871	4643.29	0.0408463	0.000395885
NM_001413748.1	4642	4414.29	0.237504	0.00242132
NM_001413749.1	4853	4625.29	1.65255	0.016079
NM_001413750.1	4847	4619.29	0.0193575	0.000188589
NM_001413751.1	4618	4390.29	47.8013	0.489991
NM_001413752.1	4829	4601.29	0.797702	0.00780195
NM_001413753.1	4721	4493.29	0.0542364	0.000543211
NM_001413754.1	4703	4475.29	2.48471	0.024986
NM_001413755.1	1917	1689.29	0	0
NM_001413760.1	4315	4087.29	11.6185	0.127926
NM_001413761.1	4318	4090.29	729.306	8.02413
NM_001413762.1	4078	3850.29	136.632	1.59699
NM_001413763.1	3982	3754.29	99.3742	1.19121
NM_001413764.1	3836	3608.29	0	0
NM_001413765.1	3745	3517.29	30.9695	0.396249
NM_001413773.1	3310	3082.29	58.6553	0.856398
NM_001413774.1	821	593.487	0	0
NM_001413775.1	3380	3152.29	83.6691	1.19449
NM_001413826.1	2176	1948.29	0	0
NM_001413831.1	3937	3709.29	32.6141	0.395691
NM_001413832.1	3961	3733.29	480.831	5.79619
NM_001413833.1	3721	3493.29	0	0
NM_001413834.1	3725	3497.29	0	0
NM_001413835.1	3824	3596.29	17.5826	0.220025
NM_001413836.1	3744	3516.29	109.283	1.39865
NM_001413837.1	3905	3677.29	13.6966	0.16762
NM_001413838.1	3387	3159.29	160.034	2.27963
NM_001413839.1	2856	2628.29	2.57971	0.0441713
NM_001413840.1	1298	1070.29	33.8506	1.42333
NM_001413844.1	5382	5154.29	213.245	1.86188
NM_001413845.1	5346	5118.29	583.915	5.13413
NM_001413846.1	5343	5115.29	25.5408	0.224701
NM_001413847.1	5325	5097.29	70.0669	0.618608
NM_001413848.1	5304	5076.29	387.379	3.43424
NM_001413849.1	5301	5073.29	101.961	0.904452
NM_001413850.1	5298	5070.29	1560.39	13.8498
NM_001413851.1	5298	5070.29	118.272	1.04977
NM_001413852.1	5289	5061.29	215.959	1.92022
NM_001413853.1	5286	5058.29	51.4866	0.458071
NM_001413854.1	5259	5031.29	32.6496	0.292039
NM_001413855.1	5259	5031.29	95.3927	0.853253
NM_001413856.1	5161	4933.29	0	0
NM_001413857.1	5256	5028.29	890.953	7.97401
NM_001413858.1	5253	5025.29	159.734	1.43047
NM_001413859.1	5253	5025.29	30.8674	0.276427
NM_001413860.1	5244	5016.29	2441.5	21.9036
NM_001413861.1	5241	5013.29	846.448	7.59835
NM_001413862.1	5226	4998.29	231.86	2.08759
NM_001413863.1	5217	4989.29	392.781	3.54286
NM_001413864.1	5214	4986.29	100.811	0.909859
NM_001413865.1	5214	4986.29	43.8137	0.395435
NM_001413866.1	5214	4986.29	57.0166	0.514596
NM_001413867.1	5202	4974.29	185.447	1.67776
NM_001413868.1	5202	4974.29	110.683	1.00137
NM_001413869.1	5199	4971.29	280.189	2.53644
NM_001413870.1	5196	4968.29	12.4365	0.112651
NM_001413871.1	5172	4944.29	1135.87	10.3388
NM_001413872.1	5172	4944.29	186.88	1.70099
NM_001413873.1	5169	4941.29	680.357	6.19639
NM_001413874.1	5160	4932.29	145.492	1.32749
NM_001413875.1	5157	4929.29	9.85163	0.0899427
NM_001413876.1	5130	4902.29	0.0360763	0.00033118
NM_001413877.1	5130	4902.29	0	0
NM_001413878.1	5127	4899.29	389.872	3.58122
NM_001413879.1	5124	4896.29	0.754669	0.00693636
NM_001413880.1	5115	4887.29	772.747	7.11559
NM_001413881.1	5115	4887.29	33.1602	0.305345
NM_001413882.1	5112	4884.29	318.751	2.93692
NM_001413883.1	5097	4869.29	103.993	0.961122
NM_001413884.1	5094	4866.29	4.79461e-06	4.43401e-08
NM_001413885.1	5085	4857.29	0.125093	0.00115899
NM_001413886.1	5073	4845.29	33.4865	0.311023
NM_001413887.1	5073	4845.29	0.00184538	1.71399e-05
NM_001413888.1	5070	4842.29	8.61109e-05	8.00294e-07
NM_001413889.1	5058	4830.29	0	0
NM_001413890.1	5052	4824.29	0.0612113	0.000571006
NM_001413891.1	5167	4939.29	317.95	2.89692
NM_001413893.1	5164	4936.29	65.7038	0.599007
NM_001413894.1	5040	4812.29	40.1899	0.375843
NM_001413895.1	4995	4767.29	0	0
NM_001413896.1	5110	4882.29	101.262	0.933391
NM_001413897.1	5038	4810.29	43.509	0.407052
NM_001413898.1	4902	4674.29	50.9002	0.490056
NM_001413899.1	4824	4596.29	13.2217	0.129456
NM_001413900.1	4815	4587.29	35.939	0.352575
NM_001413901.1	4647	4419.29	47.6716	0.485456
NM_001413902.1	2759	2531.29	629.06	11.1839
NM_001413903.1	2714	2486.29	9916.64	179.496
NM_001413904.1	2711	2483.29	2434.24	44.1142
NM_001413905.1	2657	2429.29	1784.21	33.0528
NM_001413906.1	2585	2357.29	1246.4	23.795
NM_001413907.1	2582	2354.29	154.955	2.96201
NM_001413908.1	2528	2300.29	354.717	6.9397
NM_001413909.1	4689	4461.29	37.2881	0.376142
NM_001413913.1	6141	5913.29	25.7783	0.196186
NM_001413914.1	6269	6041.29	0	0
NM_001413915.1	6014	5786.29	0	0
NM_001413916.1	3127	2899.29	9.72097	0.15089
NM_001413917.1	5900	5672.29	0	0
NM_001413918.1	1515	1287.29	12.5782	0.439727
NM_001413923.1	1730	1502.29	0	0
NM_001413925.1	3669	3441.29	3.46184	0.0452718
NM_001413926.1	3663	3435.29	352.16	4.61337
NM_001413927.1	3621	3393.29	0.407081	0.00539886
NM_001413928.1	3618	3390.29	0.04133	0.000548618
NM_001413929.1	3555	3327.29	1616.47	21.8635
NM_001413930.1	3552	3324.29	575.644	7.79286
NM_001413931.1	3549	3321.29	2293.23	31.0729
NM_001413932.1	3510	3282.29	24.2142	0.331997
NM_001413933.1	3378	3150.29	30.6037	0.437185
NM_001413934.1	3375	3147.29	9.04702	0.129363
NM_001413935.1	3400	3172.29	8.3858	0.118963
NM_001413936.1	3355	3127.29	142.907	2.05649
NM_001413937.1	3586	3358.29	222.099	2.97626
NM_001413938.1	3583	3355.29	156.744	2.10234
NM_001413939.1	3613	3385.29	307.572	4.08877
NM_001413940.1	3610	3382.29	72.2091	0.960778
NM_001413941.1	3541	3313.29	5.68142e-08	7.71683e-10
NM_001413942.1	3538	3310.29	0	0
NM_001413943.1	1494	1266.29	17.5966	0.625368
NM_001413951.1	3727	3499.29	0	0
NM_001413952.1	3976	3748.29	0	0
NM_001413953.1	3772	3544.29	4.59963	0.0584031
NM_001413954.1	3599	3371.29	0	0
NM_001413955.1	3556	3328.29	0	0
NM_001413956.1	3538	3310.29	0	0
NM_001413957.1	3511	3283.29	0	0
NM_001413958.1	3439	3211.29	0	0
NM_001413959.1	3430	3202.29	0	0
NM_001413960.1	3470	3242.29	0	0
NM_001413961.1	3311	3083.29	0	0
NM_001413967.1	5536	5308.29	0	0
NM_001413968.1	5503	5275.29	0	0
NM_001413969.1	5212	4984.29	0	0
NM_001413970.1	5401	5173.29	0	0
NM_001413971.1	5442	5214.29	0	0
NM_001413972.1	5110	4882.29	0	0
NM_001413973.1	5409	5181.29	0	0
NM_001413974.1	5077	4849.29	0	0
NM_001413975.1	3581	3353.29	7.82097	0.104962
NM_001413976.1	3333	3105.29	0	0
NM_001413977.1	5269	5041.29	0	0
NM_001413978.1	5203	4975.29	27.1638	0.245705
NM_001413979.1	1735	1507.29	0	0
NM_001413980.1	1403	1175.29	0	0
NM_001413981.1	5419	5191.29	0	0
NM_001413982.1	5317	5089.29	0	0
NM_001413983.1	5325	5097.29	0	0
NM_001413984.1	5284	5056.29	0	0
NM_001413992.1	30802	30574.3	0.000948088	1.39552e-06
NM_001413993.1	2342	2114.29	0	0
NM_001413994.1	2578	2350.29	0	0
NM_001413995.1	2806	2578.29	0	0
NM_001413998.1	1101	873.293	0	0
NM_001413999.1	1066	838.293	0	0
NM_001414.4	2397	2169.29	2893.54	60.028
NM_001414000.1	1075	847.293	0	0
NM_001414001.1	1102	874.293	0	0
NM_001414002.2	1071	843.293	0	0
NM_001414004.1	1348	1120.29	0	0
NM_001414005.1	979	751.293	0	0
NM_001414006.1	916	688.293	0	0
NM_001414007.1	7159	6931.29	3.08346e-05	2.00201e-07
NM_001414016.1	2686	2458.29	4.16064	0.0761673
NM_001414017.1	2439	2211.29	0	0
NM_001414018.1	2330	2102.29	2.61067	0.0558858
NM_001414019.1	2035	1807.29	13.3415	0.332215
NM_001414020.1	2008	1780.29	4.75163	0.120114
NM_001414021.1	1934	1706.29	0	0
NM_001414022.1	917	689.293	0	0
NM_001414023.1	2179	1951.29	2.68995	0.0620389
NM_001414029.1	4120	3892.29	30.1836	0.348986
NM_001414030.1	4051	3823.29	0	0
NM_001414031.1	4039	3811.29	0	0
NM_001414032.1	4006	3778.29	0	0
NM_001414033.1	3943	3715.29	0	0
NM_001414034.1	3901	3673.29	0	0
NM_001414035.1	3878	3650.29	0	0
NM_001414156.1	2683	2455.29	0	0
NM_001414157.1	2731	2503.29	0	0
NM_001414158.1	2760	2532.29	0	0
NM_001414159.1	2937	2709.29	0	0
NM_001414160.1	2814	2586.29	9.386	0.163322
NM_001414161.1	2640	2412.29	0	0
NM_001414162.1	2901	2673.29	0	0
NM_001414163.1	2778	2550.29	0	0
NM_001414164.1	2855	2627.29	0	0
NM_001414165.1	2710	2482.29	0	0
NM_001414166.1	2587	2359.29	7.27961	0.138857
NM_001414167.1	2544	2316.29	0	0
NM_001414169.1	2362	2134.29	0	0
NM_001414170.1	2287	2059.29	0	0
NM_001414171.1	2239	2011.29	0	0
NM_001414172.1	2196	1968.29	0	0
NM_001414173.1	2602	2374.29	0	0
NM_001414174.1	12561	12333.3	6.9499e-07	2.53596e-09
NM_001414175.1	12345	12117.3	0	0
NM_001414176.1	2062	1834.29	6.84174	0.167857
NM_001414177.1	1733	1505.29	13.9007	0.415584
NM_001414192.1	4965	4737.29	0	0
NM_001414193.1	5557	5329.29	0	0
NM_001414194.1	5545	5317.29	0	0
NM_001414195.1	3267	3039.29	0	0
NM_001414196.1	3025	2797.29	0	0
NM_001414197.1	6150	5922.29	0	0
NM_001414198.1	6117	5889.29	0	0
NM_001414199.1	3638	3410.29	0	0
NM_001414202.1	5700	5472.29	0	0
NM_001414206.1	6272	6044.29	0	0
NM_001414213.1	5641	5413.29	0	0
NM_001414224.1	10776	10548.3	10.0581	0.0429116
NM_001414225.1	15379	15151.3	0	0
NM_001414233.1	1129	901.293	9.2895	0.46384
NM_001414234.1	1168	940.293	12.4859	0.597582
NM_001414235.1	1179	951.293	20.7555	0.981887
NM_001414244.1	5592	5364.29	34.018	0.28539
NM_001414245.1	5487	5259.29	0	0
NM_001414246.1	5364	5136.29	0	0
NM_001414247.1	5301	5073.29	22.3866	0.198583
NM_001414248.1	5613	5385.29	99.5103	0.831574
NM_001414249.1	4990	4762.29	38.0893	0.359939
NM_001414250.1	5003	4775.29	69.1921	0.652076
NM_001414251.1	5136	4908.29	0	0
NM_001414252.1	5105	4877.29	171.816	1.58535
NM_001414253.1	5416	5188.29	7.46372e-07	6.47401e-09
NM_001414254.1	5495	5267.29	34.685	0.296344
NM_001414255.1	4992	4764.29	0	0
NM_001414263.1	2044	1816.29	0	0
NM_001414264.1	2035	1807.29	0	0
NM_001414265.1	2057	1829.29	86.8547	2.13674
NM_001414266.1	2209	1981.29	0	0
NM_001414303.1	2290	2062.29	136.199	2.97211
NM_001414304.1	2215	1987.29	50.716	1.14848
NM_001414305.1	2194	1966.29	191.575	4.38464
NM_001414306.1	2176	1948.29	145.646	3.36425
NM_001414307.1	2128	1900.29	8.37095	0.198242
NM_001414308.1	2119	1891.29	146.355	3.48249
NM_001414309.1	2270	2042.29	12.6653	0.279088
NM_001414310.1	2026	1798.29	328.814	8.22873
NM_001414311.1	1879	1651.29	7.76936	0.21174
NM_001414312.1	1905	1677.29	95.9441	2.57425
NM_001414320.1	2559	2331.29	48.5124	0.936479
NM_001414322.1	2432	2204.29	35.5625	0.726049
NM_001414323.1	2541	2313.29	0	0
NM_001414324.1	2283	2055.29	6.50226	0.142375
NM_001414325.1	2378	2150.29	0	0
NM_001414327.1	2499	2271.29	8.68813	0.172145
NM_001414328.1	2481	2253.29	0.230933	0.00461223
NM_001414329.1	2340	2112.29	45.7476	0.974666
NM_001414330.1	2322	2094.29	0	0
NM_001414331.1	2568	2340.29	0	0
NM_001414332.1	2396	2168.29	73.717	1.53
NM_001414333.1	2398	2170.29	0	0
NM_001414355.1	940	712.293	13.658	0.862922
NM_001414356.1	931	703.293	0	0
NM_001414357.1	1022	794.293	23.9539	1.35718
NM_001414358.1	922	694.293	0	0
NM_001414359.1	929	701.293	0	0
NM_001414360.1	4047	3819.29	5.99325	0.0706191
NM_001414361.1	885	657.427	0	0
NM_001414362.1	1521	1293.29	11.0915	0.385953
NM_001414363.1	832	604.427	0	0
NM_001414364.1	1744	1516.29	39.4348	1.17041
NM_001414365.1	817	589.487	48.0988	3.672
NM_001414366.1	3939	3711.29	16.3668	0.198463
NM_001414367.1	579	354.315	0	0
NM_001414368.1	941	713.293	8.9342	0.563677
NM_001414369.1	933	705.293	5.41869	0.345753
NM_001414370.1	917	689.293	5.40742	0.353044
NM_001414371.1	933	705.293	0	0
NM_001414372.1	915	687.293	2.70446	0.177085
NM_001414373.1	834	606.427	22.3286	1.65701
NM_001414374.1	823	595.427	0	0
NM_001414375.1	2990	2762.29	0	0
NM_001414398.1	5646	5418.29	3.46361	0.0287679
NM_001414411.1	153	34.6374	0	0
NM_001414413.1	1695	1467.29	22.9511	0.703928
NM_001414414.1	2327	2099.29	0	0
NM_001414415.1	2139	1911.29	66.7445	1.57156
NM_001414416.1	2079	1851.29	0	0
NM_001414417.1	2032	1804.29	0	0
NM_001414418.1	2245	2017.29	18.152	0.404947
NM_001414419.1	2337	2109.29	20.7476	0.442663
NM_001414420.1	1977	1749.29	2.90157e-05	7.46471e-07
NM_001414421.1	2123	1895.29	107.317	2.54821
NM_001414422.1	2216	1988.29	38.8926	0.880296
NM_001414423.1	1621	1393.29	31.3359	1.01214
NM_001414424.1	1549	1321.29	10.5459	0.359192
NM_001414425.1	1549	1321.29	0	0
NM_001414426.1	1347	1119.29	0	0
NM_001414457.1	5376	5148.29	111.246	0.972445
NM_001414458.1	5576	5348.29	100.77	0.847924
NM_001414459.1	8401	8173.29	37.3397	0.205597
NM_001414460.1	8263	8035.29	0	0
NM_001414461.1	8350	8122.29	0	0
NM_001414462.1	2996	2768.29	319.646	5.19636
NM_001414463.1	3166	2938.29	48.2032	0.738283
NM_001414464.1	2994	2766.29	105.643	1.71864
NM_001414472.1	5825	5597.29	28.7138	0.230863
NM_001414473.1	6023	5795.29	0	0
NM_001414474.1	5913	5685.29	0	0
NM_001414475.1	5935	5707.29	0	0
NM_001414476.1	5769	5541.29	12.8267	0.104171
NM_001414477.1	5844	5616.29	0	0
NM_001414478.1	5954	5726.29	29.9527	0.235399
NM_001414479.1	5866	5638.29	0	0
NM_001414480.1	5918	5690.29	0	0
NM_001414484.1	1987	1759.29	11.2373	0.287452
NM_001414485.1	2956	2728.29	0	0
NM_001414486.1	2926	2698.29	0	0
NM_001414487.1	2902	2674.29	0	0
NM_001414488.1	2869	2641.29	0	0
NM_001414489.1	2790	2562.29	0	0
NM_001414490.1	2721	2493.29	0	0
NM_001414491.1	2688	2460.29	0	0
NM_001414492.1	2664	2436.29	0	0
NM_001414493.1	2705	2477.29	0	0
NM_001414494.1	3092	2864.29	0	0
NM_001414495.1	2792	2564.29	0	0
NM_001414496.1	2759	2531.29	0	0
NM_001414497.1	2735	2507.29	9.04519e-08	1.62351e-09
NM_001414498.1	3035	2807.29	0	0
NM_001414499.1	5295	5067.29	100.361	0.891313
NM_001414503.1	2759	2531.29	927.458	16.489
NM_001414505.1	2818	2590.29	173.876	3.02088
NM_001414511.1	2989	2761.29	0	0
NM_001414512.1	2908	2680.29	12.1536	0.204063
NM_001414513.1	2844	2616.29	10.2238	0.17586
NM_001414514.1	2688	2460.29	0.0671975	0.00122916
NM_001414515.1	2741	2513.29	0	0
NM_001414518.1	3509	3281.29	24.5161	0.336239
NM_001414519.1	4171	3943.29	0	0
NM_001414520.1	4117	3889.29	166.392	1.92533
NM_001414521.1	4086	3858.29	197.015	2.29798
NM_001414522.1	3416	3188.29	0	0
NM_001414523.1	3588	3360.29	10.939	0.146502
NM_001414524.1	3428	3200.29	0	0
NM_001414525.1	3339	3111.29	7.36776	0.106571
NM_001414526.1	3503	3275.29	0	0
NM_001414527.1	3344	3116.29	0	0
NM_001414528.1	3411	3183.29	0	0
NM_001414529.1	3330	3102.29	0	0
NM_001414530.1	3226	2998.29	0	0
NM_001414531.1	3293	3065.29	0.00238683	3.50422e-05
NM_001414532.1	3378	3150.29	9.50663e-07	1.35806e-08
NM_001414622.1	5128	4900.29	0	0
NM_001414623.1	4546	4318.29	0	0
NM_001414635.1	1107	879.293	0	0
NM_001414636.1	1118	890.293	0	0
NM_001414638.1	1091	863.293	0	0
NM_001414639.1	1440	1212.29	18.1557	0.67398
NM_001414640.1	1263	1035.29	0	0
NM_001414641.1	1371	1143.29	0	0
NM_001414642.1	1469	1241.29	2.34004	0.0848383
NM_001414651.1	3245	3017.29	0	0
NM_001414652.1	2835	2607.29	16.3876	0.282857
NM_001414653.1	3068	2840.29	7.32017	0.115985
NM_001414654.1	2902	2674.29	0	0
NM_001414655.1	3255	3027.29	0	0
NM_001414656.1	2802	2574.29	46.4313	0.811699
NM_001414657.1	3023	2795.29	45.8334	0.737899
NM_001414658.1	2701	2473.29	13.6195	0.247815
NM_001414659.1	3005	2777.29	51.9958	0.842536
NM_001414660.1	3031	2803.29	136.82	2.19647
NM_001414661.1	2721	2493.29	10.1729	0.183618
NM_001414662.1	2661	2433.29	0	0
NM_001414674.1	2393	2165.29	0	0
NM_001414675.1	6095	5867.29	62.1907	0.477013
NM_001414676.1	2930	2702.29	12.6717	0.211031
NM_001414677.1	2740	2512.29	15.0556	0.269694
NM_001414678.1	1605	1377.29	30.4126	0.993733
NM_001414686.1	46674	46446.3	0	0
NM_001414687.1	46231	46003.3	0	0
NM_001414688.1	1632	1404.29	7.57195	0.242657
NM_001414689.1	1599	1371.29	27.4209	0.899898
NM_001414690.1	1593	1365.29	17.2756	0.569443
NM_001414691.1	1590	1362.29	7.57682	0.250299
NM_001414692.1	1529	1301.29	5.29382	0.183078
NM_001414695.1	213	65.3686	0	0
NM_001414697.1	3243	3015.29	57.3602	0.856098
NM_001414702.1	84	15.6223	0	0
NM_001414704.1	78	15.0992	0	0
NM_001414705.1	1146	918.293	0	0
NM_001414706.1	1212	984.293	0	0
NM_001414707.1	1566	1338.29	64.6311	2.17336
NM_001414708.1	1141	913.293	3.48893	0.171919
NM_001414709.1	1204	976.293	13.8543	0.638626
NM_001414710.1	1138	910.293	0	0
NM_001414711.1	1155	927.293	0	0
NM_001414712.1	1170	942.293	0	0
NM_001414713.1	1104	876.293	41.9459	2.15418
NM_001414714.1	1528	1300.29	29.8212	1.03211
NM_001414722.1	90	14.5182	0	0
NM_001414725.1	90	14.5182	0	0
NM_001414727.1	66	18.52	0	0
NM_001414729.1	180	47.9827	0	0
NM_001414731.1	78	15.0992	0	0
NM_001414736.1	72	16.5875	0	0
NM_001414738.1	99	15.1945	0	0
NM_001414739.1	159	37.5056	1.15829	1.38983
NM_001414744.1	3839	3611.29	0	0
NM_001414745.1	4769	4541.29	5.4268	0.0537783
NM_001414746.1	3844	3616.29	0	0
NM_001414747.1	3677	3449.29	0	0
NM_001414748.1	4047	3819.29	0	0
NM_001414749.1	4004	3776.29	0	0
NM_001414750.1	4325	4097.29	0	0
NM_001414892.1	207	62.4014	0	0
NM_001414893.1	138	27.821	0	0
NM_001414894.1	171	43.4345	0	0
NM_001414895.1	261	92.9009	0	0
NM_001414897.1	120	21.1323	0	0
NM_001414898.1	51	20.35	0	0
NM_001414901.1	99	15.1945	0	0
NM_001414902.1	204	60.7343	0	0
NM_001414904.1	2324	2096.29	85.3142	1.83152
NM_001414935.1	189	52.6441	0	0
NM_001414942.1	63	18.1395	0	0
NM_001414947.1	390	183.77	0	0
NM_001414965.1	129	24.2036	1.68636	3.13554
NM_001414991.1	105	16.2206	0	0
NM_001414998.1	135	26.7198	0	0
NM_001415.4	3457	3229.29	6340.83	88.3652
NM_001415000.1	81	15.7843	0	0
NM_001415001.1	138	27.821	0	0
NM_001415059.2	7393	7165.29	94.8927	0.595993
NM_001415139.1	7362	7134.29	0	0
NM_001415140.1	7435	7207.29	27.0882	0.169141
NM_001415141.1	6650	6422.29	0	0
NM_001415142.1	7165	6937.29	0.00580664	3.76684e-05
NM_001415144.1	6424	6196.29	615.236	4.4684
NM_001415145.1	6597	6369.29	0	0
NM_001415146.1	7696	7468.29	0	0
NM_001415147.1	6533	6305.29	2.5469e-08	1.81781e-10
NM_001415148.1	6581	6353.29	0	0
NM_001415149.1	6550	6322.29	0	0
NM_001415150.1	5883	5655.29	40.76	0.324356
NM_001415871.1	11786	11558.3	55.2155	0.214986
NM_001415872.1	11705	11477.3	1189.23	4.66305
NM_001415873.1	11732	11504.3	5.1936e-07	2.03166e-09
NM_001415887.1	4485	4257.29	0	0
NM_001415888.1	4351	4123.29	0	0
NM_001415889.1	5193	4965.29	0	0
NM_001415890.1	5074	4846.29	0	0
NM_001415891.1	4793	4565.29	0	0
NM_001415892.1	4011	3783.29	0	0
NM_001415893.1	3892	3664.29	0	0
NM_001415894.1	5140	4912.29	0	0
NM_001415895.1	4846	4618.29	0	0
NM_001415896.1	4006	3778.29	0	0
NM_001415897.1	4712	4484.29	0	0
NM_001415898.1	4064	3836.29	0	0
NM_001415899.1	5021	4793.29	0	0
NM_001415900.1	3930	3702.29	0	0
NM_001415901.1	3945	3717.29	0	0
NM_001415902.1	3953	3725.29	0	0
NM_001415903.1	3811	3583.29	0	0
NM_001415904.1	4059	3831.29	0	0
NM_001415905.1	3799	3571.29	0	0
NM_001415906.1	3928	3700.29	0	0
NM_001415907.1	4765	4537.29	0	0
NM_001415908.1	4753	4525.29	0	0
NM_001415909.1	3983	3755.29	0	0
NM_001415910.1	3971	3743.29	0	0
NM_001415911.1	4006	3778.29	0	0
NM_001415912.1	3837	3609.29	0	0
NM_001415913.1	3864	3636.29	0	0
NM_001415914.1	5748	5520.29	0	0
NM_001415915.1	3978	3750.29	0	0
NM_001415916.1	3920	3692.29	0	0
NM_001415917.1	3925	3697.29	0	0
NM_001415931.1	4227	3999.29	0	0
NM_001415938.1	4639	4411.29	0	0
NM_001415939.1	4747	4519.29	0	0
NM_001415940.1	4794	4566.29	0	0
NM_001415941.1	4696	4468.29	0	0
NM_001415942.1	4362	4134.29	0	0
NM_001415943.1	4785	4557.29	0	0
NM_001415960.1	10378	10150.3	6.78851	0.0300981
NM_001415961.1	10351	10123.3	511.118	2.27217
NM_001415962.1	10348	10120.3	60.9467	0.271019
NM_001415963.1	10330	10102.3	1693.2	7.54275
NM_001415964.1	10327	10099.3	309.654	1.37984
NM_001415966.1	10662	10434.3	59.8474	0.258122
NM_001415967.1	10686	10458.3	97.9213	0.421365
NM_001415968.1	10962	10734.3	207.279	0.86901
NM_001415969.1	11068	10840.3	478.388	1.98601
NM_001415970.1	10965	10737.3	1517.97	6.36226
NM_001415971.1	11047	10819.3	1459.39	6.07036
NM_001415973.1	10944	10716.3	4625.69	19.4256
NM_001415974.1	11044	10816.3	299.422	1.2458
NM_001415975.1	10941	10713.3	949.931	3.99035
NM_001415976.1	10768	10540.3	440.851	1.88227
NM_001415977.1	10665	10437.3	313.715	1.35266
NM_001416.4	1758	1530.29	36134.2	1062.64
NM_001416004.1	6354	6126.29	0.888741	0.0065286
NM_001416005.1	6617	6389.29	0	0
NM_001416022.1	3067	2839.29	18.4581	0.292563
NM_001416036.1	9568	9340.29	136.598	0.658151
NM_001416037.1	9553	9325.29	0	0
NM_001416038.1	9544	9316.29	293.719	1.41883
NM_001416039.1	6056	5828.29	105.032	0.811002
NM_001416065.1	1662	1434.29	29.4951	0.925453
NM_001416075.1	816	588.487	0	0
NM_001416076.1	815	587.487	0	0
NM_001416077.1	779	551.487	0	0
NM_001416078.1	753	525.701	0	0
NM_001416079.1	761	533.648	0	0
NM_001416080.1	765	537.541	0	0
NM_001416081.1	691	464.041	0	0
NM_001416082.1	833	605.427	0	0
NM_001416100.1	2828	2600.29	14.8203	0.256494
NM_001416101.1	2813	2585.29	33.056	0.575417
NM_001416102.1	2695	2467.29	0	0
NM_001416103.1	2786	2558.29	0	0
NM_001416104.1	2791	2563.29	0	0
NM_001416105.1	2585	2357.29	25.7561	0.491709
NM_001416106.1	2467	2239.29	0	0
NM_001416107.1	2049	1821.29	0	0
NM_001416108.1	2971	2743.29	22.7015	0.372412
NM_001416120.1	6382	6154.29	393.607	2.87824
NM_001416130.1	3946	3718.29	0	0
NM_001416131.1	3137	2909.29	0	0
NM_001416132.1	3270	3042.29	0	0
NM_001416133.1	2883	2655.29	1	0.0169484
NM_001416202.1	4803	4575.29	525.313	5.16704
NM_001416203.1	4739	4511.29	25.3843	0.253225
NM_001416204.1	4875	4647.29	178.706	1.73054
NM_001416243.1	4921	4693.29	54.2463	0.520157
NM_001416292.1	3372	3144.29	1154.37	16.5221
NM_001416293.1	3514	3286.29	0	0
NM_001416294.1	3629	3401.29	13.2964	0.175927
NM_001416295.1	3333	3105.29	261.618	3.79146
NM_001416369.1	1757	1529.29	0	0
NM_001416370.1	1673	1445.29	0	0
NM_001416403.1	39	20.0909	0	0
NM_001416412.1	8655	8427.29	276.424	1.47615
NM_001416413.1	8732	8504.29	114.854	0.607788
NM_001416414.1	8966	8738.29	32.8487	0.169174
NM_001416415.1	8643	8415.29	4.49455e-08	2.40358e-10
NM_001416416.1	8514	8286.29	0	0
NM_001416417.1	8566	8338.29	86.8782	0.468895
NM_001416418.1	8324	8096.29	90.2451	0.501626
NM_001416419.1	8501	8273.29	28.7531	0.156404
NM_001416420.1	8124	7896.29	81.1495	0.462493
NM_001416421.1	2126	1898.29	47.7794	1.13271
NM_001416422.1	8417	8189.29	276.649	1.52028
NM_001416423.1	8809	8581.29	7.37222	0.0386623
NM_001416424.1	8619	8391.29	0	0
NM_001416513.1	3264	3036.29	68.5199	1.01558
NM_001416525.1	1246	1018.29	0	0
NM_001416563.1	1877	1649.29	0	0
NM_001416564.1	1823	1595.29	0	0
NM_001416565.1	2161	1933.29	5.13961	0.119639
NM_001417.7	3856	3628.29	13981.6	173.419
NM_001417603.1	42	18.5714	0	0
NM_001417890.1	3799	3571.29	621.136	7.82715
NM_001418.4	3794	3566.29	55079	695.042
NM_001419.3	6054	5826.29	4564.53	35.2571
NM_001419531.1	7210	6982.29	0	0
NM_001419685.1	7408	7180.29	0	0
NM_001419702.1	7345	7117.29	0	0
NM_001419703.1	6572	6344.29	0	0
NM_001419704.1	6553	6325.29	0	0
NM_001419781.1	1092	864.293	16.4972	0.858998
NM_001419799.1	7901	7673.29	606.743	3.55849
NM_001419800.1	2487	2259.29	35.1656	0.700468
NM_001419806.1	5365	5137.29	0	0
NM_001419809.1	6202	5974.29	0.00146962	1.10703e-05
NM_001419810.1	6100	5872.29	0.00468833	3.59296e-05
NM_001419811.1	6067	5839.29	0.0013649	1.05192e-05
NM_001419812.1	6046	5818.29	0.00123617	9.56148e-06
NM_001419813.1	5992	5764.29	308.734	2.41035
NM_001419814.1	5944	5716.29	0.00366255	2.88345e-05
NM_001419815.1	5809	5581.29	0	0
NM_001419873.1	1871	1643.29	3.8472	0.105359
NM_001419874.1	1905	1677.29	0	0
NM_001419875.1	1709	1481.29	0	0
NM_001419876.1	1743	1515.29	0	0
NM_001420.4	4742	4514.29	0	0
NM_001420159.1	13896	13668.3	0.391379	0.00128862
NM_001420160.1	13839	13611.3	26.4857	0.0875699
NM_001420161.1	13776	13548.3	789.374	2.62205
NM_001420162.1	13044	12816.3	120.729	0.423928
NM_001421.4	5140	4912.29	1510.79	13.8408
NM_001421566.1	3739	3511.29	181.151	2.32175
NM_001421631.1	3800	3572.29	0	0
NM_001421669.1	4966	4738.29	0	0
NM_001421901.1	1395	1167.29	0	0
NM_001422.4	2317	2089.29	0	0
NM_001422024.1	1537	1309.29	0	0
NM_001422056.1	1129	901.293	0	0
NM_001422071.1	1129	901.293	0	0
NM_001422080.1	1161	933.293	0	0
NM_001422082.1	1129	901.293	0	0
NM_001422086.1	1147	919.293	0	0
NM_001422087.1	1130	902.293	0	0
NM_001422089.1	1155	927.293	0	0
NM_001422168.2	2310	2082.29	2526.05	54.5936
NM_001422178.1	2779	2551.29	0	0
NM_001422179.1	2761	2533.29	0	0
NM_001422201.1	903	675.361	2.20743	0.147093
NM_001422628.1	3272	3044.29	0	0
NM_001422879.1	8281	8053.29	0	0
NM_001422880.1	8083	7855.29	0	0
NM_001422881.1	8295	8067.29	0	0
NM_001422882.1	8631	8403.29	0	0
NM_001422883.1	8564	8336.29	0	0
NM_001423.3	5913	5685.29	47710	377.658
NM_001423234.1	3599	3371.29	61.5876	0.822127
NM_001423250.1	4743	4515.29	0.000298128	2.97139e-06
NM_001423251.1	4917	4689.29	30.6656	0.294297
NM_001423252.1	4639	4411.29	34.7401	0.354412
NM_001423253.1	4547	4319.29	10.3087	0.107408
NM_001423254.1	4619	4391.29	0	0
NM_001423255.1	4508	4280.29	0	0
NM_001423256.1	4386	4158.29	41.8894	0.453348
NM_001423257.1	4573	4345.29	0.306713	0.00317655
NM_001423258.1	4490	4262.29	0	0
NM_001423259.1	4577	4349.29	0	0
NM_001423260.1	4576	4348.29	0	0
NM_001423469.1	9153	8925.29	3.8712e-05	1.95194e-07
NM_001423470.1	9156	8928.29	182.384	0.919305
NM_001423472.1	3420	3192.29	0	0
NM_001423473.1	3454	3226.29	4.6455	0.0647994
NM_001423474.1	3231	3003.29	0	0
NM_001423475.1	3377	3149.29	0	0
NM_001423476.1	3580	3352.29	0	0
NM_001423477.1	3353	3125.29	0	0
NM_001423478.1	2360	2132.29	0	0
NM_001423479.1	2344	2116.29	0	0
NM_001423480.1	2127	1899.29	0	0
NM_001423481.1	2326	2098.29	0	0
NM_001423482.1	2065	1837.29	1.35392	0.0331633
NM_001423483.1	1610	1382.29	0.000576871	1.87811e-05
NM_001423526.1	1395	1167.29	0	0
NM_001423528.1	1395	1167.29	0	0
NM_001423529.1	1395	1167.29	0	0
NM_001423530.1	1395	1167.29	0	0
NM_001423531.1	1395	1167.29	0	0
NM_001423532.1	1395	1167.29	0	0
NM_001423534.1	1501	1273.29	0	0
NM_001423536.1	1403	1175.29	0	0
NM_001423538.1	1395	1167.29	0	0
NM_001423539.1	1395	1167.29	0	0
NM_001423761.1	5896	5668.29	41.4538	0.32912
NM_001423762.1	5483	5255.29	60.4636	0.517773
NM_001423763.1	5425	5197.29	0	0
NM_001423764.1	5345	5117.29	0	0
NM_001423765.1	4919	4691.29	0	0
NM_001423766.1	5449	5221.29	0	0
NM_001423767.1	5231	5003.29	29.3242	0.263763
NM_001423768.1	5278	5050.29	0	0
NM_001423769.1	4748	4520.29	0	0
NM_001423836.2	1570	1342.29	0.0140786	0.000472012
NM_001423967.1	4170	3942.29	13.4417	0.153443
NM_001423980.1	1541	1313.29	104.84	3.59258
NM_001424.6	5097	4869.29	6200.77	57.3089
NM_001424012.1	3785	3557.29	130.969	1.65688
NM_001424013.1	3782	3554.29	44.0538	0.557792
NM_001424014.1	3770	3542.29	75.3482	0.957261
NM_001424015.1	4285	4057.29	7.4187	0.0822875
NM_001424016.1	3680	3452.29	261.713	3.41161
NM_001424017.1	3625	3397.29	14.3069	0.18952
NM_001424018.1	3382	3154.29	0.549361	0.00783787
NM_001424019.1	3602	3374.29	1.1303	0.0150748
NM_001424020.1	3358	3130.29	111.074	1.59687
NM_001424021.1	3559	3331.29	19.6195	0.265043
NM_001424022.1	3343	3115.29	8.95456	0.129356
NM_001424023.1	3575	3347.29	495.433	6.66091
NM_001424024.1	3539	3311.29	10.2798	0.139711
NM_001424025.1	3473	3245.29	339.161	4.70321
NM_001424026.1	3398	3170.29	15.2078	0.215879
NM_001424027.1	3458	3230.29	67.0885	0.934649
NM_001424028.1	3479	3251.29	10.6682	0.147664
NM_001424029.1	3392	3164.29	11.5175	0.163804
NM_001424030.1	3741	3513.29	200.468	2.56787
NM_001424031.1	496	276.219	0	0
NM_001424035.1	3668	3440.29	11.0036	0.143941
NM_001424036.1	3817	3589.29	0	0
NM_001424037.1	1413	1185.29	22.8734	0.868453
NM_001424038.1	2361	2133.29	7.27621	0.153496
NM_001424039.1	3736	3508.29	29.828	0.382623
NM_001424040.1	1380	1152.29	0	0
NM_001424041.1	4343	4115.29	0.0153904	0.000168303
NM_001424042.1	1709	1481.29	4.29458	0.130473
NM_001424043.1	3622	3394.29	0	0
NM_001424044.1	3232	3004.29	1.35766	0.0203372
NM_001424045.1	1842	1614.29	0	0
NM_001424052.1	2236	2008.29	20.1135	0.450717
NM_001424053.1	2054	1826.29	0	0
NM_001424055.1	2039	1811.29	0	0
NM_001424056.1	2493	2265.29	23.0378	0.457676
NM_001424057.1	1838	1610.29	0	0
NM_001424058.1	1504	1276.29	11.1095	0.391731
NM_001424059.1	1889	1661.29	0	0
NM_001424060.1	1673	1445.29	0	0
NM_001424061.1	1720	1492.29	14.9065	0.449534
NM_001424071.1	4132	3904.29	0.31197	0.00359594
NM_001424072.1	3896	3668.29	15.5835	0.191181
NM_001424073.1	3253	3025.29	13.7092	0.203933
NM_001424074.1	5339	5111.29	9.93281	0.0874548
NM_001424075.1	3882	3654.29	17.7484	0.218574
NM_001424076.1	3900	3672.29	0	0
NM_001424077.1	3828	3600.29	16.0315	0.200391
NM_001424094.1	5815	5587.29	0	0
NM_001424095.1	5809	5581.29	0	0
NM_001424096.1	5618	5390.29	0	0
NM_001424097.1	5761	5533.29	0	0
NM_001424098.1	6248	6020.29	0	0
NM_001424104.1	1710	1482.29	0	0
NM_001424105.1	4239	4011.29	2.24676	0.0252066
NM_001424106.1	3381	3153.29	105	1.49854
NM_001424107.1	3396	3168.29	0	0
NM_001424108.1	6242	6014.29	0	0
NM_001424109.1	6213	5985.29	0	0
NM_001424110.1	6033	5805.29	0	0
NM_001424111.1	6046	5818.29	0	0
NM_001424112.1	4405	4177.29	1.55703	0.0167743
NM_001424113.1	10533	10305.3	3953.27	17.2639
NM_001424114.1	11704	11476.3	430.647	1.68874
NM_001424115.1	11452	11224.3	7660.8	30.7155
NM_001424116.1	7041	6813.29	7.81506	0.0516199
NM_001424119.1	2642	2414.29	0	0
NM_001424120.1	2500	2272.29	0	0
NM_001424121.1	1869	1641.29	0	0
NM_001424162.1	2795	2567.29	0	0
NM_001424163.1	2854	2626.29	121.861	2.08816
NM_001424164.1	2662	2434.29	30.6784	0.567155
NM_001424165.1	2709	2481.29	9.6608	0.175217
NM_001424166.1	2844	2616.29	82.5857	1.42056
NM_001424168.1	2752	2524.29	162.489	2.89686
NM_001424169.1	2694	2466.29	59.3691	1.08332
NM_001424172.1	3211	2983.29	0	0
NM_001424173.1	3127	2899.29	88.5622	1.37467
NM_001424174.1	3001	2773.29	62.7557	1.01836
NM_001424176.1	5013	4785.29	0	0
NM_001424177.1	4686	4458.29	546.019	5.51165
NM_001424178.1	4518	4290.29	130.734	1.37134
NM_001424179.1	4336	4108.29	201.251	2.20455
NM_001424180.1	4699	4471.29	907.842	9.13733
NM_001424182.1	4315	4087.29	0	0
NM_001424184.1	680	453.225	0	0
NM_001424186.1	4436	4208.29	0	0
NM_001424187.1	4354	4126.29	0	0
NM_001424188.1	5571	5343.29	0	0
NM_001424189.1	4392	4164.29	2.01413	0.0217665
NM_001424190.1	4389	4161.29	0	0
NM_001424191.1	4290	4062.29	0	0
NM_001424192.1	4415	4187.29	0	0
NM_001424210.1	1376	1148.29	29.0408	1.13814
NM_001424211.1	1324	1096.29	0	0
NM_001424212.1	1586	1358.29	0	0
NM_001424213.1	1355	1127.29	10.2544	0.409371
NM_001424214.1	1331	1103.29	50.8756	2.0752
NM_001424215.1	1205	977.293	14.9379	0.687872
NM_001424216.1	1281	1053.29	29.5057	1.26066
NM_001424217.1	1459	1231.29	37.0787	1.35521
NM_001424218.1	1197	969.293	20.5819	0.955593
NM_001424219.1	1202	974.293	1.66787e-07	7.70399e-09
NM_001424220.1	1268	1040.29	4.24075	0.183455
NM_001424222.1	1459	1231.29	35.3148	1.29074
NM_001424223.1	1738	1510.29	0	0
NM_001424224.1	1299	1071.29	0	0
NM_001424225.1	1387	1159.29	9.68762	0.376068
NM_001424226.1	1375	1147.29	0	0
NM_001424227.1	1886	1658.29	83.4619	2.26501
NM_001424228.1	1134	906.293	0.332049	0.0164883
NM_001424229.1	1055	827.293	4.86491	0.264641
NM_001424230.1	1121	893.293	4.01838	0.202441
NM_001424231.1	1003	775.293	3.58018	0.207817
NM_001424254.1	2217	1989.29	5.59847	0.126652
NM_001424255.1	2297	2069.29	0	0
NM_001424257.1	2123	1895.29	0	0
NM_001424259.1	2025	1797.29	0	0
NM_001424264.1	2409	2181.29	0	0
NM_001424265.1	2234	2006.29	0	0
NM_001424266.1	2143	1915.29	0	0
NM_001424268.1	2280	2052.29	0	0
NM_001424269.1	2183	1955.29	0	0
NM_001424270.1	2166	1938.29	0	0
NM_001424271.1	2246	2018.29	0	0
NM_001424318.1	7880	7652.29	312.41	1.83728
NM_001424325.1	1722	1494.29	2.73108e-06	8.2251e-08
NM_001424326.1	1712	1484.29	0	0
NM_001424327.1	1442	1214.29	1.99933	0.0740973
NM_001424329.1	1191	963.293	0.359017	0.0167725
NM_001424331.1	2362	2134.29	0	0
NM_001424332.1	2380	2152.29	0	0
NM_001424338.1	2109	1881.29	0	0
NM_001424339.1	1538	1310.29	0	0
NM_001424340.1	3298	3070.29	0	0
NM_001424341.1	3450	3222.29	41.444	0.578814
NM_001424342.1	3252	3024.29	0	0
NM_001424343.1	3100	2872.29	0	0
NM_001424344.1	2658	2430.29	0	0
NM_001424345.1	2763	2535.29	0	0
NM_001424346.1	2530	2302.29	0	0
NM_001424351.1	4217	3989.29	3.70121	0.0417532
NM_001424352.1	4210	3982.29	0.854983	0.00966199
NM_001424353.1	4157	3929.29	57.828	0.662317
NM_001424354.1	4150	3922.29	14.3393	0.164524
NM_001424355.1	4147	3919.29	13.6939	0.157239
NM_001424356.1	4091	3863.29	0.448376	0.00522309
NM_001424357.1	4031	3803.29	8.43034	0.0997533
NM_001424358.1	4021	3793.29	1.81262	0.0215046
NM_001424359.1	4066	3838.29	0	0
NM_001424360.1	3940	3712.29	0	0
NM_001424361.1	2466	2238.29	0	0
NM_001424362.1	2491	2263.29	0	0
NM_001424363.1	2517	2289.29	0	0
NM_001424364.1	1448	1220.29	54.1325	1.99635
NM_001424372.1	6622	6394.29	0	0
NM_001424373.1	5467	5239.29	3.461e-07	2.97284e-09
NM_001424374.1	5551	5323.29	0.0150672	0.000127378
NM_001424375.1	5554	5326.29	18.0649	0.152634
NM_001424376.1	5590	5362.29	0	0
NM_001424377.1	5632	5404.29	0.0641885	0.000534516
NM_001424378.1	5635	5407.29	67.9849	0.565816
NM_001424379.1	5635	5407.29	1.93312e-08	1.60887e-10
NM_001424380.1	5638	5410.29	2.19535e-05	1.8261e-07
NM_001424381.1	5674	5446.29	0	0
NM_001424382.1	5742	5514.29	0.0105856	8.63907e-05
NM_001424383.1	5745	5517.29	10.113	0.0824888
NM_001424384.1	5781	5553.29	0	0
NM_001424385.1	5823	5595.29	0.0432858	0.000348148
NM_001424386.1	5826	5598.29	2.18513e-08	1.75657e-10
NM_001424387.1	5826	5598.29	36.8111	0.295914
NM_001424388.1	5829	5601.29	1.98302e-05	1.59324e-07
NM_001424389.1	5962	5734.29	38.49	0.302072
NM_001424390.1	5965	5737.29	129.986	1.0196
NM_001424391.1	6043	5815.29	0.0267298	0.000206855
NM_001424392.1	6046	5818.29	45.5249	0.352124
NM_001424393.1	6046	5818.29	0.0916487	0.00070888
NM_001424394.1	6049	5821.29	151.082	1.16798
NM_001424395.1	6153	5925.29	22.1988	0.168602
NM_001424396.1	6156	5928.29	73.1715	0.555462
NM_001424397.1	6192	5964.29	0	0
NM_001424398.1	6234	6006.29	0.0193429	0.00014493
NM_001424399.1	6237	6009.29	26.3127	0.197053
NM_001424400.1	6237	6009.29	0.0646922	0.000484474
NM_001424401.1	6240	6012.29	85.2907	0.638416
NM_001424402.1	6273	6045.29	0	0
NM_001424403.1	5556	5328.29	1.7125	0.0144639
NM_001424404.1	5637	5409.29	6.78577	0.0564548
NM_001424405.1	5640	5412.29	2.19147e-06	1.8222e-08
NM_001424406.1	6048	5820.29	0.0111854	8.64866e-05
NM_001424407.1	6051	5823.29	19.2465	0.148739
NM_001424408.1	1084	856.293	124.199	6.52739
NM_001424409.1	1449	1221.29	0.0845841	0.00311681
NM_001424411.1	1702	1474.29	0	0
NM_001424412.1	2298	2070.29	0	0
NM_001424413.1	2208	1980.29	0	0
NM_001424414.1	2243	2015.29	2.0976	0.0468411
NM_001424415.1	2113	1885.29	0	0
NM_001424416.1	2289	2061.29	0	0
NM_001424417.1	2410	2182.29	44.7597	0.923031
NM_001424418.1	2616	2388.29	0	0
NM_001424419.1	2630	2402.29	65.2579	1.2225
NM_001424420.1	2841	2613.29	0	0
NM_001424649.1	1616	1388.29	150.901	4.89164
NM_001424868.1	2166	1938.29	0	0
NM_001425.3	649	422.846	8414.87	895.586
NM_001425052.1	1595	1367.29	37.6351	1.23872
NM_001425053.1	1571	1343.29	12.1499	0.407045
NM_001425054.1	1587	1359.29	7.91447	0.26203
NM_001425056.1	1495	1267.29	0	0
NM_001425057.1	1486	1258.29	0	0
NM_001425058.1	1465	1237.29	0	0
NM_001425059.1	1450	1222.29	20.1258	0.741003
NM_001425061.1	1345	1117.29	58.718	2.36508
NM_001425062.1	1645	1417.29	76.2185	2.42015
NM_001425063.1	1541	1313.29	0	0
NM_001425065.1	1330	1102.29	1.26513	0.0516511
NM_001425069.1	7539	7311.29	38.5158	0.237076
NM_001425070.1	7680	7452.29	73.8141	0.445751
NM_001425071.1	3725	3497.29	0	0
NM_001425072.1	3650	3422.29	0	0
NM_001425073.1	4057	3829.29	97.9835	1.15153
NM_001425074.1	3991	3763.29	0	0
NM_001425075.1	3937	3709.29	28.3617	0.344099
NM_001425076.1	4158	3930.29	64.817	0.742175
NM_001425077.1	3829	3601.29	0	0
NM_001425078.1	3789	3561.29	279.399	3.53069
NM_001425079.1	3786	3558.29	0	0
NM_001425080.1	3550	3322.29	69.1122	0.936179
NM_001425081.1	3525	3297.29	2.79036	0.0380842
NM_001425082.1	2458	2230.29	6.18261	0.124753
NM_001425083.1	2554	2326.29	0.0340364	0.000658448
NM_001425084.1	2617	2389.29	0	0
NM_001425085.1	2384	2156.29	0	0
NM_001425090.1	985	757.293	0	0
NM_001425091.1	742	514.753	3	0.26228
NM_001425092.1	891	663.427	0	0
NM_001425093.1	854	626.427	0	0
NM_001425096.1	1783	1555.29	0	0
NM_001425097.1	1723	1495.29	0	0
NM_001425098.1	2127	1899.29	0	0
NM_001425107.1	2678	2450.29	0	0
NM_001425108.1	2663	2435.29	0	0
NM_001425109.1	2854	2626.29	6.11534	0.10479
NM_001425110.1	2640	2412.29	0	0
NM_001425111.1	2376	2148.29	0	0
NM_001425112.1	2761	2533.29	0	0
NM_001425113.1	2567	2339.29	0	0
NM_001425114.1	2531	2303.29	8.71701	0.170318
NM_001425116.1	2665	2437.29	0	0
NM_001425117.1	2698	2470.29	0	0
NM_001425118.1	1978	1750.29	0	0
NM_001425119.1	2769	2541.29	38.5275	0.682273
NM_001425120.1	2764	2536.29	0	0
NM_001425121.1	1884	1656.29	0	0
NM_001425129.1	1454	1226.29	29.7854	1.09308
NM_001425130.1	1478	1250.29	5.63015	0.202652
NM_001425131.1	1288	1060.29	21.6652	0.919559
NM_001425132.1	1239	1011.29	2310.12	102.802
NM_001425134.1	1250	1022.29	278.343	12.2531
NM_001425135.1	1605	1377.29	59.4509	1.94256
NM_001425137.1	1479	1251.29	9.51067	0.342054
NM_001425138.1	1247	1019.29	0.553291	0.0244285
NM_001425142.1	2668	2440.29	450.377	8.30571
NM_001425145.1	6117	5889.29	3440.49	26.2905
NM_001425146.1	6186	5958.29	51.4674	0.388734
NM_001425147.1	6125	5897.29	0	0
NM_001425148.1	6114	5886.29	0	0
NM_001425149.1	5988	5760.29	52.1152	0.407157
NM_001425150.1	5999	5771.29	41.7852	0.325831
NM_001425151.1	5970	5742.29	114.993	0.901212
NM_001425152.1	5981	5753.29	92.1546	0.720847
NM_001425153.1	5852	5624.29	0	0
NM_001425154.1	5661	5433.29	61.3622	0.508254
NM_001425155.1	3107	2879.29	0	0
NM_001425156.1	2936	2708.29	10.2908	0.171
NM_001425160.1	1981	1753.29	52.2152	1.34025
NM_001425161.1	1951	1723.29	8.9252	0.233078
NM_001425163.1	1948	1720.29	27.9444	0.73103
NM_001425164.1	1948	1720.29	0	0
NM_001425165.1	1945	1717.29	0	0
NM_001425166.1	1903	1675.29	11.7985	0.31694
NM_001425167.1	1849	1621.29	38.3151	1.06353
NM_001425168.1	1854	1626.29	0	0
NM_001425169.1	1971	1743.29	10.1108	0.261011
NM_001425170.1	2168	1940.29	129.36	3.00038
NM_001425171.1	1947	1719.29	36.3714	0.952034
NM_001425172.1	1726	1498.29	0	0
NM_001425173.1	1635	1407.29	0	0
NM_001425174.1	1856	1628.29	84.6881	2.34063
NM_001425175.1	1853	1625.29	19.4267	0.53791
NM_001425179.1	2633	2405.29	18.8104	0.351943
NM_001425180.1	2633	2405.29	34.0479	0.637037
NM_001425181.1	2633	2405.29	114.033	2.13356
NM_001425182.1	2630	2402.29	0	0
NM_001425183.1	2582	2354.29	15.3073	0.292604
NM_001425184.1	2582	2354.29	163.431	3.12404
NM_001425185.1	2599	2371.29	0.035939	0.000682061
NM_001425186.1	2596	2368.29	0	0
NM_001425187.1	2558	2330.29	100.636	1.9435
NM_001425188.1	2581	2353.29	339.223	6.48711
NM_001425189.1	2552	2324.29	25.79	0.499347
NM_001425190.1	2578	2350.29	98.3771	1.88371
NM_001425191.1	2522	2294.29	114.819	2.2522
NM_001425192.1	2548	2320.29	63.7307	1.23608
NM_001425193.1	2504	2276.29	31.9041	0.630754
NM_001425194.1	2530	2302.29	60.777	1.18801
NM_001425195.1	2527	2299.29	0	0
NM_001425196.1	2655	2427.29	26.9731	0.500093
NM_001425197.1	2483	2255.29	0	0
NM_001425198.1	2604	2376.29	75.9475	1.43832
NM_001425199.1	2641	2413.29	107.047	1.99622
NM_001425200.1	2632	2404.29	49.5366	0.927216
NM_001425201.1	2365	2137.29	0.000875346	1.84314e-05
NM_001425202.1	2314	2086.29	12.2531	0.264309
NM_001425203.1	2656	2428.29	184.328	3.41612
NM_001425204.1	2653	2425.29	9.58232	0.177807
NM_001425205.1	2605	2377.29	88.0046	1.66596
NM_001425206.1	2578	2350.29	16.849	0.322622
NM_001425207.1	2601	2373.29	28.2218	0.53515
NM_001425208.1	2409	2181.29	10.7305	0.221386
NM_001425209.1	2406	2178.29	0.350781	0.00724706
NM_001425210.1	2358	2130.29	4.27683	0.0903493
NM_001425211.1	2354	2126.29	1.13861	0.0240987
NM_001425212.1	5175	4947.29	0	0
NM_001425213.1	5318	5090.29	0	0
NM_001425214.1	6238	6010.29	54.1498	0.405456
NM_001425215.1	6317	6089.29	0	0
NM_001425216.1	5239	5011.29	0	0
NM_001425217.1	5332	5104.29	0	0
NM_001425218.1	5254	5026.29	0	0
NM_001425219.1	1640	1412.29	16.6266	0.529812
NM_001425220.1	1622	1394.29	21.8981	0.706796
NM_001425221.1	1562	1334.29	0	0
NM_001425222.1	1661	1433.29	0	0
NM_001425223.1	1631	1403.29	0	0
NM_001425224.1	1730	1502.29	0	0
NM_001425225.1	1685	1457.29	92.2904	2.85004
NM_001425226.1	1558	1330.29	30.093	1.01803
NM_001425227.1	1466	1238.29	6.93171	0.251918
NM_001425228.1	1463	1235.29	0	0
NM_001425229.1	1564	1336.29	0	0
NM_001425230.1	1687	1459.29	11.2139	0.345825
NM_001425231.1	1436	1208.29	7.86632	0.292982
NM_001425232.1	1632	1404.29	0	0
NM_001425233.1	1376	1148.29	0	0
NM_001425234.1	1602	1374.29	0	0
NM_001425235.1	1384	1156.29	0	0
NM_001425236.1	1633	1405.29	1.5774	0.0505148
NM_001425237.1	1538	1310.29	0	0
NM_001425238.1	1253	1025.29	3.15693	0.138567
NM_001425239.1	1830	1602.29	0	0
NM_001425240.1	1145	917.293	0	0
NM_001425241.1	1633	1405.29	14.4533	0.462854
NM_001425242.1	1632	1404.29	0	0
NM_001425243.1	1186	958.293	11.3351	0.532318
NM_001425244.1	3712	3484.29	45.0111	0.581363
NM_001425245.1	3709	3481.29	20.9332	0.270606
NM_001425246.1	1569	1341.29	0	0
NM_001425248.1	3426	3198.29	56.1932	0.790692
NM_001425249.1	3399	3171.29	0	0
NM_001425250.1	3399	3171.29	0	0
NM_001425251.1	3354	3126.29	0	0
NM_001425252.1	3144	2916.29	42.7025	0.658969
NM_001425253.1	3144	2916.29	0	0
NM_001425254.1	10331	10103.3	0	0
NM_001425255.1	1384	1156.29	115.832	4.50819
NM_001425256.1	1443	1215.29	101.713	3.76649
NM_001425257.1	1492	1264.29	151.293	5.38534
NM_001425258.1	1512	1284.29	11.9345	0.418198
NM_001425259.1	1561	1333.29	0	0
NM_001425260.1	1594	1366.29	0	0
NM_001425261.1	1555	1327.29	0	0
NM_001425262.1	1296	1068.29	0	0
NM_001425263.1	1653	1425.29	82.5719	2.60718
NM_001425264.1	1361	1133.29	0	0
NM_001425265.1	1420	1192.29	19.4772	0.735167
NM_001425266.1	2636	2408.29	261.604	4.88853
NM_001425267.1	2667	2439.29	0	0
NM_001425268.1	2296	2068.29	809.525	17.6141
NM_001425269.1	2409	2181.29	381.55	7.8719
NM_001425285.1	5336	5108.29	11	0.0969079
NM_001425299.1	2635	2407.29	0	0
NM_001425300.1	2485	2257.29	35.1869	0.701511
NM_001425301.1	2440	2212.29	0	0
NM_001425302.1	2431	2203.29	0	0
NM_001425303.1	2404	2176.29	0	0
NM_001425304.1	2374	2146.29	0	0
NM_001425305.1	3665	3437.29	14.7352	0.192923
NM_001425306.1	2302	2074.29	0	0
NM_001425307.1	2284	2056.29	0	0
NM_001425308.1	2281	2053.29	0	0
NM_001425309.1	2242	2014.29	0	0
NM_001425310.1	2154	1926.29	0	0
NM_001425311.1	2417	2189.29	0	0
NM_001425312.1	2103	1875.29	28.2998	0.679135
NM_001425313.1	2294	2066.29	12.8863	0.280658
NM_001425314.1	2004	1776.29	0	0
NM_001425321.1	4487	4259.29	0	0
NM_001425322.1	4440	4212.29	0	0
NM_001425323.1	4235	4007.29	0	0
NM_001425324.1	7106	6878.29	4	0.0261711
NM_001425325.1	7031	6803.29	100.759	0.66651
NM_001425326.1	7070	6842.29	0	0
NM_001425327.1	6890	6662.29	34.7637	0.234825
NM_001425328.1	6887	6659.29	0	0
NM_001425329.1	6752	6524.29	0	0
NM_001425332.1	6713	6485.29	54.2576	0.376507
NM_001425333.1	2748	2520.29	269	4.80334
NM_001425334.1	2715	2487.29	7.19014	0.130093
NM_001425335.1	2679	2451.29	20.6775	0.379616
NM_001425336.1	2655	2427.29	0	0
NM_001425337.1	2668	2440.29	14.9486	0.275678
NM_001425338.1	2965	2737.29	87.1014	1.43201
NM_001425339.1	2635	2407.29	68.198	1.27493
NM_001425340.1	2637	2409.29	0	0
NM_001425341.1	2628	2400.29	61.0936	1.14544
NM_001425342.1	2636	2408.29	0	0
NM_001425343.1	2633	2405.29	12.8195	0.239852
NM_001425344.1	2645	2417.29	105.485	1.96384
NM_001425398.1	1297	1069.29	0	0
NM_001425428.1	2504	2276.29	0	0
NM_001425429.1	2595	2367.29	5.33676	0.101454
NM_001425749.1	4583	4355.29	0	0
NM_001425750.1	4486	4258.29	10.9242	0.115451
NM_001425751.1	4634	4406.29	0	0
NM_001425771.1	1478	1250.29	0	0
NM_001425772.1	1407	1179.29	5.94443	0.226846
NM_001425773.1	1154	926.293	15.1753	0.737276
NM_001425837.1	995	767.293	0	0
NM_001425839.1	3154	2926.29	5.02717	0.0773122
NM_001425840.1	3559	3331.29	82.6343	1.11632
NM_001425841.1	2616	2388.29	84.0525	1.58382
NM_001425842.1	3584	3356.29	110.933	1.48745
NM_001426.4	2427	2199.29	1554	31.7988
NM_001426231.1	2013	1785.29	0	0
NM_001426232.1	2008	1780.29	0	0
NM_001426233.1	1972	1744.29	0.0176014	0.000454118
NM_001426234.1	1981	1753.29	1.51802e-05	3.89642e-07
NM_001426428.1	5652	5424.29	455.344	3.7778
NM_001426550.1	1913	1685.29	0	0
NM_001426585.1	5675	5447.29	20.886	0.17255
NM_001426586.1	3680	3452.29	0	0
NM_001426587.1	3680	3452.29	0	0
NM_001426588.1	5457	5229.29	0.00946726	8.14748e-05
NM_001426589.1	1373	1145.29	0	0
NM_001426590.1	1348	1120.29	8.63428	0.346846
NM_001426591.1	5184	4956.29	0	0
NM_001426592.1	5139	4911.29	0	0
NM_001426593.1	5114	4886.29	3.62738	0.0334084
NM_001426597.1	2286	2058.29	7.04471	0.154027
NM_001426598.1	2190	1962.29	70.2111	1.61022
NM_001426599.1	2302	2074.29	0	0
NM_001426600.1	2188	1960.29	47.5301	1.09116
NM_001426745.1	11226	10998.3	1947.53	7.96896
NM_001426746.1	11223	10995.3	1790.51	7.32847
NM_001426846.1	930	702.293	0	0
NM_001426862.1	7650	7422.29	0.000353275	2.14199e-06
NM_001426863.1	7951	7723.29	41.0804	0.239373
NM_001426864.1	7761	7533.29	0	0
NM_001426865.1	7894	7666.29	29.3415	0.172242
NM_001426866.1	1945	1717.29	0	0
NM_001426867.1	1830	1602.29	0	0
NM_001426868.1	2020	1792.29	1.22626e-06	3.07904e-08
NM_001427.4	3395	3167.29	1	0.0142087
NM_001427055.1	7388	7160.29	0	0
NM_001427345.1	4875	4647.29	742.054	7.18584
NM_001427641.1	5094	4866.29	207.285	1.91695
NM_001428.5	1781	1553.29	109297	3166.62
NM_001428056.1	4306	4078.29	0	0
NM_001428057.1	4171	3943.29	0	0
NM_001428256.1	1307	1079.29	0	0
NM_001428277.1	11223	10995.3	0	0
NM_001428279.1	10718	10490.3	3.51597	0.0150834
NM_001428309.1	3379	3151.29	173.115	2.47222
NM_001428310.1	3263	3035.29	630.839	9.3532
NM_001428311.1	3325	3097.29	207.535	3.01544
NM_001428312.1	3414	3186.29	348.27	4.91895
NM_001428335.1	13838	13610.3	1801.84	5.95787
NM_001429.4	8779	8551.29	3616.29	19.0315
NM_001429031.1	2906	2678.29	0	0
NM_001429032.1	2897	2669.29	0	0
NM_001429033.1	2855	2627.29	0	0
NM_001429034.1	2846	2618.29	0	0
NM_001429190.1	7732	7504.29	284.78	1.70782
NM_001429191.1	7744	7516.29	4669.86	27.9604
NM_001429193.1	7630	7402.29	18.1763	0.110505
NM_001429196.1	7696	7468.29	17.4366	0.105071
NM_001429198.1	7633	7405.29	3.14935	0.0191391
NM_001429201.1	7615	7387.29	1748.67	10.6528
NM_001429202.1	7576	7348.29	53.9792	0.330584
NM_001429577.1	8692	8464.29	386.294	2.05385
NM_001429675.1	2905	2677.29	51.6727	0.868576
NM_001429699.1	3524	3296.29	0	0
NM_001429700.1	3535	3307.29	0	0
NM_001429948.1	969	741.293	0	0
NM_001429985.1	2586	2358.29	0	0
NM_001430.5	5155	4927.29	1204.84	11.0043
NM_001430120.1	783	555.487	0	0
NM_001430594.1	2952	2724.29	0	0
NM_001430749.1	1717	1489.29	0	0
NM_001430944.2	995	767.293	35	2.05281
NM_001431.4	4380	4152.29	3413.75	36.9986
NM_001431068.1	6337	6109.29	0	0
NM_001431356.1	3998	3770.29	3.20804	0.0382918
NM_001432.3	4615	4387.29	25.8287	0.26494
NM_001432077.1	11863	11635.3	797.783	3.08567
NM_001433.5	7895	7667.29	468.693	2.75099
NM_001433434.1	616	390.417	0	0
NM_001436.4	1125	897.293	2481.15	124.44
NM_001437.3	6842	6614.29	5.48781	0.0373386
NM_001438.4	5195	4967.29	0	0
NM_001439.4	2861	2633.29	262.77	4.49075
NM_001440.4	8221	7993.29	3358.67	18.9097
NM_001441.3	2042	1814.29	30	0.744142
NM_001442.3	911	683.293	11	0.724482
NM_001443.3	501	280.906	0	0
NM_001444.3	676	449.451	2401	240.41
NM_001445.3	496	276.219	1	0.162926
NM_001446.5	785	557.487	0	0
NM_001447.3	14710	14482.3	20.3739	0.063311
NM_001448.3	4959	4731.29	906	8.61769
NM_001449.5	2368	2140.29	1266.05	26.6207
NM_001450.4	4645	4417.29	573.532	5.8431
NM_001451.3	3520	3292.29	5	0.0683461
NM_001452.2	2451	2223.29	904.656	18.3117
NM_001453.3	3983	3755.29	150	1.79759
NM_001454.4	2587	2359.29	0	0
NM_001455.4	7296	7068.29	1987.01	12.6511
NM_001456.4	8483	8255.29	51869.1	282.76
NM_001457.4	9441	9213.29	9612.65	46.9538
NM_001458.5	9159	8931.29	63126.3	318.081
NM_001459.4	1050	822.293	8.15042	0.446062
NM_001460.5	5215	4987.29	0	0
NM_001461.4	2331	2103.29	1.65454	0.0354013
NM_001462.3	2019	1791.29	0	0
NM_001463.4	2637	2409.29	13	0.242826
NM_001464.5	2610	2382.29	0	0
NM_001465.6	4829	4601.29	0	0
NM_001466.4	3779	3551.29	1859.39	23.5628
NM_001467.6	2312	2084.29	230.49	4.97663
NM_001469.5	2122	1894.29	15553.1	369.497
NM_001470.4	4525	4297.29	3.92711	0.0411264
NM_001478.5	5368	5140.29	38.1547	0.334043
NM_001480.4	10749	10521.3	5.07133	0.0216918
NM_001481.3	3094	2866.29	300.742	4.72188
NM_001482.3	2348	2120.29	0	0
NM_001483.3	1993	1765.29	1609.11	41.0215
NM_001485.4	2140	1912.29	0	0
NM_001486.4	2189	1961.29	0.622823	0.014291
NM_001487.4	562	337.904	784.102	104.429
NM_001488.5	4445	4217.29	0.0219777	0.000234526
NM_001489.5	7050	6822.29	7.71882	0.050917
NM_001490.5	5566	5338.29	620.978	5.23499
NM_001491.3	4579	4351.29	0	0
NM_001492.6	2579	2351.29	10.9183	0.208973
NM_001493.3	2240	2012.29	7442	166.433
NM_001494.4	2297	2069.29	13186.3	286.776
NM_001495.5	4991	4763.29	11.9381	0.11279
NM_001496.4	1988	1760.29	3	0.076697
NM_001497.4	4176	3948.29	6815.62	77.6852
NM_001498.4	3785	3557.29	534	6.7556
NM_001499.2	2266	2038.29	60.6255	1.33854
NM_001500.4	1665	1437.29	457.731	14.332
NM_001501.2	425	212.877	0	0
NM_001502.4	3337	3109.29	0	0
NM_001503.4	5790	5562.29	0	0
NM_001504.2	1615	1387.29	0	0
NM_001505.3	2531	2303.29	331.563	6.47827
NM_001506.2	1269	1041.29	0	0
NM_001507.1	1239	1011.29	0	0
NM_001508.3	2576	2348.29	247.807	4.74902
NM_001509.3	1587	1359.29	0	0
NM_001510.4	5783	5555.29	0	0
NM_001511.4	1174	946.293	4132	196.506
NM_001512.4	1240	1012.29	458.755	20.3947
NM_001514.6	1599	1371.29	547.676	17.9736
NM_001515.4	1734	1506.29	286.965	8.57357
NM_001516.5	3327	3099.29	1792.06	26.0215
NM_001517.5	1712	1484.29	871	26.4083
NM_001518.5	4392	4164.29	4516.85	48.8131
NM_001519.4	3671	3443.29	531.292	6.94387
NM_001520.4	7090	6862.29	2716.83	17.817
NM_001521.4	3683	3455.29	439.802	5.72816
NM_001522.3	3728	3500.29	0	0
NM_001523.4	2110	1882.29	1910.57	45.679
NM_001524.1	577	352.35	0	0
NM_001525.3	2307	2079.29	0	0
NM_001526.5	1952	1724.29	0	0
NM_001527.4	9737	9509.29	5798.58	27.442
NM_001528.4	2069	1841.29	3	0.073323
NM_001530.4	3946	3718.29	27926.4	337.998
NM_001531.3	7898	7670.29	62.33	0.365702
NM_001532.3	2455	2227.29	0	0
NM_001533.3	2142	1914.29	9433.85	221.78
NM_001535.5	2245	2017.29	258.632	5.76973
NM_001536.6	1328	1100.29	401.439	16.4193
NM_001537.4	8649	8421.29	3866.49	20.6624
NM_001538.4	2134	1906.29	11.6373	0.274729
NM_001539.4	2319	2091.29	7715.53	166.033
NM_001540.5	777	549.487	6829	559.297
NM_001541.4	843	615.427	519.83	38.0125
NM_001542.4	7327	7099.29	0	0
NM_001543.5	8011	7783.29	9097.31	52.6007
NM_001544.5	1290	1062.29	3.00832	0.127445
NM_001545.3	894	666.361	933.195	63.0238
NM_001546.4	3873	3645.29	1021	12.6048
NM_001547.5	3393	3165.29	27	0.383877
NM_001548.5	4302	4074.29	193.096	2.13286
NM_001549.6	2390	2162.29	252.49	5.25499
NM_001550.4	3269	3041.29	1520.82	22.5042
NM_001551.3	1682	1454.29	156.939	4.85649
NM_001552.3	2205	1977.29	47264	1075.73
NM_001553.3	1427	1199.29	6284.04	235.807
NM_001554.5	2278	2050.29	21391	469.524
NM_001555.5	4461	4233.29	5.73379	0.0609545
NM_001556.3	3938	3710.29	692.417	8.3985
NM_001557.4	2853	2625.29	0	0
NM_001558.4	3653	3425.29	0	0
NM_001559.3	5355	5127.29	0	0
NM_001560.3	3996	3768.29	4602.77	54.9689
NM_001561.6	5872	5644.29	11.1616	0.0889939
NM_001562.4	1115	887.293	4	0.202878
NM_001563.4	3543	3315.29	0	0
NM_001564.4	2458	2230.29	549.003	11.0778
NM_001565.4	1175	947.293	0	0
NM_001566.2	3323	3095.29	0	0
NM_001567.4	4789	4561.29	1431.74	14.126
NM_001568.3	2022	1794.29	7070.99	177.349
NM_001569.4	3581	3353.29	5349.48	71.793
NM_001570.4	3431	3203.29	244.031	3.42839
NM_001571.6	1595	1367.29	509.758	16.7782
NM_001572.5	1923	1695.29	27.5095	0.730266
NM_001584.3	2562	2334.29	0	0
NM_001586.3	1566	1338.29	0	0
NM_001587.4	5149	4921.29	1914.63	17.5084
NM_001604.6	2645	2417.29	0	0
NM_001605.3	3437	3209.29	5736.66	80.4437
NM_001606.5	8103	7875.29	1214.22	6.93863
NM_001607.4	1699	1471.29	740.365	22.6459
NM_001608.4	2515	2287.29	1	0.0196753
NM_001609.4	5848	5620.29	694.49	5.56095
NM_001610.4	2111	1883.29	550.918	13.1647
NM_001611.5	1381	1153.29	12	0.468256
NM_001612.6	1936	1708.29	0	0
NM_001613.4	1349	1121.29	705.027	28.2962
NM_001614.5	1919	1691.29	177202	4715.11
NM_001615.4	1501	1273.29	10	0.353438
NM_001616.5	5214	4986.29	186.946	1.68726
NM_001617.4	9290	9062.29	161.196	0.800493
NM_001618.4	3978	3750.29	5994.9	71.9381
NM_001619.5	3403	3175.29	2353.4	33.3545
NM_001620.3	18761	18533.3	83014.4	201.578
NM_001621.5	6243	6015.29	3522	26.3496
NM_001622.4	1574	1346.29	0	0
NM_001623.5	655	428.76	0	0
NM_001624.4	9110	8882.29	828.719	4.19879
NM_001625.4	5970	5742.29	1747.54	13.6957
NM_001626.6	5250	5022.29	4996.13	44.7686
NM_001627.4	4701	4473.29	29693.2	298.725
NM_001628.4	1361	1133.29	2586.59	102.714
NM_001629.4	869	641.427	0	0
NM_001631.5	3241	3013.29	0	0
NM_001632.5	2754	2526.29	0	0
NM_001633.4	1262	1034.29	0	0
NM_001634.6	3423	3195.29	7048.11	99.2668
NM_001635.4	3224	2996.29	0	0
NM_001636.4	1451	1223.29	13216.3	486.209
NM_001637.4	2385	2157.29	0	0
NM_001638.4	1750	1522.29	2.02667	0.059914
NM_001639.4	925	697.293	0	0
NM_001640.4	2879	2651.29	2213.36	37.5695
NM_001641.4	1453	1225.29	5006.76	183.89
NM_001642.3	3733	3505.29	336.461	4.31969
NM_001643.2	474	256.047	0	0
NM_001644.5	894	666.361	0	0
NM_001645.5	514	292.795	18	2.76663
NM_001646.3	616	390.417	0	0
NM_001647.4	862	634.427	34	2.41179
NM_001648.2	1464	1236.29	0	0
NM_001649.4	7474	7246.29	2.48658	0.0154429
NM_001650.7	5158	4930.29	0	0
NM_001651.4	1449	1221.29	1	0.0368487
NM_001652.4	2544	2316.29	2	0.0388578
NM_001654.5	2378	2150.29	1962.46	41.072
NM_001655.5	3994	3766.29	14329.5	171.222
NM_001656.4	3863	3635.29	1309.34	16.2089
NM_001657.4	1234	1006.29	34	1.52054
NM_001658.4	1840	1612.29	19016.9	530.808
NM_001659.3	4041	3813.29	6705.32	79.1337
NM_001660.4	1596	1368.29	17324	569.785
NM_001661.4	1578	1350.29	679.691	22.653
NM_001662.4	1032	804.293	2511.98	140.554
NM_001663.4	3875	3647.29	9223	113.8
NM_001664.4	1805	1577.29	33910.5	967.53
NM_001665.4	1295	1067.29	2062.92	86.9844
NM_001666.5	3254	3026.29	17	0.252802
NM_001667.4	932	704.293	1120.37	71.5894
NM_001668.4	4710	4482.29	1623.7	16.3023
NM_001669.4	5145	4917.29	352.377	3.22495
NM_001670.3	4056	3828.29	0	0
NM_001671.5	1310	1082.29	0	0
NM_001672.3	653	426.803	0	0
NM_001673.5	2385	2157.29	737.114	15.3769
NM_001674.4	1940	1712.29	84.467	2.21999
NM_001675.4	2041	1813.29	503.359	12.4926
NM_001676.7	4406	4178.29	0	0
NM_001677.4	2216	1988.29	1457.32	32.985
NM_001678.5	3341	3113.29	4.1018	0.0592921
NM_001679.4	1847	1619.29	6859	190.624
NM_001680.5	589	364.098	0	0
NM_001681.4	4325	4097.29	7094.12	77.919
NM_001682.3	6967	6739.29	2971.77	19.8446
NM_001683.5	8829	8601.29	0	0
NM_001684.5	8697	8469.29	18512	98.3667
NM_001685.5	540	317.191	126.386	17.9317
NM_001686.4	1759	1531.29	21347	627.365
NM_001687.5	995	767.293	845.471	49.5883
NM_001688.5	2628	2400.29	5844.98	109.588
NM_001689.5	2587	2359.29	4735.99	90.3381
NM_001690.4	4575	4347.29	2657.07	27.506
NM_001692.4	1907	1679.29	17.0946	0.458116
NM_001693.4	2856	2628.29	2901	49.6725
NM_001694.4	1093	865.293	7016.17	364.904
NM_001695.5	5635	5407.29	3245.91	27.0147
NM_001696.4	1333	1105.29	3357.7	136.712
NM_001697.3	756	528.701	3006	255.871
NM_001698.3	1574	1346.29	312.883	10.4589
NM_001699.6	4690	4462.29	9214.02	92.9252
NM_001700.5	907	679.293	0	0
NM_001701.4	3479	3251.29	0	0
NM_001702.3	6020	5792.29	0	0
NM_001704.3	6090	5862.29	0	0
NM_001706.5	3306	3078.29	498.54	7.2884
NM_001707.4	1663	1435.29	1719.73	53.9214
NM_001709.5	3985	3757.29	896.388	10.7365
NM_001710.6	2476	2248.29	295	5.90488
NM_001711.6	2353	2125.29	45908	972.102
NM_001712.5	3491	3263.29	0	0
NM_001713.3	2470	2242.29	1	0.0200701
NM_001714.4	9419	9191.29	74.5988	0.365256
NM_001715.3	2215	1987.29	2.55933e-07	5.7957e-09
NM_001716.5	4293	4065.29	30.2134	0.334464
NM_001717.4	4579	4351.29	1615.88	16.7122
NM_001718.6	3784	3556.29	2307.07	29.1948
NM_001719.3	4021	3793.29	8	0.0949109
NM_001720.5	4826	4598.29	18.905	0.185021
NM_001721.7	2511	2283.29	0	0
NM_001722.3	5336	5108.29	2287.02	20.1482
NM_001723.7	8971	8743.29	95.8022	0.493109
NM_001724.5	1711	1483.29	1858.03	56.3725
NM_001725.3	1841	1613.29	0	0
NM_001726.4	3156	2928.29	0	0
NM_001727.2	2773	2545.29	0	0
NM_001728.4	1946	1718.29	47.1222	1.23416
NM_001729.4	2653	2425.29	0	0
NM_001730.5	3349	3121.29	73.1957	1.05534
NM_001731.3	4629	4401.29	3784	38.6913
NM_001732.3	2945	2717.29	0	0
NM_001733.7	2488	2260.29	10212.3	203.33
NM_001734.5	2682	2454.29	2106.68	38.629
NM_001735.3	5464	5236.29	6.63352e-08	5.70115e-10
NM_001736.4	2324	2096.29	13	0.279083
NM_001737.5	2770	2542.29	1	0.0177018
NM_001738.5	1884	1656.29	0	0
NM_001739.2	1113	885.293	0	0
NM_001740.5	1454	1226.29	53.0074	1.94529
NM_001741.3	840	612.427	0	0
NM_001742.4	3572	3344.29	0	0
NM_001743.6	1210	982.293	35634	1632.55
NM_001744.6	11942	11714.3	207.644	0.797711
NM_001745.4	2171	1943.29	1286.64	29.7961
NM_001746.4	4915	4687.29	26208.5	251.63
NM_001747.4	1250	1022.29	40.6079	1.78763
NM_001748.5	3366	3138.29	30059	431.045
NM_001749.4	1428	1200.29	3613.82	135.494
NM_001750.7	4490	4262.29	5034.36	53.1549
NM_001751.6	2488	2260.29	1647.53	32.8028
NM_001752.4	2291	2063.29	1610	35.1162
NM_001753.5	2456	2228.29	17862.4	360.752
NM_001754.5	5971	5743.29	0.0149552	0.000117185
NM_001755.3	3134	2906.29	3107.98	48.1262
NM_001756.4	1477	1249.29	0	0
NM_001757.4	1208	980.293	3230.38	148.299
NM_001759.4	6493	6265.29	85	0.610548
NM_001760.5	2026	1798.29	2716.46	67.9806
NM_001761.3	4230	4002.29	4591.32	51.6263
NM_001762.4	2584	2356.29	12724.7	243.031
NM_001763.3	1809	1581.29	0	0
NM_001764.3	1391	1163.29	0	0
NM_001765.3	2442	2214.29	0	0
NM_001766.4	3784	3556.29	0	0
NM_001767.5	1565	1337.29	0	0
NM_001768.7	2106	1878.29	0	0
NM_001769.4	1225	997.293	4049.64	182.741
NM_001770.6	1918	1690.29	1.60652	0.0427726
NM_001771.4	3274	3046.29	0	0
NM_001772.4	1462	1234.29	0	0
NM_001773.3	2598	2370.29	5.09328	0.0967025
NM_001774.3	1259	1031.29	0	0
NM_001775.4	5620	5392.29	3	0.0250374
NM_001776.6	12493	12265.3	0	0
NM_001777.4	5292	5064.29	98.2689	0.873252
NM_001778.4	1097	869.293	0	0
NM_001779.3	1086	858.293	178.517	9.36023
NM_001780.6	1023	795.293	27853.3	1576.13
NM_001781.2	1676	1448.29	0	0
NM_001782.3	1531	1303.29	6.28222	0.216927
NM_001783.4	1099	871.293	4	0.206604
NM_001784.6	2911	2683.29	2194.06	36.7978
NM_001785.3	809	581.487	273	21.1283
NM_001786.5	1889	1661.29	6010.02	162.807
NM_001787.3	3031	2803.29	237.477	3.81237
NM_001788.6	4284	4056.29	94.085	1.04384
NM_001789.3	3844	3616.29	344.531	4.28753
NM_001790.5	2093	1865.29	311.844	7.52372
NM_001791.4	10503	10275.3	7874.39	34.4878
NM_001792.5	4016	3788.29	7761.21	92.1994
NM_001793.6	4452	4224.29	0	0
NM_001794.5	6678	6450.29	603.596	4.21123
NM_001795.5	4057	3829.29	1.99987	0.0235031
NM_001796.5	9316	9088.29	0	0
NM_001797.4	6722	6494.29	27240.6	188.767
NM_001798.5	2240	2012.29	3134.93	70.1098
NM_001799.4	1426	1198.29	1071.97	40.2591
NM_001800.4	1425	1197.29	351.239	13.2022
NM_001801.3	1565	1337.29	40.0612	1.34815
NM_001802.2	2704	2476.29	1400.26	25.4477
NM_001803.3	467	249.436	0	0
NM_001804.3	1775	1547.29	2	0.0581701
NM_001805.4	1191	963.293	1	0.0467179
NM_001806.4	3730	3502.29	1673.8	21.5076
NM_001807.6	2381	2153.29	29	0.60609
NM_001809.4	1389	1161.29	1767.18	68.4827
NM_001810.6	2890	2662.29	7775	131.428
NM_001812.4	6823	6595.29	297.077	2.02711
NM_001813.3	8541	8313.29	62.2289	0.336869
NM_001814.6	1870	1642.29	2031.84	55.6777
NM_001815.5	1167	939.293	0	0
NM_001816.4	2297	2069.29	1.05748	0.0229981
NM_001817.4	1161	933.293	0	0
NM_001818.5	1192	964.293	0	0
NM_001819.3	2462	2234.29	5	0.10071
NM_001821.4	7344	7116.29	113.206	0.715912
NM_001822.7	3156	2928.29	4.65547	0.071547
NM_001823.5	1420	1192.29	984.534	37.1612
NM_001824.5	1556	1328.29	4	0.135522
NM_001825.3	1640	1412.29	8.6143	0.274497
NM_001826.3	779	551.487	3273.64	267.14
NM_001827.3	616	390.417	4435	511.219
NM_001828.6	631	405.178	0	0
NM_001829.4	6635	6407.29	2172.89	15.2618
NM_001830.4	6759	6531.29	144	0.992215
NM_001831.4	2749	2521.29	12457.6	222.357
NM_001832.4	538	315.318	0	0
NM_001833.4	1078	850.293	6134.31	324.668
NM_001834.5	1085	857.293	3070.77	161.198
NM_001835.4	5347	5119.29	111.519	0.980352
NM_001836.5	937	709.293	0	0
NM_001837.4	1717	1489.29	0	0
NM_001838.4	2173	1945.29	0	0
NM_001839.5	1991	1763.29	7820.81	199.604
NM_001841.3	5265	5037.29	0	0
NM_001842.5	1927	1699.29	0	0
NM_001843.4	5667	5439.29	0	0
NM_001844.5	5059	4831.29	0	0
NM_001845.6	6540	6312.29	8153.06	58.1267
NM_001846.4	6446	6218.29	12444	90.0598
NM_001847.4	6549	6321.29	4.49121e-07	3.19742e-09
NM_001848.3	4203	3975.29	392710	4445.75
NM_001849.4	3445	3217.29	276052	3861.39
NM_001850.5	5577	5349.29	2068.6	17.403
NM_001851.6	3697	3469.29	0	0
NM_001852.4	2852	2624.29	29	0.497311
NM_001853.4	2497	2269.29	12	0.237976
NM_001854.4	7311	7083.29	4049.1	25.7256
NM_001855.5	5223	4995.29	1444	13.0091
NM_001856.4	5418	5190.29	1724.34	14.9511
NM_001858.6	8740	8512.29	0	0
NM_001859.4	4762	4534.29	3305.71	32.8093
NM_001860.3	1723	1495.29	1027.16	30.914
NM_001861.6	763	535.541	5274.39	443.222
NM_001862.3	690	463.088	2150	208.938
NM_001863.5	488	268.748	2373	397.37
NM_001864.4	340	145.187	464	143.825
NM_001865.6	910	682.293	0.22122	0.0145914
NM_001866.3	2444	2216.29	1344.08	27.2924
NM_001867.3	629	403.218	2080	232.148
NM_001868.4	1384	1156.29	0	0
NM_001869.3	1330	1102.29	0	0
NM_001870.4	1762	1534.29	1	0.0293315
NM_001871.3	1452	1224.29	0	0
NM_001872.5	1724	1496.29	0	0
NM_001873.4	2582	2354.29	223	4.26272
NM_001874.5	6898	6670.29	0	0
NM_001875.5	5760	5532.29	0	0
NM_001876.4	5238	5010.29	2829.88	25.4183
NM_001877.5	3962	3734.29	0	0
NM_001878.4	974	746.293	8519.51	513.745
NM_001879.6	4994	4766.29	281.028	2.65345
NM_001880.4	4164	3936.29	1077.07	12.314
NM_001881.4	1129	901.293	133.073	6.64453
NM_001882.4	1645	1417.29	113	3.58807
NM_001883.5	2930	2702.29	0	0
NM_001884.4	4849	4621.29	46	0.447957
NM_001885.3	983	755.293	1645.38	98.0379
NM_001886.3	809	581.487	0	0
NM_001887.4	1041	813.293	0	0
NM_001888.5	1482	1254.29	1	0.0358792
NM_001889.4	1908	1680.29	1303.15	34.9021
NM_001890.2	998	770.293	0	0
NM_001891.4	1114	886.293	0	0
NM_001892.6	5360	5132.29	6777.1	59.4258
NM_001893.6	3681	3453.29	293.839	3.8293
NM_001894.5	2642	2414.29	0.00398238	7.42327e-05
NM_001895.4	12867	12639.3	2054.98	7.31691
NM_001896.4	1887	1659.29	447.991	12.1503
NM_001897.5	8290	8062.29	5973.46	33.3434
NM_001898.3	749	521.701	3	0.258787
NM_001899.3	749	521.701	0	0
NM_001900.5	755	527.701	0	0
NM_001901.4	2338	2110.29	27576.8	588.09
NM_001902.6	2090	1862.29	107	2.5857
NM_001903.5	3754	3526.29	15701.7	200.388
NM_001904.4	3661	3433.29	5637.32	73.8931
NM_001905.4	2840	2612.29	3773.37	65.0054
NM_001906.6	870	642.427	0	0
NM_001907.3	1165	937.293	14.0659	0.675358
NM_001908.5	3733	3505.29	56239.9	722.042
NM_001909.5	2055	1827.29	8177.83	201.406
NM_001910.4	2214	1986.29	0	0
NM_001911.3	914	686.293	0	0
NM_001912.5	1654	1426.29	5114.89	161.388
NM_001913.5	2929	2701.29	1241.13	20.6769
NM_001914.4	3255	3027.29	0	0
NM_001915.4	2929	2701.29	2000.3	33.3247
NM_001916.5	1191	963.293	3555	166.082
NM_001917.5	1694	1466.29	0	0
NM_001918.5	10799	10571.3	443.96	1.88998
NM_001919.4	1507	1279.29	706.62	24.8575
NM_001920.5	6850	6622.29	13607.4	92.4719
NM_001921.3	1928	1700.29	1080.15	28.5892
NM_001922.5	5074	4846.29	0	0
NM_001923.5	4245	4017.29	12318	137.99
NM_001924.4	1352	1124.29	795.086	31.8256
NM_001925.3	587	362.135	0	0
NM_001926.4	465	247.59	0	0
NM_001927.4	2243	2015.29	429	9.57991
NM_001928.4	1191	963.293	385.615	18.0151
NM_001930.4	1345	1117.29	1176.68	47.3951
NM_001931.5	3878	3650.29	3173.58	39.1259
NM_001932.6	2790	2562.29	29.8443	0.524172
NM_001933.5	2813	2585.29	6390.6	111.243
NM_001934.4	1763	1535.29	0	0
NM_001935.4	3573	3345.29	1707.41	22.9692
NM_001936.5	4553	4325.29	0	0
NM_001937.5	1719	1491.29	131	3.95322
NM_001938.3	10124	9896.29	4913.54	22.3442
NM_001939.3	7282	7054.29	129.198	0.824223
NM_001940.4	4702	4474.29	2158.54	21.7109
NM_001941.5	7583	7355.29	7.00038	0.0428316
NM_001942.4	7191	6963.29	0	0
NM_001943.5	5697	5469.29	21.0193	0.172954
NM_001944.3	5579	5351.29	1.26748	0.0106592
NM_001945.3	2358	2130.29	516	10.9007
NM_001946.4	3627	3399.29	1238.27	16.3934
NM_001947.4	3361	3133.29	1388	19.9357
NM_001948.4	1845	1617.29	2391.69	66.5516
NM_001949.5	5036	4808.29	172.999	1.61918
NM_001950.4	2110	1882.29	2770	66.227
NM_001951.4	1964	1736.29	35.0935	0.909591
NM_001953.5	1586	1358.29	224.821	7.44878
NM_001954.5	3824	3596.29	12.055	0.150853
NM_001955.5	2035	1807.29	81.451	2.0282
NM_001956.5	1253	1025.29	0	0
NM_001957.4	3970	3742.29	1552.06	18.6644
NM_001958.5	1773	1545.29	13	0.378595
NM_001959.4	808	580.487	10847.9	841.003
NM_001960.7	985	757.293	7455.21	443.035
NM_001961.4	3158	2930.29	85854	1318.54
NM_001962.3	5372	5144.29	7.12536	0.0623338
NM_001963.6	6388	6160.29	9.00041	0.0657512
NM_001964.3	3137	2909.29	240	3.7125
NM_001965.4	2220	1992.29	0	0
NM_001966.4	3801	3573.29	425.847	5.36323
NM_001967.4	1886	1658.29	7362	199.791
NM_001968.5	2427	2199.29	5623.39	115.069
NM_001969.5	5710	5482.29	14640.5	120.181
NM_001970.5	1264	1036.29	34062.9	1479.25
NM_001971.6	953	725.293	0	0
NM_001972.4	909	681.293	0	0
NM_001973.4	10288	10060.3	1757.33	7.86115
NM_001974.5	3112	2884.29	0	0
NM_001975.3	2294	2066.29	4606.24	100.322
NM_001976.5	1495	1267.29	0	0
NM_001977.4	6861	6633.29	54.4847	0.369647
NM_001978.5	2868	2640.29	0	0
NM_001979.6	2776	2548.29	0	0
NM_001980.5	3315	3087.29	2695.89	39.2977
NM_001981.3	5163	4935.29	2648.57	24.1513
NM_001982.4	5615	5387.29	37.9325	0.316871
NM_001983.4	3379	3151.29	554.449	7.91799
NM_001984.2	1121	893.293	4243.17	213.766
NM_001985.3	872	644.427	2036.83	142.24
NM_001986.4	2218	1990.29	0.000513909	1.16201e-05
NM_001987.5	6144	5916.29	540.768	4.11343
NM_001988.4	6468	6240.29	0.999999	0.00721169
NM_001989.5	2858	2630.29	0	0
NM_001990.4	5999	5771.29	189.674	1.47903
NM_001991.5	4633	4405.29	743.603	7.59642
NM_001992.5	3727	3499.29	15003.1	192.949
NM_001993.5	2298	2070.29	2227.31	48.4163
NM_001994.3	2660	2432.29	0	0
NM_001995.5	3712	3484.29	1209.29	15.6192
NM_001996.4	2251	2023.29	2724.51	60.5999
NM_001997.5	506	285.56	6627	1044.39
NM_001998.3	4165	3937.29	26879.3	307.229
NM_001999.4	10927	10699.3	4122.99	17.342
NM_002000.4	2476	2248.29	0	0
NM_002001.4	1463	1235.29	0	0
NM_002002.5	1581	1353.29	0	0
NM_002003.5	7588	7360.29	4.18071	0.0255622
NM_002004.4	1417	1189.29	188.769	7.14305
NM_002005.4	2737	2509.29	205.481	3.68521
NM_002006.6	6801	6573.29	4676.3	32.0156
NM_002007.4	3165	2937.29	0	0
NM_002009.4	5321	5093.29	6594.19	58.2646
NM_002010.3	4530	4302.29	0	0
NM_002011.5	3049	2821.29	0.00958796	0.00015294
NM_002012.4	3116	2888.29	0	0
NM_002013.4	1299	1071.29	2364.72	99.3374
NM_002014.4	3715	3487.29	3319.7	42.8403
NM_002015.4	5779	5551.29	78.0309	0.632579
NM_002016.2	12793	12565.3	133.886	0.479519
NM_002017.5	3825	3597.29	437.983	5.47928
NM_002018.4	4181	3953.29	5783.63	65.8391
NM_002019.4	7123	6895.29	67.4266	0.440069
NM_002020.5	4484	4256.29	4	0.0422932
NM_002021.3	2143	1915.29	0	0
NM_002022.3	2303	2075.29	20.7126	0.449156
NM_002023.5	2943	2715.29	1642	27.2144
NM_002024.6	4441	4213.29	455.164	4.8617
NM_002025.4	13748	13520.3	0	0
NM_002026.4	8024	7796.29	273049	1576.14
NM_002027.3	1667	1439.29	1692.87	52.9317
NM_002028.4	2711	2483.29	906.748	16.4324
NM_002029.4	1298	1070.29	57.8822	2.4338
NM_002030.5	2627	2399.29	0	0
NM_002031.3	13363	13135.3	19.0367	0.0652219
NM_002032.3	1203	975.293	36642.4	1690.8
NM_002033.4	5975	5747.29	719.398	5.63311
NM_002034.2	1988	1760.29	0	0
NM_002035.4	5143	4915.29	3491.26	31.965
NM_002036.4	1146	918.293	0	0
NM_002037.5	3628	3400.29	1681.31	22.2523
NM_002038.4	812	584.487	354.374	27.2853
NM_002039.4	7774	7546.29	167.362	0.998083
NM_002040.4	5226	4998.29	1535.31	13.8234
NM_002041.5	1433	1205.29	429.212	16.0259
NM_002042.5	2742	2514.29	0	0
NM_002043.5	4738	4510.29	0	0
NM_002044.4	5176	4948.29	42.399	0.385605
NM_002045.4	1498	1270.29	159.667	5.65657
NM_002046.7	1285	1057.29	157395	6699.41
NM_002047.4	2437	2209.29	12850.6	261.765
NM_002048.3	3145	2917.29	1796	27.7057
NM_002049.4	1464	1236.29	0	0
NM_002051.3	3080	2852.29	3.22587e-05	5.08974e-07
NM_002052.5	3416	3188.29	0	0
NM_002053.3	2883	2655.29	679.153	11.5106
NM_002054.5	1124	896.293	1	0.0502102
NM_002055.5	5501	5273.29	9.97797	0.0851535
NM_002056.4	8611	8383.29	5734.35	30.7831
NM_002059.5	903	675.361	0	0
NM_002060.3	1621	1393.29	2	0.0645996
NM_002061.4	4883	4655.29	2428.72	23.4787
NM_002062.5	6682	6454.29	0	0
NM_002063.4	3208	2980.29	0	0
NM_002064.3	1500	1272.29	57.9771	2.05075
NM_002065.7	7910	7682.29	171.201	1.0029
NM_002066.3	728	500.753	0	0
NM_002067.5	4190	3962.29	5713	64.8873
NM_002068.4	2273	2045.29	0	0
NM_002069.6	10083	9855.29	2038.37	9.30799
NM_002070.4	2219	1991.29	15240.5	344.435
NM_002072.5	6882	6654.29	3040.45	20.5626
NM_002073.4	3170	2942.29	24.322	0.37201
NM_002074.5	3163	2935.29	18367.9	281.611
NM_002075.4	1657	1429.29	40.7508	1.28309
NM_002076.4	5081	4853.29	7337.96	68.0426
NM_002077.4	4877	4649.29	897.475	8.68716
NM_002078.5	7806	7578.29	6.53397e-07	3.88015e-09
NM_002079.3	1978	1750.29	1300	33.4253
NM_002080.4	2421	2193.29	3891.47	79.8472
NM_002081.3	3719	3491.29	4100	52.8494
NM_002082.4	2735	2507.29	655.137	11.759
NM_002083.4	922	694.293	0	0
NM_002084.5	1603	1375.29	2021	66.1323
NM_002085.5	851	623.427	96.8725	6.99289
NM_002086.5	3273	3045.29	4856.06	71.7624
NM_002087.4	2130	1902.29	6703	158.575
NM_002088.5	4506	4278.29	0	0
NM_002089.4	1115	887.293	236.865	12.0137
NM_002090.3	1075	847.293	558.135	29.6447
NM_002091.5	858	630.427	0	0
NM_002092.4	6610	6382.29	7827.69	55.1949
NM_002093.4	7782	7554.29	164.608	0.980617
NM_002094.4	7141	6913.29	10445.9	67.9988
NM_002095.6	1747	1519.29	1611.8	47.7431
NM_002096.3	2432	2204.29	3863.83	78.8844
NM_002097.3	1443	1215.29	3684.87	136.453
NM_002098.6	2270	2042.29	25.0211	0.551355
NM_002099.8	2627	2399.29	0	0
NM_002100.6	564	339.768	0	0
NM_002101.5	1018	790.293	793.493	45.1853
NM_002102.4	493	273.443	0	0
NM_002103.5	3569	3341.29	5205.51	70.1118
NM_002104.3	1506	1278.29	6	0.211234
NM_002105.3	1592	1364.29	9433.8	311.187
NM_002106.4	866	638.427	16065	1132.43
NM_002107.7	1070	842.293	2384.65	127.41
NM_002108.4	3892	3664.29	0	0
NM_002109.6	1948	1720.29	4022.61	105.232
NM_002110.5	2101	1873.29	0	0
NM_002111.8	13498	13270.3	715.323	2.42585
NM_002112.4	2405	2177.29	0	0
NM_002113.3	1297	1069.29	0	0
NM_002114.4	9053	8825.29	432.634	2.20614
NM_002115.3	3082	2854.29	0	0
NM_002116.8	1535	1307.29	7318.05	251.921
NM_002117.6	1542	1314.29	186.021	6.36958
NM_002118.5	1348	1120.29	2	0.0803416
NM_002119.4	3464	3236.29	13.4961	0.187674
NM_002120.4	1326	1098.29	10	0.409755
NM_002121.6	3991	3763.29	237.299	2.83772
NM_002122.5	1574	1346.29	1.32432	0.0442685
NM_002123.5	1605	1377.29	0	0
NM_002124.4	1223	995.293	1.0267	0.046423
NM_002125.4	1250	1022.29	0	0
NM_002126.5	5721	5493.29	0	0
NM_002127.6	1489	1261.29	0	0
NM_002128.7	5456	5228.29	354.01	3.04718
NM_002129.4	1441	1213.29	8033.33	297.97
NM_002130.8	5291	5063.29	462.011	4.1064
NM_002131.4	1887	1659.29	8005.85	217.133
NM_002133.3	1554	1326.29	10410	353.227
NM_002134.4	1673	1445.29	1607.15	50.0431
NM_002135.5	2635	2407.29	113.15	2.11528
NM_002136.4	3588	3360.29	16676.9	223.348
NM_002137.4	3628	3400.29	14398.2	190.562
NM_002138.4	2921	2693.29	7176.78	119.919
NM_002139.4	2012	1784.29	7380.44	186.148
NM_002140.5	2939	2711.29	4639	76.9999
NM_002141.5	1687	1459.29	163.016	5.02723
NM_002143.3	1412	1184.29	1	0.0379999
NM_002144.4	2034	1806.29	0	0
NM_002145.4	1682	1454.29	2324.46	71.9303
NM_002146.4	3627	3399.29	0	0
NM_002147.4	1859	1631.29	659	18.1801
NM_002148.4	1785	1557.29	41	1.18483
NM_002149.4	1749	1521.29	582.402	17.2287
NM_002150.3	1419	1191.29	15	0.56665
NM_002151.5	1785	1557.29	0	0
NM_002152.3	2357	2129.29	0	0
NM_002153.3	1434	1206.29	0	0
NM_002154.4	4774	4546.29	9358.01	92.6336
NM_002155.5	2355	2127.29	26.3481	0.557396
NM_002156.5	2245	2017.29	16624.3	370.866
NM_002157.3	557	333.141	3755.54	507.325
NM_002158.4	5437	5209.29	180.727	1.5613
NM_002159.4	547	323.768	0	0
NM_002160.4	8500	8272.29	4561.78	24.8171
NM_002161.6	4483	4255.29	6935.95	73.3532
NM_002162.5	1735	1507.29	0	0
NM_002163.4	2668	2440.29	0	0
NM_002164.6	1849	1621.29	8.00175	0.222109
NM_002165.4	983	755.293	8287.04	493.772
NM_002166.5	1299	1071.29	8131	341.569
NM_002167.5	950	722.293	12497	778.636
NM_002168.4	2658	2430.29	1099.15	20.3536
NM_002169.3	988	760.293	0	0
NM_002170.4	1069	841.293	2	0.106985
NM_002171.2	963	735.293	0	0
NM_002172.3	1004	776.293	0	0
NM_002173.3	939	711.293	0	0
NM_002175.2	1024	796.293	0	0
NM_002176.4	839	611.427	0	0
NM_002177.3	1201	973.293	3	0.138714
NM_002178.3	947	719.293	14268.1	892.693
NM_002180.3	3914	3686.29	506.457	6.18294
NM_002181.4	2473	2245.29	2	0.0400866
NM_002182.4	4745	4517.29	307.554	3.06398
NM_002183.4	1541	1313.29	0	0
NM_002184.4	9027	8799.29	17686.3	90.4548
NM_002185.5	4584	4356.29	116.443	1.20292
NM_002186.3	2038	1810.29	0	0
NM_002187.3	2364	2136.29	5.20548	0.109658
NM_002188.3	1283	1055.29	0	0
NM_002189.4	1566	1338.29	0	0
NM_002190.3	1871	1643.29	0	0
NM_002191.4	1351	1123.29	11	0.440699
NM_002192.4	6046	5818.29	36966.7	285.929
NM_002193.4	3206	2978.29	21	0.317318
NM_002194.4	1900	1672.29	1157.06	31.1377
NM_002195.2	1952	1724.29	0	0
NM_002196.3	2846	2618.29	0	0
NM_002197.3	7443	7215.29	2815.15	17.5586
NM_002198.3	3554	3326.29	350.344	4.73998
NM_002199.4	2257	2029.29	691	15.3241
NM_002201.6	1583	1355.29	20.5936	0.683819
NM_002202.3	2394	2166.29	0	0
NM_002203.4	7843	7615.29	7980.89	47.1636
NM_002204.4	4889	4661.29	1786.58	17.2488
NM_002205.5	4250	4022.29	39589.5	442.944
NM_002206.3	4126	3898.29	0	0
NM_002207.3	7860	7632.29	82.227	0.484844
NM_002208.5	3803	3575.29	69.3863	0.873382
NM_002209.3	5129	4901.29	0	0
NM_002210.5	7039	6811.29	17295.7	114.275
NM_002211.4	3735	3507.29	173867	2230.93
NM_002212.4	1069	841.293	3122.92	167.054
NM_002213.5	4440	4212.29	13907.9	148.589
NM_002214.3	8974	8746.29	91.236	0.469445
NM_002215.4	2904	2676.29	0	0
NM_002216.3	3146	2918.29	5	0.0771051
NM_002217.4	2797	2569.29	0	0
NM_002218.5	3282	3054.29	24	0.353625
NM_002220.3	1825	1597.29	32.0055	0.901742
NM_002221.4	6269	6041.29	59.0593	0.439947
NM_002222.7	9719	9491.29	0	0
NM_002223.4	12564	12336.3	1302.1	4.75007
NM_002224.4	9079	8851.29	4521.22	22.9875
NM_002225.5	4350	4122.29	1181.54	12.8989
NM_002226.5	5773	5545.29	0	0
NM_002227.4	5092	4864.29	15235.1	140.951
NM_002228.4	3257	3029.29	8180	121.522
NM_002229.3	1830	1602.29	2106	59.1505
NM_002230.4	3505	3277.29	37.4815	0.514688
NM_002231.4	2212	1984.29	345.225	7.82958
NM_002232.5	2476	2248.29	4.86098	0.0973001
NM_002233.4	4190	3962.29	4	0.0454314
NM_002234.4	2910	2682.29	0	0
NM_002235.5	3985	3757.29	6.61943	0.0792844
NM_002236.5	2292	2064.29	2	0.0436014
NM_002237.4	2189	1961.29	427.218	9.80278
NM_002238.4	8059	7831.29	23.687	0.136119
NM_002239.4	4628	4400.29	0	0
NM_002240.5	19659	19431.3	31.6529	0.0733084
NM_002241.5	5205	4977.29	2.02548	0.0183138
NM_002242.4	3609	3381.29	0	0
NM_002243.5	8399	8171.29	0	0
NM_002245.4	2061	1833.29	142	3.48577
NM_002246.3	6191	5963.29	29.1574	0.220041
NM_002247.4	6087	5859.29	3802.84	29.2082
NM_002248.5	3633	3405.29	0	0
NM_002249.6	13034	12806.3	0	0
NM_002250.3	1956	1728.29	543.644	14.156
NM_002251.5	5649	5421.29	0	0
NM_002252.5	2341	2113.29	155.66	3.31481
NM_002253.4	5833	5605.29	10	0.0802868
NM_002254.8	5342	5114.29	1853.51	16.31
NM_002255.6	1582	1354.29	0	0
NM_002256.4	714	486.852	36	3.32773
NM_002257.4	876	648.427	0	0
NM_002258.3	1478	1250.29	0	0
NM_002259.5	1436	1208.29	0	0
NM_002260.4	1238	1010.29	0	0
NM_002261.3	1025	797.293	1	0.0564448
NM_002262.5	15563	15335.3	0	0
NM_002263.4	2391	2163.29	3677.66	76.5065
NM_002264.4	6888	6660.29	4794.74	32.3977
NM_002265.6	6058	5830.29	31573.5	243.711
NM_002266.4	1977	1749.29	28330.9	728.854
NM_002267.4	4222	3994.29	7453.46	83.9769
NM_002268.5	8952	8724.29	6986.75	36.0402
NM_002269.3	2151	1923.29	76.2155	1.78336
NM_002270.4	8489	8261.29	1.89011	0.0102963
NM_002271.6	6002	5774.29	2.78343e-08	2.16932e-10
NM_002272.4	2141	1913.29	0	0
NM_002273.4	1784	1556.29	296.442	8.57217
NM_002274.4	1688	1460.29	3.89043	0.119895
NM_002275.4	1712	1484.29	99	3.00163
NM_002276.5	1390	1162.29	4747	183.8
NM_002277.3	1615	1387.29	0	0
NM_002278.3	2005	1777.29	0	0
NM_002279.5	1616	1388.29	45	1.45873
NM_002280.6	1768	1540.29	0	0
NM_002281.4	1929	1701.29	961.66	25.4381
NM_002282.3	1875	1647.29	0	0
NM_002283.4	2447	2219.29	3.00246	0.0608842
NM_002285.3	9987	9759.29	1.02592e-06	4.73085e-09
NM_002286.6	1976	1748.29	22.2575	0.572934
NM_002287.6	4875	4647.29	0	0
NM_002288.6	665	438.717	0	0
NM_002289.3	728	500.753	0	0
NM_002290.5	7207	6979.29	7374.83	47.5535
NM_002291.3	5650	5422.29	20334.5	168.769
NM_002292.4	5692	5464.29	18041.8	148.59
NM_002293.4	7929	7701.29	95266	556.694
NM_002294.3	6535	6307.29	1828.8	13.0486
NM_002295.6	1140	912.293	32209.6	1588.89
NM_002296.4	3748	3520.29	3858.32	49.3245
NM_002297.4	787	559.487	0	0
NM_002298.5	3643	3415.29	50.7691	0.668981
NM_002299.4	6273	6045.29	0	0
NM_002300.8	1303	1075.29	8341.9	349.125
NM_002301.5	2089	1861.29	0	0
NM_002302.3	1033	805.293	5	0.27942
NM_002303.6	8211	7983.29	17.8856	0.100824
NM_002304.3	2058	1830.29	90.4701	2.22447
NM_002305.4	528	305.914	36920	5431.31
NM_002306.4	958	730.293	3319.65	204.568
NM_002307.4	494	274.359	0	0
NM_002308.4	1628	1400.29	0.741996	0.0238465
NM_002309.5	3871	3643.29	116.788	1.4426
NM_002310.6	10385	10157.3	0.00147639	6.54131e-06
NM_002311.5	3070	2842.29	556.39	8.80953
NM_002312.3	4115	3887.29	0.00169207	1.95891e-05
NM_002313.7	7560	7332.29	0	0
NM_002314.4	3355	3127.29	4856.76	69.8908
NM_002315.3	1294	1066.29	0	0
NM_002316.4	6291	6063.29	3.28468	0.0243796
NM_002317.7	5076	4848.29	172794	1603.92
NM_002318.3	3721	3493.29	66527.9	857.06
NM_002319.5	3177	2949.29	1131.37	17.2635
NM_002332.3	14923	14695.3	89819	275.063
NM_002333.4	4058	3830.29	2159.26	25.3697
NM_002334.4	8155	7927.29	785.338	4.45835
NM_002335.4	5177	4949.29	1025.34	9.32322
NM_002336.3	10252	10024.3	1981.64	8.89638
NM_002337.4	10446	10218.3	3324.26	14.6406
NM_002338.5	9416	9188.29	383.238	1.87705
NM_002339.3	1585	1357.29	282.515	9.3672
NM_002340.6	4886	4658.29	2100.77	20.2952
NM_002341.2	893	665.361	0	0
NM_002342.3	2134	1906.29	4246.93	100.26
NM_002343.6	2721	2493.29	0.0354607	0.000640053
NM_002344.6	3072	2844.29	0	0
NM_002345.4	2671	2443.29	7943	146.302
NM_002346.3	1131	903.293	3257.06	162.27
NM_002347.5	887	659.427	0	0
NM_002348.4	2421	2193.29	0	0
NM_002349.4	6932	6704.29	12.6683	0.0850368
NM_002350.4	5872	5644.29	44.8439	0.35755
NM_002351.5	2236	2008.29	0	0
NM_002353.3	1820	1592.29	7	0.197841
NM_002354.3	1547	1319.29	3	0.102335
NM_002355.4	2450	2222.29	3677.15	74.4651
NM_002356.7	4296	4068.29	22167	245.209
NM_002357.4	5549	5321.29	287	2.42721
NM_002358.4	5227	4999.29	4313.95	38.8337
NM_002359.4	5061	4833.29	1384.66	12.8927
NM_002360.4	3380	3152.29	2114.46	30.1867
NM_002361.4	2357	2129.29	0	0
NM_002362.4	1727	1499.29	0	0
NM_002363.5	1867	1639.29	0	0
NM_002364.5	1607	1379.29	0	0
NM_002365.5	2087	1859.29	0	0
NM_002367.4	2188	1960.29	0	0
NM_002370.4	656	429.76	1256.97	131.626
NM_002371.4	1084	856.293	0	0
NM_002372.4	6553	6325.29	2671.89	19.0099
NM_002373.6	10266	10038.3	9441.04	42.3255
NM_002374.4	9519	9291.29	0	0
NM_002375.5	5891	5663.29	10437.1	82.9377
NM_002376.7	3409	3181.29	0.0475492	0.000672639
NM_002377.4	10881	10653.3	1.62868e-08	6.88008e-11
NM_002378.4	2062	1834.29	0	0
NM_002379.3	3830	3602.29	9.92326	0.12397
NM_002380.5	4133	3905.29	313.933	3.61764
NM_002381.5	2557	2329.29	317	6.1246
NM_002382.5	2010	1782.29	978.522	24.7078
NM_002383.4	2540	2312.29	676.921	13.1746
NM_002384.3	2703	2475.29	13.0278	0.236857
NM_002385.3	2202	1974.29	0	0
NM_002386.4	2111	1883.29	473.931	11.325
NM_002387.3	8239	8011.29	311.691	1.75091
NM_002388.6	3068	2840.29	3321.76	52.6317
NM_002389.4	3402	3174.29	499.591	7.08288
NM_002390.6	4614	4386.29	1.22038	0.012521
NM_002391.6	830	602.427	618.218	46.1827
NM_002392.6	7490	7262.29	1500.81	9.30024
NM_002393.5	10050	9822.29	365.47	1.67449
NM_002394.6	2221	1993.29	47.7533	1.07814
NM_002395.6	3338	3110.29	503	7.27795
NM_002396.5	9031	8803.29	1983.52	10.1399
NM_002397.5	7281	7053.29	0	0
NM_002398.3	4566	4338.29	627	6.50416
NM_002399.4	4886	4658.29	146.938	1.41955
NM_002401.5	4752	4524.29	825.449	8.21073
NM_002402.4	2646	2418.29	1410.22	26.2434
NM_002403.4	1045	817.293	1039.22	57.2229
NM_002404.3	1820	1592.29	3162.87	89.3923
NM_002405.4	2073	1845.29	0	0
NM_002406.4	8445	8217.29	1326.28	7.26356
NM_002407.3	520	298.404	0	0
NM_002408.4	2683	2455.29	5009	91.81
NM_002409.5	5394	5166.29	0	0
NM_002410.5	8332	8104.29	4.27415e-08	2.37343e-10
NM_002411.4	506	285.56	0	0
NM_002412.5	4678	4450.29	446.979	4.52002
NM_002413.5	740	512.753	59.0766	5.18502
NM_002414.5	1129	901.293	25015.5	1249.07
NM_002415.2	557	333.141	10721.1	1448.28
NM_002416.3	2761	2533.29	2	0.0355293
NM_002417.5	12716	12488.3	7451.72	26.8532
NM_002418.3	558	334.107	0	0
NM_002419.4	3543	3315.29	1564.09	21.2316
NM_002420.6	5701	5473.29	0	0
NM_002421.4	1971	1743.29	25463	657.326
NM_002422.5	1822	1594.29	74810.9	2111.73
NM_002423.5	1119	891.293	0	0
NM_002424.3	3055	2827.29	31.4847	0.501154
NM_002425.3	1759	1531.29	224.053	6.58468
NM_002426.6	1822	1594.29	325	9.17397
NM_002427.4	2714	2486.29	5	0.0905024
NM_002428.4	4062	3834.29	36	0.422532
NM_002429.6	3236	3008.29	452.316	6.76649
NM_002430.3	7814	7586.29	2202	13.0626
NM_002431.4	2648	2420.29	446.585	8.30383
NM_002432.3	1716	1488.29	0	0
NM_002433.5	1792	1564.29	0	0
NM_002434.4	1229	1001.29	98.3519	4.42042
NM_002435.3	5793	5565.29	758.36	6.13239
NM_002436.4	2006	1778.29	1053.18	26.6528
NM_002437.5	1002	774.293	1312.33	76.2748
NM_002438.4	5188	4960.29	1	0.00907267
NM_002439.5	4443	4215.29	1073.87	11.4648
NM_002440.4	3270	3042.29	4	0.05917
NM_002441.5	2879	2651.29	93.6254	1.5892
NM_002442.4	2959	2731.29	0	0
NM_002443.4	486	266.912	0	0
NM_002444.3	3960	3732.29	52469.1	632.66
NM_002445.4	2820	2592.29	10.1086	0.175489
NM_002446.4	3754	3526.29	625.191	7.97878
NM_002447.4	4772	4544.29	0	0
NM_002448.3	1940	1712.29	1689.85	44.4133
NM_002449.5	2195	1967.29	33	0.754896
NM_002451.4	6032	5804.29	2449.97	18.9956
NM_002452.4	658	431.717	551.676	57.5078
NM_002453.3	2536	2308.29	1124.48	21.9231
NM_002454.3	3245	3017.29	547.084	8.15979
NM_002455.5	1636	1408.29	1078.37	34.4602
NM_002456.6	1199	971.293	0	0
NM_002457.5	15574	15346.3	0	0
NM_002458.3	17911	17683.3	0	0
NM_002460.4	5314	5086.29	0	0
NM_002461.3	1799	1571.29	743.677	21.2995
NM_002462.5	2776	2548.29	0	0
NM_002463.2	3408	3180.29	136.654	1.93374
NM_002465.4	4082	3854.29	0	0
NM_002466.4	2668	2440.29	2877.45	53.065
NM_002467.6	3721	3493.29	2998.71	38.6315
NM_002468.5	2667	2439.29	827.076	15.2589
NM_002469.3	1329	1101.29	9	0.367775
NM_002470.4	6032	5804.29	47.3925	0.367454
NM_002471.4	5940	5712.29	0	0
NM_002472.3	6041	5813.29	1	0.00774141
NM_002473.6	7451	7223.29	77267	481.394
NM_002474.3	6880	6652.29	56.5804	0.382769
NM_002475.5	828	600.427	1071.57	80.3161
NM_002476.2	855	627.427	3.33569	0.239257
NM_002477.2	940	712.293	10.0692	0.636175
NM_002478.5	1803	1575.29	0	0
NM_002479.6	1507	1279.29	1	0.0351781
NM_002480.3	5620	5392.29	7008.84	58.4945
NM_002481.4	15244	15016.3	7.33196	0.0219735
NM_002482.4	3225	2997.29	3367.22	50.5574
NM_002483.7	2594	2366.29	0	0
NM_002484.4	1231	1003.29	753.447	33.7961
NM_002485.5	4622	4394.29	2127.4	21.7872
NM_002486.5	4983	4755.29	3100.63	29.3437
NM_002487.3	1906	1678.29	1876	50.3045
NM_002488.5	649	422.846	711.665	75.7418
NM_002489.4	2035	1807.29	2541.9	63.2954
NM_002490.6	1072	844.293	2201	117.319
NM_002491.3	493	273.443	1220.21	200.821
NM_002492.4	4199	3971.29	1349.93	15.2975
NM_002493.5	1361	1133.29	1141.66	45.3355
NM_002494.3	860	632.427	25.5792	1.8202
NM_002495.4	669	442.629	1280.28	130.169
NM_002496.4	737	509.753	1473	130.043
NM_002497.4	2134	1906.29	2670.87	63.0529
NM_002498.3	2128	1900.29	281.479	6.66602
NM_002499.4	7108	6880.29	0.871334	0.00569928
NM_002500.5	2493	2265.29	0	0
NM_002501.4	5862	5634.29	1244.53	9.94047
NM_002502.6	3012	2784.29	229.239	3.70523
NM_002503.5	1192	964.293	227.523	10.6184
NM_002504.6	4599	4371.29	811.313	8.35259
NM_002505.5	6209	5981.29	1518.64	11.4262
NM_002506.3	1061	833.293	693.584	37.4579
NM_002507.4	3408	3180.29	97	1.37261
NM_002508.3	5792	5564.29	9891	79.9968
NM_002509.4	2123	1895.29	0	0
NM_002510.3	2650	2422.29	670.574	12.4584
NM_002511.4	3079	2851.29	2.62792	0.0414775
NM_002512.4	690	463.088	13730.3	1334.32
NM_002513.3	848	620.427	345.242	25.0423
NM_002514.4	2463	2235.29	81	1.63077
NM_002515.3	6990	6762.29	63.5885	0.423182
NM_002516.4	8122	7894.29	2	0.0114014
NM_002517.4	2100	1872.29	242.124	5.81977
NM_002518.4	4020	3792.29	209.072	2.48106
NM_002519.3	6113	5885.29	982.389	7.51204
NM_002520.7	1320	1092.29	38389.7	1581.67
NM_002521.3	708	480.9	0	0
NM_002522.4	5439	5211.29	521	4.49919
NM_002523.3	2713	2485.29	43	0.778634
NM_002524.5	4326	4098.29	7232	79.4141
NM_002525.3	3798	3570.29	1135.63	14.3145
NM_002526.4	3562	3334.29	30327.3	409.329
NM_002527.5	1168	940.293	0	0
NM_002528.7	1030	802.293	281.404	15.7848
NM_002529.4	2669	2441.29	0	0
NM_002530.4	19976	19748.3	0	0
NM_002531.3	4133	3905.29	61	0.70294
NM_002532.6	3611	3383.29	2666.06	35.4628
NM_002533.4	2897	2669.29	591.355	9.96997
NM_002534.4	1447	1219.29	10.6299	0.39234
NM_002535.3	4622	4394.29	53.7667	0.550638
NM_002536.4	3785	3557.29	415.978	5.26251
NM_002537.3	1947	1719.29	2801.39	73.3274
NM_002538.4	6183	5955.29	0	0
NM_002539.3	2476	2248.29	5428.42	108.658
NM_002540.5	4041	3813.29	8.33994	0.0984249
NM_002541.4	4193	3965.29	5030.56	57.0931
NM_002542.6	1630	1402.29	157.247	5.04644
NM_002543.4	2456	2228.29	0	0
NM_002544.5	1775	1547.29	1	0.029085
NM_002545.5	6994	6766.29	901.026	5.99279
NM_002546.4	2087	1859.29	117	2.83192
NM_002547.3	7569	7341.29	189.729	1.16306
NM_002548.3	4887	4659.29	0.746529	0.00721056
NM_002550.3	1650	1422.29	1	0.0316412
NM_002551.5	3301	3073.29	2.00128	0.0293053
NM_002552.5	6572	6344.29	158.232	1.12241
NM_002553.4	1924	1696.29	932.875	24.7494
NM_002555.6	1543	1315.29	16.5858	0.567488
NM_002556.3	4713	4485.29	3332	33.4315
NM_002557.4	2196	1968.29	19.8934	0.454843
NM_002558.4	2662	2434.29	3	0.0554614
NM_002559.5	3792	3564.29	0	0
NM_002560.3	1760	1532.29	141.127	4.14485
NM_002561.4	2060	1832.29	0	0
NM_002562.6	5113	4885.29	0	0
NM_002563.5	6309	6081.29	2	0.0148005
NM_002564.4	8619	8391.29	10.0051	0.0536581
NM_002565.4	2039	1811.29	2	0.0496917
NM_002566.5	1788	1560.29	3.77389	0.108849
NM_002567.4	1431	1203.29	5742	214.75
NM_002568.4	2861	2633.29	39972.2	683.127
NM_002569.4	4247	4019.29	70.1212	0.785131
NM_002570.5	4272	4044.29	29.7446	0.330985
NM_002571.4	992	764.293	0	0
NM_002572.4	4175	3947.29	6224.07	70.9606
NM_002573.4	1054	826.293	297.51	16.2035
NM_002574.4	1165	937.293	103.761	4.98194
NM_002575.3	1906	1678.29	6564.81	176.034
NM_002576.5	3459	3231.29	8.10586e-06	1.12892e-07
NM_002577.4	6139	5911.29	6597.13	50.2244
NM_002578.5	9126	8898.29	0	0
NM_002579.3	2891	2663.29	189.168	3.19648
NM_002580.3	808	580.487	0	0
NM_002581.5	10971	10743.3	4369.35	18.303
NM_002582.4	3071	2843.29	1576.46	24.952
NM_002583.4	8991	8763.29	1283.36	6.5906
NM_002584.3	2420	2192.29	0	0
NM_002585.4	7087	6859.29	667.74	4.38097
NM_002586.5	3229	3001.29	1587.29	23.8008
NM_002587.5	3827	3599.29	10	0.125033
NM_002588.4	4758	4530.29	5606.27	55.6917
NM_002589.4	6449	6221.29	926.459	6.70174
NM_002590.4	5088	4860.29	0	0
NM_002591.4	4320	4092.29	0	0
NM_002592.2	1355	1127.29	166.26	6.63732
NM_002593.4	1516	1288.29	21824.9	762.394
NM_002594.5	4691	4463.29	0	0
NM_002595.5	4036	3808.29	1230	14.535
NM_002596.4	3068	2840.29	0	0
NM_002597.5	1234	1006.29	10	0.447216
NM_002598.4	3355	3127.29	716.386	10.3091
NM_002599.5	4284	4056.29	0	0
NM_002600.4	4531	4303.29	24.0402	0.251408
NM_002601.4	1140	912.293	692.791	34.1751
NM_002602.4	988	760.293	5.74939e-05	3.40316e-06
NM_002603.4	6443	6215.29	0	0
NM_002605.3	4036	3808.29	1730.45	20.4489
NM_002606.3	2192	1964.29	0	0
NM_002607.6	2811	2583.29	10.431	0.181717
NM_002608.4	3728	3500.29	3.31688	0.0426449
NM_002609.4	5700	5472.29	11484.1	94.443
NM_002610.5	14072	13844.3	1271.72	4.13393
NM_002611.5	3364	3136.29	426.999	6.12707
NM_002612.4	3601	3373.29	48	0.640368
NM_002613.5	7184	6956.29	2743.01	17.7457
NM_002614.4	2301	2073.29	18.3828	0.399019
NM_002615.7	1438	1210.29	3058.92	113.742
NM_002616.3	4676	4448.29	639	6.46472
NM_002617.4	2835	2607.29	441.852	7.62657
NM_002618.4	4472	4244.29	1136.28	12.0482
NM_002619.4	773	545.487	12.524	1.03324
NM_002620.4	743	515.753	61.8278	5.39492
NM_002621.2	1785	1557.29	12	0.346779
NM_002622.5	1336	1108.29	2443.78	99.2317
NM_002623.4	1230	1002.29	1261.97	56.6627
NM_002624.4	596	370.951	4137.78	501.988
NM_002625.4	2039	1811.29	0	0
NM_002626.6	2907	2679.29	9097.16	152.802
NM_002627.5	2626	2398.29	19166.3	359.649
NM_002628.5	1725	1497.29	3903.19	117.315
NM_002629.4	1802	1574.29	45398.2	1297.76
NM_002630.4	1371	1143.29	0	0
NM_002631.4	2268	2040.29	2687.59	59.2806
NM_002632.6	1740	1512.29	2316.89	68.9465
NM_002633.3	2337	2109.29	5232.73	111.643
NM_002634.4	1834	1606.29	5421.79	151.901
NM_002635.4	5984	5756.29	12430.4	97.1819
NM_002636.5	2157	1929.29	40.032	0.933795
NM_002637.4	6286	6058.29	0	0
NM_002638.4	551	327.472	3	0.412277
NM_002639.5	2586	2358.29	0	0
NM_002640.4	3321	3093.29	1159.4	16.8677
NM_002641.4	3590	3362.29	316.261	4.23304
NM_002642.4	1479	1251.29	24.9426	0.897069
NM_002643.4	1294	1066.29	790.584	33.3667
NM_002644.4	4275	4047.29	2.19772	0.0244371
NM_002645.4	8428	8200.29	2483.18	13.6276
NM_002646.4	8457	8229.29	0	0
NM_002647.4	9415	9187.29	663.695	3.25105
NM_002648.4	2703	2475.29	244.5	4.44523
NM_002649.3	7218	6990.29	0	0
NM_002651.4	3875	3647.29	188.908	2.33089
NM_002652.3	578	353.315	0	0
NM_002653.5	2337	2109.29	5.10725	0.108966
NM_002654.6	2305	2077.29	99660.3	2159.07
NM_002655.3	7311	7083.29	53.4218	0.339411
NM_002657.3	5656	5428.29	701.438	5.81525
NM_002658.6	2343	2115.29	3436.91	73.1206
NM_002659.4	1368	1140.29	6366.6	251.266
NM_002660.3	7092	6864.29	1763.54	11.562
NM_002661.5	8666	8438.29	8.07665	0.0430744
NM_002662.5	6015	5787.29	1.99985e-08	1.55512e-10
NM_002663.5	3443	3215.29	457.272	6.40024
NM_002664.3	2760	2532.29	0	0
NM_002665.4	3016	2788.29	84.7903	1.36852
NM_002666.5	2916	2688.29	0	0
NM_002667.5	2989	2761.29	2	0.0325957
NM_002668.3	1103	875.293	6731.76	346.113
NM_002669.4	3317	3089.29	2905.67	42.3281
NM_002670.3	3722	3494.29	0	0
NM_002673.6	7191	6963.29	224.094	1.4483
NM_002674.4	754	526.701	0	0
NM_002675.4	2157	1929.29	213.868	4.98872
NM_002676.3	1242	1014.29	1337.37	59.3377
NM_002677.5	3524	3296.29	0	0
NM_002685.4	2721	2493.29	0	0
NM_002686.4	958	730.293	0	0
NM_002687.4	3537	3309.29	5737	78.0175
NM_002688.6	2031	1803.29	208.515	5.20372
NM_002689.4	3544	3316.29	1071.88	14.5457
NM_002690.3	1290	1062.29	59.0074	2.49979
NM_002691.4	3436	3208.29	1354.07	18.9937
NM_002692.4	1692	1464.29	318.664	9.79372
NM_002693.3	4462	4234.29	1448.32	15.3931
NM_002695.5	2854	2626.29	4510.75	77.2944
NM_002696.3	791	563.487	1364	108.936
NM_002697.4	13843	13615.3	310.336	1.02576
NM_002698.6	6869	6641.29	96.7723	0.655754
NM_002699.4	2965	2737.29	0	0
NM_002700.3	2575	2347.29	0	0
NM_002701.6	1409	1181.29	0	0
NM_002703.5	3682	3454.29	1724.23	22.4635
NM_002704.3	1307	1079.29	0	0
NM_002705.5	6251	6023.29	51.999	0.388511
NM_002706.6	2608	2380.29	1156.73	21.8697
NM_002708.4	1421	1193.29	4583.76	172.869
NM_002709.3	4916	4688.29	6531.35	62.6947
NM_002710.4	2552	2324.29	6888.53	133.376
NM_002711.4	4328	4100.29	0	0
NM_002712.3	1941	1713.29	1476.51	38.7835
NM_002713.4	2594	2366.29	55.4321	1.05423
NM_002714.4	4511	4283.29	2529.78	26.5796
NM_002715.4	4582	4354.29	10203.7	105.458
NM_002716.5	5553	5325.29	1044.88	8.83007
NM_002717.4	3923	3695.29	2183.11	26.587
NM_002718.5	6743	6515.29	3247.77	22.4333
NM_002719.4	4388	4160.29	450.503	4.87322
NM_002720.3	1402	1174.29	2551.36	97.7771
NM_002721.5	4103	3875.29	2076.99	24.1197
NM_002722.5	468	250.385	0	0
NM_002723.6	923	695.293	0	0
NM_002725.4	5769	5541.29	664.452	5.39628
NM_002726.5	7250	7022.29	1929.36	12.3645
NM_002727.4	1217	989.293	1715.55	78.0408
NM_002728.6	1431	1203.29	8	0.299199
NM_002729.5	1724	1496.29	3	0.0902291
NM_002730.4	2695	2467.29	4232.27	77.196
NM_002731.4	4496	4268.29	1603.25	16.904
NM_002732.4	1610	1382.29	0	0
NM_002733.5	1657	1429.29	2366.53	74.5132
NM_002734.5	4253	4025.29	9141.67	102.205
NM_002735.3	2491	2263.29	0	0
NM_002736.3	3689	3461.29	307	3.99156
NM_002737.3	8964	8736.29	6838.29	35.2259
NM_002738.7	8010	7782.29	0.00865949	5.00757e-05
NM_002739.5	3149	2921.29	0	0
NM_002740.6	4887	4659.29	2210.37	21.3495
NM_002741.5	3120	2892.29	3426.73	53.3188
NM_002742.3	3833	3605.29	1550.67	19.3562
NM_002743.3	2079	1851.29	4540.75	110.381
NM_002744.6	2385	2157.29	0	0
NM_002745.5	5881	5653.29	8847.38	70.4296
NM_002746.3	1787	1559.29	3011.32	86.9104
NM_002747.4	4763	4535.29	0	0
NM_002748.4	5330	5102.29	3586.36	31.6323
NM_002749.4	2902	2674.29	407.11	6.85086
NM_002751.7	2418	2190.29	104.904	2.15543
NM_002752.5	4799	4571.29	993.123	9.77702
NM_002753.6	8510	8282.29	17.0104	0.0924285
NM_002754.5	6316	6088.29	2141.84	15.8319
NM_002755.4	2547	2319.29	5630.1	109.245
NM_002756.4	2061	1833.29	99.4073	2.44022
NM_002757.4	2314	2086.29	119.255	2.57243
NM_002758.4	13405	13177.3	24.2201	0.0827164
NM_002759.4	10209	9981.29	0	0
NM_002761.3	399	191.106	0	0
NM_002762.4	680	453.225	0	0
NM_002763.5	8146	7918.29	0	0
NM_002764.4	2070	1842.29	8653.2	211.378
NM_002765.5	2469	2241.29	1575.02	31.6249
NM_002766.3	3435	3207.29	2035.66	28.5634
NM_002767.4	1958	1730.29	344.858	8.96939
NM_002768.5	2342	2114.29	3144.17	66.9242
NM_002769.5	809	581.487	0	0
NM_002770.4	809	581.487	0	0
NM_002771.4	808	580.487	6.69659	0.519163
NM_002772.3	4076	3848.29	0	0
NM_002773.5	1837	1609.29	1	0.0279645
NM_002774.4	1429	1201.29	0	0
NM_002775.5	2091	1863.29	15758	380.594
NM_002776.5	2946	2718.29	0.00249241	4.12634e-05
NM_002777.4	987	759.293	0	0
NM_002778.4	2748	2520.29	12169.6	217.304
NM_002779.5	3824	3596.29	0	0
NM_002780.5	2032	1804.29	13.4596	0.335713
NM_002781.4	1640	1412.29	4015.58	127.957
NM_002782.5	1448	1220.29	1.74903	0.0645022
NM_002783.3	2067	1839.29	4.14114	0.101324
NM_002784.5	1707	1479.29	0	0
NM_002785.3	1532	1304.29	0	0
NM_002786.4	1195	967.293	4887.7	227.399
NM_002787.5	1434	1206.29	3285	122.553
NM_002788.4	955	727.293	2789.93	172.634
NM_002789.6	4378	4150.29	1124.41	12.1923
NM_002790.4	3815	3587.29	2669.83	33.4934
NM_002791.3	1023	795.293	3923.07	221.994
NM_002792.4	962	734.293	7099	435.081
NM_002793.4	891	663.427	4634	314.344
NM_002794.5	4426	4198.29	4802.06	51.4751
NM_002795.4	762	534.648	2837.34	238.829
NM_002796.3	918	690.293	4796	312.671
NM_002797.5	1044	816.293	4344.52	239.518
NM_002798.3	824	596.427	2331.21	175.9
NM_002799.4	984	756.293	4974.13	295.984
NM_002800.5	1017	789.293	103	5.87274
NM_002801.4	977	749.293	276	16.5768
NM_002802.3	4390	4162.29	6408.59	69.2902
NM_002803.4	2712	2484.29	4268.71	77.3278
NM_002804.5	1540	1312.29	7585	260.116
NM_002805.6	1331	1103.29	4551.84	185.669
NM_002806.5	2163	1935.29	1781.5	41.4267
NM_002807.4	3323	3095.29	8964.68	130.339
NM_002808.5	2913	2685.29	30569.2	512.312
NM_002809.4	2147	1919.29	6510.9	152.666
NM_002810.4	1319	1091.29	3757.02	154.933
NM_002811.5	1631	1403.29	4910	157.462
NM_002812.5	1518	1290.29	5319	185.517
NM_002813.7	2725	2497.29	2528.86	45.5719
NM_002814.4	1470	1242.29	1525.77	55.2722
NM_002815.4	3850	3622.29	3414.95	42.427
NM_002816.5	4356	4128.29	3575.71	38.9793
NM_002817.4	1589	1361.29	4857.88	160.597
NM_002818.3	793	565.487	1599.29	127.276
NM_002819.5	3206	2978.29	13063.3	197.391
NM_002820.3	1912	1684.29	0	0
NM_002821.5	4222	3994.29	3918.98	44.1545
NM_002822.5	2987	2759.29	11820.5	192.788
NM_002823.5	1215	987.293	43584.1	1986.66
NM_002824.6	1162	934.293	12299.1	592.425
NM_002825.7	1482	1254.29	34.4824	1.2372
NM_002826.5	9276	9048.29	3287.56	16.3512
NM_002827.4	3979	3751.29	3241.76	38.8903
NM_002828.4	3470	3242.29	295.004	4.09466
NM_002829.4	6704	6476.29	36.0595	0.250574
NM_002830.4	11090	10862.3	624	2.58527
NM_002831.6	2161	1933.29	0	0
NM_002832.4	2783	2555.29	0	0
NM_002833.4	7839	7611.29	3236.81	19.1382
NM_002834.5	6073	5845.29	7785.96	59.9443
NM_002835.4	3384	3156.29	4381.25	62.4687
NM_002836.4	3631	3403.29	82.8512	1.09557
NM_002837.6	11823	11595.3	76.7089	0.297719
NM_002838.5	5357	5129.29	0	0
NM_002839.4	10389	10161.3	0	0
NM_002840.5	7720	7492.29	30.8683	0.185413
NM_002841.4	9357	9129.29	819.308	4.0388
NM_002842.5	3923	3695.29	0	0
NM_002843.4	7845	7617.29	1761.2	10.4052
NM_002844.4	6006	5778.29	3162.04	24.6269
NM_002845.4	5556	5328.29	1814.01	15.3212
NM_002846.4	3612	3384.29	1058.29	14.0728
NM_002847.5	4860	4632.29	0	0
NM_002848.4	6044	5816.29	0	0
NM_002849.4	3427	3199.29	0	0
NM_002850.4	7356	7128.29	18.7884	0.118617
NM_002851.3	8103	7875.29	2.47046	0.0141174
NM_002852.4	1884	1656.29	10790	293.175
NM_002853.4	4512	4284.29	1138.04	11.9542
NM_002854.3	596	370.951	0	0
NM_002855.5	5956	5728.29	1367.07	10.7401
NM_002856.3	1987	1759.29	1789.31	45.771
NM_002857.4	3653	3425.29	1371.12	18.0144
NM_002858.4	3604	3376.29	2692.2	35.8847
NM_002859.4	3642	3414.29	7546.72	99.4717
NM_002860.4	3352	3124.29	3395.89	48.9153
NM_002861.5	5089	4861.29	585.771	5.42273
NM_002862.4	4116	3888.29	7883.57	91.2444
NM_002863.5	2799	2571.29	1777.16	31.104
NM_002864.3	4635	4407.29	0	0
NM_002865.3	3735	3507.29	7354.63	94.3694
NM_002866.5	1496	1268.29	101.14	3.58877
NM_002867.4	12780	12552.3	23640.6	84.7573
NM_002868.4	5273	5045.29	4512.8	40.2534
NM_002869.5	3326	3098.29	5197.28	75.4912
NM_002870.5	1164	936.293	6383.21	306.81
NM_002871.5	3119	2891.29	674.495	10.4985
NM_002872.5	1472	1244.29	3018	109.154
NM_002873.1	3164	2936.29	111.321	1.70616
NM_002874.5	4114	3886.29	12761.6	147.779
NM_002875.5	2436	2208.29	1110.09	22.6227
NM_002876.4	591	366.025	46.0217	5.65842
NM_002877.6	1871	1643.29	51.0849	1.39901
NM_002878.4	9966	9738.29	401.484	1.85536
NM_002880.4	3191	2963.29	4115.1	62.4954
NM_002881.3	2247	2019.29	2932	65.3442
NM_002882.4	1054	826.293	4034.56	219.738
NM_002883.4	3828	3600.29	9514.84	118.934
NM_002884.4	5018	4790.29	2776.86	26.0876
NM_002885.4	3322	3094.29	5.57291e-07	8.10518e-09
NM_002886.4	8402	8174.29	2648.76	14.5826
NM_002887.4	2122	1894.29	6195	147.176
NM_002888.4	854	626.427	5.29756	0.380581
NM_002889.4	685	458.134	125.519	12.3299
NM_002890.3	4746	4518.29	6146.8	61.2233
NM_002891.6	6342	6114.29	0	0
NM_002892.4	5864	5636.29	718.093	5.73362
NM_002893.4	2281	2053.29	5627.8	123.347
NM_002894.3	3275	3047.29	1795.02	26.5092
NM_002895.5	5686	5458.29	2096.94	17.2891
NM_002896.4	1607	1379.29	1803.06	58.8297
NM_002897.5	4277	4049.29	3191.52	35.4699
NM_002898.4	8488	8260.29	1172.81	6.38961
NM_002899.5	807	579.487	48.7703	3.78751
NM_002900.3	4290	4062.29	1	0.0110782
NM_002901.4	2369	2141.29	25787.4	541.967
NM_002902.3	6218	5990.29	3792.25	28.4899
NM_002903.3	2469	2241.29	4	0.0803163
NM_002904.6	1445	1217.29	1971.18	72.874
NM_002905.5	1274	1046.29	61.9066	2.66272
NM_002906.4	4392	4164.29	7933.55	85.7371
NM_002907.4	3745	3517.29	2541.09	32.5127
NM_002908.4	11204	10976.3	0	0
NM_002909.5	768	540.541	0	0
NM_002910.6	1334	1106.29	5	0.203396
NM_002911.4	5321	5093.29	4321.69	38.1854
NM_002912.5	10830	10602.3	150.402	0.638405
NM_002913.5	4870	4642.29	2059.76	19.9676
NM_002914.5	1583	1355.29	93.2749	3.09723
NM_002915.4	2306	2078.29	1744.65	37.7785
NM_002916.5	1365	1137.29	990.003	39.1748
NM_002917.2	1865	1637.29	859.845	23.6339
NM_002918.5	4375	4147.29	644.971	6.9987
NM_002919.4	6274	6046.29	6.88595	0.0512527
NM_002921.4	2247	2019.29	0	0
NM_002922.4	1352	1124.29	0	0
NM_002923.4	1348	1120.29	211	8.47604
NM_002924.6	2503	2275.29	0	0
NM_002925.4	916	688.293	0	0
NM_002926.5	5571	5343.29	1.14972	0.00968337
NM_002927.5	1554	1326.29	0	0
NM_002928.4	2408	2180.29	24	0.49538
NM_002929.3	4233	4005.29	0	0
NM_002930.4	1086	858.293	0	0
NM_002931.4	1741	1513.29	1412	41.9908
NM_002933.5	914	686.293	0	0
NM_002934.3	720	492.802	0	0
NM_002935.3	734	506.753	0	0
NM_002936.6	5289	5061.29	1663.12	14.7878
NM_002937.5	2061	1833.29	877.838	21.5489
NM_002938.5	2921	2693.29	4559.75	76.1903
NM_002939.4	1982	1754.29	1158.17	29.7107
NM_002940.3	3887	3659.29	7806.53	96.0071
NM_002941.4	6927	6699.29	0	0
NM_002942.5	8733	8505.29	0	0
NM_002943.4	10974	10746.3	0	0
NM_002944.3	8469	8241.29	0	0
NM_002945.5	4847	4619.29	6004.92	58.5024
NM_002946.5	1584	1356.29	1676.57	55.6302
NM_002947.5	2020	1792.29	862	21.6441
NM_002948.5	2155	1927.29	29184.8	681.477
NM_002949.4	1009	781.293	2436	140.315
NM_002950.4	2284	2056.29	17485	382.669
NM_002951.5	2227	1999.29	13468.7	303.175
NM_002952.4	945	717.293	42194	2647.26
NM_002953.4	3192	2964.29	156.973	2.38312
NM_002954.6	785	557.487	14698.4	1186.53
NM_002956.3	5945	5717.29	32.2267	0.253669
NM_002957.6	5537	5309.29	3787.48	32.1038
NM_002958.4	3049	2821.29	927.263	14.791
NM_002959.7	6990	6762.29	123.307	0.82061
NM_002960.2	742	514.753	132	11.5403
NM_002961.3	513	291.914	4577.52	705.697
NM_002962.2	754	526.701	0	0
NM_002963.4	429	216.04	0	0
NM_002964.5	408	198.624	0	0
NM_002965.4	573	348.421	0	0
NM_002966.3	671	444.496	12007	1215.65
NM_002967.4	3058	2830.29	666.159	10.5923
NM_002968.3	5134	4906.29	321	2.94438
NM_002969.6	1778	1550.29	530.869	15.4105
NM_002970.4	1049	821.293	885.571	48.5252
NM_002971.6	7822	7594.29	303.55	1.79881
NM_002972.4	8019	7791.29	3709.08	21.4239
NM_002973.4	4341	4113.29	3.49031e-07	3.8187e-09
NM_002974.4	1707	1479.29	51.75	1.57434
NM_002975.3	1375	1147.29	2866	112.42
NM_002976.4	7465	7237.29	0	0
NM_002977.4	9719	9491.29	115.323	0.546803
NM_002979.5	2759	2531.29	1080.43	19.2086
NM_002980.3	1854	1626.29	0	0
NM_002981.2	594	368.988	0	0
NM_002982.4	741	513.753	551	48.2658
NM_002983.3	780	552.487	0	0
NM_002984.4	660	433.717	0	0
NM_002985.3	1217	989.293	2.60547	0.118523
NM_002986.3	1005	777.293	0	0
NM_002987.3	616	390.417	0	0
NM_002988.4	1332	1104.29	0	0
NM_002989.4	864	636.427	0	0
NM_002990.5	2917	2689.29	3.65842	0.0612207
NM_002991.3	1422	1194.29	4.29975	0.162022
NM_002993.4	1537	1309.29	6801.73	233.789
NM_002994.5	2436	2208.29	4239.43	86.3958
NM_002995.3	1227	999.293	0	0
NM_002996.6	3285	3057.29	0	0
NM_002997.5	3165	2937.29	10172.8	155.861
NM_002998.4	3307	3079.29	2818.66	41.194
NM_002999.4	2613	2385.29	6139.61	115.835
NM_003000.3	1015	787.293	2027.67	115.905
NM_003001.5	1308	1080.29	2645.22	110.195
NM_003002.4	1339	1111.29	2500	101.24
NM_003003.4	5447	5219.29	167.503	1.44429
NM_003004.3	2003	1775.29	114.65	2.90634
NM_003005.4	3157	2929.29	0	0
NM_003006.4	2573	2345.29	151	2.89749
NM_003007.5	1622	1394.29	0	0
NM_003008.3	1978	1750.29	0	0
NM_003009.4	758	530.648	1708	144.852
NM_003010.4	3778	3550.29	1907.46	24.1788
NM_003011.4	2927	2699.29	17311.8	288.625
NM_003012.5	4464	4236.29	5817	61.7953
NM_003013.3	1996	1768.29	907	23.0832
NM_003014.4	2868	2640.29	5916	100.837
NM_003015.3	1883	1655.29	0	0
NM_003016.5	2883	2655.29	2390.59	40.5168
NM_003017.5	4228	4000.29	14562.8	163.831
NM_003018.4	857	629.427	0	0
NM_003019.5	1283	1055.29	0	0
NM_003020.5	1195	967.293	0	0
NM_003021.4	2231	2003.29	3650.22	82.0005
NM_003022.3	1764	1536.29	2616.36	76.6417
NM_003023.4	9209	8981.29	0	0
NM_003024.3	16972	16744.3	2.92541e-06	7.86252e-09
NM_003025.4	2516	2288.29	9065.23	178.283
NM_003026.5	2617	2389.29	0	0
NM_003027.5	1693	1465.29	0.00727787	0.000223523
NM_003028.3	6035	5807.29	2043	15.832
NM_003029.5	3062	2834.29	2003.3	31.8085
NM_003030.4	3233	3005.29	17.9961	0.269485
NM_003031.4	2110	1882.29	605.46	14.4757
NM_003032.3	4303	4075.29	0	0
NM_003033.4	6918	6690.29	2003.48	13.4766
NM_003034.4	9707	9479.29	5.77352e-07	2.74099e-09
NM_003035.2	5016	4788.29	707.834	6.65263
NM_003036.4	6083	5855.29	5263.71	40.4562
NM_003037.5	3749	3521.29	0	0
NM_003038.5	4563	4335.29	1042.43	10.821
NM_003039.3	4085	3857.29	227.186	2.65058
NM_003040.4	4119	3891.29	7487.52	86.5938
NM_003041.4	2267	2039.29	0	0
NM_003042.4	4478	4250.29	0	0
NM_003043.6	6500	6272.29	1483.25	10.6422
NM_003044.5	3751	3523.29	0	0
NM_003045.5	7343	7115.29	12746.3	80.618
NM_003046.6	7562	7334.29	0.0389802	0.000239182
NM_003047.5	4737	4509.29	1910.99	19.0719
NM_003048.6	5601	5373.29	0	0
NM_003049.4	2002	1774.29	1	0.0253639
NM_003051.4	3753	3525.29	6996.21	89.312
NM_003052.5	2583	2355.29	0	0
NM_003053.4	2683	2455.29	0	0
NM_003054.6	3831	3603.29	34.9416	0.436401
NM_003055.3	2411	2183.29	0	0
NM_003057.3	1922	1694.29	0	0
NM_003058.4	2409	2181.29	1	0.0206314
NM_003059.3	2234	2006.29	115.563	2.59218
NM_003060.4	3277	3049.29	14.5077	0.214113
NM_003061.3	7964	7736.29	15	0.0872571
NM_003062.4	9716	9488.29	9871	46.8183
NM_003063.3	722	494.802	0	0
NM_003064.4	596	370.951	1	0.121318
NM_003068.5	2180	1952.29	5936	136.833
NM_003069.5	4088	3860.29	199.667	2.32771
NM_003070.5	5748	5520.29	3.64626	0.0297254
NM_003071.4	5320	5092.29	1469.56	12.9872
NM_003072.5	5577	5349.29	290.074	2.44036
NM_003073.5	5191	4963.29	1659.59	15.0478
NM_003074.4	6354	6126.29	5828	42.8119
NM_003075.5	4997	4769.29	1249.05	11.786
NM_003076.5	3283	3055.29	2096.21	30.8762
NM_003078.4	1908	1680.29	76.6636	2.05327
NM_003079.5	5150	4922.29	5724	52.3329
NM_003080.3	1684	1456.29	159.309	4.92305
NM_003081.5	2053	1825.29	0	0
NM_003082.4	2593	2365.29	2396.14	45.5899
NM_003083.4	1520	1292.29	664.033	23.1244
NM_003085.5	1398	1170.29	5.80846	0.223362
NM_003086.4	4693	4465.29	1223.7	12.333
NM_003087.3	756	528.701	49.1239	4.18143
NM_003088.4	2784	2556.29	23062	406.002
NM_003089.6	1671	1443.29	4372.27	136.331
NM_003090.4	1052	824.293	1388.1	75.7845
NM_003091.4	1082	854.293	5063.81	266.755
NM_003092.5	2411	2183.29	1536.04	31.6616
NM_003093.3	806	578.487	2447	190.363
NM_003094.4	1560	1332.29	1931.17	65.2323
NM_003095.5	452	236.066	1577.39	300.709
NM_003096.4	594	368.988	2352.65	286.938
NM_003097.6	1468	1240.29	359.695	13.0513
NM_003098.3	2211	1983.29	1051.31	23.8554
NM_003099.5	8214	7986.29	3338.38	18.8119
NM_003100.4	6479	6251.29	1676.65	12.0702
NM_003101.6	6840	6612.29	2786.93	18.9678
NM_003102.4	1416	1188.29	345.209	13.0738
NM_003104.6	4818	4590.29	1154.42	11.3179
NM_003105.6	10863	10635.3	39	0.165028
NM_003106.4	2512	2284.29	3	0.0591033
NM_003107.3	4869	4641.29	1669.53	16.1882
NM_003108.4	9002	8774.29	62.0742	0.318377
NM_003109.1	7614	7386.29	0.000843133	5.13703e-06
NM_003110.6	3026	2798.29	1202.61	19.3408
NM_003111.5	11714	11486.3	803.258	3.14715
NM_003112.5	6077	5849.29	364.761	2.80638
NM_003113.4	3623	3395.29	378.775	5.02049
NM_003114.5	3695	3467.29	122.306	1.58745
NM_003115.6	2296	2068.29	5918.68	128.782
NM_003116.3	1561	1333.29	35.4049	1.19503
NM_003117.5	2422	2194.29	0	0
NM_003118.4	3451	3223.29	285415	3984.92
NM_003119.4	3076	2848.29	2026.68	32.0216
NM_003120.3	1374	1146.29	0	0
NM_003121.5	3792	3564.29	0	0
NM_003122.5	573	348.421	0	0
NM_003123.6	7252	7024.29	18.3307	0.117441
NM_003124.5	1432	1204.29	355	13.266
NM_003125.3	619	393.338	0	0
NM_003126.4	8018	7790.29	0	0
NM_003127.4	7860	7632.29	4248.51	25.0509
NM_003128.3	10211	9983.29	9419.69	42.4625
NM_003129.4	2962	2734.29	1914.66	31.5129
NM_003130.4	1972	1744.29	1954.36	50.4228
NM_003131.4	4231	4003.29	2396.04	26.9351
NM_003132.3	1260	1032.29	8574	373.786
NM_003133.6	1481	1253.29	6746.51	242.253
NM_003134.6	1119	891.293	6459.31	326.143
NM_003135.3	2776	2548.29	718.537	12.6894
NM_003136.4	2187	1959.29	3365.56	77.3036
NM_003137.5	4348	4120.29	3584.91	39.1555
NM_003139.4	2986	2758.29	8788.62	143.391
NM_003140.3	828	600.427	0	0
NM_003141.4	1935	1707.29	392	10.3329
NM_003142.5	1650	1422.29	5441.34	172.17
NM_003143.3	677	450.406	1926.52	192.492
NM_003144.5	9661	9433.29	16867.8	80.4706
NM_003145.4	1108	880.293	10555	539.601
NM_003146.3	2831	2603.29	8185.95	141.51
NM_003147.6	1476	1248.29	0	0
NM_003149.3	3067	2839.29	253.216	4.0135
NM_003150.4	4896	4668.29	337.088	3.24959
NM_003151.4	2560	2332.29	18	0.347321
NM_003152.4	4301	4073.29	26.12	0.288582
NM_003153.5	3963	3735.29	4114.47	49.5714
NM_003154.3	679	452.316	0	0
NM_003155.3	3868	3640.29	9986	123.452
NM_003156.4	4075	3847.29	791.307	9.25618
NM_003157.6	6053	5825.29	589.977	4.55784
NM_003159.3	3428	3200.29	40.4619	0.568982
NM_003160.3	1100	872.293	12	0.6191
NM_003161.4	5428	5200.29	831.725	7.1977
NM_003162.4	14174	13946.3	3370.31	10.8756
NM_003164.5	1794	1566.29	1583.66	45.5021
NM_003165.6	3880	3652.29	91.4926	1.12736
NM_003167.4	1904	1676.29	0	0
NM_003168.3	1488	1260.29	1664.3	59.4296
NM_003169.4	3782	3554.29	1379.29	17.4641
NM_003170.5	6404	6176.29	4891.97	35.6449
NM_003171.5	2477	2249.29	786.837	15.7428
NM_003172.4	1092	864.293	324	16.8704
NM_003173.4	2736	2508.29	1420	25.4772
NM_003174.3	6725	6497.29	1348.82	9.34252
NM_003175.4	562	337.904	0	0
NM_003176.4	3462	3234.29	0	0
NM_003177.7	4973	4745.29	0	0
NM_003178.6	3888	3660.29	9.54012	0.117295
NM_003179.3	2421	2193.29	7	0.143629
NM_003180.3	3667	3439.29	0	0
NM_003181.4	2472	2244.29	0	0
NM_003182.3	1061	833.293	2	0.108013
NM_003183.6	4391	4163.29	1250.68	13.5193
NM_003184.4	5027	4799.29	2263.65	21.2263
NM_003185.4	4699	4471.29	341.421	3.43636
NM_003186.5	3786	3558.29	36317.8	459.325
NM_003187.5	1163	935.293	2010.17	96.7223
NM_003188.4	4851	4623.29	2686.51	26.1505
NM_003189.5	4892	4664.29	0	0
NM_003190.5	3450	3222.29	1323.94	18.4903
NM_003192.3	1606	1378.29	809	26.4149
NM_003193.5	5374	5146.29	1012.38	8.85298
NM_003194.5	1857	1629.29	806	22.2627
NM_003195.6	1182	954.293	192.074	9.05794
NM_003196.3	1719	1491.29	342.446	10.3341
NM_003198.3	4838	4610.29	3508.26	34.2457
NM_003199.3	8029	7801.29	1332.57	7.68714
NM_003200.5	4735	4507.29	723.72	7.22599
NM_003201.3	5025	4797.29	1401.35	13.1459
NM_003202.5	3288	3060.29	1785.32	26.2539
NM_003203.5	4367	4139.29	522.156	5.67697
NM_003204.3	4839	4611.29	2694.23	26.2939
NM_003205.4	6042	5814.29	1738.14	13.4533
NM_003206.4	1280	1052.29	8.34381	0.356837
NM_003211.6	3183	2955.29	1361.15	20.7275
NM_003212.4	1956	1728.29	0	0
NM_003213.4	1710	1482.29	643.876	19.5484
NM_003214.4	2986	2758.29	1618.24	26.4024
NM_003215.3	3661	3433.29	19.7316	0.258638
NM_003216.4	4381	4153.29	1674.42	18.1432
NM_003217.3	2837	2609.29	22758.6	392.523
NM_003218.4	3269	3041.29	603.492	8.93009
NM_003221.4	5631	5403.29	0	0
NM_003222.4	2862	2634.29	18	0.307504
NM_003223.3	2163	1935.29	418.65	9.73525
NM_003224.6	2513	2285.29	427.1	8.41065
NM_003225.3	492	272.443	0	0
NM_003226.4	867	639.427	0	0
NM_003227.4	2886	2658.29	0	0
NM_003234.4	5224	4996.29	183.561	1.65339
NM_003235.5	8455	8227.29	0	0
NM_003236.4	4117	3889.29	400.662	4.63607
NM_003238.6	5868	5640.29	86.4121	0.68947
NM_003239.5	3431	3203.29	330.697	4.64596
NM_003240.5	2019	1791.29	0	0
NM_003241.4	3391	3163.29	0	0
NM_003242.6	4530	4302.29	17503.3	183.089
NM_003243.5	6339	6111.29	2657.57	19.5701
NM_003244.4	3175	2947.29	1197.3	18.282
NM_003245.4	2643	2415.29	7	0.130428
NM_003246.4	7789	7561.29	73858	439.586
NM_003247.5	5701	5473.29	21130.5	173.741
NM_003248.6	3222	2994.29	0	0
NM_003249.5	4761	4533.29	1937.43	19.2333
NM_003250.6	2383	2155.29	492.805	10.2899
NM_003251.4	1174	946.293	0	0
NM_003252.4	3827	3599.29	786.635	9.83554
NM_003253.3	7308	7080.29	30.0406	0.190941
NM_003254.3	769	541.541	74978	6230.81
NM_003255.5	3652	3424.29	40303	529.674
NM_003256.4	1194	966.293	49	2.28207
NM_003257.5	7915	7687.29	0	0
NM_003258.5	1431	1203.29	4337.29	162.214
NM_003259.4	3029	2801.29	40	0.642604
NM_003260.5	2812	2584.29	106.17	1.84885
NM_003262.4	6526	6298.29	8490.64	60.6681
NM_003263.4	2851	2623.29	0	0
NM_003264.5	3581	3353.29	0	0
NM_003265.3	6015	5787.29	27.0761	0.210549
NM_003266.4	12797	12569.3	190.73	0.682888
NM_003268.6	4235	4007.29	0	0
NM_003269.5	3244	3016.29	0	0
NM_003270.4	3768	3540.29	911.097	11.5816
NM_003271.5	1379	1151.29	2011.3	78.6201
NM_003272.4	2033	1805.29	384.072	9.57431
NM_003273.6	1578	1350.29	0	0
NM_003274.5	6986	6758.29	870.501	5.79661
NM_003275.4	3311	3083.29	0	0
NM_003276.2	3690	3462.29	3713.98	48.2746
NM_003277.4	1699	1471.29	0	0
NM_003278.3	816	588.487	393.574	30.0976
NM_003279.3	681	454.225	0	0
NM_003280.3	687	460.134	1	0.0978043
NM_003281.4	6110	5882.29	2.00556	0.0153438
NM_003282.4	751	523.701	0	0
NM_003283.6	1111	883.293	0	0
NM_003284.4	407	197.751	0	0
NM_003285.3	12774	12546.3	0	0
NM_003286.4	3734	3506.29	5912.82	75.8907
NM_003287.4	2239	2011.29	5.37328	0.120228
NM_003288.4	2310	2082.29	6231.5	134.677
NM_003289.4	1190	962.293	174.221	8.1477
NM_003290.3	2474	2246.29	76446.4	1531.56
NM_003291.4	5445	5217.29	1686.92	14.551
NM_003292.3	9636	9408.29	10717.5	51.2655
NM_003294.4	1166	938.293	0	0
NM_003295.4	4548	4320.29	56102	584.396
NM_003296.4	1365	1137.29	0	0
NM_003297.4	4058	3830.29	257.996	3.03126
NM_003298.5	8476	8248.29	740.545	4.04045
NM_003299.3	2782	2554.29	71686	1263.01
NM_003300.4	7667	7439.29	516.33	3.12347
NM_003301.7	3694	3466.29	3	0.0389492
NM_003302.3	1693	1465.29	3290	101.045
NM_003304.5	4459	4231.29	410.432	4.36527
NM_003305.2	3330	3102.29	3.1065	0.0450641
NM_003306.3	7994	7766.29	79.5273	0.460834
NM_003307.4	5419	5191.29	0	0
NM_003308.4	1161	933.293	0	0
NM_003309.4	5073	4845.29	4055.8	37.6703
NM_003310.5	1657	1429.29	784.709	24.7075
NM_003311.4	920	692.293	1030	66.956
NM_003312.6	1125	897.293	263.361	13.2087
NM_003313.4	1345	1117.29	1730.01	69.6823
NM_003314.3	1441	1213.29	1480.99	54.9324
NM_003315.4	1806	1578.29	3396.18	96.838
NM_003316.4	9018	8790.29	272.852	1.3969
NM_003317.4	2196	1968.29	0	0
NM_003318.5	2966	2738.29	3197.44	52.549
NM_003319.4	82029	81801.3	85.668	0.0471304
NM_003320.5	6551	6323.29	0	0
NM_003321.5	2011	1783.29	5949.96	150.153
NM_003322.6	2120	1892.29	0	0
NM_003323.3	1763	1535.29	6	0.175874
NM_003324.5	3080	2852.29	3199.36	50.4791
NM_003325.4	4053	3825.29	1872	22.0234
NM_003326.5	3492	3264.29	21.5297	0.296818
NM_003327.4	1075	847.293	1.48786	0.0790261
NM_003328.3	2908	2680.29	0	0
NM_003329.4	737	509.753	7936.2	700.64
NM_003330.4	3847	3619.29	2539.76	31.5799
NM_003331.5	4243	4015.29	2312.17	25.9147
NM_003332.4	575	350.386	0	0
NM_003333.5	2826	2598.29	3467.81	60.0634
NM_003334.4	3572	3344.29	12767.2	171.804
NM_003335.3	3304	3076.29	361	5.28107
NM_003336.4	1776	1548.29	4281.09	124.435
NM_003337.4	2241	2013.29	2488	55.6142
NM_003338.5	2623	2395.29	991.947	18.6368
NM_003339.3	2530	2302.29	4372.8	85.4753
NM_003340.6	3976	3748.29	2229.79	26.7715
NM_003341.5	1783	1555.29	2780.86	80.4653
NM_003342.5	4167	3939.29	4008.08	45.7889
NM_003343.6	3367	3139.29	3706.09	53.1283
NM_003344.4	5162	4934.29	4223.73	38.5225
NM_003345.5	2850	2622.29	5249.39	90.0886
NM_003347.4	2861	2633.29	6428.08	109.856
NM_003348.4	4877	4649.29	5190.21	50.239
NM_003350.3	4342	4114.29	4822.32	52.7476
NM_003352.8	1523	1295.29	3770.69	131.007
NM_003353.4	795	567.487	6	0.475815
NM_003355.3	1644	1416.29	56.5368	1.79647
NM_003356.4	2277	2049.29	11.3246	0.248693
NM_003357.5	443	228.322	0	0
NM_003358.3	3959	3731.29	2311.24	27.8759
NM_003359.4	3037	2809.29	8591.77	137.635
NM_003360.5	4077	3849.29	3.96819	0.0463931
NM_003361.4	2315	2087.29	0	0
NM_003362.4	2093	1865.29	153.403	3.70108
NM_003363.4	4070	3842.29	1473.61	17.2597
NM_003364.4	1664	1436.29	49.5446	1.55237
NM_003365.3	1595	1367.29	4620	152.063
NM_003366.4	1914	1686.29	4288	114.436
NM_003367.4	1746	1518.29	1989.91	58.9822
NM_003368.5	3602	3374.29	5153.92	68.7381
NM_003369.4	5117	4889.29	927.802	8.53987
NM_003370.4	2242	2014.29	3199.68	71.4869
NM_003371.4	4734	4506.29	2235.22	22.3225
NM_003372.7	1616	1388.29	2566.25	83.188
NM_003373.4	6487	6259.29	3300.14	23.7273
NM_003374.3	1839	1611.29	785.053	21.9264
NM_003375.5	1809	1581.29	191.847	5.4599
NM_003376.6	3609	3381.29	1695.36	22.5643
NM_003377.5	1805	1577.29	2046.06	58.3778
NM_003378.4	2551	2323.29	51.6546	1.00057
NM_003379.5	3069	2841.29	455.499	7.21462
NM_003380.5	2154	1926.29	393094	9183.67
NM_003381.4	1580	1352.29	0.002052	6.82886e-05
NM_003382.5	3854	3626.29	0	0
NM_003383.5	9213	8985.29	572.404	2.8669
NM_003384.3	1663	1435.29	1349.17	42.3026
NM_003385.5	2428	2200.29	12	0.245439
NM_003386.3	8700	8472.29	0	0
NM_003387.5	4611	4383.29	0	0
NM_003388.5	5623	5395.29	316.171	2.63724
NM_003389.3	5657	5429.29	0	0
NM_003390.4	3588	3360.29	1883.5	25.2249
NM_003391.3	3856	3628.29	1025.39	12.7183
NM_003392.7	5841	5613.29	3689.06	29.5761
NM_003393.4	2144	1916.29	4	0.0939378
NM_003394.4	2246	2018.29	5	0.111488
NM_003395.4	4005	3777.29	223	2.65685
NM_003396.3	4972	4744.29	0	0
NM_003399.6	3311	3083.29	119	1.7369
NM_003400.4	4988	4760.29	10143.9	95.8985
NM_003401.5	1602	1374.29	6.72388	0.220183
NM_003403.5	6534	6306.29	6033.51	43.0564
NM_003404.5	3115	2887.29	3289.74	51.2758
NM_003405.4	1751	1523.29	10895	321.874
NM_003406.4	5033	4805.29	392.484	3.67574
NM_003407.5	1747	1519.29	1091	32.3166
NM_003408.3	6277	6049.29	87.767	0.652933
NM_003409.5	3475	3247.29	156.351	2.16682
NM_003410.4	7612	7384.29	243.518	1.48411
NM_003411.4	5336	5108.29	0	0
NM_003412.4	5260	5032.29	12	0.107314
NM_003413.4	4001	3773.29	0	0
NM_003414.6	3268	3040.29	474.778	7.02777
NM_003415.3	13390	13162.3	95.9029	0.327901
NM_003416.4	2760	2532.29	250.199	4.44645
NM_003417.5	12163	11935.3	628.873	2.37122
NM_003418.5	3295	3067.29	3491.57	51.2281
NM_003419.5	3119	2891.29	0	0
NM_003420.4	2658	2430.29	263.047	4.87099
NM_003421.4	7829	7601.29	257.961	1.52724
NM_003422.3	2586	2358.29	61.5644	1.17483
NM_003423.4	5235	5007.29	226.293	2.03381
NM_003425.4	3926	3698.29	75.4544	0.918176
NM_003426.4	3900	3672.29	110.229	1.35083
NM_003427.5	2653	2425.29	186.314	3.45719
NM_003428.6	6804	6576.29	0	0
NM_003429.5	2333	2105.29	60.6692	1.29688
NM_003430.4	5400	5172.29	277.365	2.4133
NM_003431.5	2590	2362.29	74.308	1.41561
NM_003432.4	3629	3401.29	22.6239	0.299341
NM_003433.4	2962	2734.29	168.047	2.76585
NM_003434.7	2651	2423.29	0	0
NM_003435.5	4924	4696.29	730.944	7.00441
NM_003436.4	3365	3137.29	0.072514	0.00104018
NM_003437.5	3601	3373.29	173.645	2.3166
NM_003439.4	9403	9175.29	2189.22	10.7377
NM_003440.4	2349	2121.29	144.494	3.06543
NM_003441.4	12601	12373.3	463.937	1.68739
NM_003442.6	2900	2672.29	351.037	5.91167
NM_003443.3	2720	2492.29	852.858	15.4
NM_003445.4	2689	2461.29	29.5941	0.541108
NM_003446.4	2516	2288.29	1.65834	0.032614
NM_003447.4	2514	2286.29	0	0
NM_003448.3	2377	2149.29	8.97189	0.187858
NM_003449.5	3518	3290.29	77.7406	1.0633
NM_003450.3	2459	2231.29	132.039	2.6631
NM_003451.3	2269	2041.29	34.9354	0.770199
NM_003452.4	3192	2964.29	26.027	0.395135
NM_003453.6	7476	7248.29	92.8629	0.576566
NM_003454.4	3359	3131.29	77.6337	1.11575
NM_003455.4	4435	4207.29	0	0
NM_003456.3	2036	1808.29	73.4853	1.82883
NM_003457.4	13692	13464.3	205.268	0.686089
NM_003458.4	15971	15743.3	39.8647	0.113955
NM_003459.5	2936	2708.29	0	0
NM_003460.2	2749	2521.29	0	0
NM_003461.5	2228	2000.29	10784.2	242.625
NM_003462.5	2628	2400.29	87	1.63116
NM_003463.5	4621	4393.29	14983.3	153.482
NM_003465.3	2248	2020.29	0	0
NM_003466.4	4055	3827.29	371.536	4.36869
NM_003467.3	1668	1440.29	1	0.0312458
NM_003468.4	7039	6811.29	47	0.310535
NM_003469.5	2434	2206.29	224	4.56906
NM_003470.3	5831	5603.29	2667.48	21.424
NM_003471.3	3835	3607.29	0	0
NM_003472.4	3142	2914.29	10875.3	167.938
NM_003473.4	3856	3628.29	1654.41	20.5203
NM_003474.6	7950	7722.29	210.44	1.22638
NM_003475.4	2017	1789.29	0	0
NM_003476.5	1283	1055.29	0	0
NM_003477.3	2500	2272.29	1141.97	22.6168
NM_003478.6	6171	5943.29	2259.01	17.1054
NM_003480.4	2872	2644.29	17969.7	305.825
NM_003481.3	3093	2865.29	4354.6	68.3946
NM_003482.4	20635	20407.3	3651.94	8.05343
NM_003483.6	4117	3889.29	3634.28	42.0523
NM_003484.1	1539	1311.29	53.3423	1.83069
NM_003485.3	2834	2606.29	0	0
NM_003486.7	4556	4328.29	7034.74	73.1431
NM_003487.4	2153	1925.29	976.567	22.8269
NM_003488.4	3909	3681.29	876.044	10.7095
NM_003489.4	7751	7523.29	2182.2	13.0536
NM_003490.4	7867	7639.29	0.0163527	9.63339e-05
NM_003491.4	1603	1375.29	3129.8	102.415
NM_003492.3	1452	1224.29	159	5.84459
NM_003493.3	516	294.675	0	0
NM_003494.4	6952	6724.29	0.00334614	2.23944e-05
NM_003495.3	397	189.558	3	0.712233
NM_003496.4	12546	12318.3	1776.13	6.48885
NM_003498.6	3264	3036.29	564	8.35945
NM_003500.4	2297	2069.29	269.308	5.85693
NM_003501.3	2872	2644.29	106.195	1.80733
NM_003502.4	3707	3479.29	0	0
NM_003503.4	3215	2987.29	1007.6	15.1794
NM_003504.5	1879	1651.29	1076.93	29.3498
NM_003505.2	6894	6666.29	6081	41.0519
NM_003506.4	3728	3500.29	1617.86	20.8007
NM_003507.2	4587	4359.29	3877.63	40.0306
NM_003508.3	2343	2115.29	23	0.489327
NM_003509.3	495	275.303	13.4006	2.19056
NM_003510.3	496	276.219	11	1.79218
NM_003511.3	482	263.537	5	0.853829
NM_003512.4	519	297.525	84	12.7057
NM_003513.3	527	304.945	5.00233	0.738232
NM_003514.2	487	267.803	8	1.34436
NM_003516.3	533	310.571	150.908	21.8671
NM_003517.3	494	274.359	45.4554	7.45603
NM_003518.4	489	269.721	13	2.16906
NM_003519.4	451	235.213	6	1.14797
NM_003520.4	542	319.126	13	1.83326
NM_003521.3	468	250.385	6	1.07841
NM_003522.4	473	255.047	4	0.705801
NM_003523.3	470	252.282	2	0.356769
NM_003524.3	462	244.971	14	2.57191
NM_003525.3	482	263.537	5	0.853829
NM_003526.3	460	243.274	24.0241	4.44421
NM_003527.4	467	249.436	2	0.360838
NM_003528.3	2224	1996.29	69	1.55549
NM_003529.3	508	287.414	5	0.782896
NM_003530.4	921	693.293	0	0
NM_003531.3	486	266.912	6	1.01164
NM_003532.3	482	263.537	0	0
NM_003533.3	502	281.791	1	0.159704
NM_003534.3	496	276.219	8	1.3034
NM_003535.3	512	290.943	9	1.39212
NM_003536.3	486	266.912	9	1.51746
NM_003537.4	511	290.032	8	1.24133
NM_003538.4	402	193.569	4	0.929964
NM_003539.4	403	194.403	4	0.925977
NM_003540.4	401	192.714	0	0
NM_003541.3	387	181.366	58	14.3918
NM_003542.4	405	196.152	39	8.94777
NM_003543.4	409	199.348	10	2.25751
NM_003544.3	388	182.168	2	0.494084
NM_003545.4	412	201.964	14	3.11959
NM_003546.3	387	181.366	2	0.496269
NM_003547.3	386	180.662	0	0
NM_003548.2	396	188.639	8.12715	1.93887
NM_003549.4	1878	1650.29	42.3623	1.15521
NM_003550.3	2732	2504.29	276.297	4.96516
NM_003551.3	1208	980.293	5.11227	0.234693
NM_003553.3	1307	1079.29	1	0.0416968
NM_003554.2	972	744.293	0	0
NM_003555.1	942	714.293	0	0
NM_003557.3	3761	3533.29	1629	20.7483
NM_003558.4	3115	2887.29	0	0
NM_003559.5	5383	5155.29	3707.88	32.3679
NM_003560.4	3299	3071.29	27.5604	0.403837
NM_003561.3	636	410.055	0	0
NM_003562.5	1692	1464.29	2015.89	61.9558
NM_003563.3	3053	2825.29	98.6423	1.57124
NM_003564.3	1375	1147.29	22764.6	892.952
NM_003565.4	5322	5094.29	1575.88	13.9214
NM_003566.4	9839	9611.29	4020.53	18.8254
NM_003567.4	3229	3001.29	2688.81	40.3175
NM_003568.3	1551	1323.29	0	0
NM_003569.3	15845	15617.3	2192.54	6.31806
NM_003571.4	1512	1284.29	0	0
NM_003573.2	5052	4824.29	8.10977e-06	7.56514e-08
NM_003574.6	6936	6708.29	794.299	5.32861
NM_003575.4	3651	3423.29	1480.63	19.4646
NM_003576.5	9593	9365.29	12.4958	0.0600463
NM_003577.3	1214	986.293	0	0
NM_003578.4	2073	1845.29	0	0
NM_003579.4	3078	2850.29	958.488	15.1335
NM_003580.4	3574	3346.29	1375.07	18.4928
NM_003581.5	2666	2438.29	898.924	16.5913
NM_003582.4	8128	7900.29	1468.09	8.36278
NM_003583.4	8739	8511.29	766.744	4.05413
NM_003584.3	1570	1342.29	776.099	26.0203
NM_003585.5	6062	5834.29	1.09004e-07	8.40809e-10
NM_003586.3	2013	1785.29	0	0
NM_003587.5	3406	3178.29	1813.21	25.6742
NM_003588.4	5785	5557.29	11.0704	0.0896482
NM_003589.4	5755	5527.29	156.772	1.27643
NM_003590.5	6756	6528.29	4616.03	31.8208
NM_003591.4	4183	3955.29	1095.35	12.4629
NM_003592.3	3147	2919.29	3352.88	51.6871
NM_003593.3	3440	3212.29	0	0
NM_003594.4	9439	9211.29	854.1	4.17283
NM_003595.5	5653	5425.29	1376.01	11.4141
NM_003596.4	1981	1753.29	835.221	21.4382
NM_003597.5	4035	3807.29	513.839	6.07369
NM_003598.2	2123	1895.29	461.565	10.9597
NM_003599.4	4211	3983.29	53.0202	0.59902
NM_003600.4	2258	2030.29	787.961	17.4658
NM_003601.4	7684	7456.29	4056.1	24.481
NM_003602.5	1699	1471.29	0	0
NM_003603.7	4816	4588.29	0	0
NM_003604.2	3881	3653.29	0	0
NM_003607.4	10873	10645.3	2832.44	11.9742
NM_003608.4	4511	4283.29	7.00665	0.0736164
NM_003609.5	2560	2332.29	753.942	14.5478
NM_003610.4	2385	2157.29	1139.34	23.7677
NM_003611.3	3612	3384.29	222.459	2.95817
NM_003612.5	3376	3148.29	33191.5	474.454
NM_003613.4	5678	5450.29	4	0.033028
NM_003614.2	1147	919.293	0	0
NM_003615.5	7781	7553.29	1.76846e-07	1.05366e-09
NM_003616.3	1320	1092.29	288.295	11.8779
NM_003617.4	5670	5442.29	0	0
NM_003618.4	4335	4107.29	612.727	6.71357
NM_003619.4	4809	4581.29	1346.56	13.2276
NM_003620.4	4768	4540.29	575.365	5.70298
NM_003621.5	3328	3100.29	0	0
NM_003622.4	5983	5755.29	428.325	3.34926
NM_003624.3	3218	2990.29	0.00577923	8.69758e-05
NM_003625.5	5674	5446.29	0	0
NM_003626.5	5240	5012.29	1806.1	16.2161
NM_003627.6	2514	2286.29	224.344	4.41596
NM_003628.6	4603	4375.29	0	0
NM_003629.4	5596	5368.29	45.8679	0.384517
NM_003630.3	2750	2522.29	769	13.7206
NM_003631.5	4294	4066.29	620.391	6.86608
NM_003632.3	5537	5309.29	1658	14.0537
NM_003633.4	4821	4593.29	1931.5	18.924
NM_003634.4	2013	1785.29	948	23.8969
NM_003635.4	3758	3530.29	708.696	9.03423
NM_003636.4	3875	3647.29	0	0
NM_003637.5	5130	4902.29	193.077	1.77245
NM_003638.3	6547	6319.29	1430.88	10.1901
NM_003639.4	2123	1895.29	6.87547	0.163256
NM_003640.5	5913	5685.29	1835.24	14.5272
NM_003641.5	668	441.629	529.569	53.9644
NM_003642.4	1634	1406.29	1560.5	49.9379
NM_003643.4	2780	2552.29	1.18395	0.020876
NM_003644.3	7822	7594.29	11.0554	0.065513
NM_003645.4	2384	2156.29	0	0
NM_003646.4	3591	3363.29	1776.29	23.768
NM_003647.3	8608	8380.29	146.749	0.788058
NM_003648.3	6230	6002.29	0	0
NM_003650.4	891	663.427	0	0
NM_003651.5	1931	1703.29	5271.91	139.29
NM_003652.4	2130	1902.29	11.3939	0.269548
NM_003653.4	1814	1586.29	2858.73	81.1021
NM_003654.6	3906	3678.29	14.4485	0.176774
NM_003655.3	2675	2447.29	709.199	13.0414
NM_003656.5	1453	1225.29	473.268	17.3824
NM_003657.4	3303	3075.29	0	0
NM_003658.5	1905	1677.29	0	0
NM_003659.4	7633	7405.29	3052.18	18.5486
NM_003660.4	4583	4355.29	0	0
NM_003661.4	2795	2567.29	344.604	6.04069
NM_003662.4	1308	1080.29	0	0
NM_003663.4	4446	4218.29	4834.01	51.5719
NM_003664.5	3980	3752.29	4653.49	55.8116
NM_003665.4	1032	804.293	0	0
NM_003666.4	2110	1882.29	37.6478	0.900108
NM_003667.4	4583	4355.29	0	0
NM_003668.4	11083	10855.3	3.27377e-07	1.35722e-09
NM_003670.3	3152	2924.29	4522	69.5908
NM_003671.5	5485	5257.29	67.0333	0.573813
NM_003672.4	4231	4003.29	122.359	1.3755
NM_003673.4	960	732.293	2	0.12291
NM_003675.4	1670	1442.29	703.197	21.9415
NM_003676.4	2032	1804.29	6917.67	172.542
NM_003677.5	2719	2491.29	5088	91.9104
NM_003678.5	4728	4500.29	0	0
NM_003679.5	5017	4789.29	7.43623e-05	6.98753e-07
NM_003680.4	2443	2215.29	5265.26	106.962
NM_003681.5	7341	7113.29	3653.24	23.1126
NM_003682.4	6001	5773.29	0	0
NM_003683.6	2958	2730.29	1045.25	17.2287
NM_003684.7	2784	2556.29	10.4367	0.183737
NM_003685.3	3256	3028.29	373.244	5.54673
NM_003686.4	3208	2980.29	0	0
NM_003687.4	2257	2029.29	2234.83	49.5611
NM_003688.4	8818	8590.29	0	0
NM_003689.4	1360	1132.29	1461.91	58.1036
NM_003690.5	1770	1542.29	1461.88	42.6567
NM_003692.5	2575	2347.29	145.728	2.79395
NM_003693.4	3428	3200.29	8.62757e-07	1.21322e-08
NM_003695.3	749	521.701	0	0
NM_003696.3	4295	4067.29	0	0
NM_003697.1	945	717.293	0	0
NM_003700.1	927	699.293	0	0
NM_003701.4	2201	1973.29	0	0
NM_003702.5	1715	1487.29	362.36	10.9644
NM_003703.3	2933	2705.29	713.546	11.87
NM_003704.4	4731	4503.29	0.701151	0.00700687
NM_003705.5	3936	3708.29	817.959	9.92658
NM_003706.3	2486	2258.29	2.72993	0.0544017
NM_003707.3	1899	1671.29	2469.03	66.4837
NM_003708.5	1698	1470.29	0	0
NM_003709.4	8365	8137.29	1418.05	7.84249
NM_003710.4	2978	2750.29	4.50354	0.0736915
NM_003711.4	1542	1314.29	887.97	30.4052
NM_003712.4	1279	1051.29	158.525	6.78601
NM_003713.5	3273	3045.29	21241	313.898
NM_003714.3	4254	4026.29	17017	190.204
NM_003715.4	4123	3895.29	6760.87	78.1097
NM_003716.4	5507	5279.29	0	0
NM_003717.4	440	225.63	2.06335	0.411547
NM_003718.5	9525	9297.29	159.001	0.769638
NM_003719.5	4606	4378.29	0	0
NM_003720.4	1754	1526.29	280.22	8.26236
NM_003721.4	1376	1148.29	43.4497	1.70285
NM_003722.5	4944	4716.29	0	0
NM_003724.4	9097	8869.29	1917.12	9.72755
NM_003725.4	1512	1284.29	0.0710144	0.00248842
NM_003726.4	1556	1328.29	3	0.101641
NM_003728.4	9642	9414.29	0	0
NM_003729.4	2526	2298.29	1973.11	38.6356
NM_003730.6	8614	8386.29	240.646	1.29137
NM_003731.3	863	635.427	1888	133.714
NM_003732.3	693	466.041	18.13	1.75071
NM_003733.4	3270	3042.29	0	0
NM_003734.4	4011	3783.29	44	0.523389
NM_003735.3	4854	4626.29	1814.02	17.6462
NM_003736.4	4761	4533.29	284.956	2.82883
NM_003737.4	10713	10485.3	561	2.40782
NM_003738.5	4410	4182.29	12.8351	0.13811
NM_003739.6	1186	958.293	645.961	30.3354
NM_003740.4	3783	3555.29	0	0
NM_003741.4	3540	3312.29	98.5481	1.33894
NM_003742.4	6934	6706.29	1.70262	0.0114256
NM_003743.5	7381	7153.29	65.2012	0.410197
NM_003744.6	3571	3343.29	169.475	2.28125
NM_003745.2	1238	1010.29	100	4.45446
NM_003746.3	663	436.717	7395	762.045
NM_003747.3	9622	9394.29	820.842	3.93222
NM_003748.4	3139	2911.29	393.796	6.08734
NM_003749.3	8156	7928.29	1160.94	6.58978
NM_003750.4	6659	6431.29	23787	166.45
NM_003751.4	3021	2793.29	4943.18	79.6402
NM_003752.5	2910	2682.29	8873.39	148.876
NM_003753.4	1880	1652.29	7197	196.023
NM_003754.3	6920	6692.29	6317.9	42.4855
NM_003755.5	1103	875.293	4401.93	226.325
NM_003756.3	3961	3733.29	5137.99	61.936
NM_003757.4	1421	1193.29	6458.72	243.58
NM_003758.4	2479	2251.29	4814.39	96.2391
NM_003759.4	7669	7441.29	0	0
NM_003760.4	6041	5813.29	0	0
NM_003761.5	679	452.316	15	1.49242
NM_003762.5	4977	4749.29	1284.1	12.1678
NM_003763.6	4874	4646.29	1421.6	13.7693
NM_003764.4	5504	5276.29	44.2045	0.377033
NM_003765.3	1304	1076.29	1129.18	47.2143
NM_003766.5	2131	1903.29	987.249	23.3433
NM_003768.5	2420	2192.29	15564.6	319.507
NM_003769.3	1152	924.293	5405.71	263.2
NM_003770.5	1743	1515.29	0	0
NM_003771.5	1690	1462.29	0	0
NM_003772.4	3549	3321.29	540.154	7.31902
NM_003773.5	1882	1654.29	491	13.3571
NM_003774.5	5385	5157.29	1027.19	8.96338
NM_003775.4	1564	1336.29	0	0
NM_003776.4	744	516.753	704.698	61.3709
NM_003778.4	2234	2006.29	2260.89	50.7139
NM_003779.4	1933	1705.29	1230.13	32.4633
NM_003780.5	2193	1965.29	2719.72	62.2786
NM_003781.4	3295	3067.29	117.778	1.72803
NM_003782.4	1703	1475.29	94	2.86742
NM_003783.3	3548	3320.29	7	0.0948776
NM_003784.4	2195	1967.29	1175.4	26.888
NM_003785.4	659	432.717	0	0
NM_003786.4	5693	5465.29	413.265	3.40296
NM_003787.5	5319	5091.29	0	0
NM_003789.4	1483	1255.29	562	20.1481
NM_003790.3	1968	1740.29	148.86	3.84944
NM_003791.4	4377	4149.29	5632.37	61.0885
NM_003792.4	662	435.717	4283.77	442.449
NM_003793.4	2044	1816.29	992.918	24.602
NM_003794.4	2512	2284.29	1201.22	23.6654
NM_003795.6	1535	1307.29	6698.73	230.601
NM_003796.3	3460	3232.29	2275	31.6747
NM_003797.5	2088	1860.29	690.578	16.7061
NM_003798.4	2454	2226.29	4861.25	98.267
NM_003799.3	6236	6008.29	1437.92	10.7703
NM_003800.5	4825	4597.29	1180.82	11.5591
NM_003801.4	2054	1826.29	4315	106.329
NM_003802.3	5994	5766.29	0	0
NM_003803.4	5707	5479.29	0	0
NM_003804.6	4017	3789.29	447.659	5.31657
NM_003805.5	1189	961.293	348.861	16.332
NM_003806.4	5789	5561.29	0	0
NM_003807.5	4778	4550.29	0	0
NM_003808.4	1811	1583.29	0	0
NM_003809.3	1377	1149.29	204.898	8.02323
NM_003810.4	1876	1648.29	7	0.19112
NM_003811.4	1634	1406.29	234.55	7.50589
NM_003812.4	6334	6106.29	242.575	1.78777
NM_003813.4	2647	2419.29	2	0.0372035
NM_003814.5	2784	2556.29	0	0
NM_003815.5	2789	2561.29	1577.06	27.7096
NM_003816.3	4112	3884.29	16169	187.332
NM_003817.4	3367	3139.29	0	0
NM_003818.4	9076	8848.29	1141	5.80319
NM_003819.4	3094	2866.29	4613.71	72.4389
NM_003820.4	1702	1474.29	44.6004	1.36144
NM_003821.6	2516	2288.29	668.7	13.1511
NM_003822.5	4831	4603.29	12.0067	0.117381
NM_003823.4	1140	912.293	291.537	14.3814
NM_003824.4	1708	1480.29	2450	74.4836
NM_003825.4	2310	2082.29	2054.51	44.4025
NM_003826.3	3559	3331.29	1440.23	19.4564
NM_003827.4	1662	1434.29	2842.81	89.1975
NM_003828.5	2689	2461.29	0	0
NM_003829.5	7734	7506.29	0.0131506	7.88426e-05
NM_003830.4	2993	2765.29	0	0
NM_003831.5	3574	3346.29	3047.74	40.9879
NM_003833.5	2308	2080.29	0	0
NM_003834.3	2410	2182.29	0	0
NM_003835.4	2492	2264.29	5	0.0993756
NM_003836.7	4657	4429.29	18	0.182886
NM_003837.4	1336	1108.29	0	0
NM_003838.5	4692	4464.29	721.684	7.27507
NM_003839.4	8148	7920.29	81	0.460242
NM_003840.5	3535	3307.29	5589	76.0508
NM_003841.5	1395	1167.29	23	0.886727
NM_003842.5	3998	3770.29	1191.49	14.2218
NM_003843.4	3134	2906.29	0	0
NM_003844.4	2690	2462.29	52.0118	0.950614
NM_003845.3	1845	1617.29	0	0
NM_003846.3	1620	1392.29	746.613	24.1328
NM_003847.3	2708	2480.29	101.524	1.84207
NM_003848.4	2350	2122.29	2865.99	60.7731
NM_003849.4	1270	1042.29	2084	89.9808
NM_003850.3	2111	1883.29	2026	48.4132
NM_003851.3	1969	1741.29	1238	31.9957
NM_003852.4	8386	8158.29	374.632	2.06656
NM_003853.4	2813	2585.29	0	0
NM_003854.4	2565	2337.29	0	0
NM_003855.5	4149	3921.29	0	0
NM_003856.4	3885	3657.29	303	3.72842
NM_003857.4	1373	1145.29	0	0
NM_003859.3	1054	826.293	1544.83	84.1374
NM_003860.4	731	503.753	3970.88	354.741
NM_003861.3	5946	5718.29	1297.05	10.2078
NM_003862.3	1998	1770.29	274	6.96543
NM_003863.4	912	684.293	1379.7	90.7373
NM_003864.4	1097	869.293	1494	77.344
NM_003865.3	977	749.293	0	0
NM_003866.3	9083	8855.29	0	0
NM_003867.4	1320	1092.29	3	0.123602
NM_003868.3	1666	1438.29	61	1.90864
NM_003869.6	3916	3688.29	997.726	12.1739
NM_003870.4	7205	6977.29	21054.1	135.797
NM_003872.3	6644	6416.29	1413.07	9.91112
NM_003873.7	5640	5412.29	25989	216.098
NM_003874.4	8204	7976.29	0	0
NM_003875.3	8631	8403.29	4752.04	25.4491
NM_003876.3	958	730.293	919.539	56.6651
NM_003877.5	2606	2378.29	97.5426	1.84574
NM_003878.3	1248	1020.29	2117.1	93.3812
NM_003879.7	14612	14384.3	0	0
NM_003880.4	1212	984.293	0	0
NM_003881.4	1279	1051.29	1527.14	65.373
NM_003882.4	5190	4962.29	241.749	2.19242
NM_003883.4	1933	1705.29	1575.09	41.567
NM_003884.5	4410	4182.29	679.914	7.31614
NM_003885.3	3948	3720.29	80	0.967732
NM_003886.3	2866	2638.29	0	0
NM_003887.3	5665	5437.29	720.336	5.96204
NM_003888.4	3386	3158.29	0	0
NM_003889.4	2802	2574.29	0	0
NM_003890.3	16398	16170.3	2.89737	0.0080636
NM_003891.3	1497	1269.29	3.06305	0.108601
NM_003893.5	3412	3184.29	1449.28	20.4825
NM_003895.4	7425	7197.29	20.6084	0.12886
NM_003896.4	4366	4138.29	0	0
NM_003897.4	1237	1009.29	6890.23	307.226
NM_003898.4	7402	7174.29	6166.21	38.6795
NM_003899.5	5105	4877.29	231.255	2.1338
NM_003900.5	2840	2612.29	3997.97	68.8747
NM_003901.4	5778	5550.29	1267.46	10.2769
NM_003902.5	6714	6486.29	1383.63	9.59988
NM_003903.5	2201	1973.29	1420.54	32.3969
NM_003904.5	6539	6311.29	1793.81	12.7909
NM_003905.4	1813	1585.29	2457.85	69.773
NM_003906.5	6403	6175.29	479.754	3.49626
NM_003907.3	2562	2334.29	1569.04	30.2497
NM_003908.5	2556	2328.29	7511.05	145.18
NM_003909.5	4857	4629.29	3688.58	35.8581
NM_003910.4	1052	824.293	609.413	33.2715
NM_003913.5	7517	7289.29	938.845	5.7963
NM_003915.6	2193	1965.29	34.7799	0.796422
NM_003916.5	2119	1891.29	2411	57.3695
NM_003917.5	2598	2370.29	4.47968	0.0850526
NM_003918.3	3285	3057.29	1.52583e-07	2.24601e-09
NM_003919.3	1868	1640.29	2378.44	65.255
NM_003920.5	5158	4930.29	3430.14	31.3099
NM_003921.5	2833	2605.29	1354.05	23.3895
NM_003922.4	15197	14969.3	284.342	0.854833
NM_003923.3	2017	1789.29	0	0
NM_003924.4	2785	2557.29	0	0
NM_003925.3	2412	2184.29	196.218	4.04268
NM_003927.5	5064	4836.29	4868	45.2981
NM_003929.3	3308	3080.29	21.0371	0.307352
NM_003930.5	3839	3611.29	1545.35	19.2578
NM_003931.3	2886	2658.29	79.9982	1.35431
NM_003932.5	3212	2984.29	8883.84	133.968
NM_003933.5	4679	4451.29	0	0
NM_003934.2	3153	2925.29	3020.26	46.464
NM_003935.5	3150	2922.29	108.821	1.67583
NM_003936.5	2490	2262.29	0	0
NM_003937.3	15151	14923.3	32.1378	0.0969155
NM_003938.8	4879	4651.29	23.9127	0.231365
NM_003939.5	5916	5688.29	313.154	2.47753
NM_003940.3	8038	7810.29	2648.03	15.258
NM_003941.4	4363	4135.29	2473	26.9129
NM_003942.3	3128	2900.29	3053.3	47.3773
NM_003943.5	2244	2016.29	1089	24.3062
NM_003944.4	1722	1494.29	187.387	5.64346
NM_003945.4	1419	1191.29	5550	209.66
NM_003946.7	1421	1193.29	45.0368	1.69849
NM_003947.6	6511	6283.29	0	0
NM_003948.5	4704	4476.29	0	0
NM_003950.4	3334	3106.29	23.1649	0.335606
NM_003952.3	1733	1505.29	1446.79	43.254
NM_003953.6	4978	4750.29	5370.26	50.8765
NM_003954.5	4442	4214.29	431.133	4.60393
NM_003955.5	2734	2506.29	2284	41.0116
NM_003956.4	1689	1461.29	36	1.10868
NM_003957.4	4058	3830.29	0	0
NM_003958.4	5616	5388.29	973.761	8.13286
NM_003959.3	4509	4281.29	220.997	2.32302
NM_003960.4	1085	857.293	0	0
NM_003963.3	714	486.852	0	0
NM_003965.5	1700	1472.29	0	0
NM_003966.3	11755	11527.3	1520.71	5.93691
NM_003967.3	1150	922.293	0	0
NM_003968.4	2111	1883.29	2244.24	53.6283
NM_003969.4	1159	931.293	2923.97	141.296
NM_003970.4	5008	4780.29	28	0.2636
NM_003971.6	8234	8006.29	405.723	2.28055
NM_003972.3	8361	8133.29	1638.22	9.06457
NM_003973.5	7025	6797.29	14570.7	96.4687
NM_003974.4	1766	1538.29	5.75353	0.168321
NM_003975.4	1644	1416.29	0	0
NM_003977.4	1236	1008.29	1067	47.6233
NM_003978.5	1998	1770.29	0	0
NM_003979.4	6582	6354.29	800.682	5.67068
NM_003980.6	3758	3530.29	10.3215	0.131575
NM_003981.4	3072	2844.29	3269.93	51.7377
NM_003982.4	2082	1854.29	0	0
NM_003983.6	6255	6027.29	1686.53	12.5926
NM_003984.4	2360	2132.29	0	0
NM_003985.6	2761	2533.29	0	0
NM_003986.3	2035	1807.29	0	0
NM_003987.5	4258	4030.29	0	0
NM_003988.5	4272	4044.29	0	0
NM_003989.5	4170	3942.29	0	0
NM_003990.5	4239	4011.29	0	0
NM_003991.4	2524	2296.29	16.3934	0.321281
NM_003992.5	1846	1618.29	0	0
NM_003993.4	2151	1923.29	76.425	1.78827
NM_003994.6	5357	5129.29	808.393	7.09263
NM_003995.4	4248	4020.29	1469.43	16.4488
NM_003996.3	1334	1106.29	0	0
NM_003998.4	4055	3827.29	602.07	7.07942
NM_003999.3	5526	5298.29	4937.27	41.9366
NM_004000.3	1416	1188.29	17	0.643825
NM_004001.5	2125	1897.29	0	0
NM_004003.4	3147	2919.29	22.3432	0.344437
NM_004004.6	2290	2062.29	202.217	4.41275
NM_004006.3	13992	13764.3	0	0
NM_004009.3	14000	13772.3	3.68568	0.0120435
NM_004010.3	14083	13855.3	0.00097487	3.16645e-06
NM_004011.4	9751	9523.29	0	0
NM_004012.4	9894	9666.29	0	0
NM_004013.3	7416	7188.29	0	0
NM_004014.3	5627	5399.29	0	0
NM_004015.3	4676	4448.29	30.6581	0.310166
NM_004016.3	4644	4416.29	70.4623	0.718027
NM_004017.3	4637	4409.29	18.0722	0.184452
NM_004018.3	4605	4377.29	42.175	0.433603
NM_004019.3	1618	1390.29	3.49	0.11297
NM_004020.4	7086	6858.29	0	0
NM_004021.3	7384	7156.29	0	0
NM_004022.3	7345	7117.29	0	0
NM_004023.3	7054	6826.29	0	0
NM_004027.3	9994	9766.29	0	0
NM_004028.5	5422	5194.29	0	0
NM_004029.4	1836	1608.29	0	0
NM_004031.4	2008	1780.29	0	0
NM_004032.3	1953	1725.29	0	0
NM_004034.4	2509	2281.29	0	0
NM_004035.7	7317	7089.29	839.236	5.3275
NM_004036.5	4950	4722.29	1092.3	10.4096
NM_004037.9	3411	3183.29	220.155	3.1124
NM_004038.4	1785	1557.29	0	0
NM_004039.3	1554	1326.29	88614.7	3006.83
NM_004040.4	2367	2139.29	6886	144.857
NM_004041.5	7352	7124.29	32.0728	0.202599
NM_004042.5	2046	1818.29	0	0
NM_004044.7	1972	1744.29	2691.95	69.4527
NM_004045.4	471	253.178	1485	263.963
NM_004046.6	5761	5533.29	13098.6	106.532
NM_004047.5	987	759.293	2563.95	151.965
NM_004048.4	943	715.293	23512.3	1479.29
NM_004049.4	780	552.487	33.695	2.74465
NM_004050.5	3526	3298.29	2544.2	34.7139
NM_004051.5	3375	3147.29	52.5695	0.751691
NM_004052.4	1542	1314.29	13487	461.811
NM_004053.4	1718	1490.29	1257.14	37.9623
NM_004054.4	3434	3206.29	0.216974	0.00304541
NM_004055.5	4367	4139.29	1682.61	18.2936
NM_004056.6	5735	5507.29	0	0
NM_004057.3	455	238.796	0	0
NM_004058.5	1537	1309.29	37	1.27177
NM_004059.5	1971	1743.29	43.2687	1.11698
NM_004060.4	2444	2216.29	1996.14	40.5327
NM_004061.5	4258	4030.29	0	0
NM_004062.4	2855	2627.29	0	0
NM_004063.4	3670	3442.29	0	0
NM_004064.5	2411	2183.29	2245	46.275
NM_004066.3	1735	1507.29	0	0
NM_004067.4	3167	2939.29	0	0
NM_004068.4	1931	1703.29	17713.3	468.008
NM_004069.6	789	561.487	4592.98	368.127
NM_004070.4	2491	2263.29	0	0
NM_004071.4	1847	1619.29	521.377	14.49
NM_004072.3	5412	5184.29	0.000178758	1.55174e-06
NM_004073.4	2340	2112.29	611.062	13.0189
NM_004074.3	494	274.359	2914	477.982
NM_004075.5	2987	2759.29	630.111	10.2769
NM_004076.5	855	627.427	0	0
NM_004077.3	2915	2687.29	8632	144.557
NM_004078.3	1820	1592.29	15013.9	424.34
NM_004079.5	3936	3708.29	34.0791	0.413577
NM_004081.7	4335	4107.29	0	0
NM_004082.5	4455	4227.29	0	0
NM_004083.6	903	675.361	189.288	12.6133
NM_004084.4	498	278.077	0	0
NM_004085.4	1210	982.293	342.515	15.6921
NM_004086.3	2536	2308.29	12.6156	0.245957
NM_004087.2	5034	4806.29	0.540884	0.0050645
NM_004088.4	1934	1706.29	0	0
NM_004089.4	1954	1726.29	656.81	17.1225
NM_004090.4	4095	3867.29	3596	41.8461
NM_004091.4	5196	4968.29	48.9269	0.443183
NM_004092.4	1277	1049.29	2862	122.748
NM_004093.4	4995	4767.29	37	0.349279
NM_004094.5	4154	3926.29	6738	77.2308
NM_004095.4	827	599.427	2565	192.572
NM_004096.5	7491	7263.29	6400.28	39.6559
NM_004097.3	2144	1916.29	0	0
NM_004098.4	2595	2367.29	1461.05	27.7751
NM_004099.6	3145	2917.29	2921.69	45.0709
NM_004100.5	5701	5473.29	0	0
NM_004101.4	3398	3170.29	2501.06	35.5032
NM_004102.5	1097	869.293	51.3696	2.65939
NM_004103.4	4193	3965.29	0	0
NM_004104.5	8464	8236.29	8234.63	44.994
NM_004106.2	590	365.061	32	3.94481
NM_004107.5	1542	1314.29	335.983	11.5045
NM_004108.3	1062	834.293	0	0
NM_004109.5	3144	2916.29	625	9.64475
NM_004110.6	1864	1636.29	12.743	0.350473
NM_004111.6	2016	1788.29	3972	99.9569
NM_004112.4	2578	2350.29	78.4562	1.50227
NM_004113.6	5353	5125.29	0	0
NM_004114.5	19575	19347.3	0	0
NM_004115.4	13071	12843.3	0.000149851	5.25082e-07
NM_004116.5	925	697.293	21.2438	1.37107
NM_004117.4	3750	3522.29	963.987	12.3165
NM_004118.4	1302	1074.29	5	0.209454
NM_004119.3	3826	3598.29	0	0
NM_004120.5	4088	3860.29	177.828	2.07311
NM_004121.5	2428	2200.29	429.808	8.79097
NM_004122.2	914	686.293	0	0
NM_004123.3	716	488.852	19	1.74912
NM_004124.3	4085	3857.29	7676	89.556
NM_004125.4	1497	1269.29	15.2957	0.542313
NM_004126.4	3019	2791.29	4889	78.8237
NM_004127.7	1853	1625.29	404.294	11.1946
NM_004128.3	2228	2000.29	1455.55	32.7473
NM_004130.4	5996	5768.29	23.0176	0.179579
NM_004131.6	891	663.427	0	0
NM_004132.5	2985	2757.29	0	0
NM_004133.5	4200	3972.29	0	0
NM_004134.7	4404	4176.29	15326	165.151
NM_004135.4	1335	1107.29	1782.06	72.4272
NM_004136.4	6324	6096.29	3381.76	24.9643
NM_004137.4	4742	4514.29	3.00314	0.0299384
NM_004138.4	1303	1075.29	0	0
NM_004139.5	1825	1597.29	14	0.394444
NM_004140.4	4212	3984.29	1819.74	20.5542
NM_004143.4	1118	890.293	2.93046	0.148131
NM_004145.4	7606	7378.29	3598.69	21.9498
NM_004146.6	535	312.445	1686.64	242.935
NM_004147.4	1665	1437.29	2359	73.8626
NM_004148.4	1237	1009.29	276.422	12.3253
NM_004152.3	1195	967.293	21770.1	1012.85
NM_004153.4	3121	2893.29	621.416	9.66567
NM_004155.6	4143	3915.29	60.8268	0.699154
NM_004157.4	6492	6264.29	3156.74	22.6782
NM_004158.5	701	473.947	1	0.0949538
NM_004159.5	1327	1099.29	131.667	5.39022
NM_004160.6	1034	806.293	5	0.279074
NM_004161.5	2448	2220.29	11144.5	225.888
NM_004162.5	2518	2290.29	3269.99	64.2537
NM_004163.4	7003	6775.29	187.059	1.24249
NM_004164.3	694	467.041	1	0.0963578
NM_004165.3	1460	1232.29	13.0987	0.478363
NM_004168.4	2693	2465.29	4715.58	86.0813
NM_004169.5	2527	2299.29	321.043	6.28364
NM_004170.6	3698	3470.29	3907.46	50.6723
NM_004171.4	12006	11778.3	20.0139	0.0764699
NM_004172.5	3919	3691.29	1201.53	14.6487
NM_004173.3	2316	2088.29	0	0
NM_004174.4	5555	5327.29	0.355538	0.00300346
NM_004175.5	3466	3238.29	3641.79	50.6106
NM_004176.5	4901	4673.29	59.3205	0.571247
NM_004177.5	6154	5926.29	99.8247	0.758049
NM_004178.5	1405	1177.29	8.29631	0.317134
NM_004179.3	4826	4598.29	8.02363	0.0785266
NM_004180.3	2140	1912.29	0	0
NM_004181.5	1103	875.293	2744	141.082
NM_004182.4	595	369.951	946.581	115.148
NM_004183.4	2210	1982.29	0	0
NM_004184.4	2639	2411.29	0	0
NM_004185.4	2925	2697.29	26.057	0.434749
NM_004186.5	3607	3379.29	66.6554	0.887671
NM_004187.5	5810	5582.29	1225.14	9.87678
NM_004188.8	2469	2241.29	1.13125	0.0227145
NM_004189.4	2020	1792.29	0	0
NM_004190.4	1391	1163.29	0	0
NM_004192.4	2065	1837.29	1095.49	26.8332
NM_004193.3	6400	6172.29	1082.42	7.89209
NM_004194.5	2883	2655.29	0	0
NM_004195.3	1083	855.293	0	0
NM_004196.7	5402	5174.29	51.5075	0.447983
NM_004197.2	1211	983.293	325.304	14.8884
NM_004198.3	2400	2172.29	0	0
NM_004199.3	4884	4656.29	0	0
NM_004200.4	6381	6153.29	759.833	5.55716
NM_004202.3	1337	1109.29	47.0007	1.90678
NM_004203.5	2061	1833.29	1365.08	33.5096
NM_004204.5	2958	2730.29	884.592	14.5806
NM_004205.5	3697	3469.29	0	0
NM_004206.4	1549	1321.29	1027.01	34.98
NM_004207.4	2599	2371.29	20412.2	387.389
NM_004208.4	2222	1994.29	1461.12	32.9716
NM_004209.6	2026	1798.29	5	0.125127
NM_004210.5	4582	4354.29	22	0.227377
NM_004211.5	6876	6648.29	0	0
NM_004212.4	4371	4143.29	2.00395	0.0217662
NM_004213.5	2770	2542.29	0	0
NM_004214.5	1361	1133.29	1997.62	79.3255
NM_004215.5	2383	2155.29	517.445	10.8044
NM_004217.4	1243	1015.29	1067.37	47.3114
NM_004218.4	1590	1362.29	2910.95	96.1625
NM_004219.4	715	487.852	3352.73	309.281
NM_004220.3	3311	3083.29	554.795	8.09768
NM_004221.7	862	634.427	48.8498	3.46516
NM_004223.5	1219	991.293	565.384	25.6675
NM_004224.3	2020	1792.29	0	0
NM_004225.3	6399	6171.29	1635.97	11.93
NM_004226.4	5273	5045.29	2942.92	26.2503
NM_004227.4	4482	4254.29	3432.52	36.3101
NM_004228.7	4443	4215.29	0	0
NM_004229.4	7996	7768.29	728.386	4.21967
NM_004230.4	3643	3415.29	523.039	6.89204
NM_004231.4	678	451.406	1456.23	145.179
NM_004232.4	5703	5475.29	2993.46	24.6042
NM_004233.4	2328	2100.29	61	1.30705
NM_004234.4	3190	2962.29	11.7322	0.178236
NM_004235.6	2936	2708.29	2974.55	49.4274
NM_004236.4	6576	6348.29	3472.25	24.6148
NM_004237.4	2431	2203.29	4618.98	94.3444
NM_004238.3	9875	9647.29	318.978	1.48798
NM_004239.4	9996	9768.29	925.478	4.26373
NM_004240.4	2039	1811.29	1800.21	44.7276
NM_004242.4	865	637.427	417.959	29.5084
NM_004244.6	4154	3926.29	0	0
NM_004245.4	2597	2369.29	0	0
NM_004246.3	4196	3968.29	0	0
NM_004247.4	4326	4098.29	2787.74	30.612
NM_004248.3	5387	5159.29	1	0.00872272
NM_004249.4	1785	1557.29	258.806	7.47905
NM_004251.5	2034	1806.29	609.309	15.1807
NM_004252.5	1993	1765.29	167.899	4.2803
NM_004254.4	2180	1952.29	0	0
NM_004255.4	1173	945.293	2749	130.873
NM_004256.4	2997	2769.29	3	0.0487522
NM_004257.6	5680	5452.29	194.228	1.60315
NM_004258.6	3554	3326.29	0	0
NM_004259.7	3669	3441.29	207.399	2.71224
NM_004260.4	3819	3591.29	134.331	1.68333
NM_004261.5	1542	1314.29	5175.3	177.209
NM_004262.3	2787	2559.29	0	0
NM_004263.5	6075	5847.29	0	0
NM_004264.5	2669	2441.29	769.568	14.1863
NM_004265.4	3091	2863.29	1080.89	16.9886
NM_004267.5	4142	3914.29	535	6.15096
NM_004268.5	5087	4859.29	1296.72	12.0092
NM_004269.4	1385	1157.29	1242.07	48.2999
NM_004270.5	2071	1843.29	397.122	9.69555
NM_004271.4	859	631.427	0	0
NM_004272.5	5798	5570.29	545.666	4.4085
NM_004273.5	6934	6706.29	2846.79	19.1036
NM_004274.5	14984	14756.3	0.165226	0.0005039
NM_004275.5	2478	2250.29	789.062	15.7803
NM_004276.5	1289	1061.29	54.315	2.30317
NM_004277.5	2926	2698.29	14.4374	0.240792
NM_004278.4	1289	1061.29	135.943	5.76455
NM_004279.3	3910	3682.29	542.621	6.63164
NM_004280.5	1047	819.293	928.902	51.0238
NM_004281.4	2561	2333.29	4167.05	80.3715
NM_004282.4	6651	6423.29	2848.69	19.9586
NM_004283.4	4240	4012.29	98.363	1.10327
NM_004284.6	2967	2739.29	1552.57	25.5067
NM_004285.4	9147	8919.29	1295.09	6.53452
NM_004286.5	4905	4677.29	1649.93	15.875
NM_004287.5	3932	3704.29	1622.22	19.7082
NM_004288.5	2207	1979.29	2	0.0454739
NM_004289.7	3740	3512.29	133	1.70413
NM_004290.5	4170	3942.29	1137.13	12.9809
NM_004291.4	800	572.487	0	0
NM_004292.3	4419	4191.29	2154.94	23.1382
NM_004293.5	5367	5139.29	0	0
NM_004294.4	2184	1956.29	96.9348	2.22991
NM_004295.4	2894	2666.29	643.791	10.8662
NM_004296.7	5583	5355.29	0	0
NM_004297.4	2497	2269.29	1	0.0198313
NM_004298.4	8223	7995.29	337.576	1.90011
NM_004299.6	4595	4367.29	354.41	3.65204
NM_004300.4	1474	1246.29	2127.49	76.8226
NM_004301.5	1854	1626.29	2115.95	58.553
NM_004302.5	4531	4303.29	1003.35	10.4929
NM_004304.5	6240	6012.29	161.481	1.20871
NM_004305.4	2070	1842.29	0	0
NM_004306.4	1456	1228.29	0	0
NM_004307.2	8899	8671.29	215.017	1.11591
NM_004308.5	3395	3167.29	4335.74	61.6052
NM_004309.6	1837	1609.29	20881.9	583.952
NM_004310.5	4181	3953.29	3.9399	0.0448506
NM_004311.4	3834	3606.29	1485.1	18.5326
NM_004312.3	1310	1082.29	0	0
NM_004313.4	1778	1550.29	97.9481	2.84331
NM_004314.3	1315	1087.29	0	0
NM_004315.6	2938	2710.29	215.143	3.57234
NM_004316.4	2481	2253.29	0	0
NM_004317.4	1275	1047.29	2300.16	98.84
NM_004318.4	5301	5073.29	6930.38	61.4765
NM_004319.3	7138	6910.29	0	0
NM_004320.6	3493	3265.29	0	0
NM_004321.8	8828	8600.29	0	0
NM_004322.3	1240	1012.29	88.6857	3.94266
NM_004323.6	3820	3592.29	409.949	5.13571
NM_004324.4	1412	1184.29	826.691	31.4142
NM_004326.4	6189	5961.29	479	3.61607
NM_004327.4	6783	6555.29	1205.96	8.27908
NM_004328.5	1636	1408.29	12.3201	0.393697
NM_004329.3	6417	6189.29	1.09512	0.00796274
NM_004330.4	6111	5883.29	2639.73	20.1921
NM_004331.3	3452	3224.29	8397.93	117.214
NM_004332.4	1909	1681.29	210.166	5.62551
NM_004333.6	6459	6231.29	36.6531	0.264713
NM_004334.3	1979	1751.29	323.605	8.3157
NM_004335.4	1001	773.293	75	4.36475
NM_004336.5	3762	3534.29	6332.4	80.6321
NM_004337.2	4200	3972.29	0	0
NM_004339.4	2600	2372.29	14664.8	278.195
NM_004341.5	7286	7058.29	4518.89	28.8121
NM_004342.7	4246	4018.29	29295.5	328.096
NM_004343.4	1901	1673.29	84789	2280.39
NM_004344.3	1413	1185.29	1448	54.9775
NM_004345.5	591	366.025	0	0
NM_004346.4	2645	2417.29	204.312	3.80371
NM_004347.5	1446	1218.29	0	0
NM_004349.4	7086	6858.29	246.962	1.62052
NM_004350.3	4267	4039.29	266	2.96359
NM_004352.4	2442	2214.29	1	0.0203239
NM_004354.3	5471	5243.29	1610.31	13.8213
NM_004355.4	1461	1233.29	247.891	9.04559
NM_004356.4	1482	1254.29	8495.69	304.819
NM_004357.5	1545	1317.29	9558.89	326.563
NM_004358.5	3077	2849.29	393.164	6.20983
NM_004359.2	1418	1190.29	1551.93	58.6759
NM_004360.5	4811	4583.29	0	0
NM_004361.5	12136	11908.3	0	0
NM_004362.3	2725	2497.29	589.103	10.6161
NM_004363.6	3501	3273.29	0	0
NM_004364.5	2601	2373.29	6	0.113774
NM_004365.4	2406	2178.29	773.117	15.9724
NM_004366.6	3244	3016.29	82.7685	1.23491
NM_004367.6	3228	3000.29	0	0
NM_004368.4	2149	1921.29	7414.83	173.68
NM_004369.4	10532	10304.3	27381.7	119.587
NM_004370.6	11725	11497.3	23941.5	93.7125
NM_004371.4	5318	5090.29	16424.3	145.207
NM_004373.4	537	314.382	3170	453.778
NM_004374.4	744	516.753	1222.21	106.44
NM_004375.5	3150	2922.29	133.577	2.05708
NM_004376.7	3791	3563.29	86.7685	1.09585
NM_004377.4	2857	2629.29	5.60881	0.0960006
NM_004378.3	738	510.753	0	0
NM_004379.5	10095	9867.29	1449.49	6.61086
NM_004380.3	10790	10562.3	661.578	2.8188
NM_004381.5	2626	2398.29	2463.01	46.2174
NM_004382.5	2537	2309.29	0	0
NM_004383.3	2743	2515.29	2112.6	37.7981
NM_004384.5	4360	4132.29	537.735	5.85625
NM_004385.5	12345	12117.3	9289.85	34.5021
NM_004386.3	6402	6174.29	0	0
NM_004387.4	1558	1330.29	0	0
NM_004388.3	6571	6343.29	1340.91	9.51324
NM_004389.4	3788	3560.29	0	0
NM_004390.5	2145	1917.29	42.9565	1.00828
NM_004391.3	3688	3460.29	0	0
NM_004392.7	4639	4411.29	0	0
NM_004393.6	5387	5159.29	2500.98	21.8154
NM_004394.3	2301	2073.29	7713.3	167.425
NM_004395.4	2886	2658.29	17872.4	302.568
NM_004396.5	3684	3456.29	22632.7	294.691
NM_004397.6	6128	5900.29	2786.04	21.2498
NM_004398.4	3217	2989.29	1875	28.2277
NM_004399.3	3770	3542.29	0	0
NM_004401.3	6035	5807.29	1558.93	12.0808
NM_004402.4	2833	2605.29	51.0318	0.881509
NM_004403.3	2414	2186.29	87.061	1.79208
NM_004404.5	3251	3023.29	20214.5	300.902
NM_004405.4	2454	2226.29	218	4.40673
NM_004406.3	5713	5485.29	0	0
NM_004407.4	2705	2477.29	0	0
NM_004408.4	3217	2989.29	0.0108843	0.000163861
NM_004409.5	2799	2571.29	0	0
NM_004411.5	2998	2770.29	0	0
NM_004412.7	12918	12690.3	365.115	1.29479
NM_004413.4	1733	1505.29	0	0
NM_004414.7	2503	2275.29	706.267	13.9693
NM_004415.4	9697	9469.29	7125.3	33.8632
NM_004416.3	3908	3680.29	5	0.0611406
NM_004417.4	2013	1785.29	5480	138.138
NM_004418.4	1685	1457.29	185.593	5.73135
NM_004419.4	2477	2249.29	1040	20.808
NM_004420.3	4824	4596.29	0	0
NM_004421.3	3230	3002.29	5327.91	79.8631
NM_004422.3	2989	2761.29	704.616	11.4837
NM_004423.4	5269	5041.29	4568.43	40.7819
NM_004424.5	2548	2320.29	743.966	14.4295
NM_004425.4	2046	1818.29	6210.3	153.706
NM_004426.3	5390	5162.29	223.886	1.95176
NM_004427.4	2564	2336.29	3756.16	72.3534
NM_004428.3	1552	1324.29	0	0
NM_004429.5	3303	3075.29	623	9.11683
NM_004430.3	4514	4286.29	154.837	1.62568
NM_004431.5	3946	3718.29	805.405	9.74795
NM_004432.5	3983	3755.29	0	0
NM_004433.5	3104	2876.29	1.31218	0.0205306
NM_004434.3	4460	4232.29	2293.38	24.3861
NM_004435.2	1145	917.293	884.986	43.4181
NM_004436.4	1227	999.293	1646.18	74.1354
NM_004437.4	5804	5576.29	0	0
NM_004438.5	6362	6134.29	349.033	2.56061
NM_004439.8	8408	8180.29	0.000309259	1.70136e-06
NM_004440.4	6621	6393.29	0	0
NM_004441.5	4674	4446.29	2068	20.9312
NM_004442.7	11057	10829.3	62.8124	0.261028
NM_004443.4	4234	4006.29	498.845	5.60357
NM_004444.5	4353	4125.29	1274.28	13.9012
NM_004445.6	3999	3771.29	6.85723	0.0818278
NM_004446.3	4862	4634.29	10546	102.411
NM_004447.6	3901	3673.29	6589.78	80.7343
NM_004448.4	4557	4329.29	1238.17	12.8708
NM_004449.4	5042	4814.29	212.512	1.98652
NM_004450.3	791	563.487	5157	411.866
NM_004451.5	2274	2046.29	1024.56	22.5325
NM_004452.4	3090	2862.29	0	0
NM_004453.4	3111	2883.29	371.086	5.79199
NM_004454.3	4082	3854.29	3089	36.0675
NM_004455.3	4020	3792.29	62.9407	0.746917
NM_004456.5	2654	2426.29	66.1622	1.22718
NM_004457.5	5577	5349.29	1689.59	14.2143
NM_004458.3	4888	4660.29	1547.03	14.9392
NM_004459.7	11024	10796.3	0	0
NM_004460.5	2696	2468.29	6735.41	122.803
NM_004461.3	1811	1583.29	3303	93.8835
NM_004462.5	2035	1807.29	1532.69	38.1653
NM_004463.3	4343	4115.29	1416.21	15.487
NM_004464.4	5313	5085.29	3498.65	30.9618
NM_004465.2	6113	5885.29	0	0
NM_004466.6	2943	2715.29	4.32716	0.0717181
NM_004467.4	1237	1009.29	0	0
NM_004468.5	1656	1428.29	786.681	24.787
NM_004469.5	2069	1841.29	0	0
NM_004470.4	574	349.421	690.972	88.9926
NM_004472.3	2512	2284.29	6483	127.722
NM_004473.4	3492	3264.29	1	0.0137865
NM_004474.4	2648	2420.29	2.00029	0.0371935
NM_004475.3	2668	2440.29	874.159	16.1209
NM_004476.3	4110	3882.29	0	0
NM_004477.3	978	750.293	1264.66	75.8552
NM_004479.4	1662	1434.29	2	0.062753
NM_004480.4	4749	4521.29	21.0072	0.209097
NM_004481.5	4423	4195.29	12980	139.237
NM_004482.4	3436	3208.29	0	0
NM_004483.5	1560	1332.29	1350.04	45.6026
NM_004484.4	2267	2039.29	229.551	5.06572
NM_004485.4	4722	4494.29	2.22848e-05	2.23146e-07
NM_004486.6	4278	4050.29	179.454	1.99393
NM_004487.5	11171	10943.3	385.967	1.58725
NM_004488.2	3493	3265.29	3.00009	0.041348
NM_004489.5	1176	948.293	1802	85.5174
NM_004490.3	2415	2187.29	387.695	7.97674
NM_004491.5	9290	9062.29	6874.06	34.1364
NM_004492.3	1559	1331.29	2208.26	74.6481
NM_004493.3	954	726.293	1204.51	74.6348
NM_004494.3	2309	2081.29	5953.92	128.74
NM_004495.4	1593	1365.29	43.4344	1.43169
NM_004496.5	3509	3281.29	1	0.013715
NM_004497.3	1923	1695.29	2	0.0530918
NM_004498.4	4352	4124.29	2	0.0218234
NM_004499.4	1629	1401.29	5226.64	167.855
NM_004500.4	3165	2937.29	8744.68	133.98
NM_004501.3	6789	6561.29	17212.5	118.058
NM_004502.4	1363	1135.29	1204	47.7266
NM_004503.4	1651	1423.29	752.943	23.8073
NM_004504.5	8677	8449.29	3666.39	19.5281
NM_004505.4	7516	7288.29	0	0
NM_004506.4	2596	2368.29	302.442	5.7471
NM_004507.4	3007	2779.29	523.596	8.4782
NM_004508.4	2739	2511.29	1160.85	20.8028
NM_004509.5	6120	5892.29	41.2379	0.31496
NM_004510.4	1952	1724.29	290.469	7.58107
NM_004513.6	7315	7087.29	0	0
NM_004514.4	5243	5015.29	2890.89	25.9405
NM_004515.4	1852	1624.29	8742.38	242.219
NM_004516.4	3641	3413.29	4572.83	60.2911
NM_004517.4	1759	1531.29	2537.17	74.5646
NM_004518.6	9163	8935.29	0	0
NM_004519.4	11583	11355.3	0	0
NM_004520.5	7844	7616.29	1730.55	10.2255
NM_004521.3	5866	5638.29	18630.9	148.706
NM_004522.3	6954	6726.29	0	0
NM_004523.4	5016	4788.29	10608.9	99.708
NM_004524.3	3510	3282.29	0	0
NM_004525.3	15657	15429.3	0	0
NM_004526.4	3434	3206.29	2869.2	40.2717
NM_004527.4	2674	2446.29	0	0
NM_004528.4	1158	930.293	2076.75	100.463
NM_004529.4	6724	6496.29	201.917	1.39878
NM_004530.6	3514	3286.29	87317.9	1195.75
NM_004531.5	4166	3938.29	248.557	2.84028
NM_004532.6	4048	3820.29	0	0
NM_004533.4	3604	3376.29	0	0
NM_004535.3	5557	5329.29	1	0.00844448
NM_004536.3	7093	6865.29	0	0
NM_004537.7	13159	12931.3	786.428	2.7369
NM_004538.6	2649	2421.29	176	3.2712
NM_004539.4	2762	2534.29	6392.67	113.519
NM_004540.5	8041	7813.29	428.32	2.46704
NM_004541.4	421	209.523	1020	219.084
NM_004542.4	945	717.293	73.3357	4.60109
NM_004543.5	20623	20395.3	1.71367e-07	3.78128e-10
NM_004544.4	4855	4627.29	1026.48	9.98313
NM_004545.4	317	129.052	492.071	171.595
NM_004546.3	465	247.59	1521.9	276.628
NM_004547.6	651	424.846	2517.82	266.708
NM_004548.3	675	448.496	2131	213.829
NM_004549.6	2168	1940.29	2932.3	68.0116
NM_004550.5	2042	1814.29	0	0
NM_004551.3	894	666.361	1210	81.7181
NM_004552.3	495	275.303	1576.22	257.66
NM_004553.6	518	296.555	1957	296.98
NM_004554.5	4762	4534.29	3224.21	32.0005
NM_004555.4	6432	6204.29	407.131	2.95314
NM_004556.3	2344	2116.29	112	2.38169
NM_004557.4	6745	6517.29	0	0
NM_004558.5	1528	1300.29	0	0
NM_004559.5	2979	2751.29	29400.9	480.912
NM_004560.4	4158	3930.29	41.2987	0.472883
NM_004561.4	2988	2760.29	0	0
NM_004562.3	4178	3950.29	4.00455	0.0456211
NM_004563.4	2179	1951.29	562.864	12.9814
NM_004564.3	2369	2141.29	623.731	13.1088
NM_004565.3	1922	1694.29	810.399	21.5255
NM_004566.4	4482	4254.29	4697.56	49.6921
NM_004567.4	3499	3271.29	506.596	6.96922
NM_004568.6	1315	1087.29	3667.86	151.813
NM_004569.5	1394	1166.29	310.372	11.9762
NM_004570.6	4864	4636.29	0	0
NM_004571.5	5300	5072.29	1370.74	12.1617
NM_004572.4	4361	4133.29	0	0
NM_004573.3	4627	4399.29	2.66022e-07	2.7213e-09
NM_004574.5	1749	1521.29	0	0
NM_004575.3	3144	2916.29	0	0
NM_004577.4	1974	1746.29	16.7145	0.430742
NM_004578.4	2987	2759.29	1577.97	25.7361
NM_004579.5	7147	6919.29	472.439	3.07274
NM_004580.5	3464	3236.29	0	0
NM_004581.5	2312	2084.29	102.822	2.22008
NM_004582.4	1448	1220.29	1610.36	59.3884
NM_004583.4	1640	1412.29	6627.83	211.197
NM_004584.3	2086	1858.29	257.807	6.24341
NM_004585.5	758	530.648	8	0.678462
NM_004586.3	7987	7759.29	1116.12	6.47339
NM_004587.3	3673	3445.29	2577.3	33.6651
NM_004588.5	4937	4709.29	0	0
NM_004589.4	9577	9349.29	1904.28	9.1663
NM_004590.4	1507	1279.29	0.243852	0.00857823
NM_004591.3	834	606.427	0.00445381	0.000330518
NM_004592.4	3246	3018.29	1307.58	19.4962
NM_004593.3	4178	3950.29	6007.11	68.435
NM_004594.3	3708	3480.29	3.73138	0.0482498
NM_004595.5	1703	1475.29	10748.8	327.887
NM_004596.5	1277	1049.29	2018	86.5499
NM_004597.6	725	497.753	107.086	9.68196
NM_004598.4	4824	4596.29	15825	154.945
NM_004599.4	5237	5009.29	1940.37	17.4321
NM_004600.5	3251	3023.29	243.18	3.61984
NM_004602.4	3485	3257.29	596.958	8.24764
NM_004603.4	2102	1874.29	1394.07	33.4726
NM_004604.5	1410	1182.29	1636.6	62.2958
NM_004605.2	1281	1053.29	0	0
NM_004606.5	7599	7371.29	1023.72	6.25
NM_004607.3	661	434.717	3007.61	311.356
NM_004608.4	1843	1615.29	6	0.167164
NM_004609.4	1006	778.293	4	0.231291
NM_004612.4	6492	6264.29	3052.69	21.9307
NM_004613.4	4970	4742.29	733.884	6.96436
NM_004614.5	4824	4596.29	1198.69	11.7366
NM_004615.4	1742	1514.29	0	0
NM_004616.3	1131	903.293	0	0
NM_004617.4	1491	1263.29	16	0.569978
NM_004618.5	6596	6368.29	1195.66	8.44944
NM_004619.4	3958	3730.29	0	0
NM_004620.4	7885	7657.29	748.977	4.40185
NM_004621.6	4691	4463.29	0	0
NM_004622.3	3302	3074.29	3951.86	57.8494
NM_004623.5	2356	2128.29	1835.55	38.813
NM_004624.4	2754	2526.29	0	0
NM_004625.4	3991	3763.29	0	0
NM_004626.3	1900	1672.29	0	0
NM_004627.6	1534	1306.29	444.673	15.3194
NM_004628.5	3650	3422.29	1157.82	15.2254
NM_004629.2	2556	2328.29	1807	34.9271
NM_004630.4	3282	3054.29	3691.05	54.3853
NM_004631.5	7704	7476.29	726.639	4.37396
NM_004632.4	2056	1828.29	2323.7	57.1974
NM_004633.4	1462	1234.29	0	0
NM_004634.3	4725	4497.29	144.669	1.44766
NM_004635.5	2522	2294.29	842.553	16.5269
NM_004636.4	3288	3060.29	27.0834	0.398275
NM_004637.6	2185	1957.29	14529	334.058
NM_004638.4	6903	6675.29	33.1534	0.223512
NM_004640.7	1681	1453.29	3656.79	113.237
NM_004641.4	5067	4839.29	220.365	2.04929
NM_004642.4	1346	1118.29	9534.53	383.695
NM_004643.4	1811	1583.29	4513.27	128.284
NM_004644.5	3697	3469.29	0	0
NM_004645.3	2634	2406.29	975	18.2347
NM_004646.4	5535	5307.29	2.47062	0.0209496
NM_004647.4	2199	1971.29	0	0
NM_004649.8	1584	1356.29	0	0
NM_004650.3	3342	3114.29	297.762	4.3028
NM_004653.5	6825	6597.29	0	0
NM_004654.4	10036	9808.29	0	0
NM_004655.4	4260	4032.29	14.8098	0.165288
NM_004656.4	3600	3372.29	2982.11	39.7961
NM_004657.6	3054	2826.29	113.902	1.81367
NM_004658.3	3382	3154.29	0	0
NM_004660.5	4408	4180.29	0	0
NM_004661.4	3133	2905.29	1829	28.3313
NM_004662.2	3147	2919.29	2	0.0308315
NM_004663.5	4895	4667.29	4814.8	46.4254
NM_004664.4	6121	5893.29	330.269	2.52204
NM_004665.6	2014	1786.29	0	0
NM_004666.3	3853	3625.29	3	0.0372409
NM_004667.6	15364	15136.3	4.4714e-07	1.32943e-09
NM_004668.3	6484	6256.29	0	0
NM_004669.3	809	581.487	137	10.6029
NM_004670.4	3684	3456.29	9921.7	129.187
NM_004671.5	11243	11015.3	217.872	0.890118
NM_004672.5	4438	4210.29	1136.95	12.1527
NM_004673.4	3543	3315.29	0	0
NM_004674.5	2918	2690.29	2228.09	37.2714
NM_004675.5	1481	1253.29	1348	48.4038
NM_004678.3	1206	978.293	0	0
NM_004679.4	510	289.15	0	0
NM_004680.3	2366	2138.29	0	0
NM_004681.4	1339	1111.29	0	0
NM_004683.6	1548	1320.29	4.37845	0.149242
NM_004684.6	2778	2550.29	0	0
NM_004685.5	5117	4889.29	3553.8	32.7107
NM_004686.5	5110	4882.29	23.8428	0.219774
NM_004687.5	5814	5586.29	843.295	6.79357
NM_004688.3	1229	1001.29	257.661	11.5805
NM_004689.4	2871	2643.29	1300.04	22.1336
NM_004690.4	7362	7134.29	1256.17	7.92393
NM_004691.5	1636	1408.29	2779	88.8051
NM_004693.3	2170	1942.29	0	0
NM_004694.5	3691	3463.29	5.96479	0.0775083
NM_004695.4	1940	1712.29	73.8257	1.94031
NM_004696.3	2567	2339.29	79.2361	1.52434
NM_004697.5	2900	2672.29	753.369	12.6872
NM_004698.4	2414	2186.29	1810.72	37.2722
NM_004699.4	1337	1109.29	3759	152.499
NM_004700.4	4324	4096.29	0	0
NM_004701.4	1488	1260.29	3776	134.835
NM_004703.6	5909	5681.29	3780.15	29.9436
NM_004704.5	1542	1314.29	994.336	34.0473
NM_004705.4	3490	3262.29	1965.17	27.1094
NM_004706.4	3229	3001.29	1982.8	29.7312
NM_004707.4	4040	3812.29	2780.82	32.8268
NM_004708.4	603	377.687	2560.47	305.091
NM_004710.7	1495	1267.29	3.17542	0.112763
NM_004711.5	4383	4155.29	21.3245	0.230951
NM_004712.5	2893	2665.29	6854	115.729
NM_004713.6	5819	5591.29	1353.59	10.8948
NM_004714.3	2496	2268.29	163.024	3.2344
NM_004715.5	3744	3516.29	1193.22	15.2714
NM_004716.4	4197	3969.29	1117.42	12.6691
NM_004717.3	6770	6542.29	170.434	1.17238
NM_004718.4	2282	2054.29	99.6408	2.18282
NM_004719.3	7552	7324.29	4547.37	27.9407
NM_004721.5	9857	9629.29	0	0
NM_004722.4	3591	3363.29	242.206	3.24087
NM_004723.4	4092	3864.29	8.1383e-05	9.47776e-07
NM_004724.4	2873	2645.29	1826.7	31.0768
NM_004725.4	7703	7475.29	4792.78	28.8537
NM_004726.3	7978	7750.29	0	0
NM_004727.3	5762	5534.29	0	0
NM_004728.4	4664	4436.29	13447.9	136.419
NM_004729.4	4495	4267.29	468.307	4.93879
NM_004730.4	3682	3454.29	7349.65	95.7525
NM_004731.5	11730	11502.3	4.37952e-06	1.7135e-08
NM_004732.4	2879	2651.29	127.799	2.16926
NM_004733.4	9266	9038.29	481.46	2.39726
NM_004734.5	8468	8240.29	0	0
NM_004735.4	4381	4153.29	229.349	2.48512
NM_004736.4	8484	8256.29	2310.46	12.5938
NM_004737.7	4816	4588.29	426.733	4.1855
NM_004738.5	7829	7601.29	3128.87	18.5243
NM_004739.4	3083	2855.29	4121.92	64.9668
NM_004741.5	3723	3495.29	1582.5	20.3752
NM_004742.3	6258	6030.29	0	0
NM_004744.5	4901	4673.29	0	0
NM_004746.4	6655	6427.29	0	0
NM_004747.4	7644	7416.29	1914.83	11.6194
NM_004748.6	7056	6828.29	406.001	2.67582
NM_004749.4	2226	1998.29	2130.54	47.9813
NM_004750.5	1741	1513.29	7329	217.954
NM_004751.3	4934	4706.29	0	0
NM_004752.4	2541	2313.29	0	0
NM_004753.7	2201	1973.29	454.111	10.3565
NM_004755.4	26829	26601.3	7.35168	0.0124373
NM_004756.5	3561	3333.29	1436.08	19.3887
NM_004757.4	3138	2910.29	39.7946	0.61536
NM_004758.4	7698	7470.29	0	0
NM_004759.5	3628	3400.29	414.531	5.48634
NM_004760.3	3918	3690.29	4426.42	53.9801
NM_004761.5	2896	2668.29	783.903	13.2212
NM_004762.6	3290	3062.29	520.234	7.6453
NM_004763.5	4153	3925.29	1470.21	16.8558
NM_004764.5	3897	3669.29	0	0
NM_004765.4	857	629.427	1534.13	109.688
NM_004766.3	3275	3047.29	11168.2	164.934
NM_004767.5	6529	6301.29	2.00698	0.0143336
NM_004768.5	3812	3584.29	628.846	7.89556
NM_004769.4	2053	1825.29	24.6121	0.606818
NM_004770.3	3748	3520.29	0	0
NM_004771.4	1959	1731.29	0	0
NM_004772.4	1942	1714.29	6122.85	160.735
NM_004773.4	905	677.361	497.644	33.0629
NM_004774.4	8137	7909.29	3790.43	21.5672
NM_004775.5	4672	4444.29	343.163	3.47488
NM_004776.4	4722	4494.29	2402.72	24.0594
NM_004778.3	2881	2653.29	8.03387	0.136264
NM_004779.6	2494	2266.29	339.182	6.73534
NM_004780.3	1200	972.293	72.0951	3.33696
NM_004781.4	2178	1950.29	6226	143.665
NM_004782.4	4259	4031.29	1491.2	16.647
NM_004783.4	4659	4431.29	1197.98	12.1664
NM_004784.3	5806	5578.29	0	0
NM_004785.6	2127	1899.29	0.00577171	0.000136759
NM_004786.3	6840	6612.29	1028.52	7.00005
NM_004787.4	8053	7825.29	6737.6	38.7478
NM_004788.4	6109	5881.29	54.3627	0.415978
NM_004789.4	2396	2168.29	2	0.0415101
NM_004790.5	2166	1938.29	0	0
NM_004791.3	2436	2208.29	3000.11	61.1397
NM_004792.3	6357	6129.29	1234.87	9.06676
NM_004793.4	3092	2864.29	6075.62	95.4586
NM_004794.3	945	717.293	13	0.815622
NM_004795.4	5014	4786.29	62.4842	0.587508
NM_004796.6	10035	9807.29	0	0
NM_004797.4	4542	4314.29	0	0
NM_004798.4	6116	5888.29	4527.74	34.6046
NM_004799.4	5148	4920.29	1541.08	14.0954
NM_004800.3	3417	3189.29	9634	135.942
NM_004801.6	8948	8720.29	0	0
NM_004802.4	5036	4808.29	0	0
NM_004803.4	2221	1993.29	0	0
NM_004804.3	3968	3740.29	3051.46	36.7151
NM_004805.4	5038	4810.29	2030.05	18.9923
NM_004807.3	4223	3995.29	3959	44.5943
NM_004808.3	5003	4775.29	1256.12	11.8378
NM_004809.5	6280	6052.29	0	0
NM_004810.4	3891	3663.29	0	0
NM_004811.3	1828	1600.29	2453.75	69.0039
NM_004813.4	1668	1440.29	379.849	11.8687
NM_004814.3	1615	1387.29	1872	60.7267
NM_004815.4	8952	8724.29	1557.26	8.03289
NM_004816.5	2425	2197.29	0	0
NM_004817.4	4503	4275.29	2349.73	24.7341
NM_004818.3	3256	3028.29	5340	79.3571
NM_004819.3	4077	3849.29	2351.47	27.4916
NM_004820.5	7462	7234.29	33.1539	0.206244
NM_004821.3	1701	1473.29	0	0
NM_004822.3	5986	5758.29	70.044	0.547419
NM_004823.3	5721	5493.29	879.785	7.20753
NM_004824.4	3503	3275.29	1795.49	24.6703
NM_004825.2	1960	1732.29	0	0
NM_004826.4	2871	2643.29	15	0.255381
NM_004827.3	4206	3978.29	23.6803	0.267876
NM_004828.4	1125	897.293	0	0
NM_004829.7	1157	929.293	0	0
NM_004830.4	5247	5019.29	1331.01	11.9339
NM_004831.5	3172	2944.29	563	8.60537
NM_004832.3	813	585.487	6254.24	480.728
NM_004833.3	1394	1166.29	7.56429	0.291879
NM_004834.5	7313	7085.29	1549.04	9.83891
NM_004835.5	2298	2070.29	0	0
NM_004836.7	4536	4308.29	953.276	9.95762
NM_004837.4	2895	2667.29	1070.55	18.0626
NM_004838.4	1560	1332.29	2551.42	86.1836
NM_004839.4	1949	1721.29	185.354	4.84606
NM_004840.3	4860	4632.29	0	0
NM_004841.5	9176	8948.29	4.43489	0.0223041
NM_004842.4	2216	1988.29	0	0
NM_004843.4	2950	2722.29	82.9175	1.37073
NM_004844.5	3279	3051.29	1188.47	17.5286
NM_004845.5	5558	5330.29	0	0
NM_004846.4	967	739.293	2406.81	146.51
NM_004848.4	1640	1412.29	12.6071	0.40173
NM_004849.4	3185	2957.29	976.101	14.854
NM_004850.5	8345	8117.29	4926.08	27.3107
NM_004851.3	1357	1129.29	0	0
NM_004852.3	16433	16205.3	5.05687	0.0140432
NM_004853.3	830	602.427	684.902	51.1642
NM_004854.5	2854	2626.29	238.207	4.08182
NM_004855.5	1910	1682.29	292.954	7.83683
NM_004856.7	3308	3080.29	1902.52	27.7958
NM_004857.3	6487	6259.29	36.3494	0.261345
NM_004859.4	8369	8141.29	31747.5	175.492
NM_004860.4	2987	2759.29	2583.21	42.1312
NM_004861.3	1805	1577.29	0	0
NM_004862.4	2472	2244.29	0	0
NM_004863.4	8034	7806.29	4516.56	26.0379
NM_004864.4	1200	972.293	31	1.43485
NM_004865.4	4199	3971.29	871.856	9.87995
NM_004866.6	6143	5915.29	2873.31	21.8599
NM_004867.5	1616	1388.29	58	1.88014
NM_004869.4	3337	3109.29	2958.38	42.8188
NM_004870.4	1416	1188.29	1927.03	72.9805
NM_004871.3	5993	5765.29	776.718	6.06296
NM_004872.5	6457	6229.29	2672.01	19.3038
NM_004873.4	4863	4635.29	78.3083	0.760279
NM_004874.4	4197	3969.29	942.149	10.6819
NM_004877.4	614	388.495	3	0.347519
NM_004878.5	1751	1523.29	5133.73	151.667
NM_004879.5	2191	1963.29	4723.17	108.266
NM_004881.5	1653	1425.29	394.61	12.4596
NM_004882.4	1918	1690.29	1156	30.7778
NM_004883.3	3919	3691.29	0.00981057	0.000119607
NM_004884.4	4441	4213.29	0	0
NM_004885.3	1964	1736.29	0	0
NM_004886.4	2176	1948.29	358.139	8.27256
NM_004887.5	1687	1459.29	63.8018	1.96758
NM_004888.4	1563	1335.29	2015	67.9111
NM_004889.5	443	228.322	1001.57	197.413
NM_004890.3	1005	777.293	1619	93.7355
NM_004891.4	508	287.414	812.01	127.144
NM_004892.6	6927	6699.29	6464.92	43.4287
NM_004893.3	1883	1655.29	5.49234	0.149322
NM_004894.3	615	389.417	1327.68	153.434
NM_004895.5	4187	3959.29	2.99004	0.0339861
NM_004896.5	4227	3999.29	3592.98	40.4309
NM_004897.5	2470	2242.29	1563.23	31.3742
NM_004898.4	10470	10242.3	1825.4	8.02053
NM_004899.5	1852	1624.29	51.921	1.43854
NM_004900.5	1590	1362.29	1003.68	33.1565
NM_004901.5	5803	5575.29	3638.44	29.3691
NM_004902.4	5042	4814.29	0	0
NM_004904.4	8213	7985.29	0	0
NM_004905.3	1690	1462.29	7037	216.569
NM_004906.5	2124	1896.29	509.796	12.0986
NM_004907.3	2110	1882.29	2443	58.4088
NM_004910.3	4217	3989.29	1169.75	13.1959
NM_004911.5	2767	2539.29	17499	310.129
NM_004912.4	5072	4844.29	68.3768	0.635215
NM_004913.3	2660	2432.29	147.226	2.72403
NM_004914.5	4990	4762.29	55.4073	0.523592
NM_004915.4	3012	2784.29	0	0
NM_004917.5	1416	1188.29	0	0
NM_004918.4	1142	914.293	0	0
NM_004920.3	5096	4868.29	4	0.0369765
NM_004922.4	4532	4304.29	736.707	7.70256
NM_004923.3	2535	2307.29	0	0
NM_004924.6	4990	4762.29	12821.2	121.158
NM_004925.5	1825	1597.29	27	0.760714
NM_004926.4	3017	2789.29	7143.46	115.254
NM_004927.4	2026	1798.29	1433.17	35.8657
NM_004928.3	2221	1993.29	194.968	4.40184
NM_004929.4	2533	2305.29	2	0.0390433
NM_004930.5	1675	1447.29	11918.2	370.593
NM_004931.5	4794	4566.29	1.00691	0.00992361
NM_004932.4	8540	8312.29	0.456885	0.00247359
NM_004933.3	2866	2638.29	6	0.102346
NM_004934.5	4793	4565.29	0	0
NM_004935.4	1122	894.293	349.326	17.5789
NM_004936.4	3853	3625.29	164.993	2.04816
NM_004937.3	4139	3911.29	239.18	2.75199
NM_004938.4	5912	5684.29	0	0
NM_004939.3	2484	2256.29	6578	131.202
NM_004941.3	5549	5321.29	900.81	7.6183
NM_004942.4	337	143.078	0	0
NM_004943.2	3410	3182.29	1828	25.8511
NM_004944.4	1414	1186.29	230.362	8.739
NM_004945.4	3621	3393.29	3612.41	47.909
NM_004946.3	6069	5841.29	83.6338	0.64434
NM_004947.5	9069	8841.29	0	0
NM_004948.3	4271	4043.29	0	0
NM_004949.5	12377	12149.3	0	0
NM_004950.5	1482	1254.29	0	0
NM_004951.5	1685	1457.29	3	0.0926438
NM_004952.5	1817	1589.29	8.44564	0.23915
NM_004953.5	5078	4850.29	48.4589	0.449622
NM_004954.5	4355	4127.29	1135.87	12.3853
NM_004956.5	6459	6231.29	1230.4	8.88609
NM_004957.6	2284	2056.29	1570.78	34.3774
NM_004958.4	8721	8493.29	2473.88	13.1083
NM_004959.5	3074	2846.29	0	0
NM_004960.4	1824	1596.29	16182.8	456.228
NM_004961.4	3149	2921.29	31.1089	0.479238
NM_004962.5	2677	2449.29	297	5.45705
NM_004963.4	3858	3630.29	0	0
NM_004964.3	2118	1890.29	3249.84	77.3704
NM_004965.7	1271	1043.29	8540.58	368.403
NM_004966.4	2610	2382.29	560.344	10.5853
NM_004967.4	1573	1345.29	3	0.100357
NM_004968.4	2386	2158.29	0	0
NM_004969.4	5894	5666.29	665.726	5.28736
NM_004970.3	2058	1830.29	3	0.0737637
NM_004972.4	7023	6795.29	300.833	1.99232
NM_004973.4	6003	5775.29	1321.81	10.3
NM_004974.4	11829	11601.3	0	0
NM_004975.4	11871	11643.3	5.99995	0.0231907
NM_004976.4	6807	6579.29	1	0.00684011
NM_004977.3	6747	6519.29	0	0
NM_004978.6	4829	4601.29	1181.86	11.5592
NM_004979.6	4718	4490.29	71	0.711584
NM_004980.5	7882	7654.29	0	0
NM_004981.2	1903	1675.29	0	0
NM_004982.4	2274	2046.29	1240	27.2707
NM_004983.3	4202	3974.29	0	0
NM_004984.4	5779	5551.29	0	0
NM_004985.5	5306	5078.29	3230	28.6237
NM_004986.4	4557	4329.29	1371.6	14.2578
NM_004987.6	4349	4121.29	0	0
NM_004988.5	1711	1483.29	0	0
NM_004990.4	2797	2569.29	5246.49	91.8962
NM_004991.4	5462	5234.29	0	0
NM_004992.4	10467	10239.3	1782.94	7.83626
NM_004993.6	6884	6656.29	378.344	2.55798
NM_004994.3	2336	2108.29	229.995	4.90941
NM_004995.4	3701	3473.29	75274	975.317
NM_004996.4	6504	6276.29	19.9647	0.143154
NM_004997.3	1818	1590.29	82.4326	2.33273
NM_004998.4	8644	8416.29	6429.39	34.3788
NM_004999.4	8615	8387.29	0	0
NM_005000.5	5496	5268.29	1647.17	14.0706
NM_005001.5	580	355.279	475.293	60.2052
NM_005002.5	8356	8128.29	2046.85	11.3326
NM_005003.3	665	438.717	1607.47	164.892
NM_005004.4	678	451.406	2011.16	200.503
NM_005005.3	691	464.041	1958.31	189.918
NM_005006.7	11660	11432.3	4520.54	17.7951
NM_005007.4	1451	1223.29	333.538	12.2704
NM_005008.4	1690	1462.29	397.087	12.2206
NM_005009.3	1000	772.293	2392.89	139.439
NM_005010.5	6338	6110.29	0	0
NM_005011.5	3518	3290.29	496.033	6.78451
NM_005012.4	5858	5630.29	563.578	4.50469
NM_005013.4	2300	2072.29	1902.09	41.3068
NM_005014.3	4324	4096.29	61	0.670164
NM_005015.5	2806	2578.29	3160.61	55.1671
NM_005016.6	3171	2943.29	4495.45	68.7356
NM_005017.4	5610	5382.29	206.203	1.72413
NM_005018.3	2097	1869.29	1	0.0240749
NM_005019.7	4829	4601.29	0	0
NM_005020.5	8874	8646.29	0	0
NM_005021.5	3165	2937.29	0	0
NM_005022.4	807	579.487	38659.7	3002.32
NM_005023.4	9550	9322.29	667.073	3.22028
NM_005024.3	2155	1927.29	0	0
NM_005025.5	1912	1684.29	0	0
NM_005026.5	5412	5184.29	0	0
NM_005027.4	3980	3752.29	3507.88	42.0717
NM_005028.5	3820	3592.29	4510.56	56.5068
NM_005029.4	1426	1198.29	17.6318	0.66218
NM_005030.6	2160	1932.29	11218	261.267
NM_005031.5	672	445.496	0	0
NM_005032.7	3288	3060.29	8967.69	131.874
NM_005033.3	1587	1359.29	1569.31	51.9561
NM_005034.4	947	719.293	1990	124.506
NM_005035.4	3771	3543.29	1397.38	17.7479
NM_005036.6	10118	9890.29	19.082	0.0868275
NM_005037.7	1782	1554.29	117.097	3.39042
NM_005038.3	1830	1602.29	1110.78	31.1981
NM_005040.4	3489	3261.29	3069.88	42.3617
NM_005041.6	2474	2246.29	0	0
NM_005044.5	6102	5874.29	345.475	2.64669
NM_005045.4	11708	11480.3	0	0
NM_005046.4	1955	1727.29	0	0
NM_005047.4	3381	3153.29	2841.93	40.5594
NM_005048.4	2752	2524.29	0	0
NM_005049.3	3188	2960.29	137.433	2.0893
NM_005050.4	3035	2807.29	0	0
NM_005051.3	2449	2221.29	5175.08	104.846
NM_005052.3	1038	810.293	95.747	5.31771
NM_005053.4	1772	1544.29	3128.19	91.1603
NM_005054.3	7268	7040.29	2205.72	14.0994
NM_005055.5	1622	1394.29	0	0
NM_005057.4	4367	4139.29	699.356	7.60351
NM_005058.4	1921	1693.29	0	0
NM_005059.4	1029	801.293	0	0
NM_005060.4	2996	2768.29	0	0
NM_005061.3	2145	1917.29	0	0
NM_005063.5	5245	5017.29	5089	45.6463
NM_005064.6	628	402.259	0	0
NM_005065.6	7919	7691.29	7679.33	44.9331
NM_005066.3	3740	3512.29	7486.85	95.9292
NM_005067.7	2311	2083.29	1382	29.8538
NM_005068.3	8428	8200.29	351.327	1.92808
NM_005069.6	4461	4233.29	0	0
NM_005070.4	4151	3923.29	20.2737	0.232554
NM_005071.3	2420	2192.29	0	0
NM_005072.5	4708	4480.29	3826.45	38.4355
NM_005073.4	3124	2896.29	2.17677	0.033823
NM_005074.5	1819	1591.29	0	0
NM_005076.5	7916	7688.29	1.16215e-07	6.80258e-10
NM_005077.5	4135	3907.29	522.052	6.01284
NM_005078.4	5745	5517.29	0	0
NM_005079.4	4047	3819.29	21.48	0.253101
NM_005080.4	1817	1589.29	5697.82	161.342
NM_005082.5	5745	5517.29	3605	29.405
NM_005084.4	1915	1687.29	0	0
NM_005085.4	7568	7340.29	2473.51	15.165
NM_005086.5	4533	4305.29	422.384	4.41516
NM_005087.4	8343	8115.29	2855.36	15.8343
NM_005088.3	3199	2971.29	1383.49	20.9542
NM_005089.4	1479	1251.29	432.222	15.545
NM_005090.4	3355	3127.29	62.6951	0.90221
NM_005091.3	708	480.9	2	0.187162
NM_005092.4	2744	2516.29	0	0
NM_005093.4	7759	7531.29	22.1657	0.132451
NM_005094.4	3229	3001.29	1577.1	23.6479
NM_005095.3	7366	7138.29	1006.53	6.34564
NM_005096.3	5611	5383.29	0	0
NM_005097.4	2239	2011.29	0	0
NM_005098.4	1956	1728.29	628.988	16.3782
NM_005099.6	9777	9549.29	383.338	1.80656
NM_005100.4	8466	8238.29	1826.52	9.9777
NM_005101.4	637	411.055	225	24.6334
NM_005102.3	1993	1765.29	2704.86	68.9558
NM_005103.5	4583	4355.29	747.895	7.72797
NM_005104.4	4956	4728.29	575.04	5.47313
NM_005105.5	4909	4681.29	5403.19	51.9429
NM_005107.4	3076	2848.29	227.314	3.59156
NM_005108.4	3667	3439.29	208.311	2.72574
NM_005109.3	4517	4289.29	4187.72	43.9374
NM_005110.4	3034	2806.29	6902	110.684
NM_005112.5	2573	2345.29	446.283	8.56358
NM_005113.4	2879	2651.29	2918.64	49.541
NM_005114.4	7160	6932.29	4.00023	0.0259687
NM_005115.5	2798	2570.29	7884.6	138.051
NM_005116.6	6953	6725.29	1106	7.40093
NM_005117.3	1821	1593.29	0	0
NM_005118.4	6583	6355.29	0	0
NM_005119.4	4405	4177.29	4355.02	46.9177
NM_005120.3	6925	6697.29	1133.58	7.61717
NM_005121.3	10461	10233.3	3039.75	13.3679
NM_005122.5	1371	1143.29	0	0
NM_005123.4	2727	2499.29	0	0
NM_005124.4	6026	5798.29	5117.54	39.7195
NM_005125.2	1066	838.293	481	25.8221
NM_005126.5	5231	5003.29	6316.16	56.8119
NM_005127.3	1533	1305.29	669	23.0654
NM_005128.4	7685	7457.29	0	0
NM_005130.5	1351	1123.29	5	0.200318
NM_005131.3	2108	1880.29	1085.72	25.9858
NM_005132.3	2175	1947.29	7.21882	0.166831
NM_005133.3	1462	1234.29	471.979	17.2087
NM_005134.4	3872	3644.29	2078.47	25.6669
NM_005135.2	7327	7099.29	619.782	3.92886
NM_005137.3	4438	4210.29	2369.89	25.3314
NM_005138.3	984	756.293	228.844	13.6173
NM_005139.3	1432	1204.29	42.6043	1.59207
NM_005140.3	3285	3057.29	1	0.0147199
NM_005141.5	3641	3413.29	0	0
NM_005142.3	1511	1283.29	0	0
NM_005143.5	1534	1306.29	0	0
NM_005144.5	5474	5246.29	9.60263	0.0823721
NM_005146.5	3557	3329.29	2773.83	37.4947
NM_005147.6	2700	2472.29	584.262	10.6353
NM_005148.4	1379	1151.29	330.182	12.9065
NM_005149.3	2985	2757.29	43	0.701823
NM_005151.4	4972	4744.29	7089.12	67.2455
NM_005153.3	3328	3100.29	4358.37	63.265
NM_005154.5	18865	18637.3	1114.46	2.69106
NM_005155.7	1906	1678.29	230.49	6.18055
NM_005156.7	7937	7709.29	0	0
NM_005157.6	5578	5350.29	8593.47	72.2826
NM_005158.5	11924	11696.3	893.875	3.43931
NM_005159.5	1382	1154.29	34.5185	1.34579
NM_005160.4	9277	9049.29	0.00168403	8.37487e-06
NM_005161.6	3660	3432.29	0	0
NM_005163.2	3008	2780.29	89.7764	1.45316
NM_005164.4	6290	6062.29	0	0
NM_005165.3	1608	1380.29	283.776	9.25223
NM_005166.5	2367	2139.29	185.197	3.89587
NM_005167.7	1714	1486.29	40	1.21115
NM_005168.5	2684	2456.29	2660.22	48.7393
NM_005169.4	1699	1471.29	0	0
NM_005170.3	1485	1257.29	0	0
NM_005171.5	2412	2184.29	1163.05	23.9624
NM_005172.2	2212	1984.29	0	0
NM_005173.4	4695	4467.29	43.6156	0.43938
NM_005174.4	1064	836.293	1920.06	103.323
NM_005175.3	646	419.888	143.114	15.3388
NM_005176.7	632	406.137	2412.87	267.364
NM_005177.5	4088	3860.29	187.5	2.18587
NM_005178.5	1877	1649.29	1529.36	41.7306
NM_005180.9	3540	3312.29	3227.25	43.8477
NM_005181.4	1721	1493.29	1	0.0301368
NM_005182.3	1518	1290.29	0	0
NM_005183.4	6039	5811.29	0	0
NM_005184.4	2184	1956.29	19528.1	449.229
NM_005185.4	1811	1583.29	0	0
NM_005186.4	2952	2724.29	6791.09	112.183
NM_005187.6	4480	4252.29	0	0
NM_005188.4	11168	10940.3	2367.64	9.73931
NM_005189.3	4628	4400.29	46.8007	0.478644
NM_005190.4	2153	1925.29	2195.74	51.3246
NM_005191.4	2737	2509.29	0	0
NM_005192.4	841	613.427	1689.74	123.965
NM_005193.2	1642	1414.29	0	0
NM_005194.4	1839	1611.29	4032.15	112.617
NM_005195.4	1252	1024.29	591	25.966
NM_005197.4	8021	7793.29	1614.68	9.32412
NM_005198.5	1474	1246.29	782.694	28.2627
NM_005199.5	4009	3781.29	0	0
NM_005201.4	1484	1256.29	0	0
NM_005202.4	4669	4441.29	506	5.12724
NM_005204.4	2850	2622.29	77.1863	1.32465
NM_005205.4	372	169.412	0	0
NM_005206.5	3680	3452.29	2770.68	36.1178
NM_005207.4	5342	5114.29	2865.86	25.218
NM_005208.5	798	570.487	2	0.157771
NM_005210.4	631	405.178	0	0
NM_005211.4	3978	3750.29	58.4426	0.701305
NM_005212.3	891	663.427	0	0
NM_005213.4	744	516.753	53	4.61568
NM_005214.5	1997	1769.29	0	0
NM_005215.4	10181	9953.29	0.00137049	6.19657e-06
NM_005216.5	1941	1713.29	11134.3	292.466
NM_005217.4	494	274.359	0	0
NM_005218.4	375	171.827	0	0
NM_005219.5	5735	5507.29	9549.43	78.0335
NM_005220.3	2602	2374.29	7	0.13268
NM_005221.6	1418	1190.29	0	0
NM_005222.4	2300	2072.29	0	0
NM_005223.4	1346	1118.29	0	0
NM_005224.3	5948	5720.29	399.709	3.14461
NM_005225.3	2690	2462.29	1137.5	20.7899
NM_005226.4	4330	4102.29	1419.68	15.5743
NM_005227.3	1254	1026.29	99.0392	4.34288
NM_005228.5	9905	9677.29	10215.3	47.5051
NM_005229.4	2828	2600.29	1574.74	27.2539
NM_005230.4	4201	3973.29	10225.9	115.823
NM_005231.4	3249	3021.29	15342.2	228.527
NM_005232.5	3310	3082.29	13	0.189807
NM_005233.6	5712	5484.29	2.2455	0.0184261
NM_005234.4	2383	2155.29	1659	34.6404
NM_005235.3	12097	11869.3	0	0
NM_005236.3	6764	6536.29	846.86	5.83072
NM_005238.4	5238	5010.29	5147.62	46.2366
NM_005239.6	3668	3440.29	1985.54	25.9732
NM_005240.3	1460	1232.29	20.997	0.766805
NM_005241.4	4827	4599.29	0	0
NM_005242.6	2861	2633.29	1045	17.8591
NM_005243.4	2400	2172.29	3287.56	68.1079
NM_005244.5	2483	2255.29	1164.17	23.2304
NM_005245.4	14776	14548.3	1406.08	4.34951
NM_005246.4	12044	11816.3	1278.58	4.86956
NM_005247.4	1540	1312.29	0	0
NM_005248.3	2637	2409.29	1.99987	0.0373555
NM_005249.5	3491	3263.29	27	0.372349
NM_005250.3	4930	4702.29	2775	26.558
NM_005251.3	2900	2672.29	3519.16	59.2649
NM_005252.4	2104	1876.29	106	2.54242
NM_005253.4	6713	6485.29	8867.22	61.5319
NM_005254.6	4645	4417.29	0.103098	0.00105036
NM_005255.4	4461	4233.29	1901.98	20.2195
NM_005256.5	2023	1795.29	0	0
NM_005257.6	3624	3396.29	586.663	7.77366
NM_005258.3	727	499.753	4.29176	0.386476
NM_005259.3	2819	2591.29	1	0.017367
NM_005260.7	3705	3477.29	8.08673	0.104658
NM_005261.4	2187	1959.29	1042.9	23.9544
NM_005262.3	2365	2137.29	729	15.3499
NM_005263.5	4554	4326.29	0	0
NM_005264.8	9161	8933.29	47.0737	0.237142
NM_005266.7	3173	2945.29	0.865377	0.0132227
NM_005267.5	1392	1164.29	0	0
NM_005268.4	1355	1127.29	0.0252483	0.00100794
NM_005269.3	3972	3744.29	33.4443	0.401971
NM_005270.5	6927	6699.29	29.8188	0.20031
NM_005271.5	3300	3072.29	9684.1	141.853
NM_005272.5	1542	1314.29	4.04868	0.138632
NM_005273.4	1664	1436.29	9489	297.317
NM_005274.3	806	578.487	4036	313.979
NM_005275.5	6801	6573.29	2316	15.8562
NM_005276.4	2887	2659.29	0	0
NM_005277.5	2912	2684.29	0	0
NM_005278.5	4592	4364.29	0	0
NM_005279.4	2183	1955.29	0.0585111	0.00134669
NM_005281.4	2137	1909.29	297	7.00045
NM_005282.3	3052	2824.29	249.269	3.97192
NM_005283.3	5161	4933.29	1	0.00912232
NM_005284.5	1783	1555.29	0	0
NM_005285.5	4209	3981.29	0	0
NM_005286.4	3323	3095.29	0	0
NM_005288.4	4851	4623.29	0	0
NM_005290.4	2704	2476.29	0	0
NM_005291.3	2081	1853.29	141	3.42387
NM_005292.4	1586	1358.29	0	0
NM_005293.3	1564	1336.29	0	0
NM_005294.3	1571	1343.29	0	0
NM_005295.3	2970	2742.29	0	0
NM_005296.3	2637	2409.29	0	0
NM_005297.4	2115	1887.29	45.1908	1.07759
NM_005298.4	1198	970.293	0	0
NM_005299.3	2734	2506.29	0	0
NM_005300.4	1850	1622.29	2	0.0554808
NM_005301.5	3300	3072.29	10.9013	0.159682
NM_005302.5	5298	5070.29	0	0
NM_005303.3	5597	5369.29	0	0
NM_005304.5	1800	1572.29	1	0.0286226
NM_005306.3	2300	2072.29	0	0
NM_005307.3	2138	1910.29	0	0
NM_005308.3	6798	6570.29	1403.45	9.61289
NM_005309.3	1828	1600.29	0	0
NM_005310.5	2233	2005.29	0	0
NM_005312.4	5989	5761.29	745.326	5.82196
NM_005313.5	3680	3452.29	45284.7	590.319
NM_005314.3	2417	2189.29	63.2732	1.30064
NM_005315.2	2625	2397.29	0	0
NM_005316.4	3012	2784.29	2467.03	39.875
NM_005317.4	924	696.293	3	0.193897
NM_005318.4	2204	1976.29	5876	133.805
NM_005319.4	731	503.753	193	17.2418
NM_005320.3	776	548.487	1	0.0820495
NM_005321.3	787	559.487	11	0.8848
NM_005322.3	797	569.487	11	0.869263
NM_005323.4	724	496.802	0	0
NM_005324.5	2705	2477.29	17577	319.308
NM_005325.4	756	528.701	2	0.17024
NM_005326.6	2619	2391.29	47.4646	0.893262
NM_005327.7	1803	1575.29	1113.42	31.8084
NM_005328.3	4240	4012.29	57887.6	649.285
NM_005329.3	4212	3984.29	0	0
NM_005330.4	623	397.299	0	0
NM_005331.5	528	305.914	0	0
NM_005332.3	798	570.487	0	0
NM_005333.5	2312	2084.29	1184.79	25.5815
NM_005334.3	8876	8648.29	4124.28	21.4615
NM_005335.6	1992	1764.29	198	5.05053
NM_005336.6	6322	6094.29	6852.69	50.6034
NM_005337.5	8980	8752.29	2.84923e-05	1.46503e-07
NM_005338.7	8009	7781.29	5365.57	31.0317
NM_005339.5	5153	4925.29	5910.76	54.0075
NM_005340.7	852	624.427	3297.69	237.668
NM_005341.4	2347	2119.29	0	0
NM_005342.4	3507	3279.29	3682.92	50.5423
NM_005343.4	1070	842.293	1592.03	85.061
NM_005345.6	2400	2172.29	3888.34	80.5542
NM_005346.6	2517	2289.29	2243.64	44.1057
NM_005347.5	3921	3693.29	61479.6	749.134
NM_005348.4	3228	3000.29	53355.9	800.314
NM_005349.4	5827	5599.29	75.4455	0.606376
NM_005353.3	3889	3661.29	0	0
NM_005354.6	1929	1701.29	885	23.4103
NM_005355.5	2892	2664.29	1.09816	0.0185492
NM_005356.5	2091	1863.29	1.29553	0.0312901
NM_005357.4	3768	3540.29	0	0
NM_005358.5	7253	7025.29	22.2177	0.142324
NM_005359.6	8772	8544.29	2046.67	10.7799
NM_005360.5	2669	2441.29	4.47242	0.082445
NM_005361.3	2024	1796.29	0	0
NM_005362.4	1682	1454.29	0	0
NM_005363.5	1682	1454.29	0	0
NM_005364.5	1781	1553.29	0	0
NM_005365.5	1814	1586.29	0	0
NM_005366.5	1902	1674.29	0	0
NM_005367.7	1686	1458.29	0	0
NM_005368.3	1070	842.293	0	0
NM_005369.6	3864	3636.29	0	0
NM_005370.5	2567	2339.29	3869.42	74.4395
NM_005371.6	1378	1150.29	562.308	21.9992
NM_005372.1	1041	813.293	0	0
NM_005373.3	3633	3405.29	7.58279	0.100211
NM_005374.5	4202	3974.29	92.8832	1.05177
NM_005375.4	3321	3093.29	100.27	1.45879
NM_005376.5	1942	1714.29	0	0
NM_005378.6	2613	2385.29	0	0
NM_005379.4	3633	3405.29	0.999996	0.0132156
NM_005380.8	2024	1796.29	7037.83	176.321
NM_005381.3	3924	3696.29	42303	515.047
NM_005382.2	3271	3043.29	2118.48	31.3274
NM_005383.2	1143	915.293	0	0
NM_005384.3	2055	1827.29	643.207	15.8411
NM_005385.4	7265	7037.29	1586.6	10.1462
NM_005386.4	1259	1031.29	37.4954	1.63621
NM_005387.7	3987	3759.29	127.711	1.52885
NM_005388.5	3017	2789.29	1366.91	22.0541
NM_005389.2	1751	1523.29	0	0
NM_005390.5	1372	1144.29	0	0
NM_005391.5	1741	1513.29	94.488	2.80993
NM_005392.4	5392	5164.29	206.242	1.79725
NM_005393.3	6153	5925.29	649.985	4.93669
NM_005396.5	1482	1254.29	0	0
NM_005397.4	5890	5662.29	20697.7	164.502
NM_005398.7	2541	2313.29	1932	37.5854
NM_005399.5	5343	5115.29	787.375	6.92713
NM_005400.3	5749	5521.29	326.394	2.66038
NM_005401.5	13360	13132.3	6794.44	23.2839
NM_005402.4	2787	2559.29	4685.18	82.3851
NM_005406.3	9446	9218.29	8387.75	40.9484
NM_005407.3	4848	4620.29	0	0
NM_005408.3	823	595.427	0	0
NM_005409.5	1479	1251.29	0	0
NM_005410.4	2056	1828.29	23.6757	0.582773
NM_005411.5	2215	1987.29	0	0
NM_005412.6	2157	1929.29	4918.97	114.741
NM_005413.4	2713	2485.29	1	0.0181078
NM_005414.5	7155	6927.29	2229.62	14.4847
NM_005415.5	3297	3069.29	15787	231.475
NM_005416.3	984	756.293	0	0
NM_005417.5	4717	4489.29	0	0
NM_005418.4	4544	4316.29	32.479	0.338637
NM_005419.4	4405	4177.29	1126.58	12.1369
NM_005420.3	1773	1545.29	0.700781	0.0204086
NM_005421.3	668	441.629	4	0.40761
NM_005422.4	7353	7125.29	0	0
NM_005423.5	603	377.687	0	0
NM_005424.5	3893	3665.29	40.6762	0.499429
NM_005425.5	619	393.338	0	0
NM_005426.3	4764	4536.29	104.16	1.03333
NM_005427.4	5192	4964.29	0	0
NM_005428.4	2892	2664.29	0	0
NM_005429.5	2259	2031.29	4695	104.017
NM_005430.4	2422	2194.29	0	0
NM_005431.2	4771	4543.29	1076.92	10.6673
NM_005432.4	2567	2339.29	66.0681	1.27101
NM_005433.4	4605	4377.29	3024.01	31.09
NM_005434.5	2317	2089.29	1871.07	40.3027
NM_005435.4	5482	5254.29	198.519	1.70032
NM_005436.5	5727	5499.29	2627	21.4979
NM_005437.4	3412	3184.29	729.305	10.3071
NM_005438.5	1702	1474.29	7287.82	222.462
NM_005439.3	1387	1159.29	13.1706	0.511275
NM_005440.5	4162	3934.29	10.0762	0.115258
NM_005441.3	4466	4238.29	1003.53	10.6557
NM_005442.4	3207	2979.29	0	0
NM_005443.5	2513	2285.29	2241.97	44.1499
NM_005444.3	3820	3592.29	2466	30.8933
NM_005445.4	5522	5294.29	5956	50.6278
NM_005446.5	2727	2499.29	0	0
NM_005447.4	5515	5287.29	540.339	4.59912
NM_005448.2	1262	1034.29	0	0
NM_005449.5	2962	2734.29	0	0
NM_005450.6	1913	1685.29	358	9.55982
NM_005451.5	1712	1484.29	5807.07	176.068
NM_005452.6	2070	1842.29	1174.45	28.6891
NM_005453.5	2660	2432.29	373.396	6.9087
NM_005454.3	1231	1003.29	0	0
NM_005455.5	2891	2663.29	2046.79	34.5858
NM_005456.4	3050	2822.29	267.914	4.27204
NM_005458.8	5499	5271.29	1121.55	9.57513
NM_005459.4	977	749.293	0	0
NM_005460.4	3577	3349.29	34.9061	0.46902
NM_005461.5	3389	3161.29	317	4.5127
NM_005462.5	4256	4028.29	0	0
NM_005465.7	7281	7053.29	4069.92	25.9679
NM_005466.4	2351	2123.29	1074.93	22.783
NM_005467.4	3466	3238.29	0	0
NM_005468.3	2708	2480.29	0	0
NM_005469.4	1154	926.293	223.406	10.854
NM_005470.4	3596	3368.29	0	0
NM_005471.5	2267	2039.29	801.482	17.6871
NM_005472.5	3064	2836.29	0	0
NM_005474.5	5319	5091.29	480.522	4.24744
NM_005475.3	5431	5203.29	4642.59	40.1535
NM_005476.7	5263	5035.29	1491.22	13.3278
NM_005477.3	6922	6694.29	1	0.0067226
NM_005478.6	736	508.753	1	0.0884577
NM_005479.4	2645	2417.29	35	0.6516
NM_005480.4	2551	2323.29	1008.44	19.5339
NM_005481.3	2892	2664.29	1308.44	22.1012
NM_005482.3	4601	4373.29	3357	34.545
NM_005483.3	3366	3138.29	2362.56	33.879
NM_005484.4	1866	1638.29	12.0334	0.330552
NM_005485.6	2342	2114.29	71.606	1.52415
NM_005486.3	2168	1940.29	105.215	2.44036
NM_005488.3	2278	2050.29	1686.78	37.0241
NM_005489.4	2606	2378.29	0	0
NM_005490.3	2281	2053.29	0	0
NM_005491.5	4816	4588.29	549.188	5.38657
NM_005492.4	894	666.361	0	0
NM_005493.3	3384	3156.29	1858.76	26.5026
NM_005494.3	1571	1343.29	2986.3	100.047
NM_005495.3	3581	3353.29	0	0
NM_005496.3	5297	5069.29	2025.65	17.9829
NM_005497.4	7692	7464.29	2124.02	12.806
NM_005498.5	1748	1520.29	0	0
NM_005499.3	4005	3777.29	3574.9	42.5917
NM_005500.3	2522	2294.29	7992.59	156.776
NM_005502.4	10408	10180.3	1172.85	5.18473
NM_005503.3	3653	3425.29	0	0
NM_005504.7	9314	9086.29	7065.25	34.9932
NM_005505.5	3405	3177.29	114.893	1.62733
NM_005506.4	4694	4466.29	13548	136.512
NM_005507.3	1245	1017.29	33744	1492.77
NM_005508.5	3025	2797.29	5.04297	0.0811318
NM_005509.6	11475	11247.3	1011.81	4.04848
NM_005510.4	1469	1241.29	200.385	7.26496
NM_005511.2	2328	2100.29	21.5044	0.460776
NM_005512.3	4286	4058.29	2229.17	24.7196
NM_005513.3	3000	2772.29	636.47	10.3319
NM_005514.8	1536	1308.29	2286.09	78.6376
NM_005515.4	2185	1957.29	0	0
NM_005516.6	2548	2320.29	3123.46	60.5808
NM_005517.4	1940	1712.29	18355.8	482.434
NM_005518.4	2433	2205.29	0	0
NM_005519.2	1614	1386.29	0	0
NM_005520.3	2199	1971.29	3538.31	80.7769
NM_005521.4	2111	1883.29	0	0
NM_005522.5	2543	2315.29	68	1.32174
NM_005523.6	2669	2441.29	294	5.41963
NM_005524.4	1575	1347.29	394	13.1606
NM_005525.4	1384	1156.29	26.7942	1.04283
NM_005526.4	2134	1906.29	2866.57	67.673
NM_005527.4	2762	2534.29	58.0164	1.03023
NM_005528.4	1130	902.293	240.86	12.0132
NM_005529.7	14341	14113.3	34254.7	109.228
NM_005530.3	4083	3855.29	2289.55	26.7261
NM_005531.3	2715	2487.29	2116.74	38.2985
NM_005533.5	1188	960.293	213	9.98201
NM_005534.4	1699	1471.29	1725.21	52.7698
NM_005535.3	2713	2485.29	0	0
NM_005536.4	3369	3141.29	1017.09	14.5711
NM_005537.5	2861	2633.29	192.041	3.28199
NM_005538.4	3202	2974.29	3	0.045392
NM_005539.5	3000	2772.29	1971.27	31.9999
NM_005540.3	4450	4222.29	91.5326	0.975595
NM_005541.5	4899	4671.29	0	0
NM_005542.6	2908	2680.29	2598.59	43.6313
NM_005543.4	751	523.701	0	0
NM_005544.3	9771	9543.29	6925.41	32.658
NM_005545.4	2331	2103.29	9443.98	202.068
NM_005546.4	4508	4280.29	0	0
NM_005547.4	2152	1924.29	70	1.63708
NM_005548.3	1991	1763.29	5129.51	130.916
NM_005549.2	1959	1731.29	0	0
NM_005550.4	3330	3102.29	0	0
NM_005551.5	2829	2601.29	0	0
NM_005552.5	2574	2346.29	2007.11	38.4973
NM_005553.4	1189	961.293	2	0.0936303
NM_005554.4	2308	2080.29	2.0001	0.0432682
NM_005555.4	2302	2074.29	2.00019	0.0433955
NM_005556.4	1625	1397.29	12801	412.285
NM_005557.4	1658	1430.29	20.2542	0.637283
NM_005558.4	2627	2399.29	0	0
NM_005559.4	9642	9414.29	506	2.41883
NM_005560.6	11426	11198.3	537.302	2.15928
NM_005561.4	2701	2473.29	14502.5	263.882
NM_005562.3	5398	5170.29	6245.29	54.36
NM_005563.4	1443	1215.29	11042.8	408.92
NM_005564.5	820	592.487	0	0
NM_005565.5	4232	4004.29	0	0
NM_005566.4	2241	2013.29	115549	2582.86
NM_005567.4	2202	1974.29	6602	150.489
NM_005568.5	3425	3197.29	0	0
NM_005569.4	3667	3439.29	417.847	5.46752
NM_005570.4	4824	4596.29	21199	207.563
NM_005572.4	2029	1801.29	29559.8	738.516
NM_005573.4	2890	2662.29	5503.28	93.0268
NM_005574.4	2081	1853.29	6.00508	0.14582
NM_005575.3	12134	11906.3	3033.05	11.4642
NM_005576.4	2346	2118.29	14040	298.28
NM_005577.4	6431	6203.29	0	0
NM_005578.5	18314	18086.3	0.000230285	5.73005e-07
NM_005581.5	2409	2181.29	129.667	2.67521
NM_005582.3	5388	5160.29	2.56048	0.02233
NM_005583.5	1481	1253.29	50	1.79539
NM_005584.5	2901	2673.29	743	12.5079
NM_005585.5	3828	3600.29	1135.91	14.1987
NM_005586.4	1606	1378.29	3.84011	0.125384
NM_005587.6	5562	5334.29	509.855	4.30142
NM_005588.3	2893	2665.29	0	0
NM_005589.4	5462	5234.29	398.922	3.42983
NM_005590.4	6864	6636.29	19.3237	0.131041
NM_005591.4	6841	6613.29	220.417	1.49992
NM_005592.4	8294	8066.29	0	0
NM_005593.3	1540	1312.29	1	0.0342935
NM_005594.6	1099	871.293	566.192	29.2443
NM_005595.5	9137	8909.29	183.946	0.929156
NM_005596.3	8285	8057.29	412.582	2.30443
NM_005597.4	7789	7561.29	2405.65	14.3179
NM_005598.4	2557	2329.29	8	0.154564
NM_005599.3	2512	2284.29	0	0
NM_005600.3	1485	1257.29	335.842	12.021
NM_005601.4	774	546.487	0	0
NM_005602.6	2758	2530.29	8345.04	148.423
NM_005603.6	6158	5930.29	813.873	6.17622
NM_005604.4	4885	4657.29	4	0.0386517
NM_005605.5	2194	1966.29	234.886	5.3759
NM_005606.7	1980	1752.29	6721.03	172.612
NM_005607.5	4993	4765.29	0	0
NM_005608.3	907	679.293	1.02716	0.068049
NM_005609.4	2866	2638.29	15	0.255865
NM_005610.3	7883	7655.29	3662.18	21.5288
NM_005611.4	4854	4626.29	3132.92	30.476
NM_005612.5	7309	7081.29	1514.51	9.62501
NM_005613.6	2984	2756.29	3221.12	52.5925
NM_005614.4	2046	1818.29	5030.96	124.517
NM_005615.5	844	616.427	0	0
NM_005617.4	2146	1918.29	18397.5	431.605
NM_005618.4	3779	3551.29	24	0.304135
NM_005619.5	2274	2046.29	92.3215	2.03038
NM_005620.2	563	338.802	13339	1771.82
NM_005621.2	485	265.994	0	0
NM_005622.4	2533	2305.29	0	0
NM_005623.3	862	634.427	0	0
NM_005624.4	991	763.293	1	0.0589591
NM_005625.4	2073	1845.29	5211.75	127.104
NM_005626.5	2300	2072.29	3186.37	69.1971
NM_005627.4	2367	2139.29	3865.06	81.307
NM_005628.3	2882	2654.29	12537.4	212.57
NM_005629.4	3931	3703.29	474.215	5.76274
NM_005630.3	4067	3839.29	44	0.515755
NM_005631.5	3977	3749.29	227	2.7247
NM_005632.3	4888	4660.29	150.104	1.44951
NM_005633.4	8906	8678.29	1824.53	9.4615
NM_005634.3	2085	1857.29	0	0
NM_005635.4	1223	995.293	1	0.0452159
NM_005636.4	1209	981.293	0	0
NM_005637.4	3309	3081.29	3450.57	50.3965
NM_005638.6	2594	2366.29	1772.81	33.7159
NM_005639.3	4705	4477.29	25.7602	0.258926
NM_005640.3	4751	4523.29	260.78	2.59454
NM_005641.4	2748	2520.29	272.93	4.87351
NM_005642.3	2295	2067.29	2942	64.0447
NM_005643.4	1849	1621.29	1064.36	29.544
NM_005644.4	1335	1107.29	743.037	30.1988
NM_005645.4	814	586.487	2040	156.536
NM_005646.4	5206	4978.29	499.072	4.51154
NM_005647.4	5818	5590.29	855.035	6.88322
NM_005648.4	2015	1787.29	1696.48	42.7166
NM_005649.3	2521	2293.29	158.343	3.1073
NM_005650.4	7410	7182.29	0.00585799	3.67052e-05
NM_005651.4	1700	1472.29	0	0
NM_005652.5	2996	2768.29	713.176	11.5938
NM_005653.5	3807	3579.29	1401.39	17.62
NM_005654.6	3843	3615.29	276.56	3.44261
NM_005655.4	2915	2687.29	4515.98	75.6274
NM_005656.4	3450	3222.29	5	0.0698308
NM_005657.4	10520	10292.3	67.5563	0.29539
NM_005658.5	4351	4123.29	32.3673	0.353268
NM_005659.7	1791	1563.29	2315.02	66.6433
NM_005660.3	1456	1228.29	336.282	12.3209
NM_005662.7	1418	1190.29	4140.2	156.534
NM_005663.5	2198	1970.29	793.779	18.1305
NM_005664.4	2371	2143.29	2	0.0419943
NM_005665.6	7409	7181.29	31.1128	0.194975
NM_005666.4	1498	1270.29	0	0
NM_005667.4	3482	3254.29	778.008	10.7589
NM_005668.6	6321	6093.29	0	0
NM_005669.5	3008	2780.29	4637	75.0566
NM_005670.4	3129	2901.29	108.426	1.68184
NM_005671.4	1451	1223.29	515.828	18.9765
NM_005672.5	982	754.293	19.0167	1.13459
NM_005674.3	2389	2161.29	69.139	1.43963
NM_005675.6	1117	889.293	65.3659	3.30787
NM_005676.5	3397	3169.29	689.075	9.78468
NM_005677.4	2960	2732.29	53.541	0.881863
NM_005678.5	1468	1240.29	359.695	13.0513
NM_005679.4	3925	3697.29	400.584	4.87587
NM_005680.3	2267	2039.29	720.926	15.9094
NM_005681.4	1910	1682.29	283.165	7.57495
NM_005682.7	4311	4083.29	0	0
NM_005683.4	3844	3616.29	3.65694	0.045509
NM_005684.5	1582	1354.29	0	0
NM_005685.4	3284	3056.29	359.434	5.29257
NM_005686.3	4076	3848.29	309.131	3.61507
NM_005687.5	6761	6533.29	3701.3	25.4956
NM_005688.4	5790	5562.29	774.341	6.265
NM_005689.4	2980	2752.29	1032.62	16.8844
NM_005690.5	4403	4175.29	2655.9	28.6264
NM_005691.4	8844	8616.29	45.7221	0.238807
NM_005692.5	2224	1996.29	2360.23	53.2073
NM_005693.4	1852	1624.29	4.98106	0.138007
NM_005694.2	426	213.764	691.791	145.641
NM_005697.5	2453	2225.29	2477.23	50.098
NM_005698.4	1545	1317.29	1585.01	54.1491
NM_005699.3	2796	2568.29	51.9395	0.910112
NM_005700.5	2657	2429.29	793.525	14.7002
NM_005701.4	1420	1192.29	773.438	29.1934
NM_005702.4	1841	1613.29	1678.04	46.8092
NM_005704.5	5603	5375.29	0	0
NM_005706.4	1472	1244.29	993.946	35.9486
NM_005707.2	2823	2595.29	1092.51	18.9445
NM_005708.5	7121	6893.29	2403.01	15.6881
NM_005709.4	2232	2004.29	0	0
NM_005710.2	1147	919.293	14.6028	0.714863
NM_005711.5	4814	4586.29	705.499	6.92272
NM_005713.3	8012	7784.29	1.01151e-05	5.84783e-08
NM_005714.2	1386	1158.29	0	0
NM_005715.3	4496	4268.29	1291.15	13.6133
NM_005716.4	1921	1693.29	1848.62	49.1312
NM_005717.4	7266	7038.29	15930.5	101.86
NM_005718.5	1433	1205.29	5355.38	199.958
NM_005720.4	1511	1283.29	10476.6	367.399
NM_005721.5	6589	6361.29	13920	98.4776
NM_005722.4	3783	3555.29	25978.7	328.84
NM_005723.4	3347	3119.29	3213.54	46.3628
NM_005724.6	6348	6120.29	4356.96	32.0372
NM_005725.6	3216	2988.29	443.329	6.67645
NM_005726.6	1997	1769.29	1159.83	29.501
NM_005727.4	1619	1391.29	1.1445	0.0370202
NM_005729.4	2196	1968.29	4033.46	92.2212
NM_005730.4	4785	4557.29	9131.87	90.1768
NM_005731.3	1419	1191.29	300.343	11.346
NM_005732.4	8272	8044.29	3996	22.3553
NM_005733.3	3095	2867.29	7570	118.814
NM_005734.5	7614	7386.29	651.715	3.97076
NM_005735.4	2204	1976.29	2297.02	52.3065
NM_005736.4	2830	2602.29	7632.61	131.996
NM_005737.3	4024	3796.29	2291.92	27.1696
NM_005738.5	2889	2661.29	167.597	2.8341
NM_005739.4	5031	4803.29	0	0
NM_005740.3	1474	1246.29	266	9.60514
NM_005741.5	3282	3054.29	940.549	13.8584
NM_005742.4	2279	2051.29	24855.7	545.306
NM_005744.5	21679	21451.3	3152.15	6.61295
NM_005745.8	1417	1189.29	182.393	6.90177
NM_005746.3	4360	4132.29	4563.81	49.7026
NM_005747.5	906	678.293	0	0
NM_005748.6	4096	3868.29	533.394	6.20542
NM_005749.4	2238	2010.29	1115.97	24.9825
NM_005751.5	12476	12248.3	2463.07	9.0499
NM_005752.6	1933	1705.29	0	0
NM_005754.3	10227	9999.29	9731.37	43.7973
NM_005755.3	1158	930.293	2	0.0967503
NM_005756.4	4675	4447.29	0	0
NM_005759.7	6366	6138.29	541.857	3.97264
NM_005760.3	3346	3118.29	3288.85	47.4646
NM_005761.3	7492	7264.29	0	0
NM_005762.3	3364	3136.29	14259	204.604
NM_005763.4	5825	5597.29	881.531	7.08764
NM_005764.4	838	610.427	0	0
NM_005765.3	2242	2014.29	7780	173.82
NM_005766.4	10419	10191.3	6868.96	30.3322
NM_005767.7	2876	2648.29	0	0
NM_005768.6	2235	2007.29	448.559	10.0566
NM_005769.2	2145	1917.29	0	0
NM_005772.5	2061	1833.29	454.093	11.1469
NM_005773.3	2207	1979.29	69.853	1.58824
NM_005775.5	3227	2999.29	120.806	1.81264
NM_005776.3	4735	4507.29	5947	59.3778
NM_005777.3	3630	3402.29	1333.91	17.644
NM_005778.4	3177	2949.29	1539.8	23.4958
NM_005779.3	4977	4749.29	1760.74	16.6843
NM_005780.3	2132	1904.29	2133.11	50.4106
NM_005781.5	4019	3791.29	0	0
NM_005782.4	1097	869.293	3943.34	204.145
NM_005783.4	1508	1280.29	2012.67	70.7465
NM_005785.4	5593	5365.29	0	0
NM_005786.6	4944	4716.29	786.192	7.50188
NM_005787.6	1552	1324.29	1366.98	46.4537
NM_005788.4	2552	2324.29	746.237	14.4487
NM_005789.4	3182	2954.29	8726.04	132.925
NM_005791.3	2164	1936.29	1948.99	45.2983
NM_005792.2	1101	873.293	1117.59	57.5921
NM_005793.5	2960	2732.29	31.1621	0.513265
NM_005794.4	1676	1448.29	25	0.77683
NM_005795.6	6112	5884.29	18.16	0.138888
NM_005796.3	2120	1892.29	3441.66	81.8507
NM_005797.4	2622	2394.29	0	0
NM_005798.5	6720	6492.29	136.077	0.943251
NM_005800.5	4894	4666.29	521.349	5.02804
NM_005801.4	2338	2110.29	16841.2	359.147
NM_005802.5	4131	3903.29	1375.56	15.8595
NM_005803.4	1866	1638.29	3652.28	100.326
NM_005804.4	1498	1270.29	4562.25	161.628
NM_005805.6	1567	1339.29	4950	166.33
NM_005806.4	2477	2249.29	0	0
NM_005807.6	5049	4821.29	251.035	2.34322
NM_005808.3	4720	4492.29	1125.47	11.2748
NM_005809.6	925	697.293	1932	124.691
NM_005810.4	1874	1646.29	0	0
NM_005811.5	8801	8573.29	908.848	4.77074
NM_005813.6	6156	5928.29	2238.83	16.9955
NM_005814.3	2548	2320.29	0	0
NM_005815.5	2573	2345.29	71.301	1.36817
NM_005816.5	4328	4100.29	0	0
NM_005817.5	2232	2004.29	13510.9	303.365
NM_005819.6	4810	4582.29	1397.06	13.7206
NM_005822.4	3171	2943.29	0	0
NM_005823.6	2197	1969.29	0	0
NM_005824.3	2169	1941.29	108.585	2.51721
NM_005826.5	7751	7523.29	2758.88	16.5032
NM_005827.4	1615	1387.29	1402.54	45.4978
NM_005828.5	6324	6096.29	4446.91	32.8273
NM_005829.5	5543	5315.29	1164.18	9.85681
NM_005830.4	1486	1258.29	623.74	22.3082
NM_005831.5	3635	3407.29	2705.8	35.7378
NM_005832.5	2479	2251.29	1	0.0199899
NM_005833.4	1671	1443.29	151.024	4.70905
NM_005834.5	948	720.293	22.1959	1.38677
NM_005835.4	2350	2122.29	0	0
NM_005836.3	987	759.293	599	35.5025
NM_005837.3	850	622.427	1501	108.526
NM_005838.4	1114	886.293	0	0
NM_005839.4	3735	3507.29	1189.5	15.2629
NM_005840.4	9035	8807.29	29.9119	0.152842
NM_005841.3	2474	2246.29	0	0
NM_005842.4	2286	2058.29	1757.87	38.4345
NM_005843.6	5472	5244.29	2737.15	23.4884
NM_005845.5	5855	5627.29	1417.22	11.3339
NM_005847.5	2296	2068.29	0	0
NM_005848.4	8698	8470.29	91.8467	0.487986
NM_005849.4	2720	2492.29	4.95961	0.0895552
NM_005850.5	1544	1316.29	3896	133.201
NM_005851.5	909	681.293	901.202	59.5292
NM_005852.4	7283	7055.29	8.79665	0.0561106
NM_005853.6	2398	2170.29	627.458	13.0109
NM_005854.3	752	524.701	13	1.115
NM_005855.4	823	595.427	13	0.982555
NM_005856.3	1323	1095.29	0	0
NM_005857.5	2975	2747.29	4658.85	76.3161
NM_005858.4	3665	3437.29	1795	23.5012
NM_005859.5	11511	11283.3	3350	13.3614
NM_005860.3	2501	2273.29	1957	38.7416
NM_005861.4	1340	1112.29	3734.86	151.111
NM_005862.3	6062	5834.29	5330.55	41.1174
NM_005863.5	3848	3620.29	738.437	9.17935
NM_005864.4	2653	2425.29	519.093	9.63215
NM_005865.4	2887	2659.29	0	0
NM_005866.4	1672	1444.29	3766.37	117.357
NM_005868.6	1481	1253.29	1303.93	46.8214
NM_005869.4	2065	1837.29	1453.22	35.5955
NM_005870.5	2708	2480.29	4240.8	76.9462
NM_005871.4	4310	4082.29	1529.98	16.8665
NM_005872.3	1275	1047.29	1607	69.0542
NM_005873.3	1619	1391.29	81.0889	2.62292
NM_005874.5	2866	2638.29	0	0
NM_005875.3	987	759.293	1398	82.859
NM_005876.5	10782	10554.3	0.281234	0.00119917
NM_005877.6	5090	4862.29	5391.19	49.8984
NM_005879.3	2023	1795.29	620.933	15.5651
NM_005880.4	3008	2780.29	3688	59.6956
NM_005881.4	2036	1808.29	1539.08	38.303
NM_005882.5	2059	1831.29	76.6937	1.88471
NM_005883.3	10179	9951.29	0	0
NM_005884.5	2830	2602.29	2469.77	42.7113
NM_005885.4	9641	9413.29	1363.69	6.51955
NM_005886.3	2618	2390.29	868	16.3422
NM_005888.4	5987	5759.29	216.534	1.69199
NM_005889.4	866	638.427	0	0
NM_005891.3	1520	1292.29	1183.77	41.224
NM_005892.4	4003	3775.29	0	0
NM_005893.3	1947	1719.29	345	9.03049
NM_005894.3	2204	1976.29	0	0
NM_005895.4	8934	8706.29	1152.46	5.95711
NM_005896.4	2318	2090.29	996.895	21.4627
NM_005897.3	3117	2889.29	370.658	5.7733
NM_005898.5	5514	5286.29	9356.36	79.6523
NM_005899.5	4613	4385.29	3841.93	39.427
NM_005900.3	3002	2774.29	490.017	7.9488
NM_005901.6	34626	34398.3	2142.75	2.80334
NM_005902.4	6464	6236.29	2436.45	17.5822
NM_005903.7	7013	6785.29	3064.71	20.3266
NM_005904.4	3341	3113.29	2069.45	29.9142
NM_005905.6	5447	5219.29	105.632	0.910802
NM_005906.6	3867	3639.29	0	0
NM_005907.4	5018	4790.29	6567.85	61.7026
NM_005908.4	4001	3773.29	781.679	9.32289
NM_005909.5	11790	11562.3	16021.5	62.3595
NM_005910.6	5639	5411.29	0	0
NM_005911.6	2817	2589.29	12530.3	217.782
NM_005912.3	1714	1486.29	0	0
NM_005913.3	1723	1495.29	0	0
NM_005914.4	4178	3950.29	247.946	2.82468
NM_005915.6	3753	3525.29	2157	27.5358
NM_005916.5	2467	2239.29	6932.41	139.321
NM_005917.4	1296	1068.29	2111.58	88.9525
NM_005918.4	2170	1942.29	5500.36	127.444
NM_005919.4	1513	1285.29	91.6804	3.21009
NM_005920.4	5912	5684.29	136.216	1.07844
NM_005921.2	7036	6808.29	158	1.04439
NM_005922.4	5500	5272.29	0	0
NM_005923.4	5157	4929.29	233.038	2.12757
NM_005924.5	2371	2143.29	821	17.2387
NM_005925.3	2297	2069.29	0	0
NM_005926.3	2043	1815.29	1749	43.3596
NM_005927.5	5037	4809.29	1850.79	17.3188
NM_005928.4	1936	1708.29	5826.4	153.49
NM_005929.6	3964	3736.29	1191.04	14.3459
NM_005930.4	3630	3402.29	218.427	2.88919
NM_005931.5	2416	2188.29	12.7212	0.261616
NM_005932.4	2381	2153.29	800.346	16.727
NM_005933.4	16591	16363.3	1171.07	3.22074
NM_005934.4	4532	4304.29	4093.21	42.7961
NM_005935.4	9108	8880.29	117.135	0.593613
NM_005937.4	7839	7611.29	1860.14	10.9984
NM_005938.4	3644	3416.29	255	3.35913
NM_005940.5	2261	2033.29	41	0.907457
NM_005941.5	11551	11323.3	5069.75	20.1491
NM_005943.6	4251	4023.29	0	0
NM_005944.7	2129	1901.29	0	0
NM_005946.3	396	188.639	76	18.1311
NM_005947.3	393	186.228	0	0
NM_005949.4	425	212.877	9.97038	2.10778
NM_005950.3	407	197.751	0	0
NM_005951.2	397	189.558	0	0
NM_005952.4	404	195.215	503.065	115.972
NM_005953.5	401	192.714	29110.9	6798.05
NM_005954.4	406	196.92	0	0
NM_005955.3	7937	7709.29	1263.21	7.37401
NM_005956.4	3154	2926.29	6311.14	97.0582
NM_005957.5	7018	6790.29	2.45683e-07	1.62828e-09
NM_005958.4	1289	1061.29	1	0.042404
NM_005959.5	1634	1406.29	0	0
NM_005960.2	11248	11020.3	6	0.0245019
NM_005961.3	8016	7788.29	0	0
NM_005962.5	3280	3052.29	347.079	5.11733
NM_005963.4	6023	5795.29	0.279567	0.00217096
NM_005964.5	7614	7386.29	5707.94	34.7772
NM_005966.4	4508	4280.29	0.324271	0.00340939
NM_005967.4	2491	2263.29	3133.86	62.3134
NM_005968.5	2477	2249.29	5602.98	112.103
NM_005969.4	2463	2235.29	1516.08	30.5231
NM_005971.4	1378	1150.29	0	0
NM_005972.6	2033	1805.29	0	0
NM_005973.5	2068	1840.29	2430	59.424
NM_005975.4	2953	2725.29	10.5782	0.174679
NM_005977.4	3520	3292.29	1177.23	16.0919
NM_005978.4	977	749.293	134.828	8.09786
NM_005979.3	700	472.947	144.193	13.7206
NM_005980.3	471	253.178	13	2.31079
NM_005981.5	3678	3450.29	249.761	3.2577
NM_005982.4	4005	3777.29	270.623	3.22423
NM_005983.4	3715	3487.29	774.598	9.9961
NM_005984.5	1548	1320.29	2131.22	72.6441
NM_005985.4	1705	1477.29	1030	31.3771
NM_005986.3	4558	4330.29	0	0
NM_005987.4	648	421.846	0	0
NM_005988.3	677	450.406	0	0
NM_005989.4	2684	2456.29	0	0
NM_005990.4	5892	5664.29	3774.85	29.9913
NM_005992.1	1538	1310.29	0	0
NM_005993.5	7159	6931.29	0.699856	0.00454398
NM_005994.4	3433	3205.29	2631	36.9399
NM_005995.5	1751	1523.29	0	0
NM_005996.4	4733	4505.29	2432.99	24.303
NM_005997.3	1511	1283.29	1137.54	39.8918
NM_005998.5	1977	1749.29	11678.5	300.446
NM_005999.3	2634	2406.29	1935.61	36.2002
NM_006000.3	2049	1821.29	163.495	4.03988
NM_006001.3	1521	1293.29	1.05259	0.0366273
NM_006002.5	931	703.293	832.421	53.2658
NM_006003.3	3086	2858.29	3197	50.3359
NM_006004.4	537	314.382	3470.7	496.823
NM_006005.3	3640	3412.29	1083.02	14.2835
NM_006006.6	8494	8266.29	0	0
NM_006007.4	5701	5473.29	42.2146	0.347101
NM_006009.4	1672	1444.29	13850.6	431.576
NM_006010.6	909	681.293	4493	296.787
NM_006011.4	5655	5427.29	0	0
NM_006012.4	2410	2182.29	2093.42	43.1703
NM_006013.5	2164	1936.29	23611.7	548.781
NM_006014.5	967	739.293	265	16.1314
NM_006015.6	8595	8367.29	4107	22.0893
NM_006016.6	3020	2792.29	16394.1	264.222
NM_006017.3	4021	3793.29	0	0
NM_006018.3	2056	1828.29	0	0
NM_006019.4	2668	2440.29	2329.59	42.9615
NM_006020.3	2597	2369.29	403.164	7.65783
NM_006022.4	3148	2920.29	1487.03	22.9158
NM_006023.3	1321	1093.29	3361.53	138.37
NM_006024.7	3423	3195.29	841.815	11.8563
NM_006025.4	2255	2027.29	0	0
NM_006026.4	1516	1288.29	4794	167.466
NM_006027.4	3210	2982.29	3.02843e-05	4.56992e-07
NM_006028.5	4406	4178.29	0	0
NM_006029.5	2602	2374.29	3848	72.9362
NM_006030.4	5696	5468.29	0	0
NM_006031.6	10526	10298.3	4210.91	18.4015
NM_006032.4	1995	1767.29	0	0
NM_006033.4	10418	10190.3	44.2525	0.195431
NM_006034.5	3344	3116.29	1328.15	19.1801
NM_006035.4	6844	6616.29	5658.45	38.4879
NM_006036.4	6903	6675.29	388.925	2.62203
NM_006037.4	9047	8819.29	17.1544	0.0875357
NM_006038.4	4043	3815.29	497.858	5.87246
NM_006039.5	5719	5491.29	34569.2	283.307
NM_006040.3	3267	3039.29	0	0
NM_006041.3	5369	5141.29	3399.73	29.7587
NM_006042.3	4186	3958.29	4893.49	55.6356
NM_006043.2	2329	2101.29	11	0.235585
NM_006044.4	4118	3890.29	352.979	4.08327
NM_006045.3	7862	7634.29	1756	10.3514
NM_006047.6	6646	6418.29	4454.22	31.2316
NM_006048.5	5518	5290.29	3259.43	27.7271
NM_006049.4	1319	1091.29	23.166	0.955326
NM_006051.4	2152	1924.29	146.579	3.42802
NM_006052.2	3056	2828.29	1553.38	24.717
NM_006053.4	2457	2229.29	879.61	17.7568
NM_006054.4	2529	2301.29	4772.3	93.325
NM_006055.3	4592	4364.29	1378.94	14.2191
NM_006056.5	3221	2993.29	4.30933	0.0647892
NM_006057.3	13005	12777.3	0	0
NM_006058.5	2870	2642.29	2072.05	35.2907
NM_006059.4	7455	7227.29	10.1092	0.0629484
NM_006060.6	6255	6027.29	0	0
NM_006061.4	2152	1924.29	0	0
NM_006062.3	2554	2326.29	1556	30.1015
NM_006063.3	2460	2232.29	18	0.36288
NM_006064.5	2051	1823.29	143.365	3.53857
NM_006065.5	5377	5149.29	2.45271	0.0214359
NM_006066.4	1535	1307.29	150.134	5.16831
NM_006067.5	1966	1738.29	1181.23	30.5811
NM_006068.5	6698	6470.29	0	0
NM_006070.6	1907	1679.29	4281.39	114.736
NM_006071.2	7681	7453.29	18	0.108684
NM_006072.4	562	337.904	12.5329	1.66917
NM_006073.4	4627	4399.29	0	0
NM_006074.5	2888	2660.29	860	14.5483
NM_006076.5	4819	4591.29	495.382	4.85565
NM_006077.4	2363	2135.29	0	0
NM_006078.5	5642	5414.29	0	0
NM_006079.5	2382	2154.29	4877.81	101.897
NM_006080.3	8113	7885.29	810.768	4.62723
NM_006082.3	1627	1399.29	102445	3294.76
NM_006083.4	1905	1677.29	4679	125.541
NM_006084.5	1626	1398.29	937.755	30.181
NM_006085.6	2400	2172.29	562.18	11.6466
NM_006086.4	1706	1478.29	11737.8	357.331
NM_006087.4	2277	2049.29	0	0
NM_006088.6	1563	1335.29	35730.9	1204.23
NM_006089.3	4162	3934.29	162.094	1.85414
NM_006090.5	2203	1975.29	1143.63	26.0553
NM_006091.5	3545	3317.29	1811.21	24.5712
NM_006092.4	4503	4275.29	21.6148	0.227524
NM_006093.4	869	641.427	0	0
NM_006094.5	6035	5807.29	3539	27.4251
NM_006095.2	8270	8042.29	0	0
NM_006096.4	3025	2797.29	15539.9	250.007
NM_006097.5	2786	2558.29	12742.5	224.154
NM_006098.5	1140	912.293	27936	1378.07
NM_006099.3	2902	2674.29	4113.33	69.2192
NM_006100.4	3581	3353.29	0	0
NM_006101.3	2126	1898.29	4993	118.37
NM_006103.4	567	342.699	0	0
NM_006105.5	5773	5545.29	8.68915e-07	7.05172e-09
NM_006106.5	5239	5011.29	1000.79	8.98744
NM_006107.4	1974	1746.29	3469.15	89.4021
NM_006108.4	5052	4824.29	1509	14.0766
NM_006109.5	2304	2076.29	2884.06	62.5113
NM_006110.3	3361	3133.29	2771.79	39.8109
NM_006111.3	2926	2698.29	2281.96	38.0594
NM_006112.4	4339	4111.29	0.364653	0.00399156
NM_006113.5	5025	4797.29	0	0
NM_006114.3	1673	1445.29	588.065	18.311
NM_006115.5	2121	1893.29	0	0
NM_006116.3	3198	2970.29	970.214	14.6998
NM_006117.3	1358	1130.29	2815.18	112.087
NM_006118.4	1109	881.293	1932.33	98.6739
NM_006119.6	1082	854.293	0	0
NM_006120.4	1093	865.293	41	2.13237
NM_006121.4	2451	2223.29	7	0.141691
NM_006122.4	6394	6166.29	20.4808	0.149474
NM_006123.5	1358	1130.29	211.31	8.41339
NM_006125.3	3851	3623.29	0	0
NM_006129.5	3593	3365.29	2779.27	37.1664
NM_006133.3	5799	5571.29	55.7848	0.450611
NM_006134.7	2332	2104.29	878.467	18.7872
NM_006135.3	2358	2130.29	12822.4	270.878
NM_006136.3	5068	4840.29	5258.67	48.893
NM_006137.7	1284	1056.29	3	0.127814
NM_006138.5	1618	1390.29	0	0
NM_006139.4	4721	4493.29	0	0
NM_006140.6	1839	1611.29	0	0
NM_006141.3	4326	4098.29	7527.29	82.6567
NM_006142.5	1308	1080.29	83	3.45763
NM_006143.3	1910	1682.29	34.7563	0.929767
NM_006144.4	896	668.361	0	0
NM_006145.3	2242	2014.29	4532.84	101.272
NM_006147.4	4478	4250.29	32.9803	0.349203
NM_006148.4	3910	3682.29	20518.1	250.762
NM_006149.4	1121	893.293	0	0
NM_006150.5	2795	2567.29	328.173	5.75268
NM_006151.3	2821	2593.29	0	0
NM_006152.4	2410	2182.29	0	0
NM_006153.6	4417	4189.29	745.315	8.00648
NM_006154.4	5735	5507.29	2937.74	24.0058
NM_006155.3	3449	3221.29	1680.82	23.4819
NM_006156.3	616	390.417	3476.72	400.758
NM_006157.5	3235	3007.29	0	0
NM_006158.5	3584	3356.29	60	0.804514
NM_006159.2	3312	3084.29	0	0
NM_006160.4	3030	2802.29	1.01316	0.0162707
NM_006161.3	1683	1455.29	0	0
NM_006162.5	4566	4338.29	52.4934	0.544538
NM_006163.3	1656	1428.29	0	0
NM_006164.5	2446	2218.29	3682.82	74.7142
NM_006165.4	5185	4957.29	251.158	2.28005
NM_006166.4	3424	3196.29	797.772	11.2324
NM_006167.4	3278	3050.29	1098.77	16.211
NM_006168.3	3472	3244.29	4	0.0554858
NM_006169.3	2012	1784.29	3663.04	92.3884
NM_006170.4	2638	2410.29	432.4	8.07343
NM_006172.4	855	627.427	4	0.286905
NM_006174.4	1890	1662.29	0	0
NM_006175.5	5508	5280.29	0	0
NM_006176.3	1210	982.293	69.3711	3.17819
NM_006177.5	3731	3503.29	6.69094	0.0859514
NM_006178.4	3983	3755.29	3977.34	47.664
NM_006179.5	1962	1734.29	33.0145	0.856691
NM_006180.6	8666	8438.29	0	0
NM_006181.3	2188	1960.29	6	0.137744
NM_006182.4	10086	9858.29	11291.1	51.5437
NM_006183.5	1239	1011.29	61	2.71453
NM_006184.6	2406	2178.29	9354.71	193.266
NM_006185.4	7198	6970.29	3836.74	24.7716
NM_006186.4	3472	3244.29	124.839	1.73169
NM_006187.4	6599	6371.29	517.957	3.65854
NM_006188.4	693	466.041	0	0
NM_006189.1	492	272.443	3	0.49555
NM_006190.5	4288	4060.29	996.683	11.0469
NM_006191.3	2386	2158.29	11542	240.665
NM_006192.5	5332	5104.29	0.936037	0.00825277
NM_006194.4	4662	4434.29	0	0
NM_006195.6	2840	2612.29	89.4583	1.54114
NM_006196.4	1727	1499.29	15399.3	462.228
NM_006197.4	8652	8424.29	879.125	4.69634
NM_006198.3	534	311.445	0	0
NM_006200.6	5788	5560.29	184.236	1.49114
NM_006201.5	3151	2923.29	4514.62	69.5011
NM_006202.3	4285	4057.29	0	0
NM_006203.5	7777	7549.29	0	0
NM_006204.4	3358	3130.29	6	0.0862598
NM_006205.3	727	499.753	0	0
NM_006206.6	6378	6150.29	25060.6	183.374
NM_006207.2	1923	1695.29	53.1056	1.40974
NM_006208.3	7438	7210.29	6147.66	38.3707
NM_006209.5	3242	3014.29	1796.27	26.8181
NM_006210.3	8754	8526.29	0	0
NM_006212.2	7073	6845.29	29.5037	0.193967
NM_006213.5	2074	1846.29	9.51296	0.231877
NM_006214.4	1541	1313.29	574.1	19.6729
NM_006215.4	1665	1437.29	0	0
NM_006216.4	2229	2001.29	6486.98	145.873
NM_006217.6	1444	1216.29	0	0
NM_006218.4	9259	9031.29	2559.96	12.7563
NM_006219.3	6259	6031.29	478.917	3.57349
NM_006220.3	1485	1257.29	0	0
NM_006221.4	1009	781.293	1731.35	99.7268
NM_006223.4	1239	1011.29	849.795	37.8163
NM_006224.4	3888	3660.29	3748.3	46.0851
NM_006225.4	2651	2423.29	318.781	5.9201
NM_006226.4	6696	6468.29	17.7457	0.123465
NM_006227.4	1889	1661.29	751.181	20.3489
NM_006228.5	1060	832.293	0	0
NM_006229.4	1500	1272.29	0	0
NM_006230.4	1609	1381.29	2937.45	95.7031
NM_006231.4	7823	7595.29	3035.78	17.9874
NM_006232.5	1807	1579.29	99.9283	2.84753
NM_006233.5	443	228.322	534	105.253
NM_006234.6	937	709.293	1378.63	87.471
NM_006235.3	2875	2647.29	7.11838	0.12101
NM_006236.3	4460	4232.29	0	0
NM_006237.4	4539	4311.29	0	0
NM_006238.5	3734	3506.29	2753.69	35.3435
NM_006239.3	3343	3115.29	1.06025	0.0153162
NM_006240.4	2836	2608.29	0	0
NM_006241.8	3386	3158.29	1549.13	22.0738
NM_006242.4	3643	3415.29	217	2.85939
NM_006243.4	3245	3017.29	1246	18.5842
NM_006244.4	2729	2501.29	1218.25	21.9187
NM_006245.4	2973	2745.29	4507.43	73.8895
NM_006246.5	6655	6427.29	2916.51	20.421
NM_006247.4	2139	1911.29	4438.29	104.503
NM_006248.4	1431	1203.29	0	0
NM_006249.5	1101	873.293	2	0.103065
NM_006251.6	5254	5026.29	3798	34.0055
NM_006252.4	9355	9127.29	105.048	0.517951
NM_006253.5	2219	1991.29	585.81	13.2393
NM_006254.4	2833	2605.29	675.836	11.6742
NM_006255.5	3720	3492.29	0	0
NM_006256.4	6070	5842.29	2507.26	19.3134
NM_006257.5	3255	3027.29	0	0
NM_006258.4	6615	6387.29	166.257	1.1714
NM_006259.3	4922	4694.29	40.6705	0.389899
NM_006260.5	5590	5362.29	5936.78	49.8245
NM_006261.5	1464	1236.29	0	0
NM_006262.4	1800	1572.29	0	0
NM_006263.4	965	737.293	1085.61	66.2637
NM_006264.3	8491	8263.29	344.695	1.87726
NM_006265.3	3660	3432.29	16795.6	220.218
NM_006266.4	3696	3468.29	0	0
NM_006267.5	11708	11480.3	5659.99	22.1873
NM_006268.5	3714	3486.29	1337.97	17.2713
NM_006269.2	7071	6843.29	0	0
NM_006270.5	986	758.293	2230	132.346
NM_006271.2	559	335.04	19	2.55211
NM_006272.3	1109	881.293	0.999981	0.0510638
NM_006273.4	810	582.487	6	0.463562
NM_006274.3	683	456.134	0	0
NM_006275.6	4353	4125.29	8094.47	88.3031
NM_006277.3	6122	5894.29	0	0
NM_006278.3	1932	1704.29	28.3552	0.748738
NM_006279.5	2254	2026.29	393.498	8.73942
NM_006280.3	608	382.573	3490.3	410.574
NM_006281.4	2833	2605.29	1090.03	18.8288
NM_006282.5	6366	6138.29	1249.43	9.16025
NM_006283.3	7770	7542.29	2451.83	14.6295
NM_006284.4	5312	5084.29	2275.54	20.1417
NM_006285.3	2530	2302.29	1710.15	33.4284
NM_006286.5	9395	9167.29	238.307	1.16987
NM_006287.6	3859	3631.29	1017.12	12.6053
NM_006288.5	4502	4274.29	15744	165.765
NM_006289.4	8623	8395.29	45055	241.518
NM_006290.4	4617	4389.29	365.862	3.75116
NM_006291.4	4683	4455.29	426.518	4.30827
NM_006292.4	1534	1306.29	2183.79	75.2336
NM_006293.4	8032	7804.29	816.481	4.7082
NM_006294.5	8459	8231.29	3988.67	21.8073
NM_006295.3	4111	3883.29	4631.58	53.6749
NM_006296.7	1773	1545.29	788.166	22.9535
NM_006297.3	2052	1824.29	1397	34.4623
NM_006298.4	7419	7191.29	683.459	4.27708
NM_006299.5	1659	1431.29	80.2462	2.52312
NM_006300.4	4104	3876.29	162	1.88079
NM_006301.4	4162	3934.29	300.445	3.4367
NM_006302.3	2867	2639.29	2733.72	46.6133
NM_006303.4	1198	970.293	1295.25	60.0748
NM_006304.2	458	241.399	1908.27	355.751
NM_006305.4	2440	2212.29	5244	106.675
NM_006306.4	9710	9482.29	11269.6	53.4854
NM_006307.5	1846	1618.29	2454.07	68.2452
NM_006308.3	679	452.316	0	0
NM_006309.4	3490	3262.29	0	0
NM_006310.4	4309	4081.29	4792.59	52.8463
NM_006311.4	10705	10477.3	4.1971	0.0180278
NM_006312.6	9001	8773.29	5523.31	28.3321
NM_006313.3	14884	14656.3	465.656	1.42983
NM_006314.3	2535	2307.29	7.99997	0.156037
NM_006315.7	5067	4839.29	1953.53	18.1669
NM_006317.5	1807	1579.29	10991.1	313.199
NM_006319.5	1843	1615.29	3169.6	88.3071
NM_006320.6	2769	2541.29	4297	76.0944
NM_006321.4	4912	4684.29	921.088	8.8491
NM_006322.6	3879	3651.29	1896.34	23.3728
NM_006323.5	5083	4855.29	54.033	0.500825
NM_006324.3	1293	1065.29	1859.46	78.5525
NM_006325.5	2474	2246.29	24900.3	498.861
NM_006327.4	1190	962.293	3269.46	152.901
NM_006328.4	5367	5139.29	2461.16	21.5516
NM_006329.4	2625	2397.29	4288.71	80.5096
NM_006330.4	2515	2287.29	2578.53	50.7333
NM_006331.8	4873	4645.29	948.128	9.18536
NM_006332.5	988	760.293	1909	112.997
NM_006333.4	2254	2026.29	386.064	8.57431
NM_006334.4	928	700.293	88.0237	5.65668
NM_006335.3	1650	1422.29	4190	132.577
NM_006336.4	4293	4065.29	896.746	9.92704
NM_006337.5	1938	1710.29	1917.71	50.4607
NM_006338.3	3596	3368.29	0	0
NM_006339.3	1585	1357.29	3206.09	106.303
NM_006340.3	3350	3122.29	0	0
NM_006341.4	1053	825.293	950.152	51.8116
NM_006342.3	2799	2571.29	7976.91	139.613
NM_006343.3	3826	3598.29	3	0.0375204
NM_006344.4	1669	1441.29	0	0
NM_006345.4	6164	5936.29	3320.67	25.174
NM_006346.4	3080	2852.29	517.437	8.16405
NM_006347.4	754	526.701	759.439	64.889
NM_006348.5	4658	4430.29	974.358	9.89756
NM_006349.3	728	500.753	2048.45	184.096
NM_006350.5	2563	2335.29	586.35	11.2995
NM_006351.4	1843	1615.29	1257	35.0208
NM_006352.5	3982	3754.29	161.56	1.93663
NM_006353.3	1943	1715.29	3068	80.4932
NM_006354.5	1974	1746.29	2217.6	57.1488
NM_006355.5	9418	9190.29	1136.2	5.56374
NM_006356.3	609	383.573	3531.03	414.282
NM_006357.4	1555	1327.29	3116.07	105.653
NM_006358.4	2226	1998.29	1157.19	26.0608
NM_006359.3	4623	4395.29	0.0809727	0.000829074
NM_006360.6	5047	4819.29	4907.28	45.8247
NM_006361.6	3039	2811.29	2	0.0320159
NM_006362.5	2290	2062.29	1717.96	37.4892
NM_006363.6	3026	2798.29	1060.52	17.0556
NM_006364.4	3843	3615.29	14452.1	179.9
NM_006366.3	2925	2697.29	842.428	14.0555
NM_006367.4	2626	2398.29	12610.6	236.633
NM_006368.5	1496	1268.29	2337.55	82.9439
NM_006369.5	4136	3908.29	2851.32	32.8322
NM_006370.3	5142	4914.29	4392.1	40.2211
NM_006371.5	6595	6367.29	1392.8	9.84413
NM_006372.5	2754	2526.29	8111.2	144.492
NM_006373.4	2699	2471.29	12702	231.308
NM_006374.5	4453	4225.29	79.7839	0.849768
NM_006375.4	5126	4898.29	316.511	2.90795
NM_006377.6	6353	6125.29	987.13	7.25254
NM_006378.4	4824	4596.29	0	0
NM_006379.5	4874	4646.29	9234.75	89.446
NM_006380.5	6492	6264.29	2038.14	14.6421
NM_006382.4	7540	7312.29	2.88957	0.0177837
NM_006383.4	1499	1271.29	15.5177	0.549318
NM_006384.4	1141	913.293	2649.31	130.546
NM_006385.5	3773	3545.29	0.0115345	0.000146416
NM_006386.5	4761	4533.29	11433.5	113.503
NM_006387.6	4075	3847.29	2379.61	27.8351
NM_006388.4	1981	1753.29	312.735	8.0272
NM_006389.5	4598	4370.29	4439.59	45.7167
NM_006390.4	5208	4980.29	3085.69	27.883
NM_006391.3	6162	5934.29	20867	158.246
NM_006392.4	1913	1685.29	2968.75	79.2759
NM_006393.3	8925	8697.29	0	0
NM_006395.3	4978	4750.29	193.184	1.83018
NM_006396.3	769	541.541	697.592	57.9712
NM_006397.3	1164	936.293	2017	96.9474
NM_006398.4	894	666.361	0	0
NM_006399.5	913	685.293	0	0
NM_006400.5	1988	1760.29	0	0
NM_006401.3	1483	1255.29	10715	384.14
NM_006402.3	850	622.427	35.4754	2.56496
NM_006403.4	4522	4294.29	231.463	2.42567
NM_006404.5	1349	1121.29	2555.23	102.554
NM_006405.7	2200	1972.29	1991.05	45.431
NM_006406.2	956	728.293	5437	335.966
NM_006407.4	2134	1906.29	4061	95.8706
NM_006408.4	1697	1469.29	0	0
NM_006409.4	1582	1354.29	7737.39	257.113
NM_006410.5	1343	1115.29	368.281	14.8605
NM_006411.4	2196	1968.29	3029.72	69.2716
NM_006412.4	1546	1318.29	731.453	24.9699
NM_006413.5	2332	2104.29	958.168	20.4917
NM_006414.5	1008	780.293	98.1233	5.65922
NM_006415.4	2783	2555.29	3734.83	65.7767
NM_006416.5	1854	1626.29	486.401	13.4598
NM_006417.5	1682	1454.29	476.854	14.7562
NM_006418.5	2843	2615.29	0	0
NM_006419.3	1203	975.293	0	0
NM_006420.3	9031	8803.29	1856.58	9.49097
NM_006421.5	7320	7092.29	1684.53	10.6889
NM_006422.4	3312	3084.29	0	0
NM_006423.3	750	522.701	4466	384.51
NM_006424.3	4115	3887.29	0.257602	0.00298225
NM_006425.5	3480	3252.29	1450.3	20.0683
NM_006426.3	2664	2436.29	95	1.75484
NM_006427.4	752	524.701	1132.9	97.1681
NM_006428.5	1524	1296.29	1591.44	55.2497
NM_006429.4	1847	1619.29	11138.3	309.553
NM_006430.4	2376	2148.29	9313.87	195.11
NM_006431.3	1916	1688.29	10094.3	269.075
NM_006432.5	821	593.487	1522.64	115.459
NM_006433.5	777	549.487	1	0.0819002
NM_006434.4	5524	5296.29	0	0
NM_006435.3	1006	778.293	886.121	51.238
NM_006437.4	5437	5209.29	5406.99	46.711
NM_006438.5	3133	2905.29	0	0
NM_006439.5	2543	2315.29	3	0.0583119
NM_006440.5	1941	1713.29	395.891	10.3989
NM_006441.4	2301	2073.29	198.521	4.30911
NM_006442.4	822	594.427	11659	882.683
NM_006443.3	654	427.803	641.433	67.476
NM_006444.3	5928	5700.29	2059.31	16.258
NM_006445.4	7280	7052.29	16502.4	105.307
NM_006446.5	2787	2559.29	0	0
NM_006447.3	2924	2696.29	2384.27	39.7951
NM_006449.5	5096	4868.29	3010.3	27.8276
NM_006451.5	2780	2552.29	2720.91	47.9763
NM_006452.4	6546	6318.29	0	0
NM_006453.3	6783	6555.29	1689	11.5952
NM_006454.3	3871	3643.29	1976	24.4082
NM_006455.3	2352	2124.29	2718.98	57.6015
NM_006456.3	1904	1676.29	8	0.214774
NM_006457.5	6043	5815.29	7664.6	59.3144
NM_006458.4	3003	2775.29	82.0732	1.33087
NM_006459.4	3487	3259.29	548.214	7.56953
NM_006460.3	3625	3397.29	2425.14	32.1252
NM_006461.4	3786	3558.29	6937	87.7349
NM_006462.6	3556	3328.29	98.9274	1.33763
NM_006463.6	6412	6184.29	43.639	0.317561
NM_006464.4	6050	5822.29	12815.6	99.0576
NM_006465.4	4228	4000.29	216.583	2.43654
NM_006466.4	2156	1928.29	819.391	19.1232
NM_006467.3	3290	3062.29	195.959	2.8798
NM_006468.8	3777	3549.29	1302.18	16.511
NM_006469.5	4113	3885.29	3145.43	36.4333
NM_006470.4	2992	2764.29	146.041	2.37757
NM_006471.4	958	730.293	11918.7	734.467
NM_006472.6	2905	2677.29	4097	68.8671
NM_006473.4	2023	1795.29	527.706	13.2282
NM_006474.5	2737	2509.29	205.876	3.69229
NM_006475.3	3301	3073.29	40.6969	0.595936
NM_006476.5	1121	893.293	2454.25	123.642
NM_006477.5	1431	1203.29	0	0
NM_006478.5	2514	2286.29	1137.18	22.3841
NM_006479.5	2112	1884.29	1292.9	30.8788
NM_006480.5	2323	2095.29	0	0
NM_006482.3	8888	8660.29	1425.58	7.40802
NM_006483.3	2376	2148.29	115.83	2.42645
NM_006484.3	2412	2184.29	0	0
NM_006485.4	2623	2395.29	33.0124	0.620242
NM_006486.3	2904	2676.29	5480.9	92.1639
NM_006487.3	2442	2214.29	56.4392	1.14706
NM_006488.3	2397	2169.29	0	0
NM_006489.3	6918	6690.29	0	0
NM_006491.3	1481	1253.29	19.2848	0.692477
NM_006492.3	1955	1727.29	97	2.52725
NM_006493.4	5243	5015.29	940.115	8.43581
NM_006494.4	2672	2444.29	3041.39	55.9965
NM_006495.4	1937	1709.29	36	0.947825
NM_006496.4	9044	8816.29	8203.22	41.8736
NM_006497.4	6707	6479.29	1231.17	8.55131
NM_006498.3	596	370.951	20	2.42636
NM_006499.5	6122	5894.29	967.431	7.38636
NM_006500.3	3327	3099.29	2204.46	32.0097
NM_006502.3	8368	8140.29	2753.74	15.2239
NM_006503.4	1754	1526.29	3195.03	94.2062
NM_006504.6	5289	5061.29	64.2519	0.571303
NM_006505.5	5792	5564.29	1455.34	11.7706
NM_006506.5	5638	5410.29	813.66	6.76807
NM_006507.4	775	547.487	0	0
NM_006509.4	2258	2030.29	269.845	5.98134
NM_006510.5	2963	2735.29	2478	40.7699
NM_006511.3	2321	2093.29	238.399	5.12526
NM_006512.4	630	404.218	0	0
NM_006513.4	1914	1686.29	5249.75	140.103
NM_006514.4	6626	6398.29	0	0
NM_006515.4	2076	1848.29	29.1408	0.709532
NM_006516.4	3384	3156.29	6400	91.2525
NM_006517.5	4128	3900.29	3844	44.3536
NM_006519.4	730	502.753	3688.25	330.148
NM_006520.3	2151	1923.29	1663	38.9125
NM_006521.6	3291	3063.29	2747.08	40.3576
NM_006522.4	1719	1491.29	0	0
NM_006524.4	2501	2273.29	9.45359	0.187147
NM_006526.3	5790	5562.29	2596.15	21.0048
NM_006527.4	1810	1582.29	2617.25	74.4389
NM_006528.4	2207	1979.29	56132.4	1276.28
NM_006529.4	8697	8469.29	0	0
NM_006530.4	1468	1240.29	699.945	25.397
NM_006531.5	2850	2622.29	215.828	3.70398
NM_006532.4	3970	3742.29	858.805	10.3276
NM_006533.4	488	268.748	0	0
NM_006534.4	7949	7721.29	355.7	2.07318
NM_006536.7	3935	3707.29	10	0.121391
NM_006537.4	5517	5289.29	1026.86	8.73685
NM_006538.5	4918	4690.29	1.51671	0.0145527
NM_006539.4	1917	1689.29	0	0
NM_006540.4	8430	8202.29	683.852	3.75205
NM_006541.5	1318	1090.29	2735.62	112.916
NM_006544.4	10486	10258.3	4979.57	21.8453
NM_006545.5	1542	1314.29	314.662	10.7744
NM_006546.4	8796	8568.29	1193.07	6.26633
NM_006547.3	4274	4046.29	193.583	2.15304
NM_006548.6	4283	4055.29	2578.83	28.6183
NM_006549.4	5114	4886.29	0	0
NM_006551.4	455	238.796	0	0
NM_006552.2	453	236.993	0	0
NM_006553.4	1681	1453.29	61.9743	1.91911
NM_006554.5	1341	1113.29	875.704	35.3989
NM_006555.4	2767	2539.29	7680.02	136.111
NM_006556.4	1002	774.293	778.551	45.2505
NM_006557.7	2922	2694.29	15.4068	0.257341
NM_006558.3	1978	1750.29	190.775	4.90515
NM_006559.3	2713	2485.29	9532.26	172.608
NM_006560.4	4594	4366.29	91.6201	0.944322
NM_006561.4	8048	7820.29	0	0
NM_006562.5	1770	1542.29	0	0
NM_006563.5	1613	1385.29	1	0.0324863
NM_006564.2	1968	1740.29	0	0
NM_006565.4	3814	3586.29	3057.4	38.3662
NM_006566.4	12123	11895.3	55.5606	0.210201
NM_006567.5	1679	1451.29	411.794	12.7693
NM_006568.3	1962	1734.29	386	10.0163
NM_006569.6	1931	1703.29	179.503	4.74268
NM_006570.5	1599	1371.29	4239	139.115
NM_006571.4	1054	826.293	1243	67.6985
NM_006572.6	6249	6021.29	3334.82	24.9244
NM_006573.5	2576	2348.29	20.7395	0.397456
NM_006574.4	2154	1926.29	0	0
NM_006575.6	4270	4042.29	3637.5	40.4964
NM_006576.4	3087	2859.29	15.7378	0.2477
NM_006577.6	2761	2533.29	1308	23.2362
NM_006578.4	8765	8537.29	1142.17	6.02076
NM_006579.3	1125	897.293	904	45.3395
NM_006580.4	2977	2749.29	3	0.0491069
NM_006581.4	12793	12565.3	0	0
NM_006582.4	6388	6160.29	71.7863	0.524424
NM_006583.5	1815	1587.29	1	0.0283521
NM_006584.4	1847	1619.29	11.9948	0.333356
NM_006585.4	1854	1626.29	9098.07	251.763
NM_006586.5	1431	1203.29	1393.66	52.1229
NM_006587.4	4967	4739.29	12.2929	0.11673
NM_006588.4	2850	2622.29	0	0
NM_006589.3	3190	2962.29	1261.13	19.1591
NM_006590.4	2183	1955.29	1747.14	40.2121
NM_006591.3	3788	3560.29	1316.14	16.6364
NM_006593.4	3806	3578.29	1	0.0125767
NM_006594.5	3254	3026.29	0	0
NM_006595.4	3721	3493.29	1771.35	22.8198
NM_006597.6	2264	2036.29	73571.7	1625.97
NM_006598.3	5300	5072.29	66.3763	0.588913
NM_006599.4	13235	13007.3	7.47089	0.0258481
NM_006600.4	1792	1564.29	5931.93	170.655
NM_006601.7	1898	1670.29	14300.4	385.299
NM_006602.4	2625	2397.29	0	0
NM_006603.5	6003	5775.29	1744.17	13.5912
NM_006604.2	1214	986.293	0	0
NM_006606.3	3843	3615.29	1540.53	19.1765
NM_006607.3	731	503.753	0	0
NM_006608.3	3946	3718.29	415.563	5.02962
NM_006609.5	10871	10643.3	5.15778e-07	2.18087e-09
NM_006610.4	2455	2227.29	36	0.72739
NM_006612.6	7917	7689.29	11950.9	69.9452
NM_006613.4	1988	1760.29	0	0
NM_006614.4	7856	7628.29	7.21729	0.0425784
NM_006615.3	2575	2347.29	0	0
NM_006617.2	5568	5340.29	5151	43.4079
NM_006618.5	9292	9064.29	3724.63	18.4923
NM_006620.4	7087	6859.29	1363.27	8.94426
NM_006621.7	3943	3715.29	5170.88	62.6345
NM_006622.4	2786	2558.29	807.045	14.1968
NM_006623.4	1866	1638.29	2638.81	72.4867
NM_006624.7	4295	4067.29	0	0
NM_006625.6	3940	3712.29	1138.89	13.8065
NM_006626.6	4099	3871.29	744	8.64887
NM_006627.3	2556	2328.29	1247.6	24.1147
NM_006628.6	5366	5138.29	3793.05	33.221
NM_006630.3	4607	4379.29	80.8166	0.830498
NM_006631.4	3782	3554.29	28.6662	0.362961
NM_006632.4	1818	1590.29	0	0
NM_006633.5	5808	5580.29	0	0
NM_006634.3	660	433.717	611	63.3982
NM_006635.4	3850	3622.29	12.8445	0.159579
NM_006636.4	4403	4175.29	3977.34	42.8694
NM_006637.1	945	717.293	0	0
NM_006638.4	1488	1260.29	271.584	9.69784
NM_006639.4	2700	2472.29	0	0
NM_006640.5	4451	4223.29	6484.55	69.0988
NM_006641.4	2478	2250.29	0	0
NM_006642.5	2581	2353.29	934.15	17.8642
NM_006643.4	2322	2094.29	488.901	10.5057
NM_006644.4	5244	5016.29	7896.38	70.8415
NM_006645.3	2330	2102.29	98	2.09785
NM_006646.6	4857	4629.29	821.805	7.98908
NM_006647.2	1635	1407.29	0	0
NM_006648.4	7080	6852.29	0	0
NM_006649.4	2507	2279.29	1367.13	26.9931
NM_006650.4	4801	4573.29	0	0
NM_006651.4	2112	1884.29	23	0.549315
NM_006652.2	474	256.047	0	0
NM_006653.5	2174	1946.29	150.386	3.47728
NM_006654.5	6836	6608.29	20.9154	0.142436
NM_006656.6	5929	5701.29	149.282	1.17835
NM_006657.3	1917	1689.29	6.64377	0.176991
NM_006658.5	1768	1540.29	0	0
NM_006659.4	3929	3701.29	3546.53	43.1214
NM_006660.5	4695	4467.29	1567.82	15.7941
NM_006661.4	8501	8273.29	14.444	0.078569
NM_006662.3	11724	11496.3	5413	21.1896
NM_006663.4	3131	2903.29	911.585	14.1302
NM_006664.4	417	206.073	9	1.96546
NM_006665.6	4652	4424.29	0	0
NM_006666.3	1545	1317.29	3455.4	118.048
NM_006667.5	1879	1651.29	7505.53	204.55
NM_006668.2	2197	1969.29	0	0
NM_006669.7	3017	2789.29	0	0
NM_006670.5	3618	3390.29	568.154	7.54173
NM_006671.6	2698	2470.29	0	0
NM_006672.3	2553	2325.29	0	0
NM_006675.5	4322	4094.29	229.178	2.51904
NM_006676.8	4470	4242.29	508.423	5.39345
NM_006677.3	4446	4218.29	3.47458	0.0370687
NM_006678.5	1524	1296.29	1.77798	0.0617256
NM_006680.3	2130	1902.29	5.69961	0.134837
NM_006681.4	816	588.487	0	0
NM_006682.3	4256	4028.29	773.25	8.63856
NM_006683.5	932	704.293	0	0
NM_006684.5	1322	1094.29	0	0
NM_006685.4	732	504.753	0	0
NM_006686.4	1399	1171.29	0	0
NM_006687.4	1491	1263.29	0	0
NM_006688.5	1527	1299.29	23	0.796641
NM_006690.4	4376	4148.29	0	0
NM_006691.4	3247	3019.29	4	0.0596207
NM_006693.4	1823	1595.29	345.17	9.73722
NM_006694.4	1273	1045.29	3030	130.451
NM_006695.5	1807	1579.29	0	0
NM_006696.5	3155	2927.29	2106.15	32.3792
NM_006698.4	2018	1790.29	1890.08	47.5115
NM_006699.5	8576	8348.29	3767.15	20.3076
NM_006700.3	2633	2405.29	981.847	18.3704
NM_006701.5	3472	3244.29	2924.1	40.5615
NM_006702.5	4457	4229.29	865.443	9.20901
NM_006703.4	9900	9672.29	2429.93	11.306
NM_006704.5	14161	13933.3	1342.82	4.33718
NM_006705.4	1066	838.293	22.7367	1.2206
NM_006706.4	4633	4405.29	1.55664e-07	1.59022e-09
NM_006708.3	2016	1788.29	5943	149.558
NM_006709.5	3979	3751.29	1298.29	15.5752
NM_006710.5	3438	3210.29	3840.67	53.8399
NM_006711.5	2103	1875.29	314.009	7.53556
NM_006712.5	1794	1566.29	988.577	28.404
NM_006713.4	3449	3221.29	7620.93	106.468
NM_006714.5	1763	1535.29	321.166	9.41414
NM_006715.4	3261	3033.29	863.321	12.8086
NM_006716.4	3655	3427.29	1888.78	24.8012
NM_006717.3	4459	4231.29	6827	72.6104
NM_006718.5	3261	3033.29	246.883	3.66285
NM_006720.4	6824	6596.29	0	0
NM_006721.4	1992	1764.29	377.426	9.62727
NM_006722.3	4675	4447.29	0	0
NM_006724.4	5350	5122.29	611.678	5.37404
NM_006725.5	3252	3024.29	0	0
NM_006726.4	9914	9686.29	8.07656	0.0375242
NM_006727.5	3438	3210.29	0.357199	0.00500735
NM_006729.5	9203	8975.29	910.312	4.5644
NM_006730.4	3164	2936.29	93.6633	1.43553
NM_006731.2	7364	7136.29	949.365	5.98691
NM_006732.3	3775	3547.29	47	0.59627
NM_006733.3	3263	3035.29	377.658	5.59938
NM_006734.4	9697	9469.29	1236.38	5.87594
NM_006735.4	1686	1458.29	14	0.432041
NM_006736.6	3072	2844.29	863.162	13.6572
NM_006737.4	1877	1649.29	0	0
NM_006738.6	13339	13111.3	177.517	0.609308
NM_006739.4	3458	3230.29	2570.89	35.8166
NM_006741.4	1828	1600.29	1	0.0281218
NM_006742.3	3497	3269.29	1439.93	19.8212
NM_006743.5	4298	4070.29	15655.5	173.095
NM_006744.4	1070	842.293	72.9194	3.89603
NM_006745.5	2227	1999.29	844.05	18.9991
NM_006746.6	2806	2578.29	12.918	0.225478
NM_006747.4	3499	3271.29	853.541	11.7421
NM_006748.4	2821	2593.29	0	0
NM_006749.5	3685	3457.29	35.6749	0.464375
NM_006750.4	9754	9526.29	2716.59	12.8334
NM_006751.7	5190	4962.29	0	0
NM_006753.6	4235	4007.29	1616.57	18.1546
NM_006754.5	2127	1899.29	17.6912	0.419187
NM_006755.2	1199	971.293	4831	223.835
NM_006756.4	2777	2549.29	5764.6	101.763
NM_006757.4	1065	837.293	0	0
NM_006758.3	945	717.293	4.82992	0.30303
NM_006759.4	2150	1922.29	3550.54	83.1222
NM_006760.4	934	706.293	2	0.127435
NM_006761.5	2052	1824.29	24143	595.579
NM_006762.3	2177	1949.29	16	0.36939
NM_006763.3	2729	2501.29	61	1.09751
NM_006764.5	1943	1715.29	4249.92	111.503
NM_006765.4	3697	3469.29	598.469	7.76324
NM_006766.5	9153	8925.29	3125.32	15.7585
NM_006767.4	4282	4054.29	3012	33.4335
NM_006768.5	3996	3768.29	1068.87	12.7651
NM_006769.4	4993	4765.29	9342.63	88.2311
NM_006770.4	1810	1582.29	0	0
NM_006771.4	2691	2463.29	1	0.0182695
NM_006772.3	6015	5787.29	0	0
NM_006773.4	3753	3525.29	4124	52.646
NM_006774.5	2559	2331.29	0.43838	0.00846245
NM_006775.3	9384	9156.29	3239.56	15.9224
NM_006777.4	5151	4923.29	1097.69	10.0339
NM_006778.4	3825	3597.29	0	0
NM_006779.4	1963	1735.29	1093.28	28.353
NM_006781.5	2172	1944.29	0	0
NM_006782.4	1382	1154.29	891	34.7379
NM_006783.5	1817	1589.29	0	0
NM_006784.3	10004	9776.29	2407.81	11.0838
NM_006785.4	9289	9061.29	2891.24	14.3594
NM_006786.4	591	366.025	0	0
NM_006788.4	4379	4151.29	5861.48	63.5427
NM_006789.4	1633	1405.29	1	0.032024
NM_006790.3	2268	2040.29	0	0
NM_006791.4	2172	1944.29	15358.4	355.49
NM_006793.5	1553	1325.29	5869.92	199.325
NM_006794.4	2094	1866.29	80	1.92909
NM_006795.4	4453	4225.29	5611.15	59.7637
NM_006796.3	3160	2932.29	2824.95	43.3556
NM_006798.5	2653	2425.29	0	0
NM_006799.4	1091	863.293	0	0
NM_006800.4	2303	2075.29	271.79	5.89382
NM_006801.3	1550	1322.29	9720.48	330.828
NM_006802.4	2774	2546.29	4326.17	76.4605
NM_006803.4	3494	3266.29	691.352	9.52546
NM_006804.4	2770	2542.29	1068.45	18.9135
NM_006805.4	8713	8485.29	7774	41.2306
NM_006806.5	1410	1182.29	2187.43	83.2629
NM_006807.5	2403	2175.29	276.194	5.71398
NM_006808.3	564	339.768	4283.67	567.382
NM_006809.5	1973	1745.29	2550.67	65.77
NM_006810.4	1844	1616.29	3195.62	88.9769
NM_006811.4	4396	4168.29	7109.26	76.7553
NM_006812.4	2682	2454.29	2547.47	46.7117
NM_006813.3	2092	1864.29	1152.15	27.8124
NM_006814.5	8154	7926.29	3236.69	18.377
NM_006815.4	2544	2316.29	18495.8	359.354
NM_006816.3	1611	1383.29	5672	184.529
NM_006817.4	1623	1395.29	2603.5	83.972
NM_006818.4	2483	2255.29	510	10.1768
NM_006819.3	2140	1912.29	9523.16	224.114
NM_006820.4	5829	5601.29	19.3585	0.155534
NM_006821.6	1622	1394.29	551.82	17.8109
NM_006822.3	3829	3601.29	97.7387	1.22138
NM_006823.4	3962	3734.29	1013.86	12.2183
NM_006824.3	1352	1124.29	4040.33	161.726
NM_006825.4	3121	2893.29	34815	541.522
NM_006826.4	2196	1968.29	28284	646.686
NM_006827.6	4109	3881.29	14842	172.091
NM_006828.4	8111	7883.29	5341.12	30.4906
NM_006829.3	627	401.259	457.624	51.3247
NM_006830.4	1299	1071.29	2403	100.946
NM_006831.3	1828	1600.29	726	20.4164
NM_006832.3	3286	3058.29	9429.4	138.755
NM_006833.5	1404	1176.29	4145	158.581
NM_006834.5	1065	837.293	1929	103.68
NM_006835.3	2759	2531.29	9138.62	162.473
NM_006836.2	8681	8453.29	8126	43.2607
NM_006837.3	1296	1068.29	2030	85.5161
NM_006838.4	3400	3172.29	5102.27	72.3823
NM_006839.3	2689	2461.29	1378.89	25.2121
NM_006840.5	3218	2990.29	0	0
NM_006841.6	2953	2725.29	0	0
NM_006842.3	3272	3044.29	9024.68	133.41
NM_006843.3	1605	1377.29	1	0.032675
NM_006844.5	2305	2077.29	1119.11	24.2447
NM_006845.4	2862	2634.29	5825.37	99.5181
NM_006846.4	3651	3423.29	0	0
NM_006848.3	963	735.293	4647	284.416
NM_006849.4	1686	1458.29	0	0
NM_006850.3	1976	1748.29	11.3076	0.291071
NM_006851.3	5812	5584.29	6920.95	55.775
NM_006852.6	5640	5412.29	246.714	2.05142
NM_006853.3	1145	917.293	0	0
NM_006854.4	2786	2558.29	23206.3	408.224
NM_006855.4	1694	1466.29	5253.55	161.24
NM_006856.3	6660	6432.29	1404.92	9.82945
NM_006857.3	1425	1197.29	1770.85	66.5614
NM_006858.4	1633	1405.29	1466.27	46.9557
NM_006859.4	3572	3344.29	190.981	2.56997
NM_006860.5	1070	842.293	0	0
NM_006861.7	2855	2627.29	4161.11	71.276
NM_006862.4	2292	2064.29	0.00248355	5.41432e-05
NM_006863.4	3232	3004.29	0	0
NM_006864.4	2742	2514.29	0	0
NM_006865.5	1604	1376.29	0	0
NM_006866.4	4971	4743.29	3.00146	0.028477
NM_006867.4	3080	2852.29	20.2354	0.319271
NM_006868.4	3919	3691.29	8240	100.459
NM_006869.4	2349	2121.29	36.8921	0.782662
NM_006870.4	3405	3177.29	12126.5	171.76
NM_006871.4	1872	1644.29	246	6.73284
NM_006872.5	1618	1390.29	0	0
NM_006873.4	5529	5301.29	430.146	3.65154
NM_006874.5	3354	3126.29	235.247	3.38638
NM_006875.4	2075	1847.29	81	1.97329
NM_006876.3	2007	1779.29	678	17.1484
NM_006877.4	1508	1280.29	30	1.05452
NM_006883.2	1951	1723.29	1.20888	0.0315694
NM_006884.3	3161	2933.29	267.605	4.10564
NM_006885.4	15817	15589.3	889.644	2.56822
NM_006886.4	3610	3382.29	2702.4	35.9567
NM_006887.5	3693	3465.29	3675	47.7265
NM_006888.6	4203	3975.29	15617.8	176.805
NM_006889.5	2840	2612.29	0	0
NM_006890.5	2396	2168.29	0	0
NM_006891.4	642	416.014	0	0
NM_006892.4	4336	4108.29	6.33251	0.0693676
NM_006893.3	2011	1783.29	1249.63	31.5356
NM_006894.6	2042	1814.29	0	0
NM_006895.3	3132	2904.29	303.821	4.70781
NM_006896.4	2016	1788.29	315.832	7.94804
NM_006897.3	1474	1246.29	550	19.8603
NM_006898.5	2449	2221.29	29.4567	0.596788
NM_006899.5	1542	1314.29	1614.29	55.2755
NM_006900.4	686	459.134	0	0
NM_006901.4	12478	12250.3	128.76	0.473016
NM_006902.5	4133	3905.29	10372	119.523
NM_006903.4	1595	1367.29	76.496	2.51779
NM_006904.7	13459	13231.3	15362.4	52.2516
NM_006905.3	2272	2044.29	9.74729	0.214577
NM_006906.2	3091	2863.29	0	0
NM_006907.4	2269	2041.29	209.333	4.61504
NM_006908.5	2309	2081.29	15036.5	325.129
NM_006909.3	8482	8254.29	0	0
NM_006910.5	6858	6630.29	1702.49	11.5556
NM_006911.4	1009	781.293	0	0
NM_006912.6	3390	3162.29	888.391	12.6428
NM_006913.4	1117	889.293	964.983	48.8334
NM_006914.4	9581	9353.29	0	0
NM_006915.3	3700	3472.29	2176	28.2023
NM_006916.3	3154	2926.29	0.0231766	0.000356429
NM_006917.5	1966	1738.29	0	0
NM_006918.5	6854	6626.29	1194.96	8.11565
NM_006919.3	1707	1479.29	17.25	0.52478
NM_006920.6	13079	12851.3	0	0
NM_006922.4	9102	8874.29	0	0
NM_006923.4	1309	1081.29	848.831	35.3281
NM_006924.5	5343	5115.29	12271.6	107.962
NM_006925.5	1492	1264.29	1738.96	61.8991
NM_006927.4	7920	7692.29	2334.72	13.6591
NM_006928.5	2178	1950.29	0	0
NM_006929.5	3795	3567.29	1702.33	21.4758
NM_006930.4	2616	2388.29	4942.92	93.1403
NM_006931.3	3827	3599.29	4143.89	51.8123
NM_006932.5	3131	2903.29	2.57652	0.0399379
NM_006933.7	11566	11338.3	4816.52	19.1174
NM_006934.4	3051	2823.29	0	0
NM_006936.3	1740	1512.29	6993.24	208.106
NM_006937.4	3166	2938.29	8646.11	132.424
NM_006938.4	4858	4630.29	3084.67	29.9808
NM_006939.4	5508	5280.29	1197.69	10.2077
NM_006940.6	7076	6848.29	0	0
NM_006941.4	2885	2657.29	4	0.0677427
NM_006942.2	1320	1092.29	22	0.906412
NM_006943.4	4673	4445.29	2792	28.2655
NM_006944.3	1021	793.293	0	0
NM_006945.5	677	450.406	0	0
NM_006946.4	11136	10908.3	0	0
NM_006947.4	3855	3627.29	8878.22	110.15
NM_006948.5	3945	3717.29	5347	64.733
NM_006949.4	1885	1657.29	249.638	6.77881
NM_006950.3	3210	2982.29	28.3841	0.428318
NM_006951.5	3259	3031.29	562.049	8.34427
NM_006952.4	2028	1800.29	8	0.199981
NM_006953.4	1084	856.293	0	0
NM_006954.2	6116	5888.29	191.558	1.46404
NM_006955.3	5982	5754.29	4.65093	0.0363739
NM_006956.3	4961	4733.29	0	0
NM_006958.3	2522	2294.29	139.419	2.73474
NM_006959.3	2673	2445.29	87.5077	1.61049
NM_006961.4	3206	2978.29	78.3554	1.18398
NM_006962.2	3593	3365.29	4.17859	0.055879
NM_006963.5	2103	1875.29	1058	25.3898
NM_006965.4	6256	6028.29	620.159	4.62968
NM_006969.5	4558	4330.29	82.0615	0.852834
NM_006973.3	1159	931.293	412.111	19.9145
NM_006974.3	6081	5853.29	308.201	2.36961
NM_006977.5	10365	10137.3	142.403	0.632178
NM_006978.3	1259	1031.29	355	15.4913
NM_006979.3	2413	2185.29	5991.11	123.379
NM_006980.5	3941	3713.29	284.449	3.44736
NM_006981.4	5604	5376.29	92	0.7701
NM_006982.3	1332	1104.29	57	2.32291
NM_006983.2	1248	1020.29	22.1339	0.976283
NM_006984.5	2466	2238.29	3.38538e-05	6.80663e-07
NM_006985.4	1084	856.293	308.269	16.2013
NM_006986.4	2723	2495.29	12679.3	228.674
NM_006987.4	2719	2491.29	0	0
NM_006988.5	5183	4955.29	32405	294.296
NM_006989.6	5604	5376.29	0	0
NM_006990.5	5681	5453.29	8507.47	70.2076
NM_006991.5	7530	7302.29	180.905	1.1149
NM_006992.4	1228	1000.29	32.9769	1.48363
NM_006993.3	910	682.293	914	60.2861
NM_006994.5	2970	2742.29	308.309	5.05958
NM_006995.5	3583	3355.29	116.736	1.56573
NM_006996.3	3612	3384.29	440.537	5.85811
NM_006997.4	3862	3634.29	0	0
NM_006998.4	1468	1240.29	0	0
NM_006999.6	5030	4802.29	1269.39	11.8957
NM_007000.4	1265	1037.29	1	0.0433851
NM_007001.3	1623	1395.29	358.901	11.5758
NM_007002.4	1379	1151.29	1248.79	48.8143
NM_007003.4	790	562.487	0	0
NM_007005.6	4886	4658.29	105.875	1.02284
NM_007006.3	4393	4165.29	5707	61.6602
NM_007007.3	6584	6356.29	1914.95	13.558
NM_007008.3	1719	1491.29	13.2116	0.39869
NM_007009.3	1195	967.293	0	0
NM_007010.5	6383	6155.29	1730.88	12.6549
NM_007011.8	8822	8594.29	0	0
NM_007013.4	4877	4649.29	1173.97	11.3635
NM_007014.5	4540	4312.29	542.671	5.66332
NM_007015.3	1455	1227.29	0	0
NM_007017.3	2790	2562.29	3.22632	0.0566658
NM_007018.6	7719	7491.29	0	0
NM_007019.4	777	549.487	5350.31	438.191
NM_007021.4	2120	1892.29	134	3.18683
NM_007022.5	1208	980.293	187.132	8.59083
NM_007023.4	4301	4073.29	0	0
NM_007024.5	2107	1879.29	2628.62	62.947
NM_007026.4	1474	1246.29	2076.77	74.9913
NM_007027.4	5761	5533.29	2466.94	20.0639
NM_007028.5	2027	1799.29	0	0
NM_007029.4	1903	1675.29	1800.24	48.3596
NM_007030.3	5979	5751.29	1.11441e-05	8.72012e-08
NM_007031.2	1900	1672.29	9.08094	0.244377
NM_007032.5	4753	4525.29	5691.77	56.6034
NM_007033.5	3028	2800.29	7456.02	119.825
NM_007034.5	2903	2675.29	4223.46	71.046
NM_007035.4	2203	1975.29	0	0
NM_007036.5	2096	1868.29	1869.44	45.0306
NM_007037.6	3628	3400.29	0	0
NM_007038.5	9621	9393.29	2293.75	10.9893
NM_007039.4	6443	6215.29	1597.25	11.5652
NM_007040.6	3925	3697.29	7845.14	95.4902
NM_007041.4	4895	4667.29	703.774	6.78594
NM_007042.6	3266	3038.29	616.726	9.13492
NM_007043.7	10104	9876.29	2902.7	13.2267
NM_007044.4	1898	1670.29	763.066	20.5595
NM_007045.4	13956	13728.3	456.041	1.49496
NM_007046.4	3890	3662.29	13956	171.494
NM_007047.5	3776	3548.29	356.724	4.52434
NM_007048.6	3388	3160.29	153.412	2.18461
NM_007049.5	2890	2662.29	1488.25	25.1571
NM_007050.6	12622	12394.3	0	0
NM_007051.3	6821	6593.29	2301.66	15.7101
NM_007052.5	2543	2315.29	0	0
NM_007053.4	1580	1352.29	2.12413	0.0706889
NM_007054.7	6230	6002.29	167.596	1.25658
NM_007055.4	6610	6382.29	2623.72	18.5005
NM_007056.3	2229	2001.29	874.22	19.6586
NM_007057.4	1857	1629.29	2832.51	78.2374
NM_007058.4	2718	2490.29	0	0
NM_007059.4	1636	1408.29	196.595	6.28233
NM_007062.3	2549	2321.29	4176.07	80.9618
NM_007064.5	10889	10661.3	0	0
NM_007065.4	1618	1390.29	11832	382.996
NM_007066.5	1101	873.293	366.31	18.8769
NM_007067.5	9514	9286.29	1593.69	7.72334
NM_007068.4	2269	2041.29	46.4056	1.02307
NM_007069.3	1395	1167.29	78.1954	3.01469
NM_007072.4	2666	2438.29	0	0
NM_007073.4	5469	5241.29	36.6166	0.3144
NM_007074.4	1623	1395.29	69	2.22549
NM_007075.4	1943	1715.29	105.646	2.77176
NM_007076.3	3255	3027.29	671	9.97494
NM_007077.5	1610	1382.29	12.6983	0.413416
NM_007078.3	5363	5135.29	0	0
NM_007079.3	2710	2482.29	1.69933	0.0308083
NM_007080.3	2226	1998.29	507.574	11.4309
NM_007081.4	2146	1918.29	13.6437	0.320081
NM_007082.5	1094	866.293	0	0
NM_007083.5	1227	999.293	136.145	6.1313
NM_007084.4	2924	2696.29	0	0
NM_007085.5	5682	5454.29	146495	1208.72
NM_007086.4	6019	5791.29	2416.28	18.7765
NM_007088.4	1360	1132.29	0	0
NM_007096.4	1168	940.293	0	0
NM_007097.5	1139	911.293	17.4629	0.862385
NM_007098.4	5518	5290.29	17.4987	0.148857
NM_007099.4	1474	1246.29	519.618	18.7632
NM_007100.4	303	119.67	1380.49	519.145
NM_007101.4	3379	3151.29	0	0
NM_007102.3	604	378.687	0	0
NM_007103.4	1560	1332.29	3496.04	118.092
NM_007104.5	718	490.852	17596	1613.27
NM_007106.4	4317	4089.29	6511.48	71.6595
NM_007107.5	4236	4008.29	25655.2	288.044
NM_007108.4	974	746.293	1402.66	84.5834
NM_007109.3	3243	3015.29	925.797	13.8175
NM_007110.5	10775	10547.3	360.769	1.53932
NM_007111.5	2639	2411.29	5803.21	108.308
NM_007112.5	3145	2917.29	727.935	11.2294
NM_007113.4	6985	6757.29	13	0.0865791
NM_007114.3	6879	6651.29	3556.36	24.0626
NM_007115.4	1422	1194.29	239.852	9.03804
NM_007117.5	1560	1332.29	1524	51.4787
NM_007118.4	11460	11232.3	1306.77	5.2357
NM_007120.3	2431	2203.29	0	0
NM_007121.7	2416	2188.29	2835.07	58.3043
NM_007122.5	1807	1579.29	900.449	25.6589
NM_007123.6	6372	6144.29	0	0
NM_007124.3	12918	12690.3	6402.88	22.7063
NM_007125.4	6526	6298.29	0	0
NM_007126.5	3746	3518.29	23344.5	298.603
NM_007127.3	6500	6272.29	0	0
NM_007128.4	644	417.93	0	0
NM_007129.5	2963	2735.29	1	0.0164527
NM_007130.4	5017	4789.29	23.5455	0.221248
NM_007131.5	5611	5383.29	95.1975	0.795829
NM_007134.1	3346	3118.29	82.5307	1.19108
NM_007135.3	2078	1850.29	39.7717	0.967332
NM_007136.4	2948	2720.29	0	0
NM_007137.5	11230	11002.3	354.159	1.44863
NM_007138.2	3744	3516.29	87.0762	1.11444
NM_007139.4	3038	2810.29	112.556	1.80244
NM_007144.3	2634	2406.29	133.289	2.4928
NM_007145.3	3347	3119.29	1206.36	17.4045
NM_007146.3	4630	4402.29	2171.45	22.198
NM_007147.4	6552	6324.29	826.403	5.88061
NM_007148.5	3174	2946.29	49	0.748449
NM_007149.3	3084	2856.29	99.9757	1.57519
NM_007150.3	4344	4116.29	0.00126082	1.37844e-05
NM_007152.5	2971	2743.29	163.573	2.68338
NM_007153.3	9088	8860.29	24.3679	0.123769
NM_007155.6	1477	1249.29	0	0
NM_007156.5	5029	4801.29	131.266	1.23037
NM_007157.4	5467	5239.29	456.734	3.92313
NM_007158.6	4004	3776.29	21883	260.785
NM_007159.5	6189	5961.29	0	0
NM_007160.4	3061	2833.29	5	0.0794183
NM_007161.3	653	426.803	0	0
NM_007162.3	2354	2126.29	5.31755	0.112546
NM_007163.4	4073	3845.29	5.24604	0.0613966
NM_007165.5	1619	1391.29	3090	99.9498
NM_007166.4	4134	3906.29	5.78859	0.0666884
NM_007167.4	5122	4894.29	855.628	7.86751
NM_007168.4	5721	5493.29	0	0
NM_007169.3	1023	795.293	3.23906	0.183288
NM_007170.3	3071	2843.29	77	1.21874
NM_007171.4	3123	2895.29	0	0
NM_007172.4	5151	4923.29	7311.46	66.8329
NM_007173.6	3713	3485.29	7348.16	94.8815
NM_007174.3	8610	8382.29	8.70277	0.0467237
NM_007175.8	5387	5159.29	2688.88	23.4544
NM_007176.4	2320	2092.29	472.814	10.1697
NM_007177.4	3092	2864.29	0	0
NM_007178.4	1874	1646.29	9364	255.974
NM_007179.3	724	496.802	0	0
NM_007180.3	2748	2520.29	3.47412	0.062035
NM_007181.6	2729	2501.29	0	0
NM_007182.5	1847	1619.29	644.137	17.9017
NM_007183.4	2817	2589.29	84.3796	1.46656
NM_007184.4	5139	4911.29	1168.25	10.7049
NM_007185.7	5582	5354.29	0	0
NM_007186.6	15434	15206.3	0	0
NM_007187.5	2388	2160.29	1535	31.977
NM_007188.5	4656	4428.29	1410.2	14.3314
NM_007189.3	4527	4299.29	2324.27	24.3294
NM_007190.4	7148	6920.29	1114.43	7.24723
NM_007191.5	1977	1749.29	3	0.0771793
NM_007192.4	4433	4205.29	9773.79	104.594
NM_007193.5	1441	1213.29	146	5.41539
NM_007194.4	1844	1616.29	198.26	5.52023
NM_007195.3	6020	5792.29	0.00257459	2.00032e-05
NM_007196.4	915	687.293	0	0
NM_007197.4	3277	3049.29	0	0
NM_007198.4	2507	2279.29	978.699	19.3237
NM_007199.3	8328	8100.29	669.193	3.71786
NM_007200.5	13327	13099.3	1173.19	4.03054
NM_007202.4	4063	3835.29	1183.94	13.8922
NM_007203.5	7618	7390.29	0	0
NM_007204.5	3600	3372.29	1333	17.7888
NM_007207.6	2589	2361.29	817.965	15.5893
NM_007208.4	1708	1480.29	4872	148.116
NM_007209.4	452	236.066	13400	2554.54
NM_007210.4	5307	5079.29	0	0
NM_007211.5	2664	2436.29	36.8155	0.680054
NM_007212.4	3407	3179.29	1400.74	19.8275
NM_007213.3	1260	1032.29	2236	97.479
NM_007214.5	6430	6202.29	7718.2	56.0023
NM_007215.4	1582	1354.29	219.38	7.29
NM_007216.4	4683	4455.29	414.597	4.18786
NM_007217.4	2133	1905.29	0	0
NM_007218.4	3199	2971.29	1339.04	20.2811
NM_007219.5	7620	7392.29	267.479	1.62837
NM_007220.4	6837	6609.29	414.188	2.82023
NM_007221.4	1068	840.293	1171.68	62.751
NM_007222.5	4899	4671.29	2240.76	21.5874
NM_007223.3	3912	3684.29	4383.14	53.5394
NM_007224.4	1805	1577.29	326	9.30138
NM_007225.4	5635	5407.29	33	0.274648
NM_007226.3	2709	2481.29	0	0
NM_007227.3	1725	1497.29	0	0
NM_007229.3	3292	3064.29	55.0734	0.808824
NM_007231.5	4536	4308.29	0	0
NM_007232.3	2692	2464.29	0	0
NM_007234.5	828	600.427	1748.88	131.082
NM_007235.6	6370	6142.29	11526.1	84.4487
NM_007236.5	3201	2973.29	2716.78	41.1205
NM_007237.5	3244	3016.29	0	0
NM_007238.5	5690	5462.29	408.34	3.36426
NM_007240.3	1330	1102.29	592.482	24.1891
NM_007241.4	2044	1816.29	2168.53	53.7306
NM_007242.7	3275	3047.29	862.135	12.7322
NM_007243.3	1753	1525.29	62.4389	1.84223
NM_007244.3	563	338.802	17.3553	2.30531
NM_007245.4	4456	4228.29	1665.32	17.7245
NM_007246.4	3185	2957.29	1002.6	15.2572
NM_007247.6	8141	7913.29	57.2703	0.325697
NM_007248.5	1318	1090.29	0	0
NM_007249.5	10832	10604.3	159.236	0.675773
NM_007250.5	9096	8868.29	0	0
NM_007252.4	6234	6006.29	0	0
NM_007253.4	2908	2680.29	3	0.0503711
NM_007254.4	1731	1503.29	1280	38.3185
NM_007255.3	1698	1470.29	730.49	22.359
NM_007256.5	4374	4146.29	0	0
NM_007257.6	4730	4502.29	409.427	4.09247
NM_007259.5	2328	2100.29	1412.86	30.2734
NM_007260.3	1635	1407.29	1247.2	39.8836
NM_007261.4	1638	1410.29	0	0
NM_007262.5	1127	899.293	2603.38	130.28
NM_007263.4	1131	903.293	3766.35	187.644
NM_007264.4	3411	3183.29	0	0
NM_007265.3	3006	2778.29	852.628	13.811
NM_007266.4	2445	2217.29	1834.11	37.2259
NM_007267.7	2835	2607.29	0	0
NM_007268.3	1807	1579.29	0	0
NM_007269.4	2489	2261.29	1992	39.6438
NM_007270.5	3424	3196.29	17155.3	241.543
NM_007271.4	3585	3357.29	1180.09	15.8186
NM_007272.3	3482	3254.29	0	0
NM_007274.4	1806	1578.29	1028.62	29.3299
NM_007275.3	1669	1441.29	602	18.7969
NM_007276.5	2098	1870.29	1472.86	35.4401
NM_007277.5	2801	2573.29	2012.68	35.1989
NM_007278.2	1319	1091.29	4678.42	192.93
NM_007279.3	2146	1918.29	989.762	23.2198
NM_007280.2	1201	973.293	614.545	28.4153
NM_007281.4	4000	3772.29	509.542	6.07879
NM_007282.4	2965	2737.29	125.283	2.05974
NM_007283.7	4271	4043.29	4460.89	49.6511
NM_007284.4	1614	1386.29	2466	80.0535
NM_007285.7	974	746.293	1793	108.122
NM_007286.6	5359	5131.29	850.192	7.45646
NM_007287.4	5640	5412.29	2577.61	21.4328
NM_007288.3	5818	5590.29	250.883	2.01966
NM_007289.4	5656	5428.29	2180.35	18.0761
NM_007292.6	7317	7089.29	412.014	2.61548
NM_007293.3	5427	5199.29	0	0
NM_007294.4	7088	6860.29	448.764	2.94386
NM_007297.4	7028	6800.29	0	0
NM_007298.4	3865	3637.29	36.8637	0.456104
NM_007299.4	3696	3468.29	18.388	0.238594
NM_007300.4	7151	6923.29	0	0
NM_007308.3	3312	3084.29	0	0
NM_007309.4	3601	3373.29	533.688	7.11993
NM_007310.3	2029	1801.29	0	0
NM_007313.3	6719	6491.29	2571.53	17.828
NM_007314.4	12217	11989.3	12.4121	0.04659
NM_007315.4	4116	3888.29	6314.62	73.0854
NM_007317.3	2081	1853.29	3979.14	96.6246
NM_007318.3	6006	5778.29	1317.2	10.2588
NM_007320.3	3029	2801.29	1178.06	18.9257
NM_007322.3	3233	3005.29	420.953	6.3036
NM_007324.5	4971	4743.29	0	0
NM_007325.5	5148	4920.29	489.02	4.47278
NM_007326.4	2922	2694.29	2.91568e-06	4.8701e-08
NM_007327.4	4379	4151.29	0	0
NM_007328.4	1382	1154.29	0	0
NM_007329.3	7597	7369.29	0	0
NM_007331.2	5138	4910.29	758.952	6.95584
NM_007332.3	5191	4963.29	47.3392	0.429233
NM_007333.2	843	615.427	0	0
NM_007334.3	15470	15242.3	0	0
NM_007335.4	6899	6671.29	0	0
NM_007337.4	6775	6547.29	7.31631	0.050289
NM_007341.3	1109	881.293	20.337	1.0385
NM_007342.3	1571	1343.29	568.348	19.0408
NM_007343.4	804	576.487	263.203	20.5468
NM_007344.4	3143	2915.29	831.921	12.8423
NM_007345.4	10698	10470.3	84.2998	0.362335
NM_007346.4	2410	2182.29	2710	55.8854
NM_007347.5	6743	6515.29	1524.76	10.532
NM_007348.4	7470	7242.29	2077	12.9063
NM_007349.4	3864	3636.29	659.811	8.16588
NM_007350.3	5913	5685.29	10323.2	81.7157
NM_007351.3	5001	4773.29	0	0
NM_007352.4	906	678.293	0	0
NM_007353.3	4369	4141.29	4678.11	50.8367
NM_007355.4	2555	2327.29	41842.1	809.104
NM_007356.3	5861	5633.29	0	0
NM_007357.3	2932	2704.29	904.513	15.0523
NM_007358.4	4075	3847.29	650.512	7.60926
NM_007359.5	3890	3662.29	3671.78	45.1197
NM_007360.4	1576	1348.29	0	0
NM_007361.4	4870	4642.29	4212.78	40.8394
NM_007362.5	2101	1873.29	3028.11	72.7458
NM_007363.5	2661	2433.29	13383.9	247.531
NM_007364.4	1418	1190.29	4670.45	176.582
NM_007365.3	4361	4133.29	0	0
NM_007366.5	14376	14148.3	0.605842	0.00192707
NM_007367.4	6165	5937.29	604.564	4.58243
NM_007368.4	4203	3975.29	6416.28	72.6367
NM_007370.7	2104	1876.29	1081.98	25.9513
NM_007371.4	5661	5433.29	1597.65	13.2331
NM_007372.3	4032	3804.29	789.904	9.34421
NM_007373.4	3884	3656.29	3117.67	38.3735
NM_007374.3	2592	2364.29	0	0
NM_007375.4	4185	3957.29	7237.42	82.3053
NM_009585.4	2240	2012.29	151.416	3.38627
NM_009586.5	3396	3168.29	0	0
NM_009587.3	1724	1496.29	0	0
NM_009588.1	848	620.427	1	0.0725356
NM_009589.5	2182	1954.29	33.446	0.770188
NM_009590.4	2677	2449.29	11.083	0.203638
NM_012062.5	4514	4286.29	1079.46	11.3336
NM_012063.4	4436	4208.29	1198.57	12.8174
NM_012064.4	2614	2386.29	0	0
NM_012067.3	1215	987.293	6.20694	0.282926
NM_012068.6	2070	1842.29	383.546	9.36917
NM_012069.5	4745	4517.29	2.12739	0.0211939
NM_012071.4	926	698.293	1011.34	65.1784
NM_012072.4	6681	6453.29	59.0198	0.411584
NM_012073.5	3293	3065.29	18117.8	265.996
NM_012074.5	4055	3827.29	79.0258	0.929222
NM_012079.6	3653	3425.29	789.747	10.3761
NM_012080.5	2103	1875.29	907.505	21.7782
NM_012081.6	5826	5598.29	11685.7	93.9377
NM_012082.4	4961	4733.29	510.76	4.85619
NM_012083.3	2233	2005.29	235	5.2739
NM_012084.4	2485	2257.29	11.9841	0.238925
NM_012086.5	4261	4033.29	1585.59	17.6919
NM_012087.4	2098	1870.29	1495	35.9727
NM_012088.3	1008	780.293	1617.56	93.292
NM_012089.3	3869	3641.29	1681.04	20.7762
NM_012090.5	17701	17473.3	2918.94	7.51784
NM_012091.5	4984	4756.29	775.466	7.33731
NM_012092.4	2630	2402.29	0	0
NM_012093.4	3448	3220.29	17.3748	0.24281
NM_012094.5	860	632.427	3882.19	276.254
NM_012095.6	4889	4661.29	1457.14	14.0682
NM_012096.3	6069	5841.29	3155.69	24.3124
NM_012097.4	5264	5036.29	3172.77	28.3511
NM_012098.3	3443	3215.29	2991.59	41.8721
NM_012099.3	2822	2594.29	530.666	9.20544
NM_012100.4	3825	3597.29	1154.56	14.4438
NM_012101.4	2977	2749.29	0	0
NM_012102.4	8194	7966.29	104.58	0.590793
NM_012104.6	5835	5607.29	8488.39	68.1262
NM_012105.5	8567	8339.29	1425.16	7.69088
NM_012106.4	1969	1741.29	3604.26	93.1507
NM_012108.4	1951	1723.29	0	0
NM_012109.3	1621	1393.29	176	5.68476
NM_012110.4	1109	881.293	842.187	43.0061
NM_012111.3	1337	1109.29	3732.59	151.428
NM_012112.5	3473	3245.29	16261.3	225.498
NM_012113.3	1788	1560.29	0.400178	0.0115422
NM_012114.3	3145	2917.29	0	0
NM_012115.4	6831	6603.29	230.68	1.57214
NM_012116.4	1576	1348.29	0	0
NM_012117.3	11546	11318.3	7989.43	31.7671
NM_012118.4	1962	1734.29	286	7.4214
NM_012119.5	2086	1858.29	20.9275	0.506811
NM_012120.3	5412	5184.29	1409.41	12.2346
NM_012121.5	3098	2870.29	2909.55	45.6186
NM_012123.4	10698	10470.3	521.042	2.23953
NM_012124.3	3070	2842.29	1221.77	19.3448
NM_012125.4	5802	5574.29	0	0
NM_012127.3	2871	2643.29	0.17618	0.00299952
NM_012128.4	3211	2983.29	0	0
NM_012129.5	3490	3262.29	1115.29	15.3854
NM_012130.4	1257	1029.29	83.6937	3.65928
NM_012131.3	1241	1013.29	0	0
NM_012133.6	3134	2906.29	910.896	14.105
NM_012134.3	3927	3699.29	214	2.60338
NM_012135.3	1643	1415.29	287	9.12594
NM_012137.4	3939	3711.29	1973.75	23.9336
NM_012138.4	2062	1834.29	2296.96	56.3542
NM_012139.4	1451	1223.29	92.3289	3.39664
NM_012140.5	1942	1714.29	591.32	15.5232
NM_012141.3	7350	7122.29	1648.46	10.416
NM_012142.5	3515	3287.29	1400.38	19.1712
NM_012143.4	3539	3311.29	1828.84	24.8554
NM_012144.4	2529	2301.29	0.9992	0.0195399
NM_012145.4	1051	823.293	2650.73	144.895
NM_012151.4	1707	1479.29	1633.16	49.6841
NM_012152.3	3515	3287.29	3	0.04107
NM_012153.6	5399	5171.29	0	0
NM_012154.5	14595	14367.3	2861.54	8.96327
NM_012155.4	2234	2006.29	667.219	14.9664
NM_012156.2	6276	6048.29	0	0
NM_012157.5	3827	3599.29	95.2856	1.19139
NM_012158.4	3506	3278.29	3617.28	49.6566
NM_012160.5	7940	7712.29	268.363	1.56596
NM_012161.4	3488	3260.29	2336.64	32.2535
NM_012162.4	1745	1517.29	474.546	14.0751
NM_012164.4	9142	8914.29	1264.68	6.38462
NM_012166.3	4702	4474.29	521.483	5.24515
NM_012168.6	1287	1059.29	4	0.169936
NM_012170.4	1698	1470.29	335.004	10.2539
NM_012171.3	2484	2256.29	22.9838	0.458425
NM_012172.5	2103	1875.29	0	0
NM_012173.4	10306	10078.3	70.0103	0.31262
NM_012174.2	4663	4435.29	538.878	5.46778
NM_012175.4	2403	2175.29	921.693	19.0682
NM_012176.3	1655	1427.29	322.986	10.1839
NM_012177.5	2054	1826.29	2298.22	56.6323
NM_012179.4	2060	1832.29	2654.77	65.2039
NM_012180.3	1980	1752.29	928.465	23.8452
NM_012181.5	1761	1533.29	5678.66	166.672
NM_012182.3	2871	2643.29	0	0
NM_012183.3	2562	2334.29	0	0
NM_012184.5	2486	2258.29	1.00016	0.019931
NM_012186.3	1768	1540.29	0	0
NM_012188.5	2321	2093.29	0	0
NM_012189.4	2262	2034.29	62.2425	1.37694
NM_012190.4	3064	2836.29	0	0
NM_012191.4	1319	1091.29	44.4483	1.83297
NM_012192.4	2788	2560.29	1095.36	19.2535
NM_012193.4	7387	7159.29	916.853	5.76331
NM_012194.3	12933	12705.3	424.208	1.50257
NM_012197.4	4986	4758.29	629.405	5.9528
NM_012198.5	3651	3423.29	14.9863	0.197012
NM_012199.5	13712	13484.3	646.815	2.15871
NM_012200.4	1452	1224.29	993.2	36.5085
NM_012201.6	8248	8020.29	271.432	1.52305
NM_012202.5	864	636.427	5	0.35356
NM_012203.2	1250	1022.29	1989.9	87.5989
NM_012204.4	8612	8384.29	2441.57	13.1052
NM_012205.3	1256	1028.29	1	0.0437648
NM_012206.3	1713	1485.29	0	0
NM_012207.3	2356	2128.29	3421.12	72.3401
NM_012208.4	2468	2240.29	1428.1	28.6877
NM_012210.4	3715	3487.29	507.855	6.55381
NM_012212.3	1249	1021.29	966.551	42.5909
NM_012213.3	13054	12826.3	248.821	0.873027
NM_012214.3	8388	8160.29	0	0
NM_012215.5	5174	4946.29	3712.68	33.7793
NM_012216.4	7333	7105.29	32.5928	0.206434
NM_012217.3	1573	1345.29	0	0
NM_012218.4	6005	5777.29	2929.8	22.8221
NM_012219.4	4609	4381.29	209.308	2.14994
NM_012222.3	1891	1663.29	0	0
NM_012223.5	4895	4667.29	3978.15	38.3582
NM_012224.4	6090	5862.29	17.0821	0.131134
NM_012225.4	1349	1121.29	1186.65	47.626
NM_012226.5	1657	1429.29	0	0
NM_012227.4	1875	1647.29	1692	46.2245
NM_012228.4	1730	1502.29	439.992	13.1805
NM_012229.5	3479	3251.29	278.194	3.85065
NM_012230.5	1528	1300.29	666.616	23.0716
NM_012231.5	9058	8830.29	0.468481	0.00238759
NM_012232.6	3570	3342.29	68679.7	924.754
NM_012233.3	4891	4663.29	2683.53	25.8974
NM_012234.7	4662	4434.29	1992	20.2166
NM_012235.4	4254	4026.29	301.881	3.37421
NM_012236.4	3442	3214.29	37.6788	0.527539
NM_012237.4	1862	1634.29	213.246	5.87209
NM_012238.5	4107	3879.29	1668.18	19.3523
NM_012239.6	2882	2654.29	58.8319	0.997486
NM_012240.3	1217	989.293	12.5907	0.572752
NM_012241.5	4564	4336.29	17.3906	0.180484
NM_012242.4	1805	1577.29	24298	693.267
NM_012243.3	14321	14093.3	198.623	0.634247
NM_012244.4	4236	4008.29	2263.76	25.4164
NM_012245.3	2129	1901.29	2819.12	66.7278
NM_012247.5	3265	3037.29	2067.67	30.6364
NM_012248.4	2244	2016.29	2109	47.0723
NM_012249.4	4780	4552.29	3439.08	33.9981
NM_012250.6	2343	2115.29	4848.55	103.154
NM_012252.4	6646	6418.29	0	0
NM_012253.4	2518	2290.29	0	0
NM_012254.3	2292	2064.29	0	0
NM_012255.5	3408	3180.29	5952.57	84.2325
NM_012256.4	2807	2579.29	452.784	7.90011
NM_012257.4	2834	2606.29	670.748	11.5819
NM_012258.4	2197	1969.29	24	0.548458
NM_012259.3	2626	2398.29	0	0
NM_012260.4	2009	1781.29	388.514	9.81552
NM_012261.4	1810	1582.29	0	0
NM_012262.4	6759	6531.29	1821.49	12.5507
NM_012263.5	1736	1508.29	232.051	6.92371
NM_012264.5	3587	3359.29	4228.5	56.6475
NM_012265.3	1777	1549.29	161.995	4.70555
NM_012266.6	2809	2581.29	1127.58	19.6587
NM_012267.5	1635	1407.29	1086.09	34.7314
NM_012268.4	2137	1909.29	3442.77	81.148
NM_012269.3	2410	2182.29	0	0
NM_012272.3	3660	3432.29	4.05391	0.0531535
NM_012274.2	536	313.414	0	0
NM_012275.3	2606	2378.29	2	0.0378449
NM_012276.5	1956	1728.29	0	0
NM_012278.4	1280	1052.29	5.96984	0.25531
NM_012279.4	4314	4086.29	151.051	1.66355
NM_012280.4	1899	1671.29	1674.01	45.0762
NM_012281.3	5830	5602.29	246	1.97611
NM_012282.4	1473	1245.29	9	0.325247
NM_012283.2	1876	1648.29	7	0.19112
NM_012284.3	4023	3795.29	0.76265	0.0090432
NM_012285.3	3788	3560.29	1	0.0126403
NM_012286.3	1866	1638.29	3313.59	91.0226
NM_012287.6	7093	6865.29	2777.61	18.2077
NM_012288.4	7047	6819.29	13944.2	92.0228
NM_012289.4	2524	2296.29	1640.52	32.1512
NM_012290.5	5723	5495.29	1719.59	14.0824
NM_012291.5	6618	6390.29	1415.1	9.96571
NM_012292.5	4272	4044.29	13.3917	0.149017
NM_012293.3	6817	6589.29	22827.6	155.906
NM_012294.5	6916	6688.29	38.8311	0.26128
NM_012295.4	7233	7005.29	1161.04	7.45867
NM_012296.4	6095	5867.29	0	0
NM_012297.5	4256	4028.29	17.4957	0.195457
NM_012298.3	4222	3994.29	15.2884	0.172252
NM_012300.3	4343	4115.29	28.0757	0.307024
NM_012301.4	6975	6747.29	6.7786e-07	4.52119e-09
NM_012302.5	7236	7008.29	14.2123	0.0912632
NM_012304.5	4580	4352.29	1035.29	10.705
NM_012305.4	4587	4359.29	2712.93	28.0069
NM_012306.4	4667	4439.29	76	0.770446
NM_012307.5	4459	4231.29	0	0
NM_012308.3	7386	7158.29	3425.61	21.5363
NM_012309.5	10830	10602.3	0	0
NM_012310.5	4388	4160.29	4972.98	53.7941
NM_012311.4	6360	6132.29	233.997	1.71724
NM_012312.5	1596	1368.29	0	0
NM_012313.2	1161	933.293	0	0
NM_012314.6	1605	1377.29	0	0
NM_012315.2	1401	1173.29	0	0
NM_012316.5	7355	7127.29	3894.19	24.5887
NM_012317.4	3895	3667.29	1322	16.2229
NM_012318.3	5371	5143.29	2420.36	21.1778
NM_012319.4	3566	3338.29	7785.64	104.957
NM_012320.4	2694	2466.29	1134.64	20.7041
NM_012321.5	1704	1476.29	3290.33	100.302
NM_012322.3	2214	1986.29	1147.22	25.9923
NM_012323.4	2374	2146.29	2502.5	52.472
NM_012324.6	5700	5472.29	16.0095	0.131659
NM_012325.3	2562	2334.29	10119.3	195.091
NM_012326.4	1890	1662.29	230.085	6.22908
NM_012327.6	7859	7631.29	119.793	0.70644
NM_012328.3	2409	2181.29	1049	21.6423
NM_012329.3	2569	2341.29	919.683	17.6777
NM_012330.4	8314	8086.29	237.355	1.32097
NM_012331.5	1512	1284.29	62.6327	2.19472
NM_012333.5	2532	2304.29	1365.97	26.6776
NM_012334.3	11442	11214.3	15394.4	61.7777
NM_012335.4	4180	3952.29	0	0
NM_012336.4	3814	3586.29	332.047	4.16673
NM_012337.3	1844	1616.29	53	1.4757
NM_012338.4	2585	2357.29	17.6713	0.337363
NM_012339.5	1703	1475.29	15.9304	0.485948
NM_012340.5	7519	7291.29	0	0
NM_012341.3	4656	4428.29	4438.76	45.1095
NM_012342.3	1691	1463.29	352	10.8256
NM_012343.4	6522	6294.29	427.716	3.05809
NM_012344.4	1600	1372.29	0	0
NM_012345.3	3480	3252.29	483.36	6.68842
NM_012346.5	3215	2987.29	251.455	3.78813
NM_012347.4	4438	4210.29	0	0
NM_012351.3	1246	1018.29	0	0
NM_012352.3	930	702.293	0	0
NM_012353.3	3719	3491.29	0	0
NM_012360.3	2409	2181.29	0	0
NM_012363.1	936	708.293	5	0.317687
NM_012364.1	945	717.293	5	0.313701
NM_012365.2	8681	8453.29	6.08225	0.0323803
NM_012367.1	942	714.293	1	0.0630036
NM_012368.3	1418	1190.29	0	0
NM_012369.3	4829	4601.29	0	0
NM_012373.3	3800	3572.29	0	0
NM_012374.2	5020	4792.29	0	0
NM_012375.3	6178	5950.29	0	0
NM_012377.1	960	732.293	0	0
NM_012378.2	3914	3686.29	0	0
NM_012381.4	2498	2270.29	689.524	13.6681
NM_012382.3	5497	5269.29	639	5.45746
NM_012383.5	1348	1120.29	1873.23	75.2493
NM_012384.5	4280	4052.29	975.471	10.8332
NM_012385.3	5291	5063.29	1030.29	9.15732
NM_012387.3	2267	2039.29	0	0
NM_012388.4	3778	3550.29	2258.51	28.6286
NM_012390.4	666	439.629	0	0
NM_012391.3	1910	1682.29	0	0
NM_012392.4	1614	1386.29	1577.12	51.1979
NM_012393.3	5369	5141.29	2191.12	19.1795
NM_012394.4	598	372.913	2220.09	267.92
NM_012395.3	4970	4742.29	16.5516	0.15707
NM_012396.5	2749	2521.29	3286.42	58.6601
NM_012397.4	3130	2902.29	0	0
NM_012398.3	5069	4841.29	398.771	3.70685
NM_012399.5	2914	2686.29	6094.4	102.099
NM_012400.4	2651	2423.29	0	0
NM_012401.4	6409	6181.29	1904.82	13.8681
NM_012402.5	1723	1495.29	407.686	12.2699
NM_012404.3	1064	836.293	0	0
NM_012405.4	4795	4567.29	11164.4	110.006
NM_012406.4	4182	3954.29	2000.89	22.7717
NM_012407.4	2058	1830.29	41.7264	1.02596
NM_012408.6	5059	4831.29	249.354	2.32271
NM_012409.4	3981	3753.29	0	0
NM_012410.4	3633	3405.29	0	0
NM_012411.6	3442	3214.29	0	0
NM_012412.5	3026	2798.29	2842.13	45.7081
NM_012413.4	1683	1455.29	246.638	7.62697
NM_012414.4	7256	7028.29	2395.7	15.34
NM_012415.3	3074	2846.29	739.954	11.6995
NM_012416.4	4600	4372.29	1725.42	17.7594
NM_012417.4	6241	6013.29	149.216	1.11672
NM_012418.4	1684	1456.29	0	0
NM_012419.5	7932	7704.29	120.404	0.703314
NM_012420.3	4029	3801.29	1404.71	16.6302
NM_012421.4	6232	6004.29	1557.18	11.6713
NM_012423.4	1127	899.293	43894.6	2196.6
NM_012424.6	5505	5277.29	1287.05	10.9756
NM_012425.4	3730	3502.29	4776.4	61.3749
NM_012426.5	9692	9464.29	9977.19	47.4419
NM_012427.5	1513	1285.29	0	0
NM_012428.4	2420	2192.29	0	0
NM_012429.5	4207	3979.29	683.133	7.72576
NM_012430.5	3401	3173.29	844.169	11.9719
NM_012431.3	7273	7045.29	46.0477	0.294138
NM_012432.4	4412	4184.29	56.397	0.606564
NM_012433.4	6463	6235.29	6146.82	44.3645
NM_012434.5	3292	3064.29	977.28	14.3526
NM_012435.3	2525	2297.29	5	0.0979481
NM_012437.6	1003	775.293	732.967	42.5462
NM_012443.4	2568	2340.29	0	0
NM_012444.3	1789	1561.29	0	0
NM_012445.4	1579	1351.29	1013.67	33.7589
NM_012446.5	8841	8613.29	339.231	1.77243
NM_012447.4	4196	3968.29	0	0
NM_012448.4	5079	4851.29	1405.66	13.0396
NM_012449.3	1219	991.293	1696.21	77.0053
NM_012450.4	2903	2675.29	0	0
NM_012451.4	1042	814.293	0	0
NM_012452.3	1391	1163.29	0	0
NM_012453.4	4344	4116.29	2024.04	22.1287
NM_012454.4	6094	5866.29	267.045	2.04863
NM_012455.3	11342	11114.3	758.669	3.07194
NM_012456.3	668	441.629	843.977	86.0033
NM_012458.4	1664	1436.29	3252.79	101.919
NM_012459.4	780	552.487	865.188	70.4743
NM_012460.4	1252	1024.29	679.476	29.8533
NM_012461.3	2182	1954.29	1264.9	29.128
NM_012463.4	6507	6279.29	796.927	5.7115
NM_012464.5	7291	7063.29	1	0.0063714
NM_012465.4	6769	6541.29	70.0762	0.482113
NM_012466.4	1028	800.293	0	0
NM_012467.4	1119	891.293	0	0
NM_012469.4	3047	2819.29	3802.99	60.7054
NM_012470.4	4345	4117.29	3764.79	41.1501
NM_012471.3	12143	11915.3	0.999999	0.00377692
NM_012472.6	3343	3115.29	29.6842	0.428814
NM_012473.4	1336	1108.29	2236.94	90.8326
NM_012474.5	4801	4573.29	2438.34	23.9943
NM_012475.5	2174	1946.29	373.014	8.62499
NM_012476.3	1161	933.293	17.4523	0.841543
NM_012477.4	1175	947.293	637.964	30.3078
NM_012478.4	1859	1631.29	1224.23	33.7733
NM_012479.4	3705	3477.29	16667	215.704
NM_012481.5	9788	9560.29	0	0
NM_012482.5	4860	4632.29	1820.29	17.6843
NM_012483.4	1021	793.293	0	0
NM_012484.3	3013	2785.29	216.883	3.50426
NM_012485.3	2968	2740.29	2134.46	35.0536
NM_012486.3	2246	2018.29	41.3217	0.921376
NM_013227.4	8846	8618.29	200.316	1.04601
NM_013229.3	7168	6940.29	31.0563	0.201379
NM_013230.3	2513	2285.29	6.40138	0.126059
NM_013231.6	33681	33453.3	1173.72	1.57895
NM_013232.4	1110	882.293	1345.76	68.6431
NM_013233.3	3272	3044.29	1920.07	28.384
NM_013234.4	772	544.487	3098.69	256.114
NM_013235.5	5340	5112.29	2010.75	17.7005
NM_013236.4	3294	3066.29	5019.99	73.6769
NM_013237.4	1226	998.293	6397.73	288.41
NM_013238.3	7459	7231.29	2998	18.6577
NM_013239.5	2378	2150.29	297.935	6.23542
NM_013240.6	4861	4633.29	152.093	1.47727
NM_013241.3	3813	3585.29	3753.76	47.1177
NM_013242.3	1281	1053.29	1131.24	48.3336
NM_013243.4	3160	2932.29	0	0
NM_013244.5	25622	25394.3	0	0
NM_013245.3	4106	3878.29	4619.79	53.6073
NM_013246.3	1705	1477.29	837.73	25.5199
NM_013247.5	1785	1557.29	864.579	24.9849
NM_013248.3	1062	834.293	693	37.3815
NM_013249.4	4892	4664.29	36.9469	0.356479
NM_013250.4	3655	3427.29	101.219	1.32909
NM_013251.4	804	576.487	0	0
NM_013252.3	3502	3274.29	0	0
NM_013253.5	2672	2444.29	4027.14	74.1456
NM_013254.4	3022	2794.29	1457.1	23.4672
NM_013255.5	11136	10908.3	1652.1	6.8159
NM_013256.7	4332	4104.29	19.8281	0.217412
NM_013257.5	4168	3940.29	0	0
NM_013258.5	757	529.648	164.379	13.9669
NM_013259.3	1303	1075.29	30.2407	1.26563
NM_013260.8	2500	2272.29	2006.72	39.7435
NM_013261.5	6288	6060.29	0	0
NM_013262.4	3072	2844.29	143.598	2.27204
NM_013263.5	5424	5196.29	2018.4	17.4806
NM_013264.5	7424	7196.29	6.46342	0.0404199
NM_013265.4	2661	2433.29	2319.42	42.8971
NM_013266.4	10696	10468.3	0	0
NM_013267.4	2387	2159.29	0	0
NM_013268.3	600	374.838	0	0
NM_013269.6	5277	5049.29	0	0
NM_013270.5	1332	1104.29	0	0
NM_013271.5	1025	797.293	3	0.169334
NM_013272.4	5102	4874.29	734.897	6.78511
NM_013274.4	2718	2490.29	31.7312	0.573427
NM_013275.6	9301	9073.29	3566.19	17.6881
NM_013276.4	3788	3560.29	1263.38	15.9694
NM_013277.5	3285	3057.29	17.2418	0.253798
NM_013278.4	1060	832.293	0	0
NM_013279.4	5757	5529.29	1.35326e-07	1.10142e-09
NM_013280.5	4170	3942.29	13.4417	0.153443
NM_013281.4	4783	4555.29	41	0.405051
NM_013282.5	4252	4024.29	124.027	1.38697
NM_013283.5	2064	1836.29	3035.02	74.3809
NM_013284.4	2806	2578.29	370.913	6.47414
NM_013285.3	2350	2122.29	4686.95	99.3865
NM_013286.5	6624	6396.29	3911.14	27.518
NM_013289.4	1871	1643.29	0	0
NM_013290.7	1319	1091.29	16.0636	0.662434
NM_013291.3	4480	4252.29	2353.88	24.9118
NM_013292.5	657	430.76	2	0.208947
NM_013293.5	1785	1557.29	1787.8	51.6644
NM_013296.5	7152	6924.29	0.000185529	1.20581e-06
NM_013299.4	1261	1033.29	846.542	36.8695
NM_013300.3	1101	873.293	782.766	40.338
NM_013301.2	1993	1765.29	9.4149	0.240016
NM_013302.5	7398	7170.29	1711.08	10.7393
NM_013304.3	2317	2089.29	23.1691	0.499059
NM_013305.6	13897	13669.3	7.00143	0.0230506
NM_013306.5	1908	1680.29	566.781	15.18
NM_013308.4	1810	1582.29	0	0
NM_013309.6	7110	6882.29	462.489	3.0242
NM_013312.3	2542	2314.29	53.605	1.04239
NM_013313.5	4297	4069.29	12.9702	0.14344
NM_013314.4	4344	4116.29	0	0
NM_013316.4	3316	3088.29	236.393	3.44475
NM_013318.4	11238	11010.3	0.0248767	0.00010168
NM_013319.3	3654	3426.29	717.436	9.42325
NM_013320.3	5660	5432.29	1368.67	11.3386
NM_013321.4	4704	4476.29	1821.26	18.3103
NM_013322.3	2665	2437.29	7	0.129251
NM_013323.3	2992	2764.29	590.74	9.61733
NM_013324.7	2176	1948.29	0	0
NM_013325.5	2797	2569.29	1149.76	20.1389
NM_013326.5	2200	1972.29	793.288	18.101
NM_013327.5	5394	5166.29	2197.92	19.1459
NM_013328.4	1680	1452.29	1644.61	50.9625
NM_013329.4	2705	2477.29	131.348	2.38609
NM_013330.5	1472	1244.29	440.674	15.9381
NM_013332.4	1364	1136.29	512.296	20.2896
NM_013333.4	16141	15913.3	296.327	0.838019
NM_013334.4	1642	1414.29	849.029	27.0163
NM_013335.4	1522	1294.29	1141.62	39.6944
NM_013336.4	3568	3340.29	30531.3	411.342
NM_013337.4	3182	2954.29	1421.35	21.6516
NM_013338.5	1219	991.293	1157.83	52.5634
NM_013339.4	3325	3097.29	693	10.0692
NM_013340.4	7973	7745.29	5.70848	0.0331684
NM_013341.5	4251	4023.29	3476.41	38.8859
NM_013342.4	1180	952.293	507.859	24.0002
NM_013345.4	3654	3426.29	0	0
NM_013346.4	2286	2058.29	2505.9	54.7897
NM_013347.4	1560	1332.29	4	0.135115
NM_013348.4	3854	3626.29	24.7122	0.306684
NM_013349.5	916	688.293	1010.06	66.0416
NM_013351.2	2583	2355.29	5	0.0955361
NM_013352.4	10621	10393.3	3140.71	13.5993
NM_013353.3	1232	1004.29	3.6387	0.163053
NM_013354.7	6890	6662.29	1336.79	9.02985
NM_013355.5	3393	3165.29	92.1677	1.31041
NM_013356.3	2291	2063.29	16	0.348981
NM_013357.2	1972	1744.29	2	0.0516004
NM_013358.3	3846	3618.29	0	0
NM_013359.3	2552	2324.29	0	0
NM_013360.3	1582	1354.29	0	0
NM_013361.6	2399	2171.29	87.3804	1.81108
NM_013362.4	4447	4219.29	115.14	1.22808
NM_013363.4	1896	1668.29	3926	105.906
NM_013364.6	3682	3454.29	0	0
NM_013365.5	2800	2572.29	898.208	15.7144
NM_013366.4	2655	2427.29	1284.72	23.8192
NM_013367.3	2635	2407.29	1165.3	21.7847
NM_013368.4	1515	1287.29	24.5089	0.856818
NM_013369.4	1387	1159.29	0	0
NM_013371.5	1677	1449.29	0	0
NM_013372.7	14575	14347.3	5138.4	16.1176
NM_013373.4	5049	4821.29	2475.38	23.1058
NM_013374.6	5884	5656.29	8959.5	71.2843
NM_013375.4	2943	2715.29	1040	17.2369
NM_013376.4	2084	1856.29	1283.61	31.1191
NM_013377.4	3398	3170.29	0	0
NM_013378.3	567	342.699	2	0.262639
NM_013379.3	1601	1373.29	1089.26	35.6954
NM_013380.4	3660	3432.29	229	3.00257
NM_013381.3	11047	10819.3	1136.92	4.72906
NM_013382.7	4875	4647.29	621.385	6.01732
NM_013385.5	3077	2849.29	5.99934	0.0947564
NM_013386.5	4249	4021.29	4622.03	51.7261
NM_013387.4	916	688.293	986.435	64.4966
NM_013388.6	2127	1899.29	1906.27	45.1685
NM_013389.3	5063	4835.29	0	0
NM_013390.3	6152	5924.29	3146.14	23.8992
NM_013391.3	3173	2945.29	10.5041	0.160499
NM_013392.4	2176	1948.29	2909.74	67.2114
NM_013393.3	1704	1476.29	1369	41.7324
NM_013396.6	5169	4941.29	1337.26	12.1792
NM_013397.6	1706	1478.29	109	3.31824
NM_013398.5	3951	3723.29	132.947	1.60692
NM_013399.3	2706	2478.29	526.394	9.55874
NM_013400.4	3255	3027.29	21.0395	0.312769
NM_013401.4	2325	2097.29	613.879	13.1724
NM_013402.7	4364	4136.29	1108.45	12.06
NM_013403.3	3176	2948.29	3225.3	49.2314
NM_013404.4	2154	1926.29	0	0
NM_013406.3	1204	976.293	19.948	0.919521
NM_013409.3	2299	2071.29	2275.07	49.4305
NM_013410.4	6845	6617.29	3656.17	24.865
NM_013411.5	3643	3415.29	2634.21	34.7108
NM_013412.4	2138	1910.29	0	0
NM_013416.4	1623	1395.29	0	0
NM_013417.4	4653	4425.29	3839.67	39.0476
NM_013421.3	2558	2330.29	8.5984	0.166054
NM_013423.3	3963	3735.29	0	0
NM_013427.3	5336	5108.29	37.0591	0.326483
NM_013430.3	2354	2126.29	25.161	0.532534
NM_013431.2	928	700.293	0	0
NM_013432.5	4531	4303.29	994.125	10.3964
NM_013433.5	4866	4638.29	617.992	5.99608
NM_013434.5	2891	2663.29	0	0
NM_013435.3	3255	3027.29	0	0
NM_013436.5	20332	20104.3	12704.7	28.4392
NM_013437.5	4378	4150.29	2465.34	26.7326
NM_013438.5	3868	3640.29	7608.39	94.0587
NM_013439.3	1271	1043.29	0	0
NM_013441.4	6863	6635.29	807.621	5.47759
NM_013442.3	1365	1137.29	3103.16	122.793
NM_013443.5	2410	2182.29	928.014	19.1374
NM_013444.4	4242	4014.29	2228	24.9775
NM_013445.4	1058	830.293	1	0.0542014
NM_013446.4	3094	2866.29	1766.87	27.7413
NM_013447.4	6791	6563.29	36.4798	0.250134
NM_013448.3	5729	5501.29	3579.75	29.284
NM_013449.4	8914	8686.29	470.96	2.44001
NM_013450.4	8145	7917.29	0	0
NM_013451.4	6860	6632.29	22718.6	154.156
NM_013452.3	967	739.293	0	0
NM_013453.3	418	206.92	0	0
NM_013936.4	1496	1268.29	0	0
NM_013937.4	2438	2210.29	1.23136	0.0250713
NM_013938.2	1029	801.293	0	0
NM_013939.2	1029	801.293	0	0
NM_013940.4	4376	4148.29	20.0086	0.217065
NM_013941.4	1672	1444.29	0	0
NM_013942.5	1092	864.293	0	0
NM_013943.3	4253	4025.29	52018	581.565
NM_013945.3	2414	2186.29	0	0
NM_013952.4	3976	3748.29	18.8229	0.225993
NM_013953.4	3745	3517.29	10.6412	0.136152
NM_013955.3	2396	2168.29	0	0
NM_013956.5	11998	11770.3	248.192	0.94895
NM_013957.5	11974	11746.3	0	0
NM_013958.4	1599	1371.29	367.464	12.0594
NM_013959.4	1977	1749.29	0	0
NM_013960.5	12125	11897.3	553.319	2.093
NM_013962.3	2166	1938.29	0	0
NM_013964.5	11983	11755.3	1371.33	5.24989
NM_013974.3	1332	1104.29	764.133	31.1406
NM_013975.4	8382	8154.29	192.023	1.05976
NM_013976.5	1590	1362.29	22.5606	0.745285
NM_013978.3	1066	838.293	12.0867	0.648867
NM_013979.3	1297	1069.29	34.3093	1.44397
NM_013980.3	1195	967.293	0.000687005	3.19627e-05
NM_013981.4	3901	3673.29	7.98464	0.0978233
NM_013982.3	3943	3715.29	1.35815e-06	1.64511e-08
NM_013983.3	3925	3697.29	0.00105843	1.28831e-05
NM_013986.4	2415	2187.29	11.6331	0.239348
NM_013987.3	4094	3866.29	0	0
NM_013988.3	3731	3503.29	0	0
NM_013989.5	6017	5789.29	2.93231e-08	2.27943e-10
NM_013992.4	3643	3415.29	0	0
NM_013993.3	3892	3664.29	164.958	2.02594
NM_013994.3	3854	3626.29	0	0
NM_013995.2	4076	3848.29	5975.35	69.8775
NM_013996.3	1007	779.293	0	0
NM_013997.3	1016	788.293	0	0
NM_013998.3	962	734.293	0	0
NM_013999.4	2501	2273.29	0	0
NM_014000.3	5497	5269.29	12536.2	107.067
NM_014001.5	3772	3544.29	126.306	1.60375
NM_014002.4	3240	3012.29	209.149	3.12465
NM_014003.4	4323	4095.29	3667.69	40.3042
NM_014004.3	4151	3923.29	9.41134	0.107955
NM_014005.4	6388	6160.29	5.93147	0.0433315
NM_014007.4	5940	5712.29	505.776	3.98464
NM_014008.5	2310	2082.29	512.393	11.074
NM_014009.4	2264	2036.29	0	0
NM_014010.5	6725	6497.29	30.8752	0.213855
NM_014011.5	4786	4558.29	257.321	2.54048
NM_014012.6	1660	1432.29	2	0.0628406
NM_014014.5	7194	6966.29	10219.9	66.0221
NM_014015.4	1569	1341.29	1019.41	34.2031
NM_014016.5	3574	3346.29	1361.89	18.3155
NM_014017.4	621	395.338	743.267	84.6093
NM_014018.3	838	610.427	940	69.3005
NM_014020.4	1416	1188.29	0	0
NM_014021.4	5802	5574.29	3.55987	0.02874
NM_014023.4	5137	4909.29	1102.7	10.1084
NM_014026.6	5427	5199.29	1059.57	9.17122
NM_014028.4	4471	4243.29	1126.31	11.9453
NM_014030.4	3783	3555.29	690.819	8.74442
NM_014031.5	2638	2410.29	2	0.0373424
NM_014033.4	3117	2889.29	393.901	6.13533
NM_014034.3	2434	2206.29	954.388	19.4672
NM_014035.4	1987	1759.29	623.522	15.9498
NM_014037.3	2904	2676.29	0	0
NM_014038.3	1804	1576.29	2429.53	69.363
NM_014039.4	4013	3785.29	0.0210037	0.000249711
NM_014041.5	3786	3558.29	2897.16	36.6414
NM_014042.3	801	573.487	591.085	46.3841
NM_014043.4	2590	2362.29	1495.42	28.4887
NM_014044.7	1133	905.293	901.91	44.8349
NM_014045.5	6892	6664.29	9783.86	66.0691
NM_014046.4	1398	1170.29	1730.86	66.5594
NM_014047.3	897	669.361	2807	188.723
NM_014048.4	8684	8456.29	33.5034	0.1783
NM_014049.5	2445	2217.29	1221.15	24.785
NM_014050.4	15557	15329.3	1398.48	4.10561
NM_014051.4	988	760.293	649	38.4154
NM_014053.4	5919	5691.29	254.344	2.01119
NM_014055.4	3124	2896.29	256.565	3.98655
NM_014056.4	2722	2494.29	4196.29	75.7113
NM_014057.5	3407	3179.29	136.145	1.92715
NM_014058.4	2122	1894.29	0	0
NM_014059.3	958	730.293	14.7782	0.910682
NM_014060.3	9577	9349.29	1663.19	8.00583
NM_014061.5	1440	1212.29	876	32.5191
NM_014062.3	1716	1488.29	1783.3	53.9235
NM_014063.7	9872	9644.29	1239.59	5.78427
NM_014064.4	1530	1302.29	1193.23	41.2343
NM_014065.4	2687	2459.29	212.931	3.89647
NM_014066.4	1430	1202.29	371.158	13.8928
NM_014067.4	1257	1029.29	175.891	7.69034
NM_014068.3	939	711.293	1	0.0632694
NM_014069.3	868	640.427	1	0.0702704
NM_014070.3	1156	928.293	0	0
NM_014071.5	7083	6855.29	1215.33	7.97833
NM_014077.4	1463	1235.29	2853	103.938
NM_014078.6	1260	1032.29	1353	58.9844
NM_014079.4	2540	2312.29	35	0.681189
NM_014080.5	6361	6133.29	0.5	0.00366875
NM_014089.4	4236	4008.29	3860.94	43.3487
NM_014096.4	2795	2567.29	70.4497	1.23494
NM_014106.4	5439	5211.29	2354.29	20.3309
NM_014109.4	5547	5319.29	5481.62	46.3764
NM_014110.5	2340	2112.29	2221.67	47.3334
NM_014112.5	9964	9736.29	207.147	0.957474
NM_014117.3	5952	5724.29	3108.53	24.4386
NM_014138.5	2237	2009.29	0	0
NM_014139.3	6505	6277.29	0	0
NM_014140.4	3201	2973.29	838.268	12.6878
NM_014141.6	9454	9226.29	2.2264	0.0108597
NM_014142.4	3195	2967.29	2148	32.5774
NM_014143.4	3634	3406.29	200.926	2.65458
NM_014145.5	1666	1438.29	254.72	7.96999
NM_014146.4	1753	1525.29	31.5541	0.930988
NM_014149.4	4580	4352.29	333.805	3.45157
NM_014153.4	3805	3577.29	3337.1	41.9814
NM_014154.4	3236	3008.29	114.382	1.71112
NM_014155.5	9547	9319.29	480.549	2.32058
NM_014157.4	5272	5044.29	83.0375	0.740826
NM_014159.7	8541	8313.29	2374.88	12.8561
NM_014160.5	2775	2547.29	1749.83	30.9143
NM_014161.5	970	742.293	2118.32	128.428
NM_014164.6	878	650.427	5436.79	376.172
NM_014165.4	2407	2179.29	585	12.0804
NM_014166.4	2254	2026.29	1332.34	29.5907
NM_014167.5	1585	1357.29	1046.51	34.6986
NM_014168.4	1001	773.293	152.553	8.87807
NM_014169.5	980	752.293	773	46.2418
NM_014170.4	1921	1693.29	484.482	12.8762
NM_014171.6	6323	6095.29	923.118	6.81561
NM_014172.6	577	352.35	1298.1	165.797
NM_014173.4	1377	1149.29	1473.83	57.7112
NM_014174.3	1304	1076.29	106.223	4.4415
NM_014175.4	1729	1501.29	2376	71.2235
NM_014176.4	878	650.427	1617.55	111.918
NM_014177.3	3084	2856.29	1583.62	24.9512
NM_014178.9	4861	4633.29	33.2949	0.323393
NM_014180.4	3173	2945.29	904.199	13.8159
NM_014181.3	3856	3628.29	61	0.756606
NM_014182.5	2019	1791.29	888.45	22.3207
NM_014183.4	662	435.717	1446.38	149.39
NM_014184.4	4096	3868.29	1140.11	13.2639
NM_014186.4	2949	2721.29	1149.57	19.0108
NM_014187.4	776	548.487	930.328	76.333
NM_014188.3	1284	1056.29	3017	128.538
NM_014189.4	4047	3819.29	1865.67	21.9834
NM_014190.4	3988	3760.29	414.306	4.9584
NM_014191.4	11559	11331.3	2.0017e-06	7.94992e-09
NM_014203.3	3423	3195.29	92.7956	1.30695
NM_014205.4	1299	1071.29	297	12.4764
NM_014206.4	578	353.315	1648	209.912
NM_014207.4	3127	2899.29	0	0
NM_014208.3	4331	4103.29	1	0.0109676
NM_014209.4	1487	1259.29	0	0
NM_014210.4	2742	2514.29	192.527	3.44602
NM_014211.3	3304	3076.29	0	0
NM_014212.4	3261	3033.29	5	0.0741819
NM_014213.4	1871	1643.29	252	6.90125
NM_014214.3	1449	1221.29	464	17.0978
NM_014215.3	5200	4972.29	8	0.0724062
NM_014216.6	6188	5960.29	1593.97	12.0352
NM_014217.4	3751	3523.29	2349.78	30.0138
NM_014218.3	1614	1386.29	0	0
NM_014219.3	1614	1386.29	0	0
NM_014220.3	1555	1327.29	13447	455.931
NM_014222.3	804	576.487	1184	92.4282
NM_014223.5	1955	1727.29	815.05	21.2354
NM_014224.5	1382	1154.29	2.74433	0.106995
NM_014225.6	5352	5124.29	10267.2	90.1699
NM_014226.3	1909	1681.29	0	0
NM_014227.3	2048	1820.29	0	0
NM_014228.5	3625	3397.29	1.55713e-07	2.06269e-09
NM_014229.3	4249	4021.29	0	0
NM_014230.4	2831	2603.29	4820.95	83.3398
NM_014231.5	2736	2508.29	0	0
NM_014232.3	2126	1898.29	910.651	21.5889
NM_014233.4	4795	4567.29	2838.67	27.9704
NM_014234.5	977	749.293	19	1.14115
NM_014235.5	2327	2099.29	1919	41.1381
NM_014236.4	2641	2413.29	1911	35.6364
NM_014237.3	2400	2172.29	0	0
NM_014238.2	7280	7052.29	16.5996	0.105928
NM_014239.4	4304	4076.29	1435.06	15.8433
NM_014240.3	11442	11214.3	1183.76	4.75043
NM_014241.4	2234	2006.29	374.326	8.3965
NM_014243.3	6244	6016.29	177.661	1.32894
NM_014244.5	6783	6555.29	15146.3	103.982
NM_014245.5	2669	2441.29	1774.57	32.7127
NM_014246.4	11499	11271.3	34.9759	0.139649
NM_014247.5	6881	6653.29	0	0
NM_014248.4	1169	941.293	2224	106.329
NM_014249.4	1992	1764.29	4	0.102031
NM_014251.3	3141	2913.29	1053.64	16.2761
NM_014252.4	3821	3593.29	1044.85	13.0859
NM_014253.3	12886	12658.3	0	0
NM_014254.3	1854	1626.29	636.239	17.6061
NM_014255.7	1450	1222.29	2102.61	77.4151
NM_014256.4	2692	2464.29	0.999998	0.018262
NM_014257.5	1841	1613.29	0	0
NM_014258.4	5541	5313.29	0	0
NM_014260.4	593	367.988	248.951	30.4454
NM_014262.5	2631	2403.29	5479	102.598
NM_014263.4	4191	3963.29	7424.78	84.3082
NM_014264.5	3838	3610.29	2266.87	28.257
NM_014265.6	7019	6791.29	0	0
NM_014266.4	564	339.768	3	0.397357
NM_014267.6	3920	3692.29	6825.38	83.1904
NM_014268.4	4212	3984.29	1172.61	13.2448
NM_014269.4	3325	3097.29	0	0
NM_014270.5	1766	1538.29	0	0
NM_014271.4	3615	3387.29	22.2327	0.29538
NM_014272.5	5520	5292.29	941.145	8.00304
NM_014275.5	2365	2137.29	4758.79	100.202
NM_014276.4	2502	2274.29	0	0
NM_014278.4	10608	10380.3	82.5007	0.357676
NM_014279.5	2608	2380.29	266.707	5.0425
NM_014280.3	1763	1535.29	4927.15	144.427
NM_014281.5	1817	1589.29	1353.5	38.3262
NM_014282.4	2651	2423.29	484.362	8.9951
NM_014283.5	5625	5397.29	749.962	6.25324
NM_014284.3	3698	3470.29	719.787	9.33426
NM_014285.7	2012	1784.29	1166.2	29.4137
NM_014286.4	5164	4936.29	4843.67	44.1586
NM_014287.4	4312	4084.29	9628.23	106.089
NM_014288.5	961	733.293	424.688	26.0636
NM_014289.4	3532	3304.29	0	0
NM_014290.3	3688	3460.29	300.997	3.91464
NM_014291.4	1473	1245.29	273.179	9.8723
NM_014292.5	6052	5824.29	4387.43	33.9008
NM_014293.4	5830	5602.29	313.951	2.52196
NM_014294.6	3056	2828.29	13200.4	210.042
NM_014296.3	4348	4120.29	1276.37	13.9409
NM_014297.5	920	692.293	374.828	24.366
NM_014298.6	2200	1972.29	210.432	4.80157
NM_014299.3	4624	4396.29	6.15022	0.0629574
NM_014300.4	1079	851.293	4736.09	250.371
NM_014301.4	2244	2016.29	87.7912	1.95947
NM_014302.4	425	212.877	4414.27	933.198
NM_014303.4	2265	2037.29	4932.08	108.948
NM_014305.4	1797	1569.29	257.463	7.38335
NM_014306.5	2019	1791.29	3494	87.7806
NM_014308.4	4433	4205.29	0	0
NM_014309.4	6809	6581.29	339.737	2.32313
NM_014310.4	3447	3219.29	2363.37	33.0379
NM_014311.3	2684	2456.29	1.56188	0.028616
NM_014312.5	1163	935.293	0	0
NM_014313.4	2266	2038.29	7088.15	156.498
NM_014314.4	4628	4400.29	333.207	3.4078
NM_014315.3	4969	4741.29	122.688	1.16452
NM_014316.4	2709	2481.29	895.436	16.2405
NM_014317.5	1584	1356.29	503.28	16.6993
NM_014319.5	4780	4552.29	2162.82	21.3813
NM_014320.3	10010	9782.29	2168.34	9.97537
NM_014321.4	1615	1387.29	1342.01	43.534
NM_014322.3	2628	2400.29	701.601	13.1543
NM_014323.3	3895	3667.29	73.3989	0.900713
NM_014324.6	4108	3880.29	660.733	7.66309
NM_014325.4	3814	3586.29	25894.4	324.94
NM_014326.5	2791	2563.29	22.583	0.396484
NM_014328.4	2568	2340.29	97.6664	1.87809
NM_014329.5	4767	4539.29	1996.95	19.798
NM_014330.5	2350	2122.29	3023	64.1025
NM_014331.4	9645	9417.29	603.509	2.88403
NM_014332.3	885	657.427	0	0
NM_014333.4	8588	8360.29	7.13986e-06	3.84335e-08
NM_014334.4	8155	7927.29	1.01532	0.00576397
NM_014335.3	2040	1812.29	10147	251.972
NM_014336.5	2894	2666.29	0	0
NM_014337.4	4068	3840.29	1248.11	14.6262
NM_014338.4	2690	2462.29	201.95	3.69102
NM_014339.7	8566	8338.29	1976.75	10.6688
NM_014341.2	2283	2055.29	1387.64	30.3841
NM_014342.4	2522	2294.29	1863.3	36.549
NM_014343.3	1224	996.293	12.7544	0.576123
NM_014344.4	2406	2178.29	3677	75.9661
NM_014345.3	8210	7982.29	2443.99	13.7789
NM_014346.5	3758	3530.29	614.833	7.8377
NM_014347.3	5054	4826.29	320.195	2.98568
NM_014349.3	2270	2042.29	0	0
NM_014350.4	6976	6748.29	46.5515	0.310443
NM_014351.4	2478	2250.29	1.18202	0.023639
NM_014352.4	3068	2840.29	0	0
NM_014353.5	1674	1446.29	10	0.311162
NM_014357.5	608	382.573	0	0
NM_014358.4	2101	1873.29	0	0
NM_014359.4	1434	1206.29	1	0.0373069
NM_014360.4	1843	1615.29	0	0
NM_014361.4	6499	6271.29	0	0
NM_014362.4	2434	2206.29	486.847	9.93052
NM_014363.6	15635	15407.3	252.964	0.738881
NM_014364.5	1448	1220.29	67	2.47089
NM_014365.3	1861	1633.29	583	16.0637
NM_014366.5	1933	1705.29	4309.14	113.719
NM_014367.4	3052	2824.29	1266.6	20.1824
NM_014368.5	3574	3346.29	0	0
NM_014369.4	3616	3388.29	236.652	3.1432
NM_014370.4	1960	1732.29	12.6275	0.328049
NM_014371.4	2078	1850.29	923.093	22.4516
NM_014372.5	3074	2846.29	5222	82.5657
NM_014373.3	1962	1734.29	5.66763	0.147069
NM_014375.3	1721	1493.29	0	0
NM_014376.4	6639	6411.29	9.34712	0.0656107
NM_014377.3	2291	2063.29	1370.83	29.8997
NM_014379.4	6912	6684.29	9.64988	0.0649694
NM_014380.3	1127	899.293	51.5363	2.57902
NM_014381.3	7748	7520.29	140.551	0.841086
NM_014382.5	4780	4552.29	1984.19	19.6153
NM_014383.3	2037	1809.29	1.78431	0.0443817
NM_014384.3	2176	1948.29	362.632	8.37634
NM_014385.4	1754	1526.29	0	0
NM_014386.4	2214	1986.29	0	0
NM_014387.4	1758	1530.29	29.2159	0.859184
NM_014388.7	8481	8253.29	2738.98	14.935
NM_014389.3	5084	4856.29	2525.21	23.401
NM_014390.4	3448	3220.29	14449.6	201.93
NM_014391.3	1790	1562.29	169	4.86818
NM_014392.5	2279	2051.29	0	0
NM_014393.3	4064	3836.29	588.622	6.90505
NM_014394.3	2382	2154.29	5728	119.658
NM_014395.3	2935	2707.29	0	0
NM_014396.4	5854	5626.29	1107.45	8.85821
NM_014397.6	3468	3240.29	3291.97	45.7208
NM_014398.4	3196	2968.29	9.12169	0.138296
NM_014399.4	1873	1645.29	1669	45.6515
NM_014400.3	1642	1414.29	6	0.190921
NM_014402.5	1573	1345.29	2040.71	68.2662
NM_014405.4	3583	3355.29	0	0
NM_014406.5	2060	1832.29	1	0.0245611
NM_014407.3	1492	1264.29	3.17557	0.113036
NM_014408.5	1282	1054.29	1832.7	78.2299
NM_014409.4	3174	2946.29	476.573	7.2794
NM_014410.6	1837	1609.29	0	0
NM_014412.3	2869	2641.29	5506.07	93.8139
NM_014413.4	4411	4183.29	4634.33	49.8552
NM_014415.4	5657	5429.29	1244.3	10.3139
NM_014417.5	1846	1618.29	64.4601	1.79257
NM_014419.4	939	711.293	0	0
NM_014420.3	896	668.361	0	0
NM_014421.3	3654	3426.29	82	1.07704
NM_014423.4	9536	9308.29	6196.51	29.9584
NM_014424.5	2144	1916.29	3624.35	85.1159
NM_014425.5	4897	4669.29	501.909	4.83745
NM_014426.4	2341	2113.29	926.36	19.7271
NM_014427.5	2667	2439.29	34.1916	0.63081
NM_014429.4	3747	3519.29	0	0
NM_014430.4	2307	2079.29	93.4967	2.02359
NM_014431.3	4610	4382.29	0	0
NM_014432.4	3486	3258.29	5.47925	0.0756787
NM_014433.3	1188	960.293	0	0
NM_014434.4	4817	4589.29	1114.68	10.9307
NM_014435.4	1859	1631.29	235.862	6.5068
NM_014437.5	2442	2214.29	26.7317	0.543292
NM_014438.5	1188	960.293	0	0
NM_014439.4	864	636.427	4.056	0.286808
NM_014440.3	890	662.427	0	0
NM_014441.3	1692	1464.29	0	0
NM_014442.3	2949	2721.29	0	0
NM_014443.3	712	484.852	0	0
NM_014444.5	6812	6584.29	481.713	3.29246
NM_014445.4	3022	2794.29	6383	102.8
NM_014447.4	3311	3083.29	149.305	2.17923
NM_014448.4	2822	2594.29	0	0
NM_014449.2	1493	1265.29	0	0
NM_014450.3	1222	994.293	8	0.362091
NM_014451.4	3876	3648.29	13.2501	0.163445
NM_014452.5	3595	3367.29	96.4573	1.28913
NM_014453.4	894	666.361	1221.97	82.5267
NM_014454.3	5664	5436.29	457.82	3.78996
NM_014455.4	9135	8907.29	1003.2	5.06858
NM_014456.5	3481	3253.29	1717.69	23.7609
NM_014458.4	3414	3186.29	1060.68	14.981
NM_014460.4	2530	2302.29	24	0.46913
NM_014461.4	4074	3846.29	0	0
NM_014462.3	906	678.293	1122.6	74.4815
NM_014463.3	3359	3131.29	2082.21	29.9257
NM_014464.4	1758	1530.29	0	0
NM_014465.4	7018	6790.29	113.281	0.750775
NM_014466.3	1490	1262.29	3	0.106956
NM_014467.3	6646	6418.29	3204.71	22.4705
NM_014468.4	2459	2231.29	3.00078	0.060523
NM_014469.5	2151	1923.29	0	0
NM_014470.4	1653	1425.29	6	0.189448
NM_014471.3	399	191.106	1	0.235487
NM_014472.5	3338	3110.29	318.077	4.60228
NM_014473.4	2831	2603.29	1261.03	21.7994
NM_014474.4	1866	1638.29	1	0.0274695
NM_014475.4	1064	836.293	0	0
NM_014476.6	2802	2574.29	0	0
NM_014477.3	2312	2084.29	7.20772	0.155626
NM_014478.5	2774	2546.29	1395.44	24.663
NM_014479.3	2348	2120.29	0	0
NM_014480.4	3302	3074.29	144.497	2.11522
NM_014481.4	3239	3011.29	915.364	13.6799
NM_014482.3	6036	5808.29	0	0
NM_014483.4	1979	1751.29	27.9755	0.718888
NM_014484.5	5112	4884.29	529.4	4.8778
NM_014485.3	1596	1368.29	0	0
NM_014487.6	1891	1663.29	961.312	26.0099
NM_014488.5	9960	9732.29	116.816	0.54017
NM_014489.4	1963	1735.29	0	0
NM_014491.4	6543	6315.29	12.8899	0.0918543
NM_014494.4	8491	8263.29	0	0
NM_014495.4	2926	2698.29	0	0
NM_014496.5	8465	8237.29	173.937	0.950278
NM_014497.5	6487	6259.29	1738.91	12.5024
NM_014498.5	4310	4082.29	7728.02	85.1934
NM_014499.4	3517	3289.29	0	0
NM_014500.5	2694	2466.29	2333.99	42.5889
NM_014501.3	2559	2331.29	7367.2	142.216
NM_014502.5	2337	2109.29	4055	86.516
NM_014503.3	9031	8803.29	2751.67	14.0667
NM_014504.3	3733	3505.29	1863.99	23.931
NM_014505.6	4717	4489.29	14.4257	0.144611
NM_014506.3	2738	2510.29	1933.3	34.6591
NM_014507.3	1868	1640.29	148.173	4.06529
NM_014508.3	2644	2416.29	2003.97	37.3236
NM_014509.5	1337	1109.29	4.42908	0.179684
NM_014510.3	17101	16873.3	1	0.00266712
NM_014512.1	1101	873.293	0	0
NM_014513.3	1601	1373.29	0	0
NM_014515.7	2844	2616.29	1791.3	30.8124
NM_014516.4	2818	2590.29	1103.51	19.172
NM_014517.5	4175	3947.29	0	0
NM_014518.4	4956	4728.29	35.9058	0.341746
NM_014519.6	1479	1251.29	48.7453	1.75314
NM_014520.4	4558	4330.29	3534.39	36.7316
NM_014521.3	5150	4922.29	7297.21	66.7163
NM_014547.5	8232	8004.29	5674.69	31.9052
NM_014548.4	9150	8922.29	2036.63	10.2726
NM_014550.4	4111	3883.29	1214	14.0689
NM_014551.5	1407	1179.29	426.183	16.2636
NM_014553.3	9287	9059.29	0	0
NM_014555.4	5689	5461.29	0	0
NM_014562.4	2828	2600.29	2	0.0346139
NM_014563.6	2700	2472.29	130.756	2.38015
NM_014564.5	2434	2206.29	0	0
NM_014565.3	4166	3938.29	0	0
NM_014566.1	939	711.293	0	0
NM_014567.5	4085	3857.29	809.13	9.44012
NM_014568.3	10344	10116.3	1804.13	8.0258
NM_014569.4	5182	4954.29	71.3316	0.647951
NM_014570.5	2728	2500.29	3548.93	63.8776
NM_014571.4	4077	3849.29	4	0.046765
NM_014572.3	5546	5318.29	2387.93	20.2065
NM_014573.3	2463	2235.29	1151.71	23.1874
NM_014574.4	3943	3715.29	1327.58	16.0809
NM_014575.4	2626	2398.29	0	0
NM_014576.4	9221	8993.29	0	0
NM_014578.4	1104	876.293	158.645	8.14743
NM_014579.4	1376	1148.29	1	0.0391913
NM_014580.5	2145	1917.29	0	0
NM_014581.4	698	470.947	0	0
NM_014582.3	702	474.947	0	0
NM_014583.4	8284	8056.29	284.108	1.58705
NM_014584.3	5139	4911.29	8244.57	75.5466
NM_014585.6	3330	3102.29	0	0
NM_014586.2	7680	7452.29	53.4101	0.322534
NM_014587.5	3087	2859.29	3	0.0472177
NM_014588.6	1941	1713.29	0	0
NM_014589.3	785	557.487	0	0
NM_014590.4	3045	2817.29	18	0.28753
NM_014591.5	2469	2241.29	0	0
NM_014592.4	2030	1802.29	0	0
NM_014593.4	2320	2092.29	1597.92	34.3696
NM_014594.3	5893	5665.29	643.228	5.10958
NM_014595.3	901	673.361	862.418	57.6384
NM_014596.6	735	507.753	79.1416	7.01447
NM_014597.5	5896	5668.29	3593.53	28.5306
NM_014598.4	8258	8030.29	22.5331	0.126279
NM_014599.6	2081	1853.29	1642.87	39.8935
NM_014600.3	4825	4597.29	1554	15.2122
NM_014601.4	3506	3278.29	20754	284.903
NM_014602.3	5016	4788.29	1755	16.4945
NM_014603.3	3536	3308.29	3011.7	40.9685
NM_014604.4	1280	1052.29	6481.32	277.184
NM_014606.3	4914	4686.29	2062.79	19.8093
NM_014607.4	3771	3543.29	5973.08	75.8636
NM_014608.6	6826	6598.29	5886.49	40.1483
NM_014611.3	18485	18257.3	2032.79	5.0107
NM_014612.5	5160	4932.29	6653.91	60.7114
NM_014613.3	4485	4257.29	3856.06	40.7617
NM_014614.3	7250	7022.29	6293	40.3293
NM_014615.5	7385	7157.29	289.991	1.82338
NM_014616.3	7315	7087.29	2030.49	12.8933
NM_014617.4	622	396.338	0	0
NM_014618.3	3171	2943.29	21	0.321091
NM_014619.5	5815	5587.29	0	0
NM_014620.6	2270	2042.29	266.963	5.88269
NM_014621.3	1136	908.293	214.649	10.6352
NM_014622.5	4185	3957.29	0	0
NM_014623.4	2018	1790.29	270.949	6.81091
NM_014624.4	434	220.399	21330.8	4355.51
NM_014625.4	1870	1642.29	0	0
NM_014626.3	944	716.293	0	0
NM_014628.3	1269	1041.29	676.336	29.2302
NM_014629.4	5648	5420.29	9.8336	0.0816454
NM_014630.3	8187	7959.29	1905.6	10.7746
NM_014631.3	11417	11189.3	0	0
NM_014632.4	3907	3679.29	279.684	3.42094
NM_014633.5	4330	4102.29	3497.18	38.3648
NM_014634.4	5149	4921.29	3325.47	30.41
NM_014636.3	6330	6102.29	0	0
NM_014637.4	2651	2423.29	1697.37	31.522
NM_014638.4	4870	4642.29	0	0
NM_014639.4	5677	5449.29	7139.96	58.9655
NM_014640.5	5007	4779.29	751.077	7.07234
NM_014641.3	6968	6740.29	1231.97	8.22555
NM_014643.4	8678	8450.29	9.47189e-06	5.04437e-08
NM_014644.7	8220	7992.29	0	0
NM_014646.2	6245	6017.29	50.0393	0.374242
NM_014647.4	7730	7502.29	598.701	3.59136
NM_014648.4	5304	5076.29	9.52234	0.0844188
NM_014649.3	3167	2939.29	2652.92	40.6185
NM_014650.4	4637	4409.29	267.526	2.73048
NM_014652.4	3883	3655.29	1650.22	20.3171
NM_014653.4	5082	4854.29	0	0
NM_014654.4	5246	5018.29	1109.31	9.94805
NM_014655.4	3467	3239.29	1011.79	14.0567
NM_014656.3	4548	4320.29	0	0
NM_014657.3	3939	3711.29	71.3805	0.865559
NM_014659.6	5548	5320.29	0.00115392	9.76072e-06
NM_014660.4	10942	10714.3	89.6002	0.376346
NM_014661.4	5759	5531.29	622	5.06065
NM_014662.6	6344	6116.29	0	0
NM_014663.3	4486	4258.29	2038.91	21.5479
NM_014665.4	5337	5109.29	202.546	1.78404
NM_014666.4	3952	3724.29	1627.53	19.6665
NM_014667.4	3519	3291.29	35.0885	0.479779
NM_014668.4	8555	8327.29	0	0
NM_014669.5	8234	8006.29	752.261	4.22843
NM_014670.4	6313	6085.29	0	0
NM_014671.3	5214	4986.29	8710.78	78.618
NM_014672.4	6186	5958.29	47.4919	0.358707
NM_014673.5	3527	3299.29	874.184	11.9241
NM_014674.3	6113	5885.29	4518.96	34.5552
NM_014675.5	6660	6432.29	0	0
NM_014676.3	5379	5151.29	1878.01	16.4068
NM_014677.5	8054	7826.29	0	0
NM_014678.5	4013	3785.29	365.167	4.34145
NM_014679.5	3141	2913.29	1589.49	24.5537
NM_014680.5	7428	7200.29	9581.24	59.8844
NM_014681.6	4338	4110.29	720.185	7.88522
NM_014682.3	6201	5973.29	0	0
NM_014683.4	9149	8921.29	425.555	2.14669
NM_014685.4	2853	2625.29	3760.47	64.4623
NM_014686.5	6680	6452.29	2080.45	14.5106
NM_014687.4	9255	9027.29	534.557	2.66489
NM_014688.5	4709	4481.29	588.596	5.91094
NM_014689.3	7286	7058.29	4095.96	26.1155
NM_014690.5	4270	4042.29	0	0
NM_014691.3	9597	9369.29	2740.35	13.1626
NM_014692.2	6445	6217.29	14.2049	0.10282
NM_014693.4	3468	3240.29	0	0
NM_014694.4	3875	3647.29	3.05664	0.0377152
NM_014695.3	8796	8568.29	0	0
NM_014696.5	9481	9253.29	0	0
NM_014697.3	5016	4788.29	0	0
NM_014698.3	4109	3881.29	475.516	5.51354
NM_014699.4	6892	6664.29	73.1868	0.494221
NM_014700.4	4801	4573.29	609.814	6.00082
NM_014701.4	6924	6696.29	258.173	1.73508
NM_014702.5	8123	7895.29	21.5327	0.122736
NM_014703.3	6014	5786.29	0.234558	0.00182428
NM_014704.4	6431	6203.29	1354.95	9.82976
NM_014705.4	8326	8098.29	372.403	2.06948
NM_014706.4	4154	3926.29	2178.07	24.965
NM_014707.4	4236	4008.29	0	0
NM_014708.6	6974	6746.29	26.9845	0.180008
NM_014709.4	11675	11447.3	6320.97	24.8498
NM_014710.5	5854	5626.29	0.0437367	0.000349837
NM_014711.6	5418	5190.29	355.575	3.08306
NM_014712.3	5991	5763.29	867.454	6.77358
NM_014713.5	1365	1137.29	10549	417.428
NM_014714.4	5232	5004.29	0.0465107	0.000418266
NM_014715.4	9438	9210.29	0	0
NM_014716.4	2511	2283.29	0	0
NM_014717.3	4973	4745.29	0	0
NM_014718.4	4013	3785.29	193.572	2.30137
NM_014719.3	5754	5526.29	337.942	2.75202
NM_014720.4	7827	7599.29	35.5681	0.210635
NM_014721.3	9531	9303.29	0	0
NM_014722.5	5553	5325.29	0	0
NM_014723.4	5016	4788.29	210.58	1.97915
NM_014725.5	4861	4633.29	0	0
NM_014726.2	4150	3922.29	0	0
NM_014727.3	8485	8257.29	2381.01	12.9768
NM_014728.3	8477	8249.29	0	0
NM_014729.3	4076	3848.29	41	0.479466
NM_014730.4	6341	6113.29	11857.6	87.2897
NM_014732.4	7358	7130.29	0.00449494	2.837e-05
NM_014733.6	10751	10523.3	1150.64	4.92074
NM_014734.4	5390	5162.29	986	8.59561
NM_014735.5	4947	4719.29	273.318	2.60636
NM_014736.6	2132	1904.29	2169.86	51.279
NM_014737.3	5390	5162.29	31.4784	0.274418
NM_014738.6	5412	5184.29	301.365	2.61604
NM_014739.3	7494	7266.29	237.539	1.47117
NM_014740.4	2524	2296.29	3946.35	77.3412
NM_014741.5	4034	3806.29	1413.06	16.707
NM_014742.4	3768	3540.29	2641.34	33.5759
NM_014743.3	7854	7626.29	0	0
NM_014744.2	7869	7641.29	19.6004	0.115436
NM_014746.6	5720	5492.29	588.771	4.82431
NM_014747.3	7259	7031.29	0	0
NM_014748.4	2357	2129.29	4406.39	93.13
NM_014749.5	8330	8102.29	79.0745	0.439209
NM_014750.5	2881	2653.29	5819.59	98.7073
NM_014751.6	4994	4766.29	179.407	1.69395
NM_014752.3	2691	2463.29	4076	74.4664
NM_014753.4	7759	7531.29	1861.7	11.1245
NM_014754.3	4990	4762.29	4636	43.8096
NM_014755.3	5549	5321.29	8197	69.3234
NM_014756.4	6992	6764.29	220.495	1.46696
NM_014757.5	5748	5520.29	2537	20.6824
NM_014758.3	15691	15463.3	808.462	2.35288
NM_014759.5	2976	2748.29	0	0
NM_014760.4	4937	4709.29	3729	35.6352
NM_014761.4	4557	4329.29	239.195	2.48644
NM_014762.4	4233	4005.29	2560	28.7639
NM_014763.4	7825	7597.29	2355	13.95
NM_014764.4	2064	1836.29	4708.81	115.402
NM_014765.3	3283	3055.29	9233.14	136
NM_014766.5	5254	5026.29	9742.62	87.2308
NM_014767.2	5345	5117.29	0	0
NM_014770.4	5392	5164.29	0	0
NM_014771.4	5309	5081.29	955.34	8.46108
NM_014772.3	5765	5537.29	1473.02	11.9716
NM_014773.5	4907	4679.29	137.812	1.32541
NM_014774.3	5817	5589.29	3920	31.5625
NM_014775.4	3938	3710.29	1.78158e-06	2.16092e-08
NM_014776.5	5358	5130.29	57.0614	0.500544
NM_014777.4	5601	5373.29	816.58	6.83912
NM_014779.4	11182	10954.3	103.081	0.423483
NM_014780.5	5406	5178.29	1217.96	10.5849
NM_014781.5	6636	6408.29	1389.18	9.75568
NM_014782.7	2768	2540.29	0	0
NM_014783.6	5876	5648.29	10030.8	79.9206
NM_014784.4	7141	6913.29	702.839	4.57523
NM_014786.4	8163	7935.29	4001.95	22.6961
NM_014787.4	5750	5522.29	17.2311	0.140422
NM_014788.4	4480	4252.29	231.702	2.45216
NM_014789.3	3947	3719.29	112.534	1.36164
NM_014790.5	9082	8854.29	0	0
NM_014791.4	2452	2224.29	1354.08	27.3965
NM_014793.5	6925	6697.29	743.557	4.9964
NM_014795.4	9265	9037.29	3595.64	17.9052
NM_014796.2	3705	3477.29	0	0
NM_014797.3	5501	5273.29	720.011	6.14468
NM_014798.3	5240	5012.29	666.017	5.97986
NM_014799.4	5725	5497.29	0	0
NM_014800.11	5092	4864.29	0	0
NM_014801.4	7530	7302.29	153.452	0.945703
NM_014802.3	4432	4204.29	404.13	4.32584
NM_014803.4	8294	8066.29	0	0
NM_014804.3	4647	4419.29	465.476	4.74009
NM_014805.4	8089	7861.29	1600.6	9.16288
NM_014806.5	5218	4990.29	2320.76	20.9289
NM_014807.5	4810	4582.29	10.9969	0.108001
NM_014808.4	4009	3781.29	184.376	2.19435
NM_014809.4	6838	6610.29	0	0
NM_014810.5	13414	13186.3	828.626	2.82799
NM_014811.5	4951	4723.29	489.935	4.66806
NM_014812.3	7059	6831.29	5352.06	35.2582
NM_014813.3	11566	11338.3	551.108	2.18741
NM_014814.3	1362	1134.29	2937.25	116.535
NM_014815.4	3480	3252.29	1522.42	21.0663
NM_014817.4	4973	4745.29	4	0.0379349
NM_014818.2	9800	9572.29	0	0
NM_014819.5	4856	4628.29	6972	67.7921
NM_014820.5	4100	3872.29	5059	58.7948
NM_014822.4	4018	3790.29	7309.76	86.7906
NM_014823.3	10052	9824.29	123.41	0.565317
NM_014824.3	4710	4482.29	1582.23	15.8859
NM_014825.3	10818	10590.3	2982.73	12.675
NM_014826.5	10630	10402.3	432.701	1.87198
NM_014827.6	4774	4546.29	219.346	2.17127
NM_014828.4	4514	4286.29	2643.41	27.754
NM_014829.4	5671	5443.29	1003.19	8.29402
NM_014830.3	6268	6040.29	422	3.1441
NM_014831.3	10479	10251.3	0	0
NM_014832.5	7588	7360.29	0	0
NM_014834.4	5177	4949.29	0	0
NM_014835.5	3908	3680.29	10.4062	0.127248
NM_014836.5	4411	4183.29	177.531	1.90985
NM_014838.3	6893	6665.29	1354.63	9.14628
NM_014839.5	4824	4596.29	26.4152	0.258635
NM_014840.3	5744	5516.29	301	2.45562
NM_014841.3	4437	4209.29	0	0
NM_014844.5	8704	8476.29	1045.16	5.54903
NM_014845.6	3025	2797.29	575.257	9.25478
NM_014846.4	4139	3911.29	2893.64	33.294
NM_014847.4	3877	3649.29	483.366	5.96087
NM_014848.7	12651	12423.3	0	0
NM_014849.5	4378	4150.29	434.237	4.70859
NM_014850.4	8923	8695.29	0.000116625	6.03598e-07
NM_014851.4	4487	4259.29	5938.11	62.7412
NM_014853.3	4878	4650.29	223.606	2.16394
NM_014855.3	5529	5301.29	1151.86	9.77824
NM_014856.3	5728	5500.29	985.28	8.0615
NM_014857.5	2901	2673.29	500.21	8.4207
NM_014858.4	3968	3740.29	224.475	2.70087
NM_014859.6	4270	4042.29	0	0
NM_014860.3	4296	4068.29	558.517	6.17827
NM_014861.4	3374	3146.29	0	0
NM_014862.4	6523	6295.29	249	1.78002
NM_014863.4	3547	3319.29	6.42663	0.0871325
NM_014864.4	5991	5763.29	2549.09	19.9048
NM_014865.4	4825	4597.29	10119.9	99.0645
NM_014866.2	9018	8790.29	575.907	2.94843
NM_014867.3	6911	6683.29	0	0
NM_014868.5	3814	3586.29	4376.68	54.9213
NM_014869.8	5340	5112.29	0	0
NM_014870.4	8701	8473.29	379.277	2.0144
NM_014871.6	4523	4295.29	159.375	1.66982
NM_014872.3	4690	4462.29	511.326	5.15682
NM_014873.3	7773	7545.29	570.498	3.40267
NM_014874.4	4407	4179.29	4440.84	47.8194
NM_014875.3	7291	7063.29	2627.83	16.743
NM_014876.7	3639	3411.29	1163.73	15.3523
NM_014877.4	13817	13589.3	1036.87	3.43375
NM_014878.5	2187	1959.29	2289	52.5761
NM_014879.4	2588	2360.29	0	0
NM_014880.5	3932	3704.29	670.729	8.14861
NM_014881.5	4450	4222.29	133.619	1.42418
NM_014882.3	2827	2599.29	0	0
NM_014883.4	5866	5638.29	218.898	1.74718
NM_014884.5	3598	3370.29	211.018	2.81769
NM_014885.5	1433	1205.29	103.513	3.86497
NM_014886.6	4337	4109.29	1593.87	17.4553
NM_014887.3	9440	9212.29	1.20617e-08	5.89229e-11
NM_014888.3	2455	2227.29	7081.34	143.081
NM_014889.4	3427	3199.29	7084.03	99.648
NM_014890.4	3450	3222.29	501.785	7.00801
NM_014891.7	2604	2376.29	8039.77	152.26
NM_014892.5	5127	4899.29	1777.1	16.3238
NM_014893.5	7095	6867.29	0	0
NM_014895.4	5155	4927.29	325.804	2.97571
NM_014897.2	11347	11119.3	133.802	0.541536
NM_014898.4	6146	5918.29	41.6267	0.316532
NM_014899.4	5370	5142.29	9587	83.9012
NM_014900.5	9495	9267.29	185.772	0.902133
NM_014901.5	4122	3894.29	299.065	3.45604
NM_014902.6	5049	4821.29	0	0
NM_014903.6	10153	9925.29	103.825	0.470763
NM_014904.3	6399	6171.29	1645.27	11.9978
NM_014905.5	4840	4612.29	0	0
NM_014906.5	6560	6332.29	0	0
NM_014907.3	5017	4789.29	5.86236	0.0550862
NM_014908.4	2074	1846.29	908	22.1323
NM_014909.5	6449	6221.29	257.206	1.86056
NM_014910.5	7622	7394.29	213.118	1.29708
NM_014911.5	21157	20929.3	136.385	0.293262
NM_014912.5	7781	7553.29	6.92974e-08	4.12879e-10
NM_014913.4	5157	4929.29	958.448	8.75037
NM_014914.5	10730	10502.3	997.244	4.27326
NM_014915.3	6775	6547.29	287.196	1.97405
NM_014916.4	8974	8746.29	995.418	5.12181
NM_014917.4	6037	5809.29	157.49	1.22003
NM_014918.5	4662	4434.29	3337.49	33.8718
NM_014920.5	6146	5918.29	870.44	6.61889
NM_014921.5	7820	7592.29	59.3848	0.352002
NM_014922.5	5478	5250.29	201.184	1.72446
NM_014923.5	5896	5668.29	1159.51	9.20585
NM_014924.5	4715	4487.29	657.416	6.59323
NM_014925.5	4369	4141.29	0	0
NM_014926.4	4412	4184.29	0	0
NM_014927.5	5753	5525.29	24.8099	0.202075
NM_014929.4	6619	6391.29	1138.48	8.01641
NM_014930.3	6507	6279.29	338.926	2.42905
NM_014931.4	3984	3756.29	5585.72	66.9209
NM_014932.5	16674	16446.3	0.099237	0.000271549
NM_014934.5	7434	7206.29	0	0
NM_014935.5	7412	7184.29	33.938	0.212591
NM_014936.5	4644	4416.29	20	0.203805
NM_014937.4	4979	4751.29	444.372	4.20898
NM_014938.6	8390	8162.29	2967.35	16.3606
NM_014939.5	6230	6002.29	1720.94	12.903
NM_014940.4	5813	5585.29	1638.87	13.2051
NM_014941.3	6052	5824.29	79.9769	0.617965
NM_014942.4	5340	5112.29	0	0
NM_014943.5	4361	4133.29	58.7694	0.639878
NM_014944.4	5213	4985.29	1184.33	10.6912
NM_014945.5	4439	4211.29	0	0
NM_014946.4	5268	5040.29	524.642	4.68436
NM_014947.5	5225	4997.29	1096.19	9.87172
NM_014948.4	4300	4072.29	278.014	3.07234
NM_014949.4	2961	2733.29	1571	25.8662
NM_014950.3	3926	3698.29	905.321	11.0165
NM_014951.3	3988	3760.29	49.6847	0.594625
NM_014952.5	4779	4551.29	321.219	3.17621
NM_014953.5	10571	10343.3	2663.41	11.5883
NM_014954.4	4578	4350.29	0	0
NM_014955.3	3043	2815.29	234.748	3.75249
NM_014956.5	5629	5401.29	750.234	6.25088
NM_014957.5	5478	5250.29	0	0
NM_014959.5	5460	5232.29	42.965	0.369543
NM_014960.5	4654	4426.29	23.4213	0.23813
NM_014961.5	4280	4052.29	103.295	1.14715
NM_014962.4	4881	4653.29	0	0
NM_014963.3	4906	4678.29	2076.79	19.9778
NM_014964.5	4846	4618.29	25.8797	0.252186
NM_014965.5	4593	4365.29	54.2239	0.559011
NM_014966.4	3884	3656.29	423.043	5.20698
NM_014967.5	4849	4621.29	330.179	3.21535
NM_014969.6	4229	4001.29	413.758	4.65359
NM_014970.4	2954	2726.29	1840.49	30.3811
NM_014971.2	7486	7258.29	271	1.68026
NM_014972.3	2248	2020.29	5574	124.164
NM_014974.3	7885	7657.29	1632.45	9.59414
NM_014975.3	4853	4625.29	0	0
NM_014976.2	6477	6249.29	2733.86	19.6873
NM_014977.4	4795	4567.29	0	0
NM_014978.3	5575	5347.29	4	0.0336642
NM_014979.4	10824	10596.3	0	0
NM_014980.3	9363	9135.29	0	0
NM_014981.3	7024	6796.29	0	0
NM_014982.3	12865	12637.3	1730.97	6.16423
NM_014983.3	5258	5030.29	3585.41	32.0765
NM_014984.4	3630	3402.29	383.059	5.06683
NM_014985.4	5392	5164.29	116.363	1.01402
NM_014988.5	6145	5917.29	1.43079	0.0108817
NM_014989.7	7984	7756.29	0	0
NM_014990.3	7929	7701.29	40.8334	0.238613
NM_014991.6	14559	14331.3	0.0294677	9.25344e-05
NM_014992.2	5820	5592.29	0	0
NM_014994.3	7182	6954.29	1108.82	7.17548
NM_014996.4	6417	6189.29	3.64531e-08	2.65054e-10
NM_014997.4	6398	6170.29	1274.81	9.29785
NM_014999.4	15558	15330.3	2929.24	8.59897
NM_015000.4	4957	4729.29	1152	10.9622
NM_015001.3	12385	12157.3	3712	13.7408
NM_015002.3	5976	5748.29	1022.62	8.006
NM_015004.4	1042	814.293	592.134	32.7251
NM_015005.3	6700	6472.29	107.639	0.748438
NM_015008.5	5631	5403.29	0	0
NM_015009.3	4251	4023.29	1857.27	20.7747
NM_015011.3	7119	6891.29	0	0
NM_015012.4	3798	3570.29	1272.83	16.0439
NM_015013.4	3013	2785.29	1862.4	30.0915
NM_015014.4	1847	1619.29	1376.35	38.2513
NM_015015.3	5604	5376.29	356.254	2.98208
NM_015016.2	5906	5678.29	0	0
NM_015017.5	4506	4278.29	639.845	6.73049
NM_015018.4	7957	7729.29	0	0
NM_015020.3	8317	8089.29	1422.21	7.91218
NM_015021.3	12341	12113.3	1874.86	6.96543
NM_015023.5	4703	4475.29	108.126	1.08731
NM_015024.5	4870	4642.29	3702.47	35.8923
NM_015025.4	7138	6910.29	0	0
NM_015026.3	13263	13035.3	589.774	2.03614
NM_015027.4	4598	4370.29	1374.74	14.1564
NM_015028.4	9892	9664.29	0	0
NM_015029.3	4667	4439.29	40.0567	0.406073
NM_015030.2	11692	11464.3	1292.41	5.07337
NM_015032.4	7472	7244.29	1539.84	9.5658
NM_015033.3	5420	5192.29	191.305	1.6581
NM_015035.4	10006	9778.29	0.00388588	1.78842e-05
NM_015036.3	4651	4423.29	2070	21.0604
NM_015037.4	6076	5848.29	396.833	3.05367
NM_015039.4	5441	5213.29	2047.73	17.6768
NM_015040.4	9908	9680.29	191.644	0.890943
NM_015041.3	4083	3855.29	624.861	7.29405
NM_015042.2	9006	8778.29	1446.07	7.41346
NM_015043.4	5155	4927.29	5852.63	53.4546
NM_015044.4	5973	5745.29	1283.69	10.0552
NM_015045.5	6310	6082.29	3003.27	22.2213
NM_015046.7	11101	10873.3	2998.85	12.4118
NM_015047.3	6640	6412.29	5698.99	39.9969
NM_015049.3	6389	6161.29	4019.72	29.3607
NM_015050.3	4034	3806.29	1896	22.417
NM_015051.3	4808	4580.29	3381	33.2196
NM_015052.5	9453	9225.29	0	0
NM_015054.2	5198	4970.29	2693.66	24.3895
NM_015055.4	4884	4656.29	3932.46	38.0072
NM_015056.3	5078	4850.29	2257	20.9414
NM_015057.5	15077	14849.3	2325	7.04627
NM_015058.2	7174	6946.29	760.937	4.9299
NM_015059.3	12023	11795.3	2080.95	7.93952
NM_015060.3	6987	6759.29	1208	8.04278
NM_015061.6	4338	4110.29	924.491	10.1221
NM_015062.5	5328	5100.29	2383.24	21.0288
NM_015063.3	4959	4731.29	1	0.00951179
NM_015065.3	10304	10076.3	0	0
NM_015068.3	6628	6400.29	209.707	1.47454
NM_015069.5	7659	7431.29	0	0
NM_015070.6	6399	6171.29	145.303	1.05959
NM_015071.6	9395	9167.29	36.3847	0.178616
NM_015072.5	4716	4488.29	1323	13.2654
NM_015073.3	8004	7776.29	2766.98	16.0131
NM_015074.3	10585	10357.3	341.046	1.48187
NM_015075.2	5208	4980.29	0.48792	0.00440896
NM_015076.5	6399	6171.29	953.563	6.95369
NM_015077.4	10277	10049.3	509.307	2.2808
NM_015078.4	5326	5098.29	0	0
NM_015079.6	6074	5846.29	100.076	0.770353
NM_015080.4	6632	6404.29	0	0
NM_015082.2	5396	5168.29	0	0
NM_015083.4	8260	8032.29	912.007	5.10976
NM_015084.3	2770	2542.29	2200.02	38.9443
NM_015085.5	6663	6435.29	0	0
NM_015086.2	3815	3587.29	20.5833	0.25822
NM_015087.5	4900	4672.29	252.677	2.43376
NM_015088.3	17950	17722.3	944.523	2.39847
NM_015089.4	7759	7531.29	259.919	1.55314
NM_015090.4	10123	9895.29	68.5679	0.311842
NM_015091.4	6265	6037.29	0	0
NM_015092.5	16062	15834.3	2314.38	6.57775
NM_015093.6	4391	4163.29	0	0
NM_015094.3	6831	6603.29	392.702	2.67636
NM_015097.3	7186	6958.29	0.0394369	0.00025506
NM_015099.4	4515	4287.29	794.114	8.33569
NM_015100.4	6655	6427.29	457.875	3.20598
NM_015101.4	5179	4951.29	0	0
NM_015102.5	4955	4727.29	276.771	2.63481
NM_015103.3	6913	6685.29	5815.99	39.1512
NM_015104.3	6318	6090.29	3.75762	0.0277662
NM_015106.4	9957	9729.29	601.468	2.78211
NM_015107.3	6357	6129.29	321.114	2.35771
NM_015110.4	5949	5721.29	1992.05	15.6693
NM_015111.2	5985	5757.29	0	0
NM_015112.3	5737	5509.29	1231.78	10.0619
NM_015113.4	11466	11238.3	150.331	0.601991
NM_015114.3	4590	4362.29	5451.44	56.2391
NM_015115.4	4117	3889.29	511.219	5.91532
NM_015116.3	5464	5236.29	6.17165	0.053042
NM_015117.3	3270	3042.29	1072.58	15.8662
NM_015120.4	12928	12700.3	0.11468	0.000406366
NM_015122.3	3208	2980.29	0	0
NM_015123.3	6283	6055.29	0	0
NM_015124.5	4500	4272.29	0	0
NM_015125.5	5668	5440.29	693.654	5.73803
NM_015127.5	4683	4455.29	21.8163	0.220368
NM_015129.6	3185	2957.29	648.902	9.87477
NM_015130.3	5554	5326.29	3101	26.2011
NM_015131.3	3506	3278.29	3669	50.3666
NM_015132.5	6357	6129.29	1274.12	9.35496
NM_015133.5	5649	5421.29	0	0
NM_015134.4	11258	11030.3	0	0
NM_015135.3	6264	6036.29	5532.38	41.2462
NM_015136.3	7928	7700.29	0	0
NM_015137.6	5433	5205.29	4264.99	36.8735
NM_015138.5	5030	4802.29	3613.07	33.8587
NM_015139.3	6193	5965.29	1184.83	8.93857
NM_015140.4	3386	3158.29	3466	49.3877
NM_015141.4	3947	3719.29	442	5.34816
NM_015143.3	2686	2458.29	3584.98	65.629
NM_015144.3	8079	7851.29	2950.86	16.9141
NM_015146.2	4209	3981.29	1553.58	17.5611
NM_015147.3	5803	5575.29	258.79	2.08892
NM_015148.4	4540	4312.29	177.481	1.85219
NM_015149.6	5077	4849.29	80.1651	0.743959
NM_015150.2	2986	2758.29	2026.5	33.0635
NM_015151.4	7350	7122.29	1499.93	9.47747
NM_015153.4	18449	18221.3	8.55537e-07	2.11301e-09
NM_015154.3	4200	3972.29	3181.92	36.0487
NM_015155.3	5963	5735.29	3255.49	25.5448
NM_015156.4	5751	5523.29	2924	23.8244
NM_015157.4	5754	5526.29	0	0
NM_015158.5	5070	4842.29	69.0639	0.641863
NM_015159.3	7192	6964.29	3765.07	24.3298
NM_015160.3	2086	1858.29	2665.07	64.5412
NM_015161.3	2278	2050.29	16611.6	364.619
NM_015162.5	6215	5987.29	0.000380143	2.85732e-06
NM_015163.6	4324	4096.29	7.72329	0.0848503
NM_015164.4	4134	3906.29	3202.5	36.895
NM_015166.4	3457	3229.29	0	0
NM_015167.3	1621	1393.29	1483.25	47.9085
NM_015168.2	6143	5915.29	3.41966	0.0260165
NM_015169.4	1720	1492.29	1746	52.6541
NM_015170.3	5553	5325.29	352.983	2.983
NM_015171.4	4537	4309.29	7309.14	76.3313
NM_015172.4	10381	10153.3	2344.76	10.3928
NM_015173.4	5703	5475.29	0	0
NM_015174.2	4766	4538.29	0	0
NM_015175.3	8842	8614.29	0	0
NM_015176.4	5427	5199.29	2121.03	18.3588
NM_015177.2	6003	5775.29	9.37548	0.073057
NM_015178.3	5482	5254.29	1028.67	8.81061
NM_015179.4	4396	4168.29	1901.69	20.5317
NM_015180.6	21756	21528.3	0.0119204	2.49186e-05
NM_015183.3	9918	9690.29	0	0
NM_015184.5	3964	3736.29	0	0
NM_015185.3	5423	5195.29	73.3299	0.635204
NM_015186.4	9967	9739.29	397.211	1.83542
NM_015187.5	4543	4315.29	1163.23	12.131
NM_015188.2	5637	5409.29	206.824	1.72069
NM_015189.3	5910	5682.29	1241.5	9.83253
NM_015190.5	2295	2067.29	4159.62	90.5511
NM_015191.3	9622	9394.29	1798.48	8.61557
NM_015192.4	7088	6860.29	314.558	2.06348
NM_015193.5	2950	2722.29	366.042	6.05116
NM_015194.3	5510	5282.29	1421.78	12.113
NM_015196.4	5003	4775.29	134.252	1.26522
NM_015197.4	6316	6088.29	882.431	6.5227
NM_015198.5	5301	5073.29	0	0
NM_015199.4	6607	6379.29	665.644	4.69582
NM_015201.5	2428	2200.29	3177	64.9799
NM_015202.5	6599	6371.29	137.467	0.970987
NM_015203.5	8186	7958.29	1456.04	8.23373
NM_015204.3	10655	10427.3	0	0
NM_015205.3	9086	8858.29	43.0688	0.218804
NM_015206.3	6926	6698.29	75.5737	0.507749
NM_015207.2	6515	6287.29	924.201	6.61523
NM_015208.5	11284	11056.3	0.00485818	1.97745e-05
NM_015209.3	3934	3706.29	3.78345	0.04594
NM_015210.4	6083	5855.29	3.25026e-08	2.49811e-10
NM_015213.4	4991	4763.29	8223.76	77.6972
NM_015214.3	4682	4454.29	931.987	9.41615
NM_015215.4	8314	8086.29	0	0
NM_015216.5	15306	15078.3	105.545	0.315011
NM_015219.5	4689	4461.29	3495.63	35.262
NM_015221.4	6428	6200.29	3336.3	24.2156
NM_015224.3	7247	7019.29	0	0
NM_015225.3	12612	12384.3	0	0
NM_015226.3	6812	6584.29	15.788	0.107909
NM_015227.6	4815	4587.29	434.135	4.25903
NM_015229.4	5354	5126.29	1774.31	15.5765
NM_015230.4	7513	7285.29	0	0
NM_015231.3	5228	5000.29	3036.43	27.3281
NM_015232.2	2701	2473.29	0	0
NM_015233.6	3971	3743.29	20	0.240446
NM_015234.5	5741	5513.29	0	0
NM_015235.3	4110	3882.29	1635	18.9527
NM_015236.7	13516	13288.3	0	0
NM_015237.4	4271	4043.29	15.9005	0.176978
NM_015238.3	7136	6908.29	177.939	1.15916
NM_015239.3	4344	4116.29	180.819	1.97688
NM_015241.3	9447	9219.29	2662.46	12.9966
NM_015242.5	4930	4702.29	0	0
NM_015243.3	2814	2586.29	8.36813	0.145611
NM_015245.3	6350	6122.29	485.308	3.56735
NM_015246.4	3930	3702.29	1935.49	23.5267
NM_015247.3	8677	8449.29	60.2764	0.321047
NM_015250.4	4657	4429.29	4614.2	46.8818
NM_015251.3	4881	4653.29	2189.49	21.1751
NM_015252.5	5318	5090.29	0.301251	0.00266334
NM_015253.2	6056	5828.29	0	0
NM_015254.4	8743	8515.29	58.0961	0.307036
NM_015255.3	7891	7663.29	179.65	1.055
NM_015256.4	6535	6307.29	0	0
NM_015257.3	5398	5170.29	155.48	1.35332
NM_015258.2	8766	8538.29	2057.34	10.8437
NM_015259.6	7078	6850.29	0	0
NM_015260.4	5134	4906.29	97.3984	0.893389
NM_015261.3	7369	7141.29	1749.3	11.0238
NM_015262.3	4579	4351.29	80.1595	0.829047
NM_015263.5	10530	10302.3	0	0
NM_015264.2	6203	5975.29	709.48	5.34347
NM_015265.4	5301	5073.29	0	0
NM_015266.3	6147	5919.29	431.834	3.28314
NM_015267.4	6703	6475.29	0	0
NM_015268.4	7754	7526.29	5194.59	31.0608
NM_015269.2	5856	5628.29	1.64414	0.0131463
NM_015270.5	6092	5864.29	911.761	6.99693
NM_015271.5	6755	6527.29	89.6922	0.618392
NM_015272.5	7935	7707.29	485.977	2.83763
NM_015274.3	5129	4901.29	2616.43	24.0237
NM_015275.3	5791	5563.29	4155.02	33.6111
NM_015276.2	5189	4961.29	9876.16	89.585
NM_015277.6	8573	8345.29	107.086	0.577476
NM_015278.5	7460	7232.29	1053.7	6.55667
NM_015279.2	7764	7536.29	0	0
NM_015282.3	8078	7850.29	0	0
NM_015283.2	4865	4637.29	492.197	4.77658
NM_015284.4	13965	13737.3	2.75579	0.00902791
NM_015285.3	7295	7067.29	0	0
NM_015286.6	6417	6189.29	2.57323e-08	1.87103e-10
NM_015288.6	6462	6234.29	14.9565	0.107966
NM_015289.5	4832	4604.29	2472.3	24.1647
NM_015291.4	6034	5806.29	742.455	5.75458
NM_015292.3	4180	3952.29	6164.39	70.1913
NM_015294.6	4489	4261.29	1158.42	12.2339
NM_015295.3	8833	8605.29	3674.7	19.2176
NM_015296.3	7872	7644.29	0	0
NM_015297.3	5757	5529.29	0	0
NM_015299.3	6778	6550.29	1745.24	11.9905
NM_015302.2	4324	4096.29	746.168	8.19762
NM_015303.4	5008	4780.29	1014.58	9.5516
NM_015305.4	5287	5059.29	239.607	2.13134
NM_015306.3	10800	10572.3	1663.48	7.08094
NM_015307.2	4963	4735.29	4.29183e-08	4.07885e-10
NM_015308.5	4035	3807.29	1992.59	23.5529
NM_015310.4	11704	11476.3	3534.58	13.8605
NM_015311.3	6105	5877.29	125.104	0.957934
NM_015312.4	15568	15340.3	3.7497e-06	1.10003e-08
NM_015313.3	10326	10098.3	2565.8	11.4345
NM_015314.3	4318	4090.29	2.04431	0.0224923
NM_015315.6	6652	6424.29	0	0
NM_015316.3	5500	5272.29	131.405	1.12164
NM_015317.5	6309	6081.29	1811.48	13.4054
NM_015318.4	5181	4953.29	623.883	5.66828
NM_015319.3	4712	4484.29	132.173	1.32645
NM_015320.4	6400	6172.29	0	0
NM_015321.3	6879	6651.29	506.733	3.42859
NM_015322.5	7177	6949.29	4069	26.3505
NM_015323.5	4226	3998.29	2406	27.0809
NM_015324.4	6559	6331.29	657.653	4.67462
NM_015325.3	7930	7702.29	2897.08	16.9271
NM_015326.5	6884	6656.29	1458.38	9.86006
NM_015327.3	4559	4331.29	4027.74	41.8491
NM_015328.4	5049	4821.29	167.068	1.55946
NM_015329.4	4845	4617.29	835.947	8.14767
NM_015330.6	6763	6535.29	813.272	5.60032
NM_015331.3	2822	2594.29	4092.31	70.9892
NM_015332.4	8036	7808.29	3382.86	19.4971
NM_015335.5	9885	9657.29	2300.44	10.7201
NM_015336.4	4732	4504.29	633.91	6.33349
NM_015338.6	7052	6824.29	2605.66	17.1831
NM_015339.5	6588	6360.29	1818.27	12.8654
NM_015340.4	4781	4553.29	1180.64	11.669
NM_015341.5	6030	5802.29	2013.42	15.6163
NM_015342.4	2109	1881.29	1115.34	26.6803
NM_015343.5	1814	1586.29	598.734	16.9861
NM_015344.3	3163	2935.29	1345.55	20.6296
NM_015345.4	6256	6028.29	0	0
NM_015346.4	9674	9446.29	1116.45	5.31888
NM_015347.5	6509	6281.29	0	0
NM_015348.2	6701	6473.29	4229.63	29.4048
NM_015349.3	6513	6285.29	205.156	1.46893
NM_015350.4	8072	7844.29	0	0
NM_015351.2	5094	4866.29	17	0.157215
NM_015352.2	5226	4998.29	5584.32	50.2795
NM_015353.3	3657	3429.29	1550.51	20.3476
NM_015354.3	5689	5461.29	6054	49.8872
NM_015355.4	4495	4267.29	2615.01	27.578
NM_015356.5	5532	5304.29	3153.46	26.7548
NM_015358.3	4224	3996.29	1573.78	17.7227
NM_015359.6	4663	4435.29	96.814	0.982332
NM_015360.5	3961	3733.29	4312.26	51.9823
NM_015361.4	4676	4448.29	628.888	6.36242
NM_015362.5	1403	1175.29	0	0
NM_015363.5	2102	1874.29	0	0
NM_015364.5	559	335.04	182.131	24.4641
NM_015365.3	5350	5122.29	924.451	8.12198
NM_015366.4	1740	1512.29	0	0
NM_015367.4	4959	4731.29	1075.15	10.2266
NM_015368.4	2852	2624.29	1382.76	23.7125
NM_015370.2	982	754.293	0	0
NM_015373.4	1146	918.293	590.47	28.9373
NM_015374.3	3960	3732.29	3860.11	46.5443
NM_015375.3	8010	7782.29	947.279	5.47788
NM_015376.3	4336	4108.29	0	0
NM_015378.4	16357	16129.3	759.302	2.11856
NM_015379.5	790	562.487	4999.29	399.98
NM_015380.5	1692	1464.29	2313	71.0869
NM_015381.7	2604	2376.29	61.2691	1.16034
NM_015382.4	9445	9217.29	523.16	2.55431
NM_015383.2	10080	9852.29	2580.44	11.7869
NM_015384.5	10379	10151.3	2153.5	9.54697
NM_015385.4	5920	5692.29	1.39049e-08	1.09932e-10
NM_015386.3	2820	2592.29	2384.69	41.3991
NM_015387.5	3752	3524.29	2255.74	28.8044
NM_015388.4	1507	1279.29	3758.28	132.209
NM_015391.4	1170	942.293	2004.44	95.7302
NM_015392.4	1475	1247.29	1494	53.9044
NM_015393.4	5011	4783.29	71	0.667996
NM_015394.5	4406	4178.29	138	1.48635
NM_015395.3	6545	6317.29	341.438	2.43234
NM_015396.6	4603	4375.29	599.236	6.16358
NM_015397.4	3592	3364.29	1887	25.2418
NM_015398.4	5332	5104.29	34.1991	0.301524
NM_015399.4	1424	1196.29	1736.7	65.3325
NM_015401.5	4213	3985.29	705.813	7.97024
NM_015404.4	4070	3842.29	0	0
NM_015407.5	1066	838.293	237.711	12.7613
NM_015409.5	12289	12061.3	4120	15.3725
NM_015411.4	1990	1762.29	3375.01	86.1865
NM_015412.4	4820	4592.29	6.88528	0.0674737
NM_015414.4	785	557.487	476.631	38.476
NM_015415.3	2154	1926.29	0	0
NM_015416.5	2106	1878.29	0	0
NM_015417.5	1580	1352.29	1	0.0332791
NM_015419.4	9804	9576.29	5003	23.5112
NM_015420.7	1970	1742.29	2765.5	71.4324
NM_015421.4	1439	1211.29	252	9.36254
NM_015423.3	2767	2539.29	1685	29.8627
NM_015424.6	1963	1735.29	0	0
NM_015425.6	12480	12252.3	3805.56	13.9779
NM_015426.5	1936	1708.29	925.096	24.3706
NM_015428.4	4642	4414.29	315.395	3.2154
NM_015429.4	4404	4176.29	1109.74	11.9583
NM_015430.4	2774	2546.29	2045.66	36.1549
NM_015431.4	5170	4942.29	655.089	5.96505
NM_015433.3	2687	2459.29	174.421	3.19177
NM_015434.4	4430	4202.29	955.517	10.2328
NM_015435.5	4323	4095.29	0	0
NM_015436.4	4408	4180.29	442.066	4.75908
NM_015439.3	1247	1019.29	259.529	11.4585
NM_015440.5	3451	3223.29	1264.81	17.659
NM_015441.3	3175	2947.29	1930.14	29.4719
NM_015442.3	2772	2544.29	834.809	14.766
NM_015443.4	5574	5346.29	413.124	3.47752
NM_015444.3	1822	1594.29	5442	153.615
NM_015446.5	8567	8339.29	1.33064e-06	7.18084e-09
NM_015447.4	8018	7790.29	1457.19	8.41794
NM_015448.3	819	591.487	430.746	32.7732
NM_015449.4	1576	1348.29	1187.33	39.6306
NM_015450.3	3924	3696.29	443.341	5.39776
NM_015453.3	3959	3731.29	771.438	9.30431
NM_015454.3	2112	1884.29	452.549	10.8083
NM_015456.5	2540	2312.29	3655	71.1356
NM_015457.3	4443	4215.29	5721.52	61.0838
NM_015458.4	7081	6853.29	1744.83	11.4577
NM_015459.5	6899	6671.29	4519.51	30.4876
NM_015460.4	5073	4845.29	0	0
NM_015461.3	4887	4659.29	796.045	7.68883
NM_015462.5	2844	2616.29	2836	48.7823
NM_015463.3	1896	1668.29	1527.51	41.2054
NM_015464.3	1758	1530.29	0	0
NM_015465.5	5404	5176.29	1557.38	13.54
NM_015466.4	5237	5009.29	2358.98	21.1929
NM_015469.3	1636	1408.29	1391.82	44.4768
NM_015470.3	4272	4044.29	3340.08	37.1669
NM_015471.4	13115	12887.3	980.495	3.42394
NM_015472.6	5037	4809.29	6009.92	56.238
NM_015473.4	7811	7583.29	1973.22	11.7101
NM_015474.4	4649	4421.29	677.595	6.89704
NM_015475.5	2751	2523.29	5762.51	102.775
NM_015476.4	3835	3607.29	2480.26	30.9427
NM_015477.3	6786	6558.29	49.0939	0.336883
NM_015478.7	3190	2962.29	0	0
NM_015480.3	5197	4969.29	1778.28	16.1045
NM_015481.3	2440	2212.29	0	0
NM_015482.2	6634	6406.29	517.366	3.63441
NM_015483.3	3608	3380.29	2781.29	37.0284
NM_015484.5	1757	1529.29	1401.27	41.2358
NM_015485.5	1180	952.293	0	0
NM_015488.5	2987	2759.29	27.2899	0.445088
NM_015490.4	4634	4406.29	145	1.48094
NM_015491.3	5033	4805.29	0	0
NM_015492.5	4425	4197.29	1807	19.3745
NM_015493.7	5207	4979.29	70.6381	0.63843
NM_015496.5	6478	6250.29	2939.24	21.163
NM_015497.5	2964	2736.29	2685.35	44.1652
NM_015500.2	6473	6245.29	4356.71	31.3941
NM_015503.3	5008	4780.29	489.075	4.6043
NM_015506.3	5049	4821.29	502.056	4.68631
NM_015507.4	2403	2175.29	2	0.0413766
NM_015508.5	3861	3633.29	3123.03	38.6828
NM_015509.4	2634	2406.29	1234.79	23.0934
NM_015510.5	1253	1025.29	429.719	18.8616
NM_015511.5	2696	2468.29	185.985	3.39096
NM_015512.5	13105	12877.3	186.483	0.651716
NM_015513.6	2478	2250.29	143.665	2.87313
NM_015514.2	2207	1979.29	16.1211	0.366545
NM_015515.5	2209	1981.29	0	0
NM_015516.4	2585	2357.29	3820.1	72.9295
NM_015517.5	3302	3074.29	0.26101	0.0038208
NM_015520.2	8024	7796.29	0	0
NM_015522.4	1143	915.293	30.9746	1.52296
NM_015523.4	1080	852.293	4544	239.934
NM_015525.4	6040	5812.29	5347.17	41.4017
NM_015526.3	3350	3122.29	991	14.2838
NM_015527.4	3580	3352.29	3886.12	52.1694
NM_015528.3	1775	1547.29	942.761	27.4202
NM_015529.4	2989	2761.29	14177.2	231.058
NM_015530.5	2447	2219.29	5058.58	102.579
NM_015531.6	6258	6030.29	0	0
NM_015532.5	4114	3886.29	2244.21	25.9878
NM_015533.4	4678	4450.29	35.5835	0.359835
NM_015534.6	6412	6184.29	163.986	1.19333
NM_015535.3	6264	6036.29	13.2944	0.0991152
NM_015537.5	3643	3415.29	1607.49	21.1818
NM_015540.4	4663	4435.29	1088.52	11.0448
NM_015541.3	5363	5135.29	1240.09	10.8675
NM_015542.4	5168	4940.29	2496.1	22.738
NM_015543.2	2220	1992.29	30.7759	0.695184
NM_015544.3	4218	3990.29	1585.35	17.8798
NM_015545.4	5464	5236.29	638.089	5.48403
NM_015547.4	6369	6141.29	40.9693	0.300221
NM_015548.5	16626	16398.3	3639.26	9.98749
NM_015550.4	6749	6521.29	1199.11	8.27502
NM_015551.2	4602	4374.29	171.94	1.76893
NM_015553.3	6839	6611.29	7.90743e-06	5.38259e-08
NM_015554.3	5044	4816.29	1533.11	14.3253
NM_015555.3	4944	4716.29	85.5414	0.81624
NM_015556.4	8149	7921.29	88.0537	0.500258
NM_015557.3	9850	9622.29	8	0.0374157
NM_015559.3	9909	9681.29	132.539	0.616101
NM_015560.3	6264	6036.29	1132.34	8.44206
NM_015562.2	10521	10293.3	2068.71	9.04458
NM_015564.3	6064	5836.29	30	0.231327
NM_015565.3	7677	7449.29	2530.79	15.2892
NM_015566.3	6118	5890.29	0	0
NM_015567.2	4473	4245.29	0	0
NM_015568.4	6259	6031.29	0	0
NM_015569.5	7627	7399.29	0	0
NM_015570.4	7469	7241.29	0	0
NM_015571.4	6671	6443.29	3280.56	22.9131
NM_015574.2	10794	10566.3	331.335	1.41119
NM_015575.4	7928	7700.29	697.788	4.07811
NM_015576.3	6239	6011.29	0.296335	0.00221849
NM_015577.3	4986	4758.29	2155.07	20.3822
NM_015578.4	3431	3203.29	2460.41	34.5664
NM_015584.5	2670	2442.29	4997.66	92.0897
NM_015585.4	4098	3870.29	0	0
NM_015589.6	7157	6929.29	89.457	0.580989
NM_015590.4	2080	1852.29	0	0
NM_015595.4	5149	4921.29	72.4889	0.66288
NM_015596.3	1820	1592.29	0	0
NM_015597.6	2209	1981.29	68.5783	1.55769
NM_015599.3	6079	5851.29	4427.77	34.0546
NM_015600.5	1577	1349.29	547.431	18.2585
NM_015601.4	4424	4196.29	6073.84	65.1388
NM_015602.4	3807	3579.29	210.918	2.65191
NM_015603.3	2027	1799.29	290.904	7.27595
NM_015604.4	2474	2246.29	268.907	5.38738
NM_015605.9	2490	2262.29	0	0
NM_015607.4	2079	1851.29	1023.2	24.873
NM_015608.3	4381	4153.29	376.965	4.08462
NM_015610.4	4445	4217.29	1372.03	14.641
NM_015613.3	2386	2158.29	0	0
NM_015617.3	8518	8290.29	81.4457	0.44212
NM_015621.3	3398	3170.29	117.353	1.66585
NM_015622.6	2379	2151.29	815.495	17.0594
NM_015626.10	5105	4877.29	804.867	7.42655
NM_015627.3	2914	2686.29	1209.33	20.2597
NM_015629.4	1833	1605.29	2029.95	56.9081
NM_015630.4	3883	3655.29	895.443	11.0245
NM_015631.6	2518	2290.29	2302.63	45.2456
NM_015633.3	2932	2704.29	778.575	12.9565
NM_015634.4	2462	2234.29	3715.57	74.8389
NM_015635.4	9091	8863.29	45.3113	0.230067
NM_015636.4	1641	1413.29	425.098	13.5363
NM_015638.3	3162	2934.29	3837.29	58.8523
NM_015640.4	6663	6435.29	8732.63	61.0687
NM_015641.4	2736	2508.29	3128.02	56.1221
NM_015642.7	27143	26915.3	59.7232	0.0998589
NM_015645.5	3949	3721.29	0.716736	0.00866778
NM_015646.6	13387	13159.3	5004.76	17.1156
NM_015649.3	2534	2306.29	1140	22.245
NM_015650.4	4199	3971.29	21.9216	0.248418
NM_015651.3	4149	3921.29	1024.71	11.7601
NM_015653.5	1490	1262.29	47.7366	1.7019
NM_015654.5	1907	1679.29	219.673	5.88699
NM_015655.4	4237	4009.29	245.84	2.75947
NM_015656.2	6889	6661.29	0	0
NM_015657.4	8085	7857.29	1	0.00572756
NM_015658.4	2757	2529.29	5997.36	106.709
NM_015659.3	5440	5212.29	6517.84	56.2752
NM_015660.3	1443	1215.29	3	0.111092
NM_015662.3	5395	5167.29	488.971	4.25855
NM_015665.6	1815	1587.29	1569.64	44.5026
NM_015666.4	3747	3519.29	148.611	1.90036
NM_015667.2	4223	3995.29	0	0
NM_015668.5	4229	4001.29	0	0
NM_015669.5	3410	3182.29	21	0.296976
NM_015670.6	2567	2339.29	3064.62	58.9568
NM_015672.2	6105	5877.29	14.9326	0.114341
NM_015675.4	1371	1143.29	2824	111.16
NM_015676.3	2263	2035.29	158.256	3.49924
NM_015677.4	1744	1516.29	36.7733	1.09142
NM_015678.5	11137	10909.3	18.4216	0.0759927
NM_015679.3	5426	5198.29	1428.86	12.3701
NM_015680.6	2019	1791.29	1429.98	35.9257
NM_015681.6	913	685.293	27.6987	1.81897
NM_015683.2	2501	2273.29	396.942	7.85802
NM_015684.4	1234	1006.29	0	0
NM_015685.6	1361	1133.29	0	0
NM_015686.3	4928	4700.29	2	0.0191491
NM_015687.5	4636	4408.29	7.818e-08	7.98119e-10
NM_015688.2	6731	6503.29	5.94811	0.0411612
NM_015689.5	3874	3646.29	37.3181	0.460586
NM_015690.5	4873	4645.29	290.838	2.81761
NM_015691.5	6952	6724.29	2747	18.3846
NM_015692.5	5983	5755.29	0	0
NM_015693.4	13208	12980.3	225.554	0.782005
NM_015694.3	3172	2944.29	567.975	8.68142
NM_015695.3	6052	5824.29	1556.58	12.0274
NM_015696.5	1229	1001.29	1996.42	89.729
NM_015697.9	1861	1633.29	34.0269	0.937564
NM_015698.6	1658	1430.29	711.134	22.3753
NM_015700.4	1364	1136.29	12.3086	0.487486
NM_015701.5	2446	2218.29	3242.1	65.7734
NM_015702.3	1392	1164.29	4236.96	163.77
NM_015703.5	5419	5191.29	2067.28	17.9212
NM_015704.3	3780	3552.29	2005.56	25.4079
NM_015705.6	2986	2758.29	312.591	5.1001
NM_015710.5	1504	1276.29	2812	99.1532
NM_015711.3	5741	5513.29	223.039	1.82059
NM_015713.5	4774	4546.29	1136.16	11.2467
NM_015714.4	876	648.427	862	59.8258
NM_015715.5	2600	2372.29	0	0
NM_015716.5	4906	4678.29	149.242	1.43564
NM_015717.5	1866	1638.29	0	0
NM_015718.3	1980	1752.29	0	0
NM_015719.4	6207	5979.29	7777.54	58.5375
NM_015720.4	2175	1947.29	99	2.28795
NM_015721.3	3744	3516.29	1538.95	19.6962
NM_015722.4	2260	2032.29	0	0
NM_015723.5	4681	4453.29	21.1061	0.213289
NM_015725.4	1481	1253.29	2	0.0718157
NM_015726.4	3867	3639.29	552.541	6.83266
NM_015727.3	1733	1505.29	0.505813	0.0151221
NM_015832.6	1244	1016.29	0	0
NM_015833.4	7022	6794.29	513.114	3.39869
NM_015834.4	3583	3355.29	70.4557	0.944992
NM_015836.4	2787	2559.29	465.771	8.19021
NM_015837.3	948	720.293	0	0
NM_015840.4	6532	6304.29	447.222	3.19249
NM_015841.4	6475	6247.29	0	0
NM_015842.2	6791	6563.29	0	0
NM_015844.3	2841	2613.29	207.521	3.57368
NM_015845.4	2730	2502.29	0.000180244	3.24165e-06
NM_015846.4	3009	2781.29	256.637	4.15255
NM_015847.4	2862	2634.29	59.8302	1.02211
NM_015848.4	2529	2301.29	0	0
NM_015849.3	915	687.293	0	0
NM_015850.4	5691	5463.29	415.257	3.42062
NM_015852.5	9084	8856.29	198.302	1.00767
NM_015853.5	1307	1079.29	39.2269	1.63564
NM_015859.4	6343	6115.29	2849.37	20.9688
NM_015864.5	2372	2144.29	0	0
NM_015865.7	3917	3689.29	0	0
NM_015866.6	8560	8332.29	4.03163	0.021775
NM_015868.3	1592	1364.29	0	0
NM_015869.5	1893	1665.29	0	0
NM_015871.5	638	412.014	537.294	58.6871
NM_015873.4	2831	2603.29	12.3683	0.213811
NM_015874.6	5395	5167.29	4619.65	40.2336
NM_015878.5	4385	4157.29	1331.87	14.4176
NM_015879.3	10087	9859.29	0	0
NM_015881.6	2778	2550.29	120.379	2.12423
NM_015884.4	4446	4218.29	2257	24.0789
NM_015885.4	7534	7306.29	179.497	1.10561
NM_015886.5	6735	6507.29	0.997231	0.00689664
NM_015888.6	5713	5485.29	0	0
NM_015889.5	3231	3003.29	1723.9	25.8319
NM_015891.3	3859	3631.29	1451.1	17.9837
NM_015892.5	4762	4534.29	64.1544	0.636736
NM_015893.1	264	94.6304	0	0
NM_015894.4	2248	2020.29	1303.81	29.0431
NM_015895.5	1263	1035.29	825.103	35.8663
NM_015896.4	1774	1546.29	19	0.552973
NM_015897.4	3069	2841.29	970.608	15.3734
NM_015898.4	6437	6209.29	3199.95	23.1923
NM_015900.4	1743	1515.29	0	0
NM_015901.6	2101	1873.29	25.552	0.613849
NM_015902.6	10895	10667.3	1594.3	6.72603
NM_015904.4	5741	5513.29	8885.41	72.5285
NM_015905.3	8488	8260.29	623.517	3.397
NM_015906.4	8369	8141.29	1183.37	6.54136
NM_015907.3	2209	1981.29	2920	66.3249
NM_015908.6	2990	2762.29	3359.69	54.7358
NM_015909.4	7278	7050.29	1757.51	11.2185
NM_015910.7	4894	4666.29	54.5595	0.526188
NM_015911.4	1573	1345.29	37.8587	1.26646
NM_015912.4	7401	7173.29	0	0
NM_015913.4	1416	1188.29	3075.99	116.494
NM_015914.7	3116	2888.29	1724.22	26.8654
NM_015915.5	2504	2276.29	0.466109	0.00921513
NM_015916.5	1914	1686.29	453.016	12.0899
NM_015917.3	1032	804.293	1365.49	76.4039
NM_015918.4	1086	858.293	682.856	35.8043
NM_015919.4	821	593.487	81.9962	6.21763
NM_015920.4	6110	5882.29	2772.43	21.2108
NM_015921.3	1118	890.293	1291.4	65.2787
NM_015922.3	1833	1605.29	859.981	24.1089
NM_015925.7	1875	1647.29	0	0
NM_015926.6	1320	1092.29	459.854	18.9462
NM_015927.5	1801	1573.29	9.44515	0.270173
NM_015929.4	1392	1164.29	15.2857	0.590834
NM_015931.4	1823	1595.29	0	0
NM_015932.6	1338	1110.29	4723	191.436
NM_015933.6	561	336.904	3124.05	417.305
NM_015934.5	1994	1766.29	3867	98.5266
NM_015935.5	3368	3140.29	1719.25	24.6384
NM_015937.6	2168	1940.29	3369.81	78.1593
NM_015938.5	3028	2800.29	1926.6	30.962
NM_015939.5	2929	2701.29	1278.66	21.3023
NM_015941.4	2120	1892.29	1784.16	42.4315
NM_015942.5	1463	1235.29	770.822	28.0819
NM_015944.4	3262	3034.29	188.247	2.79198
NM_015945.12	5820	5592.29	753.098	6.06044
NM_015946.5	4371	4143.29	1886.89	20.4948
NM_015948.5	3832	3604.29	36.6746	0.457918
NM_015949.3	2090	1862.29	1096	26.4853
NM_015950.5	1216	988.293	782.947	35.6524
NM_015952.4	5385	5157.29	1830.29	15.9713
NM_015953.5	1351	1123.29	62.1835	2.49129
NM_015954.4	1644	1416.29	1491.3	47.3864
NM_015955.5	2193	1965.29	374.04	8.56512
NM_015956.3	1218	990.293	881.049	40.0385
NM_015957.4	1246	1018.29	968.408	42.7984
NM_015958.3	1768	1540.29	597.685	17.4627
NM_015959.4	1645	1417.29	2975.19	94.4708
NM_015960.3	1332	1104.29	706	28.7715
NM_015962.5	4341	4113.29	1756.47	19.2173
NM_015963.6	2076	1848.29	1711.58	41.6743
NM_015964.4	1021	793.293	8	0.453836
NM_015965.7	521	299.283	2416	363.293
NM_015966.3	1302	1074.29	5220.88	218.707
NM_015967.8	3607	3379.29	205.173	2.73235
NM_015969.3	1786	1558.29	524.345	15.143
NM_015971.4	1204	976.293	1755.87	80.9385
NM_015972.4	693	466.041	644.391	62.2253
NM_015973.5	749	521.701	40	3.45049
NM_015974.3	1483	1255.29	306.216	10.978
NM_015975.5	2657	2429.29	849	15.7279
NM_015976.5	1736	1508.29	1556.96	46.4553
NM_015978.3	3019	2791.29	0	0
NM_015979.4	4618	4390.29	1.74565e-08	1.78939e-10
NM_015980.5	2350	2122.29	0	0
NM_015981.4	4837	4609.29	71.7848	0.700875
NM_015982.4	1654	1426.29	4.72985	0.149238
NM_015983.4	3982	3754.29	157.782	1.89135
NM_015984.5	5187	4959.29	275.744	2.50224
NM_015985.4	4692	4464.29	0	0
NM_015986.4	2873	2645.29	1101.64	18.7417
NM_015987.5	1159	931.293	1515	73.2097
NM_015989.5	2695	2467.29	164.214	2.99524
NM_015990.5	7718	7490.29	0	0
NM_015991.4	1091	863.293	0	0
NM_015993.3	1497	1269.29	2	0.0709105
NM_015994.4	1599	1371.29	3131	102.753
NM_015995.4	6845	6617.29	6060	41.213
NM_015997.4	2271	2043.29	72.8773	1.60511
NM_015999.6	2091	1863.29	3879.54	93.7003
NM_016001.3	1876	1648.29	1879.35	51.3117
NM_016002.3	2141	1913.29	1870	43.9848
NM_016003.4	4391	4163.29	952.897	10.3003
NM_016004.5	1754	1526.29	390.067	11.5012
NM_016006.6	5298	5070.29	1299.35	11.5328
NM_016008.4	1399	1171.29	147.93	5.6837
NM_016009.5	6371	6143.29	5931.04	43.4482
NM_016010.3	3310	3082.29	672.882	9.82442
NM_016011.5	2515	2287.29	6.00458e-06	1.18142e-07
NM_016013.4	1509	1281.29	136.417	4.79141
NM_016014.4	1574	1346.29	70.971	2.37238
NM_016016.4	1557	1329.29	2199.89	74.4769
NM_016018.5	6233	6005.29	160.697	1.20425
NM_016019.5	2661	2433.29	3680.53	68.0704
NM_016020.4	2799	2571.29	377.593	6.60868
NM_016021.3	4164	3936.29	4547.76	51.9939
NM_016022.4	2068	1840.29	2709.98	66.2706
NM_016023.5	3148	2920.29	972.302	14.9836
NM_016024.4	1823	1595.29	774	21.8345
NM_016025.5	3153	2925.29	4379.88	67.3806
NM_016026.4	2539	2311.29	3090.6	60.177
NM_016027.3	1526	1298.29	468.994	16.2568
NM_016028.4	2711	2483.29	118.096	2.14018
NM_016029.4	1956	1728.29	889.34	23.1575
NM_016030.6	2499	2271.29	1974.59	39.1242
NM_016032.4	4571	4343.29	2338.52	24.2306
NM_016033.3	2970	2742.29	1329.34	21.8154
NM_016034.5	1458	1230.29	1622.5	59.3496
NM_016035.5	1245	1017.29	597.267	26.4219
NM_016037.4	2023	1795.29	2226.94	55.8233
NM_016038.4	1613	1385.29	6185.78	200.953
NM_016039.3	7007	6779.29	4067.81	27.0034
NM_016040.5	5789	5561.29	3899.34	31.5542
NM_016041.5	4167	3939.29	1514.41	17.3009
NM_016042.4	1813	1585.29	1082.25	30.7228
NM_016044.3	4775	4547.29	91.5376	0.905918
NM_016045.3	2503	2275.29	2012.42	39.8037
NM_016046.5	1145	917.293	719.934	35.3205
NM_016047.4	651	424.846	2159	228.699
NM_016048.2	1942	1714.29	285.849	7.50401
NM_016049.4	838	610.427	151.848	11.1949
NM_016050.5	1605	1377.29	753.799	24.6304
NM_016052.4	7765	7537.29	1653.62	9.87331
NM_016053.4	882	654.427	667.757	45.9197
NM_016055.6	1500	1272.29	465.91	16.48
NM_016056.4	2876	2648.29	1609.84	27.3563
NM_016057.3	1890	1662.29	5329.24	144.278
NM_016058.5	664	437.717	615.546	63.2862
NM_016059.5	1516	1288.29	1343	46.9141
NM_016060.3	1629	1401.29	227.8	7.31588
NM_016061.3	2136	1908.29	2294.99	54.1225
NM_016062.4	668	441.629	1238.37	126.193
NM_016063.3	1446	1218.29	1130.91	41.7752
NM_016065.4	2579	2351.29	1799.04	34.4332
NM_016066.4	1134	906.293	12.8255	0.636865
NM_016067.4	1550	1322.29	960.501	32.6898
NM_016068.3	870	642.427	2338	163.781
NM_016069.11	533	310.571	579.31	83.9445
NM_016070.4	5609	5381.29	1366.62	11.4288
NM_016071.4	4297	4069.29	184.585	2.04136
NM_016072.5	3253	3025.29	4014	59.7107
NM_016073.4	12538	12310.3	2216.2	8.10184
NM_016074.5	891	663.427	152.798	10.3649
NM_016075.4	4425	4197.29	1985.73	21.2909
NM_016076.5	4017	3789.29	3306.76	39.2724
NM_016077.5	731	503.753	591.858	52.874
NM_016078.6	1876	1648.29	1144.71	31.2539
NM_016079.4	3138	2910.29	4811.35	74.4
NM_016080.4	1765	1537.29	2548.51	74.6058
NM_016081.4	5807	5579.29	0.898393	0.00724652
NM_016082.4	1995	1767.29	0	0
NM_016083.6	6019	5791.29	0	0
NM_016084.5	1748	1520.29	253	7.4892
NM_016085.5	1074	846.293	524.668	27.9001
NM_016086.3	1408	1180.29	74.554	2.84265
NM_016087.2	2894	2666.29	13.1696	0.222283
NM_016089.3	3367	3139.29	207	2.96743
NM_016090.4	3607	3379.29	613.372	8.16847
NM_016091.4	2669	2441.29	8101.37	149.342
NM_016093.4	722	494.802	684.354	62.2432
NM_016094.4	3694	3466.29	1833.24	23.801
NM_016095.3	2628	2400.29	777.989	14.5865
NM_016096.5	2672	2444.29	1340.92	24.6884
NM_016097.5	3679	3451.29	3356	43.7605
NM_016098.4	904	676.361	588.5	39.1571
NM_016099.3	1884	1656.29	1630.89	44.3128
NM_016100.5	1040	812.293	2535.51	140.473
NM_016101.5	2055	1827.29	2341.65	57.6707
NM_016102.4	2064	1836.29	0	0
NM_016103.4	6517	6289.29	2361.92	16.9008
NM_016104.4	5627	5399.29	217.738	1.81484
NM_016106.4	2190	1962.29	2296.82	52.6751
NM_016107.5	4717	4489.29	5023.81	50.3614
NM_016108.4	2136	1908.29	121.583	2.86729
NM_016111.4	3314	3086.29	2041.04	29.7616
NM_016112.3	2790	2562.29	0	0
NM_016113.5	2779	2551.29	1944.8	34.305
NM_016115.5	2226	1998.29	508.575	11.4535
NM_016116.3	3784	3556.29	0	0
NM_016118.5	3067	2839.29	1663.98	26.3742
NM_016120.4	10565	10337.3	2159.28	9.40035
NM_016121.5	4019	3791.29	4350.5	51.6409
NM_016122.3	3686	3458.29	1.50739	0.0196158
NM_016123.4	4284	4056.29	103.064	1.14346
NM_016124.6	2814	2586.29	0	0
NM_016125.4	2122	1894.29	473.897	11.2585
NM_016126.4	685	458.134	781.14	76.7324
NM_016127.6	2020	1792.29	2271.58	57.0375
NM_016128.4	3078	2850.29	12573	198.514
NM_016129.3	1651	1423.29	1696.57	53.6437
NM_016131.5	3561	3333.29	8219.3	110.969
NM_016132.5	10137	9909.29	23.1425	0.105102
NM_016133.4	3562	3334.29	923.821	12.4689
NM_016134.4	1932	1704.29	1007	26.5906
NM_016135.4	1605	1377.29	0	0
NM_016138.5	2642	2414.29	363.025	6.76689
NM_016139.4	797	569.487	7491.52	592.01
NM_016140.4	1112	884.293	0	0
NM_016141.4	2485	2257.29	2610.9	52.0529
NM_016142.3	2396	2168.29	3090.52	64.1441
NM_016143.5	2721	2493.29	1720.88	31.0612
NM_016144.4	1435	1207.29	599.325	22.3404
NM_016145.4	619	393.338	1561.99	178.712
NM_016146.6	1425	1197.29	1219.83	45.8503
NM_016147.3	2487	2259.29	2497.07	49.7394
NM_016148.5	9636	9408.29	0	0
NM_016150.5	2369	2141.29	0	0
NM_016151.4	4937	4709.29	1827.22	17.4613
NM_016152.4	2775	2547.29	0	0
NM_016153.3	1963	1735.29	11.095	0.287738
NM_016154.5	1159	931.293	251.72	12.1639
NM_016155.7	2411	2183.29	338.03	6.96764
NM_016156.6	4495	4267.29	1221.86	12.8858
NM_016157.4	2313	2085.29	0	0
NM_016161.3	1779	1551.29	1.1242e-07	3.2613e-09
NM_016162.4	1659	1431.29	177.682	5.58671
NM_016166.3	7980	7752.29	708.597	4.1135
NM_016167.5	1683	1455.29	1127.62	34.8702
NM_016169.4	5016	4788.29	608.019	5.71451
NM_016170.5	2171	1943.29	47	1.08843
NM_016172.3	1860	1632.29	1368	37.7164
NM_016173.5	16993	16765.3	0	0
NM_016174.5	2308	2080.29	13836.7	299.33
NM_016175.4	1168	940.293	141.472	6.77094
NM_016176.6	1933	1705.29	8937.35	235.859
NM_016178.2	901	673.361	0	0
NM_016179.4	7979	7751.29	309.848	1.79894
NM_016180.5	1728	1500.29	0	0
NM_016183.4	2049	1821.29	3069.73	75.8512
NM_016184.4	1296	1068.29	4.62558e-08	1.94858e-09
NM_016185.4	1434	1206.29	4973.16	185.533
NM_016186.3	5338	5110.29	0	0
NM_016188.5	1524	1296.29	0	0
NM_016190.3	1902	1674.29	0	0
NM_016192.4	2799	2571.29	6.81267	0.119236
NM_016194.4	8934	8706.29	0	0
NM_016195.4	6321	6093.29	7072.61	52.236
NM_016196.4	4148	3920.29	724.553	8.31753
NM_016199.3	491	271.527	1509	250.103
NM_016200.5	12384	12156.3	1539	5.69744
NM_016201.4	4868	4640.29	7739.35	75.0587
NM_016202.2	1433	1205.29	97.2271	3.63025
NM_016203.4	3279	3051.29	0	0
NM_016204.4	3309	3081.29	0	0
NM_016205.3	4570	4342.29	2831.51	29.3455
NM_016206.4	10438	10210.3	3019.86	13.3104
NM_016207.4	2259	2031.29	2454.09	54.37
NM_016208.4	948	720.293	661.679	41.3409
NM_016209.5	2166	1938.29	207.334	4.81387
NM_016210.5	2657	2429.29	86.9533	1.61082
NM_016211.5	4181	3953.29	1.65739e-05	1.88672e-07
NM_016212.5	1465	1237.29	9.4337	0.343124
NM_016213.5	2013	1785.29	707.707	17.8396
NM_016215.5	1759	1531.29	0	0
NM_016216.4	2662	2434.29	760.093	14.0519
NM_016217.3	5646	5418.29	1203.75	9.99807
NM_016218.6	14623	14395.3	0.0034171	1.06826e-05
NM_016219.5	2707	2479.29	3063.43	55.6061
NM_016220.5	6059	5831.29	0	0
NM_016221.4	4116	3888.29	3889.64	45.0186
NM_016222.4	2099	1871.29	2993.42	71.9893
NM_016223.5	1873	1645.29	514.631	14.0765
NM_016224.5	4216	3988.29	11128.1	125.568
NM_016226.5	1531	1303.29	1019.57	35.2059
NM_016227.4	5916	5688.29	56.2801	0.445261
NM_016228.4	2250	2022.29	444.501	9.89169
NM_016229.5	1249	1021.29	165.026	7.27186
NM_016230.4	9205	8977.29	775.683	3.88849
NM_016231.5	3526	3298.29	377.512	5.15091
NM_016232.5	1997	1769.29	0	0
NM_016233.2	3189	2961.29	0	0
NM_016234.4	3343	3115.29	144.326	2.08492
NM_016235.3	5144	4916.29	258.226	2.36376
NM_016237.5	2574	2346.29	3711.89	71.196
NM_016238.3	3023	2795.29	1585.12	25.5197
NM_016239.4	11811	11583.3	0	0
NM_016240.3	3787	3559.29	19169.3	242.374
NM_016242.4	3966	3738.29	10.42	0.12544
NM_016243.3	1624	1396.29	951	30.6511
NM_016245.5	1782	1554.29	1378.59	39.9157
NM_016246.3	1050	822.293	22.3378	1.22252
NM_016247.4	8352	8124.29	5	0.0276966
NM_016248.4	9915	9687.29	587.463	2.72911
NM_016249.4	1994	1766.29	0	0
NM_016250.3	2047	1819.29	0	0
NM_016252.4	15687	15459.3	169.944	0.494719
NM_016255.3	4726	4498.29	1330	13.306
NM_016256.4	2203	1975.29	386	8.79423
NM_016257.4	4600	4372.29	0	0
NM_016258.3	2744	2516.29	3856.22	68.9672
NM_016260.3	9515	9287.29	24.3149	0.117822
NM_016261.4	2491	2263.29	198.766	3.95223
NM_016262.5	2225	1997.29	435.299	9.80816
NM_016263.4	5178	4950.29	2525.12	22.9558
NM_016264.4	2636	2408.29	1.35388e-06	2.52996e-08
NM_016265.4	5075	4847.29	1252	11.6238
NM_016267.4	1144	916.293	0	0
NM_016269.5	3575	3347.29	0	0
NM_016270.4	2820	2592.29	1374	23.8531
NM_016271.5	3551	3323.29	1.21415e-06	1.64416e-08
NM_016272.4	4337	4109.29	2382.13	26.088
NM_016274.6	2114	1886.29	2527.21	60.2941
NM_016275.5	3437	3209.29	3760	52.7255
NM_016276.5	2413	2185.29	0	0
NM_016277.5	4830	4602.29	3099.09	30.3041
NM_016279.4	3082	2854.29	0	0
NM_016281.4	4346	4118.29	1546.94	16.9044
NM_016282.4	4219	3991.29	1760.31	19.848
NM_016283.5	1626	1398.29	1118.96	36.0129
NM_016284.5	8411	8183.29	6538.09	35.9555
NM_016286.4	852	624.427	608.975	43.8894
NM_016287.5	3904	3676.29	9971.18	122.062
NM_016289.4	3829	3601.29	4039.96	50.4848
NM_016290.4	2629	2401.29	0.000252041	4.72354e-06
NM_016291.4	1746	1518.29	733.922	21.7539
NM_016292.3	2223	1995.29	2349.2	52.9854
NM_016293.4	2231	2003.29	0	0
NM_016297.4	5339	5111.29	5783.3	50.9198
NM_016298.4	5669	5441.29	3.02374	0.0250083
NM_016299.4	1762	1534.29	948.257	27.8138
NM_016300.5	3255	3027.29	0	0
NM_016301.4	1457	1229.29	1186.96	43.4534
NM_016302.4	2187	1959.29	342.803	7.87386
NM_016303.3	1028	800.293	2530.29	142.286
NM_016304.3	1889	1661.29	3390	91.8323
NM_016305.4	2867	2639.29	109.344	1.86445
NM_016306.6	1640	1412.29	5727.87	182.52
NM_016307.4	1305	1077.29	3540.45	147.9
NM_016308.3	2937	2709.29	3961.69	65.8063
NM_016309.3	1352	1124.29	469.253	18.7832
NM_016310.5	1372	1144.29	633.945	24.932
NM_016311.5	503	282.705	1464.49	233.13
NM_016312.3	4581	4353.29	4214	43.5631
NM_016315.4	3294	3066.29	141.759	2.08056
NM_016316.4	4731	4503.29	215.732	2.15589
NM_016318.4	1801	1573.29	0	0
NM_016319.4	1804	1576.29	656.519	18.7436
NM_016320.5	6726	6498.29	2466.83	17.0837
NM_016321.3	1952	1724.29	0	0
NM_016322.4	4149	3921.29	6839	78.4884
NM_016323.4	3511	3283.29	26	0.356374
NM_016324.4	2507	2279.29	34.8564	0.688216
NM_016325.4	2712	2484.29	0	0
NM_016326.3	633	407.137	21.3946	2.36486
NM_016327.3	3823	3595.29	1.00191	0.0125411
NM_016328.3	3329	3101.29	262.357	3.80707
NM_016329.4	4553	4325.29	323	3.3607
NM_016331.3	6374	6146.29	0	0
NM_016332.4	1277	1049.29	494.987	21.2295
NM_016333.4	9044	8816.29	24812.3	126.655
NM_016334.5	2160	1932.29	179.035	4.16973
NM_016335.6	2203	1975.29	0	0
NM_016337.3	1834	1606.29	687.925	19.2734
NM_016338.5	4365	4137.29	2084	22.6685
NM_016339.6	4243	4015.29	34.5204	0.386902
NM_016340.6	8350	8122.29	489.416	2.7117
NM_016341.4	12481	12253.3	204.619	0.751511
NM_016343.4	10290	10062.3	19780.2	88.4659
NM_016346.4	2102	1874.29	0	0
NM_016350.5	4410	4182.29	0.0136453	0.000146828
NM_016351.6	9226	8998.29	9.8424e-08	4.92247e-10
NM_016352.4	2790	2562.29	182.454	3.20455
NM_016353.5	5924	5696.29	1581.11	12.4914
NM_016354.4	2716	2488.29	31.3478	0.566953
NM_016355.4	1817	1589.29	2154.66	61.0123
NM_016356.5	4715	4487.29	0	0
NM_016357.5	3680	3452.29	1347.49	17.5655
NM_016358.3	2394	2166.29	0	0
NM_016359.5	2263	2035.29	1777.85	39.3108
NM_016360.4	1446	1218.29	1140	42.111
NM_016361.5	6956	6728.29	0.847386	0.00566786
NM_016362.5	1434	1206.29	0	0
NM_016363.5	2264	2036.29	0	0
NM_016364.3	923	695.293	1	0.0647253
NM_016366.3	1010	782.293	0	0
NM_016368.5	2252	2024.29	97.9346	2.17723
NM_016369.4	3355	3127.29	25.0179	0.360018
NM_016370.4	3772	3544.29	35	0.444407
NM_016371.4	1528	1300.29	111.144	3.84669
NM_016373.4	2241	2013.29	59.0205	1.31928
NM_016374.6	6022	5794.29	1174.16	9.11945
NM_016376.5	7509	7281.29	270.149	1.6697
NM_016377.4	3150	2922.29	125.967	1.93988
NM_016378.3	815	587.487	0	0
NM_016379.4	995	767.293	0	0
NM_016382.4	2495	2267.29	0	0
NM_016383.5	1746	1518.29	0	0
NM_016388.4	1831	1603.29	0	0
NM_016390.4	4259	4031.29	952.662	10.635
NM_016391.8	881	653.427	868.462	59.813
NM_016395.4	3228	3000.29	5588	83.8176
NM_016396.3	6433	6205.29	1838.56	13.3339
NM_016399.3	1151	923.293	1213	59.1239
NM_016400.4	3011	2783.29	33.0565	0.534491
NM_016401.4	1108	880.293	708.52	36.2215
NM_016403.4	1522	1294.29	1656.07	57.5822
NM_016404.3	812	584.487	2028.31	156.171
NM_016406.4	888	660.427	1762	120.067
NM_016407.5	2176	1948.29	3229.83	74.6049
NM_016408.4	2080	1852.29	520.502	12.6461
NM_016410.6	1901	1673.29	2501.34	67.2734
NM_016417.3	1103	875.293	1856	95.426
NM_016418.5	6091	5863.29	1284.46	9.85877
NM_016422.4	4049	3821.29	1252.31	14.7484
NM_016423.3	3055	2827.29	221.938	3.53267
NM_016424.5	6987	6759.29	1352.65	9.00591
NM_016426.7	2983	2755.29	4678.75	76.4195
NM_016427.3	3095	2867.29	0	0
NM_016428.3	1629	1401.29	90.2995	2.9
NM_016429.4	914	686.293	2112.32	138.514
NM_016430.4	873	645.427	62.3498	4.3474
NM_016433.4	2407	2179.29	2717.45	56.1162
NM_016434.4	4445	4217.29	991.386	10.5792
NM_016436.5	5879	5651.29	2077.77	16.546
NM_016437.3	1782	1554.29	326.819	9.46272
NM_016438.4	650	423.846	0	0
NM_016440.4	1923	1695.29	49.4887	1.31372
NM_016441.3	6060	5832.29	17144	132.286
NM_016442.5	5337	5109.29	5.88668e-08	5.18503e-10
NM_016444.3	2845	2617.29	0	0
NM_016445.3	1513	1285.29	947.757	33.1846
NM_016446.4	2150	1922.29	0	0
NM_016447.4	8515	8287.29	50.1389	0.272273
NM_016448.4	4409	4181.29	2288.68	24.633
NM_016449.4	1300	1072.29	1.26035	0.0528956
NM_016451.5	3434	3206.29	2051.38	28.7929
NM_016452.3	2497	2269.29	0	0
NM_016453.4	2977	2749.29	510.004	8.34824
NM_016454.4	1019	791.293	2210.26	125.704
NM_016456.5	1509	1281.29	1514.12	53.1805
NM_016457.5	3588	3360.29	237.079	3.1751
NM_016458.4	2534	2306.29	1287.81	25.1292
NM_016459.4	925	697.293	1	0.0645397
NM_016460.4	4679	4451.29	0	0
NM_016462.4	1016	788.293	2291.36	130.812
NM_016463.9	2601	2373.29	2846.49	53.9759
NM_016464.5	1475	1247.29	500.225	18.0484
NM_016466.6	892	664.361	219	14.8348
NM_016467.5	2150	1922.29	690.694	16.1699
NM_016468.7	1669	1441.29	1399.3	43.692
NM_016470.8	2109	1881.29	1027.93	24.5896
NM_016472.5	2169	1941.29	1155.81	26.794
NM_016474.5	2940	2712.29	493.176	8.1829
NM_016475.5	2347	2119.29	1007.53	21.3948
NM_016476.11	948	720.293	130.64	8.16225
NM_016478.5	1889	1661.29	671.892	18.201
NM_016479.6	2034	1806.29	2003.9	49.9264
NM_016480.5	1456	1228.29	2008.25	73.5797
NM_016481.5	1577	1349.29	112.658	3.7575
NM_016483.7	2127	1899.29	1.89879	0.0449911
NM_016484.5	991	763.293	1201.99	70.8683
NM_016485.5	6991	6763.29	3977.64	26.4673
NM_016486.4	1465	1237.29	932	33.8989
NM_016487.5	1158	930.293	396.535	19.1824
NM_016488.7	3463	3235.29	24.3837	0.339178
NM_016489.14	1548	1320.29	0	0
NM_016490.5	1001	773.293	0	0
NM_016491.4	1483	1255.29	3703.44	132.771
NM_016492.5	831	603.427	267.837	19.975
NM_016494.4	685	458.134	1468.23	144.226
NM_016495.6	1282	1054.29	106.421	4.54263
NM_016496.5	1651	1423.29	42.9072	1.35668
NM_016497.4	898	670.361	3261	218.919
NM_016498.5	1133	905.293	400.717	19.9201
NM_016499.6	1076	848.293	58.6163	3.10967
NM_016500.5	1185	957.293	1043.03	49.0334
NM_016504.3	686	459.134	1342	131.539
NM_016505.4	1568	1340.29	1095.09	36.7699
NM_016506.7	2462	2234.29	70.6248	1.42252
NM_016507.4	8287	8059.29	1331.52	7.43523
NM_016508.4	1717	1489.29	3.05753	0.0923916
NM_016509.4	779	551.487	0	0
NM_016510.7	2450	2222.29	388.323	7.86383
NM_016511.4	2685	2457.29	0	0
NM_016512.5	627	401.259	0	0
NM_016513.5	6257	6029.29	68.9149	0.514386
NM_016516.3	4725	4497.29	545.813	5.46179
NM_016518.3	2169	1941.29	5	0.11591
NM_016519.6	2005	1777.29	0	0
NM_016520.3	1795	1567.29	2274.24	65.3022
NM_016521.3	1693	1465.29	0	0
NM_016522.3	2857	2629.29	0	0
NM_016523.3	1239	1011.29	0	0
NM_016524.4	3088	2860.29	0	0
NM_016525.5	2705	2477.29	1691.81	30.7339
NM_016526.5	2933	2705.29	439.174	7.30575
NM_016527.4	1472	1244.29	0	0
NM_016529.6	9672	9444.29	0	0
NM_016530.3	4800	4572.29	1515.64	14.9178
NM_016531.6	5594	5366.29	2856	23.9512
NM_016532.4	2706	2478.29	550.614	9.99854
NM_016533.6	918	690.293	0	0
NM_016535.4	1197	969.293	386	17.9215
NM_016536.5	2289	2061.29	29	0.633141
NM_016538.3	1725	1497.29	294.776	8.85988
NM_016539.4	1600	1372.29	443.496	14.5441
NM_016540.4	4277	4049.29	0	0
NM_016541.3	985	757.293	2	0.118852
NM_016542.4	3251	3023.29	350.623	5.21919
NM_016543.4	1475	1247.29	0	0
NM_016544.3	4847	4619.29	20.5052	0.199771
NM_016545.5	4201	3973.29	2506.94	28.3946
NM_016546.4	3335	3107.29	305.818	4.42917
NM_016547.3	2049	1821.29	542.581	13.4069
NM_016548.4	3046	2818.29	4382.11	69.9744
NM_016551.3	4315	4087.29	1491.87	16.4262
NM_016552.5	3242	3014.29	4.90081	0.0731687
NM_016553.5	3361	3133.29	895.103	12.8562
NM_016556.4	1355	1127.29	565.022	22.5564
NM_016557.4	2310	2082.29	274.26	5.92737
NM_016558.4	1021	793.293	0	0
NM_016559.3	9089	8861.29	0	0
NM_016561.3	2903	2675.29	3437.28	57.821
NM_016562.4	5003	4775.29	2.00294	0.018876
NM_016563.4	2519	2291.29	0	0
NM_016564.4	1605	1377.29	23	0.751525
NM_016565.3	818	590.487	1522.88	116.064
NM_016567.4	1433	1205.29	402.892	15.0431
NM_016568.3	2533	2305.29	3	0.0585649
NM_016569.4	4793	4565.29	3165.01	31.1995
NM_016570.3	5033	4805.29	3399.02	31.8329
NM_016571.3	5640	5412.29	0	0
NM_016573.4	3528	3300.29	134.028	1.82761
NM_016574.4	2721	2493.29	0	0
NM_016576.5	1836	1608.29	176.81	4.94747
NM_016577.4	5596	5368.29	69.2802	0.580785
NM_016578.4	11242	11014.3	2200.68	8.99171
NM_016579.4	1253	1025.29	1544.25	67.7816
NM_016580.4	5706	5478.29	13	0.106792
NM_016581.5	1647	1419.29	675.37	21.4147
NM_016582.3	2506	2278.29	16.036	0.316759
NM_016583.4	1020	792.293	0	0
NM_016584.3	1037	809.293	7	0.389255
NM_016585.5	1649	1421.29	0	0
NM_016586.3	1603	1375.29	507.383	16.6028
NM_016587.4	2061	1833.29	7207.4	176.925
NM_016588.3	1582	1354.29	1422.23	47.2607
NM_016589.4	2379	2151.29	2271.36	47.5148
NM_016592.5	2551	2323.29	0	0
NM_016593.5	2432	2204.29	0	0
NM_016594.3	691	464.041	2245.42	217.762
NM_016598.3	12678	12450.3	365.451	1.32097
NM_016599.5	2549	2321.29	1.14023	0.0221058
NM_016602.3	1773	1545.29	53	1.5435
NM_016603.4	5513	5285.29	517.751	4.40854
NM_016604.4	6724	6496.29	2808.24	19.4541
NM_016605.3	4143	3915.29	2054.29	23.6124
NM_016606.4	2125	1897.29	0	0
NM_016607.4	3376	3148.29	686.339	9.81084
NM_016608.2	2125	1897.29	1397	33.1363
NM_016609.7	2372	2144.29	350.653	7.35928
NM_016610.4	4353	4125.29	0	0
NM_016612.4	4672	4444.29	0	0
NM_016613.7	4752	4524.29	2527.28	25.1388
NM_016614.3	1935	1707.29	1850	48.7647
NM_016615.5	2188	1960.29	0	0
NM_016616.5	2308	2080.29	0	0
NM_016617.4	3168	2940.29	2780.23	42.5533
NM_016618.3	1807	1579.29	1332.97	37.9839
NM_016619.3	1374	1146.29	1.0082	0.0395814
NM_016620.4	2062	1834.29	0	0
NM_016621.5	7198	6970.29	0.00113587	7.33362e-06
NM_016622.4	3723	3495.29	1741.47	22.422
NM_016623.5	3777	3549.29	362.059	4.59071
NM_016625.4	2585	2357.29	745.057	14.2239
NM_016626.5	4142	3914.29	2383.26	27.4006
NM_016627.5	1932	1704.29	621.37	16.4077
NM_016628.5	5912	5684.29	548.379	4.34157
NM_016630.7	1799	1571.29	2107.43	60.3584
NM_016631.4	3892	3664.29	813.987	9.997
NM_016632.2	877	649.427	3.52037	0.24395
NM_016633.4	488	268.748	0	0
NM_016638.4	966	738.293	1086.53	66.2302
NM_016639.3	977	749.293	12359	742.29
NM_016640.4	1648	1420.29	727	23.0356
NM_016641.4	2907	2679.29	1949.79	32.7498
NM_016642.4	11699	11471.3	39.8726	0.156424
NM_016643.4	2082	1854.29	7.77322	0.188653
NM_016644.3	1832	1604.29	98.5394	2.76419
NM_016647.3	2239	2011.29	215.043	4.81164
NM_016648.4	2107	1879.29	1243.48	29.7774
NM_016649.4	3246	3018.29	0	0
NM_016651.6	3939	3711.29	832.045	10.0894
NM_016652.6	4406	4178.29	0	0
NM_016653.3	3859	3631.29	2055.72	25.4768
NM_016654.5	4609	4381.29	305.902	3.14211
NM_016655.5	1397	1169.29	90.3404	3.47697
NM_016656.4	2135	1907.29	0	0
NM_016657.3	913	685.293	175.453	11.5219
NM_016724.3	1021	793.293	0	0
NM_016725.3	955	727.293	0	0
NM_016729.3	930	702.293	8	0.512641
NM_016732.3	6213	5985.29	2143.88	16.1197
NM_016733.3	3826	3598.29	445.828	5.57588
NM_016734.3	8704	8476.29	0	0
NM_016815.4	961	733.293	82.4829	5.06208
NM_016816.4	1631	1403.29	8.33269	0.267226
NM_016817.3	3489	3261.29	0	0
NM_016818.3	2976	2748.29	0	0
NM_016819.4	1874	1646.29	143.067	3.91087
NM_016820.4	1647	1419.29	33.0338	1.04744
NM_016821.3	2125	1897.29	100.86	2.39237
NM_016823.4	3850	3622.29	3805.31	47.2769
NM_016824.5	4413	4185.29	13.9519	0.150021
NM_016826.3	1924	1696.29	0	0
NM_016827.3	1742	1514.29	34.9837	1.03967
NM_016828.3	2225	1997.29	43.883	0.988774
NM_016829.3	2178	1950.29	0	0
NM_016830.4	1092	864.293	12.6501	0.65868
NM_016831.4	6430	6202.29	0	0
NM_016834.5	5465	5237.29	0	0
NM_016835.5	6590	6362.29	0	0
NM_016836.4	4286	4058.29	2643.4	29.313
NM_016841.5	5372	5144.29	9.31018e-06	8.14469e-08
NM_016848.6	9819	9591.29	488.07	2.29006
NM_016929.5	5706	5478.29	0	0
NM_016930.4	2158	1930.29	1281.22	29.8705
NM_016931.5	4269	4041.29	6.581	0.0732848
NM_016932.5	2206	1978.29	217.846	4.95565
NM_016937.4	5469	5241.29	83.2939	0.715183
NM_016938.5	1934	1706.29	8139.83	214.686
NM_016940.3	3065	2837.29	727.858	11.5448
NM_016941.4	2341	2113.29	6.01994	0.128196
NM_016943.2	1101	873.293	2	0.103065
NM_016944.2	5018	4790.29	7.00847	0.065842
NM_016945.3	997	769.293	0	0
NM_016946.6	4639	4411.29	53.6294	0.547116
NM_016948.3	1247	1019.29	0.069098	0.00305076
NM_016950.3	2893	2665.29	0	0
NM_016951.4	656	429.76	347.591	36.3986
NM_016952.5	8044	7816.29	1.7006e-06	9.79139e-09
NM_016953.4	9305	9077.29	42.4188	0.210302
NM_016954.2	2248	2020.29	0	0
NM_016955.4	5503	5275.29	321.063	2.73896
NM_017409.4	1976	1748.29	50	1.28706
NM_017410.3	2357	2129.29	0	0
NM_017411.4	1482	1254.29	296.266	10.6298
NM_017412.4	13770	13542.3	0.000231271	7.68548e-07
NM_017413.5	3224	2996.29	697	10.4687
NM_017414.4	1858	1630.29	376.177	10.3841
NM_017415.3	6805	6577.29	51	0.348952
NM_017416.2	3101	2873.29	0	0
NM_017417.2	2321	2093.29	0	0
NM_017419.3	1696	1468.29	0	0
NM_017420.5	6491	6263.29	289.088	2.07716
NM_017421.4	1325	1097.29	329.507	13.514
NM_017422.5	874	646.427	0	0
NM_017423.3	4249	4021.29	999.884	11.1899
NM_017425.4	3604	3376.29	552.742	7.36757
NM_017426.4	2249	2021.29	2042.97	45.4858
NM_017429.3	2429	2201.29	0	0
NM_017431.4	2388	2160.29	0	0
NM_017432.5	1655	1427.29	401.8	12.6689
NM_017433.5	5624	5396.29	0	0
NM_017434.5	5675	5447.29	0	0
NM_017435.5	3498	3270.29	0	0
NM_017436.7	2092	1864.29	1270.71	30.6742
NM_017437.3	13003	12775.3	4155.3	14.6377
NM_017438.5	2991	2763.29	0.00436646	7.11122e-05
NM_017439.4	3200	2972.29	110.118	1.66728
NM_017440.6	2950	2722.29	92.9102	1.53593
NM_017442.4	3352	3124.29	2	0.0288085
NM_017443.5	2194	1966.29	1184	27.0986
NM_017444.6	2481	2253.29	1227.7	24.5198
NM_017445.3	467	249.436	1.02977	0.185791
NM_017446.4	1074	846.293	919.586	48.9005
NM_017447.4	5393	5165.29	46.6897	0.406788
NM_017448.5	2035	1807.29	0	0
NM_017449.5	11035	10807.3	16.1876	0.0674075
NM_017450.3	3185	2957.29	289.363	4.40342
NM_017451.3	2892	2664.29	0	0
NM_017452.4	3362	3134.29	3740.19	53.7027
NM_017453.4	3651	3423.29	355.961	4.67952
NM_017454.4	3287	3059.29	459.487	6.75918
NM_017455.4	2072	1844.29	7352.48	179.41
NM_017456.4	3287	3059.29	91.1292	1.34054
NM_017457.6	4446	4218.29	1125.09	12.0031
NM_017458.3	2943	2715.29	1932.36	32.0268
NM_017459.3	1081	853.293	51.9787	2.74138
NM_017460.6	2781	2553.29	0	0
NM_017481.4	2379	2151.29	0	0
NM_017482.4	3766	3538.29	17.7187	0.225362
NM_017488.4	9376	9148.29	0	0
NM_017489.3	3329	3101.29	425.254	6.17089
NM_017490.4	4494	4266.29	90.5474	0.955142
NM_017491.5	2993	2765.29	25572	416.166
NM_017492.4	3905	3677.29	197.119	2.41236
NM_017493.7	867	639.427	5.55207	0.390756
NM_017495.6	2393	2165.29	189.391	3.93626
NM_017503.5	833	605.427	285.428	21.2167
NM_017504.2	5934	5706.29	2.06428	0.0162801
NM_017506.2	2126	1898.29	0	0
NM_017507.2	2269	2041.29	0	0
NM_017508.3	8975	8747.29	2.91594e-08	1.50019e-10
NM_017509.4	1357	1129.29	0	0
NM_017510.6	2546	2318.29	10239.7	198.774
NM_017512.7	5362	5134.29	0	0
NM_017514.5	10885	10657.3	2386.99	10.0797
NM_017515.5	2769	2541.29	1348.98	23.8887
NM_017516.3	1885	1657.29	0	0
NM_017519.3	10151	9923.29	118.872	0.539098
NM_017520.4	4239	4011.29	1000.38	11.2233
NM_017521.3	1406	1178.29	0	0
NM_017522.5	6915	6687.29	354.097	2.38294
NM_017523.5	3417	3189.29	0	0
NM_017525.3	6161	5933.29	0	0
NM_017526.5	4541	4313.29	4201.49	43.8366
NM_017527.4	2671	2443.29	414.983	7.64357
NM_017528.5	1201	973.293	1597.39	73.8601
NM_017530.2	1879	1651.29	4.4111e-06	1.20217e-07
NM_017533.2	6016	5788.29	2	0.0155497
NM_017534.6	6044	5816.29	2	0.0154748
NM_017539.2	12411	12183.3	0	0
NM_017541.4	844	616.427	31	2.2632
NM_017542.5	5751	5523.29	360.496	2.93728
NM_017545.3	1757	1529.29	0	0
NM_017546.5	2515	2287.29	1950	38.3668
NM_017547.4	1951	1723.29	112.264	2.93172
NM_017548.5	3351	3123.29	1490.83	21.4812
NM_017549.5	2515	2287.29	1959.76	38.5588
NM_017550.3	2769	2541.29	929.43	16.459
NM_017551.3	6154	5926.29	162.438	1.23352
NM_017552.4	8112	7884.29	318.693	1.81908
NM_017553.3	6365	6137.29	2070.74	15.1841
NM_017554.3	7694	7466.29	366.942	2.21174
NM_017556.4	3314	3086.29	445.419	6.49492
NM_017558.5	3720	3492.29	0	0
NM_017559.4	1352	1124.29	4.52893	0.181284
NM_017560.3	3864	3636.29	0	0
NM_017561.2	2559	2331.29	0	0
NM_017563.5	8698	8470.29	116.496	0.618952
NM_017564.10	8243	8015.29	0	0
NM_017565.4	4688	4460.29	297.433	3.00102
NM_017566.4	1924	1696.29	277.665	7.36653
NM_017567.6	2371	2143.29	1651.99	34.687
NM_017569.4	2901	2673.29	61.3024	1.03198
NM_017570.5	4020	3792.29	112.362	1.3334
NM_017572.4	1758	1530.29	297.831	8.75866
NM_017573.5	2603	2375.29	0	0
NM_017575.5	5974	5746.29	1173.48	9.19028
NM_017576.4	7257	7029.29	0	0
NM_017577.5	3807	3579.29	151.802	1.90864
NM_017578.5	1126	898.293	0	0
NM_017579.3	7567	7339.29	0	0
NM_017580.3	5695	5467.29	18.3957	0.151421
NM_017581.4	2272	2044.29	17	0.374238
NM_017582.7	3239	3011.29	2681.75	40.0781
NM_017583.6	12994	12766.3	5895.43	20.7823
NM_017584.6	1689	1461.29	7.70362	0.237247
NM_017585.4	2491	2263.29	335.81	6.67721
NM_017586.5	2803	2575.29	72.9864	1.27543
NM_017588.3	3157	2929.29	3225.44	49.5529
NM_017589.4	1050	822.293	0	0
NM_017590.6	5906	5678.29	6113.63	48.4534
NM_017592.4	3590	3362.29	1588.41	21.2603
NM_017593.5	2689	2461.29	324.194	5.92766
NM_017594.5	4105	3877.29	0	0
NM_017595.6	2453	2225.29	1385.57	28.021
NM_017596.4	9911	9683.29	0	0
NM_017599.4	4510	4282.29	341.063	3.58427
NM_017602.4	2903	2675.29	1.99228	0.0335135
NM_017607.4	2997	2769.29	833.504	13.5451
NM_017610.8	5905	5677.29	731.724	5.80027
NM_017611.3	2597	2369.29	32.489	0.617107
NM_017612.5	4113	3885.29	896.129	10.3798
NM_017613.4	2500	2272.29	1691	33.4905
NM_017614.5	2603	2375.29	118.051	2.23663
NM_017615.3	1391	1163.29	531.389	20.5573
NM_017617.5	9568	9340.29	2262.85	10.9028
NM_017619.4	2144	1916.29	461	10.8263
NM_017620.3	6017	5789.29	3746.75	29.1254
NM_017621.4	2092	1864.29	276.477	6.67401
NM_017622.3	1836	1608.29	248	6.93951
NM_017623.5	4900	4672.29	363.003	3.49641
NM_017625.3	1192	964.293	0	0
NM_017626.7	2935	2707.29	683.194	11.3567
NM_017628.4	9236	9008.29	48.3126	0.241357
NM_017629.4	7272	7044.29	7.65962e-07	4.89342e-09
NM_017631.6	6015	5787.29	184.541	1.43502
NM_017632.4	3542	3314.29	656.704	8.91705
NM_017633.3	5582	5354.29	3681	30.939
NM_017634.4	3367	3139.29	5608.5	80.4002
NM_017635.5	5718	5490.29	262.488	2.15157
NM_017636.4	4058	3830.29	299.18	3.51514
NM_017637.6	12808	12580.3	324.989	1.16257
NM_017638.3	1829	1601.29	549.88	15.4539
NM_017640.6	5485	5257.29	415.207	3.55422
NM_017641.4	6332	6104.29	0	0
NM_017643.3	5365	5137.29	303.448	2.65822
NM_017644.3	7331	7103.29	40.1889	0.254618
NM_017645.5	6323	6095.29	3307.04	24.4167
NM_017646.6	5051	4823.29	0	0
NM_017647.4	3551	3323.29	3491.83	47.2853
NM_017649.5	15857	15629.3	80.3259	0.231291
NM_017650.3	9719	9491.29	1.96649e-07	9.32411e-10
NM_017651.5	5978	5750.29	530.791	4.15409
NM_017652.4	2196	1968.29	122.304	2.79637
NM_017653.6	9979	9751.29	111.917	0.516508
NM_017654.4	6806	6578.29	2180.64	14.9181
NM_017655.6	3778	3550.29	86.6032	1.09777
NM_017656.4	12423	12195.3	43.5475	0.160699
NM_017657.5	4017	3789.29	466.139	5.53605
NM_017658.5	6522	6294.29	330.89	2.3658
NM_017659.4	2125	1897.29	308.912	7.32728
NM_017660.5	5662	5434.29	29.522	0.244481
NM_017661.4	4399	4171.29	439.409	4.74068
NM_017662.5	8252	8024.29	0.604264	0.00338893
NM_017664.4	2495	2267.29	439.671	8.72695
NM_017665.4	2123	1895.29	228.214	5.41886
NM_017666.5	4638	4410.29	166.862	1.70268
NM_017667.4	5684	5456.29	625.31	5.15751
NM_017668.3	3203	2975.29	1097.31	16.5975
NM_017669.4	4218	3990.29	1811.5	20.4304
NM_017670.3	1701	1473.29	2346.64	71.6804
NM_017671.5	4637	4409.29	412.115	4.20622
NM_017672.6	10382	10154.3	2265.49	10.0405
NM_017673.7	3838	3610.29	16.1802	0.20169
NM_017675.6	4173	3945.29	8	0.0912542
NM_017676.2	3549	3321.29	157.155	2.12942
NM_017677.4	2660	2432.29	0	0
NM_017678.3	1723	1495.29	0	0
NM_017679.5	3517	3289.29	105.823	1.44784
NM_017680.6	2467	2239.29	222	4.46153
NM_017681.3	1755	1527.29	0	0
NM_017682.3	2011	1783.29	1	0.0252359
NM_017684.5	13274	13046.3	1566.06	5.40211
NM_017686.4	8819	8591.29	350.497	1.83598
NM_017688.3	2328	2100.29	4	0.0857082
NM_017691.5	6176	5948.29	335.048	2.53488
NM_017693.4	3789	3561.29	2235.18	28.2454
NM_017694.4	4796	4568.29	110.004	1.08367
NM_017696.3	5219	4991.29	56.1709	0.506454
NM_017697.4	3768	3540.29	0	0
NM_017698.3	4951	4723.29	223.152	2.12617
NM_017699.3	4818	4590.29	0	0
NM_017700.2	1437	1209.29	0	0
NM_017702.4	892	664.361	142.685	9.66531
NM_017703.3	1873	1645.29	359.557	9.83484
NM_017704.3	1908	1680.29	382	10.2311
NM_017705.4	5372	5144.29	215.79	1.88777
NM_017706.5	3852	3624.29	1266.74	15.7292
NM_017707.4	4051	3823.29	1281.51	15.0844
NM_017708.4	4112	3884.29	1.15762	0.0134121
NM_017709.4	5654	5426.29	92.3521	0.765924
NM_017711.4	1993	1765.29	0	0
NM_017712.4	7081	6853.29	142.784	0.937609
NM_017714.3	2342	2114.29	140.161	2.98335
NM_017715.4	1633	1405.29	21.2476	0.680432
NM_017716.3	1167	939.293	0	0
NM_017719.5	5188	4960.29	693.38	6.2908
NM_017720.3	1514	1286.29	12.0093	0.420164
NM_017721.5	3581	3353.29	301.348	4.04425
NM_017722.5	2349	2121.29	45.0258	0.955219
NM_017723.3	4171	3943.29	201.02	2.29415
NM_017724.2	2863	2635.29	150.141	2.56397
NM_017726.8	750	522.701	0	0
NM_017727.5	2978	2750.29	6815.05	111.515
NM_017728.4	4703	4475.29	1887.35	18.979
NM_017729.4	2213	1985.29	6.88882	0.156157
NM_017730.4	3317	3089.29	694.23	10.1132
NM_017733.5	3885	3657.29	1.42785	0.0175697
NM_017734.5	2334	2106.29	9	0.192294
NM_017735.5	2888	2660.29	985.954	16.679
NM_017736.5	4357	4129.29	1276.22	13.9089
NM_017737.5	4053	3825.29	779.908	9.17532
NM_017738.4	5518	5290.29	155.828	1.32559
NM_017739.4	2719	2491.29	2251.17	40.6655
NM_017740.3	3448	3220.29	1641.66	22.942
NM_017741.4	4547	4319.29	570.709	5.94626
NM_017742.6	5937	5709.29	424.135	3.34322
NM_017743.6	6981	6753.29	112.894	0.752311
NM_017744.5	4255	4027.29	0	0
NM_017745.6	6808	6580.29	185.669	1.2698
NM_017746.4	3077	2849.29	1695.47	26.7791
NM_017747.3	8195	7967.29	1774.24	10.0218
NM_017748.5	3067	2839.29	936.807	14.8485
NM_017749.3	5034	4806.29	0	0
NM_017750.4	3141	2913.29	1206.6	18.6389
NM_017751.4	3833	3605.29	1076.9	13.4425
NM_017752.3	5729	5501.29	1138.29	9.31171
NM_017753.3	2322	2094.29	0	0
NM_017754.4	9567	9339.29	868	4.18262
NM_017755.6	3056	2828.29	4421.73	70.3574
NM_017757.3	8071	7843.29	915.787	5.25458
NM_017758.4	3159	2931.29	4890	75.0744
NM_017759.5	14128	13900.3	197.19	0.638417
NM_017760.7	4049	3821.29	4748.74	55.9256
NM_017761.4	2400	2172.29	5721.54	118.532
NM_017762.3	4985	4757.29	416.359	3.93868
NM_017763.6	4522	4294.29	0	0
NM_017765.3	1805	1577.29	247.896	7.07293
NM_017766.5	4403	4175.29	12.0952	0.130367
NM_017767.3	2234	2006.29	0	0
NM_017768.5	2843	2615.29	1667.86	28.7
NM_017769.5	5770	5542.29	2423.37	19.6776
NM_017770.4	3988	3760.29	29	0.347071
NM_017771.5	3001	2773.29	908.766	14.7468
NM_017772.4	3462	3234.29	326.794	4.54713
NM_017773.4	3271	3043.29	0	0
NM_017774.3	3272	3044.29	373.375	5.51951
NM_017775.4	3050	2822.29	789.51	12.5892
NM_017776.3	2319	2091.29	49.4634	1.06442
NM_017777.4	2343	2115.29	91.1804	1.93987
NM_017778.3	3994	3766.29	1606.28	19.1933
NM_017779.6	4447	4219.29	6336.88	67.5893
NM_017780.4	11606	11378.3	22.8187	0.090252
NM_017781.3	2322	2094.29	0	0
NM_017782.5	8626	8398.29	165.475	0.886714
NM_017784.5	3625	3397.29	543.226	7.19598
NM_017785.5	2529	2301.29	4141.2	80.9834
NM_017786.6	3210	2982.29	0	0
NM_017787.5	4130	3902.29	264.817	3.05399
NM_017789.5	3652	3424.29	343.841	4.51886
NM_017790.6	10226	9998.29	0	0
NM_017791.3	3629	3401.29	98.5311	1.30368
NM_017793.3	2355	2127.29	735	15.549
NM_017794.5	6091	5863.29	0	0
NM_017797.4	2629	2401.29	2764.67	51.8132
NM_017798.4	3198	2970.29	2151.69	32.6004
NM_017799.4	4259	4031.29	597.28	6.6677
NM_017801.3	3307	3079.29	5017	73.3222
NM_017802.4	3412	3184.29	1649.45	23.3114
NM_017803.5	1982	1754.29	474.834	12.181
NM_017805.3	3199	2971.29	172	2.6051
NM_017806.4	1157	929.293	113.538	5.49833
NM_017807.4	1976	1748.29	729.854	18.7873
NM_017810.4	3006	2778.29	6.35405e-06	1.02924e-07
NM_017811.4	4477	4249.29	3948.9	41.8217
NM_017812.4	1604	1376.29	2928.42	95.7556
NM_017813.5	7224	6996.29	13760.6	88.514
NM_017814.3	2251	2023.29	282.716	6.28831
NM_017815.3	1578	1350.29	144.246	4.80748
NM_017816.3	1554	1326.29	1786.88	60.6315
NM_017817.3	1507	1279.29	126	4.43244
NM_017818.4	1692	1464.29	276.772	8.5062
NM_017819.4	1813	1585.29	1318	37.4152
NM_017820.5	2781	2553.29	2.45664	0.0432995
NM_017821.5	1883	1655.29	58.1102	1.57986
NM_017822.4	2373	2145.29	726	15.2297
NM_017823.5	692	465.041	211.542	20.4714
NM_017824.5	3922	3694.29	2269.8	27.6502
NM_017825.3	1651	1423.29	1286.85	40.6889
NM_017826.3	2125	1897.29	3.38798	0.0803616
NM_017827.4	1924	1696.29	539.227	14.3058
NM_017828.5	895	667.361	1375.49	92.7555
NM_017829.6	1726	1498.29	0	0
NM_017830.4	1958	1730.29	2510.86	65.3047
NM_017831.4	5573	5345.29	45.8311	0.385861
NM_017832.4	1901	1673.29	684.79	18.4174
NM_017833.5	1706	1478.29	4.30519	0.131061
NM_017836.4	2182	1954.29	488.801	11.256
NM_017837.4	4673	4445.29	84.7871	0.858365
NM_017838.4	780	552.487	3289.55	267.952
NM_017839.5	5313	5085.29	1459.08	12.9123
NM_017840.4	1083	855.293	1213	63.8246
NM_017841.4	1186	958.293	940	44.144
NM_017842.3	2978	2750.29	137.359	2.24761
NM_017843.4	1404	1176.29	4.8553	0.185756
NM_017844.4	2466	2238.29	0	0
NM_017845.5	1461	1233.29	918.465	33.5149
NM_017846.5	1799	1571.29	740.77	21.2163
NM_017847.6	3820	3592.29	691.44	8.66213
NM_017848.6	8056	7828.29	264.697	1.52168
NM_017849.4	6271	6043.29	1591.55	11.8519
NM_017850.3	2364	2136.29	40.7671	0.858799
NM_017851.6	2737	2509.29	15.5511	0.278903
NM_017852.5	3540	3312.29	0	0
NM_017853.3	2521	2293.29	462.561	9.0772
NM_017854.2	655	428.76	406	42.6141
NM_017855.4	1355	1127.29	0	0
NM_017856.3	3235	3007.29	15.0096	0.224614
NM_017857.4	2781	2553.29	297.77	5.24834
NM_017858.3	1728	1500.29	292.354	8.76952
NM_017859.4	1838	1610.29	421.784	11.7876
NM_017860.5	2085	1857.29	141.31	3.42401
NM_017861.4	3038	2810.29	822.747	13.1752
NM_017863.2	2188	1960.29	0	0
NM_017864.4	4645	4417.29	1429.3	14.5616
NM_017865.4	1942	1714.29	0	0
NM_017866.6	2032	1804.29	976.02	24.3441
NM_017867.3	1216	988.293	1138.99	51.8654
NM_017868.4	2256	2028.29	92.8532	2.0602
NM_017869.4	2215	1987.29	12.0131	0.272041
NM_017870.4	3501	3273.29	350.211	4.81489
NM_017871.6	2114	1886.29	2755.17	65.7328
NM_017872.5	2885	2657.29	671.322	11.3693
NM_017873.4	4603	4375.29	2063.63	21.226
NM_017875.4	2101	1873.29	1230.05	29.5501
NM_017877.4	3902	3674.29	1295.15	15.8631
NM_017878.2	738	510.753	0	0
NM_017879.3	2545	2317.29	202.642	3.93541
NM_017880.3	2524	2296.29	218.635	4.28484
NM_017881.3	1754	1526.29	319.936	9.43337
NM_017882.3	2228	2000.29	1817.93	40.9002
NM_017883.6	5800	5572.29	858.977	6.93729
NM_017884.6	1546	1318.29	508.636	17.3635
NM_017885.4	656	429.76	297.933	31.1986
NM_017886.4	4294	4066.29	63.8587	0.706747
NM_017887.3	1102	874.293	1109.56	57.1134
NM_017888.3	2796	2568.29	0	0
NM_017890.5	14086	13858.3	138.855	0.450916
NM_017891.5	1832	1604.29	361.466	10.1397
NM_017892.5	7742	7514.29	198.084	1.18632
NM_017893.4	4489	4261.29	0.530192	0.0055993
NM_017894.6	998	770.293	0	0
NM_017895.8	2570	2342.29	2008.63	38.5924
NM_017896.3	4369	4141.29	1925.1	20.9199
NM_017897.3	1506	1278.29	221.453	7.79639
NM_017898.5	2146	1918.29	56.1486	1.31725
NM_017899.4	989	761.293	0	0
NM_017900.3	753	525.701	2295.15	196.479
NM_017901.6	5248	5020.29	559.089	5.0118
NM_017902.3	12927	12699.3	2192.35	7.76913
NM_017904.4	2274	2046.29	0	0
NM_017905.6	3058	2830.29	4007.01	63.7134
NM_017906.3	1523	1295.29	840.548	29.2036
NM_017907.3	1089	861.293	2598	135.747
NM_017908.4	2050	1822.29	209.045	5.16256
NM_017909.4	1948	1720.29	147.211	3.85106
NM_017910.4	1844	1616.29	405.533	11.2914
NM_017911.4	2883	2655.29	303.426	5.1426
NM_017912.4	3776	3548.29	37.0207	0.469535
NM_017913.4	3500	3272.29	775.093	10.6597
NM_017914.4	870	642.427	1281	89.7361
NM_017915.5	3076	2848.29	540.95	8.54702
NM_017916.3	1197	969.293	1301.29	60.4172
NM_017917.4	1511	1283.29	115.469	4.04931
NM_017918.5	2230	2002.29	1820.01	40.9061
NM_017919.3	6885	6657.29	814.549	5.50633
NM_017920.5	3544	3316.29	140.049	1.90051
NM_017921.4	4381	4153.29	6033.94	65.3809
NM_017922.4	3532	3304.29	1270.42	17.3026
NM_017923.4	5299	5071.29	102	0.905157
NM_017924.4	2914	2686.29	2410	40.3744
NM_017925.7	7996	7768.29	409.12	2.37011
NM_017926.4	14021	13793.3	1181.57	3.85507
NM_017929.6	18378	18150.3	206.602	0.512263
NM_017931.4	2566	2338.29	803.537	15.465
NM_017933.5	2768	2540.29	69.3316	1.22826
NM_017934.7	11926	11698.3	2964.25	11.4034
NM_017935.5	3322	3094.29	5	0.0727195
NM_017938.4	3422	3194.29	0	0
NM_017940.8	6126	5898.29	0	0
NM_017941.6	3618	3390.29	370.905	4.92343
NM_017943.4	3348	3120.29	961.479	13.8671
NM_017944.4	9790	9562.29	599.217	2.8201
NM_017945.5	4366	4138.29	1448.19	15.7488
NM_017946.4	4978	4750.29	4322.4	40.9493
NM_017947.4	6182	5954.29	372.711	2.81698
NM_017948.6	4075	3847.29	1027.78	12.0223
NM_017950.4	4288	4060.29	0	0
NM_017951.5	3749	3521.29	3397.4	43.4197
NM_017952.6	6681	6453.29	2550.02	17.783
NM_017953.4	6203	5975.29	1031.49	7.7687
NM_017954.11	5768	5540.29	0	0
NM_017955.4	2448	2220.29	2539.75	51.4782
NM_017956.4	2207	1979.29	308	7.00298
NM_017957.3	3879	3651.29	0	0
NM_017958.3	3809	3581.29	324.771	4.08112
NM_017964.5	5089	4861.29	1196.42	11.0758
NM_017966.5	2673	2445.29	913.14	16.8054
NM_017969.3	2973	2745.29	2749.37	45.07
NM_017970.4	14008	13780.3	716.427	2.33968
NM_017971.4	700	472.947	2044.99	194.59
NM_017972.3	12396	12168.3	82.2785	0.304298
NM_017974.4	3241	3013.29	424.833	6.34482
NM_017975.5	3595	3367.29	3632.34	48.5454
NM_017978.3	2123	1895.29	24.4173	0.579781
NM_017980.5	2158	1930.29	0	0
NM_017982.4	2989	2761.29	0	0
NM_017983.7	1908	1680.29	1701.28	45.5652
NM_017984.6	2361	2133.29	3.00789	0.0634532
NM_017986.4	2375	2147.29	0.784716	0.0164461
NM_017987.5	4701	4473.29	0	0
NM_017988.6	5977	5749.29	2229.93	17.455
NM_017990.5	8549	8321.29	384.05	2.07702
NM_017993.5	3434	3206.29	59.9413	0.841327
NM_017994.5	4229	4001.29	4670.05	52.5247
NM_017996.5	2346	2118.29	40.6085	0.862726
NM_017998.3	2351	2123.29	1102	23.3568
NM_017999.5	3502	3274.29	1469.36	20.1954
NM_018000.3	3148	2920.29	121.197	1.8677
NM_018002.3	4635	4407.29	404.651	4.13191
NM_018003.4	6904	6676.29	5665.55	38.1899
NM_018004.3	1567	1339.29	890.362	29.918
NM_018006.5	1651	1423.29	528.272	16.7034
NM_018008.4	2112	1884.29	2	0.0477665
NM_018009.5	1781	1553.29	208.774	6.04875
NM_018010.4	3057	2829.29	1346	21.4096
NM_018011.4	3363	3135.29	2869	41.1808
NM_018012.4	13593	13365.3	1164.86	3.92226
NM_018013.4	6225	5997.29	862.265	6.47035
NM_018014.4	4761	4533.29	0	0
NM_018015.6	3852	3624.29	149.455	1.8558
NM_018017.4	7228	7000.29	697.9	4.48662
NM_018018.5	3983	3755.29	0	0
NM_018019.3	2209	1981.29	447	10.1532
NM_018022.3	1898	1670.29	56.5623	1.52397
NM_018023.5	6526	6298.29	1296.4	9.26314
NM_018024.3	1519	1291.29	276.456	9.6348
NM_018025.3	3191	2963.29	417.82	6.34536
NM_018026.4	4571	4343.29	4370.61	45.2861
NM_018027.5	6861	6633.29	0	0
NM_018028.4	4528	4300.29	0	0
NM_018029.4	1679	1451.29	26	0.806233
NM_018030.4	3337	3109.29	559.834	8.1029
NM_018031.6	4070	3842.29	3470.93	40.6535
NM_018032.5	2062	1834.29	130.346	3.19794
NM_018034.4	2877	2649.29	922.516	15.6706
NM_018035.3	1700	1472.29	789.467	24.1314
NM_018036.7	13162	12934.3	2140	7.44583
NM_018039.3	2951	2723.29	84	1.38812
NM_018040.5	5859	5631.29	379.918	3.03616
NM_018042.5	2506	2278.29	139.076	2.74717
NM_018043.7	4777	4549.29	1.3146e-06	1.30044e-08
NM_018044.5	2406	2178.29	85.0709	1.75755
NM_018045.8	3309	3081.29	1964.44	28.6911
NM_018046.5	4490	4262.29	2169	22.9012
NM_018047.3	2299	2071.29	2059	44.736
NM_018048.5	2606	2378.29	551.985	10.4449
NM_018049.3	1218	990.293	1592.83	72.3849
NM_018050.4	5532	5304.29	66.4831	0.564061
NM_018051.5	3789	3561.29	669.849	8.4647
NM_018052.5	3096	2868.29	1050.01	16.4745
NM_018053.4	2178	1950.29	518.365	11.9613
NM_018054.6	3261	3033.29	196.358	2.91324
NM_018055.5	2058	1830.29	0	0
NM_018056.4	1778	1550.29	166.546	4.83464
NM_018057.7	4232	4004.29	215.596	2.42302
NM_018058.7	2683	2455.29	0	0
NM_018059.5	5736	5508.29	74.0033	0.604611
NM_018060.4	3530	3302.29	6646	90.5705
NM_018061.4	4831	4603.29	1752.6	17.134
NM_018062.4	1658	1430.29	124.49	3.91699
NM_018063.5	3128	2900.29	483.473	7.50192
NM_018064.4	1898	1670.29	2027	54.6139
NM_018066.4	4665	4437.29	1198.11	12.1513
NM_018067.5	3375	3147.29	1811.27	25.8993
NM_018068.5	5114	4886.29	101.267	0.932677
NM_018070.5	3192	2964.29	0	0
NM_018071.5	5893	5665.29	5205.29	41.349
NM_018072.6	8459	8231.29	4674.04	25.5545
NM_018073.8	3324	3096.29	369.465	5.36999
NM_018074.6	1431	1203.29	668	24.9832
NM_018075.5	3155	2927.29	1680.03	25.8282
NM_018076.5	3603	3375.29	0	0
NM_018077.3	15507	15279.3	2122.01	6.25011
NM_018078.4	4847	4619.29	48.8027	0.475456
NM_018079.5	3667	3439.29	1177.04	15.4015
NM_018080.4	14449	14221.3	172.933	0.547245
NM_018081.2	1982	1754.29	333.763	8.56205
NM_018082.6	4183	3955.29	1118.17	12.7224
NM_018083.5	1968	1740.29	799.974	20.6869
NM_018084.5	9667	9439.29	2615.08	12.4678
NM_018085.5	11416	11188.3	6730.63	27.0728
NM_018086.4	9537	9309.29	188	0.908832
NM_018087.5	4552	4324.29	3679.21	38.2897
NM_018088.3	2516	2288.29	4.06335e-07	7.99124e-09
NM_018089.3	2540	2312.29	724.955	14.1095
NM_018090.5	2018	1790.29	2488.71	62.5594
NM_018091.6	3148	2920.29	1354.32	20.8706
NM_018092.5	7429	7201.29	840.968	5.25547
NM_018093.3	1390	1162.29	0	0
NM_018094.5	2791	2563.29	518	9.09439
NM_018095.6	2357	2129.29	402.78	8.51285
NM_018096.5	5193	4965.29	390.274	3.53726
NM_018097.3	3921	3693.29	890.781	10.8542
NM_018098.6	4043	3815.29	2838.93	33.4864
NM_018099.5	3637	3409.29	0	0
NM_018100.4	6849	6621.29	166.409	1.13104
NM_018101.4	2274	2046.29	565.393	12.4344
NM_018102.6	3897	3669.29	31.2245	0.382962
NM_018103.5	3937	3709.29	16.3286	0.198108
NM_018105.3	2161	1933.29	639.772	14.8926
NM_018106.4	1771	1543.29	12.5949	0.367272
NM_018107.5	9959	9731.29	191.748	0.886751
NM_018109.4	5560	5332.29	936.913	7.90729
NM_018110.5	2806	2578.29	333.046	5.81319
NM_018111.3	742	514.753	6	0.52456
NM_018112.3	3545	3317.29	763.225	10.3541
NM_018113.4	2295	2067.29	233.342	5.07963
NM_018114.6	2227	1999.29	0	0
NM_018115.4	3003	2775.29	2057.79	33.3683
NM_018116.4	2422	2194.29	1404.24	28.7997
NM_018117.12	4545	4317.29	2124.3	22.1435
NM_018119.4	3690	3462.29	792.144	10.2963
NM_018120.6	3000	2772.29	2362.83	38.3561
NM_018121.4	6892	6664.29	1887.2	12.744
NM_018122.5	3336	3108.29	1638.53	23.7233
NM_018124.4	4948	4720.29	929.771	8.8644
NM_018125.4	4625	4397.29	0	0
NM_018126.3	7404	7176.29	1452.28	9.10739
NM_018127.7	3767	3539.29	3092.5	39.322
NM_018128.5	4245	4017.29	5448.72	61.0384
NM_018129.4	3417	3189.29	812.646	11.467
NM_018130.3	2846	2618.29	1212.57	20.8417
NM_018131.5	2658	2430.29	5530.45	102.41
NM_018132.4	1741	1513.29	499.084	14.842
NM_018133.4	5186	4958.29	1131.4	10.2689
NM_018134.3	2012	1784.29	101.773	2.5669
NM_018135.4	1163	935.293	709.414	34.1346
NM_018136.5	10863	10635.3	15118.8	63.9751
NM_018137.3	2621	2393.29	1573	29.5784
NM_018138.5	2700	2472.29	675.64	12.2987
NM_018139.3	2977	2749.29	273.255	4.4729
NM_018140.4	2366	2138.29	140.758	2.96243
NM_018141.4	2100	1872.29	1955.13	46.9942
NM_018142.4	2517	2289.29	1062.14	20.8796
NM_018143.3	7402	7174.29	429.251	2.69262
NM_018144.4	2495	2267.29	229.823	4.56171
NM_018145.3	2246	2018.29	1087.08	24.2393
NM_018146.4	1729	1501.29	588.153	17.6306
NM_018147.4	957	729.293	19.3055	1.1913
NM_018149.7	3221	2993.29	1060	15.9367
NM_018150.4	3042	2814.29	0	0
NM_018151.5	14662	14434.3	2.04952e-06	6.38996e-09
NM_018152.3	3295	3067.29	23.0842	0.338689
NM_018153.3	2360	2132.29	1007.45	21.2627
NM_018154.3	1689	1461.29	1556	47.9197
NM_018155.3	4638	4410.29	1513.71	15.4461
NM_018156.4	16282	16054.3	1742.7	4.8851
NM_018157.4	4928	4700.29	311.476	2.98223
NM_018158.3	2541	2313.29	1626	31.6324
NM_018159.4	2381	2153.29	524.347	10.9587
NM_018161.5	2679	2451.29	961	17.6429
NM_018163.3	3721	3493.29	278.469	3.58743
NM_018164.3	2634	2406.29	2053.7	38.4088
NM_018166.3	1055	827.293	72.7903	3.95965
NM_018167.5	2565	2337.29	370.42	7.13219
NM_018168.4	3088	2860.29	0	0
NM_018169.4	6234	6006.29	463.886	3.47574
NM_018170.5	4421	4193.29	2056.86	22.0745
NM_018171.5	3171	2943.29	3586.81	54.8424
NM_018173.4	2986	2758.29	0	0
NM_018174.6	3288	3060.29	2951.57	43.4042
NM_018176.4	6495	6267.29	109.536	0.786535
NM_018177.6	9720	9492.29	178.583	0.846663
NM_018178.6	3124	2896.29	896.848	13.9354
NM_018179.5	8823	8595.29	1769.85	9.26654
NM_018180.3	3050	2822.29	0	0
NM_018181.6	6372	6144.29	0	0
NM_018182.4	4162	3934.29	120.132	1.37415
NM_018183.5	11125	10897.3	2341.47	9.66969
NM_018184.3	2933	2705.29	3765	62.6315
NM_018188.5	2625	2397.29	200.101	3.75639
NM_018189.4	2788	2560.29	0	0
NM_018190.4	2594	2366.29	631.801	12.0158
NM_018191.4	4008	3780.29	1065.67	12.6865
NM_018192.4	3477	3249.29	3336.4	46.2095
NM_018193.3	4681	4453.29	0	0
NM_018194.6	3639	3411.29	19.8557	0.261944
NM_018195.4	3686	3458.29	419.826	5.46324
NM_018196.4	3952	3724.29	168.95	2.04153
NM_018197.3	3057	2829.29	496.835	7.90272
NM_018198.4	3201	2973.29	3341.34	50.5738
NM_018199.4	4545	4317.29	11.6403	0.121338
NM_018200.4	3898	3670.29	24.4882	0.30026
NM_018201.5	3855	3627.29	1541.68	19.1273
NM_018202.6	3940	3712.29	1492.19	18.0894
NM_018203.3	2970	2742.29	0	0
NM_018204.5	3614	3386.29	7556.97	100.43
NM_018205.4	2906	2678.29	67.8689	1.14039
NM_018206.6	6776	6548.29	7085.09	48.6922
NM_018207.3	3817	3589.29	237.64	2.97957
NM_018208.4	2475	2247.29	46.9584	0.940363
NM_018209.4	3250	3022.29	3051.33	45.4354
NM_018210.4	2695	2467.29	190.975	3.48335
NM_018211.4	4382	4154.29	200.574	2.1728
NM_018212.6	13092	12864.3	5017.4	17.5523
NM_018214.5	3159	2931.29	45.8287	0.703591
NM_018215.4	3684	3456.29	632.783	8.23922
NM_018216.4	2641	2413.29	618.59	11.5355
NM_018217.3	1884	1656.29	944.26	25.6565
NM_018218.4	5692	5464.29	76.3532	0.628834
NM_018219.3	2888	2660.29	7	0.118416
NM_018221.5	4896	4668.29	6914.06	66.6526
NM_018222.5	8627	8399.29	12701.1	68.0522
NM_018223.2	3168	2940.29	98.5334	1.50812
NM_018224.4	899	671.361	550.208	36.8818
NM_018225.3	7136	6908.29	2563.81	16.7015
NM_018226.6	5761	5533.29	1535	12.4844
NM_018227.6	9540	9312.29	1118.27	5.40423
NM_018228.3	3408	3180.29	0	0
NM_018229.4	11675	11447.3	1652.25	6.49555
NM_018230.3	5208	4980.29	2183.79	19.7333
NM_018231.3	4058	3830.29	1264.78	14.8602
NM_018233.4	4587	4359.29	1085.84	11.2097
NM_018234.3	3912	3684.29	116.745	1.42602
NM_018235.3	4975	4747.29	1657.45	15.7122
NM_018237.4	4658	4430.29	3959.78	40.2236
NM_018238.4	3628	3400.29	698.683	9.24712
NM_018239.4	2924	2696.29	0	0
NM_018240.7	7448	7220.29	4378.35	27.2896
NM_018241.3	4164	3936.29	1628.94	18.6235
NM_018242.3	3280	3052.29	7.12196	0.105006
NM_018243.4	5545	5317.29	14199.7	120.18
NM_018244.5	2267	2039.29	927.522	20.4685
NM_018245.3	3706	3478.29	0	0
NM_018246.3	3627	3399.29	1183.06	15.6624
NM_018247.4	4418	4190.29	15465.9	166.101
NM_018248.3	2363	2135.29	833.267	17.5618
NM_018249.6	6232	6004.29	1743.07	13.0646
NM_018250.4	2549	2321.29	431.508	8.36569
NM_018252.3	2469	2241.29	209.148	4.19949
NM_018253.4	2804	2576.29	33.6706	0.588163
NM_018254.5	4274	4046.29	313.583	3.48768
NM_018255.4	8432	8204.29	1653.28	9.06878
NM_018256.4	8068	7840.29	1614.9	9.26949
NM_018257.3	3859	3631.29	1053.89	13.061
NM_018259.6	4488	4260.29	125.708	1.3279
NM_018260.3	5230	5002.29	113.426	1.02043
NM_018261.4	3436	3208.29	25.5329	0.358152
NM_018262.4	3898	3670.29	447.087	5.48193
NM_018263.6	12849	12621.3	2549.61	9.09103
NM_018264.4	3330	3102.29	749.211	10.8683
NM_018265.4	4115	3887.29	3.14137e-07	3.63676e-09
NM_018266.3	4853	4625.29	873.765	8.50154
NM_018268.4	3678	3450.29	1594.18	20.7934
NM_018269.4	2181	1953.29	3192.67	73.5578
NM_018270.6	2752	2524.29	1288.82	22.977
NM_018271.5	2082	1854.29	9.41054	0.228391
NM_018272.5	2510	2282.29	0	0
NM_018273.4	2263	2035.29	130.581	2.88732
NM_018275.5	2555	2327.29	485.796	9.39389
NM_018279.4	5662	5434.29	1654.55	13.7019
NM_018281.4	1463	1235.29	0.100864	0.0036746
NM_018283.4	1938	1710.29	1829.62	48.143
NM_018284.3	3037	2809.29	1079.42	17.2917
NM_018285.4	1132	904.293	2228	110.879
NM_018286.3	1755	1527.29	67.3918	1.98576
NM_018287.7	5060	4832.29	605.693	5.64081
NM_018288.4	2167	1939.29	673.462	15.6283
NM_018289.4	3024	2796.29	10.109	0.162693
NM_018290.4	3211	2983.29	1300.5	19.6182
NM_018291.5	1873	1645.29	51.3966	1.40583
NM_018292.5	4106	3878.29	809.747	9.39618
NM_018294.6	2591	2363.29	704.628	13.4179
NM_018295.5	1997	1769.29	384.198	9.77231
NM_018296.6	2428	2200.29	0	0
NM_018297.4	2534	2306.29	532.557	10.3919
NM_018298.11	2810	2582.29	9.29168e-08	1.61931e-09
NM_018299.6	8379	8151.29	883.065	4.87538
NM_018300.4	2553	2325.29	43.9929	0.851426
NM_018301.5	6933	6705.29	492.292	3.30405
NM_018302.3	3633	3405.29	6.28077	0.0830043
NM_018303.6	4456	4228.29	768.009	8.17417
NM_018304.4	6226	5998.29	7696.13	57.7414
NM_018306.4	2025	1797.29	0	0
NM_018307.5	3042	2814.29	453.59	7.25331
NM_018309.5	3652	3424.29	96.8181	1.27241
NM_018310.4	2560	2332.29	417.602	8.0579
NM_018312.5	4937	4709.29	0	0
NM_018313.5	7622	7394.29	22.0474	0.134185
NM_018314.6	4083	3855.29	237.08	2.76745
NM_018315.5	4317	4089.29	25.0724	0.275925
NM_018316.3	4351	4123.29	88.236	0.963039
NM_018317.4	2967	2739.29	234.191	3.84746
NM_018318.5	2519	2291.29	682.177	13.3986
NM_018319.4	3722	3494.29	706.537	9.0995
NM_018320.5	2282	2054.29	710.809	15.5716
NM_018321.4	1591	1363.29	1821.79	60.1383
NM_018322.3	2018	1790.29	324.607	8.15974
NM_018323.4	3594	3366.29	2987.5	39.9392
NM_018324.3	1788	1560.29	0	0
NM_018325.5	3231	3003.29	217.693	3.26203
NM_018326.3	1945	1717.29	0	0
NM_018327.4	6191	5963.29	409.231	3.08834
NM_018328.5	9512	9284.29	24.8725	0.120563
NM_018330.7	6557	6329.29	24.2499	0.172423
NM_018332.5	2923	2695.29	2306.64	38.5137
NM_018334.5	3418	3190.29	2.46908	0.0348295
NM_018335.6	2992	2764.29	25.0591	0.407965
NM_018337.4	1943	1715.29	222.796	5.84535
NM_018338.3	3281	3053.29	18.3751	0.270834
NM_018339.6	2596	2368.29	1073.55	20.3999
NM_018340.3	6143	5915.29	2681.95	20.4041
NM_018341.3	2160	1932.29	97.5306	2.27149
NM_018342.5	3210	2982.29	61.653	0.93035
NM_018343.3	3909	3681.29	1043.27	12.7538
NM_018344.6	2256	2028.29	97.4806	2.16287
NM_018346.3	2467	2239.29	1118.54	22.4794
NM_018347.3	5372	5144.29	527.779	4.61709
NM_018348.6	4875	4647.29	504.825	4.88859
NM_018349.4	7834	7606.29	0	0
NM_018351.4	9291	9063.29	300.358	1.4914
NM_018352.3	1749	1521.29	1346.94	39.8454
NM_018353.5	4577	4349.29	3329.42	34.4503
NM_018354.3	2229	2001.29	0	0
NM_018355.4	2288	2060.29	23.072	0.503962
NM_018356.3	3572	3344.29	741.098	9.97272
NM_018357.4	4467	4239.29	2167.56	23.0102
NM_018358.3	2446	2218.29	1846.63	37.4631
NM_018359.5	2361	2133.29	1063.4	22.4331
NM_018360.3	4362	4134.29	1084.14	11.8012
NM_018361.5	5237	5009.29	2628.13	23.6109
NM_018362.4	4842	4614.29	1517.06	14.7959
NM_018363.4	2175	1947.29	15.1193	0.349415
NM_018364.5	6621	6393.29	1157.97	8.15109
NM_018365.4	2030	1802.29	497.1	12.4125
NM_018366.3	1491	1263.29	530	18.8805
NM_018367.7	7333	7105.29	1696.78	10.7469
NM_018368.4	3900	3672.29	881.677	10.8047
NM_018369.3	2504	2276.29	749.356	14.815
NM_018370.3	3279	3051.29	685.633	10.1123
NM_018371.5	3892	3664.29	0	0
NM_018372.4	3313	3085.29	305.971	4.463
NM_018373.3	7057	6829.29	1522.28	10.0314
NM_018374.4	12545	12317.3	305.026	1.11446
NM_018375.5	5399	5171.29	1630.82	14.1922
NM_018376.4	5547	5319.29	2.28603e-08	1.93406e-10
NM_018378.3	1630	1402.29	158	5.07061
NM_018379.5	3144	2916.29	0	0
NM_018380.4	2317	2089.29	353	7.60357
NM_018381.4	1928	1700.29	399.095	10.5632
NM_018383.5	9490	9262.29	2205.55	10.7162
NM_018384.5	1804	1576.29	13	0.371149
NM_018385.3	3283	3055.29	2208.25	32.5265
NM_018386.5	1700	1472.29	216.446	6.61603
NM_018387.5	6451	6223.29	5.19314	0.0375537
NM_018388.4	12467	12239.3	0	0
NM_018389.5	3429	3201.29	1292.11	18.1642
NM_018390.4	5318	5090.29	96.4257	0.852496
NM_018392.5	6648	6420.29	0	0
NM_018393.4	2649	2421.29	765.366	14.2254
NM_018394.4	2604	2376.29	1425.35	26.9937
NM_018396.3	5841	5613.29	1000.48	8.02112
NM_018397.5	7694	7466.29	5.00868	0.0301898
NM_018398.3	3789	3561.29	25	0.315918
NM_018400.4	6082	5854.29	0	0
NM_018401.3	3535	3307.29	180.654	2.4582
NM_018402.2	1066	838.293	1	0.0536842
NM_018403.7	5926	5698.29	1188.98	9.39018
NM_018404.3	2669	2441.29	0	0
NM_018405.4	868	640.427	2506.13	176.107
NM_018406.7	16756	16528.3	0	0
NM_018407.6	2442	2214.29	2628	53.4112
NM_018409.4	5164	4936.29	42.786	0.39007
NM_018410.5	3157	2929.29	4264.6	65.5176
NM_018411.4	5363	5135.29	0	0
NM_018412.4	2024	1796.29	15.3735	0.385156
NM_018413.6	5734	5506.29	960.29	7.84848
NM_018414.5	2489	2261.29	0	0
NM_018416.3	5524	5296.29	2354.17	20.0036
NM_018417.6	5342	5114.29	0	0
NM_018418.5	2000	1772.29	124.502	3.16142
NM_018419.3	1862	1634.29	4	0.110147
NM_018420.3	4705	4477.29	0	0
NM_018421.4	3232	3004.29	0	0
NM_018423.3	2771	2543.29	0	0
NM_018424.3	4030	3802.29	113.257	1.34048
NM_018425.4	4204	3976.29	2101	23.7788
NM_018426.3	3284	3056.29	1057.98	15.5785
NM_018427.5	3706	3478.29	2347.45	30.372
NM_018428.3	4330	4102.29	1826.87	20.0412
NM_018429.3	11037	10809.3	1610.48	6.70504
NM_018430.4	2664	2436.29	0	0
NM_018431.5	1965	1737.29	1543.84	39.9917
NM_018433.6	4667	4439.29	640.162	6.48961
NM_018434.6	1904	1676.29	1140.82	30.6273
NM_018436.4	1441	1213.29	0	0
NM_018437.5	2188	1960.29	0	0
NM_018438.6	1444	1216.29	32.0136	1.18451
NM_018439.4	3734	3506.29	2107.11	27.0446
NM_018440.4	10744	10516.3	76.8819	0.329006
NM_018441.6	1867	1639.29	115.66	3.17518
NM_018442.4	3273	3045.29	709.989	10.4922
NM_018443.4	2606	2378.29	237.607	4.49609
NM_018444.4	4210	3982.29	1291.13	14.5908
NM_018445.6	1218	990.293	2999.19	136.296
NM_018446.4	1856	1628.29	1531.78	42.3356
NM_018447.4	2510	2282.29	0	0
NM_018448.5	11176	10948.3	7349.39	30.2098
NM_018449.4	4284	4056.29	53.6537	0.595268
NM_018451.5	5082	4854.29	1124.27	10.4228
NM_018452.6	4322	4094.29	684	7.5183
NM_018453.4	1303	1075.29	832.495	34.8415
NM_018454.8	2260	2032.29	2428.62	53.7793
NM_018455.6	725	497.753	850.031	76.8534
NM_018456.6	998	770.293	16	0.934773
NM_018457.4	1105	877.293	2383.17	122.251
NM_018460.4	1670	1442.29	0	0
NM_018461.5	5374	5146.29	502.949	4.39816
NM_018462.5	1150	922.293	5316	259.393
NM_018463.4	2320	2092.29	756.423	16.2699
NM_018464.5	2375	2147.29	1177	24.6676
NM_018465.4	981	753.293	673.725	40.2495
NM_018466.6	2718	2490.29	124.072	2.24215
NM_018467.4	845	617.427	310	22.5953
NM_018469.5	5265	5037.29	0	0
NM_018471.3	2032	1804.29	3613	90.1163
NM_018473.4	4041	3813.29	428.739	5.05982
NM_018474.6	2102	1874.29	247.972	5.95398
NM_018475.5	1931	1703.29	5545.82	146.527
NM_018476.4	795	567.487	27	2.14117
NM_018477.3	2408	2180.29	2867.44	59.1864
NM_018478.3	1486	1258.29	9.07233	0.324473
NM_018479.4	2286	2058.29	531.353	11.6176
NM_018480.7	1015	787.293	365.577	20.8971
NM_018482.4	6259	6031.29	2629.93	19.6235
NM_018484.4	3545	3317.29	0	0
NM_018485.3	6620	6392.29	0	0
NM_018486.3	1754	1526.29	200.704	5.91779
NM_018487.3	1033	805.293	0	0
NM_018488.3	3251	3023.29	5	0.0744273
NM_018489.3	12037	11809.3	1030.31	3.92634
NM_018490.5	5250	5022.29	3087.49	27.666
NM_018491.5	1905	1677.29	309.933	8.31575
NM_018492.4	1836	1608.29	3633.73	101.679
NM_018502.5	1865	1637.29	132.701	3.64746
NM_018509.4	2880	2652.29	21671.7	367.717
NM_018518.5	4549	4321.29	1015.54	10.5761
NM_018527.4	1657	1429.29	5.23683	0.164888
NM_018530.3	2721	2493.29	0	0
NM_018534.4	6699	6471.29	69.8786	0.485954
NM_018538.4	3370	3142.29	0	0
NM_018555.6	5052	4824.29	620.194	5.78544
NM_018556.4	1716	1488.29	0	0
NM_018557.3	15850	15622.3	0	0
NM_018558.4	6468	6240.29	3.7718	0.0272011
NM_018559.5	3442	3214.29	158.206	2.21503
NM_018561.5	3191	2963.29	25.3162	0.384473
NM_018565.4	2060	1832.29	15.2011	0.373354
NM_018566.4	6396	6168.29	411.109	2.9994
NM_018569.6	5915	5687.29	1065.1	8.42804
NM_018571.6	2222	1994.29	756.106	17.0622
NM_018584.6	2326	2098.29	1471.76	31.5655
NM_018590.5	3765	3537.29	3164.58	40.2612
NM_018593.5	10757	10529.3	19.3461	0.0826868
NM_018594.2	4792	4564.29	0	0
NM_018602.4	3181	2953.29	15.8366	0.241322
NM_018622.7	1501	1273.29	930.215	32.8774
NM_018638.5	7063	6835.29	1278.42	8.417
NM_018639.5	2855	2627.29	8257.55	141.444
NM_018640.5	3393	3165.29	5.04312	0.0717013
NM_018641.5	15985	15757.3	0	0
NM_018643.5	3252	3024.29	72.1922	1.07426
NM_018644.3	3534	3306.29	0	0
NM_018645.6	1368	1140.29	17	0.670926
NM_018646.6	2906	2678.29	0	0
NM_018647.5	1623	1395.29	29.2467	0.94331
NM_018648.4	507	286.472	2321	364.615
NM_018649.3	1932	1704.29	222	5.86207
NM_018650.5	5370	5142.29	0	0
NM_018651.4	3492	3264.29	10.9802	0.151378
NM_018652.5	5380	5152.29	0	0
NM_018653.5	1820	1592.29	0	0
NM_018654.2	1347	1119.29	0	0
NM_018655.3	655	428.76	0	0
NM_018656.5	17722	17494.3	500.689	1.288
NM_018657.5	4969	4741.29	496.109	4.70893
NM_018658.4	4067	3839.29	0	0
NM_018659.3	989	761.293	5	0.29557
NM_018660.3	4797	4569.29	4296	42.3114
NM_018661.4	518	296.555	0	0
NM_018662.3	7084	6856.29	0	0
NM_018663.3	970	742.293	333	20.1888
NM_018664.3	836	608.427	64	4.73384
NM_018665.3	2430	2202.29	0	0
NM_018666.3	2965	2737.29	0	0
NM_018667.4	5271	5043.29	5.65636	0.0504737
NM_018668.5	2501	2273.29	513.019	10.1559
NM_018669.6	2106	1878.29	83.9674	2.01182
NM_018670.4	1094	866.293	0	0
NM_018671.5	3252	3024.29	1213.52	18.0579
NM_018672.5	9373	9145.29	71.5768	0.352223
NM_018674.6	2589	2361.29	0	0
NM_018675.3	3113	2885.29	6.93839e-05	1.08221e-06
NM_018676.4	3026	2798.29	121.728	1.95766
NM_018677.4	2885	2657.29	598.162	10.1303
NM_018679.6	1949	1721.29	0	0
NM_018682.4	7634	7406.29	0	0
NM_018683.4	2447	2219.29	2781	56.3934
NM_018684.4	2724	2496.29	167.812	3.0253
NM_018685.5	4731	4503.29	18534.5	185.222
NM_018686.6	1748	1520.29	1579.22	46.7474
NM_018687.7	872	644.427	4	0.279337
NM_018688.6	1836	1608.29	1319.87	36.9325
NM_018689.3	7194	6966.29	12771.5	82.5057
NM_018690.4	3792	3564.29	2.00042	0.0252574
NM_018691.4	4414	4186.29	423.149	4.5489
NM_018694.4	1023	795.293	595.166	33.6785
NM_018695.4	8421	8193.29	1292.08	7.09698
NM_018696.3	2211	1983.29	209	4.74244
NM_018697.4	4459	4231.29	1048.12	11.1476
NM_018698.5	2663	2435.29	0	0
NM_018699.4	5207	4979.29	158.407	1.43169
NM_018700.4	4175	3947.29	0	0
NM_018702.4	8475	8247.29	1.00205	0.00546792
NM_018703.4	6756	6528.29	1197.11	8.25236
NM_018704.3	5864	5636.29	2279.89	18.2038
NM_018706.7	5173	4945.29	765.139	6.96291
NM_018708.3	9540	9312.29	1324.64	6.40155
NM_018710.3	2759	2531.29	1154	20.5166
NM_018711.5	6641	6413.29	4.05586	0.0284606
NM_018712.4	2935	2707.29	18.0607	0.300222
NM_018713.3	6579	6351.29	0	0
NM_018714.3	3014	2786.29	1739.71	28.099
NM_018715.4	4040	3812.29	2091.09	24.6848
NM_018717.5	6844	6616.29	203	1.38078
NM_018718.3	6292	6064.29	775.924	5.75813
NM_018719.5	2883	2655.29	1247.81	21.1485
NM_018723.4	4884	4656.29	0	0
NM_018724.4	1284	1056.29	0	0
NM_018725.4	2016	1788.29	39.6646	0.998176
NM_018727.5	4074	3846.29	0	0
NM_018728.4	6977	6749.29	0	0
NM_018833.3	2511	2283.29	382.798	7.54484
NM_018834.6	5069	4841.29	9468.45	88.0157
NM_018835.5	3592	3364.29	308.642	4.1286
NM_018836.4	12102	11874.3	62.6664	0.237503
NM_018837.4	3931	3703.29	120.745	1.46731
NM_018838.5	562	337.904	1344.27	179.033
NM_018839.5	2628	2400.29	24.273	0.455094
NM_018840.5	1069	841.293	2217.67	118.629
NM_018841.6	4395	4167.29	19353.5	209.001
NM_018842.5	3645	3417.29	293.131	3.86031
NM_018843.4	4056	3828.29	982.844	11.5537
NM_018844.4	2911	2683.29	3258.79	54.6551
NM_018845.4	1298	1070.29	280.596	11.7983
NM_018846.5	5391	5163.29	62.9921	0.549037
NM_018847.4	5740	5512.29	3588.45	29.2966
NM_018848.3	3070	2842.29	814.003	12.8884
NM_018849.3	4314	4086.29	4.01858	0.0442573
NM_018850.3	4152	3924.29	0	0
NM_018890.4	2366	2138.29	1578.51	33.2218
NM_018891.3	4320	4092.29	671.258	7.38185
NM_018896.5	8602	8374.29	0	0
NM_018897.3	12419	12191.3	0	0
NM_018898.5	5896	5668.29	0	0
NM_018899.6	5725	5497.29	0	0
NM_018900.4	5414	5186.29	0	0
NM_018901.4	5409	5181.29	0.804642	0.00698887
NM_018902.5	5407	5179.29	0.934849	0.00812294
NM_018903.4	5401	5173.29	0	0
NM_018904.3	5408	5180.29	0	0
NM_018905.3	5370	5142.29	0	0
NM_018906.3	5404	5176.29	6.73291	0.0585365
NM_018907.4	5374	5146.29	1.62081	0.0141736
NM_018908.3	5384	5156.29	0	0
NM_018909.4	5395	5167.29	0	0
NM_018910.3	5339	5111.29	0	0
NM_018911.3	5398	5170.29	0	0
NM_018912.3	4769	4541.29	0	0
NM_018913.3	4802	4574.29	253.406	2.49307
NM_018914.3	4787	4559.29	686.313	6.77434
NM_018915.4	4813	4585.29	25.3654	0.248953
NM_018916.4	4806	4578.29	33.8901	0.333128
NM_018917.4	4778	4550.29	22.7671	0.22517
NM_018918.3	4767	4539.29	30.0752	0.298169
NM_018919.3	4794	4566.29	83.6764	0.824672
NM_018920.4	4759	4531.29	48.4024	0.480714
NM_018921.3	4776	4548.29	15.4542	0.152912
NM_018922.3	4748	4520.29	16.0129	0.159421
NM_018923.3	4740	4512.29	94.5367	0.942856
NM_018924.5	4745	4517.29	0	0
NM_018925.3	4755	4527.29	994.31	9.88383
NM_018926.3	4777	4549.29	70.8378	0.70075
NM_018927.4	4775	4547.29	599.468	5.93274
NM_018928.3	4763	4535.29	56.7945	0.563564
NM_018929.3	4797	4569.29	311.034	3.06338
NM_018930.4	3295	3067.29	30.8197	0.452184
NM_018931.3	4153	3925.29	7	0.0802543
NM_018932.4	3853	3625.29	1	0.0124136
NM_018933.4	5061	4833.29	17.6065	0.163935
NM_018934.4	4417	4189.29	22.5929	0.242703
NM_018935.4	3971	3743.29	3	0.036067
NM_018936.4	4089	3861.29	49.4158	0.575937
NM_018937.5	3355	3127.29	18	0.259028
NM_018938.4	3806	3578.29	23	0.289264
NM_018939.4	3231	3003.29	16	0.239753
NM_018940.4	3740	3512.29	25	0.320326
NM_018941.4	7084	6856.29	652.141	4.2805
NM_018942.3	1917	1689.29	0	0
NM_018943.3	2003	1775.29	11.7287	0.297318
NM_018944.3	1546	1318.29	1218.16	41.5849
NM_018945.4	5385	5157.29	1356.56	11.8375
NM_018946.4	1179	951.293	2642.9	125.028
NM_018947.6	5432	5204.29	8520.66	73.6807
NM_018948.4	3097	2869.29	2614.98	41.0143
NM_018949.3	3685	3457.29	0	0
NM_018950.3	1188	960.293	31.923	1.49604
NM_018951.4	2541	2313.29	715.411	13.9177
NM_018952.5	1676	1448.29	434.817	13.5111
NM_018953.4	1611	1383.29	293.235	9.5399
NM_018955.4	933	705.293	18666.5	1191.07
NM_018956.5	894	666.361	0	0
NM_018957.6	2658	2430.29	225.965	4.18431
NM_018958.3	7619	7391.29	15.149	0.092237
NM_018959.4	2184	1956.29	3697.32	85.0541
NM_018960.6	1076	848.293	4.88421	0.259114
NM_018961.4	2520	2292.29	0	0
NM_018962.3	2099	1871.29	0	0
NM_018963.5	9954	9726.29	170.706	0.789849
NM_018964.4	3090	2862.29	0	0
NM_018965.4	983	755.293	0	0
NM_018967.5	6344	6116.29	0	0
NM_018968.4	1907	1679.29	0	0
NM_018969.6	4787	4559.29	125.39	1.23768
NM_018970.7	3007	2779.29	0	0
NM_018971.3	2642	2414.29	3	0.0559208
NM_018972.4	3645	3417.29	131.84	1.73623
NM_018973.4	517	295.585	7.8663	1.19765
NM_018974.4	2111	1883.29	0	0
NM_018975.4	2131	1903.29	2027.55	47.941
NM_018976.5	4795	4567.29	25514.8	251.406
NM_018977.4	3915	3687.29	0	0
NM_018979.4	10796	10568.3	269.742	1.14864
NM_018980.3	1151	923.293	8	0.389935
NM_018981.4	20144	19916.3	8216.3	18.5656
NM_018982.5	1821	1593.29	264.369	7.4672
NM_018983.4	1015	787.293	954.427	54.5568
NM_018984.4	13034	12806.3	2149.82	7.55476
NM_018986.5	4303	4075.29	0	0
NM_018988.4	8796	8568.29	136.077	0.714716
NM_018989.2	6537	6309.29	2137.64	15.2474
NM_018990.4	2661	2433.29	1	0.0184947
NM_018992.4	2434	2206.29	2197.54	44.8245
NM_018993.4	4440	4212.29	92.7251	0.990652
NM_018994.3	6227	5999.29	502.706	3.771
NM_018995.3	3957	3729.29	0	0
NM_018996.3	9686	9458.29	7.37605e-08	3.50957e-10
NM_018997.4	1521	1293.29	465.946	16.2137
NM_018998.4	2362	2134.29	3825.29	80.659
NM_018999.4	7738	7510.29	446.628	2.67628
NM_019000.5	3145	2917.29	0	0
NM_019001.5	10115	9887.29	127.187	0.578907
NM_019002.4	4948	4720.29	727.957	6.94031
NM_019003.5	1091	863.293	1.95979	0.102163
NM_019004.2	6340	6112.29	4429.8	32.6154
NM_019005.4	4877	4649.29	344.794	3.33745
NM_019006.4	1706	1478.29	112.996	3.43988
NM_019007.4	1840	1612.29	585.32	16.3377
NM_019008.6	5688	5460.29	1716.16	14.1444
NM_019009.4	3627	3399.29	1631.28	21.5965
NM_019010.3	1804	1576.29	1	0.0285499
NM_019012.6	4299	4071.29	779.647	8.61803
NM_019013.3	1908	1680.29	1559.79	41.7756
NM_019014.6	7527	7299.29	919.183	5.66713
NM_019015.3	3989	3761.29	4029.3	48.2097
NM_019016.3	1883	1655.29	1	0.0271874
NM_019018.3	7040	6812.29	62.5912	0.413487
NM_019020.4	10960	10732.3	722.86	3.03113
NM_019021.4	746	518.701	3.54464	0.307537
NM_019022.5	4737	4509.29	6987.29	69.7336
NM_019023.5	3738	3510.29	1.49114e-07	1.91169e-09
NM_019024.3	6937	6709.29	707.186	4.74351
NM_019026.6	1912	1684.29	2914.13	77.8635
NM_019027.4	4472	4244.29	0	0
NM_019028.3	2406	2178.29	403.11	8.32817
NM_019029.3	2179	1951.29	0	0
NM_019030.4	4664	4436.29	3592.7	36.4454
NM_019032.6	4212	3984.29	631.437	7.13216
NM_019034.3	2435	2207.29	21.0157	0.428475
NM_019035.5	5925	5697.29	1513.06	11.9517
NM_019036.3	2539	2311.29	0	0
NM_019037.3	842	614.427	521.454	38.1933
NM_019040.5	8093	7865.29	659.132	3.77137
NM_019041.7	3700	3472.29	363.871	4.716
NM_019042.5	3525	3297.29	1291.89	17.6323
NM_019043.4	2633	2405.29	1307.46	24.4626
NM_019044.5	6833	6605.29	1634.13	11.1336
NM_019045.5	4114	3886.29	1436.3	16.6323
NM_019046.3	2734	2506.29	62.1446	1.11587
NM_019048.4	2411	2183.29	2635.59	54.3261
NM_019050.3	6509	6281.29	135.048	0.967571
NM_019051.3	3336	3108.29	918	13.2912
NM_019052.4	2584	2356.29	0	0
NM_019053.6	3564	3336.29	66	0.890271
NM_019054.3	3394	3166.29	371.265	5.27686
NM_019055.6	4294	4066.29	121.03	1.33948
NM_019056.7	1405	1177.29	331.509	12.6722
NM_019058.4	1744	1516.29	3875	115.009
NM_019059.5	434	220.399	2176.57	444.432
NM_019060.3	718	490.852	0	0
NM_019062.2	1255	1027.29	0	0
NM_019063.5	5546	5318.29	3258.75	27.5753
NM_019065.3	1996	1768.29	0	0
NM_019066.5	4319	4091.29	2	0.0219994
NM_019067.6	8567	8339.29	594.461	3.20801
NM_019069.4	4217	3989.29	208.248	2.34924
NM_019070.5	1793	1565.29	1655.35	47.5924
NM_019071.3	3749	3521.29	457.7	5.84952
NM_019072.3	5448	5220.29	2894.86	24.956
NM_019073.4	5003	4775.29	29.253	0.275685
NM_019074.4	3426	3198.29	1	0.014071
NM_019075.4	2409	2181.29	0	0
NM_019076.5	2409	2181.29	0	0
NM_019077.3	2371	2143.29	0	0
NM_019078.2	2431	2203.29	0	0
NM_019079.5	3831	3603.29	33.0876	0.413246
NM_019080.3	4624	4396.29	1458	14.925
NM_019082.4	1855	1627.29	2665	73.701
NM_019083.3	3128	2900.29	486.988	7.55647
NM_019084.5	3926	3698.29	0	0
NM_019086.6	5009	4781.29	435.514	4.0992
NM_019087.3	3328	3100.29	398.95	5.79106
NM_019088.4	2200	1972.29	2957.53	67.4839
NM_019089.5	4262	4034.29	5.62644	0.0627637
NM_019090.3	4514	4286.29	91	0.955436
NM_019091.4	13892	13664.3	1199.04	3.94902
NM_019093.4	2431	2203.29	0	0
NM_019094.6	9708	9480.29	3148.87	14.9477
NM_019095.6	3925	3697.29	1000.51	12.1781
NM_019096.5	3031	2803.29	3128.77	50.2283
NM_019098.5	4062	3834.29	0	0
NM_019099.5	5951	5723.29	224.625	1.76626
NM_019100.5	1742	1514.29	337.207	10.0214
NM_019101.3	761	533.648	0	0
NM_019102.4	1670	1442.29	261	8.14384
NM_019103.3	1060	832.293	25.8542	1.39796
NM_019104.3	935	707.293	414.806	26.393
NM_019105.8	13091	12863.3	58.7819	0.205652
NM_019106.6	4805	4577.29	0	0
NM_019107.4	990	762.293	9391.57	554.445
NM_019108.4	5491	5263.29	778.513	6.65658
NM_019109.5	3900	3672.29	1098.54	13.4623
NM_019110.5	5346	5118.29	187.344	1.64724
NM_019111.5	1235	1007.29	59	2.63596
NM_019112.4	6815	6587.29	57.2104	0.39085
NM_019113.4	1347	1119.29	0	0
NM_019114.5	5896	5668.29	0	0
NM_019116.3	4745	4517.29	3835.79	38.2137
NM_019117.5	5765	5537.29	0	0
NM_019118.5	1107	879.293	235.817	12.0693
NM_019119.5	4381	4153.29	9.18128	0.0994839
NM_019120.5	2750	2522.29	1.39559	0.0249002
NM_019121.2	2946	2718.29	1683	27.8631
NM_019554.3	562	337.904	3109.48	414.129
NM_019555.3	3582	3354.29	183.96	2.4681
NM_019556.3	2348	2120.29	444.176	9.42761
NM_019557.6	2084	1856.29	0	0
NM_019558.4	2618	2390.29	474.899	8.94113
NM_019589.3	8195	7967.29	2996.06	16.9232
NM_019590.5	7407	7179.29	0	0
NM_019591.4	17697	17469.3	0	0
NM_019592.7	3938	3710.29	2321.71	28.1606
NM_019593.5	5434	5206.29	1569	13.5624
NM_019594.4	4334	4106.29	3148.27	34.5036
NM_019595.4	6041	5813.29	286.231	2.21583
NM_019596.6	4006	3778.29	0	0
NM_019597.5	2296	2068.29	2983.06	64.9071
NM_019598.3	1053	825.293	0	0
NM_019599.3	3005	2777.29	0	0
NM_019600.4	4351	4123.29	124.799	1.3621
NM_019601.4	3172	2944.29	332	5.07457
NM_019604.4	2473	2245.29	1.00544	0.0201524
NM_019605.5	5222	4994.29	296.37	2.67056
NM_019606.6	2822	2594.29	2145.88	37.2244
NM_019609.5	2376	2148.29	699.658	14.6566
NM_019610.6	4656	4428.29	406.415	4.13024
NM_019612.4	1596	1368.29	0	0
NM_019613.4	2496	2268.29	4373.33	86.7672
NM_019616.4	3063	2835.29	0	0
NM_019617.4	753	525.701	0	0
NM_019618.4	1211	983.293	2	0.0915354
NM_019619.4	5980	5752.29	406.805	3.18264
NM_019624.4	3355	3127.29	0	0
NM_019625.4	3484	3256.29	0	0
NM_019644.4	1313	1085.29	8	0.33173
NM_019839.5	1500	1272.29	27.6659	0.978588
NM_019841.7	2890	2662.29	0	0
NM_019842.4	6364	6136.29	0	0
NM_019843.4	3647	3419.29	674.547	8.87806
NM_019844.4	3013	2785.29	0	0
NM_019845.3	1425	1197.29	0	0
NM_019848.5	2095	1867.29	1127.18	27.1659
NM_019849.3	1946	1718.29	0	0
NM_019850.3	3184	2956.29	0	0
NM_019851.3	1840	1612.29	0	0
NM_019852.5	1980	1752.29	1779.03	45.6898
NM_019854.5	2399	2171.29	0	0
NM_019855.5	1853	1625.29	0	0
NM_019856.2	5419	5191.29	0	0
NM_019857.5	3807	3579.29	220.591	2.77353
NM_019858.2	2495	2267.29	41	0.813801
NM_019859.4	3467	3239.29	0	0
NM_019860.4	3374	3146.29	11.6655	0.166857
NM_019862.3	6327	6099.29	0.00946716	6.98526e-05
NM_019863.3	2616	2388.29	258.259	4.86642
NM_019884.3	2193	1965.29	3076.53	70.4491
NM_019885.4	4556	4328.29	173.019	1.79895
NM_019886.4	2396	2168.29	254	5.27179
NM_019887.6	2173	1945.29	0	0
NM_019888.3	1084	856.293	0	0
NM_019891.4	4994	4766.29	175	1.65234
NM_019892.6	3417	3189.29	854.558	12.0584
NM_019893.4	4955	4727.29	0	0
NM_019894.4	5516	5288.29	0	0
NM_019895.3	2061	1833.29	829.606	20.3649
NM_019896.4	1097	869.293	517.483	26.79
NM_019897.2	1047	819.293	3	0.164787
NM_019903.5	4206	3978.29	2065.15	23.3613
NM_020039.4	4024	3796.29	10.9464	0.129764
NM_020041.3	1864	1636.29	0	0
NM_020056.5	1458	1230.29	0	0
NM_020061.6	1242	1014.29	0	0
NM_020062.4	2361	2133.29	3006.81	63.4305
NM_020063.2	2044	1816.29	0	0
NM_020064.4	1906	1678.29	0	0
NM_020066.5	6429	6201.29	297.671	2.16021
NM_020069.5	1879	1651.29	0	0
NM_020070.4	883	655.427	0	0
NM_020107.5	1771	1543.29	0	0
NM_020108.5	1726	1498.29	0	0
NM_020116.5	4796	4568.29	0	0
NM_020117.11	4760	4532.29	5792.89	57.5201
NM_020119.4	7177	6949.29	2827.5	18.3107
NM_020120.4	10761	10533.3	2780.32	11.8788
NM_020121.4	4850	4622.29	3162.8	30.7934
NM_020122.5	7500	7272.29	3311.61	20.4932
NM_020123.4	6100	5872.29	15449.8	118.401
NM_020124.3	1164	936.293	0	0
NM_020125.3	3116	2888.29	0.00352066	5.48562e-05
NM_020126.5	2748	2520.29	390.15	6.96663
NM_020127.3	3107	2879.29	94.0516	1.47002
NM_020128.4	3927	3699.29	19.4965	0.237181
NM_020129.3	599	373.876	0	0
NM_020130.5	1829	1601.29	1	0.0281042
NM_020131.5	3582	3354.29	2045.76	27.447
NM_020132.5	6565	6337.29	1243.91	8.83337
NM_020133.3	7923	7695.29	1021	5.97094
NM_020134.4	5178	4950.29	0	0
NM_020135.3	3898	3670.29	1703.88	20.892
NM_020137.5	3031	2803.29	993	15.9413
NM_020139.4	2920	2692.29	314.319	5.254
NM_020140.4	2293	2065.29	0	0
NM_020141.4	2769	2541.29	1953.13	34.5874
NM_020142.4	1188	960.293	284.545	13.3349
NM_020143.4	2242	2014.29	1500.18	33.5168
NM_020144.5	4293	4065.29	2	0.0221401
NM_020145.4	3013	2785.29	0	0
NM_020147.4	2047	1819.29	471	11.6509
NM_020148.3	5596	5368.29	2425.96	20.3371
NM_020150.5	5902	5674.29	5991.66	47.5201
NM_020151.4	3377	3149.29	5683.06	81.2104
NM_020152.4	2601	2373.29	0	0
NM_020153.4	1715	1487.29	137.87	4.17174
NM_020154.3	1069	841.293	3463	185.245
NM_020155.4	2060	1832.29	53.0709	1.30348
NM_020156.5	6275	6047.29	3766.79	28.0319
NM_020157.4	1477	1249.29	0	0
NM_020158.4	998	770.293	347	20.2729
NM_020159.5	5094	4866.29	683.24	6.31855
NM_020160.3	2159	1931.29	0.0940933	0.00219257
NM_020162.4	5535	5307.29	1454.67	12.3349
NM_020163.3	4993	4765.29	5	0.0472196
NM_020164.5	3234	3006.29	12.0201	0.179937
NM_020165.4	5857	5629.29	1643.01	13.1349
NM_020166.5	2454	2226.29	497.51	10.0568
NM_020167.5	2059	1831.29	0	0
NM_020168.6	3872	3644.29	0	0
NM_020169.4	1071	843.293	1102	58.8092
NM_020170.4	3680	3452.29	5210.39	67.9211
NM_020171.2	2223	1995.29	0	0
NM_020175.3	2038	1810.29	644.675	16.0263
NM_020177.3	5697	5469.29	2207	18.1599
NM_020178.5	3179	2951.29	0	0
NM_020179.3	987	759.293	124.328	7.36888
NM_020180.4	3820	3592.29	0	0
NM_020182.5	4954	4726.29	1144.41	10.8969
NM_020183.6	6902	6674.29	398.821	2.68915
NM_020184.4	4783	4555.29	230.963	2.28175
NM_020185.6	1095	867.293	162.594	8.43685
NM_020186.3	952	724.293	427	26.5311
NM_020187.3	2485	2257.29	140.581	2.80272
NM_020188.5	10072	9844.29	1066.27	4.87442
NM_020189.6	2901	2673.29	1628.59	27.4162
NM_020190.5	1748	1520.29	11634.8	344.409
NM_020191.4	1205	977.293	988.406	45.5148
NM_020192.5	871	643.427	452.41	31.6428
NM_020193.5	7004	6776.29	78.1264	0.518858
NM_020194.5	2014	1786.29	0	0
NM_020195.3	1206	978.293	339.088	15.5986
NM_020196.3	2647	2419.29	1668	31.0277
NM_020197.3	1745	1517.29	1960.78	58.157
NM_020198.3	3283	3055.29	6620.32	97.5143
NM_020199.3	2188	1960.29	3058	70.2035
NM_020200.7	1939	1711.29	922.784	24.2671
NM_020201.4	1581	1353.29	0	0
NM_020202.5	7233	7005.29	942.438	6.05437
NM_020203.6	1982	1754.29	0	0
NM_020204.3	7865	7637.29	0	0
NM_020205.4	8922	8694.29	1990.68	10.3041
NM_020207.7	10245	10017.3	676.756	3.04035
NM_020208.4	5425	5197.29	0	0
NM_020209.4	1910	1682.29	0	0
NM_020210.5	3814	3586.29	336.412	4.22152
NM_020211.3	11359	11131.3	0	0
NM_020212.2	2395	2167.29	0	0
NM_020214.4	2678	2450.29	0	0
NM_020216.4	2399	2171.29	2338.51	48.469
NM_020219.5	2218	1990.29	15.5069	0.350632
NM_020223.4	3176	2948.29	6580.57	100.447
NM_020225.3	10507	10279.3	0	0
NM_020226.4	4098	3870.29	791.4	9.20226
NM_020227.4	3193	2965.29	0	0
NM_020228.3	6317	6089.29	0	0
NM_020230.7	2302	2074.29	1274.73	27.6561
NM_020232.5	1070	842.293	2184.08	116.694
NM_020233.5	1534	1306.29	166.039	5.72022
NM_020234.6	13827	13599.3	61.4451	0.203336
NM_020235.7	8919	8691.29	780.083	4.03923
NM_020236.4	1175	947.293	1072.44	50.9483
NM_020238.3	4102	3874.29	2633.69	30.5925
NM_020239.4	3006	2778.29	2932.11	47.4947
NM_020240.3	3595	3367.29	163.942	2.19105
NM_020242.3	4760	4532.29	1746.37	17.3404
NM_020243.5	2031	1803.29	2253	56.226
NM_020244.3	1572	1344.29	946.853	31.6979
NM_020245.5	11318	11090.3	0.000113482	4.60496e-07
NM_020246.4	3315	3087.29	332.971	4.85368
NM_020247.5	2866	2638.29	328.065	5.59602
NM_020248.3	3006	2778.29	72.2367	1.1701
NM_020251.4	7328	7100.29	170.53	1.08086
NM_020297.4	8668	8440.29	1060.77	5.65598
NM_020299.5	1619	1391.29	10.4041	0.336534
NM_020300.5	925	697.293	4379.66	282.662
NM_020307.4	2322	2094.29	794.731	17.0775
NM_020309.4	2949	2721.29	19	0.31421
NM_020310.3	4925	4697.29	755.599	7.23912
NM_020311.3	2015	1787.29	656.448	16.529
NM_020312.4	1630	1402.29	1002	32.1567
NM_020313.4	2021	1793.29	1178.97	29.5866
NM_020314.7	3606	3378.29	2092.01	27.8681
NM_020315.5	2012	1784.29	1353	34.1251
NM_020317.5	1425	1197.29	97.2929	3.65698
NM_020318.3	9683	9455.29	0.000421884	2.00798e-06
NM_020319.3	2489	2261.29	801	15.9411
NM_020320.5	2242	2014.29	352.406	7.87341
NM_020321.3	2314	2086.29	5.30351	0.114401
NM_020322.3	2235	2007.29	0	0
NM_020324.3	2895	2667.29	1.53897e-07	2.59658e-09
NM_020325.3	3206	2978.29	0	0
NM_020327.5	4511	4283.29	0	0
NM_020328.4	4654	4426.29	30.9721	0.3149
NM_020335.3	5354	5126.29	0	0
NM_020336.4	8633	8405.29	1400.43	7.49808
NM_020337.3	8798	8570.29	2358.51	12.3847
NM_020338.4	7615	7387.29	4298.85	26.1884
NM_020340.5	14859	14631.3	33.0022	0.101508
NM_020341.5	4834	4606.29	0	0
NM_020342.3	5222	4994.29	2491.66	22.4521
NM_020343.4	9545	9317.29	387.537	1.87183
NM_020344.4	10990	10762.3	0.00610641	2.55343e-05
NM_020345.4	4069	3841.29	583.229	6.83288
NM_020346.3	3665	3437.29	0	0
NM_020347.4	4026	3798.29	591.709	7.01071
NM_020348.3	5702	5474.29	3.6791	0.0302452
NM_020349.4	1447	1219.29	0	0
NM_020350.5	1130	902.293	498.589	24.8678
NM_020351.4	5515	5287.29	2471.69	21.0379
NM_020353.3	3233	3005.29	336.13	5.03341
NM_020354.5	8548	8320.29	1047.11	5.66364
NM_020356.4	4195	3967.29	0	0
NM_020357.3	2285	2057.29	2872.96	62.8456
NM_020358.2	2163	1935.29	0	0
NM_020359.4	1328	1100.29	0	0
NM_020360.4	1752	1524.29	776.798	22.9341
NM_020361.5	2011	1783.29	0	0
NM_020362.5	1590	1362.29	1961.38	64.7937
NM_020363.3	3853	3625.29	0	0
NM_020364.4	3417	3189.29	0	0
NM_020365.5	1900	1672.29	677.345	18.228
NM_020366.4	4061	3833.29	0	0
NM_020367.6	4449	4221.29	121.459	1.29487
NM_020368.3	2020	1792.29	2366	59.4084
NM_020369.3	2137	1909.29	4	0.0942822
NM_020370.3	1509	1281.29	0	0
NM_020371.3	1633	1405.29	951.396	30.4675
NM_020372.4	2426	2198.29	257.121	5.26374
NM_020374.4	3817	3589.29	1576.29	19.7637
NM_020375.3	8209	7981.29	1002.63	5.6534
NM_020376.4	2416	2188.29	2091	43.0022
NM_020377.5	4740	4512.29	0	0
NM_020378.4	1350	1122.29	506	20.2902
NM_020379.4	3561	3333.29	8.61873	0.116362
NM_020381.4	3536	3308.29	742.767	10.1039
NM_020382.7	2776	2548.29	2959.76	52.2696
NM_020383.4	2497	2269.29	2257.86	44.7763
NM_020384.4	2961	2733.29	5	0.0823239
NM_020385.4	2326	2098.29	1651.69	35.4245
NM_020386.5	969	741.293	4	0.242836
NM_020387.4	1100	872.293	0	0
NM_020389.3	3570	3342.29	0	0
NM_020390.6	5534	5306.29	1403.09	11.8997
NM_020393.4	2129	1901.29	0	0
NM_020394.5	3341	3113.29	53.6608	0.775675
NM_020395.4	1718	1490.29	149.084	4.50197
NM_020396.4	1249	1021.29	0	0
NM_020397.4	2085	1857.29	52.4694	1.27136
NM_020398.4	1964	1736.29	9.99826	0.259146
NM_020399.4	4597	4369.29	211.895	2.18249
NM_020400.6	2683	2455.29	1	0.018329
NM_020401.4	6213	5985.29	3195.1	24.0238
NM_020402.4	1945	1717.29	0	0
NM_020403.5	6125	5897.29	100.423	0.766345
NM_020404.3	2551	2323.29	18919	366.468
NM_020405.5	6230	6002.29	40.2592	0.30185
NM_020406.4	2195	1967.29	5.48757	0.125532
NM_020407.5	1790	1562.29	0	0
NM_020408.6	1497	1269.29	599.214	21.2453
NM_020409.3	1354	1126.29	1468.62	58.6815
NM_020410.3	3849	3621.29	3198	39.7427
NM_020412.5	3032	2804.29	3169.73	50.8676
NM_020414.4	5573	5345.29	6243.46	52.565
NM_020415.4	516	294.675	0	0
NM_020416.4	4450	4222.29	7.22929	0.077053
NM_020418.4	1962	1734.29	0.000121716	3.15839e-06
NM_020420.4	3372	3144.29	0	0
NM_020421.4	3268	3040.29	75.6858	1.12032
NM_020422.6	1824	1596.29	105.308	2.96888
NM_020423.7	6308	6080.29	138.392	1.0243
NM_020424.5	1620	1392.29	171.863	5.55511
NM_020425.6	2417	2189.29	124	2.54894
NM_020426.4	1074	846.293	0	0
NM_020427.3	527	304.945	0	0
NM_020428.4	3374	3146.29	407.572	5.82972
NM_020429.3	5746	5518.29	0	0
NM_020431.4	5363	5135.29	1	0.00876349
NM_020432.5	4998	4770.29	0	0
NM_020433.5	9502	9274.29	86.3353	0.418938
NM_020435.4	2165	1937.29	75	1.74224
NM_020436.5	5209	4981.29	0	0
NM_020437.5	3370	3142.29	77.0943	1.10412
NM_020438.5	2169	1941.29	710.122	16.4621
NM_020439.3	2456	2228.29	74	1.49452
NM_020440.4	6314	6086.29	1481.32	10.9531
NM_020441.3	4411	4183.29	2089.97	22.4835
NM_020442.6	3575	3347.29	97.7242	1.31386
NM_020443.5	12674	12446.3	0.0980885	0.000354667
NM_020444.5	2786	2558.29	2525.25	44.4218
NM_020445.6	2213	1985.29	148.017	3.35528
NM_020447.5	3275	3047.29	0.00564302	8.33374e-05
NM_020448.5	5372	5144.29	2910.57	25.4621
NM_020451.3	4314	4086.29	390.281	4.29824
NM_020453.4	6668	6440.29	782	5.46441
NM_020455.6	6868	6640.29	175.466	1.18918
NM_020456.4	3057	2829.29	1027.31	16.3405
NM_020457.3	1876	1648.29	1193	32.5723
NM_020458.4	5095	4867.29	1132.23	10.4686
NM_020459.1	6300	6072.29	53.041	0.393099
NM_020461.4	6066	5838.29	1480.5	11.4121
NM_020463.4	5251	5023.29	104.785	0.93876
NM_020464.2	7529	7301.29	0	0
NM_020465.4	3265	3037.29	0	0
NM_020466.5	5347	5119.29	1562.73	13.7378
NM_020468.6	3293	3065.29	93.6512	1.37494
NM_020469.3	6478	6250.29	10.0006	0.0720057
NM_020470.3	1097	869.293	2461.16	127.414
NM_020473.3	2867	2639.29	0	0
NM_020474.4	3970	3742.29	3889.77	46.7766
NM_020475.3	8157	7929.29	0	0
NM_020476.3	8232	8004.29	18.3865	0.103375
NM_020477.3	7746	7518.29	68.6514	0.410935
NM_020478.5	3284	3056.29	0	0
NM_020480.5	3083	2855.29	0	0
NM_020482.6	4099	3871.29	0	0
NM_020485.8	1571	1343.29	0	0
NM_020524.4	3207	2979.29	1093	16.5101
NM_020525.5	1165	937.293	0	0
NM_020526.5	5019	4791.29	0	0
NM_020528.3	2237	2009.29	0	0
NM_020529.3	1559	1331.29	980	33.128
NM_020530.6	1865	1637.29	0	0
NM_020531.3	2202	1974.29	4744.58	108.15
NM_020532.5	4697	4469.29	56.2728	0.566633
NM_020533.3	2084	1856.29	1080	26.183
NM_020535.3	1596	1368.29	0	0
NM_020536.7	3752	3524.29	42.4971	0.542662
NM_020546.3	6645	6417.29	0	0
NM_020547.3	2001	1773.29	0	0
NM_020548.9	675	448.496	0	0
NM_020549.5	5296	5068.29	0	0
NM_020630.7	7006	6778.29	0	0
NM_020631.6	3580	3352.29	169.912	2.281
NM_020632.3	3136	2908.29	0	0
NM_020633.4	2351	2123.29	6.61217	0.140145
NM_020634.3	1236	1008.29	0	0
NM_020637.2	1329	1101.29	0	0
NM_020638.3	3002	2774.29	171.607	2.78372
NM_020639.3	3831	3603.29	120	1.49873
NM_020640.4	7849	7621.29	1731.9	10.2267
NM_020641.3	1049	821.293	0	0
NM_020642.4	1273	1045.29	268.885	11.5763
NM_020643.3	1866	1638.29	1	0.0274695
NM_020644.3	1844	1616.29	1149.57	32.008
NM_020645.3	3761	3533.29	1430.97	18.2261
NM_020646.3	627	401.259	0	0
NM_020647.4	4590	4362.29	0	0
NM_020648.6	3750	3522.29	7304.06	93.3214
NM_020649.3	3752	3524.29	164	2.09418
NM_020650.3	1469	1241.29	17113.9	620.464
NM_020651.4	3716	3488.29	345.338	4.45527
NM_020652.3	5371	5143.29	125.544	1.09849
NM_020653.4	7639	7411.29	116.293	0.706159
NM_020654.5	4973	4745.29	316.366	3.00033
NM_020655.4	4382	4154.29	0	0
NM_020657.4	4423	4195.29	250.18	2.68369
NM_020659.4	2056	1828.29	0	0
NM_020660.3	2922	2694.29	0	0
NM_020661.4	2803	2575.29	0	0
NM_020662.4	3939	3711.29	441.814	5.35743
NM_020663.5	3556	3328.29	365.211	4.93816
NM_020664.4	1551	1323.29	375	12.7531
NM_020665.6	1352	1124.29	0	0
NM_020666.3	2504	2276.29	495	9.78632
NM_020672.3	1054	826.293	8	0.43571
NM_020673.3	8651	8423.29	3056.28	16.3288
NM_020675.4	1342	1114.29	1697.68	68.5643
NM_020676.7	2133	1905.29	88.7356	2.09594
NM_020677.6	1092	864.293	327.52	17.0537
NM_020678.4	1414	1186.29	0	0
NM_020679.4	1421	1193.29	0	0
NM_020680.4	2636	2408.29	1982.51	37.0465
NM_020682.4	2450	2222.29	44.4106	0.899347
NM_020683.7	1662	1434.29	0	0
NM_020685.6	3546	3318.29	0	0
NM_020686.6	4779	4551.29	165.192	1.63342
NM_020689.4	3922	3694.29	9	0.109636
NM_020690.6	8328	8100.29	1240.26	6.89054
NM_020692.3	5523	5295.29	11.8836	0.100995
NM_020693.4	6855	6627.29	0	0
NM_020695.4	4609	4381.29	1570.14	16.128
NM_020696.4	5079	4851.29	2046.21	18.9817
NM_020697.4	5288	5060.29	258.583	2.29968
NM_020698.4	5874	5646.29	0	0
NM_020699.4	7475	7247.29	1324	8.22156
NM_020700.2	6454	6226.29	33	0.238521
NM_020701.4	3612	3384.29	868.625	11.5507
NM_020702.5	6447	6219.29	197.975	1.43256
NM_020703.4	5130	4902.29	84	0.771121
NM_020704.3	5116	4888.29	97.6032	0.898564
NM_020705.3	6593	6365.29	628.652	4.44461
NM_020706.2	4269	4041.29	1112.9	12.393
NM_020707.4	1836	1608.29	0	0
NM_020708.5	6026	5798.29	0	0
NM_020709.3	4677	4449.29	141	1.42617
NM_020710.3	4303	4075.29	1989.87	21.974
NM_020711.3	3677	3449.29	0	0
NM_020713.3	5982	5754.29	945.482	7.39441
NM_020714.3	6108	5880.29	149.414	1.1435
NM_020715.3	6615	6387.29	9.1628	0.0645586
NM_020716.4	7912	7684.29	0	0
NM_020717.5	14557	14329.3	0.000144854	4.54933e-07
NM_020718.4	10881	10653.3	59.9782	0.253368
NM_020719.3	7416	7188.29	2965	18.5627
NM_020721.1	7838	7610.29	0	0
NM_020722.2	6898	6670.29	0	0
NM_020724.2	10432	10204.3	9.08522	0.0400678
NM_020725.2	5707	5479.29	105.568	0.867058
NM_020726.5	8652	8424.29	1909.1	10.1986
NM_020727.5	7387	7159.29	608.301	3.82376
NM_020728.3	5839	5611.29	7604.09	60.9855
NM_020729.4	4303	4075.29	233.26	2.57587
NM_020730.3	5090	4862.29	174.144	1.6118
NM_020733.2	9195	8967.29	10819	54.296
NM_020734.5	5761	5533.29	22.3666	0.181911
NM_020737.3	3164	2936.29	0	0
NM_020738.4	7348	7120.29	79.457	0.5022
NM_020739.5	6682	6454.29	1079.76	7.52873
NM_020741.3	5995	5767.29	0.00393363	3.06947e-05
NM_020742.4	5690	5462.29	0.00135259	1.11438e-05
NM_020744.4	2087	1859.29	740.861	17.9321
NM_020745.4	4798	4570.29	740.573	7.29233
NM_020746.5	11731	11503.3	6291.68	24.6143
NM_020747.3	6152	5924.29	0	0
NM_020748.4	5847	5619.29	90.6031	0.72561
NM_020749.5	3728	3500.29	6.88481	0.0885176
NM_020750.3	5323	5095.29	3499.15	30.9055
NM_020751.3	3574	3346.29	1475.86	19.8483
NM_020752.3	7023	6795.29	0	0
NM_020753.5	4969	4741.29	448.082	4.25308
NM_020754.4	9307	9079.29	3312.58	16.4194
NM_020755.4	3125	2897.29	10726	166.605
NM_020759.3	15637	15409.3	316.465	0.92424
NM_020760.4	12479	12251.3	0	0
NM_020761.3	6838	6610.29	2131.42	14.5108
NM_020762.4	22920	22692.3	2190.13	4.34344
NM_020764.4	5839	5611.29	0	0
NM_020765.3	15892	15664.3	4747.26	13.6388
NM_020766.3	9612	9384.29	12.1567	0.0582983
NM_020768.4	13488	13260.3	0	0
NM_020769.2	5426	5198.29	0	0
NM_020770.3	5101	4873.29	3	0.0277039
NM_020771.4	4575	4347.29	506.13	5.23945
NM_020772.3	10877	10649.3	5924.5	25.0365
NM_020773.3	4947	4719.29	0	0
NM_020774.4	10100	9872.29	2688.39	12.2551
NM_020775.5	6880	6652.29	13.2751	0.0898068
NM_020776.3	4853	4625.29	177.372	1.72579
NM_020777.3	6152	5924.29	332.646	2.5269
NM_020778.5	10238	10010.3	16	0.0719309
NM_020779.4	6898	6670.29	653.183	4.40689
NM_020780.2	5265	5037.29	0	0
NM_020781.4	5516	5288.29	196.628	1.6733
NM_020782.2	6490	6262.29	2014.82	14.4792
NM_020783.4	3936	3708.29	0	0
NM_020784.3	4557	4329.29	231.729	2.40883
NM_020785.2	1682	1454.29	24.5564	0.759897
NM_020786.4	6997	6769.29	267.808	1.78042
NM_020787.4	4241	4013.29	125.349	1.4056
NM_020789.4	4011	3783.29	0	0
NM_020790.1	2146	1918.29	0	0
NM_020791.4	12643	12415.3	6464.9	23.434
NM_020792.6	4536	4308.29	3533.35	36.9082
NM_020795.4	4980	4752.29	402.404	3.81067
NM_020796.5	6828	6600.29	0	0
NM_020798.4	4725	4497.29	286.341	2.86533
NM_020799.4	2021	1793.29	1333.67	33.4688
NM_020800.3	3999	3771.29	1327.96	15.8466
NM_020801.4	4239	4011.29	1497.24	16.7977
NM_020802.4	7048	6820.29	192.325	1.26904
NM_020803.5	5631	5403.29	536.111	4.46518
NM_020804.5	4286	4058.29	0	0
NM_020805.3	4271	4043.29	2	0.0222606
NM_020806.5	3557	3329.29	499.982	6.75841
NM_020807.3	5027	4799.29	154.402	1.44784
NM_020808.5	6914	6686.29	0	0
NM_020809.4	6188	5960.29	0	0
NM_020810.3	5304	5076.29	1007.02	8.92762
NM_020811.2	3939	3711.29	0	0
NM_020812.4	6430	6202.29	22.089	0.160275
NM_020813.4	6266	6038.29	41.6414	0.310351
NM_020814.3	4903	4675.29	3465	33.3531
NM_020815.3	4595	4367.29	0	0
NM_020816.4	3961	3733.29	0	0
NM_020817.2	3889	3661.29	30.3882	0.373519
NM_020818.5	9041	8813.29	2.0829	0.0106358
NM_020819.5	5490	5262.29	0	0
NM_020820.4	6752	6524.29	531.995	3.66958
NM_020821.3	13403	13175.3	1.16014e-07	3.96272e-10
NM_020822.3	7123	6895.29	0	0
NM_020823.2	5187	4959.29	56.9278	0.516591
NM_020824.4	7381	7153.29	0	0
NM_020825.4	7972	7744.29	1411.03	8.19968
NM_020826.3	5165	4937.29	0	0
NM_020827.3	4851	4623.29	2541.16	24.7356
NM_020828.2	4094	3866.29	201.797	2.34889
NM_020829.4	6786	6558.29	1630.78	11.1904
NM_020830.5	4607	4379.29	5212	53.5603
NM_020831.6	4522	4294.29	1448.38	15.1786
NM_020832.3	4795	4567.29	671.869	6.62015
NM_020834.3	4986	4758.29	401.605	3.79831
NM_020836.4	2674	2446.29	0	0
NM_020839.4	3965	3737.29	1214.95	14.6299
NM_020840.3	7038	6810.29	385.752	2.54909
NM_020841.5	7204	6976.29	923.752	5.959
NM_020843.4	5033	4805.29	261.98	2.45353
NM_020844.3	9591	9363.29	33.4442	0.160744
NM_020845.3	7134	6906.29	146.83	0.956783
NM_020846.2	6081	5853.29	1645.84	12.654
NM_020848.4	9324	9096.29	529	2.61718
NM_020850.3	5245	5017.29	706.26	6.33487
NM_020851.3	4202	3974.29	0	0
NM_020853.2	4711	4483.29	444.916	4.46605
NM_020854.4	8617	8389.29	0	0
NM_020855.3	4246	4018.29	91.9658	1.02998
NM_020856.4	5065	4837.29	1674.43	15.5778
NM_020857.3	3875	3647.29	1532	18.903
NM_020858.2	6308	6080.29	0	0
NM_020859.4	10891	10663.3	715.996	3.02177
NM_020860.4	5004	4776.29	1121.21	10.5642
NM_020861.3	3103	2875.29	1135.56	17.7734
NM_020862.2	3579	3351.29	15	0.201429
NM_020863.4	4594	4366.29	210.968	2.17443
NM_020864.2	5016	4788.29	0	0
NM_020865.3	6723	6495.29	2770.16	19.1932
NM_020866.3	4105	3877.29	0	0
NM_020867.2	4308	4080.29	0	0
NM_020868.6	5964	5736.29	0	0
NM_020869.4	4598	4370.29	0.116538	0.00120005
NM_020870.4	5120	4892.29	2601	23.926
NM_020871.4	4953	4725.29	404.731	3.85461
NM_020872.3	5269	5041.29	557.301	4.97497
NM_020873.7	5960	5732.29	0	0
NM_020877.5	14563	14335.3	0	0
NM_020879.3	3335	3107.29	18.5406	0.268525
NM_020880.5	4793	4565.29	0	0
NM_020882.4	8045	7817.29	2.00555	0.0115457
NM_020883.2	5868	5640.29	31.8661	0.254255
NM_020884.7	6551	6323.29	0	0
NM_020886.4	4670	4442.29	7.50649	0.0760453
NM_020888.3	5493	5265.29	819.959	7.00829
NM_020889.3	2985	2757.29	6.47912	0.105749
NM_020890.3	4066	3838.29	3944.84	46.2523
NM_020892.4	2761	2533.29	33.3041	0.591636
NM_020893.6	7060	6832.29	0	0
NM_020894.4	4773	4545.29	0	0
NM_020895.5	2659	2431.29	0	0
NM_020896.4	3854	3626.29	2527.67	31.3689
NM_020897.3	3838	3610.29	0	0
NM_020898.3	5576	5348.29	1229.78	10.3479
NM_020899.4	5930	5702.29	2423.16	19.1238
NM_020901.4	5536	5308.29	149.997	1.27166
NM_020902.2	4137	3909.29	3.40174	0.0391602
NM_020903.3	3763	3535.29	0	0
NM_020904.3	3073	2845.29	590.501	9.33976
NM_020905.4	1560	1332.29	907.653	30.6593
NM_020908.3	5709	5481.29	3.23784e-08	2.65836e-10
NM_020909.4	6556	6328.29	360.505	2.5637
NM_020910.3	12450	12222.3	0	0
NM_020911.2	12959	12731.3	902.679	3.19083
NM_020912.2	2588	2360.29	35.3468	0.673947
NM_020914.5	17741	17513.3	2810.06	7.22087
NM_020917.3	7491	7263.29	51.0108	0.316061
NM_020918.6	6368	6140.29	8.06544e-06	5.91128e-08
NM_020919.4	6675	6447.29	341.538	2.38399
NM_020920.4	7447	7219.29	1672.84	10.428
NM_020921.4	10334	10106.3	2558.48	11.3929
NM_020922.5	11384	11156.3	0	0
NM_020923.3	10285	10057.3	111.434	0.498631
NM_020924.4	4455	4227.29	0	0
NM_020925.4	5933	5705.29	282	2.2244
NM_020927.3	3791	3563.29	151	1.90707
NM_020928.2	5518	5290.29	637.996	5.42726
NM_020929.3	2632	2404.29	0	0
NM_020931.4	2789	2561.29	464.17	8.15568
NM_020932.3	3633	3405.29	179	2.3656
NM_020933.5	4056	3828.29	757.359	8.90305
NM_020935.3	8022	7794.29	819	4.72878
NM_020936.3	2656	2428.29	1.00732e-07	1.86685e-09
NM_020937.4	7131	6903.29	809.67	5.2783
NM_020939.2	3342	3114.29	0	0
NM_020940.4	5774	5546.29	3318.2	26.9242
NM_020943.3	3524	3296.29	47.208	0.644513
NM_020944.3	3611	3383.29	248.637	3.30726
NM_020945.2	10023	9795.29	0	0
NM_020946.2	5025	4797.29	602.503	5.65204
NM_020947.4	5013	4785.29	2597.27	24.4259
NM_020948.4	5530	5302.29	68.9327	0.585064
NM_020949.3	10140	9912.29	22.2328	0.10094
NM_020950.2	9946	9718.29	143.949	0.666592
NM_020951.5	5144	4916.29	138.849	1.271
NM_020952.6	11907	11679.3	0	0
NM_020954.4	5334	5106.29	234.678	2.06828
NM_020956.2	5533	5305.29	63.4458	0.53819
NM_020957.4	3840	3612.29	58.8331	0.732961
NM_020958.3	899	671.361	0	0
NM_020959.3	4178	3950.29	316.85	3.60966
NM_020960.5	6729	6501.29	2554.65	17.6837
NM_020961.4	6642	6414.29	668.736	4.6919
NM_020962.3	6363	6135.29	6.61552	0.0485256
NM_020963.5	3616	3388.29	105.249	1.39791
NM_020964.3	12688	12460.3	3182.72	11.4951
NM_020967.3	3224	2996.29	878.767	13.1987
NM_020971.3	8910	8682.29	0	0
NM_020972.3	4114	3886.29	193.192	2.23715
NM_020973.5	2135	1907.29	0	0
NM_020974.4	4556	4328.29	2.33303	0.0242575
NM_020975.6	5617	5389.29	0	0
NM_020977.5	7960	7732.29	0	0
NM_020978.4	2253	2025.29	108.997	2.42197
NM_020980.5	2849	2621.29	0	0
NM_020981.4	5850	5622.29	10.9835	0.0879165
NM_020982.4	1583	1355.29	0	0
NM_020984.4	4962	4734.29	0	0
NM_020985.4	5134	4906.29	0	0
NM_020986.4	4962	4734.29	0	0
NM_020987.5	17019	16791.3	1.72915	0.00463438
NM_020988.3	3182	2954.29	2.54293	0.0387367
NM_020989.4	627	401.259	0	0
NM_020990.5	1976	1748.29	0	0
NM_020991.4	827	599.427	0	0
NM_020992.4	1431	1203.29	1076	40.2423
NM_020993.5	3785	3557.29	120.33	1.52229
NM_020994.5	988	760.293	0	0
NM_020995.4	1242	1014.29	0	0
NM_020996.3	945	717.293	0	0
NM_020997.4	1626	1398.29	1	0.0321843
NM_020998.4	3042	2814.29	38.2937	0.61235
NM_020999.4	1560	1332.29	0	0
NM_021002.2	570	345.561	0	0
NM_021003.5	8231	8003.29	1678.36	9.43756
NM_021004.4	1264	1036.29	227.321	9.87185
NM_021005.4	5287	5059.29	4144.32	36.8643
NM_021006.6	784	556.487	0	0
NM_021007.3	8630	8402.29	28	0.149969
NM_021008.4	2190	1962.29	463.805	10.6369
NM_021009.7	2193	1965.29	47249	1081.95
NM_021010.3	454	237.87	0	0
NM_021012.5	5263	5035.29	72.0472	0.643924
NM_021014.4	1270	1042.29	0	0
NM_021015.4	1416	1188.29	0	0
NM_021016.4	1873	1645.29	0	0
NM_021018.3	494	274.359	4	0.656119
NM_021019.5	708	480.9	24684.7	2310.02
NM_021020.5	5706	5478.29	151.596	1.24533
NM_021021.4	4941	4713.29	884.616	8.44642
NM_021023.6	2934	2706.29	0	0
NM_021025.4	1534	1306.29	0	0
NM_021026.2	1496	1268.29	0	0
NM_021027.3	2371	2143.29	0	0
NM_021029.6	761	533.648	9381.61	791.161
NM_021030.3	2963	2735.29	126.954	2.08875
NM_021032.5	6725	6497.29	0	0
NM_021033.7	5540	5312.29	2530	21.4329
NM_021034.3	611	385.534	6133.84	715.998
NM_021035.3	7209	6981.29	4009.61	25.8469
NM_021038.5	5516	5288.29	4443.98	37.818
NM_021044.4	4683	4455.29	1.00311	0.0101324
NM_021045.3	5143	4915.29	99.1428	0.907724
NM_021046.3	1185	957.293	0	0
NM_021047.3	3542	3314.29	122.66	1.66553
NM_021048.5	2652	2424.29	1.17338	0.0217819
NM_021052.4	517	295.585	12	1.82701
NM_021055.3	6286	6058.29	4.73575e-05	3.51788e-07
NM_021057.2	737	509.753	0	0
NM_021058.4	480	261.78	23	3.95398
NM_021059.3	522	300.222	0	0
NM_021061.5	6352	6124.29	90.7225	0.666655
NM_021062.3	487	267.803	2	0.336091
NM_021063.4	486	266.912	13.3977	2.25893
NM_021064.5	493	273.443	23	3.78532
NM_021065.3	510	289.15	9	1.40075
NM_021066.3	476	257.994	9.59942	1.67447
NM_021067.5	3311	3083.29	1008.74	14.7233
NM_021068.4	970	742.293	0	0
NM_021069.6	5921	5693.29	0	0
NM_021070.4	4580	4352.29	2568.89	26.5625
NM_021071.4	5160	4932.29	2.87347	0.026218
NM_021072.4	9933	9705.29	0	0
NM_021073.4	3970	3742.29	0	0
NM_021074.5	857	629.427	3316.29	237.11
NM_021075.4	5725	5497.29	1346	11.0189
NM_021076.4	3795	3567.29	223.849	2.82396
NM_021077.4	655	428.76	125.954	13.2203
NM_021078.3	3115	2887.29	1303.45	20.3163
NM_021079.5	4881	4653.29	5817	56.2576
NM_021080.5	5672	5444.29	0	0
NM_021081.6	545	321.964	0	0
NM_021082.4	5447	5219.29	0	0
NM_021083.4	5174	4946.29	0	0
NM_021088.4	3580	3352.29	226.486	3.04047
NM_021089.3	9110	8882.29	288.785	1.46316
NM_021090.4	8987	8759.29	908.412	4.6672
NM_021094.4	7231	7003.29	0	0
NM_021095.4	3213	2985.29	398.016	6.00007
NM_021096.4	10002	9774.29	3.70802e-07	1.70726e-09
NM_021097.5	21116	20888.3	0	0
NM_021098.3	8219	7991.29	0.00243438	1.37093e-05
NM_021100.5	3008	2780.29	789.661	12.7818
NM_021101.5	3446	3218.29	5	0.0699176
NM_021102.4	1688	1460.29	49	1.51007
NM_021103.4	461	244.098	59036	10884.2
NM_021104.2	561	336.904	29014.4	3875.7
NM_021105.3	1976	1748.29	498.983	12.8444
NM_021107.1	1094	866.293	99.2837	5.15769
NM_021109.4	622	396.338	47542	5398.26
NM_021110.4	8009	7781.29	222.237	1.28531
NM_021111.3	4412	4184.29	6681.49	71.861
NM_021114.4	572	347.526	0	0
NM_021115.5	6584	6356.29	0	0
NM_021116.4	12657	12429.3	43.1047	0.156071
NM_021117.5	4131	3903.29	733	8.45114
NM_021118.3	2107	1879.29	0	0
NM_021120.4	6042	5814.29	0	0
NM_021121.4	820	592.487	885.538	67.2621
NM_021126.8	1350	1122.29	469.08	18.8097
NM_021127.3	1899	1671.29	356.131	9.58958
NM_021128.5	876	648.427	4206	291.911
NM_021129.4	1292	1064.29	3197	135.183
NM_021130.5	2237	2009.29	35693.1	799.436
NM_021131.5	2666	2438.29	94.2694	1.73991
NM_021132.4	3519	3291.29	418.236	5.7187
NM_021133.4	4238	4010.29	368.146	4.13129
NM_021134.4	673	446.496	832.134	83.8722
NM_021135.6	5832	5604.29	4244.47	34.0836
NM_021136.3	3239	3011.29	0	0
NM_021137.5	3570	3342.29	2323.98	31.2917
NM_021138.4	2266	2038.29	707.767	15.6267
NM_021139.3	2100	1872.29	0	0
NM_021140.4	5938	5710.29	93.5909	0.737594
NM_021141.4	3379	3151.29	19658	280.733
NM_021143.4	3004	2776.29	50.4448	0.817699
NM_021144.4	1720	1492.29	74.1574	2.23636
NM_021145.4	4132	3904.29	0	0
NM_021146.4	2224	1996.29	0	0
NM_021147.5	1361	1133.29	0	0
NM_021148.3	3698	3470.29	15.8242	0.20521
NM_021149.5	1842	1614.29	20555	573.03
NM_021150.4	4991	4763.29	0	0
NM_021151.4	3205	2977.29	469.396	7.09513
NM_021153.4	6297	6069.29	0	0
NM_021154.5	2068	1840.29	32.8036	0.802189
NM_021155.4	4284	4056.29	0	0
NM_021156.4	6103	5875.29	2495.58	19.1154
NM_021158.5	2356	2128.29	367.882	7.77893
NM_021159.5	3747	3519.29	99.5854	1.27345
NM_021160.3	1977	1749.29	589.1	15.1554
NM_021161.5	7501	7273.29	0	0
NM_021163.4	6612	6384.29	881.027	6.21039
NM_021165.4	4097	3869.29	1	0.0116308
NM_021167.5	4571	4343.29	1134.32	11.7533
NM_021168.5	2718	2490.29	361.911	6.54024
NM_021170.4	885	657.427	1.94872e-06	1.33396e-07
NM_021173.5	1694	1466.29	705.187	21.6434
NM_021174.6	5019	4791.29	1.934e-05	1.81655e-07
NM_021175.4	406	196.92	0	0
NM_021176.3	3030	2802.29	0	0
NM_021177.5	858	630.427	1408	100.51
NM_021178.5	1470	1242.29	491.964	17.8218
NM_021179.3	1914	1686.29	3.00712	0.0802528
NM_021180.4	2700	2472.29	0	0
NM_021181.5	2707	2479.29	0	0
NM_021182.3	381	176.619	0	0
NM_021183.5	3805	3577.29	1929.57	24.2744
NM_021184.4	2481	2253.29	865	17.2759
NM_021185.5	3691	3463.29	0	0
NM_021186.5	1928	1700.29	0	0
NM_021187.4	3051	2823.29	0	0
NM_021188.3	2623	2395.29	894.549	16.8069
NM_021189.5	3841	3613.29	0	0
NM_021190.4	3321	3093.29	131.62	1.91489
NM_021191.3	3927	3699.29	0	0
NM_021192.3	1705	1477.29	49.958	1.52188
NM_021193.4	2549	2321.29	0	0
NM_021194.3	5893	5665.29	2796	22.2104
NM_021195.5	1366	1138.29	4	0.158142
NM_021196.3	3449	3221.29	4.68891	0.0655064
NM_021197.4	1295	1067.29	0	0
NM_021198.3	2525	2297.29	1083.1	21.2175
NM_021199.4	1701	1473.29	634.29	19.375
NM_021200.3	1977	1749.29	0	0
NM_021201.5	2956	2728.29	0	0
NM_021202.3	4127	3899.29	128.434	1.4823
NM_021203.4	2837	2609.29	399.892	6.89703
NM_021204.5	2083	1855.29	1745.6	42.3423
NM_021205.6	3965	3737.29	125.613	1.51259
NM_021209.4	3385	3157.29	0	0
NM_021210.5	812	584.487	2013.32	155.017
NM_021211.4	2719	2491.29	567.838	10.2575
NM_021213.4	1972	1744.29	309.761	7.99189
NM_021214.2	2361	2133.29	676	14.2606
NM_021215.4	3672	3444.29	1348	17.6129
NM_021216.5	3431	3203.29	196.978	2.76735
NM_021217.3	2040	1812.29	84	2.0859
NM_021218.3	4114	3886.29	1130.11	13.0867
NM_021219.4	4351	4123.29	37.5033	0.409325
NM_021220.4	1583	1355.29	0	0
NM_021221.3	2845	2617.29	609.386	10.4781
NM_021222.3	3025	2797.29	105.263	1.69349
NM_021223.3	612	386.495	0	0
NM_021224.6	10345	10117.3	81.2818	0.361552
NM_021225.5	983	755.293	0	0
NM_021226.4	2729	2501.29	1851.67	33.3151
NM_021227.4	1062	834.293	7091.1	382.505
NM_021228.3	4222	3994.29	5743.45	64.7106
NM_021229.4	3621	3393.29	669.722	8.88209
NM_021231.2	2651	2423.29	113.065	2.09974
NM_021232.2	1473	1245.29	0	0
NM_021233.3	1317	1089.29	0	0
NM_021235.3	2812	2584.29	19.864	0.345913
NM_021237.5	1497	1269.29	1361	48.2546
NM_021238.3	3079	2851.29	84.5837	1.33502
NM_021239.3	6813	6585.29	2843.12	19.4295
NM_021240.4	2493	2265.29	0	0
NM_021241.3	5702	5474.29	72.3565	0.594829
NM_021242.6	3758	3530.29	1550.17	19.7611
NM_021243.3	782	554.487	530.567	43.0617
NM_021244.5	4923	4695.29	18	0.172525
NM_021245.4	1300	1072.29	0	0
NM_021246.4	525	303.13	0	0
NM_021247.3	431	217.835	0	0
NM_021248.3	3897	3669.29	0	0
NM_021249.5	3438	3210.29	381.155	5.34318
NM_021250.4	1390	1162.29	0	0
NM_021252.5	4875	4647.29	3922.47	37.9841
NM_021253.4	3714	3486.29	40.9443	0.528533
NM_021254.4	3516	3288.29	310.52	4.24973
NM_021255.3	5871	5643.29	64.5909	0.515087
NM_021257.4	1778	1550.29	0	0
NM_021258.4	2817	2589.29	25	0.434511
NM_021259.3	3672	3444.29	2282.74	29.8262
NM_021260.4	4380	4152.29	935.61	10.1403
NM_021267.5	2579	2351.29	10.9183	0.208973
NM_021268.2	980	752.293	0	0
NM_021269.3	4004	3776.29	97.9949	1.16783
NM_021270.5	614	388.495	0	0
NM_021569.4	4268	4040.29	0	0
NM_021570.4	1511	1283.29	8	0.280547
NM_021571.4	702	474.947	0	0
NM_021572.6	3783	3555.29	0	0
NM_021574.3	6651	6423.29	0	0
NM_021575.5	675	448.496	70.9134	7.11561
NM_021599.4	2288	2060.29	594.99	12.9964
NM_021601.4	985	757.293	0	0
NM_021602.4	934	706.293	0	0
NM_021603.4	593	367.988	0	0
NM_021614.4	2760	2532.29	0	0
NM_021615.5	8370	8142.29	157.678	0.871499
NM_021616.6	2293	2065.29	252.682	5.50599
NM_021619.3	2478	2250.29	4	0.0799951
NM_021620.4	3129	2901.29	0	0
NM_021622.5	14066	13838.3	0	0
NM_021623.2	5530	5302.29	1092.2	9.27006
NM_021624.4	3664	3436.29	0	0
NM_021625.5	3228	3000.29	314.776	4.72151
NM_021626.3	1921	1693.29	1202.14	31.9496
NM_021627.3	5596	5368.29	1503.65	12.6053
NM_021628.3	3205	2977.29	0	0
NM_021629.4	6315	6087.29	8927.5	66.0006
NM_021630.6	2236	2008.29	70.0371	1.56943
NM_021632.4	2355	2127.29	146.876	3.10717
NM_021633.4	3311	3083.29	1095.45	15.989
NM_021634.4	3686	3458.29	0	0
NM_021635.3	2506	2278.29	0	0
NM_021636.3	3410	3182.29	0	0
NM_021637.3	2039	1811.29	6	0.149075
NM_021639.5	3641	3413.29	779.093	10.2721
NM_021640.4	1202	974.293	1302	60.14
NM_021641.5	3337	3109.29	0.00113781	1.64684e-05
NM_021642.5	2643	2415.29	0	0
NM_021643.4	4344	4116.29	850.617	9.29972
NM_021644.4	2311	2083.29	783.243	16.9195
NM_021645.6	5529	5301.29	0	0
NM_021646.4	5824	5596.29	95.5397	0.768291
NM_021647.8	6301	6073.29	67.4576	0.49986
NM_021648.5	4112	3884.29	1066	12.3506
NM_021649.7	3203	2975.29	1594.76	24.1217
NM_021705.4	6122	5894.29	291.357	2.22452
NM_021706.5	4824	4596.29	1.34356e-05	1.3155e-07
NM_021709.3	557	333.141	26.312	3.55441
NM_021721.5	2775	2547.29	0	0
NM_021722.6	9313	9085.29	0	0
NM_021723.5	9334	9106.29	0	0
NM_021724.5	2630	2402.29	3289.73	61.6277
NM_021727.5	1790	1562.29	986.673	28.4219
NM_021728.4	3011	2783.29	0	0
NM_021729.6	3181	2953.29	934.49	14.24
NM_021732.3	1375	1147.29	240.198	9.42188
NM_021733.2	1854	1626.29	60	1.66033
NM_021734.5	1614	1386.29	89.4852	2.90495
NM_021738.3	8306	8078.29	414.885	2.31127
NM_021777.5	2106	1878.29	2.80912	0.0673053
NM_021783.5	3455	3227.29	60.4475	0.842912
NM_021784.5	2538	2310.29	0	0
NM_021785.6	2187	1959.29	51.3121	1.17859
NM_021794.4	2983	2755.29	0	0
NM_021795.3	2167	1939.29	14.9748	0.347503
NM_021796.4	1119	891.293	0	0
NM_021797.4	1371	1143.29	0	0
NM_021798.4	4483	4255.29	92.2039	0.97513
NM_021800.3	1221	993.293	9.82574	0.445174
NM_021801.5	1451	1223.29	0	0
NM_021803.4	3146	2918.29	0	0
NM_021804.3	3596	3368.29	0	0
NM_021805.3	1639	1411.29	170.673	5.44241
NM_021806.4	1793	1565.29	633.942	18.2262
NM_021807.4	4182	3954.29	2668.89	30.3741
NM_021808.3	1744	1516.29	0	0
NM_021809.7	3416	3188.29	157.545	2.22376
NM_021810.6	2494	2266.29	0	0
NM_021813.4	9215	8987.29	83.9827	0.420536
NM_021814.5	2765	2537.29	5557.37	98.5691
NM_021815.5	5167	4939.29	0	0
NM_021817.3	1650	1422.29	0	0
NM_021818.4	3094	2866.29	1800.16	28.2639
NM_021819.3	1750	1522.29	0	0
NM_021821.4	1829	1601.29	2543.99	71.4967
NM_021822.4	1564	1336.29	72.3649	2.43707
NM_021823.5	2215	1987.29	117.462	2.65998
NM_021824.3	1649	1421.29	95.2736	3.01669
NM_021825.5	3990	3762.29	810.442	9.69419
NM_021826.5	2842	2614.29	785.829	13.5275
NM_021827.5	2357	2129.29	4.11373	0.0869446
NM_021828.5	4326	4098.29	0	0
NM_021830.5	3616	3388.29	594.29	7.89332
NM_021831.6	3188	2960.29	11.5125	0.175016
NM_021833.5	1621	1393.29	0	0
NM_021870.3	2072	1844.29	0	0
NM_021871.4	2209	1981.29	0	0
NM_021872.4	2996	2768.29	596.4	9.69545
NM_021873.4	3119	2891.29	6367.37	99.1083
NM_021902.4	576	351.35	21.0772	2.6997
NM_021903.3	4062	3834.29	546.218	6.41095
NM_021904.4	4339	4111.29	140.827	1.54152
NM_021907.5	2417	2189.29	11.4587	0.235545
NM_021908.3	2725	2497.29	432.203	7.78862
NM_021910.3	1540	1312.29	0	0
NM_021911.3	7682	7454.29	0	0
NM_021912.5	5702	5474.29	0	0
NM_021913.5	4717	4489.29	13836.3	138.702
NM_021914.8	4372	4144.29	258.749	2.80977
NM_021915.4	1738	1510.29	39.5281	1.17784
NM_021916.4	6940	6712.29	97.823	0.655862
NM_021920.4	526	304.007	1	0.148033
NM_021922.3	2576	2348.29	321.512	6.16151
NM_021923.3	3105	2877.29	1994.9	31.2017
NM_021924.5	3359	3131.29	0	0
NM_021925.4	3917	3689.29	277.142	3.38066
NM_021926.4	5727	5499.29	8	0.0654674
NM_021927.3	4460	4232.29	1058.05	11.2505
NM_021928.4	4569	4341.29	11662.6	120.898
NM_021930.6	2860	2632.29	1415.77	24.2048
NM_021931.4	3314	3086.29	194.206	2.83183
NM_021932.6	3524	3296.29	219.987	3.0034
NM_021933.4	1541	1313.29	604.764	20.7237
NM_021934.5	1433	1205.29	1654.15	61.7623
NM_021935.4	1492	1264.29	0	0
NM_021936.3	4366	4138.29	0	0
NM_021937.5	2205	1977.29	564.532	12.8487
NM_021938.4	1896	1668.29	0	0
NM_021939.4	2585	2357.29	22664.9	432.695
NM_021940.5	3133	2905.29	1222.96	18.9437
NM_021942.6	4523	4295.29	1504.1	15.7589
NM_021943.3	3138	2910.29	3161.16	48.8823
NM_021944.4	3360	3132.29	0	0
NM_021945.6	5945	5717.29	0	0
NM_021946.5	7243	7015.29	0	0
NM_021947.3	2482	2254.29	455.859	9.10045
NM_021948.5	3297	3069.29	0	0
NM_021949.4	6928	6700.29	0	0
NM_021950.4	3293	3065.29	8	0.117452
NM_021951.3	2215	1987.29	0	0
NM_021952.5	4007	3779.29	0	0
NM_021953.4	3552	3324.29	3161.8	42.8033
NM_021954.4	5214	4986.29	30	0.270761
NM_021955.5	661	434.717	0	0
NM_021956.5	4722	4494.29	1.98164	0.0198429
NM_021957.4	3214	2986.29	0	0
NM_021958.4	2237	2009.29	469.789	10.5221
NM_021959.3	1621	1393.29	1320.43	42.6498
NM_021960.5	3950	3722.29	14851.5	179.557
NM_021961.6	9417	9189.29	14948	73.2054
NM_021962.5	5395	5167.29	472.262	4.11303
NM_021963.4	2553	2325.29	6	0.116122
NM_021964.3	9514	9286.29	1909.49	9.25374
NM_021965.4	3626	3398.29	0	0
NM_021966.3	1345	1117.29	0	0
NM_021967.4	1907	1679.29	0	0
NM_021968.4	389	182.969	0	0
NM_021969.3	1165	937.293	0	0
NM_021970.4	4163	3935.29	900.462	10.2975
NM_021971.4	3144	2916.29	1451.49	22.3989
NM_021972.4	1858	1630.29	876.361	24.1913
NM_021973.3	2780	2552.29	950.957	16.7677
NM_021974.5	2070	1842.29	1280.14	31.2709
NM_021975.4	2517	2289.29	3620.46	71.1712
NM_021976.5	2885	2657.29	796.464	13.4887
NM_021977.4	3234	3006.29	66.5059	0.995568
NM_021978.4	3305	3077.29	5	0.0731212
NM_021979.4	2497	2269.29	329.508	6.53457
NM_021980.4	3376	3148.29	4068.01	58.1499
NM_021982.3	6389	6161.29	2644.95	19.3191
NM_021983.5	1176	948.293	2	0.0949138
NM_021988.6	2539	2311.29	83.2602	1.62115
NM_021991.4	3208	2980.29	42.5174	0.642023
NM_021992.3	634	408.137	31.2762	3.44865
NM_021994.3	2580	2352.29	443.335	8.48169
NM_021995.2	648	421.846	0	0
NM_021996.6	1954	1726.29	26.6598	0.694999
NM_021998.5	4162	3934.29	0	0
NM_021999.5	10089	9861.29	12305	56.1552
NM_022002.3	2745	2517.29	0	0
NM_022003.4	1678	1450.29	76.5776	2.37623
NM_022006.2	708	480.9	1	0.093581
NM_022034.6	1958	1730.29	16.6286	0.432491
NM_022036.4	1813	1585.29	65.3974	1.85649
NM_022037.4	4601	4373.29	111.077	1.14303
NM_022039.4	2394	2166.29	517.02	10.7407
NM_022041.4	15159	14931.3	409.643	1.23467
NM_022042.4	3413	3185.29	30.2226	0.426997
NM_022044.3	825	597.427	1757	132.352
NM_022045.5	3067	2839.29	663.622	10.5185
NM_022046.6	1021	793.293	0	0
NM_022047.4	2296	2068.29	30	0.652757
NM_022048.5	8085	7857.29	667.727	3.82444
NM_022049.3	3492	3264.29	0	0
NM_022051.3	4335	4107.29	4113.11	45.0668
NM_022052.2	1956	1728.29	0	0
NM_022053.4	2336	2108.29	0	0
NM_022054.4	2289	2061.29	3	0.0654974
NM_022055.2	13564	13336.3	0	0
NM_022058.4	5488	5260.29	0	0
NM_022060.3	3051	2823.29	626.521	9.98671
NM_022061.4	2305	2077.29	3033	65.7078
NM_022063.3	13898	13670.3	975.432	3.21116
NM_022064.5	4255	4027.29	865.97	9.6768
NM_022065.5	6091	5863.29	1396.78	10.7208
NM_022066.4	5377	5149.29	1711.59	14.9587
NM_022067.4	2801	2573.29	0	0
NM_022068.4	10520	10292.3	0	0
NM_022070.5	6108	5880.29	950	7.27054
NM_022071.4	3276	3048.29	982.638	14.5071
NM_022072.5	6431	6203.29	384.649	2.79052
NM_022073.4	2706	2478.29	15	0.272384
NM_022074.4	3512	3284.29	586.558	8.03732
NM_022075.5	2323	2095.29	6044.07	129.816
NM_022076.4	868	640.427	0	0
NM_022077.4	1308	1080.29	842.776	35.1085
NM_022078.3	2125	1897.29	413.393	9.80554
NM_022079.3	4448	4220.29	0	0
NM_022080.3	3837	3609.29	317.55	3.95942
NM_022081.6	5066	4838.29	0	0
NM_022082.4	3518	3290.29	1177.93	16.1112
NM_022087.4	2739	2511.29	1099.07	19.6956
NM_022088.5	2895	2667.29	0.000158869	2.68047e-06
NM_022089.4	3996	3768.29	357.979	4.27519
NM_022090.5	2808	2580.29	186.803	3.25805
NM_022091.5	3451	3223.29	309.056	4.31499
NM_022092.3	3092	2864.29	1587.07	24.9357
NM_022093.2	5042	4814.29	0	0
NM_022094.3	1298	1070.29	0	0
NM_022095.4	4454	4226.29	758.158	8.07313
NM_022096.6	5429	5201.29	3.73241	0.0322939
NM_022097.4	1967	1739.29	8.60036	0.222529
NM_022098.4	7938	7710.29	494.623	2.887
NM_022100.3	2115	1887.29	597.118	14.2385
NM_022101.4	2301	2073.29	463.926	10.07
NM_022103.4	3799	3571.29	0	0
NM_022104.4	2689	2461.29	1009.25	18.4535
NM_022105.5	2777	2549.29	6.55519	0.11572
NM_022106.3	5086	4858.29	338.471	3.13531
NM_022107.3	1456	1228.29	5.77994	0.21177
NM_022110.4	1342	1114.29	347	14.0143
NM_022111.4	8512	8284.29	1037.78	5.63757
NM_022112.3	750	522.701	0	0
NM_022113.6	6007	5779.29	447.606	3.48548
NM_022114.4	8698	8470.29	254	1.34951
NM_022115.7	7512	7284.29	0	0
NM_022116.7	3485	3257.29	0	0
NM_022117.4	2815	2587.29	1486.91	25.8632
NM_022118.5	5177	4949.29	209.796	1.90764
NM_022119.4	1383	1155.29	0	0
NM_022120.2	1826	1598.29	10.643	0.299676
NM_022121.5	4198	3970.29	4512	51.1433
NM_022122.3	1876	1648.29	0	0
NM_022123.3	6208	5980.29	0.308405	0.00232082
NM_022124.6	11138	10910.3	12.1612	0.0501627
NM_022126.4	1634	1406.29	253.035	8.09744
NM_022127.3	5158	4930.29	0	0
NM_022128.3	1247	1019.29	30.6481	1.35315
NM_022129.4	2588	2360.29	22.3253	0.42567
NM_022130.4	2678	2450.29	5678	104.284
NM_022131.3	14202	13974.3	80.653	0.259737
NM_022132.5	3624	3396.29	1130.1	14.9746
NM_022133.4	3355	3127.29	47.2261	0.679604
NM_022134.3	1452	1224.29	0	0
NM_022135.4	1681	1453.29	0	0
NM_022136.5	1860	1632.29	0	0
NM_022137.6	3676	3448.29	151.963	1.98325
NM_022138.3	3115	2887.29	0	0
NM_022139.4	1471	1243.29	0	0
NM_022140.5	4670	4442.29	60.4602	0.612498
NM_022141.7	3488	3260.29	0	0
NM_022142.5	1079	851.293	0	0
NM_022143.5	4195	3967.29	218.702	2.48085
NM_022144.3	1205	977.293	2	0.0920974
NM_022145.5	1731	1503.29	1226.71	36.7231
NM_022146.5	9249	9021.29	7.29296	0.0363812
NM_022147.3	1501	1273.29	9	0.318095
NM_022148.4	1538	1310.29	0	0
NM_022149.5	1701	1473.29	1038	31.7067
NM_022150.3	1190	962.293	0	0
NM_022151.5	2407	2179.29	355.029	7.33145
NM_022152.6	2292	2064.29	5545.41	120.894
NM_022153.2	4714	4486.29	313	3.13978
NM_022154.5	3309	3081.29	96.6869	1.41214
NM_022156.5	2233	2005.29	1152.38	25.8618
NM_022157.4	2681	2453.29	2834	51.9868
NM_022158.4	1393	1165.29	27	1.04273
NM_022159.4	3539	3311.29	6054	82.2786
NM_022160.3	5586	5358.29	6	0.0503926
NM_022161.4	1280	1052.29	0	0
NM_022162.3	4675	4447.29	0	0
NM_022163.4	986	758.293	568	33.7096
NM_022164.3	2207	1979.29	888.957	20.2122
NM_022165.3	746	518.701	62.7657	5.44562
NM_022166.4	9970	9742.29	10918.1	50.4343
NM_022167.4	3507	3279.29	1962.94	26.9382
NM_022168.4	3581	3353.29	11.4147	0.153192
NM_022169.5	3812	3584.29	0	0
NM_022170.2	2563	2335.29	3681.25	70.9409
NM_022171.3	1930	1702.29	972.434	25.708
NM_022172.3	4149	3921.29	20.625	0.236705
NM_022173.4	4634	4406.29	878.643	8.9739
NM_022307.3	2373	2145.29	0	0
NM_022334.5	4003	3775.29	0	0
NM_022336.4	4062	3834.29	0	0
NM_022337.3	1432	1204.29	8.93021	0.333712
NM_022338.4	2071	1843.29	3579.45	87.3905
NM_022340.4	6678	6450.29	1064.94	7.43
NM_022341.2	2859	2631.29	645.604	11.0418
NM_022342.6	3142	2914.29	0	0
NM_022343.4	1895	1667.29	1579.56	42.6349
NM_022344.4	4547	4319.29	415.027	4.3242
NM_022346.5	4587	4359.29	8880.22	91.6748
NM_022347.5	8279	8051.29	906.544	5.06717
NM_022349.4	1302	1074.29	0	0
NM_022350.5	5131	4903.29	1333.99	12.2435
NM_022351.5	5049	4821.29	0	0
NM_022353.3	1910	1682.29	51.3832	1.37455
NM_022355.4	1728	1500.29	0	0
NM_022356.4	2591	2363.29	6911.33	131.609
NM_022358.4	2514	2286.29	31.7934	0.625818
NM_022359.8	1440	1212.29	259.644	9.63857
NM_022360.5	919	691.293	0	0
NM_022361.5	1879	1651.29	205.578	5.60267
NM_022362.5	3499	3271.29	1520.74	20.9208
NM_022363.3	2739	2511.29	0	0
NM_022365.4	2100	1872.29	2215.49	53.2522
NM_022366.3	1784	1556.29	829.132	23.9759
NM_022367.4	3242	3014.29	0	0
NM_022368.5	2239	2011.29	0	0
NM_022369.4	2708	2480.29	0	0
NM_022370.4	4528	4300.29	0	0
NM_022371.4	2031	1803.29	1217	30.3715
NM_022372.6	1671	1443.29	709.773	22.1313
NM_022373.5	2884	2656.29	131.109	2.22125
NM_022374.5	4282	4054.29	812.838	9.02258
NM_022405.4	5314	5086.29	0	0
NM_022406.5	1608	1380.29	401.937	13.1048
NM_022436.3	2760	2532.29	0	0
NM_022437.3	7180	6952.29	0.791447	0.00512314
NM_022438.3	958	730.293	0	0
NM_022439.3	916	688.293	0	0
NM_022440.3	790	562.487	0	0
NM_022442.6	2182	1954.29	0	0
NM_022443.5	2168	1940.29	165.25	3.8328
NM_022444.4	3798	3570.29	0	0
NM_022445.4	2439	2211.29	28.8439	0.587017
NM_022449.4	1603	1375.29	16.4811	0.539304
NM_022450.5	2992	2764.29	1732.39	28.2035
NM_022451.11	3455	3227.29	1528.13	21.3091
NM_022453.3	1477	1249.29	911.417	32.8318
NM_022454.4	2346	2118.29	0	0
NM_022455.5	13042	12814.3	2058.28	7.22855
NM_022456.5	9333	9105.29	87.889	0.434393
NM_022457.7	2826	2598.29	747.905	12.9539
NM_022458.4	7950	7722.29	0	0
NM_022459.5	9857	9629.29	1477.98	6.90742
NM_022460.4	2383	2155.29	292.676	6.11115
NM_022461.5	4403	4175.29	1249.57	13.4684
NM_022462.4	5803	5575.29	43.3879	0.350222
NM_022463.5	3045	2817.29	2610.31	41.6968
NM_022464.5	1889	1661.29	1613.05	43.6963
NM_022465.4	5313	5085.29	0	0
NM_022467.3	2496	2268.29	0	0
NM_022468.5	3674	3446.29	0	0
NM_022469.4	4176	3948.29	6539.16	74.534
NM_022470.4	8936	8708.29	389.315	2.01192
NM_022473.3	10460	10232.3	0	0
NM_022474.4	5468	5240.29	1117.2	9.59439
NM_022475.3	9937	9709.29	3339.36	15.4781
NM_022476.4	2384	2156.29	282.068	5.88692
NM_022477.4	2935	2707.29	54.4545	0.905192
NM_022478.4	3529	3301.29	517.795	7.05856
NM_022479.3	3909	3681.29	6.99508	0.0855135
NM_022480.4	3650	3422.29	375.845	4.94236
NM_022481.6	5258	5030.29	292.371	2.61567
NM_022482.5	4834	4606.29	694.559	6.78578
NM_022483.5	2736	2508.29	239.06	4.28915
NM_022484.6	7276	7048.29	864.844	5.522
NM_022485.5	2116	1888.29	340.766	8.12136
NM_022486.5	3015	2787.29	298.986	4.82737
NM_022487.4	5904	5676.29	0.837145	0.0066371
NM_022488.5	1568	1340.29	2508.5	84.2279
NM_022489.4	7623	7395.29	2771.86	16.8678
NM_022490.4	1855	1627.29	1455.74	40.2588
NM_022491.3	4724	4496.29	1719.17	17.2071
NM_022492.6	2916	2688.29	364.012	6.0937
NM_022493.3	2095	1867.29	540.668	13.0305
NM_022494.3	2170	1942.29	1058.77	24.5317
NM_022495.5	3952	3724.29	1410.37	17.0425
NM_022496.5	1737	1509.29	609.088	18.1614
NM_022497.5	4572	4344.29	700.81	7.25978
NM_022549.4	1769	1541.29	195.998	5.72281
NM_022550.4	1649	1421.29	0.992948	0.0314402
NM_022551.3	549	325.637	29571.4	4086.77
NM_022552.5	9421	9193.29	2.30024e-05	1.12602e-07
NM_022553.6	2936	2708.29	764.733	12.7074
NM_022555.4	1228	1000.29	1.02656	0.0461847
NM_022556.4	858	630.427	0	0
NM_022557.4	1156	928.293	0	0
NM_022558.4	899	671.361	0	0
NM_022559.4	778	550.487	0	0
NM_022560.4	703	475.947	0	0
NM_022566.3	4866	4638.29	1846	17.9108
NM_022567.3	2746	2518.29	0	0
NM_022568.4	2534	2306.29	0	0
NM_022569.3	3095	2867.29	0	0
NM_022570.5	2404	2176.29	0	0
NM_022571.6	4622	4394.29	59.2357	0.606648
NM_022572.4	3002	2774.29	10.6847	0.173321
NM_022573.4	1166	938.293	0	0
NM_022575.4	2708	2480.29	1413.34	25.644
NM_022576.4	1190	962.293	0	0
NM_022579.3	834	606.427	0	0
NM_022580.3	585	360.171	0	0
NM_022581.3	765	537.541	0	0
NM_022644.3	1136	908.293	0	0
NM_022645.2	598	372.913	0	0
NM_022648.7	10271	10043.3	0	0
NM_022650.3	3757	3529.29	1684.95	21.4853
NM_022652.4	3189	2961.29	14.7317	0.223879
NM_022658.4	2417	2189.29	2746	56.4467
NM_022659.4	5166	4938.29	2516	22.9285
NM_022661.4	408	198.624	0	0
NM_022662.4	7762	7534.29	2494.77	14.9015
NM_022664.3	1671	1443.29	52.5671	1.63909
NM_022716.4	4061	3833.29	5797.21	68.0596
NM_022717.4	1477	1249.29	31.9137	1.14962
NM_022719.3	5359	5131.29	482.758	4.23394
NM_022720.7	4506	4278.29	2291.02	24.0991
NM_022725.4	3291	3063.29	321.68	4.72583
NM_022726.4	3013	2785.29	486.904	7.8671
NM_022727.6	2886	2658.29	784.289	13.2775
NM_022728.4	1959	1731.29	0	0
NM_022730.4	2513	2285.29	1027.12	20.2266
NM_022731.5	6399	6171.29	20088.9	146.495
NM_022733.3	2905	2677.29	2385.87	40.1045
NM_022734.3	1539	1311.29	621.35	21.3245
NM_022735.4	3584	3356.29	4211.28	56.4673
NM_022736.4	2231	2003.29	4564.86	102.548
NM_022737.3	2681	2453.29	1011.83	18.561
NM_022739.4	6240	6012.29	9248.21	69.2245
NM_022740.5	15329	15101.3	2448.28	7.29608
NM_022742.5	4246	4018.29	0.452407	0.00506676
NM_022743.3	1456	1228.29	1291.83	47.3311
NM_022744.4	2785	2557.29	2219.04	39.0505
NM_022745.6	4261	4033.29	183.67	2.04937
NM_022746.4	7287	7059.29	18.2211	0.11616
NM_022748.12	7585	7357.29	0.0336167	0.000205627
NM_022749.7	4316	4088.29	1124.78	12.3814
NM_022750.4	3021	2793.29	597.922	9.6332
NM_022751.3	7431	7203.29	64.2352	0.401314
NM_022752.6	3087	2859.29	801.877	12.6209
NM_022753.4	4220	3992.29	416.788	4.69824
NM_022754.7	4066	3838.29	2378.81	27.891
NM_022755.6	4268	4040.29	514.28	5.72834
NM_022756.7	4732	4504.29	0	0
NM_022757.5	4008	3780.29	549.025	6.53596
NM_022758.6	4140	3912.29	176.575	2.03115
NM_022760.6	1979	1751.29	42.0967	1.08176
NM_022761.3	2568	2340.29	116.106	2.23269
NM_022762.5	3911	3683.29	256.413	3.1329
NM_022763.4	8031	7803.29	3190.61	18.4009
NM_022764.3	3025	2797.29	42.8373	0.68917
NM_022765.4	3430	3202.29	2412.64	33.9058
NM_022766.6	4442	4214.29	6272	66.9767
NM_022767.4	3072	2844.29	1616.45	25.5758
NM_022768.5	3373	3145.29	383	5.47999
NM_022769.5	5214	4986.29	1115.78	10.0703
NM_022770.4	2200	1972.29	442.332	10.093
NM_022771.6	3208	2980.29	21.7166	0.327925
NM_022772.4	3030	2802.29	1057.14	16.9771
NM_022773.4	2606	2378.29	199.369	3.77255
NM_022774.3	1693	1465.29	9.96707	0.306115
NM_022776.5	4598	4370.29	1408	14.4989
NM_022777.4	4881	4653.29	457.227	4.42195
NM_022778.5	3937	3709.29	198.689	2.4106
NM_022779.9	4159	3931.29	551.552	6.31384
NM_022780.4	6183	5955.29	790.709	5.97525
NM_022781.5	5061	4833.29	0	0
NM_022782.4	6369	6141.29	675.901	4.95297
NM_022783.4	2569	2341.29	127	2.44113
NM_022784.3	1014	786.293	0	0
NM_022785.4	4863	4635.29	10.5397	0.102328
NM_022786.3	1428	1200.29	326.868	12.2554
NM_022787.4	3734	3506.29	303.795	3.89919
NM_022788.5	2244	2016.29	0	0
NM_022789.4	1367	1139.29	0	0
NM_022802.3	8471	8243.29	6.61833	0.0361318
NM_022803.3	2107	1879.29	2.01944	0.0483592
NM_022804.3	350	152.593	59.9638	17.6847
NM_022805.5	1726	1498.29	0	0
NM_022806.5	1767	1539.29	0	0
NM_022807.5	1902	1674.29	0	0
NM_022808.5	1794	1566.29	0	0
NM_022809.4	1874	1646.29	137.387	3.7556
NM_022817.3	6380	6152.29	305.797	2.23686
NM_022818.5	2147	1919.29	3789.92	88.865
NM_022819.4	2721	2493.29	0	0
NM_022820.5	1710	1482.29	0	0
NM_022821.4	1466	1238.29	4272.28	155.267
NM_022822.3	2990	2762.29	535.357	8.722
NM_022823.3	1612	1384.29	461.802	15.0131
NM_022825.4	1834	1606.29	191.629	5.36883
NM_022826.4	5915	5687.29	0	0
NM_022827.4	2634	2406.29	227.744	4.25932
NM_022828.5	6305	6077.29	837.792	6.20395
NM_022829.6	4041	3813.29	0	0
NM_022830.3	2705	2477.29	652	11.8444
NM_022831.4	2975	2747.29	11075.2	181.422
NM_022832.4	7932	7704.29	1065.99	6.22675
NM_022833.4	3942	3714.29	30181.1	365.68
NM_022834.5	4492	4264.29	286	3.01829
NM_022835.3	8048	7820.29	1500.77	8.6364
NM_022836.4	3755	3527.29	896.133	11.4333
NM_022838.4	2659	2431.29	58.869	1.08966
NM_022839.5	3392	3164.29	943.96	13.4252
NM_022840.5	3684	3456.29	588.759	7.66601
NM_022841.7	10885	10657.3	542.352	2.29022
NM_022842.5	5963	5735.29	2208.61	17.3303
NM_022843.4	5105	4877.29	0	0
NM_022844.3	6919	6691.29	0	0
NM_022845.3	3103	2875.29	1891.09	29.5987
NM_022872.3	824	596.427	75.3367	5.68449
NM_022873.3	836	608.427	7.28954	0.53918
NM_022874.2	1545	1317.29	11.2216	0.383368
NM_022875.3	1428	1200.29	275.19	10.3178
NM_022876.2	1538	1310.29	117.032	4.01957
NM_022877.2	1484	1256.29	5.85703	0.209811
NM_022892.2	6422	6194.29	20.9621	0.152295
NM_022893.4	6102	5874.29	0.655244	0.00501984
NM_022894.4	7348	7120.29	449.868	2.84334
NM_022895.3	4469	4241.29	115.626	1.22688
NM_022896.3	4462	4234.29	99.9244	1.06202
NM_022897.5	4440	4212.29	23.8791	0.255118
NM_022898.3	8315	8087.29	11	0.0612113
NM_022899.5	3579	3351.29	983.855	13.2118
NM_022900.5	3931	3703.29	573.79	6.9728
NM_022901.3	3588	3360.29	2.03729	0.0272846
NM_022902.5	3992	3764.29	2601.93	31.1067
NM_022903.4	1791	1563.29	863	24.8435
NM_022904.3	3266	3038.29	0	0
NM_022908.3	2020	1792.29	603.776	15.1603
NM_022909.4	1354	1126.29	1185.63	47.3741
NM_022910.4	3453	3225.29	0	0
NM_022911.3	2611	2383.29	0	0
NM_022912.3	3829	3601.29	0	0
NM_022913.4	4506	4278.29	1287.67	13.5449
NM_022914.3	1502	1274.29	12.7311	0.449614
NM_022915.5	1689	1461.29	923.372	28.4369
NM_022916.6	4559	4331.29	898.427	9.33485
NM_022917.5	4834	4606.29	3479.03	33.9898
NM_022918.4	8980	8752.29	283.735	1.45892
NM_022963.3	2833	2605.29	2.67396	0.0461892
NM_022965.4	3965	3737.29	11.2574	0.135558
NM_022968.2	699	471.947	122.359	11.6677
NM_022970.4	4627	4399.29	2.00678	0.0205286
NM_022977.3	5200	4972.29	139.438	1.26202
NM_022978.3	1907	1679.29	106.303	2.84879
NM_023000.3	5702	5474.29	38.4107	0.315767
NM_023001.3	5657	5429.29	51.3779	0.425868
NM_023002.3	4342	4114.29	8.0325	0.0878613
NM_023003.5	1885	1657.29	0	0
NM_023004.6	1944	1716.29	2	0.0524422
NM_023007.3	2484	2256.29	541.931	10.8091
NM_023008.5	2989	2761.29	1507.65	24.5715
NM_023009.7	1546	1318.29	2827.17	96.5121
NM_023010.4	2304	2076.29	590.949	12.8087
NM_023011.4	2370	2142.29	166.477	3.49718
NM_023012.6	3461	3233.29	44.9804	0.626067
NM_023013.4	2160	1932.29	0	0
NM_023014.1	1642	1414.29	0	0
NM_023015.5	5252	5024.29	3438.34	30.7976
NM_023016.4	4627	4399.29	1051	10.7513
NM_023018.5	3235	3007.29	2275.83	34.057
NM_023019.4	4094	3866.29	4.21256e-08	4.90336e-10
NM_023029.2	3890	3662.29	0	0
NM_023033.4	1193	965.293	47.2488	2.20279
NM_023034.2	10768	10540.3	1712.85	7.31321
NM_023035.3	8665	8437.29	189.538	1.01096
NM_023036.6	2292	2064.29	0	0
NM_023037.3	12729	12501.3	314.807	1.13327
NM_023039.5	2161	1933.29	290.809	6.76943
NM_023067.4	2914	2686.29	15	0.251293
NM_023068.4	6960	6732.29	0	0
NM_023070.3	2217	1989.29	27.1479	0.614158
NM_023071.4	3240	3012.29	420.665	6.28465
NM_023072.3	4341	4113.29	38.9104	0.425715
NM_023073.4	11140	10912.3	3.08896	0.0127391
NM_023074.4	3192	2964.29	358.647	5.44489
NM_023075.6	3330	3102.29	58.4878	0.848447
NM_023077.3	3988	3760.29	1801.96	21.5658
NM_023078.6	3342	3114.29	862.178	12.4589
NM_023079.5	3084	2856.29	6997	110.243
NM_023080.3	2588	2360.29	2250.53	42.9102
NM_023083.4	2621	2393.29	672	12.6362
NM_023085.4	2156	1928.29	0	0
NM_023105.3	5430	5202.29	3090.27	26.7327
NM_023106.3	5424	5196.29	3384.64	29.313
NM_023110.3	5697	5469.29	372.608	3.06594
NM_023112.4	3911	3683.29	119.486	1.4599
NM_023915.4	1493	1265.29	1	0.0355673
NM_023917.2	1075	847.293	0	0
NM_023918.3	1236	1008.29	0	0
NM_023919.2	1096	868.293	0	0
NM_023920.2	1637	1409.29	0	0
NM_023921.2	1140	912.293	2	0.0986592
NM_023922.2	1854	1626.29	5.19216	0.143678
NM_023923.4	6189	5961.29	96.4111	0.727829
NM_023924.5	2665	2437.29	1143.18	21.108
NM_023925.5	4771	4543.29	9.19202e-05	9.10506e-07
NM_023926.5	2783	2555.29	30.1928	0.531746
NM_023927.4	2905	2677.29	1375.52	23.1214
NM_023928.5	3256	3028.29	824.3	12.2498
NM_023929.5	9866	9638.29	0	0
NM_023930.4	1673	1445.29	11.0043	0.34265
NM_023931.4	3447	3219.29	141.945	1.98427
NM_023932.4	1548	1320.29	0	0
NM_023933.3	870	642.427	286.143	20.0448
NM_023934.4	6297	6069.29	1543	11.4412
NM_023935.3	1303	1075.29	1320	55.2445
NM_023936.2	998	770.293	2093.46	122.307
NM_023937.4	764	536.541	210.555	17.6606
NM_023938.6	5501	5273.29	0	0
NM_023940.3	1968	1740.29	37	0.956801
NM_023942.3	1645	1417.29	2.46834	0.0783767
NM_023943.4	3727	3499.29	0	0
NM_023944.4	1714	1486.29	0	0
NM_023945.3	739	511.753	0	0
NM_023946.5	941	713.293	0	0
NM_023947.4	3260	3032.29	1.61997e-05	2.40424e-07
NM_023948.5	1154	926.293	292.954	14.2329
NM_024003.3	5019	4791.29	0	0
NM_024006.6	840	612.427	6030.24	443.121
NM_024007.5	5405	5177.29	705.816	6.13523
NM_024009.3	2192	1964.29	10.578	0.242348
NM_024010.4	3219	2991.29	328.884	4.94797
NM_024011.4	2984	2756.29	919.731	15.0168
NM_024012.4	4555	4327.29	0	0
NM_024013.3	878	650.427	14	0.96866
NM_024014.4	989	761.293	55	3.25127
NM_024015.5	2002	1774.29	823	20.8745
NM_024016.4	2176	1948.29	388	8.9623
NM_024017.5	2586	2358.29	65	1.24039
NM_024019.4	2295	2067.29	0	0
NM_024021.4	1668	1440.29	0	0
NM_024022.4	2399	2171.29	0	0
NM_024025.3	1754	1526.29	0	0
NM_024026.5	2233	2005.29	541.599	12.1546
NM_024027.5	1425	1197.29	0	0
NM_024028.4	2507	2279.29	219.762	4.33904
NM_024029.5	2037	1809.29	738.029	18.3572
NM_024031.5	2078	1850.29	570.52	13.8763
NM_024032.5	2701	2473.29	0	0
NM_024033.4	1494	1266.29	39.4533	1.40214
NM_024034.6	2778	2550.29	0	0
NM_024036.5	2869	2641.29	2110.85	35.9652
NM_024037.3	2161	1933.29	154.504	3.59653
NM_024038.4	879	651.427	5398.85	372.973
NM_024039.3	2564	2336.29	0	0
NM_024040.3	1100	872.293	1062	54.7904
NM_024041.4	1913	1685.29	704.271	18.8064
NM_024042.4	3322	3094.29	648.089	9.42574
NM_024043.4	2075	1847.29	0	0
NM_024044.5	1133	905.293	748.109	37.1893
NM_024045.2	2501	2273.29	2296.75	45.4674
NM_024046.5	2998	2770.29	0	0
NM_024047.5	2820	2592.29	669.098	11.6158
NM_024050.6	4043	3815.29	2090.4	24.6571
NM_024051.4	1158	930.293	1079.63	52.2274
NM_024052.5	4122	3894.29	679.333	7.85049
NM_024053.5	938	710.293	571.844	36.2312
NM_024054.3	1800	1572.29	0	0
NM_024055.5	1294	1066.29	199.75	8.43048
NM_024056.4	1468	1240.29	542.08	19.669
NM_024057.4	2362	2134.29	1049.27	22.1245
NM_024059.3	1152	924.293	0	0
NM_024060.4	1036	808.293	210.955	11.7453
NM_024061.4	1365	1137.29	279.076	11.0431
NM_024063.3	2561	2333.29	483.012	9.31603
NM_024065.5	1038	810.293	965.59	53.6281
NM_024066.3	1733	1505.29	584.08	17.462
NM_024067.4	2178	1950.29	748.099	17.2624
NM_024068.4	1400	1172.29	845.87	32.472
NM_024069.4	1344	1116.29	2792.59	112.582
NM_024070.3	1587	1359.29	125.511	4.15539
NM_024071.4	1383	1155.29	1128.07	43.9428
NM_024072.4	4377	4149.29	1876.61	20.3536
NM_024074.4	2631	2403.29	10.3934	0.194623
NM_024075.5	2214	1986.29	140.427	3.18163
NM_024076.3	4908	4680.29	25.1328	0.241663
NM_024077.5	3481	3253.29	15.4462	0.213668
NM_024078.3	1650	1422.29	702.637	22.2323
NM_024079.5	1637	1409.29	1019.51	32.5562
NM_024080.5	5646	5418.29	0	0
NM_024081.6	5543	5315.29	44.6623	0.378143
NM_024082.4	5921	5693.29	0	0
NM_024083.4	1764	1536.29	655.829	19.2114
NM_024085.5	3718	3490.29	834.643	10.7617
NM_024086.4	5740	5512.29	989.216	8.07609
NM_024087.3	1674	1446.29	14.3845	0.447591
NM_024089.3	2029	1801.29	2207.35	55.148
NM_024090.3	6570	6342.29	2036.05	14.4472
NM_024091.4	2431	2203.29	196.638	4.0164
NM_024092.3	2129	1901.29	4324	102.348
NM_024093.3	4587	4359.29	657.074	6.78329
NM_024094.3	2198	1970.29	582.951	13.3151
NM_024095.5	2534	2306.29	699.696	13.6533
NM_024096.2	1181	953.293	1055.96	49.8497
NM_024097.4	4760	4532.29	265.6	2.63725
NM_024098.4	1851	1623.29	2742.34	76.0268
NM_024099.5	1818	1590.29	4.33504	0.122676
NM_024100.4	1521	1293.29	1414.96	49.2368
NM_024101.7	3744	3516.29	151.258	1.93587
NM_024102.4	2456	2228.29	2567.49	51.8535
NM_024103.3	3482	3254.29	251.085	3.47222
NM_024104.4	1360	1132.29	1470.54	58.4468
NM_024105.4	5330	5102.29	554.141	4.88762
NM_024106.3	7104	6876.29	583.661	3.81987
NM_024107.4	2134	1906.29	32.7491	0.77313
NM_024108.3	800	572.487	15.6721	1.23198
NM_024109.4	4974	4746.29	0	0
NM_024110.4	4186	3958.29	0	0
NM_024111.6	1520	1292.29	251	8.74088
NM_024112.4	704	476.947	454	42.8378
NM_024113.5	1650	1422.29	219.277	6.93819
NM_024114.5	1467	1239.29	0	0
NM_024116.4	1632	1404.29	575.324	18.4373
NM_024117.4	3261	3033.29	1975.5	29.3092
NM_024119.3	2591	2363.29	12.492	0.237879
NM_024120.5	5449	5221.29	1.34288e-05	1.15745e-07
NM_024121.3	5922	5694.29	2356.99	18.6278
NM_024122.5	1122	894.293	168.525	8.48059
NM_024164.6	1165	937.293	0	0
NM_024165.3	2263	2035.29	41.5668	0.919098
NM_024292.4	487	267.803	264.002	44.3644
NM_024293.6	4556	4328.29	3425.43	35.6156
NM_024294.4	4338	4110.29	3209.33	35.1386
NM_024295.6	3213	2985.29	4361.45	65.7485
NM_024296.5	880	652.427	122.2	8.42913
NM_024297.3	1978	1750.29	1450.9	37.3051
NM_024298.5	2294	2066.29	1880.86	40.9645
NM_024299.4	827	599.427	6625.42	497.416
NM_024300.5	1825	1597.29	113.15	3.18795
NM_024301.5	3411	3183.29	340.353	4.81166
NM_024302.5	2462	2234.29	0	0
NM_024303.4	2195	1967.29	5.91829	0.135385
NM_024306.5	2405	2177.29	0	0
NM_024307.3	1078	850.293	163.484	8.65263
NM_024308.4	1515	1287.29	131.692	4.60387
NM_024309.4	1946	1718.29	1409.87	36.9254
NM_024310.5	1699	1471.29	255.296	7.80886
NM_024311.5	2616	2388.29	72.8485	1.3727
NM_024312.5	5720	5492.29	1197.18	9.80952
NM_024313.3	2830	2602.29	879.405	15.2081
NM_024315.4	1062	834.293	90.0642	4.8582
NM_024316.3	1381	1153.29	432.056	16.8594
NM_024318.5	3848	3620.29	4.56531	0.0567504
NM_024319.4	1290	1062.29	633.016	26.8171
NM_024320.4	1524	1296.29	0	0
NM_024321.5	1692	1464.29	2358.81	72.495
NM_024322.4	4125	3897.29	479.208	5.53354
NM_024323.5	2448	2220.29	0	0
NM_024324.5	1428	1200.29	2441.29	91.5322
NM_024325.6	3415	3187.29	11.0816	0.156468
NM_024326.4	1340	1112.29	45.1233	1.82567
NM_024327.2	1899	1671.29	85.7637	2.30937
NM_024328.6	2611	2383.29	107.415	2.02829
NM_024329.6	2422	2194.29	3591.15	73.6514
NM_024330.4	2298	2070.29	184	3.99971
NM_024331.5	6248	6020.29	64.702	0.483662
NM_024332.4	2844	2616.29	63.9384	1.09981
NM_024333.3	1833	1605.29	77.6138	2.17584
NM_024334.3	3230	3002.29	6288.77	94.266
NM_024335.3	2681	2453.29	0	0
NM_024336.3	2625	2397.29	1159.36	21.7641
NM_024337.4	2080	1852.29	589	14.3103
NM_024339.5	1411	1183.29	368.567	14.0174
NM_024341.3	5759	5531.29	202.679	1.64901
NM_024344.2	3297	3069.29	0	0
NM_024345.5	7906	7678.29	514.149	3.01347
NM_024348.4	925	697.293	30.0983	1.94254
NM_024407.5	758	530.648	992.95	84.2099
NM_024408.4	11425	11197.3	18369.3	73.828
NM_024409.4	1055	827.293	3	0.163194
NM_024410.4	1026	798.293	0	0
NM_024411.5	2556	2328.29	0	0
NM_024415.3	2847	2619.29	0	0
NM_024416.4	3455	3227.29	7.08448	0.0987897
NM_024417.5	1846	1618.29	83.4643	2.32106
NM_024418.3	7518	7290.29	13.3518	0.0824207
NM_024419.5	2297	2069.29	260.472	5.66476
NM_024420.3	2879	2651.29	1123.27	19.0664
NM_024421.2	4225	3997.29	0	0
NM_024422.6	12331	12103.3	0	0
NM_024423.4	7626	7398.29	0.00236792	1.44039e-05
NM_024424.5	3022	2794.29	0	0
NM_024426.6	3031	2803.29	0	0
NM_024429.2	2195	1967.29	762.19	17.4356
NM_024430.4	3000	2772.29	156.052	2.53322
NM_024482.3	6355	6127.29	267.659	1.96588
NM_024490.4	5360	5132.29	2647.3	23.2132
NM_024491.4	2636	2408.29	92.1334	1.72167
NM_024493.4	4687	4459.29	70.7292	0.713798
NM_024494.3	11130	10902.3	63.2755	0.261192
NM_024496.4	4166	3938.29	2529.82	28.9084
NM_024501.3	1886	1658.29	9.26013	0.251303
NM_024503.5	12617	12389.3	495.39	1.79946
NM_024504.4	2269	2041.29	0	0
NM_024505.4	8405	8177.29	8.53516e-06	4.69726e-08
NM_024506.5	2713	2485.29	69.6802	1.26175
NM_024507.4	1916	1688.29	0.181416	0.00483581
NM_024508.5	2214	1986.29	1	0.0226568
NM_024509.2	4690	4462.29	738	7.44287
NM_024511.7	5608	5380.29	276.748	2.31484
NM_024512.5	4890	4662.29	337.366	3.25644
NM_024513.4	8514	8286.29	654.299	3.55351
NM_024514.5	2214	1986.29	0.000301136	6.82279e-06
NM_024515.6	2132	1904.29	32.586	0.770087
NM_024516.4	3874	3646.29	1824.35	22.5164
NM_024518.3	3111	2883.29	424.979	6.63317
NM_024519.4	4092	3864.29	4152.82	48.3633
NM_024520.3	1504	1276.29	0	0
NM_024522.3	2922	2694.29	20	0.334062
NM_024523.6	4128	3900.29	1087	12.5422
NM_024524.4	7471	7243.29	0	0
NM_024525.5	3276	3048.29	242.848	3.58526
NM_024526.4	2129	1901.29	0	0
NM_024527.5	2042	1814.29	214.059	5.30968
NM_024528.4	5942	5714.29	905.879	7.13428
NM_024529.5	5869	5641.29	2216.34	17.6807
NM_024531.5	1876	1648.29	0.0430154	0.00117444
NM_024532.5	2102	1874.29	0	0
NM_024533.5	3554	3326.29	4.54283	0.0614622
NM_024534.6	3734	3506.29	0	0
NM_024535.5	3472	3244.29	325.044	4.50883
NM_024536.6	3028	2800.29	9539.7	153.311
NM_024537.4	1838	1610.29	1981.62	55.3806
NM_024539.3	2688	2460.29	0	0
NM_024540.4	842	614.427	922.491	67.5669
NM_024541.3	4099	3871.29	884.449	10.2816
NM_024544.3	2428	2200.29	1516.32	31.0136
NM_024545.4	4074	3846.29	52.5253	0.614566
NM_024546.4	3507	3279.29	1054.11	14.466
NM_024548.4	7672	7444.29	1247.13	7.5393
NM_024549.6	2165	1937.29	91.7995	2.13249
NM_024551.3	3971	3743.29	1312.57	15.7801
NM_024552.3	1780	1552.29	10.5702	0.306444
NM_024553.3	1167	939.293	0	0
NM_024555.6	1727	1499.29	197.454	5.92682
NM_024556.4	2016	1788.29	520.025	13.0866
NM_024557.6	5785	5557.29	0	0
NM_024558.3	1772	1544.29	71.194	2.0747
NM_024560.4	8391	8163.29	22.0716	0.121678
NM_024561.5	4285	4057.29	390.885	4.33566
NM_024562.2	4893	4665.29	1004.84	9.69308
NM_024565.8	5853	5625.29	0	0
NM_024567.4	3794	3566.29	0	0
NM_024568.4	2939	2711.29	0	0
NM_024569.5	4875	4647.29	410.737	3.97747
NM_024570.4	1513	1285.29	403.792	14.1383
NM_024571.4	1087	859.293	778	40.7456
NM_024572.4	2447	2219.29	53.3481	1.0818
NM_024573.3	2397	2169.29	2247.51	46.6257
NM_024574.4	2902	2674.29	1114.47	18.7543
NM_024575.5	1158	930.293	1	0.0483752
NM_024576.5	8492	8264.29	1365.63	7.43651
NM_024577.4	26468	26240.3	131.912	0.226233
NM_024578.3	1111	883.293	86.3978	4.4019
NM_024579.4	509	288.355	67.1566	10.481
NM_024580.6	3643	3415.29	1470.47	19.3762
NM_024581.6	4128	3900.29	0	0
NM_024582.6	17145	16917.3	0	0
NM_024583.5	3052	2824.29	359.702	5.7316
NM_024584.5	2343	2115.29	24.2484	0.515887
NM_024585.4	2151	1923.29	273.951	6.41016
NM_024586.6	3660	3432.29	0	0
NM_024587.4	2236	2008.29	49.2748	1.10418
NM_024589.3	1418	1190.29	161.461	6.10459
NM_024590.4	4603	4375.29	1103.32	11.3485
NM_024591.5	1664	1436.29	886.243	27.7685
NM_024592.5	4061	3833.29	705.731	8.28532
NM_024593.4	2104	1876.29	0	0
NM_024594.4	10274	10046.3	3540.48	15.8598
NM_024595.3	2688	2460.29	3225.95	59.0083
NM_024596.5	8008	7780.29	189.088	1.09373
NM_024597.4	4385	4157.29	1929.27	20.8846
NM_024598.4	2248	2020.29	1566.67	34.8985
NM_024599.5	3615	3387.29	0	0
NM_024600.6	1833	1605.29	980.418	27.4852
NM_024602.6	3597	3369.29	1931.75	25.802
NM_024603.4	1693	1465.29	0	0
NM_024604.3	4339	4111.29	1521.41	16.6537
NM_024605.4	3270	3042.29	1069.37	15.8187
NM_024607.4	5510	5282.29	410.293	3.49553
NM_024608.4	3711	3483.29	0	0
NM_024610.6	1964	1736.29	150.976	3.91317
NM_024611.6	7206	6978.29	0.171053	0.00110312
NM_024612.5	3575	3347.29	1672.13	22.4811
NM_024613.4	2901	2673.29	541	9.10737
NM_024615.4	7475	7247.29	13.3727	0.0830397
NM_024616.3	2237	2009.29	457.142	10.2388
NM_024617.4	5603	5375.29	654.394	5.47872
NM_024618.4	3750	3522.29	21.2092	0.270982
NM_024619.4	1822	1594.29	1752.32	49.4638
NM_024620.4	3501	3273.29	112.299	1.54395
NM_024621.2	4313	4085.29	1.25824e-08	1.38606e-10
NM_024622.6	4200	3972.29	462.784	5.24299
NM_024623.3	2162	1934.29	60.0628	1.39741
NM_024624.6	5153	4925.29	2274.35	20.7811
NM_024625.4	3181	2953.29	77.8569	1.1864
NM_024626.4	2605	2377.29	0	0
NM_024627.6	6653	6425.29	882.985	6.18447
NM_024628.6	3485	3257.29	74.0297	1.0228
NM_024629.4	2494	2266.29	921.725	18.3032
NM_024630.3	7334	7106.29	97.946	0.620278
NM_024631.4	2228	2000.29	198.373	4.46305
NM_024632.6	6185	5957.29	1194.84	9.02612
NM_024635.4	5813	5585.29	802.488	6.46599
NM_024636.4	9991	9763.29	0	0
NM_024637.5	2405	2177.29	193.114	3.99154
NM_024638.4	4023	3795.29	535.356	6.34804
NM_024639.5	4811	4583.29	644.647	6.32975
NM_024640.4	1848	1620.29	859.314	23.8672
NM_024641.4	4578	4350.29	1702.72	17.6144
NM_024642.5	2764	2536.29	284.754	5.05257
NM_024643.4	3923	3695.29	11.6966	0.142447
NM_024644.5	2462	2234.29	772.931	15.5684
NM_024645.3	2471	2243.29	0	0
NM_024646.3	8143	7915.29	2626.27	14.9319
NM_024648.3	4249	4021.29	618.735	6.92438
NM_024649.5	3368	3140.29	374	5.35974
NM_024650.4	2290	2062.29	97.1288	2.11953
NM_024652.6	15674	15446.3	1791.84	5.22056
NM_024653.4	2159	1931.29	558.648	13.0176
NM_024654.5	6627	6399.29	1346.63	9.4702
NM_024656.4	3647	3419.29	12713.3	167.326
NM_024657.5	3798	3570.29	776.775	9.79114
NM_024658.4	3498	3270.29	3557.96	48.9618
NM_024659.6	10352	10124.3	0	0
NM_024660.4	1647	1419.29	78.973	2.50408
NM_024661.5	1503	1275.29	111.3	3.92759
NM_024662.3	3973	3745.29	2857.67	34.3375
NM_024663.4	2191	1963.29	1265.95	29.0185
NM_024664.4	2269	2041.29	683.308	15.0645
NM_024665.7	8182	7954.29	1307.47	7.39726
NM_024666.5	3132	2904.29	1129.42	17.5008
NM_024667.3	2706	2478.29	1775.3	32.2376
NM_024668.4	2156	1928.29	309.956	7.23385
NM_024669.3	2471	2243.29	0	0
NM_024670.4	3121	2893.29	10.9585	0.170452
NM_024671.4	2289	2061.29	1024.03	22.3571
NM_024672.6	3825	3597.29	44.8904	0.56159
NM_024674.6	3975	3747.29	0	0
NM_024675.4	4008	3780.29	511.056	6.08395
NM_024676.5	2325	2097.29	158.295	3.39665
NM_024677.6	4839	4611.29	0	0
NM_024678.6	2512	2284.29	413.35	8.14345
NM_024680.4	3706	3478.29	54.4557	0.704562
NM_024681.4	1688	1460.29	512.3	15.788
NM_024682.3	2095	1867.29	862.701	20.7917
NM_024683.4	1306	1078.29	334.504	13.9607
NM_024684.4	522	300.222	140.891	21.1195
NM_024685.4	3568	3340.29	793	10.6839
NM_024686.6	7980	7752.29	275.052	1.59672
NM_024687.4	3690	3462.29	0	0
NM_024689.3	2475	2247.29	0	0
NM_024690.2	43816	43588.3	0	0
NM_024691.4	3742	3514.29	9.9449	0.127352
NM_024692.6	4299	4071.29	444.977	4.91867
NM_024693.5	1633	1405.29	28	0.896671
NM_024694.4	5318	5090.29	0	0
NM_024697.3	10478	10250.3	133.912	0.587931
NM_024698.6	2771	2543.29	393.944	6.97077
NM_024699.3	2184	1956.29	593.202	13.6462
NM_024700.4	4554	4326.29	1083.15	11.2671
NM_024701.4	2717	2489.29	367.487	6.64367
NM_024702.3	3158	2930.29	0	0
NM_024704.5	5276	5048.29	198.29	1.76766
NM_024705.2	2015	1787.29	11.7349	0.295477
NM_024706.5	2685	2457.29	410.39	7.51591
NM_024707.3	1653	1425.29	109.355	3.45284
NM_024708.4	1714	1486.29	71.3487	2.16035
NM_024709.5	2891	2663.29	4	0.0675901
NM_024710.3	1123	895.293	86.1738	4.33164
NM_024711.6	3440	3212.29	0	0
NM_024712.5	2486	2258.29	23.4251	0.466813
NM_024713.3	2740	2512.29	1089.16	19.5103
NM_024715.4	3090	2862.29	3560.06	55.9739
NM_024717.7	7325	7097.29	0	0
NM_024718.5	3104	2876.29	5349.6	83.701
NM_024719.4	1415	1187.29	36.6453	1.389
NM_024721.5	13987	13759.3	1283.53	4.19809
NM_024722.4	1981	1753.29	0	0
NM_024725.4	2715	2487.29	1355.58	24.5268
NM_024726.5	3215	2987.29	11.1639	0.168182
NM_024727.4	2597	2369.29	0	0
NM_024728.3	1584	1356.29	0	0
NM_024729.4	6791	6563.29	0.993335	0.00681108
NM_024730.4	1147	919.293	0	0
NM_024731.4	7559	7331.29	571.648	3.50906
NM_024733.5	4158	3930.29	0	0
NM_024734.4	12749	12521.3	6.38958	0.0229649
NM_024735.5	5953	5725.29	1653.44	12.9967
NM_024736.7	1723	1495.29	453.678	13.6541
NM_024738.4	8426	8198.29	1485.3	8.15327
NM_024740.2	6158	5930.29	0	0
NM_024741.3	2229	2001.29	329.756	7.41522
NM_024742.2	4707	4479.29	110.612	1.11131
NM_024743.4	2978	2750.29	0	0
NM_024744.17	7974	7746.29	0	0
NM_024745.5	5177	4949.29	6211.83	56.4831
NM_024746.4	2572	2344.29	52.7725	1.01307
NM_024747.6	2688	2460.29	1294	23.6695
NM_024749.5	4341	4113.29	13.618	0.148993
NM_024751.3	4043	3815.29	38.8706	0.458496
NM_024753.5	5415	5187.29	775.734	6.72999
NM_024754.5	11145	10917.3	546.222	2.25163
NM_024755.4	4168	3940.29	2610.69	29.8173
NM_024756.3	4127	3899.29	130	1.50037
NM_024757.5	5095	4867.29	650.751	6.01685
NM_024758.5	3095	2867.29	114.596	1.79861
NM_024759.3	4430	4202.29	101.836	1.09058
NM_024760.3	1899	1671.29	0	0
NM_024761.5	6487	6259.29	0	0
NM_024762.3	2352	2124.29	95.8746	2.0311
NM_024763.5	3817	3589.29	10.4224	0.130678
NM_024764.4	3699	3471.29	0	0
NM_024766.5	1512	1284.29	122.94	4.30797
NM_024767.5	2390	2162.29	0	0
NM_024768.3	3016	2788.29	0	0
NM_024769.5	5032	4804.29	24665.9	231.052
NM_024770.5	9761	9533.29	203.122	0.958861
NM_024771.4	3649	3421.29	546.799	7.1925
NM_024772.5	4161	3933.29	74.4618	0.85196
NM_024773.3	2431	2203.29	137.597	2.81048
NM_024775.10	3705	3477.29	796.24	10.3049
NM_024776.5	11815	11587.3	1574.33	6.11443
NM_024778.5	2989	2761.29	0	0
NM_024779.5	3176	2948.29	89.4495	1.36537
NM_024780.5	3676	3448.29	2	0.0261017
NM_024781.3	2711	2483.29	21	0.380569
NM_024782.3	8020	7792.29	586.313	3.38615
NM_024783.4	3586	3358.29	8	0.107205
NM_024785.3	2707	2479.29	0	0
NM_024786.3	2606	2378.29	0	0
NM_024787.3	1872	1644.29	168	4.59804
NM_024789.4	2852	2624.29	0	0
NM_024790.6	4735	4507.29	202.017	2.01704
NM_024791.4	2217	1989.29	0	0
NM_024792.3	2224	1996.29	2114.02	47.6571
NM_024793.3	3600	3372.29	5.75263	0.0767686
NM_024794.3	1838	1610.29	0	0
NM_024795.4	2414	2186.29	3	0.0617526
NM_024798.3	3600	3372.29	0	0
NM_024800.5	2926	2698.29	0	0
NM_024803.3	1793	1565.29	0	0
NM_024804.3	1964	1736.29	16.5587	0.429186
NM_024805.3	5590	5362.29	1157.35	9.71303
NM_024806.4	7057	6829.29	72.0009	0.474465
NM_024807.4	3785	3557.29	0	0
NM_024808.5	2760	2532.29	1188.34	21.1188
NM_024809.5	2908	2680.29	412.771	6.93058
NM_024811.4	3671	3443.29	0	0
NM_024812.3	2817	2589.29	3251.2	56.5074
NM_024813.3	16899	16671.3	781.887	2.11066
NM_024814.4	3987	3759.29	884.361	10.5868
NM_024815.4	1513	1285.29	228.502	8.00074
NM_024816.3	2307	2079.29	1205	26.0804
NM_024817.3	9373	9145.29	2767.68	13.6195
NM_024818.6	4692	4464.29	1070.69	10.7933
NM_024819.7	2143	1915.29	159.581	3.74962
NM_024820.3	3615	3387.29	121.29	1.61145
NM_024821.5	7135	6907.29	297.04	1.9353
NM_024824.5	18153	17925.3	680.422	1.70826
NM_024825.5	3272	3044.29	0	0
NM_024827.4	2819	2591.29	245.675	4.26665
NM_024828.4	2789	2561.29	536.876	9.43316
NM_024829.6	1960	1732.29	139	3.61107
NM_024830.5	3945	3717.29	4479.36	54.229
NM_024831.8	4477	4249.29	1297.31	13.7395
NM_024832.5	3852	3624.29	2586	32.1105
NM_024833.3	2431	2203.29	87.3228	1.7836
NM_024834.4	4222	3994.29	1917.63	21.6057
NM_024835.5	2816	2588.29	2055.1	35.7323
NM_024836.3	3045	2817.29	1254.53	20.0398
NM_024837.4	5688	5460.29	5.75732e-05	4.74512e-07
NM_024838.5	3737	3509.29	95.6871	1.22709
NM_024839.4	528	305.914	387.07	56.9419
NM_024840.4	3057	2829.29	4.22909	0.0672684
NM_024841.5	3950	3722.29	599.413	7.24699
NM_024843.4	4235	4007.29	10067.7	113.064
NM_024844.5	2133	1905.29	1892.93	44.7111
NM_024845.4	2587	2359.29	513.593	9.79669
NM_024847.4	4401	4173.29	37.9132	0.40884
NM_024848.3	1645	1417.29	9.2908	0.295009
NM_024850.3	2147	1919.29	0	0
NM_024852.4	19660	19432.3	497.803	1.15286
NM_024854.5	4075	3847.29	878.569	10.2769
NM_024855.4	2547	2319.29	299	5.80173
NM_024857.5	6873	6645.29	542.76	3.67567
NM_024859.4	3512	3284.29	5.82146	0.0797687
NM_024860.3	2924	2696.29	215.143	3.59089
NM_024861.4	1958	1730.29	0	0
NM_024863.6	1323	1095.29	143.141	5.88134
NM_024864.5	1839	1611.29	211.864	5.91733
NM_024865.4	5182	4954.29	5.15169	0.0467962
NM_024867.4	5662	5434.29	0	0
NM_024869.3	2799	2571.29	2.09714	0.0367044
NM_024870.4	10824	10596.3	0	0
NM_024871.4	2064	1836.29	91	2.23019
NM_024872.4	3544	3316.29	0	0
NM_024873.6	2397	2169.29	89.355	1.85372
NM_024874.5	4777	4549.29	492.325	4.87024
NM_024875.5	4127	3899.29	7.09257	0.0818578
NM_024876.4	2443	2215.29	167.176	3.39613
NM_024877.4	1816	1588.29	22.2246	0.629717
NM_024881.5	5126	4898.29	4077.99	37.4666
NM_024884.3	6095	5867.29	164.738	1.26357
NM_024885.4	2363	2135.29	17.0009	0.358309
NM_024887.4	3291	3063.29	141.912	2.08483
NM_024888.3	2390	2162.29	0	0
NM_024889.5	4018	3790.29	0.97979	0.0116333
NM_024893.3	2092	1864.29	66.1898	1.59779
NM_024894.4	3498	3270.29	2073.98	28.5404
NM_024895.5	1984	1756.29	1.17854	0.0301988
NM_024896.3	5377	5149.29	335.362	2.93095
NM_024897.4	2217	1989.29	0	0
NM_024898.4	2795	2567.29	0	0
NM_024899.4	2895	2667.29	280.208	4.72773
NM_024900.5	4114	3886.29	351.486	4.07019
NM_024901.5	3239	3011.29	0	0
NM_024902.4	3985	3757.29	77.5246	0.928553
NM_024906.3	2019	1791.29	10.6579	0.267762
NM_024907.7	2218	1990.29	783.107	17.7071
NM_024908.4	3932	3704.29	1361.38	16.5393
NM_024909.5	2092	1864.29	1.97381	0.0476467
NM_024911.7	2716	2488.29	1817.39	32.8692
NM_024913.5	5304	5076.29	1249.75	11.0794
NM_024915.4	5232	5004.29	0	0
NM_024917.6	3547	3319.29	38.5363	0.522477
NM_024918.4	2362	2134.29	8.61128	0.181575
NM_024919.6	5770	5542.29	0	0
NM_024921.4	3863	3635.29	3.83299e-08	4.74505e-10
NM_024922.6	3858	3630.29	0	0
NM_024923.4	7206	6978.29	8.23884	0.0531323
NM_024926.4	4299	4071.29	407.636	4.50591
NM_024927.5	3026	2798.29	156.989	2.52476
NM_024928.5	6369	6141.29	716	5.24681
NM_024930.3	3874	3646.29	1.70734e-08	2.10722e-10
NM_024933.4	1935	1707.29	0	0
NM_024936.3	2797	2569.29	450.865	7.89724
NM_024939.3	3429	3201.29	14.1361	0.198722
NM_024940.8	10246	10018.3	4712.74	21.1701
NM_024941.4	2910	2682.29	387.887	6.50791
NM_024942.4	2913	2685.29	738	12.3682
NM_024943.3	1923	1695.29	5.4981	0.145952
NM_024944.3	2545	2317.29	0	0
NM_024945.3	3413	3185.29	341.311	4.82218
NM_024946.4	2823	2595.29	1410.13	24.4521
NM_024947.4	12652	12424.3	1138.97	4.12558
NM_024948.4	2364	2136.29	1171.46	24.6778
NM_024949.6	8862	8634.29	2542.91	13.254
NM_024952.8	3187	2959.29	149.333	2.27097
NM_024953.4	5771	5543.29	1842.24	14.9561
NM_024954.5	1647	1419.29	749	23.7494
NM_024955.6	5003	4775.29	138.675	1.3069
NM_024956.4	2707	2479.29	281.156	5.10343
NM_024958.3	1995	1767.29	1072.37	27.3073
NM_024959.4	2960	2732.29	41.2083	0.678734
NM_024960.6	7802	7574.29	13.4032	0.0796361
NM_024963.6	8270	8042.29	1254.21	7.01831
NM_024966.3	2698	2470.29	7.16696	0.130566
NM_024967.3	6574	6346.29	3.59352	0.0254825
NM_024969.3	11687	11459.3	0.341055	0.00133939
NM_024971.7	11943	11715.3	0	0
NM_024979.4	6456	6228.29	0	0
NM_024980.5	5197	4969.29	155.305	1.40648
NM_024989.4	11090	10862.3	351.825	1.45763
NM_024991.3	5815	5587.29	0	0
NM_024993.6	3626	3398.29	0	0
NM_024996.7	6478	6250.29	149.155	1.07394
NM_024997.5	3659	3431.29	10.6644	0.139869
NM_025000.4	5853	5625.29	0.220997	0.00176801
NM_025003.5	6358	6130.29	0	0
NM_025004.3	3812	3584.29	653.412	8.204
NM_025008.5	2908	2680.29	53.1435	0.892299
NM_025009.5	5596	5368.29	1223.87	10.2599
NM_025010.5	4622	4394.29	937.981	9.6061
NM_025014.2	4135	3907.29	0	0
NM_025015.3	5714	5486.29	859.509	7.0504
NM_025027.4	4245	4017.29	102.313	1.14614
NM_025029.5	599	373.876	3931.68	473.253
NM_025040.4	4628	4400.29	578	5.91138
NM_025045.6	2149	1921.29	0	0
NM_025047.3	1289	1061.29	0	0
NM_025048.4	1408	1180.29	2	0.0762575
NM_025049.4	2666	2438.29	1098.05	20.2665
NM_025052.5	5032	4804.29	0	0
NM_025054.5	9956	9728.29	1601.77	7.40978
NM_025055.5	2750	2522.29	0	0
NM_025057.3	3113	2885.29	0.000453563	7.0744e-06
NM_025058.5	3178	2950.29	41.1936	0.628358
NM_025059.4	5306	5078.29	16	0.14179
NM_025061.6	3590	3362.29	233.002	3.11864
NM_025063.4	2219	1991.29	9	0.203399
NM_025065.7	1948	1720.29	1804	47.1929
NM_025069.3	3316	3088.29	2428	35.3812
NM_025072.7	1598	1370.29	1453.29	47.729
NM_025073.3	5494	5266.29	1319.73	11.2777
NM_025074.7	15871	15643.3	100	0.287683
NM_025075.4	892	664.361	1570.24	106.366
NM_025076.5	2038	1810.29	1751.27	43.5359
NM_025077.4	1887	1659.29	604.159	16.3859
NM_025078.5	2544	2316.29	620.419	12.0541
NM_025079.3	2654	2426.29	201.238	3.73257
NM_025080.4	2193	1965.29	2.35852	0.0540076
NM_025081.3	7635	7407.29	1053.02	6.39766
NM_025082.4	2580	2352.29	293.305	5.61138
NM_025083.5	3744	3516.29	1300.9	16.6495
NM_025087.3	2444	2216.29	0	0
NM_025092.5	3699	3471.29	91.4508	1.1856
NM_025097.2	2526	2298.29	0	0
NM_025098.4	2723	2495.29	0	0
NM_025099.6	7039	6811.29	79.2749	0.52378
NM_025103.4	5325	5097.29	280.133	2.47324
NM_025104.4	1753	1525.29	3.57284	0.105415
NM_025106.4	3106	2878.29	1124	17.5741
NM_025107.3	3030	2802.29	35.5659	0.571166
NM_025108.3	1633	1405.29	427.304	13.684
NM_025109.6	3331	3103.29	0	0
NM_025112.5	3377	3149.29	428.043	6.11669
NM_025113.5	11050	10822.3	12.0751	0.0502129
NM_025114.4	7824	7596.29	1641.03	9.72205
NM_025115.5	2500	2272.29	67.1035	1.32899
NM_025124.4	3551	3323.29	30.5868	0.414198
NM_025125.4	2041	1813.29	262.776	6.52168
NM_025126.4	1986	1758.29	1239.61	31.7276
NM_025128.5	2364	2136.29	1143.29	24.0846
NM_025129.5	1728	1500.29	150.589	4.51711
NM_025130.4	3653	3425.29	2.84747	0.0374114
NM_025132.4	4395	4167.29	559.746	6.04476
NM_025133.4	3859	3631.29	1129.54	13.9985
NM_025134.7	11499	11271.3	30.1891	0.120537
NM_025135.5	5133	4905.29	1649.44	15.1326
NM_025136.4	7811	7583.29	1081.56	6.41853
NM_025137.4	7772	7544.29	1293.89	7.71827
NM_025138.5	5182	4954.29	1337	12.1448
NM_025139.6	2215	1987.29	129.557	2.93387
NM_025140.3	2790	2562.29	1308.14	22.9756
NM_025141.4	1317	1089.29	358.917	14.8283
NM_025142.1	11652	11424.3	0.0971071	0.000382529
NM_025144.4	5399	5171.29	293.809	2.55687
NM_025145.7	5367	5139.29	12	0.10508
NM_025146.4	6112	5884.29	9303.86	71.1559
NM_025147.5	2112	1884.29	1669.33	39.869
NM_025149.6	2177	1949.29	59.7034	1.37836
NM_025150.5	2727	2499.29	642.896	11.5762
NM_025151.5	6283	6055.29	77.4023	0.575256
NM_025152.3	3040	2812.29	390.649	6.25127
NM_025153.3	7565	7337.29	0	0
NM_025154.6	3816	3588.29	0	0
NM_025155.3	4954	4726.29	189.491	1.8043
NM_025157.5	3809	3581.29	34.4319	0.432676
NM_025158.5	2636	2408.29	1371.65	25.6316
NM_025159.3	1792	1564.29	0	0
NM_025160.7	7367	7139.29	1233.56	7.77583
NM_025161.6	3597	3369.29	873.646	11.6691
NM_025163.4	2688	2460.29	66.4538	1.21556
NM_025164.6	6212	5984.29	106.715	0.802522
NM_025165.3	1755	1527.29	31.1849	0.918893
NM_025169.3	1767	1539.29	0.885086	0.0258765
NM_025170.6	3936	3708.29	1.21779	0.0147788
NM_025176.6	4991	4763.29	104.166	0.98415
NM_025179.4	11508	11280.3	1038.67	4.14381
NM_025180.5	6205	5977.29	7.3581e-06	5.53992e-08
NM_025181.5	10314	10086.3	2110.68	9.41744
NM_025182.4	2998	2770.29	381.049	6.19009
NM_025184.4	3257	3029.29	0	0
NM_025185.4	12259	12031.3	27.047	0.101169
NM_025187.5	2917	2689.29	13.7445	0.230003
NM_025188.4	3536	3308.29	83.7702	1.13953
NM_025189.4	3886	3658.29	327.683	4.03105
NM_025190.4	5898	5670.29	121.76	0.966366
NM_025191.4	6837	6609.29	5382.89	36.6525
NM_025193.4	2171	1943.29	1382.77	32.0224
NM_025194.3	3376	3148.29	481.011	6.87579
NM_025195.4	3596	3368.29	375.678	5.01936
NM_025196.4	2653	2425.29	2226	41.3051
NM_025198.5	1774	1546.29	55.2247	1.60725
NM_025201.5	3689	3461.29	1855.61	24.1263
NM_025202.4	1878	1650.29	32	0.872632
NM_025203.3	3848	3620.29	615	7.64493
NM_025204.4	2330	2102.29	624.278	13.3637
NM_025205.5	10858	10630.3	1462.57	6.19174
NM_025207.5	2189	1961.29	154.637	3.54824
NM_025208.5	3838	3610.29	111.303	1.38742
NM_025209.5	4066	3838.29	68.8416	0.807152
NM_025210.2	798	570.487	0	0
NM_025211.4	1801	1573.29	10.9162	0.31225
NM_025212.4	5569	5341.29	0	0
NM_025213.3	2419	2191.29	0	0
NM_025214.3	4085	3857.29	0	0
NM_025215.6	4041	3813.29	834.883	9.85298
NM_025216.3	2055	1827.29	0	0
NM_025217.4	1335	1107.29	355.195	14.436
NM_025218.4	3211	2983.29	85.1059	1.28382
NM_025219.3	5249	5021.29	1297.16	11.6257
NM_025220.5	3436	3208.29	36.6726	0.514411
NM_025221.6	2370	2142.29	0	0
NM_025222.4	4286	4058.29	6855.03	76.0166
NM_025224.4	5231	5003.29	18.7803	0.168923
NM_025225.3	2753	2525.29	110.117	1.96239
NM_025227.3	1788	1560.29	0	0
NM_025228.4	2234	2006.29	0	0
NM_025229.2	2385	2157.29	0	0
NM_025230.5	4304	4076.29	594.591	6.5644
NM_025231.3	1279	1051.29	34.9248	1.49504
NM_025232.4	1666	1438.29	2583.55	80.8374
NM_025233.7	2479	2251.29	1438.75	28.7604
NM_025234.3	1202	974.293	910.559	42.0592
NM_025235.4	6242	6014.29	3950.46	29.5601
NM_025236.4	2084	1856.29	0	0
NM_025237.3	2296	2068.29	24	0.522205
NM_025238.4	3194	2966.29	4691.67	71.1796
NM_025239.4	2432	2204.29	1141.48	23.3047
NM_025240.3	2641	2413.29	1092.84	20.3793
NM_025241.3	1915	1687.29	3467.17	92.4756
NM_025243.4	5213	4985.29	14.7503	0.133153
NM_025244.4	3903	3675.29	0	0
NM_025245.3	1495	1267.29	18.3041	0.65
NM_025246.3	1949	1721.29	377.741	9.87601
NM_025247.6	4006	3778.29	485.279	5.78014
NM_025248.3	7065	6837.29	0	0
NM_025249.4	3784	3556.29	0	0
NM_025250.3	4805	4577.29	9546	93.8545
NM_025251.3	4830	4602.29	264.438	2.58578
NM_025256.7	3877	3649.29	238.522	2.94145
NM_025257.3	2585	2357.29	0	0
NM_025258.3	2915	2687.29	16	0.267946
NM_025259.6	2685	2457.29	20.9156	0.38305
NM_025260.4	2396	2168.29	0	0
NM_025261.3	893	665.361	0	0
NM_025262.4	1420	1192.29	4.44245	0.16768
NM_025263.4	1845	1617.29	184.9	5.14505
NM_025264.5	2205	1977.29	319.903	7.28098
NM_025265.4	2753	2525.29	28.222	0.502942
NM_025267.4	1799	1571.29	3.04239	0.0871365
NM_025268.4	1548	1320.29	29	0.988485
NM_030567.5	1461	1233.29	34.7628	1.2685
NM_030568.5	1146	918.293	3.98031	0.195065
NM_030569.7	6716	6488.29	34.5609	0.239716
NM_030570.3	1633	1405.29	0	0
NM_030571.4	3574	3346.29	4264	57.345
NM_030572.4	2280	2052.29	0	0
NM_030573.3	1913	1685.29	44.503	1.18838
NM_030576.4	3192	2964.29	225.301	3.42046
NM_030577.3	1363	1135.29	71.616	2.83886
NM_030578.4	1007	779.293	172.808	9.9794
NM_030579.3	4262	4034.29	3534.55	39.4284
NM_030580.5	2804	2576.29	12.26	0.21416
NM_030581.4	5878	5650.29	444.821	3.54288
NM_030582.4	5882	5654.29	954.404	7.5962
NM_030583.4	4076	3848.29	354.293	4.14321
NM_030587.3	2001	1773.29	1073.49	27.2433
NM_030589.3	1607	1379.29	0	0
NM_030590.4	2099	1871.29	0	0
NM_030592.4	1976	1748.29	0	0
NM_030593.3	1815	1587.29	896.378	25.4142
NM_030594.5	3257	3029.29	0	0
NM_030613.4	2410	2182.29	18	0.371195
NM_030615.4	3048	2820.29	0	0
NM_030621.4	10377	10149.3	2.51582e-07	1.11554e-09
NM_030622.8	2612	2384.29	24	0.452995
NM_030623.4	6867	6639.29	0	0
NM_030624.3	6272	6044.29	670	4.98852
NM_030625.3	9612	9384.29	45.2545	0.217021
NM_030626.3	7971	7743.29	0.0623853	0.000362576
NM_030627.4	9418	9190.29	313.524	1.53527
NM_030628.2	3285	3057.29	1182	17.3989
NM_030629.3	4126	3898.29	0	0
NM_030630.3	3298	3070.29	0	0
NM_030631.4	3893	3665.29	7.76526	0.0953432
NM_030632.3	11760	11532.3	0.969047	0.00378156
NM_030634.3	4264	4036.29	447.595	4.99051
NM_030636.3	4655	4427.29	34	0.345607
NM_030637.3	12857	12629.3	220.703	0.786451
NM_030639.3	5056	4828.29	0	0
NM_030640.3	6661	6433.29	309.35	2.16401
NM_030641.4	10065	9837.29	823.948	3.76935
NM_030642.1	1438	1210.29	0	0
NM_030643.4	3421	3193.29	0	0
NM_030644.2	2154	1926.29	15.7051	0.366911
NM_030645.3	3148	2920.29	4356.65	67.138
NM_030647.2	9220	8992.29	970.392	4.85645
NM_030648.4	6808	6580.29	11657.5	79.7266
NM_030649.3	3793	3565.29	2106.78	26.5929
NM_030650.3	7542	7314.29	3371.05	20.7413
NM_030651.4	1892	1664.29	39	1.05457
NM_030652.4	1298	1070.29	51.5257	2.16652
NM_030653.4	3920	3692.29	138.078	1.68294
NM_030657.4	1002	774.293	0	0
NM_030660.5	6719	6491.29	33.3686	0.231339
NM_030661.5	2437	2209.29	7.13294	0.145297
NM_030662.4	1727	1499.29	4821.48	144.722
NM_030663.3	770	542.487	0	0
NM_030664.5	3704	3476.29	70.7901	0.916428
NM_030665.4	7677	7449.29	1766.22	10.6702
NM_030666.4	2476	2248.29	605.773	12.1255
NM_030667.3	6128	5900.29	0	0
NM_030668.3	3619	3391.29	0	0
NM_030669.3	3703	3475.29	0	0
NM_030670.3	4651	4423.29	0	0
NM_030671.3	4735	4507.29	0	0
NM_030673.4	1393	1165.29	141.74	5.47394
NM_030674.4	8097	7869.29	810.764	4.63662
NM_030751.6	5934	5706.29	2433.9	19.1951
NM_030752.3	2352	2124.29	13287.2	281.489
NM_030753.5	3287	3059.29	150	2.20654
NM_030754.5	576	351.35	0	0
NM_030755.5	4025	3797.29	4677.97	55.4403
NM_030756.5	4007	3779.29	110.998	1.32174
NM_030758.4	4261	4033.29	12.3525	0.137828
NM_030759.5	1813	1585.29	1247.95	35.4265
NM_030760.5	2338	2110.29	8.5313	0.181934
NM_030761.5	3968	3740.29	0.0277445	0.000333821
NM_030762.3	3743	3515.29	612.936	7.84686
NM_030763.3	2099	1871.29	84.4077	2.02994
NM_030764.4	2589	2361.29	0	0
NM_030765.4	2891	2663.29	23.407	0.395521
NM_030766.2	2104	1876.29	0	0
NM_030767.5	5419	5191.29	201.232	1.74447
NM_030768.3	1455	1227.29	825.405	30.2664
NM_030769.3	2543	2315.29	42.5037	0.826158
NM_030770.4	2168	1940.29	0	0
NM_030771.2	1452	1224.29	1453.92	53.4437
NM_030772.5	2281	2053.29	0	0
NM_030773.4	3321	3093.29	12.1023	0.176072
NM_030774.4	2792	2564.29	1.01653	0.01784
NM_030775.2	2184	1956.29	4238.91	97.513
NM_030776.3	2142	1914.29	0	0
NM_030777.4	4227	3999.29	1797.77	20.2299
NM_030779.4	3866	3638.29	0	0
NM_030780.5	2891	2663.29	2195.4	37.0969
NM_030782.5	2492	2264.29	3743.2	74.3965
NM_030783.3	2458	2230.29	861.191	17.3772
NM_030784.4	5967	5739.29	0	0
NM_030785.4	2442	2214.29	0	0
NM_030786.3	3503	3275.29	2022.55	27.7902
NM_030787.4	2814	2586.29	0	0
NM_030788.4	1953	1725.29	8.69862	0.226898
NM_030789.4	1568	1340.29	8832.4	296.566
NM_030790.5	3185	2957.29	2363.03	35.9598
NM_030791.4	3336	3108.29	2046	29.6228
NM_030792.8	3561	3333.29	171.201	2.31141
NM_030793.5	4176	3948.29	177.48	2.02294
NM_030794.2	3029	2801.29	0	0
NM_030795.4	2321	2093.29	0	0
NM_030796.5	2939	2711.29	6640.61	110.223
NM_030797.4	4670	4442.29	7.32927e-05	7.42499e-07
NM_030798.5	2309	2081.29	2284.94	49.4064
NM_030799.9	3144	2916.29	7127.86	109.994
NM_030801.5	2513	2285.29	3.34157	0.0658039
NM_030802.4	2329	2101.29	65.6654	1.40635
NM_030803.7	3298	3070.29	758.492	11.1177
NM_030805.4	2398	2170.29	768.399	15.9335
NM_030806.4	10293	10065.3	2763	12.3537
NM_030807.5	3102	2874.29	0	0
NM_030808.5	2352	2124.29	1652.8	35.0146
NM_030809.3	4517	4289.29	1097.55	11.5155
NM_030810.5	2938	2710.29	15192.1	252.257
NM_030811.4	1016	788.293	919.549	52.4964
NM_030812.3	1841	1613.29	9.69533e-05	2.70453e-06
NM_030813.6	10053	9825.29	0	0
NM_030815.3	1957	1729.29	587	15.2761
NM_030816.5	5658	5430.29	855.204	7.08743
NM_030817.3	4594	4366.29	0	0
NM_030818.4	1673	1445.29	418.193	13.0216
NM_030819.4	2018	1790.29	424.506	10.6709
NM_030820.4	4173	3945.29	21	0.239542
NM_030821.5	5219	4991.29	968.665	8.73379
NM_030824.3	6274	6046.29	13.8024	0.102733
NM_030876.6	2763	2535.29	0	0
NM_030877.5	1890	1662.29	1792.6	48.5309
NM_030882.4	2429	2201.29	645.503	13.1966
NM_030883.5	3054	2826.29	0	0
NM_030885.4	2774	2546.29	16.1319	0.285115
NM_030891.6	5845	5617.29	410.146	3.2859
NM_030893.4	1919	1691.29	0	0
NM_030895.3	4658	4430.29	302.208	3.06984
NM_030899.5	2812	2584.29	0	0
NM_030900.4	1896	1668.29	0.00201108	5.425e-05
NM_030901.2	3639	3411.29	1.05522	0.0139209
NM_030903.3	963	735.293	0	0
NM_030904.2	2104	1876.29	0	0
NM_030905.3	2392	2164.29	0	0
NM_030906.4	2728	2500.29	0	0
NM_030907.4	1574	1346.29	65.2531	2.18124
NM_030908.2	1758	1530.29	0	0
NM_030911.4	3386	3158.29	184.413	2.62774
NM_030912.3	2759	2531.29	5070.55	90.1478
NM_030913.6	3873	3645.29	147.031	1.81517
NM_030914.4	2595	2367.29	1777.28	33.7868
NM_030915.4	2930	2702.29	2338	38.9363
NM_030916.3	3458	3230.29	5.45809	0.0760399
NM_030917.4	3396	3168.29	364.845	5.18234
NM_030918.6	7218	6990.29	310.991	2.00214
NM_030919.3	2370	2142.29	4498	94.4893
NM_030920.5	3407	3179.29	7970.84	112.828
NM_030922.7	3227	2999.29	396.81	5.95396
NM_030923.5	1892	1664.29	0	0
NM_030924.5	2734	2506.29	0	0
NM_030925.4	3619	3391.29	0	0
NM_030926.6	2037	1809.29	696.127	17.315
NM_030927.4	5547	5319.29	1402.6	11.8665
NM_030928.4	2664	2436.29	1617	29.8691
NM_030929.5	3232	3004.29	620.056	9.28819
NM_030930.4	2294	2066.29	569.075	12.3942
NM_030931.4	434	220.399	0	0
NM_030932.4	2715	2487.29	0	0
NM_030933.4	2113	1885.29	10.5523	0.251891
NM_030934.5	4361	4133.29	1067.31	11.6208
NM_030935.5	2318	2090.29	1768.21	38.0687
NM_030936.4	1679	1451.29	0	0
NM_030937.6	3112	2884.29	213.55	3.33199
NM_030938.5	3686	3458.29	4381.57	57.0178
NM_030939.5	2452	2224.29	3039.37	61.4941
NM_030940.4	1967	1739.29	1568	40.571
NM_030941.3	2691	2463.29	110.726	2.02291
NM_030943.4	1550	1322.29	1	0.0340341
NM_030945.4	3554	3326.29	47.5845	0.643795
NM_030946.2	6443	6215.29	0	0
NM_030948.6	2913	2685.29	0	0
NM_030949.3	2219	1991.29	177	4.00019
NM_030952.3	3391	3163.29	115.249	1.63961
NM_030953.4	3493	3265.29	113.563	1.56515
NM_030954.4	3764	3536.29	417.496	5.31307
NM_030955.4	8572	8344.29	2795.61	15.0775
NM_030956.4	3991	3763.29	0	0
NM_030957.4	4251	4023.29	198.619	2.22168
NM_030958.3	8991	8763.29	11.2801	0.057928
NM_030959.3	1869	1641.29	0	0
NM_030960.3	1453	1225.29	0	0
NM_030961.3	10910	10682.3	1986.83	8.37026
NM_030962.4	7450	7222.29	1586.72	9.88705
NM_030963.4	2356	2128.29	0	0
NM_030964.5	4955	4727.29	231.28	2.20175
NM_030965.3	5547	5319.29	11	0.0930639
NM_030966.2	991	763.293	0	0
NM_030967.3	910	682.293	6	0.395751
NM_030968.5	2886	2658.29	1232.09	20.8585
NM_030969.5	929	701.293	1033.58	66.3262
NM_030971.6	3095	2867.29	1611.34	25.2905
NM_030972.3	4559	4331.29	9.90783	0.102945
NM_030973.4	2332	2104.29	750.785	16.0565
NM_030974.4	1348	1120.29	1000.71	40.1992
NM_030975.2	981	753.293	1	0.0597418
NM_030976.2	1112	884.293	0	0
NM_030978.3	2507	2279.29	1392.87	27.5013
NM_030979.3	3119	2891.29	5.02098	0.0781518
NM_030981.3	1901	1673.29	7793.98	209.619
NM_030984.6	1760	1532.29	0	0
NM_031157.4	3744	3516.29	9557.35	122.319
NM_031200.3	2527	2299.29	0	0
NM_031203.4	2360	2132.29	4751.88	100.291
NM_031205.4	1469	1241.29	16.217	0.587946
NM_031206.7	2470	2242.29	322.793	6.47849
NM_031207.6	1203	975.293	354.756	16.3695
NM_031208.4	1705	1477.29	1061.56	32.3386
NM_031209.3	1329	1101.29	955	39.025
NM_031210.6	376	172.561	952.516	248.412
NM_031212.4	1526	1298.29	372.306	12.9054
NM_031213.4	1859	1631.29	37.3212	1.02959
NM_031215.3	3783	3555.29	500.045	6.32959
NM_031216.4	3478	3250.29	1918.03	26.5567
NM_031217.4	3417	3189.29	3212.28	45.3274
NM_031218.4	2763	2535.29	307.229	5.45352
NM_031219.4	2256	2028.29	61.5497	1.36564
NM_031220.4	7149	6921.29	129.126	0.839594
NM_031226.3	4512	4284.29	0	0
NM_031229.4	3701	3473.29	1173.4	15.2036
NM_031231.4	1907	1679.29	163.668	4.3861
NM_031232.4	2009	1781.29	97.1801	2.45518
NM_031243.3	3664	3436.29	10010.6	131.103
NM_031244.3	2426	2198.29	20.0991	0.411465
NM_031246.4	1573	1345.29	28.8859	0.966299
NM_031262.4	2879	2651.29	5387.26	91.4433
NM_031263.4	2889	2661.29	5888.41	99.5745
NM_031264.5	2777	2549.29	0	0
NM_031266.3	1770	1542.29	7440.55	217.11
NM_031267.3	6805	6577.29	2016.28	13.7958
NM_031268.6	6803	6575.29	98.125	0.671594
NM_031272.5	4797	4569.29	6	0.0590942
NM_031273.2	1248	1020.29	0	0
NM_031274.5	1397	1169.29	0	0
NM_031275.4	1144	916.293	2	0.0982286
NM_031276.3	3012	2784.29	0	0
NM_031277.3	5102	4874.29	0	0
NM_031279.4	2086	1858.29	0	0
NM_031280.4	953	725.293	1641	101.821
NM_031281.3	5385	5157.29	0	0
NM_031282.3	3466	3238.29	0	0
NM_031283.3	2985	2757.29	747.968	12.2079
NM_031284.5	2605	2377.29	1502.04	28.4342
NM_031286.4	751	523.701	16787	1442.55
NM_031287.3	690	463.088	2088	202.913
NM_031288.4	1181	953.293	517.706	24.4399
NM_031289.5	2542	2314.29	6.76771	0.131603
NM_031290.4	1162	934.293	0	0
NM_031291.4	1812	1584.29	0	0
NM_031292.5	13567	13339.3	343.072	1.15743
NM_031293.3	3427	3199.29	0	0
NM_031294.4	2031	1803.29	2.6117	0.0651778
NM_031296.3	4248	4020.29	355.695	3.98165
NM_031297.7	1732	1504.29	2.71076	0.0810962
NM_031298.4	656	429.76	858.743	89.9247
NM_031299.7	1144	916.293	2035.82	99.9877
NM_031300.4	1067	839.293	1046.37	56.1067
NM_031301.4	4138	3910.29	599.685	6.9017
NM_031302.5	2517	2289.29	0	0
NM_031303.3	2877	2649.29	0	0
NM_031304.5	1791	1563.29	15.7203	0.452546
NM_031305.3	4827	4599.29	0	0
NM_031307.4	1829	1601.29	298.319	8.38402
NM_031308.4	16005	15777.3	0	0
NM_031309.6	3980	3752.29	0	0
NM_031310.3	2290	2062.29	0	0
NM_031311.5	2087	1859.29	2.31509	0.0560353
NM_031313.3	2492	2264.29	0	0
NM_031314.3	3204	2976.29	4491.26	67.9102
NM_031361.3	7934	7706.29	46.7278	0.27288
NM_031369.3	3011	2783.29	915.403	14.8012
NM_031370.3	3068	2840.29	5373.58	85.1418
NM_031371.4	5764	5536.29	257.465	2.09286
NM_031372.4	4372	4144.29	9548.79	103.691
NM_031407.7	14731	14503.3	218.112	0.676793
NM_031409.4	3136	2908.29	1.0438	0.0161519
NM_031410.2	2726	2498.29	4	0.0720541
NM_031411.3	4622	4394.29	0	0
NM_031412.4	1883	1655.29	1407.94	38.2781
NM_031414.5	3274	3046.29	0	0
NM_031415.3	2450	2222.29	0	0
NM_031417.4	5231	5003.29	0	0
NM_031418.4	5937	5709.29	0.00905998	7.14147e-05
NM_031419.4	3923	3695.29	681.792	8.3032
NM_031420.4	1224	996.293	1295.1	58.5003
NM_031421.5	3146	2918.29	0	0
NM_031422.6	11379	11151.3	0	0
NM_031423.4	1818	1590.29	789.748	22.3488
NM_031424.6	1635	1407.29	0	0
NM_031426.4	3374	3146.29	13	0.185946
NM_031427.4	8417	8189.29	502.048	2.75893
NM_031429.3	1340	1112.29	0	0
NM_031430.3	1560	1332.29	72	2.43206
NM_031431.4	4555	4327.29	1191.18	12.3881
NM_031432.5	2162	1934.29	1146.69	26.6788
NM_031433.4	3949	3721.29	0.716736	0.00866778
NM_031434.4	1491	1263.29	442.563	15.7657
NM_031435.4	4432	4204.29	197	2.1087
NM_031438.4	3488	3260.29	483.222	6.67009
NM_031439.4	3215	2987.29	18	0.271167
NM_031440.2	837	609.427	0	0
NM_031442.4	4040	3812.29	4833	57.0523
NM_031443.4	1864	1636.29	1999.13	54.9823
NM_031444.4	3438	3210.29	164.908	2.31174
NM_031445.2	4698	4470.29	61.1256	0.61536
NM_031446.5	985	757.293	320.932	19.0718
NM_031448.6	4348	4120.29	133.133	1.45412
NM_031449.4	5228	5000.29	0	0
NM_031450.4	1559	1331.29	1604.4	54.2353
NM_031451.5	1565	1337.29	0	0
NM_031452.4	1565	1337.29	848.982	28.5703
NM_031453.4	3788	3560.29	0	0
NM_031454.2	2283	2055.29	784.724	17.1825
NM_031455.4	2747	2519.29	9.58481	0.171217
NM_031457.2	1311	1083.29	0	0
NM_031458.3	3440	3212.29	31.0527	0.435038
NM_031459.5	3462	3234.29	824.42	11.4713
NM_031460.4	1524	1296.29	0	0
NM_031461.6	4297	4069.29	0	0
NM_031462.4	3567	3339.29	2740.37	36.9315
NM_031463.5	3648	3420.29	1198.05	15.7635
NM_031464.5	5322	5094.29	0	0
NM_031466.8	7092	6864.29	0	0
NM_031467.3	3283	3055.29	0	0
NM_031468.4	9424	9196.29	0	0
NM_031469.4	4603	4375.29	9.23581	0.0949971
NM_031471.6	2499	2271.29	10.3081	0.204243
NM_031472.4	884	656.427	53.3844	3.6599
NM_031473.4	3026	2798.29	26.7153	0.429645
NM_031474.3	2757	2529.29	46.0067	0.818585
NM_031475.3	3543	3315.29	0	0
NM_031476.4	4583	4355.29	3648.34	37.6982
NM_031477.5	1601	1373.29	198.908	6.51824
NM_031478.6	2325	2097.29	1.74146	0.0373676
NM_031479.5	2460	2232.29	23.4022	0.471788
NM_031480.3	2498	2270.29	1217.99	24.1437
NM_031481.3	2186	1958.29	0	0
NM_031482.5	3029	2801.29	145.621	2.33942
NM_031483.7	6743	6515.29	2878	19.8792
NM_031484.4	3213	2985.29	7263	109.489
NM_031485.4	5361	5133.29	2776.97	24.3454
NM_031486.4	4784	4556.29	50.0492	0.494343
NM_031488.5	3189	2961.29	1298.89	19.7394
NM_031490.5	8195	7967.29	2039.42	11.5196
NM_031491.4	957	729.293	0	0
NM_031492.4	1806	1578.29	197.805	5.64017
NM_031495.2	2626	2398.29	2	0.0375293
NM_031496.2	3063	2835.29	0	0
NM_031497.2	4565	4337.29	3.83101	0.03975
NM_031498.2	1057	829.293	9.14177	0.496095
NM_031500.3	10526	10298.3	17.6562	0.077157
NM_031501.2	4239	4011.29	0	0
NM_031844.3	6867	6639.29	9695.28	65.7174
NM_031845.3	5451	5223.29	0	0
NM_031847.3	5544	5316.29	12.576	0.106457
NM_031848.3	3265	3037.29	9.59418	0.142155
NM_031849.3	4603	4375.29	2.55846	0.0263156
NM_031850.4	2382	2154.29	8.87204	0.185336
NM_031852.2	2905	2677.29	17.6171	0.296128
NM_031854.3	1092	864.293	12	0.624831
NM_031856.2	2616	2388.29	5	0.094216
NM_031857.2	5377	5149.29	0	0
NM_031859.3	12344	12116.3	13.2124	0.0490743
NM_031860.3	4620	4392.29	0.00162253	1.66243e-05
NM_031861.2	4088	3860.29	1.70979	0.0199326
NM_031862.4	4727	4499.29	0	0
NM_031864.3	2582	2354.29	0	0
NM_031865.1	2427	2199.29	0	0
NM_031866.3	4050	3822.29	3225.61	37.9778
NM_031882.3	2796	2568.29	1	0.0175226
NM_031883.2	2655	2427.29	0	0
NM_031885.5	2704	2476.29	641.508	11.6585
NM_031886.3	4151	3923.29	40.0241	0.459107
NM_031889.3	5679	5451.29	0	0
NM_031890.4	5064	4836.29	5.56749	0.0518071
NM_031891.4	4040	3812.29	0	0
NM_031892.3	4728	4500.29	3024.59	30.246
NM_031894.3	809	581.487	0	0
NM_031895.6	8850	8622.29	32.3465	0.168829
NM_031896.5	2754	2526.29	38.5522	0.686764
NM_031897.3	2288	2060.29	4	0.0873722
NM_031898.3	1740	1512.29	0	0
NM_031899.4	3046	2818.29	927.098	14.8041
NM_031900.4	2219	1991.29	0	0
NM_031901.6	1085	857.293	1504.05	78.9544
NM_031902.5	3298	3070.29	1623.32	23.7939
NM_031903.3	859	631.427	1278.66	91.1329
NM_031904.5	3685	3457.29	1202.98	15.6591
NM_031905.5	2371	2143.29	2.70946	0.056891
NM_031907.3	5525	5297.29	7	0.0594684
NM_031908.6	2396	2168.29	22.688	0.470891
NM_031909.3	1413	1185.29	2.91457	0.11066
NM_031910.4	2893	2665.29	359.687	6.07326
NM_031911.5	4320	4092.29	0	0
NM_031912.5	5724	5496.29	196.23	1.60671
NM_031913.5	5915	5687.29	15.7491	0.124621
NM_031915.3	6239	6011.29	0.00388953	2.91187e-05
NM_031916.5	1061	833.293	7.74016	0.418017
NM_031917.3	1785	1557.29	3.91351	0.113094
NM_031918.4	2901	2673.29	2161.96	36.3952
NM_031919.5	1847	1619.29	2.78067	0.0772798
NM_031921.6	4098	3870.29	512.307	5.95702
NM_031922.5	4530	4302.29	65.9419	0.689769
NM_031923.4	4875	4647.29	851.305	8.2438
NM_031924.8	6576	6348.29	397.202	2.81577
NM_031925.3	1398	1170.29	635.864	24.4519
NM_031934.6	1741	1513.29	1828.14	54.3662
NM_031935.3	18368	18140.3	1318.57	3.27117
NM_031936.6	4250	4022.29	0	0
NM_031937.3	1972	1744.29	510.856	13.1802
NM_031938.7	2902	2674.29	0	0
NM_031939.6	5200	4972.29	0	0
NM_031940.4	3628	3400.29	405.723	5.36976
NM_031941.4	3289	3061.29	0	0
NM_031942.5	2778	2550.29	14.3996	0.254098
NM_031944.3	1965	1737.29	1.00145	0.0259418
NM_031945.5	1887	1659.29	14.5724	0.395232
NM_031946.7	3494	3266.29	4.76771	0.0656896
NM_031947.4	1415	1187.29	2	0.0758079
NM_031948.5	1135	907.293	14	0.694421
NM_031949.5	2876	2648.29	0	0
NM_031950.4	1105	877.293	1	0.0512976
NM_031951.5	8873	8645.29	0	0
NM_031952.4	1210	982.293	0	0
NM_031954.5	3920	3692.29	4242.29	51.7067
NM_031955.6	2074	1846.29	0	0
NM_031956.4	2178	1950.29	0	0
NM_031957.2	1183	955.293	116	5.46466
NM_031958.2	608	382.573	0	0
NM_031959.3	714	486.852	0	0
NM_031960.3	1162	934.293	0	0
NM_031961.3	1005	777.293	0	0
NM_031962.3	1006	778.293	0	0
NM_031963.3	1006	778.293	0	0
NM_031964.2	799	571.487	0	0
NM_031965.2	2797	2569.29	794.987	13.9248
NM_031966.4	2029	1801.29	13882.6	346.84
NM_031968.2	1776	1548.29	1077.52	31.3196
NM_031989.5	3159	2931.29	5296.51	81.3155
NM_031990.4	3185	2957.29	177.024	2.6939
NM_031991.4	3128	2900.29	4162.78	64.5928
NM_031992.2	2503	2275.29	18696.7	369.803
NM_031993.2	4126	3898.29	26.4532	0.305384
NM_032009.3	4548	4320.29	72.6084	0.756338
NM_032011.2	3119	2891.29	0	0
NM_032012.4	7999	7771.29	0.0138608	8.02669e-05
NM_032013.4	2971	2743.29	985.962	16.1745
NM_032014.3	667	440.629	1548.66	158.17
NM_032015.5	2783	2555.29	4983	87.7592
NM_032016.4	1703	1475.29	1498.33	45.7059
NM_032017.3	3882	3654.29	139.875	1.72257
NM_032018.7	3223	2995.29	620.283	9.31951
NM_032019.6	2567	2339.29	569.189	10.95
NM_032020.5	2385	2157.29	5550.96	115.798
NM_032023.4	3631	3403.29	98.9035	1.30784
NM_032024.5	3692	3464.29	0	0
NM_032025.5	3879	3651.29	4235.22	52.2001
NM_032026.4	1029	801.293	433.874	24.3677
NM_032027.3	969	741.293	673.827	40.9073
NM_032028.4	2437	2209.29	0	0
NM_032029.5	1816	1588.29	0	0
NM_032034.4	3089	2861.29	0	0
NM_032036.3	451	235.213	840	160.716
NM_032037.4	1330	1102.29	25	1.02067
NM_032038.3	2205	1977.29	1474.51	33.5599
NM_032039.4	2909	2681.29	2677.18	44.9341
NM_032040.5	3236	3008.29	2791.14	41.7545
NM_032041.3	3476	3248.29	0	0
NM_032042.6	4684	4456.29	441.912	4.46277
NM_032043.3	8182	7954.29	635.733	3.59679
NM_032044.4	1224	996.293	0	0
NM_032045.5	2802	2574.29	4.24877	0.0742758
NM_032047.5	4108	3880.29	86.8678	1.00748
NM_032048.3	5944	5716.29	2133.12	16.7936
NM_032049.4	2455	2227.29	0	0
NM_032050.2	3757	3529.29	269.533	3.4369
NM_032051.2	3084	2856.29	179.039	2.82089
NM_032052.2	3830	3602.29	46.0292	0.575038
NM_032053.3	2713	2485.29	62.8641	1.13833
NM_032054.2	3622	3394.29	20.4045	0.270531
NM_032086.2	5755	5527.29	56.6512	0.461253
NM_032087.3	3259	3031.29	23.7875	0.353154
NM_032088.2	4782	4554.29	35.6821	0.352591
NM_032089.2	2722	2494.29	44.2131	0.797711
NM_032090.2	4465	4237.29	106.686	1.13308
NM_032091.2	3629	3401.29	271.301	3.58963
NM_032092.2	4232	4004.29	0	0
NM_032094.2	2716	2488.29	118.18	2.13739
NM_032095.1	2433	2205.29	0	0
NM_032096.1	2436	2208.29	0	0
NM_032097.3	2598	2370.29	40	0.759452
NM_032098.1	2412	2184.29	135.19	2.78533
NM_032099.1	2457	2229.29	123.022	2.48347
NM_032100.1	2463	2235.29	19.9825	0.402308
NM_032101.3	2760	2532.29	23.1193	0.410869
NM_032102.4	4307	4079.29	712.313	7.85829
NM_032103.3	13625	13397.3	0	0
NM_032104.3	13806	13578.3	0	0
NM_032107.5	3349	3121.29	0	0
NM_032108.4	3862	3634.29	17	0.210509
NM_032109.3	2694	2466.29	0	0
NM_032110.3	3080	2852.29	1	0.0157779
NM_032111.4	957	729.293	1115.61	68.8421
NM_032112.3	999	771.293	1293.16	75.453
NM_032115.4	1396	1168.29	0	0
NM_032116.5	7618	7390.29	1696.24	10.3292
NM_032117.4	929	701.293	287.891	18.4744
NM_032118.4	1147	919.293	566.21	27.7182
NM_032119.4	19557	19329.3	0	0
NM_032120.4	4667	4439.29	58.9684	0.597789
NM_032121.5	4035	3807.29	4516.44	53.3853
NM_032122.5	1383	1155.29	320.034	12.4665
NM_032123.7	2711	2483.29	0	0
NM_032124.5	2185	1957.29	642.54	14.7736
NM_032125.3	1596	1368.29	1232.55	40.5383
NM_032126.5	992	764.293	0	0
NM_032127.4	3406	3178.29	314.024	4.44642
NM_032128.5	1776	1548.29	3.95689	0.115012
NM_032129.3	3176	2948.29	0	0
NM_032130.3	2944	2716.29	0	0
NM_032131.6	3734	3506.29	0	0
NM_032132.5	1904	1676.29	0	0
NM_032133.6	3135	2907.29	0	0
NM_032134.3	5955	5727.29	0	0
NM_032135.4	3135	2907.29	0	0
NM_032136.5	2660	2432.29	0	0
NM_032137.5	3286	3058.29	0	0
NM_032138.7	4736	4508.29	243.286	2.42855
NM_032139.3	4432	4204.29	1992	21.3225
NM_032140.3	1565	1337.29	295.231	9.93523
NM_032141.4	2506	2278.29	2174.44	42.9516
NM_032142.4	7960	7732.29	565.218	3.28965
NM_032143.4	6712	6484.29	119.9	0.832143
NM_032144.3	3073	2845.29	5.04537	0.079801
NM_032145.5	9051	8823.29	1889.01	9.63486
NM_032146.5	4353	4125.29	44.9699	0.490579
NM_032147.5	4008	3780.29	0	0
NM_032148.6	5603	5375.29	0	0
NM_032149.3	1619	1391.29	0	0
NM_032151.5	2365	2137.29	268.122	5.64561
NM_032152.5	2195	1967.29	0	0
NM_032153.6	4014	3786.29	0	0
NM_032154.4	2011	1783.29	7.84353	0.197939
NM_032156.5	4962	4734.29	0	0
NM_032160.3	9266	9038.29	5444.14	27.1072
NM_032164.4	2163	1935.29	268.388	6.24105
NM_032166.4	4495	4267.29	51.194	0.539895
NM_032167.5	8173	7945.29	1594.64	9.03222
NM_032168.3	2647	2419.29	2299.02	42.7658
NM_032169.5	3231	3003.29	346.32	5.18947
NM_032171.3	2710	2482.29	86.7783	1.57326
NM_032172.3	5090	4862.29	738.734	6.83737
NM_032173.4	6470	6242.29	7.88724e-06	5.68622e-08
NM_032174.6	2790	2562.29	579.634	10.1805
NM_032175.4	5096	4868.29	1008.38	9.32158
NM_032177.4	3609	3381.29	3268.5	43.5019
NM_032178.3	4191	3963.29	809.473	9.19154
NM_032180.3	3609	3381.29	143.521	1.91018
NM_032181.3	1812	1584.29	13.4816	0.382957
NM_032182.4	2955	2727.29	1367	22.5568
NM_032184.2	5466	5238.29	0	0
NM_032186.5	1897	1669.29	114.322	3.08204
NM_032188.3	1495	1267.29	489.263	17.3743
NM_032189.4	9059	8831.29	378.265	1.92759
NM_032192.4	1815	1587.29	0	0
NM_032193.4	2645	2417.29	1140.36	21.2303
NM_032194.3	3671	3443.29	2018.86	26.386
NM_032195.3	7503	7275.29	1692.79	10.4712
NM_032199.3	7492	7264.29	721.266	4.46832
NM_032204.5	2790	2562.29	663.678	11.6566
NM_032206.5	6759	6531.29	269.707	1.85839
NM_032207.4	3346	3118.29	255.138	3.68214
NM_032208.3	5858	5630.29	12670.1	101.273
NM_032211.7	3597	3369.29	114.476	1.52904
NM_032213.5	2719	2491.29	60.9751	1.10146
NM_032214.4	2737	2509.29	0	0
NM_032217.5	10797	10569.3	1238.28	5.2725
NM_032219.4	1833	1605.29	59.4768	1.66738
NM_032221.5	10719	10491.3	1334.66	5.72509
NM_032222.3	2733	2505.29	128	2.29929
NM_032223.4	7102	6874.29	1332.49	8.72325
NM_032226.3	2584	2356.29	324.113	6.19027
NM_032227.4	5570	5342.29	94.9008	0.799437
NM_032228.6	5266	5038.29	5593.2	49.9597
NM_032229.3	4249	4021.29	1	0.0111912
NM_032230.3	2064	1836.29	63.2038	1.54897
NM_032231.7	919	691.293	973.739	63.3902
NM_032233.3	2856	2628.29	2923.51	50.058
NM_032236.8	4419	4191.29	758.492	8.14414
NM_032237.5	1868	1640.29	100.817	2.76602
NM_032239.4	2743	2515.29	97.3125	1.74109
NM_032242.4	9309	9081.29	9052.82	44.862
NM_032243.6	2795	2567.29	9	0.157765
NM_032246.6	3405	3177.29	121	1.71384
NM_032250.5	3895	3667.29	7.87921	0.0966895
NM_032251.6	4934	4706.29	25	0.239058
NM_032256.3	2775	2547.29	792.476	14.0007
NM_032257.5	1530	1302.29	7.57147	0.261646
NM_032258.5	2077	1849.29	1.66367	0.040486
NM_032259.4	3243	3015.29	518.038	7.73169
NM_032260.3	3304	3076.29	32.1264	0.469977
NM_032261.5	1153	925.293	499.914	24.3141
NM_032263.5	2232	2004.29	59.6119	1.33849
NM_032264.6	3767	3539.29	34.893	0.443675
NM_032265.2	2307	2079.29	0	0
NM_032266.5	16403	16175.3	102	0.283786
NM_032268.5	4626	4398.29	596.116	6.09943
NM_032269.6	3256	3028.29	0	0
NM_032270.5	7170	6942.29	2782.01	18.0343
NM_032271.3	3683	3455.29	4158.58	54.163
NM_032272.5	1715	1487.29	3240	98.0372
NM_032273.4	759	531.648	779.122	65.9514
NM_032276.5	4760	4532.29	420.408	4.17441
NM_032279.4	7372	7144.29	3.92527	0.0247259
NM_032280.3	1937	1709.29	141.934	3.73691
NM_032281.3	4721	4493.29	0	0
NM_032283.3	5045	4817.29	1254	11.7149
NM_032285.4	3037	2809.29	94.5498	1.51463
NM_032286.3	1101	873.293	1822	93.8924
NM_032287.3	5419	5191.29	3089	26.7784
NM_032288.7	6733	6505.29	3360.44	23.2472
NM_032289.4	4526	4298.29	1	0.01047
NM_032290.4	5583	5355.29	491.472	4.13007
NM_032291.4	10737	10509.3	0	0
NM_032292.6	5128	4900.29	103.399	0.949586
NM_032293.5	3552	3324.29	0	0
NM_032294.3	3572	3344.29	2080.86	28.0015
NM_032295.4	3028	2800.29	93.9906	1.51051
NM_032296.3	5040	4812.29	60.0071	0.561168
NM_032298.3	2815	2587.29	0	0
NM_032299.4	12675	12447.3	2250.7	8.13737
NM_032300.5	3098	2870.29	42.882	0.672343
NM_032301.3	1727	1499.29	300.044	9.00617
NM_032302.4	1428	1200.29	437.771	16.4135
NM_032303.5	3174	2946.29	2369.15	36.1876
NM_032304.4	1512	1284.29	38.8993	1.36307
NM_032305.3	1178	950.293	433.321	20.5208
NM_032306.4	970	742.293	770.063	46.6867
NM_032307.5	2468	2240.29	1075.18	21.5982
NM_032309.4	523	301.192	277.049	41.3959
NM_032310.5	857	629.427	449.019	32.1042
NM_032311.5	3362	3134.29	3642.94	52.3064
NM_032312.4	11955	11727.3	1687.51	6.47575
NM_032313.4	2218	1990.29	1000	22.6113
NM_032314.4	1506	1278.29	660.395	23.2496
NM_032315.3	3865	3637.29	535.624	6.62711
NM_032316.3	3227	2999.29	265.983	3.99096
NM_032317.3	2536	2308.29	643	12.5361
NM_032319.3	1090	862.293	685.855	35.7948
NM_032320.7	2439	2211.29	736.351	14.9858
NM_032321.3	4054	3826.29	216.196	2.54279
NM_032322.4	2054	1826.29	415.274	10.2331
NM_032323.3	2155	1927.29	0	0
NM_032324.3	6324	6096.29	338.868	2.50154
NM_032325.4	2887	2659.29	29.5105	0.499404
NM_032326.4	1787	1559.29	285.083	8.22784
NM_032327.4	1797	1569.29	767.218	22.0017
NM_032328.4	1418	1190.29	9.20107	0.347878
NM_032329.6	5197	4969.29	0	0
NM_032330.3	1004	776.293	4	0.231887
NM_032331.4	975	747.293	166	9.99676
NM_032332.4	1146	918.293	189.244	9.27436
NM_032333.5	5801	5573.29	83.026	0.670416
NM_032334.3	3672	3444.29	1308.48	17.0966
NM_032335.3	1236	1008.29	60.8139	2.7143
NM_032336.3	3770	3542.29	1398.14	17.7627
NM_032338.4	7728	7500.29	2339.63	14.0382
NM_032339.5	1397	1169.29	755.453	29.0755
NM_032340.4	1284	1056.29	793	33.7855
NM_032341.5	10667	10439.3	1868.14	8.05344
NM_032342.3	4225	3997.29	87	0.97948
NM_032343.3	1000	772.293	254.855	14.8509
NM_032344.4	1110	882.293	190.295	9.70634
NM_032345.3	1207	979.293	116.731	5.36435
NM_032346.2	1157	929.293	129	6.24711
NM_032347.3	2273	2045.29	56.1861	1.23628
NM_032348.4	2293	2065.29	14747.8	321.357
NM_032349.4	1466	1238.29	556.86	20.2379
NM_032350.5	1311	1083.29	891.21	37.0234
NM_032351.6	1553	1325.29	1273.75	43.2528
NM_032352.4	2637	2409.29	620.628	11.5927
NM_032353.4	1088	860.293	2080	108.808
NM_032354.5	2281	2053.29	2.79847e-08	6.13356e-10
NM_032355.4	2025	1797.29	443.158	11.0964
NM_032356.6	704	476.947	163.931	15.4679
NM_032357.4	1769	1541.29	501.141	14.6324
NM_032358.4	2300	2072.29	577.986	12.5519
NM_032359.4	4302	4074.29	1632.42	18.0311
NM_032360.4	1293	1065.29	1089.26	46.0155
NM_032361.4	1601	1373.29	2959.74	96.9914
NM_032364.6	3256	3028.29	1152.69	17.13
NM_032366.5	797	569.487	422.262	33.3688
NM_032367.4	6134	5906.29	85.5208	0.651627
NM_032368.5	4989	4761.29	591.959	5.59511
NM_032369.4	1685	1457.29	0	0
NM_032370.3	1197	969.293	275.443	12.7885
NM_032372.6	1863	1635.29	0	0
NM_032373.5	7149	6921.29	177.021	1.15101
NM_032375.5	2447	2219.29	1295.07	26.2615
NM_032376.4	1525	1297.29	632.738	21.9497
NM_032377.4	1010	782.293	1275.81	73.3936
NM_032378.7	2207	1979.29	82.171	1.86832
NM_032380.5	2993	2765.29	1126.48	18.3326
NM_032382.5	4629	4401.29	553.118	5.65561
NM_032383.5	4611	4383.29	1057.46	10.8568
NM_032385.5	2947	2719.29	53.3371	0.882705
NM_032387.5	4199	3971.29	754.863	8.55418
NM_032389.6	2773	2545.29	1431.74	25.3145
NM_032390.5	1686	1458.29	1972	60.856
NM_032391.3	382	177.405	0	0
NM_032402.2	2830	2602.29	51.985	0.89901
NM_032403.3	2358	2130.29	359.263	7.58954
NM_032404.3	2136	1908.29	0	0
NM_032405.2	1303	1075.29	0	0
NM_032406.1	2616	2388.29	10.0638	0.189634
NM_032407.1	2637	2409.29	0	0
NM_032408.4	6115	5887.29	1566.39	11.9736
NM_032409.3	2657	2429.29	3959.36	73.3478
NM_032410.4	14348	14120.3	4035.1	12.8604
NM_032411.3	753	525.701	0	0
NM_032412.4	790	562.487	471	37.6835
NM_032413.4	763	535.541	5	0.420165
NM_032414.3	1393	1165.29	0	0
NM_032415.7	4287	4059.29	4.84026	0.0536612
NM_032417.4	682	455.179	2	0.197738
NM_032420.5	4814	4586.29	0	0
NM_032421.3	5518	5290.29	3313.43	28.1865
NM_032423.3	3994	3766.29	194.103	2.31932
NM_032424.3	4103	3875.29	38.1737	0.443304
NM_032425.5	2286	2058.29	0	0
NM_032427.4	7121	6893.29	1487.13	9.70875
NM_032428.2	7311	7083.29	0	0
NM_032429.4	2881	2653.29	572.192	9.70508
NM_032430.2	3277	3049.29	122	1.80054
NM_032431.3	3035	2807.29	692.887	11.1075
NM_032432.5	3353	3125.29	0.0002677	3.85478e-06
NM_032433.4	4716	4488.29	205.03	2.05579
NM_032434.4	3531	3303.29	641.943	8.74564
NM_032435.3	5853	5625.29	8	0.0640011
NM_032436.4	3799	3571.29	1517.74	19.1255
NM_032437.4	2178	1950.29	171.85	3.96544
NM_032438.4	4206	3978.29	250.493	2.83362
NM_032439.4	3521	3293.29	0	0
NM_032440.4	10389	10161.3	289.223	1.28093
NM_032442.3	5207	4979.29	897.129	8.10829
NM_032444.4	7315	7087.29	839.329	5.32959
NM_032445.3	5924	5696.29	0	0
NM_032446.3	7657	7429.29	0	0
NM_032447.5	9108	8880.29	0	0
NM_032448.3	5155	4927.29	984.315	8.99017
NM_032449.3	5650	5422.29	243.521	2.02113
NM_032450.3	5349	5121.29	0.0168287	0.000147881
NM_032451.2	3268	3040.29	63.2547	0.936309
NM_032452.3	4391	4163.29	0	0
NM_032453.2	5186	4958.29	119.256	1.08241
NM_032454.1	1632	1404.29	50.9517	1.63284
NM_032457.4	8749	8521.29	321.557	1.69822
NM_032458.3	4760	4532.29	554.47	5.50557
NM_032459.3	2374	2146.29	617.946	12.957
NM_032461.4	466	248.539	0	0
NM_032463.3	1872	1644.29	0	0
NM_032464.3	1942	1714.29	14.4459	0.37923
NM_032466.4	3723	3495.29	1250.85	16.1051
NM_032467.4	3189	2961.29	24.006	0.364821
NM_032468.5	3583	3355.29	0	0
NM_032470.4	3127	2899.29	407.512	6.32543
NM_032471.6	1639	1411.29	0	0
NM_032472.4	1178	950.293	89.1626	4.22248
NM_032476.4	931	703.293	3538.48	226.424
NM_032477.3	582	357.279	1593	200.655
NM_032478.4	1358	1130.29	1402	55.8212
NM_032479.4	609	383.573	924.074	108.418
NM_032482.3	7652	7424.29	4401.02	26.6772
NM_032483.4	870	642.427	56.7122	3.97278
NM_032484.5	2408	2180.29	325.695	6.72262
NM_032485.6	7486	7258.29	1591.82	9.86968
NM_032486.4	10954	10726.3	2161.88	9.07037
NM_032487.5	1671	1443.29	171	5.33192
NM_032488.4	533	310.571	0	0
NM_032489.3	1905	1677.29	3	0.0804923
NM_032490.5	1125	897.293	472	23.6728
NM_032491.6	3345	3117.29	1	0.0144366
NM_032492.4	1637	1409.29	1057.66	33.7743
NM_032493.4	12859	12631.3	4473.34	15.9377
NM_032494.3	5892	5664.29	355.665	2.82577
NM_032495.6	1123	895.293	0	0
NM_032496.4	2599	2371.29	0	0
NM_032497.3	4675	4447.29	20.1573	0.203976
NM_032498.3	2848	2620.29	6.58779	0.113144
NM_032499.6	2633	2405.29	0	0
NM_032501.4	3632	3404.29	30.3307	0.400957
NM_032503.3	3520	3292.29	0	0
NM_032504.2	13719	13491.3	0.000651024	2.17163e-06
NM_032505.3	4680	4452.29	159.195	1.60912
NM_032506.4	3133	2905.29	0.587577	0.00910158
NM_032507.4	3080	2852.29	249.503	3.93662
NM_032508.4	2720	2492.29	397.198	7.17217
NM_032509.4	3561	3333.29	1897.66	25.6205
NM_032510.4	3836	3608.29	66.9121	0.834537
NM_032511.4	11528	11300.3	24.5886	0.0979232
NM_032512.5	3743	3515.29	7.30751	0.0935514
NM_032513.5	3102	2874.29	4.2135	0.0659712
NM_032514.4	964	736.293	306.992	18.7637
NM_032515.5	2626	2398.29	814.803	15.2895
NM_032517.6	806	578.487	0	0
NM_032518.4	2721	2493.29	0	0
NM_032520.5	1975	1747.29	1464.94	37.7308
NM_032521.3	4579	4351.29	5.96057	0.061647
NM_032522.5	31252	31024.3	65.943	0.0956553
NM_032523.4	10652	10424.3	0.337303	0.00145618
NM_032524.2	1100	872.293	0	0
NM_032525.3	1879	1651.29	21735.3	592.358
NM_032526.3	9068	8840.29	7.37276	0.0375323
NM_032527.5	1997	1769.29	136.744	3.47817
NM_032528.3	6859	6631.29	0	0
NM_032530.2	4863	4635.29	178.673	1.7347
NM_032531.4	3820	3592.29	205.282	2.57171
NM_032532.3	6548	6320.29	105.716	0.75274
NM_032534.4	4126	3898.29	50.5572	0.583648
NM_032536.4	4673	4445.29	13.4248	0.135909
NM_032538.3	7130	6902.29	0	0
NM_032539.5	8421	8193.29	0	0
NM_032545.4	1672	1444.29	0	0
NM_032546.4	2056	1828.29	0	0
NM_032547.3	5114	4886.29	0	0
NM_032548.4	1973	1745.29	92.4944	2.38501
NM_032549.4	2130	1902.29	0.00803282	0.000190035
NM_032550.4	3710	3482.29	0	0
NM_032551.5	1624	1396.29	1	0.0322304
NM_032552.4	5499	5271.29	212.682	1.81575
NM_032553.3	5494	5266.29	0	0
NM_032554.4	4769	4541.29	25.024	0.247982
NM_032556.6	1359	1131.29	0	0
NM_032557.6	7081	6853.29	951.649	6.24913
NM_032558.3	3402	3174.29	4151.71	58.8603
NM_032559.5	2267	2039.29	0	0
NM_032561.5	1942	1714.29	0	0
NM_032562.5	1564	1336.29	0	0
NM_032563.2	625	399.259	91	10.2572
NM_032564.5	2407	2179.29	482.137	9.95627
NM_032565.5	977	749.293	731.751	43.9495
NM_032566.3	554	330.174	0	0
NM_032567.4	1841	1613.29	0	0
NM_032569.4	3718	3490.29	2539.78	32.7474
NM_032571.5	2349	2121.29	0	0
NM_032572.4	1362	1134.29	0	0
NM_032574.4	828	600.427	71.0947	5.32867
NM_032575.3	3900	3672.29	1790.12	21.9375
NM_032578.4	5762	5534.29	0	0
NM_032579.3	701	473.947	0	0
NM_032580.4	1679	1451.29	2	0.0620179
NM_032581.4	13178	12950.3	0	0
NM_032582.4	6937	6709.29	2265.65	15.197
NM_032583.4	6094	5866.29	0	0
NM_032584.3	7984	7756.29	258.644	1.50069
NM_032587.4	4038	3810.29	673.897	7.95935
NM_032588.4	1770	1542.29	0	0
NM_032590.5	5315	5087.29	158.604	1.40304
NM_032591.3	9968	9740.29	9.29729e-08	4.29563e-10
NM_032592.4	2383	2155.29	97.7695	2.04145
NM_032593.3	649	422.846	317.959	33.8401
NM_032594.4	2891	2663.29	0	0
NM_032595.5	4212	3984.29	4938	55.7753
NM_032596.4	1129	901.293	2.99848	0.149719
NM_032597.5	2908	2680.29	0	0
NM_032598.5	1530	1302.29	0	0
NM_032599.4	1714	1486.29	0	0
NM_032600.3	1197	969.293	0	0
NM_032601.4	824	596.427	163.392	12.3286
NM_032602.2	1652	1424.29	0	0
NM_032603.5	3689	3461.29	3062.44	39.8173
NM_032604.4	1420	1192.29	1	0.037745
NM_032606.5	2403	2175.29	0	0
NM_032607.3	2588	2360.29	0	0
NM_032608.7	8534	8306.29	0	0
NM_032609.3	669	442.629	0	0
NM_032611.3	2849	2621.29	0	0
NM_032620.4	2566	2338.29	380.001	7.31354
NM_032621.4	843	615.427	1	0.0731249
NM_032622.3	3751	3523.29	28.7	0.366586
NM_032623.4	1224	996.293	10	0.451705
NM_032626.6	1784	1556.29	55.3979	1.60193
NM_032627.5	1725	1497.29	160.095	4.81186
NM_032630.3	953	725.293	1075.1	66.7082
NM_032631.4	2264	2036.29	730.941	16.1541
NM_032632.5	4515	4287.29	7894.94	82.872
NM_032634.4	4112	3884.29	6.82374	0.0790593
NM_032635.4	868	640.427	1607.09	112.931
NM_032636.8	1715	1487.29	233.498	7.06528
NM_032637.4	1403	1175.29	126.183	4.83166
NM_032638.5	3383	3155.29	13.8875	0.198073
NM_032639.4	2243	2015.29	0.561613	0.0125413
NM_032641.4	1203	975.293	65.2996	3.01313
NM_032642.3	2238	2010.29	474.089	10.6131
NM_032643.5	2757	2529.29	0	0
NM_032645.5	1445	1217.29	2	0.0739396
NM_032646.6	3433	3205.29	20.7993	0.292027
NM_032647.4	1107	879.293	0	0
NM_032648.3	947	719.293	64	4.0042
NM_032649.6	4342	4114.29	4.82482	0.052775
NM_032656.4	4559	4331.29	1752.08	18.2045
NM_032663.5	3749	3521.29	242.185	3.09519
NM_032664.3	3549	3321.29	139.604	1.89162
NM_032667.6	1520	1292.29	122.498	4.26589
NM_032673.3	907	679.293	531	35.1787
NM_032679.3	7308	7080.29	42.0534	0.267296
NM_032680.4	2198	1970.29	10.3946	0.23742
NM_032681.4	1629	1401.29	0	0
NM_032682.6	7088	6860.29	0.000407416	2.67262e-06
NM_032683.3	1578	1350.29	660.86	22.0254
NM_032687.4	1216	988.293	65.7475	2.99389
NM_032689.5	4327	4099.29	22.6226	0.248357
NM_032693.3	2031	1803.29	4	0.0998242
NM_032701.4	2286	2058.29	126.854	2.77358
NM_032704.5	2823	2595.29	13300.1	230.627
NM_032709.3	2023	1795.29	9.42848	0.236346
NM_032711.4	4967	4739.29	416.633	3.95624
NM_032714.3	1692	1464.29	1006.92	30.9465
NM_032717.5	2928	2700.29	170.905	2.8483
NM_032718.5	5293	5065.29	99.7797	0.886503
NM_032721.3	2025	1797.29	0	0
NM_032725.4	2192	1964.29	770.594	17.6547
NM_032726.4	3092	2864.29	29.9394	0.470401
NM_032727.4	3251	3023.29	37	0.550762
NM_032728.4	2065	1837.29	392.881	9.62333
NM_032730.5	2893	2665.29	215.251	3.63448
NM_032731.4	1917	1689.29	1365.2	36.3692
NM_032732.6	2364	2136.29	420.525	8.85877
NM_032735.3	3419	3191.29	0	0
NM_032737.4	4634	4406.29	20481	209.18
NM_032738.4	2088	1860.29	188.358	4.55665
NM_032740.4	3746	3518.29	0	0
NM_032741.5	2033	1805.29	67.7211	1.68818
NM_032744.4	1692	1464.29	652.734	20.0609
NM_032747.4	569	344.595	120.657	15.7574
NM_032750.3	1851	1623.29	182.51	5.0598
NM_032752.3	5315	5087.29	1128.55	9.98336
NM_032753.4	2162	1934.29	0	0
NM_032756.4	1816	1588.29	92	2.60675
NM_032758.4	1053	825.293	1391	75.851
NM_032765.4	3491	3263.29	277.623	3.82861
NM_032772.6	3205	2977.29	4274.43	64.6099
NM_032773.4	2277	2049.29	355.476	7.80636
NM_032775.4	2528	2300.29	553.31	10.825
NM_032776.3	8758	8530.29	122.959	0.648694
NM_032777.10	6944	6716.29	3574.08	23.9484
NM_032778.6	5318	5090.29	10.4647	0.0925183
NM_032779.4	4107	3879.29	88.8942	1.03125
NM_032780.4	2420	2192.29	6.18567	0.126979
NM_032781.4	3046	2818.29	0	0
NM_032782.5	2237	2009.29	3.91534	0.0876938
NM_032783.5	3440	3212.29	469.348	6.5754
NM_032784.5	4815	4587.29	1.27744	0.0125322
NM_032785.4	2989	2761.29	0	0
NM_032786.3	7121	6893.29	305.419	1.99394
NM_032787.3	3128	2900.29	0	0
NM_032788.3	6189	5961.29	106.354	0.80289
NM_032789.5	3505	3277.29	445.003	6.11068
NM_032790.4	2585	2357.29	1099.89	20.998
NM_032792.4	2400	2172.29	85.8623	1.7788
NM_032793.5	2129	1901.29	356.336	8.43437
NM_032795.3	2468	2240.29	869.484	17.4662
NM_032796.4	6153	5925.29	4137.3	31.4231
NM_032797.6	3134	2906.29	301.709	4.67187
NM_032799.5	1146	918.293	552.144	27.0591
NM_032800.3	3726	3498.29	1053.31	13.5501
NM_032801.5	3765	3537.29	4010.05	51.0177
NM_032802.4	7270	7042.29	2769.47	17.698
NM_032803.6	2239	2011.29	0	0
NM_032804.6	3760	3532.29	1764	22.4742
NM_032805.3	2716	2488.29	0	0
NM_032806.6	2547	2319.29	262	5.08379
NM_032807.5	3702	3474.29	83.8791	1.0865
NM_032808.7	3477	3249.29	6.43424	0.089115
NM_032809.4	3637	3409.29	0.000426878	5.63485e-06
NM_032810.4	4706	4478.29	449.646	4.51856
NM_032811.3	5144	4916.29	210.939	1.93091
NM_032812.9	12275	12047.3	55.3132	0.206625
NM_032813.5	3911	3683.29	581.959	7.11048
NM_032814.4	2391	2163.29	0	0
NM_032815.4	4564	4336.29	1896.5	19.6823
NM_032816.5	5673	5445.29	1468.61	12.1375
NM_032817.6	6083	5855.29	0	0
NM_032818.3	3678	3450.29	543.321	7.08668
NM_032819.5	3322	3094.29	93.9729	1.36673
NM_032822.3	1786	1558.29	2161.83	62.4332
NM_032823.6	2833	2605.29	0	0
NM_032824.3	5162	4934.29	2349.14	21.4253
NM_032825.5	8336	8108.29	0	0
NM_032826.5	6676	6448.29	2428.4	16.948
NM_032827.7	5658	5430.29	4909.78	40.6894
NM_032828.4	6885	6657.29	460.76	3.11473
NM_032829.3	3685	3457.29	11.68	0.152037
NM_032830.3	2188	1960.29	2682.08	61.5735
NM_032831.4	10638	10410.3	0	0
NM_032832.6	3634	3406.29	3081.03	40.7058
NM_032833.5	5259	5031.29	1743.78	15.5975
NM_032834.4	2913	2685.29	293.749	4.92297
NM_032836.3	2645	2417.29	341.078	6.3499
NM_032837.3	2813	2585.29	959.506	16.7024
NM_032838.4	5197	4969.29	0	0
NM_032839.3	3322	3094.29	330	4.79949
NM_032840.3	2902	2674.29	4438	74.6828
NM_032842.4	3455	3227.29	906.123	12.6355
NM_032843.5	3650	3422.29	509.369	6.69819
NM_032844.5	4129	3901.29	637.977	7.35933
NM_032846.4	2914	2686.29	621.583	10.4133
NM_032847.3	1310	1082.29	730.597	30.3791
NM_032848.3	1858	1630.29	791.031	21.8358
NM_032849.4	2294	2066.29	4602.25	100.235
NM_032850.5	2444	2216.29	95.5547	1.94029
NM_032852.4	2944	2716.29	298.876	4.95172
NM_032853.5	4117	3889.29	686.666	7.94543
NM_032854.4	2677	2449.29	2.73105	0.05018
NM_032855.4	2371	2143.29	0	0
NM_032856.5	5331	5103.29	126.905	1.11911
NM_032857.5	1911	1683.29	917.945	24.5414
NM_032858.3	1737	1509.29	0	0
NM_032859.3	5313	5085.29	896.754	7.93596
NM_032860.5	1853	1625.29	1793.57	49.6625
NM_032861.4	3936	3708.29	225.074	2.73145
NM_032862.5	5394	5166.29	641.477	5.58784
NM_032864.4	5233	5005.29	1872.24	16.8335
NM_032865.6	4087	3859.29	1.4221	0.0165831
NM_032866.5	7214	6986.29	69.9634	0.450678
NM_032868.6	1524	1296.29	36.8858	1.28056
NM_032869.4	3919	3691.29	1728.78	21.0767
NM_032870.4	5113	4885.29	0	0
NM_032871.4	3503	3275.29	0	0
NM_032872.3	1900	1672.29	0	0
NM_032873.5	6865	6637.29	2503.8	16.9766
NM_032875.3	10332	10104.3	320.546	1.42767
NM_032876.6	4168	3940.29	1004.52	11.4728
NM_032878.5	951	723.293	179.16	11.1473
NM_032880.5	1892	1664.29	0	0
NM_032881.3	860	632.427	928	66.0358
NM_032882.6	2238	2010.29	26	0.582045
NM_032883.3	2556	2328.29	0	0
NM_032884.5	2026	1798.29	2	0.0500509
NM_032885.6	1963	1735.29	179.787	4.6626
NM_032888.4	7813	7585.29	374.589	2.22242
NM_032889.5	1763	1535.29	1129.01	33.094
NM_032890.5	4974	4746.29	13.71	0.129994
NM_032892.5	5051	4823.29	178.523	1.66569
NM_032898.5	2158	1930.29	77.7792	1.81335
NM_032899.6	4639	4411.29	0	0
NM_032900.6	5438	5210.29	1359.75	11.7446
NM_032901.4	484	265.13	439.188	74.5475
NM_032902.7	2961	2733.29	9.35856	0.154087
NM_032905.5	3275	3047.29	3172.37	46.8503
NM_032906.5	1311	1083.29	1328.49	55.1893
NM_032907.5	1409	1181.29	602.987	22.9717
NM_032918.3	2264	2036.29	0	0
NM_032924.5	2797	2569.29	242.606	4.24942
NM_032926.3	1056	828.293	692.718	37.637
NM_032927.4	1748	1520.29	79.689	2.35892
NM_032928.4	839	611.427	655	48.2102
NM_032929.3	1379	1151.29	83.9479	3.28145
NM_032930.3	2193	1965.29	111.73	2.55849
NM_032932.6	8571	8343.29	0	0
NM_032933.6	2994	2766.29	19.0948	0.310641
NM_032935.3	270	98.4585	0	0
NM_032936.4	877	649.427	545	37.7666
NM_032940.3	1764	1536.29	2773	81.2303
NM_032941.3	3548	3320.29	1548.68	20.9908
NM_032943.5	4276	4048.29	48.6955	0.541326
NM_032944.4	3677	3449.29	0	0
NM_032947.5	1521	1293.29	5271.16	183.422
NM_032949.3	4797	4569.29	0	0
NM_032950.4	2525	2297.29	0	0
NM_032951.3	3252	3024.29	0	0
NM_032952.3	3195	2967.29	0	0
NM_032953.3	3246	3018.29	0	0
NM_032954.3	3189	2961.29	0	0
NM_032955.3	518	296.555	0	0
NM_032957.5	4517	4289.29	29.5448	0.309983
NM_032959.7	495	275.303	0	0
NM_032960.4	3091	2863.29	5452.54	85.699
NM_032961.3	8510	8282.29	8.22268	0.0446792
NM_032962.5	923	695.293	0	0
NM_032963.4	875	647.427	0	0
NM_032965.6	588	363.135	0	0
NM_032966.2	2896	2668.29	0	0
NM_032968.5	9022	8794.29	0	0
NM_032969.4	8359	8131.29	0	0
NM_032970.4	6340	6112.29	791.536	5.82786
NM_032971.3	4794	4566.29	0	0
NM_032972.3	5120	4892.29	0	0
NM_032973.2	9043	8815.29	0	0
NM_032974.5	2064	1836.29	0	0
NM_032975.4	6500	6272.29	0	0
NM_032976.4	5576	5348.29	0	0
NM_032977.4	5668	5440.29	12.0678	0.0998269
NM_032978.7	4504	4276.29	0	0
NM_032979.5	4522	4294.29	0	0
NM_032980.4	5631	5403.29	0	0
NM_032981.5	3575	3347.29	0	0
NM_032982.4	4089	3861.29	1573.11	18.3345
NM_032983.4	3871	3643.29	0	0
NM_032985.6	3044	2816.29	1344.09	21.4779
NM_032986.5	3115	2887.29	83.2438	1.29749
NM_032989.3	929	701.293	870.314	55.8494
NM_032991.3	2478	2250.29	1873.76	37.4729
NM_032992.3	1367	1139.29	3.81392	0.150653
NM_032993.2	1021	793.293	45.7576	2.5958
NM_032996.3	2869	2641.29	19.892	0.338925
NM_032997.3	1830	1602.29	897.955	25.2206
NM_032998.3	2344	2116.29	815.679	17.3454
NM_032999.4	4515	4287.29	202.491	2.12552
NM_033000.4	4455	4227.29	2914.09	31.023
NM_033001.4	4452	4224.29	202.953	2.16214
NM_033004.4	5610	5382.29	192.647	1.61078
NM_033006.4	5520	5292.29	79.1072	0.672689
NM_033007.4	5388	5160.29	80.5606	0.702572
NM_033008.3	2008	1780.29	788.4	19.9295
NM_033010.2	1982	1754.29	0	0
NM_033011.4	2924	2696.29	418.644	6.98747
NM_033012.4	2359	2131.29	4	0.0844616
NM_033013.3	2691	2463.29	0	0
NM_033014.4	3689	3461.29	7.77006	0.101025
NM_033015.4	1371	1143.29	87.2731	3.4353
NM_033016.3	2701	2473.29	0	0
NM_033017.4	3392	3164.29	43.8391	0.623486
NM_033018.4	3088	2860.29	525.233	8.26388
NM_033020.3	8318	8090.29	545.202	3.03274
NM_033022.4	534	311.445	16521.2	2387.27
NM_033023.5	2742	2514.29	39.2543	0.702608
NM_033025.6	3252	3024.29	3567.54	53.087
NM_033026.6	20284	20056.3	0	0
NM_033027.4	3164	2936.29	820.404	12.5739
NM_033028.5	2467	2239.29	581.745	11.6913
NM_033029.4	7026	6798.29	88.5264	0.586024
NM_033030.6	2796	2568.29	0	0
NM_033031.3	4697	4469.29	9.51675e-07	9.58279e-09
NM_033032.3	733	505.753	1.71453	0.152563
NM_033033.4	2644	2416.29	0	0
NM_033034.3	3364	3136.29	425.562	6.10645
NM_033035.5	2610	2382.29	0	0
NM_033036.3	3301	3073.29	0	0
NM_033043.2	877	649.427	59.1865	4.10142
NM_033045.4	2092	1864.29	0	0
NM_033046.2	2638	2410.29	157.575	2.94211
NM_033048.6	1626	1398.29	0	0
NM_033049.4	2879	2651.29	9	0.152766
NM_033050.6	4181	3953.29	1	0.0113837
NM_033051.4	2465	2237.29	1.28844	0.0259169
NM_033053.3	1363	1135.29	0	0
NM_033054.3	3188	2960.29	0	0
NM_033055.3	2779	2551.29	1743.48	30.7538
NM_033056.4	6962	6734.29	0	0
NM_033057.2	1212	984.293	0	0
NM_033058.3	2767	2539.29	0	0
NM_033059.4	1193	965.293	0	0
NM_033060.3	755	527.701	0	0
NM_033061.4	995	767.293	0	0
NM_033062.4	776	548.487	0	0
NM_033063.2	3252	3024.29	107.311	1.59684
NM_033064.5	4971	4743.29	0	0
NM_033066.3	2408	2180.29	26.0756	0.538222
NM_033067.3	1910	1682.29	0	0
NM_033068.3	1342	1114.29	6	0.242323
NM_033070.3	1799	1571.29	766.727	21.9597
NM_033071.5	27475	27247.3	0	0
NM_033081.3	8521	8293.29	2510.66	13.624
NM_033082.4	898	670.361	1946.82	130.695
NM_033083.7	4447	4219.29	1124.32	11.992
NM_033084.6	4879	4651.29	114.227	1.1052
NM_033085.3	1072	844.293	0	0
NM_033086.3	3317	3089.29	0	0
NM_033087.4	2808	2580.29	1465.58	25.5612
NM_033088.4	3257	3029.29	1478.54	21.9652
NM_033089.7	2752	2524.29	853	15.2073
NM_033090.3	2386	2158.29	0	0
NM_033091.3	3314	3086.29	1259.6	18.3669
NM_033092.4	3591	3363.29	26.8965	0.359892
NM_033093.4	1961	1733.29	2.31168	0.0600204
NM_033100.4	6877	6649.29	0	0
NM_033101.4	1699	1471.29	0	0
NM_033102.3	3391	3163.29	277	3.94078
NM_033103.5	3501	3273.29	133.061	1.82939
NM_033105.6	2108	1880.29	0	0
NM_033106.4	950	722.293	0	0
NM_033107.4	7489	7261.29	903.656	5.60056
NM_033108.3	1395	1167.29	0	0
NM_033109.5	4549	4321.29	1163.13	12.1131
NM_033110.3	2662	2434.29	0	0
NM_033111.5	2786	2558.29	5.37393	0.0945331
NM_033112.4	1183	955.293	2860.79	134.77
NM_033113.3	3562	3334.29	453	6.11416
NM_033114.4	1808	1580.29	1405.9	40.0368
NM_033115.5	7772	7544.29	11.0906	0.0661577
NM_033116.6	8278	8050.29	2891.83	16.166
NM_033117.4	4977	4749.29	1562.53	14.8062
NM_033118.4	2799	2571.29	40	0.700085
NM_033119.5	17039	16811.3	27	0.0722778
NM_033120.4	2182	1954.29	11.559	0.266178
NM_033121.2	4241	4013.29	5332.56	59.7966
NM_033122.4	1517	1289.29	0	0
NM_033123.4	2105	1877.29	0	0
NM_033124.5	1792	1564.29	0	0
NM_033125.4	1959	1731.29	0	0
NM_033126.3	2557	2329.29	0	0
NM_033127.4	4486	4258.29	0	0
NM_033128.3	2586	2358.29	7.92465	0.151225
NM_033129.4	3200	2972.29	0	0
NM_033130.5	3234	3006.29	0	0
NM_033131.4	2996	2768.29	0	0
NM_033132.5	4497	4269.29	0	0
NM_033133.5	5172	4944.29	3852.15	35.0624
NM_033135.4	3820	3592.29	26.6969	0.33445
NM_033136.4	3644	3416.29	0	0
NM_033137.4	3616	3388.29	6.04518	0.0802917
NM_033138.4	5011	4783.29	374.198	3.5206
NM_033139.4	4224	3996.29	1432.7	16.134
NM_033140.4	4146	3918.29	2616.98	30.057
NM_033141.4	11553	11325.3	0	0
NM_033142.2	1948	1720.29	0	0
NM_033143.2	5295	5067.29	1881.73	16.7118
NM_033147.4	2327	2099.29	3.5801e-05	7.67475e-07
NM_033148.4	2237	2009.29	0	0
NM_033150.3	4852	4624.29	0.0459749	0.000447422
NM_033151.4	6000	5772.29	0	0
NM_033157.4	4321	4093.29	65.2937	0.717862
NM_033158.5	2290	2062.29	1092.38	23.8377
NM_033159.4	2031	1803.29	16.7694	0.418497
NM_033160.7	4016	3788.29	59.0557	0.701553
NM_033161.4	2930	2702.29	25063.8	417.404
NM_033163.5	1169	941.293	0	0
NM_033164.4	1114	886.293	0	0
NM_033165.5	1049	821.293	0	0
NM_033167.3	3414	3186.29	20.7385	0.29291
NM_033168.3	3200	2972.29	16.1278	0.244189
NM_033169.3	3474	3246.29	108.618	1.50576
NM_033170.3	12872	12644.3	2.45497e-05	8.73764e-08
NM_033171.3	13114	12886.3	0	0
NM_033172.3	12954	12726.3	0	0
NM_033176.2	1738	1510.29	0	0
NM_033177.4	2365	2137.29	9.43707e-06	1.98708e-07
NM_033179.2	933	705.293	0	0
NM_033180.5	939	711.293	0	0
NM_033181.4	5375	5147.29	0.884177	0.00773041
NM_033182.7	2928	2700.29	24.6852	0.411404
NM_033183.3	887	659.427	89.2015	6.08762
NM_033184.4	764	536.541	0	0
NM_033185.3	735	507.753	0	0
NM_033187.2	991	763.293	0	0
NM_033188.4	902	674.361	0	0
NM_033191.3	967	739.293	0	0
NM_033194.3	549	325.637	0	0
NM_033195.3	1746	1518.29	5	0.148203
NM_033196.3	3244	3016.29	58.0376	0.865921
NM_033197.3	1641	1413.29	3	0.0955281
NM_033198.4	2529	2301.29	2216	43.3351
NM_033199.4	1498	1270.29	67.4425	2.38931
NM_033200.3	2593	2365.29	7701.6	146.534
NM_033201.3	2111	1883.29	2061.13	49.2527
NM_033204.4	4642	4414.29	247.786	2.52615
NM_033207.5	3252	3024.29	0	0
NM_033208.4	3421	3193.29	242.585	3.41875
NM_033210.5	3256	3028.29	0	0
NM_033211.4	2988	2760.29	1865.1	30.4082
NM_033212.4	2432	2204.29	388	7.92145
NM_033213.5	4197	3969.29	117.483	1.332
NM_033214.3	1868	1640.29	0	0
NM_033215.5	3477	3249.29	19.4977	0.270045
NM_033219.3	1505	1277.29	0	0
NM_033222.5	3342	3114.29	1502.86	21.7171
NM_033223.5	10862	10634.3	6.99392	0.0295974
NM_033224.5	9232	9004.29	5471.02	27.3439
NM_033225.6	14417	14189.3	0	0
NM_033226.3	7385	7157.29	0	0
NM_033227.3	2378	2150.29	12.7516	0.266877
NM_033228.3	2349	2121.29	1.51125	0.0320612
NM_033229.3	1881	1653.29	0	0
NM_033238.3	5565	5337.29	854.808	7.20758
NM_033239.3	3030	2802.29	372.498	5.98209
NM_033240.3	3671	3443.29	578.624	7.56249
NM_033244.4	3038	2810.29	130.819	2.09489
NM_033246.3	1754	1526.29	0	0
NM_033247.3	1739	1511.29	0	0
NM_033249.3	2013	1785.29	266.119	6.70825
NM_033250.3	2886	2658.29	337.264	5.70964
NM_033251.2	4672	4444.29	498.278	5.04558
NM_033253.4	2679	2451.29	0	0
NM_033254.4	4571	4343.29	131.43	1.36181
NM_033255.5	3106	2878.29	778.543	12.1728
NM_033256.3	560	336.006	166	22.2333
NM_033257.4	1172	944.293	981.63	46.7825
NM_033258.2	435	221.33	0	0
NM_033259.3	1452	1224.29	21	0.771927
NM_033260.4	2661	2433.29	315	5.82584
NM_033261.3	1356	1128.29	1.11967	0.0446593
NM_033262.5	5145	4917.29	0	0
NM_033266.4	3337	3109.29	0	0
NM_033267.5	3079	2851.29	764.22	12.062
NM_033271.3	1996	1768.29	1278.91	32.5482
NM_033272.4	4262	4034.29	0	0
NM_033273.3	4010	3782.29	0	0
NM_033274.5	6481	6253.29	6698.45	48.2067
NM_033276.4	3134	2906.29	176.17	2.72794
NM_033277.2	552	328.307	0	0
NM_033278.4	2838	2610.29	1036.16	17.864
NM_033280.4	791	563.487	486.445	38.8501
NM_033281.6	1315	1087.29	639	26.4482
NM_033282.4	2383	2155.29	0	0
NM_033284.2	2396	2168.29	0	0
NM_033285.4	5605	5377.29	150.384	1.25857
NM_033286.4	1757	1529.29	4004.61	117.845
NM_033288.4	4207	3979.29	267.683	3.02731
NM_033289.2	6300	6072.29	0	0
NM_033290.4	6248	6020.29	19.1569	0.143202
NM_033292.4	1436	1208.29	0	0
NM_033293.4	1157	929.293	0	0
NM_033294.4	1013	785.293	0	0
NM_033295.4	488	268.748	0	0
NM_033296.3	1574	1346.29	9463.96	316.356
NM_033300.4	7194	6966.29	133.416	0.861881
NM_033301.3	966	738.293	1510.97	92.1018
NM_033302.3	4920	4692.29	0	0
NM_033303.4	2554	2326.29	0	0
NM_033304.3	2251	2023.29	0	0
NM_033305.3	15227	14999.3	890.759	2.67259
NM_033306.3	1395	1167.29	19.6768	0.758605
NM_033309.3	2702	2474.29	2165.92	39.3943
NM_033310.3	1829	1601.29	0	0
NM_033312.3	2402	2174.29	28.7554	0.595173
NM_033313.3	2505	2277.29	0	0
NM_033315.4	3215	2987.29	113.147	1.70454
NM_033316.4	1676	1448.29	288.724	8.97157
NM_033317.5	1924	1696.29	13.9408	0.369852
NM_033318.5	1562	1334.29	187.332	6.31833
NM_033319.4	2780	2552.29	453.858	8.00261
NM_033326.3	8865	8637.29	0.999594	0.00520821
NM_033328.3	1070	842.293	0	0
NM_033329.2	1868	1640.29	0	0
NM_033331.4	5602	5374.29	152.259	1.27498
NM_033334.4	7065	6837.29	0.380066	0.00250159
NM_033337.3	1422	1194.29	0	0
NM_033338.6	2451	2223.29	47.4455	0.960375
NM_033339.5	2418	2190.29	0	0
NM_033340.4	2399	2171.29	0	0
NM_033342.4	1131	903.293	12.6037	0.627933
NM_033343.4	5844	5616.29	0	0
NM_033345.4	5858	5630.29	0	0
NM_033347.2	1121	893.293	0	0
NM_033348.2	1195	967.293	3	0.139574
NM_033355.4	2744	2516.29	0	0
NM_033356.4	2614	2386.29	2.9889	0.0563677
NM_033360.4	5430	5202.29	190.466	1.64765
NM_033362.4	959	731.293	880.941	54.2123
NM_033363.1	991	763.293	316.775	18.6768
NM_033364.4	4433	4205.29	0	0
NM_033375.5	4737	4509.29	5801.9	57.9034
NM_033377.2	693	466.041	1.94967	0.188269
NM_033378.2	715	487.852	0	0
NM_033379.5	1718	1490.29	67.5575	2.04006
NM_033380.3	6531	6303.29	0	0
NM_033382.3	1752	1524.29	230.174	6.79562
NM_033386.4	4710	4482.29	4436.46	44.5429
NM_033387.4	3927	3699.29	0	0
NM_033388.2	2140	1912.29	0	0
NM_033389.3	9224	8996.29	0	0
NM_033390.2	8776	8548.29	370	1.94789
NM_033393.3	6593	6365.29	0	0
NM_033394.3	7501	7273.29	626.519	3.87655
NM_033395.2	8014	7786.29	19.5015	0.112714
NM_033396.3	5820	5592.29	3383.93	27.2316
NM_033397.4	6805	6577.29	0	0
NM_033400.3	9296	9068.29	0	0
NM_033401.5	6263	6035.29	0	0
NM_033402.5	3726	3498.29	107.216	1.37925
NM_033403.1	5344	5116.29	0.000313342	2.75616e-06
NM_033405.3	7507	7279.29	118.637	0.733455
NM_033406.4	7448	7220.29	310.228	1.93361
NM_033407.4	7140	6912.29	82.6603	0.538167
NM_033408.4	877	649.427	13.873	0.96135
NM_033409.4	2611	2383.29	0	0
NM_033410.4	2849	2621.29	70.1291	1.204
NM_033411.5	3769	3541.29	81.1827	1.03168
NM_033412.4	1171	943.293	305.137	14.5576
NM_033413.4	1885	1657.29	33	0.896101
NM_033414.3	1707	1479.29	1204	36.6281
NM_033415.4	2353	2125.29	656.608	13.9037
NM_033416.3	2411	2183.29	1894.46	39.0496
NM_033417.2	1407	1179.29	822.214	31.3766
NM_033418.4	1462	1234.29	161.903	5.9031
NM_033419.5	2687	2459.29	332.217	6.0793
NM_033420.4	2587	2359.29	63.5056	1.21136
NM_033421.4	3206	2978.29	800.81	12.1005
NM_033423.5	936	708.293	0	0
NM_033425.5	5463	5235.29	1108.31	9.52715
NM_033426.3	4325	4097.29	446.962	4.90926
NM_033427.3	5904	5676.29	0	0
NM_033428.3	2456	2228.29	768.176	15.5142
NM_033429.3	3857	3629.29	54.5454	0.676361
NM_033430.3	7262	7034.29	38.5789	0.246815
NM_033437.4	6720	6492.29	3.41147	0.0236475
NM_033438.4	1139	911.293	0	0
NM_033439.4	2685	2457.29	3764.07	68.9355
NM_033440.3	916	688.293	0	0
NM_033445.3	510	289.15	50.024	7.78571
NM_033446.3	4838	4610.29	319.699	3.12073
NM_033448.3	2263	2035.29	0	0
NM_033449.3	4319	4091.29	0	0
NM_033450.3	5090	4862.29	129.642	1.1999
NM_033452.3	2269	2041.29	205.85	4.53824
NM_033453.4	1037	809.293	654.678	36.4052
NM_033455.2	1294	1066.29	0	0
NM_033467.4	2879	2651.29	0	0
NM_033468.4	3879	3651.29	51.6637	0.636768
NM_033480.3	4743	4515.29	2221.9	22.1453
NM_033481.3	4565	4337.29	11.6182	0.120548
NM_033482.4	3897	3669.29	0	0
NM_033484.3	1704	1476.29	23.048	0.702592
NM_033486.3	2992	2764.29	1337.52	21.775
NM_033487.3	2732	2504.29	190.503	3.42342
NM_033489.3	3039	2811.29	520.022	8.32449
NM_033490.3	2855	2627.29	133.502	2.28676
NM_033495.4	3959	3731.29	0	0
NM_033496.3	3684	3456.29	13.1397	0.171087
NM_033497.3	3812	3584.29	0	0
NM_033498.3	3866	3638.29	0	0
NM_033500.2	3979	3751.29	26.6962	0.320266
NM_033502.4	7759	7531.29	62.2083	0.371724
NM_033503.4	4728	4500.29	0	0
NM_033504.4	1030	802.293	389.943	21.8731
NM_033505.4	8066	7838.29	2509.17	14.4062
NM_033506.3	2259	2031.29	1.6848	0.0373266
NM_033507.3	2424	2196.29	0	0
NM_033508.3	2548	2320.29	0	0
NM_033510.3	12612	12384.3	31.8691	0.115808
NM_033512.3	4441	4213.29	781	8.34203
NM_033513.3	1114	886.293	429.452	21.8062
NM_033514.5	960	732.293	42.1683	2.59145
NM_033515.3	4414	4186.29	4282	46.0319
NM_033516.6	2546	2318.29	0	0
NM_033518.4	1990	1762.29	493.211	12.595
NM_033520.3	374	171.054	5.99371	1.5769
NM_033529.4	2954	2726.29	219.05	3.61587
NM_033540.3	5212	4984.29	2456.32	22.178
NM_033542.4	2728	2500.29	855.014	15.3895
NM_033543.6	1369	1141.29	0	0
NM_033544.3	2759	2531.29	120.56	2.1434
NM_033546.4	1163	935.293	9993.66	480.86
NM_033547.4	3146	2918.29	1004.11	15.4843
NM_033549.5	3645	3417.29	1310.52	17.2585
NM_033550.4	3180	2952.29	1029.22	15.6888
NM_033551.3	7181	6953.29	7252.07	46.9368
NM_033553.3	597	371.913	0	0
NM_033554.4	1653	1425.29	2.00811e-08	6.34053e-10
NM_033624.3	5997	5769.29	501.648	3.91308
NM_033625.4	1005	777.293	4.06494e-07	2.35349e-08
NM_033626.3	4023	3795.29	6.21264e-05	7.36671e-07
NM_033629.6	1096	868.293	87.9875	4.56033
NM_033630.3	771	543.487	787.778	65.2314
NM_033631.5	8866	8638.29	153.428	0.799319
NM_033632.3	3927	3699.29	360.915	4.39065
NM_033637.4	6024	5796.29	346.181	2.68779
NM_033641.4	6685	6457.29	0	0
NM_033642.3	18786	18558.3	0	0
NM_033643.3	607	381.611	7850.37	925.788
NM_033644.3	4304	4076.29	718.44	7.93172
NM_033645.3	4241	4013.29	1268.68	14.2264
NM_033646.4	12126	11898.3	0	0
NM_033647.5	3673	3445.29	57	0.744545
NM_033655.5	13150	12922.3	0	0
NM_033656.4	17728	17500.3	1205.18	3.09921
NM_033657.2	2134	1906.29	632.433	14.9303
NM_033661.5	1479	1251.29	229.782	8.26415
NM_033663.6	2671	2443.29	0	0
NM_033668.2	3739	3511.29	383.85	4.91968
NM_033670.4	1205	977.293	0	0
NM_044472.3	1435	1207.29	3161.35	117.843
NM_048368.4	5703	5475.29	43.0079	0.353495
NM_052811.4	6805	6577.29	334.037	2.28554
NM_052813.5	2111	1883.29	36.8061	0.879516
NM_052814.4	1802	1574.29	0	0
NM_052817.3	7243	7015.29	284.838	1.82724
NM_052818.3	2999	2771.29	0.161846	0.00262823
NM_052819.3	1633	1405.29	0	0
NM_052820.4	5456	5228.29	93.6843	0.806397
NM_052821.4	3196	2968.29	30.4955	0.462351
NM_052827.4	2138	1910.29	143.21	3.37377
NM_052828.3	3286	3058.29	1	0.0147151
NM_052831.3	2452	2224.29	197.628	3.99851
NM_052832.4	5237	5009.29	0	0
NM_052834.3	7196	6968.29	1121.34	7.24193
NM_052836.4	2698	2470.29	6.18339	0.112647
NM_052837.3	1467	1239.29	490.63	17.8165
NM_052838.6	1555	1327.29	0	0
NM_052839.4	3052	2824.29	95.621	1.52365
NM_052840.5	3373	3145.29	0	0
NM_052841.4	1026	798.293	39	2.19859
NM_052843.4	20518	20290.3	26.0142	0.0576984
NM_052844.4	1823	1595.29	2079.5	58.6626
NM_052845.4	4090	3862.29	160.856	1.87428
NM_052846.2	3791	3563.29	1.1464	0.0144786
NM_052847.3	4193	3965.29	19.0087	0.215734
NM_052848.3	3329	3101.29	798.215	11.583
NM_052849.5	1694	1466.29	0	0
NM_052850.4	1769	1541.29	3179.05	92.8228
NM_052851.3	5835	5607.29	26.5615	0.213178
NM_052852.4	3895	3667.29	557.966	6.84706
NM_052853.4	2574	2346.29	353.553	6.78133
NM_052854.4	2673	2445.29	8049.15	148.136
NM_052855.4	4166	3938.29	4391.52	50.1821
NM_052857.4	2238	2010.29	586	13.1184
NM_052858.6	2914	2686.29	6	0.100517
NM_052859.4	5081	4853.29	723.205	6.70606
NM_052860.4	3258	3030.29	387.693	5.75765
NM_052862.4	5443	5215.29	8	0.0690325
NM_052863.3	478	259.941	0	0
NM_052864.3	4163	3935.29	329	3.76237
NM_052865.4	2231	2003.29	917.909	20.6204
NM_052866.5	1811	1583.29	398.453	11.3255
NM_052867.4	6971	6743.29	22.2071	0.148205
NM_052868.6	2270	2042.29	326.388	7.19214
NM_052869.1	3278	3050.29	2.2007	0.0324684
NM_052870.4	3288	3060.29	6.35557	0.0934618
NM_052872.4	813	585.487	0	0
NM_052873.3	831	603.427	16.6025	1.2382
NM_052874.5	4674	4446.29	120.005	1.21463
NM_052875.5	3661	3433.29	2578.6	33.7999
NM_052876.4	4524	4296.29	5081.56	53.2287
NM_052877.5	1475	1247.29	95.6044	3.44946
NM_052879.5	6441	6213.29	1756.02	12.7189
NM_052880.5	2420	2192.29	182.652	3.74945
NM_052882.1	2627	2399.29	0	0
NM_052883.3	2921	2693.29	323.062	5.39814
NM_052884.3	3173	2945.29	0	0
NM_052885.4	7221	6993.29	635.15	4.0873
NM_052886.3	2826	2598.29	0	0
NM_052888.3	3042	2814.29	7.59212	0.121405
NM_052889.4	532	309.634	18	2.61617
NM_052890.4	1879	1651.29	0	0
NM_052891.3	2217	1989.29	0	0
NM_052892.5	7664	7436.29	0	0
NM_052893.2	8730	8502.29	162.413	0.859663
NM_052896.5	13119	12891.3	0	0
NM_052897.4	4202	3974.29	1193.07	13.5098
NM_052898.2	20241	20013.3	1.01351	0.00227903
NM_052899.3	4234	4006.29	964	10.8287
NM_052900.3	12545	12317.3	0	0
NM_052901.5	3271	3043.29	132.484	1.95912
NM_052902.4	3618	3390.29	527.37	7.00036
NM_052903.6	3744	3516.29	1051.32	13.4553
NM_052904.4	3698	3470.29	0	0
NM_052905.4	5630	5402.29	1.29249e-08	1.0767e-10
NM_052906.5	8370	8142.29	3333.63	18.4252
NM_052907.3	10912	10684.3	0	0
NM_052909.5	12591	12363.3	68	0.247524
NM_052910.2	5196	4968.29	0	0
NM_052911.3	4488	4260.29	432.781	4.57163
NM_052913.3	5476	5248.29	2.05232	0.0175983
NM_052916.3	5054	4826.29	0	0
NM_052917.4	5657	5429.29	8.70728	0.0721741
NM_052918.5	7444	7216.29	0	0
NM_052920.2	5325	5097.29	952.805	8.41214
NM_052923.2	5935	5707.29	0	0
NM_052924.3	3695	3467.29	0	0
NM_052925.4	3658	3430.29	2.71237e-05	3.55844e-07
NM_052926.3	3196	2968.29	0	0
NM_052927.4	4018	3790.29	142.461	1.69148
NM_052928.3	4405	4177.29	459.604	4.95144
NM_052929.2	5138	4910.29	0	0
NM_052931.5	2730	2502.29	0	0
NM_052932.3	3304	3076.29	6295	92.0895
NM_052933.4	1633	1405.29	1	0.032024
NM_052934.4	4791	4563.29	0	0
NM_052935.5	1408	1180.29	117.598	4.48387
NM_052936.5	2205	1977.29	438.238	9.97426
NM_052937.4	4044	3816.29	981.015	11.5685
NM_052938.5	3069	2841.29	0	0
NM_052939.4	4638	4410.29	0	0
NM_052940.5	1730	1502.29	477.288	14.2978
NM_052941.5	6141	5913.29	20.6992	0.157531
NM_052942.5	6812	6584.29	35.6247	0.243492
NM_052943.4	2382	2154.29	307	6.41322
NM_052945.4	3923	3695.29	18.307	0.222952
NM_052946.4	1989	1761.29	0	0
NM_052947.4	7437	7209.29	4577	28.5713
NM_052948.4	3869	3641.29	19.3805	0.239526
NM_052950.4	9369	9141.29	0.000108909	5.36163e-07
NM_052951.3	1264	1036.29	1152.89	50.0666
NM_052953.4	1730	1502.29	0	0
NM_052954.5	3096	2868.29	0	0
NM_052955.3	2322	2094.29	0	0
NM_052956.3	2053	1825.29	0	0
NM_052957.5	2765	2537.29	76	1.34799
NM_052958.4	2452	2224.29	6.84678	0.138528
NM_052959.3	1729	1501.29	0	0
NM_052960.3	625	399.259	1.65309	0.186331
NM_052961.4	3437	3209.29	0	0
NM_052962.3	2893	2665.29	0	0
NM_052963.3	1942	1714.29	373.178	9.79656
NM_052964.4	5502	5274.29	1.05769	0.00902479
NM_052965.4	1907	1679.29	977.798	26.2038
NM_052966.4	6884	6656.29	4018.45	27.1687
NM_052967.2	1260	1032.29	0	0
NM_052968.5	1935	1707.29	0	0
NM_052969.3	729	501.753	847.071	75.9753
NM_052970.5	3133	2905.29	0	0
NM_052971.3	861	633.427	8.00452	0.568697
NM_052972.3	2605	2377.29	9.21519	0.174447
NM_052978.5	3755	3527.29	1.79131	0.0228545
NM_052985.4	4228	4000.29	15.4317	0.173605
NM_052987.4	1595	1367.29	0	0
NM_052988.5	1767	1539.29	145.484	4.2534
NM_052989.3	4075	3847.29	0.027548	0.000322239
NM_052990.3	3745	3517.29	59.1568	0.7569
NM_052995.2	1444	1216.29	0	0
NM_052997.3	4664	4436.29	0	0
NM_052998.4	5240	5012.29	0	0
NM_052999.4	1070	842.293	43.2349	2.31001
NM_053001.4	1752	1524.29	232.107	6.85271
NM_053002.6	10689	10461.3	0	0
NM_053003.4	2269	2041.29	0	0
NM_053004.3	6642	6414.29	414.238	2.90632
NM_053005.5	1558	1330.29	613.049	20.7391
NM_053006.5	1315	1087.29	0	0
NM_053013.4	1453	1225.29	0	0
NM_053016.6	9578	9350.29	158.149	0.761171
NM_053017.5	1232	1004.29	0	0
NM_053023.5	5776	5548.29	6297.2	51.0776
NM_053024.4	2047	1819.29	1164.81	28.8134
NM_053025.4	10113	9885.29	15.4944	0.0705385
NM_053026.4	9906	9678.29	1412.27	6.56691
NM_053027.4	9960	9732.29	0	0
NM_053028.4	9753	9525.29	0	0
NM_053031.4	4772	4544.29	0.000433961	4.29761e-06
NM_053032.4	4775	4547.29	38.3742	0.379777
NM_053034.2	1667	1439.29	5.31404	0.166157
NM_053035.3	4210	3982.29	644.096	7.2788
NM_053036.3	2045	1817.29	0	0
NM_053039.2	1857	1629.29	0	0
NM_053041.3	1362	1134.29	948.657	37.638
NM_053042.3	6954	6726.29	371.698	2.48689
NM_053043.3	10168	9940.29	1736	7.85946
NM_053044.5	2539	2311.29	2495.09	48.5819
NM_053045.2	1567	1339.29	1482	49.7983
NM_053046.4	2145	1917.29	109.432	2.56861
NM_053049.4	1243	1015.29	0	0
NM_053050.5	496	276.219	689	112.256
NM_053051.5	3996	3768.29	1021.08	12.1944
NM_053052.4	1923	1695.29	643.216	17.0747
NM_053053.4	2096	1868.29	355	8.55117
NM_053054.4	2581	2353.29	2.64653	0.0506107
NM_053055.5	4798	4570.29	692.032	6.81435
NM_053056.3	4238	4010.29	51149	573.989
NM_053064.5	3573	3345.29	1132.33	15.2329
NM_053067.3	3784	3556.29	903.626	11.4349
NM_053274.3	2006	1778.29	401.068	10.1498
NM_053275.4	1165	937.293	7789.01	373.98
NM_053276.4	2800	2572.29	69.9127	1.22314
NM_053277.3	4197	3969.29	83	0.941038
NM_053278.3	1085	857.293	0	0
NM_053279.3	4067	3839.29	933.712	10.9447
NM_053280.5	1284	1056.29	0	0
NM_053281.3	2417	2189.29	0	0
NM_053282.5	2531	2303.29	3	0.0586157
NM_053283.4	519	297.525	0	0
NM_053284.3	1976	1748.29	2	0.0514823
NM_053285.2	3389	3161.29	1	0.0142357
NM_054012.4	1532	1304.29	868.207	29.9565
NM_054013.3	2922	2694.29	308.192	5.14776
NM_054014.4	779	551.487	231.575	18.8972
NM_054016.4	7656	7428.29	2124.55	12.8712
NM_054021.2	8032	7804.29	0	0
NM_054022.4	2082	1854.29	11.9838	0.290843
NM_054023.5	516	294.675	0	0
NM_054024.4	2555	2327.29	0	0
NM_054025.3	3976	3748.29	0	0
NM_054026.4	1922	1694.29	971.086	25.7936
NM_054027.6	8207	7979.29	3993.77	22.5248
NM_054028.2	1349	1121.29	1	0.040135
NM_054030.4	2072	1844.29	0	0
NM_054031.4	1647	1419.29	0	0
NM_054032.3	1444	1216.29	0	0
NM_054033.4	970	742.293	36.4379	2.20913
NM_054034.3	2388	2160.29	1240.65	25.8452
NM_054035.2	1665	1437.29	83.2337	2.60613
NM_054104.2	1290	1062.29	0	0
NM_054105.2	2105	1877.29	0	0
NM_054106.1	930	702.293	0	0
NM_054107.1	942	714.293	0	0
NM_054108.4	3072	2844.29	0	0
NM_054110.5	5057	4829.29	1395.47	13.0041
NM_054111.5	2618	2390.29	0	0
NM_054112.3	1175	947.293	0	0
NM_054113.4	711	483.852	0	0
NM_054114.5	3713	3485.29	0	0
NM_057088.3	2319	2091.29	4.00019	0.0860811
NM_057090.3	1463	1235.29	0	0
NM_057091.3	1439	1211.29	0	0
NM_057092.2	653	426.803	960.681	101.296
NM_057093.2	902	674.361	1	0.0667344
NM_057094.2	708	480.9	0	0
NM_057095.3	1707	1479.29	0	0
NM_057096.4	1544	1316.29	0	0
NM_057157.2	2245	2017.29	0	0
NM_057158.4	6434	6206.29	18.3004	0.1327
NM_057159.4	3681	3453.29	242.748	3.16348
NM_057161.4	1869	1641.29	2903.12	79.6015
NM_057162.3	2911	2683.29	0	0
NM_057164.5	3421	3193.29	283.992	4.00231
NM_057165.5	4024	3796.29	0	0
NM_057166.5	8711	8483.29	132270	701.679
NM_057167.4	9914	9686.29	197150	915.968
NM_057168.2	3150	2922.29	22.8304	0.351587
NM_057169.5	5598	5370.29	2235.13	18.7304
NM_057170.5	5214	4986.29	0.000170396	1.53789e-06
NM_057174.3	1533	1305.29	13.4691	0.464378
NM_057175.5	6174	5946.29	4320.56	32.6991
NM_057176.3	9761	9533.29	3.00003	0.014162
NM_057177.7	8285	8057.29	0	0
NM_057179.3	1128	900.293	236.032	11.7986
NM_057180.3	1543	1315.29	983.563	33.6529
NM_057749.3	2674	2446.29	152.622	2.80771
NM_058004.4	6751	6523.29	2103.6	14.5124
NM_058163.3	4076	3848.29	1649.19	19.2862
NM_058164.4	1982	1754.29	168.138	4.31325
NM_058165.3	1176	948.293	0	0
NM_058166.5	3215	2987.29	24.7064	0.372198
NM_058167.3	2260	2032.29	1800.68	39.8743
NM_058169.6	6422	6194.29	267.89	1.94629
NM_058170.4	3165	2937.29	0	0
NM_058172.6	8419	8191.29	5736.68	31.5174
NM_058173.3	485	265.994	0	0
NM_058174.3	3156	2928.29	40083	616.01
NM_058175.3	3449	3221.29	7471.24	104.377
NM_058176.2	3149	2921.29	0	0
NM_058179.4	2206	1978.29	2096.2	47.6852
NM_058180.5	2970	2742.29	0	0
NM_058181.3	1061	833.293	0	0
NM_058182.5	840	612.427	79.4407	5.83755
NM_058186.4	1317	1089.29	0	0
NM_058187.5	1671	1443.29	0	0
NM_058190.4	892	664.361	501.997	34.0047
NM_058192.3	2048	1820.29	538.796	13.3206
NM_058195.4	1052	824.293	124.037	6.77194
NM_058197.5	1252	1024.29	0	0
NM_058200.4	627	401.259	0	0
NM_058201.4	551	327.472	0	0
NM_058202.4	549	325.637	0	0
NM_058203.4	523	301.192	0	0
NM_058206.5	481	262.672	0	0
NM_058207.4	405	196.152	0	0
NM_058216.3	2562	2334.29	316.627	6.10428
NM_058219.3	5163	4935.29	1943.33	17.7205
NM_058222.3	2900	2672.29	31	0.522059
NM_058229.4	6744	6516.29	91	0.628468
NM_058230.3	2794	2566.29	238.592	4.18401
NM_058237.2	3857	3629.29	0	0
NM_058238.3	3948	3720.29	6.30114	0.0762227
NM_058240.4	5142	4914.29	0	0
NM_058241.3	6920	6692.29	359.615	2.41827
NM_058243.3	7169	6941.29	39.0761	0.253345
NM_058244.4	1581	1353.29	0	0
NM_058246.4	2489	2261.29	3056.58	60.8305
NM_058248.2	1100	872.293	0	0
NM_078467.3	2126	1898.29	0	0
NM_078468.3	1234	1006.29	2117.78	94.7104
NM_078469.3	2334	2106.29	705.319	15.0698
NM_078470.6	5030	4802.29	722.359	6.76934
NM_078471.4	9980	9752.29	1115.58	5.14799
NM_078473.3	3239	3011.29	1871.67	27.9716
NM_078474.3	1395	1167.29	195.967	7.5552
NM_078476.4	3119	2891.29	421.023	6.55323
NM_078480.3	1868	1640.29	1541.94	42.3048
NM_078481.4	3190	2962.29	480.525	7.30012
NM_078483.4	5772	5544.29	1101.12	8.93781
NM_078485.4	4018	3790.29	0	0
NM_078487.2	4001	3773.29	79.0075	0.942301
NM_078488.3	1942	1714.29	0	0
NM_078626.3	995	767.293	394.24	23.1229
NM_078628.2	3446	3218.29	311.765	4.35957
NM_078629.4	2286	2058.29	881.505	19.2735
NM_079420.3	1049	821.293	0	0
NM_079421.3	1147	919.293	585.761	28.6753
NM_079422.3	856	628.427	0	0
NM_079423.4	663	436.717	5703.19	587.705
NM_079834.4	2501	2273.29	1769	35.02
NM_079837.3	2281	2053.29	9.86521	0.216221
NM_080282.4	6364	6136.29	0	0
NM_080283.4	6377	6149.29	129.055	0.944479
NM_080284.3	5321	5093.29	82	0.724532
NM_080385.5	1985	1757.29	0	0
NM_080386.4	1520	1292.29	18.9474	0.659828
NM_080387.5	1973	1745.29	0	0
NM_080388.3	1172	944.293	9981.26	475.687
NM_080389.3	316	128.304	0	0
NM_080390.4	1110	882.293	4.00686	0.204378
NM_080391.4	3910	3682.29	12340.3	150.816
NM_080413.3	2276	2048.29	12.4387	0.273291
NM_080415.4	1915	1687.29	0	0
NM_080416.4	1647	1419.29	0	0
NM_080422.3	1605	1377.29	578.012	18.8865
NM_080423.3	1503	1275.29	0	0
NM_080424.4	6192	5964.29	83.3536	0.628938
NM_080425.4	4027	3799.29	13.1828	0.156152
NM_080426.4	1809	1581.29	6756.63	192.291
NM_080429.3	1814	1586.29	0	0
NM_080430.4	694	467.041	2812	270.958
NM_080431.5	1437	1209.29	0	0
NM_080473.5	2620	2392.29	0	0
NM_080474.2	3534	3306.29	4.0013	0.0544631
NM_080475.5	1918	1690.29	0	0
NM_080476.5	1639	1411.29	894.766	28.5321
NM_080489.5	1485	1257.29	0	0
NM_080491.3	6110	5882.29	531.641	4.06737
NM_080538.2	3136	2908.29	0	0
NM_080539.4	2858	2630.29	5.45904	0.0934016
NM_080546.5	10482	10254.3	2024.41	8.88453
NM_080548.5	2159	1931.29	0.00252616	5.88648e-05
NM_080549.4	2304	2076.29	1.47115	0.0318868
NM_080550.5	7871	7643.29	1.00799	0.00593497
NM_080552.3	2550	2322.29	0	0
NM_080571.2	1580	1352.29	82.4719	2.74459
NM_080574.4	1042	814.293	1	0.0552664
NM_080588.3	3260	3032.29	0	0
NM_080590.4	1456	1228.29	0	0
NM_080591.3	4909	4681.29	1109.2	10.6632
NM_080593.2	863	635.427	348.126	24.6555
NM_080594.4	1951	1723.29	2991.64	78.1255
NM_080596.3	457	240.449	4	0.748652
NM_080597.4	4152	3924.29	403.801	4.63071
NM_080598.6	1551	1323.29	4171.3	141.859
NM_080599.3	5370	5142.29	284.193	2.48714
NM_080600.3	2402	2174.29	0	0
NM_080601.3	1838	1610.29	0.345891	0.00966666
NM_080603.5	2769	2541.29	260.827	4.61892
NM_080604.3	2724	2496.29	0.145353	0.00262043
NM_080605.4	2805	2577.29	1700	29.6843
NM_080606.4	1038	810.293	0	0
NM_080607.3	1936	1708.29	29.7605	0.784006
NM_080608.4	742	514.753	10.4832	0.916514
NM_080610.3	694	467.041	0	0
NM_080611.5	1224	996.293	0	0
NM_080612.4	4742	4514.29	28.0516	0.279647
NM_080614.2	970	742.293	26.3382	1.59681
NM_080616.6	6010	5782.29	745.659	5.8034
NM_080617.6	3154	2926.29	0	0
NM_080618.4	3666	3438.29	0	0
NM_080621.5	2178	1950.29	28.6851	0.661909
NM_080622.4	1491	1263.29	0	0
NM_080625.4	2535	2307.29	0	0
NM_080626.6	6703	6475.29	755.351	5.24966
NM_080627.4	14218	13990.3	6441.6	20.7209
NM_080628.3	2076	1848.29	1.51025	0.0367723
NM_080629.3	7347	7119.29	13.6518	0.0862967
NM_080630.4	6963	6735.29	0	0
NM_080631.4	5779	5551.29	0	0
NM_080632.3	2343	2115.29	175.085	3.72496
NM_080645.3	8233	8005.29	314.503	1.76803
NM_080646.2	1465	1237.29	0	0
NM_080647.1	2082	1854.29	56.0913	1.36132
NM_080648.3	1387	1159.29	355.782	13.8113
NM_080649.3	1397	1169.29	533.835	20.5459
NM_080650.4	2098	1870.29	116.165	2.79518
NM_080651.4	985	757.293	306.222	18.1976
NM_080652.4	2805	2577.29	731.197	12.7677
NM_080654.3	2090	1862.29	90.0816	2.17686
NM_080655.3	1880	1652.29	1033.72	28.155
NM_080656.3	1228	1000.29	955.187	42.9737
NM_080657.5	3407	3179.29	0	0
NM_080658.2	1371	1143.29	0	0
NM_080659.3	1104	876.293	17.7838	0.913311
NM_080660.4	1766	1538.29	338.524	9.90359
NM_080661.6	1431	1203.29	0	0
NM_080662.4	1078	850.293	21.1078	1.11716
NM_080663.3	1478	1250.29	34.5961	1.24525
NM_080664.3	2713	2485.29	717.404	12.9906
NM_080666.4	3109	2881.29	553.904	8.65146
NM_080667.7	1184	956.293	896.508	42.1896
NM_080668.4	2475	2247.29	4095.75	82.0194
NM_080669.6	6492	6264.29	175.694	1.2622
NM_080670.4	2666	2438.29	1527.5	28.1928
NM_080671.4	2915	2687.29	788.141	13.1987
NM_080672.5	2736	2508.29	0	0
NM_080675.4	1252	1024.29	0	0
NM_080676.6	4847	4619.29	6	0.0584545
NM_080677.3	6807	6579.29	4726	32.3264
NM_080678.3	2137	1909.29	1247.16	29.3961
NM_080679.3	6101	5873.29	0	0
NM_080680.3	6422	6194.29	0	0
NM_080681.3	6164	5936.29	0	0
NM_080682.3	2825	2597.29	0	0
NM_080683.3	8548	8320.29	1141.76	6.1756
NM_080684.3	7975	7747.29	0.0413147	0.000239992
NM_080685.3	8563	8335.29	258.24	1.39426
NM_080686.3	6866	6638.29	23.8509	0.161693
NM_080687.3	2271	2043.29	103.174	2.27238
NM_080701.4	1071	843.293	21	1.12068
NM_080702.3	3735	3507.29	121.179	1.55488
NM_080703.3	3759	3531.29	300.19	3.82564
NM_080704.4	4164	3936.29	131.405	1.50233
NM_080705.4	4090	3862.29	0	0
NM_080706.3	4443	4215.29	8.62573	0.0920895
NM_080717.4	3230	3002.29	75.0947	1.12564
NM_080720.3	591	366.025	1	0.122951
NM_080721.3	2123	1895.29	0	0
NM_080722.4	5557	5329.29	425.214	3.59071
NM_080723.5	2380	2152.29	0	0
NM_080725.3	2528	2300.29	4414.57	86.3669
NM_080730.5	3224	2996.29	154.876	2.32617
NM_080732.4	2100	1872.29	3264.18	78.459
NM_080737.3	3909	3681.29	0	0
NM_080738.5	3116	2888.29	1.4258e-05	2.22157e-07
NM_080739.2	741	513.753	0	0
NM_080740.5	2148	1920.29	3	0.0703066
NM_080741.4	1889	1661.29	0	0
NM_080742.3	6587	6359.29	26.9022	0.19038
NM_080743.5	3589	3361.29	0	0
NM_080744.2	2800	2572.29	0	0
NM_080745.5	1258	1030.29	0	0
NM_080746.3	772	544.487	1.00162	0.0827858
NM_080747.3	1940	1712.29	64.5384	1.69622
NM_080748.3	366	164.863	629.432	171.817
NM_080749.4	1199	971.293	45.0704	2.08825
NM_080751.3	4999	4771.29	14.7141	0.138784
NM_080752.4	2776	2548.29	102.986	1.81875
NM_080753.3	493	273.443	0	0
NM_080759.6	5245	5017.29	0	0
NM_080760.6	4801	4573.29	0	0
NM_080764.4	5309	5081.29	93	0.823665
NM_080792.3	4603	4375.29	76.285	0.784647
NM_080794.4	1163	935.293	0	0
NM_080796.4	2742	2514.29	915.207	16.3812
NM_080797.4	7595	7367.29	429.125	2.62131
NM_080798.4	2899	2671.29	135.742	2.28684
NM_080800.4	3022	2794.29	0	0
NM_080801.4	3049	2821.29	0	0
NM_080802.4	2968	2740.29	1382.29	22.701
NM_080805.4	2794	2566.29	336.865	5.90734
NM_080816.3	1065	837.293	0	0
NM_080817.5	3318	3090.29	2.02139	0.029437
NM_080818.5	2417	2189.29	0	0
NM_080819.5	4343	4115.29	0	0
NM_080820.6	3953	3725.29	1766.4	21.3388
NM_080821.3	2987	2759.29	1851.66	30.1999
NM_080822.3	1031	803.293	1070.39	59.9666
NM_080823.4	4082	3854.29	2	0.0233522
NM_080825.4	522	300.222	0	0
NM_080826.2	3090	2862.29	489.99	7.70398
NM_080827.2	607	381.611	0	0
NM_080829.4	4187	3959.29	0	0
NM_080830.3	471	253.178	0	0
NM_080831.4	698	470.947	0	0
NM_080832.3	3206	2978.29	83	1.25416
NM_080833.3	2799	2571.29	0	0
NM_080834.4	1944	1716.29	0	0
NM_080836.4	6469	6241.29	2338	16.8582
NM_080838.3	4929	4701.29	25.0518	0.239808
NM_080840.3	3326	3098.29	1698.13	24.6655
NM_080841.3	3416	3188.29	49.2345	0.69495
NM_080859.1	951	723.293	0	0
NM_080860.4	1300	1072.29	0	0
NM_080861.4	1535	1307.29	531.653	18.302
NM_080862.3	2963	2735.29	0	0
NM_080863.5	2142	1914.29	57.4303	1.35013
NM_080864.4	1089	861.293	0	0
NM_080865.4	2119	1891.29	0	0
NM_080866.3	2366	2138.29	0	0
NM_080867.3	6774	6546.29	1041.17	7.15765
NM_080868.3	1080	852.293	0	0
NM_080869.2	775	547.487	4.16665	0.342496
NM_080870.4	5313	5085.29	0	0
NM_080871.4	1698	1470.29	0	0
NM_080872.4	9149	8921.29	0	0
NM_080873.3	2815	2587.29	0	0
NM_080874.4	3031	2803.29	0	0
NM_080875.5	3248	3020.29	129.293	1.9265
NM_080876.4	5191	4963.29	47.4334	0.430087
NM_080877.3	2125	1897.29	0	0
NM_080878.3	1161	933.293	0	0
NM_080879.3	1969	1741.29	3.91443	0.101167
NM_080881.3	3031	2803.29	299.492	4.80794
NM_080911.3	2048	1820.29	393.597	9.7309
NM_080912.3	1544	1316.29	0	0
NM_080913.3	1384	1156.29	0	0
NM_080914.2	1202	974.293	0	0
NM_080916.3	1075	847.293	153.541	8.15514
NM_080918.3	811	583.487	28.2709	2.18048
NM_080921.4	4874	4646.29	0.00494592	4.79052e-05
NM_080927.4	6128	5900.29	22582.7	172.244
NM_080928.4	2760	2532.29	0	0
NM_100264.3	5638	5410.29	617.32	5.1349
NM_100486.4	5603	5375.29	959.905	8.03653
NM_101395.2	5517	5289.29	111.347	0.947374
NM_130384.3	4576	4348.29	719.8	7.44964
NM_130385.4	6129	5901.29	90.0771	0.686925
NM_130386.3	5724	5496.29	2154.78	17.6431
NM_130387.5	2199	1971.29	16.3415	0.373063
NM_130388.4	1267	1039.29	0	0
NM_130390.2	959	731.293	0	0
NM_130391.4	8310	8082.29	0	0
NM_130392.3	8269	8041.29	0	0
NM_130393.3	8239	8011.29	13.0124	0.0730964
NM_130395.3	3823	3595.29	93.0405	1.16461
NM_130398.4	3449	3221.29	11.9104	0.166394
NM_130434.5	7281	7053.29	2144.44	13.6825
NM_130435.5	4915	4687.29	0	0
NM_130436.2	6580	6352.29	430.84	3.05231
NM_130438.2	5088	4860.29	1029.8	9.53523
NM_130439.3	3470	3242.29	723.697	10.0449
NM_130440.4	7693	7465.29	6604.6	39.8146
NM_130441.3	1352	1124.29	0	0
NM_130442.4	3603	3375.29	6.02427e-08	8.03222e-10
NM_130443.4	2660	2432.29	706.528	13.0724
NM_130444.3	6587	6359.29	26.6135	0.188337
NM_130446.4	6295	6067.29	0	0
NM_130459.4	2478	2250.29	32.9869	0.659697
NM_130463.4	1370	1142.29	19.9952	0.787752
NM_130464.3	3691	3463.29	1546.16	20.0912
NM_130465.5	2475	2247.29	1628.23	32.6062
NM_130466.4	5730	5502.29	562.166	4.59794
NM_130467.5	752	524.701	0	0
NM_130468.4	2175	1947.29	1837	42.4541
NM_130469.3	4007	3779.29	703.259	8.37427
NM_130470.3	6006	5778.29	86.6941	0.675199
NM_130471.3	5755	5527.29	0.932405	0.00759162
NM_130472.3	5695	5467.29	4.89522e-06	4.02942e-08
NM_130473.3	5884	5656.29	229.892	1.82909
NM_130474.3	5625	5397.29	172.951	1.44208
NM_130475.3	5957	5729.29	0	0
NM_130476.3	5847	5619.29	167.712	1.34315
NM_130759.4	4364	4136.29	0	0
NM_130760.3	1541	1313.29	0	0
NM_130762.3	1280	1052.29	9	0.3849
NM_130766.3	2937	2709.29	18.5734	0.308516
NM_130767.3	2086	1858.29	0	0
NM_130768.3	1835	1607.29	0	0
NM_130769.4	752	524.701	0	0
NM_130770.3	1699	1471.29	0	0
NM_130771.6	1368	1140.29	8.91769	0.351948
NM_130772.4	1553	1325.29	0	0
NM_130773.4	11216	10988.3	0	0
NM_130775.3	480	261.78	0	0
NM_130776.2	486	266.912	0	0
NM_130777.3	627	401.259	0	0
NM_130781.4	1502	1274.29	106.846	3.77337
NM_130782.3	2145	1917.29	0	0
NM_130783.5	4557	4329.29	236.994	2.46356
NM_130784.4	1379	1151.29	0	0
NM_130785.4	1734	1506.29	0	0
NM_130786.4	3382	3154.29	147.718	2.10753
NM_130787.3	3357	3129.29	8589.95	123.534
NM_130791.5	737	509.753	50.6642	4.47285
NM_130794.2	576	351.35	0	0
NM_130795.4	3609	3381.29	1.55475	0.0206929
NM_130797.4	4826	4598.29	0	0
NM_130798.3	2151	1923.29	60.4013	1.41333
NM_130799.3	2731	2503.29	14.6378	0.263151
NM_130800.3	2727	2499.29	55.9233	1.00697
NM_130801.3	2715	2487.29	0.573963	0.0103848
NM_130802.3	2973	2745.29	67.7479	1.11058
NM_130803.3	3170	2942.29	0	0
NM_130804.3	3042	2814.29	0	0
NM_130806.5	3336	3108.29	0	0
NM_130807.3	3387	3159.29	2557.66	36.433
NM_130808.3	3749	3521.29	0	0
NM_130809.5	4664	4436.29	5143.13	52.1735
NM_130810.4	1993	1765.29	25.9993	0.662807
NM_130811.4	2053	1825.29	0	0
NM_130830.5	5881	5653.29	6461.61	51.4377
NM_130831.3	6156	5928.29	157.867	1.19841
NM_130832.3	6210	5982.29	0	0
NM_130833.3	6267	6039.29	143.671	1.07059
NM_130834.3	6318	6090.29	291.682	2.15533
NM_130835.3	6321	6093.29	0	0
NM_130836.3	6375	6147.29	770.63	5.64163
NM_130837.3	6429	6201.29	295.603	2.14521
NM_130838.4	8544	8316.29	145.486	0.787287
NM_130839.5	8728	8500.29	26.0812	0.138082
NM_130840.3	3033	2805.29	0	0
NM_130841.3	2989	2761.29	0	0
NM_130842.4	4809	4581.29	0	0
NM_130843.4	4773	4545.29	0	0
NM_130846.3	2759	2531.29	0	0
NM_130847.3	8980	8752.29	3027.33	15.5661
NM_130848.3	3135	2907.29	0	0
NM_130849.4	2123	1895.29	0	0
NM_130850.5	1788	1560.29	29.5173	0.851359
NM_130851.4	1723	1495.29	0	0
NM_130852.3	1075	847.293	0	0
NM_130853.3	6015	5787.29	112.462	0.874526
NM_130854.3	7242	7014.29	1124.48	7.21457
NM_130855.3	6027	5799.29	0	0
NM_130896.3	1027	799.293	0	0
NM_130897.3	628	402.259	1	0.111876
NM_130898.4	1769	1541.29	35.7023	1.04244
NM_130899.3	2515	2287.29	0	0
NM_130900.3	1346	1118.29	3.11858	0.1255
NM_130901.3	11066	10838.3	0.703475	0.00292099
NM_130902.3	556	332.141	0	0
NM_130906.3	1166	938.293	589.814	28.2891
NM_133168.6	1323	1095.29	0	0
NM_133169.6	1356	1128.29	0	0
NM_133170.4	12679	12451.3	0	0
NM_133171.5	3666	3438.29	829.423	10.8561
NM_133172.3	2146	1918.29	0	0
NM_133173.3	2131	1903.29	12.9444	0.306068
NM_133174.3	2125	1897.29	284.476	6.74767
NM_133177.4	5585	5357.29	0	0
NM_133178.4	5573	5345.29	715.017	6.01987
NM_133179.3	512	290.943	0	0
NM_133180.3	2569	2341.29	0	0
NM_133181.4	2219	1991.29	0	0
NM_133259.4	6603	6375.29	2609.64	18.4214
NM_133261.3	4410	4182.29	6.90203	0.0742685
NM_133262.3	632	406.137	0	0
NM_133263.4	10569	10341.3	62.0761	0.270142
NM_133264.5	7492	7264.29	2623.31	16.2517
NM_133265.5	6530	6302.29	0.320568	0.00228909
NM_133266.5	8875	8647.29	2.5391e-07	1.32142e-09
NM_133267.3	1673	1445.29	0	0
NM_133269.4	2410	2182.29	0	0
NM_133271.4	2188	1960.29	0	0
NM_133272.4	2440	2212.29	0	0
NM_133273.4	2152	1924.29	0	0
NM_133274.4	2366	2138.29	0	0
NM_133277.4	2149	1921.29	0	0
NM_133278.4	2374	2146.29	0	0
NM_133325.3	2161	1933.29	165.944	3.86283
NM_133326.2	678	451.406	0	0
NM_133328.4	1905	1677.29	145.845	3.91313
NM_133329.6	3709	3481.29	0	0
NM_133330.3	7875	7647.29	0	0
NM_133331.3	7695	7467.29	0	0
NM_133334.2	8390	8162.29	334.969	1.84686
NM_133335.4	7520	7292.29	65.7512	0.405772
NM_133337.3	6821	6593.29	325.898	2.22444
NM_133338.3	3054	2826.29	43.6611	0.695216
NM_133339.2	2634	2406.29	24.23	0.453156
NM_133340.2	2667	2439.29	86.8175	1.60172
NM_133341.2	2593	2365.29	0	0
NM_133342.3	2950	2722.29	205.507	3.39731
NM_133343.2	3006	2778.29	16.8741	0.273329
NM_133344.3	2813	2585.29	33.5815	0.584565
NM_133367.5	4715	4487.29	293.749	2.94601
NM_133368.3	3503	3275.29	1379.06	18.9485
NM_133369.3	3733	3505.29	5	0.064193
NM_133370.4	6179	5951.29	66.7138	0.504483
NM_133371.5	3461	3233.29	3.55446e-05	4.94734e-07
NM_133372.3	6568	6340.29	53.8945	0.382541
NM_133373.5	6132	5904.29	945.727	7.20842
NM_133374.3	9084	8856.29	271.429	1.37926
NM_133375.5	3671	3443.29	41.4896	0.542261
NM_133376.3	3852	3624.29	7281.87	90.4195
NM_133378.4	101520	101292	6.35742e-06	2.82453e-09
NM_133379.5	18220	17992.3	11.4461	0.0286294
NM_133432.3	82404	82176.3	0.161992	8.87137e-05
NM_133433.4	10425	10197.3	976.35	4.30887
NM_133436.3	2339	2111.29	249.688	5.3222
NM_133437.4	82605	82377.3	0.00568728	3.10699e-06
NM_133439.4	1307	1079.29	0	0
NM_133443.4	3992	3764.29	866.998	10.3652
NM_133444.3	3982	3754.29	832.369	9.97769
NM_133445.3	7838	7610.29	11	0.0650479
NM_133446.4	2466	2238.29	0	0
NM_133448.3	6135	5907.29	0	0
NM_133450.4	2772	2544.29	6.21517	0.109933
NM_133452.3	3484	3256.29	2844.13	39.3068
NM_133454.4	6683	6455.29	0	0
NM_133455.4	2128	1900.29	0	0
NM_133456.3	3369	3141.29	0	0
NM_133457.5	2972	2744.29	0	0
NM_133458.4	4558	4330.29	165.089	1.71571
NM_133459.4	6271	6043.29	867.885	6.46295
NM_133460.3	3726	3498.29	24.4662	0.31474
NM_133462.4	3000	2772.29	300.608	4.87982
NM_133463.4	8670	8442.29	0	0
NM_133464.5	14694	14466.3	17.3954	0.0541153
NM_133465.4	11795	11567.3	2.07128	0.0080584
NM_133466.4	5941	5713.29	268.685	2.11641
NM_133467.3	1310	1082.29	67	2.78594
NM_133468.5	5582	5354.29	1524.61	12.8144
NM_133471.4	3349	3121.29	5262.54	75.8758
NM_133473.4	13894	13666.3	194.209	0.639531
NM_133474.4	4673	4445.29	570.897	5.77962
NM_133475.1	4041	3813.29	0	0
NM_133476.5	3131	2903.29	142.229	2.20465
NM_133477.3	7282	7054.29	0	0
NM_133478.3	6357	6129.29	17.7166	0.130081
NM_133480.4	2293	2065.29	29.6153	0.645322
NM_133484.2	660	433.717	25.8801	2.68536
NM_133486.4	12028	11800.3	3.19614e-05	1.21892e-07
NM_133487.4	2439	2211.29	14.0865	0.286681
NM_133491.5	912	684.293	108.591	7.14157
NM_133492.3	1428	1200.29	0	0
NM_133493.5	9031	8803.29	12330.9	63.0367
NM_133494.3	4114	3886.29	11371.5	131.682
NM_133496.5	8204	7976.29	789.93	4.45687
NM_133497.4	2178	1950.29	4	0.0923001
NM_133498.3	973	745.293	2	0.120766
NM_133499.2	3172	2944.29	61.6159	0.94179
NM_133502.3	2808	2580.29	199.324	3.47642
NM_133503.4	6805	6577.29	24842.8	169.979
NM_133504.3	3643	3415.29	224.173	2.95392
NM_133505.3	3529	3301.29	23.0969	0.314856
NM_133506.3	3409	3181.29	5.51506	0.0780169
NM_133507.3	3296	3068.29	0	0
NM_133509.5	2679	2451.29	26.9223	0.494264
NM_133510.4	1559	1331.29	40.4496	1.36736
NM_133625.6	3320	3092.29	0	0
NM_133629.3	9528	9300.29	137.04	0.663123
NM_133631.4	7493	7265.29	1773.92	10.9881
NM_133633.3	7482	7254.29	0	0
NM_133635.6	2861	2633.29	1817.98	31.0693
NM_133636.5	3543	3315.29	239.443	3.25029
NM_133637.3	2584	2356.29	0	0
NM_133638.6	5201	4973.29	0	0
NM_133639.4	1650	1422.29	1	0.0316412
NM_133640.5	4044	3816.29	40.0854	0.472702
NM_133642.5	4753	4525.29	591.163	5.87899
NM_133644.4	2662	2434.29	82.5122	1.52541
NM_133645.3	10773	10545.3	123.178	0.525673
NM_133646.3	7175	6947.29	6568.64	42.5502
NM_133647.2	7886	7658.29	115.012	0.675853
NM_134258.2	2365	2137.29	0	0
NM_134259.2	2301	2073.29	0	0
NM_134260.3	10998	10770.3	16.6296	0.0694858
NM_134261.3	10827	10599.3	187.888	0.797745
NM_134262.3	10687	10459.3	1757.51	7.562
NM_134263.3	2608	2380.29	263.026	4.9729
NM_134265.4	4667	4439.29	24.2267	0.245597
NM_134266.2	2644	2416.29	0	0
NM_134268.5	1962	1734.29	1588.6	41.2225
NM_134269.3	3296	3068.29	10988.2	161.165
NM_134270.3	3200	2972.29	0	0
NM_134323.2	1510	1282.29	717.013	25.1641
NM_134324.3	1454	1226.29	71.7555	2.63332
NM_134325.3	4614	4386.29	0	0
NM_134421.3	1891	1663.29	0	0
NM_134424.4	3023	2795.29	0	0
NM_134425.4	1177	949.293	11.6076	0.550283
NM_134426.3	2554	2326.29	236.051	4.56649
NM_134427.3	1606	1378.29	4.41542	0.144169
NM_134428.3	9325	9097.29	25.8056	0.127657
NM_134431.5	7750	7522.29	0	0
NM_134433.3	3884	3656.29	180.475	2.22136
NM_134440.3	1307	1079.29	0	0
NM_134441.3	928	700.293	0	0
NM_134442.5	10137	9909.29	395.49	1.79612
NM_134444.5	3713	3485.29	0	0
NM_134445.4	3351	3123.29	0	0
NM_134446.4	3420	3192.29	119.12	1.67928
NM_134470.4	2061	1833.29	69.1876	1.69839
NM_138270.5	11051	10823.3	523.059	2.17487
NM_138272.3	2377	2149.29	0	0
NM_138273.3	2305	2077.29	0	0
NM_138274.3	2264	2036.29	0	0
NM_138275.3	2245	2017.29	0	0
NM_138277.3	2521	2293.29	0	0
NM_138278.4	2247	2019.29	0	0
NM_138281.3	2018	1790.29	5	0.125686
NM_138282.3	1350	1122.29	0	0
NM_138283.1	736	508.753	0	0
NM_138284.2	1861	1633.29	0	0
NM_138285.5	1545	1317.29	700.215	23.9217
NM_138286.3	6497	6269.29	121.071	0.869086
NM_138287.3	5768	5540.29	843.515	6.85176
NM_138288.4	2662	2434.29	2298.49	42.4925
NM_138289.4	1442	1214.29	0	0
NM_138290.3	4114	3886.29	1.6979	0.0196616
NM_138294.3	1541	1313.29	0	0
NM_138295.5	9105	8877.29	0	0
NM_138296.3	1019	791.293	0	0
NM_138297.5	3895	3667.29	0	0
NM_138300.4	3180	2952.29	1190.6	18.1488
NM_138316.4	6048	5820.29	7.87284	0.0608736
NM_138317.3	7530	7302.29	0	0
NM_138318.3	7181	6953.29	0	0
NM_138319.4	4233	4005.29	120.365	1.3524
NM_138322.4	2049	1821.29	0	0
NM_138323.3	2931	2703.29	7.59978	0.126517
NM_138324.3	2977	2749.29	0	0
NM_138325.4	2066	1838.29	16.1974	0.396528
NM_138326.3	1252	1024.29	0	0
NM_138327.4	2871	2643.29	0	0
NM_138328.3	5003	4775.29	0	0
NM_138329.2	2763	2535.29	0	0
NM_138330.3	2311	2083.29	205.126	4.4311
NM_138331.2	634	408.137	0	0
NM_138333.5	5502	5274.29	849	7.24412
NM_138334.4	876	648.427	38.7236	2.68755
NM_138335.3	2235	2007.29	774.248	17.3585
NM_138336.1	759	531.648	2.00609	0.169812
NM_138337.6	1555	1327.29	0	0
NM_138338.5	4162	3934.29	111.477	1.27515
NM_138340.5	2029	1801.29	186.153	4.6508
NM_138341.3	1470	1242.29	20.6468	0.747945
NM_138342.4	3041	2813.29	14	0.223952
NM_138343.4	1273	1045.29	20.4166	0.878997
NM_138344.5	1834	1606.29	0	0
NM_138345.3	4196	3968.29	2	0.0226813
NM_138346.3	2819	2591.29	3961	68.7908
NM_138347.5	4560	4332.29	268.674	2.79094
NM_138348.6	7969	7741.29	1287.92	7.48715
NM_138349.4	1473	1245.29	724.389	26.1784
NM_138350.4	2071	1843.29	0	0
NM_138352.3	2514	2286.29	1616.03	31.8097
NM_138353.4	2261	2033.29	1608.62	35.6038
NM_138355.4	1496	1268.29	349.945	12.4172
NM_138356.3	2441	2213.29	0	0
NM_138357.3	2937	2709.29	1647.98	27.3739
NM_138358.4	1347	1119.29	489	19.6611
NM_138360.4	4589	4361.29	0	0
NM_138361.5	3405	3177.29	173.281	2.45435
NM_138362.4	1054	826.293	45.3263	2.46865
NM_138363.3	2754	2526.29	402.105	7.16306
NM_138364.4	3461	3233.29	294.66	4.10126
NM_138367.2	2953	2725.29	533.762	8.81408
NM_138368.5	6980	6752.29	1297.71	8.64908
NM_138369.3	1921	1693.29	1303.68	34.6482
NM_138370.3	2490	2262.29	779	15.4964
NM_138371.3	2310	2082.29	0	0
NM_138373.5	3054	2826.29	12988.9	206.822
NM_138374.3	6348	6120.29	331.382	2.43668
NM_138375.3	4288	4060.29	0	0
NM_138376.3	4737	4509.29	542.265	5.41184
NM_138378.3	2774	2546.29	147.608	2.60881
NM_138379.3	1330	1102.29	0	0
NM_138381.5	3916	3688.29	258.091	3.14912
NM_138382.3	1196	968.293	1	0.0464767
NM_138383.3	4979	4751.29	9.23237	0.0874468
NM_138384.4	3424	3196.29	1091.48	15.3678
NM_138385.4	2643	2415.29	63.4542	1.18231
NM_138386.3	1876	1648.29	364.513	9.95224
NM_138387.4	1573	1345.29	1068.38	35.7398
NM_138389.4	4060	3832.29	1397.93	16.416
NM_138390.4	3318	3090.29	4.67048	0.0680149
NM_138391.6	3031	2803.29	1985.49	31.8743
NM_138392.4	2341	2113.29	1704.29	36.2933
NM_138393.4	1360	1132.29	15	0.596176
NM_138394.4	4144	3916.29	0.191561	0.00220128
NM_138395.4	3027	2799.29	246	3.95484
NM_138396.6	2981	2753.29	9.18495	0.15013
NM_138399.5	2372	2144.29	119.736	2.51295
NM_138400.2	6082	5854.29	1567.13	12.0468
NM_138401.4	1250	1022.29	748	32.9282
NM_138402.6	2656	2428.29	406.361	7.53102
NM_138403.5	1004	776.293	3.00596	0.174261
NM_138408.4	788	560.487	1955	156.973
NM_138409.4	2137	1909.29	5	0.117853
NM_138410.4	1856	1628.29	491.124	13.5738
NM_138411.3	1327	1099.29	3.18806	0.130514
NM_138412.4	2005	1777.29	0	0
NM_138413.4	2442	2214.29	9.15727	0.186112
NM_138414.3	1159	931.293	211.502	10.2205
NM_138415.5	3976	3748.29	0	0
NM_138417.3	1708	1480.29	507.633	15.4328
NM_138418.4	931	703.293	76.2716	4.88055
NM_138419.5	1501	1273.29	290.665	10.2732
NM_138420.4	18335	18107.3	76.8379	0.19097
NM_138421.3	1573	1345.29	695	23.2493
NM_138422.4	1599	1371.29	145.095	4.76171
NM_138423.4	3974	3746.29	3109.92	37.3585
NM_138424.2	2012	1784.29	0	0
NM_138425.4	561	336.904	1403.81	187.518
NM_138426.4	4741	4513.29	157	1.56548
NM_138428.6	5694	5466.29	1339.8	11.0304
NM_138430.5	1993	1765.29	23.2297	0.592201
NM_138431.3	1552	1324.29	179.71	6.10702
NM_138432.4	1428	1200.29	2.63693	0.0988674
NM_138433.5	5125	4897.29	3	0.0275681
NM_138435.4	15561	15333.3	15.0451	0.0441571
NM_138436.4	3036	2808.29	183.978	2.94826
NM_138437.6	3448	3220.29	0	0
NM_138439.3	990	762.293	449.392	26.5305
NM_138440.3	2816	2588.29	15478	269.119
NM_138441.3	3201	2973.29	421.244	6.37585
NM_138442.4	1049	821.293	5.44566	0.298397
NM_138443.4	1072	844.293	1023.71	54.5664
NM_138444.4	6231	6003.29	3316	24.8581
NM_138445.4	1884	1656.29	0	0
NM_138446.2	2905	2677.29	1234.76	20.7553
NM_138447.3	3557	3329.29	459.976	6.21764
NM_138448.4	882	654.427	52.8556	3.63473
NM_138450.6	3552	3324.29	2.54594	0.034466
NM_138451.3	1364	1136.29	0	0
NM_138452.3	1472	1244.29	0	0
NM_138453.4	8861	8633.29	0	0
NM_138454.2	918	690.293	1	0.0651941
NM_138455.4	1240	1012.29	10790.8	479.723
NM_138456.4	2066	1838.29	0	0
NM_138457.3	5955	5727.29	360.091	2.82947
NM_138458.4	2591	2363.29	674.098	12.8365
NM_138459.5	4796	4568.29	5572	54.8908
NM_138460.3	962	734.293	0	0
NM_138461.4	1026	798.293	0	0
NM_138462.3	1395	1167.29	1181.35	45.5449
NM_138463.4	1042	814.293	80.5293	4.45057
NM_138465.4	1335	1107.29	158	6.4215
NM_138466.2	1939	1711.29	8.97632	0.236057
NM_138467.3	3437	3209.29	1392.2	19.5224
NM_138468.7	8088	7860.29	26.3545	0.150889
NM_138469.3	3435	3207.29	45.3109	0.635779
NM_138471.3	1954	1726.29	811.598	21.1577
NM_138473.3	7680	7452.29	3067.78	18.5258
NM_138476.4	723	495.802	78.4587	7.12156
NM_138477.4	4657	4429.29	232.197	2.3592
NM_138481.2	2530	2302.29	10	0.195471
NM_138484.5	1546	1318.29	2.38635e-08	8.14638e-10
NM_138485.2	1822	1594.29	85.4062	2.41081
NM_138492.6	5020	4792.29	35.4198	0.332618
NM_138493.3	572	347.526	341	44.158
NM_138494.3	4518	4290.29	675.597	7.08669
NM_138495.2	5418	5190.29	0	0
NM_138496.3	2477	2249.29	5.98301	0.119706
NM_138499.4	2615	2387.29	81.5669	1.53762
NM_138501.6	1139	911.293	1631.24	80.5566
NM_138551.5	2353	2125.29	19	0.402325
NM_138554.5	12677	12449.3	278.378	1.00631
NM_138555.4	3620	3392.29	638.478	8.47023
NM_138557.3	12510	12282.3	31.8925	0.116856
NM_138558.3	2695	2467.29	53.4932	0.975708
NM_138559.2	3161	2933.29	0	0
NM_138565.3	3138	2910.29	1275.9	19.7298
NM_138567.5	1441	1213.29	0	0
NM_138569.3	1761	1533.29	0	0
NM_138570.4	3074	2846.29	1046.48	16.546
NM_138571.5	3325	3097.29	622.455	9.04416
NM_138572.3	6678	6450.29	561.047	3.91437
NM_138573.4	3212	2984.29	9.91819	0.149566
NM_138574.4	2101	1873.29	0	0
NM_138575.4	1160	932.293	86.9817	4.19873
NM_138576.4	8528	8300.29	0	0
NM_138578.3	2574	2346.29	1652.65	31.6986
NM_138609.3	1908	1680.29	1224.33	32.7911
NM_138610.3	1917	1689.29	1179.99	31.4352
NM_138612.3	1198	970.293	0	0
NM_138615.3	3855	3627.29	1420.7	17.6263
NM_138616.5	1228	1000.29	0	0
NM_138617.5	1286	1058.29	0	0
NM_138618.6	1547	1319.29	1.8306	0.0624445
NM_138619.4	3871	3643.29	958.129	11.8351
NM_138620.2	1991	1763.29	0	0
NM_138621.5	5098	4870.29	44.5358	0.411525
NM_138622.4	5223	4995.29	0	0
NM_138623.4	5043	4815.29	0	0
NM_138624.4	5131	4903.29	0	0
NM_138625.4	4944	4716.29	0	0
NM_138626.4	4994	4766.29	0	0
NM_138627.4	4724	4496.29	11.5259	0.115362
NM_138632.2	1743	1515.29	1740.2	51.6826
NM_138633.3	2285	2057.29	0	0
NM_138634.3	380	175.793	0	0
NM_138635.3	3755	3527.29	4297.09	54.8245
NM_138636.5	4216	3988.29	0	0
NM_138637.3	4076	3848.29	26.2419	0.30688
NM_138638.5	4306	4078.29	7415.59	81.8294
NM_138639.2	1064	836.293	1025.63	55.1919
NM_138643.3	1082	854.293	9.1517	0.4821
NM_138644.3	1284	1056.29	0	0
NM_138689.3	989	761.293	7876.93	465.637
NM_138690.3	3281	3053.29	12	0.17687
NM_138691.3	5340	5112.29	3.00263	0.0264319
NM_138693.4	3511	3283.29	111	1.52144
NM_138694.4	16271	16043.3	0	0
NM_138697.4	2764	2536.29	0	0
NM_138699.3	1973	1745.29	271.096	6.99031
NM_138700.4	1923	1695.29	0	0
NM_138701.4	7627	7399.29	607.096	3.69241
NM_138702.1	1932	1704.29	0	0
NM_138703.5	2268	2040.29	0	0
NM_138704.4	4834	4606.29	1234	12.0561
NM_138705.4	670	443.585	0	0
NM_138706.5	2503	2275.29	1.05908	0.0209475
NM_138709.2	3722	3494.29	0	0
NM_138711.6	1774	1546.29	0	0
NM_138712.5	1856	1628.29	291.449	8.05512
NM_138713.4	13289	13061.3	0.425323	0.00146546
NM_138714.4	13351	13123.3	909.854	3.12012
NM_138715.3	3618	3390.29	17.7025	0.234985
NM_138716.3	3429	3201.29	0.20247	0.00284628
NM_138717.3	1751	1523.29	326.627	9.64962
NM_138718.3	3296	3068.29	0	0
NM_138720.2	824	596.427	25.6023	1.93181
NM_138722.2	1951	1723.29	0	0
NM_138723.2	1897	1669.29	0	0
NM_138727.4	4204	3976.29	22.6737	0.256617
NM_138728.3	4162	3934.29	0	0
NM_138729.4	1828	1600.29	65.2836	1.83589
NM_138730.3	824	596.427	470.957	35.5358
NM_138731.7	7198	6970.29	0	0
NM_138732.3	6422	6194.29	53.794	0.390827
NM_138733.5	1626	1398.29	0	0
NM_138734.3	3765	3537.29	2.206	0.0280657
NM_138735.5	5628	5400.29	0.0922719	0.000768944
NM_138736.3	6061	5833.29	19.592	0.15115
NM_138737.6	4413	4185.29	13.6441	0.14671
NM_138740.4	1522	1294.29	167.658	5.82952
NM_138761.4	795	567.487	1144.31	90.7469
NM_138763.4	648	421.846	113.293	12.0862
NM_138764.5	756	528.701	0	0
NM_138766.2	5152	4924.29	0	0
NM_138768.4	2287	2059.29	0	0
NM_138769.3	2490	2262.29	1287.93	25.6204
NM_138770.4	1488	1260.29	45.5129	1.62519
NM_138771.4	2470	2242.29	156.211	3.13518
NM_138773.4	4745	4517.29	2990.41	29.7916
NM_138774.4	1803	1575.29	1545.3	44.1461
NM_138775.3	4067	3839.29	695.227	8.14925
NM_138777.5	9594	9366.29	585.872	2.81499
NM_138778.5	2302	2074.29	222.433	4.82583
NM_138779.5	1362	1134.29	749.035	29.718
NM_138780.3	4751	4523.29	7.60625	0.075676
NM_138782.3	4921	4693.29	1655.54	15.8747
NM_138783.4	2154	1926.29	213	4.97622
NM_138785.5	1943	1715.29	3881	101.823
NM_138786.4	3727	3499.29	0	0
NM_138787.4	866	638.427	118.437	8.34869
NM_138788.5	2205	1977.29	2.14548	0.0488311
NM_138789.4	1090	862.293	0	0
NM_138790.5	1905	1677.29	6.61621	0.177518
NM_138792.4	2165	1937.29	1727.48	40.1292
NM_138793.4	3482	3254.29	3060.5	42.3232
NM_138794.5	1857	1629.29	55.2354	1.52567
NM_138795.4	1789	1561.29	1113.85	32.1057
NM_138796.4	5798	5570.29	0	0
NM_138797.4	2087	1859.29	1058.39	25.6178
NM_138798.3	939	711.293	256.696	16.241
NM_138799.4	7622	7394.29	3191.4	19.4235
NM_138800.3	1699	1471.29	0	0
NM_138801.3	2277	2049.29	413.223	9.0745
NM_138802.3	1322	1094.29	213.408	8.77647
NM_138803.4	3130	2902.29	4.5372	0.070354
NM_138804.5	2543	2315.29	0	0
NM_138805.3	1245	1017.29	0	0
NM_138806.4	3765	3537.29	20	0.254449
NM_138807.4	1263	1035.29	34.8162	1.51342
NM_138809.4	3893	3665.29	593.758	7.29026
NM_138810.4	1163	935.293	0	0
NM_138811.4	3770	3542.29	26.0792	0.331324
NM_138812.4	761	533.648	0	0
NM_138813.4	5095	4867.29	70.0104	0.647318
NM_138814.4	2540	2312.29	0	0
NM_138815.4	1383	1155.29	0	0
NM_138817.3	1867	1639.29	0	0
NM_138819.5	1542	1314.29	0	0
NM_138820.4	654	427.803	1264	132.967
NM_138821.2	5035	4807.29	0	0
NM_138822.2	5098	4870.29	0	0
NM_138923.4	7536	7308.29	220.479	1.35767
NM_138924.3	1737	1509.29	42.3182	1.26182
NM_138927.4	8393	8165.29	5172.21	28.5067
NM_138930.3	1985	1757.29	61.1179	1.56519
NM_138932.3	9245	9017.29	0	0
NM_138933.3	9316	9088.29	0	0
NM_138937.3	785	557.487	0	0
NM_138938.3	1096	868.293	0	0
NM_138939.3	1038	810.293	0	0
NM_138940.3	969	741.293	0	0
NM_138957.3	1514	1286.29	771.624	26.9965
NM_138959.3	8671	8443.29	4319.92	23.0254
NM_138960.4	880	652.427	0	0
NM_138961.3	1829	1601.29	3	0.0843126
NM_138962.4	6379	6151.29	207.701	1.51955
NM_138964.4	4287	4059.29	2	0.0221729
NM_138966.5	6721	6493.29	0	0
NM_138967.4	3379	3151.29	0	0
NM_138969.4	2536	2308.29	0	0
NM_138970.5	8538	8310.29	0	0
NM_138971.4	5703	5475.29	146.328	1.20271
NM_138972.4	5760	5532.29	1277.34	10.3907
NM_138973.4	5628	5400.29	23.8637	0.198867
NM_138980.4	8762	8534.29	0	0
NM_138982.4	8735	8507.29	0	0
NM_138983.3	2273	2045.29	0	0
NM_138991.3	8417	8189.29	0	0
NM_138992.3	8398	8170.29	26.7016	0.147076
NM_138994.5	5827	5599.29	0	0
NM_138995.5	6213	5985.29	0	0
NM_138999.2	1842	1614.29	0	0
NM_139003.3	4858	4630.29	0	0
NM_139004.3	4900	4672.29	13.9636	0.134496
NM_139006.3	5134	4906.29	0	0
NM_139007.3	4912	4684.29	96.124	0.923486
NM_139008.3	4870	4642.29	0	0
NM_139009.3	5107	4879.29	0	0
NM_139010.3	4636	4408.29	0	0
NM_139011.3	4360	4132.29	0	0
NM_139012.3	4222	3994.29	2687.31	30.2776
NM_139013.3	1306	1078.29	0	0
NM_139014.3	4143	3915.29	12.3935	0.142453
NM_139015.5	4135	3907.29	1327.85	15.2938
NM_139017.7	8239	8011.29	0	0
NM_139018.5	1709	1481.29	0	0
NM_139021.3	1871	1643.29	0	0
NM_139022.3	1380	1152.29	0	0
NM_139025.5	4567	4339.29	0	0
NM_139026.6	4306	4078.29	0	0
NM_139027.6	4399	4171.29	0	0
NM_139029.2	1541	1313.29	1757.3	60.218
NM_139030.4	1483	1255.29	4145.34	148.613
NM_139032.3	2718	2490.29	60.1362	1.08674
NM_139033.3	3121	2893.29	250.412	3.89498
NM_139034.3	2814	2586.29	411.491	7.1602
NM_139045.4	5694	5466.29	3221.76	26.5242
NM_139046.4	6077	5849.29	150.77	1.15999
NM_139048.3	4483	4255.29	123.218	1.30313
NM_139049.4	6072	5844.29	0.0436522	0.000336137
NM_139052.3	3094	2866.29	9.95115	0.156241
NM_139053.3	2222	1994.29	0	0
NM_139055.4	6006	5778.29	562	4.37703
NM_139056.4	4979	4751.29	20.5536	0.194679
NM_139057.4	6329	6101.29	16.8265	0.124112
NM_139058.3	2893	2665.29	2	0.0337697
NM_139062.4	3745	3517.29	3504.46	44.8389
NM_139067.4	4745	4517.29	134.657	1.34151
NM_139068.3	4353	4125.29	775.955	8.46495
NM_139069.3	4353	4125.29	65.4504	0.714003
NM_139070.3	4799	4571.29	8.96847	0.088292
NM_139071.3	3160	2932.29	101.435	1.55676
NM_139072.4	3257	3029.29	75	1.1142
NM_139073.5	1629	1401.29	0	0
NM_139074.4	530	307.728	0	0
NM_139075.4	4969	4741.29	764	7.25168
NM_139076.3	4210	3982.29	472.17	5.3359
NM_139078.3	11089	10861.3	3.06987e-08	1.27198e-10
NM_139118.3	2614	2386.29	0	0
NM_139119.3	2723	2495.29	25.413	0.458329
NM_139121.3	2699	2471.29	0	0
NM_139125.4	3894	3666.29	13266.2	162.84
NM_139126.4	2475	2247.29	1823	36.5064
NM_139131.5	3936	3708.29	522.349	6.33912
NM_139132.4	6504	6276.29	459.784	3.2968
NM_139135.4	7944	7716.29	2.4806e-08	1.44674e-10
NM_139136.4	3656	3428.29	0	0
NM_139137.4	5596	5368.29	0	0
NM_139155.3	5566	5338.29	0.0449209	0.000378694
NM_139156.4	3728	3500.29	1646.83	21.1732
NM_139157.3	3224	2996.29	84.9214	1.27548
NM_139158.2	3587	3359.29	0	0
NM_139159.5	4273	4045.29	4071.62	45.296
NM_139160.3	2059	1831.29	0	0
NM_139161.5	1086	858.293	0	0
NM_139162.4	3236	3008.29	205.333	3.07171
NM_139163.4	2133	1905.29	0	0
NM_139164.3	4631	4403.29	626.204	6.40001
NM_139165.3	6154	5926.29	0	0
NM_139166.5	2754	2526.29	0	0
NM_139167.4	7345	7117.29	0	0
NM_139168.4	6934	6706.29	0	0
NM_139169.5	3406	3178.29	1316	18.6339
NM_139170.3	2457	2229.29	13.2502	0.267484
NM_139171.2	1018	790.293	0	0
NM_139172.3	605	379.687	3	0.35558
NM_139173.4	1845	1617.29	0	0
NM_139174.4	2264	2036.29	0	0
NM_139175.2	1383	1155.29	0	0
NM_139176.4	3356	3128.29	0	0
NM_139177.4	2732	2504.29	354.961	6.37879
NM_139178.4	1544	1316.29	678	23.1803
NM_139179.4	2839	2611.29	866.621	14.9354
NM_139199.2	4028	3800.29	12.801	0.15159
NM_139201.3	3061	2833.29	101.215	1.60766
NM_139202.3	3673	3445.29	0	0
NM_139207.5	4325	4097.29	4006.52	44.006
NM_139208.3	732	504.753	0	0
NM_139209.3	6509	6281.29	0	0
NM_139211.5	1130	902.293	0	0
NM_139212.4	998	770.293	0	0
NM_139214.3	879	651.427	0	0
NM_139215.3	2162	1934.29	6771.43	157.544
NM_139235.4	3493	3265.29	27.9701	0.385491
NM_139239.5	2013	1785.29	95.8953	2.4173
NM_139240.4	988	760.293	0	0
NM_139241.3	8376	8148.29	0	0
NM_139242.4	2746	2518.29	571.502	10.213
NM_139243.4	1963	1735.29	0	0
NM_139244.6	9182	8954.29	1115.04	5.60404
NM_139245.4	10906	10678.3	35.0052	0.147527
NM_139246.5	4116	3888.29	969	11.2152
NM_139247.4	3405	3177.29	0	0
NM_139248.3	4001	3773.29	0	0
NM_139249.4	1187	959.293	0	0
NM_139250.2	769	541.541	0	0
NM_139265.4	6401	6173.29	3004.43	21.9022
NM_139266.3	2718	2490.29	718.737	12.9886
NM_139273.4	2496	2268.29	542.862	10.7704
NM_139276.3	4921	4693.29	1717.81	16.4717
NM_139277.2	1934	1706.29	0	0
NM_139278.4	3241	3013.29	1	0.0149349
NM_139279.6	4120	3892.29	21079.7	243.726
NM_139280.4	2109	1881.29	1046.68	25.0381
NM_139281.3	6416	6188.29	2473.73	17.9897
NM_139282.3	747	519.701	0	0
NM_139283.2	4994	4766.29	1781.41	16.82
NM_139284.3	2673	2445.29	5.91995	0.108951
NM_139285.4	3375	3147.29	2	0.028598
NM_139286.4	871	643.427	752.796	52.6526
NM_139289.2	2864	2636.29	0	0
NM_139312.3	4362	4134.29	244.265	2.6589
NM_139314.3	1872	1644.29	864.62	23.664
NM_139315.3	2424	2196.29	1881.44	38.5515
NM_139316.3	3098	2870.29	263.394	4.12973
NM_139317.3	1334	1106.29	3.7426	0.152246
NM_139318.5	11283	11055.3	0	0
NM_139319.3	3984	3756.29	0	0
NM_139320.2	3411	3183.29	0	0
NM_139321.3	8651	8423.29	3154.91	16.8557
NM_139322.4	4122	3894.29	1067.77	12.3393
NM_139323.4	3020	2792.29	13661.9	220.188
NM_139343.3	2487	2259.29	0.259738	0.00517375
NM_139344.3	2358	2130.29	0	0
NM_139345.3	2226	1998.29	0	0
NM_139346.3	2199	1971.29	63.1372	1.44137
NM_139347.3	2262	2034.29	28.1916	0.623662
NM_139348.3	2154	1926.29	611.664	14.29
NM_139349.3	2133	1905.29	0	0
NM_139350.3	2025	1797.29	364.953	9.13818
NM_139351.3	1935	1707.29	290.615	7.66041
NM_139352.2	1796	1568.29	0	0
NM_139353.3	3683	3455.29	16.8892	0.219971
NM_139354.3	1875	1647.29	0	0
NM_139355.3	2098	1870.29	0.00268123	6.45159e-05
NM_144488.8	4592	4364.29	0	0
NM_144489.4	1512	1284.29	1010.76	35.418
NM_144492.3	1974	1746.29	0	0
NM_144495.3	743	515.753	78.7898	6.87498
NM_144497.2	8246	8018.29	7573.57	42.507
NM_144498.4	3944	3716.29	1010.94	12.2422
NM_144499.3	3599	3371.29	0	0
NM_144505.3	1050	822.293	0	0
NM_144506.3	492	272.443	0	0
NM_144507.3	358	158.891	0	0
NM_144508.5	9266	9038.29	6307.08	31.4039
NM_144563.3	1813	1585.29	693.934	19.6993
NM_144564.5	1367	1139.29	890.575	35.1785
NM_144565.4	2021	1793.29	0	0
NM_144566.3	2843	2615.29	190.425	3.27676
NM_144567.5	4690	4462.29	0	0
NM_144568.4	1821	1593.29	328.243	9.27132
NM_144569.7	3933	3705.29	147.338	1.78951
NM_144570.3	3695	3467.29	5397.95	70.0617
NM_144571.3	8772	8544.29	299.152	1.57564
NM_144572.2	6126	5898.29	1638.3	12.5
NM_144573.4	3282	3054.29	4.13315	0.0608993
NM_144574.4	2384	2156.29	324.087	6.76389
NM_144575.3	2683	2455.29	1	0.018329
NM_144576.4	1570	1342.29	179.562	6.02017
NM_144577.4	2658	2430.29	8	0.14814
NM_144578.4	6466	6238.29	4728.65	34.1125
NM_144579.3	4016	3788.29	321.957	3.82469
NM_144580.3	1611	1383.29	933.443	30.368
NM_144581.2	1516	1288.29	579.032	20.2269
NM_144582.3	3365	3137.29	4613	66.1714
NM_144583.4	3121	2893.29	0	0
NM_144584.3	1822	1594.29	184.536	5.209
NM_144585.4	2792	2564.29	0	0
NM_144586.7	3458	3230.29	292.584	4.07616
NM_144587.5	1856	1628.29	0	0
NM_144588.7	3030	2802.29	0.0771259	0.00123859
NM_144589.4	1250	1022.29	104	4.57826
NM_144590.3	3858	3630.29	4.0593	0.0503213
NM_144591.5	1547	1319.29	22.1911	0.756971
NM_144593.3	1173	945.293	105.765	5.03523
NM_144594.3	807	579.487	0	0
NM_144595.4	2238	2010.29	0	0
NM_144596.4	2183	1955.29	23.8946	0.549958
NM_144597.3	11274	11046.3	382.182	1.55702
NM_144598.5	5852	5624.29	34.5106	0.276138
NM_144599.5	6553	6325.29	696.45	4.95509
NM_144600.4	2264	2036.29	2108.79	46.6053
NM_144601.5	2434	2206.29	32.2278	0.65737
NM_144602.4	1087	859.293	0	0
NM_144603.4	1538	1310.29	0	0
NM_144604.4	3705	3477.29	2444.79	31.6404
NM_144605.5	1356	1128.29	0	0
NM_144606.7	3325	3097.29	103.05	1.4973
NM_144607.6	3489	3261.29	736.135	10.158
NM_144608.2	2071	1843.29	0.0781192	0.00190724
NM_144609.3	2114	1886.29	1299.44	31.0019
NM_144611.4	1969	1741.29	171.666	4.43665
NM_144612.7	7022	6794.29	0	0
NM_144613.5	1566	1338.29	2	0.0672544
NM_144614.4	793	565.487	0	0
NM_144615.3	1225	997.293	0	0
NM_144616.4	1138	910.293	0	0
NM_144617.3	1460	1232.29	6940	253.447
NM_144618.3	8807	8579.29	68.4225	0.358914
NM_144620.4	1842	1614.29	0	0
NM_144622.3	2419	2191.29	3.77969	0.0776243
NM_144624.2	8446	8218.29	27.0769	0.148272
NM_144626.3	1797	1569.29	0	0
NM_144627.5	751	523.701	13	1.11713
NM_144628.4	4446	4218.29	2737.72	29.2075
NM_144629.3	5419	5191.29	93.7896	0.813058
NM_144631.6	2144	1916.29	335.244	7.87302
NM_144632.5	3588	3360.29	0	0
NM_144633.3	5077	4849.29	0	0
NM_144634.4	909	681.293	0	0
NM_144635.5	2437	2209.29	0	0
NM_144636.3	1603	1375.29	64.3679	2.10628
NM_144638.3	977	749.293	198	11.892
NM_144639.3	3264	3036.29	0	0
NM_144641.4	2231	2003.29	133.015	2.98813
NM_144642.5	2375	2147.29	0	0
NM_144643.4	2987	2759.29	1023.75	16.6971
NM_144644.4	1142	914.293	4.3127	0.212279
NM_144645.4	908	680.293	0	0
NM_144646.4	1286	1058.29	18	0.765436
NM_144647.4	1011	783.293	0	0
NM_144648.3	3126	2898.29	0	0
NM_144649.3	2000	1772.29	0	0
NM_144650.3	1972	1744.29	17	0.438603
NM_144651.5	4807	4579.29	0	0
NM_144652.4	2641	2413.29	16.8366	0.313969
NM_144653.5	6903	6675.29	2744	18.4993
NM_144654.3	629	403.218	3.35792	0.374776
NM_144657.5	6196	5968.29	7.13206e-07	5.37783e-09
NM_144658.4	6719	6491.29	679.223	4.70894
NM_144659.7	3805	3577.29	0	0
NM_144660.3	6988	6760.29	0	0
NM_144661.4	990	762.293	3.30681	0.195222
NM_144662.3	1812	1584.29	1.57188e-07	4.46505e-09
NM_144664.5	3932	3704.29	442.635	5.37753
NM_144665.4	9563	9335.29	805.492	3.88307
NM_144666.3	14876	14648.3	136.868	0.420492
NM_144668.6	3729	3501.29	47.5455	0.611115
NM_144669.3	2783	2555.29	0	0
NM_144670.6	5127	4899.29	0	0
NM_144671.6	3114	2886.29	454.944	7.09349
NM_144672.4	3878	3650.29	6.78888	0.0836975
NM_144673.3	1048	820.293	3	0.164587
NM_144674.2	1597	1369.29	0	0
NM_144675.3	4539	4311.29	12	0.125261
NM_144676.4	913	685.293	40	2.62679
NM_144677.3	4554	4326.29	25.1277	0.261384
NM_144679.3	2251	2023.29	9.61163e-06	2.13787e-07
NM_144680.4	2773	2545.29	45.9497	0.812433
NM_144681.3	1373	1145.29	0	0
NM_144682.6	8398	8170.29	26.5246	0.146101
NM_144683.4	1929	1701.29	76	2.01037
NM_144684.4	4746	4518.29	713.638	7.10797
NM_144685.5	2446	2218.29	12	0.243447
NM_144686.4	2362	2134.29	2.93478	0.061882
NM_144687.4	3634	3406.29	0	0
NM_144688.5	2343	2115.29	0	0
NM_144689.5	3639	3411.29	174.034	2.29592
NM_144690.3	2839	2611.29	0	0
NM_144691.4	3129	2901.29	0	0
NM_144693.3	7008	6780.29	0	0
NM_144694.5	5283	5055.29	3.08962e-06	2.75044e-08
NM_144695.4	4104	3876.29	1913.58	22.2163
NM_144696.6	3391	3163.29	0	0
NM_144697.4	2011	1783.29	116.945	2.95121
NM_144698.5	3359	3131.29	34.7921	0.500034
NM_144699.4	3809	3581.29	0	0
NM_144701.3	2858	2630.29	0	0
NM_144702.3	1977	1749.29	2.65916	0.0684107
NM_144703.3	2576	2348.29	474.176	9.08719
NM_144704.3	2321	2093.29	0	0
NM_144705.4	1512	1284.29	0	0
NM_144706.4	1627	1399.29	5.29467	0.170284
NM_144707.4	3822	3594.29	0	0
NM_144708.3	4443	4215.29	0	0
NM_144709.4	4025	3797.29	0	0
NM_144710.5	3014	2786.29	4416.69	71.3367
NM_144711.6	4081	3853.29	0	0
NM_144712.5	1971	1743.29	0	0
NM_144713.5	1985	1757.29	0	0
NM_144715.4	2860	2632.29	0	0
NM_144716.6	1002	774.293	28.8797	1.67853
NM_144717.4	1929	1701.29	27	0.714212
NM_144718.4	5417	5189.29	81.8783	0.710073
NM_144719.4	5456	5228.29	0	0
NM_144720.4	2545	2317.29	0	0
NM_144721.6	3549	3321.29	337.895	4.57843
NM_144722.4	3008	2780.29	32.4552	0.525334
NM_144723.3	1544	1316.29	2400	82.0542
NM_144725.4	2408	2180.29	0	0
NM_144726.3	3364	3136.29	0	0
NM_144727.3	1989	1761.29	0	0
NM_144732.5	3524	3296.29	401.02	5.47498
NM_144736.5	2184	1956.29	155.887	3.58607
NM_144765.3	1131	903.293	0	0
NM_144766.3	1514	1286.29	1	0.0349866
NM_144769.4	2039	1811.29	0	0
NM_144770.5	1955	1727.29	0	0
NM_144772.3	1111	883.293	948	48.2998
NM_144773.4	4446	4218.29	2.70206	0.028827
NM_144775.3	8297	8069.29	1556.05	8.67822
NM_144777.3	3194	2966.29	0	0
NM_144778.4	4691	4463.29	80.888	0.815588
NM_144779.3	938	710.293	638.685	40.4661
NM_144781.3	2682	2454.29	292.735	5.36773
NM_144947.3	1287	1059.29	0	0
NM_144949.3	4766	4538.29	4164.68	41.2982
NM_144956.3	1085	857.293	0	0
NM_144957.3	1049	821.293	0	0
NM_144962.3	901	673.361	1	0.0668335
NM_144963.4	5529	5301.29	2910.71	24.7092
NM_144964.4	2293	2065.29	119.898	2.61261
NM_144965.3	2874	2646.29	0	0
NM_144966.7	7600	7372.29	0	0
NM_144967.4	2985	2757.29	0	0
NM_144968.4	1966	1738.29	1.88705	0.0488543
NM_144969.3	5578	5350.29	5.64339	0.0474684
NM_144970.3	4244	4016.29	573.776	6.42924
NM_144972.5	2555	2327.29	3.34863	0.0647527
NM_144973.4	9506	9278.29	178.619	0.866369
NM_144974.5	2059	1831.29	41.0165	1.00796
NM_144975.4	10555	10327.3	8555.11	37.2805
NM_144976.4	2885	2657.29	229	3.87827
NM_144977.5	2327	2099.29	0	0
NM_144978.3	2375	2147.29	143.504	3.00757
NM_144979.5	2524	2296.29	0	0
NM_144980.4	1822	1594.29	0	0
NM_144981.3	796	568.487	0	0
NM_144982.5	7037	6809.29	2662.92	17.5994
NM_144984.4	2183	1955.29	10.0824	0.232057
NM_144985.4	3415	3187.29	271.925	3.83945
NM_144987.4	707	479.9	91.9833	8.62583
NM_144988.4	9375	9147.29	366.256	1.80192
NM_144989.3	1111	883.293	97.8705	4.98642
NM_144990.4	1961	1733.29	0	0
NM_144991.3	3958	3730.29	5	0.0603211
NM_144992.5	5064	4836.29	0	0
NM_144994.8	2584	2356.29	69	1.31784
NM_144996.4	3650	3422.29	39.512	0.519582
NM_144997.7	3667	3439.29	658.562	8.61727
NM_144998.4	711	483.852	571.324	53.139
NM_144999.4	2698	2470.29	1005.96	18.3262
NM_145000.5	4625	4397.29	0	0
NM_145001.4	878	650.427	0	0
NM_145003.5	1905	1677.29	0	0
NM_145004.7	2524	2296.29	0	0
NM_145005.7	1950	1722.29	12.3075	0.321591
NM_145006.4	1196	968.293	71.7006	3.33241
NM_145007.5	3852	3624.29	0	0
NM_145008.3	1690	1462.29	9.55572	0.294084
NM_145010.4	3378	3150.29	4.37845	0.0625477
NM_145011.4	4152	3924.29	308.733	3.5405
NM_145012.6	5068	4840.29	3409.21	31.6975
NM_145014.3	1812	1584.29	32.4254	0.921069
NM_145015.5	2132	1904.29	2152.39	50.8663
NM_145016.4	1560	1332.29	22.6773	0.766009
NM_145017.3	1532	1304.29	19	0.655572
NM_145018.4	3524	3296.29	1107.89	15.1256
NM_145019.4	4836	4608.29	9.82641	0.0959615
NM_145020.5	1824	1596.29	7	0.197346
NM_145021.6	5281	5053.29	526.086	4.68516
NM_145023.6	2130	1902.29	0	0
NM_145024.3	2027	1799.29	0	0
NM_145025.5	2548	2320.29	57.8513	1.12205
NM_145026.4	4130	3902.29	3.23885	0.0373519
NM_145027.6	9085	8857.29	0	0
NM_145028.5	1390	1162.29	0	0
NM_145029.4	937	709.293	0	0
NM_145030.4	963	735.293	519.83	31.8158
NM_145032.3	3116	2888.29	0	0
NM_145034.5	7900	7672.29	168.014	0.985515
NM_145037.4	8568	8340.29	503.615	2.71744
NM_145038.5	2487	2259.29	0	0
NM_145040.3	1028	800.293	5956.74	334.967
NM_145041.4	3266	3038.29	204.503	3.02909
NM_145043.4	2699	2471.29	162.606	2.9611
NM_145044.4	3060	2832.29	70.9106	1.12672
NM_145045.5	2123	1895.29	4.32222	0.10263
NM_145046.5	1263	1035.29	0	0
NM_145047.5	1455	1227.29	108.4	3.97488
NM_145048.5	6228	6000.29	165.352	1.24017
NM_145049.5	2179	1951.29	2020	46.5877
NM_145051.5	2566	2338.29	0	0
NM_145052.4	2474	2246.29	291.607	5.84217
NM_145053.5	2307	2079.29	3	0.0649304
NM_145054.5	2166	1938.29	0	0
NM_145055.5	5456	5228.29	180.091	1.55016
NM_145056.3	2939	2711.29	600.798	9.97228
NM_145057.4	896	668.361	210	14.14
NM_145058.3	1752	1524.29	241.61	7.13327
NM_145059.3	3907	3679.29	193	2.36067
NM_145060.4	2849	2621.29	1152.7	19.7899
NM_145061.6	2869	2641.29	1944.18	33.1255
NM_145062.3	2167	1939.29	407.964	9.46719
NM_145063.4	3101	2873.29	9.03496e-07	1.4151e-08
NM_145064.3	1645	1417.29	11.3445	0.360219
NM_145065.3	2704	2476.29	138.192	2.51145
NM_145068.4	5927	5699.29	41.7109	0.32936
NM_145071.4	2019	1791.29	81.1927	2.03982
NM_145074.2	2259	2031.29	4.77883	0.105875
NM_145080.4	1042	814.293	889.778	49.1748
NM_145102.4	5083	4855.29	50.3578	0.46676
NM_145109.3	2256	2028.29	3391.88	75.258
NM_145111.4	2468	2240.29	240.038	4.82188
NM_145112.3	1983	1755.29	1002.16	25.694
NM_145113.3	2111	1883.29	0	0
NM_145114.3	905	677.361	28.153	1.87045
NM_145115.3	4352	4124.29	212.304	2.31659
NM_145117.5	11492	11264.3	0.0884005	0.000353178
NM_145119.4	2803	2575.29	105.414	1.84211
NM_145159.3	5659	5431.29	0	0
NM_145160.3	2344	2116.29	395.148	8.40283
NM_145165.4	3521	3293.29	244.422	3.34005
NM_145166.4	5494	5266.29	229.601	1.96205
NM_145167.3	7038	6810.29	934.875	6.17774
NM_145168.3	11548	11320.3	3.63835	0.014464
NM_145169.3	1033	805.293	1315.22	73.4998
NM_145171.4	599	373.876	0	0
NM_145172.5	2990	2762.29	46.0636	0.750465
NM_145173.4	3378	3150.29	664.913	9.49852
NM_145174.2	2565	2337.29	9.39762	0.180945
NM_145175.4	6319	6091.29	0.000449477	3.32078e-06
NM_145176.3	5572	5344.29	19.37	0.16311
NM_145177.3	2579	2351.29	619.195	11.8512
NM_145178.4	1519	1291.29	1	0.0348512
NM_145182.3	700	472.947	25.1326	2.39148
NM_145185.4	3375	3147.29	201.783	2.88529
NM_145186.3	5980	5752.29	5.49936	0.0430243
NM_145197.3	1520	1292.29	0	0
NM_145198.3	1508	1280.29	4.92291	0.173043
NM_145199.3	1266	1038.29	36.5375	1.58366
NM_145200.5	3991	3763.29	0	0
NM_145201.6	1682	1454.29	209.49	6.48266
NM_145202.5	744	516.753	0	0
NM_145203.6	2406	2178.29	0	0
NM_145204.4	4178	3950.29	62.9916	0.717622
NM_145205.6	2343	2115.29	0	0
NM_145206.4	4174	3946.29	940.088	10.7207
NM_145207.3	8116	7888.29	464.762	2.65149
NM_145208.3	727	499.753	0	0
NM_145212.4	4435	4207.29	1483.8	15.8714
NM_145214.3	2710	2482.29	768.082	13.9251
NM_145230.4	1723	1495.29	130.489	3.92727
NM_145231.4	3136	2908.29	275.146	4.25762
NM_145232.4	2126	1898.29	355	8.41603
NM_145233.4	1702	1474.29	47.6485	1.45448
NM_145234.4	3912	3684.29	0	0
NM_145235.5	1271	1043.29	44.6752	1.92709
NM_145236.3	3539	3311.29	9	0.122317
NM_145238.6	9452	9224.29	48.529	0.236761
NM_145239.3	2462	2234.29	0	0
NM_145241.5	4868	4640.29	22.1565	0.214881
NM_145243.5	1861	1633.29	175.883	4.84622
NM_145244.4	2604	2376.29	840	15.9082
NM_145245.5	3870	3642.29	497.83	6.15104
NM_145246.5	3109	2881.29	619.957	9.68315
NM_145247.5	1451	1223.29	358.883	13.2028
NM_145248.5	759	531.648	0	0
NM_145249.3	693	466.041	98.4411	9.50592
NM_145250.5	1766	1538.29	0	0
NM_145251.4	4864	4636.29	1806.66	17.5367
NM_145252.3	689	462.088	0	0
NM_145253.3	1374	1146.29	599.349	23.5302
NM_145254.3	5028	4800.29	200.748	1.88203
NM_145255.4	1749	1521.29	1104.24	32.6658
NM_145256.3	2427	2199.29	0	0
NM_145257.5	5217	4989.29	1753.79	15.8191
NM_145259.3	8853	8625.29	40	0.208703
NM_145260.3	1906	1678.29	625.843	16.7819
NM_145261.4	1416	1188.29	536.49	20.318
NM_145262.4	3791	3563.29	45.3024	0.572153
NM_145263.4	4430	4202.29	21.5236	0.2305
NM_145265.3	9283	9055.29	1237.68	6.15105
NM_145266.6	7967	7739.29	886.601	5.15548
NM_145267.3	1183	955.293	132.052	6.22086
NM_145268.4	1160	932.293	0	0
NM_145269.5	4198	3970.29	795.363	9.01541
NM_145270.3	2245	2017.29	0	0
NM_145271.4	1106	878.293	180.445	9.24585
NM_145272.4	1041	813.293	0	0
NM_145273.4	2768	2540.29	0	0
NM_145276.3	2699	2471.29	6.54441	0.119176
NM_145277.5	1940	1712.29	2	0.0525647
NM_145278.5	3774	3546.29	14.0075	0.177758
NM_145279.5	2800	2572.29	49.3369	0.863165
NM_145280.7	4765	4537.29	39.0184	0.387003
NM_145282.5	1212	984.293	0	0
NM_145283.3	1388	1160.29	0	0
NM_145284.5	3480	3252.29	257.299	3.56034
NM_145285.3	2088	1860.29	0	0
NM_145286.3	1886	1658.29	0	0
NM_145287.4	6760	6532.29	129.283	0.890675
NM_145288.3	1634	1406.29	67	2.14408
NM_145290.4	4577	4349.29	1012.33	10.4748
NM_145291.4	2886	2658.29	76.2482	1.29083
NM_145292.4	1663	1435.29	0	0
NM_145294.5	5540	5312.29	4.97933e-06	4.21824e-08
NM_145295.4	2803	2575.29	337.215	5.8928
NM_145296.2	2189	1961.29	0	0
NM_145297.4	1101	873.293	113.936	5.8714
NM_145298.6	4496	4268.29	30.9832	0.326674
NM_145301.3	1466	1238.29	48.2501	1.75354
NM_145304.4	1153	925.293	0	0
NM_145305.3	2507	2279.29	2167.45	42.7949
NM_145306.3	1073	845.293	0	0
NM_145307.4	6886	6658.29	80.9664	0.547248
NM_145309.6	2129	1901.29	17.3769	0.411307
NM_145312.4	2024	1796.29	110.024	2.75647
NM_145313.4	3382	3154.29	0	0
NM_145314.3	870	642.427	0	0
NM_145315.5	5048	4820.29	130.46	1.218
NM_145316.4	1549	1321.29	2.44957	0.0834322
NM_145320.2	6366	6138.29	2.46521e-08	1.80738e-10
NM_145321.2	6351	6123.29	0	0
NM_145322.2	6258	6030.29	0	0
NM_145326.3	1693	1465.29	6.26672	0.192468
NM_145330.3	401	192.714	343.99	80.3292
NM_145331.3	4932	4704.29	0.00159921	1.52987e-05
NM_145332.3	4816	4588.29	11.5016	0.11281
NM_145333.3	4735	4507.29	111.868	1.11694
NM_145341.4	3565	3337.29	28.3956	0.382912
NM_145343.3	2949	2721.29	36.8792	0.609886
NM_145345.3	1938	1710.29	9.07317	0.238743
NM_145350.3	3391	3163.29	7.24233	0.103034
NM_145637.3	2686	2458.29	266.543	4.87951
NM_145638.3	3643	3415.29	91.0081	1.19921
NM_145639.2	2041	1813.29	92.9988	2.30808
NM_145640.2	2145	1917.29	0	0
NM_145641.3	3627	3399.29	0	0
NM_145642.3	3564	3336.29	0	0
NM_145644.3	1475	1247.29	15.6567	0.564904
NM_145647.4	3478	3250.29	393.398	5.44694
NM_145648.4	2751	2523.29	1095.24	19.5337
NM_145649.5	4505	4277.29	0	0
NM_145650.4	3299	3071.29	1	0.0146528
NM_145651.3	435	221.33	0	0
NM_145652.4	1009	781.293	0	0
NM_145654.4	1163	935.293	0	0
NM_145655.4	4200	3972.29	0	0
NM_145657.3	1823	1595.29	0	0
NM_145658.4	1406	1178.29	72	2.74993
NM_145659.3	1044	816.293	0	0
NM_145660.2	3232	3004.29	0	0
NM_145661.2	908	680.293	0	0
NM_145662.4	408	198.624	0	0
NM_145663.3	3015	2787.29	0.200931	0.00324419
NM_145685.3	3579	3351.29	31.1053	0.4177
NM_145686.4	7637	7409.29	1473.96	8.95267
NM_145687.4	7454	7226.29	1283.45	7.99292
NM_145689.3	2658	2430.29	867.241	16.0592
NM_145690.3	5011	4783.29	27197.9	255.888
NM_145691.4	1553	1325.29	216.87	7.36428
NM_145693.4	5340	5112.29	868.597	7.64619
NM_145695.2	3360	3132.29	0	0
NM_145697.3	1964	1736.29	2271.13	58.8657
NM_145698.5	3903	3675.29	6.57188e-08	8.0471e-10
NM_145699.4	1358	1130.29	0	0
NM_145701.4	1872	1644.29	18.2499	0.499485
NM_145702.4	6675	6447.29	217.787	1.52019
NM_145714.3	3882	3654.29	175.864	2.16579
NM_145715.3	3186	2958.29	269	4.09217
NM_145716.4	3252	3024.29	238.522	3.54933
NM_145719.3	2028	1800.29	3	0.0749929
NM_145720.4	2438	2210.29	4	0.0814427
NM_145725.3	7806	7578.29	1581.96	9.39435
NM_145726.3	7731	7503.29	20.6669	0.123955
NM_145728.3	7353	7125.29	284.072	1.79419
NM_145729.3	883	655.427	789.612	54.2165
NM_145730.3	4135	3907.29	2304.96	26.5479
NM_145731.4	1287	1059.29	43.6755	1.85551
NM_145733.3	2618	2390.29	0	0
NM_145735.3	6120	5892.29	0	0
NM_145738.3	1318	1090.29	0	0
NM_145739.3	10273	10045.3	0	0
NM_145740.5	1218	990.293	1	0.0454442
NM_145753.2	6015	5787.29	707.941	5.50509
NM_145754.5	3352	3124.29	0.0762392	0.00109817
NM_145755.3	4233	4005.29	0	0
NM_145756.3	2791	2563.29	0	0
NM_145759.3	3978	3750.29	0	0
NM_145762.3	1561	1333.29	0	0
NM_145764.3	910	682.293	33.4415	2.20575
NM_145791.3	980	752.293	108.094	6.46633
NM_145792.3	929	701.293	28.2705	1.81416
NM_145793.7	9052	8824.29	46.622	0.237768
NM_145796.4	6370	6142.29	0	0
NM_145798.3	3664	3436.29	49.7412	0.651431
NM_145799.4	4495	4267.29	42.058	0.443545
NM_145800.4	2407	2179.29	18.9586	0.391502
NM_145802.4	2362	2134.29	79.288	1.67184
NM_145803.3	7978	7750.29	0	0
NM_145804.3	4905	4677.29	429	4.12767
NM_145805.3	1831	1603.29	0	0
NM_145806.4	1084	856.293	1008.73	53.0143
NM_145807.4	1846	1618.29	0.532876	0.0148187
NM_145808.4	3782	3554.29	13217	167.349
NM_145810.3	2541	2313.29	626.373	12.1855
NM_145811.3	10576	10348.3	3.00907	0.013086
NM_145812.3	2210	1982.29	0	0
NM_145814.2	2501	2273.29	0	0
NM_145815.2	2363	2135.29	0	0
NM_145858.3	1598	1370.29	554	18.1944
NM_145859.2	1925	1697.29	234.958	6.22981
NM_145860.2	1852	1624.29	1248.84	34.6006
NM_145861.4	3088	2860.29	9.0029	0.141649
NM_145862.2	1775	1547.29	48.9801	1.42459
NM_145863.3	2017	1789.29	34.5991	0.870213
NM_145865.3	4323	4095.29	7.87313	0.0865176
NM_145866.2	13724	13496.3	5.05022e-06	1.68399e-08
NM_145867.2	801	573.487	6	0.470836
NM_145868.2	6734	6506.29	1317.36	9.11196
NM_145869.2	6930	6702.29	330.975	2.22236
NM_145870.3	1186	958.293	213.641	10.0329
NM_145871.3	1060	832.293	7.42274	0.401356
NM_145872.3	1505	1277.29	0	0
NM_145886.4	2984	2756.29	22.7425	0.371325
NM_145887.4	2933	2705.29	21.208	0.3528
NM_145888.3	2984	2756.29	0	0
NM_145891.3	4009	3781.29	0	0
NM_145892.3	3931	3703.29	0	0
NM_145893.3	4062	3834.29	0	0
NM_145894.2	1182	954.293	0	0
NM_145895.2	922	694.293	0	0
NM_145897.3	461	244.098	242.215	44.656
NM_145898.4	577	352.35	0	0
NM_145899.3	1920	1692.29	26278	698.81
NM_145901.3	2160	1932.29	5399.03	125.743
NM_145902.3	2127	1899.29	1726.48	40.9084
NM_145903.3	1773	1545.29	483.254	14.0736
NM_145905.3	1849	1621.29	529.736	14.7042
NM_145909.3	3185	2957.29	7.06063	0.107446
NM_145910.4	2070	1842.29	0	0
NM_145911.3	3275	3047.29	22.2423	0.328479
NM_145912.8	5613	5385.29	0	0
NM_145913.5	4009	3781.29	1	0.0119015
NM_145914.3	2009	1781.29	186.866	4.72102
NM_145918.3	1509	1281.29	6745.72	236.931
NM_146387.2	1345	1117.29	651.021	26.2223
NM_146388.2	2149	1921.29	264.027	6.18439
NM_146421.3	1053	825.293	54.5671	2.97553
NM_147127.5	4382	4154.29	302.215	3.27387
NM_147128.4	3167	2939.29	458.653	7.02236
NM_147129.5	4913	4685.29	11.4954	0.110416
NM_147130.3	1063	835.293	0	0
NM_147134.4	3550	3322.29	750.28	10.1631
NM_147147.4	5509	5281.29	0	0
NM_147148.3	1345	1117.29	33.0436	1.33095
NM_147150.3	7579	7351.29	380.336	2.32834
NM_147152.3	4591	4363.29	0	0
NM_147156.4	3717	3489.29	429.154	5.53501
NM_147157.3	1579	1351.29	95.0257	3.16471
NM_147161.4	3084	2856.29	408.857	6.44185
NM_147163.2	983	755.293	7.91606	0.471667
NM_147164.3	2038	1810.29	0	0
NM_147168.2	701	473.947	0	0
NM_147169.3	547	323.768	0	0
NM_147172.3	927	699.293	0	0
NM_147173.3	885	657.427	276.143	18.9029
NM_147175.4	4417	4189.29	0	0
NM_147180.4	3366	3138.29	0	0
NM_147181.4	2268	2040.29	0	0
NM_147182.4	2380	2152.29	0	0
NM_147183.3	2178	1950.29	10.8114	0.249474
NM_147184.4	1254	1026.29	686.79	30.1158
NM_147185.3	12452	12224.3	283.751	1.04461
NM_147187.3	3911	3683.29	770.742	9.41706
NM_147188.3	10707	10479.3	527.711	2.26624
NM_147189.4	3465	3237.29	11.7693	0.16361
NM_147190.5	2507	2279.29	1429.14	28.2173
NM_147191.1	1919	1691.29	0	0
NM_147192.4	5065	4837.29	19.3158	0.179702
NM_147193.4	2809	2581.29	0	0
NM_147195.4	3971	3743.29	0	0
NM_147196.3	1765	1537.29	0	0
NM_147197.2	615	389.417	1	0.115565
NM_147198.4	675	448.496	0	0
NM_147199.4	1504	1276.29	0	0
NM_147200.3	5944	5716.29	156.593	1.23282
NM_147202.2	3594	3366.29	578.601	7.73517
NM_147203.2	1373	1145.29	0	0
NM_147204.2	3012	2784.29	0	0
NM_147223.3	7302	7074.29	199.658	1.27012
NM_147233.2	6892	6664.29	117.155	0.79113
NM_147686.4	5833	5605.29	1587.75	12.7475
NM_147777.4	1650	1422.29	66.0239	2.08907
NM_147780.4	3895	3667.29	278.32	3.4154
NM_147781.4	3852	3624.29	83.0021	1.03064
NM_147782.4	3821	3593.29	6859.32	85.9075
NM_147783.4	3807	3579.29	410.001	5.15501
NM_148169.3	2176	1948.29	7.99669	0.184713
NM_148170.5	6100	5872.29	561.365	4.3021
NM_148172.3	1021	793.293	657.085	37.2761
NM_148173.2	926	698.293	0	0
NM_148174.4	4196	3968.29	5014.07	56.8629
NM_148175.3	4926	4698.29	172.282	1.65022
NM_148176.3	2676	2448.29	245.271	4.50843
NM_148177.3	6426	6198.29	0	0
NM_148178.3	872	644.427	149.374	10.4314
NM_148179.3	1076	848.293	52.6256	2.79186
NM_148414.3	4070	3842.29	60.298	0.706244
NM_148415.3	3851	3623.29	631.602	7.84481
NM_148416.3	3828	3600.29	667.252	8.34054
NM_148672.3	3126	2898.29	0	0
NM_148674.5	4233	4005.29	0	0
NM_148842.3	2343	2115.29	7.65253	0.162808
NM_148886.2	3212	2984.29	0	0
NM_148887.3	1847	1619.29	26.6227	0.739892
NM_148893.3	4479	4251.29	100.525	1.06414
NM_148894.3	10567	10339.3	1947.08	8.47492
NM_148896.5	575	350.386	1.38478	0.17786
NM_148897.3	1789	1561.29	0	0
NM_148898.4	6618	6390.29	1.20439e-06	8.48184e-09
NM_148899.3	1410	1182.29	0	0
NM_148900.4	6594	6366.29	0	0
NM_148901.2	872	644.427	0	0
NM_148902.2	1062	834.293	0	0
NM_148903.3	2472	2244.29	4.00409	0.080291
NM_148904.4	3559	3331.29	6.28826	0.0849493
NM_148905.4	3463	3235.29	0	0
NM_148906.3	3609	3381.29	11.3251	0.150731
NM_148907.3	3436	3208.29	51.0806	0.716513
NM_148908.4	3621	3393.29	0	0
NM_148909.4	3690	3462.29	0	0
NM_148910.3	1213	985.293	17.5805	0.802987
NM_148911.1	2794	2566.29	0	0
NM_148912.4	1418	1190.29	374.48	14.1585
NM_148913.4	1397	1169.29	0	0
NM_148918.3	2410	2182.29	163.154	3.36456
NM_148919.4	1124	896.293	381.333	19.1468
NM_148920.4	2896	2668.29	346.408	5.84247
NM_148921.4	4675	4447.29	2224.79	22.5131
NM_148923.4	3231	3003.29	463.622	6.94719
NM_148955.4	8019	7791.29	35.6632	0.205993
NM_148956.4	2336	2108.29	350.18	7.47485
NM_148957.4	4438	4210.29	127.612	1.36402
NM_148959.4	1162	934.293	1	0.048168
NM_148960.3	2841	2613.29	2.00688	0.0345601
NM_148961.4	571	346.526	0	0
NM_148962.5	1637	1409.29	1	0.0319331
NM_148963.4	2908	2680.29	0	0
NM_148964.3	2072	1844.29	0	0
NM_148965.2	1995	1767.29	266.455	6.78511
NM_148966.2	1857	1629.29	0	0
NM_148967.2	1833	1605.29	0	0
NM_148970.2	1419	1191.29	0	0
NM_148975.3	1522	1294.29	0	0
NM_148976.3	1499	1271.29	133.224	4.71607
NM_148977.3	3155	2927.29	270.204	4.15402
NM_148978.3	6225	5997.29	0	0
NM_152132.3	934	706.293	4.07153	0.259427
NM_152133.3	3546	3318.29	0	0
NM_152219.4	4086	3858.29	80.5425	0.939447
NM_152221.3	2817	2589.29	4165.27	72.3943
NM_152222.2	3402	3174.29	480.211	6.80812
NM_152224.2	2752	2524.29	0	0
NM_152226.2	2650	2422.29	0	0
NM_152227.3	2099	1871.29	2613.67	62.8567
NM_152228.3	3475	3247.29	0	0
NM_152230.5	6093	5865.29	1180	9.05388
NM_152231.2	3359	3131.29	0	0
NM_152232.6	2520	2292.29	0	0
NM_152233.4	3282	3054.29	5270.4	77.656
NM_152236.3	2519	2291.29	191.531	3.76184
NM_152238.4	1571	1343.29	22.2504	0.745433
NM_152240.3	9054	8826.29	186.832	0.952608
NM_152243.3	2148	1920.29	5764	135.082
NM_152244.2	3052	2824.29	43.7998	0.697919
NM_152245.3	2879	2651.29	14.8211	0.251573
NM_152246.3	2603	2375.29	3.14966	0.0596745
NM_152250.3	1283	1055.29	2.98782	0.127416
NM_152251.4	336	142.48	0	0
NM_152259.4	6788	6560.29	1452.71	9.96547
NM_152260.3	2365	2137.29	429.877	9.05153
NM_152261.4	3228	3000.29	3290.72	49.3594
NM_152262.3	2617	2389.29	0	0
NM_152263.4	7064	6836.29	25.9555	0.170864
NM_152264.5	2330	2102.29	0	0
NM_152265.5	4533	4305.29	1896.82	19.8274
NM_152266.5	2313	2085.29	215.594	4.65277
NM_152267.4	3182	2954.29	1376.57	20.9695
NM_152268.4	2356	2128.29	226	4.7788
NM_152269.5	1554	1326.29	485.982	16.4901
NM_152270.4	4924	4696.29	403.687	3.8684
NM_152271.5	3618	3390.29	178.382	2.36786
NM_152272.5	3410	3182.29	194.486	2.75037
NM_152274.5	1253	1025.29	589.194	25.8614
NM_152275.4	5744	5516.29	557.044	4.54448
NM_152277.3	2988	2760.29	2076.54	33.8554
NM_152278.5	1134	906.293	376.704	18.7057
NM_152279.4	6197	5969.29	419.678	3.16399
NM_152280.5	5182	4954.29	761.776	6.91971
NM_152281.3	2540	2312.29	396.642	7.71966
NM_152282.5	3476	3248.29	22.1853	0.307363
NM_152283.5	4014	3786.29	0	0
NM_152284.4	1852	1624.29	1.03415	0.0286525
NM_152285.4	1556	1328.29	202.837	6.87218
NM_152286.5	4600	4372.29	0	0
NM_152287.4	4594	4366.29	224.531	2.31422
NM_152288.3	2204	1976.29	361	8.2205
NM_152289.3	4529	4301.29	334.867	3.50361
NM_152290.4	3564	3336.29	0	0
NM_152291.3	2363	2135.29	0	0
NM_152292.5	3765	3537.29	3.29484	0.0419185
NM_152293.3	4369	4141.29	1054.93	11.4638
NM_152295.5	2672	2444.29	7712.29	141.995
NM_152296.5	3551	3323.29	0	0
NM_152298.4	2208	1980.29	1718.92	39.0632
NM_152299.4	3337	3109.29	2376.47	34.3964
NM_152304.3	1891	1663.29	34.6662	0.937949
NM_152305.3	3508	3280.29	1033.3	14.176
NM_152307.3	3217	2989.29	1121	16.8764
NM_152308.3	1427	1199.29	700.02	26.268
NM_152309.3	4800	4572.29	0	0
NM_152310.3	1400	1172.29	10	0.383889
NM_152311.5	1146	918.293	0	0
NM_152312.5	2552	2324.29	0	0
NM_152313.4	6037	5809.29	1210.96	9.38102
NM_152315.5	4692	4464.29	0	0
NM_152316.3	2373	2145.29	609.696	12.7899
NM_152317.4	1155	927.293	0	0
NM_152318.3	23524	23296.3	306.012	0.591145
NM_152319.4	904	676.361	0	0
NM_152320.3	7400	7172.29	4.14219e-07	2.59905e-09
NM_152321.4	1547	1319.29	0	0
NM_152323.3	1217	989.293	0	0
NM_152324.3	736	508.753	0	0
NM_152325.3	1523	1295.29	0	0
NM_152326.4	6705	6477.29	198.277	1.3776
NM_152327.5	3283	3055.29	0	0
NM_152328.5	1723	1495.29	15.3177	0.46101
NM_152329.4	1502	1274.29	635.177	22.432
NM_152330.4	4776	4548.29	5649.82	55.9022
NM_152331.4	1465	1237.29	5	0.181861
NM_152332.6	5156	4928.29	0	0
NM_152333.4	2247	2019.29	0	0
NM_152334.3	3481	3253.29	332.096	4.59391
NM_152335.5	2372	2144.29	0	0
NM_152336.4	3904	3676.29	0	0
NM_152337.3	1599	1371.29	1.67829	0.0550779
NM_152338.4	3116	2888.29	1.00545	0.0156661
NM_152339.4	2331	2103.29	129.451	2.7698
NM_152341.5	2685	2457.29	718.129	13.1519
NM_152342.4	8427	8199.29	1139	6.25158
NM_152343.3	1266	1038.29	0	0
NM_152344.4	2452	2224.29	2840.97	57.48
NM_152345.5	3550	3322.29	56.3996	0.763977
NM_152346.3	8133	7905.29	101.214	0.576188
NM_152347.5	3957	3729.29	3.72357	0.044934
NM_152348.4	3807	3579.29	126.647	1.59236
NM_152349.3	2703	2475.29	4	0.0727236
NM_152351.6	4014	3786.29	0	0
NM_152352.4	4210	3982.29	1043.85	11.7963
NM_152353.3	974	746.293	0	0
NM_152354.6	6031	5803.29	22.8661	0.177321
NM_152355.3	4448	4220.29	336	3.58294
NM_152356.4	2888	2660.29	15.0298	0.254252
NM_152357.3	4215	3987.29	149.863	1.69145
NM_152358.3	814	586.487	0	0
NM_152359.3	2777	2549.29	108.996	1.92413
NM_152360.4	2512	2284.29	10.1092	0.199162
NM_152361.3	1866	1638.29	131.335	3.60772
NM_152362.3	3816	3588.29	734.898	9.21683
NM_152363.6	2962	2734.29	24.6334	0.405435
NM_152365.3	1855	1627.29	0	0
NM_152366.5	1347	1119.29	2.655	0.106749
NM_152367.3	6376	6148.29	43.9129	0.321425
NM_152369.5	2274	2046.29	0	0
NM_152371.5	2747	2519.29	492.781	8.80273
NM_152372.4	5760	5532.29	89.8473	0.730874
NM_152373.4	2019	1791.29	151	3.79361
NM_152374.2	2628	2400.29	1233.67	23.1301
NM_152375.3	5045	4817.29	0	0
NM_152376.5	5562	5334.29	0.563897	0.00475735
NM_152377.3	2028	1800.29	0	0
NM_152379.4	1430	1202.29	430.34	16.1081
NM_152380.3	3445	3217.29	199.937	2.79669
NM_152381.6	12682	12454.3	0	0
NM_152383.5	3366	3138.29	553.987	7.94417
NM_152384.3	3159	2931.29	470.662	7.2259
NM_152385.4	5330	5102.29	0	0
NM_152386.4	4983	4755.29	0	0
NM_152387.4	2939	2711.29	230.353	3.82348
NM_152388.4	5316	5088.29	843.319	7.45868
NM_152389.4	2252	2024.29	0	0
NM_152390.3	1664	1436.29	6.28403	0.196896
NM_152391.5	1717	1489.29	383.134	11.5774
NM_152393.4	2499	2271.29	0	0
NM_152394.5	2021	1793.29	0	0
NM_152395.3	6108	5880.29	1333.38	10.2046
NM_152396.4	2618	2390.29	267.021	5.02732
NM_152397.3	713	485.852	0	0
NM_152398.4	991	763.293	18.6191	1.09777
NM_152400.3	8844	8616.29	836.597	4.36956
NM_152401.3	900	672.361	0	0
NM_152402.3	2023	1795.29	67	1.67951
NM_152403.4	4720	4492.29	0	0
NM_152404.4	4918	4690.29	0	0
NM_152405.5	9096	8868.29	391	1.98417
NM_152406.4	6024	5796.29	315.867	2.45243
NM_152407.4	4020	3792.29	937	11.1194
NM_152408.3	2012	1784.29	0	0
NM_152409.3	4896	4668.29	157.782	1.52104
NM_152410.3	1628	1400.29	0	0
NM_152411.4	3209	2981.29	171.722	2.59217
NM_152412.3	3278	3050.29	72	1.06227
NM_152413.3	1373	1145.29	0	0
NM_152414.5	3263	3035.29	0	0
NM_152415.3	4519	4291.29	1139.29	11.9478
NM_152416.4	1795	1567.29	134.387	3.85879
NM_152417.3	2372	2144.29	4.27777	0.0897792
NM_152418.4	3269	3041.29	1.19482	0.0176802
NM_152419.3	5227	4999.29	3070.2	27.6376
NM_152420.3	4259	4031.29	1369.61	15.2896
NM_152421.4	2358	2130.29	14.3526	0.303204
NM_152422.4	4445	4217.29	21.8637	0.233309
NM_152423.5	4309	4081.29	0	0
NM_152424.4	8407	8179.29	196.012	1.07847
NM_152426.4	2515	2287.29	5.53595	0.108921
NM_152429.5	2553	2325.29	44	0.851564
NM_152430.4	3050	2822.29	0	0
NM_152431.3	3139	2911.29	73	1.12844
NM_152432.4	8156	7928.29	319.985	1.81632
NM_152433.4	3639	3411.29	12.4372	0.164076
NM_152434.3	3244	3016.29	569.243	8.4931
NM_152435.3	2226	1998.29	0	0
NM_152436.3	1749	1521.29	4.07393	0.120515
NM_152437.3	4312	4084.29	2461.62	27.1235
NM_152438.2	3915	3687.29	1.84783	0.0225526
NM_152439.4	2879	2651.29	0	0
NM_152440.5	4159	3931.29	167.022	1.91197
NM_152441.3	2527	2299.29	0	0
NM_152442.4	3224	2996.29	0	0
NM_152443.3	1878	1650.29	0	0
NM_152444.4	2826	2598.29	6.02034	0.104274
NM_152445.3	3992	3764.29	253.502	3.03068
NM_152446.5	4614	4386.29	1075.17	11.0312
NM_152447.5	4417	4189.29	35.9119	0.38578
NM_152448.3	1296	1068.29	0	0
NM_152449.4	2901	2673.29	0	0
NM_152450.3	3458	3230.29	63.5246	0.884998
NM_152451.8	2314	2086.29	0	0
NM_152453.4	1212	984.293	0	0
NM_152455.4	5606	5378.29	14.1641	0.118519
NM_152456.3	1775	1547.29	0	0
NM_152457.3	5483	5255.29	207	1.77262
NM_152458.7	3208	2980.29	190.569	2.87764
NM_152459.5	1718	1490.29	0	0
NM_152462.2	1874	1646.29	0	0
NM_152463.4	2330	2102.29	354.676	7.59243
NM_152464.3	3082	2854.29	787.118	12.4103
NM_152465.3	1600	1372.29	15.9929	0.524473
NM_152467.5	2012	1784.29	0	0
NM_152468.5	4426	4198.29	1	0.0107194
NM_152470.3	7802	7574.29	5.34338e-08	3.1748e-10
NM_152473.3	2203	1975.29	0	0
NM_152474.5	915	687.293	5	0.327394
NM_152475.3	4685	4457.29	121.449	1.22621
NM_152476.3	2815	2587.29	21.0873	0.36679
NM_152477.5	1799	1571.29	60.1264	1.72207
NM_152478.3	4916	4688.29	113.6	1.09045
NM_152479.6	828	600.427	0	0
NM_152481.2	1194	966.293	0	0
NM_152482.3	2243	2015.29	539.208	12.0409
NM_152484.3	4066	3838.29	290.175	3.40223
NM_152485.4	4684	4456.29	266.803	2.69438
NM_152486.4	2557	2329.29	879.361	16.9897
NM_152487.3	6805	6577.29	32.5043	0.222401
NM_152489.3	3250	3022.29	0	0
NM_152490.5	4719	4491.29	1057.15	10.5928
NM_152491.5	2164	1936.29	0	0
NM_152492.3	2125	1897.29	0	0
NM_152493.3	3187	2959.29	183.34	2.78811
NM_152494.4	2279	2051.29	1.85181e-06	4.06267e-08
NM_152495.2	2539	2311.29	734.413	14.2997
NM_152496.3	1926	1698.29	0	0
NM_152498.3	3037	2809.29	0	0
NM_152499.4	1472	1244.29	43.8402	1.58559
NM_152501.5	2088	1860.29	0	0
NM_152503.8	3502	3274.29	4.25833	0.0585281
NM_152504.4	1633	1405.29	49.9148	1.59847
NM_152505.4	2533	2305.29	0	0
NM_152510.4	1897	1669.29	0	0
NM_152511.5	3050	2822.29	145.245	2.31601
NM_152512.4	2680	2452.29	0	0
NM_152513.4	4016	3788.29	0	0
NM_152515.5	4723	4495.29	5708.27	57.1464
NM_152516.4	695	468.041	563.956	54.2255
NM_152517.3	3799	3571.29	219.956	2.77174
NM_152519.4	4782	4554.29	33.8427	0.334416
NM_152520.6	3395	3167.29	0	0
NM_152522.7	3242	3014.29	998.57	14.9086
NM_152523.3	3561	3333.29	8.19424	0.110631
NM_152524.6	4478	4250.29	2324.13	24.6084
NM_152525.6	2111	1883.29	0	0
NM_152526.6	8306	8078.29	73.6187	0.41012
NM_152527.5	4315	4087.29	0	0
NM_152528.3	1966	1738.29	0	0
NM_152529.7	7346	7118.29	83.5901	0.528471
NM_152531.5	2714	2486.29	1445.25	26.1598
NM_152533.3	948	720.293	0	0
NM_152534.6	8543	8315.29	0	0
NM_152536.4	5903	5675.29	0	0
NM_152538.4	3606	3378.29	0	0
NM_152539.3	1800	1572.29	0	0
NM_152540.4	3162	2934.29	2198.03	33.7111
NM_152542.5	6309	6081.29	260.619	1.92865
NM_152543.3	1263	1035.29	0	0
NM_152544.3	2874	2646.29	75.2272	1.27932
NM_152545.3	2941	2713.29	0	0
NM_152546.3	2855	2627.29	465.14	7.96741
NM_152547.5	3457	3229.29	0	0
NM_152548.3	1542	1314.29	0	0
NM_152549.3	2540	2312.29	6.27414	0.122111
NM_152550.4	3004	2776.29	80.8501	1.31056
NM_152551.4	4174	3946.29	1192.52	13.5994
NM_152553.5	10902	10674.3	0	0
NM_152556.3	3940	3712.29	966	11.7105
NM_152557.5	3896	3668.29	167.967	2.06064
NM_152558.5	6857	6629.29	473.499	3.21436
NM_152559.3	922	694.293	13.8882	0.900212
NM_152562.4	3486	3258.29	2987.21	41.2589
NM_152564.5	14011	13783.3	1572.97	5.13583
NM_152565.1	2370	2142.29	2.03257	0.042698
NM_152568.3	1683	1455.29	0	0
NM_152570.4	13705	13477.3	0	0
NM_152572.3	1579	1351.29	5.96529	0.198666
NM_152573.4	5585	5357.29	0	0
NM_152574.3	10339	10111.3	165.654	0.73729
NM_152577.4	1549	1321.29	0	0
NM_152578.3	1011	783.293	1	0.0574537
NM_152581.4	4183	3955.29	1060.48	12.0661
NM_152582.7	1321	1093.29	0	0
NM_152584.1	1058	830.293	0	0
NM_152585.3	1862	1634.29	0	0
NM_152586.4	6208	5980.29	0	0
NM_152587.5	1276	1048.29	0	0
NM_152588.3	5669	5441.29	157.002	1.29851
NM_152589.3	1711	1483.29	0	0
NM_152590.3	1757	1529.29	0	0
NM_152591.3	1966	1738.29	0	0
NM_152592.6	13557	13329.3	714.246	2.41148
NM_152594.3	7270	7042.29	4943.37	31.5901
NM_152595.5	6604	6376.29	185.261	1.30755
NM_152596.4	2999	2771.29	0	0
NM_152597.5	2816	2588.29	0	0
NM_152598.4	3071	2843.29	0	0
NM_152599.4	2256	2028.29	0	0
NM_152600.3	2922	2694.29	381.916	6.37919
NM_152601.4	4897	4669.29	55.2134	0.532152
NM_152603.5	2727	2499.29	69.1795	1.24567
NM_152604.3	6762	6534.29	0	0
NM_152606.5	3263	3035.29	0	0
NM_152607.3	1777	1549.29	0	0
NM_152608.4	3987	3759.29	957.405	11.4612
NM_152609.3	5127	4899.29	1610.09	14.7897
NM_152610.3	2051	1823.29	0	0
NM_152611.5	2935	2707.29	11	0.182852
NM_152612.3	2231	2003.29	0.227032	0.00510016
NM_152613.3	2255	2027.29	1	0.0221986
NM_152614.3	1413	1185.29	0	0
NM_152615.3	4377	4149.29	0	0
NM_152616.5	2514	2286.29	0	0
NM_152617.4	5347	5119.29	2027.63	17.8246
NM_152618.3	3238	3010.29	273.22	4.08457
NM_152620.3	1847	1619.29	0	0
NM_152621.6	6221	5993.29	8.68241	0.0651954
NM_152622.5	5196	4968.29	290.919	2.63516
NM_152623.2	2972	2744.29	0	0
NM_152624.6	10110	9882.29	366.78	1.67028
NM_152625.3	6262	6034.29	0	0
NM_152626.4	3165	2937.29	305.554	4.68148
NM_152627.3	2908	2680.29	6.66223	0.111861
NM_152628.4	2450	2222.29	0	0
NM_152629.4	6667	6439.29	0	0
NM_152630.5	3028	2800.29	0	0
NM_152631.3	2120	1892.29	0	0
NM_152632.4	3611	3383.29	0	0
NM_152633.4	2896	2668.29	116.682	1.96795
NM_152634.4	3283	3055.29	0	0
NM_152635.3	2210	1982.29	0	0
NM_152636.3	4279	4051.29	115.384	1.28172
NM_152637.3	1316	1088.29	1	0.041352
NM_152638.4	2962	2734.29	0	0
NM_152640.5	2033	1805.29	297.48	7.41571
NM_152641.4	8598	8370.29	1170.12	6.29116
NM_152643.8	7021	6793.29	0	0
NM_152644.3	728	500.753	57.6767	5.18346
NM_152647.3	3316	3088.29	0.00483995	7.05285e-05
NM_152649.4	2477	2249.29	649.325	12.9915
NM_152652.3	3233	3005.29	87.1271	1.30469
NM_152653.4	2715	2487.29	342.152	6.19062
NM_152654.3	1781	1553.29	2.37984	0.0689504
NM_152655.4	8674	8446.29	70.3229	0.374691
NM_152657.4	2245	2017.29	0	0
NM_152658.3	1349	1121.29	112.558	4.51751
NM_152660.3	3579	3351.29	488.306	6.55726
NM_152663.5	7492	7264.29	1023.33	6.33966
NM_152665.3	2262	2034.29	51.2286	1.13329
NM_152667.3	3803	3575.29	541.783	6.81955
NM_152670.3	798	570.487	0	0
NM_152671.4	2051	1823.29	4.76687e-05	1.17657e-06
NM_152672.6	1430	1202.29	0	0
NM_152673.3	2098	1870.29	0.0004201	1.01085e-05
NM_152676.3	1804	1576.29	0	0
NM_152677.4	2246	2018.29	1.00276	0.0223591
NM_152678.3	4646	4418.29	311.99	3.17781
NM_152679.4	2120	1892.29	0	0
NM_152680.3	10534	10306.3	248.329	1.08435
NM_152682.4	2601	2373.29	1843.63	34.9594
NM_152683.4	2164	1936.29	242.227	5.62981
NM_152685.4	2308	2080.29	0	0
NM_152686.4	5102	4874.29	439.075	4.05386
NM_152687.4	3016	2788.29	0	0
NM_152688.4	2329	2101.29	0	0
NM_152692.5	1808	1580.29	7.67956	0.218696
NM_152694.3	2649	2421.29	12	0.223037
NM_152695.6	4034	3806.29	351.692	4.15817
NM_152696.4	3459	3231.29	0	0
NM_152697.6	3193	2965.29	0	0
NM_152698.3	6216	5988.29	0	0
NM_152699.5	6244	6016.29	1306.39	9.77204
NM_152701.5	17188	16960.3	0	0
NM_152703.5	7150	6922.29	53.0352	0.344792
NM_152704.4	10610	10382.3	0	0
NM_152705.3	1919	1691.29	1414.25	37.6312
NM_152706.4	1039	811.293	0	0
NM_152707.4	6581	6353.29	397.237	2.8138
NM_152709.5	3387	3159.29	0	0
NM_152710.4	1560	1332.29	0	0
NM_152713.5	4501	4273.29	9950.94	104.796
NM_152715.5	5162	4934.29	922.509	8.41372
NM_152716.3	4129	3901.29	2948	34.0064
NM_152717.3	1674	1446.29	0	0
NM_152718.2	3536	3308.29	9.31132	0.126663
NM_152719.3	1605	1377.29	0	0
NM_152720.3	2331	2103.29	28.404	0.607745
NM_152721.6	9057	8829.29	83.1271	0.423701
NM_152722.5	3225	2997.29	0.405743	0.00609206
NM_152723.3	2348	2120.29	219	4.64826
NM_152724.3	3618	3390.29	1656.71	21.9914
NM_152725.4	2611	2383.29	0	0
NM_152726.3	1885	1657.29	1625.69	44.1448
NM_152727.6	2601	2373.29	1148	21.7687
NM_152729.3	6919	6691.29	326.247	2.19421
NM_152730.6	5101	4873.29	14.1955	0.13109
NM_152731.3	2568	2340.29	695.872	13.3814
NM_152732.5	2545	2317.29	7.00266	0.135995
NM_152733.3	8486	8258.29	0	0
NM_152734.4	6663	6435.29	3680.28	25.7368
NM_152735.4	2715	2487.29	463.345	8.38339
NM_152736.6	2280	2052.29	124.112	2.72154
NM_152737.4	3629	3401.29	716.419	9.47906
NM_152739.4	2064	1836.29	838.494	20.5494
NM_152740.4	1878	1650.29	1026.26	27.9858
NM_152742.3	2546	2318.29	72	1.39768
NM_152743.4	2779	2551.29	1074.79	18.9586
NM_152744.4	10593	10365.3	46	0.199719
NM_152745.3	3265	3037.29	0	0
NM_152748.4	6361	6133.29	0	0
NM_152749.3	1656	1428.29	24.3345	0.766738
NM_152750.5	6448	6220.29	51.9023	0.375507
NM_152751.3	3012	2784.29	0	0
NM_152753.4	7819	7591.29	6795.89	40.2877
NM_152754.3	6640	6412.29	0	0
NM_152755.2	1478	1250.29	1093.69	39.3661
NM_152756.5	9533	9305.29	1084.91	5.24694
NM_152758.6	5095	4867.29	4301.88	39.7752
NM_152759.5	1914	1686.29	0	0
NM_152760.3	1681	1453.29	33	1.02189
NM_152761.3	1549	1321.29	0	0
NM_152762.3	1893	1665.29	0	0
NM_152763.5	3050	2822.29	3	0.0478367
NM_152764.3	1780	1552.29	5.08229	0.147343
NM_152765.4	3155	2927.29	6	0.0922417
NM_152766.5	446	230.915	418.844	81.6286
NM_152769.3	4239	4011.29	132.095	1.48199
NM_152770.3	879	651.427	17.6344	1.21825
NM_152772.3	2277	2049.29	76.7063	1.68449
NM_152773.5	625	399.259	148	16.6821
NM_152774.3	3381	3153.29	0	0
NM_152775.4	2872	2644.29	61.3954	1.04488
NM_152778.4	4524	4296.29	208.394	2.1829
NM_152779.4	1145	917.293	0	0
NM_152780.4	3939	3711.29	0.000969981	1.1762e-05
NM_152781.4	1970	1742.29	0	0
NM_152782.4	1341	1113.29	0.0311993	0.00126118
NM_152783.5	2566	2338.29	244.32	4.70221
NM_152784.4	2556	2328.29	0	0
NM_152785.5	3281	3053.29	3.66523e-08	5.40225e-10
NM_152786.3	2131	1903.29	0	0
NM_152787.5	6647	6419.29	1069.68	7.49907
NM_152788.4	4971	4743.29	0	0
NM_152789.4	2367	2139.29	1042.13	21.9227
NM_152791.5	8504	8276.29	88.7956	0.482834
NM_152792.4	1543	1315.29	0	0
NM_152793.3	5761	5533.29	1181.63	9.61039
NM_152794.4	5864	5636.29	0	0
NM_152795.4	5856	5628.29	0	0
NM_152796.2	1777	1549.29	0	0
NM_152827.4	1439	1211.29	32.4225	1.20459
NM_152829.3	2614	2386.29	23.8206	0.449233
NM_152830.3	3228	3000.29	0	0
NM_152832.3	1212	984.293	120.066	5.48958
NM_152833.3	2827	2599.29	3037.87	52.5963
NM_152834.4	6187	5959.29	927.504	7.00428
NM_152835.5	4113	3885.29	158.872	1.84021
NM_152836.3	3109	2881.29	349.84	5.46418
NM_152837.3	3022	2794.29	39.3468	0.633694
NM_152838.4	6614	6386.29	286.274	2.01732
NM_152841.2	4778	4550.29	0	0
NM_152850.4	2455	2227.29	199.995	4.04096
NM_152851.2	1590	1362.29	0	0
NM_152852.3	1791	1563.29	0	0
NM_152854.4	1620	1392.29	7.71353	0.249324
NM_152855.3	767	539.541	0	0
NM_152856.3	3163	2935.29	173.022	2.65272
NM_152857.3	1708	1480.29	1415.12	43.0218
NM_152858.3	1727	1499.29	288.714	8.6661
NM_152860.2	2997	2769.29	5.65133	0.0918383
NM_152862.3	1410	1182.29	17263.3	657.116
NM_152864.4	1353	1125.29	0	0
NM_152866.3	3556	3328.29	0	0
NM_152867.2	3467	3239.29	0	0
NM_152868.3	2065	1837.29	0	0
NM_152869.4	2168	1940.29	0	0
NM_152871.4	3633	3405.29	343.308	4.53703
NM_152872.4	3671	3443.29	0	0
NM_152879.3	6308	6080.29	423.05	3.13119
NM_152880.4	4102	3874.29	167.286	1.94317
NM_152881.4	3832	3604.29	61.3771	0.766352
NM_152882.4	4054	3826.29	382.52	4.49902
NM_152888.3	6394	6166.29	0	0
NM_152889.3	1917	1689.29	0	0
NM_152890.7	6834	6606.29	0	0
NM_152891.3	1619	1391.29	0	0
NM_152892.3	2160	1932.29	1469.95	34.2352
NM_152896.3	3576	3348.29	2428.33	32.6382
NM_152897.3	1954	1726.29	3.22014	0.0839464
NM_152898.2	640	414.014	1	0.108699
NM_152899.2	1795	1567.29	3.30712	0.0949602
NM_152900.3	7559	7331.29	48.0999	0.295261
NM_152901.4	589	364.098	0	0
NM_152902.5	2998	2770.29	2303.12	37.4139
NM_152903.5	5234	5006.29	803.065	7.21899
NM_152904.4	4992	4764.29	0	0
NM_152905.4	4015	3787.29	1580.59	18.7817
NM_152906.7	3509	3281.29	0.621898	0.00852936
NM_152908.5	2207	1979.29	0	0
NM_152909.4	4951	4723.29	0	0
NM_152910.6	17366	17138.3	388.7	1.02068
NM_152911.4	1830	1602.29	49	1.37625
NM_152912.5	995	767.293	626.628	36.7528
NM_152913.3	2991	2763.29	27.1399	0.442001
NM_152914.3	4931	4703.29	202.114	1.93392
NM_152916.2	6254	6026.29	0	0
NM_152917.2	6122	5894.29	0	0
NM_152924.5	8424	8196.29	13406.5	73.6107
NM_152925.3	1952	1724.29	1898.12	49.5398
NM_152926.3	1910	1682.29	1793.14	47.9684
NM_152927.3	2037	1809.29	157.907	3.92766
NM_152928.3	2005	1777.29	121.216	3.06933
NM_152932.3	1706	1478.29	28.8021	0.876811
NM_152943.3	13496	13268.3	646.392	2.19242
NM_152945.4	1803	1575.29	231.252	6.60642
NM_152988.3	3691	3463.29	733.429	9.53041
NM_152989.5	7384	7156.29	0	0
NM_152990.4	2073	1845.29	0	0
NM_152992.4	1298	1070.29	14.2737	0.600172
NM_152994.5	3140	2912.29	47.8028	0.738687
NM_152995.6	3695	3467.29	319.866	4.15164
NM_152996.4	6836	6608.29	69.0252	0.470068
NM_152997.4	513	291.914	0	0
NM_152998.3	2522	2294.29	394.586	7.7399
NM_152999.4	6871	6643.29	171.176	1.15958
NM_153000.5	3803	3575.29	20	0.251745
NM_153001.3	1661	1433.29	20.9697	0.658415
NM_153002.3	4573	4345.29	30.9833	0.320887
NM_153006.3	2114	1886.29	275.072	6.56266
NM_153007.5	1180	952.293	0	0
NM_153013.5	3768	3540.29	92.3891	1.17442
NM_153015.3	6283	6055.29	16	0.118912
NM_153018.3	4987	4759.29	163	1.5413
NM_153020.2	2399	2171.29	0	0
NM_153021.5	5513	5285.29	0	0
NM_153022.4	2715	2487.29	4.64953	0.0841249
NM_153023.4	6690	6462.29	0	0
NM_153025.3	1407	1179.29	0	0
NM_153026.3	5878	5650.29	565.943	4.50759
NM_153028.4	2335	2107.29	0	0
NM_153029.4	7077	6849.29	1113.99	7.31942
NM_153033.5	4869	4641.29	638.741	6.19339
NM_153034.4	3516	3288.29	47.0193	0.6435
NM_153035.3	10429	10201.3	950.005	4.19096
NM_153036.5	3559	3331.29	0	0
NM_153042.4	3842	3614.29	0	0
NM_153045.4	4490	4262.29	152.439	1.60951
NM_153046.3	4788	4560.29	0	0
NM_153047.4	3238	3010.29	387.145	5.78771
NM_153048.4	2909	2681.29	0	0
NM_153050.3	8903	8675.29	245.813	1.27516
NM_153051.3	8876	8648.29	146.775	0.76377
NM_153182.4	4854	4626.29	1069.27	10.4015
NM_153183.4	2001	1773.29	0	0
NM_153184.4	9198	8970.29	0	0
NM_153186.6	5085	4857.29	1009.45	9.35261
NM_153187.2	1809	1581.29	0	0
NM_153188.4	8510	8282.29	7987.71	43.4024
NM_153189.3	2037	1809.29	0	0
NM_153200.3	672	445.496	155.364	15.6945
NM_153201.4	1805	1577.29	73.1021	2.08574
NM_153202.4	3358	3130.29	24.1605	0.347346
NM_153206.3	1784	1556.29	0	0
NM_153207.5	5830	5602.29	1290.69	10.3681
NM_153208.3	2819	2591.29	165.224	2.86945
NM_153209.4	3629	3401.29	0	0
NM_153210.5	4185	3957.29	0.0272518	0.000309913
NM_153211.4	4763	4535.29	0	0
NM_153212.3	1444	1216.29	0	0
NM_153213.5	3322	3094.29	245.295	3.56754
NM_153214.3	2303	2075.29	323.461	7.01431
NM_153215.3	1434	1206.29	0.0343527	0.00128159
NM_153216.2	8381	8153.29	13.7742	0.0760283
NM_153217.3	1761	1533.29	0	0
NM_153218.4	4028	3800.29	1018.42	12.0602
NM_153219.4	1185	957.293	321.273	15.1033
NM_153221.2	4199	3971.29	34	0.385291
NM_153223.4	4954	4726.29	0	0
NM_153225.4	3698	3470.29	16	0.207489
NM_153226.4	3485	3257.29	0	0
NM_153228.3	2428	2200.29	1.0516	0.0215086
NM_153229.3	2693	2465.29	12.5892	0.229811
NM_153230.3	1685	1457.29	3	0.0926438
NM_153232.4	1455	1227.29	661	24.2379
NM_153234.5	3765	3537.29	0	0
NM_153235.4	4612	4384.29	23.4997	0.241216
NM_153236.4	1214	986.293	0	0
NM_153237.2	1261	1033.29	0	0
NM_153240.5	5348	5120.29	1199.98	10.5468
NM_153247.4	5714	5486.29	63.6299	0.521945
NM_153249.1	2085	1857.29	5.84436	0.141612
NM_153251.4	5274	5046.29	1349.55	12.0354
NM_153252.5	12921	12693.3	120.943	0.428793
NM_153253.30	3622	3394.29	0	0
NM_153254.3	2130	1902.29	0	0
NM_153255.5	2487	2259.29	4.00909	0.0798574
NM_153256.4	3375	3147.29	338.799	4.84448
NM_153257.5	3955	3727.29	103.541	1.25015
NM_153259.4	3044	2816.29	13.9247	0.22251
NM_153260.3	7097	6869.29	619.452	4.05824
NM_153261.6	2143	1915.29	206.877	4.86093
NM_153262.5	11989	11761.3	0	0
NM_153263.3	4051	3823.29	41.8381	0.492466
NM_153264.7	8724	8496.29	0	0
NM_153265.3	3266	3038.29	625.487	9.26469
NM_153266.4	2538	2310.29	4	0.0779175
NM_153267.5	3351	3123.29	2.24889	0.032404
NM_153269.3	1576	1348.29	35.8655	1.19711
NM_153270.3	3641	3413.29	0	0
NM_153271.2	8002	7774.29	2288.21	13.2458
NM_153273.4	4471	4243.29	2463.24	26.1244
NM_153274.3	2512	2284.29	0	0
NM_153276.3	2127	1899.29	0	0
NM_153277.3	1995	1767.29	0	0
NM_153278.3	2034	1806.29	0	0
NM_153280.3	3480	3252.29	2850.23	39.4395
NM_153281.2	2325	2097.29	10.7362	0.230375
NM_153282.3	1941	1713.29	0	0
NM_153283.3	1674	1446.29	0	0
NM_153285.3	1256	1028.29	0	0
NM_153289.4	444	229.227	0	0
NM_153320.2	2559	2331.29	0	0
NM_153321.3	1779	1551.29	3605.18	104.586
NM_153322.3	1714	1486.29	830.709	25.1528
NM_153323.5	431	217.835	0	0
NM_153324.4	354	155.786	0	0
NM_153325.4	1186	958.293	0	0
NM_153326.3	1407	1179.29	143.832	5.4888
NM_153329.4	3099	2871.29	1170.73	18.3494
NM_153330.6	2112	1884.29	0	0
NM_153331.3	1840	1612.29	11.9632	0.333921
NM_153332.4	4521	4293.29	926.413	9.71083
NM_153333.3	1174	946.293	1640.18	78.0022
NM_153334.7	3478	3250.29	1121.67	15.5305
NM_153335.6	2788	2560.29	142.037	2.49664
NM_153336.3	1344	1116.29	39.8981	1.60848
NM_153337.3	3263	3035.29	0	0
NM_153338.4	2530	2302.29	0	0
NM_153339.3	1257	1029.29	423.326	18.5088
NM_153340.5	2447	2219.29	0	0
NM_153341.4	2680	2452.29	65.062	1.19398
NM_153342.4	1485	1257.29	51.1587	1.83116
NM_153343.4	3848	3620.29	1.00015	0.0124327
NM_153345.3	1980	1752.29	0	0
NM_153346.5	4614	4386.29	0	0
NM_153347.3	3607	3379.29	17.9025	0.238413
NM_153348.3	4861	4633.29	752.94	7.31329
NM_153350.4	3519	3291.29	4.44531	0.0607823
NM_153353.5	2287	2059.29	3.91033	0.085455
NM_153354.5	2750	2522.29	229.402	4.09302
NM_153355.5	3173	2945.29	0	0
NM_153356.3	1270	1042.29	0	0
NM_153357.3	1981	1753.29	0	0
NM_153358.3	6465	6237.29	880.215	6.3509
NM_153360.3	3887	3659.29	9351.6	115.009
NM_153361.4	2313	2085.29	121.204	2.61574
NM_153362.3	2444	2216.29	13	0.263972
NM_153363.3	1567	1339.29	0	0
NM_153364.4	1864	1636.29	0	0
NM_153365.3	4521	4293.29	696.738	7.30334
NM_153366.4	12205	11977.3	719	2.70155
NM_153367.4	4930	4702.29	4229.54	40.4786
NM_153368.3	1649	1421.29	12	0.379962
NM_153369.4	14805	14577.3	393.442	1.21463
NM_153370.3	1885	1657.29	9679.8	262.851
NM_153371.4	4750	4522.29	338.382	3.36737
NM_153372.3	2715	2487.29	30.0416	0.543548
NM_153373.4	2081	1853.29	0	0
NM_153374.3	1277	1049.29	369.488	15.847
NM_153376.3	2153	1925.29	150	3.5062
NM_153377.5	4046	3818.29	370	4.36089
NM_153378.3	2526	2298.29	0	0
NM_153380.3	5232	5004.29	52.5205	0.472311
NM_153426.3	1897	1669.29	555.204	14.9679
NM_153427.3	1759	1531.29	380.971	11.1963
NM_153429.2	3537	3309.29	0	0
NM_153432.1	2301	2073.29	829.457	18.0043
NM_153433.2	3880	3652.29	0	0
NM_153435.1	3805	3577.29	433.372	5.4519
NM_153436.2	2091	1863.29	0	0
NM_153437.3	2358	2130.29	0	0
NM_153439.1	2157	1929.29	0	0
NM_153440.2	2135	1907.29	8.19871	0.193451
NM_153442.4	10306	10078.3	0	0
NM_153443.5	1824	1596.29	0	0
NM_153444.1	969	741.293	0	0
NM_153445.2	1193	965.293	0	0
NM_153446.3	9070	8842.29	0	0
NM_153447.4	3885	3657.29	0	0
NM_153448.4	1495	1267.29	0	0
NM_153449.4	3498	3270.29	0	0
NM_153450.4	1533	1305.29	13.3288	0.459543
NM_153451.3	2484	2256.29	955.127	19.0506
NM_153453.1	1709	1481.29	0	0
NM_153456.4	8536	8308.29	1	0.00541665
NM_153460.4	2409	2181.29	72.1867	1.48931
NM_153461.4	2622	2394.29	0.0273097	0.000513312
NM_153464.3	3198	2970.29	145.745	2.20819
NM_153477.3	773	545.487	347.553	28.6734
NM_153478.3	861	633.427	0	0
NM_153480.2	2679	2451.29	70.3335	1.29125
NM_153481.2	2543	2315.29	64.5311	1.25431
NM_153483.2	2736	2508.29	20.4658	0.367192
NM_153485.3	8068	7840.29	2063.43	11.844
NM_153486.4	2076	1848.29	0	0
NM_153487.4	10629	10401.3	387.032	1.67457
NM_153488.4	1729	1501.29	0	0
NM_153490.3	1714	1486.29	11.1096	0.336384
NM_153497.3	1973	1745.29	11.1751	0.288156
NM_153498.4	8088	7860.29	163.18	0.934263
NM_153499.3	5071	4843.29	0	0
NM_153500.2	4942	4714.29	0	0
NM_153603.4	2935	2707.29	684.375	11.3763
NM_153604.4	8421	8193.29	0	0
NM_153605.4	10779	10551.3	1693.4	7.22263
NM_153606.4	2302	2074.29	0	0
NM_153607.3	7778	7550.29	303.194	1.80717
NM_153608.4	2499	2271.29	0	0
NM_153609.4	3197	2969.29	0	0
NM_153610.5	12888	12660.3	41.4839	0.147461
NM_153611.6	2584	2356.29	833.262	15.9145
NM_153612.4	3869	3641.29	0	0
NM_153613.3	2165	1937.29	762.27	17.7074
NM_153614.4	1162	934.293	0	0
NM_153615.2	2725	2497.29	176	3.17165
NM_153616.2	6269	6041.29	0	0
NM_153617.2	6326	6098.29	0	0
NM_153618.2	6494	6266.29	0.00224439	1.61187e-05
NM_153619.1	5919	5691.29	0	0
NM_153620.3	2340	2112.29	0	0
NM_153631.3	3026	2798.29	0	0
NM_153633.3	1708	1480.29	1181.54	35.9205
NM_153634.3	3431	3203.29	172.534	2.42393
NM_153635.3	2042	1814.29	0	0
NM_153636.3	2442	2214.29	191.971	3.90159
NM_153638.4	8484	8256.29	0	0
NM_153640.4	7795	7567.29	0.246285	0.00146467
NM_153645.2	5051	4823.29	60.2912	0.562539
NM_153646.4	10388	10160.3	0	0
NM_153647.4	9789	9561.29	0	0
NM_153648.4	9647	9419.29	0	0
NM_153649.4	3177	2949.29	25922.6	395.551
NM_153675.3	2443	2215.29	0	0
NM_153676.4	3241	3013.29	0	0
NM_153681.2	911	683.293	73.3168	4.82879
NM_153682.3	707	479.9	131.825	12.362
NM_153685.4	2339	2111.29	16.2195	0.345725
NM_153686.8	5613	5385.29	25.4969	0.213069
NM_153687.4	2902	2674.29	5202.48	87.5475
NM_153688.4	3287	3059.29	245.139	3.60607
NM_153689.6	3691	3463.29	2933	38.1123
NM_153690.5	3155	2927.29	354.272	5.44644
NM_153692.4	2032	1804.29	5.77635	0.144075
NM_153693.5	2042	1814.29	1831.51	45.4301
NM_153694.5	1115	887.293	0	0
NM_153695.4	3687	3459.29	1031	13.4126
NM_153697.3	1615	1387.29	2.73664	0.0887753
NM_153698.2	2899	2671.29	465.081	7.83518
NM_153699.3	669	442.629	0	0
NM_153700.2	5515	5287.29	0	0
NM_153701.3	1907	1679.29	0.548458	0.014698
NM_153702.4	4399	4171.29	2255.78	24.3371
NM_153703.5	3002	2774.29	797.714	12.9401
NM_153704.6	4678	4450.29	133.584	1.35085
NM_153705.5	4253	4025.29	7103.36	79.4161
NM_153706.4	1396	1168.29	114.033	4.3926
NM_153707.4	2128	1900.29	0	0
NM_153708.3	2214	1986.29	0	0
NM_153710.5	2826	2598.29	4.62036	0.0800258
NM_153711.5	9787	9559.29	1177	5.54106
NM_153712.5	14267	14039.3	3900.18	12.5021
NM_153713.3	3991	3763.29	2328.17	27.8413
NM_153714.3	2901	2673.29	1.33269	0.022435
NM_153716.2	1444	1216.29	0	0
NM_153717.3	6427	6199.29	195.826	1.42158
NM_153718.4	3239	3011.29	1672.4	24.9936
NM_153719.4	3394	3166.29	1002.8	14.253
NM_153741.2	396	188.639	219.339	52.327
NM_153742.5	1958	1730.29	0	0
NM_153746.2	3070	2842.29	255.224	4.04106
NM_153747.2	1456	1228.29	761.057	27.8842
NM_153748.3	3491	3263.29	0	0
NM_153756.3	2831	2603.29	0	0
NM_153757.4	1917	1689.29	280	7.45925
NM_153758.5	1347	1119.29	0	0
NM_153759.3	3608	3380.29	75.5045	1.00522
NM_153764.3	2369	2141.29	0	0
NM_153765.3	2502	2274.29	0	0
NM_153766.3	2539	2311.29	0	0
NM_153767.4	2672	2444.29	0	0
NM_153768.3	2208	1980.29	0	0
NM_153769.3	1305	1077.29	95.2904	3.98068
NM_153770.3	831	603.427	3.84354	0.286648
NM_153809.2	6216	5988.29	0	0
NM_153810.5	11035	10807.3	2080.05	8.66161
NM_153811.3	1605	1377.29	61.8224	2.02005
NM_153812.3	3632	3404.29	1777.78	23.5013
NM_153813.3	5432	5204.29	244.399	2.11339
NM_153815.3	4886	4658.29	0	0
NM_153816.6	3452	3224.29	475.28	6.63372
NM_153818.2	2895	2667.29	40.4432	0.682365
NM_153819.1	2310	2082.29	2	0.0432245
NM_153823.5	2418	2190.29	0	0
NM_153824.3	1926	1698.29	71.5603	1.89628
NM_153826.4	3227	2999.29	1214.14	18.2176
NM_153827.5	5017	4789.29	1501.35	14.1076
NM_153828.3	2240	2012.29	33613.5	751.735
NM_153831.4	5004	4776.29	0	0
NM_153832.3	8437	8209.29	81.7928	0.448385
NM_153833.3	1212	984.293	0	0
NM_153834.4	9933	9705.29	0	0
NM_153835.4	4088	3860.29	0	0
NM_153836.4	6292	6064.29	16.4553	0.122115
NM_153837.4	3807	3579.29	0	0
NM_153838.5	3128	2900.29	0	0
NM_153840.4	5432	5204.29	0	0
NM_156039.3	3500	3272.29	0	0
NM_170587.4	2117	1889.29	5.47621	0.130444
NM_170589.5	9344	9116.29	524.029	2.5869
NM_170600.3	3051	2823.29	0	0
NM_170601.5	5441	5213.29	1408.58	12.1594
NM_170604.3	3132	2904.29	0	0
NM_170606.3	16860	16632.3	1751.99	4.74049
NM_170607.3	2522	2294.29	168.339	3.30201
NM_170609.2	1829	1601.29	0	0
NM_170610.3	569	344.595	0	0
NM_170662.5	6749	6521.29	1250.31	8.62834
NM_170663.5	4930	4702.29	44.096	0.422019
NM_170664.3	2704	2476.29	0	0
NM_170665.4	8295	8067.29	13672.1	76.2691
NM_170672.3	4695	4467.29	1.25012	0.0125936
NM_170674.5	5561	5333.29	202.934	1.71238
NM_170675.5	5486	5258.29	155.327	1.32937
NM_170676.5	5465	5237.29	212.618	1.82699
NM_170677.5	5582	5354.29	196.128	1.64846
NM_170678.3	1160	932.293	0	0
NM_170679.3	9386	9158.29	2435.03	11.9656
NM_170681.3	2166	1938.29	46.8987	1.08889
NM_170682.4	1873	1645.29	0	0
NM_170683.4	1951	1723.29	0	0
NM_170685.3	736	508.753	1	0.0884577
NM_170686.3	5460	5232.29	746.003	6.41639
NM_170691.3	2852	2624.29	43.5557	0.746921
NM_170692.4	9843	9615.29	2584.17	12.0949
NM_170693.3	1871	1643.29	0	0
NM_170695.5	3631	3403.29	111.894	1.47961
NM_170696.3	3272	3044.29	4	0.0591311
NM_170697.3	3128	2900.29	0	0
NM_170699.3	1384	1156.29	0	0
NM_170706.4	5448	5220.29	325.333	2.80463
NM_170707.4	3178	2950.29	16151.1	246.365
NM_170708.4	3088	2860.29	142.425	2.24088
NM_170709.3	4072	3844.29	29.5968	0.346474
NM_170710.5	7501	7273.29	0	0
NM_170711.3	2273	2045.29	191.153	4.20599
NM_170712.3	1676	1448.29	6.31713	0.196293
NM_170713.3	1737	1509.29	1452.02	43.2952
NM_170714.2	1859	1631.29	0	0
NM_170719.4	5116	4888.29	0	0
NM_170721.2	2137	1909.29	0	0
NM_170722.2	3047	2819.29	1.12658	0.017983
NM_170723.2	2222	1994.29	0	0
NM_170724.3	11592	11364.3	0	0
NM_170725.3	2717	2489.29	22.0843	0.399255
NM_170726.3	2126	1898.29	25.4854	0.604186
NM_170731.5	4312	4084.29	3.4263	0.037753
NM_170732.4	4125	3897.29	13.0782	0.151017
NM_170733.4	4018	3790.29	329.209	3.90878
NM_170734.4	3979	3751.29	4.36684	0.0523876
NM_170735.6	4766	4538.29	0	0
NM_170736.3	8407	8179.29	103.046	0.566967
NM_170737.3	8262	8034.29	684.539	3.83436
NM_170738.4	1527	1299.29	25.9638	0.899299
NM_170739.4	1699	1471.29	12.351	0.377787
NM_170740.1	5170	4942.29	0	0
NM_170741.4	3986	3758.29	0	0
NM_170742.3	3870	3642.29	0	0
NM_170743.4	4566	4338.29	0	0
NM_170744.5	6841	6613.29	1739.9	11.8399
NM_170745.3	500	280.02	0	0
NM_170746.4	1192	964.293	1156.32	53.9647
NM_170750.3	1391	1163.29	115.231	4.45782
NM_170753.3	2266	2038.29	43.473	0.959831
NM_170754.4	4848	4620.29	844.375	8.22447
NM_170769.3	1886	1658.29	0	0
NM_170771.3	2372	2144.29	0	0
NM_170774.2	5309	5081.29	0	0
NM_170775.3	1472	1244.29	0	0
NM_170776.5	2609	2381.29	0	0
NM_170780.3	3696	3468.29	0	0
NM_170782.3	11966	11738.3	0.00368633	1.41329e-05
NM_170783.4	851	623.427	148.397	10.7123
NM_170784.3	6714	6486.29	12.4367	0.0862879
NM_171825.3	4804	4576.29	165.127	1.62385
NM_171827.4	1995	1767.29	0	0
NM_171828.3	1307	1079.29	0	0
NM_171829.3	1849	1621.29	27.8317	0.77254
NM_171830.2	1085	857.293	4.4047	0.231222
NM_171846.4	2946	2718.29	308.492	5.10728
NM_171982.5	4183	3955.29	761.509	8.66441
NM_171997.3	3024	2796.29	9.47201	0.152441
NM_171998.4	3413	3185.29	6	0.0847704
NM_171999.4	6007	5779.29	0	0
NM_172000.4	2551	2323.29	1.09684	0.0212462
NM_172002.5	1106	878.293	176.659	9.05186
NM_172003.3	1827	1599.29	496.574	13.9733
NM_172005.2	1350	1122.29	0	0
NM_172006.2	632	406.137	2.75965	0.30579
NM_172014.3	4406	4178.29	3.93799	0.0424148
NM_172016.2	3578	3350.29	107.515	1.4442
NM_172020.5	6108	5880.29	935.641	7.16065
NM_172027.3	1962	1734.29	480.104	12.4582
NM_172037.5	3959	3731.29	817.689	9.86214
NM_172056.3	3565	3337.29	0	0
NM_172057.3	3165	2937.29	0	0
NM_172058.4	3935	3707.29	0	0
NM_172059.5	3930	3702.29	0	0
NM_172060.4	3807	3579.29	0	0
NM_172069.4	6994	6766.29	126.495	0.84133
NM_172070.4	8009	7781.29	2678	15.4882
NM_172071.4	11451	11223.3	607.927	2.43766
NM_172078.3	4173	3945.29	0	0
NM_172079.3	4101	3873.29	0	0
NM_172080.3	4098	3870.29	0	0
NM_172081.3	4056	3828.29	15.7138	0.184722
NM_172082.3	4023	3795.29	0	0
NM_172083.3	3984	3756.29	0	0
NM_172084.3	3894	3666.29	0	0
NM_172087.3	1763	1535.29	21.5296	0.631084
NM_172088.4	1630	1402.29	3.50102	0.112356
NM_172089.4	1857	1629.29	12.9536	0.357794
NM_172095.4	4009	3781.29	0	0
NM_172101.5	1045	817.293	0	0
NM_172102.5	901	673.361	0	0
NM_172103.4	5632	5404.29	0	0
NM_172105.4	5701	5473.29	0	0
NM_172106.3	9193	8965.29	0	0
NM_172107.4	9247	9019.29	0	0
NM_172108.5	9154	8926.29	0	0
NM_172109.3	1441	1213.29	0	0
NM_172110.4	2246	2018.29	32.2737	0.719626
NM_172114.2	2292	2064.29	0.371935	0.00810846
NM_172115.3	2250	2022.29	621.993	13.8415
NM_172127.3	5631	5403.29	1075.94	8.96129
NM_172128.3	5587	5359.29	952.251	7.99624
NM_172129.2	2283	2055.29	0	0
NM_172130.3	3833	3605.29	0	0
NM_172131.2	477	258.967	0.24035	0.0417677
NM_172138.2	951	723.293	0	0
NM_172139.4	709	481.852	0	0
NM_172140.2	775	547.487	0	0
NM_172159.3	4518	4290.29	0	0
NM_172160.3	3152	2924.29	0	0
NM_172163.3	4162	3934.29	0	0
NM_172165.4	2724	2496.29	72.6203	1.3092
NM_172166.4	2721	2493.29	93.4475	1.6867
NM_172167.3	1541	1313.29	0	0
NM_172168.3	1556	1328.29	0	0
NM_172169.3	3695	3467.29	0	0
NM_172170.5	3668	3440.29	429.268	5.61533
NM_172171.3	3782	3554.29	67.1869	0.850695
NM_172173.3	3626	3398.29	21.1123	0.279586
NM_172175.3	2336	2108.29	23.8186	0.508426
NM_172177.5	15560	15332.3	996.902	2.92609
NM_172193.3	2674	2446.29	74.9932	1.37961
NM_172194.1	942	714.293	0	0
NM_172195.4	1692	1464.29	60.4884	1.85903
NM_172197.3	1265	1037.29	3.32057	0.144063
NM_172198.3	7825	7597.29	0	0
NM_172200.3	1467	1239.29	12.9208	0.469201
NM_172201.2	1061	833.293	0	0
NM_172206.2	3508	3280.29	0.209108	0.00286881
NM_172207.3	2468	2240.29	106.926	2.14794
NM_172208.3	1721	1493.29	230.697	6.95246
NM_172209.3	3189	2961.29	0	0
NM_172210.3	1505	1277.29	15.1637	0.534265
NM_172211.4	3100	2872.29	111.218	1.74257
NM_172212.3	2535	2307.29	53.974	1.05275
NM_172213.5	991	763.293	0	0
NM_172214.3	2478	2250.29	0	0
NM_172215.3	2349	2121.29	0	0
NM_172216.2	4985	4757.29	0	0
NM_172217.5	9634	9406.29	0	0
NM_172218.3	3746	3518.29	2.47346e-07	3.16385e-09
NM_172219.3	1504	1276.29	22.3384	0.787668
NM_172220.3	1405	1177.29	0	0
NM_172225.2	5050	4822.29	0	0
NM_172226.3	4862	4634.29	950.427	9.22949
NM_172229.3	1995	1767.29	21.8186	0.555597
NM_172230.3	3038	2810.29	1412.39	22.6175
NM_172231.4	2566	2338.29	1063.14	20.4614
NM_172232.4	8252	8024.29	102.423	0.574426
NM_172236.2	1520	1292.29	22.085	0.769094
NM_172238.4	2058	1830.29	0	0
NM_172240.3	3024	2796.29	287.379	4.62504
NM_172241.3	4317	4089.29	1	0.0110051
NM_172242.3	2422	2194.29	0	0
NM_172244.3	1166	938.293	146.12	7.0083
NM_172245.4	1815	1587.29	0	0
NM_172246.4	1660	1432.29	0	0
NM_172247.3	1718	1490.29	0	0
NM_172249.4	1442	1214.29	3.00191	0.111254
NM_172250.3	5944	5716.29	410	3.22784
NM_172251.3	608	382.573	621	73.05
NM_172311.3	4067	3839.29	0	0
NM_172312.2	2009	1781.29	0	0
NM_172313.3	2588	2360.29	0	0
NM_172314.2	1167	939.293	0	0
NM_172315.3	4984	4756.29	288.442	2.72918
NM_172316.3	4649	4421.29	235.388	2.39594
NM_172337.3	2911	2683.29	0	0
NM_172341.4	1124	896.293	935.257	46.9595
NM_172344.3	3676	3448.29	0	0
NM_172347.3	5503	5275.29	3.01782	0.0257447
NM_172348.3	567	342.699	0	0
NM_172349.5	12262	12034.3	1228.8	4.59517
NM_172350.3	3118	2890.29	0	0
NM_172351.3	3320	3092.29	1775.91	25.8454
NM_172352.3	3275	3047.29	376.568	5.56124
NM_172353.3	3182	2954.29	188.979	2.87874
NM_172355.3	3278	3050.29	60.3037	0.889702
NM_172356.3	3185	2957.29	7.46576e-06	1.13611e-07
NM_172357.3	3233	3005.29	0	0
NM_172358.3	3190	2962.29	95.8277	1.45581
NM_172359.3	3272	3044.29	249.867	3.69373
NM_172361.3	3140	2912.29	0	0
NM_172362.3	8140	7912.29	0	0
NM_172364.5	5285	5057.29	24.6209	0.219093
NM_172365.3	1349	1121.29	0	0
NM_172366.4	1254	1026.29	3	0.13155
NM_172367.3	3588	3360.29	0	0
NM_172369.5	1158	930.293	0	0
NM_172370.5	785	557.487	0	0
NM_172373.4	3678	3450.29	477.655	6.23018
NM_172374.3	2314	2086.29	5.81592	0.125454
NM_172375.3	11086	10858.3	3.6887	0.0152881
NM_172377.5	759	531.648	1	0.0846483
NM_172387.3	4632	4404.29	172.072	1.75824
NM_172388.3	3467	3239.29	5.7239	0.0795215
NM_172389.3	4325	4097.29	92.0133	1.01064
NM_172390.3	4820	4592.29	42.8331	0.419751
NM_173039.3	1835	1607.29	16.2775	0.455758
NM_173042.2	2189	1961.29	0.00725583	0.000166489
NM_173044.3	1569	1341.29	0	0
NM_173050.5	9795	9567.29	1.00228	0.00471459
NM_173054.3	11702	11474.3	818	3.20826
NM_173059.3	8427	8199.29	0	0
NM_173060.5	4277	4049.29	721.595	8.01967
NM_173064.3	4479	4251.29	1.278e-06	1.35286e-08
NM_173065.3	4435	4207.29	2.00029	0.021396
NM_173073.4	5757	5529.29	69.4348	0.565132
NM_173074.3	1399	1171.29	198.401	7.62291
NM_173075.5	8830	8602.29	37.7149	0.197306
NM_173076.3	9298	9070.29	0	0
NM_173077.3	1245	1017.29	0	0
NM_173078.5	8582	8354.29	53.3821	0.28756
NM_173079.5	5280	5052.29	415.544	3.70144
NM_173080.3	751	523.701	0	0
NM_173081.5	3718	3490.29	0	0
NM_173082.4	7261	7033.29	0	0
NM_173083.3	3345	3117.29	0	0
NM_173084.3	3824	3596.29	2567.48	32.1288
NM_173086.5	2309	2081.29	0	0
NM_173087.2	3039	2811.29	83.0726	1.32982
NM_173088.2	1666	1438.29	93.3527	2.92093
NM_173089.2	1288	1060.29	21.5267	0.91368
NM_173090.2	1306	1078.29	0	0
NM_173091.4	7431	7203.29	0	0
NM_173092.4	3008	2780.29	1	0.0161865
NM_173156.3	5796	5568.29	1469.24	11.8744
NM_173157.3	2485	2257.29	494.113	9.851
NM_173159.3	6265	6037.29	6.93248e-07	5.16759e-09
NM_173160.3	779	551.487	0	0
NM_173161.3	1013	785.293	0	0
NM_173162.3	2471	2243.29	0	0
NM_173163.3	6417	6189.29	289.888	2.10781
NM_173165.3	6328	6100.29	870.492	6.4218
NM_173167.3	5597	5369.29	0	0
NM_173170.1	2689	2461.29	0	0
NM_173173.3	3294	3066.29	0	0
NM_173174.3	4719	4491.29	6.29556	0.063082
NM_173175.2	3969	3741.29	0	0
NM_173176.3	4074	3846.29	42.8869	0.501793
NM_173177.3	2241	2013.29	533.997	11.9364
NM_173178.3	1052	824.293	17	0.928131
NM_173179.4	6015	5787.29	140.316	1.09112
NM_173191.3	2424	2196.29	0	0
NM_173192.3	2370	2142.29	0	0
NM_173193.3	2295	2067.29	8.22667	0.179087
NM_173194.3	2088	1860.29	20.8857	0.505255
NM_173195.3	2274	2046.29	0	0
NM_173197.3	787	559.487	7.66164	0.616274
NM_173199.4	2800	2572.29	0	0
NM_173200.3	5676	5448.29	1.10357e-06	9.11553e-09
NM_173201.5	3451	3223.29	10.8263	0.151155
NM_173202.2	801	573.487	0	0
NM_173203.2	681	454.225	0	0
NM_173204.2	744	516.753	2.944	0.256388
NM_173205.2	652	425.803	0	0
NM_173206.4	4547	4319.29	259.054	2.6991
NM_173207.4	3097	2869.29	86.0403	1.34949
NM_173208.3	3389	3161.29	150.872	2.14776
NM_173209.3	3205	2977.29	159.724	2.41429
NM_173210.4	3024	2796.29	69.857	1.12427
NM_173211.2	2924	2696.29	28.6822	0.478726
NM_173214.3	13297	13069.3	204.114	0.70285
NM_173215.3	5326	5098.29	0	0
NM_173216.2	4604	4376.29	0	0
NM_173217.2	3947	3719.29	0	0
NM_173344.3	6715	6487.29	1685.26	11.6909
NM_173348.2	5455	5227.29	505.842	4.35492
NM_173351.2	1698	1470.29	0	0
NM_173352.4	2933	2705.29	0	0
NM_173353.4	2360	2132.29	0	0
NM_173354.5	4747	4519.29	63.6	0.633328
NM_173355.4	2406	2178.29	0.868399	0.0179409
NM_173358.2	1340	1112.29	0	0
NM_173359.5	10045	9817.29	0	0
NM_173362.3	2716	2488.29	13.6012	0.245989
NM_173452.3	999	771.293	4	0.23339
NM_173454.1	3793	3565.29	1.74261	0.0219962
NM_173462.4	5808	5580.29	30.6497	0.247179
NM_173463.6	4062	3834.29	90.5212	1.06245
NM_173464.4	3576	3348.29	8.41833e-07	1.13147e-08
NM_173465.4	2899	2671.29	0	0
NM_173467.5	2057	1829.29	432.259	10.6341
NM_173468.4	6930	6702.29	3437.57	23.0819
NM_173469.4	2968	2740.29	227.484	3.7359
NM_173470.3	5145	4917.29	2276.84	20.8377
NM_173471.4	2669	2441.29	0	0
NM_173472.2	1038	810.293	0	0
NM_173473.4	3231	3003.29	407.529	6.10666
NM_173474.4	1210	982.293	1342.4	61.5013
NM_173475.4	6136	5908.29	742.868	5.65838
NM_173477.5	3558	3330.29	0	0
NM_173478.3	3252	3024.29	0	0
NM_173479.4	1702	1474.29	0	0
NM_173480.3	1970	1742.29	62.4298	1.61255
NM_173481.4	2885	2657.29	9.99943	0.169347
NM_173482.3	1757	1529.29	0	0
NM_173483.4	2609	2381.29	1	0.0188986
NM_173484.4	3160	2932.29	0	0
NM_173485.6	12236	12008.3	267.295	1.00173
NM_173487.3	5772	5544.29	203.852	1.65467
NM_173488.5	2682	2454.29	0	0
NM_173489.5	5280	5052.29	0	0
NM_173490.8	1244	1016.29	161.734	7.16186
NM_173491.4	6567	6339.29	644.781	4.57734
NM_173492.2	1752	1524.29	29.192	0.861862
NM_173493.3	3110	2882.29	0	0
NM_173494.2	1677	1449.29	1	0.0310517
NM_173495.3	12883	12655.3	3.2135	0.0114274
NM_173496.5	5192	4964.29	0	0
NM_173497.4	2176	1948.29	26.0462	0.601634
NM_173500.4	11208	10980.3	481.211	1.97226
NM_173502.5	2811	2583.29	0.00278425	4.85039e-05
NM_173503.4	1546	1318.29	0	0
NM_173505.4	3387	3159.29	10.9856	0.156487
NM_173506.7	2036	1808.29	0	0
NM_173508.4	3143	2915.29	0	0
NM_173509.3	2781	2553.29	0	0
NM_173510.4	3964	3736.29	1268.74	15.2818
NM_173511.4	5982	5754.29	166.733	1.30399
NM_173512.3	5569	5341.29	0	0
NM_173514.4	2522	2294.29	240.999	4.72725
NM_173515.4	21078	20850.3	86.7049	0.187143
NM_173516.3	1914	1686.29	5.63153	0.150292
NM_173517.6	6087	5859.29	4383.06	33.6646
NM_173518.5	5074	4846.29	45.4327	0.421892
NM_173519.3	3472	3244.29	0.361421	0.00501344
NM_173521.5	5063	4835.29	0	0
NM_173523.2	1949	1721.29	0	0
NM_173525.3	1154	926.293	5	0.24292
NM_173526.4	1751	1523.29	0	0
NM_173527.3	1858	1630.29	0	0
NM_173528.4	1612	1384.29	0	0
NM_173529.6	5918	5690.29	124.532	0.984888
NM_173530.3	2775	2547.29	0	0
NM_173531.4	5691	5463.29	158.508	1.30568
NM_173533.5	3583	3355.29	0	0
NM_173535.3	2474	2246.29	0	0
NM_173536.4	6758	6530.29	0	0
NM_173537.5	3605	3377.29	0	0
NM_173538.3	1624	1396.29	0	0
NM_173539.3	2781	2553.29	0	0
NM_173540.3	2071	1843.29	1283.13	31.327
NM_173542.4	4787	4559.29	4263.93	42.0877
NM_173543.3	3492	3264.29	328.318	4.52634
NM_173544.5	2512	2284.29	0	0
NM_173545.3	3823	3595.29	214.169	2.6808
NM_173546.3	1972	1744.29	633.153	16.3355
NM_173547.4	3384	3156.29	630.607	8.99132
NM_173548.3	2308	2080.29	60.5723	1.31036
NM_173549.3	1503	1275.29	2	0.0705768
NM_173550.4	6553	6325.29	0	0
NM_173551.5	7190	6962.29	1208	7.80831
NM_173552.5	4330	4102.29	498.677	5.4706
NM_173553.4	1998	1770.29	32.6735	0.830601
NM_173554.3	1717	1489.29	0	0
NM_173555.4	3758	3530.29	241.081	3.07323
NM_173556.5	2068	1840.29	0	0
NM_173557.3	8745	8517.29	0	0
NM_173558.4	3037	2809.29	0	0
NM_173560.4	3476	3248.29	0	0
NM_173561.3	3156	2928.29	3	0.0461051
NM_173562.5	5384	5156.29	2926.16	25.5389
NM_173563.3	2176	1948.29	0	0
NM_173564.4	3584	3356.29	32	0.429074
NM_173565.5	3122	2894.29	0	0
NM_173566.3	10827	10599.3	1045	4.43692
NM_173567.5	1436	1208.29	4	0.148981
NM_173568.4	5263	5035.29	0	0
NM_173569.4	14692	14464.3	295.543	0.91953
NM_173570.5	4057	3829.29	0	0
NM_173571.2	1294	1066.29	0	0
NM_173573.3	2057	1829.29	0	0
NM_173574.3	1684	1456.29	0	0
NM_173575.4	2096	1868.29	134.216	3.23298
NM_173576.3	3609	3381.29	2.28476	0.0304088
NM_173582.6	8477	8249.29	908.583	4.95667
NM_173584.4	1681	1453.29	0	0
NM_173586.3	1663	1435.29	0	0
NM_173587.4	2915	2687.29	94.5012	1.58258
NM_173588.4	4285	4057.29	0	0
NM_173589.4	3226	2998.29	55.1317	0.827503
NM_173591.7	9972	9744.29	0	0
NM_173593.4	5493	5265.29	5	0.0427356
NM_173595.4	8681	8453.29	7738.78	41.1992
NM_173596.3	1980	1752.29	0	0
NM_173598.6	17775	17547.3	0	0
NM_173600.2	25332	25104.3	1	0.00179265
NM_173601.2	7492	7264.29	893.2	5.53347
NM_173602.3	8705	8477.29	2319.49	12.3134
NM_173605.2	1337	1109.29	0	0
NM_173607.5	3053	2825.29	1773.96	28.2568
NM_173611.4	4388	4160.29	2322.77	25.1261
NM_173614.4	4235	4007.29	11274.4	126.615
NM_173615.5	4599	4371.29	0	0
NM_173618.3	1154	926.293	896.189	43.5405
NM_173619.4	1987	1759.29	0	0
NM_173620.3	2256	2028.29	33.1282	0.735036
NM_173623.4	2549	2321.29	0	0
NM_173625.5	1920	1692.29	0	0
NM_173626.4	2885	2657.29	0	0
NM_173627.5	2820	2592.29	0	0
NM_173628.4	13725	13497.3	4.26746e-06	1.42287e-08
NM_173629.3	1941	1713.29	0	0
NM_173630.4	7830	7602.29	1354.9	8.02056
NM_173631.4	2754	2526.29	86.8501	1.54714
NM_173632.4	5262	5034.29	379.248	3.39022
NM_173633.3	1797	1569.29	0	0
NM_173635.3	1676	1448.29	0	0
NM_173636.5	4712	4484.29	332.266	3.33452
NM_173637.4	1535	1307.29	0	0
NM_173638.5	4675	4447.29	53.4057	0.540423
NM_173641.3	2024	1796.29	1.00107	0.0250801
NM_173642.4	10577	10349.3	0	0
NM_173647.4	2953	2725.29	1492.02	24.6379
NM_173648.4	9205	8977.29	0	0
NM_173649.3	2069	1841.29	6	0.146646
NM_173650.3	2065	1837.29	0	0
NM_173651.4	20879	20651.3	0	0
NM_173653.4	3564	3336.29	169.872	2.29139
NM_173654.3	4191	3963.29	62.1177	0.705345
NM_173655.4	1633	1405.29	0	0
NM_173656.5	4891	4663.29	15.1198	0.145913
NM_173657.3	1938	1710.29	4.86636	0.128049
NM_173658.4	5834	5606.29	63.8154	0.512262
NM_173659.5	1217	989.293	438.195	19.9335
NM_173660.5	2566	2338.29	0	0
NM_173662.4	1358	1130.29	0	0
NM_173663.5	1936	1708.29	0	0
NM_173664.6	10826	10598.3	1340.73	5.69307
NM_173665.3	2260	2032.29	0	0
NM_173666.4	5776	5548.29	297.137	2.41012
NM_173672.5	3585	3357.29	8.0235	0.107552
NM_173674.3	1962	1734.29	97.6018	2.53266
NM_173676.2	2367	2139.29	0	0
NM_173678.3	2942	2714.29	0	0
NM_173680.4	2261	2033.29	164.711	3.64556
NM_173683.4	4327	4099.29	0	0
NM_173685.4	1188	960.293	334.787	15.6894
NM_173686.3	2032	1804.29	266.939	6.65804
NM_173689.7	5613	5385.29	0	0
NM_173690.5	12180	11952.3	162.764	0.612842
NM_173694.5	6069	5841.29	0.000417687	3.21799e-06
NM_173698.3	3159	2931.29	0.0342446	0.000525745
NM_173699.4	1812	1584.29	0	0
NM_173701.2	2642	2414.29	1376.43	25.6571
NM_173717.2	3764	3536.29	182.461	2.32201
NM_173728.4	4196	3968.29	0	0
NM_173791.5	9672	9444.29	2919.73	13.9128
NM_173793.5	3720	3492.29	276.811	3.5671
NM_173794.4	1054	826.293	356	19.3891
NM_173797.5	4859	4631.29	25.0875	0.24378
NM_173798.4	2197	1969.29	0	0
NM_173799.4	2926	2698.29	0	0
NM_173800.5	4604	4376.29	2.06131	0.0211972
NM_173801.5	1499	1271.29	0	0
NM_173802.4	6186	5958.29	49.4242	0.373302
NM_173803.4	5823	5595.29	16.7729	0.134905
NM_173804.5	1246	1018.29	28.609	1.26437
NM_173806.4	1086	858.293	0	0
NM_173807.5	3278	3050.29	0	0
NM_173808.3	12613	12385.3	3789.69	13.7702
NM_173809.5	2619	2391.29	928.061	17.4657
NM_173810.4	1133	905.293	461.926	22.9628
NM_173811.4	1967	1739.29	112.275	2.90505
NM_173812.5	3976	3748.29	0	0
NM_173814.6	12142	11914.3	5.15294	0.0194638
NM_173815.7	2943	2715.29	0	0
NM_173821.3	2296	2068.29	0	0
NM_173822.5	9335	9107.29	202.165	0.998985
NM_173824.4	2414	2186.29	815.612	16.7887
NM_173825.5	5605	5377.29	75.2479	0.629757
NM_173826.4	3370	3142.29	70.0581	1.00335
NM_173827.4	6821	6593.29	48.5468	0.33136
NM_173828.5	2536	2308.29	95.9783	1.87122
NM_173829.4	6878	6650.29	2306.25	15.6066
NM_173830.6	13023	12795.3	0	0
NM_173831.4	2259	2031.29	0	0
NM_173832.6	4786	4558.29	372.722	3.67981
NM_173833.6	3971	3743.29	0	0
NM_173834.4	6010	5782.29	1478.55	11.5074
NM_173841.3	1734	1506.29	5.97881	0.178627
NM_173842.3	1704	1476.29	0	0
NM_173843.3	1842	1614.29	8.96983	0.25006
NM_173844.3	9256	9028.29	0	0
NM_173846.5	1408	1180.29	0	0
NM_173847.5	839	611.427	0	0
NM_173848.7	2983	2755.29	0	0
NM_173849.3	1140	912.293	79	3.89704
NM_173850.4	2065	1837.29	0	0
NM_173851.3	5476	5248.29	0	0
NM_173852.4	523	301.192	1733	258.939
NM_173853.4	872	644.427	0	0
NM_173854.6	5017	4789.29	1145	10.7591
NM_173855.5	3803	3575.29	6.8072	0.0856839
NM_173856.2	1311	1083.29	10.5362	0.437703
NM_173857.3	1048	820.293	0	0
NM_173858.1	1074	846.293	0	0
NM_173860.3	3266	3038.29	0	0
NM_173872.4	6711	6483.29	532.72	3.69782
NM_174855.4	1227	999.293	16.5159	0.743791
NM_174858.3	3280	3052.29	2408.54	35.5116
NM_174869.3	1573	1345.29	238.482	7.97776
NM_174871.4	4296	4068.29	0	0
NM_174872.3	1597	1369.29	0	0
NM_174873.3	1672	1444.29	0	0
NM_174878.3	2087	1859.29	1	0.0242044
NM_174881.4	745	517.701	0	0
NM_174882.3	1443	1215.29	1	0.0370306
NM_174886.3	3160	2932.29	7.36145	0.112979
NM_174887.4	978	750.293	11.5132	0.690567
NM_174889.5	632	406.137	1419	157.236
NM_174890.4	3760	3532.29	83.1646	1.05956
NM_174891.4	2379	2151.29	188.754	3.94855
NM_174892.4	2295	2067.29	0	0
NM_174893.4	850	622.427	529.552	38.288
NM_174894.3	5679	5451.29	90.8372	0.749906
NM_174895.3	747	519.701	1	0.0865942
NM_174896.4	915	687.293	9.18032	0.601116
NM_174897.2	1362	1134.29	0	0
NM_174898.3	1011	783.293	0	0
NM_174899.5	2813	2585.29	211.229	3.67693
NM_174900.5	2647	2419.29	0	0
NM_174901.6	1077	849.293	19	1.00679
NM_174902.4	3814	3586.29	687.5	8.62719
NM_174903.6	788	560.487	0	0
NM_174905.4	1313	1085.29	185.328	7.68487
NM_174907.4	4957	4729.29	3452.94	32.8575
NM_174908.4	8101	7873.29	7156.29	40.9048
NM_174909.5	4528	4300.29	5289	55.35
NM_174910.3	787	559.487	0	0
NM_174911.5	5488	5260.29	0	0
NM_174912.4	1980	1752.29	0	0
NM_174913.3	6045	5817.29	2550.63	19.7319
NM_174914.4	2342	2114.29	0	0
NM_174916.3	7698	7470.29	2170	13.0727
NM_174917.5	3695	3467.29	53.4506	0.693753
NM_174918.3	1271	1043.29	0	0
NM_174919.4	1331	1103.29	0	0
NM_174920.4	4847	4619.29	0	0
NM_174921.3	6252	6024.29	3015.82	22.529
NM_174922.5	1960	1732.29	314.75	8.17687
NM_174923.3	1264	1036.29	366.072	15.8974
NM_174924.2	2148	1920.29	0	0
NM_174926.3	3942	3714.29	22.8072	0.276336
NM_174927.3	873	645.427	0	0
NM_174928.3	1118	890.293	39.677	2.00562
NM_174929.2	5020	4792.29	0	0
NM_174931.4	3839	3611.29	1329.69	16.5703
NM_174932.3	2143	1915.29	0	0
NM_174933.4	2025	1797.29	11.1816	0.279979
NM_174934.4	4487	4259.29	0	0
NM_174936.4	3637	3409.29	151.221	1.99614
NM_174937.4	2618	2390.29	0	0
NM_174938.6	5260	5032.29	1123.22	10.0448
NM_174940.4	1576	1348.29	47.4204	1.58279
NM_174941.6	4583	4355.29	0	0
NM_174942.3	5736	5508.29	60.6952	0.495883
NM_174944.4	1317	1089.29	16.626	0.686887
NM_174945.3	1666	1438.29	34.7821	1.08831
NM_174951.3	1519	1291.29	3	0.104554
NM_174952.3	1892	1664.29	0	0
NM_174953.3	4854	4626.29	0	0
NM_174954.3	4841	4613.29	0	0
NM_174955.3	4783	4555.29	0	0
NM_174956.3	4796	4568.29	6.38436	0.0628935
NM_174957.3	4692	4464.29	0	0
NM_174958.3	4202	3974.29	0	0
NM_174959.3	1441	1213.29	0	0
NM_174963.5	2461	2233.29	0	0
NM_174964.4	2299	2071.29	12.9073	0.280437
NM_174965.4	1658	1430.29	6.23688	0.196239
NM_174966.4	1960	1732.29	0	0
NM_174967.4	1613	1385.29	0	0
NM_174968.5	2416	2188.29	24.3318	0.500393
NM_174969.4	2206	1978.29	49.1664	1.11846
NM_174970.4	1565	1337.29	6.43921e-05	2.16695e-06
NM_174971.5	2368	2140.29	0	0
NM_174975.5	2054	1826.29	0	0
NM_174976.2	3408	3180.29	0	0
NM_174977.4	2510	2282.29	5.3701	0.10589
NM_174978.3	2780	2552.29	0	0
NM_174981.6	6464	6236.29	0	0
NM_174983.5	2137	1909.29	1400.92	33.0203
NM_175038.2	5480	5252.29	11	0.094251
NM_175039.4	1706	1478.29	968.652	29.4883
NM_175040.4	1619	1391.29	82.4326	2.66638
NM_175041.2	1644	1416.29	0	0
NM_175052.3	1862	1634.29	0	0
NM_175053.4	2843	2615.29	0	0
NM_175054.2	412	201.964	4	0.89131
NM_175055.3	456	239.672	0	0
NM_175056.2	3619	3391.29	2	0.0265404
NM_175057.4	1060	832.293	0	0
NM_175058.5	4984	4756.29	0	0
NM_175060.3	2094	1866.29	75	1.80852
NM_175061.4	3173	2945.29	797.985	12.1929
NM_175062.4	2297	2069.29	2	0.0434961
NM_175063.6	9526	9298.29	63.6513	0.308068
NM_175064.4	2600	2372.29	19.2634	0.365432
NM_175065.3	497	277.191	1	0.162354
NM_175066.4	4702	4474.29	897.5	9.02719
NM_175067.1	1038	810.293	0	0
NM_175068.3	2284	2056.29	9.46437	0.207133
NM_175069.3	2013	1785.29	55.9554	1.41051
NM_175073.3	2083	1855.29	64.9128	1.57456
NM_175075.5	3266	3038.29	49.2861	0.730025
NM_175077.3	2687	2459.29	1.00663	0.0184205
NM_175078.3	3366	3138.29	0	0
NM_175080.3	1985	1757.29	19.1984	0.491659
NM_175085.3	2152	1924.29	561.6	13.134
NM_175566.2	5816	5588.29	0	0
NM_175569.3	2898	2670.29	907.358	15.2919
NM_175571.4	4185	3957.29	0	0
NM_175573.2	1492	1264.29	2138.82	76.1321
NM_175575.6	3417	3189.29	0	0
NM_175605.5	3079	2851.29	22.5305	0.355607
NM_175607.3	5159	4931.29	0	0
NM_175609.3	3274	3046.29	0	0
NM_175610.4	7675	7447.29	0	0
NM_175611.3	3511	3283.29	0	0
NM_175613.3	3921	3693.29	0	0
NM_175614.5	575	350.386	2526.62	324.516
NM_175617.4	398	190.353	1472.81	348.2
NM_175619.3	1460	1232.29	0	0
NM_175623.4	9650	9422.29	0	0
NM_175624.4	9233	9005.29	0	0
NM_175625.4	9550	9322.29	0	0
NM_175629.2	4395	4167.29	43.8014	0.473016
NM_175630.1	1808	1580.29	0	0
NM_175634.3	7699	7471.29	186.253	1.12189
NM_175635.3	7200	6972.29	0	0
NM_175636.2	7319	7091.29	0	0
NM_175698.4	1281	1053.29	0.5	0.021363
NM_175709.5	4111	3883.29	275.752	3.19566
NM_175710.2	1829	1601.29	1	0.0281042
NM_175719.4	3919	3691.29	0	0
NM_175721.3	2930	2702.29	0	0
NM_175722.3	2543	2315.29	0	0
NM_175723.2	1293	1065.29	1.83848	0.0776663
NM_175724.2	2052	1824.29	0	0
NM_175725.3	1718	1490.29	0	0
NM_175726.4	5739	5511.29	0	0
NM_175727.2	1983	1755.29	0	0
NM_175728.3	1649	1421.29	0	0
NM_175729.2	1073	845.293	0	0
NM_175732.3	2462	2234.29	757.492	15.2574
NM_175733.4	4002	3774.29	0	0
NM_175734.5	1650	1422.29	0	0
NM_175735.4	964	736.293	1.74875	0.106885
NM_175736.5	12625	12397.3	37.9504	0.137763
NM_175737.4	6002	5774.29	5.36262	0.0417946
NM_175738.5	3031	2803.29	0	0
NM_175739.4	1705	1477.29	0.196375	0.0059822
NM_175741.3	4194	3966.29	0	0
NM_175742.2	2027	1799.29	0	0
NM_175743.2	2043	1815.29	0	0
NM_175744.5	1117	889.293	11661.4	590.13
NM_175747.2	2196	1968.29	0	0
NM_175748.4	3494	3266.29	2633.87	36.2895
NM_175767.3	8944	8716.29	76.177	0.393309
NM_175768.3	4679	4451.29	0	0
NM_175769.3	4882	4654.29	4.29522	0.0415311
NM_175834.3	2123	1895.29	21	0.498638
NM_175839.3	2164	1936.29	1648.66	38.3179
NM_175840.3	2005	1777.29	236.548	5.98967
NM_175841.3	1069	841.293	0	0
NM_175842.3	2095	1867.29	12.5024	0.301318
NM_175848.2	4276	4048.29	89.576	0.995776
NM_175849.2	4087	3859.29	210.679	2.45672
NM_175850.3	4255	4027.29	0	0
NM_175852.4	4865	4637.29	2875.2	27.9027
NM_175854.8	5590	5362.29	95.5568	0.801961
NM_175856.5	3857	3629.29	445.919	5.52938
NM_175857.4	578	353.315	0	0
NM_175858.3	937	709.293	0	0
NM_175859.3	3953	3725.29	337.676	4.07927
NM_175861.3	8841	8613.29	0	0
NM_175862.5	2720	2492.29	0	0
NM_175866.5	8524	8296.29	7436.87	40.3412
NM_175867.3	1384	1156.29	0	0
NM_175868.4	1746	1518.29	0	0
NM_175871.4	921	693.293	31	2.01227
NM_175872.5	4068	3840.29	93	1.08984
NM_175873.6	3485	3257.29	0	0
NM_175874.4	1586	1358.29	38.658	1.28082
NM_175875.5	3344	3116.29	913	13.1848
NM_175876.5	5100	4872.29	1001.11	9.24676
NM_175878.5	1622	1394.29	0	0
NM_175881.5	1132	904.293	2	0.0995321
NM_175882.3	2187	1959.29	0	0
NM_175883.4	3286	3058.29	0	0
NM_175884.6	6799	6571.29	3131	21.4425
NM_175885.4	3925	3697.29	3.02739	0.0368491
NM_175886.3	1077	849.293	0	0
NM_175887.3	1652	1424.29	0.00245297	7.75059e-05
NM_175888.4	3291	3063.29	0	0
NM_175900.4	2569	2341.29	0	0
NM_175902.5	4462	4234.29	523.204	5.56073
NM_175907.6	7518	7290.29	2570.53	15.8679
NM_175910.7	4800	4572.29	8.12358	0.0799568
NM_175911.5	2139	1911.29	0	0
NM_175913.4	2018	1790.29	0	0
NM_175914.5	4645	4417.29	0	0
NM_175920.4	12383	12155.3	0	0
NM_175921.6	5246	5018.29	1406.27	12.6112
NM_175922.4	3093	2865.29	0	0
NM_175924.4	2723	2495.29	0	0
NM_175929.3	13156	12928.3	1.77022e-08	6.16208e-11
NM_175931.3	4185	3957.29	0	0
NM_175932.3	1595	1367.29	30.6557	1.009
NM_175940.3	5483	5255.29	0	0
NM_176071.3	8562	8334.29	0	0
NM_176072.3	8753	8525.29	0	0
NM_176096.3	1834	1606.29	1457.92	40.8461
NM_176677.3	2071	1843.29	7	0.170902
NM_176782.3	1975	1747.29	0	0
NM_176783.3	1140	912.293	20.0969	0.991373
NM_176786.2	2042	1814.29	0	0
NM_176787.5	7936	7708.29	0	0
NM_176791.4	839	611.427	0	0
NM_176792.3	2135	1907.29	24.3388	0.57428
NM_176793.2	750	522.701	36.1188	3.10973
NM_176794.2	877	649.427	21.2346	1.47148
NM_176795.5	1260	1032.29	97.8509	4.26583
NM_176796.3	2531	2303.29	6.28153	0.122732
NM_176797.3	2371	2143.29	5.97553	0.125469
NM_176798.2	2649	2421.29	0	0
NM_176801.3	4081	3853.29	318.65	3.72156
NM_176805.4	3293	3065.29	12.9901	0.190714
NM_176806.4	3705	3477.29	1915.44	24.7896
NM_176810.2	3157	2929.29	0	0
NM_176811.2	3934	3706.29	0	0
NM_176812.5	1602	1374.29	3630	118.869
NM_176813.5	738	510.753	0	0
NM_176814.5	4473	4245.29	470.594	4.98862
NM_176815.5	3856	3628.29	190.414	2.36178
NM_176816.5	4283	4055.29	0.000756444	8.39454e-06
NM_176817.5	1143	915.293	0	0
NM_176818.3	4238	4010.29	1509.28	16.937
NM_176819.4	4631	4403.29	0	0
NM_176820.4	3478	3250.29	0	0
NM_176821.4	4254	4026.29	80.0116	0.894313
NM_176822.4	3813	3585.29	2	0.0251043
NM_176823.4	4280	4052.29	0	0
NM_176824.3	3840	3612.29	308.47	3.84301
NM_176825.3	2572	2344.29	0	0
NM_176863.3	3221	2993.29	65.863	0.990227
NM_176866.2	1376	1148.29	8.10796	0.317761
NM_176867.3	1184	956.293	0	0
NM_176869.3	1665	1437.29	1108.33	34.703
NM_176870.3	398	190.353	54	12.7666
NM_176871.5	4608	4380.29	78.8309	0.809908
NM_176875.4	2019	1791.29	0	0
NM_176876.3	2244	2016.29	0	0
NM_176877.5	8497	8269.29	99.7444	0.542828
NM_176880.6	1290	1062.29	443.434	18.7857
NM_176881.2	1017	789.293	0	0
NM_176882.2	1043	815.293	0	0
NM_176883.2	924	696.293	0	0
NM_176884.2	1027	799.293	2	0.112607
NM_176885.2	1021	793.293	0	0
NM_176886.2	900	672.361	0	0
NM_176887.2	930	702.293	0	0
NM_176888.2	1002	774.293	6	0.348729
NM_176889.4	2344	2116.29	19.0048	0.404139
NM_176890.2	1000	772.293	0	0
NM_176891.5	1475	1247.29	90	3.24725
NM_176892.2	2696	2468.29	0	0
NM_176894.3	2765	2537.29	0	0
NM_176895.3	1545	1317.29	34.8982	1.19224
NM_177398.4	3545	3317.29	1.49562	0.0202899
NM_177400.3	2768	2540.29	0	0
NM_177401.5	3763	3535.29	2186.72	27.8363
NM_177402.5	7635	7407.29	0	0
NM_177403.6	3033	2805.29	0	0
NM_177404.3	1718	1490.29	0	0
NM_177405.3	3583	3355.29	464	6.22343
NM_177415.3	1784	1556.29	0	0
NM_177417.3	1782	1554.29	3.07863	0.0891388
NM_177422.3	19402	19174.3	24.3248	0.0570916
NM_177423.3	4051	3823.29	253.251	2.98096
NM_177424.3	3034	2806.29	3477	55.7589
NM_177433.3	2051	1823.29	1282.29	31.6498
NM_177435.3	2008	1780.29	97.7747	2.4716
NM_177437.1	957	729.293	0	0
NM_177438.3	10384	10156.3	938.418	4.15818
NM_177439.3	1999	1771.29	286.905	7.28938
NM_177441.4	2624	2396.29	324.364	6.09165
NM_177444.3	6001	5773.29	0	0
NM_177452.4	3167	2939.29	234.425	3.58925
NM_177454.4	5731	5503.29	3363	27.5009
NM_177455.4	3262	3034.29	11.0276	0.163556
NM_177456.2	1707	1479.29	0	0
NM_177457.5	4594	4366.29	70.1483	0.723014
NM_177458.3	583	358.243	0	0
NM_177476.4	4589	4361.29	0	0
NM_177477.4	4577	4349.29	88.6952	0.917748
NM_177478.2	952	724.293	0	0
NM_177524.2	2452	2224.29	14.4124	0.291599
NM_177525.2	2389	2161.29	0	0
NM_177526.3	1238	1010.29	5.30032	0.2361
NM_177528.4	1894	1666.29	18.2385	0.492584
NM_177529.3	1600	1372.29	0	0
NM_177530.4	2441	2213.29	0	0
NM_177531.6	19969	19741.3	0	0
NM_177532.5	5882	5654.29	0	0
NM_177533.5	854	626.427	43	3.08916
NM_177534.4	2640	2412.29	35.6412	0.664912
NM_177535.3	2572	2344.29	29.36	0.563621
NM_177536.5	1395	1167.29	0	0
NM_177537.3	2584	2356.29	42.9928	0.821123
NM_177538.3	10552	10324.3	409.368	1.78441
NM_177540.3	2002	1774.29	0	0
NM_177542.3	689	462.088	58.3963	5.68726
NM_177543.3	1348	1120.29	0	0
NM_177550.5	3231	3003.29	0	0
NM_177551.4	2065	1837.29	0	0
NM_177552.4	1355	1127.29	270.819	10.8115
NM_177553.4	2175	1947.29	0	0
NM_177556.3	2298	2070.29	0	0
NM_177557.3	1107	879.293	0	0
NM_177559.3	12984	12756.3	1117.07	3.94094
NM_177560.3	12657	12429.3	379.151	1.3728
NM_177924.5	2779	2551.29	1556.49	27.4555
NM_177925.5	620	394.338	561.937	64.1299
NM_177937.3	3023	2795.29	1813.89	29.2029
NM_177938.2	2294	2066.29	216.033	4.70512
NM_177939.3	1771	1543.29	119.549	3.4861
NM_177947.3	3348	3120.29	2165.99	31.2395
NM_177948.3	3530	3302.29	127.388	1.73602
NM_177949.4	2819	2591.29	873.903	15.1771
NM_177951.3	4345	4117.29	854.469	9.33957
NM_177952.3	8071	7843.29	21.8558	0.125404
NM_177959.3	1857	1629.29	0	0
NM_177963.4	3722	3494.29	0	0
NM_177964.5	1345	1117.29	0	0
NM_177965.4	3340	3112.29	83.0136	1.20036
NM_177966.7	8780	8552.29	543.033	2.8575
NM_177967.4	2657	2429.29	0	0
NM_177968.4	3879	3651.29	734.805	9.05665
NM_177969.4	1748	1520.29	4.25319	0.125901
NM_177972.3	6445	6217.29	612.479	4.43335
NM_177973.2	1196	968.293	0	0
NM_177974.3	3806	3578.29	2320.52	29.1844
NM_177976.3	4313	4085.29	4.84812e-05	5.34063e-07
NM_177977.3	3930	3702.29	0	0
NM_177980.4	4602	4374.29	0	0
NM_177983.3	2210	1982.29	6629	150.495
NM_177985.3	5006	4778.29	109.232	1.02877
NM_177986.5	4572	4344.29	0	0
NM_177987.3	1562	1334.29	0	0
NM_177988.1	1076	848.293	46.1777	2.44979
NM_177989.4	1710	1482.29	942.887	28.6265
NM_177990.4	4728	4500.29	0	0
NM_177991.3	1197	969.293	0	0
NM_177995.3	4495	4267.29	713.235	7.52182
NM_177996.2	5967	5739.29	16.0722	0.126026
NM_177998.3	1981	1753.29	8	0.205342
NM_177999.3	4494	4266.29	0	0
NM_178000.3	2640	2412.29	4115.01	76.7684
NM_178001.3	2745	2517.29	877.55	15.6885
NM_178003.3	2514	2286.29	174.948	3.44365
NM_178006.4	5915	5687.29	882.348	6.98195
NM_178007.3	5843	5615.29	0	0
NM_178009.5	17497	17269.3	101.997	0.2658
NM_178010.4	5883	5655.29	0	0
NM_178011.5	6049	5821.29	2	0.0154615
NM_178012.5	1922	1694.29	197.073	5.23458
NM_178013.4	3715	3487.29	2	0.0258098
NM_178014.4	2515	2287.29	119903	2359.13
NM_178019.3	1355	1127.29	14	0.558899
NM_178022.2	2608	2380.29	156.467	2.95825
NM_178026.3	2638	2410.29	280.576	5.23869
NM_178031.3	3498	3270.29	192.166	2.64444
NM_178033.2	2256	2028.29	0	0
NM_178034.4	4266	4038.29	4.01349	0.0447267
NM_178039.4	9224	8996.29	975.557	4.88013
NM_178040.4	9308	9080.29	1602.18	7.94062
NM_178042.4	1902	1674.29	17.36	0.466617
NM_178043.3	1856	1628.29	66.5765	1.84006
NM_178044.4	791	563.487	0	0
NM_178120.5	2356	2128.29	54	1.14184
NM_178122.5	2607	2379.29	0	0
NM_178123.5	10671	10443.3	1839.49	7.92687
NM_178124.6	2388	2160.29	126.866	2.64287
NM_178125.3	2050	1822.29	0	0
NM_178126.4	3749	3521.29	1332.89	17.0347
NM_178127.5	2368	2140.29	6	0.12616
NM_178128.6	2174	1946.29	28.8531	0.667154
NM_178129.5	4267	4039.29	0	0
NM_178130.4	2099	1871.29	5	0.120246
NM_178134.3	2162	1934.29	0	0
NM_178135.5	2368	2140.29	0	0
NM_178136.3	3275	3047.29	288.849	4.26579
NM_178138.6	2385	2157.29	0	0
NM_178140.4	11984	11756.3	46.7261	0.178868
NM_178148.4	2022	1794.29	3346.55	83.9355
NM_178150.3	3548	3320.29	1870.7	25.3553
NM_178151.3	9236	9008.29	0	0
NM_178152.3	9083	8855.29	3.30088e-08	1.67752e-10
NM_178153.3	9068	8840.29	3.37337e-07	1.71727e-09
NM_178155.3	3895	3667.29	1213.76	14.8946
NM_178156.2	5081	4853.29	13.2324	0.1227
NM_178160.3	2150	1922.29	0	0
NM_178161.3	1545	1317.29	0	0
NM_178167.5	3365	3137.29	1209.11	17.3442
NM_178168.1	954	726.293	0	0
NM_178169.4	3507	3279.29	847.546	11.6312
NM_178170.3	3573	3345.29	91.4675	1.23048
NM_178171.5	2135	1907.29	0	0
NM_178172.6	2257	2029.29	0	0
NM_178173.4	2996	2768.29	0	0
NM_178174.4	1262	1034.29	0	0
NM_178175.4	1559	1331.29	0	0
NM_178176.4	2147	1919.29	0	0
NM_178177.5	1837	1609.29	0	0
NM_178181.3	1368	1140.29	20.5676	0.811726
NM_178190.3	579	354.315	36.4059	4.62407
NM_178191.3	1887	1659.29	329.1	8.92579
NM_178221.3	2896	2668.29	521.124	8.78921
NM_178229.5	6013	5785.29	4445.03	34.5773
NM_178232.4	1892	1664.29	383.16	10.3608
NM_178233.2	2367	2139.29	0	0
NM_178234.2	3823	3595.29	1225.67	15.342
NM_178237.3	3391	3163.29	293.621	4.17725
NM_178238.4	1324	1096.29	222.31	9.12589
NM_178270.4	2019	1791.29	0	0
NM_178271.3	2507	2279.29	57.4369	1.13405
NM_178272.2	1052	824.293	4.01028	0.218945
NM_178273.2	1018	790.293	0	0
NM_178276.7	1905	1677.29	0.0052267	0.000140236
NM_178310.4	1740	1512.29	7	0.208307
NM_178311.3	1046	818.293	0	0
NM_178312.3	974	746.293	0	0
NM_178313.3	9086	8858.29	6285.64	31.9332
NM_178314.5	3933	3705.29	40.4571	0.491376
NM_178324.3	976	748.293	80.7319	4.8553
NM_178326.3	2817	2589.29	24.0212	0.417499
NM_178328.1	1786	1558.29	0	0
NM_178329.3	1638	1410.29	0	0
NM_178331.2	404	195.215	4.22184e-08	9.73265e-09
NM_178332.2	401	192.714	2	0.467045
NM_178335.3	8629	8401.29	31.7344	0.169991
NM_178336.3	1114	886.293	594.795	30.2017
NM_178348.2	625	399.259	0	0
NM_178349.2	1138	910.293	0	0
NM_178351.4	718	490.852	0	0
NM_178352.3	460	243.274	0	0
NM_178353.2	1200	972.293	0	0
NM_178354.3	726	498.753	13	1.17301
NM_178356.3	388	182.168	2	0.494084
NM_178422.6	2685	2457.29	822.796	15.0688
NM_178423.3	9702	9474.29	0	0
NM_178424.2	3283	3055.29	0	0
NM_178425.4	9880	9652.29	0	0
NM_178427.3	4665	4437.29	0	0
NM_178428.4	611	385.534	194	22.6455
NM_178429.5	625	399.259	0	0
NM_178430.4	625	399.259	0	0
NM_178431.1	270	98.4585	0	0
NM_178432.4	2125	1897.29	0	0
NM_178433.1	288	109.828	0	0
NM_178434.3	431	217.835	0	0
NM_178435.4	619	393.338	0	0
NM_178438.5	860	632.427	1	0.0711593
NM_178439.5	4161	3933.29	698.857	7.99603
NM_178441.2	2646	2418.29	0	0
NM_178443.3	2511	2283.29	0.752448	0.0148305
NM_178445.2	2508	2280.29	18.7404	0.369855
NM_178448.4	3814	3586.29	1053.91	13.2251
NM_178449.4	454	237.87	1	0.189192
NM_178450.5	3946	3718.29	514.017	6.22123
NM_178452.6	2388	2160.29	0	0
NM_178454.6	1932	1704.29	732.339	19.3379
NM_178455.3	516	294.675	0	0
NM_178456.3	805	577.487	0	0
NM_178457.3	9827	9599.29	0	0
NM_178460.3	820	592.487	0	0
NM_178466.5	1139	911.293	0	0
NM_178468.6	3169	2941.29	0	0
NM_178469.4	884	656.427	0	0
NM_178470.5	3345	3117.29	0	0
NM_178471.3	4342	4114.29	8.56187	0.0936517
NM_178477.5	589	364.098	0	0
NM_178483.3	596	370.951	0	0
NM_178491.4	1323	1095.29	0	0
NM_178493.6	2223	1995.29	84	1.89459
NM_178495.6	4293	4065.29	46.123	0.510585
NM_178496.4	3063	2835.29	426	6.76167
NM_178497.5	788	560.487	2.55773	0.205367
NM_178498.4	6285	6057.29	0	0
NM_178499.5	2426	2198.29	0	0
NM_178500.4	2071	1843.29	18.3928	0.449051
NM_178502.4	2028	1800.29	107.786	2.6944
NM_178505.8	5087	4859.29	3.27747	0.0303535
NM_178507.4	2262	2034.29	6893	152.488
NM_178508.6	1070	842.293	147.882	7.90123
NM_178509.6	15590	15362.3	410.259	1.20183
NM_178510.2	2553	2325.29	0	0
NM_178511.6	839	611.427	328.861	24.2053
NM_178516.4	2429	2201.29	8	0.163551
NM_178517.5	2825	2597.29	167.777	2.90706
NM_178518.3	1981	1753.29	27.2279	0.698878
NM_178523.5	4356	4128.29	193.417	2.10847
NM_178525.5	1396	1168.29	0	0
NM_178526.5	3267	3039.29	198	2.9318
NM_178527.4	4410	4182.29	0	0
NM_178532.4	1728	1500.29	0.464971	0.0139474
NM_178536.4	732	504.753	0	0
NM_178537.5	3750	3522.29	72	0.919918
NM_178539.5	4045	3817.29	0	0
NM_178540.5	1824	1596.29	2.10721	0.059407
NM_178543.5	2016	1788.29	0	0
NM_178544.5	8000	7772.29	55.6245	0.322076
NM_178545.4	935	707.293	7	0.44539
NM_178547.5	1567	1339.29	170.958	5.74454
NM_178548.4	2245	2017.29	4	0.0892346
NM_178549.4	8515	8287.29	102.354	0.555821
NM_178550.6	4847	4619.29	6	0.0584545
NM_178552.4	1039	811.293	0	0
NM_178553.4	2008	1780.29	0	0
NM_178554.6	5704	5476.29	170.556	1.4016
NM_178556.5	1896	1668.29	0	0
NM_178557.4	6056	5828.29	5	0.0386074
NM_178558.5	2993	2765.29	258.343	4.20433
NM_178559.6	4382	4154.29	1.00087	0.0108424
NM_178561.5	2608	2380.29	0	0
NM_178562.5	2951	2723.29	15	0.247879
NM_178563.4	3533	3305.29	0	0
NM_178564.4	3724	3496.29	986.94	12.7035
NM_178565.5	3084	2856.29	0	0
NM_178566.6	9121	8893.29	120.018	0.607333
NM_178568.4	3614	3386.29	28	0.372114
NM_178570.3	2224	1996.29	20	0.450866
NM_178571.4	1883	1655.29	0	0
NM_178578.4	8150	7922.29	0	0
NM_178580.3	1771	1543.29	275.802	8.04249
NM_178581.3	1715	1487.29	106.786	3.23117
NM_178582.3	3947	3719.29	130.591	1.58014
NM_178584.4	2945	2717.29	318.897	5.28149
NM_178586.3	4271	4043.29	646.305	7.19357
NM_178587.3	1586	1358.29	2137.28	70.8127
NM_178812.4	7662	7434.29	11540.5	69.8597
NM_178813.6	921	693.293	0	0
NM_178815.5	7170	6942.29	1092.03	7.07904
NM_178817.4	1000	772.293	0	0
NM_178818.3	3450	3222.29	0	0
NM_178819.4	6298	6070.29	4902.27	36.3437
NM_178820.5	2315	2087.29	30.1494	0.650036
NM_178821.3	1683	1455.29	321.414	9.93931
NM_178822.5	8562	8334.29	13.5736	0.073294
NM_178826.4	3928	3700.29	0	0
NM_178827.5	3034	2806.29	0	0
NM_178828.5	4431	4203.29	3	0.0321199
NM_178832.4	2333	2105.29	77.6321	1.65948
NM_178833.7	6351	6123.29	708.987	5.21069
NM_178834.5	2536	2308.29	3240.31	63.1739
NM_178835.5	7660	7432.29	288.784	1.74861
NM_178836.4	2578	2350.29	71.2982	1.36521
NM_178837.4	2242	2014.29	0	0
NM_178839.5	2602	2374.29	110.03	2.08554
NM_178840.4	3039	2811.29	0	0
NM_178841.4	1864	1636.29	326.412	8.97733
NM_178842.5	3857	3629.29	0	0
NM_178844.4	6413	6185.29	0	0
NM_178849.3	6460	6232.29	0	0
NM_178850.3	1652	1424.29	0	0
NM_178857.6	8014	7786.29	2	0.0115596
NM_178858.6	6770	6542.29	176.806	1.21621
NM_178859.4	924	696.293	0	0
NM_178860.5	4206	3978.29	0	0
NM_178861.5	1380	1152.29	0	0
NM_178862.3	4107	3879.29	16625.3	192.868
NM_178863.5	1716	1488.29	205.591	6.21668
NM_178864.4	3272	3044.29	0	0
NM_178865.5	1900	1672.29	3536.9	95.1816
NM_178868.5	1169	941.293	31	1.48211
NM_180699.3	1070	842.293	81.1962	4.33825
NM_180976.3	2877	2649.29	0	0
NM_180977.3	2655	2427.29	0	0
NM_180982.3	1111	883.293	343.672	17.5098
NM_180989.6	8884	8656.29	1407	7.31483
NM_180990.4	1475	1247.29	0	0
NM_180991.5	5069	4841.29	0	0
NM_181042.5	7764	7536.29	0.00277998	1.66007e-05
NM_181050.3	3599	3371.29	851.475	11.3663
NM_181054.3	3819	3591.29	768.789	9.63382
NM_181077.5	5777	5549.29	0	0
NM_181078.3	4837	4609.29	531.529	5.18961
NM_181079.5	4978	4750.29	134.89	1.27791
NM_181093.4	6470	6242.29	82.3267	0.593525
NM_181265.4	7333	7105.29	0	0
NM_181268.3	1054	826.293	79.3751	4.32307
NM_181269.3	719	491.852	0	0
NM_181270.3	703	475.947	0	0
NM_181271.3	578	353.315	0	0
NM_181272.3	560	336.006	0	0
NM_181283.3	544	321.029	0	0
NM_181291.3	2563	2335.29	84.6919	1.63208
NM_181296.3	445	230.083	0	0
NM_181303.2	3975	3747.29	0	0
NM_181304.3	1297	1069.29	69.5292	2.92626
NM_181305.3	1223	995.293	217.52	9.83536
NM_181306.3	1122	894.293	69.3111	3.48791
NM_181307.3	1049	821.293	40.7768	2.23438
NM_181308.3	2201	1973.29	9.31173	0.212364
NM_181309.2	2797	2569.29	0	0
NM_181310.2	2627	2399.29	0	0
NM_181311.4	1816	1588.29	76.4358	2.16575
NM_181312.4	1864	1636.29	102.304	2.81368
NM_181313.4	1774	1546.29	62.2825	1.81266
NM_181332.3	5858	5630.29	0	0
NM_181333.4	1872	1644.29	70.6913	1.93477
NM_181334.6	2155	1927.29	0	0
NM_181335.3	1615	1387.29	0	0
NM_181336.4	2941	2713.29	1502.4	24.9191
NM_181340.3	2374	2146.29	0	0
NM_181341.3	2294	2066.29	10.936	0.238181
NM_181342.3	2876	2648.29	908.948	15.446
NM_181349.3	5668	5440.29	1823.75	15.0864
NM_181351.5	5819	5591.29	0	0
NM_181352.2	8797	8569.29	0	0
NM_181353.3	1222	994.293	591.959	26.7929
NM_181354.4	4465	4237.29	186.389	1.97959
NM_181356.3	4396	4168.29	9.67888	0.104498
NM_181357.2	3663	3435.29	49.7703	0.652002
NM_181358.3	6871	6643.29	0	0
NM_181359.3	5670	5442.29	0	0
NM_181361.3	2543	2315.29	0	0
NM_181425.3	6986	6758.29	69.0126	0.459551
NM_181426.2	3848	3620.29	193	2.39914
NM_181427.4	1421	1193.29	49.9198	1.88264
NM_181429.2	945	717.293	0	0
NM_181435.6	3773	3545.29	25.0261	0.317675
NM_181441.3	671	444.496	117.239	11.8699
NM_181442.4	6413	6185.29	591.849	4.30619
NM_181443.4	4578	4350.29	977.113	10.1081
NM_181446.3	2684	2456.29	0	0
NM_181449.3	3503	3275.29	2.21471	0.0304305
NM_181453.4	6909	6681.29	1598.34	10.7659
NM_181454.3	664	437.717	8.55754	0.879828
NM_181455.3	667	440.629	7.09363	0.724499
NM_181456.3	709	481.852	5.22897	0.488366
NM_181457.4	2034	1806.29	57.7854	1.4397
NM_181458.4	3359	3131.29	5.25792e-07	7.55671e-09
NM_181459.4	3188	2960.29	30.0772	0.45724
NM_181460.4	2941	2713.29	11.7739	0.195284
NM_181461.4	3112	2884.29	27.4118	0.427701
NM_181462.3	846	618.427	14.5069	1.05567
NM_181463.3	738	510.753	118.811	10.4686
NM_181464.3	626	400.259	55.5572	6.24657
NM_181465.3	559	335.04	34.7462	4.66716
NM_181466.3	1012	784.293	112.006	6.42698
NM_181468.2	1269	1041.29	432.171	18.6778
NM_181471.3	1685	1457.29	1270.28	39.2279
NM_181472.3	1757	1529.29	26.8758	0.790883
NM_181481.5	8574	8346.29	0	0
NM_181482.5	8656	8428.29	0	0
NM_181485.3	1867	1639.29	783.696	21.5146
NM_181486.4	3733	3505.29	261.706	3.35994
NM_181489.6	18314	18086.3	801.413	1.99411
NM_181491.3	3881	3653.29	2090.71	25.7544
NM_181492.3	7496	7268.29	450.06	2.78664
NM_181493.4	986	758.293	28.56	1.69497
NM_181500.4	2923	2695.29	200.949	3.35523
NM_181501.2	10736	10508.3	2135.09	9.14378
NM_181503.3	1166	938.293	1507.2	72.2894
NM_181504.4	5650	5422.29	48.553	0.402973
NM_181505.4	1497	1269.29	0	0
NM_181506.5	2163	1935.29	4	0.0930155
NM_181507.2	4840	4612.29	78.4947	0.765889
NM_181508.1	4536	4308.29	271.497	2.83598
NM_181509.3	971	743.293	22.4695	1.36043
NM_181510.3	1227	999.293	0	0
NM_181514.2	693	466.041	677.346	65.4076
NM_181515.2	706	478.9	61.6514	5.79349
NM_181519.3	1424	1196.29	105.85	3.98196
NM_181521.3	8153	7925.29	1689	9.59084
NM_181523.3	6975	6747.29	1641.48	10.9483
NM_181524.2	5712	5484.29	177.196	1.45403
NM_181526.3	2624	2396.29	569.516	10.6957
NM_181527.3	1189	961.293	34.1387	1.59821
NM_181528.3	956	728.293	339.356	20.9697
NM_181531.3	3235	3007.29	0	0
NM_181532.3	826	598.427	0	0
NM_181533.4	1687	1459.29	0	0
NM_181534.4	1669	1441.29	0	0
NM_181535.3	1692	1464.29	0	0
NM_181536.2	5623	5395.29	0	0
NM_181537.4	1628	1400.29	10	0.321383
NM_181538.3	1119	891.293	0	0
NM_181539.5	1772	1544.29	0	0
NM_181552.4	13723	13495.3	192.991	0.643571
NM_181553.4	1901	1673.29	1396.14	37.5491
NM_181558.3	1381	1153.29	23.3172	0.909869
NM_181571.3	2448	2220.29	4.46339	0.0904683
NM_181573.3	1230	1002.29	314.997	14.1434
NM_181575.5	1458	1230.29	3829.03	140.063
NM_181578.5	2468	2240.29	94.8378	1.9051
NM_181581.3	2266	2038.29	0	0
NM_181598.4	2512	2284.29	319.958	6.30352
NM_181599.3	792	564.487	0	0
NM_181600.3	807	579.487	0	0
NM_181602.2	500	280.02	0	0
NM_181604.2	313	126.323	0	0
NM_181606.3	721	493.802	0	0
NM_181607.3	662	435.717	0	0
NM_181608.2	394	187.168	0	0
NM_181609.4	552	328.307	0	0
NM_181610.3	342	146.678	0	0
NM_181611.3	485	265.994	0	0
NM_181612.3	330	138.255	0	0
NM_181614.3	440	225.63	0	0
NM_181615.2	275	101.511	0	0
NM_181616.3	414	203.726	0	0
NM_181617.3	466	248.539	0	0
NM_181619.2	414	203.726	0	0
NM_181620.2	296	115.202	0	0
NM_181621.4	882	654.427	0	0
NM_181622.2	547	323.768	0	0
NM_181623.3	595	369.951	0	0
NM_181624.1	208	62.9017	0	0
NM_181640.2	729	501.753	350.465	31.4339
NM_181641.2	792	564.487	15.7625	1.25664
NM_181642.3	3026	2798.29	8.49646	0.136643
NM_181643.6	2293	2065.29	0	0
NM_181644.5	4058	3830.29	5.01292	0.0588981
NM_181645.4	2641	2413.29	0	0
NM_181646.5	5823	5595.29	0	0
NM_181651.3	728	500.753	103.4	9.29262
NM_181652.3	593	367.988	100.393	12.2776
NM_181654.4	1966	1738.29	1	0.0258892
NM_181655.4	1380	1152.29	95.0913	3.71381
NM_181656.5	1523	1295.29	159.551	5.54338
NM_181657.3	4331	4103.29	69.0914	0.757763
NM_181659.3	7961	7733.29	773.24	4.49979
NM_181661.3	1626	1398.29	6.32806	0.203664
NM_181670.4	3572	3344.29	0	0
NM_181671.3	6360	6132.29	1639.88	12.0346
NM_181672.3	5435	5207.29	3511.19	30.3448
NM_181673.3	5405	5177.29	242.813	2.11063
NM_181674.3	10958	10730.3	0	0
NM_181675.4	10828	10600.3	2.16307e-06	9.18323e-09
NM_181676.3	10764	10536.3	0	0
NM_181677.2	2008	1780.29	13.3104	0.336467
NM_181678.2	2021	1793.29	0	0
NM_181684.3	739	511.753	0	0
NM_181686.2	588	363.135	0	0
NM_181688.3	1100	872.293	0	0
NM_181689.3	1178	950.293	20.5046	0.971037
NM_181690.2	1734	1506.29	8.84484	0.264255
NM_181696.3	1139	911.293	100.165	4.94652
NM_181697.3	945	717.293	14105	884.95
NM_181698.4	4683	4455.29	0	0
NM_181699.3	2084	1856.29	198.332	4.80826
NM_181700.2	1892	1664.29	23.32	0.630581
NM_181701.4	4501	4273.29	2100	22.1156
NM_181702.3	2072	1844.29	190.702	4.65337
NM_181703.4	3177	2949.29	0.134623	0.0020542
NM_181705.4	6219	5991.29	1296.2	9.73629
NM_181706.5	2970	2742.29	878.734	14.4207
NM_181707.3	975	747.293	0	0
NM_181708.3	3226	2998.29	162.457	2.43841
NM_181709.5	2150	1922.29	0	0
NM_181710.4	1440	1212.29	0	0
NM_181711.4	1952	1724.29	90.7451	2.3684
NM_181712.5	5499	5271.29	58.0511	0.495605
NM_181713.4	6022	5794.29	595.208	4.62285
NM_181714.4	4719	4491.29	0	0
NM_181715.3	2631	2403.29	1023.88	19.1728
NM_181716.3	1132	904.293	152	7.56444
NM_181718.4	1816	1588.29	46.3626	1.31365
NM_181719.7	2946	2718.29	244.051	4.04042
NM_181720.3	3709	3481.29	0	0
NM_181721.3	1101	873.293	0	0
NM_181723.3	3990	3762.29	241.111	2.88407
NM_181724.3	2662	2434.29	1444.04	26.6962
NM_181725.4	5799	5571.29	612.413	4.94687
NM_181726.4	784	556.487	400.579	32.3948
NM_181727.2	2190	1962.29	0	0
NM_181733.4	4595	4367.29	52.5997	0.542017
NM_181741.4	6547	6319.29	0	0
NM_181742.4	6546	6318.29	227.321	1.61913
NM_181744.4	3490	3262.29	0	0
NM_181745.4	3653	3425.29	1.20562e-08	1.58399e-10
NM_181746.4	2363	2135.29	284.091	5.98746
NM_181747.4	1270	1042.29	4.05614	0.175132
NM_181755.3	1420	1192.29	7.20577	0.271982
NM_181756.3	2821	2593.29	0	0
NM_181762.3	1686	1458.29	106.915	3.2994
NM_181773.5	1029	801.293	0	0
NM_181774.4	2860	2632.29	0	0
NM_181775.4	2000	1772.29	0	0
NM_181776.3	3396	3168.29	1.34637	0.0191241
NM_181780.4	3126	2898.29	0	0
NM_181781.4	9265	9037.29	4.99853	0.0248912
NM_181782.5	6264	6036.29	196.044	1.46159
NM_181783.4	7192	6964.29	5054.18	32.66
NM_181784.3	4519	4291.29	1522.09	15.9622
NM_181785.4	3302	3074.29	35.4169	0.518451
NM_181786.4	2950	2722.29	0	0
NM_181787.3	6197	5969.29	1790.24	13.4968
NM_181788.1	1300	1072.29	0	0
NM_181789.4	4932	4704.29	4.52219	0.0432611
NM_181790.1	1389	1161.29	0	0
NM_181791.3	3837	3609.29	0	0
NM_181794.3	1872	1644.29	0	0
NM_181795.3	1706	1478.29	0	0
NM_181798.2	3021	2793.29	0	0
NM_181799.3	723	495.802	66.2306	6.01164
NM_181800.3	690	463.088	223.435	21.7135
NM_181801.4	920	692.293	485.862	31.5838
NM_181804.3	1248	1020.29	44.1727	1.94837
NM_181805.3	1353	1125.29	48.3802	1.93484
NM_181806.4	3581	3353.29	39.2442	0.526679
NM_181807.4	1669	1441.29	0	0
NM_181808.4	3253	3025.29	105.507	1.56948
NM_181809.4	5636	5408.29	18.0896	0.150526
NM_181814.2	1584	1356.29	13	0.431352
NM_181825.3	2999	2771.29	23.9583	0.389059
NM_181828.3	5869	5641.29	2.99518e-06	2.38939e-08
NM_181829.3	5872	5644.29	3.3198e-06	2.64694e-08
NM_181830.3	5746	5518.29	0	0
NM_181831.3	2374	2146.29	0	0
NM_181832.3	6010	5782.29	158.443	1.23315
NM_181833.3	4660	4432.29	0	0
NM_181836.6	3918	3690.29	9392.04	114.536
NM_181837.3	2501	2273.29	403.108	7.98009
NM_181838.2	2694	2466.29	145.748	2.65951
NM_181839.3	3833	3605.29	217.111	2.71009
NM_181840.1	1155	927.293	0	0
NM_181842.3	1963	1735.29	162	4.20131
NM_181843.3	816	588.487	5.10506	0.390397
NM_181844.4	3527	3299.29	33	0.450127
NM_181845.2	5684	5456.29	16.9658	0.139933
NM_181846.3	4654	4426.29	126.94	1.29063
NM_181847.4	3849	3621.29	58.488	0.726851
NM_181861.2	7201	6973.29	1896.85	12.2416
NM_181864.3	1570	1342.29	115.806	3.88262
NM_181865.3	1440	1212.29	0	0
NM_181866.3	1399	1171.29	0	0
NM_181868.2	7072	6844.29	391.067	2.57137
NM_181869.2	4556	4328.29	0	0
NM_181871.4	2976	2748.29	0	0
NM_181872.6	2428	2200.29	31.885	0.652151
NM_181873.3	2368	2140.29	0	0
NM_181874.3	4241	4013.29	0	0
NM_181876.3	4087	3859.29	0	0
NM_181877.4	3756	3528.29	6.56949	0.0837933
NM_181879.3	1108	880.293	0	0
NM_181880.2	540	317.191	0	0
NM_181882.3	4867	4639.29	163.554	1.58654
NM_181885.3	1450	1222.29	1	0.0368186
NM_181886.3	4184	3956.29	228.697	2.60144
NM_181887.3	3937	3709.29	2276.47	27.6193
NM_181888.3	3833	3605.29	0	0
NM_181889.2	3856	3628.29	717.778	8.90287
NM_181890.3	3785	3557.29	133.644	1.69072
NM_181891.3	3729	3501.29	5562.15	71.4918
NM_181892.4	3876	3648.29	937.923	11.5696
NM_181893.3	3633	3405.29	16.5423	0.218617
NM_181897.3	4646	4418.29	0	0
NM_181900.3	4887	4659.29	100.895	0.97452
NM_181985.4	1354	1126.29	0	0
NM_181986.3	1072	844.293	1	0.0533027
NM_182314.3	5215	4987.29	51.2574	0.462524
NM_182398.3	2298	2070.29	32.4266	0.704874
NM_182470.4	2521	2293.29	330.889	6.4933
NM_182471.4	2305	2077.29	6917.65	149.866
NM_182472.5	8342	8114.29	20.5939	0.114217
NM_182476.3	2109	1881.29	3.78177	0.090465
NM_182480.3	2170	1942.29	30.549	0.707822
NM_182484.2	1840	1612.29	0	0
NM_182485.3	7045	6817.29	92.7717	0.612415
NM_182486.2	1609	1381.29	12.3554	0.402544
NM_182487.4	6567	6339.29	47.2236	0.335244
NM_182488.4	4412	4184.29	3785.17	40.7104
NM_182489.3	1228	1000.29	0	0
NM_182490.3	3049	2821.29	113.871	1.81638
NM_182491.4	878	650.427	976.793	67.5843
NM_182493.3	8033	7805.29	0	0
NM_182495.6	1868	1640.29	0	0
NM_182496.3	1918	1690.29	0	0
NM_182497.4	1939	1711.29	0	0
NM_182498.4	1162	934.293	868.952	41.8557
NM_182499.4	2331	2103.29	1	0.0213965
NM_182500.4	5508	5280.29	3.03826	0.0258946
NM_182501.4	1587	1359.29	423.849	14.0327
NM_182502.3	2645	2417.29	0	0
NM_182503.3	6244	6016.29	112.755	0.843432
NM_182504.4	851	623.427	0	0
NM_182505.5	1185	957.293	205.709	9.67054
NM_182506.3	1953	1725.29	0	0
NM_182507.3	3873	3645.29	0	0
NM_182508.3	3268	3040.29	0	0
NM_182509.4	2594	2366.29	0	0
NM_182511.4	2747	2519.29	0	0
NM_182513.4	2290	2062.29	915.238	19.9722
NM_182515.4	8752	8524.29	624.226	3.29554
NM_182517.3	1486	1258.29	0	0
NM_182519.3	2343	2115.29	11	0.234026
NM_182520.3	895	667.361	0	0
NM_182521.3	2451	2223.29	16	0.323866
NM_182522.5	2229	2001.29	0	0
NM_182523.2	6009	5781.29	573.724	4.46602
NM_182524.4	2872	2644.29	164.106	2.79291
NM_182526.3	3976	3748.29	7	0.084044
NM_182527.3	3334	3106.29	4.12799	0.0598051
NM_182528.4	1905	1677.29	1	0.0268308
NM_182529.3	3510	3282.29	120.49	1.65202
NM_182530.3	3590	3362.29	0	0
NM_182531.5	11108	10880.3	0	0
NM_182532.3	1256	1028.29	0	0
NM_182533.4	727	499.753	617.107	55.5709
NM_182536.3	723	495.802	1	0.0907682
NM_182537.3	1459	1231.29	0	0
NM_182538.5	1877	1649.29	0	0
NM_182539.4	3086	2858.29	0	0
NM_182540.7	3793	3565.29	0.000866979	1.09435e-05
NM_182541.2	732	504.753	3	0.267476
NM_182542.3	2424	2196.29	0	0
NM_182543.5	2166	1938.29	103.494	2.40292
NM_182546.4	3049	2821.29	0	0
NM_182547.4	2294	2066.29	1304.42	28.4099
NM_182548.4	2084	1856.29	57.6722	1.39818
NM_182551.5	5071	4843.29	0	0
NM_182552.5	3554	3326.29	9.4669	0.128082
NM_182553.3	1374	1146.29	28.444	1.1167
NM_182554.4	2165	1937.29	1.02481	0.0238061
NM_182556.4	2261	2033.29	0	0
NM_182557.4	7382	7154.29	1743.5	10.9673
NM_182559.3	1457	1229.29	0	0
NM_182563.4	826	598.427	24.2492	1.82359
NM_182565.4	1446	1218.29	2288	84.5175
NM_182566.3	698	470.947	0	0
NM_182569.4	3241	3013.29	4.55612	0.0680449
NM_182572.4	2095	1867.29	0	0
NM_182573.3	2451	2223.29	0	0
NM_182574.3	1886	1658.29	13.9633	0.378937
NM_182575.3	1657	1429.29	0	0
NM_182577.3	1589	1361.29	0	0
NM_182578.4	1161	933.293	0	0
NM_182580.3	4912	4684.29	144.379	1.38708
NM_182581.4	1695	1467.29	0	0
NM_182584.4	5103	4875.29	2.22399	0.0205293
NM_182587.4	13647	13419.3	0.999349	0.00335143
NM_182588.3	7212	6984.29	12.5528	0.0808838
NM_182589.2	1927	1699.29	0	0
NM_182592.3	1170	942.293	0.477598	0.0228096
NM_182594.4	2325	2097.29	7.72706	0.165805
NM_182595.4	1293	1065.29	0	0
NM_182597.3	1870	1642.29	0	0
NM_182601.2	2043	1815.29	0	0
NM_182603.4	3099	2871.29	36.5857	0.573425
NM_182606.4	3313	3085.29	0	0
NM_182607.5	3033	2805.29	0.00129991	2.08534e-05
NM_182608.4	1865	1637.29	3	0.0824588
NM_182609.4	3512	3284.29	46.854	0.642017
NM_182610.4	2399	2171.29	0	0
NM_182612.4	4363	4135.29	423.921	4.6134
NM_182614.4	6117	5889.29	148	1.13094
NM_182616.4	7587	7359.29	1651.36	10.0983
NM_182617.4	2970	2742.29	0	0
NM_182619.5	1987	1759.29	0	0
NM_182620.4	2809	2581.29	2150.81	37.4979
NM_182623.3	1720	1492.29	42	1.26659
NM_182625.5	9848	9620.29	334.223	1.56347
NM_182627.3	1594	1366.29	70.012	2.30606
NM_182628.3	2117	1889.29	0	0
NM_182632.3	2095	1867.29	0	0
NM_182633.3	4358	4130.29	20.261	0.220761
NM_182639.4	1609	1381.29	139.926	4.55886
NM_182640.3	1414	1186.29	796.269	30.2072
NM_182641.4	11075	10847.3	0	0
NM_182642.3	2522	2294.29	1640.06	32.1701
NM_182643.3	7412	7184.29	496.387	3.10942
NM_182644.3	2587	2359.29	0	0
NM_182645.3	2231	2003.29	0	0
NM_182646.3	6955	6727.29	433.447	2.8996
NM_182647.4	3402	3174.29	0	0
NM_182648.2	5633	5405.29	294.297	2.45024
NM_182649.2	1276	1048.29	4402.66	189.006
NM_182658.5	1766	1538.29	0	0
NM_182659.1	4931	4703.29	0	0
NM_182660.1	4334	4106.29	0	0
NM_182662.2	2127	1899.29	23.2078	0.549899
NM_182663.4	3799	3571.29	97.6867	1.23098
NM_182664.4	3683	3455.29	0	0
NM_182665.4	3678	3450.29	35.3133	0.460601
NM_182666.3	1732	1504.29	15.0736	0.450949
NM_182676.3	1733	1505.29	27.2706	0.815298
NM_182678.3	1405	1177.29	177.645	6.79063
NM_182679.3	2154	1926.29	0	0
NM_182680.1	835	607.427	0	0
NM_182681.1	745	517.701	0	0
NM_182683.2	1462	1234.29	14.0057	0.510655
NM_182684.2	1542	1314.29	0	0
NM_182685.2	1486	1258.29	0	0
NM_182687.3	2099	1871.29	17.1145	0.41159
NM_182688.3	3482	3254.29	208.973	2.88986
NM_182689.2	1088	860.293	12.2297	0.63975
NM_182690.3	1108	880.293	0	0
NM_182691.3	3740	3512.29	9.01573	0.115519
NM_182692.3	3679	3451.29	986.302	12.8609
NM_182697.3	5069	4841.29	91.2108	0.847866
NM_182699.4	3630	3402.29	0	0
NM_182700.6	3626	3398.29	1	0.0132428
NM_182701.1	1712	1484.29	0	0
NM_182703.6	3101	2873.29	112.036	1.75478
NM_182704.2	1667	1439.29	0	0
NM_182705.3	3988	3760.29	5984.97	71.628
NM_182706.5	5607	5379.29	987.542	8.26176
NM_182707.3	1440	1212.29	0	0
NM_182708.3	5312	5084.29	0	0
NM_182709.3	1825	1597.29	564.852	15.9145
NM_182710.3	2080	1852.29	0.000470337	1.14273e-05
NM_182715.4	2130	1902.29	4367.7	103.328
NM_182717.2	1975	1747.29	5.69813e-06	1.4676e-07
NM_182718.2	1537	1309.29	6.37813	0.219229
NM_182719.2	1573	1345.29	0	0
NM_182720.2	1939	1711.29	33.7628	0.887884
NM_182721.2	2055	1827.29	34.8325	0.857865
NM_182723.2	2134	1906.29	0	0
NM_182724.2	1653	1425.29	0	0
NM_182728.3	3117	2889.29	150.166	2.33896
NM_182729.3	3610	3382.29	5202.49	69.2217
NM_182734.3	7206	6978.29	228.442	1.47322
NM_182739.3	1316	1088.29	35.5226	1.46893
NM_182742.3	3737	3509.29	593.834	7.61531
NM_182743.3	3500	3272.29	932.517	12.8247
NM_182744.4	2057	1829.29	0	0
NM_182746.3	4062	3834.29	8097.18	95.0366
NM_182749.5	4777	4549.29	316.152	3.12748
NM_182751.3	4552	4324.29	404.51	4.20976
NM_182752.4	2401	2173.29	2295	47.5233
NM_182755.3	3179	2951.29	0	0
NM_182756.4	1817	1589.29	0	0
NM_182757.4	5032	4804.29	18.0127	0.16873
NM_182758.4	7310	7082.29	0	0
NM_182759.3	1451	1223.29	4.45778	0.163995
NM_182760.4	2147	1919.29	1168.81	27.4059
NM_182761.4	1376	1148.29	0	0
NM_182762.4	9153	8925.29	9.07479	0.0457569
NM_182763.3	3702	3474.29	376.222	4.87327
NM_182764.3	3562	3334.29	184.106	2.48488
NM_182765.6	4862	4634.29	172.982	1.67981
NM_182767.6	4799	4571.29	326.404	3.21335
NM_182769.3	1998	1770.29	0	0
NM_182770.3	1809	1581.29	0	0
NM_182771.2	2125	1897.29	0	0
NM_182772.2	1936	1708.29	0	0
NM_182776.3	2725	2497.29	121.062	2.18162
NM_182789.4	2543	2315.29	668.363	12.9912
NM_182791.4	2104	1876.29	0	0
NM_182795.2	1709	1481.29	0	0
NM_182796.2	2293	2065.29	370.983	8.08378
NM_182797.3	5601	5373.29	0	0
NM_182798.3	4163	3935.29	0	0
NM_182801.3	2217	1989.29	328	7.42023
NM_182802.3	7492	7264.29	68.4037	0.423769
NM_182810.3	1419	1191.29	10443.6	394.526
NM_182811.2	7089	6861.29	437.411	2.86897
NM_182826.2	1871	1643.29	704.128	19.2832
NM_182828.4	9267	9039.29	0.998897	0.00497311
NM_182830.4	5250	5022.29	0	0
NM_182833.3	2617	2389.29	0	0
NM_182835.2	2162	1934.29	391.261	9.10303
NM_182836.3	1946	1718.29	640.178	16.7666
NM_182847.3	2532	2304.29	0	0
NM_182848.4	2505	2277.29	0	0
NM_182849.3	1270	1042.29	64.3955	2.7804
NM_182852.4	1651	1423.29	45.5221	1.43936
NM_182854.4	2860	2632.29	1.05813	0.0180903
NM_182894.3	3018	2790.29	0	0
NM_182895.5	3463	3235.29	1125.29	15.6528
NM_182896.3	3815	3587.29	10.3244	0.129521
NM_182898.4	8539	8311.29	0	0
NM_182899.5	8188	7960.29	0	0
NM_182902.4	3337	3109.29	0	0
NM_182904.5	2255	2027.29	1180.42	26.2038
NM_182905.6	1835	1607.29	0	0
NM_182906.4	1741	1513.29	0	0
NM_182907.3	4673	4445.29	99.7219	1.00956
NM_182908.5	1687	1459.29	0	0
NM_182909.4	3958	3730.29	0.36937	0.00445616
NM_182910.2	2586	2358.29	22.6266	0.43178
NM_182911.4	3793	3565.29	0	0
NM_182913.4	2670	2442.29	0	0
NM_182914.3	21822	21594.3	214.393	0.446801
NM_182915.3	4259	4031.29	1064.24	11.8806
NM_182916.3	2252	2024.29	602.397	13.3922
NM_182917.4	5686	5458.29	16027	132.141
NM_182918.4	4904	4676.29	0	0
NM_182919.4	2684	2456.29	991.769	18.1707
NM_182920.2	7624	7396.29	96.7236	0.588519
NM_182922.4	4416	4188.29	1109.74	11.9242
NM_182923.4	2352	2124.29	2001.98	42.4118
NM_182924.4	3096	2868.29	825.534	12.9525
NM_182925.5	5833	5605.29	0	0
NM_182931.3	7782	7554.29	1230.96	7.3332
NM_182932.3	5133	4905.29	0	0
NM_182935.4	2976	2748.29	0	0
NM_182936.3	2863	2635.29	1	0.0170771
NM_182943.3	3749	3521.29	31823.5	406.713
NM_182944.3	6829	6601.29	351.704	2.39768
NM_182946.2	6549	6321.29	1488.6	10.5978
NM_182947.4	2554	2326.29	448.531	8.67702
NM_182948.4	4481	4253.29	73.6527	0.779302
NM_182958.4	1823	1595.29	69.5214	1.96119
NM_182960.4	4853	4625.29	0	0
NM_182961.4	27708	27480.3	775.417	1.26986
NM_182962.3	4317	4089.29	0	0
NM_182964.6	11501	11273.3	121.757	0.486055
NM_182965.3	2179	1951.29	1693.55	39.0588
NM_182966.4	3351	3123.29	2.7018	0.0389298
NM_182969.4	4905	4677.29	22.5259	0.216736
NM_182970.4	5411	5183.29	2.09347	0.0181762
NM_182971.3	542	319.126	0	0
NM_182972.3	5316	5088.29	3146.17	27.8261
NM_182973.3	3603	3375.29	0	0
NM_182974.3	1534	1306.29	0	0
NM_182975.4	1558	1330.29	176.701	5.97771
NM_182976.4	9729	9501.29	1533.1	7.26154
NM_182977.3	6421	6193.29	1491.11	10.835
NM_182978.4	6227	5999.29	56.4103	0.423156
NM_182981.3	1922	1694.29	292	7.75598
NM_182982.3	2372	2144.29	0	0
NM_182983.5	2365	2137.29	0	0
NM_182984.5	2762	2534.29	230.116	4.08632
NM_182985.5	1735	1507.29	10.1265	0.302345
NM_183001.5	3478	3250.29	2399.19	33.2189
NM_183002.3	5151	4923.29	0	0
NM_183004.5	5775	5547.29	315.804	2.562
NM_183005.5	1484	1256.29	24.2636	0.869174
NM_183006.4	3738	3510.29	4294.71	55.0596
NM_183008.3	1785	1557.29	56.8126	1.64179
NM_183009.3	3619	3391.29	895.996	11.89
NM_183011.2	2857	2629.29	0	0
NM_183012.2	2668	2440.29	0	0
NM_183013.3	2549	2321.29	0	0
NM_183040.2	1963	1735.29	13.5926	0.35251
NM_183043.3	3741	3513.29	294.748	3.77554
NM_183044.3	3537	3309.29	108.699	1.4782
NM_183045.1	1227	999.293	19.3404	0.870993
NM_183047.4	5143	4915.29	697.898	6.38976
NM_183048.4	4984	4756.29	226.692	2.14492
NM_183050.4	3668	3440.29	351.262	4.59492
NM_183057.3	1066	838.293	263.264	14.1331
NM_183058.3	809	581.487	0	0
NM_183059.3	3511	3283.29	0.244274	0.00334819
NM_183060.3	2161	1933.29	54.374	1.26571
NM_183061.3	4119	3891.29	0	0
NM_183062.3	1285	1057.29	0	0
NM_183065.4	2263	2035.29	327.211	7.23508
NM_183075.3	4768	4540.29	359.142	3.5598
NM_183078.3	5411	5183.29	8.33748	0.0723888
NM_183079.4	2431	2203.29	1381.52	28.2181
NM_183227.3	4392	4164.29	210.903	2.27921
NM_183228.3	9620	9392.29	0	0
NM_183229.3	9671	9443.29	0	0
NM_183230.3	9671	9443.29	0	0
NM_183231.3	9503	9275.29	0	0
NM_183232.3	9554	9326.29	0	0
NM_183233.3	1572	1344.29	0	0
NM_183234.2	3455	3227.29	0	0
NM_183235.3	3447	3219.29	1064.78	14.8848
NM_183236.3	3413	3185.29	0	0
NM_183237.3	2662	2434.29	185.549	3.43026
NM_183238.4	9342	9114.29	272.234	1.34419
NM_183239.2	6715	6487.29	55.2887	0.383544
NM_183240.3	1687	1459.29	0	0
NM_183241.3	808	580.487	270.453	20.9672
NM_183243.3	2503	2275.29	515.19	10.1899
NM_183244.2	2356	2128.29	0	0
NM_183246.2	2146	1918.29	0	0
NM_183323.3	2356	2128.29	53.7237	1.136
NM_183337.3	2399	2171.29	0	0
NM_183352.3	1359	1131.29	3921.97	156.017
NM_183353.3	10627	10399.3	922.24	3.99101
NM_183356.4	2663	2435.29	47.3271	0.874583
NM_183357.3	6643	6415.29	10.6922	0.0750051
NM_183360.3	2363	2135.29	19.2791	0.406323
NM_183361.3	2216	1988.29	0	0
NM_183372.9	5453	5225.29	29.9724	0.258138
NM_183373.4	1878	1650.29	2850.05	77.72
NM_183374.3	2878	2650.29	0	0
NM_183375.5	1408	1180.29	0	0
NM_183376.3	4062	3834.29	1521	17.852
NM_183377.2	3750	3522.29	6	0.0766599
NM_183380.4	18005	17777.3	835.995	2.11631
NM_183381.3	2336	2108.29	1338.44	28.5701
NM_183383.2	2743	2515.29	77.0967	1.3794
NM_183387.3	9771	9543.29	0	0
NM_183393.3	5270	5042.29	11	0.0981762
NM_183394.3	5390	5162.29	0	0
NM_183395.3	3845	3617.29	0	0
NM_183397.3	5491	5263.29	54.9492	0.469836
NM_183398.3	4018	3790.29	162.837	1.9334
NM_183399.3	3995	3767.29	0	0
NM_183400.3	3996	3768.29	346.267	4.13531
NM_183401.3	4237	4009.29	320.354	3.59588
NM_183404.4	3233	3005.29	202.85	3.03761
NM_183412.3	2902	2674.29	0	0
NM_183413.3	2803	2575.29	16.6675	0.291263
NM_183415.3	5385	5157.29	754.598	6.5847
NM_183416.4	7800	7572.29	4167.86	24.7701
NM_183419.4	4186	3958.29	1672.72	19.0177
NM_183420.2	10356	10128.3	477.818	2.12309
NM_183421.2	10383	10155.3	20.1845	0.0894474
NM_183422.4	5961	5733.29	195.173	1.532
NM_183425.3	2338	2110.29	9.66223	0.206052
NM_184041.5	1486	1258.29	53670.7	1919.54
NM_184043.2	1569	1341.29	3070.43	103.019
NM_184085.2	2679	2451.29	0	0
NM_184086.2	2391	2163.29	5.43647	0.113095
NM_184087.2	1758	1530.29	0	0
NM_184231.3	2956	2728.29	267.996	4.42058
NM_184234.3	5060	4832.29	0	0
NM_187841.3	1930	1702.29	0	0
NM_194071.4	7441	7213.29	10587	66.0516
NM_194247.4	5710	5482.29	8157.73	66.9652
NM_194248.3	7214	6986.29	0	0
NM_194249.3	1595	1367.29	53.1385	1.749
NM_194250.2	4527	4299.29	180.714	1.89163
NM_194251.3	3047	2819.29	1	0.0159625
NM_194252.3	3591	3363.29	184.95	2.47475
NM_194255.4	4991	4763.29	812.307	7.67459
NM_194259.3	3107	2879.29	520.73	8.13895
NM_194260.3	2980	2752.29	27.2294	0.445232
NM_194261.3	2832	2604.29	79.0086	1.3653
NM_194271.3	2052	1824.29	337.826	8.33376
NM_194272.3	2017	1789.29	15.8345	0.398257
NM_194277.3	3203	2975.29	0	0
NM_194278.4	8105	7877.29	46.4756	0.265516
NM_194279.4	2581	2353.29	370.244	7.08035
NM_194280.4	943	715.293	557.018	35.0451
NM_194281.4	943	715.293	267.312	16.8181
NM_194282.4	6121	5893.29	114.504	0.874393
NM_194283.4	6242	6014.29	181.958	1.36153
NM_194284.3	2160	1932.29	79	1.83991
NM_194285.3	5601	5373.29	2603.01	21.8011
NM_194286.4	8431	8203.29	1.0978	0.0060225
NM_194287.3	1710	1482.29	0	0
NM_194291.3	9038	8810.29	1789.86	9.14261
NM_194292.3	3848	3620.29	747.942	9.29751
NM_194293.4	6461	6233.29	0	0
NM_194294.5	2599	2371.29	0	0
NM_194296.2	680	453.225	17.035	1.69149
NM_194298.3	3946	3718.29	0	0
NM_194300.5	6845	6617.29	1	0.00680083
NM_194301.4	7898	7670.29	0	0
NM_194302.4	5946	5718.29	0	0
NM_194312.4	4653	4425.29	0	0
NM_194313.4	6295	6067.29	468.657	3.47618
NM_194314.3	8595	8367.29	1165	6.2659
NM_194315.2	2308	2080.29	26.2182	0.567179
NM_194317.5	4011	3783.29	6.05079	0.0719755
NM_194318.4	4215	3987.29	1400.77	15.8099
NM_194320.4	2374	2146.29	20.9566	0.439415
NM_194322.3	5190	4962.29	0	0
NM_194323.3	4838	4610.29	39.4342	0.384934
NM_194324.4	652	425.803	25.1557	2.65871
NM_194325.3	2580	2352.29	0	0
NM_194326.4	820	592.487	1864.72	141.637
NM_194328.3	5306	5078.29	14.3919	0.127539
NM_194329.3	4911	4683.29	0	0
NM_194330.3	4997	4769.29	22.9039	0.216121
NM_194332.3	5156	4928.29	307.456	2.80756
NM_194356.4	3441	3213.29	479.589	6.71678
NM_194358.3	5736	5508.29	184.75	1.50941
NM_194359.2	5172	4944.29	922.547	8.39705
NM_194429.3	13896	13668.3	223.29	0.735184
NM_194431.3	1973	1745.29	0	0
NM_194434.3	6801	6573.29	6398.75	43.8081
NM_194435.3	1577	1349.29	0.0431073	0.00143776
NM_194436.3	2007	1779.29	19	0.480561
NM_194439.5	2337	2109.29	6.42405e-07	1.37061e-08
NM_194441.3	3682	3454.29	12.7408	0.16599
NM_194442.3	3779	3551.29	21.3779	0.270907
NM_194447.3	1179	951.293	0	0
NM_194448.3	1080	852.293	4.0253	0.212545
NM_194449.4	6299	6071.29	551	4.08425
NM_194450.3	1197	969.293	2.19791	0.102046
NM_194451.3	3460	3232.29	11.246	0.156577
NM_194454.3	4079	3851.29	887.121	10.3662
NM_194455.1	4997	4769.29	4.79052	0.0452034
NM_194456.1	4762	4534.29	0	0
NM_194457.2	2129	1901.29	87.6362	2.07432
NM_194458.2	2389	2161.29	84.8182	1.76611
NM_194460.3	1631	1403.29	2050.82	65.7691
NM_194463.2	2803	2575.29	93	1.62517
NM_197939.2	1891	1663.29	168.67	4.56365
NM_197941.4	7309	7081.29	1485.71	9.44196
NM_197947.3	2542	2314.29	0	0
NM_197948.3	2423	2195.29	0	0
NM_197949.3	2285	2057.29	2.00631	0.0438878
NM_197950.3	2305	2077.29	3.48331e-06	7.54635e-08
NM_197954.3	439	224.747	0	0
NM_197955.3	649	422.846	0	0
NM_197956.4	3398	3170.29	213.195	3.02635
NM_197957.4	533	310.571	2.38579	0.34571
NM_197958.3	544	321.029	608.728	85.3337
NM_197960.4	7282	7054.29	0	0
NM_197961.4	7264	7036.29	425.111	2.71895
NM_197962.3	682	455.179	544.175	53.8019
NM_197964.5	1014	786.293	39.1984	2.2435
NM_197965.3	1623	1395.29	0	0
NM_197966.3	2462	2234.29	6.78621	0.136688
NM_197967.2	2147	1919.29	38.9297	0.912814
NM_197968.4	7429	7201.29	9.79866	0.0612348
NM_197970.3	2756	2528.29	0	0
NM_197972.3	1441	1213.29	14.7931	0.548699
NM_197974.3	2878	2650.29	10.7773	0.183003
NM_197975.3	2439	2211.29	0	0
NM_197977.3	3286	3058.29	50.5988	0.744567
NM_197978.3	2084	1856.29	0	0
NM_198038.3	2483	2255.29	100.885	2.01311
NM_198040.3	3990	3762.29	0	0
NM_198041.3	1132	904.293	182.746	9.09454
NM_198042.4	1459	1231.29	364.901	13.3369
NM_198043.3	1749	1521.29	467.888	13.8411
NM_198044.3	1680	1452.29	21.5998	0.669327
NM_198045.3	1554	1326.29	21.836	0.740929
NM_198046.3	1977	1749.29	112.213	2.88683
NM_198047.3	2400	2172.29	28.6732	0.594019
NM_198053.3	1600	1372.29	0.0948108	0.00310923
NM_198055.2	2666	2438.29	191.732	3.53876
NM_198056.3	8519	8291.29	7.18745e-07	3.90117e-09
NM_198057.3	2269	2041.29	0	0
NM_198060.4	5613	5385.29	0	0
NM_198061.3	2823	2595.29	90.6417	1.57175
NM_198066.4	3867	3639.29	6748.71	83.4538
NM_198074.6	8509	8281.29	0	0
NM_198075.4	2765	2537.29	0	0
NM_198076.6	2295	2067.29	1526.42	33.2288
NM_198077.4	3254	3026.29	721.826	10.7341
NM_198080.4	4250	4022.29	5533.37	61.9096
NM_198081.5	4538	4310.29	0	0
NM_198082.4	3026	2798.29	22.8265	0.367104
NM_198083.4	1258	1030.29	41.8252	1.82692
NM_198085.2	1255	1027.29	3	0.131422
NM_198086.3	2905	2677.29	52.4844	0.882219
NM_198087.3	2880	2652.29	0	0
NM_198088.3	3008	2780.29	127.13	2.05778
NM_198089.3	2612	2384.29	58.8773	1.1113
NM_198097.5	1814	1586.29	3574.11	101.397
NM_198098.4	2754	2526.29	46	0.819438
NM_198120.3	2312	2084.29	140.093	3.02483
NM_198123.2	13052	12824.3	0	0
NM_198124.2	13017	12789.3	0	0
NM_198125.3	572	347.526	0	0
NM_198128.3	2919	2691.29	110.157	1.84201
NM_198129.4	10651	10423.3	58.0906	0.250809
NM_198137.2	1867	1639.29	0	0
NM_198141.3	5553	5325.29	174.641	1.47586
NM_198147.3	3492	3264.29	435.137	5.99901
NM_198148.3	3544	3316.29	254.488	3.45348
NM_198149.3	1432	1204.29	379.555	14.1835
NM_198150.3	3365	3137.29	1112.98	15.9652
NM_198151.4	2163	1935.29	0	0
NM_198152.5	2385	2157.29	9.60668	0.200404
NM_198153.3	2545	2317.29	0	0
NM_198154.3	1191	963.293	0	0
NM_198155.5	1491	1263.29	0	0
NM_198156.3	4291	4063.29	56.8477	0.629618
NM_198158.3	4457	4229.29	0	0
NM_198159.3	4781	4553.29	82.151	0.811951
NM_198173.3	2834	2606.29	0	0
NM_198174.3	2187	1959.29	1	0.022969
NM_198175.1	1031	803.293	246.326	13.8
NM_198177.3	4666	4438.29	0	0
NM_198178.3	4289	4061.29	16.0309	0.177638
NM_198179.3	2339	2111.29	1	0.0213154
NM_198180.3	1653	1425.29	28	0.884089
NM_198181.4	4305	4077.29	0	0
NM_198182.3	3568	3340.29	15.5723	0.209802
NM_198183.3	1218	990.293	50.6158	2.30019
NM_198184.2	3231	3003.29	8	0.119877
NM_198185.7	1978	1750.29	0	0
NM_198186.3	2369	2141.29	36.4601	0.766274
NM_198187.3	1820	1592.29	72.5262	2.04981
NM_198188.2	1799	1571.29	0	0
NM_198189.3	3503	3275.29	359.332	4.93728
NM_198194.3	2650	2422.29	0	0
NM_198195.2	2069	1841.29	346.186	8.46114
NM_198196.3	4376	4148.29	0	0
NM_198202.2	936	708.293	45.4452	2.88747
NM_198204.2	2360	2132.29	2111.67	44.5678
NM_198205.2	2270	2042.29	469.217	10.3395
NM_198207.3	2115	1887.29	9.07246	0.216336
NM_198212.3	2765	2537.29	443.48	7.86586
NM_198213.3	3028	2800.29	0	0
NM_198215.4	3328	3100.29	0	0
NM_198216.2	936	708.293	2651.19	168.45
NM_198217.3	4466	4238.29	12.0811	0.12828
NM_198218.3	4437	4209.29	2.95776	0.0316225
NM_198219.3	4697	4469.29	236.4	2.3804
NM_198220.3	2311	2083.29	855.957	18.4903
NM_198227.2	2699	2471.29	0.0795041	0.0014478
NM_198229.3	4813	4585.29	0	0
NM_198232.3	982	754.293	0	0
NM_198234.3	985	757.293	0	0
NM_198235.3	997	769.293	0	0
NM_198236.3	7261	7033.29	500.103	3.19995
NM_198239.2	1385	1157.29	0	0
NM_198240.3	5840	5612.29	4648.81	37.2772
NM_198241.3	5405	5177.29	17772	154.481
NM_198242.3	4990	4762.29	204.399	1.93155
NM_198243.3	4926	4698.29	671.651	6.43348
NM_198244.3	5167	4939.29	718.795	6.54912
NM_198252.3	2595	2367.29	1636.92	31.1185
NM_198253.3	4039	3811.29	0	0
NM_198256.4	3230	3002.29	219.035	3.28324
NM_198264.2	2902	2674.29	821.002	13.8158
NM_198265.2	1675	1447.29	0	0
NM_198267.2	1208	980.293	126.498	5.80726
NM_198268.3	8201	7973.29	0	0
NM_198269.3	7062	6834.29	41.0097	0.270044
NM_198270.4	8981	8753.29	0	0
NM_198271.5	4922	4694.29	0	0
NM_198273.2	4262	4034.29	1928.19	21.5092
NM_198274.4	4385	4157.29	0	0
NM_198275.3	3983	3755.29	21.3195	0.255491
NM_198276.3	1654	1426.29	97.546	3.07782
NM_198277.3	4008	3780.29	0	0
NM_198279.4	6682	6454.29	147.371	1.02756
NM_198281.3	14037	13809.3	0.131525	0.000428625
NM_198282.4	2170	1942.29	1484.12	34.3873
NM_198283.2	2247	2019.29	0	0
NM_198285.3	2038	1810.29	0	0
NM_198291.3	4644	4416.29	1538.58	15.6785
NM_198309.3	2317	2089.29	329.891	7.1058
NM_198310.3	2227	1999.29	351.838	7.91969
NM_198313.3	2094	1866.29	0	0
NM_198314.2	1882	1654.29	0	0
NM_198315.3	1812	1584.29	72.1739	2.05016
NM_198316.2	4718	4490.29	253.695	2.5426
NM_198317.3	2567	2339.29	769.755	14.8085
NM_198318.5	1274	1046.29	4676.79	201.158
NM_198320.5	6627	6399.29	20.3407	0.143046
NM_198321.4	5958	5730.29	9880	77.593
NM_198329.4	4563	4335.29	0	0
NM_198332.2	4393	4165.29	437.769	4.72979
NM_198333.3	3325	3097.29	3.11661	0.0452838
NM_198334.3	3835	3607.29	21288.6	265.587
NM_198335.4	3901	3673.29	4857.59	59.5124
NM_198336.4	2523	2295.29	0	0
NM_198337.4	2616	2388.29	148.507	2.79834
NM_198353.3	2595	2367.29	4	0.0760414
NM_198376.3	7984	7756.29	0	0
NM_198377.3	8569	8341.29	0	0
NM_198378.3	8290	8062.29	0	0
NM_198379.3	8365	8137.29	0	0
NM_198380.3	8434	8206.29	0	0
NM_198381.2	2380	2152.29	0	0
NM_198382.3	8254	8026.29	49	0.274741
NM_198383.3	8389	8161.29	0	0
NM_198384.3	8323	8095.29	0	0
NM_198385.3	8467	8239.29	0	0
NM_198386.3	8269	8041.29	0	0
NM_198387.3	8221	7993.29	0	0
NM_198388.3	8200	7972.29	7.72472e-08	4.36056e-10
NM_198389.2	2822	2594.29	163.124	2.82971
NM_198390.3	4719	4491.29	1227.24	12.2971
NM_198391.3	4977	4749.29	0	0
NM_198392.3	3216	2988.29	13.6562	0.205659
NM_198393.4	4917	4689.29	0	0
NM_198395.2	10196	9968.29	2586.57	11.6774
NM_198396.3	8500	8272.29	0	0
NM_198398.2	1317	1089.29	25.1153	1.03761
NM_198399.2	2397	2169.29	0	0
NM_198400.3	7024	6796.29	7.81386	0.0517411
NM_198401.4	2754	2526.29	18.4814	0.329225
NM_198402.5	4125	3897.29	3268.68	37.7444
NM_198403.4	2309	2081.29	0	0
NM_198404.3	2124	1896.29	2	0.0474643
NM_198406.3	1969	1741.29	0	0
NM_198407.2	3014	2786.29	0	0
NM_198426.3	1017	789.293	329.989	18.8149
NM_198427.2	2689	2461.29	0.229342	0.00419336
NM_198428.3	3996	3768.29	281.452	3.36126
NM_198433.3	2466	2238.29	453.18	9.11164
NM_198434.3	2157	1929.29	844.568	19.7006
NM_198435.3	2047	1819.29	1367.21	33.8201
NM_198436.3	2143	1915.29	845.253	19.8607
NM_198437.3	2033	1805.29	1370.21	34.1573
NM_198439.3	3840	3612.29	27.8269	0.346677
NM_198440.4	3194	2966.29	1.32461	0.0200962
NM_198441.2	1847	1619.29	0	0
NM_198443.2	626	400.259	5	0.562175
NM_198445.4	3042	2814.29	27.0697	0.432868
NM_198446.3	1329	1101.29	167.224	6.83342
NM_198447.2	776	548.487	0	0
NM_198448.4	836	608.427	0	0
NM_198449.3	4202	3974.29	63	0.713383
NM_198450.6	6480	6252.29	1012.04	7.28453
NM_198451.4	2793	2565.29	0	0
NM_198456.3	1111	883.293	29.4273	1.4993
NM_198457.5	3888	3660.29	0	0
NM_198458.3	3465	3237.29	0	0
NM_198459.4	5637	5409.29	107.332	0.892957
NM_198460.3	4685	4457.29	0	0
NM_198461.4	15096	14868.3	0	0
NM_198463.4	2589	2361.29	0.000146948	2.80064e-06
NM_198464.4	1139	911.293	0	0
NM_198465.4	8066	7838.29	0	0
NM_198467.3	6406	6178.29	1188.41	8.65648
NM_198468.4	8683	8455.29	78.7208	0.41899
NM_198469.4	703	475.947	0	0
NM_198471.3	2787	2559.29	0	0
NM_198472.3	758	530.648	30.1188	2.55431
NM_198474.4	2768	2540.29	281.989	4.99564
NM_198475.3	3138	2910.29	146	2.25766
NM_198476.5	3302	3074.29	96.2106	1.40838
NM_198477.3	1080	852.293	0	0
NM_198478.4	4822	4594.29	0	0
NM_198479.3	2070	1842.29	0	0
NM_198480.4	4042	3814.29	2.01515e-06	2.37759e-08
NM_198481.4	967	739.293	0	0
NM_198483.4	2526	2298.29	0	0
NM_198484.5	8389	8161.29	896.62	4.94415
NM_198485.4	5482	5254.29	0	0
NM_198486.5	3810	3582.29	807.753	10.1475
NM_198488.5	5632	5404.29	373.034	3.10636
NM_198489.3	1254	1026.29	93.9176	4.1183
NM_198490.3	4478	4250.29	586.974	6.21501
NM_198491.3	1862	1634.29	5	0.137684
NM_198492.4	1299	1071.29	0	0
NM_198493.3	2660	2432.29	0	0
NM_198494.3	2499	2271.29	15.1881	0.300934
NM_198495.3	2615	2387.29	27.6957	0.522094
NM_198498.3	1343	1115.29	0	0
NM_198501.3	1911	1683.29	0	0
NM_198503.5	5984	5756.29	6.72478e-08	5.25748e-10
NM_198504.4	9090	8862.29	33.984	0.172572
NM_198505.4	3938	3710.29	0	0
NM_198506.5	3661	3433.29	0	0
NM_198507.3	1287	1059.29	440.02	18.6938
NM_198508.4	2158	1930.29	0	0
NM_198510.3	4964	4736.29	0	0
NM_198511.3	10206	9978.29	4.25282e-05	1.91806e-07
NM_198512.3	1712	1484.29	1	0.0303195
NM_198513.2	3205	2977.29	87.5416	1.32323
NM_198514.4	11051	10823.3	1457.74	6.06128
NM_198515.3	1679	1451.29	0	0
NM_198516.3	2503	2275.29	93.5973	1.85126
NM_198517.4	1716	1488.29	0	0
NM_198521.5	1324	1096.29	0	0
NM_198524.3	1443	1215.29	12.7483	0.472078
NM_198525.3	4567	4339.29	1150.69	11.9339
NM_198526.4	4676	4448.29	836.599	8.46381
NM_198527.4	1096	868.293	94.401	4.89274
NM_198529.4	5103	4875.29	0	0
NM_198530.4	1833	1605.29	8146.78	228.388
NM_198531.5	4361	4133.29	55.4692	0.603946
NM_198532.3	2564	2336.29	4.07281	0.0784528
NM_198533.3	1534	1306.29	0	0
NM_198534.3	1690	1462.29	0	0
NM_198535.3	6758	6530.29	207.258	1.4283
NM_198536.3	1256	1028.29	32.9556	1.4423
NM_198537.4	979	751.293	0	0
NM_198538.4	917	689.293	118.746	7.75276
NM_198539.4	4096	3868.29	183.254	2.13195
NM_198540.2	1894	1666.29	32.1269	0.86768
NM_198541.2	779	551.487	0	0
NM_198542.3	2277	2049.29	55.2523	1.21336
NM_198544.4	1138	910.293	0	0
NM_198545.4	7365	7137.29	26.0409	0.164197
NM_198546.1	2015	1787.29	0	0
NM_198549.4	6382	6154.29	393.607	2.87824
NM_198551.4	8126	7898.29	1878.79	10.705
NM_198552.3	1503	1275.29	47	1.65856
NM_198555.4	1505	1277.29	40.1045	1.41301
NM_198557.3	4176	3948.29	363.247	4.14033
NM_198559.2	1322	1094.29	0	0
NM_198560.3	4900	4672.29	1	0.00963191
NM_198562.3	3748	3520.29	93.9381	1.2009
NM_198563.5	4744	4516.29	1345.63	13.4087
NM_198564.4	2054	1826.29	17.784	0.43823
NM_198565.3	2556	2328.29	10	0.193288
NM_198566.4	2502	2274.29	393.497	7.7864
NM_198567.6	2003	1775.29	0	0
NM_198568.3	2279	2051.29	0	0
NM_198569.3	6822	6594.29	0	0
NM_198570.5	11322	11094.3	0	0
NM_198571.3	2949	2721.29	0	0
NM_198572.3	2170	1942.29	0	0
NM_198573.3	1028	800.293	2	0.112466
NM_198576.4	7326	7098.29	2760.92	17.5042
NM_198578.4	9239	9011.29	91.2057	0.455488
NM_198580.3	3514	3286.29	390.001	5.34075
NM_198581.3	11539	11311.3	279.617	1.11248
NM_198582.4	3780	3552.29	1.00119	0.0126838
NM_198584.3	3884	3656.29	166.003	2.04323
NM_198585.3	2019	1791.29	0	0
NM_198586.3	2238	2010.29	128.03	2.86612
NM_198589.3	1598	1370.29	10748.7	353.008
NM_198590.3	1789	1561.29	32.0044	0.922502
NM_198591.4	1624	1396.29	10.2798	0.331321
NM_198593.4	2817	2589.29	0	0
NM_198594.4	2717	2489.29	38.1071	0.688925
NM_198595.3	7452	7224.29	10430.1	64.9735
NM_198596.3	4240	4012.29	0	0
NM_198597.3	4445	4217.29	4164.11	44.4355
NM_198679.2	6169	5941.29	0	0
NM_198681.4	4274	4046.29	0	0
NM_198682.3	1687	1459.29	89	2.74467
NM_198686.3	3568	3340.29	0	0
NM_198687.2	1643	1415.29	0	0
NM_198688.3	1238	1010.29	0	0
NM_198689.3	1578	1350.29	0	0
NM_198690.3	1286	1058.29	0	0
NM_198691.3	1215	987.293	0	0
NM_198692.3	1237	1009.29	0	0
NM_198693.4	1149	921.293	0	0
NM_198694.3	1150	922.293	0	0
NM_198695.2	876	648.427	0	0
NM_198696.3	1006	778.293	0	0
NM_198697.2	410	200.199	0	0
NM_198698.1	447	231.819	0	0
NM_198699.1	873	645.427	0	0
NM_198700.3	4647	4419.29	80.8611	0.823435
NM_198704.3	1359	1131.29	0	0
NM_198705.3	1454	1226.29	46.7227	1.71465
NM_198706.3	1697	1469.29	0	0
NM_198707.3	1634	1406.29	19.2912	0.617341
NM_198708.3	1585	1357.29	51.9643	1.72295
NM_198709.3	2187	1959.29	0	0
NM_198714.2	1937	1709.29	0	0
NM_198715.3	7761	7533.29	235.694	1.40801
NM_198716.2	1845	1617.29	10.8994	0.303287
NM_198717.2	1818	1590.29	11.2282	0.317742
NM_198718.2	1971	1743.29	0	0
NM_198719.2	2360	2132.29	60.8869	1.28505
NM_198721.4	7713	7485.29	0	0
NM_198722.3	2856	2628.29	118	2.02046
NM_198723.2	1766	1538.29	2.36687	0.0692432
NM_198793.3	5234	5006.29	2792.44	25.1021
NM_198794.4	4318	4090.29	1495.53	16.4544
NM_198795.2	4855	4627.29	0	0
NM_198798.3	5365	5137.29	32.6523	0.286037
NM_198799.4	1114	886.293	124.862	6.34009
NM_198827.5	5390	5162.29	21.0624	0.183614
NM_198828.3	1053	825.293	0	0
NM_198830.2	4263	4035.29	4925.39	54.9298
NM_198833.2	3338	3110.29	730.67	10.5721
NM_198834.3	10013	9785.29	659.118	3.03132
NM_198836.3	9536	9308.29	977.113	4.72408
NM_198837.2	9626	9398.29	0	0
NM_198838.2	9737	9509.29	23.0967	0.109306
NM_198839.3	10687	10459.3	12.8916	0.0554684
NM_198841.4	5922	5694.29	49.0263	0.387464
NM_198843.3	2850	2622.29	0	0
NM_198844.3	2191	1963.29	0	0
NM_198845.6	3599	3371.29	0	0
NM_198846.6	3471	3243.29	0	0
NM_198847.3	3473	3245.29	304.78	4.22645
NM_198849.3	7075	6847.29	0	0
NM_198850.4	2402	2174.29	4.27106	0.0884016
NM_198853.3	1350	1122.29	0	0
NM_198855.4	3734	3506.29	29.0832	0.373282
NM_198856.3	4505	4277.29	0	0
NM_198859.4	9947	9719.29	628.385	2.9096
NM_198867.1	956	728.293	49.9861	3.08876
NM_198868.3	5206	4978.29	534.371	4.83064
NM_198880.3	3257	3029.29	3063.66	45.5137
NM_198881.2	2607	2379.29	45.8157	0.866579
NM_198882.3	7976	7748.29	0.0522574	0.000303518
NM_198883.3	1555	1327.29	138.606	4.69955
NM_198887.3	3831	3603.29	1305.42	16.304
NM_198889.3	10044	9816.29	747.278	3.42592
NM_198890.3	2809	2581.29	24.6759	0.430208
NM_198892.2	8012	7784.29	653.925	3.78051
NM_198893.3	4292	4064.29	0	0
NM_198896.2	3326	3098.29	1867.78	27.1298
NM_198897.2	1382	1154.29	460.379	17.9491
NM_198900.3	12472	12244.3	7.75722e-06	2.85112e-08
NM_198901.2	1977	1749.29	0	0
NM_198902.3	6273	6045.29	5.98044	0.0445203
NM_198903.2	4077	3849.29	1	0.0116913
NM_198904.4	3813	3585.29	0	0
NM_198920.3	1925	1697.29	58.5525	1.5525
NM_198923.2	966	738.293	0	0
NM_198924.4	1350	1122.29	0	0
NM_198925.4	3780	3552.29	773.77	9.80269
NM_198926.2	5838	5610.29	60.614	0.486216
NM_198928.5	2061	1833.29	0	0
NM_198929.5	1963	1735.29	0	0
NM_198930.4	1936	1708.29	5	0.131719
NM_198935.3	4549	4321.29	472.519	4.92093
NM_198938.3	1593	1365.29	20.5815	0.678411
NM_198941.3	1714	1486.29	1440.13	43.6052
NM_198944.1	963	735.293	0	0
NM_198946.3	708	480.9	0	0
NM_198947.4	3506	3278.29	462.412	6.3478
NM_198948.2	709	481.852	110.727	10.3415
NM_198949.2	782	554.487	15.7115	1.27517
NM_198950.2	745	517.701	8.42587	0.73245
NM_198951.3	1857	1629.29	302.682	8.36045
NM_198952.2	818	590.487	0	0
NM_198953.1	728	500.753	0	0
NM_198954.1	801	573.487	0	0
NM_198955.1	4068	3840.29	5.10273e-07	5.97972e-09
NM_198956.4	3722	3494.29	0	0
NM_198963.3	4885	4657.29	1517.13	14.6599
NM_198964.2	1869	1641.29	792.297	21.7242
NM_198965.2	1578	1350.29	2.14476	0.0714813
NM_198966.2	1327	1099.29	7.98482e-06	3.26884e-07
NM_198968.4	7491	7263.29	409.685	2.53839
NM_198969.1	1754	1526.29	127.408	3.75665
NM_198970.2	1795	1567.29	187.994	5.39805
NM_198971.3	3185	2957.29	1.26592	0.0192643
NM_198973.5	2575	2347.29	196.048	3.75869
NM_198976.4	2237	2009.29	2918.98	65.3777
NM_198977.2	3130	2902.29	185.064	2.86961
NM_198989.3	2983	2755.29	7	0.114333
NM_198990.6	4839	4611.29	19.9988	0.195175
NM_198991.4	1747	1519.29	0	0
NM_198992.4	4461	4233.29	0	0
NM_198993.5	3430	3202.29	34.6917	0.487536
NM_198994.3	2299	2071.29	0	0
NM_198995.3	3325	3097.29	0	0
NM_198996.4	1653	1425.29	0	0
NM_198998.3	1063	835.293	0	0
NM_198999.3	2719	2491.29	0	0
NM_199000.3	3234	3006.29	9	0.134727
NM_199001.5	762	534.648	6	0.50504
NM_199002.2	3174	2946.29	89.7045	1.37019
NM_199003.2	1965	1737.29	28.2421	0.731587
NM_199004.2	1733	1505.29	6.99975	0.209269
NM_199006.3	1071	843.293	3.92439	0.209428
NM_199037.5	4780	4552.29	29.2508	0.289168
NM_199039.4	7535	7307.29	0	0
NM_199040.4	9711	9483.29	83.1409	0.394546
NM_199044.4	4347	4119.29	306.211	3.34535
NM_199046.3	1515	1287.29	0	0
NM_199047.3	1368	1140.29	0	0
NM_199050.3	5857	5629.29	65.7983	0.526021
NM_199051.3	3128	2900.29	0	0
NM_199053.3	4404	4176.29	52.8403	0.569398
NM_199054.3	3785	3557.29	978.169	12.3748
NM_199069.2	902	674.361	1274.08	85.0248
NM_199070.2	936	708.293	158.06	10.0427
NM_199072.5	5373	5145.29	4553.42	39.8263
NM_199073.2	1117	889.293	0	0
NM_199074.2	920	692.293	6.86263	0.446111
NM_199076.3	15791	15563.3	43.6991	0.126361
NM_199077.3	2082	1854.29	43.9616	1.06693
NM_199078.3	4756	4528.29	51.9559	0.516349
NM_199121.3	4097	3869.29	0	0
NM_199122.3	1875	1647.29	191.494	5.2315
NM_199123.2	1401	1173.29	71.8216	2.75481
NM_199124.3	1906	1678.29	80.2301	2.15135
NM_199126.3	8660	8432.29	37.7569	0.201508
NM_199127.3	943	715.293	0	0
NM_199129.4	7703	7475.29	1272.45	7.66044
NM_199131.3	4464	4236.29	0	0
NM_199133.4	2651	2423.29	484.324	8.99441
NM_199135.4	2218	1990.29	1.00018	0.0226153
NM_199136.5	1403	1175.29	0	0
NM_199138.2	9953	9725.29	1.00556	0.00465316
NM_199139.4	3360	3132.29	32.3392	0.464632
NM_199141.2	3295	3067.29	479.153	7.0301
NM_199144.3	2462	2234.29	7.75517	0.156204
NM_199160.4	3470	3242.29	0	0
NM_199161.5	518	296.555	0	0
NM_199162.3	1888	1660.29	33.3775	0.904714
NM_199165.2	1884	1656.29	0	0
NM_199166.2	2281	2053.29	2037.85	44.6646
NM_199167.2	1755	1527.29	1.99622	0.0588204
NM_199168.4	1928	1700.29	5380.7	142.416
NM_199169.3	4530	4302.29	88.4494	0.925203
NM_199170.3	4523	4295.29	0	0
NM_199171.3	4561	4333.29	0	0
NM_199173.6	506	285.56	3.11507	0.490922
NM_199177.4	9434	9206.29	5.97048	0.0291855
NM_199179.4	2561	2333.29	0	0
NM_199180.4	2980	2752.29	0	0
NM_199181.3	3705	3477.29	7.62969	0.0987434
NM_199184.2	805	577.487	53.5671	4.17444
NM_199185.4	1233	1005.29	1001.19	44.8196
NM_199186.3	2032	1804.29	97.9542	2.4432
NM_199187.2	1442	1214.29	43.4635	1.61081
NM_199188.3	6438	6210.29	35.7574	0.259117
NM_199189.3	5255	5027.29	0	0
NM_199190.3	6228	6000.29	214.607	1.60958
NM_199191.3	1678	1450.29	399.429	12.3944
NM_199192.3	1750	1522.29	41.7743	1.23496
NM_199193.3	1816	1588.29	8.70909	0.246766
NM_199194.3	1744	1516.29	81.1331	2.408
NM_199202.3	1577	1349.29	0	0
NM_199203.3	2843	2615.29	1539.9	26.498
NM_199204.2	1875	1647.29	0	0
NM_199227.3	3049	2821.29	116.14	1.85257
NM_199229.3	3180	2952.29	1507.64	22.9816
NM_199231.2	3655	3427.29	90.2738	1.18537
NM_199235.3	1504	1276.29	0	0
NM_199242.3	4080	3852.29	9	0.105139
NM_199243.3	2056	1828.29	110	2.70763
NM_199244.3	1251	1023.29	0	0
NM_199245.3	3139	2911.29	329.115	5.0875
NM_199246.2	2344	2116.29	795.223	16.9105
NM_199247.3	1855	1627.29	72.6008	2.00779
NM_199248.3	1720	1492.29	38.3628	1.15691
NM_199254.3	1965	1737.29	0	0
NM_199259.4	2088	1860.29	0	0
NM_199260.4	2028	1800.29	0	0
NM_199261.4	2142	1914.29	0	0
NM_199262.3	3623	3395.29	0	0
NM_199263.3	2867	2639.29	63.1982	1.0776
NM_199280.4	3548	3320.29	0	0
NM_199282.3	3631	3403.29	0	0
NM_199285.3	1523	1295.29	36.0826	1.25364
NM_199286.4	1100	872.293	0	0
NM_199287.3	2095	1867.29	1451.21	34.9752
NM_199289.3	2913	2685.29	3.2794	0.0549598
NM_199290.4	799	571.487	0	0
NM_199292.3	1920	1692.29	0	0
NM_199293.3	1908	1680.29	0	0
NM_199294.3	905	677.361	260.945	17.3369
NM_199296.3	2940	2712.29	5	0.0829613
NM_199297.2	843	615.427	127.909	9.35334
NM_199298.2	994	766.293	23.234	1.36449
NM_199320.4	5695	5467.29	1001.05	8.23995
NM_199321.3	2257	2029.29	0	0
NM_199327.3	2357	2129.29	0	0
NM_199328.3	2092	1864.29	0	0
NM_199329.3	2619	2391.29	1336.95	25.1609
NM_199330.3	1982	1754.29	5.59408	0.143506
NM_199334.5	5204	4976.29	2351.52	21.266
NM_199335.5	4691	4463.29	4.36329e-06	4.39948e-08
NM_199336.3	1305	1077.29	0.00324179	0.000135423
NM_199337.3	1043	815.293	688.125	37.9836
NM_199339.3	1018	790.293	2	0.11389
NM_199340.5	6038	5810.29	78.4608	0.607711
NM_199341.4	3600	3372.29	172.475	2.30167
NM_199342.4	807	579.487	305.555	23.7295
NM_199344.3	11040	10812.3	957.687	3.9861
NM_199346.3	1393	1165.29	0	0
NM_199347.4	2601	2373.29	0	0
NM_199349.3	2764	2536.29	0	0
NM_199350.4	1945	1717.29	0	0
NM_199351.3	13360	13132.3	0	0
NM_199352.6	8192	7964.29	23.7609	0.134263
NM_199355.4	5833	5605.29	0	0
NM_199357.3	2457	2229.29	1193.67	24.0968
NM_199359.3	2250	2022.29	919.974	20.4726
NM_199360.3	2379	2151.29	53.2084	1.11307
NM_199361.3	2319	2091.29	0.0704297	0.00151559
NM_199362.3	2352	2124.29	183.051	3.87794
NM_199363.3	2292	2064.29	1.65119e-06	3.59971e-08
NM_199367.3	2296	2068.29	173.116	3.76676
NM_199368.2	3138	2910.29	903.337	13.9687
NM_199413.3	3030	2802.29	3817.54	61.3073
NM_199415.3	4138	3910.29	74.2264	0.854263
NM_199418.4	3552	3324.29	107.464	1.45481
NM_199420.4	8757	8529.29	2068	10.9114
NM_199421.2	6903	6675.29	935.644	6.30787
NM_199424.3	3624	3396.29	737.453	9.77173
NM_199425.3	958	730.293	0	0
NM_199426.2	3051	2823.29	81.3041	1.29598
NM_199427.3	2627	2399.29	38.1227	0.715059
NM_199436.2	5172	4944.29	29.5135	0.268632
NM_199437.2	6305	6077.29	388.945	2.88018
NM_199438.2	5966	5738.29	0	0
NM_199439.2	5852	5624.29	3.19318	0.0255504
NM_199440.2	2301	2073.29	625.667	13.5808
NM_199441.3	4919	4691.29	34.9534	0.335304
NM_199442.2	978	750.293	58.0317	3.48078
NM_199443.3	3929	3701.29	766.25	9.31664
NM_199444.2	975	747.293	140.222	8.44435
NM_199450.3	1494	1266.29	3.31527	0.117822
NM_199453.3	1440	1212.29	0	0
NM_199454.3	8641	8413.29	0	0
NM_199456.3	1434	1206.29	0	0
NM_199460.4	13993	13765.3	79.5839	0.260185
NM_199461.4	4017	3789.29	14.1356	0.16788
NM_199462.3	7875	7647.29	425.328	2.50299
NM_199464.3	1435	1207.29	12.6854	0.472863
NM_199478.3	2906	2678.29	0	0
NM_199482.4	3802	3574.29	6.09075	0.0766873
NM_199483.3	939	711.293	41.8981	2.65087
NM_199487.3	2189	1961.29	8.40101	0.192766
NM_199511.3	12301	12073.3	97639.2	363.949
NM_199512.3	11704	11476.3	3749.36	14.7027
NM_201222.3	2136	1908.29	3252.73	76.7089
NM_201224.2	1670	1442.29	43.3391	1.35229
NM_201253.3	4958	4730.29	0	0
NM_201262.2	790	562.487	1.17426	0.0939497
NM_201263.2	2835	2607.29	43.0064	0.742309
NM_201264.2	2577	2349.29	30.5144	0.584534
NM_201265.2	1338	1110.29	728.152	29.5139
NM_201266.2	6659	6431.29	285.75	1.99954
NM_201267.2	6684	6456.29	309.266	2.15571
NM_201269.3	5541	5313.29	918.462	7.77929
NM_201274.4	11321	11093.3	17873	72.5071
NM_201277.3	2032	1804.29	338.436	8.44133
NM_201278.3	4689	4461.29	606.866	6.12173
NM_201279.2	6593	6365.29	20.7736	0.146871
NM_201280.3	2659	2431.29	457.158	8.46196
NM_201281.3	4566	4338.29	1253.19	12.9999
NM_201282.2	2254	2026.29	0	0
NM_201283.2	1575	1347.29	0	0
NM_201284.2	2872	2644.29	6.79884	0.115709
NM_201286.4	4643	4415.29	75.6001	0.770557
NM_201348.2	5759	5531.29	24.2059	0.196941
NM_201349.3	1678	1450.29	3.24647	0.100739
NM_201378.4	14683	14455.3	3387.33	10.5456
NM_201379.3	14665	14437.3	3049.82	9.50674
NM_201380.4	15299	15071.3	12460.5	37.2073
NM_201381.3	14679	14451.3	1022.71	3.18484
NM_201382.4	14763	14535.3	3622.05	11.2143
NM_201383.3	14789	14561.3	1956.57	6.04696
NM_201384.3	14804	14576.3	13216.7	40.8054
NM_201397.3	1178	950.293	24.3377	1.15256
NM_201398.3	1745	1517.29	364.171	10.8014
NM_201400.4	2397	2169.29	338.176	7.01563
NM_201402.3	2415	2187.29	5	0.102874
NM_201403.3	2738	2510.29	169.663	3.04162
NM_201412.3	1434	1206.29	590.189	22.0181
NM_201413.3	3526	3298.29	7757.63	105.848
NM_201414.3	3358	3130.29	642.872	9.24234
NM_201428.3	4860	4632.29	255.751	2.48464
NM_201429.2	2645	2417.29	188.224	3.5042
NM_201430.3	2470	2242.29	192.677	3.86705
NM_201431.2	5950	5722.29	0	0
NM_201432.2	8094	7866.29	0	0
NM_201433.2	8269	8041.29	1217.35	6.81288
NM_201434.3	1757	1529.29	209.786	6.17345
NM_201435.5	3301	3073.29	0	0
NM_201436.3	2948	2720.29	308.91	5.11044
NM_201437.3	2714	2486.29	149.184	2.7003
NM_201438.2	2361	2133.29	0.324663	0.00684896
NM_201439.2	1859	1631.29	305.005	8.41429
NM_201440.2	1737	1509.29	7.37462	0.219891
NM_201441.3	1581	1353.29	86.0644	2.86203
NM_201442.4	2769	2541.29	7104.08	125.804
NM_201443.3	1383	1155.29	52.9608	2.06303
NM_201444.3	2737	2509.29	62.3929	1.11899
NM_201445.2	2705	2477.29	14.8465	0.269705
NM_201446.3	1306	1078.29	73.3871	3.06284
NM_201453.4	1685	1457.29	65.1196	2.01098
NM_201515.2	1902	1674.29	4.58267	0.123177
NM_201516.3	2896	2668.29	127.915	2.15741
NM_201517.3	2912	2684.29	169.991	2.84996
NM_201520.3	3334	3106.29	1.9638e-07	2.8451e-09
NM_201521.3	2361	2133.29	206.063	4.34702
NM_201522.3	2758	2530.29	195.949	3.4851
NM_201523.3	2632	2404.29	15.2088	0.284674
NM_201524.4	4379	4151.29	19.6558	0.213083
NM_201525.4	4257	4029.29	48.8982	0.546143
NM_201526.2	2128	1900.29	23219	549.877
NM_201532.3	3792	3564.29	6.55332	0.0827428
NM_201533.3	3560	3332.29	38.4293	0.518993
NM_201535.2	2089	1861.29	0	0
NM_201536.2	1980	1752.29	0	0
NM_201537.2	2022	1794.29	0	0
NM_201538.2	1937	1709.29	0	0
NM_201539.2	1979	1751.29	0	0
NM_201540.2	2046	1818.29	11.6681	0.288787
NM_201541.2	2004	1776.29	0	0
NM_201542.5	1968	1740.29	1523.3	39.3919
NM_201543.4	5996	5768.29	1019.8	7.95625
NM_201544.4	5957	5729.29	368.277	2.89278
NM_201545.2	6151	5923.29	0	0
NM_201546.5	1953	1725.29	0	0
NM_201548.5	3210	2982.29	0	0
NM_201550.4	2344	2116.29	1.00719	0.021418
NM_201551.2	3129	2901.29	0	0
NM_201552.1	1412	1184.29	0	0
NM_201553.1	1500	1272.29	0	0
NM_201554.2	2605	2377.29	279.363	5.28845
NM_201555.3	1703	1475.29	40.5728	1.23765
NM_201557.5	1436	1208.29	339.108	12.6301
NM_201559.3	7318	7090.29	957.19	6.07542
NM_201566.3	1804	1576.29	48	1.3704
NM_201567.2	3724	3496.29	63.6871	0.819759
NM_201568.3	5658	5430.29	1003.39	8.31552
NM_201569.3	4649	4421.29	0	0
NM_201570.3	6129	5901.29	0	0
NM_201571.4	6488	6260.29	0	0
NM_201572.4	6416	6188.29	0	0
NM_201574.3	4172	3944.29	0	0
NM_201575.4	3804	3576.29	45.0657	0.567095
NM_201589.4	2669	2441.29	1	0.0184341
NM_201590.3	5872	5644.29	0	0
NM_201591.3	2842	2614.29	0	0
NM_201592.3	2853	2625.29	0	0
NM_201593.3	6015	5787.29	0	0
NM_201595.3	6115	5887.29	171.804	1.31329
NM_201596.3	6129	5901.29	0	0
NM_201597.3	6057	5829.29	0	0
NM_201598.4	2295	2067.29	254.258	5.53496
NM_201599.3	5536	5308.29	1043.56	8.84721
NM_201612.4	1321	1093.29	3137.9	129.165
NM_201613.4	1203	975.293	476.651	21.9942
NM_201623.4	1456	1228.29	0	0
NM_201624.3	4327	4099.29	1526.88	16.7625
NM_201626.3	3067	2839.29	188.762	2.9919
NM_201627.3	2705	2477.29	0	0
NM_201628.3	6049	5821.29	16.1948	0.125199
NM_201629.3	4284	4056.29	333.026	3.69481
NM_201630.2	3468	3240.29	0	0
NM_201631.4	2843	2615.29	0	0
NM_201632.5	2808	2580.29	285.929	4.98691
NM_201634.5	2904	2676.29	5.95598e-05	1.00153e-06
NM_201636.3	1982	1754.29	0	0
NM_201647.4	6232	6004.29	105.269	0.789005
NM_201648.3	2024	1796.29	0	0
NM_201649.4	3213	2985.29	8.31464	0.125343
NM_201650.3	1526	1298.29	31.6477	1.09701
NM_201651.3	1352	1124.29	0	0
NM_201653.4	1696	1468.29	0	0
NM_201995.3	2850	2622.29	1.5139	0.0259811
NM_201997.3	2649	2421.29	463.787	8.62012
NM_201998.3	2645	2417.29	3093.87	57.5991
NM_201999.3	4012	3784.29	226.584	2.69456
NM_202000.3	1543	1315.29	2.95972	0.101268
NM_202001.3	1963	1735.29	524.179	13.5941
NM_202002.3	3666	3438.29	492.447	6.44553
NM_202003.3	3507	3279.29	25.5087	0.350067
NM_202004.4	1417	1189.29	0	0
NM_202468.3	1865	1637.29	1029.71	28.303
NM_202469.3	1547	1319.29	127.921	4.36357
NM_202470.3	1777	1549.29	166.923	4.84869
NM_202494.3	1459	1231.29	118.182	4.3195
NM_202758.5	5464	5236.29	0	0
NM_203281.3	2543	2315.29	0	0
NM_203282.4	4089	3861.29	85.5229	0.996763
NM_203283.5	5711	5483.29	33.5549	0.275395
NM_203284.3	5786	5558.29	2176.28	17.6204
NM_203285.2	2024	1796.29	0	0
NM_203286.2	1909	1681.29	101.93	2.72835
NM_203287.2	1234	1006.29	0	0
NM_203288.2	1135	907.293	443.154	21.9811
NM_203289.6	2065	1837.29	0	0
NM_203290.4	1275	1047.29	697.901	29.9894
NM_203291.2	3250	3022.29	150.901	2.24698
NM_203292.2	3234	3006.29	88.0815	1.31855
NM_203293.3	2864	2636.29	7.77747	0.132766
NM_203294.2	2575	2347.29	0	0
NM_203295.2	2643	2415.29	0	0
NM_203296.2	2852	2624.29	0	0
NM_203297.2	3009	2781.29	0	0
NM_203298.3	850	622.427	917	66.3014
NM_203299.4	3372	3144.29	0	0
NM_203301.4	3771	3543.29	1474	18.7212
NM_203303.3	855	627.427	1	0.0717264
NM_203304.4	3114	2886.29	1861.03	29.0172
NM_203305.3	3618	3390.29	162.212	2.15322
NM_203306.3	5230	5002.29	1	0.00899649
NM_203309.2	3472	3244.29	3.98676e-08	5.53022e-10
NM_203314.3	3527	3299.29	0	0
NM_203315.3	3350	3122.29	0	0
NM_203318.2	9935	9707.29	0	0
NM_203327.2	6980	6752.29	0	0
NM_203329.3	7679	7451.29	165.804	1.0014
NM_203330.2	7796	7568.29	434.816	2.58553
NM_203331.3	7608	7380.29	16781.2	102.327
NM_203341.3	1492	1264.29	240.641	8.56571
NM_203342.3	5980	5752.29	0	0
NM_203343.3	5675	5447.29	0	0
NM_203344.3	1364	1136.29	963.497	38.1594
NM_203346.6	6293	6065.29	14205.2	105.4
NM_203347.2	767	539.541	0	0
NM_203349.4	5027	4799.29	105.924	0.993255
NM_203350.3	2816	2588.29	1126.25	19.5823
NM_203351.3	4845	4617.29	978.894	9.54092
NM_203352.3	1610	1382.29	742.233	24.1648
NM_203354.3	3623	3395.29	17.6282	0.233654
NM_203355.3	3501	3273.29	14.3869	0.197799
NM_203356.2	3511	3283.29	12.752	0.174788
NM_203364.3	3505	3277.29	841.677	11.5577
NM_203365.4	2735	2507.29	5.77238	0.103608
NM_203370.2	1033	805.293	100.015	5.58924
NM_203371.2	2976	2748.29	220	3.60248
NM_203372.3	5470	5242.29	1614.58	13.8606
NM_203373.3	2496	2268.29	20	0.396801
NM_203374.2	1987	1759.29	176	4.50212
NM_203376.2	1332	1104.29	39	1.58936
NM_203377.1	1170	942.293	15.073	0.719872
NM_203378.1	1153	925.293	0	0
NM_203379.2	3253	3025.29	0	0
NM_203380.2	3374	3146.29	54.5204	0.779834
NM_203382.3	3947	3719.29	11.1021	0.134334
NM_203383.2	1914	1686.29	751.26	20.0493
NM_203384.2	1741	1513.29	294.487	8.75761
NM_203385.2	1809	1581.29	200.08	5.69421
NM_203386.3	1884	1656.29	741.018	20.1342
NM_203387.3	1952	1724.29	1608.56	41.9826
NM_203388.3	1711	1483.29	1905.73	57.8197
NM_203389.3	1779	1551.29	3117.49	90.4387
NM_203390.4	8462	8234.29	209.759	1.1464
NM_203391.4	4428	4200.29	15.7019	0.168235
NM_203394.3	5725	5497.29	3856.98	31.5748
NM_203395.3	8622	8394.29	2.93793e-05	1.57507e-07
NM_203397.3	1226	998.293	73.5539	3.31581
NM_203399.2	1505	1277.29	13.2121	0.465502
NM_203400.5	1098	870.293	0	0
NM_203401.2	1606	1378.29	92.777	3.02929
NM_203402.3	1808	1580.29	3	0.085433
NM_203403.2	2683	2455.29	472.163	8.65428
NM_203405.2	1192	964.293	0	0
NM_203406.2	4277	4049.29	413.343	4.59382
NM_203407.3	1896	1668.29	0	0
NM_203408.4	2563	2335.29	0	0
NM_203411.2	874	646.427	3.99811	0.278341
NM_203412.2	1505	1277.29	0	0
NM_203413.3	2189	1961.29	376.175	8.63156
NM_203414.3	1491	1263.29	292.344	10.4144
NM_203415.4	1639	1411.29	738.135	23.5375
NM_203416.4	4071	3843.29	0	0
NM_203417.2	2322	2094.29	8.04397	0.172852
NM_203418.3	2309	2081.29	2519.61	54.4808
NM_203422.4	2212	1984.29	56.2097	1.27482
NM_203424.2	601	375.763	0	0
NM_203433.2	1077	849.293	307.149	16.2755
NM_203434.3	2710	2482.29	3488	63.2362
NM_203436.3	1941	1713.29	0	0
NM_203437.4	4098	3870.29	49.3445	0.573769
NM_203444.4	2591	2363.29	0	0
NM_203446.3	7068	6840.29	0	0
NM_203447.4	7448	7220.29	0	0
NM_203451.3	3099	2871.29	2	0.0313469
NM_203453.5	2965	2737.29	229	3.76493
NM_203454.3	2782	2554.29	0	0
NM_203456.3	1082	854.293	482.503	25.4177
NM_203458.6	8356	8128.29	566.183	3.13473
NM_203459.4	8017	7789.29	3281.14	18.957
NM_203462.3	1578	1350.29	2127	70.8895
NM_203463.3	6804	6576.29	2137.97	14.6306
NM_203464.3	6884	6656.29	1126.32	7.61505
NM_203467.2	780	552.487	369.657	30.1106
NM_203468.3	2102	1874.29	0	0
NM_203471.2	904	676.361	0	0
NM_203472.3	1482	1254.29	154.812	5.55454
NM_203473.3	1852	1624.29	16.8414	0.466611
NM_203474.1	1743	1515.29	73.3676	2.17896
NM_203475.3	1867	1639.29	0	0
NM_203486.3	2004	1776.29	14.9801	0.379526
NM_203487.3	6227	5999.29	153.716	1.15308
NM_203494.5	1353	1125.29	0	0
NM_203495.4	1669	1441.29	839.278	26.2057
NM_203497.4	1708	1480.29	6.78644	0.206318
NM_203499.3	3959	3731.29	5210.23	62.8405
NM_203500.2	2565	2337.29	1601.48	30.8354
NM_203503.2	1259	1031.29	2.04376	0.0891846
NM_203504.3	4222	3994.29	4210.64	47.4406
NM_203505.3	4321	4093.29	422.905	4.64956
NM_203506.3	3150	2922.29	17.8931	0.275552
NM_205545.3	592	367.025	0	0
NM_205548.3	1586	1358.29	21.1854	0.701918
NM_205767.3	516	294.675	882.404	134.762
NM_205768.3	3851	3623.29	0	0
NM_205833.4	1840	1612.29	6.21481	0.173471
NM_205834.4	1932	1704.29	0	0
NM_205835.4	1728	1500.29	0	0
NM_205836.3	4401	4173.29	414.604	4.47092
NM_205837.3	734	506.753	0	0
NM_205838.3	573	348.421	0	0
NM_205839.3	666	439.629	0	0
NM_205840.2	609	383.573	0	0
NM_205841.4	485	265.994	2	0.338376
NM_205842.3	20350	20122.3	0	0
NM_205843.3	8001	7773.29	444.218	2.57178
NM_205845.3	3473	3245.29	303.394	4.20722
NM_205846.3	4817	4589.29	193.803	1.90046
NM_205847.3	1833	1605.29	365.9	10.2577
NM_205848.4	4352	4124.29	0	0
NM_205849.3	2103	1875.29	2.16323	0.0519129
NM_205850.3	1879	1651.29	0	0
NM_205852.3	3049	2821.29	0	0
NM_205853.4	523	301.192	12.6354	1.88794
NM_205854.3	446	230.915	0	0
NM_205855.4	1774	1546.29	0	0
NM_205856.3	732	504.753	0	0
NM_205858.2	650	423.846	19.5612	2.07696
NM_205859.2	1373	1145.29	0	0
NM_205860.3	4969	4741.29	0	0
NM_205861.3	3288	3060.29	594.344	8.74011
NM_205862.3	1665	1437.29	0	0
NM_205863.4	8189	7961.29	19.6917	0.111312
NM_205864.3	2879	2651.29	3	0.050922
NM_206538.4	9439	9211.29	2609.09	12.7471
NM_206539.2	2053	1825.29	0	0
NM_206594.3	5331	5103.29	0	0
NM_206595.3	5213	4985.29	0	0
NM_206808.5	1181	953.293	35.5412	1.67783
NM_206809.4	2042	1814.29	0	0
NM_206810.4	1675	1447.29	0	0
NM_206811.4	1723	1495.29	0	0
NM_206812.4	1925	1697.29	0	0
NM_206814.6	1694	1466.29	0	0
NM_206818.4	1882	1654.29	36.0823	0.981576
NM_206819.4	3865	3637.29	0	0
NM_206820.4	3844	3616.29	0	0
NM_206821.4	3790	3562.29	0	0
NM_206824.3	730	502.753	357.124	31.9674
NM_206825.2	2030	1802.29	232.228	5.79871
NM_206826.1	2012	1784.29	124.63	3.14339
NM_206827.2	2542	2314.29	76.1221	1.48025
NM_206828.4	3269	3041.29	0	0
NM_206831.3	4019	3791.29	1474.17	17.4986
NM_206832.3	1226	998.293	0	0
NM_206833.4	1237	1009.29	63	2.80909
NM_206836.3	1368	1140.29	1576.22	62.2076
NM_206837.3	775	547.487	9.42539	0.774761
NM_206839.3	2289	2061.29	619.272	13.5202
NM_206840.3	2823	2595.29	46.2598	0.802157
NM_206852.3	1506	1278.29	0	0
NM_206853.3	14057	13829.3	2067.55	6.7282
NM_206854.3	15336	15108.3	643.646	1.91723
NM_206855.3	16283	16055.3	501.215	1.40491
NM_206858.3	2234	2006.29	0	0
NM_206860.3	3772	3544.29	2.2508	0.0285791
NM_206861.3	4142	3914.29	0	0
NM_206862.4	9704	9476.29	0	0
NM_206866.3	5810	5582.29	469.738	3.78691
NM_206873.2	1289	1061.29	262.552	11.1333
NM_206876.2	4925	4697.29	1923.65	18.4298
NM_206880.2	4777	4549.29	5.01142	0.0495746
NM_206883.3	2530	2302.29	0	0
NM_206884.3	2003	1775.29	3	0.076049
NM_206885.3	1460	1232.29	0	0
NM_206886.4	4339	4111.29	0.00083818	9.17489e-06
NM_206889.3	3099	2871.29	5.26824	0.0825716
NM_206890.3	2928	2700.29	11.6717	0.194521
NM_206891.3	2980	2752.29	46.701	0.763614
NM_206893.4	2311	2083.29	1.00374	0.0216826
NM_206894.4	3040	2812.29	84.2422	1.34807
NM_206895.3	2820	2592.29	0	0
NM_206898.2	627	401.259	0	0
NM_206899.1	942	714.293	0	0
NM_206900.3	2055	1827.29	109.471	2.69609
NM_206901.3	1113	885.293	70.2073	3.56892
NM_206907.4	5299	5071.29	811.126	7.198
NM_206909.3	10063	9835.29	5.23265e-05	2.39429e-07
NM_206914.2	2826	2598.29	118.029	2.04429
NM_206915.3	857	629.427	607.279	43.4195
NM_206917.3	810	582.487	2162.03	167.039
NM_206918.3	3834	3606.29	1.02069	0.0127373
NM_206919.3	1397	1169.29	0	0
NM_206920.3	3681	3453.29	180	2.34575
NM_206921.3	2014	1786.29	18.9452	0.477296
NM_206922.3	991	763.293	2	0.117918
NM_206923.4	2754	2526.29	155.243	2.76548
NM_206925.3	6065	5837.29	10046.1	77.4513
NM_206926.2	4212	3984.29	5148.06	58.148
NM_206927.4	8263	8035.29	4.04457	0.0226523
NM_206928.4	8212	7984.29	0	0
NM_206929.4	2363	2135.29	0	0
NM_206930.4	2366	2138.29	39.8675	0.839062
NM_206933.4	18938	18710.3	4	0.00962103
NM_206937.2	3981	3753.29	412.994	4.95192
NM_206938.2	2821	2593.29	0	0
NM_206939.2	2908	2680.29	0	0
NM_206940.2	2773	2545.29	2.27455	0.0402161
NM_206943.4	6502	6274.29	0	0
NM_206944.5	11877	11649.3	0	0
NM_206945.5	11913	11685.3	0	0
NM_206946.5	11982	11754.3	0	0
NM_206947.5	11952	11724.3	0	0
NM_206948.4	1283	1055.29	0.763276	0.03255
NM_206949.3	647	420.888	230.559	24.6523
NM_206953.3	2735	2507.29	0	0
NM_206954.3	2100	1872.29	0	0
NM_206955.3	2325	2097.29	0	0
NM_206956.3	2304	2076.29	0	0
NM_206961.4	2889	2661.29	10.822	0.183002
NM_206962.4	2354	2126.29	425.842	9.01297
NM_206963.2	1713	1485.29	129.702	3.92987
NM_206964.2	1173	945.293	0	0
NM_206965.2	1890	1662.29	10.3562	0.280373
NM_206966.3	528	305.914	5.46114	0.803389
NM_206967.3	911	683.293	160.731	10.5861
NM_206996.4	7203	6975.29	0	0
NM_206997.1	1429	1201.29	0	0
NM_206998.2	446	230.915	0	0
NM_206999.3	5161	4933.29	366.405	3.34246
NM_207002.3	728	500.753	0	0
NM_207003.3	4953	4725.29	0	0
NM_207005.3	1776	1548.29	474.16	13.7821
NM_207006.3	3700	3472.29	6.60782	0.0856415
NM_207007.4	822	594.427	0	0
NM_207009.4	2441	2213.29	1070.99	21.7766
NM_207012.4	5015	4787.29	600.061	5.64089
NM_207013.3	585	360.171	1580.34	197.462
NM_207014.3	1713	1485.29	0	0
NM_207015.3	9807	9579.29	0	0
NM_207032.3	2487	2259.29	0	0
NM_207033.3	2410	2182.29	0	0
NM_207034.3	2452	2224.29	0	0
NM_207036.2	6104	5876.29	0	0
NM_207037.2	6114	5886.29	63.1786	0.483026
NM_207038.2	6032	5804.29	0	0
NM_207040.2	5339	5111.29	1491.16	13.1291
NM_207042.2	2154	1926.29	49.0219	1.14528
NM_207043.2	2904	2676.29	82.3623	1.38496
NM_207044.2	2856	2628.29	1044.47	17.884
NM_207045.2	2034	1806.29	33.0776	0.824115
NM_207046.2	1986	1758.29	0	0
NM_207047.2	2736	2508.29	333.779	5.98856
NM_207102.2	1647	1419.29	0	0
NM_207103.3	2424	2196.29	3.29609e-06	6.75385e-08
NM_207108.3	3714	3486.29	0	0
NM_207111.4	5777	5549.29	679.972	5.51437
NM_207112.2	1553	1325.29	15.472	0.525385
NM_207113.3	3330	3102.29	1962.05	28.4623
NM_207115.2	1156	928.293	511.773	24.8104
NM_207116.3	5606	5378.29	850.392	7.11569
NM_207117.4	1779	1551.29	0	0
NM_207118.3	7483	7255.29	947.462	5.87691
NM_207119.3	3064	2836.29	0	0
NM_207121.5	1632	1404.29	0	0
NM_207122.2	10037	9809.29	1227.95	5.6336
NM_207123.3	7864	7636.29	350.903	2.06798
NM_207127.3	1419	1191.29	0	0
NM_207128.3	1672	1444.29	0	0
NM_207163.3	2287	2059.29	0	0
NM_207168.2	746	518.701	90.2395	7.82929
NM_207170.4	1631	1403.29	11.728	0.376112
NM_207171.2	6163	5935.29	238.147	1.8057
NM_207172.2	1634	1406.29	0	0
NM_207173.2	1477	1249.29	0	0
NM_207174.1	2983	2755.29	0	0
NM_207181.4	2687	2459.29	0	0
NM_207186.2	995	767.293	0	0
NM_207189.4	3310	3082.29	0	0
NM_207191.3	2719	2491.29	0	0
NM_207194.3	2864	2636.29	30.985	0.528933
NM_207195.3	2861	2633.29	46.153	0.788757
NM_207196.3	2933	2705.29	32.2447	0.536397
NM_207197.3	2936	2708.29	1.73781e-06	2.88768e-08
NM_207291.3	1545	1317.29	284.747	9.72791
NM_207292.3	5480	5252.29	1923.45	16.4807
NM_207293.2	5534	5306.29	348.906	2.9591
NM_207294.2	5276	5048.29	13.3674	0.119164
NM_207295.2	5312	5084.29	187.077	1.65589
NM_207296.2	5390	5162.29	0	0
NM_207297.2	5421	5193.29	1450	12.5652
NM_207299.2	2477	2249.29	0	0
NM_207303.4	8746	8518.29	0	0
NM_207304.3	4560	4332.29	2179.25	22.6377
NM_207305.5	2187	1959.29	8.00143	0.183785
NM_207307.3	2139	1911.29	1	0.0235459
NM_207308.3	5841	5613.29	0	0
NM_207309.3	3349	3121.29	1232.6	17.7718
NM_207310.4	1527	1299.29	25.0031	0.866024
NM_207311.2	3081	2853.29	0	0
NM_207312.3	1518	1290.29	0	0
NM_207315.4	3095	2867.29	21.0732	0.330751
NM_207316.3	1473	1245.29	0	0
NM_207317.3	1929	1701.29	18	0.476141
NM_207318.4	7624	7396.29	1103.83	6.71631
NM_207319.4	3135	2907.29	0	0
NM_207320.3	1723	1495.29	2.08334	0.0627012
NM_207321.3	1675	1447.29	0	0
NM_207322.3	3445	3217.29	2.2063	0.0308614
NM_207325.3	6016	5788.29	1039.37	8.08096
NM_207327.5	1489	1261.29	134.352	4.7937
NM_207328.4	2761	2533.29	0.789833	0.0140311
NM_207330.3	5302	5074.29	0.000702065	6.2265e-06
NM_207332.3	1798	1570.29	434.817	12.4614
NM_207333.4	6184	5956.29	0	0
NM_207334.3	2448	2220.29	77	1.56071
NM_207335.4	5727	5499.29	3	0.0245503
NM_207336.3	2843	2615.29	0	0
NM_207338.4	2826	2598.29	0	0
NM_207339.4	541	318.158	0	0
NM_207340.3	4803	4575.29	385.633	3.79313
NM_207341.4	1968	1740.29	0	0
NM_207342.3	1204	976.293	0.0161832	0.000745977
NM_207343.4	3477	3249.29	1005.14	13.9213
NM_207344.4	10769	10541.3	354.833	1.51486
NM_207345.4	1733	1505.29	0	0
NM_207346.3	1937	1709.29	220	5.79226
NM_207348.3	3129	2901.29	16.4844	0.255696
NM_207351.5	3775	3547.29	42.6372	0.540921
NM_207352.4	4657	4429.29	619.251	6.2918
NM_207354.3	2128	1900.29	630.707	14.9365
NM_207355.5	5816	5588.29	0	0
NM_207356.3	1645	1417.29	1005.87	31.9392
NM_207359.3	3658	3430.29	2.06946	0.0271498
NM_207360.3	5744	5516.29	18.1879	0.148381
NM_207361.6	16122	15894.3	1.52448	0.00431642
NM_207362.3	3873	3645.29	0	0
NM_207363.3	7608	7380.29	41.1208	0.250744
NM_207364.2	1267	1039.29	0	0
NM_207365.4	5060	4832.29	15	0.139695
NM_207366.3	3752	3524.29	58.0102	0.740755
NM_207368.5	1282	1054.29	1975.13	84.3094
NM_207370.4	4198	3970.29	328.087	3.71886
NM_207371.4	6601	6373.29	53.7224	0.379344
NM_207372.2	3983	3755.29	0	0
NM_207373.3	825	597.427	0	0
NM_207374.3	1469	1241.29	0	0
NM_207375.3	752	524.701	0	0
NM_207377.3	607	381.611	0	0
NM_207380.3	5299	5071.29	596.265	5.2913
NM_207381.4	2259	2031.29	0	0
NM_207386.4	7625	7397.29	0	0
NM_207387.4	3133	2905.29	0.355061	0.00549991
NM_207390.4	2943	2715.29	0	0
NM_207391.3	2453	2225.29	2	0.0404469
NM_207392.3	426	213.764	0	0
NM_207393.2	680	453.225	0	0
NM_207395.3	2978	2750.29	49.9729	0.817707
NM_207396.3	3981	3753.29	9.96059e-08	1.1943e-09
NM_207397.5	1487	1259.29	0	0
NM_207398.3	2426	2198.29	0	0
NM_207404.4	5381	5153.29	100.243	0.875408
NM_207406.4	8627	8399.29	2.82507e-08	1.51366e-10
NM_207407.2	2077	1849.29	0	0
NM_207408.3	478	259.941	0	0
NM_207409.4	426	213.764	0	0
NM_207410.2	1911	1683.29	0	0
NM_207411.5	4773	4545.29	0	0
NM_207413.4	1140	912.293	0	0
NM_207414.3	4170	3942.29	0	0
NM_207416.3	4926	4698.29	0	0
NM_207417.3	1833	1605.29	0	0
NM_207418.3	2423	2195.29	409.186	8.38824
NM_207419.3	3406	3178.29	0	0
NM_207420.3	1944	1716.29	0	0
NM_207421.4	2396	2168.29	0	0
NM_207426.3	3264	3036.29	1	0.0148217
NM_207430.2	800	572.487	0	0
NM_207437.3	13716	13488.3	0	0
NM_207446.3	2604	2376.29	22	0.416644
NM_207459.4	1935	1707.29	0	0
NM_207468.3	1504	1276.29	0	0
NM_207469.3	2133	1905.29	0	0
NM_207481.4	3651	3423.29	16.8293	0.22124
NM_207491.2	3927	3699.29	0	0
NM_207499.2	3268	3040.29	0.0226921	0.000335893
NM_207506.3	2186	1958.29	0	0
NM_207510.4	1836	1608.29	0	0
NM_207514.3	3745	3517.29	0	0
NM_207517.3	7299	7071.29	1.52986e-05	9.7363e-08
NM_207518.3	2492	2264.29	884.517	17.5799
NM_207519.2	2553	2325.29	0	0
NM_207520.2	2297	2069.29	1251.51	27.2178
NM_207521.2	4068	3840.29	0	0
NM_207577.1	4338	4110.29	63.8881	0.699503
NM_207578.3	1968	1740.29	12.1908	0.315248
NM_207581.4	1755	1527.29	0	0
NM_207582.3	3191	2963.29	1	0.0151868
NM_207584.3	4260	4032.29	4.09876e-06	4.57449e-08
NM_207585.3	4028	3800.29	1.36238e-07	1.61333e-09
NM_207627.2	3119	2891.29	0	0
NM_207628.1	3060	2832.29	0	0
NM_207629.2	2923	2695.29	6	0.100181
NM_207644.3	1233	1005.29	76.6604	3.43179
NM_207645.4	5867	5639.29	0	0
NM_207660.4	17682	17454.3	21.5147	0.0554723
NM_207661.3	17736	17508.3	25.1068	0.0645341
NM_207662.4	17073	16845.3	4.39888	0.0117518
NM_212460.4	2931	2703.29	122.141	2.03334
NM_212469.2	2660	2432.29	83.9442	1.55316
NM_212471.3	4277	4049.29	393.686	4.37535
NM_212472.2	4356	4128.29	224.875	2.45139
NM_212474.3	7487	7259.29	38455.3	238.399
NM_212476.3	7847	7619.29	102937	607.992
NM_212478.3	7949	7721.29	49843.4	290.509
NM_212479.4	2497	2269.29	109.096	2.16351
NM_212481.3	2181	1953.29	134.381	3.09608
NM_212482.4	8390	8162.29	44955.2	247.862
NM_212492.4	2336	2108.29	409.526	8.74164
NM_212502.3	2986	2758.29	3.36485e-06	5.48993e-08
NM_212503.3	3076	2848.29	0	0
NM_212533.3	8146	7918.29	0	0
NM_212535.3	2707	2479.29	0	0
NM_212539.2	2721	2493.29	774.06	13.9715
NM_212540.3	3154	2926.29	0	0
NM_212543.2	2317	2089.29	591.694	12.745
NM_212550.5	2561	2333.29	484.729	9.34914
NM_212551.5	2462	2234.29	278.123	5.60196
NM_212552.3	555	331.174	665.44	90.4263
NM_212554.4	3599	3371.29	613.614	8.19108
NM_212555.3	1666	1438.29	1	0.0312892
NM_212556.4	2875	2647.29	1.00343	0.017058
NM_212557.4	1009	781.293	0	0
NM_212558.3	5342	5114.29	0	0
NM_212559.3	2856	2628.29	0	0
NM_213560.3	2936	2708.29	462.267	7.68138
NM_213566.2	3381	3153.29	777.412	11.0951
NM_213568.2	2986	2758.29	361.425	5.89685
NM_213569.2	6956	6728.29	1.24624	0.00833565
NM_213589.3	9699	9471.29	1853.15	8.80531
NM_213590.3	7255	7027.29	155.132	0.993469
NM_213593.5	1669	1441.29	0	0
NM_213594.3	3859	3631.29	0	0
NM_213595.4	983	755.293	1520.98	90.6252
NM_213596.3	3416	3188.29	0	0
NM_213597.3	1982	1754.29	16.2472	0.416792
NM_213598.4	3690	3462.29	78.732	1.02336
NM_213599.3	6742	6514.29	0	0
NM_213600.4	5587	5359.29	4.0936e-08	3.43748e-10
NM_213601.3	7761	7533.29	1202.63	7.18436
NM_213602.3	2948	2720.29	395.042	6.53537
NM_213603.3	1616	1388.29	0	0
NM_213604.3	2683	2455.29	17.8781	0.327688
NM_213605.3	3238	3010.29	34.9103	0.5219
NM_213606.4	4655	4427.29	0	0
NM_213607.3	3442	3214.29	33.9979	0.476002
NM_213608.3	1333	1105.29	0	0
NM_213609.4	1979	1751.29	0	0
NM_213611.3	6218	5990.29	1730.27	12.9989
NM_213613.4	3628	3400.29	62.0175	0.820805
NM_213618.2	4341	4113.29	266.298	2.91354
NM_213619.3	2066	1838.29	65.2382	1.59709
NM_213620.3	2283	2055.29	33.8952	0.742175
NM_213621.4	2301	2073.29	0	0
NM_213622.4	6746	6518.29	65.1944	0.45011
NM_213631.3	2094	1866.29	0	0
NM_213632.3	1989	1761.29	283.742	7.24993
NM_213633.3	1753	1525.29	2.6052	0.0768653
NM_213636.3	1008	780.293	1860.68	107.314
NM_213645.2	2470	2242.29	306.367	6.14882
NM_213646.2	2467	2239.29	39.3496	0.790809
NM_213647.3	3093	2865.29	0	0
NM_213648.5	3042	2814.29	0	0
NM_213649.2	1556	1328.29	107.602	3.64561
NM_213651.3	4201	3973.29	56.9677	0.645238
NM_213652.4	1380	1152.29	0	0
NM_213653.4	2126	1898.29	0	0
NM_213654.3	3290	3062.29	91.5604	1.34556
NM_213655.5	11552	11324.3	0	0
NM_213656.4	1752	1524.29	0	0
NM_213657.3	1446	1218.29	0	0
NM_213658.3	1500	1272.29	0	0
NM_213662.2	4871	4643.29	74.0078	0.717289
NM_213674.1	1182	954.293	19965.5	941.546
NM_213720.3	700	472.947	93.7447	8.92023
NM_213725.2	1099	871.293	185.399	9.57601
NM_213726.3	1295	1067.29	3.69306	0.15572
NM_214462.5	2997	2769.29	0	0
NM_214710.5	1044	816.293	0	0
NM_214711.4	4747	4519.29	2.04067	0.020321
NR_000005.1	148	32.2992	1	1.39332
NR_000006.8	95	14.7859	10	30.4365
NR_000007.1	65	17.8776	0	0
NR_000008.2	126	23.1788	71	137.851
NR_000009.1	74	16.0532	8	22.427
NR_000010.1	72	16.5875	10	27.1307
NR_000011.1	135	26.7198	93	156.636
NR_000012.1	133	26.0376	11	19.0123
NR_000013.1	67	17.5357	8	20.5309
NR_000014.2	61	19.9714	11	24.7871
NR_000015.2	74	16.0532	32	89.7079
NR_000016.1	68	17.931	16	40.1566
NR_000017.1	71	17.0822	3	7.90351
NR_000018.1	86	16.0191	12	33.712
NR_000019.1	66	18.52	4	9.71989
NR_000020.1	83	15.7086	4	11.4595
NR_000021.1	82	16.1887	14	38.9188
NR_000022.1	92	14.5444	20	61.8837
NR_000024.2	98	15.0506	2	5.98024
NR_000025.1	146	31.2472	3	4.32068
NR_000026.1	55	19.3077	18	41.9551
NR_000027.1	95	14.7859	13	39.5675
NR_000028.1	93	14.4286	20	62.3805
NR_000029.3	1231	1003.29	97.5464	4.37548
NR_000039.2	625	399.259	0	0
NR_001275.2	985	757.293	0	0
NR_001276.1	71	17.0822	0	0
NR_001278.1	3000	2772.29	4.38245	0.0711411
NR_001279.2	1223	995.293	0	0
NR_001280.1	2411	2183.29	1	0.0206125
NR_001281.2	3197	2969.29	0	0
NR_001282.2	4632	4404.29	4.00305	0.0409032
NR_001283.1	1521	1293.29	2.00092	0.0696264
NR_001284.2	2783	2555.29	10.7236	0.18886
NR_001285.1	88	15.1865	24	71.1206
NR_001288.1	2223	1995.29	0	0
NR_001289.1	67	17.5357	1.5	3.84955
NR_001290.2	94	14.4667	0	0
NR_001291.2	82	16.1887	0	0
NR_001292.2	69	17.25	0	0
NR_001293.1	75	15.9406	0	0
NR_001294.1	67	17.5357	0	0
NR_001295.1	67	17.5357	1.5	3.84955
NR_001296.3	863	635.427	0	0
NR_001297.1	1973	1745.29	13	0.33521
NR_001298.1	1235	1007.29	0	0
NR_001317.3	2624	2396.29	26	0.488288
NR_001434.4	1705	1477.29	5.91989	0.180339
NR_001435.2	805	577.487	1	0.0779292
NR_001443.1	3153	2925.29	3	0.0461524
NR_001445.2	332	139.579	155.999	50.2973
NR_001446.2	1350	1122.29	1.00014	0.040105
NR_001447.2	443	228.322	731	144.083
NR_001448.2	1901	1673.29	0	0
NR_001450.3	1237	1009.29	0	0
NR_001452.1	91	14.4116	23	71.8221
NR_001453.2	88	15.1865	20	59.2672
NR_001454.2	87	15.7489	36	102.871
NR_001456.1	71	17.0822	3	7.90351
NR_001457.1	69	17.25	9	23.4799
NR_001458.3	1500	1272.29	255	9.01977
NR_001459.2	1341	1113.29	73.8771	2.98636
NR_001524.1	344	148.132	0	0
NR_001525.1	1370	1142.29	0	0
NR_001526.1	166	40.7947	0	0
NR_001527.2	512	290.943	0	0
NR_001530.1	1637	1409.29	0	0
NR_001533.1	542	319.126	0	0
NR_001534.2	1377	1149.29	0	0
NR_001535.1	307	122.069	0	0
NR_001536.2	1642	1414.29	0	0
NR_001537.1	659	432.717	0	0
NR_001538.2	950	722.293	0	0
NR_001539.1	427	214.584	0	0
NR_001540.1	512	290.943	0	0
NR_001541.1	1576	1348.29	0	0
NR_001542.1	1628	1400.29	0	0
NR_001543.4	901	673.361	0	0
NR_001545.3	5266	5038.29	0	0
NR_001546.1	259	91.7167	0	0
NR_001547.1	427	214.584	0	0
NR_001548.2	834	606.427	0	0
NR_001549.1	269	97.8901	0	0
NR_001550.1	221	69.701	0	0
NR_001551.2	1027	799.293	0	0
NR_001552.1	192	54.1729	0	0
NR_001553.2	556	332.141	0	0
NR_001554.2	795	567.487	12	0.951629
NR_001555.2	1062	834.293	0.5	0.0269708
NR_001558.3	4924	4696.29	0	0
NR_001559.2	2716	2488.29	0	0
NR_001560.1	310	124.224	4	1.4491
NR_001562.2	1343	1115.29	3.00188	0.121128
NR_001564.3	19236	19008.3	8222.46	19.4671
NR_001566.3	451	235.213	5	0.956645
NR_001568.1	200	58.6283	3442.63	2642.56
NR_001569.3	2434	2206.29	0	0
NR_001571.2	84	15.6223	0	0
NR_001573.2	317	129.052	0	0
NR_001574.2	534	311.445	0	0
NR_001575.1	5701	5473.29	6.60316	0.0542932
NR_001578.1	1357	1129.29	4	0.159403
NR_001580.1	467	249.436	0	0
NR_001587.1	1537	1309.29	15.0386	0.516909
NR_001588.2	992	764.293	25.5625	1.50517
NR_001589.1	660	433.717	1	0.103761
NR_001590.1	342	146.678	2	0.613631
NR_001591.1	1483	1255.29	245.124	8.78784
NR_002139.2	2083	1855.29	7	0.169796
NR_002140.1	1502	1274.29	0	0
NR_002141.2	939	711.293	0	0
NR_002144.1	1737	1509.29	1.01625	0.0303019
NR_002145.1	925	697.293	1	0.0645397
NR_002147.3	6102	5874.29	2.79196	0.0213893
NR_002157.1	985	757.293	94.5301	5.61756
NR_002158.1	930	702.293	54.7532	3.50859
NR_002159.1	1637	1409.29	0	0
NR_002160.1	462	244.971	0	0
NR_002161.1	463	245.87	0	0
NR_002163.3	1203	975.293	0	0
NR_002165.1	888	660.427	0	0
NR_002169.1	985	757.293	0	0
NR_002171.2	2647	2419.29	13.7084	0.255001
NR_002174.2	2484	2256.29	138.416	2.7608
NR_002175.3	473	255.047	0	0
NR_002176.1	344	148.132	0	0
NR_002177.1	1346	1118.29	0	0
NR_002178.1	1346	1118.29	0	0
NR_002179.1	166	40.7947	0	0
NR_002180.1	166	40.7947	0	0
NR_002181.1	660	433.717	0	0
NR_002182.1	704	476.947	1.001	0.0944508
NR_002183.1	1599	1371.29	3.15931	0.103682
NR_002184.2	2332	2104.29	482.622	10.3215
NR_002185.3	1255	1027.29	2	0.0876149
NR_002186.1	2760	2532.29	97	1.72385
NR_002187.3	2017	1789.29	27.005	0.679212
NR_002188.3	2036	1808.29	82.5452	2.05431
NR_002189.3	1212	984.293	0	0
NR_002190.1	1210	982.293	3.17202	0.145324
NR_002193.2	2042	1814.29	0	0
NR_002195.2	1062	834.293	0.5	0.0269708
NR_002196.3	2315	2087.29	34153	736.356
NR_002201.1	954	726.293	5.01046	0.310462
NR_002206.3	3627	3399.29	1564.81	20.7165
NR_002208.1	667	440.629	4.01681	0.410251
NR_002211.1	2872	2644.29	546.355	9.29839
NR_002216.1	3615	3387.29	1	0.0132859
NR_002217.1	1738	1510.29	140.223	4.1783
NR_002221.1	670	443.585	1	0.101453
NR_002222.1	1215	987.293	1	0.0455823
NR_002223.3	2276	2048.29	0	0
NR_002224.2	1847	1619.29	0	0
NR_002226.3	769	541.541	3.00006	0.249311
NR_002227.2	3892	3664.29	0	0
NR_002229.2	620	394.338	0	0
NR_002305.1	2099	1871.29	149.071	3.58503
NR_002307.1	2162	1934.29	0	0
NR_002308.1	797	569.487	3.25774	0.257439
NR_002309.1	566	341.699	3.24294	0.427107
NR_002311.1	983	755.293	0	0
NR_002312.1	341	145.916	19	5.85994
NR_002314.3	925	697.293	0	0
NR_002315.1	1059	831.293	4422.29	239.406
NR_002318.2	1649	1421.29	24.2361	0.767401
NR_002319.2	3776	3548.29	10.11	0.128225
NR_002324.1	154	35.1606	26	33.2782
NR_002325.1	149	32.7812	31	42.5578
NR_002326.1	134	26.2749	16	27.4044
NR_002327.1	133	26.0376	32	55.3085
NR_002328.4	1626	1398.29	9.02829	0.290569
NR_002329.2	1627	1399.29	3.28377	0.10561
NR_002330.1	1908	1680.29	37.7434	1.01088
NR_002331.3	972	744.293	0	0
NR_002332.2	1024	796.293	1.00884	0.0570154
NR_002433.1	79	15.3333	2	5.86997
NR_002434.1	73	16.0795	17	47.5792
NR_002435.1	76	14.8793	15	45.3681
NR_002436.1	133	26.0376	35	60.4936
NR_002437.1	63	18.1395	16	39.695
NR_002438.1	939	711.293	0	0
NR_002439.1	62	19.3947	14	32.4853
NR_002440.1	100	15.2776	6	17.6742
NR_002441.1	70	16.7714	2	5.36664
NR_002442.1	70	16.7714	4	10.7333
NR_002443.1	67	17.5357	7	17.9646
NR_002444.2	133	26.0376	9	15.5555
NR_002447.1	75	15.9406	15	42.3476
NR_002448.1	72	16.5875	59	160.071
NR_002449.2	136	27.1284	7	11.6123
NR_002450.1	72	16.5875	16	43.4092
NR_002451.2	1895	1667.29	167.635	4.52474
NR_002453.5	2391	2163.29	362.207	7.535
NR_002454.2	571	346.526	6	0.779216
NR_002556.1	1479	1251.29	0	0
NR_002557.1	1479	1251.29	46.1009	1.65803
NR_002559.1	65	17.8776	21	52.8632
NR_002560.1	68	17.931	36	90.3524
NR_002561.1	70	16.7714	14	37.5665
NR_002562.1	75	15.9406	36	101.634
NR_002563.1	72	16.5875	9	24.4177
NR_002564.1	75	15.9406	20	56.4635
NR_002565.1	67	17.5357	0	0
NR_002569.2	353	154.998	18.7783	5.45221
NR_002570.6	2216	1988.29	0	0
NR_002571.1	65	17.8776	21	52.8632
NR_002572.1	66	18.52	0	0
NR_002574.1	72	16.5875	23	62.4007
NR_002575.1	126	23.1788	7	13.5909
NR_002576.1	133	26.0376	6	10.3703
NR_002578.4	634	408.137	344.498	37.986
NR_002579.1	72	16.5875	26	70.5399
NR_002580.1	130	24.5498	26	47.6615
NR_002581.1	132	25.5516	3	5.28379
NR_002582.1	139	28.2339	0	0
NR_002583.1	80	15.4932	2	5.80942
NR_002584.1	132	25.5516	2	3.52253
NR_002585.1	134	26.2749	22	37.6811
NR_002586.1	135	26.7198	40	67.3703
NR_002587.1	70	16.7714	30	80.4996
NR_002588.1	137	27.4645	36	58.9893
NR_002589.1	70	16.7714	4	10.7333
NR_002590.1	132	25.5516	2	3.52253
NR_002591.1	63	18.1395	11	27.2903
NR_002592.1	72	16.5875	55	149.219
NR_002594.1	2552	2324.29	69.3393	1.34255
NR_002595.1	1572	1344.29	0	0
NR_002596.2	1324	1096.29	2.86505	0.117611
NR_002598.1	76	14.8793	18	54.4417
NR_002599.2	727	499.753	937.408	84.4143
NR_002601.1	2125	1897.29	0	0
NR_002602.1	66	18.52	2	4.85994
NR_002604.2	148	32.2992	27	37.6196
NR_002605.2	2904	2676.29	131.693	2.21448
NR_002710.2	2768	2540.29	2	0.0354314
NR_002711.3	1812	1584.29	0	0
NR_002712.1	2153	1925.29	0	0
NR_002713.3	2988	2760.29	1	0.0163037
NR_002714.1	2925	2697.29	0	0
NR_002715.1	299	117.078	2326.91	894.433
NR_002716.3	188	52.1922	0	0
NR_002717.3	1264	1036.29	4	0.173708
NR_002719.2	2431	2203.29	9.87391	0.201678
NR_002720.2	1213	985.293	0	0
NR_002722.2	4029	3801.29	3.39628	0.0402082
NR_002724.2	1424	1196.29	5.98899	0.225299
NR_002725.2	1874	1646.29	0	0
NR_002726.2	3006	2778.29	0	0
NR_002727.2	5125	4897.29	9.91488	0.0911116
NR_002728.4	91667	91439.3	360.08	0.177218
NR_002730.2	2474	2246.29	4	0.0801375
NR_002731.1	983	755.293	0	0
NR_002733.3	3353	3125.29	0	0
NR_002734.2	706	478.9	0	0
NR_002735.1	73	16.0795	0	0
NR_002736.1	83	15.7086	12	34.3785
NR_002737.1	75	15.9406	6	16.9391
NR_002738.1	72	16.5875	21	56.9745
NR_002739.1	71	17.0822	16	42.1521
NR_002741.3	78	15.0992	1	2.98049
NR_002742.2	64	17.5957	26	66.4979
NR_002743.2	75	15.9406	6	16.9391
NR_002744.1	71	17.0822	12	31.614
NR_002745.1	63	18.1395	12	29.7713
NR_002746.1	77	15.2645	135	398.011
NR_002748.1	71	17.0822	13	34.2485
NR_002749.1	84	15.6223	25	72.0172
NR_002750.2	61	19.9714	33	74.3613
NR_002751.1	70	16.7714	4	10.7333
NR_002753.5	116	19.6979	0	0
NR_002754.2	119	20.6954	0	0
NR_002755.3	100	15.2776	0	0
NR_002756.2	117	20.0266	0	0
NR_002757.3	117	20.0266	0	0
NR_002763.2	2306	2078.29	0	0
NR_002765.2	1179	951.293	0	0
NR_002766.2	1595	1367.29	273.084	8.9883
NR_002768.3	3344	3116.29	10.0572	0.145238
NR_002769.1	1603	1375.29	0	0
NR_002771.1	1657	1429.29	13	0.409321
NR_002773.1	2073	1845.29	1.00041	0.0243981
NR_002774.3	4389	4161.29	243.91	2.63781
NR_002775.2	3525	3297.29	117.04	1.59742
NR_002776.4	2338	2110.29	31.2798	0.667057
NR_002778.1	657	430.76	4.00026	0.417922
NR_002779.2	663	436.717	3	0.309146
NR_002781.1	1215	987.293	38	1.73213
NR_002785.3	1156	928.293	3.45139	0.167321
NR_002786.1	803	575.487	154	12.0428
NR_002787.2	1330	1102.29	0	0
NR_002788.2	1474	1246.29	0	0
NR_002790.3	1548	1320.29	0	0
NR_002791.2	7282	7054.29	39.7781	0.253766
NR_002793.2	2618	2390.29	0	0
NR_002794.1	213	65.3686	0	0
NR_002795.2	1628	1400.29	33	1.06056
NR_002796.2	1324	1096.29	6	0.246301
NR_002798.2	1349	1121.29	1	0.040135
NR_002803.2	634	408.137	65	7.1672
NR_002806.2	3210	2982.29	72.2601	1.09041
NR_002807.4	4033	3805.29	76.307	0.90244
NR_002808.2	4701	4473.29	0	0
NR_002809.3	999	771.293	23.1972	1.3535
NR_002811.2	3102	2874.29	1.05355	0.0164955
NR_002812.3	1180	952.293	0	0
NR_002813.1	9848	9620.29	0	0
NR_002814.2	2628	2400.29	61.5962	1.15487
NR_002815.2	2727	2499.29	5.16212	0.0929508
NR_002816.2	3515	3287.29	82.4333	1.12851
NR_002817.2	3180	2952.29	4	0.0609737
NR_002818.2	1435	1207.29	0	0
NR_002819.5	7472	7244.29	47057	292.328
NR_002821.2	494	274.359	12	1.96836
NR_002822.4	936	708.293	186.261	11.8345
NR_002824.3	6075	5847.29	3764.07	28.9698
NR_002826.2	2747	2519.29	9.01054	0.160959
NR_002829.1	124	22.454	0	0
NR_002830.1	1715	1487.29	6	0.18155
NR_002832.2	2322	2094.29	0	0
NR_002833.3	4125	3897.29	0	0
NR_002834.2	2485	2257.29	45.5373	0.907865
NR_002835.2	2300	2072.29	145.353	3.15656
NR_002836.2	1976	1748.29	13.3866	0.344586
NR_002837.1	961	733.293	2.03174	0.12469
NR_002838.2	1793	1565.29	0	0
NR_002907.2	207	62.4014	50	36.0594
NR_002908.1	80	15.4932	6	17.4283
NR_002909.2	2238	2010.29	1433.18	32.0836
NR_002910.2	136	27.1284	13	21.5656
NR_002911.1	138	27.821	8	12.9408
NR_002912.1	137	27.4645	71	116.34
NR_002913.1	68	17.931	12	30.1175
NR_002914.1	86	16.0191	12.5	35.1167
NR_002915.1	200	58.6283	0	0
NR_002916.2	109	17.8694	1	2.51844
NR_002917.1	128	23.852	3	5.6603
NR_002918.1	135	26.7198	17	28.6324
NR_002919.1	134	26.2749	8	13.7022
NR_002920.1	139	28.2339	29	46.2241
NR_002921.1	137	27.4645	1	1.63859
NR_002922.1	133	26.0376	1	1.72839
NR_002923.2	3461	3233.29	0	0
NR_002924.3	1945	1717.29	5.33182	0.139725
NR_002925.2	1390	1162.29	0	0
NR_002929.2	2321	2093.29	3.0801	0.0662181
NR_002930.2	4095	3867.29	1.00046	0.0116421
NR_002931.2	1935	1707.29	0	0
NR_002932.2	1136	908.293	0	0
NR_002935.1	856	628.427	1.00089	0.0716763
NR_002936.2	3592	3364.29	46	0.615327
NR_002937.2	575	350.386	0	0
NR_002938.3	1252	1024.29	0	0
NR_002939.3	1585	1357.29	2.25464	0.074756
NR_002940.2	7238	7010.29	67.5804	0.433837
NR_002941.2	983	755.293	0	0
NR_002942.1	2311	2083.29	0	0
NR_002944.2	1354	1126.29	76.8998	3.07267
NR_002946.1	906	678.293	21.7546	1.44336
NR_002947.2	3317	3089.29	22.8372	0.332679
NR_002948.1	1146	918.293	0	0
NR_002949.2	2289	2061.29	0	0
NR_002950.1	135	26.7198	0	0
NR_002951.1	137	27.4645	0	0
NR_002952.1	133	26.0376	30	51.8517
NR_002953.1	131	24.9698	4	7.20921
NR_002954.1	147	31.7551	2	2.83438
NR_002955.1	134	26.2749	0	0
NR_002956.1	135	26.7198	0	0
NR_002957.1	133	26.0376	4	6.91356
NR_002958.1	133	26.0376	0	0
NR_002959.1	132	25.5516	2	3.52253
NR_002960.1	132	25.5516	5	8.80632
NR_002961.1	134	26.2749	6	10.2767
NR_002962.2	189	52.6441	5	4.27428
NR_002963.1	131	24.9698	9	16.2207
NR_002964.1	126	23.1788	1	1.94156
NR_002965.1	140	28.6505	6	9.42457
NR_002966.1	129	24.2036	1	1.85936
NR_002967.1	130	24.5498	3	5.4994
NR_002968.1	137	27.4645	2	3.27718
NR_002969.1	132	25.5516	0	0
NR_002970.1	129	24.2036	0	0
NR_002971.1	132	25.5516	3	5.28379
NR_002972.1	136	27.1284	3	4.97668
NR_002973.1	127	23.5955	100	190.728
NR_002974.1	134	26.2749	1	1.71278
NR_002975.2	134	26.2749	0	0
NR_002976.1	132	25.5516	4	7.04505
NR_002977.1	131	24.9698	12	21.6276
NR_002978.1	135	26.7198	3	5.05278
NR_002979.2	137	27.4645	0	0
NR_002980.1	136	27.1284	1	1.65889
NR_002981.1	132	25.5516	12	21.1352
NR_002982.1	123	22.1632	0	0
NR_002983.1	137	27.4645	10	16.3859
NR_002984.1	129	24.2036	0	0
NR_002985.2	236	78.1487	1	0.575865
NR_002986.1	136	27.1284	12	19.9067
NR_002987.1	130	24.5498	0	0
NR_002988.1	204	60.7343	0	0
NR_002989.2	177	46.3929	18.5039	17.9496
NR_002990.1	132	25.5516	2	3.52253
NR_002991.1	137	27.4645	11	18.0245
NR_002992.2	139	28.2339	2	3.18787
NR_002993.1	128	23.852	0	0
NR_002994.2	131	24.9698	0	0
NR_002995.1	133	26.0376	12	20.7407
NR_002996.2	136	27.1284	0	0
NR_002997.1	166	40.7947	0	0
NR_002998.1	144	30.2443	0	0
NR_002999.2	130	24.5498	1	1.83313
NR_003000.1	138	27.821	3	4.85278
NR_003001.1	330	138.255	6	1.95305
NR_003002.1	275	101.511	0.737884	0.327128
NR_003003.2	421	209.523	22	4.72535
NR_003004.1	125	22.885	17	33.4303
NR_003005.1	129	24.2036	1	1.85936
NR_003006.1	266	95.93	2	0.938249
NR_003007.1	130	24.5498	0	0
NR_003008.2	278	103.326	1	0.435547
NR_003009.1	131	24.9698	3	5.40691
NR_003010.1	270	98.4585	18	8.22738
NR_003011.1	127	23.5955	0	0
NR_003012.1	137	27.4645	0	0
NR_003013.1	187	51.766	1	0.869355
NR_003014.2	138	27.821	0	0
NR_003015.1	250	85.998	3	1.56991
NR_003016.1	122	21.8712	8	16.4612
NR_003017.2	138	27.821	4	6.47038
NR_003018.2	138	27.821	0	0
NR_003019.1	125	22.885	1	1.96649
NR_003020.1	127	23.5955	4	7.62911
NR_003021.2	140	28.6505	0	0
NR_003022.1	152	34.1384	4.5	5.93214
NR_003023.1	420	208.678	5	1.07829
NR_003024.1	987	759.293	0	0
NR_003025.1	152	34.1384	4.5	5.93214
NR_003026.1	130	24.5498	7	12.8319
NR_003028.1	134	26.2749	18	30.83
NR_003029.2	103	15.7909	0	0
NR_003030.1	90	14.5182	17	52.6963
NR_003031.1	84	15.6223	1	2.88069
NR_003032.1	121	21.4671	53	111.108
NR_003033.1	73	16.0795	16	44.7805
NR_003034.2	1031	803.293	21.004	1.17671
NR_003035.1	134	26.2749	40	68.5111
NR_003036.1	71	17.0822	12	31.614
NR_003037.1	97	14.9524	1	3.00976
NR_003038.2	524	302.192	2980	443.789
NR_003039.3	781	553.487	0	0
NR_003040.2	641	415.014	15.0079	1.62742
NR_003041.1	104	15.9806	0	0
NR_003042.1	78	15.0992	32	95.3756
NR_003043.1	48	22	1	2.04559
NR_003044.3	71	17.0822	31	81.6696
NR_003045.1	237	78.7087	32	18.2966
NR_003046.1	75	15.9406	3	8.46953
NR_003047.1	76	14.8793	9	27.2209
NR_003048.1	110	17.8467	13	32.7815
NR_003049.1	77	15.2645	0	0
NR_003050.1	86	16.0191	12.5	35.1167
NR_003051.4	270	98.4585	66	30.1671
NR_003054.1	73	16.0795	6	16.7927
NR_003055.1	76	14.8793	0	0
NR_003056.1	111	18.1077	10	24.8531
NR_003057.1	77	15.2645	6	17.6894
NR_003058.1	88	15.1865	0	0
NR_003059.1	86	16.0191	1	2.80933
NR_003061.2	2138	1910.29	0	0
NR_003062.2	719	491.852	0	0
NR_003064.2	1071	843.293	0	0
NR_003065.1	78	15.0992	40	119.22
NR_003066.1	75	15.9406	0	0
NR_003067.1	97	14.9524	3	9.02928
NR_003068.1	97	14.9524	48	144.469
NR_003069.1	97	14.9524	1	3.00976
NR_003070.1	114	19.0666	0	0
NR_003071.1	107	17.0159	0	0
NR_003072.1	92	14.5444	0	0
NR_003073.1	86	16.0191	3	8.428
NR_003074.1	89	15.2268	0	0
NR_003075.1	74	16.0532	11	30.8371
NR_003076.1	67	17.5357	1	2.56637
NR_003077.1	80	15.4932	20	58.0942
NR_003078.1	75	15.9406	44	124.22
NR_003079.1	94	14.4667	0	0
NR_003080.1	77	15.2645	3	8.84468
NR_003081.3	813	585.487	0	0
NR_003082.1	2070	1842.29	0	0
NR_003083.3	3842	3614.29	28.0439	0.349187
NR_003084.3	1611	1383.29	31.8405	1.03588
NR_003086.1	1418	1190.29	21.439	0.810574
NR_003087.1	2839	2611.29	1.03206	0.0177865
NR_003088.1	826	598.427	0	0
NR_003089.2	1909	1681.29	348.356	9.32444
NR_003090.3	5717	5489.29	3.00117	0.0246046
NR_003098.2	1137	909.293	843.723	41.7578
NR_003102.2	4044	3816.29	34.2038	0.403344
NR_003103.2	3835	3607.29	47.0839	0.587399
NR_003104.2	4021	3793.29	0	0
NR_003108.2	1512	1284.29	56.698	1.98676
NR_003109.2	1947	1719.29	85.2296	2.23091
NR_003110.2	1783	1555.29	110.705	3.20331
NR_003111.2	2079	1851.29	96.0006	2.33368
NR_003125.2	80	15.4932	11	31.9518
NR_003127.2	3509	3281.29	22.4704	0.308182
NR_003129.1	1085	857.293	1.01748	0.053412
NR_003133.2	1234	1006.29	0	0
NR_003135.3	1085	857.293	5.23912	0.275024
NR_003137.3	145	30.7766	1.95785	2.86288
NR_003138.3	1980	1752.29	39.0489	1.00287
NR_003139.1	134	26.2749	3	5.13833
NR_003140.1	76	14.8793	1	3.02454
NR_003141.4	2070	1842.29	155.242	3.79221
NR_003142.2	345	148.943	69	20.8483
NR_003143.2	2172	1944.29	0	0
NR_003144.2	1048	820.293	0	0
NR_003148.3	2932	2704.29	364.386	6.06387
NR_003149.2	19474	19246.3	0	0
NR_003186.1	1552	1324.29	4	0.135931
NR_003187.3	1459	1231.29	0	0
NR_003189.2	1344	1116.29	26.4842	1.0677
NR_003190.2	3901	3673.29	56.0509	0.686704
NR_003193.1	71	17.0822	5	13.1725
NR_003194.1	77	15.2645	4	11.7929
NR_003195.1	74	16.0532	1	2.80337
NR_003196.1	104	15.9806	1	2.81611
NR_003197.1	69	17.25	0	0
NR_003198.1	71	17.0822	0	0
NR_003199.1	76	14.8793	2	6.04908
NR_003200.1	71	17.0822	0	0
NR_003201.1	71	17.0822	1	2.6345
NR_003203.1	71	17.0822	38	100.111
NR_003204.1	74	16.0532	0	0
NR_003205.1	74	16.0532	0	0
NR_003206.1	73	16.0795	2	5.59756
NR_003207.1	74	16.0532	0	0
NR_003208.1	71	17.0822	0	0
NR_003209.1	69	17.25	0	0
NR_003210.1	74	16.0532	0	0
NR_003211.1	71	17.0822	0	0
NR_003212.1	74	16.0532	0	0
NR_003213.1	71	17.0822	1	2.6345
NR_003214.1	71	17.0822	3	7.90351
NR_003215.1	71	17.0822	0	0
NR_003216.1	71	17.0822	0	0
NR_003217.1	71	17.0822	0	0
NR_003218.1	71	17.0822	0	0
NR_003219.1	71	17.0822	0	0
NR_003220.1	69	17.25	0	0
NR_003221.1	71	17.0822	0	0
NR_003222.1	69	17.25	0	0
NR_003223.1	71	17.0822	0	0
NR_003224.1	74	16.0532	1	2.80337
NR_003225.2	1973	1745.29	191.369	4.93452
NR_003226.1	3186	2958.29	263.895	4.01451
NR_003227.1	2947	2719.29	323.334	5.35103
NR_003228.1	1941	1713.29	31.771	0.83453
NR_003229.1	70	16.7714	0	0
NR_003230.1	71	17.0822	1	2.6345
NR_003231.1	71	17.0822	22	57.9591
NR_003232.1	74	16.0532	8	22.427
NR_003233.1	77	15.2645	0	0
NR_003234.1	74	16.0532	0	0
NR_003235.1	76	14.8793	0	0
NR_003236.1	73	16.0795	1	2.79878
NR_003237.1	71	17.0822	0	0
NR_003238.2	979	751.293	9.5	0.569058
NR_003239.1	1101	873.293	206	10.6157
NR_003242.3	1906	1678.29	81.8966	2.19604
NR_003244.2	2812	2584.29	6	0.104484
NR_003245.1	896	668.361	0	0
NR_003246.4	5488	5260.29	328.932	2.81409
NR_003249.2	4262	4034.29	4132.07	46.0938
NR_003254.2	363	162.855	4.10146	1.13339
NR_003255.2	37027	36799.3	78.678	0.096218
NR_003256.3	2907	2679.29	50.8764	0.854551
NR_003260.2	3207	2979.29	157.888	2.38494
NR_003261.1	1101	873.293	14.5241	0.748463
NR_003262.1	4981	4753.29	20.0229	0.189572
NR_003263.2	1153	925.293	54.0047	2.6266
NR_003264.2	2590	2362.29	582.671	11.1002
NR_003265.3	2319	2091.29	593.669	12.7753
NR_003266.2	1560	1332.29	469.573	15.8615
NR_003267.1	2036	1808.29	1.60324	0.0399
NR_003268.3	2972	2744.29	2	0.0327976
NR_003271.1	217	67.4458	4.46429	2.97879
NR_003272.4	1679	1451.29	123.974	3.84429
NR_003275.2	1440	1212.29	0	0
NR_003276.2	2259	2031.29	5.63449	0.124831
NR_003277.2	564	339.768	32.0249	4.24178
NR_003284.1	2751	2523.29	1.00379	0.0179027
NR_003285.3	157	36.3884	3.02849e-06	3.74546e-06
NR_003286.4	1869	1641.29	0	0
NR_003287.4	5070	4842.29	0	0
NR_003288.2	3131	2903.29	37.0255	0.573922
NR_003290.2	1539	1311.29	130.654	4.484
NR_003291.2	2919	2691.29	3	0.0501652
NR_003294.1	82	16.1887	0	0
NR_003295.1	82	16.1887	0	0
NR_003296.1	82	16.1887	0	0
NR_003297.1	82	16.1887	0	0
NR_003298.1	82	16.1887	0	0
NR_003299.1	82	16.1887	0	0
NR_003300.1	82	16.1887	0	0
NR_003301.1	82	16.1887	0	0
NR_003302.1	81	15.7843	0	0
NR_003303.1	82	16.1887	0	0
NR_003304.1	82	16.1887	0	0
NR_003305.1	82	16.1887	0	0
NR_003306.1	81	15.7843	0	0
NR_003307.1	81	15.7843	0	0
NR_003308.1	82	16.1887	0	0
NR_003309.1	82	16.1887	0	0
NR_003310.1	82	16.1887	0	0
NR_003311.1	82	16.1887	0	0
NR_003312.1	82	16.1887	0	0
NR_003313.1	81	15.7843	0	0
NR_003314.1	82	16.1887	0	0
NR_003315.1	82	16.1887	0	0
NR_003316.1	97	14.9524	1	3.00976
NR_003317.1	97	14.9524	0	0
NR_003318.1	97	14.9524	0	0
NR_003319.1	98	15.0506	0	0
NR_003320.1	97	14.9524	0	0
NR_003321.1	98	15.0506	0	0
NR_003322.1	97	14.9524	0	0
NR_003323.1	97	14.9524	1	3.00976
NR_003324.1	97	14.9524	0	0
NR_003325.1	104	15.9806	0	0
NR_003326.2	94	14.4667	0	0
NR_003327.2	94	14.4667	0	0
NR_003328.2	94	14.4667	0	0
NR_003329.2	94	14.4667	0	0
NR_003330.2	94	14.4667	0	0
NR_003331.2	94	14.4667	1.4	4.35514
NR_003332.1	94	14.4667	0	0
NR_003333.2	94	14.4667	0	0
NR_003334.2	94	14.4667	5	15.5541
NR_003335.2	94	14.4667	5.6	17.4206
NR_003336.2	94	14.4667	0	0
NR_003337.2	94	14.4667	0	0
NR_003338.2	94	14.4667	2	6.22163
NR_003339.2	94	14.4667	0	0
NR_003340.2	98	15.0506	0	0
NR_003341.2	94	14.4667	0	0
NR_003342.1	82	16.1887	0	0
NR_003343.1	82	16.1887	0	0
NR_003344.1	82	16.1887	0	0
NR_003345.1	82	16.1887	0	0
NR_003346.1	82	16.1887	0	0
NR_003347.1	82	16.1887	0	0
NR_003348.1	82	16.1887	0	0
NR_003349.1	82	16.1887	0	0
NR_003350.1	82	16.1887	0	0
NR_003351.1	82	16.1887	0	0
NR_003352.1	82	16.1887	0	0
NR_003353.1	82	16.1887	0	0
NR_003354.1	82	16.1887	0	0
NR_003355.1	82	16.1887	0	0
NR_003356.1	82	16.1887	0	0
NR_003357.1	82	16.1887	0	0
NR_003358.1	82	16.1887	0	0
NR_003359.1	82	16.1887	0	0
NR_003360.1	85	15.5396	0	0
NR_003361.1	93	14.4286	0	0
NR_003362.1	76	14.8793	0	0
NR_003365.2	1078	850.293	13.791	0.729911
NR_003366.2	3670	3442.29	0	0
NR_003367.4	1952	1724.29	39.4733	1.03023
NR_003369.2	2412	2184.29	49.0459	1.01049
NR_003370.2	1628	1400.29	64.1863	2.06284
NR_003491.4	10078	9850.29	0	0
NR_003494.3	2188	1960.29	28.3722	0.65135
NR_003495.1	71	17.0822	0	0
NR_003496.1	76	14.8793	0	0
NR_003497.1	74	16.0532	0	0
NR_003498.1	53	19.6087	0	0
NR_003499.1	33	20.5	0	0
NR_003500.2	1335	1107.29	260.551	10.5894
NR_003501.2	3841	3613.29	774.86	9.65077
NR_003502.2	2034	1806.29	58	1.44505
NR_003503.1	2484	2256.29	5.00086	0.0997452
NR_003504.3	1200	972.293	10.8575	0.502543
NR_003505.3	2398	2170.29	135	2.79935
NR_003506.3	841	613.427	5.53781	0.406272
NR_003509.1	1496	1268.29	0	0
NR_003510.1	1476	1248.29	0	0
NR_003512.4	5127	4899.29	0	0
NR_003521.1	3589	3361.29	142.779	1.91162
NR_003525.2	6454	6226.29	30.7683	0.222391
NR_003528.3	4028	3800.29	23.4241	0.277388
NR_003529.4	3453	3225.29	0	0
NR_003530.2	1855	1627.29	1140.28	31.5347
NR_003531.3	1731	1503.29	1140.38	34.1389
NR_003539.1	817	589.487	0	0
NR_003542.1	751	523.701	0	0
NR_003551.1	2018	1790.29	25.8192	0.649025
NR_003554.1	4859	4631.29	339.459	3.29858
NR_003558.2	2972	2744.29	0	0
NR_003561.2	3700	3472.29	7.31827	0.0948494
NR_003562.4	2769	2541.29	228.736	4.05062
NR_003563.1	2360	2132.29	323.062	6.81838
NR_003569.1	2740	2512.29	0	0
NR_003570.2	3743	3515.29	1.00359	0.0128481
NR_003571.1	2366	2138.29	11.1605	0.234886
NR_003572.2	5811	5583.29	523.802	4.22201
NR_003573.1	1310	1082.29	32.0032	1.33073
NR_003574.1	4188	3960.29	3	0.0340907
NR_003578.1	3015	2787.29	16.0008	0.258345
NR_003579.2	1004	776.293	137.981	7.99901
NR_003580.2	3645	3417.29	4126.33	54.3406
NR_003581.2	2863	2635.29	0	0
NR_003582.1	2528	2300.29	0.0844127	0.00165145
NR_003584.3	653	426.803	226.262	23.8576
NR_003588.1	307	122.069	0	0
NR_003589.1	940	712.293	0	0
NR_003590.1	1633	1405.29	0	0
NR_003591.1	533	310.571	3	0.434713
NR_003592.1	1124	896.293	0	0
NR_003593.1	512	290.943	0	0
NR_003594.1	1078	850.293	0	0
NR_003599.2	1241	1013.29	1	0.0444127
NR_003602.3	1013	785.293	5.69607	0.326427
NR_003603.1	1255	1027.29	0	0
NR_003604.3	1008	780.293	959.266	55.3252
NR_003605.2	689	462.088	33.1304	3.2266
NR_003606.3	860	632.427	102.632	7.30322
NR_003607.1	1381	1153.29	0	0
NR_003608.1	1964	1736.29	14.1187	0.365943
NR_003610.1	4298	4070.29	295.565	3.26791
NR_003611.2	4235	4007.29	558.405	6.27105
NR_003612.2	2475	2247.29	1.00574	0.0201403
NR_003613.1	1518	1290.29	298.588	10.4142
NR_003614.3	639	413.014	48.1856	5.25043
NR_003615.2	1827	1599.29	1130.12	31.8008
NR_003654.2	3951	3723.29	61.6377	0.74501
NR_003655.3	6531	6303.29	131.54	0.939142
NR_003658.2	503	282.705	0	0
NR_003659.2	2590	2362.29	306.35	5.83616
NR_003660.2	770	542.487	0	0
NR_003661.2	2150	1922.29	124.164	2.90682
NR_003663.1	1519	1291.29	0	0
NR_003665.1	1362	1134.29	0	0
NR_003667.3	820	592.487	55.2579	4.19719
NR_003669.2	372	169.412	1	0.265642
NR_003670.1	4723	4495.29	1.41958	0.0142117
NR_003671.2	1503	1275.29	33.1029	1.16815
NR_003672.2	2176	1948.29	212.856	4.91671
NR_003673.3	652	425.803	0	0
NR_003674.2	2115	1887.29	2.13582	0.0509293
NR_003675.2	1989	1761.29	40	1.02205
NR_003676.3	2661	2433.29	1.21112	0.0223994
NR_003678.1	419	207.876	0	0
NR_003679.2	883	655.427	4.8772	0.334879
NR_003680.1	1848	1620.29	0	0
NR_003682.1	3126	2898.29	9.50834	0.14764
NR_003683.2	1608	1380.29	1	0.032604
NR_003684.1	96	14.811	3	9.11548
NR_003685.1	91	14.4116	1	3.1227
NR_003686.1	96	14.811	6	18.231
NR_003687.1	93	14.4286	14	43.6664
NR_003688.1	92	14.5444	0	0
NR_003689.1	88	15.1865	5	14.8168
NR_003691.1	101	15.5262	0	0
NR_003693.1	99	15.1945	0	0
NR_003694.1	112	18.5095	1	2.43135
NR_003695.1	103	15.7909	18	51.2988
NR_003697.2	860	632.427	233.828	16.639
NR_003698.1	852	624.427	3	0.216213
NR_003700.1	2272	2044.29	751.625	16.5463
NR_003701.1	90	14.5182	10	30.9978
NR_003703.1	126	23.1788	5	9.7078
NR_003704.2	133	26.0376	1	1.72839
NR_003705.1	128	23.852	0.911924	1.72059
NR_003706.2	132	25.5516	0	0
NR_003707.2	134	26.2749	0	0
NR_003708.4	136	27.1284	0	0
NR_003709.1	127	23.5955	0	0
NR_003710.1	127	23.5955	0	0
NR_003711.1	127	23.5955	9	17.1655
NR_003713.1	2583	2355.29	110.073	2.10319
NR_003714.1	5224	4996.29	58.5379	0.527268
NR_003716.4	2273	2045.29	0	0
NR_003719.2	2680	2452.29	0	0
NR_003720.1	779	551.487	0	0
NR_003920.1	932	704.293	5.00613	0.319883
NR_003921.1	575	350.386	0	0
NR_003922.1	1842	1614.29	1.00059	0.0278942
NR_003923.2	3025	2797.29	0	0
NR_003924.1	217	67.4458	4.46429	2.97879
NR_003925.1	144	30.2443	0	0
NR_003927.2	1333	1105.29	0	0
NR_003928.2	2843	2615.29	1.00186	0.0172396
NR_003929.2	2640	2412.29	13.9672	0.260568
NR_003930.2	2100	1872.29	326.055	7.83718
NR_003932.2	660	433.717	7.12004	0.738785
NR_003934.2	2486	2258.29	0	0
NR_003938.2	77	15.2645	21	61.9127
NR_003939.1	81	15.7843	22	62.7248
NR_003940.1	71	17.0822	68	179.146
NR_003941.1	60	18.9714	7	16.6051
NR_003942.1	81	15.7843	43	122.598
NR_003943.2	70	16.7714	6	16.0999
NR_003944.2	65	17.8776	36	90.6227
NR_003945.1	8741	8513.29	7.202	0.0380713
NR_003948.3	2143	1915.29	0	0
NR_003949.1	2457	2229.29	4.21374	0.0850635
NR_003950.1	2548	2320.29	12.487	0.24219
NR_003951.1	2049	1821.29	0	0
NR_003952.1	1783	1555.29	0	0
NR_003954.1	2156	1928.29	1.02487	0.0239187
NR_003955.1	4231	4003.29	0	0
NR_004053.3	3535	3307.29	0	0
NR_004054.2	88	15.1865	6	17.7802
NR_004378.1	137	27.4645	5	8.19296
NR_004379.1	72	16.5875	0	0
NR_004380.1	80	15.4932	32	92.9507
NR_004381.1	85	15.5396	0	0
NR_004382.2	4062	3834.29	5.24728	0.0615873
NR_004383.1	128	23.852	2	3.77353
NR_004384.1	123	22.1632	0	0
NR_004385.1	210	63.8665	0	0
NR_004386.2	209	63.3154	0	0
NR_004387.1	330	138.255	3	0.976526
NR_004388.1	137	27.4645	0	0
NR_004389.1	133	26.0376	0	0
NR_004390.1	149	32.7812	0	0
NR_004391.1	113	18.7969	3.93568	9.42269
NR_004392.1	102	15.661	34.937	100.394
NR_004393.1	96	14.811	4.88965	14.8572
NR_004394.1	106	16.543	0	0
NR_004395.1	74	16.0532	7	19.6236
NR_004396.1	86	16.0191	0	0
NR_004397.2	80	15.4932	12	34.8565
NR_004398.1	75	15.9406	0	0
NR_004399.1	86	16.0191	0	0
NR_004400.1	164	39.7643	1.38939	1.57244
NR_004401.2	2649	2421.29	2.01617	0.0374733
NR_004403.1	142	29.5449	8	12.1857
NR_004404.2	205	61.3237	31	22.7497
NR_004405.1	1543	1315.29	2	0.0684305
NR_004407.1	135	26.7198	0	0
NR_004408.1	164	39.7643	1.38939	1.57244
NR_004421.1	164	39.7643	1.38939	1.57244
NR_004426.2	164	39.7643	0	0
NR_004427.1	164	39.7643	1.38939	1.57244
NR_004428.1	1529	1301.29	1	0.0345834
NR_004430.2	164	39.7643	1.38939	1.57244
NR_004431.3	1782	1554.29	0	0
NR_004435.1	122	21.8712	0	0
NR_004436.1	122	21.8712	0	0
NR_004437.1	122	21.8712	0	0
NR_004844.2	1557	1329.29	2.0004	0.0677232
NR_004845.2	1394	1166.29	1.0004	0.0386017
NR_004846.3	3043	2815.29	73.0617	1.16791
NR_004847.3	1542	1314.29	15.0698	0.516008
NR_004855.3	434	220.399	0	0
NR_004858.3	3067	2839.29	182.509	2.89278
NR_004859.1	4509	4281.29	34.9762	0.367654
NR_004862.2	5104	4876.29	240.641	2.22086
NR_006880.1	217	67.4458	41.0714	27.4048
NR_006881.1	217	67.4458	0	0
NR_006882.1	217	67.4458	0	0
NR_015340.1	1718	1490.29	0	0
NR_015341.2	4607	4379.29	1002.4	10.301
NR_015342.2	3757	3529.29	0	0
NR_015343.2	599	373.876	0	0
NR_015352.2	4053	3825.29	107.853	1.26885
NR_015353.2	3006	2778.29	124.684	2.01965
NR_015356.2	1409	1181.29	0	0
NR_015358.2	6636	6408.29	0	0
NR_015359.2	3383	3155.29	87.7239	1.25118
NR_015360.2	3078	2850.29	0	0
NR_015361.2	3200	2972.29	4.42713	0.0670306
NR_015362.2	5018	4790.29	2.68012	0.0251787
NR_015363.2	2682	2454.29	34.8989	0.639923
NR_015366.6	1086	858.293	0	0
NR_015370.2	1194	966.293	244	11.3638
NR_015374.2	2715	2487.29	0	0
NR_015375.2	928	700.293	5.06753	0.325656
NR_015376.2	2434	2206.29	0	0
NR_015377.2	2700	2472.29	406	7.39041
NR_015378.3	2148	1920.29	137.329	3.21838
NR_015379.3	2314	2086.29	3.64732	0.0786757
NR_015380.2	2175	1947.29	116.215	2.68581
NR_015381.1	751	523.701	102	8.76515
NR_015382.2	2364	2136.29	243.271	5.12475
NR_015383.2	1062	834.293	0	0
NR_015384.2	3753	3525.29	127.938	1.63323
NR_015389.1	3979	3751.29	1210.68	14.5241
NR_015390.1	1086	858.293	0	0
NR_015391.2	2107	1879.29	0	0
NR_015392.1	2262	2034.29	30.8939	0.683442
NR_015394.1	1361	1133.29	0	0
NR_015395.2	3887	3659.29	734.713	9.03572
NR_015396.1	782	554.487	0	0
NR_015399.1	1524	1296.29	0	0
NR_015400.2	1041	813.293	0	0
NR_015401.2	1725	1497.29	3.65753	0.109932
NR_015404.2	2390	2162.29	217.933	4.53576
NR_015405.1	2165	1937.29	5	0.116149
NR_015406.2	6127	5899.29	394.949	3.01289
NR_015407.1	1540	1312.29	3	0.10288
NR_015410.2	3353	3125.29	38	0.547186
NR_015411.2	4137	3909.29	0	0
NR_015413.1	1127	899.293	0	0
NR_015414.1	1774	1546.29	0	0
NR_015415.1	830	602.427	12	0.896435
NR_015416.2	1642	1414.29	0	0
NR_015417.1	2273	2045.29	4.03677	0.088822
NR_015419.2	3017	2789.29	141	2.27493
NR_015421.1	2579	2351.29	206.565	3.9536
NR_015422.1	1123	895.293	1	0.0502663
NR_015423.2	586	361.171	0	0
NR_015424.1	1753	1525.29	3	0.0885136
NR_015425.1	1045	817.293	1	0.0550636
NR_015429.1	2158	1930.29	30	0.699424
NR_015430.2	1458	1230.29	3.01237	0.11019
NR_015431.2	3144	2916.29	38.6017	0.595686
NR_015434.1	1766	1538.29	419.8	12.2813
NR_015436.2	3176	2948.29	0	0
NR_015439.1	2301	2073.29	96	2.08378
NR_015440.1	3722	3494.29	0	0
NR_015441.1	2714	2486.29	321.746	5.82376
NR_015444.1	2012	1784.29	2	0.0504436
NR_015445.1	1002	774.293	5.02258	0.29192
NR_015446.2	1501	1273.29	0	0
NR_015447.1	2261	2033.29	58.8963	1.30356
NR_015448.1	1990	1762.29	1.75942	0.0449298
NR_015449.1	2270	2042.29	372.096	8.19934
NR_015450.1	1749	1521.29	0	0
NR_015451.1	3322	3094.29	648.385	9.43005
NR_015453.2	3881	3653.29	217.308	2.67691
NR_015454.1	1914	1686.29	138.523	3.69685
NR_016021.2	5007	4779.29	802.422	7.55582
NR_021485.2	3855	3627.29	0	0
NR_021487.2	3873	3645.29	64.6089	0.797631
NR_021489.2	2265	2037.29	3	0.0662689
NR_021490.3	2677	2449.29	0	0
NR_021491.3	2596	2368.29	0.387598	0.00736527
NR_021492.2	632	406.137	12.0936	1.34006
NR_021493.1	1762	1534.29	0	0
NR_022006.1	4320	4092.29	0	0
NR_022007.2	620	394.338	5.18363	0.591571
NR_022008.1	3373	3145.29	50	0.715404
NR_022009.1	2412	2184.29	0	0
NR_022010.1	342	146.678	0	0
NR_022011.1	1797	1569.29	7.54449	0.216356
NR_022012.3	9072	8844.29	0	0
NR_022014.1	1927	1699.29	3.00511	0.0795857
NR_023311.1	2484	2256.29	5.5506	0.11071
NR_023312.3	3269	3041.29	1048.77	15.519
NR_023313.3	3101	2873.29	55.7594	0.873333
NR_023314.4	1267	1039.29	22.2467	0.963317
NR_023317.1	63	18.1395	15	37.2141
NR_023343.3	130	24.5498	1	1.83313
NR_023344.1	125	22.885	2.86332	5.63069
NR_023349.3	2024	1796.29	34.227	0.8575
NR_023350.1	3221	2993.29	500.981	7.53207
NR_023351.3	2773	2545.29	0	0
NR_023353.2	1253	1025.29	106.866	4.69068
NR_023358.1	348	151.011	2	0.596025
NR_023359.2	3890	3662.29	0	0
NR_023360.3	2354	2126.29	66.2614	1.40243
NR_023361.2	5662	5434.29	60.478	0.500838
NR_023362.1	762	534.648	0	0
NR_023363.1	121	21.4671	1.23513	2.58931
NR_023364.1	121	21.4671	1.23513	2.58931
NR_023365.1	121	21.4671	1.23513	2.58931
NR_023366.1	121	21.4671	1.23513	2.58931
NR_023367.1	121	21.4671	1.23513	2.58931
NR_023368.1	121	21.4671	1.23513	2.58931
NR_023369.1	121	21.4671	1.23513	2.58931
NR_023370.1	121	21.4671	1.23513	2.58931
NR_023371.1	121	21.4671	0	0
NR_023372.1	121	21.4671	1.23513	2.58931
NR_023373.1	121	21.4671	1.23513	2.58931
NR_023374.1	121	21.4671	1.23513	2.58931
NR_023375.1	121	21.4671	1.23513	2.58931
NR_023376.1	121	21.4671	1.23513	2.58931
NR_023377.1	121	21.4671	1.23513	2.58931
NR_023378.1	121	21.4671	1.23513	2.58931
NR_023379.1	121	21.4671	1.23513	2.58931
NR_023380.1	4204	3976.29	4.61483	0.05223
NR_023382.1	2821	2593.29	17.8132	0.309125
NR_023383.1	1782	1554.29	47.0444	1.36212
NR_023384.1	2443	2215.29	282.701	5.74299
NR_023385.1	2155	1927.29	8.13506	0.189957
NR_023386.1	5368	5140.29	128.123	1.12172
NR_023387.2	711	483.852	0	0
NR_023389.1	1270	1042.29	50.1343	2.16465
NR_023390.1	8030	7802.29	95.3515	0.549981
NR_023391.1	2272	2044.29	0	0
NR_023392.1	5454	5226.29	797.321	6.86565
NR_023847.2	1314	1086.29	0	0
NR_023915.1	4498	4270.29	145.582	1.53423
NR_023916.1	996	768.293	0	0
NR_023917.1	3932	3704.29	40.4835	0.49183
NR_023918.2	1127	899.293	45.0687	2.25536
NR_023919.2	1085	857.293	155.233	8.14886
NR_023920.2	1075	847.293	0	0
NR_023921.2	3052	2824.29	145.178	2.3133
NR_023922.2	2793	2565.29	4.48372	0.0786582
NR_023923.2	2761	2533.29	95.2912	1.69282
NR_023924.2	2852	2624.29	172.525	2.95856
NR_023925.1	2231	2003.29	0	0
NR_023926.1	2185	1957.29	0	0
NR_023927.1	1890	1662.29	0	0
NR_024004.2	2168	1940.29	17.7195	0.410986
NR_024005.3	1671	1443.29	4.65911	0.145275
NR_024007.1	2844	2616.29	2	0.0344022
NR_024008.1	2179	1951.29	38	0.876402
NR_024009.1	1532	1304.29	21	0.72458
NR_024010.2	3075	2847.29	0	0
NR_024012.3	1028	800.293	114.27	6.42577
NR_024013.1	608	382.573	0	0
NR_024016.3	904	676.361	152.526	10.1487
NR_024018.2	2660	2432.29	77.5854	1.43551
NR_024021.3	2540	2312.29	0	0
NR_024024.2	1824	1596.29	164.444	4.63605
NR_024027.2	1480	1252.29	0	0
NR_024028.2	525	303.13	0	0
NR_024031.2	915	687.293	744.568	48.7533
NR_024032.2	787	559.487	0	0
NR_024034.2	2085	1857.29	26	0.629992
NR_024035.2	2836	2608.29	1.03103	0.0177893
NR_024037.3	2428	2200.29	0	0
NR_024040.3	3962	3734.29	2.95537	0.0356161
NR_024041.1	629	403.218	9	1.00449
NR_024042.2	2843	2615.29	0	0
NR_024043.2	1557	1329.29	4.49145	0.152058
NR_024044.2	189	52.6441	0	0
NR_024045.2	1943	1715.29	2.11834	0.0555775
NR_024046.1	1012	784.293	1	0.0573804
NR_024047.2	3792	3564.29	14.6078	0.18444
NR_024048.3	1922	1694.29	128.361	3.40948
NR_024049.1	1314	1086.29	0	0
NR_024050.1	680	453.225	0	0
NR_024052.2	6820	6592.29	500.81	3.41884
NR_024053.2	6606	6378.29	28.6695	0.202282
NR_024054.2	1016	788.293	25.3957	1.44982
NR_024055.2	3412	3184.29	62.4934	0.883209
NR_024056.2	3684	3456.29	86.3645	1.12452
NR_024057.2	3612	3384.29	274.585	3.65133
NR_024058.2	2085	1857.29	915.965	22.1943
NR_024059.2	1305	1077.29	0	0
NR_024061.1	1538	1310.29	9.00023	0.30912
NR_024062.1	751	523.701	0	0
NR_024063.2	4066	3838.29	73	0.855908
NR_024065.3	2887	2659.29	0	0
NR_024066.2	2941	2713.29	0	0
NR_024071.2	2775	2547.29	40.6362	0.71792
NR_024072.2	2692	2464.29	1	0.0182621
NR_024074.2	1899	1671.29	4.17686	0.112471
NR_024075.2	4531	4303.29	7.61538	0.0796403
NR_024076.2	1628	1400.29	0	0
NR_024077.2	1975	1747.29	248.178	6.39205
NR_024079.1	1298	1070.29	15.7141	0.660736
NR_024080.2	1503	1275.29	262.135	9.25034
NR_024084.2	6229	6001.29	241.532	1.81122
NR_024086.2	3463	3235.29	9	0.12519
NR_024087.1	910	682.293	0	0
NR_024088.1	848	620.427	0	0
NR_024089.2	749	521.701	0	0
NR_024090.2	2019	1791.29	1	0.0251232
NR_024091.1	3544	3316.29	74.4073	1.00973
NR_024092.2	459	242.274	3	0.557259
NR_024096.1	1627	1399.29	0	0
NR_024100.1	2019	1791.29	0	0
NR_024101.1	1023	795.293	107	6.05478
NR_024102.1	609	383.573	0	0
NR_024106.2	2529	2301.29	0	0
NR_024107.2	2680	2452.29	0	0
NR_024109.1	870	642.427	4.3686	0.306027
NR_024110.1	1734	1506.29	886.094	26.4736
NR_024111.1	1612	1384.29	636.191	20.6824
NR_024113.2	3381	3153.29	387.174	5.52566
NR_024116.2	1545	1317.29	13.7648	0.470252
NR_024117.2	2231	2003.29	220.047	4.94325
NR_024119.1	611	385.534	0	0
NR_024120.2	3004	2776.29	19.9655	0.323637
NR_024121.1	561	336.904	8	1.06863
NR_024122.2	2598	2370.29	179.129	3.401
NR_024123.2	2485	2257.29	174.29	3.47477
NR_024124.2	1552	1324.29	10.9393	0.371746
NR_024125.2	1828	1600.29	8.06074	0.226682
NR_024126.1	905	677.361	0	0
NR_024127.2	777	549.487	86.9761	7.12336
NR_024128.1	1202	974.293	0	0
NR_024129.2	1861	1633.29	0	0
NR_024130.3	2655	2427.29	3.70446	0.0686824
NR_024144.2	1610	1382.29	0	0
NR_024145.2	1954	1726.29	26	0.677799
NR_024147.2	2244	2016.29	93.5082	2.08708
NR_024148.2	2382	2154.29	5.99561	0.125248
NR_024151.2	2379	2151.29	32.6519	0.683049
NR_024153.2	1280	1052.29	11.4587	0.490051
NR_024157.1	2214	1986.29	163	3.69306
NR_024158.1	1760	1532.29	192.06	5.64076
NR_024159.2	3752	3524.29	0	0
NR_024160.1	972	744.293	0	0
NR_024162.1	1662	1434.29	4.98457	0.156398
NR_024163.2	887	659.427	229.358	15.6527
NR_024166.1	1233	1005.29	5.09307	0.227997
NR_024167.1	1228	1000.29	0	0
NR_024170.1	4234	4006.29	189.276	2.12615
NR_024172.1	1517	1289.29	0	0
NR_024173.1	1345	1117.29	0	0
NR_024174.3	2543	2315.29	19.8273	0.38539
NR_024176.3	2688	2460.29	38.67	0.707342
NR_024178.2	2455	2227.29	1.02467	0.0207037
NR_024182.1	1952	1724.29	0	0
NR_024183.2	1867	1639.29	0	0
NR_024184.2	1270	1042.29	0	0
NR_024187.2	728	500.753	17.4356	1.56695
NR_024188.3	3212	2984.29	160.741	2.42397
NR_024192.1	937	709.293	0	0
NR_024193.1	1083	855.293	9	0.473554
NR_024194.2	2307	2079.29	18.7542	0.405906
NR_024195.2	2228	2000.29	0	0
NR_024199.3	4060	3832.29	212.208	2.49199
NR_024203.1	1869	1641.29	18.6067	0.510182
NR_024204.2	852	624.427	36.0354	2.5971
NR_024205.3	677	450.406	17.7716	1.77568
NR_024206.2	542	319.126	895.868	126.335
NR_024209.2	3167	2939.29	23.8368	0.364961
NR_024210.2	3349	3121.29	72.2178	1.04124
NR_024211.2	3069	2841.29	25.7222	0.407413
NR_024212.2	2958	2730.29	75.0807	1.23755
NR_024214.1	121	21.4671	0.1	0.209638
NR_024215.1	121	21.4671	0.1	0.209638
NR_024216.1	122	21.8712	0	0
NR_024217.1	120	21.1323	0	0
NR_024218.1	120	21.1323	0	0
NR_024219.1	120	21.1323	0	0
NR_024220.1	120	21.1323	0	0
NR_024221.1	119	20.6954	1	2.17454
NR_024223.1	121	21.4671	0.1	0.209638
NR_024224.1	121	21.4671	0.1	0.209638
NR_024225.1	121	21.4671	0.1	0.209638
NR_024226.1	121	21.4671	0.1	0.209638
NR_024227.1	121	21.4671	0.1	0.209638
NR_024228.1	121	21.4671	0.1	0.209638
NR_024229.1	121	21.4671	0.1	0.209638
NR_024230.1	120	21.1323	5	10.648
NR_024231.1	120	21.1323	5	10.648
NR_024233.1	2863	2635.29	7.69387	0.131389
NR_024236.1	4492	4264.29	19.7882	0.208834
NR_024237.2	2333	2105.29	0	0
NR_024239.3	1162	934.293	0	0
NR_024240.1	1580	1352.29	7.00409	0.23309
NR_024241.1	2527	2299.29	477.563	9.34714
NR_024242.1	121	21.4671	0.1	0.209638
NR_024243.1	119	20.6954	0	0
NR_024244.1	119	20.6954	0	0
NR_024246.2	2291	2063.29	1.02092	0.0222675
NR_024247.2	4230	4002.29	0	0
NR_024248.1	1477	1249.29	208.623	7.51521
NR_024249.1	1859	1631.29	53.8944	1.4868
NR_024250.1	1970	1742.29	27.4931	0.710142
NR_024251.1	2068	1840.29	31.9367	0.78099
NR_024252.1	2116	1888.29	41.9402	0.999548
NR_024254.1	2143	1915.29	30.5342	0.717454
NR_024256.1	2214	1986.29	0	0
NR_024258.1	120	21.1323	0	0
NR_024259.1	2598	2370.29	2.08055	0.0395019
NR_024260.2	2552	2324.29	70.206	1.35933
NR_024261.2	2453	2225.29	15	0.303352
NR_024264.1	2987	2759.29	0	0
NR_024265.2	3651	3423.29	51.6987	0.679638
NR_024267.1	2353	2125.29	0	0
NR_024268.1	2116	1888.29	0	0
NR_024269.1	1893	1665.29	0	0
NR_024270.1	1740	1512.29	4	0.119033
NR_024271.1	2265	2037.29	219.2	4.84206
NR_024274.1	616	390.417	0	0
NR_024276.1	1203	975.293	0	0
NR_024277.1	1869	1641.29	37.0026	1.01458
NR_024278.1	5784	5556.29	214.39	1.73645
NR_024279.1	2732	2504.29	64.1963	1.15363
NR_024280.1	2194	1966.29	0	0
NR_024281.1	2942	2714.29	0	0
NR_024284.1	2232	2004.29	0	0
NR_024320.2	2535	2307.29	48.0685	0.937562
NR_024321.1	1317	1089.29	36.503	1.50808
NR_024330.2	1974	1746.29	336.622	8.67495
NR_024333.1	2032	1804.29	245.912	6.13358
NR_024334.1	2026	1798.29	90.5127	2.26512
NR_024335.2	1728	1500.29	0	0
NR_024337.2	567	342.699	29	3.80827
NR_024338.3	1153	925.293	0	0
NR_024340.1	1815	1587.29	0	0
NR_024342.1	120	21.1323	0	0
NR_024343.1	121	21.4671	0	0
NR_024345.1	2455	2227.29	3.19562	0.0645684
NR_024346.3	1503	1275.29	0	0
NR_024347.2	2243	2015.29	2	0.0446616
NR_024348.1	3951	3723.29	149.992	1.81293
NR_024351.2	694	467.041	0	0
NR_024354.1	461	244.098	0	0
NR_024357.2	524	302.192	0	0
NR_024358.1	587	362.135	0	0
NR_024360.1	1724	1496.29	54	1.62412
NR_024361.1	1434	1206.29	8.45818	0.315549
NR_024362.1	1643	1415.29	16.6634	0.529858
NR_024363.1	1060	832.293	13.4197	0.725617
NR_024365.1	2241	2013.29	2	0.0447059
NR_024366.1	5802	5574.29	3774.94	30.4763
NR_024367.1	469	251.307	0	0
NR_024368.1	10263	10035.3	1755.06	7.87053
NR_024369.1	900	672.361	0	0
NR_024370.1	659	432.717	8	0.832009
NR_024371.1	658	431.717	7.33053	0.764149
NR_024372.1	1463	1235.29	0	0
NR_024373.2	603	377.687	483.833	57.6508
NR_024374.1	3514	3286.29	314.011	4.30013
NR_024376.1	5836	5608.29	2414.06	19.3713
NR_024378.1	1058	830.293	1	0.0542014
NR_024380.1	6661	6433.29	159.763	1.1176
NR_024381.1	710	482.852	0	0
NR_024383.2	3380	3152.29	0	0
NR_024384.2	3590	3362.29	0	0
NR_024385.1	1562	1334.29	0	0
NR_024386.2	2922	2694.29	211.406	3.53114
NR_024387.1	2476	2248.29	0	0
NR_024389.1	7650	7422.29	2	0.0121265
NR_024391.1	2147	1919.29	11	0.257925
NR_024393.1	1412	1184.29	0	0
NR_024394.1	4082	3854.29	1	0.0116761
NR_024396.1	2518	2290.29	13.0677	0.256773
NR_024397.1	825	597.427	308.342	23.2268
NR_024398.2	2175	1947.29	0	0
NR_024399.1	942	714.293	0	0
NR_024402.2	2447	2219.29	60	1.21669
NR_024403.1	3784	3556.29	192.227	2.43254
NR_024405.1	3554	3326.29	198.773	2.6893
NR_024406.1	2618	2390.29	0	0
NR_024407.1	2788	2560.29	145.388	2.55553
NR_024408.2	3765	3537.29	17.3073	0.220192
NR_024409.2	1752	1524.29	0	0
NR_024410.1	1057	829.293	0	0
NR_024411.1	946	718.293	0	0
NR_024413.1	2266	2038.29	0	0
NR_024417.1	2379	2151.29	0	0
NR_024419.1	616	390.417	0	0
NR_024420.1	682	455.179	4.06997	0.402393
NR_024421.1	2478	2250.29	291.949	5.83862
NR_024422.1	2046	1818.29	31.0546	0.768608
NR_024423.2	3039	2811.29	15.6898	0.251162
NR_024424.2	3053	2825.29	0	0
NR_024425.1	2121	1893.29	23.9013	0.568129
NR_024429.1	2254	2026.29	0	0
NR_024430.2	3129	2901.29	437.512	6.78642
NR_024431.2	2450	2222.29	0	0
NR_024433.1	2534	2306.29	26.0014	0.507369
NR_024434.2	917	689.293	9.17455e-06	5.98995e-07
NR_024435.2	1371	1143.29	4.98397	0.196183
NR_024438.2	1988	1760.29	7.27496	0.185989
NR_024439.1	1674	1446.29	0	0
NR_024440.1	628	402.259	0	0
NR_024441.1	810	582.487	0	0
NR_024442.2	1076	848.293	0	0
NR_024443.3	2028	1800.29	0	0
NR_024444.1	661	434.717	4	0.414091
NR_024447.1	2129	1901.29	6.89476	0.163197
NR_024448.2	3442	3214.29	299.229	4.18948
NR_024451.1	2398	2170.29	178.608	3.70361
NR_024452.1	1210	982.293	1149	52.6406
NR_024453.2	1594	1366.29	10.5113	0.346222
NR_024454.1	1648	1420.29	43.2197	1.36945
NR_024455.1	1965	1737.29	4	0.103617
NR_024456.1	2453	2225.29	77.028	1.55777
NR_024457.2	3211	2983.29	0	0
NR_024458.1	1581	1353.29	150.36	5.00013
NR_024460.2	3145	2917.29	0.000104503	1.6121e-06
NR_024461.1	3272	3044.29	6.07636	0.0898255
NR_024462.1	1696	1468.29	0	0
NR_024463.2	2359	2131.29	0	0
NR_024464.2	1608	1380.29	1	0.032604
NR_024466.2	2509	2281.29	48.8388	0.963444
NR_024467.1	1038	810.293	2.0103	0.111651
NR_024468.1	3242	3014.29	0	0
NR_024469.1	850	622.427	10	0.723025
NR_024470.1	1440	1212.29	2	0.0742445
NR_024471.1	1904	1676.29	2	0.0536936
NR_024472.1	1858	1630.29	3	0.0828129
NR_024473.1	2842	2614.29	3.74643	0.064492
NR_024475.1	1394	1166.29	31.5721	1.21826
NR_024476.1	1714	1486.29	55.972	1.69476
NR_024477.1	1275	1047.29	24.3916	1.04813
NR_024478.1	2282	2054.29	0	0
NR_024479.1	1175	947.293	0	0
NR_024480.1	3021	2793.29	8	0.128889
NR_024481.1	6144	5916.29	0	0
NR_024482.1	356	157.501	0	0
NR_024483.1	650	423.846	4	0.424712
NR_024484.1	3474	3246.29	323	4.47772
NR_024489.1	2248	2020.29	8	0.178204
NR_024490.1	4139	3911.29	313.331	3.60516
NR_024492.1	7148	6920.29	507.132	3.29791
NR_024494.1	1428	1200.29	0	0
NR_024495.2	4704	4476.29	357.425	3.59342
NR_024496.1	3705	3477.29	1.95061	0.0252448
NR_024497.2	5270	5042.29	32.2895	0.288188
NR_024498.1	3653	3425.29	121.332	1.59412
NR_024499.3	2387	2159.29	0	0
NR_024501.3	2005	1777.29	2	0.0506423
NR_024502.3	1845	1617.29	0	0
NR_024503.3	1741	1513.29	0	0
NR_024504.2	608	382.573	0	0
NR_024505.2	2086	1858.29	0	0
NR_024506.2	3832	3604.29	4.04325	0.0504839
NR_024507.3	3972	3744.29	0	0
NR_024510.2	3607	3379.29	6.67848	0.0889394
NR_024511.2	3173	2945.29	0	0
NR_024514.3	2974	2746.29	5.84345	0.0957557
NR_024515.2	3195	2967.29	14.4541	0.219216
NR_024516.2	3267	3039.29	0.531414	0.00786869
NR_024522.2	3321	3093.29	35.9873	0.523565
NR_024523.1	2694	2466.29	3.27667	0.0597903
NR_024524.1	2799	2571.29	0	0
NR_024525.3	824	596.427	51.626	3.89541
NR_024526.3	2929	2701.29	12.4663	0.207687
NR_024527.2	4326	4098.29	0	0
NR_024528.1	1482	1254.29	76.7008	2.75197
NR_024529.1	1388	1160.29	230.722	8.94878
NR_024530.1	786	558.487	27.2485	2.19569
NR_024531.1	529	306.759	9.29372	1.36344
NR_024532.2	2967	2739.29	266.952	4.38567
NR_024533.1	1450	1222.29	25.7836	0.949314
NR_024534.1	1513	1285.29	312.172	10.9304
NR_024537.2	4046	3818.29	29.8524	0.351846
NR_024538.2	1312	1084.29	15.5628	0.645925
NR_024539.1	1389	1161.29	188.124	7.29028
NR_024540.1	1786	1558.29	321.014	9.2708
NR_024541.1	571	346.526	0	0
NR_024542.1	984	756.293	595.828	35.4546
NR_024543.1	869	641.427	93.4412	6.55591
NR_024546.2	6945	6717.29	36.4332	0.244088
NR_024547.2	1250	1022.29	225.461	9.92516
NR_024548.2	2896	2668.29	35.8743	0.605051
NR_024549.2	3913	3685.29	105.155	1.2841
NR_024550.2	3874	3646.29	424.143	5.23484
NR_024552.2	1798	1570.29	151.691	4.34733
NR_024553.1	2909	2681.29	4.8278	0.0810302
NR_024559.1	855	627.427	0	0
NR_024560.1	3024	2796.29	0	0
NR_024561.1	3681	3453.29	1	0.0130319
NR_024562.1	1124	896.293	3.82837	0.192223
NR_024563.1	3895	3667.29	3	0.0368144
NR_024564.1	1789	1561.29	0	0
NR_024565.1	5151	4923.29	1050.03	9.59819
NR_024566.1	4928	4700.29	206.085	1.97316
NR_024567.1	3182	2954.29	95.4786	1.45444
NR_024569.1	5001	4773.29	64.3438	0.60664
NR_024576.3	2197	1969.29	56.3795	1.28841
NR_024577.3	2330	2102.29	0	0
NR_024580.1	2386	2158.29	39	0.813198
NR_024581.2	2566	2338.29	0	0
NR_024582.1	1696	1468.29	127.35	3.90327
NR_024583.1	7716	7488.29	2.89962	0.0174261
NR_024584.2	3124	2896.29	0	0
NR_024585.1	3031	2803.29	26.0488	0.418179
NR_024586.1	3615	3387.29	53.0212	0.704432
NR_024591.1	3995	3767.29	1.0768	0.0128631
NR_024592.1	2167	1939.29	0	0
NR_024593.1	9547	9319.29	18.376	0.0887383
NR_024594.1	2253	2025.29	11	0.244426
NR_024595.3	3567	3339.29	2	0.0269537
NR_024597.2	975	747.293	0	0
NR_024598.2	870	642.427	13.4505	0.942231
NR_024602.2	3102	2874.29	0	0
NR_024603.1	1629	1401.29	67.9456	2.1821
NR_024604.1	3412	3184.29	1	0.0141328
NR_024605.3	1820	1592.29	0	0
NR_024606.2	2473	2245.29	217.867	4.36677
NR_024607.1	786	558.487	704	56.7286
NR_024610.3	1041	813.293	22.3608	1.23732
NR_024611.3	887	659.427	52.9904	3.61637
NR_024615.1	2264	2036.29	1	0.0221005
NR_024616.1	1014	786.293	53.8907	3.0844
NR_024617.1	2495	2267.29	5.00079	0.0992598
NR_024618.1	5904	5676.29	51	0.404341
NR_024620.1	1262	1034.29	0	0
NR_024622.1	1215	987.293	4.00085	0.182368
NR_024623.1	1203	975.293	0	0
NR_024625.2	3788	3560.29	189.182	2.39131
NR_024627.1	1109	881.293	0	0
NR_024628.1	1107	879.293	0	0
NR_024629.1	944	716.293	12.8788	0.809143
NR_024872.3	3497	3269.29	94.6836	1.30336
NR_024873.3	3470	3242.29	59.5562	0.826641
NR_026052.1	3359	3131.29	1500.87	21.5706
NR_026540.1	1605	1377.29	1.098	0.0358772
NR_026541.1	2093	1865.29	119.902	2.89282
NR_026542.1	1469	1241.29	1.30806	0.0474236
NR_026543.1	1365	1137.29	2.69194	0.106521
NR_026544.1	2502	2274.29	2.33256	0.046156
NR_026545.4	946	718.293	0	0
NR_026546.3	1018	790.293	0	0
NR_026547.1	1045	817.293	1	0.0550636
NR_026548.1	971	743.293	0	0
NR_026550.3	2187	1959.29	2615.82	60.0829
NR_026551.2	1364	1136.29	386.436	15.3048
NR_026552.2	870	642.427	262	18.3535
NR_026553.2	514	292.795	0	0
NR_026554.2	5473	5245.29	0	0
NR_026555.1	2091	1863.29	0	0
NR_026556.1	6140	5912.29	25	0.190295
NR_026558.1	564	339.768	1.68485	0.223163
NR_026560.2	2262	2034.29	18.801	0.415919
NR_026562.4	1180	952.293	248.387	11.7382
NR_026563.1	1884	1656.29	0	0
NR_026564.1	1739	1511.29	22	0.655113
NR_026567.1	2015	1787.29	0	0
NR_026576.2	642	416.014	0	0
NR_026578.1	578	353.315	6.91231	0.880448
NR_026580.1	2412	2184.29	461.008	9.49817
NR_026583.1	2794	2566.29	0	0
NR_026587.1	3687	3459.29	42.9292	0.558481
NR_026589.1	5246	5018.29	119.301	1.06987
NR_026591.2	4403	4175.29	389.557	4.19882
NR_026592.2	1960	1732.29	96.2905	2.50152
NR_026594.1	2096	1868.29	0	0
NR_026595.2	2023	1795.29	0	0
NR_026597.2	3910	3682.29	0	0
NR_026598.2	855	627.427	99.9361	7.16805
NR_026640.1	1633	1405.29	0	0
NR_026642.1	1066	838.293	0	0
NR_026643.1	1430	1202.29	0	0
NR_026644.2	2887	2659.29	16.0887	0.272268
NR_026645.3	1949	1721.29	0	0
NR_026646.1	1451	1223.29	0	0
NR_026648.2	2170	1942.29	0	0
NR_026649.2	1942	1714.29	4.64378	0.121907
NR_026651.2	1945	1717.29	5	0.131029
NR_026655.1	3942	3714.29	18.2085	0.220617
NR_026656.1	1411	1183.29	596	22.6671
NR_026657.1	502	281.791	0	0
NR_026658.1	917	689.293	30	1.95866
NR_026659.1	3412	3184.29	8.95347	0.126538
NR_026660.1	1134	906.293	4.74911	0.235823
NR_026661.2	868	640.427	0	0
NR_026662.2	807	579.487	0	0
NR_026663.1	730	502.753	0	0
NR_026664.1	2127	1899.29	0	0
NR_026665.2	1121	893.293	7.29491	0.367509
NR_026667.1	699	471.947	8.01381	0.764166
NR_026668.2	442	227.417	0	0
NR_026670.2	2505	2277.29	0	0
NR_026673.1	523	301.192	4.04507	0.604402
NR_026674.1	1980	1752.29	0	0
NR_026675.1	2304	2076.29	31.0544	0.673096
NR_026676.1	1041	813.293	34.0007	1.88141
NR_026677.1	6002	5774.29	0	0
NR_026678.2	2207	1979.29	175.057	3.98027
NR_026679.1	2913	2685.29	1	0.0167591
NR_026680.3	2127	1899.29	7.21111	0.170865
NR_026681.1	1271	1043.29	0	0
NR_026682.1	1594	1366.29	37.8757	1.24755
NR_026683.1	967	739.293	24.1076	1.4675
NR_026684.1	982	754.293	0	0
NR_026690.1	473	255.047	8	1.4116
NR_026691.2	5337	5109.29	0	0
NR_026692.2	4384	4156.29	0	0
NR_026694.3	1262	1034.29	1.15085	0.0500744
NR_026697.2	3778	3550.29	73.7056	0.934283
NR_026698.2	7011	6783.29	367.322	2.43696
NR_026699.2	3793	3565.29	13.1144	0.165537
NR_026700.2	2785	2557.29	3.61154	0.0635557
NR_026701.2	3677	3449.29	0	0
NR_026702.2	2715	2487.29	0	0
NR_026703.1	98	15.0506	0	0
NR_026704.1	88	15.1865	2	5.92672
NR_026705.1	88	15.1865	4	11.8534
NR_026706.2	1260	1032.29	0	0
NR_026707.2	2289	2061.29	0	0
NR_026708.2	2176	1948.29	0	0
NR_026710.1	1789	1561.29	118.491	3.41542
NR_026711.1	2319	2091.29	136.875	2.94544
NR_026712.1	658	431.717	55.9658	5.83399
NR_026713.1	5111	4883.29	0	0
NR_026714.2	5481	5253.29	0	0
NR_026715.1	653	426.803	1.00057	0.105503
NR_026716.2	3513	3285.29	0	0
NR_026717.1	1805	1577.29	119.021	3.39589
NR_026719.2	1681	1453.29	5	0.154831
NR_026722.2	1116	888.293	44.9392	2.27673
NR_026723.2	1163	935.293	106.298	5.11467
NR_026728.2	2100	1872.29	22.7939	0.547881
NR_026730.2	6492	6264.29	0	0
NR_026731.1	3154	2926.29	4.81009	0.0739738
NR_026732.1	815	587.487	0	0
NR_026734.1	2622	2394.29	0	0
NR_026735.2	2338	2110.29	15.5955	0.332583
NR_026737.3	545	321.964	2.37882	0.332504
NR_026738.2	3999	3771.29	0	0
NR_026740.1	401	192.714	103	24.0528
NR_026742.1	2304	2076.29	22	0.476844
NR_026743.1	1408	1180.29	0	0
NR_026744.2	1803	1575.29	4	0.114272
NR_026745.1	3692	3464.29	22.3494	0.290331
NR_026749.2	1526	1298.29	0	0
NR_026751.2	2450	2222.29	18.2003	0.36857
NR_026752.1	1765	1537.29	57.218	1.67501
NR_026755.1	1296	1068.29	0	0
NR_026756.1	2876	2648.29	0	0
NR_026757.2	8844	8616.29	4365.58	22.8015
NR_026758.2	4541	4313.29	0	0
NR_026759.1	1543	1315.29	0	0
NR_026760.1	1203	975.293	0	0
NR_026761.2	797	569.487	80	6.32191
NR_026762.1	1003	775.293	32	1.85749
NR_026763.1	1827	1599.29	7.53788	0.212111
NR_026764.2	1330	1102.29	0	0
NR_026765.2	1413	1185.29	0	0
NR_026767.1	2524	2296.29	4	0.0783926
NR_026768.1	914	686.293	3.00778	0.197233
NR_026769.1	1362	1134.29	1	0.039675
NR_026770.1	780	552.487	9	0.733099
NR_026771.1	4303	4075.29	0	0
NR_026772.1	1879	1651.29	0	0
NR_026773.1	1672	1444.29	1.00043	0.0311726
NR_026774.1	662	435.717	0	0
NR_026775.2	983	755.293	1	0.0595836
NR_026776.1	954	726.293	4	0.247851
NR_026777.2	8726	8498.29	890.166	4.71391
NR_026780.1	2566	2338.29	1.06252	0.0204494
NR_026781.1	2418	2190.29	14.9375	0.306916
NR_026782.3	4353	4125.29	0	0
NR_026783.3	3518	3290.29	0	0
NR_026784.1	1558	1330.29	8	0.270636
NR_026785.1	2030	1802.29	0	0
NR_026786.2	7016	6788.29	182.413	1.20931
NR_026787.2	6905	6677.29	27.6656	0.186458
NR_026788.1	3266	3038.29	11.4973	0.170298
NR_026789.1	775	547.487	3	0.246598
NR_026790.1	5688	5460.29	1290.84	10.639
NR_026791.1	1742	1514.29	35	1.04016
NR_026792.1	1647	1419.29	0	0
NR_026793.1	1117	889.293	0	0
NR_026794.1	6118	5890.29	1	0.00764021
NR_026795.1	3650	3422.29	3	0.0394499
NR_026796.1	2092	1864.29	0	0
NR_026797.1	2030	1802.29	0	0
NR_026800.2	9643	9415.29	0	0
NR_026801.1	1883	1655.29	2.08087	0.0565733
NR_026802.1	1860	1632.29	0	0
NR_026803.2	623	397.299	0	0
NR_026804.1	2368	2140.29	53.0736	1.11596
NR_026805.1	1666	1438.29	0	0
NR_026806.1	1630	1402.29	3	0.0962775
NR_026807.2	9515	9287.29	0.00319513	1.54825e-05
NR_026808.1	3281	3053.29	7.00283	0.103216
NR_026811.3	3114	2886.29	112.568	1.75516
NR_026812.1	1502	1274.29	1.4285	0.0504491
NR_026813.1	1512	1284.29	4	0.140165
NR_026814.1	1222	994.293	0	0
NR_026815.1	1978	1750.29	6.83782	0.175812
NR_026816.2	885	657.427	0	0
NR_026817.1	4241	4013.29	0	0
NR_026818.1	1130	902.293	3.4874	0.173939
NR_026819.1	1130	902.293	0	0
NR_026820.1	1130	902.293	3.4874	0.173939
NR_026821.1	1130	902.293	0	0
NR_026822.1	1130	902.293	0	0
NR_026823.2	1126	898.293	0	0
NR_026824.1	1742	1514.29	1.39106	0.0413407
NR_026825.2	1144	916.293	578.017	28.3889
NR_026826.3	2358	2130.29	0	0
NR_026827.1	2322	2094.29	306	6.57546
NR_026828.1	3350	3122.29	0	0
NR_026829.1	1345	1117.29	6	0.241672
NR_026830.1	3397	3169.29	0	0
NR_026832.1	11868	11640.3	4.00101	0.0154685
NR_026833.1	3463	3235.29	0	0
NR_026834.1	2241	2013.29	0	0
NR_026835.1	3662	3434.29	11	0.144144
NR_026836.1	3175	2947.29	146.694	2.23991
NR_026837.1	3955	3727.29	259.287	3.13061
NR_026838.1	825	597.427	0	0
NR_026839.1	728	500.753	0	0
NR_026840.1	586	361.171	2	0.249207
NR_026841.1	568	343.63	0	0
NR_026842.1	471	253.178	0	0
NR_026844.1	1879	1651.29	0	0
NR_026845.1	828	600.427	30	2.24855
NR_026846.1	2225	1997.29	108.93	2.45442
NR_026847.1	2034	1806.29	3.01281	0.0750629
NR_026849.1	1322	1094.29	45	1.85064
NR_026850.1	2341	2113.29	198	4.21646
NR_026851.1	4878	4650.29	0	0
NR_026852.1	2138	1910.29	0	0
NR_026854.1	1651	1423.29	6	0.189714
NR_026856.1	1591	1363.29	30.8323	1.01779
NR_026857.1	4421	4193.29	218.88	2.34905
NR_026858.1	876	648.427	0.5	0.0347017
NR_026859.1	1162	934.293	0	0
NR_026860.1	1832	1604.29	2.86679	0.0804183
NR_026861.1	1123	895.293	10.9122	0.548517
NR_026863.1	579	354.315	0	0
NR_026864.2	2963	2735.29	7	0.115169
NR_026865.2	3350	3122.29	69	0.99453
NR_026867.1	2420	2192.29	88	1.80645
NR_026868.1	2307	2079.29	15.0038	0.324734
NR_026869.1	1786	1558.29	0	0
NR_026870.1	1831	1603.29	2.01891	0.0566692
NR_026872.2	783	555.487	0	0
NR_026873.1	4426	4198.29	31	0.332301
NR_026874.2	1506	1278.29	175.166	6.16683
NR_026876.1	5360	5132.29	20.3598	0.178527
NR_026877.1	2211	1983.29	1	0.0226911
NR_026878.1	2527	2299.29	24	0.469742
NR_026879.2	1970	1742.29	0	0
NR_026880.1	2006	1778.29	268	6.78225
NR_026881.1	493	273.443	0	0
NR_026882.1	936	708.293	0	0
NR_026883.1	1574	1346.29	0	0
NR_026884.1	1397	1169.29	2.04194	0.078589
NR_026885.1	2034	1806.29	35	0.872011
NR_026886.4	2309	2081.29	20.687	0.447308
NR_026887.2	2252	2024.29	5	0.111158
NR_026889.1	1909	1681.29	0	0
NR_026890.1	1440	1212.29	98.5216	3.65735
NR_026891.1	5944	5716.29	315.912	2.4871
NR_026892.1	6810	6582.29	30.2944	0.207122
NR_026893.3	5526	5298.29	3.04501	0.0258639
NR_026895.2	11029	10801.3	4.30796	0.0179489
NR_026897.1	2353	2125.29	20	0.4235
NR_026899.1	2879	2651.29	121.296	2.05887
NR_026901.3	1762	1534.29	0	0
NR_026903.1	3442	3214.29	79.1068	1.10757
NR_026904.1	3934	3706.29	5.00287	0.0607466
NR_026908.1	2392	2164.29	1.00029	0.0207994
NR_026911.1	566	341.699	26.9831	3.55377
NR_026913.1	709	481.852	1	0.0933962
NR_026914.1	2501	2273.29	6.00596	0.118897
NR_026915.1	1289	1061.29	3	0.127212
NR_026916.1	3438	3210.29	1.00021	0.0140213
NR_026918.1	5504	5276.29	0	0
NR_026919.1	2206	1978.29	3	0.0682453
NR_026920.1	2134	1906.29	2.24532	0.0530066
NR_026921.1	2857	2629.29	40.9665	0.701184
NR_026922.1	3798	3570.29	626.685	7.89929
NR_026923.1	2660	2432.29	1.14635	0.0212101
NR_026925.1	1977	1749.29	1	0.0257264
NR_026926.1	864	636.427	1	0.070712
NR_026928.1	4890	4662.29	4.41431	0.0426094
NR_026929.1	1068	840.293	1	0.0535564
NR_026932.1	2015	1787.29	22.6681	0.57077
NR_026933.2	2121	1893.29	0	0
NR_026934.1	2051	1823.29	29.1723	0.720039
NR_026936.1	1931	1703.29	2	0.0528424
NR_026937.2	1052	824.293	0	0
NR_026938.2	4585	4357.29	37.2363	0.384585
NR_026939.1	3284	3056.29	15.1016	0.222367
NR_026940.1	3184	2956.29	9.70024	0.147665
NR_026941.1	2407	2179.29	27.2628	0.562986
NR_026943.1	7181	6953.29	612	3.96098
NR_026945.2	2242	2014.29	0	0
NR_026946.1	864	636.427	0	0
NR_026947.1	5402	5174.29	141.916	1.23431
NR_026948.1	2353	2125.29	0	0
NR_026949.1	2527	2299.29	1	0.0195726
NR_026950.1	2371	2143.29	101.459	2.13034
NR_026951.1	2115	1887.29	16	0.381525
NR_026952.1	2586	2358.29	63	1.20222
NR_026954.1	2761	2533.29	6	0.106588
NR_026955.1	2564	2336.29	0	0
NR_026956.1	2385	2157.29	18.2588	0.380895
NR_026957.1	1731	1503.29	0	0
NR_026958.1	3610	3382.29	0	0
NR_026961.1	4622	4394.29	6	0.0614475
NR_026962.1	963	735.293	33.9443	2.07754
NR_026963.1	5125	4897.29	21.2133	0.194937
NR_026964.3	5022	4794.29	0	0
NR_026965.1	2312	2084.29	9	0.194324
NR_026966.1	5223	4995.29	101.768	0.91684
NR_026967.1	2078	1850.29	31.0733	0.75577
NR_026968.1	3773	3545.29	6.62677	0.0841186
NR_026969.1	1230	1002.29	0	0
NR_026970.1	2037	1809.29	1	0.0248733
NR_026971.1	2187	1959.29	9.02054	0.207193
NR_026972.1	1914	1686.29	12.1712	0.32482
NR_026973.1	698	470.947	11.2211	1.07227
NR_026974.1	3250	3022.29	12.0127	0.178873
NR_026975.2	2928	2700.29	1.91586	0.0319297
NR_026978.2	1112	884.293	40.2917	2.05051
NR_026979.1	1705	1477.29	0	0
NR_026980.2	1820	1592.29	0	0
NR_026981.1	1520	1292.29	23.8057	0.829015
NR_026982.1	1448	1220.29	476.632	17.5777
NR_026983.1	640	414.014	0	0
NR_026985.1	3429	3201.29	4.85273	0.0682186
NR_026986.1	3229	3001.29	13.0579	0.195798
NR_026987.1	3222	2994.29	0	0
NR_026988.1	3125	2897.29	14.7719	0.229449
NR_026989.1	1419	1191.29	47.3174	1.78749
NR_026991.1	2211	1983.29	103.25	2.34285
NR_026992.1	1492	1264.29	5	0.177977
NR_026994.1	1763	1535.29	0	0
NR_026995.1	4622	4394.29	1	0.0102413
NR_026998.1	1016	788.293	3	0.171268
NR_026999.1	4651	4423.29	140.903	1.43356
NR_027000.1	2874	2646.29	17.5296	0.298111
NR_027001.1	3356	3128.29	205.207	2.95207
NR_027003.1	1635	1407.29	0	0
NR_027004.2	2441	2213.29	0	0
NR_027005.4	1462	1234.29	29.5969	1.07912
NR_027006.2	5153	4925.29	0	0
NR_027007.3	1877	1649.29	251.487	6.86215
NR_027011.1	1758	1530.29	0	0
NR_027012.1	2149	1921.29	0	0
NR_027016.3	1605	1377.29	0	0
NR_027017.4	2222	1994.29	0	0
NR_027018.2	1840	1612.29	0	0
NR_027019.3	1730	1502.29	0	0
NR_027020.3	1489	1261.29	0	0
NR_027021.1	1103	875.293	0	0
NR_027022.1	1290	1062.29	0	0
NR_027024.1	3117	2889.29	0	0
NR_027025.1	812	584.487	0	0
NR_027026.2	4200	3972.29	45.1537	0.511557
NR_027027.2	1622	1394.29	110.594	3.5696
NR_027028.3	670	443.585	39.0467	3.96141
NR_027030.1	3517	3289.29	3.00047	0.0410515
NR_027032.1	1567	1339.29	683.642	22.9718
NR_027033.2	4717	4489.29	107.422	1.07686
NR_027034.1	1651	1423.29	86	2.71923
NR_027035.1	2568	2340.29	25	0.480742
NR_027036.1	1625	1397.29	51.4978	1.65861
NR_027037.1	6658	6430.29	89.0395	0.623152
NR_027038.1	6669	6441.29	328.22	2.29316
NR_027039.1	2018	1790.29	0	0
NR_027040.1	3084	2856.29	11.1562	0.175775
NR_027044.1	2259	2031.29	0	0
NR_027045.1	1840	1612.29	0	0
NR_027046.1	1859	1631.29	0	0
NR_027051.1	2632	2404.29	18.1878	0.340435
NR_027052.1	1301	1073.29	46.0166	1.92947
NR_027053.2	8226	7998.29	7.8978	0.0444377
NR_027054.2	2266	2038.29	1148.09	25.3485
NR_027055.1	1779	1551.29	1.0652	0.0309014
NR_027058.1	2183	1955.29	108.207	2.49049
NR_027060.1	2006	1778.29	11	0.278376
NR_027061.3	872	644.427	0	0
NR_027062.1	575	350.386	11	1.41283
NR_027065.2	866	638.427	1	0.0704905
NR_027066.2	903	675.361	0	0
NR_027069.1	2069	1841.29	0	0
NR_027070.1	531	308.697	0	0
NR_027071.1	496	276.219	0	0
NR_027072.2	1045	817.293	3.91938	0.215815
NR_027073.1	2566	2338.29	0	0
NR_027074.1	2366	2138.29	0	0
NR_027075.1	1484	1256.29	0	0
NR_027076.1	1197	969.293	0	0
NR_027077.1	1368	1140.29	0	0
NR_027078.2	2678	2450.29	2.00094	0.0367501
NR_027079.2	2815	2587.29	0	0
NR_027080.2	1371	1143.29	0	0
NR_027082.1	693	466.041	3	0.289694
NR_027083.2	578	353.315	9.77158	1.24464
NR_027084.1	3798	3570.29	2	0.0252097
NR_027085.1	2741	2513.29	3.34854	0.059959
NR_027086.2	2985	2757.29	51.1909	0.83551
NR_027087.2	1863	1635.29	5	0.137599
NR_027088.1	2074	1846.29	0	0
NR_027089.2	1681	1453.29	0	0
NR_027090.1	1600	1372.29	0	0
NR_027091.1	3159	2931.29	2	0.0307053
NR_027092.1	2452	2224.29	0	0
NR_027093.1	2559	2331.29	0	0
NR_027094.1	2628	2400.29	0	0
NR_027097.2	1405	1177.29	0	0
NR_027102.2	3028	2800.29	0	0
NR_027103.1	1050	822.293	1	0.0547287
NR_027104.1	1848	1620.29	0	0
NR_027105.3	1331	1103.29	0	0
NR_027106.2	2204	1976.29	0	0
NR_027107.2	5306	5078.29	834.96	7.39929
NR_027108.2	1786	1558.29	4	0.115519
NR_027109.2	1448	1220.29	0	0
NR_027110.2	2012	1784.29	0	0
NR_027111.1	2339	2111.29	0	0
NR_027112.2	1845	1617.29	1	0.0278262
NR_027113.2	1729	1501.29	0	0
NR_027114.2	2134	1906.29	0	0
NR_027115.3	2354	2126.29	0	0
NR_027116.2	2247	2019.29	6	0.133719
NR_027117.2	1813	1585.29	0	0
NR_027118.2	2992	2764.29	2.08213	0.0338974
NR_027119.2	1887	1659.29	50.7235	1.37571
NR_027120.1	1043	815.293	0	0
NR_027121.3	11004	10776.3	0	0
NR_027122.1	3153	2925.29	4.52366	0.0695926
NR_027123.1	1512	1284.29	28	0.981152
NR_027124.1	1624	1396.29	0	0
NR_027125.2	5102	4874.29	40.2091	0.37124
NR_027126.2	5071	4843.29	18.2578	0.169649
NR_027127.1	2042	1814.29	0	0
NR_027128.1	1850	1622.29	42.7207	1.18509
NR_027129.1	1139	911.293	17.2793	0.853316
NR_027131.1	2434	2206.29	13	0.265169
NR_027132.1	2684	2456.29	0	0
NR_027133.1	2597	2369.29	2.00294	0.0380444
NR_027134.1	665	438.717	2	0.205158
NR_027135.2	1756	1528.29	0	0
NR_027136.1	6979	6751.29	2.57346	0.0171543
NR_027138.1	1790	1562.29	0	0
NR_027139.2	2924	2696.29	31.2225	0.521126
NR_027140.2	3805	3577.29	96.9242	1.21933
NR_027141.2	2508	2280.29	18.9745	0.374473
NR_027142.1	797	569.487	12.7434	1.00704
NR_027143.3	858	630.427	26.729	1.90805
NR_027145.2	3219	2991.29	78.8174	1.18578
NR_027146.1	1549	1321.29	0	0
NR_027148.1	768	540.541	0	0
NR_027149.2	1042	814.293	0	0
NR_027153.1	1797	1569.29	9.00072	0.258116
NR_027154.1	5010	4782.29	496.758	4.67467
NR_027155.2	5052	4824.29	777.975	7.25728
NR_027156.1	2660	2432.29	0	0
NR_027157.1	3161	2933.29	445.301	6.83189
NR_027158.1	892	664.361	477.445	32.3416
NR_027159.1	1215	987.293	0	0
NR_027160.1	1338	1110.29	43.3996	1.7591
NR_027161.1	1334	1106.29	0	0
NR_027162.1	1391	1163.29	11.9422	0.461993
NR_027163.1	1125	897.293	1509.41	75.7034
NR_027164.1	1072	844.293	386.47	20.5999
NR_027165.1	936	708.293	66.6487	4.23468
NR_027166.1	949	721.293	4786.56	298.644
NR_027167.1	1015	787.293	176.585	10.0939
NR_027168.2	1041	813.293	4.27633e-07	2.36628e-08
NR_027169.1	1068	840.293	302.43	16.197
NR_027170.1	993	765.293	206.296	12.1313
NR_027171.1	901	673.361	0	0
NR_027172.2	604	378.687	0	0
NR_027173.1	898	670.361	4.05324	0.272104
NR_027174.1	825	597.427	7.12783	0.536926
NR_027175.1	635	409.096	5.60446	0.616525
NR_027176.1	1191	963.293	7.96744	0.372222
NR_027177.1	828	600.427	12.3669	0.926924
NR_027178.1	895	667.361	3.94227	0.265845
NR_027179.1	376	172.561	28.8294	7.5186
NR_027181.1	2015	1787.29	0	0
NR_027182.1	1335	1107.29	51.119	2.0776
NR_027183.2	1894	1666.29	112.731	3.04463
NR_027231.1	1532	1304.29	0	0
NR_027232.1	2188	1960.29	104	2.38756
NR_027238.1	613	387.495	134.316	15.5992
NR_027239.2	2673	2445.29	44.6733	0.822166
NR_027240.1	4162	3934.29	5.01094	0.0573185
NR_027241.4	1143	915.293	10.3837	0.510546
NR_027242.1	2948	2720.29	1.00002	0.0165438
NR_027243.1	2141	1913.29	0	0
NR_027244.1	2204	1976.29	7.01582	0.15976
NR_027245.2	945	717.293	0	0
NR_027246.1	583	358.243	0	0
NR_027247.2	3148	2920.29	4.09231	0.0630644
NR_027248.3	3726	3498.29	0	0
NR_027249.1	4516	4288.29	28.5726	0.299852
NR_027250.2	1447	1219.29	0	0
NR_027251.1	1698	1470.29	4	0.122433
NR_027252.1	1776	1548.29	5	0.145331
NR_027253.1	3316	3088.29	6.2297	0.0907802
NR_027254.1	1844	1616.29	4.05239	0.112832
NR_027256.1	1137	909.293	0	0
NR_027257.2	1542	1314.29	2	0.0684826
NR_027258.1	2154	1926.29	14	0.327075
NR_027259.1	709	481.852	5.25844	0.491119
NR_027260.1	299	117.078	1985.06	763.032
NR_027261.2	2101	1873.29	2874.98	69.0671
NR_027262.1	2835	2607.29	14	0.241646
NR_027263.1	1281	1053.29	12	0.512713
NR_027264.2	9396	9168.29	34.5703	0.16969
NR_027265.2	8284	8056.29	14.8063	0.0827092
NR_027266.1	1269	1041.29	11	0.475403
NR_027267.1	673	446.496	6	0.60475
NR_027269.2	793	565.487	0	0
NR_027270.1	1095	867.293	0	0
NR_027271.1	1373	1145.29	75	2.94705
NR_027272.1	2033	1805.29	0	0
NR_027273.2	777	549.487	0	0
NR_027274.1	1371	1143.29	3.10022	0.122033
NR_027275.1	845	617.427	15.9048	1.15927
NR_027276.1	2299	2071.29	3	0.0651811
NR_027277.2	1613	1385.29	3.05485	0.099241
NR_027278.1	1962	1734.29	2.0554	0.0533355
NR_027279.1	1197	969.293	0	0
NR_027280.2	2606	2378.29	74.2652	1.40528
NR_027282.1	2112	1884.29	39	0.931448
NR_027283.1	1660	1432.29	0	0
NR_027284.1	2107	1879.29	0	0
NR_027285.1	942	714.293	34	2.14212
NR_027286.1	688	461.088	0	0
NR_027287.2	3602	3374.29	56.1082	0.748317
NR_027288.1	2046	1818.29	1.0009	0.0247725
NR_027291.1	2044	1816.29	4.05066	0.100365
NR_027292.2	2274	2046.29	56	1.23158
NR_027293.2	2011	1783.29	620.367	15.6555
NR_027294.1	1741	1513.29	1	0.0297385
NR_027295.2	2621	2393.29	27.6772	0.520438
NR_027297.1	1991	1763.29	172.099	4.39233
NR_027300.2	3764	3536.29	0	0
NR_027301.1	2085	1857.29	102.467	2.48283
NR_027302.2	1631	1403.29	12.4637	0.399707
NR_027303.2	2777	2549.29	165.383	2.91954
NR_027307.2	1803	1575.29	28.2942	0.808309
NR_027308.2	1691	1463.29	0	0
NR_027309.2	1931	1703.29	0	0
NR_027310.2	1193	965.293	0	0
NR_027311.1	2290	2062.29	0	0
NR_027312.1	2293	2065.29	1	0.0217902
NR_027313.1	2290	2062.29	0	0
NR_027314.1	2114	1886.29	0	0
NR_027318.2	3444	3216.29	0	0
NR_027320.1	1718	1490.29	2.00058	0.0604125
NR_027321.1	3595	3367.29	1.00012	0.0133664
NR_027328.1	5714	5486.29	29.0026	0.237903
NR_027329.1	5822	5594.29	68.3885	0.550149
NR_027330.1	2569	2341.29	4	0.0768859
NR_027331.1	3019	2791.29	2.00626	0.0323462
NR_027333.2	2433	2205.29	1	0.0204068
NR_027334.2	2620	2392.29	103.935	1.95518
NR_027335.2	1379	1151.29	10.2176	0.399397
NR_027336.2	1391	1163.29	5.69456	0.220299
NR_027337.2	1822	1594.29	0.0888748	0.00250872
NR_027338.1	1214	986.293	0	0
NR_027339.1	2561	2333.29	4.74123	0.0914458
NR_027340.1	2190	1962.29	0	0
NR_027341.1	2000	1772.29	4	0.10157
NR_027342.1	2471	2243.29	11.1571	0.223825
NR_027345.1	1597	1369.29	1	0.0328659
NR_027346.1	459	242.274	0	0
NR_027347.1	1050	822.293	23.7717	1.30099
NR_027349.2	1062	834.293	0	0
NR_027350.2	5153	4925.29	0	0
NR_027353.2	2459	2231.29	0	0
NR_027354.2	1104	876.293	251.715	12.9271
NR_027355.2	643	416.972	122.163	13.1848
NR_027356.2	565	340.768	110.568	14.602
NR_027358.2	1131	903.293	1	0.0498211
NR_027365.3	1674	1446.29	88.6753	2.75923
NR_027368.2	2332	2104.29	37.3968	0.79978
NR_027374.1	1911	1683.29	0.656592	0.0175541
NR_027379.1	2884	2656.29	1.00775	0.0170734
NR_027381.2	2082	1854.29	2.31821e-05	5.62622e-07
NR_027382.2	2364	2136.29	5.01579	0.105663
NR_027383.2	3269	3041.29	467.513	6.91795
NR_027386.2	1551	1323.29	31.401	1.0679
NR_027387.1	1438	1210.29	44	1.63608
NR_027389.1	2141	1913.29	0	0
NR_027391.2	2337	2109.29	14.2807	0.304688
NR_027392.2	1768	1540.29	3.99076	0.116599
NR_027397.2	2544	2316.29	143.456	2.7872
NR_027398.2	1672	1444.29	0	0
NR_027400.3	2238	2010.29	15.8223	0.354204
NR_027401.2	713	485.852	0	0
NR_027402.1	713	485.852	0	0
NR_027404.2	850	622.427	6.97184	0.504082
NR_027406.1	5714	5486.29	3130.87	25.682
NR_027407.1	5339	5111.29	0	0
NR_027408.2	1160	932.293	4.87204	0.23518
NR_027409.2	6868	6640.29	3160.37	21.4187
NR_027410.2	6787	6559.29	835.404	5.73168
NR_027411.2	5282	5054.29	0	0
NR_027412.1	2688	2460.29	43.3892	0.793665
NR_027413.2	3024	2796.29	34.9638	0.562701
NR_027417.2	2383	2155.29	0	0
NR_027418.1	11210	10982.3	1733.22	7.10237
NR_027419.2	1507	1279.29	0	0
NR_027420.1	8205	7977.29	286.192	1.61452
NR_027421.1	703	475.947	0	0
NR_027422.1	703	475.947	15.9314	1.50639
NR_027423.2	4308	4080.29	50.2002	0.553677
NR_027424.1	1434	1206.29	0	0
NR_027425.1	1071	843.293	0	0
NR_027426.2	3108	2880.29	1.76295	0.0275451
NR_027427.1	1158	930.293	0	0
NR_027428.1	4059	3831.29	0	0
NR_027429.1	3972	3744.29	0	0
NR_027430.1	3848	3620.29	32.468	0.403603
NR_027431.3	3809	3581.29	0	0
NR_027432.1	3735	3507.29	10.532	0.135139
NR_027433.1	2129	1901.29	0	0
NR_027434.2	2839	2611.29	10	0.17234
NR_027435.1	2502	2274.29	13.6336	0.269777
NR_027436.2	3662	3434.29	230.961	3.02651
NR_027437.3	1321	1093.29	6.00272e-05	2.47089e-06
NR_027438.3	1318	1090.29	80.6557	3.32915
NR_027440.1	2159	1931.29	28	0.652457
NR_027441.1	2140	1912.29	8.06546	0.189809
NR_027447.1	1872	1644.29	63.3135	1.73284
NR_027449.3	2946	2718.29	67.2266	1.11298
NR_027450.2	3113	2885.29	0	0
NR_027451.1	5378	5150.29	15438.3	134.899
NR_027454.2	1000	772.293	7	0.407904
NR_027455.5	2367	2139.29	29.2734	0.615807
NR_027456.1	3285	3057.29	56.7266	0.835011
NR_027457.2	1752	1524.29	5.00712	0.14783
NR_027459.3	11997	11769.3	0	0
NR_027460.2	3112	2884.29	130.869	2.04193
NR_027464.2	2203	1975.29	1	0.022783
NR_027466.1	2664	2436.29	0	0
NR_027467.3	2296	2068.29	34.795	0.757089
NR_027468.3	2075	1847.29	49.7626	1.2123
NR_027470.1	876	648.427	0.5	0.0347017
NR_027471.1	2018	1790.29	3.6587	0.0919698
NR_027472.2	1482	1254.29	0	0
NR_027473.2	6934	6706.29	35.993	0.241534
NR_027480.2	2253	2025.29	0	0
NR_027481.1	2621	2393.29	66.0857	1.24266
NR_027484.2	1352	1124.29	1	0.0400279
NR_027486.2	2066	1838.29	0	0
NR_027487.2	2891	2663.29	124.12	2.09733
NR_027489.2	3098	2870.29	29.0157	0.454934
NR_027490.2	3088	2860.29	0	0
NR_027498.1	2341	2113.29	0	0
NR_027499.1	3109	2881.29	3.62382	0.0566006
NR_027500.1	1619	1391.29	0	0
NR_027501.1	3105	2877.29	24.341	0.380712
NR_027503.1	701	473.947	0	0
NR_027504.1	2642	2414.29	23.8296	0.444191
NR_027508.1	2520	2292.29	2.02632	0.0397815
NR_027512.1	5923	5695.29	220.124	1.73938
NR_027513.3	3338	3110.29	2.85627e-06	4.13276e-08
NR_027514.3	3418	3190.29	11.1222	0.156892
NR_027620.4	2177	1949.29	5.65568	0.130572
NR_027621.2	2583	2355.29	0	0
NR_027622.1	6057	5829.29	0	0
NR_027626.1	1795	1567.29	45.5835	1.30888
NR_027632.1	3290	3062.29	0	0
NR_027634.1	3294	3066.29	0	0
NR_027635.2	2591	2363.29	107.624	2.04943
NR_027638.2	3970	3742.29	87.271	1.04948
NR_027639.2	3925	3697.29	25.545	0.310932
NR_027642.1	2445	2217.29	6.00168	0.121813
NR_027645.1	668	441.629	1.26502	0.128909
NR_027646.1	562	337.904	2.79252	0.371916
NR_027647.2	2733	2505.29	0	0
NR_027649.2	1106	878.293	14.3181	0.73365
NR_027650.2	989	761.293	1.55638	0.092004
NR_027653.2	4436	4208.29	58.5087	0.625687
NR_027654.2	3960	3732.29	105.675	1.27421
NR_027655.3	2776	2548.29	70.4763	1.24462
NR_027662.2	3025	2797.29	14.9699	0.240836
NR_027667.1	1259	1031.29	129.934	5.67001
NR_027668.2	3920	3692.29	0.00255854	3.11844e-05
NR_027669.2	3690	3462.29	55.3065	0.718877
NR_027671.3	10942	10714.3	2205.82	9.26507
NR_027672.2	3998	3770.29	0	0
NR_027673.1	5073	4845.29	300.323	2.7894
NR_027674.2	4933	4705.29	0	0
NR_027679.2	1997	1769.29	43.8836	1.11621
NR_027682.2	931	703.293	0	0
NR_027683.2	883	655.427	51.0149	3.5028
NR_027684.2	742	514.753	20.23	1.76864
NR_027685.2	819	591.487	14.3726	1.09354
NR_027688.2	1833	1605.29	1.08326	0.0303682
NR_027689.2	3014	2786.29	0	0
NR_027690.2	3146	2918.29	0	0
NR_027691.2	3018	2790.29	0	0
NR_027692.2	2252	2024.29	63.0504	1.40171
NR_027694.2	1599	1371.29	7.00682	0.22995
NR_027695.1	860	632.427	0	0
NR_027696.1	2547	2319.29	27	0.523902
NR_027697.1	2496	2268.29	0	0
NR_027700.3	2093	1865.29	3117.25	75.2085
NR_027701.1	6322	6094.29	274.951	2.03037
NR_027702.2	1694	1466.29	351.832	10.7983
NR_027703.2	1560	1332.29	0	0
NR_027706.1	1406	1178.29	1	0.0381934
NR_027708.1	1240	1012.29	0	0
NR_027709.1	1324	1096.29	2.88498	0.118429
NR_027711.1	521	299.283	0	0
NR_027712.1	4243	4015.29	0	0
NR_027713.1	1828	1600.29	6.35798	0.178798
NR_027714.1	1338	1110.29	0	0
NR_027715.1	1839	1611.29	8.00162	0.223484
NR_027716.3	3284	3056.29	147.063	2.16546
NR_027749.3	2807	2579.29	7.26048e-05	1.2668e-06
NR_027751.2	3702	3474.29	0	0
NR_027752.2	7380	7152.29	18.1171	0.113995
NR_027753.2	1750	1522.29	0	0
NR_027754.2	3016	2788.29	0	0
NR_027755.2	1754	1526.29	3	0.0884556
NR_027756.1	1114	886.293	0	0
NR_027760.3	1703	1475.29	0	0
NR_027761.1	1980	1752.29	0	0
NR_027762.3	1710	1482.29	31.9992	0.97151
NR_027763.2	3387	3159.29	305.491	4.35162
NR_027764.1	1146	918.293	0	0
NR_027765.2	6125	5897.29	0	0
NR_027766.1	2363	2135.29	59	1.24347
NR_027767.2	770	542.487	0.390092	0.0323608
NR_027768.1	4361	4133.29	43.9799	0.478851
NR_027774.2	4992	4764.29	33.1556	0.313184
NR_027775.2	1330	1102.29	7.70881	0.314726
NR_027776.2	1227	999.293	82.4273	3.7121
NR_027777.2	1103	875.293	37.0813	1.90653
NR_027779.2	1840	1612.29	8.6529	0.241524
NR_027780.2	4210	3982.29	801.373	9.05615
NR_027781.1	376	172.561	4	1.04318
NR_027782.2	4855	4627.29	126.732	1.23254
NR_027783.3	1159	931.293	510.429	24.6656
NR_027786.1	1357	1129.29	0	0
NR_027788.1	3583	3355.29	314.615	4.2198
NR_027789.1	2143	1915.29	84.0475	1.97484
NR_027790.3	4478	4250.29	6.46715e-07	6.84757e-09
NR_027791.3	4281	4053.29	4.77258	0.0529892
NR_027793.1	3018	2790.29	3.00177	0.0484139
NR_027795.1	2483	2255.29	219.457	4.37914
NR_027822.1	4622	4394.29	106.771	1.09347
NR_027830.2	2805	2577.29	38.989	0.680801
NR_027840.2	7117	6889.29	122.632	0.801072
NR_027855.2	1756	1528.29	264.103	7.77695
NR_027856.2	3247	3019.29	1416.65	21.1154
NR_027862.2	1558	1330.29	111.445	3.77011
NR_027873.2	3909	3681.29	269.815	3.29843
NR_027878.2	4006	3778.29	225.532	2.6863
NR_027882.2	893	665.361	14.7077	0.994785
NR_027889.2	7807	7579.29	538.708	3.19865
NR_027898.1	9161	8933.29	7.00187	0.0352732
NR_027902.2	1517	1289.29	0	0
NR_027906.1	2311	2083.29	7	0.151213
NR_027908.2	2109	1881.29	1	0.0239214
NR_027910.3	1414	1186.29	4.99256	0.189397
NR_027916.3	2685	2457.29	0	0
NR_027917.1	657	430.76	0	0
NR_027918.3	2435	2207.29	7.14081	0.145589
NR_027921.3	1464	1236.29	0	0
NR_027922.3	1416	1188.29	0	0
NR_027927.1	2249	2021.29	0	0
NR_027928.2	4293	4065.29	36.0085	0.398617
NR_027932.1	2831	2603.29	0	0
NR_027933.1	2274	2046.29	0	0
NR_027941.3	1075	847.293	4.41473	0.234484
NR_027942.3	1061	833.293	0	0
NR_027946.3	9334	9106.29	0	0
NR_027948.3	9466	9238.29	0	0
NR_027949.3	8485	8257.29	0	0
NR_027954.1	2556	2328.29	10.3514	0.200081
NR_027962.2	3550	3322.29	0	0
NR_027982.1	2456	2228.29	82.9766	1.67581
NR_027991.2	1727	1499.29	0	0
NR_027992.1	548	324.67	0	0
NR_027994.1	1360	1132.29	1	0.0397451
NR_027996.2	814	586.487	0	0
NR_027997.2	994	766.293	0	0
NR_027998.2	895	667.361	0	0
NR_027999.1	797	569.487	0	0
NR_028000.1	896	668.361	0	0
NR_028024.3	6074	5846.29	305.885	2.35461
NR_028025.3	5861	5633.29	281.197	2.24642
NR_028026.3	4183	3955.29	64.3563	0.732242
NR_028027.3	4070	3842.29	103.564	1.213
NR_028028.2	7150	6922.29	345.081	2.24344
NR_028032.1	670	443.585	3.29329	0.334115
NR_028033.4	3524	3296.29	0	0
NR_028034.4	3386	3158.29	11.9531	0.170322
NR_028035.4	3449	3221.29	17.6751	0.24693
NR_028036.4	3587	3359.29	0	0
NR_028038.2	4032	3804.29	133.758	1.5823
NR_028039.1	3562	3334.29	56.047	0.756468
NR_028040.1	2874	2646.29	32.3944	0.550902
NR_028041.1	3643	3415.29	0	0
NR_028043.2	2107	1879.29	0	0
NR_028045.1	2208	1980.29	138	3.13611
NR_028049.2	4463	4235.29	0	0
NR_028050.2	2655	2427.29	201.298	3.73216
NR_028051.2	2470	2242.29	100.732	2.02171
NR_028052.1	1777	1549.29	3655.05	106.17
NR_028057.2	2056	1828.29	120.017	2.95419
NR_028058.1	2332	2104.29	22.2551	0.475954
NR_028059.1	1518	1290.29	170.213	5.93673
NR_028062.1	7240	7012.29	1.03784	0.00666058
NR_028064.1	2579	2351.29	0	0
NR_028067.1	937	709.293	0	0
NR_028074.2	2870	2642.29	51.0524	0.869516
NR_028075.3	3358	3130.29	0	0
NR_028077.2	4323	4095.29	0	0
NR_028080.1	4427	4199.29	0	0
NR_028082.1	3425	3197.29	0	0
NR_028083.1	2043	1815.29	0	0
NR_028084.1	2043	1815.29	0	0
NR_028085.2	2336	2108.29	18.1178	0.386739
NR_028089.1	2062	1834.29	0	0
NR_028090.1	2275	2047.29	91	2.00034
NR_028092.1	2041	1813.29	0	0
NR_028093.1	1968	1740.29	18.2502	0.47194
NR_028099.2	4216	3988.29	130.904	1.47709
NR_028100.1	3838	3610.29	21.7386	0.270977
NR_028102.1	2345	2117.29	0.00189424	4.02621e-05
NR_028103.2	4199	3971.29	1822.16	20.6489
NR_028104.2	4125	3897.29	677.312	7.8211
NR_028105.2	1731	1503.29	97.6859	2.92436
NR_028106.2	1539	1311.29	9.1686	0.314663
NR_028119.1	565	340.768	2.9674	0.391886
NR_028130.2	4163	3935.29	186.728	2.13538
NR_028131.2	4052	3824.29	110.121	1.29587
NR_028134.1	2974	2746.29	0	0
NR_028135.2	2173	1945.29	5.71243	0.132153
NR_028136.3	2414	2186.29	6	0.123505
NR_028137.1	3888	3660.29	11	0.135244
NR_028138.1	2998	2770.29	76.1098	1.2364
NR_028139.1	3176	2948.29	4.10989	0.0627338
NR_028140.1	1584	1356.29	0	0
NR_028270.1	1055	827.293	0	0
NR_028272.1	3756	3528.29	25969.4	331.238
NR_028287.1	1889	1661.29	0	0
NR_028288.2	2388	2160.29	0	0
NR_028292.2	2014	1786.29	0	0
NR_028293.2	1987	1759.29	0	0
NR_028294.2	2083	1855.29	0	0
NR_028295.1	1764	1536.29	0	0
NR_028301.1	3278	3050.29	231	3.4081
NR_028302.1	1149	921.293	0	0
NR_028303.1	615	389.417	2	0.231131
NR_028308.1	1667	1439.29	7	0.218872
NR_028322.1	4370	4142.29	0	0
NR_028323.2	3298	3070.29	84.896	1.24437
NR_028324.1	4874	4646.29	0.0748027	0.000724525
NR_028325.1	4370	4142.29	163.334	1.77451
NR_028326.2	4400	4172.29	0	0
NR_028330.1	2084	1856.29	133.134	3.22765
NR_028334.1	1950	1722.29	6.00351	0.15687
NR_028335.1	576	351.35	1	0.128086
NR_028336.1	609	383.573	0	0
NR_028337.1	4704	4476.29	4.26747	0.0429037
NR_028339.1	3352	3124.29	1.10609	0.0159324
NR_028340.1	734	506.753	4.89391	0.434613
NR_028342.1	1039	811.293	0	0
NR_028344.1	1398	1170.29	2.77658	0.106772
NR_028345.2	749	521.701	0	0
NR_028346.1	1744	1516.29	0	0
NR_028347.1	1647	1419.29	1	0.0317081
NR_028348.1	655	428.76	0	0
NR_028349.1	652	425.803	0	0
NR_028350.1	1381	1153.29	5.00153	0.195167
NR_028351.1	2419	2191.29	0	0
NR_028356.2	3038	2810.29	68.2622	1.09313
NR_028357.1	375	171.827	0	0
NR_028358.1	319	130.608	0	0
NR_028361.1	999	771.293	0	0
NR_028366.1	1286	1058.29	0	0
NR_028370.1	384	178.976	278.082	69.9229
NR_028371.1	1554	1326.29	12.8019	0.434386
NR_028374.1	136	27.1284	2	3.31779
NR_028375.2	486	266.912	0	0
NR_028379.1	2356	2128.29	51.6795	1.09277
NR_028383.2	1084	856.293	154.467	8.11811
NR_028386.1	1068	840.293	10.5289	0.563891
NR_028388.2	5084	4856.29	0	0
NR_028389.1	2517	2289.29	4.06612	0.0799322
NR_028390.1	2135	1907.29	0	0
NR_028393.1	7682	7454.29	21.9879	0.132745
NR_028394.1	3557	3329.29	0	0
NR_028395.1	3454	3226.29	0	0
NR_028396.1	3429	3201.29	0	0
NR_028397.1	3294	3066.29	26.2167	0.384775
NR_028398.1	3048	2820.29	0	0
NR_028399.1	2610	2382.29	6.38321	0.120583
NR_028400.1	2569	2341.29	0	0
NR_028402.4	2800	2572.29	0	0
NR_028406.2	1619	1391.29	357.195	11.5539
NR_028407.3	7937	7709.29	49.358	0.288128
NR_028408.1	2202	1974.29	246	5.60745
NR_028409.1	786	558.487	0	0
NR_028410.1	755	527.701	0	0
NR_028411.1	719	491.852	0	0
NR_028412.1	939	711.293	0	0
NR_028413.1	754	526.701	0	0
NR_028414.1	631	405.178	1.00431	0.111549
NR_028415.1	2244	2016.29	3	0.0669591
NR_028435.2	1983	1755.29	0	0
NR_028436.3	2970	2742.29	66.5324	1.09185
NR_028439.1	4368	4140.29	0	0
NR_028443.1	3115	2887.29	46.8218	0.729793
NR_028444.2	1688	1460.29	108.804	3.35311
NR_028453.2	6798	6570.29	45.6538	0.312705
NR_028454.2	6633	6405.29	62.2572	0.437414
NR_028455.2	6852	6624.29	0	0
NR_028456.2	6687	6459.29	0	0
NR_028457.2	6943	6715.29	0	0
NR_028458.2	6787	6559.29	0	0
NR_028459.2	6938	6710.29	0	0
NR_028460.2	6313	6085.29	0	0
NR_028461.2	6796	6568.29	0	0
NR_028462.2	6775	6547.29	26.2838	0.180663
NR_028463.2	6487	6259.29	0	0
NR_028464.2	6785	6557.29	0	0
NR_028465.2	6807	6579.29	6.255	0.0427849
NR_028466.2	6433	6205.29	0	0
NR_028467.2	6799	6571.29	0	0
NR_028468.2	6631	6403.29	0	0
NR_028469.2	6645	6417.29	0	0
NR_028470.2	6103	5875.29	0	0
NR_028471.1	1060	832.293	0	0
NR_028473.2	1358	1130.29	18.7916	0.748196
NR_028474.1	769	541.541	1	0.0831019
NR_028475.1	2239	2011.29	0	0
NR_028476.2	1840	1612.29	73.9897	2.06524
NR_028477.2	2047	1819.29	17.2892	0.427676
NR_028482.2	5747	5519.29	449.31	3.66358
NR_028483.2	2052	1824.29	2.03618	0.0502302
NR_028484.3	2831	2603.29	6.07527	0.105023
NR_028491.3	1469	1241.29	297.382	10.7816
NR_028492.1	2141	1913.29	16.7355	0.393641
NR_028493.2	5502	5274.29	199.061	1.6985
NR_028494.2	5485	5257.29	0	0
NR_028495.2	5353	5125.29	167.074	1.46701
NR_028496.1	1195	967.293	1	0.0465248
NR_028500.2	2123	1895.29	1737.34	41.2525
NR_028501.1	1309	1081.29	0	0
NR_028502.2	2592	2364.29	1909.18	36.3402
NR_028503.2	1785	1557.29	23.2506	0.671901
NR_028504.2	1372	1144.29	197.569	7.77006
NR_028505.2	1289	1061.29	0	0
NR_028506.2	966	738.293	0	0
NR_028508.1	2108	1880.29	0	0
NR_028509.1	5914	5686.29	1	0.00791431
NR_028510.1	864	636.427	0	0
NR_028511.1	1078	850.293	0	0
NR_028514.1	570	345.561	83.3859	10.8595
NR_028588.2	1429	1201.29	13.0534	0.489009
NR_028594.1	2015	1787.29	13.6749	0.344328
NR_028597.1	2155	1927.29	0	0
NR_029193.1	2810	2582.29	69.6788	1.21433
NR_029373.1	1695	1467.29	0	0
NR_029374.1	1065	837.293	0	0
NR_029375.2	1433	1205.29	13.9688	0.521565
NR_029376.1	3699	3471.29	9.06926	0.117577
NR_029377.2	5547	5319.29	0	0
NR_029378.1	1431	1203.29	34.5194	1.29102
NR_029379.1	1332	1104.29	9.24842	0.376899
NR_029380.1	1332	1104.29	0	0
NR_029383.1	2211	1983.29	61.0969	1.38635
NR_029385.2	2928	2700.29	3.45503	0.0575815
NR_029386.1	291	111.803	0	0
NR_029388.2	1448	1220.29	49.2546	1.81646
NR_029389.1	611	385.534	0.995212	0.11617
NR_029390.2	2344	2116.29	11.0048	0.234017
NR_029392.1	1575	1347.29	0	0
NR_029393.1	2051	1823.29	0	0
NR_029395.1	676	449.451	2	0.200258
NR_029396.2	2141	1913.29	5.09264	0.119785
NR_029401.1	3834	3606.29	15.4354	0.192619
NR_029402.2	1794	1566.29	33.0024	0.948231
NR_029403.2	1698	1470.29	0	0
NR_029404.1	1828	1600.29	0	0
NR_029405.1	3799	3571.29	1.35403	0.0170626
NR_029406.1	2256	2028.29	10.2275	0.226924
NR_029407.1	1712	1484.29	115.68	3.50737
NR_029408.1	1179	951.293	201.668	9.54034
NR_029409.1	1024	796.293	14	0.79122
NR_029410.1	1764	1536.29	5	0.146466
NR_029411.1	2712	2484.29	152.73	2.76672
NR_029413.2	2024	1796.29	3.98076	0.0997312
NR_029415.1	2097	1869.29	18.5233	0.445946
NR_029416.2	2079	1851.29	41.7396	1.01465
NR_029417.2	2077	1849.29	98.496	2.39693
NR_029420.1	1667	1439.29	6	0.187605
NR_029422.2	150	33.1792	0	0
NR_029423.1	2539	2311.29	2.01164	0.0391686
NR_029426.1	1943	1715.29	173.538	4.55302
NR_029427.3	5766	5538.29	132.447	1.07624
NR_029429.1	608	382.573	0	0
NR_029431.2	1717	1489.29	14.8992	0.450221
NR_029434.1	2498	2270.29	401.322	7.95524
NR_029435.1	2457	2229.29	538.67	10.8742
NR_029451.2	1710	1482.29	3	0.0910813
NR_029461.2	550	326.571	0	0
NR_029462.2	505	284.56	0	0
NR_029466.2	1075	847.293	47.2088	2.50744
NR_029467.2	2205	1977.29	2	0.0455199
NR_029472.2	763	535.541	0	0
NR_029476.1	80	15.4932	0	0
NR_029477.1	72	16.5875	1	2.71307
NR_029478.1	74	16.0532	0	0
NR_029479.1	83	15.7086	0	0
NR_029480.1	84	15.6223	0	0
NR_029481.1	87	15.7489	5	14.2877
NR_029482.1	79	15.3333	0	0
NR_029483.1	87	15.7489	0	0
NR_029484.1	83	15.7086	0	0
NR_029485.1	83	15.7086	0	0
NR_029486.1	89	15.2268	0	0
NR_029487.1	84	15.6223	0	0
NR_029488.1	71	17.0822	0	0
NR_029489.1	82	16.1887	0	0
NR_029490.1	87	15.7489	0	0
NR_029491.1	96	14.811	0	0
NR_029492.1	71	17.0822	0	0
NR_029493.1	72	16.5875	0	0
NR_029494.1	85	15.5396	0	0
NR_029495.1	73	16.0795	0	0
NR_029496.1	68	17.931	0	0
NR_029497.1	73	16.0795	0	0
NR_029498.1	84	15.6223	9	25.9262
NR_029499.1	77	15.2645	0	0
NR_029500.1	77	15.2645	0	0
NR_029501.1	78	15.0992	0	0
NR_029502.1	86	16.0191	0	0
NR_029503.1	64	17.5957	8	20.4609
NR_029504.1	71	17.0822	0	0
NR_029505.1	71	17.0822	0	0
NR_029506.1	70	16.7714	0	0
NR_029507.1	69	17.25	0	0
NR_029508.1	78	15.0992	0	0
NR_029509.1	75	15.9406	0	0
NR_029510.1	80	15.4932	0	0
NR_029511.1	81	15.7843	0	0
NR_029512.1	78	15.0992	0	0
NR_029513.1	119	20.6954	0	0
NR_029514.1	81	15.7843	0	0
NR_029515.1	80	15.4932	1	2.90471
NR_029516.1	75	15.9406	0	0
NR_029517.1	81	15.7843	0	0
NR_029518.1	81	15.7843	0	0
NR_029519.1	78	15.0992	2	5.96098
NR_029520.1	78	15.0992	0	0
NR_029521.1	81	15.7843	0	0
NR_029522.1	81	15.7843	0	0
NR_029523.1	81	15.7843	0	0
NR_029524.1	81	15.7843	0	0
NR_029525.1	81	15.7843	0	0
NR_029578.1	110	17.8467	0	0
NR_029582.1	70	16.7714	1	2.68332
NR_029583.1	75	15.9406	0	0
NR_029584.1	62	19.3947	0	0
NR_029586.1	71	17.0822	1	2.6345
NR_029595.1	71	17.0822	0	0
NR_029596.1	72	16.5875	0	0
NR_029597.1	68	17.931	0	0
NR_029598.1	72	16.5875	0	0
NR_029599.1	70	16.7714	0	0
NR_029603.1	68	17.931	0	0
NR_029604.1	72	16.5875	0	0
NR_029605.1	110	17.8467	12	30.2599
NR_029606.1	110	17.8467	0	0
NR_029607.1	110	17.8467	0	0
NR_029608.1	110	17.8467	0	0
NR_029609.1	110	17.8467	0	0
NR_029610.1	110	17.8467	0	0
NR_029611.1	110	17.8467	0	0
NR_029612.1	110	17.8467	1	2.52165
NR_029613.1	110	17.8467	0	0
NR_029614.1	110	17.8467	0	0
NR_029615.1	110	17.8467	0	0
NR_029616.1	109	17.8694	0	0
NR_029617.1	110	17.8467	0	0
NR_029618.1	110	17.8467	0	0
NR_029619.1	110	17.8467	4	10.0866
NR_029620.1	110	17.8467	0	0
NR_029621.1	110	17.8467	0	0
NR_029622.1	110	17.8467	0	0
NR_029623.1	110	17.8467	18	45.3898
NR_029624.1	110	17.8467	0	0
NR_029625.1	110	17.8467	0	0
NR_029626.1	110	17.8467	0	0
NR_029627.1	110	17.8467	0	0
NR_029628.1	110	17.8467	0	0
NR_029629.1	110	17.8467	0	0
NR_029630.1	110	17.8467	0	0
NR_029631.1	110	17.8467	0	0
NR_029632.1	110	17.8467	0	0
NR_029633.1	110	17.8467	3	7.56496
NR_029635.1	110	17.8467	0	0
NR_029636.1	110	17.8467	0	0
NR_029637.1	110	17.8467	0	0
NR_029638.1	81	15.7843	2	5.70225
NR_029639.1	95	14.7859	0	0
NR_029660.1	84	15.6223	0	0
NR_029661.1	84	15.6223	7	20.1648
NR_029662.1	85	15.5396	0	0
NR_029663.1	98	15.0506	0	0
NR_029664.1	97	14.9524	3	9.02928
NR_029665.1	97	14.9524	1	3.00976
NR_029666.1	88	15.1865	0	0
NR_029667.1	85	15.5396	0	0
NR_029668.1	85	15.5396	0	0
NR_029669.1	109	17.8694	0	0
NR_029670.1	87	15.7489	0	0
NR_029671.1	88	15.1865	0	0
NR_029672.1	82	16.1887	0	0
NR_029673.1	89	15.2268	1	2.95553
NR_029674.1	101	15.5262	0	0
NR_029675.1	88	15.1865	0	0
NR_029676.1	102	15.661	0	0
NR_029677.1	90	14.5182	0	0
NR_029678.1	100	15.2776	0	0
NR_029679.1	102	15.661	0	0
NR_029680.1	84	15.6223	0	0
NR_029681.1	100	15.2776	0	0
NR_029682.1	95	14.7859	0	0
NR_029683.1	87	15.7489	0	0
NR_029684.1	106	16.543	0	0
NR_029685.1	86	16.0191	0	0
NR_029686.1	88	15.1865	4	11.8534
NR_029687.1	87	15.7489	2	5.71508
NR_029688.1	90	14.5182	1	3.09978
NR_029689.1	87	15.7489	0	0
NR_029690.1	92	14.5444	0	0
NR_029691.1	89	15.2268	0	0
NR_029692.1	90	14.5182	0	0
NR_029693.1	86	16.0191	0	0
NR_029694.1	89	15.2268	0	0
NR_029695.1	85	15.5396	0	0
NR_029696.1	97	14.9524	0	0
NR_029697.1	90	14.5182	0	0
NR_029698.1	73	16.0795	0	0
NR_029699.1	82	16.1887	0	0
NR_029700.1	99	15.1945	0	0
NR_029701.1	99	15.1945	0	0
NR_029702.1	89	15.2268	0	0
NR_029703.1	84	15.6223	0	0
NR_029704.1	84	15.6223	1	2.88069
NR_029705.1	84	15.6223	0	0
NR_029706.1	82	16.1887	1	2.77991
NR_029707.1	86	16.0191	13	36.5213
NR_029708.1	86	16.0191	0	0
NR_029709.1	85	15.5396	0	0
NR_029710.1	88	15.1865	3	8.89008
NR_029711.1	85	15.5396	0	0
NR_029712.1	87	15.7489	0	0
NR_029713.1	86	16.0191	0	0
NR_029714.2	72	16.5875	0	0
NR_029779.1	68	17.931	0	0
NR_029780.1	71	17.0822	0	0
NR_029782.1	89	15.2268	0	0
NR_029824.1	84	15.6223	0	0
NR_029829.1	85	15.5396	0	0
NR_029831.1	82	16.1887	2	5.55982
NR_029832.1	88	15.1865	0	0
NR_029833.1	89	15.2268	0	0
NR_029834.1	90	14.5182	0	0
NR_029835.1	69	17.25	2	5.21775
NR_029836.1	79	15.3333	0	0
NR_029837.1	97	14.9524	0	0
NR_029839.1	84	15.6223	0	0
NR_029840.1	77	15.2645	0	0
NR_029841.1	63	18.1395	0	0
NR_029842.1	86	16.0191	0	0
NR_029843.1	70	16.7714	0	0
NR_029844.1	80	15.4932	0	0
NR_029845.1	82	16.1887	0	0
NR_029846.1	92	14.5444	0	0
NR_029847.1	84	15.6223	0	0
NR_029848.1	72	16.5875	0	0
NR_029850.1	65	17.8776	0	0
NR_029852.1	75	15.9406	0	0
NR_029854.1	87	15.7489	0	0
NR_029856.1	111	18.1077	0	0
NR_029857.1	73	16.0795	0	0
NR_029858.1	68	17.931	0	0
NR_029859.1	68	17.931	0	0
NR_029860.1	68	17.931	0	0
NR_029861.1	66	18.52	0	0
NR_029862.1	70	16.7714	1	2.68332
NR_029863.1	75	15.9406	3	8.46953
NR_029864.1	67	17.5357	0	0
NR_029865.1	67	17.5357	0	0
NR_029866.1	69	17.25	0	0
NR_029867.1	64	17.5957	0	0
NR_029868.1	68	17.931	0	0
NR_029869.1	69	17.25	0	0
NR_029870.1	66	18.52	0	0
NR_029871.1	67	17.5357	0	0
NR_029872.1	61	19.9714	0	0
NR_029873.1	75	15.9406	0	0
NR_029874.1	76	14.8793	0	0
NR_029875.1	73	16.0795	0	0
NR_029885.1	95	14.7859	0	0
NR_029886.1	94	14.4667	1	3.11081
NR_029887.1	75	15.9406	0	0
NR_029888.1	99	15.1945	0	0
NR_029889.1	93	14.4286	0	0
NR_029890.1	86	16.0191	0	0
NR_029891.1	95	14.7859	0	0
NR_029892.1	90	14.5182	0	0
NR_029893.1	97	14.9524	0	0
NR_029894.1	99	15.1945	0	0
NR_029895.1	94	14.4667	0	0
NR_029896.1	83	15.7086	20	57.2975
NR_029897.1	67	17.5357	0	0
NR_029898.1	94	14.4667	0	0
NR_029899.1	94	14.4667	0	0
NR_029903.1	119	20.6954	0	0
NR_029905.1	98	15.0506	0	0
NR_029906.1	98	15.0506	0	0
NR_029907.1	95	14.7859	0	0
NR_029909.1	88	15.1865	0	0
NR_029911.1	84	15.6223	0	0
NR_029944.1	90	14.5182	0	0
NR_029945.1	94	14.4667	0	0
NR_029946.1	98	15.0506	0	0
NR_029948.1	87	15.7489	0	0
NR_029949.1	71	17.0822	0	0
NR_029950.1	69	17.25	0	0
NR_029955.1	111	18.1077	0	0
NR_029957.1	83	15.7086	0	0
NR_029960.1	91	14.4116	0	0
NR_029962.1	91	14.4116	0	0
NR_029965.1	114	19.0666	0	0
NR_029966.1	93	14.4286	0	0
NR_029967.1	80	15.4932	0	0
NR_029968.1	84	15.6223	0	0
NR_029970.1	72	16.5875	0	0
NR_029973.1	85	15.5396	0	0
NR_029975.1	79	15.3333	1	2.93498
NR_030155.1	91	14.4116	0	0
NR_030156.1	80	15.4932	3	8.71413
NR_030157.1	100	15.2776	0	0
NR_030158.1	76	14.8793	0	0
NR_030159.1	79	15.3333	0	0
NR_030160.1	73	16.0795	0	0
NR_030161.1	68	17.931	0	0
NR_030162.1	80	15.4932	1	2.90471
NR_030163.1	83	15.7086	0	0
NR_030164.1	84	15.6223	0	0
NR_030165.1	128	23.852	0	0
NR_030166.1	84	15.6223	0	0
NR_030167.1	87	15.7489	0	0
NR_030169.1	73	16.0795	0	0
NR_030170.1	110	17.8467	0	0
NR_030171.1	116	19.6979	0	0
NR_030172.1	89	15.2268	0	0
NR_030173.1	94	14.4667	0	0
NR_030174.1	81	15.7843	0	0
NR_030175.1	82	16.1887	0	0
NR_030176.1	102	15.661	0	0
NR_030177.1	83	15.7086	0	0
NR_030178.1	112	18.5095	0	0
NR_030179.1	137	27.4645	0	0
NR_030180.1	84	15.6223	0	0
NR_030181.1	98	15.0506	0	0
NR_030182.1	124	22.454	0	0
NR_030183.1	87	15.7489	0	0
NR_030184.1	83	15.7086	0	0
NR_030185.1	84	15.6223	0	0
NR_030186.1	87	15.7489	0	0
NR_030187.1	83	15.7086	0	0
NR_030188.1	87	15.7489	0	0
NR_030189.1	85	15.5396	0	0
NR_030190.1	83	15.7086	0	0
NR_030191.1	81	15.7843	0	0
NR_030192.1	85	15.5396	0	0
NR_030193.1	87	15.7489	0	0
NR_030194.1	87	15.7489	0	0
NR_030195.1	61	19.9714	0	0
NR_030196.1	83	15.7086	0	0
NR_030197.1	85	15.5396	0	0
NR_030198.1	87	15.7489	0	0
NR_030199.1	101	15.5262	0	0
NR_030200.1	87	15.7489	0	0
NR_030201.1	87	15.7489	0	0
NR_030202.1	88	15.1865	0	0
NR_030203.1	87	15.7489	0	0
NR_030204.1	87	15.7489	0	0
NR_030205.1	67	17.5357	0	0
NR_030206.1	90	14.5182	0	0
NR_030207.1	85	15.5396	0	0
NR_030208.1	65	17.8776	0	0
NR_030209.1	88	15.1865	0	0
NR_030210.1	85	15.5396	0	0
NR_030211.1	87	15.7489	0	0
NR_030212.1	90	14.5182	0	0
NR_030213.1	87	15.7489	0	0
NR_030214.1	95	14.7859	0	0
NR_030215.1	88	15.1865	0	0
NR_030216.1	87	15.7489	0	0
NR_030217.1	87	15.7489	0	0
NR_030218.1	85	15.5396	0	0
NR_030219.1	85	15.5396	0	0
NR_030220.1	90	14.5182	0	0
NR_030221.1	90	14.5182	0	0
NR_030222.1	87	15.7489	0	0
NR_030223.1	122	21.8712	0	0
NR_030224.1	84	15.6223	0	0
NR_030225.1	84	15.6223	0	0
NR_030226.1	86	16.0191	0	0
NR_030227.1	100	15.2776	0	0
NR_030228.1	71	17.0822	9	23.7105
NR_030229.1	83	15.7086	0	0
NR_030230.1	84	15.6223	0	0
NR_030231.1	129	24.2036	0	0
NR_030232.1	127	23.5955	0	0
NR_030233.1	124	22.454	0	0
NR_030234.1	94	14.4667	0	0
NR_030235.1	115	19.4686	0	0
NR_030236.1	94	14.4667	0	0
NR_030237.1	74	16.0532	0	0
NR_030238.1	98	15.0506	0	0
NR_030239.1	88	15.1865	0	0
NR_030240.1	88	15.1865	0	0
NR_030241.2	91	14.4116	0	0
NR_030255.1	96	14.811	1	3.03849
NR_030256.1	78	15.0992	0	0
NR_030257.1	91	14.4116	0	0
NR_030258.1	106	16.543	0	0
NR_030266.1	80	15.4932	0	0
NR_030267.1	84	15.6223	0	0
NR_030277.1	96	14.811	0	0
NR_030278.1	96	14.811	0	0
NR_030279.1	68	17.931	6	15.0587
NR_030280.1	96	14.811	0	0
NR_030281.1	96	14.811	0	0
NR_030282.1	96	14.811	0	0
NR_030283.1	95	14.7859	0	0
NR_030284.1	98	15.0506	0	0
NR_030285.1	94	14.4667	0	0
NR_030286.1	96	14.811	0	0
NR_030287.1	97	14.9524	0	0
NR_030288.1	95	14.7859	0	0
NR_030289.1	79	15.3333	1	2.93498
NR_030290.1	94	14.4667	1	3.11081
NR_030292.1	98	15.0506	0	0
NR_030293.1	95	14.7859	0	0
NR_030294.1	96	14.811	0	0
NR_030295.1	96	14.811	0	0
NR_030296.1	97	14.9524	24	72.2343
NR_030297.1	96	14.811	0	0
NR_030298.1	95	14.7859	0	0
NR_030299.1	99	15.1945	3	8.88541
NR_030300.1	96	14.811	0	0
NR_030301.1	94	14.4667	0	0
NR_030302.1	98	15.0506	0	0
NR_030303.1	96	14.811	0	0
NR_030304.1	96	14.811	0	0
NR_030305.1	98	15.0506	0	0
NR_030306.1	97	14.9524	0	0
NR_030307.1	96	14.811	0	0
NR_030308.1	98	15.0506	0	0
NR_030309.1	75	15.9406	0	0
NR_030310.1	97	14.9524	0	0
NR_030311.1	94	14.4667	0	0
NR_030312.1	97	14.9524	3	9.02928
NR_030313.1	97	14.9524	0	0
NR_030314.1	96	14.811	0	0
NR_030315.1	97	14.9524	0	0
NR_030316.1	83	15.7086	0	0
NR_030317.1	97	14.9524	0	0
NR_030318.1	99	15.1945	3	8.88541
NR_030319.1	97	14.9524	0	0
NR_030320.1	97	14.9524	0	0
NR_030321.1	97	14.9524	5	15.0488
NR_030322.1	95	14.7859	0	0
NR_030323.1	97	14.9524	0	0
NR_030324.1	100	15.2776	0	0
NR_030325.1	96	14.811	0	0
NR_030326.1	77	15.2645	0	0
NR_030327.1	97	14.9524	0	0
NR_030328.1	97	14.9524	0	0
NR_030329.1	95	14.7859	0	0
NR_030330.1	97	14.9524	0	0
NR_030331.1	98	15.0506	0	0
NR_030332.1	79	15.3333	0	0
NR_030333.1	98	15.0506	0	0
NR_030334.1	97	14.9524	0	0
NR_030335.1	94	14.4667	0	0
NR_030336.1	83	15.7086	2	5.72975
NR_030337.1	96	14.811	0	0
NR_030338.1	96	14.811	0	0
NR_030339.1	100	15.2776	0	0
NR_030340.1	95	14.7859	0	0
NR_030341.1	96	14.811	0	0
NR_030342.1	67	17.5357	0	0
NR_030343.1	100	15.2776	0	0
NR_030344.1	95	14.7859	0	0
NR_030345.1	90	14.5182	0	0
NR_030346.1	97	14.9524	4	12.039
NR_030347.1	97	14.9524	1.98415	5.97182
NR_030348.1	97	14.9524	0	0
NR_030349.1	98	15.0506	0	0
NR_030350.1	99	15.1945	0	0
NR_030351.1	95	14.7859	0	0
NR_030352.1	96	14.811	0	0
NR_030353.1	98	15.0506	0	0
NR_030354.1	97	14.9524	0	0
NR_030355.1	85	15.5396	0	0
NR_030356.1	94	14.4667	0	0
NR_030357.1	97	14.9524	0	0
NR_030358.1	95	14.7859	0	0
NR_030359.1	97	14.9524	0	0
NR_030360.1	75	15.9406	0	0
NR_030361.1	96	14.811	0	0
NR_030362.1	94	14.4667	0	0
NR_030363.1	98	15.0506	0	0
NR_030364.1	97	14.9524	0	0
NR_030365.1	98	15.0506	22	65.7827
NR_030366.1	99	15.1945	3	8.88541
NR_030367.1	99	15.1945	14	41.4652
NR_030368.1	100	15.2776	0	0
NR_030369.1	98	15.0506	0	0
NR_030370.1	96	14.811	0	0
NR_030371.1	99	15.1945	1	2.9618
NR_030372.1	97	14.9524	0	0
NR_030373.1	97	14.9524	0	0
NR_030374.1	94	14.4667	0	0
NR_030375.1	94	14.4667	2	6.22163
NR_030376.1	94	14.4667	0	0
NR_030377.1	96	14.811	30	91.1548
NR_030378.1	94	14.4667	0	0
NR_030379.1	97	14.9524	0	0
NR_030380.1	97	14.9524	0	0
NR_030381.1	98	15.0506	0	0
NR_030382.1	97	14.9524	5.69278	17.1339
NR_030383.1	89	15.2268	3	8.86658
NR_030384.1	95	14.7859	0	0
NR_030385.1	97	14.9524	4.19862	12.6369
NR_030386.1	93	14.4286	0	0
NR_030387.1	97	14.9524	0	0
NR_030388.1	96	14.811	0	0
NR_030389.1	96	14.811	0	0
NR_030390.1	81	15.7843	0	0
NR_030391.1	97	14.9524	0	0
NR_030392.1	78	15.0992	11	32.7854
NR_030393.1	96	14.811	0	0
NR_030394.1	98	15.0506	0	0
NR_030395.1	100	15.2776	0	0
NR_030396.1	97	14.9524	0	0
NR_030397.1	97	14.9524	0	0
NR_030398.1	85	15.5396	3	8.68808
NR_030399.1	97	14.9524	0	0
NR_030406.1	88	15.1865	0	0
NR_030407.1	118	20.1815	0	0
NR_030408.1	66	18.52	0	0
NR_030409.1	109	17.8694	0	0
NR_030410.1	85	15.5396	0	0
NR_030411.1	115	19.4686	0	0
NR_030412.1	118	20.1815	0	0
NR_030413.1	111	18.1077	0	0
NR_030414.1	94	14.4667	0	0
NR_030527.1	114	19.0666	0	0
NR_030528.1	98	15.0506	0	0
NR_030533.1	73	16.0795	0	0
NR_030580.1	88	15.1865	1	2.96336
NR_030581.1	79	15.3333	0	0
NR_030582.1	83	15.7086	0	0
NR_030583.3	108	17.4905	3	7.71901
NR_030584.1	75	15.9406	0	0
NR_030586.1	91	14.4116	0	0
NR_030587.1	78	15.0992	0	0
NR_030588.1	78	15.0992	0	0
NR_030589.1	77	15.2645	0	0
NR_030590.1	79	15.3333	0	0
NR_030592.1	77	15.2645	0	0
NR_030593.1	77	15.2645	0	0
NR_030594.1	84	15.6223	0	0
NR_030595.1	79	15.3333	0	0
NR_030596.1	76	14.8793	0	0
NR_030597.1	81	15.7843	0	0
NR_030598.1	88	15.1865	2	5.92672
NR_030599.1	80	15.4932	0	0
NR_030600.1	79	15.3333	0	0
NR_030613.1	98	15.0506	1	2.99012
NR_030614.1	74	16.0532	0	0
NR_030615.1	86	16.0191	0	0
NR_030616.1	79	15.3333	0	0
NR_030617.1	72	16.5875	1	2.71307
NR_030618.1	77	15.2645	0	0
NR_030619.1	78	15.0992	0	0
NR_030620.1	72	16.5875	0	0
NR_030621.1	80	15.4932	0	0
NR_030622.1	78	15.0992	1	2.98049
NR_030623.1	82	16.1887	0	0
NR_030624.1	77	15.2645	0	0
NR_030625.1	75	15.9406	0	0
NR_030626.1	56	18.3103	0	0
NR_030627.1	81	15.7843	0	0
NR_030628.1	53	19.6087	0	0
NR_030629.1	75	15.9406	0	0
NR_030630.1	77	15.2645	0	0
NR_030631.1	83	15.7086	0	0
NR_030632.1	91	14.4116	0	0
NR_030633.1	86	16.0191	0	0
NR_030634.1	83	15.7086	0	0
NR_030635.1	82	16.1887	1	2.77991
NR_030636.1	94	14.4667	0	0
NR_030637.3	72	16.5875	0	0
NR_030638.4	72	16.5875	0	0
NR_030639.3	72	16.5875	0	0
NR_030640.1	86	16.0191	0	0
NR_030641.1	94	14.4667	0	0
NR_030642.1	88	15.1865	0	0
NR_030643.1	66	18.52	0	0
NR_030646.1	90	14.5182	0	0
NR_030684.2	741	513.753	67.1137	5.87895
NR_030691.2	3571	3343.29	0	0
NR_030697.1	706	478.9	0	0
NR_030714.1	97	14.9524	0	0
NR_030717.2	1413	1185.29	526.967	20.0078
NR_030722.2	1061	833.293	0	0
NR_030727.1	1660	1432.29	0	0
NR_030728.1	1739	1511.29	0	0
NR_030732.1	621	395.338	39.8239	4.53333
NR_030737.1	2542	2314.29	97.3673	1.89338
NR_030741.1	87	15.7489	0	0
NR_030753.1	96	14.811	1	3.03849
NR_030754.1	96	14.811	0	0
NR_030755.1	96	14.811	0	0
NR_030760.1	98	15.0506	0	0
NR_030761.2	5860	5632.29	175.026	1.39849
NR_030765.2	1683	1455.29	18.9978	0.587483
NR_030766.1	978	750.293	0	0
NR_030770.2	1813	1585.29	159.838	4.53745
NR_030774.1	2570	2342.29	32.9948	0.633938
NR_030775.2	1367	1139.29	31.4449	1.2421
NR_030784.1	65	17.8776	0	0
NR_030785.1	72	16.5875	0	0
NR_031563.1	69	17.25	0	0
NR_031564.2	72	16.5875	0	0
NR_031565.2	72	16.5875	0	0
NR_031566.1	92	14.5444	0	0
NR_031567.1	86	16.0191	0	0
NR_031568.1	73	16.0795	0	0
NR_031569.1	86	16.0191	1	2.80933
NR_031570.1	82	16.1887	0	0
NR_031571.1	86	16.0191	0	0
NR_031572.1	92	14.5444	0	0
NR_031573.1	87	15.7489	0	0
NR_031574.2	71	17.0822	0	0
NR_031575.1	86	16.0191	0	0
NR_031576.1	83	15.7086	0	0
NR_031577.1	98	15.0506	1	2.99012
NR_031578.1	112	18.5095	0	0
NR_031579.1	91	14.4116	0	0
NR_031580.1	59	18.5	0	0
NR_031581.1	85	15.5396	0	0
NR_031582.1	91	14.4116	0	0
NR_031589.1	91	14.4116	0	0
NR_031590.1	91	14.4116	0	0
NR_031591.1	69	17.25	1	2.60887
NR_031592.1	81	15.7843	0	0
NR_031593.1	97	14.9524	0	0
NR_031594.1	89	15.2268	0	0
NR_031595.1	75	15.9406	0	0
NR_031596.1	88	15.1865	0	0
NR_031597.1	73	16.0795	0	0
NR_031598.1	69	17.25	0	0
NR_031599.1	92	14.5444	0	0
NR_031600.2	80	15.4932	0	0
NR_031601.1	102	15.661	0	0
NR_031602.1	102	15.661	1	2.87358
NR_031603.1	83	15.7086	0	0
NR_031604.1	76	14.8793	0	0
NR_031606.1	83	15.7086	0	0
NR_031607.1	85	15.5396	0	0
NR_031608.1	115	19.4686	0	0
NR_031609.1	67	17.5357	0	0
NR_031610.1	63	18.1395	0	0
NR_031611.1	59	18.5	0	0
NR_031612.1	87	15.7489	0	0
NR_031613.1	73	16.0795	0	0
NR_031614.1	88	15.1865	0	0
NR_031615.1	112	18.5095	0	0
NR_031616.1	84	15.6223	2	5.76138
NR_031617.1	88	15.1865	0	0
NR_031618.1	78	15.0992	0	0
NR_031619.1	90	14.5182	0	0
NR_031620.1	144	30.2443	1	1.48799
NR_031621.1	111	18.1077	0	0
NR_031622.1	78	15.0992	0	0
NR_031623.1	87	15.7489	0	0
NR_031624.1	116	19.6979	0	0
NR_031625.1	71	17.0822	0	0
NR_031626.1	142	29.5449	0	0
NR_031627.1	79	15.3333	0	0
NR_031628.1	77	15.2645	0	0
NR_031629.1	83	15.7086	0	0
NR_031630.1	86	16.0191	2	5.61867
NR_031631.1	143	29.7861	0	0
NR_031632.1	138	27.821	0	0
NR_031633.1	150	33.1792	0	0
NR_031634.1	150	33.1792	0	0
NR_031635.1	90	14.5182	0	0
NR_031636.1	72	16.5875	0	0
NR_031637.1	128	23.852	0	0
NR_031638.1	86	16.0191	0	0
NR_031639.1	91	14.4116	5	15.6135
NR_031640.1	86	16.0191	0	0
NR_031641.1	93	14.4286	0	0
NR_031642.1	84	15.6223	0	0
NR_031643.1	98	15.0506	0	0
NR_031644.1	87	15.7489	0	0
NR_031645.1	105	16.2206	0	0
NR_031646.1	86	16.0191	0	0
NR_031647.1	70	16.7714	8	21.4665
NR_031648.1	73	16.0795	0	0
NR_031649.1	136	27.1284	0	0
NR_031650.1	106	16.543	6.4961	17.6718
NR_031651.1	66	18.52	3	7.28992
NR_031652.1	113	18.7969	0	0
NR_031653.1	70	16.7714	0	0
NR_031654.1	105	16.2206	0	0
NR_031656.1	113	18.7969	0	0
NR_031657.1	119	20.6954	0	0
NR_031658.1	117	20.0266	0	0
NR_031659.1	73	16.0795	0	0
NR_031661.1	73	16.0795	0	0
NR_031662.1	89	15.2268	0	0
NR_031663.1	82	16.1887	0	0
NR_031664.1	93	14.4286	0	0
NR_031665.1	86	16.0191	0	0
NR_031666.1	75	15.9406	0	0
NR_031667.1	86	16.0191	0	0
NR_031668.1	86	16.0191	0	0
NR_031669.1	114	19.0666	0	0
NR_031670.1	84	15.6223	0	0
NR_031671.1	78	15.0992	0	0
NR_031672.1	52	20.381	0	0
NR_031673.1	105	16.2206	0	0
NR_031674.1	129	24.2036	0	0
NR_031677.1	102	15.661	0	0
NR_031678.1	88	15.1865	0	0
NR_031679.1	118	20.1815	0	0
NR_031680.1	111	18.1077	0	0
NR_031681.1	80	15.4932	0	0
NR_031682.1	83	15.7086	1	2.86487
NR_031683.1	72	16.5875	0	0
NR_031684.1	51	20.35	0	0
NR_031685.1	78	15.0992	0	0
NR_031686.1	84	15.6223	0	0
NR_031687.1	149	32.7812	4.9233	6.75887
NR_031688.1	149	32.7812	0	0
NR_031689.1	149	32.7812	0	0
NR_031690.1	77	15.2645	0	0
NR_031691.1	81	15.7843	0	0
NR_031692.1	62	19.3947	0	0
NR_031694.1	54	19.04	10	23.6361
NR_031695.1	101	15.5262	0	0
NR_031696.1	87	15.7489	0	0
NR_031697.1	120	21.1323	0	0
NR_031698.1	75	15.9406	0	0
NR_031699.1	66	18.52	0	0
NR_031700.1	65	17.8776	0	0
NR_031701.1	63	18.1395	0	0
NR_031702.1	67	17.5357	0	0
NR_031705.1	82	16.1887	0	0
NR_031706.1	85	15.5396	0	0
NR_031707.1	149	32.7812	0	0
NR_031708.1	84	15.6223	0	0
NR_031709.1	84	15.6223	0	0
NR_031710.1	79	15.3333	0	0
NR_031711.1	71	17.0822	0	0
NR_031713.1	88	15.1865	0	0
NR_031714.1	96	14.811	1	3.03849
NR_031715.1	47	21	8	17.144
NR_031716.1	61	19.9714	0	0
NR_031717.1	57	18.129	0	0
NR_031718.1	61	19.9714	0	0
NR_031719.1	61	19.9714	1	2.25337
NR_031720.1	50	21.5	0	0
NR_031721.1	62	19.3947	0	0
NR_031722.1	62	19.3947	0	0
NR_031723.2	72	16.5875	0	0
NR_031724.2	72	16.5875	0	0
NR_031725.2	72	16.5875	0	0
NR_031726.1	53	19.6087	0	0
NR_031728.1	66	18.52	0	0
NR_031729.1	80	15.4932	0	0
NR_031730.1	80	15.4932	0	0
NR_031731.1	80	15.4932	0	0
NR_031732.1	80	15.4932	0	0
NR_031733.1	80	15.4932	0	0
NR_031734.1	80	15.4932	0	0
NR_031735.1	80	15.4932	0	0
NR_031736.1	80	15.4932	2	5.80942
NR_031737.1	44	20.5714	0	0
NR_031740.1	52	20.381	0	0
NR_031744.1	55	19.3077	0	0
NR_031745.1	91	14.4116	0	0
NR_031746.1	49	21.7059	0	0
NR_031747.1	75	15.9406	0	0
NR_031748.1	80	15.4932	0	0
NR_031749.1	100	15.2776	0	0
NR_031750.1	80	15.4932	0	0
NR_031751.1	80	15.4932	0	0
NR_031752.1	100	15.2776	0	0
NR_031753.1	89	15.2268	0	0
NR_031754.1	93	14.4286	0	0
NR_031755.1	96	14.811	0	0
NR_031756.1	76	14.8793	0	0
NR_031757.1	70	16.7714	0	0
NR_031762.2	1889	1661.29	0	0
NR_031764.2	1810	1582.29	0	0
NR_031765.2	6300	6072.29	0	0
NR_031766.3	994	766.293	0	0
NR_033118.3	3543	3315.29	0	0
NR_033119.3	3489	3261.29	0	0
NR_033122.2	2335	2107.29	0	0
NR_033125.3	2652	2424.29	26.8126	0.497733
NR_033142.2	4431	4203.29	420.127	4.49814
NR_033149.2	8946	8718.29	16.983	0.0876649
NR_033151.2	5514	5286.29	6	0.051079
NR_033169.2	1912	1684.29	0	0
NR_033172.1	1947	1719.29	0	0
NR_033175.2	670	443.585	1	0.101453
NR_033181.2	6115	5887.29	25.8286	0.197437
NR_033183.2	3031	2803.29	115.346	1.85173
NR_033186.1	2577	2349.29	46.442	0.889644
NR_033187.2	1165	937.293	0	0
NR_033191.3	5360	5132.29	83.4738	0.731949
NR_033192.1	1546	1318.29	47.7971	1.63167
NR_033193.1	2212	1984.29	31.5208	0.71488
NR_033194.1	2170	1942.29	99.5676	2.30699
NR_033195.1	2148	1920.29	13.9402	0.326697
NR_033196.2	670	443.585	12.7436	1.29288
NR_033201.2	611	385.534	15.6309	1.82458
NR_033202.2	549	325.637	6.99069	0.966113
NR_033203.1	452	236.066	98.7428	18.8241
NR_033204.2	514	292.795	0	0
NR_033205.1	545	321.964	0	0
NR_033212.2	815	587.487	0	0
NR_033231.3	3606	3378.29	0	0
NR_033232.3	3586	3358.29	24.776	0.332013
NR_033233.2	3968	3740.29	31.978	0.384758
NR_033234.2	6376	6148.29	0	0
NR_033240.1	1819	1591.29	15.8677	0.44875
NR_033242.2	753	525.701	66.5739	5.69911
NR_033243.3	2821	2593.29	101.894	1.76824
NR_033244.1	1070	842.293	0	0
NR_033245.1	1142	914.293	0	0
NR_033248.1	1000	772.293	0	0
NR_033249.2	1496	1268.29	11.2232	0.398233
NR_033250.1	1614	1386.29	0	0
NR_033254.1	733	505.753	0	0
NR_033255.2	960	732.293	215.244	13.2278
NR_033257.1	733	505.753	0	0
NR_033258.2	2736	2508.29	62.6782	1.12455
NR_033262.2	5977	5749.29	0	0
NR_033263.1	3610	3382.29	0	0
NR_033265.2	4454	4226.29	72.6897	0.774026
NR_033266.1	1137	909.293	39.0662	1.93348
NR_033267.1	3162	2934.29	6.00002	0.092022
NR_033268.2	6211	5983.29	259.701	1.95333
NR_033269.2	1643	1415.29	24.6596	0.784118
NR_033289.2	10898	10670.3	171.816	0.724653
NR_033290.2	3555	3327.29	162.934	2.20375
NR_033294.2	137	27.4645	0	0
NR_033295.1	88	15.1865	6	17.7802
NR_033297.3	2138	1910.29	0	0
NR_033298.3	2223	1995.29	27.1486	0.612325
NR_033302.2	4630	4402.29	709.747	7.2555
NR_033308.2	1451	1223.29	0	0
NR_033309.1	135	26.7198	0	0
NR_033311.1	432	218.698	0	0
NR_033312.1	2036	1808.29	11.3775	0.283153
NR_033313.1	1279	1051.29	0	0
NR_033314.1	1478	1250.29	18.1858	0.65458
NR_033315.1	1437	1209.29	0	0
NR_033319.3	9952	9724.29	0.00051528	2.38467e-06
NR_033320.3	10004	9776.29	3.4401e-07	1.58357e-09
NR_033321.3	9878	9650.29	18.2132	0.0849352
NR_033322.3	1786	1558.29	153.67	4.43795
NR_033323.3	1784	1556.29	288.987	8.35658
NR_033327.2	8106	7878.29	424.972	2.42756
NR_033328.2	5750	5522.29	82.8838	0.675449
NR_033329.2	1105	877.293	50.7999	2.60592
NR_033334.2	2125	1897.29	226.908	5.38217
NR_033335.1	142	29.5449	0	0
NR_033337.1	135	26.7198	0	0
NR_033338.2	3793	3565.29	1110.04	14.0115
NR_033339.1	2945	2717.29	500.322	8.2862
NR_033341.1	3361	3133.29	70.295	1.00964
NR_033342.2	1858	1630.29	0	0
NR_033343.2	1185	957.293	3.9833	0.187258
NR_033344.2	1934	1706.29	7.58909e-06	2.0016e-07
NR_033346.1	849	621.427	2.29225	0.166002
NR_033347.1	135	26.7198	0	0
NR_033348.2	2577	2349.29	20.2418	0.387752
NR_033349.2	2383	2155.29	0	0
NR_033350.1	5269	5041.29	0	0
NR_033351.2	5266	5038.29	0	0
NR_033354.2	7095	6867.29	181.784	1.19128
NR_033357.2	2065	1837.29	8.0313	0.19672
NR_033358.1	1735	1507.29	0	0
NR_033359.1	1714	1486.29	1530.74	46.349
NR_033360.1	1621	1393.29	1011.76	32.6796
NR_033362.2	4157	3929.29	40.9324	0.468809
NR_033363.2	4156	3928.29	92.9257	1.06457
NR_033368.1	1073	845.293	2	0.106479
NR_033369.1	1234	1006.29	0	0
NR_033371.1	769	541.541	0	0
NR_033373.1	2540	2312.29	48.0106	0.934407
NR_033374.1	3842	3614.29	69.1503	0.86102
NR_033375.2	596	370.951	0	0
NR_033376.1	1753	1525.29	4	0.118018
NR_033377.1	4185	3957.29	0	0
NR_033378.1	2147	1919.29	3.02908	0.0710251
NR_033379.1	2785	2557.29	1.00003	0.0175984
NR_033380.1	2915	2687.29	18.4643	0.309215
NR_033381.1	1113	885.293	104.536	5.31398
NR_033383.1	624	398.259	0	0
NR_033384.2	1590	1362.29	53.8215	1.77798
NR_033385.2	1086	858.293	5.345	0.280255
NR_033386.2	1105	877.293	0	0
NR_033387.2	668	441.629	0	0
NR_033389.1	1929	1701.29	40.0574	1.05961
NR_033390.2	535	312.445	0	0
NR_033396.1	2377	2149.29	5	0.104693
NR_033397.5	1446	1218.29	109.501	4.0449
NR_033399.1	3909	3681.29	572.035	6.99302
NR_033400.1	1313	1085.29	4	0.165865
NR_033403.2	3630	3402.29	532.366	7.04175
NR_033404.2	2543	2315.29	268.659	5.22201
NR_033405.1	569	344.595	0	0
NR_033406.1	2340	2112.29	0	0
NR_033407.1	1105	877.293	2.01409	0.103318
NR_033408.1	2256	2028.29	26	0.576879
NR_033410.1	1827	1599.29	0	0
NR_033412.1	2497	2269.29	14	0.277639
NR_033413.2	2173	1945.29	0	0
NR_033414.2	1946	1718.29	13.8298	0.36221
NR_033415.1	2864	2636.29	1.00005	0.0170715
NR_033416.1	2244	2016.29	77.2443	1.72407
NR_033417.1	4374	4146.29	322.331	3.49852
NR_033418.1	3752	3524.29	184.823	2.36007
NR_033420.1	2506	2278.29	4	0.0790119
NR_033421.2	4052	3824.29	0	0
NR_033422.2	2177	1949.29	15.7959	0.364678
NR_033423.1	967	739.293	0	0
NR_033424.2	1781	1553.29	0	0
NR_033426.2	2621	2393.29	550.724	10.3557
NR_033427.2	3726	3498.29	80.8369	1.03991
NR_033429.2	1927	1699.29	88.8148	2.35212
NR_033434.2	6498	6270.29	274.631	1.97108
NR_033435.2	10154	9926.29	29.4391	0.133469
NR_033436.2	2639	2411.29	122.92	2.29411
NR_033437.2	6751	6523.29	143.822	0.992204
NR_033440.1	5295	5067.29	87.4354	0.776522
NR_033441.2	9765	9537.29	51.5505	0.243248
NR_033449.3	3095	2867.29	0	0
NR_033464.2	1511	1283.29	98.4876	3.45381
NR_033465.2	1632	1404.29	740.241	23.7223
NR_033488.2	2149	1921.29	30.306	0.709866
NR_033489.2	1853	1625.29	30.7456	0.851322
NR_033500.2	5251	5023.29	7.24713	0.0649262
NR_033519.2	3662	3434.29	1638.28	21.4681
NR_033531.3	764	536.541	1.71857	0.144148
NR_033557.2	1526	1298.29	0	0
NR_033651.1	4207	3979.29	424.666	4.80268
NR_033652.1	4802	4574.29	239	2.35134
NR_033654.2	921	693.293	0	0
NR_033655.2	1961	1733.29	0	0
NR_033656.2	624	398.259	26.0245	2.94076
NR_033658.1	1851	1623.29	0	0
NR_033659.2	3824	3596.29	401.012	5.01816
NR_033660.2	3222	2994.29	11	0.165326
NR_033662.2	1680	1452.29	5.4063	0.167528
NR_033663.2	2661	2433.29	37.0196	0.684667
NR_033664.1	4869	4641.29	0	0
NR_033665.1	4719	4491.29	3	0.0300602
NR_033667.1	824	596.427	2	0.150909
NR_033669.2	929	701.293	578.043	37.0939
NR_033670.2	1017	789.293	54.7031	3.11901
NR_033674.2	4323	4095.29	29.3593	0.322629
NR_033676.2	1560	1332.29	0	0
NR_033677.2	1722	1494.29	24.9223	0.750576
NR_033678.1	5208	4980.29	0.0482705	0.000436184
NR_033679.1	5250	5022.29	0	0
NR_033680.1	5066	4838.29	0	0
NR_033684.2	4336	4108.29	114.63	1.25568
NR_033686.2	1313	1085.29	180.806	7.49735
NR_033690.1	2879	2651.29	97.5379	1.65561
NR_033691.1	704	476.947	0	0
NR_033697.2	769	541.541	14.9644	1.24357
NR_033698.2	1581	1353.29	75.1345	2.49856
NR_033699.2	4245	4017.29	0	0
NR_033700.2	4182	3954.29	0	0
NR_033701.2	3396	3168.29	0	0
NR_033702.2	4839	4611.29	30.9106	0.301666
NR_033703.2	4853	4625.29	42.8899	0.41731
NR_033704.2	2675	2447.29	202.069	3.71583
NR_033708.1	4077	3849.29	68.981	0.806474
NR_033709.1	4690	4462.29	94.0129	0.948138
NR_033710.1	5945	5717.29	0	0
NR_033711.1	6409	6181.29	1134.45	8.2594
NR_033712.1	3324	3096.29	2.82029	0.0409915
NR_033714.2	2536	2308.29	80.3408	1.56635
NR_033715.2	2529	2301.29	19.512	0.381568
NR_033716.2	1703	1475.29	5.54078	0.169019
NR_033717.2	3103	2875.29	10.7837	0.168782
NR_033721.2	1364	1136.29	5.2585	0.208264
NR_033722.2	1336	1108.29	37.4525	1.52079
NR_033723.1	1421	1193.29	38.296	1.44427
NR_033732.1	3668	3440.29	0	0
NR_033733.1	1516	1288.29	204.781	7.15348
NR_033734.1	1397	1169.29	247.189	9.51366
NR_033735.1	804	576.487	6.20736	0.484573
NR_033737.2	341	145.916	0	0
NR_033738.1	7771	7543.29	340.608	2.03206
NR_033740.1	1595	1367.29	1	0.032914
NR_033742.1	1800	1572.29	0	0
NR_033743.2	248	84.9745	36.5103	19.3361
NR_033746.2	1001	773.293	0	0
NR_033748.2	1724	1496.29	1	0.0300764
NR_033753.2	3580	3352.29	1.00582	0.0135028
NR_033754.2	1429	1201.29	6	0.224773
NR_033757.3	3908	3680.29	8.85867	0.108325
NR_033758.3	3802	3574.29	78.0561	0.982786
NR_033759.2	1174	946.293	59.7435	2.84124
NR_033760.1	5697	5469.29	0	0
NR_033766.2	6355	6127.29	32.3835	0.237847
NR_033767.2	6601	6373.29	4.64365e-05	3.27898e-07
NR_033768.1	545	321.964	1	0.139777
NR_033769.1	1625	1397.29	2	0.0644147
NR_033770.1	2479	2251.29	0	0
NR_033774.1	1152	924.293	0	0
NR_033777.1	1062	834.293	4	0.215766
NR_033781.1	8697	8469.29	29.0062	0.15413
NR_033787.2	4467	4239.29	30.7678	0.326622
NR_033789.2	2241	2013.29	2.24546	0.0501927
NR_033791.1	434	220.399	2	0.408378
NR_033792.2	2299	2071.29	48.1082	1.04525
NR_033796.2	1122	894.293	158.925	7.99751
NR_033797.2	3020	2792.29	137	2.20801
NR_033799.1	587	362.135	102.03	12.6794
NR_033801.1	3306	3078.29	18.7301	0.273824
NR_033805.1	5376	5148.29	835.837	7.30635
NR_033806.2	3500	3272.29	0	0
NR_033807.3	3324	3096.29	10.191	0.148121
NR_033814.2	2755	2527.29	54.0445	0.962362
NR_033815.3	5199	4971.29	5.71252	0.0517131
NR_033818.2	3994	3766.29	104.556	1.24933
NR_033819.2	3876	3648.29	0.011657	0.000143794
NR_033823.3	1571	1343.29	73.5273	2.46331
NR_033824.2	553	329.241	0	0
NR_033825.2	2362	2134.29	0	0
NR_033826.1	776	548.487	0	0
NR_033827.1	1574	1346.29	25.2115	0.842754
NR_033828.1	4300	4072.29	10.4714	0.115719
NR_033829.1	1675	1447.29	0	0
NR_033830.1	2125	1897.29	0	0
NR_033831.1	1114	886.293	7	0.355437
NR_033832.1	2018	1790.29	1	0.0251373
NR_033833.1	2922	2694.29	0	0
NR_033834.1	3678	3450.29	0	0
NR_033835.1	3270	3042.29	113.071	1.67261
NR_033836.1	2986	2758.29	124.438	2.03028
NR_033837.1	3314	3086.29	0	0
NR_033838.1	2464	2236.29	1.03238	0.0207757
NR_033839.1	753	525.701	52	4.45151
NR_033840.1	2155	1927.29	1	0.0233504
NR_033841.1	2274	2046.29	2	0.043985
NR_033842.1	3300	3072.29	2	0.0292961
NR_033843.2	2701	2473.29	0	0
NR_033844.1	2295	2067.29	0	0
NR_033845.1	1776	1548.29	0	0
NR_033846.2	989	761.293	0	0
NR_033847.1	2527	2299.29	38.9132	0.761631
NR_033848.1	3149	2921.29	9.08681	0.139984
NR_033850.1	2500	2272.29	0	0
NR_033851.1	1272	1044.29	3	0.129283
NR_033852.1	2737	2509.29	11.001	0.197298
NR_033853.2	2603	2375.29	0	0
NR_033854.1	2863	2635.29	31.4725	0.537458
NR_033855.1	3719	3491.29	2.05335	0.0264679
NR_033856.1	2521	2293.29	2	0.0392476
NR_033857.1	818	590.487	6.01101	0.45812
NR_033858.1	1924	1696.29	0	0
NR_033859.2	2907	2679.29	5	0.0839831
NR_033860.1	7319	7091.29	5.08365	0.0322621
NR_033862.1	4931	4703.29	0	0
NR_033863.1	2330	2102.29	0	0
NR_033864.1	2470	2242.29	0	0
NR_033865.1	571	346.526	0	0
NR_033866.1	445	230.083	0	0
NR_033867.2	2626	2398.29	3.00739	0.0564325
NR_033868.1	1882	1654.29	0	0
NR_033869.1	483	264.32	141	24.0066
NR_033870.2	4801	4573.29	7.02502	0.0691291
NR_033871.1	514	292.795	25	3.84255
NR_033872.1	2396	2168.29	0	0
NR_033873.1	4313	4085.29	0	0
NR_033874.1	810	582.487	84	6.48986
NR_033875.1	3030	2802.29	1	0.0160594
NR_033876.1	2265	2037.29	9	0.198807
NR_033877.1	2551	2323.29	0	0
NR_033878.1	621	395.338	5	0.569172
NR_033879.1	3526	3298.29	0	0
NR_033880.3	1519	1291.29	0	0
NR_033881.1	1722	1494.29	1	0.0301166
NR_033882.1	2551	2323.29	16.7171	0.323816
NR_033883.1	1809	1581.29	1	0.0284597
NR_033884.3	4932	4704.29	2116.58	20.2481
NR_033885.3	1530	1302.29	0	0
NR_033886.1	2010	1782.29	47.4109	1.19713
NR_033887.1	3799	3571.29	5	0.0630067
NR_033888.1	1721	1493.29	1	0.0301368
NR_033889.1	709	481.852	0	0
NR_033890.1	3684	3456.29	16.1706	0.210551
NR_033891.1	1331	1103.29	0	0
NR_033892.1	3083	2855.29	4	0.0630451
NR_033893.1	2520	2292.29	3.93997	0.0773509
NR_033894.1	1644	1416.29	0	0
NR_033896.1	1022	794.293	47.9892	2.71897
NR_033897.1	5034	4806.29	9.37535	0.0877849
NR_033898.1	3214	2986.29	0	0
NR_033899.1	2033	1805.29	0	0
NR_033900.1	1235	1007.29	0	0
NR_033901.2	1861	1633.29	0	0
NR_033903.1	1835	1607.29	2.00729	0.0562027
NR_033904.1	2443	2215.29	27.1011	0.550552
NR_033905.2	3334	3106.29	78.0588	1.13089
NR_033906.2	1278	1050.29	0	0
NR_033907.2	1487	1259.29	14.8814	0.531814
NR_033909.1	605	379.687	0	0
NR_033910.1	1312	1084.29	0	0
NR_033912.1	5249	5021.29	0	0
NR_033913.1	2702	2474.29	8	0.145506
NR_033914.1	672	445.496	0	0
NR_033915.2	4805	4577.29	136.364	1.34071
NR_033916.1	1164	936.293	0	0
NR_033917.1	692	465.041	2	0.193544
NR_033918.1	600	374.838	0	0
NR_033919.1	1690	1462.29	2	0.0615514
NR_033920.1	1001	773.293	0	0
NR_033921.1	3001	2773.29	11.0857	0.179891
NR_033922.2	2216	1988.29	0	0
NR_033923.1	1131	903.293	12	0.597853
NR_033924.1	1897	1669.29	0	0
NR_033925.1	3099	2871.29	5.00075	0.078379
NR_033926.1	2652	2424.29	64.2113	1.19198
NR_033927.1	2281	2053.29	2	0.043835
NR_033928.1	1970	1742.29	1.09703	0.0283362
NR_033929.1	1141	913.293	7.80642	0.384666
NR_033930.1	2229	2001.29	0	0
NR_033931.1	1998	1770.29	173	4.39788
NR_033932.1	2053	1825.29	6.33332	0.15615
NR_033934.1	1396	1168.29	48.107	1.8531
NR_033935.2	4229	4001.29	300.258	3.37704
NR_033936.3	3357	3129.29	74.9641	1.07808
NR_033937.1	2162	1934.29	169	3.93194
NR_033938.1	1573	1345.29	1.06402	0.0355938
NR_033939.1	2017	1789.29	22	0.553329
NR_033940.1	2544	2316.29	0	0
NR_033942.1	4204	3976.29	53.4896	0.605387
NR_033943.1	1682	1454.29	0	0
NR_033944.1	1625	1397.29	0	0
NR_033945.1	1533	1305.29	0	0
NR_033946.1	843	615.427	0	0
NR_033947.1	2316	2088.29	190.564	4.1067
NR_033948.2	5336	5108.29	0	0
NR_033949.2	5252	5024.29	0	0
NR_033950.2	5213	4985.29	0	0
NR_033951.2	5197	4969.29	2.58754e-08	2.34334e-10
NR_033952.2	5124	4896.29	16.772	0.154156
NR_033953.2	5028	4800.29	0	0
NR_033954.2	5016	4788.29	0	0
NR_033955.2	4976	4748.29	0	0
NR_033956.2	4903	4675.29	0	0
NR_033957.2	2872	2644.29	299.608	5.09901
NR_033959.1	1891	1663.29	86.5788	2.34253
NR_033960.1	2247	2019.29	0	0
NR_033961.1	444	229.227	0	0
NR_033962.1	1948	1720.29	0	0
NR_033963.1	3506	3278.29	4	0.0549104
NR_033964.1	1153	925.293	0	0
NR_033965.1	2125	1897.29	8	0.189757
NR_033966.1	2755	2527.29	3.64407	0.0648893
NR_033967.1	1138	910.293	24.9567	1.23381
NR_033968.1	610	384.573	21.0838	2.46724
NR_033969.1	1408	1180.29	1	0.0381287
NR_033970.1	1492	1264.29	0	0
NR_033971.1	1656	1428.29	3.2044	0.100965
NR_033972.1	2311	2083.29	31.1384	0.672648
NR_033973.1	1756	1528.29	1	0.0294466
NR_033975.1	2322	2094.29	0	0
NR_033976.1	4089	3861.29	0	0
NR_033978.1	2129	1901.29	5	0.118349
NR_033979.2	3812	3584.29	0	0
NR_033980.1	1705	1477.29	2	0.0609264
NR_033981.1	789	561.487	9	0.721349
NR_033982.1	2090	1862.29	0	0
NR_033983.1	2418	2190.29	0	0
NR_033984.1	2015	1787.29	5.85425	0.147407
NR_033985.1	1598	1370.29	2	0.0656839
NR_033986.1	719	491.852	0	0
NR_033987.1	2020	1792.29	0	0
NR_033988.1	3181	2953.29	0	0
NR_033989.1	1369	1141.29	0	0
NR_033990.1	1224	996.293	1.01071	0.0456543
NR_033994.2	1833	1605.29	0	0
NR_033995.2	794	566.487	13	1.03275
NR_033996.1	1825	1597.29	0	0
NR_033997.1	2348	2120.29	36.2148	0.768657
NR_033998.1	954	726.293	19.7069	1.2211
NR_033999.1	463	245.87	2.09952	0.384287
NR_034002.1	1173	945.293	0	0
NR_034003.1	528	305.914	0	0
NR_034004.1	1064	836.293	0.5	0.0269063
NR_034005.1	1064	836.293	0.5	0.0269063
NR_034006.3	1363	1135.29	103.96	4.121
NR_034007.1	2016	1788.29	0	0
NR_034008.1	791	563.487	6	0.479192
NR_034009.2	4621	4393.29	796.747	8.16155
NR_034010.1	502	281.791	69.3934	11.0824
NR_034011.1	308	122.763	210.344	77.1094
NR_034012.2	874	646.427	0	0
NR_034013.2	789	561.487	0	0
NR_034014.1	1123	895.293	0	0
NR_034015.1	994	766.293	0	0
NR_034016.1	2638	2410.29	0	0
NR_034017.1	2497	2269.29	0	0
NR_034018.2	1310	1082.29	0	0
NR_034019.2	1181	953.293	0	0
NR_034021.1	1759	1531.29	60.6766	1.78322
NR_034022.1	21017	20789.3	108.735	0.235381
NR_034023.1	1771	1543.29	0	0
NR_034024.1	2105	1877.29	0	0
NR_034025.1	2061	1833.29	0	0
NR_034026.1	1067	839.293	0	0
NR_034027.1	2062	1834.29	6.02895	0.147916
NR_034031.1	1791	1563.29	246.402	7.09326
NR_034032.1	640	414.014	13	1.41309
NR_034033.1	2043	1815.29	2.00086	0.0496034
NR_034034.1	2183	1955.29	0	0
NR_034035.3	4337	4109.29	316.889	3.47042
NR_034036.1	512	290.943	1	0.15468
NR_034037.1	612	386.495	0	0
NR_034039.2	4903	4675.29	16.2879	0.156783
NR_034040.1	1459	1231.29	0	0
NR_034041.2	4622	4394.29	0	0
NR_034053.3	4506	4278.29	70.2054	0.738486
NR_034054.1	2122	1894.29	0	0
NR_034055.1	930	702.293	0	0
NR_034059.2	3153	2925.29	40.1344	0.617433
NR_034061.4	3910	3682.29	0	0
NR_034062.1	342	146.678	0	0
NR_034063.4	3800	3572.29	0	0
NR_034064.4	3772	3544.29	0	0
NR_034065.4	3675	3447.29	0	0
NR_034066.4	3423	3195.29	0	0
NR_034067.4	3565	3337.29	0	0
NR_034068.4	3313	3085.29	5.05056	0.0736691
NR_034069.2	4376	4148.29	342.089	3.71118
NR_034070.4	4005	3777.29	0	0
NR_034071.4	3770	3542.29	0	0
NR_034072.1	3192	2964.29	501.733	7.61717
NR_034075.1	2318	2090.29	83.4775	1.79723
NR_034076.1	2293	2065.29	1192.09	25.9759
NR_034077.1	2219	1991.29	202.431	4.57492
NR_034078.1	619	393.338	3.64119e-05	4.166e-06
NR_034079.1	616	390.417	0.999964	0.115265
NR_034080.1	1788	1560.29	15.1982	0.438358
NR_034081.1	1418	1190.29	0	0
NR_034082.2	2172	1944.29	11.5732	0.267876
NR_034083.3	2192	1964.29	7	0.160374
NR_034085.1	2783	2555.29	80.6232	1.41991
NR_034086.1	2160	1932.29	5.94678	0.138501
NR_034087.1	1110	882.293	0	0
NR_034088.1	1828	1600.29	0	0
NR_034089.1	4033	3805.29	155.933	1.84413
NR_034090.1	1652	1424.29	0	0
NR_034091.1	1562	1334.29	2.00702	0.0676928
NR_034093.2	671	444.496	0	0
NR_034094.2	633	407.137	0	0
NR_034095.1	1445	1217.29	0	0
NR_034097.1	1194	966.293	1	0.0465729
NR_034099.1	1058	830.293	3	0.162604
NR_034100.1	1751	1523.29	4.13577	0.122184
NR_034101.1	713	485.852	0	0
NR_034102.2	1121	893.293	0	0
NR_034103.2	942	714.293	0	0
NR_034104.1	1157	929.293	2	0.0968544
NR_034105.4	756	528.701	322.4	27.4428
NR_034106.3	1032	804.293	64.9118	3.63205
NR_034107.2	2370	2142.29	108.778	2.28509
NR_034108.1	4943	4715.29	35.1618	0.335587
NR_034109.1	4652	4424.29	0.00402373	4.09286e-05
NR_034110.1	2195	1967.29	84.511	1.93324
NR_034111.1	737	509.753	7.59715	0.670708
NR_034112.2	2113	1885.29	0	0
NR_034113.1	4695	4467.29	12.7929	0.128875
NR_034115.1	3082	2854.29	200.476	3.16086
NR_034118.2	1678	1450.29	19.2334	0.596818
NR_034119.2	913	685.293	2	0.13134
NR_034120.1	2228	2000.29	213.382	4.80073
NR_034121.1	2740	2512.29	18.0395	0.323144
NR_034122.1	2249	2021.29	57.0549	1.2703
NR_034123.1	2074	1846.29	10.6738	0.260171
NR_034124.1	2278	2050.29	22.6502	0.497163
NR_034125.2	2686	2458.29	10.0319	0.18365
NR_034126.1	1542	1314.29	13.913	0.476399
NR_034127.1	1796	1568.29	83	2.38173
NR_034128.1	869	641.427	0	0
NR_034129.1	574	349.421	0	0
NR_034130.1	2316	2088.29	0	0
NR_034131.1	738	510.753	0	0
NR_034132.1	2092	1864.29	0	0
NR_034133.1	2674	2446.29	2.59243	0.0476915
NR_034134.1	2674	2446.29	0	0
NR_034135.1	2000	1772.29	14	0.355496
NR_034136.1	1047	819.293	0	0
NR_034137.1	1113	885.293	48	2.44004
NR_034138.1	1198	970.293	0	0
NR_034139.1	1381	1153.29	0	0
NR_034140.1	2236	2008.29	0	0
NR_034141.1	973	745.293	0	0
NR_034142.1	1334	1106.29	0	0
NR_034143.1	2308	2080.29	1	0.021633
NR_034144.1	2605	2377.29	7.86027	0.148798
NR_034145.1	2767	2539.29	0	0
NR_034146.1	2009	1781.29	60.83	1.53683
NR_034147.1	2099	1871.29	596	14.3333
NR_034148.1	2256	2028.29	3	0.066563
NR_034149.1	1926	1698.29	0	0
NR_034150.1	2555	2327.29	1.00016	0.0193402
NR_034151.1	2741	2513.29	0	0
NR_034152.1	867	639.427	0	0
NR_034156.1	1130	902.293	0	0
NR_034157.1	2041	1813.29	0	0
NR_034158.1	876	648.427	0	0
NR_034159.1	1701	1473.29	3.09747	0.0946151
NR_034160.1	1156	928.293	9	0.436314
NR_034161.1	722	494.802	0	0
NR_034162.2	3491	3263.29	27.1152	0.373938
NR_034163.1	1614	1386.29	2.18676	0.0709884
NR_034164.2	5099	4871.29	31.5805	0.291754
NR_034165.2	5274	5046.29	0	0
NR_034166.3	695	468.041	52.1844	5.01763
NR_034167.1	739	511.753	0	0
NR_034168.1	546	322.964	0	0
NR_034169.1	2023	1795.29	4.68063	0.117331
NR_034170.1	1865	1637.29	106.897	2.93821
NR_034171.1	1400	1172.29	46.1028	1.76984
NR_034172.1	538	315.318	12.8605	1.83548
NR_034173.3	1725	1497.29	0	0
NR_034174.3	1485	1257.29	0	0
NR_034176.2	3625	3397.29	0	0
NR_034179.1	1104	876.293	7.50158	0.385252
NR_034180.1	1083	855.293	0	0
NR_034181.2	2913	2685.29	711.855	11.93
NR_034182.1	2065	1837.29	10	0.244942
NR_036049.1	99	15.1945	0	0
NR_036050.1	82	16.1887	0	0
NR_036051.1	138	27.821	0	0
NR_036052.1	85	15.5396	0	0
NR_036053.1	83	15.7086	0	0
NR_036054.1	77	15.2645	0	0
NR_036055.1	90	14.5182	0	0
NR_036056.1	69	17.25	0	0
NR_036057.1	68	17.931	0	0
NR_036058.1	74	16.0532	0	0
NR_036059.1	68	17.931	0	0
NR_036060.1	78	15.0992	0	0
NR_036061.2	76	14.8793	0	0
NR_036062.2	75	15.9406	0	0
NR_036063.2	75	15.9406	0	0
NR_036064.1	85	15.5396	0	0
NR_036065.1	85	15.5396	0	0
NR_036066.1	81	15.7843	0	0
NR_036067.1	77	15.2645	0	0
NR_036068.1	73	16.0795	0	0
NR_036069.1	75	15.9406	0	0
NR_036070.1	67	17.5357	5	12.8318
NR_036071.1	82	16.1887	0	0
NR_036072.1	78	15.0992	0	0
NR_036073.1	74	16.0532	0	0
NR_036074.1	76	14.8793	0	0
NR_036075.1	66	18.52	0	0
NR_036076.1	76	14.8793	0	0
NR_036077.1	75	15.9406	0	0
NR_036078.1	75	15.9406	0	0
NR_036081.1	63	18.1395	0	0
NR_036082.1	75	15.9406	0	0
NR_036083.1	78	15.0992	6	17.8829
NR_036084.1	57	18.129	0	0
NR_036085.1	74	16.0532	0	0
NR_036086.1	77	15.2645	0	0
NR_036087.1	78	15.0992	0	0
NR_036088.1	78	15.0992	1	2.98049
NR_036089.1	75	15.9406	0	0
NR_036090.1	82	16.1887	3	8.33973
NR_036091.1	76	14.8793	0	0
NR_036092.1	90	14.5182	0	0
NR_036093.1	74	16.0532	0	0
NR_036094.1	61	19.9714	0	0
NR_036095.1	82	16.1887	0	0
NR_036096.1	63	18.1395	0	0
NR_036097.1	81	15.7843	0	0
NR_036098.1	79	15.3333	0	0
NR_036099.1	82	16.1887	1	2.77991
NR_036100.1	77	15.2645	0	0
NR_036101.1	79	15.3333	0	0
NR_036102.1	66	18.52	0	0
NR_036103.1	80	15.4932	0	0
NR_036104.1	77	15.2645	0	0
NR_036105.1	80	15.4932	0	0
NR_036106.1	76	14.8793	0	0
NR_036107.1	74	16.0532	0	0
NR_036108.1	82	16.1887	12	33.3589
NR_036109.1	81	15.7843	0	0
NR_036110.1	84	15.6223	0	0
NR_036111.1	82	16.1887	1	2.77991
NR_036112.1	75	15.9406	0	0
NR_036113.1	85	15.5396	0	0
NR_036114.1	81	15.7843	0	0
NR_036115.1	81	15.7843	0	0
NR_036116.1	74	16.0532	0	0
NR_036117.1	85	15.5396	0	0
NR_036118.1	81	15.7843	0	0
NR_036119.1	77	15.2645	0	0
NR_036120.1	82	16.1887	0	0
NR_036121.1	73	16.0795	0	0
NR_036122.1	83	15.7086	2	5.72975
NR_036123.1	75	15.9406	0	0
NR_036124.1	92	14.5444	0	0
NR_036125.1	89	15.2268	0	0
NR_036126.1	85	15.5396	0	0
NR_036127.1	82	16.1887	0	0
NR_036128.1	83	15.7086	0	0
NR_036129.1	77	15.2645	0	0
NR_036131.1	68	17.931	0	0
NR_036132.1	78	15.0992	0	0
NR_036133.1	82	16.1887	0	0
NR_036134.1	75	15.9406	0	0
NR_036135.1	87	15.7489	1	2.85754
NR_036136.1	77	15.2645	0	0
NR_036137.1	90	14.5182	0	0
NR_036138.1	82	16.1887	2	5.55982
NR_036139.1	84	15.6223	1	2.88069
NR_036140.1	84	15.6223	1.25	3.60086
NR_036141.1	94	14.4667	0	0
NR_036142.1	88	15.1865	0	0
NR_036143.1	84	15.6223	1.25	3.60086
NR_036144.1	94	14.4667	0	0
NR_036145.1	84	15.6223	1.25	3.60086
NR_036146.1	74	16.0532	6	16.8202
NR_036147.1	63	18.1395	0	0
NR_036148.1	84	15.6223	0	0
NR_036149.1	75	15.9406	0	0
NR_036150.1	68	17.931	0	0
NR_036151.1	79	15.3333	0	0
NR_036152.1	85	15.5396	3	8.68808
NR_036153.1	77	15.2645	0	0
NR_036154.1	70	16.7714	0	0
NR_036155.1	85	15.5396	0	0
NR_036156.1	73	16.0795	0	0
NR_036157.2	73	16.0795	0	0
NR_036158.1	80	15.4932	2	5.80942
NR_036159.1	76	14.8793	0	0
NR_036160.1	77	15.2645	3	8.84468
NR_036161.1	55	19.3077	0	0
NR_036162.1	73	16.0795	0	0
NR_036163.1	64	17.5957	0	0
NR_036164.1	77	15.2645	0	0
NR_036166.1	75	15.9406	0	0
NR_036167.1	73	16.0795	0	0
NR_036168.1	80	15.4932	0	0
NR_036169.1	88	15.1865	0	0
NR_036170.1	86	16.0191	0	0
NR_036171.1	85	15.5396	0	0
NR_036172.1	52	20.381	0	0
NR_036173.1	80	15.4932	0	0
NR_036174.1	81	15.7843	1	2.85113
NR_036175.1	79	15.3333	0	0
NR_036177.1	85	15.5396	0	0
NR_036178.1	88	15.1865	0	0
NR_036179.1	76	14.8793	1	3.02454
NR_036180.1	81	15.7843	0	0
NR_036181.1	78	15.0992	0	0
NR_036182.1	76	14.8793	0	0
NR_036183.1	66	18.52	0	0
NR_036184.1	72	16.5875	0	0
NR_036185.1	73	16.0795	0	0
NR_036186.1	96	14.811	0	0
NR_036187.1	62	19.3947	0	0
NR_036188.1	60	18.9714	0	0
NR_036189.1	66	18.52	0	0
NR_036190.1	102	15.661	0	0
NR_036191.1	91	14.4116	0	0
NR_036192.1	83	15.7086	0	0
NR_036193.1	84	15.6223	0	0
NR_036194.1	81	15.7843	0	0
NR_036195.1	57	18.129	0	0
NR_036196.1	100	15.2776	0	0
NR_036197.1	76	14.8793	1	3.02454
NR_036198.1	101	15.5262	0	0
NR_036199.1	73	16.0795	0	0
NR_036200.1	71	17.0822	0	0
NR_036201.1	92	14.5444	0	0
NR_036202.1	81	15.7843	0	0
NR_036203.1	85	15.5396	0	0
NR_036204.1	65	17.8776	0	0
NR_036205.1	65	17.8776	0	0
NR_036206.1	73	16.0795	1	2.79878
NR_036207.1	80	15.4932	2	5.80942
NR_036208.1	69	17.25	0	0
NR_036209.1	72	16.5875	0	0
NR_036210.1	64	17.5957	0	0
NR_036211.1	86	16.0191	0	0
NR_036212.1	91	14.4116	11	34.3497
NR_036213.1	67	17.5357	0	0
NR_036214.1	68	17.931	0	0
NR_036215.1	61	19.9714	0	0
NR_036216.1	76	14.8793	0	0
NR_036217.1	72	16.5875	0	0
NR_036218.1	63	18.1395	0	0
NR_036219.1	90	14.5182	0	0
NR_036220.1	59	18.5	6	14.5956
NR_036221.1	85	15.5396	0	0
NR_036222.1	58	18.0303	0	0
NR_036223.1	99	15.1945	0	0
NR_036224.1	55	19.3077	0	0
NR_036225.1	82	16.1887	0	0
NR_036226.1	54	19.04	0	0
NR_036227.1	87	15.7489	0	0
NR_036228.1	64	17.5957	0	0
NR_036229.1	84	15.6223	2	5.76138
NR_036230.1	83	15.7086	2	5.72975
NR_036231.1	66	18.52	0	0
NR_036232.1	70	16.7714	0	0
NR_036233.1	67	17.5357	0	0
NR_036234.1	64	17.5957	0	0
NR_036235.1	84	15.6223	0	0
NR_036236.1	70	16.7714	0	0
NR_036237.1	87	15.7489	2	5.71508
NR_036238.1	91	14.4116	0	0
NR_036239.1	62	19.3947	0	0
NR_036240.1	84	15.6223	0	0
NR_036241.1	58	18.0303	0	0
NR_036242.1	69	17.25	0	0
NR_036243.1	76	14.8793	0	0
NR_036244.1	67	17.5357	0	0
NR_036245.2	85	15.5396	0	0
NR_036246.1	80	15.4932	0	0
NR_036247.1	81	15.7843	0	0
NR_036248.1	93	14.4286	0	0
NR_036249.1	78	15.0992	0	0
NR_036250.1	67	17.5357	0	0
NR_036251.1	67	17.5357	17	43.6282
NR_036252.1	70	16.7714	0	0
NR_036253.1	95	14.7859	0	0
NR_036254.1	65	17.8776	0	0
NR_036255.1	71	17.0822	0	0
NR_036256.1	105	16.2206	0	0
NR_036257.1	79	15.3333	0	0
NR_036258.1	56	18.3103	0	0
NR_036259.1	99	15.1945	0	0
NR_036260.1	99	15.1945	0	0
NR_036261.1	82	16.1887	0	0
NR_036262.1	85	15.5396	0	0
NR_036263.1	85	15.5396	0	0
NR_036265.1	77	15.2645	0	0
NR_036266.1	138	27.821	0	0
NR_036267.1	138	27.821	0	0
NR_036268.1	138	27.821	0	0
NR_036270.1	80	15.4932	0	0
NR_036271.1	73	16.0795	0	0
NR_036432.1	4292	4064.29	279.405	3.0938
NR_036433.2	2295	2067.29	3.00012	0.06531
NR_036434.2	3542	3314.29	804.547	10.9245
NR_036435.2	3561	3333.29	512.053	6.91327
NR_036436.2	3483	3255.29	105.538	1.45902
NR_036437.2	4516	4288.29	41.4616	0.435115
NR_036438.1	1683	1455.29	28.049	0.867378
NR_036439.2	3208	2980.29	6.53176	0.098631
NR_036440.1	1084	856.293	2.26027	0.11879
NR_036442.3	2046	1818.29	0	0
NR_036443.1	2962	2734.29	641.052	10.5509
NR_036444.1	2693	2465.29	1	0.0182547
NR_036445.1	927	699.293	0	0
NR_036446.1	1670	1442.29	2.04111	0.0636876
NR_036447.2	7541	7313.29	0	0
NR_036448.3	2054	1826.29	5.48189	0.135083
NR_036454.2	2897	2669.29	73.4772	1.23879
NR_036455.1	636	410.055	47	5.1582
NR_036461.1	582	357.279	49.4919	6.23403
NR_036462.2	1421	1193.29	422.808	15.9455
NR_036464.2	3592	3364.29	36.8998	0.493597
NR_036466.2	2403	2175.29	0	0
NR_036467.2	3324	3096.29	174.109	2.53059
NR_036470.1	1779	1551.29	2.07007	0.060053
NR_036471.2	2899	2671.29	201.3	3.39129
NR_036472.2	2946	2718.29	33.0781	0.547629
NR_036473.1	2346	2118.29	244.271	5.18954
NR_036475.2	895	667.361	0	0
NR_036476.1	3459	3231.29	154.047	2.14545
NR_036477.1	3366	3138.29	101.179	1.4509
NR_036478.1	3115	2887.29	50.8083	0.791929
NR_036479.1	2971	2743.29	8.83174	0.144883
NR_036480.1	1753	1525.29	142.31	4.1988
NR_036481.2	3374	3146.29	0	0
NR_036482.1	1691	1463.29	2.87913	0.0885466
NR_036483.2	2053	1825.29	0	0
NR_036484.1	2653	2425.29	0	0
NR_036485.1	2708	2480.29	106.199	1.92691
NR_036486.1	2130	1902.29	0	0
NR_036487.1	1144	916.293	26	1.27697
NR_036488.1	2275	2047.29	70.6212	1.55238
NR_036489.1	3220	2992.29	3	0.045119
NR_036490.1	1504	1276.29	1	0.0352608
NR_036491.2	3304	3076.29	45.2103	0.661381
NR_036492.2	3543	3315.29	537.536	7.29672
NR_036493.2	3567	3339.29	36.213	0.488036
NR_036494.1	4307	4079.29	50.6052	0.55828
NR_036495.1	481	262.672	8	1.37062
NR_036496.1	2557	2329.29	536.224	10.3601
NR_036497.1	2897	2669.29	175.097	2.95206
NR_036498.1	1256	1028.29	3.12575	0.136798
NR_036499.1	3063	2835.29	0	0
NR_036500.1	1086	858.293	52	2.72653
NR_036501.1	4639	4411.29	199.196	2.03216
NR_036502.1	2253	2025.29	0	0
NR_036503.1	2189	1961.29	2	0.0458912
NR_036504.1	1414	1186.29	29.007	1.1004
NR_036505.1	2497	2269.29	0	0
NR_036506.1	626	400.259	3.00162	0.337487
NR_036507.1	2328	2100.29	5	0.107135
NR_036508.1	1897	1669.29	49.7993	1.34256
NR_036510.2	1243	1015.29	213.179	9.4492
NR_036511.1	1700	1472.29	130.249	3.98127
NR_036512.1	617	391.417	0	0
NR_036513.1	374	171.054	0	0
NR_036514.2	1999	1771.29	98.3743	2.49939
NR_036515.2	8403	8175.29	1294.56	7.12626
NR_036516.2	1950	1722.29	48.9653	1.27945
NR_036517.2	1908	1680.29	0	0
NR_036518.2	1834	1606.29	42.6184	1.19403
NR_036519.2	593	367.988	39.1229	4.78454
NR_036520.1	2597	2369.29	21.6447	0.411125
NR_036521.1	1837	1609.29	251.597	7.03578
NR_036522.1	1428	1200.29	14.4033	0.54003
NR_036526.1	3218	2990.29	39.167	0.589452
NR_036527.1	6348	6120.29	29.4841	0.216799
NR_036528.1	6930	6702.29	49.7748	0.334217
NR_036529.1	5797	5569.29	9.57417	0.0773648
NR_036530.1	1876	1648.29	70.6651	1.92936
NR_036531.1	1821	1593.29	12	0.338944
NR_036532.1	1547	1319.29	0	0
NR_036533.1	2516	2288.29	192	3.776
NR_036534.1	2442	2214.29	18	0.36583
NR_036536.2	2414	2186.29	111.83	2.30193
NR_036537.1	2474	2246.29	3.01215	0.0603466
NR_036538.1	1964	1736.29	59	1.52922
NR_036539.1	1161	933.293	56	2.7003
NR_036540.1	1610	1382.29	7	0.227898
NR_036541.2	2144	1916.29	0.000418331	9.82426e-06
NR_036542.2	2784	2556.29	18.4567	0.324926
NR_036543.2	4331	4103.29	346.684	3.80227
NR_036544.2	4292	4064.29	105.9	1.17261
NR_036546.1	2352	2124.29	0	0
NR_036549.1	1422	1194.29	73	2.75077
NR_036551.2	2305	2077.29	3.21345	0.0696171
NR_036553.2	880	652.427	42.5101	2.93226
NR_036555.1	3202	2974.29	3	0.045392
NR_036556.2	2212	1984.29	69.5945	1.57838
NR_036557.1	1873	1645.29	0	0
NR_036562.3	910	682.293	0	0
NR_036564.2	2139	1911.29	124.46	2.93053
NR_036565.2	2090	1862.29	270.235	6.53034
NR_036569.1	3705	3477.29	914.592	11.8366
NR_036570.1	3029	2801.29	381.036	6.12138
NR_036571.3	5347	5119.29	122.362	1.07567
NR_036573.1	3154	2926.29	258.983	3.98287
NR_036575.1	687	460.134	0	0
NR_036577.2	1862	1634.29	0	0
NR_036580.1	744	516.753	0	0
NR_036584.1	1873	1645.29	0	0
NR_036586.1	3067	2839.29	3.00031	0.0475552
NR_036592.1	4382	4154.29	2088	22.6191
NR_036595.1	2671	2443.29	18.0292	0.332081
NR_036608.2	1992	1764.29	582.314	14.8535
NR_036610.2	4684	4456.29	1536.15	15.5133
NR_036611.1	1365	1137.29	0	0
NR_036614.2	4155	3927.29	0	0
NR_036619.1	1882	1654.29	2.00741	0.0546091
NR_036623.2	3339	3111.29	545.539	7.89091
NR_036627.3	3103	2875.29	588.787	9.21548
NR_036632.1	2356	2128.29	6	0.126871
NR_036633.2	7644	7416.29	27.137	0.164671
NR_036634.2	6436	6208.29	90.5386	0.656302
NR_036635.2	1692	1464.29	0	0
NR_036637.2	2644	2416.29	52.8382	0.984103
NR_036638.2	2612	2384.29	0.619221	0.0116877
NR_036639.2	1872	1644.29	55.5583	1.52059
NR_036640.2	1652	1424.29	354.177	11.1909
NR_036641.2	4631	4403.29	1126.84	11.5167
NR_036647.1	8713	8485.29	364.923	1.93543
NR_036650.1	1567	1339.29	250.395	8.41382
NR_036651.2	3010	2782.29	110.461	1.78669
NR_036652.1	1167	939.293	0	0
NR_036658.2	946	718.293	313.134	19.6187
NR_036659.2	504	283.647	330.838	52.4904
NR_036662.2	3581	3353.29	32.8963	0.441487
NR_036676.1	876	648.427	0	0
NR_036677.1	408	198.624	1.00193	0.227011
NR_036678.1	2503	2275.29	1.05142	0.020796
NR_036679.1	1181	953.293	0	0
NR_036680.1	1913	1685.29	22.2723	0.594747
NR_036682.2	1655	1427.29	83.6685	2.6381
NR_036683.1	1216	988.293	0	0
NR_036685.1	575	350.386	0	0
NR_036686.1	496	276.219	0	0
NR_036687.1	496	276.219	0	0
NR_036691.1	1354	1126.29	0	0
NR_036693.3	5248	5020.29	22.7046	0.203529
NR_036695.2	953	725.293	5	0.310241
NR_036750.2	1652	1424.29	253.824	8.02003
NR_036753.1	258	91.0962	0	0
NR_037141.1	619	393.338	1	0.114413
NR_037142.1	747	519.701	0	0
NR_037144.1	1886	1658.29	115.555	3.13597
NR_037146.2	1616	1388.29	45.53	1.47591
NR_037148.2	2518	2290.29	322.541	6.33777
NR_037149.2	1272	1044.29	25.0996	1.08165
NR_037155.3	2272	2044.29	1.53957	0.033892
NR_037157.1	1725	1497.29	10	0.300563
NR_037158.1	2632	2404.29	4.64473	0.0869392
NR_037159.1	1691	1463.29	22.9849	0.706893
NR_037160.1	1688	1460.29	2.33441	0.0719416
NR_037161.1	1348	1120.29	7.68067	0.308539
NR_037162.2	3867	3639.29	138.382	1.71122
NR_037163.2	13944	13716.3	0	0
NR_037164.2	2798	2570.29	11.5131	0.201581
NR_037166.1	1718	1490.29	5.0251	0.151745
NR_037167.1	3008	2780.29	22.1737	0.358913
NR_037168.2	3956	3728.29	1.44485	0.0174403
NR_037169.1	1143	915.293	0	0
NR_037170.1	1074	846.293	5.77178	0.306924
NR_037171.1	616	390.417	8.386	0.966647
NR_037172.1	565	340.768	0	0
NR_037173.1	1498	1270.29	12.9215	0.457775
NR_037174.1	1360	1132.29	10.7221	0.426152
NR_037175.1	1333	1105.29	9.68565	0.39436
NR_037176.1	1272	1044.29	18.7336	0.807311
NR_037177.1	3690	3462.29	379.467	4.93233
NR_037178.1	3591	3363.29	168.682	2.25708
NR_037179.1	2817	2589.29	0	0
NR_037180.1	2722	2494.29	0	0
NR_037181.1	1906	1678.29	0	0
NR_037182.1	877	649.427	28.0313	1.94247
NR_037183.2	1698	1470.29	4	0.122433
NR_037184.1	631	405.178	0	0
NR_037187.2	1496	1268.29	10.3572	0.367508
NR_037188.2	2148	1920.29	263.094	6.16574
NR_037191.1	1875	1647.29	1	0.0273194
NR_037193.2	1651	1423.29	148.997	4.71112
NR_037194.1	3760	3532.29	31	0.394955
NR_037195.1	3690	3462.29	75	0.974854
NR_037400.1	100	15.2776	1	2.94569
NR_037401.1	63	18.1395	0	0
NR_037403.1	80	15.4932	0	0
NR_037404.1	73	16.0795	0	0
NR_037405.1	83	15.7086	0	0
NR_037406.1	87	15.7489	0	0
NR_037407.1	87	15.7489	3	8.57262
NR_037408.1	86	16.0191	0	0
NR_037409.1	87	15.7489	0	0
NR_037410.1	92	14.5444	0	0
NR_037411.1	79	15.3333	0	0
NR_037412.1	88	15.1865	0	0
NR_037413.1	83	15.7086	0	0
NR_037414.1	100	15.2776	0	0
NR_037415.1	79	15.3333	2	5.86997
NR_037416.1	85	15.5396	0	0
NR_037417.1	83	15.7086	0	0
NR_037418.1	95	14.7859	0	0
NR_037419.1	84	15.6223	0	0
NR_037420.1	101	15.5262	0	0
NR_037421.1	180	47.9827	0	0
NR_037422.1	66	18.52	2	4.85994
NR_037423.1	60	18.9714	0	0
NR_037424.1	90	14.5182	0	0
NR_037425.1	131	24.9698	0	0
NR_037427.1	56	18.3103	0	0
NR_037428.1	83	15.7086	0	0
NR_037430.1	117	20.0266	0	0
NR_037431.1	56	18.3103	0	0
NR_037432.1	99	15.1945	0	0
NR_037433.1	100	15.2776	0	0
NR_037434.1	96	14.811	0	0
NR_037435.1	95	14.7859	0	0
NR_037436.1	97	14.9524	0	0
NR_037437.1	99	15.1945	0	0
NR_037438.1	105	16.2206	0	0
NR_037439.1	111	18.1077	0	0
NR_037440.1	74	16.0532	0	0
NR_037441.1	75	15.9406	0	0
NR_037442.1	65	17.8776	0.25	0.629324
NR_037443.1	88	15.1865	1	2.96336
NR_037444.1	82	16.1887	0	0
NR_037445.1	68	17.931	0	0
NR_037446.1	73	16.0795	0	0
NR_037448.1	60	18.9714	4	9.4886
NR_037449.1	94	14.4667	0	0
NR_037450.1	68	17.931	0	0
NR_037451.1	87	15.7489	0	0
NR_037452.1	72	16.5875	0	0
NR_037453.1	84	15.6223	8	23.0455
NR_037454.1	82	16.1887	0	0
NR_037455.1	74	16.0532	0	0
NR_037456.1	62	19.3947	3	6.96113
NR_037457.1	86	16.0191	0	0
NR_037459.1	93	14.4286	0	0
NR_037460.1	78	15.0992	0	0
NR_037461.1	75	15.9406	0	0
NR_037462.1	90	14.5182	0	0
NR_037463.1	69	17.25	0	0
NR_037464.1	45	19	0	0
NR_037465.1	65	17.8776	0	0
NR_037466.1	153	34.6374	0	0
NR_037467.1	153	34.6374	0	0
NR_037468.1	151	33.6891	0	0
NR_037469.1	148	32.2992	1	1.39332
NR_037470.1	126	23.1788	1	1.94156
NR_037471.1	119	20.6954	1	2.17454
NR_037472.1	111	18.1077	0	0
NR_037473.1	109	17.8694	3	7.55533
NR_037474.1	105	16.2206	0	0
NR_037475.1	102	15.661	0	0
NR_037476.1	100	15.2776	0	0
NR_037477.1	99	15.1945	0	0
NR_037478.1	97	14.9524	0	0
NR_037479.1	95	14.7859	0	0
NR_037480.1	94	14.4667	39	121.322
NR_037481.1	93	14.4286	0	0
NR_037482.1	93	14.4286	0	0
NR_037483.1	89	15.2268	0	0
NR_037484.1	86	16.0191	0	0
NR_037485.1	86	16.0191	0	0
NR_037486.1	85	15.5396	0	0
NR_037487.1	84	15.6223	0	0
NR_037488.1	83	15.7086	0	0
NR_037489.1	82	16.1887	0	0
NR_037490.1	81	15.7843	0	0
NR_037491.1	77	15.2645	0	0
NR_037492.1	73	16.0795	0	0
NR_037493.1	71	17.0822	0	0
NR_037494.1	67	17.5357	0	0
NR_037495.1	63	18.1395	0	0
NR_037496.1	58	18.0303	0	0
NR_037497.1	55	19.3077	0	0
NR_037498.1	107	17.0159	3	7.93429
NR_037499.1	104	15.9806	0	0
NR_037500.1	110	17.8467	0	0
NR_037501.1	106	16.543	0	0
NR_037502.1	103	15.7909	0	0
NR_037503.1	110	17.8467	0	0
NR_037504.1	106	16.543	2	5.44073
NR_037505.1	102	15.661	0	0
NR_037506.1	103	15.7909	1	2.84993
NR_037507.1	109	17.8694	0	0
NR_037508.1	100	15.2776	0	0
NR_037509.1	108	17.4905	1	2.573
NR_037510.1	98	15.0506	0	0
NR_037511.1	70	16.7714	0	0
NR_037512.1	77	15.2645	0	0
NR_037513.1	97	14.9524	0	0
NR_037514.1	97	14.9524	0	0
NR_037515.1	97	14.9524	1.98415	5.97182
NR_037516.1	97	14.9524	5.69278	17.1339
NR_037517.1	97	14.9524	4.19862	12.6369
NR_037566.1	2334	2106.29	0	0
NR_037567.1	2096	1868.29	102.984	2.48067
NR_037568.2	1875	1647.29	0	0
NR_037570.3	3130	2902.29	24.3411	0.377434
NR_037573.2	11055	10827.3	29.3393	0.121947
NR_037575.2	1898	1670.29	12.6233	0.340112
NR_037576.2	1667	1439.29	79.9653	2.50032
NR_037577.2	1602	1374.29	179.428	5.87561
NR_037580.2	1755	1527.29	0	0
NR_037582.2	5539	5311.29	100.887	0.854824
NR_037583.2	743	515.753	0	0
NR_037584.2	656	429.76	0	0
NR_037585.1	730	502.753	1.62925e-07	1.45839e-08
NR_037586.1	724	496.802	2	0.181171
NR_037593.1	903	675.361	17.4123	1.16028
NR_037595.1	1132	904.293	515	25.6295
NR_037596.1	4818	4590.29	63.8116	0.625607
NR_037597.1	3330	3102.29	0	0
NR_037598.1	3185	2957.29	0	0
NR_037599.1	2100	1872.29	4.15428	0.0998537
NR_037600.1	1593	1365.29	961.311	31.6869
NR_037601.1	1787	1559.29	246.808	7.12317
NR_037602.1	1497	1269.29	11.8818	0.421272
NR_037605.1	702	474.947	13	1.2318
NR_037606.2	2207	1979.29	11.8823	0.270166
NR_037607.2	1880	1652.29	0	0
NR_037608.1	2218	1990.29	407.34	9.21049
NR_037609.1	2214	1986.29	14.1934	0.321578
NR_037611.1	4671	4443.29	99.4195	1.00695
NR_037612.1	3175	2947.29	53.4352	0.815917
NR_037615.2	3602	3374.29	0	0
NR_037616.1	3352	3124.29	50.9143	0.733382
NR_037618.1	2992	2764.29	173.971	2.83228
NR_037619.1	2019	1791.29	38.5261	0.967901
NR_037620.2	1674	1446.29	155.043	4.82435
NR_037623.2	10568	10340.3	285.487	1.2425
NR_037626.1	882	654.427	1.91648	0.131791
NR_037627.1	858	630.427	0	0
NR_037628.2	2931	2703.29	17.0136	0.283233
NR_037629.1	622	396.338	0	0
NR_037630.1	1048	820.293	85.7854	4.70638
NR_037631.1	733	505.753	113	10.055
NR_037632.1	2524	2296.29	97.6847	1.91444
NR_037633.1	5271	5043.29	11.6205	0.103694
NR_037634.1	4403	4175.29	2.78168	0.0299821
NR_037635.1	2672	2444.29	3.4959	0.0643648
NR_037636.1	2599	2371.29	12.5852	0.238846
NR_037637.1	2540	2312.29	0	0
NR_037638.3	5138	4910.29	0	0
NR_037639.2	6486	6258.29	3.20484	0.0230459
NR_037640.2	6353	6125.29	4.56812	0.0335624
NR_037641.2	6132	5904.29	4.95927	0.0378001
NR_037642.1	2673	2445.29	16.4435	0.302626
NR_037644.1	2732	2504.29	33.3195	0.598764
NR_037645.2	1454	1226.29	30.2758	1.11107
NR_037646.1	6251	6023.29	2855.31	21.3335
NR_037647.2	1730	1502.29	0	0
NR_037648.2	2075	1847.29	99.386	2.4212
NR_037649.2	6906	6678.29	0	0
NR_037650.2	2416	2188.29	9.37105	0.192719
NR_037651.1	1555	1327.29	6.38607	0.216525
NR_037652.2	641	415.014	44.7865	4.85654
NR_037653.2	663	436.717	6.14369	0.633098
NR_037654.2	2382	2154.29	49.0124	1.02387
NR_037655.2	489	269.721	1.77287	0.295805
NR_037656.2	658	431.717	38.5572	4.01928
NR_037657.2	585	360.171	19.0071	2.37493
NR_037658.1	1213	985.293	8.01658	0.366156
NR_037659.2	2875	2647.29	35.3738	0.601343
NR_037660.2	2911	2683.29	190.251	3.19081
NR_037661.1	1689	1461.29	333.181	10.2609
NR_037662.1	722	494.802	1	0.0909517
NR_037663.1	3719	3491.29	0	0
NR_037664.1	3588	3360.29	0	0
NR_037667.2	4464	4236.29	0	0
NR_037668.3	2956	2728.29	26.7726	0.441614
NR_037669.2	1012	784.293	479.955	27.54
NR_037672.1	2477	2249.29	264.564	5.2933
NR_037673.1	1794	1566.29	1864.39	53.5681
NR_037675.2	753	525.701	37.2444	3.18834
NR_037676.1	2246	2018.29	27.1201	0.604712
NR_037687.2	3792	3564.29	40.1472	0.506902
NR_037688.3	1770	1542.29	1288.19	37.5884
NR_037694.1	1053	825.293	0	0
NR_037695.1	838	610.427	0	0
NR_037696.1	701	473.947	0	0
NR_037701.1	3353	3125.29	457	6.58063
NR_037702.2	2933	2705.29	7.30683	0.12155
NR_037703.2	2926	2698.29	25.0268	0.417407
NR_037705.3	11065	10837.3	133.794	0.555593
NR_037709.1	3330	3102.29	247.873	3.59574
NR_037710.2	3553	3325.29	0	0
NR_037711.2	9745	9517.29	124.658	0.589454
NR_037712.2	9610	9382.29	72.0794	0.345736
NR_037713.2	7200	6972.29	309.936	2.0005
NR_037714.1	3904	3676.29	167.13	2.0459
NR_037715.2	820	592.487	53.0837	4.03204
NR_037716.2	599	373.876	417.836	50.2946
NR_037717.1	1909	1681.29	255.266	6.83269
NR_037718.2	1802	1574.29	1649.17	47.1434
NR_037719.1	2050	1822.29	43.5167	1.07468
NR_037771.2	6615	6387.29	53.6669	0.378122
NR_037775.1	1394	1166.29	2.2898	0.0883551
NR_037776.3	1397	1169.29	84.3832	3.24769
NR_037791.1	2849	2621.29	95.376	1.63744
NR_037792.2	1722	1494.29	92.2344	2.77779
NR_037793.2	1610	1382.29	21.9321	0.71404
NR_037801.2	1698	1470.29	0	0
NR_037802.1	3418	3190.29	99.4545	1.40293
NR_037803.3	825	597.427	46.6883	3.51695
NR_037804.1	7788	7560.29	188.36	1.12123
NR_037805.1	2334	2106.29	71.5474	1.52868
NR_037806.1	1662	1434.29	13.4356	0.421561
NR_037807.2	2575	2347.29	110.471	2.11799
NR_037808.1	1019	791.293	5.04277	0.286797
NR_037809.1	2420	2192.29	7	0.143695
NR_037839.1	880	652.427	0	0
NR_037840.3	2491	2263.29	15.4017	0.306245
NR_037841.3	695	468.041	0	0
NR_037842.1	1352	1124.29	1	0.0400279
NR_037843.3	4665	4437.29	0	0
NR_037844.2	4619	4391.29	3.07916	0.031556
NR_037845.1	5619	5391.29	50.6178	0.422525
NR_037846.1	4070	3842.29	159.953	1.87345
NR_037847.1	2490	2262.29	88.6478	1.76344
NR_037849.1	2112	1884.29	41.3302	0.9871
NR_037850.2	3399	3171.29	0	0
NR_037851.2	2439	2211.29	0	0
NR_037852.2	1460	1232.29	120.669	4.4068
NR_037853.1	2305	2077.29	73.254	1.587
NR_037856.1	1267	1039.29	29.5552	1.27979
NR_037857.1	1841	1613.29	10.4774	0.29227
NR_037858.1	1799	1571.29	69.9722	2.00406
NR_037859.2	2582	2354.29	0	0
NR_037860.2	1322	1094.29	27.4819	1.1302
NR_037861.1	2728	2500.29	249.294	4.48707
NR_037862.2	1339	1111.29	99.1546	4.01538
NR_037863.1	1485	1257.29	0	0
NR_037864.1	1734	1506.29	51.1717	1.52884
NR_037866.1	2017	1789.29	1	0.0251513
NR_037868.1	4800	4572.29	26.8312	0.264088
NR_037869.1	1917	1689.29	34	0.905766
NR_037870.1	3294	3066.29	3	0.0440301
NR_037871.2	765	537.541	17.1981	1.43983
NR_037872.2	1619	1391.29	53.9556	1.74526
NR_037873.2	5031	4803.29	16.2316	0.152077
NR_037874.2	2144	1916.29	44.6196	1.04787
NR_037875.1	2517	2289.29	45.0056	0.884722
NR_037876.2	628	402.259	1	0.111876
NR_037877.1	898	670.361	3	0.201398
NR_037878.1	4365	4137.29	7.76247	0.0844356
NR_037881.1	2416	2188.29	0	0
NR_037882.1	5772	5544.29	162.92	1.32242
NR_037883.1	2874	2646.29	0	0
NR_037884.1	4827	4599.29	98.3532	0.962365
NR_037885.3	1084	856.293	0	0
NR_037886.1	2050	1822.29	1	0.0246959
NR_037888.1	2481	2253.29	4.45867	0.0890492
NR_037889.1	1580	1352.29	1	0.0332791
NR_037890.1	1798	1570.29	0	0
NR_037891.1	3647	3419.29	1	0.0131615
NR_037892.2	923	695.293	36.8232	2.38339
NR_037893.1	3497	3269.29	56.9566	0.784029
NR_037894.2	1118	890.293	7.28867	0.368432
NR_037895.1	2175	1947.29	0	0
NR_037896.1	2305	2077.29	0	0
NR_037897.1	3487	3259.29	57.4246	0.792897
NR_037900.2	2920	2692.29	4.01926	0.0671841
NR_037901.1	2598	2370.29	1.03926	0.0197316
NR_037903.3	2451	2223.29	1.86733	0.0377977
NR_037904.1	2972	2744.29	41.8727	0.686661
NR_037909.1	1916	1688.29	45.2482	1.20613
NR_037910.1	1498	1270.29	1.63177	0.0578091
NR_037911.1	661	434.717	14.8412	1.5364
NR_037912.2	1807	1579.29	0.442087	0.0125976
NR_037913.1	4475	4247.29	13.1814	0.139666
NR_037914.1	4471	4243.29	0	0
NR_037915.1	2630	2402.29	40.1641	0.75241
NR_037916.2	7649	7421.29	956.824	5.80223
NR_037917.2	2398	2170.29	226.948	4.70598
NR_037918.2	1645	1417.29	27.7963	0.88261
NR_037921.2	11558	11330.3	350.523	1.39225
NR_037923.1	4838	4610.29	141.096	1.3773
NR_037924.2	2616	2388.29	0	0
NR_037925.1	2107	1879.29	0	0
NR_037926.1	4303	4075.29	175.15	1.93417
NR_037927.1	948	720.293	75.8567	4.73944
NR_037928.1	6285	6057.29	81.0395	0.602089
NR_037929.1	1027	799.293	1147.12	64.5869
NR_037930.1	768	540.541	7.4512	0.620354
NR_037931.2	2435	2207.29	2.10208	0.0428579
NR_037932.1	1829	1601.29	0	0
NR_037933.1	3059	2831.29	2	0.0317898
NR_037934.1	1133	905.293	4.61285	0.22931
NR_037935.2	1665	1437.29	0	0
NR_037936.2	1329	1101.29	22.2856	0.910677
NR_037937.2	1863	1635.29	32.5021	0.894455
NR_037938.1	2200	1972.29	0	0
NR_037939.2	1785	1557.29	260.342	7.52342
NR_037940.1	2110	1882.29	7.50638	0.179467
NR_037941.2	4723	4495.29	1177.96	11.7927
NR_037942.2	4116	3888.29	26.434	0.305947
NR_037943.2	4073	3845.29	0	0
NR_037944.2	4649	4421.29	0	0
NR_037945.1	4048	3820.29	255.761	3.01286
NR_037946.1	4014	3786.29	3686.48	43.8167
NR_037947.2	2971	2743.29	28.6621	0.470194
NR_037950.1	1022	794.293	0	0
NR_037951.1	3612	3384.29	110.202	1.46543
NR_037962.1	3830	3602.29	197.85	2.47171
NR_037969.1	943	715.293	10	0.629156
NR_038033.1	129	24.2036	0	0
NR_038064.2	1984	1756.29	6.39525	0.163871
NR_038072.1	1963	1735.29	0	0
NR_038080.1	2970	2742.29	1	0.0164107
NR_038099.1	2552	2324.29	0	0
NR_038103.2	1171	943.293	133.693	6.3783
NR_038104.2	1204	976.293	0	0
NR_038108.1	2538	2310.29	105.154	2.04834
NR_038109.1	2534	2306.29	2024.22	39.4989
NR_038110.1	2439	2211.29	0	0
NR_038111.1	2435	2207.29	1054.49	21.4994
NR_038118.2	4177	3949.29	148.354	1.69053
NR_038120.2	3490	3262.29	3.53539	0.0487705
NR_038123.2	872	644.427	0	0
NR_038131.2	1356	1128.29	254.067	10.1337
NR_038133.2	2051	1823.29	0	0
NR_038135.2	2819	2591.29	0	0
NR_038150.2	3360	3132.29	86.1339	1.23753
NR_038159.2	15580	15352.3	8.72352	0.0255718
NR_038160.2	15577	15349.3	3.88964	0.0114042
NR_038161.2	15662	15434.3	11.7925	0.0343845
NR_038164.2	2528	2300.29	45.2278	0.88484
NR_038167.1	4755	4527.29	35.2995	0.350891
NR_038174.2	1007	779.293	0	0
NR_038190.2	1603	1375.29	51.6063	1.68869
NR_038192.2	1241	1013.29	146.135	6.49026
NR_038193.2	809	581.487	19.3356	1.49644
NR_038194.1	384	178.976	0	0
NR_038198.2	1394	1166.29	14.8725	0.573878
NR_038201.1	600	374.838	0	0
NR_038202.1	529	306.759	0	0
NR_038203.1	445	230.083	0	0
NR_038204.1	374	171.054	0	0
NR_038205.1	219	68.5314	0	0
NR_038206.1	388	182.168	0	0
NR_038207.1	335	141.797	0	0
NR_038208.1	310	124.224	0	0
NR_038209.1	377	173.351	0	0
NR_038210.1	701	473.947	0	0
NR_038213.1	982	754.293	0	0
NR_038214.1	719	491.852	0	0
NR_038215.1	406	196.92	0	0
NR_038216.1	1717	1489.29	0	0
NR_038217.1	1508	1280.29	0	0
NR_038218.1	1474	1246.29	0	0
NR_038219.1	1687	1459.29	0	0
NR_038220.1	2685	2457.29	0	0
NR_038221.1	2700	2472.29	2	0.0364059
NR_038222.1	3163	2935.29	9.45926	0.145027
NR_038223.1	1867	1639.29	0	0
NR_038224.1	1525	1297.29	0	0
NR_038225.1	1636	1408.29	0	0
NR_038226.1	1648	1420.29	0	0
NR_038227.1	977	749.293	35.5861	2.13733
NR_038228.1	964	736.293	117.414	7.17647
NR_038229.1	2663	2435.29	0	0
NR_038230.1	2533	2305.29	1	0.0195216
NR_038231.1	2454	2226.29	0	0
NR_038232.1	2698	2470.29	0	0
NR_038233.1	1658	1430.29	0	0
NR_038234.1	1328	1100.29	0	0
NR_038235.2	2813	2585.29	0	0
NR_038236.1	2531	2303.29	558	10.9025
NR_038237.1	1034	806.293	32.0548	1.78913
NR_038238.1	1893	1665.29	0	0
NR_038239.1	1639	1411.29	0	0
NR_038240.1	1617	1389.29	0	0
NR_038241.2	4583	4355.29	531.415	5.49109
NR_038242.2	4518	4290.29	16.336	0.171357
NR_038243.2	946	718.293	1	0.0626528
NR_038244.1	4103	3875.29	24.9961	0.290275
NR_038245.1	3997	3769.29	0	0
NR_038246.1	3529	3301.29	2.91789	0.0397766
NR_038247.1	2788	2560.29	0	0
NR_038248.1	2699	2471.29	0	0
NR_038249.1	2524	2296.29	0	0
NR_038250.1	2465	2237.29	55	1.10632
NR_038251.1	1507	1279.29	11	0.386959
NR_038252.3	1820	1592.29	4.23618	0.119727
NR_038253.1	5762	5534.29	801.788	6.51988
NR_038254.1	5662	5434.29	344.222	2.85061
NR_038255.1	5567	5339.29	19.3498	0.163093
NR_038256.1	2261	2033.29	0	0
NR_038257.2	5422	5194.29	0	0
NR_038258.1	4374	4146.29	17.954	0.19487
NR_038259.1	4203	3975.29	0	0
NR_038260.2	1986	1758.29	0	0
NR_038261.2	1716	1488.29	178.721	5.40418
NR_038262.1	2303	2075.29	663.106	14.3796
NR_038263.1	574	349.421	21	2.70466
NR_038264.1	2258	2030.29	6	0.132995
NR_038266.2	814	586.487	6.53669	0.501582
NR_038268.1	1974	1746.29	0	0
NR_038269.1	711	483.852	215	19.9972
NR_038270.2	1223	995.293	98.6536	4.46071
NR_038271.1	2069	1841.29	37.8904	0.92608
NR_038272.1	4607	4379.29	112.301	1.15404
NR_038273.1	2689	2461.29	0.131022	0.00239565
NR_038274.1	2680	2452.29	19.886	0.364937
NR_038275.2	2177	1949.29	9.67896	0.223457
NR_038276.1	2935	2707.29	4	0.0664916
NR_038277.1	2268	2040.29	26.736	0.589719
NR_038278.1	1749	1521.29	25.891	0.765912
NR_038279.1	988	760.293	25.5781	1.51401
NR_038280.1	1084	856.293	25.7404	1.3528
NR_038281.1	2690	2462.29	17.5542	0.320836
NR_038282.1	2676	2448.29	21.3719	0.392846
NR_038283.1	2594	2366.29	0	0
NR_038284.1	4093	3865.29	197.215	2.29615
NR_038285.1	951	723.293	44	2.73767
NR_038286.1	2555	2327.29	58	1.12155
NR_038287.1	2073	1845.29	1	0.024388
NR_038288.1	1245	1017.29	0	0
NR_038289.1	1703	1475.29	1.02673	0.0313198
NR_038290.1	2191	1963.29	0	0
NR_038291.1	3087	2859.29	131.455	2.069
NR_038292.1	2785	2557.29	10.2541	0.180452
NR_038293.1	675	448.496	0	0
NR_038294.1	753	525.701	0	0
NR_038295.1	1472	1244.29	0	0
NR_038296.1	1445	1217.29	3	0.110909
NR_038300.1	750	522.701	0	0
NR_038301.1	1644	1416.29	44.6838	1.41984
NR_038302.1	1505	1277.29	14.3549	0.505769
NR_038303.1	4300	4072.29	0	0
NR_038304.1	4228	4000.29	0	0
NR_038305.1	4206	3978.29	0	0
NR_038306.1	4134	3906.29	22.4587	0.258739
NR_038307.1	4119	3891.29	0	0
NR_038308.1	4080	3852.29	0	0
NR_038309.1	479	260.887	0	0
NR_038310.1	794	566.487	42.1058	3.34499
NR_038311.1	2425	2197.29	0	0
NR_038312.1	2382	2154.29	0	0
NR_038313.1	2401	2173.29	0	0
NR_038314.1	2330	2102.29	0	0
NR_038315.1	2326	2098.29	0	0
NR_038316.1	2287	2059.29	6	0.131122
NR_038319.1	2124	1896.29	0	0
NR_038320.1	2048	1820.29	12.308	0.30429
NR_038321.2	1383	1155.29	0	0
NR_038322.2	1661	1433.29	560.265	17.5914
NR_038323.1	4374	4146.29	76.585	0.831239
NR_038324.1	919	691.293	1	0.0650998
NR_038325.1	3123	2895.29	0	0
NR_038326.1	2738	2510.29	1	0.0179274
NR_038327.2	1617	1389.29	109.692	3.55323
NR_038328.2	677	450.406	2.66882	0.266659
NR_038329.2	1452	1224.29	25.3195	0.930707
NR_038330.1	689	462.088	0	0
NR_038331.1	1200	972.293	0	0
NR_038332.1	701	473.947	1	0.0949538
NR_038333.1	2477	2249.29	0	0
NR_038334.1	2206	1978.29	82	1.86537
NR_038335.2	2929	2701.29	33.7321	0.561972
NR_038337.2	1743	1515.29	0	0
NR_038338.2	1612	1384.29	36.0545	1.17213
NR_038339.2	1455	1227.29	47.7233	1.74994
NR_038340.1	1181	953.293	2.97356	0.140376
NR_038341.1	2129	1901.29	12.0849	0.286047
NR_038342.1	1011	783.293	0	0
NR_038343.2	8498	8270.29	1635.37	8.8989
NR_038344.1	1090	862.293	355.102	18.5328
NR_038345.1	918	690.293	34.8507	2.27206
NR_038346.1	901	673.361	31.4311	2.10065
NR_038351.1	447	231.819	11	2.13543
NR_038352.2	9830	9602.29	562.485	2.6362
NR_038354.2	2177	1949.29	0	0
NR_038355.1	1625	1397.29	1	0.0322073
NR_038356.1	1991	1763.29	0	0
NR_038357.1	1476	1248.29	0	0
NR_038358.1	676	449.451	0	0
NR_038359.1	953	725.293	0	0
NR_038360.4	1071	843.293	0	0
NR_038361.1	1978	1750.29	187.357	4.81727
NR_038362.2	569	344.595	2	0.261194
NR_038364.2	2617	2389.29	46.3924	0.873816
NR_038365.1	3384	3156.29	0	0
NR_038366.1	1052	824.293	112.606	6.14784
NR_038367.1	783	555.487	123.394	9.99682
NR_038369.1	2145	1917.29	0	0
NR_038370.2	2744	2516.29	9.03974	0.161673
NR_038371.1	3484	3256.29	0	0
NR_038372.1	1379	1151.29	0	0
NR_038373.1	2858	2630.29	35.1801	0.601914
NR_038374.1	4014	3786.29	0	0
NR_038375.1	3912	3684.29	0	0
NR_038376.1	3791	3563.29	0	0
NR_038377.1	1207	979.293	0	0
NR_038378.4	1978	1750.29	9.09058	0.233735
NR_038379.1	1059	831.293	13	0.703771
NR_038380.1	4671	4443.29	3.13237	0.0317256
NR_038381.1	2857	2629.29	17.1161	0.29296
NR_038382.1	4309	4081.29	2	0.0220533
NR_038383.1	1825	1597.29	1.00015	0.0281787
NR_038384.1	548	324.67	0	0
NR_038385.1	2509	2281.29	16	0.315632
NR_038386.2	1399	1171.29	5.16481	0.198441
NR_038387.1	3354	3126.29	119	1.71301
NR_038389.1	1701	1473.29	0.774595	0.0236607
NR_038390.1	2642	2414.29	57.0258	1.06298
NR_038391.2	2996	2768.29	24.4541	0.39754
NR_038392.2	3062	2834.29	82.7188	1.31341
NR_038393.1	2434	2206.29	30	0.611928
NR_038394.1	701	473.947	0	0
NR_038395.1	1794	1566.29	1.05072	0.0301896
NR_038396.1	1651	1423.29	68.8086	2.17566
NR_038397.2	7957	7729.29	2338.03	13.6129
NR_038398.2	1915	1687.29	0	0
NR_038399.2	1294	1066.29	0	0
NR_038400.1	727	499.753	0	0
NR_038401.1	2146	1918.29	0	0
NR_038403.1	2445	2217.29	6	0.121778
NR_038404.1	2574	2346.29	0	0
NR_038405.1	849	621.427	1	0.0724189
NR_038406.1	2079	1851.29	0	0
NR_038407.1	1204	976.293	0	0
NR_038408.1	2083	1855.29	2	0.0485132
NR_038409.1	2465	2237.29	0	0
NR_038410.1	2500	2272.29	0	0
NR_038411.1	2295	2067.29	0	0
NR_038412.1	2286	2058.29	0	0
NR_038413.1	2218	1990.29	14.3459	0.324378
NR_038414.1	2468	2240.29	0	0
NR_038415.1	2404	2176.29	11.7005	0.241952
NR_038416.1	2395	2167.29	0	0
NR_038417.1	2267	2039.29	0	0
NR_038418.1	2258	2030.29	0	0
NR_038419.1	1966	1738.29	6.60894	0.1711
NR_038420.1	1678	1450.29	120.122	3.72744
NR_038421.1	501	280.906	1	0.160207
NR_038422.3	1062	834.293	24.8796	1.34205
NR_038423.2	3387	3159.29	0	0
NR_038424.1	673	446.496	0	0
NR_038425.1	2781	2553.29	0	0
NR_038426.1	2860	2632.29	7	0.119676
NR_038427.1	841	613.427	4.03661	0.296139
NR_038428.1	687	460.134	0	0
NR_038429.1	1329	1101.29	221.826	9.06467
NR_038430.1	1372	1144.29	107.926	4.24455
NR_038431.1	1046	818.293	77.2477	4.24833
NR_038432.1	927	699.293	0	0
NR_038433.3	2035	1807.29	0	0
NR_038434.1	1944	1716.29	0	0
NR_038435.1	692	465.041	96.6362	9.3517
NR_038436.1	2056	1828.29	0	0
NR_038437.1	437	223.004	0	0
NR_038438.1	2102	1874.29	0	0
NR_038439.1	1450	1222.29	0	0
NR_038440.1	3655	3427.29	493	6.47348
NR_038441.1	1002	774.293	32	1.85989
NR_038442.1	2141	1913.29	6	0.141128
NR_038444.1	4262	4034.29	0	0
NR_038445.1	1763	1535.29	2.04563	0.0599623
NR_038446.1	5338	5110.29	2.00644	0.0176695
NR_038447.1	653	426.803	0	0
NR_038448.1	1690	1462.29	60.1666	1.85167
NR_038449.1	1329	1101.29	22.9139	0.936349
NR_038450.1	564	339.768	0	0
NR_038452.1	656	429.76	13.5593	1.41989
NR_038453.1	652	425.803	0	0
NR_038454.1	1598	1370.29	0	0
NR_038455.1	1827	1599.29	0	0
NR_038456.2	1318	1090.29	209.119	8.63162
NR_038457.2	1465	1237.29	131.431	4.78045
NR_038458.1	1420	1192.29	6	0.22647
NR_038459.2	1446	1218.29	2.58196	0.0953761
NR_038460.2	2228	2000.29	5.67191	0.127608
NR_038461.1	701	473.947	0	0
NR_038462.1	668	441.629	0	0
NR_038464.1	2171	1943.29	187	4.33057
NR_038826.1	2054	1826.29	0	0
NR_038827.1	596	370.951	3	0.363955
NR_038828.1	512	290.943	0	0
NR_038829.1	2128	1900.29	0	0
NR_038830.2	731	503.753	25.316	2.26162
NR_038831.1	3992	3764.29	0	0
NR_038832.1	3918	3690.29	22.4773	0.27411
NR_038833.1	967	739.293	1	0.0608731
NR_038835.1	992	764.293	0	0
NR_038836.1	864	636.427	0	0
NR_038837.1	2127	1899.29	0	0
NR_038838.1	1785	1557.29	0	0
NR_038839.1	1690	1462.29	0	0
NR_038840.1	1666	1438.29	4	0.125157
NR_038841.1	1945	1717.29	39.0619	1.02365
NR_038842.1	1443	1215.29	76	2.81433
NR_038844.1	2100	1872.29	2	0.0480727
NR_038845.1	1642	1414.29	4	0.127281
NR_038846.1	2181	1953.29	0	0
NR_038848.1	1120	892.293	2	0.100871
NR_038849.1	1154	926.293	369.728	17.9629
NR_038850.1	812	584.487	1	0.0769959
NR_038851.1	1194	966.293	0	0
NR_038852.1	741	513.753	0	0
NR_038853.1	563	338.802	0	0
NR_038854.1	1897	1669.29	406	10.9455
NR_038855.1	445	230.083	0	0
NR_038856.1	3793	3565.29	1	0.0126225
NR_038857.1	1644	1416.29	0	0
NR_038859.1	1797	1569.29	16.0103	0.459131
NR_038862.1	2162	1934.29	2.14155	0.0498251
NR_038863.2	2764	2536.29	7	0.124206
NR_038864.1	3629	3401.29	15	0.198468
NR_038865.1	1913	1685.29	44.4802	1.18777
NR_038866.1	2603	2375.29	4.83487	0.091603
NR_038867.1	1928	1700.29	0	0
NR_038868.1	1406	1178.29	1	0.0381934
NR_038869.1	1640	1412.29	0	0
NR_038870.1	453	236.993	0	0
NR_038871.1	518	296.555	0	0
NR_038872.1	632	406.137	0	0
NR_038873.1	2636	2408.29	2	0.0373734
NR_038874.1	2999	2771.29	0	0
NR_038875.2	3727	3499.29	0	0
NR_038876.1	3586	3358.29	1	0.0134006
NR_038877.1	1630	1402.29	1.47143	0.0472217
NR_038878.1	3434	3206.29	17.5224	0.245943
NR_038879.1	3548	3320.29	39.4013	0.534043
NR_038880.1	2946	2718.29	6.61394	0.109498
NR_038881.1	3727	3499.29	2.74258	0.0352712
NR_038882.1	2720	2492.29	1	0.0180569
NR_038883.2	2657	2429.29	0.000824514	1.52743e-05
NR_038884.1	5535	5307.29	2	0.016959
NR_038885.1	2564	2336.29	109.021	2.10003
NR_038886.1	779	551.487	13.7404	1.12126
NR_038887.1	3122	2894.29	0	0
NR_038888.1	3108	2880.29	48.2611	0.754055
NR_038889.1	3871	3643.29	100	1.23523
NR_038890.1	2138	1910.29	0	0
NR_038891.1	1416	1188.29	0	0
NR_038892.1	1575	1347.29	35.9278	1.20008
NR_038893.1	1500	1272.29	11.4561	0.405222
NR_038894.1	743	515.753	4.00878	0.349794
NR_038895.1	1258	1030.29	0	0
NR_038896.1	1640	1412.29	0	0
NR_038897.1	3140	2912.29	23	0.355414
NR_038898.1	1282	1054.29	0	0
NR_038899.1	1184	956.293	0	0
NR_038900.1	1153	925.293	0	0
NR_038901.1	1058	830.293	0	0
NR_038902.1	1920	1692.29	2	0.0531859
NR_038903.1	673	446.496	90.8472	9.15664
NR_038904.1	1576	1348.29	6.89301	0.230074
NR_038905.1	1218	990.293	3	0.136333
NR_038906.1	2979	2751.29	0	0
NR_038907.1	1931	1703.29	5	0.132106
NR_038908.1	1319	1091.29	16	0.659813
NR_038909.1	1540	1312.29	14.199	0.486933
NR_038910.1	2550	2322.29	124.939	2.42116
NR_038911.1	2192	1964.29	142.936	3.27474
NR_038912.1	878	650.427	2	0.13838
NR_038913.1	1237	1009.29	2	0.0891774
NR_038914.1	824	596.427	0	0
NR_038915.1	1600	1372.29	0	0
NR_038916.1	1401	1173.29	11	0.421918
NR_038917.1	1436	1208.29	1	0.0372452
NR_038918.1	1558	1330.29	7	0.236806
NR_038919.1	1013	785.293	0	0
NR_038920.1	1743	1515.29	4.09166	0.121519
NR_038921.1	6477	6249.29	33.5053	0.241282
NR_038923.1	1194	966.293	28	1.30404
NR_038924.1	778	550.487	33.7539	2.75943
NR_038925.1	5714	5486.29	125.095	1.02613
NR_038926.1	808	580.487	0	0
NR_038927.2	2031	1803.29	4.15607	0.103719
NR_038928.1	2303	2075.29	0	0
NR_038929.1	828	600.427	1	0.0749517
NR_038930.1	1737	1509.29	0	0
NR_038931.1	2432	2204.29	0	0
NR_038932.1	2967	2739.29	0	0
NR_038934.2	873	645.427	136.3	9.50365
NR_038935.1	1377	1149.29	10	0.391572
NR_038937.1	1622	1394.29	3.59671	0.11609
NR_038938.1	1337	1109.29	10.8057	0.438378
NR_038939.1	1787	1559.29	23.8392	0.688028
NR_038940.1	2023	1795.29	1.43911	0.0360747
NR_038941.1	973	745.293	5.05198	0.305054
NR_038942.1	1432	1204.29	45	1.6816
NR_038943.1	1280	1052.29	11.0645	0.47319
NR_038944.1	4015	3787.29	0	0
NR_038945.1	2714	2486.29	2.06193	0.0373218
NR_038946.1	2264	2036.29	0	0
NR_038947.1	2083	1855.29	1	0.0242566
NR_038948.2	1577	1349.29	0	0
NR_038949.1	2775	2547.29	1	0.017667
NR_038950.1	1108	880.293	0	0
NR_038951.1	2131	1903.29	21.4217	0.506512
NR_038952.1	1976	1748.29	4.62397	0.119026
NR_038953.1	1181	953.293	12.5944	0.594556
NR_038954.1	992	764.293	2.54741	0.149997
NR_038955.1	2123	1895.29	155.02	3.6809
NR_038956.1	1338	1110.29	173.375	7.02735
NR_038957.1	1313	1085.29	75.6247	3.13588
NR_038958.1	2945	2717.29	3.35381	0.055545
NR_038962.1	1823	1595.29	0	0
NR_038963.1	1615	1387.29	4	0.129758
NR_038964.1	1817	1589.29	0	0
NR_038965.1	3721	3493.29	0	0
NR_038966.1	4319	4091.29	0	0
NR_038967.1	2911	2683.29	399.104	6.69361
NR_038968.1	1773	1545.29	1	0.0291227
NR_038969.1	2939	2711.29	42.1471	0.699574
NR_038970.1	5439	5211.29	502.698	4.34115
NR_038971.1	2159	1931.29	87.3271	2.0349
NR_038972.1	2291	2063.29	2	0.0436226
NR_038973.1	2013	1785.29	0	0
NR_038974.1	474	256.047	7	1.23033
NR_038975.1	617	391.417	2	0.22995
NR_038976.1	1995	1767.29	2	0.0509288
NR_038977.1	2347	2119.29	16.5779	0.35203
NR_038978.1	2879	2651.29	42	0.712909
NR_038979.1	2397	2169.29	7.45584	0.154675
NR_038980.1	1200	972.293	7.54416	0.349185
NR_038981.2	955	727.293	0	0
NR_038982.1	1957	1729.29	1.13866	0.0296324
NR_038983.1	746	518.701	0	0
NR_038984.1	690	463.088	1	0.0971805
NR_038985.1	2830	2602.29	198	3.42414
NR_038986.1	2102	1874.29	1	0.0240107
NR_038987.1	1903	1675.29	2	0.0537256
NR_038988.2	3492	3264.29	22.3352	0.307924
NR_038989.1	3165	2937.29	3.60674	0.0552599
NR_038990.1	1416	1188.29	0	0
NR_038991.1	2484	2256.29	36.514	0.728293
NR_038992.1	2925	2697.29	0	0
NR_038993.1	1719	1491.29	2	0.0603544
NR_038994.1	3061	2833.29	0	0
NR_038995.1	2092	1864.29	28	0.675906
NR_038996.1	978	750.293	0	0
NR_038997.1	693	466.041	0	0
NR_038998.1	1333	1105.29	12.6877	0.516594
NR_039600.1	95	14.7859	0	0
NR_039601.1	96	14.811	0	0
NR_039602.1	98	15.0506	0	0
NR_039603.1	105	16.2206	0	0
NR_039604.1	110	17.8467	0	0
NR_039605.1	70	16.7714	0	0
NR_039607.1	50	21.5	0	0
NR_039608.1	54	19.04	0	0
NR_039609.1	79	15.3333	0	0
NR_039610.1	60	18.9714	0	0
NR_039611.1	84	15.6223	0	0
NR_039613.1	62	19.3947	0	0
NR_039615.1	78	15.0992	0	0
NR_039616.1	77	15.2645	0	0
NR_039617.1	69	17.25	0	0
NR_039618.1	83	15.7086	0	0
NR_039619.1	80	15.4932	0	0
NR_039620.1	41	18.9231	0	0
NR_039621.1	88	15.1865	0	0
NR_039622.1	86	16.0191	0	0
NR_039623.1	84	15.6223	0	0
NR_039624.1	63	18.1395	0	0
NR_039625.1	68	17.931	0	0
NR_039626.1	73	16.0795	0	0
NR_039627.1	73	16.0795	0	0
NR_039628.1	49	21.7059	0	0
NR_039629.1	82	16.1887	0	0
NR_039630.1	94	14.4667	0	0
NR_039631.1	84	15.6223	0	0
NR_039632.1	81	15.7843	0	0
NR_039633.1	53	19.6087	0	0
NR_039634.1	80	15.4932	2	5.80942
NR_039635.1	85	15.5396	0	0
NR_039636.1	74	16.0532	0	0
NR_039637.1	60	18.9714	0	0
NR_039638.1	70	16.7714	0	0
NR_039639.1	67	17.5357	0	0
NR_039640.1	93	14.4286	0	0
NR_039641.1	80	15.4932	0	0
NR_039642.1	98	15.0506	1	2.99012
NR_039643.1	100	15.2776	0	0
NR_039644.1	67	17.5357	0	0
NR_039645.1	53	19.6087	0	0
NR_039646.1	74	16.0532	0	0
NR_039647.1	70	16.7714	0	0
NR_039648.1	67	17.5357	0	0
NR_039649.1	91	14.4116	0	0
NR_039650.1	86	16.0191	0	0
NR_039651.1	66	18.52	1	2.42997
NR_039652.1	66	18.52	0	0
NR_039653.1	64	17.5957	0	0
NR_039654.1	65	17.8776	0	0
NR_039655.1	76	14.8793	0	0
NR_039656.1	66	18.52	0	0
NR_039657.1	71	17.0822	0	0
NR_039658.1	89	15.2268	0	0
NR_039659.1	55	19.3077	0	0
NR_039660.1	58	18.0303	0	0
NR_039661.1	43	19.5714	0	0
NR_039662.1	68	17.931	0	0
NR_039663.1	75	15.9406	0	0
NR_039665.1	86	16.0191	0	0
NR_039667.1	83	15.7086	1	2.86487
NR_039668.1	68	17.931	0	0
NR_039669.1	58	18.0303	0	0
NR_039670.1	67	17.5357	0	0
NR_039671.1	92	14.5444	0	0
NR_039672.1	88	15.1865	0	0
NR_039673.1	72	16.5875	0	0
NR_039674.1	92	14.5444	1.65232	5.11258
NR_039675.1	70	16.7714	0	0
NR_039676.1	54	19.04	0	0
NR_039677.1	63	18.1395	3	7.44282
NR_039678.1	64	17.5957	0	0
NR_039679.1	79	15.3333	0	0
NR_039680.1	72	16.5875	0	0
NR_039681.1	83	15.7086	0	0
NR_039682.1	80	15.4932	0	0
NR_039683.1	67	17.5357	0	0
NR_039684.1	91	14.4116	0	0
NR_039685.1	78	15.0992	0	0
NR_039686.1	61	19.9714	0	0
NR_039687.1	70	16.7714	0	0
NR_039688.1	81	15.7843	2.5	7.12782
NR_039689.1	81	15.7843	2.5	7.12782
NR_039690.1	86	16.0191	0	0
NR_039691.1	72	16.5875	0	0
NR_039692.1	100	15.2776	3	8.83708
NR_039693.1	74	16.0532	0	0
NR_039694.1	80	15.4932	0	0
NR_039695.1	72	16.5875	0	0
NR_039696.1	66	18.52	0	0
NR_039697.1	71	17.0822	0	0
NR_039698.2	56	18.3103	0	0
NR_039699.1	57	18.129	0	0
NR_039700.1	71	17.0822	0	0
NR_039701.1	60	18.9714	0	0
NR_039702.1	70	16.7714	20	53.6664
NR_039703.1	62	19.3947	0	0
NR_039704.1	83	15.7086	0	0
NR_039705.1	57	18.129	1	2.48238
NR_039706.1	63	18.1395	0	0
NR_039707.1	73	16.0795	0	0
NR_039708.1	62	19.3947	0	0
NR_039709.1	62	19.3947	0	0
NR_039710.1	97	14.9524	2	6.01952
NR_039711.1	84	15.6223	0	0
NR_039712.1	68	17.931	0	0
NR_039713.1	80	15.4932	24	69.713
NR_039714.1	73	16.0795	0	0
NR_039715.1	84	15.6223	0	0
NR_039716.1	66	18.52	0	0
NR_039717.1	61	19.9714	0	0
NR_039718.1	89	15.2268	0	0
NR_039719.1	66	18.52	0	0
NR_039721.1	69	17.25	0	0
NR_039722.1	76	14.8793	0	0
NR_039723.1	64	17.5957	0	0
NR_039724.1	81	15.7843	0	0
NR_039725.1	83	15.7086	0	0
NR_039726.1	92	14.5444	0	0
NR_039727.1	73	16.0795	0	0
NR_039728.1	77	15.2645	0	0
NR_039729.1	84	15.6223	0	0
NR_039730.1	52	20.381	0	0
NR_039731.1	70	16.7714	0	0
NR_039732.1	94	14.4667	0	0
NR_039733.1	94	14.4667	0	0
NR_039734.1	94	14.4667	0	0
NR_039735.1	68	17.931	0	0
NR_039736.1	87	15.7489	0	0
NR_039737.1	77	15.2645	0	0
NR_039738.1	86	16.0191	0	0
NR_039739.1	57	18.129	0	0
NR_039740.1	81	15.7843	0	0
NR_039741.1	86	16.0191	0	0
NR_039742.1	79	15.3333	22	64.5696
NR_039743.1	83	15.7086	0	0
NR_039744.1	58	18.0303	2	4.99194
NR_039745.1	70	16.7714	0	0
NR_039746.1	60	18.9714	0	0
NR_039747.1	75	15.9406	0	0
NR_039748.1	87	15.7489	0	0
NR_039749.1	69	17.25	0	0
NR_039750.1	69	17.25	0	0
NR_039751.1	75	15.9406	0	0
NR_039752.1	87	15.7489	0	0
NR_039753.1	70	16.7714	0	0
NR_039754.1	78	15.0992	0	0
NR_039755.1	56	18.3103	0	0
NR_039756.1	47	21	0	0
NR_039758.1	71	17.0822	0	0
NR_039759.1	60	18.9714	0	0
NR_039760.1	76	14.8793	0	0
NR_039761.1	59	18.5	0	0
NR_039762.1	74	16.0532	0	0
NR_039763.1	53	19.6087	0	0
NR_039764.2	88	15.1865	0	0
NR_039765.1	83	15.7086	0	0
NR_039766.1	55	19.3077	0	0
NR_039767.1	91	14.4116	1	3.1227
NR_039768.1	87	15.7489	0	0
NR_039769.1	107	17.0159	0	0
NR_039770.1	96	14.811	0	0
NR_039771.1	70	16.7714	0	0
NR_039772.1	139	28.2339	0	0
NR_039773.1	70	16.7714	0	0
NR_039774.1	101	15.5262	0	0
NR_039775.2	61	19.9714	0	0
NR_039776.1	79	15.3333	0	0
NR_039777.1	54	19.04	0	0
NR_039778.1	79	15.3333	0	0
NR_039779.1	80	15.4932	0	0
NR_039780.1	84	15.6223	0	0
NR_039781.1	68	17.931	0	0
NR_039782.2	69	17.25	0	0
NR_039783.1	90	14.5182	0	0
NR_039784.2	66	18.52	0	0
NR_039785.1	82	16.1887	0	0
NR_039786.1	78	15.0992	0	0
NR_039787.1	84	15.6223	0	0
NR_039788.1	77	15.2645	0	0
NR_039789.1	63	18.1395	0	0
NR_039790.1	80	15.4932	0	0
NR_039791.2	72	16.5875	0	0
NR_039792.2	64	17.5957	2	5.11522
NR_039793.1	76	14.8793	0	0
NR_039794.1	76	14.8793	0	0
NR_039795.1	73	16.0795	0	0
NR_039796.1	78	15.0992	0	0
NR_039797.1	83	15.7086	9	25.7839
NR_039798.1	76	14.8793	0	0
NR_039799.1	74	16.0532	0	0
NR_039800.1	75	15.9406	1	2.82318
NR_039801.1	53	19.6087	0	0
NR_039802.1	65	17.8776	0	0
NR_039803.1	81	15.7843	0	0
NR_039804.1	74	16.0532	0	0
NR_039805.1	75	15.9406	0	0
NR_039806.1	67	17.5357	0	0
NR_039807.1	73	16.0795	0	0
NR_039808.1	76	14.8793	0	0
NR_039809.1	81	15.7843	0	0
NR_039810.1	71	17.0822	3	7.90351
NR_039811.1	79	15.3333	0	0
NR_039812.1	79	15.3333	0	0
NR_039813.2	66	18.52	0	0
NR_039814.1	70	16.7714	0	0
NR_039815.1	88	15.1865	0	0
NR_039816.1	62	19.3947	0	0
NR_039817.1	75	15.9406	0	0
NR_039818.1	73	16.0795	0	0
NR_039819.1	81	15.7843	2	5.70225
NR_039820.1	59	18.5	0	0
NR_039821.1	87	15.7489	0	0
NR_039822.1	77	15.2645	0	0
NR_039823.1	72	16.5875	0	0
NR_039824.1	80	15.4932	4	11.6188
NR_039825.1	74	16.0532	0	0
NR_039826.1	75	15.9406	0	0
NR_039827.1	77	15.2645	0	0
NR_039828.2	66	18.52	0	0
NR_039829.1	72	16.5875	0	0
NR_039830.1	80	15.4932	0	0
NR_039831.1	81	15.7843	0	0
NR_039832.1	82	16.1887	0	0
NR_039833.2	69	17.25	2	5.21775
NR_039834.1	76	14.8793	0	0
NR_039835.1	80	15.4932	0	0
NR_039836.1	84	15.6223	0	0
NR_039837.1	83	15.7086	0	0
NR_039838.1	70	16.7714	0	0
NR_039839.1	60	18.9714	0	0
NR_039840.1	85	15.5396	13	37.6483
NR_039841.1	63	18.1395	0	0
NR_039842.1	75	15.9406	0	0
NR_039843.1	80	15.4932	0	0
NR_039844.2	74	16.0532	0	0
NR_039845.1	70	16.7714	0	0
NR_039846.1	78	15.0992	0	0
NR_039847.1	80	15.4932	0	0
NR_039848.1	74	16.0532	0	0
NR_039849.1	74	16.0532	0	0
NR_039850.2	63	18.1395	4	9.92376
NR_039851.1	80	15.4932	0	0
NR_039852.1	79	15.3333	0	0
NR_039853.1	75	15.9406	0	0
NR_039854.1	71	17.0822	0	0
NR_039855.1	82	16.1887	0	0
NR_039856.1	80	15.4932	0	0
NR_039857.1	67	17.5357	0	0
NR_039858.1	72	16.5875	0	0
NR_039859.1	86	16.0191	0	0
NR_039860.1	56	18.3103	0	0
NR_039861.1	70	16.7714	0	0
NR_039862.1	82	16.1887	7	19.4594
NR_039863.1	75	15.9406	0	0
NR_039864.1	77	15.2645	0	0
NR_039865.1	79	15.3333	0	0
NR_039866.1	84	15.6223	0	0
NR_039867.1	78	15.0992	0	0
NR_039868.1	72	16.5875	0	0
NR_039869.1	51	20.35	0	0
NR_039870.1	84	15.6223	0	0
NR_039871.1	76	14.8793	0	0
NR_039872.1	89	15.2268	1	2.95553
NR_039873.1	60	18.9714	0	0
NR_039874.1	54	19.04	0	0
NR_039875.2	81	15.7843	0	0
NR_039876.1	68	17.931	0	0
NR_039877.1	89	15.2268	0	0
NR_039878.1	90	14.5182	0	0
NR_039879.1	58	18.0303	0	0
NR_039880.1	55	19.3077	0	0
NR_039881.2	67	17.5357	2	5.13274
NR_039882.1	72	16.5875	0	0
NR_039883.1	76	14.8793	1	3.02454
NR_039884.1	70	16.7714	0	0
NR_039885.1	76	14.8793	0	0
NR_039886.1	76	14.8793	0	0
NR_039887.1	70	16.7714	0	0
NR_039888.1	69	17.25	0	0
NR_039889.1	47	21	0	0
NR_039890.1	81	15.7843	0	0
NR_039891.2	66	18.52	72	174.958
NR_039892.1	87	15.7489	2	5.71508
NR_039893.1	74	16.0532	0	0
NR_039894.1	63	18.1395	3	7.44282
NR_039895.1	90	14.5182	0	0
NR_039896.1	85	15.5396	0	0
NR_039897.2	69	17.25	0	0
NR_039898.1	82	16.1887	0	0
NR_039899.1	73	16.0795	0	0
NR_039900.2	62	19.3947	0	0
NR_039901.1	71	17.0822	0	0
NR_039902.1	54	19.04	0	0
NR_039903.1	82	16.1887	0	0
NR_039904.2	61	19.9714	0	0
NR_039905.2	56	18.3103	0	0
NR_039906.1	74	16.0532	0	0
NR_039907.1	72	16.5875	0	0
NR_039908.1	83	15.7086	0	0
NR_039909.1	66	18.52	0	0
NR_039910.1	89	15.2268	1	2.95553
NR_039911.1	72	16.5875	0	0
NR_039912.1	73	16.0795	0	0
NR_039913.1	78	15.0992	0	0
NR_039914.1	77	15.2645	0	0
NR_039915.2	71	17.0822	0	0
NR_039916.1	83	15.7086	0	0
NR_039917.1	80	15.4932	0	0
NR_039918.1	82	16.1887	0	0
NR_039919.1	75	15.9406	0	0
NR_039920.1	92	14.5444	0	0
NR_039921.1	88	15.1865	0	0
NR_039922.1	77	15.2645	0	0
NR_039923.1	76	14.8793	0	0
NR_039924.1	78	15.0992	0	0
NR_039925.1	74	16.0532	0	0
NR_039926.1	77	15.2645	0	0
NR_039927.1	58	18.0303	0	0
NR_039928.1	74	16.0532	0	0
NR_039929.1	74	16.0532	0	0
NR_039930.1	78	15.0992	0	0
NR_039931.1	78	15.0992	0	0
NR_039932.1	78	15.0992	0	0
NR_039933.1	76	14.8793	0	0
NR_039934.1	75	15.9406	0	0
NR_039935.1	80	15.4932	0	0
NR_039936.1	80	15.4932	0	0
NR_039937.1	86	16.0191	0	0
NR_039938.1	80	15.4932	0	0
NR_039939.1	83	15.7086	0	0
NR_039940.1	81	15.7843	0	0
NR_039941.1	91	14.4116	1.5	4.68405
NR_039942.1	76	14.8793	0	0
NR_039943.1	79	15.3333	0	0
NR_039944.1	82	16.1887	0	0
NR_039945.1	77	15.2645	25	73.7057
NR_039946.1	73	16.0795	75	209.908
NR_039947.1	69	17.25	0	0
NR_039948.1	81	15.7843	0	0
NR_039949.1	80	15.4932	2	5.80942
NR_039950.1	84	15.6223	0	0
NR_039951.1	80	15.4932	0	0
NR_039952.1	82	16.1887	0	0
NR_039953.1	79	15.3333	0	0
NR_039954.1	84	15.6223	0	0
NR_039956.1	87	15.7489	0	0
NR_039957.1	77	15.2645	0	0
NR_039958.1	89	15.2268	0	0
NR_039959.1	81	15.7843	0	0
NR_039960.1	71	17.0822	0	0
NR_039961.1	75	15.9406	0	0
NR_039962.1	74	16.0532	0	0
NR_039963.1	87	15.7489	0	0
NR_039964.1	80	15.4932	0	0
NR_039965.1	82	16.1887	0	0
NR_039966.1	80	15.4932	0	0
NR_039967.1	74	16.0532	0	0
NR_039968.1	73	16.0795	0	0
NR_039969.1	100	15.2776	669	1970.67
NR_039974.1	2091	1863.29	2	0.0483049
NR_039975.1	1529	1301.29	0	0
NR_039976.1	1516	1288.29	0	0
NR_039977.1	1296	1068.29	0	0
NR_039978.1	984	756.293	10.6627	0.634484
NR_039979.1	1503	1275.29	1.83717	0.0648308
NR_039980.1	2328	2100.29	116.228	2.49043
NR_039981.2	9419	9191.29	119.043	0.582868
NR_039982.1	4320	4092.29	9	0.0989733
NR_039983.2	5474	5246.29	31.0468	0.266322
NR_039984.1	1591	1363.29	0	0
NR_039985.1	1386	1158.29	134	5.20629
NR_039986.1	2367	2139.29	25	0.525911
NR_039987.1	2911	2683.29	0	0
NR_039989.1	3260	3032.29	109	1.6177
NR_039990.1	1052	824.293	24	1.3103
NR_039991.1	1702	1474.29	3	0.0915756
NR_039992.2	3555	3327.29	0	0
NR_039993.1	739	511.753	12.1736	1.07054
NR_039994.2	697	469.994	3.3125	0.31718
NR_039995.1	617	391.417	7.60769	0.874693
NR_039996.1	2903	2675.29	2	0.0336435
NR_039997.1	1484	1256.29	12.07	0.432374
NR_039998.1	2611	2383.29	2	0.0377655
NR_039999.1	2093	1865.29	9.56513	0.230774
NR_040000.1	1851	1623.29	0	0
NR_040001.3	1085	857.293	988.523	51.8919
NR_040002.1	964	736.293	14	0.855696
NR_040003.3	2113	1885.29	0	0
NR_040004.1	1333	1105.29	107.213	4.36527
NR_040005.1	1282	1054.29	356.44	15.2148
NR_040008.2	2882	2654.29	0	0
NR_040009.2	3885	3657.29	27.6426	0.340143
NR_040011.2	699	471.947	0.000183116	1.74613e-05
NR_040012.1	1379	1151.29	14.1581	0.553427
NR_040013.1	1058	830.293	7	0.37941
NR_040015.1	1716	1488.29	0	0
NR_040016.2	3092	2864.29	363.123	5.7053
NR_040017.1	2177	1949.29	0	0
NR_040018.1	970	742.293	0	0
NR_040019.1	923	695.293	2	0.129451
NR_040020.1	2489	2261.29	0	0
NR_040021.1	2112	1884.29	4.00211	0.0955836
NR_040022.1	3908	3680.29	37.698	0.460976
NR_040023.1	8336	8108.29	358.525	1.9899
NR_040024.1	1309	1081.29	36.0059	1.49856
NR_040025.1	2093	1865.29	0	0
NR_040026.1	1884	1656.29	0	0
NR_040027.1	1068	840.293	15.3674	0.823021
NR_040028.1	874	646.427	9.63263	0.670606
NR_040029.2	2582	2354.29	0	0
NR_040030.1	1041	813.293	0	0
NR_040031.1	2196	1968.29	0	0
NR_040032.3	72	16.5875	0	0
NR_040033.1	2321	2093.29	7	0.150491
NR_040034.1	2809	2581.29	0	0
NR_040035.1	1927	1699.29	0	0
NR_040036.1	1948	1720.29	2	0.0523202
NR_040037.1	2161	1933.29	5.53629	0.128873
NR_040038.1	2609	2381.29	0	0
NR_040039.1	3442	3214.29	2.74296	0.038404
NR_040040.1	2408	2180.29	55.6506	1.14868
NR_040041.1	1320	1092.29	1.21943	0.0502413
NR_040042.1	522	300.222	2	0.299799
NR_040043.1	1061	833.293	0	0
NR_040044.1	2315	2087.29	2	0.043121
NR_040045.1	2483	2255.29	0	0
NR_040046.1	3312	3084.29	18.3612	0.267909
NR_040047.1	2509	2281.29	9.60162	0.189411
NR_040048.1	2471	2243.29	66.3858	1.33178
NR_040049.1	2256	2028.29	0	0
NR_040050.1	4232	4004.29	0	0
NR_040051.1	5966	5738.29	23.0575	0.18083
NR_040052.1	5762	5534.29	49.4384	0.402017
NR_040053.2	5879	5651.29	41.4253	0.329883
NR_040054.1	806	578.487	15.2426	1.18579
NR_040055.1	456	239.672	1	0.187769
NR_040056.1	317	129.052	0.481446	0.16789
NR_040057.1	1445	1217.29	7.00014	0.258794
NR_040058.1	1156	928.293	35.0235	1.69792
NR_040059.1	2819	2591.29	25.6801	0.445987
NR_040060.1	2536	2308.29	4.99942	0.0974699
NR_040061.1	723	495.802	0	0
NR_040062.1	572	347.526	9.14258	1.18392
NR_040063.1	2468	2240.29	10	0.20088
NR_040064.1	1445	1217.29	26	0.961215
NR_040065.1	568	343.63	0	0
NR_040066.1	2501	2273.29	42.1129	0.833685
NR_040067.1	2379	2151.29	0	0
NR_040068.1	2316	2088.29	398.326	8.584
NR_040069.1	2194	1966.29	0	0
NR_040070.1	2194	1966.29	419.795	9.60795
NR_040072.2	3261	3033.29	27.1955	0.403483
NR_040073.1	604	378.687	1	0.11884
NR_040074.1	1799	1571.29	0	0
NR_040075.1	3188	2960.29	0	0
NR_040076.1	1675	1447.29	5	0.155473
NR_040077.1	2247	2019.29	25	0.557164
NR_040078.1	1768	1540.29	1	0.0292172
NR_040079.2	2967	2739.29	2.01628	0.0331248
NR_040080.1	1635	1407.29	0	0
NR_040081.1	1297	1069.29	5	0.210434
NR_040082.1	1967	1739.29	0	0
NR_040083.2	3335	3107.29	16.8849	0.244545
NR_040084.1	1221	993.293	201.232	9.11722
NR_040085.1	3516	3288.29	13.9036	0.190282
NR_040087.3	2902	2674.29	33.4711	0.563252
NR_040089.1	651	424.846	18	1.9067
NR_040090.1	2429	2201.29	1.34398	0.0274761
NR_040091.1	3213	2985.29	85.4287	1.28783
NR_040092.1	2296	2068.29	100.554	2.18791
NR_040093.1	5525	5297.29	940.055	7.98623
NR_040094.1	3417	3189.29	0	0
NR_040095.1	1224	996.293	0	0
NR_040096.1	578	353.315	12	1.52849
NR_040098.1	526	304.007	0	0
NR_040100.1	2039	1811.29	16.0016	0.397572
NR_040101.2	1753	1525.29	42.1448	1.24346
NR_040102.1	2376	2148.29	0	0
NR_040103.1	2612	2384.29	34.1092	0.643805
NR_040104.1	2528	2300.29	196.876	3.8517
NR_040105.1	1806	1578.29	0	0
NR_040106.1	746	518.701	0	0
NR_040107.1	2730	2502.29	4.39089	0.078969
NR_040108.1	1878	1650.29	0	0
NR_040109.2	3489	3261.29	0	0
NR_040110.3	8380	8152.29	0	0
NR_040111.1	2176	1948.29	0	0
NR_040112.1	1201	973.293	0	0
NR_040113.1	3707	3479.29	2.12636	0.0275035
NR_040114.1	827	599.427	0	0
NR_040115.1	1539	1311.29	6	0.205918
NR_040116.2	3947	3719.29	15.4753	0.18725
NR_040117.1	1014	786.293	0	0
NR_040241.2	3495	3267.29	50.7644	0.699219
NR_040242.4	3363	3135.29	24.9229	0.357736
NR_040243.2	3498	3270.29	0	0
NR_040244.1	3314	3086.29	7.33457	0.10695
NR_040245.1	1895	1667.29	408.704	11.0316
NR_040246.1	569	344.595	3.04931	0.398231
NR_040247.1	2482	2254.29	2	0.0399266
NR_040248.2	430	216.949	1.02125	0.211844
NR_040249.1	2511	2283.29	0	0
NR_040250.1	1700	1472.29	12.8422	0.392544
NR_040251.2	2591	2363.29	76.7589	1.46168
NR_040252.2	2560	2332.29	90.097	1.73848
NR_040253.2	2097	1869.29	0	0
NR_040254.1	1723	1495.29	0	0
NR_040288.2	2380	2152.29	5.73042	0.119819
NR_040289.2	2183	1955.29	10.9484	0.25199
NR_040415.1	723	495.802	2.32398	0.210944
NR_040434.1	4372	4144.29	1.00072	0.0108668
NR_040513.1	678	451.406	0	0
NR_040515.2	2207	1979.29	49.2994	1.12092
NR_040535.1	3566	3338.29	33.6202	0.453229
NR_040582.2	2167	1939.29	411.177	9.54175
NR_040583.2	2138	1910.29	40.0147	0.942674
NR_040584.2	1874	1646.29	399.785	10.9285
NR_040585.1	2219	1991.29	56.7762	1.28314
NR_040586.1	2143	1915.29	204.018	4.79375
NR_040599.1	1984	1756.29	79.04	2.02531
NR_040662.1	2547	2319.29	12	0.232846
NR_040671.1	2993	2765.29	59.0529	0.961042
NR_040710.1	2959	2731.29	2	0.0329537
NR_040712.2	2186	1958.29	31.635	0.726996
NR_040718.2	3269	3041.29	39.3744	0.582636
NR_040722.2	5133	4905.29	7.87059e-08	7.22079e-10
NR_040723.2	5132	4904.29	75.743	0.695037
NR_040724.2	5115	4887.29	1071.67	9.86816
NR_040733.2	4644	4416.29	15.8769	0.161789
NR_040762.2	3390	3162.29	6	0.0853869
NR_040772.1	1617	1389.29	16.0444	0.519724
NR_040773.1	1202	974.293	13.5347	0.625175
NR_044991.1	826	598.427	0	0
NR_044993.1	1942	1714.29	105.585	2.77178
NR_044994.1	2830	2602.29	32	0.553396
NR_044995.2	902	674.361	46.1047	3.07677
NR_044996.1	615	389.417	9	1.04009
NR_044997.1	703	475.947	13.2525	1.25309
NR_044998.3	2348	2120.29	139.736	2.96589
NR_044999.1	1209	981.293	54.1418	2.483
NR_045000.1	1646	1418.29	0	0
NR_045002.1	1159	931.293	4.01274	0.193909
NR_045004.1	1024	796.293	5.91674	0.334389
NR_045005.1	770	542.487	0	0
NR_045006.1	2730	2502.29	1	0.0179847
NR_045011.1	983	755.293	0.74536	0.0444112
NR_045012.1	3784	3556.29	3.64948	0.0461823
NR_045013.1	3600	3372.29	0	0
NR_045014.1	3533	3305.29	0	0
NR_045019.2	1907	1679.29	25.9637	0.695798
NR_045020.3	3468	3240.29	11.7777	0.163576
NR_045021.1	928	700.293	16.1168	1.03572
NR_045022.1	1067	839.293	142.429	7.63706
NR_045023.1	578	353.315	5.21282	0.663977
NR_045024.1	642	416.014	82.839	8.96127
NR_045025.1	547	323.768	0	0
NR_045026.1	552	328.307	548.579	75.1972
NR_045027.1	1158	930.293	86.4341	4.18126
NR_045028.1	1202	974.293	0	0
NR_045029.1	1023	795.293	19.549	1.10621
NR_045033.2	1932	1704.29	169.401	4.47316
NR_045034.2	1823	1595.29	80.1538	2.26113
NR_045035.2	1994	1766.29	0	0
NR_045044.2	2979	2751.29	12.2914	0.201051
NR_045058.2	4668	4440.29	724.196	7.33984
NR_045072.2	4627	4399.29	464.35	4.75013
NR_045089.2	3854	3626.29	0	0
NR_045090.2	2279	2051.29	188.693	4.13971
NR_045110.2	1540	1312.29	0	0
NR_045111.2	1543	1315.29	0	0
NR_045112.1	1926	1698.29	1	0.026499
NR_045114.1	1142	914.293	1	0.0492217
NR_045115.1	555	331.174	2	0.271779
NR_045117.1	1652	1424.29	0	0
NR_045118.1	976	748.293	6	0.360846
NR_045121.2	3209	2981.29	0	0
NR_045122.1	895	667.361	3.00675	0.202759
NR_045123.1	1735	1507.29	0	0
NR_045125.2	1615	1387.29	1	0.0324395
NR_045126.1	1209	981.293	7.89008	0.361847
NR_045127.1	493	273.443	0	0
NR_045128.1	4648	4420.29	4	0.0407241
NR_045129.1	863	635.427	0	0
NR_045147.2	1011	783.293	253.019	14.5369
NR_045180.1	777	549.487	3	0.245701
NR_045181.1	690	463.088	0	0
NR_045196.2	1503	1275.29	319	11.257
NR_045204.1	3950	3722.29	0	0
NR_045205.1	3711	3483.29	258.887	3.34474
NR_045207.1	490	270.61	0	0
NR_045208.1	180	47.9827	0	0
NR_045209.2	2764	2536.29	43.3294	0.768822
NR_045213.2	2187	1959.29	0	0
NR_045214.1	2904	2676.29	67.2372	1.13062
NR_045215.1	1261	1033.29	69.4755	3.02587
NR_045216.1	2000	1772.29	1	0.0253926
NR_045217.1	1137	909.293	1	0.0494924
NR_045218.2	2682	2454.29	193.233	3.54321
NR_045259.2	5437	5209.29	274.67	2.37287
NR_045260.1	580	355.279	0	0
NR_045262.2	1992	1764.29	1.00027	0.0255146
NR_045286.3	5251	5023.29	11.6654	0.104509
NR_045351.2	1708	1480.29	0	0
NR_045375.2	1612	1384.29	23	0.747725
NR_045382.1	903	675.361	0	0
NR_045385.1	2031	1803.29	1.08252	0.0270155
NR_045387.1	2054	1826.29	0	0
NR_045388.1	1386	1158.29	213.732	8.30412
NR_045406.1	2051	1823.29	32.2559	0.796151
NR_045407.2	504	283.647	0	0
NR_045408.2	545	321.964	0	0
NR_045409.2	452	236.066	0	0
NR_045414.2	5222	4994.29	0	0
NR_045417.2	1493	1265.29	117.344	4.17361
NR_045418.2	1412	1184.29	0	0
NR_045481.1	821	593.487	0	0
NR_045483.1	1267	1039.29	2	0.0866032
NR_045484.1	888	660.427	17.6678	1.20392
NR_045486.1	1862	1634.29	6	0.16522
NR_045492.2	790	562.487	139.669	11.1746
NR_045493.1	883	655.427	139.733	9.5944
NR_045494.1	2871	2643.29	7.69713	0.131047
NR_045511.3	3397	3169.29	4.74832	0.0674248
NR_045512.2	1104	876.293	39.2422	2.01533
NR_045513.2	957	729.293	74.2262	4.58034
NR_045529.3	4983	4755.29	3.01004	0.0284863
NR_045530.2	6759	6531.29	24.1635	0.166496
NR_045553.2	3129	2901.29	37.8067	0.586434
NR_045555.2	1989	1761.29	0	0
NR_045557.1	3425	3197.29	956.892	13.4686
NR_045559.2	705	477.9	20.9886	1.97647
NR_045560.2	660	433.717	17.9104	1.85841
NR_045564.1	2723	2495.29	0	0
NR_045565.2	2525	2297.29	0	0
NR_045566.2	2780	2552.29	11.8467	0.208886
NR_045568.2	1742	1514.29	34.2469	1.01778
NR_045572.2	2318	2090.29	0	0
NR_045573.2	2058	1830.29	0	0
NR_045574.2	2061	1833.29	9.94136	0.244037
NR_045579.2	4303	4075.29	0	0
NR_045580.2	3739	3511.29	0	0
NR_045581.2	3710	3482.29	0	0
NR_045582.2	3647	3419.29	0	0
NR_045583.2	3626	3398.29	0	0
NR_045584.2	1872	1644.29	0	0
NR_045585.2	1277	1049.29	244.753	10.4972
NR_045586.1	2015	1787.29	122.15	3.07567
NR_045587.2	1483	1255.29	209.377	7.50632
NR_045600.2	2055	1827.29	0	0
NR_045603.2	2695	2467.29	0	0
NR_045604.2	2399	2171.29	0	0
NR_045605.2	1090	862.293	11.7781	0.614698
NR_045607.2	1989	1761.29	7.93228	0.202679
NR_045609.2	3935	3707.29	0	0
NR_045612.1	1203	975.293	0	0
NR_045617.2	987	759.293	0	0
NR_045620.2	1763	1535.29	29.3245	0.859571
NR_045622.3	1909	1681.29	554.783	14.8498
NR_045623.3	2373	2145.29	0	0
NR_045628.1	7290	7062.29	2.99998	0.0191168
NR_045630.2	1429	1201.29	0	0
NR_045631.2	1138	910.293	0	0
NR_045632.2	963	735.293	10.0616	0.615811
NR_045634.1	4190	3962.29	114.792	1.30379
NR_045636.1	4064	3836.29	21.1094	0.247631
NR_045637.1	659	432.717	9.06655	0.942932
NR_045638.2	3127	2899.29	0	0
NR_045639.2	8749	8521.29	55.0426	0.290694
NR_045644.2	5171	4943.29	11.5936	0.105547
NR_045648.1	3691	3463.29	0	0
NR_045649.2	3564	3336.29	0	0
NR_045658.2	1502	1274.29	9.39627	0.33184
NR_045659.2	1618	1390.29	0	0
NR_045662.4	5062	4834.29	43.4544	0.404523
NR_045663.4	5599	5371.29	0	0
NR_045664.2	941	713.293	0	0
NR_045665.2	1021	793.293	2.57651	0.146164
NR_045667.2	2496	2268.29	0	0
NR_045669.1	1756	1528.29	150.889	4.44318
NR_045670.1	1379	1151.29	10.2246	0.399673
NR_045671.2	1349	1121.29	248.683	9.98087
NR_045672.1	5330	5102.29	0	0
NR_045673.1	5404	5176.29	0	0
NR_045674.1	2018	1790.29	0	0
NR_045675.2	3286	3058.29	0	0
NR_045677.1	496	276.219	0	0
NR_045678.1	1871	1643.29	13.1662	0.360568
NR_045679.1	1876	1648.29	46.3831	1.26639
NR_045680.1	1681	1453.29	474.294	14.6871
NR_045682.2	6335	6107.29	12.0238	0.0886006
NR_045683.2	6244	6016.29	0	0
NR_045684.2	6163	5935.29	0	0
NR_045697.1	6521	6293.29	4.37053	0.0312535
NR_045720.2	2682	2454.29	113.682	2.08453
NR_045721.2	2838	2610.29	22.9639	0.395913
NR_045724.2	1713	1485.29	235.658	7.14023
NR_045725.1	2230	2002.29	1.00542	0.0225977
NR_045756.3	4921	4693.29	0	0
NR_045762.2	2853	2625.29	0	0
NR_045763.2	2915	2687.29	0	0
NR_045767.1	3582	3354.29	0	0
NR_045768.2	4361	4133.29	12.0652	0.131365
NR_045769.2	4393	4165.29	114.941	1.24186
NR_045770.2	4246	4018.29	6.68517	0.0748709
NR_045771.2	4238	4010.29	34.9713	0.392444
NR_045772.2	4176	3948.29	0	0
NR_045773.2	4141	3913.29	24.205	0.278359
NR_045774.2	4049	3821.29	49.5133	0.583114
NR_045784.2	2476	2248.29	0	0
NR_045785.2	2319	2091.29	0	0
NR_045786.1	2992	2764.29	9.92762	0.161623
NR_045787.1	2899	2671.29	14.1816	0.238917
NR_045789.2	4522	4294.29	32.5387	0.340997
NR_045790.2	4192	3964.29	78.3137	0.889025
NR_045791.2	4010	3782.29	23.1603	0.275569
NR_045796.2	3065	2837.29	36.7516	0.582927
NR_045815.3	3501	3273.29	0	0
NR_045816.3	3427	3199.29	0	0
NR_045818.1	4401	4173.29	105.156	1.13396
NR_045828.2	729	501.753	0	0
NR_045830.2	1568	1340.29	0	0
NR_045839.2	2028	1800.29	356.139	8.90263
NR_045861.2	6336	6108.29	0	0
NR_045862.2	5699	5471.29	8.74448	0.0719261
NR_045863.2	2667	2439.29	32.7751	0.604676
NR_045864.2	6378	6150.29	16.3026	0.11929
NR_045923.2	1620	1392.29	25.0713	0.810378
NR_045925.2	1530	1302.29	0	0
NR_045926.2	1542	1314.29	0	0
NR_045927.2	1699	1471.29	29.0906	0.889806
NR_045929.2	1721	1493.29	0	0
NR_045948.2	2100	1872.29	0	0
NR_045951.2	1919	1691.29	0	0
NR_045958.2	3771	3543.29	0	0
NR_045962.2	2140	1912.29	59.6717	1.40429
NR_045983.1	1151	923.293	1	0.0487419
NR_045985.1	672	445.496	0	0
NR_045998.2	3435	3207.29	11.22	0.157433
NR_045999.2	3278	3050.29	48.7588	0.719372
NR_046000.3	5445	5217.29	0	0
NR_046005.1	857	629.427	0	0
NR_046012.1	905	677.361	0	0
NR_046018.2	1652	1424.29	0	0
NR_046028.1	1598	1370.29	21.0494	0.691303
NR_046035.2	1197	969.293	159	7.38216
NR_046051.1	1370	1142.29	0	0
NR_046052.1	1150	922.293	4.02088	0.196198
NR_046054.2	8274	8046.29	0	0
NR_046055.2	8241	8013.29	0	0
NR_046056.2	8220	7992.29	0	0
NR_046057.2	8205	7977.29	6.77541e-08	3.82228e-10
NR_046058.2	8151	7923.29	0	0
NR_046070.3	2782	2554.29	50.1266	0.88316
NR_046072.2	2481	2253.29	0	0
NR_046073.1	1262	1034.29	3.48943	0.151829
NR_046079.2	4839	4611.29	0	0
NR_046082.2	3467	3239.29	62.5897	0.869551
NR_046084.1	5592	5364.29	219.307	1.83985
NR_046085.1	2602	2374.29	2	0.0379086
NR_046086.1	1993	1765.29	0	0
NR_046087.1	2249	2021.29	0	0
NR_046088.1	2265	2037.29	9	0.198807
NR_046089.1	3091	2863.29	2	0.0314345
NR_046090.1	1517	1289.29	0	0
NR_046091.1	1195	967.293	0	0
NR_046093.2	3367	3139.29	0	0
NR_046094.1	859	631.427	0	0
NR_046095.1	3682	3454.29	0	0
NR_046096.1	2168	1940.29	3.00053	0.0695941
NR_046097.1	2594	2366.29	1.32199	0.0251422
NR_046098.1	2242	2014.29	2.80163	0.0625936
NR_046099.1	2043	1815.29	12.0845	0.299588
NR_046100.1	3469	3241.29	2.16069	0.0299997
NR_046101.1	556	332.141	0	0
NR_046102.1	935	707.293	2.04332	0.13001
NR_046103.1	1538	1310.29	0	0
NR_046104.1	1275	1047.29	0	0
NR_046105.1	2469	2241.29	24	0.481898
NR_046106.2	4869	4641.29	93.334	0.904989
NR_046107.1	3729	3501.29	0	0
NR_046108.1	2277	2049.29	0	0
NR_046109.2	734	506.753	0	0
NR_046110.1	2519	2291.29	10.7986	0.212094
NR_046111.1	2334	2106.29	46.9709	1.00358
NR_046112.1	1092	864.293	0	0
NR_046113.1	2143	1915.29	6	0.14098
NR_046114.1	3366	3138.29	0	0
NR_046115.2	1927	1699.29	0	0
NR_046116.1	2787	2559.29	0	0
NR_046117.2	1393	1165.29	110.409	4.26396
NR_046159.2	2222	1994.29	1	0.0225659
NR_046160.2	2384	2156.29	0	0
NR_046163.1	1362	1134.29	0	0
NR_046165.1	1303	1075.29	3.34216	0.139876
NR_046172.2	4813	4585.29	24.8639	0.244031
NR_046173.1	1262	1034.29	9	0.391599
NR_046174.2	1865	1637.29	0	0
NR_046175.1	2591	2363.29	3	0.0571276
NR_046176.4	4296	4068.29	38.7722	0.428895
NR_046177.2	4317	4089.29	0	0
NR_046186.2	1558	1330.29	10.2117	0.345458
NR_046188.5	5521	5293.29	0	0
NR_046189.1	1906	1678.29	0	0
NR_046198.3	2719	2491.29	1	0.0180641
NR_046200.1	1326	1098.29	1	0.0409755
NR_046201.1	968	740.293	17	1.03344
NR_046202.2	3664	3436.29	136.196	1.78367
NR_046203.2	1193	965.293	0	0
NR_046204.1	1270	1042.29	0	0
NR_046205.1	941	713.293	7	0.441644
NR_046207.2	6940	6712.29	0	0
NR_046211.1	792	564.487	1	0.0797239
NR_046213.1	1277	1049.29	43.1505	1.85068
NR_046215.1	2692	2464.29	1	0.0182621
NR_046217.1	783	555.487	5	0.405078
NR_046218.1	554	330.174	0	0
NR_046219.1	1574	1346.29	1.48094	0.0495039
NR_046220.1	2564	2336.29	40.8014	0.785942
NR_046221.1	2317	2089.29	0	0
NR_046222.2	1630	1402.29	4.00571	0.128553
NR_046223.2	2584	2356.29	76.631	1.46358
NR_046224.1	706	478.9	0	0
NR_046225.1	572	347.526	0	0
NR_046226.1	3508	3280.29	0	0
NR_046227.1	3218	2990.29	7.00808	0.10547
NR_046228.1	1744	1516.29	1.25275	0.0371811
NR_046229.1	1606	1378.29	7	0.228559
NR_046230.1	1601	1373.29	0	0
NR_046231.1	5397	5169.29	0	0
NR_046232.1	522	300.222	0	0
NR_046234.2	1455	1227.29	29.597	1.08528
NR_046235.3	13357	13129.3	1.35391	0.00464078
NR_046236.2	2419	2191.29	7.92676	0.162794
NR_046240.1	576	351.35	31	3.97067
NR_046241.1	3158	2930.29	0	0
NR_046242.1	913	685.293	3	0.197009
NR_046243.1	6699	6471.29	0	0
NR_046244.1	885	657.427	0	0
NR_046245.1	520	298.404	0	0
NR_046249.1	259	91.7167	0	0
NR_046251.1	3805	3577.29	1469.29	18.484
NR_046252.1	3795	3567.29	4473.07	56.4298
NR_046253.1	3772	3544.29	356.627	4.52822
NR_046254.1	3768	3540.29	745.887	9.48148
NR_046255.1	3531	3303.29	146.201	1.9918
NR_046258.1	2868	2640.29	0	0
NR_046259.1	2770	2542.29	0	0
NR_046260.1	2645	2417.29	6.00648	0.111824
NR_046262.1	5346	5118.29	611.141	5.37352
NR_046264.1	2459	2231.29	9	0.181522
NR_046266.2	1995	1767.29	1.55266	0.0395377
NR_046268.1	557	333.141	1	0.135087
NR_046269.1	764	536.541	25.9066	2.17295
NR_046273.1	2348	2120.29	78.9278	1.67524
NR_046282.2	3996	3768.29	56.94	0.68001
NR_046283.1	575	350.386	0	0
NR_046284.1	529	306.759	0	0
NR_046285.1	2619	2391.29	7.58433	0.142734
NR_046287.1	591	366.025	0	0
NR_046288.1	588	363.135	10.7725	1.33502
NR_046289.1	538	315.318	15.6704	2.23652
NR_046290.1	535	312.445	18.5571	2.67288
NR_046292.1	2589	2361.29	0	0
NR_046293.1	2531	2303.29	5.25386	0.102653
NR_046294.1	2523	2295.29	42.0722	0.824896
NR_046295.1	2424	2196.29	7.27857	0.149141
NR_046297.1	759	531.648	0	0
NR_046298.3	1409	1181.29	61.8035	2.35449
NR_046299.1	684	457.134	42.5251	4.18643
NR_046300.1	467	249.436	0	0
NR_046308.2	625	399.259	185.078	20.8614
NR_046310.2	1075	847.293	102.53	5.44578
NR_046311.2	3667	3439.29	14.0476	0.183813
NR_046312.1	7605	7377.29	56.6092	0.345328
NR_046313.2	2022	1794.29	1	0.0250812
NR_046317.2	5608	5380.29	0	0
NR_046318.2	3006	2778.29	23.996	0.388689
NR_046320.2	1128	900.293	1.40729	0.0703464
NR_046321.2	1127	899.293	2.04467	0.102321
NR_046322.1	2484	2256.29	155.733	3.10618
NR_046323.1	1998	1770.29	0	0
NR_046324.1	3166	2938.29	2.05699	0.0315049
NR_046325.2	755	527.701	21.2028	1.80821
NR_046326.2	641	415.014	0	0
NR_046327.2	3216	2988.29	33.987	0.511837
NR_046329.2	3497	3269.29	0	0
NR_046330.2	4560	4332.29	158.799	1.64957
NR_046331.2	4153	3925.29	0	0
NR_046335.2	4684	4456.29	0	0
NR_046336.2	4916	4688.29	0	0
NR_046337.2	2489	2261.29	254.822	5.07134
NR_046339.2	1031	803.293	0	0
NR_046340.2	925	697.293	0	0
NR_046341.2	5670	5442.29	329.723	2.72653
NR_046342.2	5633	5405.29	57.652	0.479995
NR_046344.2	1811	1583.29	594.777	16.9058
NR_046345.1	1220	992.293	4.15045	0.188234
NR_046347.2	2146	1918.29	65.5081	1.53682
NR_046352.2	2581	2353.29	13.4608	0.257418
NR_046353.3	2411	2183.29	0	0
NR_046354.1	790	562.487	0.494423	0.0395575
NR_046356.2	5391	5163.29	0	0
NR_046357.2	2082	1854.29	0	0
NR_046358.3	1898	1670.29	0	0
NR_046362.2	1403	1175.29	0	0
NR_046363.2	2044	1816.29	1	0.0247774
NR_046365.1	496	276.219	0	0
NR_046366.2	1448	1220.29	336.888	12.424
NR_046367.1	2141	1913.29	0	0
NR_046368.1	457	240.449	20	3.74326
NR_046369.1	572	347.526	9.83108	1.27308
NR_046370.1	519	297.525	0	0
NR_046371.2	3409	3181.29	1.01243	0.0143221
NR_046372.2	1798	1570.29	0	0
NR_046373.2	1612	1384.29	10.0984	0.328295
NR_046374.1	910	682.293	0	0
NR_046375.1	810	582.487	0	0
NR_046376.1	639	413.014	9	0.980664
NR_046377.1	763	535.541	0	0
NR_046378.1	1129	901.293	0	0
NR_046380.3	2277	2049.29	0	0
NR_046381.2	3255	3027.29	207.623	3.08648
NR_046382.2	3157	2929.29	9.67553	0.148646
NR_046383.1	2325	2097.29	0	0
NR_046384.2	2147	1919.29	17.1492	0.402109
NR_046386.2	3675	3447.29	34.6955	0.452936
NR_046389.2	3968	3740.29	0	0
NR_046390.1	408	198.624	0	0
NR_046391.2	1276	1048.29	0	0
NR_046392.1	2129	1901.29	0	0
NR_046394.2	2860	2632.29	70.7311	1.20926
NR_046395.2	905	677.361	1.15534	0.0767592
NR_046398.3	3164	2936.29	0	0
NR_046399.2	5722	5494.29	110.971	0.908946
NR_046400.1	428	215.312	1	0.209013
NR_046401.1	2146	1918.29	7.0844	0.1662
NR_046402.2	3333	3105.29	0	0
NR_046405.1	3188	2960.29	168.472	2.56115
NR_046406.1	3065	2837.29	53.9037	0.854982
NR_046407.1	575	350.386	0	0
NR_046408.2	1950	1722.29	34.6794	0.906164
NR_046409.2	3685	3457.29	0	0
NR_046410.2	4107	3879.29	116.904	1.35619
NR_046411.2	1703	1475.29	184.997	5.64325
NR_046412.2	1633	1405.29	163.213	5.22675
NR_046413.1	1515	1287.29	78.7862	2.75432
NR_046414.2	1184	956.293	3	0.14118
NR_046415.1	523	301.192	0	0
NR_046416.1	1593	1365.29	0	0
NR_046417.1	2073	1845.29	1.00652	0.0245472
NR_046418.3	2510	2282.29	149.892	2.95563
NR_046420.1	813	585.487	5.04386	0.387693
NR_046421.2	905	677.361	6.55412	0.435448
NR_046422.2	1522	1294.29	9.80199	0.340819
NR_046423.1	1902	1674.29	6.568	0.17654
NR_046427.2	920	692.293	0	0
NR_046428.2	5573	5345.29	33.362	0.280881
NR_046429.3	1884	1656.29	0	0
NR_046430.3	1865	1637.29	0	0
NR_046431.2	6869	6641.29	18.2595	0.123731
NR_046432.2	2060	1832.29	14.4516	0.354947
NR_046433.2	1865	1637.29	14.5292	0.399354
NR_046435.1	1009	781.293	10.0908	0.581238
NR_046438.2	4115	3887.29	3.00151	0.0347483
NR_046439.2	2760	2532.29	23.2026	0.412349
NR_046440.2	946	718.293	10.8142	0.67754
NR_046441.2	2344	2116.29	212.311	4.5148
NR_046442.2	1453	1225.29	193.622	7.11144
NR_046443.2	6216	5988.29	19.9515	0.149939
NR_046444.1	2711	2483.29	12.7362	0.230811
NR_046445.1	2153	1925.29	32.8794	0.768545
NR_046446.1	2105	1877.29	36.3119	0.870481
NR_046447.1	2023	1795.29	9.47629	0.237545
NR_046448.1	2023	1795.29	0	0
NR_046449.2	1977	1749.29	0	0
NR_046450.1	1891	1663.29	0	0
NR_046451.1	1812	1584.29	0	0
NR_046452.1	491	271.527	3.01196	0.499205
NR_046453.2	3040	2812.29	0	0
NR_046454.1	951	723.293	0	0
NR_046456.1	3376	3148.29	0	0
NR_046457.1	1092	864.293	0	0
NR_046458.1	761	533.648	0.616766	0.0520125
NR_046461.1	740	512.753	5.1608	0.452951
NR_046462.1	5953	5725.29	0	0
NR_046464.1	1687	1459.29	715.113	22.0533
NR_046465.2	1653	1425.29	62.9666	1.98815
NR_046466.1	1506	1278.29	94.0284	3.31033
NR_046467.1	1793	1565.29	4.03995	0.116151
NR_046469.1	1656	1428.29	0	0
NR_046470.2	1785	1557.29	0	0
NR_046471.1	1547	1319.29	125.085	4.26682
NR_046472.1	1687	1459.29	888.671	27.4057
NR_046473.1	9701	9473.29	768.623	3.65136
NR_046474.2	4276	4048.29	22.4432	0.249491
NR_046476.2	3293	3065.29	0	0
NR_046477.2	3866	3638.29	88.7441	1.0977
NR_046478.2	5070	4842.29	49.9477	0.464202
NR_046479.2	4826	4598.29	8.24406	0.0806838
NR_046480.2	1363	1135.29	48.4884	1.92208
NR_046502.1	537	314.382	0	0
NR_046504.1	532	309.634	1	0.145343
NR_046505.1	448	232.626	0	0
NR_046507.1	4443	4215.29	509.385	5.43827
NR_046510.1	913	685.293	0	0
NR_046511.1	544	321.029	1.11829	0.156766
NR_046512.2	840	612.427	0	0
NR_046514.1	2986	2758.29	0	0
NR_046516.1	419	207.876	0	0
NR_046520.1	394	187.168	0	0
NR_046525.1	707	479.9	0	0
NR_046526.1	678	451.406	0	0
NR_046527.1	538	315.318	0	0
NR_046528.1	532	309.634	0	0
NR_046531.1	433	219.537	0	0
NR_046533.1	895	667.361	0	0
NR_046535.1	698	470.947	0	0
NR_046536.1	651	424.846	0	0
NR_046538.1	831	603.427	0	0
NR_046539.2	512	290.943	0	0
NR_046540.1	367	165.66	0	0
NR_046541.1	1564	1336.29	0	0
NR_046542.1	1587	1359.29	18	0.595939
NR_046544.1	2594	2366.29	12	0.228221
NR_046546.1	1132	904.293	23	1.14462
NR_046547.1	307	122.069	0	0
NR_046548.1	784	556.487	4	0.32348
NR_046551.1	1824	1596.29	0	0
NR_046552.1	625	399.259	11	1.23988
NR_046554.1	1012	784.293	0	0
NR_046555.1	444	229.227	0	0
NR_046556.1	554	330.174	0	0
NR_046557.1	428	215.312	2	0.418026
NR_046559.1	337	143.078	0	0
NR_046560.1	224	71.1275	0	0
NR_046563.1	1997	1769.29	0	0
NR_046564.2	802	574.487	0	0
NR_046567.1	2252	2024.29	0	0
NR_046570.1	469	251.307	0	0
NR_046571.1	1492	1264.29	0	0
NR_046572.1	500	280.02	0	0
NR_046574.1	544	321.029	1.00615	0.141045
NR_046575.1	605	379.687	0	0
NR_046576.1	1795	1567.29	4.00817	0.11509
NR_046578.1	737	509.753	0	0
NR_046579.1	609	383.573	1.79027	0.210045
NR_046580.1	2664	2436.29	3.01374	0.0556697
NR_046581.1	2789	2561.29	2.3611	0.0414855
NR_046582.1	483	264.32	0	0
NR_046583.1	539	316.223	1	0.142315
NR_046586.1	434	220.399	0	0
NR_046590.1	548	324.67	2.02872	0.281204
NR_046591.1	817	589.487	0	0
NR_046592.2	378	174.332	4	1.03259
NR_046593.1	571	346.526	3.74777	0.48672
NR_046594.1	560	336.006	1	0.133935
NR_046595.1	323	133.485	11	3.70855
NR_046596.1	580	355.279	0	0
NR_046598.1	580	355.279	0	0
NR_046600.1	706	478.9	0	0
NR_046603.1	18036	17808.3	19.5024	0.0492843
NR_046606.1	430	216.949	0	0
NR_046608.3	786	558.487	2	0.161161
NR_046609.1	1161	933.293	170.246	8.2092
NR_046610.1	3594	3366.29	32.1039	0.429188
NR_046611.1	543	320.029	0	0
NR_046612.1	441	226.512	0	0
NR_046615.1	395	187.965	0	0
NR_046617.1	538	315.318	0	0
NR_046618.2	500	280.02	0	0
NR_046619.1	448	232.626	0	0
NR_046621.1	1101	873.293	0	0
NR_046622.1	564	339.768	0	0
NR_046623.1	495	275.303	0	0
NR_046624.1	400	191.921	0	0
NR_046625.1	709	481.852	9	0.840566
NR_046629.1	500	280.02	0	0
NR_046630.1	562	337.904	25.4302	3.38686
NR_046631.1	845	617.427	0	0
NR_046632.1	383	178.191	1	0.252555
NR_046633.1	433	219.537	2	0.409981
NR_046634.1	513	291.914	2	0.308332
NR_046635.1	1731	1503.29	3.00224	0.0898762
NR_046636.1	522	300.222	0	0
NR_046637.1	429	216.04	0	0
NR_046638.1	275	101.511	0	0
NR_046639.1	1931	1703.29	0	0
NR_046640.1	356	157.501	0	0
NR_046642.1	492	272.443	0	0
NR_046643.1	516	294.675	0	0
NR_046644.1	861	633.427	0	0
NR_046645.1	588	363.135	1	0.123929
NR_046647.1	584	359.207	0	0
NR_046648.1	415	204.487	0	0
NR_046649.1	669	442.629	1	0.101672
NR_046650.1	754	526.701	2.88977e-05	2.46912e-06
NR_046651.1	1151	923.293	1.00322	0.0488986
NR_046652.1	778	550.487	8	0.654011
NR_046653.1	633	407.137	0	0
NR_046654.1	181	48.4869	0	0
NR_046655.1	691	464.041	0	0
NR_046656.1	581	356.279	271	34.2311
NR_046657.1	417	206.073	8	1.74707
NR_046658.1	623	397.299	4.10148	0.464586
NR_046659.1	468	250.385	1.14406	0.205628
NR_046661.1	2230	2002.29	2	0.0449515
NR_046662.2	3572	3344.29	5.68321	0.0764771
NR_046663.1	392	185.43	0	0
NR_046664.1	815	587.487	0	0
NR_046665.1	1871	1643.29	1	0.0273859
NR_046666.1	2078	1850.29	0	0
NR_046667.1	1239	1011.29	0	0
NR_046668.1	443	228.322	5	0.985518
NR_046669.1	551	327.472	0	0
NR_046672.1	853	625.427	0	0
NR_046677.1	558	334.107	0	0
NR_046678.1	624	398.259	0	0
NR_046679.1	542	319.126	0	0
NR_046680.1	978	750.293	0	0
NR_046681.1	2886	2658.29	80	1.35435
NR_046683.1	769	541.541	2	0.166204
NR_046685.1	431	217.835	0	0
NR_046687.1	517	295.585	1.10952	0.168925
NR_046689.1	476	257.994	0	0
NR_046690.1	515	293.705	1	0.153225
NR_046691.1	550	326.571	0	0
NR_046693.1	645	418.93	4	0.429695
NR_046696.1	842	614.427	12.1786	0.892005
NR_046698.1	450	234.286	0	0
NR_046701.1	798	570.487	0	0
NR_046702.1	3101	2873.29	5.56987	0.0872383
NR_046703.1	1826	1598.29	0	0
NR_046704.1	720	492.802	0	0
NR_046706.1	696	468.994	59.2233	5.68287
NR_046707.1	679	452.316	0	0
NR_046708.1	460	243.274	0	0
NR_046709.1	284	107.25	0	0
NR_046710.1	644	417.93	0	0
NR_046711.1	393	186.228	0	0
NR_046713.1	807	579.487	0	0
NR_046714.1	371	168.6	0	0
NR_046715.1	819	591.487	6	0.456508
NR_046716.1	517	295.585	0	0
NR_046718.1	469	251.307	0	0
NR_046719.1	1164	936.293	1.13146	0.054384
NR_046720.1	4401	4173.29	67.7097	0.730153
NR_046721.1	3218	2990.29	10.2049	0.153582
NR_046722.1	479	260.887	0	0
NR_046724.1	1847	1619.29	2.00268	0.0556581
NR_046725.1	289	110.463	0	0
NR_046726.1	1467	1239.29	0	0
NR_046727.1	1605	1377.29	15.1696	0.495666
NR_046728.1	686	459.134	0	0
NR_046729.1	1335	1107.29	2.0066	0.0815531
NR_046730.1	407	197.751	0	0
NR_046731.1	732	504.753	0	0
NR_046732.1	554	330.174	0	0
NR_046733.1	961	733.293	0	0
NR_046734.1	614	388.495	20.3544	2.35784
NR_046737.1	512	290.943	0	0
NR_046739.1	645	418.93	0	0
NR_046740.1	398	190.353	0	0
NR_046742.2	1136	908.293	0	0
NR_046743.1	2097	1869.29	0	0
NR_046744.1	699	471.947	3.20402	0.305523
NR_046745.1	908	680.293	6	0.396915
NR_046746.1	1308	1080.29	0	0
NR_046748.1	624	398.259	16	1.80799
NR_046750.1	457	240.449	0	0
NR_046752.1	768	540.541	1	0.0832556
NR_046756.1	639	413.014	0	0
NR_046757.1	3475	3247.29	0	0
NR_046758.1	635	409.096	0	0
NR_046761.1	517	295.585	1.00329	0.152752
NR_046762.1	1766	1538.29	3	0.0877656
NR_046764.1	573	348.421	0	0
NR_046765.1	472	254.125	0	0
NR_046766.1	513	291.914	0	0
NR_046768.1	589	364.098	1	0.123602
NR_046769.1	430	216.949	0	0
NR_046774.2	720	492.802	0	0
NR_046776.1	400	191.921	0	0
NR_046779.1	887	659.427	0	0
NR_046780.1	311	124.914	0	0
NR_046783.1	376	172.561	0	0
NR_046784.1	935	707.293	1	0.0636272
NR_046786.1	548	324.67	0	0
NR_046790.1	2908	2680.29	2	0.0335807
NR_046792.1	612	386.495	0	0
NR_046793.1	579	354.315	7	0.889101
NR_046796.1	599	373.876	0	0
NR_046797.1	458	241.399	0	0
NR_046798.1	492	272.443	0	0
NR_046809.1	373	170.281	0	0
NR_046811.1	824	596.427	0	0
NR_046812.1	2562	2334.29	0	0
NR_046816.1	388	182.168	0	0
NR_046817.1	661	434.717	4	0.414091
NR_046820.1	764	536.541	0	0
NR_046822.1	1284	1056.29	1	0.0426047
NR_046824.1	826	598.427	2	0.150404
NR_046827.1	1973	1745.29	3	0.0773562
NR_046831.1	550	326.571	1	0.137805
NR_046832.1	643	416.972	0	0
NR_046833.1	562	337.904	0	0
NR_046834.1	337	143.078	0	0
NR_046836.1	600	374.838	9	1.08054
NR_046837.1	1069	841.293	0	0
NR_046839.1	514	292.795	0	0
NR_046840.1	456	239.672	0	0
NR_046841.1	2921	2693.29	1.16046	0.0193905
NR_046843.1	478	259.941	0	0
NR_046845.1	391	184.59	0	0
NR_046848.1	1807	1579.29	0	0
NR_046851.1	2170	1942.29	1.00992	0.0233999
NR_046852.1	427	214.584	0	0
NR_046853.2	609	383.573	20	2.34652
NR_046869.2	595	369.951	1	0.121646
NR_046870.1	836	608.427	0	0
NR_046871.1	812	584.487	0	0
NR_046873.1	697	469.994	5	0.478762
NR_046876.1	421	209.523	0	0
NR_046877.1	675	448.496	0	0
NR_046901.1	563	338.802	1.21115	0.160877
NR_046909.1	564	339.768	4.23473	0.560901
NR_046986.1	500	280.02	0	0
NR_046987.1	1169	941.293	3	0.14343
NR_046988.2	609	383.573	0	0
NR_046989.1	1001	773.293	3	0.17459
NR_046991.1	655	428.76	0	0
NR_046992.1	443	228.322	0	0
NR_046995.1	1276	1048.29	0	0
NR_046998.1	2625	2397.29	0	0
NR_046999.1	531	308.697	2	0.291568
NR_047001.1	2418	2190.29	2.14451	0.0440625
NR_047003.1	519	297.525	0	0
NR_047004.1	570	345.561	0	0
NR_047005.1	731	503.753	0	0
NR_047009.1	366	164.863	0	0
NR_047011.1	415	204.487	0	0
NR_047012.1	906	678.293	2	0.132695
NR_047013.1	664	437.717	1	0.102813
NR_047014.1	175	45.4777	0	0
NR_047015.1	411	201.028	0	0
NR_047020.1	1370	1142.29	1.58596	0.0624824
NR_047021.1	853	625.427	0	0
NR_047022.1	972	744.293	0	0
NR_047025.1	868	640.427	0	0
NR_047026.1	1236	1008.29	0	0
NR_047028.1	623	397.299	0	0
NR_047029.1	798	570.487	0	0
NR_047031.1	701	473.947	2.0857	0.198045
NR_047032.1	85	15.5396	0	0
NR_047033.1	71	17.0822	0	0
NR_047035.1	922	694.293	0	0
NR_047036.1	416	205.291	0	0
NR_047038.1	390	183.77	0	0
NR_047040.1	466	248.539	0	0
NR_047115.1	447	231.819	0	0
NR_047116.1	652	425.803	18.0491	1.90761
NR_047461.1	548	324.67	0	0
NR_047462.1	593	367.988	0	0
NR_047465.1	2063	1835.29	0	0
NR_047467.2	540	317.191	0	0
NR_047469.1	4300	4072.29	27.4384	0.303223
NR_047470.1	836	608.427	1.21852	0.0901292
NR_047475.1	505	284.56	0	0
NR_047476.1	800	572.487	0	0
NR_047477.2	613	387.495	0	0
NR_047479.3	978	750.293	10.667	0.639814
NR_047481.2	648	421.846	1.11519	0.11897
NR_047482.1	1903	1675.29	11	0.295491
NR_047483.1	3011	2783.29	0	0
NR_047484.2	2254	2026.29	4.01656	0.089206
NR_047487.1	1279	1051.29	0	0
NR_047488.1	3175	2947.29	0	0
NR_047489.1	3875	3647.29	0	0
NR_047490.1	1599	1371.29	1	0.032818
NR_047491.1	2735	2507.29	0	0
NR_047492.1	2470	2242.29	2.32865	0.0467363
NR_047493.1	1418	1190.29	0	0
NR_047494.1	1119	891.293	0	0
NR_047495.1	2494	2266.29	81.6269	1.62091
NR_047498.1	669	442.629	1	0.101672
NR_047499.1	1340	1112.29	1	0.0404597
NR_047500.1	521	299.283	10	1.5037
NR_047501.1	575	350.386	0	0
NR_047502.1	2280	2052.29	11.3744	0.249419
NR_047504.1	548	324.67	17	2.3564
NR_047505.1	504	283.647	15	2.37988
NR_047506.1	368	166.382	0	0
NR_047507.1	1408	1180.29	0	0
NR_047508.1	542	319.126	0	0
NR_047509.1	892	664.361	0	0
NR_047510.3	1289	1061.29	129.697	5.49969
NR_047511.1	1489	1261.29	0	0
NR_047512.2	2277	2049.29	16.6085	0.364727
NR_047513.2	1592	1364.29	1.84718	0.0609317
NR_047514.1	4374	4146.29	1	0.0108538
NR_047515.2	1454	1226.29	10.3068	0.378245
NR_047516.2	1747	1519.29	119.796	3.54847
NR_047517.2	2362	2134.29	0	0
NR_047518.2	2090	1862.29	0	0
NR_047519.1	6776	6548.29	477.603	3.28232
NR_047521.1	6623	6395.29	263.463	1.85397
NR_047523.1	6527	6299.29	17.2473	0.123218
NR_047524.1	6439	6211.29	10.58	0.0766556
NR_047525.1	6490	6262.29	79.4776	0.571155
NR_047526.1	2712	2484.29	71.4749	1.29477
NR_047527.1	2225	1997.29	0	0
NR_047529.2	1559	1331.29	0	0
NR_047530.2	1537	1309.29	0	0
NR_047531.2	1511	1283.29	0	0
NR_047532.2	2242	2014.29	6.49618	0.145137
NR_047533.2	1400	1172.29	0	0
NR_047534.2	1506	1278.29	0	0
NR_047535.2	1401	1173.29	0	0
NR_047536.2	1265	1037.29	0	0
NR_047537.2	1201	973.293	0	0
NR_047538.2	1065	837.293	0	0
NR_047539.2	3204	2976.29	0	0
NR_047540.2	1804	1576.29	1.99923	0.0570778
NR_047541.2	1611	1383.29	2.72487	0.0886489
NR_047542.2	1536	1308.29	0	0
NR_047543.2	1535	1307.29	0	0
NR_047549.2	3820	3592.29	0	0
NR_047550.1	463	245.87	1	0.183036
NR_047551.1	2821	2593.29	6.03006	0.104644
NR_047554.2	1961	1733.29	480.475	12.475
NR_047557.1	434	220.399	14.3484	2.92979
NR_047558.1	905	677.361	48.5892	3.22821
NR_047562.2	2470	2242.29	0	0
NR_047563.2	4750	4522.29	0	0
NR_047564.2	5200	4972.29	0	0
NR_047565.3	7142	6914.29	0	0
NR_047566.2	4138	3910.29	0	0
NR_047568.1	1222	994.293	1.0477	0.0474204
NR_047569.3	639	413.014	0	0
NR_047570.1	1939	1711.29	266.766	7.01532
NR_047571.3	7390	7162.29	244.073	1.53359
NR_047572.1	3061	2833.29	1	0.0158837
NR_047573.1	1433	1205.29	6.10499	0.227947
NR_047574.1	1429	1201.29	55.895	2.09395
NR_047575.1	1277	1049.29	0	0
NR_047576.3	1946	1718.29	12.1868	0.319178
NR_047577.2	2349	2121.29	0	0
NR_047578.2	5331	5103.29	0	0
NR_047580.2	2886	2658.29	83.3058	1.41031
NR_047581.2	3640	3412.29	10.4486	0.137802
NR_047582.2	1741	1513.29	0	0
NR_047583.1	3790	3562.29	0	0
NR_047584.1	4133	3905.29	1.45778	0.0167989
NR_047586.2	3712	3484.29	0	0
NR_047587.2	3495	3267.29	0	0
NR_047588.2	3855	3627.29	29.7582	0.369204
NR_047589.2	3619	3391.29	0	0
NR_047590.2	3792	3564.29	0	0
NR_047591.2	3678	3450.29	0	0
NR_047592.2	3758	3530.29	0	0
NR_047593.3	5239	5011.29	27.9452	0.250957
NR_047594.2	5199	4971.29	75.2585	0.681285
NR_047595.2	4997	4769.29	13.3032	0.12553
NR_047596.1	5753	5525.29	0	0
NR_047597.1	6632	6404.29	0	0
NR_047598.1	6830	6602.29	0	0
NR_047599.1	6664	6436.29	0	0
NR_047600.1	6450	6222.29	0	0
NR_047601.1	5955	5727.29	0	0
NR_047602.1	6491	6263.29	0	0
NR_047603.1	6649	6421.29	0	0
NR_047604.1	5619	5391.29	0	0
NR_047605.1	5810	5582.29	0	0
NR_047606.1	5889	5661.29	0	0
NR_047607.1	6872	6644.29	0	0
NR_047608.1	5908	5680.29	0	0
NR_047609.1	6284	6056.29	0	0
NR_047610.1	5821	5593.29	0	0
NR_047611.1	5888	5660.29	0	0
NR_047612.1	6044	5816.29	0	0
NR_047613.1	5806	5578.29	0	0
NR_047614.1	6025	5797.29	0	0
NR_047615.1	5894	5666.29	0	0
NR_047616.1	5805	5577.29	0	0
NR_047617.1	5922	5694.29	0	0
NR_047618.1	6627	6399.29	0	0
NR_047619.1	5640	5412.29	0	0
NR_047620.1	5717	5489.29	0	0
NR_047621.1	5993	5765.29	0	0
NR_047622.1	5945	5717.29	0	0
NR_047623.1	5971	5743.29	0	0
NR_047624.1	6761	6533.29	0	0
NR_047625.1	5641	5413.29	0	0
NR_047626.1	5768	5540.29	0	0
NR_047627.1	5768	5540.29	0	0
NR_047628.1	5816	5588.29	0	0
NR_047629.1	6020	5792.29	0	0
NR_047630.1	5678	5450.29	0	0
NR_047631.1	5845	5617.29	0	0
NR_047632.1	6302	6074.29	0	0
NR_047633.1	5802	5574.29	0	0
NR_047634.1	5752	5524.29	0	0
NR_047635.1	6350	6122.29	0	0
NR_047636.1	5891	5663.29	0	0
NR_047637.1	6599	6371.29	0	0
NR_047638.1	6421	6193.29	0	0
NR_047639.1	5659	5431.29	0	0
NR_047640.1	5737	5509.29	0	0
NR_047641.1	6594	6366.29	0	0
NR_047642.1	6631	6403.29	0	0
NR_047643.1	6126	5898.29	0	0
NR_047644.1	6719	6491.29	0	0
NR_047645.1	6732	6504.29	0	0
NR_047646.1	6399	6171.29	0	0
NR_047647.1	6483	6255.29	0	0
NR_047648.1	2488	2260.29	0	0
NR_047649.1	2658	2430.29	0	0
NR_047651.1	2667	2439.29	2	0.0368985
NR_047653.2	5217	4989.29	637.096	5.74656
NR_047654.2	5211	4983.29	62.2753	0.562395
NR_047655.2	5143	4915.29	0	0
NR_047656.2	5065	4837.29	5.52754e-07	5.14247e-09
NR_047657.2	5011	4783.29	0	0
NR_047658.2	4908	4680.29	0	0
NR_047659.2	2277	2049.29	1.58785	0.0348697
NR_047660.2	1983	1755.29	0	0
NR_047661.3	6042	5814.29	55.4196	0.428952
NR_047662.2	3982	3754.29	8.5149	0.102069
NR_047664.1	2652	2424.29	249	4.62228
NR_047665.2	3083	2855.29	0	0
NR_047666.1	2831	2603.29	44.8075	0.774586
NR_047668.2	2625	2397.29	15.3349	0.287875
NR_047669.2	2854	2626.29	0	0
NR_047670.2	2743	2515.29	0	0
NR_047671.2	688	461.088	0	0
NR_047672.2	488	268.748	0	0
NR_047673.1	3127	2899.29	0	0
NR_047674.1	3074	2846.29	0	0
NR_047675.2	1448	1220.29	0	0
NR_047676.2	2793	2565.29	60.0597	1.05363
NR_047677.2	2511	2283.29	0	0
NR_047678.2	2481	2253.29	9.48187	0.189373
NR_047679.1	2967	2739.29	88.9817	1.46186
NR_047680.2	4168	3940.29	0	0
NR_047681.2	4116	3888.29	0.274131	0.00317279
NR_047682.2	4111	3883.29	1.59995	0.0185416
NR_047683.2	4049	3821.29	0	0
NR_047684.3	994	766.293	0	0
NR_047686.1	463	245.87	0	0
NR_047687.1	2861	2633.29	0	0
NR_047689.2	2019	1791.29	0	0
NR_047690.2	2516	2288.29	17.5034	0.344233
NR_047691.2	2128	1900.29	22.3438	0.529149
NR_047692.2	2071	1843.29	46.6007	1.13773
NR_047693.2	2067	1839.29	49.4132	1.20902
NR_047694.2	1990	1762.29	20.6902	0.528358
NR_047695.2	1761	1533.29	30.6851	0.900626
NR_047698.1	481	262.672	0	0
NR_047699.1	958	730.293	1	0.0616233
NR_047700.1	564	339.768	0	0
NR_048535.1	2060	1832.29	287.22	7.05443
NR_048536.2	2603	2375.29	0	0
NR_048537.2	6112	5884.29	121.456	0.928896
NR_048538.2	6028	5800.29	0	0
NR_048539.2	5984	5756.29	48.654	0.38038
NR_048540.2	5810	5582.29	7.1137	0.0573489
NR_048541.2	2727	2499.29	10.2311	0.184225
NR_048542.2	3266	3038.29	0	0
NR_048543.1	1854	1626.29	11.993	0.331874
NR_048544.1	518	296.555	0	0
NR_048545.2	830	602.427	126.405	9.4428
NR_048547.2	885	657.427	0	0
NR_048548.2	3047	2819.29	8.31302	0.132697
NR_048550.1	1604	1376.29	0	0
NR_048551.2	4176	3948.29	65.4421	0.745916
NR_048552.2	3452	3224.29	97.0072	1.35398
NR_048555.3	2513	2285.29	2.58475	0.0509001
NR_048556.2	3208	2980.29	114.608	1.73061
NR_048557.2	3111	2883.29	81.975	1.27948
NR_048558.2	2995	2767.29	0	0
NR_048559.2	3219	2991.29	66.3872	0.998776
NR_048561.1	6345	6117.29	1.01619	0.00747581
NR_048562.1	2363	2135.29	10.8327	0.228309
NR_048564.2	1566	1338.29	0	0
NR_048566.2	3173	2945.29	0	0
NR_048567.2	850	622.427	3	0.216908
NR_048568.2	1878	1650.29	65.0814	1.77475
NR_048569.2	1750	1522.29	35.8309	1.05926
NR_048570.1	3312	3084.29	142.736	2.08267
NR_048571.2	2562	2334.29	0	0
NR_048575.2	896	668.361	64	4.30934
NR_048576.1	1206	978.293	1	0.0460016
NR_048577.2	3075	2847.29	58.6402	0.926842
NR_048578.2	3078	2850.29	53.6476	0.847038
NR_048579.2	3003	2775.29	36.4631	0.591272
NR_049718.1	1944	1716.29	310.367	8.13817
NR_049723.1	640	414.014	12.0295	1.3076
NR_049724.1	4821	4593.29	2.4485	0.0239893
NR_049725.1	3336	3108.29	0	0
NR_049726.2	1569	1341.29	0	0
NR_049728.1	1033	805.293	282.151	15.7678
NR_049729.1	2275	2047.29	159.753	3.51165
NR_049730.1	937	709.293	14.1249	0.896197
NR_049731.2	3077	2849.29	0	0
NR_049732.2	3029	2801.29	0	0
NR_049733.2	2978	2750.29	0	0
NR_049734.2	3128	2900.29	0	0
NR_049735.3	2043	1815.29	23.992	0.594788
NR_049738.2	1761	1533.29	165.108	4.84603
NR_049739.2	1868	1640.29	6.37118	0.1748
NR_049741.2	5556	5328.29	87.8684	0.742142
NR_049742.2	5388	5160.29	167.848	1.46381
NR_049743.2	2628	2400.29	138.762	2.60165
NR_049749.2	3312	3084.29	118.106	1.72328
NR_049750.2	2390	2162.29	0.0267448	0.000556631
NR_049751.2	2331	2103.29	16.0436	0.343277
NR_049752.3	4049	3821.29	13.1075	0.154366
NR_049753.3	3966	3738.29	141.285	1.70085
NR_049754.3	3893	3665.29	28.0046	0.343846
NR_049759.2	606	380.649	42.4715	5.02128
NR_049760.2	2911	2683.29	0	0
NR_049761.2	6992	6764.29	92.0349	0.612311
NR_049762.2	6943	6715.29	49.9177	0.334528
NR_049763.2	8579	8351.29	212.309	1.14408
NR_049764.2	5288	5060.29	15.1003	0.134293
NR_049766.3	3314	3086.29	12.0215	0.175293
NR_049767.2	3077	2849.29	15.3474	0.242404
NR_049769.3	2871	2643.29	0	0
NR_049771.1	544	321.029	0	0
NR_049772.2	3069	2841.29	15.0183	0.237874
NR_049775.1	378	174.332	0	0
NR_049776.1	503	282.705	0	0
NR_049777.1	476	257.994	0	0
NR_049780.2	2041	1813.29	45.0237	1.11742
NR_049782.2	2482	2254.29	174.455	3.4827
NR_049783.2	2455	2227.29	48.3199	0.976316
NR_049784.2	2431	2203.29	46.8091	0.956093
NR_049785.2	2364	2136.29	0	0
NR_049786.2	2313	2085.29	63.8598	1.37817
NR_049787.2	2164	1936.29	6.49009	0.150842
NR_049788.2	2094	1866.29	0	0
NR_049793.1	1965	1737.29	9.01545	0.233537
NR_049794.1	4388	4160.29	21.0004	0.227167
NR_049795.1	91	14.4116	0	0
NR_049796.1	103	15.7909	0	0
NR_049797.1	100	15.2776	2	5.89139
NR_049798.1	97	14.9524	0	0
NR_049799.1	99	15.1945	0	0
NR_049800.1	107	17.0159	0	0
NR_049801.1	96	14.811	0	0
NR_049803.1	110	17.8467	0	0
NR_049804.1	95	14.7859	0	0
NR_049805.1	96	14.811	0	0
NR_049806.1	94	14.4667	1	3.11081
NR_049807.1	100	15.2776	0	0
NR_049808.1	120	21.1323	1	2.12959
NR_049809.1	103	15.7909	0	0
NR_049810.1	76	14.8793	0	0
NR_049811.2	79	15.3333	0	0
NR_049812.1	84	15.6223	0	0
NR_049813.1	85	15.5396	0	0
NR_049814.1	93	14.4286	0	0
NR_049815.1	88	15.1865	0	0
NR_049816.1	100	15.2776	0	0
NR_049817.1	85	15.5396	0	0
NR_049818.1	120	21.1323	0	0
NR_049819.1	76	14.8793	1	3.02454
NR_049820.1	113	18.7969	0	0
NR_049821.1	114	19.0666	0	0
NR_049822.1	80	15.4932	0	0
NR_049823.1	120	21.1323	0	0
NR_049824.1	92	14.5444	0	0
NR_049825.1	109	17.8694	0	0
NR_049826.1	120	21.1323	0	0
NR_049827.1	115	19.4686	0	0
NR_049828.1	115	19.4686	0	0
NR_049829.1	112	18.5095	0	0
NR_049830.1	91	14.4116	1.5	4.68405
NR_049831.1	74	16.0532	0	0
NR_049832.1	65	17.8776	0.25	0.629324
NR_049833.1	87	15.7489	0	0
NR_049834.1	115	19.4686	0	0
NR_049835.1	113	18.7969	0	0
NR_049836.1	119	20.6954	0	0
NR_049837.1	137	27.4645	0	0
NR_049838.1	58	18.0303	0	0
NR_049839.1	57	18.129	8	19.859
NR_049840.1	58	18.0303	0	0
NR_049841.1	58	18.0303	0	0
NR_049842.1	61	19.9714	0	0
NR_049843.1	58	18.0303	0	0
NR_049844.1	60	18.9714	5	11.8608
NR_049845.1	58	18.0303	0	0
NR_049846.1	68	17.931	0	0
NR_049847.1	59	18.5	0	0
NR_049848.1	59	18.5	0	0
NR_049849.1	60	18.9714	0	0
NR_049850.1	59	18.5	0	0
NR_049851.1	59	18.5	0	0
NR_049852.1	53	19.6087	11	25.2456
NR_049853.1	54	19.04	0	0
NR_049854.1	60	18.9714	0	0
NR_049855.1	60	18.9714	0	0
NR_049856.1	54	19.04	0	0
NR_049857.1	65	17.8776	0	0
NR_049858.1	62	19.3947	0	0
NR_049859.1	84	15.6223	0	0
NR_049860.1	75	15.9406	0	0
NR_049861.1	76	14.8793	0	0
NR_049862.1	65	17.8776	0	0
NR_049863.1	76	14.8793	0	0
NR_049864.1	65	17.8776	0	0
NR_049865.1	73	16.0795	0	0
NR_049866.1	79	15.3333	0	0
NR_049867.1	91	14.4116	0	0
NR_049868.1	77	15.2645	0	0
NR_049869.1	77	15.2645	0	0
NR_049870.1	83	15.7086	0	0
NR_049871.1	60	18.9714	0	0
NR_049872.1	78	15.0992	0	0
NR_049873.1	73	16.0795	0	0
NR_049874.1	68	17.931	0	0
NR_049875.1	69	17.25	0	0
NR_049876.1	59	18.5	0	0
NR_049877.1	81	15.7843	0	0
NR_049878.1	73	16.0795	0	0
NR_049879.1	76	14.8793	0	0
NR_049880.1	85	15.5396	0	0
NR_049881.1	85	15.5396	0	0
NR_049882.1	78	15.0992	0	0
NR_049883.1	72	16.5875	0	0
NR_049884.1	90	14.5182	0	0
NR_049885.1	71	17.0822	0	0
NR_049886.1	82	16.1887	0	0
NR_049887.1	84	15.6223	0	0
NR_049888.1	56	18.3103	0	0
NR_049889.1	87	15.7489	0	0
NR_049890.1	77	15.2645	0	0
NR_049891.1	89	15.2268	0	0
NR_049892.1	80	15.4932	0	0
NR_049893.1	81	15.7843	0	0
NR_049894.1	85	15.5396	1.61629	4.68083
NR_049895.1	82	16.1887	0	0
NR_049896.1	2714	2486.29	5	0.0905024
NR_051952.2	1612	1384.29	0	0
NR_051953.2	5484	5256.29	19.0769	0.163331
NR_051954.3	2511	2283.29	42.2635	0.833003
NR_051955.3	2516	2288.29	31.065	0.610944
NR_051956.3	2513	2285.29	7.2928	0.143613
NR_051957.3	2508	2280.29	9.68665	0.191172
NR_051958.3	2442	2214.29	19.1393	0.388986
NR_051960.2	741	513.753	1.69939	0.148861
NR_051961.2	3096	2868.29	0	0
NR_051963.1	2800	2572.29	74.3813	1.30132
NR_051964.1	2385	2157.29	14.3192	0.298712
NR_051965.1	2481	2253.29	27.0795	0.540836
NR_051966.1	734	506.753	0	0
NR_051967.3	1603	1375.29	61.6852	2.0185
NR_051968.2	1658	1430.29	73.0664	2.29898
NR_051969.2	1663	1435.29	26.8129	0.840709
NR_051970.2	1605	1377.29	52.1852	1.70515
NR_051976.1	615	389.417	0	0
NR_051977.1	1967	1739.29	0	0
NR_051978.2	3123	2895.29	366.581	5.69796
NR_051979.2	3518	3290.29	35.1368	0.480584
NR_051980.1	2287	2059.29	4	0.0874146
NR_051983.1	1023	795.293	0	0
NR_051984.1	1528	1300.29	9.59274	0.332004
NR_051985.1	1488	1260.29	0	0
NR_051986.1	1655	1427.29	2.62135	0.0826522
NR_051987.1	541	318.158	0	0
NR_051988.2	3443	3215.29	0	0
NR_051989.1	869	641.427	1	0.0701608
NR_051990.1	548	324.67	0	0
NR_051991.1	5134	4906.29	11.4681	0.105191
NR_051992.2	5002	4774.29	0	0
NR_051993.2	352	154.086	0	0
NR_051994.2	440	225.63	0	0
NR_051996.1	1452	1224.29	0	0
NR_051997.1	1238	1010.29	0	0
NR_052000.2	1210	982.293	0	0
NR_052002.2	972	744.293	40.9707	2.47726
NR_052003.2	3890	3662.29	0	0
NR_052004.1	552	328.307	0	0
NR_052005.2	3461	3233.29	0	0
NR_052010.2	1760	1532.29	48.9636	1.43805
NR_052012.1	746	518.701	4.84233	0.420126
NR_052013.3	7082	6854.29	0	0
NR_052015.4	4893	4665.29	0	0
NR_052016.2	4109	3881.29	0	0
NR_052017.2	3406	3178.29	0	0
NR_052019.1	1005	777.293	43.0935	2.49499
NR_052020.1	991	763.293	14.9398	0.880837
NR_052021.2	1074	846.293	0	0
NR_052022.2	893	665.361	135.096	9.1375
NR_052023.2	1062	834.293	4.04111	0.217984
NR_052024.1	803	575.487	24.2104	1.89325
NR_052025.2	487	267.803	2.83934	0.477138
NR_052026.2	3748	3520.29	0	0
NR_052852.2	1321	1093.29	9.83191	0.40471
NR_070308.2	2254	2026.29	0	0
NR_070309.2	2036	1808.29	0	0
NR_072975.3	3821	3593.29	0	0
NR_072976.2	1716	1488.29	27.7891	0.840288
NR_072977.2	5312	5084.29	65.7971	0.582396
NR_072979.2	2813	2585.29	0	0
NR_072980.2	2931	2703.29	76.7955	1.27845
NR_072981.1	748	520.701	2.66662	0.23047
NR_072982.1	614	388.495	1.0781	0.124887
NR_072983.2	1955	1727.29	17.0414	0.443998
NR_072984.1	2096	1868.29	70.2781	1.69284
NR_072985.1	2103	1875.29	0	0
NR_072986.1	2001	1773.29	0.145872	0.00370197
NR_072987.1	2053	1825.29	29.822	0.735269
NR_072988.2	1254	1026.29	0	0
NR_072989.2	1330	1102.29	1.19809	0.0489142
NR_072991.1	638	412.014	3	0.327681
NR_072992.2	1939	1711.29	2.62155	0.0689408
NR_072993.2	2838	2610.29	0	0
NR_072994.2	4450	4222.29	19.8212	0.211264
NR_072995.2	2720	2492.29	0	0
NR_072996.2	6164	5936.29	15.671	0.118802
NR_072997.2	4026	3798.29	0	0
NR_072998.2	3989	3761.29	52.1843	0.624375
NR_072999.2	4347	4119.29	0	0
NR_073002.2	2366	2138.29	0	0
NR_073003.2	2148	1920.29	0	0
NR_073004.2	2105	1877.29	7.39824	0.177353
NR_073005.2	1998	1770.29	44.3873	1.12838
NR_073006.2	1415	1187.29	0	0
NR_073007.2	1137	909.293	1129.48	55.9007
NR_073008.2	1418	1190.29	167.748	6.34228
NR_073009.2	4427	4199.29	0	0
NR_073010.2	3772	3544.29	0	0
NR_073012.2	967	739.293	0	0
NR_073016.3	2286	2058.29	31.5265	0.689303
NR_073017.3	2163	1935.29	0	0
NR_073018.3	2133	1905.29	14.5906	0.34463
NR_073019.3	2102	1874.29	0	0
NR_073020.3	2019	1791.29	0	0
NR_073021.3	1947	1719.29	7.12651e-07	1.86539e-08
NR_073022.2	635	409.096	32.2302	3.54552
NR_073023.3	1907	1679.29	0	0
NR_073024.2	1117	889.293	211.057	10.6806
NR_073029.2	1314	1086.29	23.9422	0.991881
NR_073030.2	1131	903.293	54.6409	2.72227
NR_073032.2	5210	4982.29	44.1712	0.398981
NR_073033.2	7423	7195.29	27.8131	0.173958
NR_073034.2	2835	2607.29	0	0
NR_073036.2	2759	2531.29	0	0
NR_073037.2	3275	3047.29	0	0
NR_073039.3	753	525.701	0	0
NR_073040.1	3939	3711.29	3353.28	40.6618
NR_073043.2	3280	3052.29	0	0
NR_073046.2	1637	1409.29	0	0
NR_073047.2	1554	1326.29	50.8999	1.72711
NR_073048.2	1539	1311.29	118.51	4.06722
NR_073049.2	1561	1333.29	0	0
NR_073050.2	1524	1296.29	18.4029	0.638887
NR_073051.2	1623	1395.29	0	0
NR_073052.2	1398	1170.29	26.7652	1.02924
NR_073055.2	12006	11778.3	0	0
NR_073056.2	11867	11639.3	0	0
NR_073058.2	1070	842.293	0	0
NR_073059.2	976	748.293	7.96409	0.478968
NR_073060.2	956	728.293	1.33939	0.0827643
NR_073062.2	3102	2874.29	63.436	0.993224
NR_073064.2	4618	4390.29	40.7734	0.417952
NR_073065.2	1433	1205.29	16.6655	0.622254
NR_073066.2	1214	986.293	13.8263	0.630873
NR_073068.1	4730	4502.29	0	0
NR_073069.1	4713	4485.29	0	0
NR_073070.2	2034	1806.29	57.6488	1.4363
NR_073071.2	3371	3143.29	34.0076	0.486893
NR_073072.2	1228	1000.29	0	0
NR_073073.2	5092	4864.29	29.9873	0.277434
NR_073074.2	3705	3477.29	60.9416	0.788706
NR_073078.2	1400	1172.29	0	0
NR_073079.2	1370	1142.29	0	0
NR_073080.2	2843	2615.29	27.5735	0.474475
NR_073081.2	979	751.293	0	0
NR_073082.2	1193	965.293	0	0
NR_073083.2	1083	855.293	23.1471	1.21793
NR_073084.1	2000	1772.29	17.46	0.443353
NR_073085.2	1452	1224.29	23.5914	0.867182
NR_073090.3	4790	4562.29	0	0
NR_073091.3	4760	4532.29	198.107	1.96709
NR_073092.3	4821	4593.29	0	0
NR_073093.2	1133	905.293	26.1633	1.30061
NR_073094.2	2140	1912.29	17.2405	0.405731
NR_073095.2	1791	1563.29	41.7029	1.20052
NR_073096.2	1917	1689.29	25.3975	0.676595
NR_073097.2	1329	1101.29	8.58992	0.351017
NR_073098.2	901	673.361	26.1242	1.74597
NR_073102.2	4436	4208.29	78.4329	0.838754
NR_073103.2	7740	7512.29	23.9713	0.143602
NR_073104.2	7701	7473.29	0	0
NR_073105.2	7884	7656.29	0	0
NR_073106.2	7835	7607.29	32.8116	0.194106
NR_073107.2	7722	7494.29	0	0
NR_073108.2	7589	7361.29	56.6034	0.346044
NR_073109.1	3311	3083.29	25.5595	0.373062
NR_073110.2	1948	1720.29	29	0.758644
NR_073111.2	2608	2380.29	66.1468	1.25061
NR_073112.2	2472	2244.29	12.9334	0.259344
NR_073113.1	3304	3076.29	171.062	2.50247
NR_073114.2	2753	2525.29	0	0
NR_073116.2	2677	2449.29	2.90657	0.053405
NR_073117.2	2438	2210.29	0	0
NR_073118.2	2665	2437.29	0	0
NR_073119.3	8400	8172.29	0	0
NR_073120.3	8360	8132.29	0	0
NR_073121.3	8276	8048.29	125.217	0.700168
NR_073124.2	4477	4249.29	94.4619	1.00042
NR_073125.2	1682	1454.29	0	0
NR_073126.1	1639	1411.29	3.66888	0.116993
NR_073127.2	1511	1283.29	1.17844	0.0413261
NR_073128.1	4777	4549.29	186.695	1.84684
NR_073129.2	4908	4680.29	0.571154	0.0054919
NR_073130.2	6269	6041.29	0	0
NR_073131.1	4990	4762.29	0	0
NR_073132.2	2968	2740.29	0	0
NR_073133.2	2167	1939.29	0	0
NR_073135.1	5179	4951.29	2.4963	0.0226893
NR_073136.2	4733	4505.29	0	0
NR_073137.2	1959	1731.29	22.5516	0.586204
NR_073138.2	673	446.496	0	0
NR_073141.3	12249	12021.3	0	0
NR_073142.3	12132	11904.3	0	0
NR_073143.3	11864	11636.3	2.34234	0.00905894
NR_073144.1	1223	995.293	3	0.135648
NR_073148.2	2589	2361.29	63.2751	1.20594
NR_073149.2	1398	1170.29	0	0
NR_073150.2	3348	3120.29	0	0
NR_073151.2	521	299.283	0	0
NR_073152.1	469	251.307	0	0
NR_073153.1	555	331.174	0	0
NR_073154.1	2884	2656.29	5	0.0847103
NR_073155.1	981	753.293	1	0.0597418
NR_073156.2	2071	1843.29	58.2286	1.42162
NR_073163.2	1904	1676.29	0	0
NR_073169.1	3840	3612.29	6.51181	0.0811262
NR_073170.1	1294	1066.29	13.6396	0.57566
NR_073171.1	1232	1004.29	0	0
NR_073172.1	999	771.293	1.36526	0.0796598
NR_073177.1	2372	2144.29	0	0
NR_073178.1	2934	2706.29	1.22821	0.020424
NR_073179.1	2737	2509.29	2	0.0358691
NR_073180.1	1492	1264.29	1.02136	0.0363559
NR_073189.3	6129	5901.29	0	0
NR_073200.2	5053	4825.29	0	0
NR_073201.4	7862	7634.29	0	0
NR_073202.3	8380	8152.29	0	0
NR_073206.2	2506	2278.29	0	0
NR_073207.2	2392	2164.29	0	0
NR_073365.2	20898	20670.3	878.732	1.91316
NR_073366.2	21001	20773.3	44.3279	0.0960316
NR_073367.2	20037	19809.3	21.7111	0.0493237
NR_073375.2	3453	3225.29	43.5075	0.607068
NR_073377.3	3691	3463.29	120.474	1.56548
NR_073379.3	2420	2192.29	2	0.0410557
NR_073383.1	2752	2524.29	6.00254	0.107013
NR_073384.2	4080	3852.29	87.8825	1.02666
NR_073385.1	633	407.137	0	0
NR_073386.1	1625	1397.29	4.13683	0.133236
NR_073387.1	2488	2260.29	1.09693	0.0218402
NR_073388.1	1007	779.293	7.83479	0.452448
NR_073389.2	2270	2042.29	2.13079	0.0469532
NR_073390.2	3710	3482.29	0	0
NR_073391.2	2683	2455.29	10.8235	0.198383
NR_073393.1	580	355.279	0	0
NR_073394.2	5901	5673.29	0	0
NR_073395.1	1911	1683.29	4.50558	0.120457
NR_073396.1	3168	2940.29	79.0612	1.21008
NR_073397.2	834	606.427	0	0
NR_073398.2	5829	5601.29	0	0
NR_073399.2	5882	5654.29	0	0
NR_073400.1	1903	1675.29	0	0
NR_073403.2	4446	4218.29	10.7749	0.114953
NR_073404.1	5287	5059.29	7.36086	0.0654759
NR_073405.1	11532	11304.3	29.2116	0.116293
NR_073407.1	285	107.918	0	0
NR_073408.1	285	107.918	0	0
NR_073409.2	3718	3490.29	37.8406	0.487908
NR_073410.2	3490	3262.29	0	0
NR_073411.2	3562	3334.29	19.6472	0.26518
NR_073412.2	1035	807.293	124.276	6.92785
NR_073413.2	3535	3307.29	14.0354	0.190983
NR_073414.1	1816	1588.29	0	0
NR_073415.2	3135	2907.29	1.00003	0.0154799
NR_073416.2	1578	1350.29	3.59596	0.119848
NR_073417.2	820	592.487	0	0
NR_073418.1	653	426.803	0	0
NR_073419.2	860	632.427	0	0
NR_073421.2	301	118.444	0	0
NR_073422.1	599	373.876	2	0.240738
NR_073423.1	2777	2549.29	0	0
NR_073424.2	1798	1570.29	32.7265	0.93791
NR_073428.2	3184	2956.29	56.8487	0.865397
NR_073430.1	5096	4868.29	1.00413	0.00928227
NR_073431.1	1053	825.293	18.9548	1.0336
NR_073432.1	776	548.487	0	0
NR_073435.2	2390	2162.29	0	0
NR_073443.2	9695	9467.29	6.18924	0.0294208
NR_073444.2	4819	4591.29	76.0627	0.745554
NR_073445.2	4736	4508.29	56.3011	0.562014
NR_073446.2	4326	4098.29	187.079	2.05431
NR_073447.2	860	632.427	20	1.42319
NR_073448.2	2200	1972.29	0	0
NR_073449.2	2206	1978.29	8.94363	0.203454
NR_073450.2	1945	1717.29	0	0
NR_073453.1	1168	940.293	28	1.3401
NR_073454.1	583	358.243	0	0
NR_073455.1	738	510.753	4.85619	0.427885
NR_073456.1	642	416.014	0	0
NR_073457.1	602	376.687	10.3793	1.24002
NR_073458.1	580	355.279	0	0
NR_073459.1	746	518.701	0	0
NR_073460.1	725	497.753	123.307	11.1485
NR_073461.2	785	557.487	0	0
NR_073463.2	2554	2326.29	23.8077	0.46057
NR_073464.2	2919	2691.29	18.2846	0.30575
NR_073465.2	4045	3817.29	0	0
NR_073468.2	5504	5276.29	12.591	0.107393
NR_073469.2	1762	1534.29	127.636	3.74375
NR_073470.2	1490	1262.29	372.652	13.2857
NR_073472.2	3377	3149.29	58.2545	0.832451
NR_073473.2	3042	2814.29	0	0
NR_073474.2	2983	2755.29	0	0
NR_073480.2	3192	2964.29	37.7214	0.572675
NR_073481.2	3192	2964.29	11.3028	0.171596
NR_073482.1	3083	2855.29	0	0
NR_073484.2	1220	992.293	162.417	7.36603
NR_073485.2	2204	1976.29	0	0
NR_073486.1	1447	1219.29	0	0
NR_073487.2	1502	1274.29	0	0
NR_073488.2	1232	1004.29	9.32061	0.417663
NR_073490.3	1684	1456.29	0	0
NR_073491.2	1616	1388.29	0	0
NR_073492.2	1610	1382.29	0	0
NR_073493.2	2048	1820.29	7.19929	0.177988
NR_073494.1	1058	830.293	1	0.0542014
NR_073496.2	2981	2753.29	0	0
NR_073497.1	1669	1441.29	0	0
NR_073498.2	2796	2568.29	63.8827	1.11939
NR_073499.2	2303	2075.29	164.381	3.56463
NR_073500.2	3175	2947.29	47.2709	0.721793
NR_073501.2	3551	3323.29	43.2542	0.585736
NR_073502.2	3430	3202.29	3369.84	47.3576
NR_073503.2	3427	3199.29	3226.39	45.3842
NR_073504.2	515	293.705	2.00943	0.307895
NR_073506.2	4962	4734.29	57.9402	0.550766
NR_073510.2	3098	2870.29	0	0
NR_073511.2	3686	3458.29	0	0
NR_073512.1	457	240.449	0	0
NR_073513.2	2126	1898.29	0	0
NR_073514.2	2602	2374.29	0	0
NR_073515.3	1315	1087.29	72.5067	3.00106
NR_073516.2	1323	1095.29	14.7306	0.605244
NR_073517.2	4029	3801.29	59.1984	0.700843
NR_073518.2	1141	913.293	16.0573	0.791233
NR_073519.2	2663	2435.29	24.5765	0.454162
NR_073520.2	5752	5524.29	133.258	1.08557
NR_073525.3	3443	3215.29	4.25899	0.0596113
NR_073534.2	3647	3419.29	0	0
NR_073536.1	1702	1474.29	3.02329	0.0922864
NR_073537.1	2395	2167.29	34.5222	0.716841
NR_073540.3	2108	1880.29	206.699	4.94716
NR_073541.2	1219	991.293	8.45166	0.383692
NR_073542.2	1172	944.293	378.653	18.0458
NR_073543.2	1135	907.293	259.517	12.8724
NR_073544.2	3303	3075.29	0	0
NR_073545.2	2949	2721.29	11.5253	0.190598
NR_073546.2	9931	9703.29	0	0
NR_073547.2	13006	12778.3	0	0
NR_073553.3	1260	1032.29	68.5107	2.98674
NR_073554.2	6307	6079.29	0	0
NR_073555.2	6230	6002.29	135.431	1.01542
NR_073556.2	6439	6211.29	17.38	0.125925
NR_073557.2	6312	6084.29	0	0
NR_073558.2	6309	6081.29	0	0
NR_073560.2	1860	1632.29	0	0
NR_073562.1	1726	1498.29	719.637	21.6152
NR_073565.2	3100	2872.29	49.3025	0.772471
NR_073566.1	1965	1737.29	0	0
NR_073567.1	1953	1725.29	0	0
NR_073568.1	1808	1580.29	0	0
NR_073570.2	2420	2192.29	82.3741	1.69096
NR_073571.2	2308	2080.29	34.1481	0.738727
NR_073573.2	3001	2773.29	9.76765	0.158503
NR_073574.2	2330	2102.29	27.0725	0.579532
NR_073577.2	2226	1998.29	88.0691	1.98338
NR_073578.2	3065	2837.29	0	0
NR_073580.2	2209	1981.29	0	0
NR_073581.2	2646	2418.29	15.3068	0.284851
NR_073582.2	2526	2298.29	0	0
NR_073584.1	1818	1590.29	25.9999	0.735762
NR_073585.2	1359	1131.29	487.113	19.3774
NR_073589.2	1818	1590.29	0	0
NR_073590.2	2400	2172.29	94.3868	1.9554
NR_073591.2	2437	2209.29	29.02	0.591135
NR_073592.2	2329	2101.29	2.59977	0.0556789
NR_073593.2	2429	2201.29	18.2442	0.372982
NR_073594.2	2549	2321.29	0.449593	0.00871628
NR_073595.1	2722	2494.29	77.4779	1.39789
NR_073596.2	5587	5359.29	0	0
NR_073597.2	5540	5312.29	0	0
NR_073598.2	5847	5619.29	0	0
NR_073603.2	4273	4045.29	114.965	1.27897
NR_073606.2	3313	3085.29	0	0
NR_073608.2	1001	773.293	10.4692	0.609271
NR_073609.2	1167	939.293	60.3522	2.89158
NR_073610.2	1893	1665.29	3.87521e-08	1.04724e-09
NR_074074.2	1585	1357.29	58.5978	1.9429
NR_074079.1	1637	1409.29	0	0
NR_074080.2	1689	1461.29	1442.17	44.4142
NR_074083.2	4370	4142.29	36.303	0.394406
NR_074086.2	4840	4612.29	27.4178	0.267521
NR_074088.3	1701	1473.29	0	0
NR_075070.2	2345	2117.29	13.3086	0.282875
NR_075071.3	8173	7945.29	0	0
NR_075077.2	2356	2128.29	0	0
NR_075079.3	1200	972.293	18.9338	0.876359
NR_075080.2	3901	3673.29	79.8963	0.978844
NR_075083.3	6610	6382.29	0	0
NR_075089.1	3427	3199.29	0	0
NR_075090.1	3141	2913.29	4.65939	0.071976
NR_075091.1	3550	3322.29	0	0
NR_075092.1	3442	3214.29	0	0
NR_075093.1	3132	2904.29	0	0
NR_075098.2	3350	3122.29	0	0
NR_076392.2	2883	2655.29	0	0
NR_077058.1	8836	8608.29	32.1994	0.168334
NR_077060.2	1393	1165.29	33.2178	1.28285
NR_077061.1	1704	1476.29	1.00123	0.0305214
NR_077215.1	1890	1662.29	4	0.108292
NR_077225.1	2168	1940.29	3.00021	0.0695868
NR_077227.1	4369	4141.29	14	0.152137
NR_077228.1	2595	2367.29	3.05726	0.0581196
NR_077234.2	3154	2926.29	69.8081	1.07357
NR_077235.2	3150	2922.29	0	0
NR_077236.1	1528	1300.29	13	0.449929
NR_077240.1	2960	2732.29	1	0.0164708
NR_077241.1	1641	1413.29	0	0
NR_077243.2	968	740.293	12.4387	0.756159
NR_077244.1	1105	877.293	0	0
NR_077246.1	853	625.427	10.0063	0.720009
NR_077247.1	993	765.293	81.0163	4.76416
NR_102264.2	4132	3904.29	0	0
NR_102265.2	2845	2617.29	1.00099	0.0172116
NR_102266.2	1369	1141.29	167.19	6.59257
NR_102267.2	3754	3526.29	58.413	0.745476
NR_102268.2	670	443.585	1	0.101453
NR_102269.2	881	653.427	7.21882	0.497177
NR_102270.1	2233	2005.29	0	0
NR_102271.1	1681	1453.29	0	0
NR_102272.2	3143	2915.29	0	0
NR_102274.1	1204	976.293	0	0
NR_102279.1	797	569.487	114.598	9.05602
NR_102280.1	1083	855.293	7.50007	0.394632
NR_102281.1	555	331.174	1.77895	0.241741
NR_102299.2	4778	4550.29	2.87479e-05	2.84321e-07
NR_102300.2	4759	4531.29	0	0
NR_102301.2	4660	4432.29	76.0532	0.772203
NR_102302.2	3142	2914.29	34.0754	0.526199
NR_102308.2	840	612.427	0	0
NR_102316.1	1952	1724.29	4.45191	0.116192
NR_102317.1	2170	1942.29	40.8798	0.947188
NR_102318.1	5583	5355.29	1617.37	13.5915
NR_102324.2	1710	1482.29	0	0
NR_102326.1	8477	8249.29	813.348	4.43713
NR_102327.1	3210	2982.29	41.6716	0.628829
NR_102333.3	1671	1443.29	0	0
NR_102334.2	7507	7279.29	0	0
NR_102335.2	4333	4105.29	0	0
NR_102336.1	4327	4099.29	0.25475	0.00279671
NR_102337.2	2805	2577.29	86.6683	1.51335
NR_102338.2	3000	2772.29	153.496	2.49173
NR_102347.2	4077	3849.29	204.065	2.38577
NR_102350.2	905	677.361	0	0
NR_102355.2	2135	1907.29	0	0
NR_102356.2	1214	986.293	0	0
NR_102357.2	2057	1829.29	0	0
NR_102363.3	3830	3602.29	0	0
NR_102364.3	3821	3593.29	0	0
NR_102367.2	1523	1295.29	15	0.521153
NR_102368.1	127	23.5955	9	17.1655
NR_102369.1	104	15.9806	7	19.7128
NR_102370.1	79	15.3333	0	0
NR_102371.1	2516	2288.29	21.4341	0.421536
NR_102390.1	1478	1250.29	0	0
NR_102391.1	1478	1250.29	0	0
NR_102400.1	1109	881.293	11.4887	0.586671
NR_102401.1	5163	4935.29	0	0
NR_102404.3	7360	7132.29	40.3414	0.254545
NR_102405.3	7100	6872.29	0	0
NR_102409.2	3465	3237.29	0	0
NR_102422.2	3922	3694.29	0	0
NR_102423.2	525	303.13	0	0
NR_102424.1	1945	1717.29	4.31716	0.113135
NR_102425.1	362	162.038	0	0
NR_102426.1	1836	1608.29	2.00502	0.0561042
NR_102427.1	1008	780.293	89.0286	5.13468
NR_102428.1	874	646.427	0	0
NR_102429.1	926	698.293	0	0
NR_102430.1	684	457.134	5.01843	0.494045
NR_102431.3	2762	2534.29	0	0
NR_102432.3	2831	2603.29	0	0
NR_102434.1	3572	3344.29	104.705	1.40898
NR_102435.2	4202	3974.29	11.092	0.125601
NR_102436.3	3530	3302.29	28.1407	0.383497
NR_102684.1	736	508.753	12	1.06149
NR_102687.2	1093	865.293	0	0
NR_102688.2	1271	1043.29	0	0
NR_102689.2	1077	849.293	0	0
NR_102691.2	899	671.361	0	0
NR_102692.2	1160	932.293	0	0
NR_102693.2	1256	1028.29	0	0
NR_102694.2	1025	797.293	3.0783	0.173754
NR_102696.1	757	529.648	0	0
NR_102697.1	533	310.571	1	0.144904
NR_102699.1	846	618.427	0	0
NR_102700.1	750	522.701	0	0
NR_102701.1	946	718.293	0	0
NR_102702.1	829	601.427	0	0
NR_102703.1	596	370.951	0	0
NR_102707.1	446	230.915	0	0
NR_102708.1	962	734.293	0	0
NR_102709.1	592	367.025	1	0.122616
NR_102710.1	859	631.427	0	0
NR_102711.1	844	616.427	0	0
NR_102712.1	526	304.007	0	0
NR_102713.1	537	314.382	0	0
NR_102732.2	2866	2638.29	0	0
NR_102733.2	2668	2440.29	0	0
NR_102735.1	2251	2023.29	8	0.17794
NR_102737.1	560	336.006	1	0.133935
NR_102738.1	450	234.286	0	0
NR_102739.1	3153	2925.29	16.8459	0.25916
NR_102740.1	2516	2288.29	0	0
NR_102741.1	2235	2007.29	0	0
NR_102743.1	1161	933.293	23.5202	1.13413
NR_102744.1	520	298.404	1.98274	0.299021
NR_102746.1	803	575.487	0	0
NR_102747.1	3151	2923.29	49.5859	0.763358
NR_102748.1	2856	2628.29	25.661	0.439381
NR_102749.1	1719	1491.29	3	0.0905317
NR_102750.1	529	306.759	0	0
NR_102751.1	1520	1292.29	2	0.0696484
NR_102752.1	1548	1320.29	128.371	4.37562
NR_102753.1	506	285.56	0	0
NR_102754.1	402	193.569	0	0
NR_102755.1	2300	2072.29	2.12542	0.0461567
NR_102756.1	1234	1006.29	25.9733	1.16157
NR_102759.1	1113	885.293	118.863	6.04231
NR_102760.1	851	623.427	4.01636	0.289927
NR_102761.1	828	600.427	18.1642	1.36144
NR_102762.1	697	469.994	6.9561	0.666063
NR_102763.1	1788	1560.29	32	0.922967
NR_103441.2	1531	1303.29	23	0.794196
NR_103443.1	1223	995.293	0	0
NR_103444.1	1042	814.293	0	0
NR_103445.2	808	580.487	10	0.775265
NR_103446.1	2572	2344.29	195.94	3.76143
NR_103447.1	2078	1850.29	24.0601	0.585194
NR_103448.1	1652	1424.29	23	0.726726
NR_103449.1	3217	2989.29	0	0
NR_103450.1	2246	2018.29	2	0.0445952
NR_103451.2	865	637.427	13.0088	0.918438
NR_103455.1	2186	1958.29	0	0
NR_103456.1	1989	1761.29	75	1.91634
NR_103458.2	1578	1350.29	0	0
NR_103459.3	1335	1107.29	10.5604	0.429198
NR_103460.2	615	389.417	0	0
NR_103461.2	3173	2945.29	231.451	3.5365
NR_103462.1	1074	846.293	0	0
NR_103463.1	1043	815.293	0	0
NR_103466.1	1149	921.293	0	0
NR_103467.2	2779	2551.29	0	0
NR_103468.2	2761	2533.29	0.000778995	1.38386e-05
NR_103469.2	3727	3499.29	27.8308	0.357921
NR_103470.1	503	282.705	0	0
NR_103471.2	1895	1667.29	12.2062	0.329467
NR_103472.2	1519	1291.29	5.25604	0.183179
NR_103473.2	2403	2175.29	0	0
NR_103474.2	250	85.998	3.42142	1.79044
NR_103475.2	2432	2204.29	0	0
NR_103476.2	2152	1924.29	231.331	5.41009
NR_103478.2	1781	1553.29	236.696	6.85772
NR_103480.2	3252	3024.29	0	0
NR_103481.2	2248	2020.29	0	0
NR_103482.1	472	254.125	3	0.53127
NR_103483.2	1197	969.293	11.465	0.532308
NR_103484.1	883	655.427	22.3148	1.53218
NR_103485.2	1697	1469.29	0	0
NR_103486.1	4051	3823.29	879.974	10.358
NR_103488.3	1410	1182.29	10.6953	0.407108
NR_103490.2	2959	2731.29	18.56	0.30581
NR_103492.1	7580	7352.29	0	0
NR_103493.2	1399	1171.29	27.1643	1.0437
NR_103494.2	1238	1010.29	0	0
NR_103495.2	1168	940.293	20.3634	0.974606
NR_103496.2	2975	2747.29	0	0
NR_103497.1	2351	2123.29	2	0.0423899
NR_103498.2	2069	1841.29	96.8614	2.36739
NR_103499.2	2046	1818.29	11.341	0.280692
NR_103500.2	2236	2008.29	85.7147	1.92075
NR_103501.2	3034	2806.29	0	0
NR_103502.2	2102	1874.29	0	0
NR_103503.2	1858	1630.29	0	0
NR_103504.2	6059	5831.29	0	0
NR_103505.2	6097	5869.29	0	0
NR_103506.2	2766	2538.29	1	0.0177297
NR_103507.3	6375	6147.29	265.513	1.94376
NR_103508.1	1684	1456.29	6.95664	0.214977
NR_103509.1	2516	2288.29	53.9053	1.06014
NR_103510.1	2188	1960.29	0	0
NR_103511.3	1554	1326.29	0.0060397	0.000204936
NR_103512.2	794	566.487	13.485	1.07128
NR_103517.2	6108	5880.29	58.4562	0.447378
NR_103518.2	2733	2505.29	0	0
NR_103519.2	9091	8863.29	21.7638	0.110505
NR_103520.2	9408	9180.29	0	0
NR_103521.3	2847	2619.29	0	0
NR_103522.2	2115	1887.29	2.32489	0.0554376
NR_103523.1	1991	1763.29	17.0565	0.43532
NR_103525.2	508	287.414	0	0
NR_103526.2	2090	1862.29	0	0
NR_103527.2	1508	1280.29	20	0.703012
NR_103528.2	6265	6037.29	29.5998	0.220642
NR_103529.2	2233	2005.29	510.639	11.4598
NR_103530.2	2706	2478.29	0	0
NR_103532.2	450	234.286	0	0
NR_103533.2	415	204.487	3.55125	0.78155
NR_103534.1	1642	1414.29	4.00049	0.127296
NR_103535.1	2292	2064.29	90.461	1.97212
NR_103536.1	1944	1716.29	65.4886	1.71718
NR_103537.1	4028	3800.29	13.5114	0.160002
NR_103538.1	770	542.487	0	0
NR_103539.1	602	376.687	0	0
NR_103540.1	446	230.915	1.26678	0.246882
NR_103541.1	2621	2393.29	30	0.564115
NR_103543.2	1923	1695.29	0	0
NR_103544.2	1903	1675.29	2.04487	0.0549309
NR_103545.1	2469	2241.29	1.00717	0.020223
NR_103546.1	6289	6061.29	744.713	5.52925
NR_103547.1	1755	1527.29	0	0
NR_103548.1	890	662.427	7.84458	0.532935
NR_103549.1	582	357.279	9.15542	1.15322
NR_103551.3	5411	5183.29	173.496	1.50635
NR_103553.1	3803	3575.29	0	0
NR_103554.1	3401	3173.29	18.2132	0.258297
NR_103556.2	10510	10282.3	22.7077	0.0993861
NR_103558.1	2165	1937.29	5	0.116149
NR_103559.1	727	499.753	1	0.0900507
NR_103560.1	4770	4542.29	36.534	0.361963
NR_103561.1	1004	776.293	2.00523	0.116246
NR_103707.1	2553	2325.29	10	0.193537
NR_103708.2	1311	1083.29	0	0
NR_103709.2	1537	1309.29	0	0
NR_103710.1	1775	1547.29	0	0
NR_103711.1	2472	2244.29	165.244	3.31351
NR_103713.2	907	679.293	0	0
NR_103714.2	1767	1539.29	0	0
NR_103715.1	2173	1945.29	1.00469	0.0232429
NR_103717.1	2186	1958.29	21	0.482596
NR_103718.1	2192	1964.29	0	0
NR_103720.1	729	501.753	44.2586	3.96963
NR_103723.1	4429	4201.29	0	0
NR_103724.1	4393	4165.29	0	0
NR_103725.1	4178	3950.29	0	0
NR_103726.1	3877	3649.29	132.649	1.63583
NR_103727.2	1482	1254.29	0	0
NR_103728.1	1264	1036.29	31.3599	1.36186
NR_103729.2	2952	2724.29	1396.2	23.064
NR_103730.1	3115	2887.29	1.42372	0.0221909
NR_103731.1	2276	2048.29	0	0
NR_103732.1	593	367.988	28.7111	3.51123
NR_103733.1	804	576.487	0	0
NR_103734.1	3128	2900.29	235.876	3.66002
NR_103735.2	4267	4039.29	0	0
NR_103736.1	1794	1566.29	0	0
NR_103737.1	1739	1511.29	4.31518	0.128497
NR_103738.1	3033	2805.29	0	0
NR_103739.3	2271	2043.29	0.00159363	3.50994e-05
NR_103740.2	9378	9150.29	0	0
NR_103741.1	5511	5283.29	11.959	0.101866
NR_103742.1	5436	5208.29	42.5995	0.368088
NR_103743.1	1522	1294.29	36.0669	1.25406
NR_103744.1	756	528.701	39.0036	3.32
NR_103745.2	888	660.427	2.23657	0.152405
NR_103746.1	1824	1596.29	1.35397	0.0381715
NR_103747.1	2349	2121.29	0	0
NR_103748.1	1502	1274.29	0	0
NR_103749.1	638	412.014	0	0
NR_103750.1	1405	1177.29	1	0.0382259
NR_103752.1	297	115.768	0	0
NR_103753.1	1662	1434.29	0	0
NR_103754.1	1647	1419.29	0	0
NR_103755.1	1584	1356.29	1.0188	0.0338048
NR_103756.1	1513	1285.29	0	0
NR_103757.2	1957	1729.29	0	0
NR_103759.2	2116	1888.29	7.38471	0.175997
NR_103760.2	2239	2011.29	0	0
NR_103761.1	2412	2184.29	0	0
NR_103762.1	500	280.02	0	0
NR_103763.1	340	145.187	0	0
NR_103764.1	2277	2049.29	27	0.592928
NR_103765.1	1019	791.293	12	0.682474
NR_103766.2	1955	1727.29	0	0
NR_103767.1	1144	916.293	53	2.60306
NR_103768.1	620	394.338	33.2847	3.79855
NR_103769.1	1442	1214.29	8.01814	0.297161
NR_103770.1	413	202.921	0	0
NR_103771.1	3364	3136.29	9	0.129142
NR_103772.1	1076	848.293	69.6456	3.69479
NR_103773.1	1221	993.293	0	0
NR_103774.1	3776	3548.29	19.1931	0.243427
NR_103775.1	521	299.283	2	0.30074
NR_103776.1	893	665.361	0	0
NR_103777.1	2456	2228.29	4.94122	0.0997939
NR_103778.1	4112	3884.29	15.9722	0.185053
NR_103779.1	2857	2629.29	0	0
NR_103780.2	2022	1794.29	95.4962	2.39516
NR_103781.2	1914	1686.29	0.704574	0.0188034
NR_103782.2	2019	1791.29	4.48153	0.11259
NR_103784.1	1347	1119.29	0	0
NR_103785.1	1000	772.293	0	0
NR_103786.1	849	621.427	0	0
NR_103787.1	947	719.293	0	0
NR_103788.1	828	600.427	0	0
NR_103789.1	776	548.487	0	0
NR_103790.1	995	767.293	1.11847	0.0656002
NR_103791.1	996	768.293	0	0
NR_103792.1	3567	3339.29	99.227	1.33727
NR_103793.1	1190	962.293	1	0.0467665
NR_103794.1	1609	1381.29	0	0
NR_103795.1	3903	3675.29	7.82533	0.0958192
NR_103797.2	8420	8192.29	4658.55	25.591
NR_103801.2	1495	1267.29	0	0
NR_103802.1	1097	869.293	17.9351	0.928498
NR_103803.1	906	678.293	147.934	9.81504
NR_103804.2	1911	1683.29	1994.02	53.3103
NR_103805.1	756	528.701	0	0
NR_103806.1	2511	2283.29	0	0
NR_103809.1	4198	3970.29	5.03702	0.0570943
NR_103810.1	2156	1928.29	3.52908	0.0823628
NR_103811.1	467	249.436	0	0
NR_103812.1	810	582.487	14	1.08164
NR_103813.1	411	201.028	2	0.447729
NR_103814.2	3518	3290.29	6.70113	0.0916549
NR_103819.1	3615	3387.29	240.406	3.194
NR_103820.2	3351	3123.29	0	0
NR_103821.1	4696	4468.29	162.333	1.63497
NR_103822.2	4035	3807.29	0	0
NR_103825.1	4777	4549.29	64.1297	0.634392
NR_103826.2	4232	4004.29	0	0
NR_103827.1	1165	937.293	0	0
NR_103828.1	985	757.293	24	1.42623
NR_103829.1	3318	3090.29	8	0.116502
NR_103830.1	584	359.207	0	0
NR_103831.1	2850	2622.29	10.0395	0.172295
NR_103832.1	525	303.13	0	0
NR_103833.1	1521	1293.29	15.8004	0.549811
NR_103834.2	5757	5529.29	51.296	0.417499
NR_103835.1	804	576.487	2	0.156129
NR_103836.2	7594	7366.29	0	0
NR_103837.2	3838	3610.29	24.5713	0.306287
NR_103838.1	870	642.427	5.60143	0.392389
NR_103839.1	2383	2155.29	5.01121	0.104635
NR_103840.1	911	683.293	0	0
NR_103841.1	588	363.135	16	1.98287
NR_103842.2	4360	4132.29	0	0
NR_103843.1	1383	1155.29	0	0
NR_103844.1	2606	2378.29	122	2.30854
NR_103845.2	1108	880.293	0	0
NR_103846.1	509	288.355	0	0
NR_103847.1	726	498.753	18	1.62416
NR_103848.1	1471	1243.29	1	0.0361967
NR_103849.2	1419	1191.29	0	0
NR_103850.2	1367	1139.29	0	0
NR_103851.1	711	483.852	0	0
NR_103852.1	685	458.134	1	0.0982313
NR_103853.1	2445	2217.29	2.00038	0.0406006
NR_103854.1	3485	3257.29	16.5032	0.228009
NR_103855.1	4508	4280.29	4.86045	0.0511029
NR_103856.1	2182	1954.29	20.0926	0.462688
NR_103857.1	1096	868.293	10.8924	0.564548
NR_103858.1	758	530.648	0	0
NR_103859.1	456	239.672	0	0
NR_103860.1	2394	2166.29	11.035	0.229244
NR_103861.1	1771	1543.29	1.00048	0.0291745
NR_103862.1	2908	2680.29	20.2935	0.340735
NR_103863.1	587	362.135	0	0
NR_103864.2	634	408.137	2.18537	0.240969
NR_103866.2	3005	2777.29	27.3381	0.442985
NR_103867.2	2997	2769.29	99.8239	1.62221
NR_103868.2	1401	1173.29	0	0
NR_103869.2	1828	1600.29	0	0
NR_103870.2	5055	4827.29	31.5406	0.294042
NR_103871.2	5176	4948.29	335.55	3.05172
NR_103872.2	2395	2167.29	4.34013	0.0901212
NR_103873.1	563	338.802	6.16843	0.819353
NR_103874.2	4182	3954.29	0	0
NR_103995.2	1785	1557.29	7.03495	0.203298
NR_103996.2	1979	1751.29	9.82046e-08	2.52357e-09
NR_103997.2	3399	3171.29	8.37964	0.118913
NR_103998.2	2352	2124.29	8.849	0.187466
NR_103999.2	8574	8346.29	0	0
NR_104000.2	8631	8403.29	0	0
NR_104001.2	3260	3032.29	0	0
NR_104002.3	2862	2634.29	6.52875	0.111534
NR_104003.3	2414	2186.29	0	0
NR_104005.1	3838	3610.29	170.464	2.12487
NR_104006.2	2854	2626.29	113.947	1.95255
NR_104007.1	875	647.427	19.5462	1.35867
NR_104008.2	652	425.803	0	0
NR_104009.2	900	672.361	5.48719	0.367274
NR_104010.2	873	645.427	63.1371	4.4023
NR_104011.2	1980	1752.29	0	0
NR_104013.1	1891	1663.29	166.629	4.50841
NR_104014.2	1236	1008.29	10.4478	0.466316
NR_104015.2	1567	1339.29	19.269	0.647479
NR_104017.2	1716	1488.29	0	0
NR_104018.2	1616	1388.29	0	0
NR_104019.2	3933	3705.29	0	0
NR_104020.3	4067	3839.29	0	0
NR_104022.2	2622	2394.29	0	0
NR_104023.2	2975	2747.29	972.541	15.9311
NR_104024.2	1919	1691.29	37.7446	1.00433
NR_104025.2	1686	1458.29	46.8035	1.44436
NR_104026.2	2256	2028.29	110.861	2.45974
NR_104027.1	1147	919.293	215.545	10.5518
NR_104028.1	1314	1086.29	0	0
NR_104029.1	582	357.279	0	0
NR_104030.1	556	332.141	1	0.135494
NR_104031.1	1797	1569.29	0	0
NR_104032.2	744	516.753	8.68646	0.756489
NR_104033.1	1035	807.293	0	0
NR_104034.1	786	558.487	5.57407	0.449161
NR_104035.3	3556	3328.29	60.7772	0.821791
NR_104036.2	485	265.994	38.9534	6.59046
NR_104037.2	580	355.279	0	0
NR_104038.2	6237	6009.29	0	0
NR_104039.1	349	151.837	0	0
NR_104040.2	1536	1308.29	0	0
NR_104041.2	1284	1056.29	34.6711	1.47715
NR_104042.2	2069	1841.29	23.2496	0.568244
NR_104043.2	2018	1790.29	58.9137	1.48093
NR_104045.1	357	158.178	0	0
NR_104046.1	328	136.811	0	0
NR_104048.1	1383	1155.29	0	0
NR_104049.2	1282	1054.29	31.1494	1.32963
NR_104050.2	1301	1073.29	0	0
NR_104051.2	1464	1236.29	83.933	3.0553
NR_104054.2	4355	4127.29	42.5706	0.46418
NR_104056.1	849	621.427	0	0
NR_104057.1	410	200.199	0	0
NR_104058.1	751	523.701	0	0
NR_104059.1	386	180.662	0	0
NR_104061.1	666	439.629	0	0
NR_104062.1	765	537.541	0	0
NR_104063.1	303	119.67	0	0
NR_104064.1	1205	977.293	3	0.138146
NR_104065.1	900	672.361	0	0
NR_104066.2	915	687.293	0	0
NR_104071.2	866	638.427	0	0
NR_104073.1	164	39.7643	0	0
NR_104075.1	164	39.7643	1	1.13175
NR_104076.1	165	40.2498	0	0
NR_104078.1	164	39.7643	0	0
NR_104080.1	107	17.0159	43.8705	116.027
NR_104081.1	161	38.3931	0	0
NR_104082.1	164	39.7643	1.09092	1.23464
NR_104084.1	107	17.0159	4.61795	12.2134
NR_104085.1	164	39.7643	0	0
NR_104086.2	167	41.2794	1.08729	1.18537
NR_104088.1	107	17.0159	4.61795	12.2134
NR_104089.2	1796	1568.29	0	0
NR_104090.2	1733	1505.29	0	0
NR_104091.1	1129	901.293	4.09546	0.204493
NR_104095.1	3193	2965.29	0.000237663	3.60692e-06
NR_104096.1	3175	2947.29	1.00299	0.0153149
NR_104097.1	3286	3058.29	0	0
NR_104098.2	2262	2034.29	0.674955	0.0149315
NR_104099.2	1583	1355.29	43.8352	1.45557
NR_104100.2	1571	1343.29	4.88643	0.163705
NR_104101.2	1621	1393.29	115.384	3.72688
NR_104102.2	1422	1194.29	11.0955	0.418098
NR_104103.2	2141	1913.29	19.313	0.454266
NR_104104.3	6458	6230.29	58.4957	0.42253
NR_104107.2	1282	1054.29	105.645	4.50952
NR_104108.2	1559	1331.29	0	0
NR_104109.2	5501	5273.29	0	0
NR_104110.1	912	684.293	41.9935	2.76174
NR_104111.1	6858	6630.29	70.3972	0.477821
NR_104112.1	6765	6537.29	0.493391	0.00339653
NR_104113.1	361	161.348	6	1.67352
NR_104114.2	4223	3995.29	55.9484	0.630204
NR_104115.2	1540	1312.29	0	0
NR_104116.1	2315	2087.29	2	0.043121
NR_104117.1	411	201.028	1	0.223865
NR_104118.1	1081	853.293	0	0
NR_104120.1	528	305.914	0	0
NR_104121.2	2251	2023.29	63.0322	1.40199
NR_104122.2	5029	4801.29	0	0
NR_104124.3	1893	1665.29	6	0.162145
NR_104125.3	1775	1547.29	0	0
NR_104126.1	3748	3520.29	0	0
NR_104127.1	1313	1085.29	0	0
NR_104128.2	1488	1260.29	98.2663	3.50893
NR_104129.1	1173	945.293	0	0
NR_104130.1	1051	823.293	0	0
NR_104131.2	1282	1054.29	5.09036	0.217285
NR_104132.1	629	403.218	0	0
NR_104133.1	1036	808.293	2.15675	0.120081
NR_104134.1	2281	2053.29	0	0
NR_104136.1	495	275.303	6.62564	1.08307
NR_104137.1	717	489.852	0	0
NR_104138.1	622	396.338	0	0
NR_104139.1	736	508.753	0	0
NR_104143.1	1440	1212.29	0	0
NR_104145.1	2069	1841.29	0	0
NR_104146.1	9559	9331.29	1.0184	0.00491157
NR_104147.1	1640	1412.29	0	0
NR_104148.2	3949	3721.29	1.57524e-06	1.905e-08
NR_104149.2	3807	3579.29	6.47972	0.0814706
NR_104150.3	3461	3233.29	74.8722	1.04212
NR_104151.1	207	62.4014	0	0
NR_104152.1	2077	1849.29	0	0
NR_104153.1	668	441.629	7.42796	0.756927
NR_104154.1	1608	1380.29	0	0
NR_104155.1	2110	1882.29	0	0
NR_104156.1	601	375.763	0	0
NR_104157.1	517	295.585	0	0
NR_104158.1	399	191.106	0	0
NR_104159.2	908	680.293	0.853326	0.0564496
NR_104160.2	847	619.427	8.15305	0.592341
NR_104161.1	1012	784.293	0	0
NR_104162.1	2621	2393.29	4.33456	0.0815063
NR_104163.1	312	125.588	0	0
NR_104164.1	1871	1643.29	3.03135	0.0830162
NR_104165.2	593	367.988	41.0661	5.02218
NR_104166.2	3091	2863.29	0	0
NR_104167.2	4055	3827.29	0	0
NR_104168.3	5705	5477.29	29.9417	0.24601
NR_104169.3	5656	5428.29	39.4687	0.327214
NR_104170.1	427	214.584	2	0.419445
NR_104171.1	2365	2137.29	1	0.0210561
NR_104172.2	560	336.006	0	0
NR_104173.2	464	246.768	0	0
NR_104174.1	1098	870.293	0	0
NR_104175.1	585	360.171	0	0
NR_104176.1	2191	1963.29	2	0.0458445
NR_104177.1	3218	2990.29	2	0.0300994
NR_104178.1	4233	4005.29	91.816	1.03164
NR_104179.1	385	179.839	3	0.750723
NR_104180.1	392	185.43	0	0
NR_104181.2	2045	1817.29	0	0
NR_104182.1	1531	1303.29	14	0.483424
NR_104183.1	1843	1615.29	8.00963	0.223153
NR_104184.1	1701	1473.29	5.6375	0.172203
NR_104185.2	3371	3143.29	0	0
NR_104187.1	702	474.947	5.2214	0.494748
NR_104188.1	431	217.835	0	0
NR_104189.1	2504	2276.29	0	0
NR_104190.1	774	546.487	0	0
NR_104191.1	762	534.648	0	0
NR_104192.1	425	212.877	0	0
NR_104193.2	665	438.717	0	0
NR_104194.2	584	359.207	72.594	9.0949
NR_104195.2	685	458.134	7.06199	0.693709
NR_104196.2	1904	1676.29	0	0
NR_104197.2	1770	1542.29	0	0
NR_104198.2	2809	2581.29	43.9031	0.765421
NR_104199.2	1035	807.293	0	0
NR_104200.1	1750	1522.29	84.98	2.51224
NR_104201.1	1942	1714.29	16.4973	0.433081
NR_104202.1	1799	1571.29	0	0
NR_104203.1	1526	1298.29	0	0
NR_104204.1	1385	1157.29	85.3619	3.31942
NR_104205.1	1298	1070.29	12.6789	0.533115
NR_104209.2	2214	1986.29	9.56658	0.216748
NR_104210.2	3358	3130.29	6.64478	0.0955296
NR_104211.2	3565	3337.29	0	0
NR_104212.2	5329	5101.29	106.265	0.93746
NR_104213.2	774	546.487	0	0
NR_104214.2	1821	1593.29	85.2958	2.40921
NR_104215.2	5272	5044.29	17.9858	0.160462
NR_104216.2	4528	4300.29	0	0
NR_104217.1	3827	3599.29	85.9647	1.07484
NR_104218.2	1323	1095.29	11.1595	0.458518
NR_104219.2	3218	2990.29	30.1901	0.454352
NR_104220.2	1578	1350.29	3.68899	0.122948
NR_104222.2	2970	2742.29	34.6361	0.568404
NR_104223.2	3368	3140.29	112.406	1.61088
NR_104224.3	3183	2955.29	5.34596	0.0814081
NR_104225.1	2025	1797.29	35.8244	0.897021
NR_104226.1	2497	2269.29	0	0
NR_104227.1	3319	3091.29	8.84356	0.128745
NR_104228.1	770	542.487	8.44009	0.700165
NR_104229.2	1535	1307.29	6.21336	0.213892
NR_104230.1	2540	2312.29	184.949	3.59958
NR_104231.2	1791	1563.29	0	0
NR_104232.1	1169	941.293	4.13495	0.197691
NR_104233.2	3526	3298.29	0	0
NR_104234.2	1902	1674.29	2.50029	0.067205
NR_104235.2	2538	2310.29	30.1642	0.58758
NR_104236.2	2074	1846.29	5.04266	0.122914
NR_104237.2	2116	1888.29	0	0
NR_104238.2	1946	1718.29	46.3177	1.21309
NR_104239.2	5019	4791.29	0	0
NR_104240.2	1596	1368.29	70.1546	2.30738
NR_104241.2	1489	1261.29	46.8419	1.67133
NR_104242.2	2012	1784.29	0	0
NR_104243.2	1950	1722.29	0	0
NR_104244.2	3286	3058.29	0	0
NR_104245.2	2858	2630.29	0	0
NR_104246.2	3235	3007.29	0	0
NR_104247.2	2838	2610.29	20.3115	0.350183
NR_104248.2	1215	987.293	11.7491	0.535551
NR_104249.2	3557	3329.29	0	0
NR_104250.1	1819	1591.29	0	0
NR_104251.1	1718	1490.29	0	0
NR_104252.1	1816	1588.29	0	0
NR_104253.2	1666	1438.29	2	0.0625785
NR_104254.2	1764	1536.29	0	0
NR_104255.2	3711	3483.29	134.652	1.73966
NR_104256.2	1219	991.293	25.4949	1.15742
NR_104257.2	6533	6305.29	0	0
NR_104258.2	6413	6185.29	56.9872	0.414629
NR_104259.2	3246	3018.29	0	0
NR_104260.1	5011	4783.29	0	0
NR_104261.2	1973	1745.29	0	0
NR_104262.2	4453	4225.29	204.823	2.18155
NR_104264.2	2139	1911.29	13.6191	0.320674
NR_104265.2	1796	1568.29	70.9604	2.03625
NR_104266.2	3364	3136.29	4.74933	0.0681487
NR_104267.2	4312	4084.29	6.12641	0.0675043
NR_104268.2	4284	4056.29	37.1284	0.411926
NR_104269.1	7496	7268.29	8.27833	0.0512569
NR_104270.2	1608	1380.29	37.5312	1.22367
NR_104271.2	1868	1640.29	31.1895	0.855714
NR_104272.2	1593	1365.29	0	0
NR_104273.2	351	153.209	0	0
NR_104274.3	3128	2900.29	191.237	2.96737
NR_104275.3	3368	3140.29	46.5578	0.667212
NR_104285.2	1734	1506.29	491.466	14.6834
NR_104286.2	3201	2973.29	232.912	3.5253
NR_104291.3	4833	4605.29	18.4126	0.179928
NR_104292.1	4243	4015.29	154.832	1.73535
NR_104293.2	3752	3524.29	284.343	3.63088
NR_104294.1	2122	1894.29	0	0
NR_104295.2	1571	1343.29	119.873	4.016
NR_104296.2	3311	3083.29	0	0
NR_104297.2	3238	3010.29	0	0
NR_104299.2	2777	2549.29	19.907	0.351422
NR_104300.2	2016	1788.29	0	0
NR_104301.2	2000	1772.29	0	0
NR_104302.2	7006	6778.29	0	0
NR_104307.3	2761	2533.29	212.506	3.7751
NR_104308.3	2751	2523.29	0.111905	0.00199583
NR_104309.3	2742	2514.29	57.5561	1.03019
NR_104312.2	3241	3013.29	115.305	1.72206
NR_104313.2	843	615.427	19.1287	1.39878
NR_104314.2	2566	2338.29	0	0
NR_104315.2	1830	1602.29	4.20853	0.118204
NR_104316.2	5036	4808.29	0	0
NR_104317.2	2297	2069.29	7.00127	0.152264
NR_104318.2	1150	922.293	259.449	12.6598
NR_104319.1	1436	1208.29	0	0
NR_104320.1	1367	1139.29	0	0
NR_104321.1	1100	872.293	3.61912	0.186717
NR_104322.1	1675	1447.29	0	0
NR_104323.1	1574	1346.29	0	0
NR_104324.1	1468	1240.29	0	0
NR_104325.1	1537	1309.29	0	0
NR_104326.1	673	446.496	1	0.100792
NR_104327.1	915	687.293	0	0
NR_104328.1	650	423.846	0	0
NR_104329.1	618	392.338	0	0
NR_104330.1	675	448.496	0	0
NR_104331.1	3886	3658.29	58.0485	0.714093
NR_104332.1	856	628.427	0	0
NR_104333.1	581	356.279	0	0
NR_104336.1	825	597.427	0	0
NR_104343.1	1879	1651.29	25.7544	0.70189
NR_104345.2	1810	1582.29	1	0.0284417
NR_104346.2	1675	1447.29	0	0
NR_104348.1	15079	14851.3	0	0
NR_104349.1	1506	1278.29	0	0
NR_104350.1	14617	14389.3	0	0
NR_104351.1	2678	2450.29	0	0
NR_104359.1	3708	3480.29	2.00035	0.0258662
NR_104362.2	1214	986.293	0	0
NR_104363.2	1100	872.293	0	0
NR_104364.2	1090	862.293	0	0
NR_104365.2	1053	825.293	0	0
NR_104367.2	5441	5213.29	12.9841	0.112084
NR_104368.2	4635	4407.29	0	0
NR_104369.2	4561	4333.29	0	0
NR_104370.2	4477	4249.29	0	0
NR_104371.3	6097	5869.29	0	0
NR_104387.2	6516	6288.29	0	0
NR_104388.2	6507	6279.29	10.0865	0.0722891
NR_104389.2	6414	6186.29	0	0
NR_104390.2	6420	6192.29	0	0
NR_104391.2	6442	6214.29	0	0
NR_104392.2	6436	6208.29	0	0
NR_104393.2	6522	6294.29	0	0
NR_104394.2	6393	6165.29	0	0
NR_104395.2	6445	6217.29	13.856	0.100295
NR_104396.2	1545	1317.29	1	0.0341633
NR_104399.3	3675	3447.29	0	0
NR_104400.3	3585	3357.29	0	0
NR_104401.3	3670	3442.29	0	0
NR_104402.1	2870	2642.29	0	0
NR_104403.1	2742	2514.29	0	0
NR_104404.2	3439	3211.29	0	0
NR_104405.2	3772	3544.29	0	0
NR_104408.2	2990	2762.29	0	0
NR_104409.2	2546	2318.29	10.1078	0.196213
NR_104411.2	2829	2601.29	0	0
NR_104412.2	2701	2473.29	7.63247	0.138878
NR_104413.1	902	674.361	0	0
NR_104414.1	823	595.427	48.0311	3.63025
NR_104417.2	1844	1616.29	4.32175	0.120332
NR_104418.1	1393	1165.29	0	0
NR_104420.1	791	563.487	0	0
NR_104421.2	2755	2527.29	0	0
NR_104422.2	1145	917.293	0	0
NR_104423.2	3882	3654.29	39.7728	0.489807
NR_104424.2	4774	4546.29	0	0
NR_104425.2	2006	1778.29	0	0
NR_104426.1	905	677.361	0	0
NR_104428.2	595	369.951	0	0
NR_104429.1	4265	4037.29	0	0
NR_104432.2	3375	3147.29	125.553	1.79527
NR_104440.3	10678	10450.3	29.5487	0.127248
NR_104444.2	14251	14023.3	115.877	0.371868
NR_104445.2	3583	3355.29	0	0
NR_104447.2	1899	1671.29	45.4516	1.22388
NR_104448.2	5400	5172.29	9.35759	0.0814185
NR_104452.2	6068	5840.29	14.0084	0.107944
NR_104454.1	813	585.487	32.0051	2.46005
NR_104455.2	5367	5139.29	0	0
NR_104456.2	2196	1968.29	458.262	10.4777
NR_104457.2	4588	4360.29	75.8795	0.783161
NR_104461.2	4508	4280.29	0	0
NR_104462.2	3217	2989.29	11.1726	0.168201
NR_104463.3	3065	2837.29	35.2188	0.558616
NR_104464.3	2411	2183.29	23.4138	0.482617
NR_104467.2	528	305.914	0	0
NR_104469.2	405	196.152	0	0
NR_104470.3	10713	10485.3	0	0
NR_104471.1	2382	2154.29	73.0217	1.52542
NR_104472.2	1465	1237.29	0	0
NR_104473.3	3025	2797.29	191.827	3.08613
NR_104474.3	2992	2764.29	21.2289	0.34561
NR_104475.3	2908	2680.29	12.1589	0.204153
NR_104476.2	3928	3700.29	20.3544	0.247551
NR_104479.2	1804	1576.29	0	0
NR_104480.2	4989	4761.29	116.879	1.10473
NR_104481.2	4680	4452.29	57.1112	0.577271
NR_104485.2	1885	1657.29	0	0
NR_104486.2	5518	5290.29	17.301	0.147175
NR_104487.2	5322	5094.29	544.777	4.81257
NR_104578.2	495	275.303	5.05853	0.826904
NR_104579.2	1422	1194.29	62.0284	2.33734
NR_104581.1	2793	2565.29	0	0
NR_104583.1	4294	4066.29	0	0
NR_104584.2	3229	3001.29	39.6816	0.595008
NR_104585.2	3128	2900.29	8.70866	0.13513
NR_104586.3	1294	1066.29	21.2601	0.897285
NR_104587.2	2557	2329.29	0	0
NR_104589.1	533	310.571	16.4032	2.3769
NR_104590.2	1081	853.293	0	0
NR_104591.2	3413	3185.29	0	0
NR_104592.2	2579	2351.29	0	0
NR_104593.2	2432	2204.29	58.8533	1.20156
NR_104595.2	1735	1507.29	3	0.0895707
NR_104596.2	1381	1153.29	74.3998	2.90318
NR_104597.2	2491	2263.29	88.0573	1.75092
NR_104598.2	1383	1155.29	4.51064	0.175707
NR_104599.2	1585	1357.29	94.221	3.12404
NR_104600.2	645	418.93	3.18256	0.341882
NR_104601.1	3459	3231.29	225.776	3.14444
NR_104602.1	498	278.077	0	0
NR_104603.2	3949	3721.29	0	0
NR_104605.1	1156	928.293	0	0
NR_104606.1	2130	1902.29	0	0
NR_104607.1	3744	3516.29	0	0
NR_104609.1	1219	991.293	0	0
NR_104610.1	3199	2971.29	0	0
NR_104612.2	2405	2177.29	18.97	0.392095
NR_104613.1	832	604.427	3	0.223367
NR_104614.1	3517	3289.29	0	0
NR_104615.1	3451	3223.29	18.6839	0.260862
NR_104616.1	459	242.274	0	0
NR_104617.1	649	422.846	0	0
NR_104618.1	625	399.259	0	0
NR_104619.2	801	573.487	0	0
NR_104620.1	411	201.028	0	0
NR_104621.1	391	184.59	0	0
NR_104622.2	2377	2149.29	16.5373	0.346268
NR_104623.2	2377	2149.29	16.5373	0.346268
NR_104624.1	1297	1069.29	3	0.12626
NR_104625.1	2145	1917.29	0	0
NR_104626.1	1222	994.293	16	0.724182
NR_104627.2	2791	2563.29	18.5525	0.325721
NR_104628.1	691	464.041	0	0
NR_104629.2	2349	2121.29	0	0
NR_104630.1	406	196.92	0	0
NR_104631.1	800	572.487	1	0.0786098
NR_104632.1	615	389.417	6	0.693392
NR_104633.1	562	337.904	0	0
NR_104634.2	992	764.293	0	0
NR_104635.1	2007	1779.29	0	0
NR_104636.1	1909	1681.29	0	0
NR_104637.2	2276	2048.29	54.9324	1.20692
NR_104638.1	1907	1679.29	24.4293	0.654677
NR_104639.2	2030	1802.29	0	0
NR_104640.2	1917	1689.29	16.1714	0.430809
NR_104641.1	1824	1596.29	22.4552	0.633064
NR_104643.1	2760	2532.29	350.422	6.22758
NR_104644.1	2924	2696.29	179.042	2.98834
NR_104645.1	2227	1999.29	54.7716	1.23288
NR_104646.1	1349	1121.29	1	0.040135
NR_104647.1	699	471.947	0	0
NR_104648.1	1656	1428.29	0	0
NR_104649.1	2291	2063.29	0	0
NR_104650.1	530	307.728	0	0
NR_104651.1	635	409.096	42.9496	4.72472
NR_104652.1	401	192.714	0	0
NR_104653.1	626	400.259	0	0
NR_104654.1	1588	1360.29	0	0
NR_104655.1	1009	781.293	0	0
NR_104656.1	1121	893.293	5	0.251894
NR_104657.1	987	759.293	0	0
NR_104658.1	821	593.487	0	0
NR_104659.1	579	354.315	1	0.127014
NR_104660.1	737	509.753	0	0
NR_104661.1	995	767.293	0	0
NR_104662.1	550	326.571	1.56392	0.215515
NR_104663.1	685	458.134	0	0
NR_104664.1	656	429.76	0	0
NR_104665.1	847	619.427	0	0
NR_104666.1	755	527.701	0	0
NR_104667.1	716	488.852	0	0
NR_104668.1	1662	1434.29	0	0
NR_104669.1	1175	947.293	0	0
NR_104670.1	432	218.698	0	0
NR_104671.1	572	347.526	0	0
NR_104672.1	832	604.427	0	0
NR_104673.1	476	257.994	0	0
NR_104674.1	699	471.947	0	0
NR_104675.1	3258	3030.29	0	0
NR_104676.2	426	213.764	80.2316	16.8909
NR_104677.1	1633	1405.29	0	0
NR_104678.1	396	188.639	0	0
NR_104997.1	879	651.427	0	0
NR_104998.1	543	320.029	0	0
NR_104999.1	504	283.647	0	0
NR_105000.1	1197	969.293	0	0
NR_105001.1	661	434.717	0	0
NR_105002.1	2372	2144.29	2.14994	0.0451215
NR_105003.1	454	237.87	0	0
NR_105004.1	386	180.662	2	0.498202
NR_105005.1	1705	1477.29	0	0
NR_105006.1	1663	1435.29	20	0.627093
NR_105007.2	5139	4911.29	0	0
NR_105008.1	666	439.629	0	0
NR_105009.1	389	182.969	0	0
NR_105010.1	784	556.487	0	0
NR_105012.1	407	197.751	0	0
NR_105013.1	300	117.761	0	0
NR_105014.1	1550	1322.29	68.0015	2.31437
NR_105015.1	539	316.223	0	0
NR_105016.1	632	406.137	0	0
NR_105017.1	759	531.648	0	0
NR_105018.1	1487	1259.29	3.00502	0.10739
NR_105019.1	1118	890.293	57.9971	2.93167
NR_105020.1	681	454.225	0	0
NR_105021.1	1626	1398.29	0	0
NR_105024.1	475	257.02	1	0.175095
NR_105028.1	729	501.753	0	0
NR_105033.2	4562	4334.29	0	0
NR_105034.2	3931	3703.29	0	0
NR_105035.2	4117	3889.29	0	0
NR_105036.2	4077	3849.29	0	0
NR_105037.2	4078	3850.29	0	0
NR_105039.1	660	433.717	0	0
NR_105040.1	497	277.191	0	0
NR_105042.1	566	341.699	0	0
NR_105043.2	2908	2680.29	0	0
NR_105044.1	705	477.9	1	0.0941685
NR_105045.1	1108	880.293	1	0.0511228
NR_105049.1	843	615.427	0	0
NR_105050.1	838	610.427	0	0
NR_105052.2	701	473.947	0	0
NR_105053.2	414	203.726	0	0
NR_105056.2	1024	796.293	0	0
NR_105057.1	2100	1872.29	4	0.0961454
NR_105059.1	1013	785.293	32.8761	1.88404
NR_105060.1	949	721.293	37.1239	2.31624
NR_105061.1	407	197.751	69	15.7026
NR_105064.1	520	298.404	0	0
NR_105065.1	583	358.243	0	0
NR_106712.1	63	18.1395	0	0
NR_106713.1	80	15.4932	0	0
NR_106714.1	55	19.3077	1	2.33084
NR_106715.1	119	20.6954	0	0
NR_106716.1	60	18.9714	0	0
NR_106717.1	79	15.3333	0	0
NR_106718.1	103	15.7909	0	0
NR_106719.1	78	15.0992	4	11.922
NR_106720.1	71	17.0822	0	0
NR_106721.1	89	15.2268	0	0
NR_106722.1	107	17.0159	0	0
NR_106723.1	95	14.7859	0	0
NR_106724.1	113	18.7969	0	0
NR_106726.1	100	15.2776	0	0
NR_106727.1	62	19.3947	0	0
NR_106728.1	66	18.52	0	0
NR_106729.1	97	14.9524	0	0
NR_106730.1	109	17.8694	0	0
NR_106731.1	106	16.543	0	0
NR_106732.1	110	17.8467	0	0
NR_106733.1	110	17.8467	0	0
NR_106734.1	55	19.3077	0	0
NR_106736.1	51	20.35	0	0
NR_106737.1	64	17.5957	0	0
NR_106738.1	60	18.9714	4	9.4886
NR_106739.1	85	15.5396	1	2.89603
NR_106740.1	96	14.811	0	0
NR_106741.1	89	15.2268	0	0
NR_106742.1	109	17.8694	0	0
NR_106743.1	109	17.8694	0	0
NR_106744.1	109	17.8694	0	0
NR_106745.1	109	17.8694	0	0
NR_106746.1	109	17.8694	0	0
NR_106747.1	109	17.8694	0	0
NR_106748.1	109	17.8694	0	0
NR_106749.1	108	17.4905	0	0
NR_106750.1	109	17.8694	0	0
NR_106751.1	84	15.6223	0	0
NR_106752.1	62	19.3947	0	0
NR_106753.1	107	17.0159	9.27603	24.5329
NR_106754.1	86	16.0191	0	0
NR_106755.1	95	14.7859	2	6.08731
NR_106756.1	67	17.5357	0	0
NR_106757.1	76	14.8793	0	0
NR_106758.1	86	16.0191	0	0
NR_106759.1	61	19.9714	0	0
NR_106760.1	71	17.0822	1	2.6345
NR_106761.1	66	18.52	0	0
NR_106762.1	70	16.7714	0	0
NR_106763.1	60	18.9714	0	0
NR_106764.1	85	15.5396	0	0
NR_106765.1	54	19.04	0	0
NR_106766.1	67	17.5357	0	0
NR_106767.1	77	15.2645	1	2.94823
NR_106768.1	64	17.5957	1	2.55761
NR_106769.1	70	16.7714	0	0
NR_106770.1	57	18.129	0	0
NR_106771.1	79	15.3333	0	0
NR_106772.1	77	15.2645	0	0
NR_106773.1	80	15.4932	0	0
NR_106774.1	73	16.0795	0	0
NR_106775.1	85	15.5396	0	0
NR_106776.1	80	15.4932	0	0
NR_106777.1	87	15.7489	0	0
NR_106778.1	98	15.0506	0	0
NR_106779.1	87	15.7489	0	0
NR_106780.1	78	15.0992	0	0
NR_106782.1	92	14.5444	0.5	1.54709
NR_106783.1	77	15.2645	0	0
NR_106784.1	61	19.9714	0	0
NR_106785.1	65	17.8776	0	0
NR_106786.1	89	15.2268	0	0
NR_106787.1	65	17.8776	0	0
NR_106788.2	67	17.5357	1	2.56637
NR_106789.1	72	16.5875	0	0
NR_106790.1	60	18.9714	0	0
NR_106791.1	61	19.9714	0	0
NR_106792.1	68	17.931	0	0
NR_106793.1	73	16.0795	0	0
NR_106794.1	59	18.5	1	2.4326
NR_106795.1	70	16.7714	0	0
NR_106796.1	64	17.5957	0	0
NR_106797.1	75	15.9406	0	0
NR_106798.1	113	18.7969	0	0
NR_106799.1	63	18.1395	0	0
NR_106800.1	62	19.3947	0	0
NR_106801.1	71	17.0822	0	0
NR_106802.1	66	18.52	0	0
NR_106803.1	127	23.5955	0	0
NR_106804.1	63	18.1395	0	0
NR_106805.1	61	19.9714	1	2.25337
NR_106806.1	71	17.0822	0	0
NR_106807.1	69	17.25	0	0
NR_106808.1	75	15.9406	0	0
NR_106809.1	63	18.1395	2	4.96188
NR_106810.1	71	17.0822	0	0
NR_106811.1	164	39.7643	23	26.0301
NR_106812.1	66	18.52	0	0
NR_106813.1	66	18.52	0	0
NR_106814.1	63	18.1395	0	0
NR_106815.1	69	17.25	1	2.60887
NR_106816.1	63	18.1395	3	7.44282
NR_106817.1	65	17.8776	0	0
NR_106818.1	68	17.931	0	0
NR_106819.1	72	16.5875	0	0
NR_106820.1	86	16.0191	0	0
NR_106821.1	65	17.8776	0	0
NR_106822.1	61	19.9714	0	0
NR_106823.1	87	15.7489	0	0
NR_106824.1	72	16.5875	0	0
NR_106825.1	66	18.52	0	0
NR_106826.1	72	16.5875	0	0
NR_106827.1	73	16.0795	0	0
NR_106828.1	60	18.9714	0	0
NR_106829.1	60	18.9714	0	0
NR_106830.1	64	17.5957	0	0
NR_106831.1	74	16.0532	0	0
NR_106832.1	70	16.7714	0	0
NR_106833.1	69	17.25	1	2.60887
NR_106834.1	59	18.5	1	2.4326
NR_106835.1	66	18.52	0	0
NR_106836.1	73	16.0795	0	0
NR_106837.1	64	17.5957	0	0
NR_106838.1	68	17.931	0	0
NR_106839.1	64	17.5957	1	2.55761
NR_106840.1	69	17.25	0	0
NR_106841.1	64	17.5957	3	7.67284
NR_106842.1	67	17.5357	0	0
NR_106843.1	81	15.7843	0	0
NR_106844.1	113	18.7969	0	0
NR_106845.1	61	19.9714	0	0
NR_106846.1	66	18.52	0	0
NR_106847.1	98	15.0506	0	0
NR_106848.1	63	18.1395	0	0
NR_106849.1	67	17.5357	0	0
NR_106850.1	67	17.5357	0	0
NR_106851.1	63	18.1395	0	0
NR_106852.1	68	17.931	0	0
NR_106853.1	68	17.931	0	0
NR_106854.1	62	19.3947	0	0
NR_106855.1	72	16.5875	1	2.71307
NR_106856.1	67	17.5357	0	0
NR_106857.1	69	17.25	0	0
NR_106858.1	82	16.1887	0	0
NR_106859.1	79	15.3333	0	0
NR_106860.1	65	17.8776	0	0
NR_106861.1	65	17.8776	0	0
NR_106862.1	68	17.931	1	2.50979
NR_106863.1	62	19.3947	0	0
NR_106864.1	64	17.5957	0	0
NR_106865.1	92	14.5444	0	0
NR_106866.1	59	18.5	0	0
NR_106867.1	116	19.6979	0	0
NR_106868.1	70	16.7714	0	0
NR_106869.1	58	18.0303	0	0
NR_106870.1	64	17.5957	0	0
NR_106871.1	56	18.3103	1	2.4578
NR_106872.1	70	16.7714	0	0
NR_106873.1	61	19.9714	0	0
NR_106874.1	66	18.52	0	0
NR_106875.1	66	18.52	0	0
NR_106876.1	65	17.8776	0	0
NR_106877.1	61	19.9714	1	2.25337
NR_106878.1	62	19.3947	0	0
NR_106879.1	74	16.0532	0	0
NR_106880.1	61	19.9714	0	0
NR_106881.1	61	19.9714	0	0
NR_106882.1	63	18.1395	0	0
NR_106883.1	66	18.52	0	0
NR_106884.1	98	15.0506	0	0
NR_106885.1	59	18.5	0	0
NR_106886.1	60	18.9714	0	0
NR_106887.1	67	17.5357	0	0
NR_106888.1	70	16.7714	0	0
NR_106889.1	81	15.7843	0	0
NR_106890.1	72	16.5875	3	8.13922
NR_106891.1	61	19.9714	0	0
NR_106892.1	81	15.7843	0	0
NR_106893.1	64	17.5957	9	23.0185
NR_106894.1	79	15.3333	0	0
NR_106895.1	63	18.1395	0	0
NR_106896.1	64	17.5957	0	0
NR_106897.1	56	18.3103	0	0
NR_106898.1	113	18.7969	0	0
NR_106899.1	71	17.0822	6	15.807
NR_106900.1	72	16.5875	0	0
NR_106901.1	65	17.8776	0	0
NR_106902.1	151	33.6891	1	1.33584
NR_106903.1	62	19.3947	0	0
NR_106904.1	61	19.9714	12	27.0405
NR_106905.1	60	18.9714	0	0
NR_106906.1	69	17.25	0	0
NR_106907.1	70	16.7714	0	0
NR_106908.1	69	17.25	0	0
NR_106909.1	61	19.9714	1	2.25337
NR_106910.1	67	17.5357	0	0
NR_106911.1	66	18.52	0	0
NR_106912.1	74	16.0532	0	0
NR_106913.1	69	17.25	0	0
NR_106914.1	67	17.5357	0	0
NR_106915.1	67	17.5357	0	0
NR_106916.1	93	14.4286	0	0
NR_106917.1	67	17.5357	0	0
NR_106918.1	68	17.931	3.5	8.78426
NR_106919.1	62	19.3947	0	0
NR_106920.1	66	18.52	0	0
NR_106921.1	64	17.5957	0	0
NR_106922.1	70	16.7714	0	0
NR_106923.1	90	14.5182	0	0
NR_106924.1	70	16.7714	1	2.68332
NR_106925.1	65	17.8776	0	0
NR_106926.1	69	17.25	0	0
NR_106927.1	67	17.5357	1	2.56637
NR_106928.1	58	18.0303	0	0
NR_106929.1	62	19.3947	2	4.64075
NR_106930.1	60	18.9714	0	0
NR_106931.1	56	18.3103	1	2.4578
NR_106932.1	62	19.3947	0	0
NR_106933.1	63	18.1395	1	2.48094
NR_106934.1	71	17.0822	0	0
NR_106935.1	72	16.5875	2	5.42614
NR_106936.1	73	16.0795	0	0
NR_106937.1	64	17.5957	0	0
NR_106938.1	66	18.52	0	0
NR_106939.1	66	18.52	0	0
NR_106940.1	62	19.3947	0	0
NR_106941.1	76	14.8793	1	3.02454
NR_106942.1	66	18.52	0	0
NR_106943.1	78	15.0992	2	5.96098
NR_106944.1	78	15.0992	2	5.96098
NR_106945.1	66	18.52	0	0
NR_106946.1	61	19.9714	0	0
NR_106947.1	65	17.8776	0	0
NR_106948.1	67	17.5357	0	0
NR_106949.1	59	18.5	1	2.4326
NR_106950.1	61	19.9714	0	0
NR_106951.1	93	14.4286	0	0
NR_106952.1	115	19.4686	0	0
NR_106953.1	69	17.25	0	0
NR_106954.1	57	18.129	1	2.48238
NR_106955.1	78	15.0992	3	8.94146
NR_106956.1	65	17.8776	0	0
NR_106957.1	80	15.4932	0	0
NR_106958.1	87	15.7489	0	0
NR_106959.1	65	17.8776	0	0
NR_106960.1	86	16.0191	3	8.428
NR_106961.1	72	16.5875	6	16.2784
NR_106963.1	59	18.5	3	7.2978
NR_106964.1	61	19.9714	0	0
NR_106965.1	71	17.0822	0	0
NR_106967.1	82	16.1887	0	0
NR_106969.1	67	17.5357	0	0
NR_106970.1	67	17.5357	0	0
NR_106971.1	67	17.5357	0	0
NR_106972.1	94	14.4667	0	0
NR_106973.1	60	18.9714	0	0
NR_106974.1	54	19.04	0	0
NR_106975.1	57	18.129	0	0
NR_106976.1	73	16.0795	0	0
NR_106977.1	56	18.3103	0	0
NR_106978.1	60	18.9714	0	0
NR_106979.1	60	18.9714	0	0
NR_106980.1	71	17.0822	0	0
NR_106981.1	84	15.6223	0	0
NR_106982.1	66	18.52	0	0
NR_106983.1	52	20.381	0	0
NR_106984.1	64	17.5957	0	0
NR_106985.1	69	17.25	0	0
NR_106986.1	67	17.5357	0	0
NR_106989.1	59	18.5	0	0
NR_106990.1	77	15.2645	1	2.94823
NR_106991.1	59	18.5	0	0
NR_106992.1	57	18.129	0	0
NR_106993.1	67	17.5357	0	0
NR_106994.1	79	15.3333	0	0
NR_106995.1	102	15.661	0	0
NR_106996.1	116	19.6979	0	0
NR_106997.1	81	15.7843	1	2.85113
NR_106998.1	122	21.8712	0	0
NR_106999.1	99	15.1945	0	0
NR_107000.1	96	14.811	0	0
NR_107001.1	103	15.7909	2.13286	6.07851
NR_107002.1	101	15.5262	0	0
NR_107003.1	106	16.543	0	0
NR_107004.1	79	15.3333	0	0
NR_107005.1	160	37.9606	0	0
NR_107006.1	82	16.1887	0	0
NR_107007.1	132	25.5516	0	0
NR_107008.1	65	17.8776	0	0
NR_107009.1	61	19.9714	0	0
NR_107010.1	56	18.3103	0	0
NR_107011.1	56	18.3103	0	0
NR_107012.1	76	14.8793	0	0
NR_107013.1	76	14.8793	0	0
NR_107014.1	79	15.3333	0	0
NR_107015.1	68	17.931	0	0
NR_107016.1	66	18.52	0	0
NR_107017.1	49	21.7059	0	0
NR_107018.1	59	18.5	0	0
NR_107019.1	69	17.25	0	0
NR_107020.1	75	15.9406	0	0
NR_107021.1	86	16.0191	0	0
NR_107022.1	97	14.9524	0	0
NR_107023.1	82	16.1887	0	0
NR_107024.1	69	17.25	0	0
NR_107025.1	89	15.2268	0	0
NR_107026.1	81	15.7843	0	0
NR_107027.1	76	14.8793	0	0
NR_107028.1	75	15.9406	0	0
NR_107029.1	85	15.5396	0	0
NR_107030.1	81	15.7843	0	0
NR_107031.1	90	14.5182	1	3.09978
NR_107032.1	100	15.2776	0	0
NR_107033.1	78	15.0992	0	0
NR_107034.1	77	15.2645	0	0
NR_107035.1	68	17.931	0	0
NR_107036.1	86	16.0191	0	0
NR_107037.1	88	15.1865	0	0
NR_107038.1	65	17.8776	0	0
NR_107039.1	80	15.4932	0	0
NR_107040.1	72	16.5875	0	0
NR_107041.1	81	15.7843	0	0
NR_107042.1	80	15.4932	7	20.333
NR_107043.1	83	15.7086	0	0
NR_107044.1	75	15.9406	0	0
NR_107045.1	84	15.6223	0	0
NR_107046.1	72	16.5875	0	0
NR_107047.1	89	15.2268	0	0
NR_107048.1	95	14.7859	0	0
NR_107049.1	81	15.7843	0	0
NR_107050.1	89	15.2268	0	0
NR_107051.1	89	15.2268	0	0
NR_107052.1	65	17.8776	0	0
NR_107053.1	93	14.4286	0	0
NR_107054.1	78	15.0992	0	0
NR_107055.1	86	16.0191	0	0
NR_107056.1	82	16.1887	0	0
NR_107057.1	65	17.8776	0	0
NR_107058.1	70	16.7714	0	0
NR_107059.1	65	17.8776	0	0
NR_107060.1	60	18.9714	0	0
NR_107061.1	60	18.9714	0	0
NR_107062.1	68	17.931	3.5	8.78426
NR_107063.1	68	17.931	3.5	8.78426
NR_108020.1	566	341.699	0	0
NR_108022.1	1334	1106.29	0	0
NR_108024.1	2223	1995.29	1	0.0225546
NR_108025.1	2152	1924.29	0	0
NR_108027.1	570	345.561	0	0
NR_108028.1	741	513.753	1	0.0875968
NR_108030.1	610	384.573	0	0
NR_108031.1	467	249.436	0	0
NR_108034.1	1919	1691.29	0	0
NR_108035.1	433	219.537	0	0
NR_108036.1	1085	857.293	34	1.78481
NR_108038.1	695	468.041	0	0
NR_108039.1	717	489.852	0	0
NR_108040.1	565	340.768	111	14.6591
NR_108042.2	2351	2123.29	0	0
NR_108043.1	352	154.086	3	0.876194
NR_108045.1	585	360.171	1	0.124949
NR_108046.1	659	432.717	1	0.104001
NR_108047.1	5658	5430.29	30.6978	0.254405
NR_108048.1	359	159.675	4.30693	1.21388
NR_108049.1	2795	2567.29	5.70921	0.100079
NR_108052.1	693	466.041	0	0
NR_108054.1	2493	2265.29	0	0
NR_108055.1	2390	2162.29	0	0
NR_108056.1	2263	2035.29	1	0.0221114
NR_108058.1	929	701.293	0	0
NR_108060.1	1359	1131.29	3.7	0.147187
NR_108061.1	1883	1655.29	268.46	7.29873
NR_108062.1	1059	831.293	0	0
NR_108063.1	1025	797.293	0	0
NR_108064.1	2590	2362.29	18.6036	0.354409
NR_108065.1	2483	2255.29	49.3964	0.985678
NR_108067.1	1901	1673.29	0	0
NR_108068.1	1640	1412.29	1.01322	0.0322865
NR_108069.1	1247	1019.29	0	0
NR_108070.1	706	478.9	2	0.187944
NR_108071.1	377	173.351	0	0
NR_108072.2	3008	2780.29	8.59869	0.139182
NR_108073.1	761	533.648	8	0.674648
NR_108074.1	703	475.947	1	0.0945547
NR_108075.1	1432	1204.29	2	0.0747377
NR_108076.1	2615	2387.29	0	0
NR_108077.1	1123	895.293	0	0
NR_108078.1	815	587.487	0	0
NR_108079.1	667	440.629	5.01586	0.512288
NR_108080.1	1186	958.293	9	0.422655
NR_108081.1	728	500.753	2	0.179742
NR_108082.1	1189	961.293	0	0
NR_108083.1	1091	863.293	1	0.0521295
NR_108084.1	2726	2498.29	0	0
NR_108085.1	544	321.029	0	0
NR_108087.1	3516	3288.29	0	0
NR_108088.1	2425	2197.29	4	0.0819246
NR_108089.1	1746	1518.29	1	0.0296406
NR_108090.1	2761	2533.29	0	0
NR_108092.1	1206	978.293	0	0
NR_108093.1	758	530.648	1.91476	0.162387
NR_108094.1	1305	1077.29	0	0
NR_108095.1	711	483.852	0	0
NR_108096.1	3697	3469.29	0	0
NR_108097.1	3461	3233.29	1	0.0139187
NR_108099.1	2741	2513.29	9.59261	0.171765
NR_108100.1	3962	3734.29	25.2008	0.303703
NR_108104.1	515	293.705	0	0
NR_108105.2	2021	1793.29	0	0
NR_108106.1	821	593.487	2	0.151657
NR_108108.1	1185	957.293	0	0
NR_108109.1	932	704.293	31.0289	1.98269
NR_108110.1	808	580.487	0	0
NR_109754.2	3013	2785.29	0	0
NR_109756.1	763	535.541	2	0.168066
NR_109757.1	616	390.417	2.05619	0.237015
NR_109758.1	561	336.904	0	0
NR_109759.1	1081	853.293	45.5303	2.40129
NR_109760.1	1082	854.293	36.7221	1.93447
NR_109761.1	1202	974.293	0	0
NR_109762.1	1206	978.293	39.446	1.81458
NR_109763.2	1577	1349.29	0	0
NR_109764.2	1431	1203.29	0	0
NR_109765.2	1090	862.293	0	0
NR_109766.2	932	704.293	0	0
NR_109767.1	585	360.171	71.8052	8.972
NR_109768.2	3106	2878.29	27.0164	0.42241
NR_109769.1	365	164.195	0	0
NR_109770.1	1196	968.293	19.0245	0.884196
NR_109771.1	2435	2207.29	0	0
NR_109772.1	1463	1235.29	5.35643	0.19514
NR_109773.1	2708	2480.29	41.2457	0.748373
NR_109774.1	1460	1232.29	27	0.986034
NR_109775.1	455	238.796	1	0.188458
NR_109776.2	5522	5294.29	0	0
NR_109777.1	861	633.427	0	0
NR_109778.2	2279	2051.29	13.4197	0.294413
NR_109780.1	963	735.293	10	0.612043
NR_109781.1	973	745.293	0	0
NR_109783.1	4237	4009.29	8.39266	0.0942051
NR_109784.2	3116	2888.29	0	0
NR_109785.2	2901	2673.29	0	0
NR_109786.1	2130	1902.29	0	0
NR_109787.1	1895	1667.29	0	0
NR_109788.1	1956	1728.29	0	0
NR_109789.2	1720	1492.29	37.9881	1.14561
NR_109790.2	1806	1578.29	172.318	4.91342
NR_109791.1	531	308.697	0	0
NR_109792.1	6557	6329.29	0	0
NR_109793.1	983	755.293	0	0
NR_109794.3	8715	8487.29	12.1135	0.0642306
NR_109795.1	1030	802.293	0	0
NR_109796.1	2340	2112.29	0	0
NR_109797.1	2307	2079.29	17.5893	0.380694
NR_109798.1	2453	2225.29	91.5545	1.85155
NR_109799.1	2415	2187.29	544.858	11.2103
NR_109800.1	2328	2100.29	145.615	3.1201
NR_109801.1	401	192.714	2	0.467045
NR_109802.1	1544	1316.29	0	0
NR_109803.1	449	233.505	0	0
NR_109804.1	880	652.427	30	2.06934
NR_109805.1	396	188.639	0	0
NR_109806.1	1320	1092.29	0	0
NR_109807.2	1000	772.293	169.39	9.87068
NR_109808.2	560	336.006	25.357	3.3962
NR_109809.1	931	703.293	0	0
NR_109810.1	750	522.701	0.999971	0.0860947
NR_109811.1	2032	1804.29	0	0
NR_109813.1	685	458.134	0	0
NR_109814.1	2439	2211.29	0	0
NR_109815.1	368	166.382	0	0
NR_109816.2	5088	4860.29	0	0
NR_109817.1	442	227.417	0	0
NR_109818.2	2790	2562.29	0	0
NR_109819.2	3352	3124.29	40.167	0.578575
NR_109820.2	2557	2329.29	57.1591	1.10434
NR_109821.2	2717	2489.29	0	0
NR_109822.2	3007	2779.29	0	0
NR_109823.2	2554	2326.29	0	0
NR_109824.2	2653	2425.29	0	0
NR_109825.2	3102	2874.29	0	0
NR_109826.2	1820	1592.29	0	0
NR_109827.2	4251	4023.29	39.1416	0.437823
NR_109828.1	590	365.061	10.0678	1.24111
NR_109829.3	2003	1775.29	0	0
NR_109830.2	1452	1224.29	10.7486	0.395101
NR_109831.1	790	562.487	59.9607	4.7973
NR_109832.1	1201	973.293	16.5901	0.767092
NR_109833.1	12722	12494.3	6.53583	0.0235413
NR_109834.1	1752	1524.29	0	0
NR_109836.1	1506	1278.29	0	0
NR_109837.1	1284	1056.29	16.1963	0.69004
NR_109838.1	631	405.178	0	0
NR_109839.1	583	358.243	0	0
NR_109840.2	6020	5792.29	16.1494	0.125472
NR_109841.1	1493	1265.29	0	0
NR_109842.2	2896	2668.29	5.04429	0.0850764
NR_109843.2	5886	5658.29	337.514	2.68441
NR_109844.2	2123	1895.29	33.5288	0.79613
NR_109845.2	6355	6127.29	2.13902	0.0157104
NR_109846.1	6456	6228.29	0	0
NR_109848.2	2639	2411.29	0.000456222	8.51468e-06
NR_109849.1	1343	1115.29	137	5.52807
NR_109850.1	3268	3040.29	0	0
NR_109851.1	3273	3045.29	22.5887	0.333814
NR_109852.1	3246	3018.29	7.0875	0.105675
NR_109853.1	2314	2086.29	0	0
NR_109854.1	2270	2042.29	0	0
NR_109855.1	1536	1308.29	0	0
NR_109856.2	1403	1175.29	4.37039	0.167346
NR_109857.1	751	523.701	0	0
NR_109858.2	2670	2442.29	0	0
NR_109859.1	728	500.753	7	0.629096
NR_109860.1	363	162.855	0	0
NR_109861.1	808	580.487	0	0
NR_109862.1	1395	1167.29	0	0
NR_109863.1	1391	1163.29	0	0
NR_109864.1	1330	1102.29	0	0
NR_109865.1	1326	1098.29	0	0
NR_109866.1	2006	1778.29	0	0
NR_109867.2	2556	2328.29	0	0
NR_109868.1	3031	2803.29	12	0.192644
NR_109869.2	1951	1723.29	0	0
NR_109870.1	606	380.649	0	0
NR_109871.2	1875	1647.29	0	0
NR_109872.1	830	602.427	0	0
NR_109873.1	1973	1745.29	84.0016	2.16601
NR_109874.1	830	602.427	3.10727	0.232122
NR_109875.1	769	541.541	8.14407	0.676788
NR_109876.1	410	200.199	0	0
NR_109877.1	2177	1949.29	0	0
NR_109878.1	1253	1025.29	3.11644	0.13679
NR_109879.1	967	739.293	8.36097	0.508958
NR_109880.1	567	342.699	0	0
NR_109881.1	1675	1447.29	1	0.0310947
NR_109882.1	624	398.259	0	0
NR_109883.1	675	448.496	0	0
NR_109884.1	647	420.888	5	0.53462
NR_109885.1	672	445.496	16	1.61629
NR_109886.1	581	356.279	0	0
NR_109887.1	1353	1125.29	0	0
NR_109888.1	3748	3520.29	0	0
NR_109889.1	1807	1579.29	4.03614	0.115013
NR_109890.1	2863	2635.29	27.0029	0.46113
NR_109891.1	5607	5379.29	0	0
NR_109892.1	1269	1041.29	7.12138	0.307775
NR_109893.1	442	227.417	0	0
NR_109894.1	518	296.555	0	0
NR_109895.2	1300	1072.29	51.5818	2.16484
NR_109896.2	1932	1704.29	9.75508	0.25759
NR_109897.1	869	641.427	0	0
NR_109898.2	6264	6036.29	167.482	1.24865
NR_109899.1	1215	987.293	0	0
NR_109900.1	4065	3837.29	5.92516	0.0694892
NR_109901.2	3153	2925.29	22.7833	0.350501
NR_109902.2	2225	1997.29	4.8155	0.108503
NR_109903.1	395	187.965	0	0
NR_109904.1	1184	956.293	0	0
NR_109905.2	4852	4624.29	0	0
NR_109906.2	5016	4788.29	7.40144	0.069563
NR_109907.2	4968	4740.29	18.891	0.179347
NR_109908.1	590	365.061	0	0
NR_109909.1	1013	785.293	71.8843	4.1195
NR_109910.1	1669	1441.29	0	0
NR_109911.1	1802	1574.29	0	0
NR_109912.1	1647	1419.29	0	0
NR_109913.2	3823	3595.29	0	0
NR_109914.2	3766	3538.29	77.7088	0.988367
NR_109915.1	1584	1356.29	0	0
NR_109916.1	1153	925.293	0	0
NR_109917.1	923	695.293	0	0
NR_109918.1	820	592.487	0	0
NR_109919.1	481	262.672	0	0
NR_109920.2	1736	1508.29	20.6333	0.615636
NR_109921.2	1963	1735.29	9.074	0.235325
NR_109922.1	838	610.427	0	0
NR_109923.1	498	278.077	0	0
NR_109924.1	711	483.852	0	0
NR_109925.1	675	448.496	0	0
NR_109926.1	1053	825.293	0	0
NR_109927.2	774	546.487	38.7005	3.18698
NR_109928.1	1374	1146.29	5	0.196298
NR_109929.2	2326	2098.29	78.7178	1.6883
NR_109930.1	2716	2488.29	1	0.0180859
NR_109931.1	1067	839.293	31	1.66223
NR_109932.1	781	553.487	1	0.0813083
NR_109933.2	1470	1242.29	24.5357	0.888824
NR_109934.2	2257	2029.29	2.33695	0.0518259
NR_109935.1	1679	1451.29	0	0
NR_109936.1	838	610.427	0	0
NR_109937.1	754	526.701	0	0
NR_109939.1	1241	1013.29	3	0.133238
NR_109940.1	880	652.427	0	0
NR_109941.1	925	697.293	0	0
NR_109942.1	649	422.846	0	0
NR_109943.1	705	477.9	1	0.0941685
NR_109944.1	1092	864.293	0	0
NR_109945.1	385	179.839	0	0
NR_109946.1	1674	1446.29	0	0
NR_109947.3	3601	3373.29	158.532	2.11497
NR_109948.1	4824	4596.29	2.06146	0.0201841
NR_109949.1	672	445.496	0	0
NR_109950.1	2266	2038.29	13.3498	0.294747
NR_109951.1	657	430.76	14	1.46263
NR_109952.1	1945	1717.29	3.06814	0.0804031
NR_109953.1	1563	1335.29	0	0
NR_109954.1	726	498.753	6	0.541388
NR_109955.1	1694	1466.29	0	0
NR_109956.1	1176	948.293	0	0
NR_109957.1	1928	1700.29	0	0
NR_109958.1	774	546.487	2	0.1647
NR_109959.1	897	669.361	2	0.134466
NR_109960.1	483	264.32	0	0
NR_109961.1	1353	1125.29	0	0
NR_109962.1	1613	1385.29	0	0
NR_109963.1	2028	1800.29	0	0
NR_109964.1	875	647.427	0	0
NR_109965.1	1932	1704.29	4.68162	0.123622
NR_109966.1	650	423.846	0	0
NR_109967.1	1008	780.293	0	0
NR_109968.1	822	594.427	0	0
NR_109969.2	3657	3429.29	0	0
NR_109971.1	712	484.852	9	0.835365
NR_109972.1	622	396.338	0	0
NR_109973.1	2957	2729.29	349.555	5.76379
NR_109974.1	1448	1220.29	2.8325	0.104459
NR_109975.1	829	601.427	1	0.0748271
NR_109976.2	741	513.753	101.786	8.91615
NR_109977.2	634	408.137	37.1643	4.09791
NR_109978.2	904	676.361	150.531	10.0159
NR_109979.2	574	349.421	4.79827	0.617985
NR_109980.1	1372	1144.29	0	0
NR_109981.1	868	640.427	1	0.0702704
NR_109982.1	3002	2774.29	15	0.243322
NR_109983.1	5720	5492.29	112.571	0.922391
NR_109984.1	2000	1772.29	0	0
NR_109985.1	1702	1474.29	3	0.0915756
NR_109986.1	2878	2650.29	7	0.118863
NR_109987.1	1334	1106.29	0	0
NR_109988.2	5329	5101.29	0	0
NR_109989.1	745	517.701	0	0
NR_109990.1	1394	1166.29	50	1.92932
NR_109991.2	1442	1214.29	140.075	5.19136
NR_109992.1	2302	2074.29	4.88829	0.106055
NR_109993.1	977	749.293	33.1918	1.99352
NR_109994.1	2180	1952.29	5.1463	0.118629
NR_109995.1	996	768.293	5	0.292877
NR_109996.1	3485	3257.29	0	0
NR_109997.1	3406	3178.29	6.90955	0.0978359
NR_109998.1	561	336.904	1	0.133578
NR_109999.1	656	429.76	0	0
NR_110000.2	2779	2551.29	0	0
NR_110001.1	6282	6054.29	8.01964	0.059612
NR_110002.1	556	332.141	9	1.21945
NR_110003.1	4619	4391.29	40.0032	0.409963
NR_110004.1	2038	1810.29	0	0
NR_110005.2	10399	10171.3	56.9815	0.252116
NR_110006.2	4531	4303.29	0	0
NR_110007.1	1043	815.293	26.3403	1.45395
NR_110008.1	942	714.293	0.00826964	0.000521017
NR_110009.1	939	711.293	2.65143	0.167754
NR_110010.2	3311	3083.29	295.426	4.31197
NR_110011.1	2202	1974.29	6	0.136767
NR_110012.1	2024	1796.29	0	0
NR_110013.1	442	227.417	1	0.197888
NR_110014.1	1395	1167.29	0	0
NR_110015.1	1327	1099.29	1	0.0409382
NR_110016.1	2327	2099.29	9.82865	0.210699
NR_110017.1	2035	1807.29	4.0234	0.100186
NR_110018.1	1186	958.293	1	0.0469617
NR_110019.1	453	236.993	0	0
NR_110020.2	473	255.047	0	0
NR_110021.2	2946	2718.29	70.3831	1.16524
NR_110022.2	3065	2837.29	18.1739	0.288262
NR_110023.2	2839	2611.29	9.64248	0.166179
NR_110024.1	974	746.293	0	0
NR_110025.1	2088	1860.29	3	0.0725742
NR_110026.1	2222	1994.29	0	0
NR_110027.1	938	710.293	0	0
NR_110028.1	2609	2381.29	0	0
NR_110029.2	627	401.259	0	0
NR_110030.1	2393	2165.29	1.34275	0.0279075
NR_110031.2	2061	1833.29	9.90005	0.243023
NR_110032.1	2116	1888.29	80.5801	1.92044
NR_110033.1	510	289.15	0	0
NR_110034.2	546	322.964	0	0
NR_110035.2	426	213.764	0	0
NR_110036.2	704	476.947	0	0
NR_110037.1	861	633.427	34.5518	2.4548
NR_110038.1	4385	4157.29	2.22176	0.0240508
NR_110039.1	1502	1274.29	0	0
NR_110040.1	634	408.137	1	0.110265
NR_110041.1	822	594.427	0	0
NR_110042.1	1212	984.293	0	0
NR_110043.1	2606	2378.29	6.00091	0.113552
NR_110044.1	841	613.427	2.01881	0.148107
NR_110045.1	1229	1001.29	6	0.26967
NR_110046.2	1966	1738.29	0	0
NR_110047.2	1813	1585.29	7	0.198715
NR_110048.1	3157	2929.29	0	0
NR_110049.2	2316	2088.29	17.1823	0.370281
NR_110050.1	421	209.523	10	2.14789
NR_110051.1	1947	1719.29	13.0341	0.341171
NR_110052.1	2674	2446.29	0	0
NR_110053.2	640	414.014	0	0
NR_110054.1	1107	879.293	1	0.051181
NR_110055.1	873	645.427	0	0
NR_110056.1	498	278.077	10	1.61837
NR_110057.1	852	624.427	0	0
NR_110058.1	1593	1365.29	0	0
NR_110059.1	680	453.225	0	0
NR_110060.1	563	338.802	0	0
NR_110061.1	617	391.417	0	0
NR_110062.1	1076	848.293	3	0.159154
NR_110063.1	3135	2907.29	3	0.0464381
NR_110064.1	2290	2062.29	1.00005	0.021823
NR_110065.1	2410	2182.29	9.44327	0.194738
NR_110066.1	2092	1864.29	53.6445	1.29495
NR_110067.1	2348	2120.29	63.8151	1.35447
NR_110068.1	2048	1820.29	5.86099	0.144901
NR_110069.1	2240	2012.29	55.2836	1.23637
NR_110070.1	2199	1971.29	16.8856	0.385484
NR_110071.1	2941	2713.29	3	0.0497584
NR_110072.2	2518	2290.29	0	0
NR_110073.1	694	467.041	0	0
NR_110074.1	1205	977.293	0	0
NR_110075.1	507	286.472	0	0
NR_110076.1	2651	2423.29	0	0
NR_110077.1	2567	2339.29	28.7051	0.552226
NR_110078.2	542	319.126	0	0
NR_110079.1	4104	3876.29	0	0
NR_110080.1	546	322.964	0	0
NR_110081.1	1096	868.293	2.02523	0.104966
NR_110083.2	3303	3075.29	25.0777	0.366981
NR_110084.1	2427	2199.29	5	0.102313
NR_110085.1	2676	2448.29	1	0.0183814
NR_110086.1	868	640.427	7.09363	0.498472
NR_110087.1	490	270.61	19.8996	3.30935
NR_110088.1	445	230.083	3.00678	0.588111
NR_110089.1	1372	1144.29	0	0
NR_110090.1	2796	2568.29	1.00064	0.0175338
NR_110091.1	1151	923.293	0	0
NR_110092.1	1587	1359.29	1.67942	0.0556016
NR_110093.1	656	429.76	0.469028	0.0491151
NR_110094.1	2103	1875.29	10	0.239979
NR_110095.1	1038	810.293	0	0
NR_110096.1	810	582.487	18.2872	1.41287
NR_110097.1	704	476.947	0.282323	0.026639
NR_110098.1	754	526.701	5.3884	0.460403
NR_110099.1	694	467.041	27.8449	2.68307
NR_110100.1	560	336.006	2.43164	0.325682
NR_110101.1	1138	910.293	88	4.35054
NR_110102.1	3413	3185.29	44.3777	0.626985
NR_110103.1	3059	2831.29	0	0
NR_110104.1	1637	1409.29	10.0567	0.321141
NR_110105.2	2098	1870.29	0	0
NR_110106.1	2159	1931.29	3.02251	0.0704308
NR_110108.1	2521	2293.29	0	0
NR_110109.1	2638	2410.29	0	0
NR_110110.1	2550	2322.29	0	0
NR_110111.2	2391	2163.29	0	0
NR_110112.1	1249	1021.29	2	0.0881296
NR_110113.1	1471	1243.29	0	0
NR_110114.1	828	600.427	1	0.0749517
NR_110115.2	1098	870.293	27.653	1.42994
NR_110117.1	1143	915.293	0	0
NR_110118.1	3851	3623.29	1	0.0124205
NR_110119.1	924	696.293	0	0
NR_110120.1	831	603.427	3	0.223737
NR_110121.1	426	213.764	0	0
NR_110122.2	4679	4451.29	0	0
NR_110123.1	497	277.191	0	0
NR_110124.1	3578	3350.29	7.82953	0.105171
NR_110125.1	471	253.178	0	0
NR_110126.2	4562	4334.29	171.661	1.78236
NR_110127.1	1701	1473.29	0	0
NR_110128.2	4502	4274.29	91.4533	0.962892
NR_110129.2	4596	4368.29	0	0
NR_110130.1	1256	1028.29	5.14501	0.22517
NR_110131.1	2683	2455.29	0	0
NR_110132.1	3068	2840.29	0	0
NR_110133.1	2254	2026.29	1.39941	0.0310802
NR_110134.1	1256	1028.29	1	0.0437648
NR_110135.1	2309	2081.29	0	0
NR_110136.1	2901	2673.29	0	0
NR_110137.1	2781	2553.29	0	0
NR_110138.1	3550	3322.29	7	0.0948205
NR_110139.1	1420	1192.29	34.3478	1.29646
NR_110140.1	4335	4107.29	2	0.0219137
NR_110141.1	2741	2513.29	3	0.0537181
NR_110142.2	1056	828.293	4	0.217329
NR_110143.2	2010	1782.29	0	0
NR_110144.2	1802	1574.29	0	0
NR_110145.2	1799	1571.29	0	0
NR_110146.2	1158	930.293	0	0
NR_110147.1	948	720.293	2.00604	0.125335
NR_110148.1	1929	1701.29	0	0
NR_110149.1	1471	1243.29	1	0.0361967
NR_110150.1	3930	3702.29	0	0
NR_110151.1	3691	3463.29	0	0
NR_110152.2	597	371.913	67.7131	8.19357
NR_110153.1	826	598.427	9	0.67682
NR_110154.1	794	566.487	37	2.93937
NR_110155.1	750	522.701	0	0
NR_110156.1	765	537.541	2	0.167441
NR_110157.1	4049	3821.29	0	0
NR_110158.1	1186	958.293	0	0
NR_110159.1	682	455.179	1.6428	0.162422
NR_110160.1	464	246.768	0	0
NR_110161.1	843	615.427	0	0
NR_110162.1	707	479.9	5	0.46888
NR_110163.1	2392	2164.29	0	0
NR_110164.1	2348	2120.29	0	0
NR_110165.1	1193	965.293	0	0
NR_110166.1	515	293.705	0	0
NR_110167.1	522	300.222	0	0
NR_110168.1	475	257.02	0	0
NR_110169.1	629	403.218	0	0
NR_110170.1	2289	2061.29	116.469	2.5428
NR_110173.2	820	592.487	0	0
NR_110174.1	590	365.061	2	0.246551
NR_110175.1	1073	845.293	4.35076	0.231633
NR_110176.1	1119	891.293	4.10193	0.207114
NR_110177.1	987	759.293	12.5473	0.743675
NR_110179.1	694	467.041	0	0
NR_110180.1	569	344.595	0	0
NR_110182.1	1918	1690.29	0	0
NR_110183.1	1731	1503.29	3.14411	0.0941231
NR_110184.1	2247	2019.29	112.397	2.50494
NR_110185.1	588	363.135	0	0
NR_110186.1	484	265.13	0	0
NR_110187.1	386	180.662	0	0
NR_110188.1	1451	1223.29	0	0
NR_110189.1	2404	2176.29	0	0
NR_110190.2	2120	1892.29	61.736	1.46822
NR_110191.2	2218	1990.29	0	0
NR_110192.2	2123	1895.29	17.885	0.424672
NR_110193.2	2218	1990.29	123.797	2.7992
NR_110194.1	1927	1699.29	0	0
NR_110195.1	1691	1463.29	0	0
NR_110196.1	2195	1967.29	0	0
NR_110197.1	623	397.299	0	0
NR_110198.1	391	184.59	0	0
NR_110199.1	881	653.427	46.2438	3.18492
NR_110200.1	796	568.487	0	0
NR_110201.1	1871	1643.29	0	0
NR_110202.1	772	544.487	0	0
NR_110203.1	712	484.852	0	0
NR_110204.1	2364	2136.29	219.269	4.61912
NR_110205.1	1441	1213.29	87.9391	3.26181
NR_110206.1	1376	1148.29	117.108	4.58961
NR_110207.1	2000	1772.29	5	0.126963
NR_110208.1	923	695.293	1.00243	0.0648826
NR_110209.1	2275	2047.29	0	0
NR_110210.2	3963	3735.29	0	0
NR_110211.2	3902	3674.29	0	0
NR_110212.2	3867	3639.29	0	0
NR_110213.1	771	543.487	0	0
NR_110214.1	1233	1005.29	0	0
NR_110215.1	1191	963.293	0	0
NR_110216.1	1196	968.293	0	0
NR_110217.1	1069	841.293	0	0
NR_110218.1	605	379.687	1	0.118527
NR_110219.1	2036	1808.29	0	0
NR_110220.1	576	351.35	4	0.512344
NR_110222.1	1083	855.293	0	0
NR_110223.1	2852	2624.29	0	0
NR_110224.1	1982	1754.29	0	0
NR_110225.1	1424	1196.29	2.2124e-05	8.32277e-07
NR_110226.1	1413	1185.29	6.99998	0.265774
NR_110227.1	573	348.421	1.03526	0.133717
NR_110228.1	2344	2116.29	2	0.0425301
NR_110229.2	2747	2519.29	0	0
NR_110230.2	1416	1188.29	2.01073	0.0761503
NR_110231.2	2058	1830.29	7.98504	0.196336
NR_110232.1	878	650.427	0	0
NR_110234.1	4377	4149.29	0	0
NR_110235.1	1150	922.293	10	0.487948
NR_110236.1	1770	1542.29	0	0
NR_110237.1	1052	824.293	0	0
NR_110238.1	1009	781.293	2	0.115202
NR_110240.1	873	645.427	17.036	1.18785
NR_110241.1	2560	2332.29	0	0
NR_110242.2	804	576.487	0	0
NR_110243.2	564	339.768	0	0
NR_110244.1	706	478.9	0	0
NR_110245.1	648	421.846	0	0
NR_110246.1	582	357.279	0	0
NR_110247.1	579	354.315	0	0
NR_110248.1	1880	1652.29	0	0
NR_110249.2	1773	1545.29	0	0
NR_110250.2	1823	1595.29	0	0
NR_110251.1	4209	3981.29	2.00014	0.0226089
NR_110252.1	530	307.728	0	0
NR_110253.2	5780	5552.29	57.1032	0.462839
NR_110254.2	5454	5226.29	0.0762731	0.00065678
NR_110255.1	3609	3381.29	57.4914	0.765178
NR_110256.1	737	509.753	0	0
NR_110257.1	8839	8611.29	4.59007	0.023988
NR_110258.2	3016	2788.29	0	0
NR_110259.1	1147	919.293	0	0
NR_110260.1	2305	2077.29	0	0
NR_110261.2	1865	1637.29	4	0.109945
NR_110262.1	898	670.361	1.14013	0.0765399
NR_110263.1	789	561.487	5.85987	0.469668
NR_110264.1	860	632.427	0	0
NR_110265.1	574	349.421	0	0
NR_110266.2	2850	2622.29	1.6712	0.0286808
NR_110267.1	2811	2583.29	3.64206	0.0634476
NR_110268.2	889	661.427	23.9885	1.63216
NR_110269.2	1014	786.293	0	0
NR_110270.1	2365	2137.29	0	0
NR_110271.1	740	512.753	0	0
NR_110272.1	1167	939.293	2.00261	0.0959484
NR_110273.1	944	716.293	7.9758	0.501102
NR_110274.1	806	578.487	0	0
NR_110275.1	911	683.293	11.0878	0.730266
NR_110278.1	1091	863.293	0	0
NR_110279.3	4781	4553.29	5.30673	0.0524498
NR_110280.3	5116	4888.29	0	0
NR_110281.1	1185	957.293	4.1217	0.193764
NR_110282.2	3880	3652.29	0	0
NR_110283.1	601	375.763	9	1.07788
NR_110284.1	997	769.293	0	0
NR_110285.1	2398	2170.29	6.98314	0.144802
NR_110286.1	635	409.096	0	0
NR_110287.1	1118	890.293	0	0
NR_110288.1	676	449.451	0	0
NR_110289.1	669	442.629	0	0
NR_110290.2	2037	1809.29	33.9988	0.845662
NR_110291.1	1542	1314.29	7.25062	0.24827
NR_110292.1	2240	2012.29	34.0585	0.761687
NR_110293.2	3863	3635.29	0	0
NR_110294.1	531	308.697	0	0
NR_110295.2	1960	1732.29	6	0.155873
NR_110296.2	4125	3897.29	46.7787	0.540166
NR_110297.2	6313	6085.29	13.4126	0.0991914
NR_110298.2	1747	1519.29	0	0
NR_110299.1	2042	1814.29	7.81331	0.193807
NR_110300.1	1814	1586.29	0	0
NR_110301.1	1915	1687.29	5.0007	0.133378
NR_110302.1	1864	1636.29	0	0
NR_110303.1	1926	1698.29	1.33408	0.0353518
NR_110304.1	1372	1144.29	17	0.668581
NR_110305.1	1494	1266.29	138.494	4.92196
NR_110306.1	3429	3201.29	1	0.0140578
NR_110307.2	911	683.293	0	0
NR_110308.2	1083	855.293	0	0
NR_110309.2	2385	2157.29	0	0
NR_110310.2	1037	809.293	0	0
NR_110311.1	3271	3043.29	0	0
NR_110312.2	6559	6331.29	0	0
NR_110313.1	2218	1990.29	44.8324	1.01372
NR_110314.1	12511	12283.3	91.0708	0.333662
NR_110315.2	2566	2338.29	0	0
NR_110316.2	741	513.753	0	0
NR_110317.1	2070	1842.29	19.3591	0.4729
NR_110318.1	486	266.912	0	0
NR_110319.1	1533	1305.29	3.14137	0.108306
NR_110320.1	2524	2296.29	0.917669	0.0179846
NR_110321.1	1438	1210.29	0	0
NR_110322.2	2401	2173.29	0	0
NR_110323.2	4760	4532.29	30.3099	0.30096
NR_110324.1	1102	874.293	0	0
NR_110325.1	1097	869.293	4.76281	0.246569
NR_110326.1	1001	773.293	0	0
NR_110327.1	2002	1774.29	0	0
NR_110328.3	2242	2014.29	111.414	2.48919
NR_110329.1	336	142.48	0	0
NR_110330.1	446	230.915	1.81937	0.354577
NR_110331.1	785	557.487	72.9137	5.88596
NR_110332.2	2882	2654.29	14.3579	0.243436
NR_110369.1	4234	4006.29	0	0
NR_110370.1	2635	2407.29	23.0001	0.429975
NR_110372.1	837	609.427	1	0.0738449
NR_110373.1	3246	3018.29	0	0
NR_110374.1	1077	849.293	0	0
NR_110375.1	1981	1753.29	7.36308	0.188994
NR_110381.2	2031	1803.29	3.2979	0.0823025
NR_110382.2	763	535.541	0	0
NR_110383.1	2068	1840.29	1.32471	0.0323948
NR_110384.1	1756	1528.29	0	0
NR_110385.1	891	663.427	0	0
NR_110386.1	3001	2773.29	14.892	0.241657
NR_110387.1	2228	2000.29	0	0
NR_110388.1	655	428.76	0	0
NR_110390.1	1200	972.293	1	0.0462855
NR_110391.1	599	373.876	0	0
NR_110392.1	1617	1389.29	0	0
NR_110393.1	837	609.427	1	0.0738449
NR_110395.1	2090	1862.29	1.00296	0.0242369
NR_110396.1	2909	2681.29	11.5557	0.193953
NR_110398.1	1167	939.293	0	0
NR_110399.2	3673	3445.29	1	0.0130622
NR_110400.2	1105	877.293	0	0
NR_110401.2	1089	861.293	0	0
NR_110402.2	1043	815.293	0	0
NR_110403.2	1021	793.293	0	0
NR_110404.2	984	756.293	0	0
NR_110405.2	927	699.293	0	0
NR_110406.2	922	694.293	0	0
NR_110409.1	639	413.014	1.20691	0.131508
NR_110410.1	3422	3194.29	70	0.986201
NR_110412.1	1861	1633.29	0	0
NR_110413.1	2961	2733.29	0	0
NR_110415.1	912	684.293	1.59826	0.105111
NR_110416.1	5151	4923.29	21.6853	0.198222
NR_110417.1	511	290.032	4.31467	0.669491
NR_110418.1	830	602.427	10.0293	0.749215
NR_110419.1	1523	1295.29	184	6.39281
NR_110426.1	470	252.282	5	0.891922
NR_110427.1	3355	3127.29	0	0
NR_110428.1	488	268.748	1.52854	0.25596
NR_110429.1	511	290.032	1.47146	0.228321
NR_110433.1	1464	1236.29	5	0.182008
NR_110434.1	780	552.487	10.9714	0.893685
NR_110435.1	766	538.541	0	0
NR_110436.1	483	264.32	0	0
NR_110438.1	4361	4133.29	50.7706	0.552787
NR_110439.1	2179	1951.29	1262.23	29.1111
NR_110451.3	3628	3400.29	0	0
NR_110453.2	843	615.427	188.791	13.8053
NR_110454.2	960	732.293	20.1866	1.24056
NR_110456.3	6292	6064.29	6.78488	0.0503506
NR_110457.1	699	471.947	13	1.23963
NR_110458.1	4086	3858.29	19.9829	0.23308
NR_110459.1	4037	3809.29	0	0
NR_110460.1	4007	3779.29	0	0
NR_110461.1	3942	3714.29	0	0
NR_110462.1	3923	3695.29	0	0
NR_110463.1	3905	3677.29	0.0151036	0.00018484
NR_110464.1	3893	3665.29	1.33434	0.0163833
NR_110465.1	3891	3663.29	0	0
NR_110466.1	3821	3593.29	132.668	1.66156
NR_110467.1	3794	3566.29	0	0
NR_110468.1	3782	3554.29	0	0
NR_110472.1	1630	1402.29	4.39427	0.141023
NR_110473.1	519	297.525	58.7951	8.89324
NR_110479.1	4566	4338.29	0	0
NR_110480.1	1395	1167.29	0	0
NR_110481.1	1127	899.293	0	0
NR_110497.1	704	476.947	0	0
NR_110498.1	543	320.029	0	0
NR_110500.1	309	123.455	0	0
NR_110501.1	1685	1457.29	0	0
NR_110504.1	2082	1854.29	0	0
NR_110505.1	2569	2341.29	0	0
NR_110506.1	1159	931.293	1.03765	0.0501425
NR_110512.2	611	385.534	2.36978	0.276623
NR_110514.1	1405	1177.29	18.9525	0.724475
NR_110515.1	1965	1737.29	3	0.0777124
NR_110522.2	1741	1513.29	5	0.148693
NR_110523.2	2212	1984.29	0	0
NR_110524.2	5338	5110.29	208.345	1.83476
NR_110525.1	768	540.541	0	0
NR_110526.1	2398	2170.29	250.552	5.19544
NR_110527.2	1200	972.293	0	0
NR_110528.1	1004	776.293	15.4359	0.894843
NR_110529.1	3446	3218.29	41.0576	0.574129
NR_110531.1	620	394.338	8.11692	0.926327
NR_110532.1	510	289.15	4.65607	0.724669
NR_110533.2	1356	1128.29	0	0
NR_110534.1	1620	1392.29	0	0
NR_110535.2	4620	4392.29	83.9928	0.860583
NR_110536.1	685	458.134	5.90644	0.580197
NR_110537.1	685	458.134	4	0.392925
NR_110538.1	917	689.293	0	0
NR_110539.2	1578	1350.29	0	0
NR_110540.1	565	340.768	0	0
NR_110541.2	925	697.293	1.59099	0.102682
NR_110542.1	422	210.345	1	0.213949
NR_110543.1	1682	1454.29	35.7863	1.10741
NR_110544.1	504	283.647	0	0
NR_110545.1	621	395.338	6	0.683006
NR_110546.1	903	675.361	6	0.399814
NR_110547.1	752	524.701	0	0
NR_110548.2	1027	799.293	0	0
NR_110549.1	2268	2040.29	59.1749	1.30523
NR_110550.1	561	336.904	6	0.80147
NR_110551.3	949	721.293	13.7991	0.860958
NR_110552.1	2146	1918.29	3.46889	0.0813799
NR_110553.1	1817	1589.29	1.66721	0.0472093
NR_110554.1	2939	2711.29	3.31506	0.0550247
NR_110555.1	3261	3033.29	78.0532	1.15803
NR_110556.1	651	424.846	0	0
NR_110557.1	681	454.225	0	0
NR_110558.1	2232	2004.29	9	0.20208
NR_110559.1	711	483.852	0	0
NR_110560.1	1966	1738.29	16.089	0.416532
NR_110561.1	1643	1415.29	0	0
NR_110562.1	1033	805.293	7	0.391189
NR_110563.1	930	702.293	0	0
NR_110564.1	701	473.947	1	0.0949538
NR_110565.1	2539	2311.29	11.831	0.23036
NR_110566.1	2305	2077.29	69.085	1.49668
NR_110567.1	2296	2068.29	0	0
NR_110568.1	531	308.697	0	0
NR_110569.1	1116	888.293	4	0.20265
NR_110570.1	430	216.949	0	0
NR_110573.1	547	323.768	1	0.138998
NR_110574.1	629	403.218	0	0
NR_110575.1	463	245.87	0	0
NR_110576.1	1311	1083.29	0	0
NR_110577.1	440	225.63	0	0
NR_110578.2	3572	3344.29	665.189	8.95123
NR_110580.1	702	474.947	1	0.0947538
NR_110584.1	1460	1232.29	0	0
NR_110585.1	2156	1928.29	2.00038	0.0466855
NR_110586.2	2536	2308.29	12.0889	0.235688
NR_110587.1	2456	2228.29	57.571	1.16272
NR_110588.1	2453	2225.29	0	0
NR_110589.1	473	255.047	0	0
NR_110590.1	593	367.988	0	0
NR_110591.1	445	230.083	0	0
NR_110592.1	2170	1942.29	4	0.0926803
NR_110593.1	588	363.135	0	0
NR_110595.1	467	249.436	0	0
NR_110596.2	4285	4057.29	1.93382	0.0214498
NR_110597.1	882	654.427	18	1.23781
NR_110598.1	740	512.753	3	0.263303
NR_110599.1	656	429.76	83	8.69148
NR_110600.1	430	216.949	0	0
NR_110601.2	2146	1918.29	49.0806	1.15143
NR_110602.2	2231	2003.29	59.1149	1.32799
NR_110603.1	658	431.717	1	0.104242
NR_110604.1	2186	1958.29	0	0
NR_110605.1	2159	1931.29	1	0.023302
NR_110606.1	2001	1773.29	0	0
NR_110607.1	825	597.427	2	0.150656
NR_110608.3	918	690.293	4.5009	0.293432
NR_110609.1	898	670.361	0	0
NR_110610.1	1651	1423.29	0	0
NR_110611.1	499	279.049	0	0
NR_110612.1	2808	2580.29	7.35453	0.128271
NR_110613.1	661	434.717	0	0
NR_110614.1	917	689.293	6	0.391732
NR_110615.1	520	298.404	0	0
NR_110616.1	3527	3299.29	84	1.14578
NR_110617.2	1234	1006.29	2	0.0894433
NR_110618.2	1079	851.293	2	0.105729
NR_110619.1	1771	1543.29	1.00071	0.0291811
NR_110620.2	2230	2002.29	0	0
NR_110621.1	1679	1451.29	0	0
NR_110622.1	1576	1348.29	1	0.0333778
NR_110623.1	661	434.717	13	1.34579
NR_110624.1	568	343.63	1.23196	0.161342
NR_110625.1	345	148.943	1.76804	0.534212
NR_110626.2	471	253.178	27	4.79933
NR_110627.1	556	332.141	0	0
NR_110628.1	2344	2116.29	4.02611	0.0856154
NR_110629.1	651	424.846	0	0
NR_110630.1	477	258.967	0	0
NR_110631.1	1012	784.293	0	0
NR_110632.1	1589	1361.29	0	0
NR_110633.1	1544	1316.29	1	0.0341893
NR_110634.1	3264	3036.29	0	0
NR_110635.1	524	302.192	1	0.148922
NR_110643.1	499	279.049	0	0
NR_110644.1	1370	1142.29	6.18329	0.243604
NR_110646.1	6767	6539.29	16	0.110111
NR_110647.1	2222	1994.29	2.00252	0.0451887
NR_110649.1	1341	1113.29	0	0
NR_110650.1	2624	2396.29	3.1379	0.0589306
NR_110651.1	726	498.753	0	0
NR_110652.1	1142	914.293	0	0
NR_110653.1	2367	2139.29	3.04527	0.0640617
NR_110654.1	543	320.029	0	0
NR_110655.1	1860	1632.29	0	0
NR_110656.1	1722	1494.29	0	0
NR_110657.1	981	753.293	0	0
NR_110658.1	1732	1504.29	1	0.0299164
NR_110659.1	401	192.714	0	0
NR_110660.2	545	321.964	0	0
NR_110661.1	2039	1811.29	2.00404	0.049792
NR_110662.3	2713	2485.29	0.000192012	3.47691e-06
NR_110663.1	613	387.495	0	0
NR_110664.1	568	343.63	0	0
NR_110665.1	2100	1872.29	26.9743	0.648364
NR_110666.1	1596	1368.29	2	0.0657799
NR_110668.1	1338	1110.29	1.04126	0.0422052
NR_110669.1	805	577.487	6.24342	0.486545
NR_110670.1	2319	2091.29	1	0.0215193
NR_110671.1	1247	1019.29	24	1.05963
NR_110673.1	819	591.487	0	0
NR_110674.1	663	436.717	0	0
NR_110675.1	752	524.701	0	0
NR_110676.1	3871	3643.29	0	0
NR_110677.1	517	295.585	0	0
NR_110681.1	810	582.487	4	0.309041
NR_110682.1	3542	3314.29	0	0
NR_110683.1	2042	1814.29	0	0
NR_110685.1	2269	2041.29	2	0.0440927
NR_110687.1	1829	1601.29	22.2355	0.62491
NR_110688.2	1821	1593.29	90.2506	2.54916
NR_110689.2	1780	1552.29	57.0401	1.65367
NR_110690.1	1406	1178.29	10.9974	0.420029
NR_110691.2	1398	1170.29	25.8934	0.995718
NR_110692.1	728	500.753	4	0.359484
NR_110693.1	1994	1766.29	0	0
NR_110694.1	2918	2690.29	0	0
NR_110695.1	2151	1923.29	8.82896	0.206589
NR_110696.1	2834	2606.29	0	0
NR_110697.1	1748	1520.29	0	0
NR_110698.1	1093	865.293	16.678	0.867409
NR_110699.1	2633	2405.29	1	0.01871
NR_110702.1	357	158.178	1	0.284509
NR_110703.2	610	384.573	0	0
NR_110704.2	640	414.014	14.1493	1.53802
NR_110705.2	754	526.701	4.44902	0.380139
NR_110706.1	1328	1100.29	0	0
NR_110707.1	880	652.427	12.1853	0.840516
NR_110708.1	555	331.174	0.814706	0.11071
NR_110716.1	1356	1128.29	0	0
NR_110717.1	1145	917.293	0	0
NR_110718.1	1740	1512.29	22.0773	0.65698
NR_110719.1	632	406.137	13.9227	1.54274
NR_110720.2	888	660.427	0	0
NR_110722.1	1666	1438.29	0	0
NR_110723.1	884	656.427	3	0.205673
NR_110724.1	478	259.941	0	0
NR_110725.1	2125	1897.29	2.01331	0.0477549
NR_110726.1	649	422.846	0	0
NR_110727.1	2216	1988.29	1.73403	0.0392481
NR_110729.1	3263	3035.29	0	0
NR_110730.1	1115	887.293	302.235	15.3292
NR_110731.1	1817	1589.29	34.4336	0.975036
NR_110732.1	1780	1552.29	0	0
NR_110733.1	580	355.279	2.18287	0.276504
NR_110734.2	5367	5139.29	6.99688	0.0612693
NR_110736.2	521	299.283	1	0.15037
NR_110737.1	781	553.487	0	0
NR_110738.1	710	482.852	0	0
NR_110739.1	910	682.293	0	0
NR_110740.1	1212	984.293	1	0.0457212
NR_110741.1	1661	1433.29	0	0
NR_110742.1	690	463.088	3.00096	0.291635
NR_110743.1	3067	2839.29	86	1.36311
NR_110744.1	2151	1923.29	7	0.163793
NR_110745.1	1852	1624.29	1.00045	0.0277186
NR_110746.1	1050	822.293	0	0
NR_110747.1	1957	1729.29	2	0.052048
NR_110748.1	1107	879.293	0	0
NR_110749.1	428	215.312	0	0
NR_110750.1	374	171.054	0	0
NR_110751.1	1735	1507.29	1.03962	0.0310399
NR_110752.1	2010	1782.29	0	0
NR_110753.1	1978	1750.29	0	0
NR_110754.1	2915	2687.29	11.0273	0.18467
NR_110755.1	2325	2097.29	0	0
NR_110756.1	1397	1169.29	0	0
NR_110757.1	2108	1880.29	0	0
NR_110758.1	2180	1952.29	0	0
NR_110759.1	3140	2912.29	6	0.0927168
NR_110760.1	1079	851.293	0	0
NR_110761.1	1380	1152.29	5	0.195276
NR_110762.1	770	542.487	0	0
NR_110763.1	574	349.421	0	0
NR_110764.1	2637	2409.29	46.932	0.87664
NR_110765.1	2072	1844.29	16	0.39042
NR_110766.2	6420	6192.29	6.32893	0.0459961
NR_110767.2	2619	2391.29	53.1109	0.999523
NR_110769.2	2045	1817.29	24.9029	0.61669
NR_110770.2	2316	2088.29	50.2978	1.08393
NR_110771.1	845	617.427	14.2852	1.04122
NR_110772.1	669	442.629	10.7148	1.0894
NR_110773.1	530	307.728	18	2.63238
NR_110774.1	394	187.168	0	0
NR_110775.1	1921	1693.29	0	0
NR_110777.1	3566	3338.29	0	0
NR_110778.1	526	304.007	0	0
NR_110779.1	447	231.819	0	0
NR_110782.1	347	150.34	0	0
NR_110783.1	763	535.541	11	0.924362
NR_110784.1	937	709.293	0	0
NR_110785.1	553	329.241	0	0
NR_110786.1	1814	1586.29	1	0.02837
NR_110787.1	750	522.701	0	0
NR_110788.1	730	502.753	0	0
NR_110789.1	469	251.307	0	0
NR_110790.1	1533	1305.29	0	0
NR_110791.1	1240	1012.29	0	0
NR_110792.1	2069	1841.29	0	0
NR_110793.1	622	396.338	0	0
NR_110794.1	1742	1514.29	5.05535	0.150239
NR_110795.1	826	598.427	0	0
NR_110796.1	949	721.293	1	0.0623922
NR_110797.1	962	734.293	4	0.24515
NR_110798.1	568	343.63	0	0
NR_110799.1	1212	984.293	3.00814	0.137536
NR_110800.1	1037	809.293	0	0
NR_110801.1	701	473.947	11	1.04449
NR_110802.1	5081	4853.29	12.6978	0.117743
NR_110803.1	694	467.041	4.41932	0.425836
NR_110804.1	2265	2037.29	6.87749	0.151921
NR_110805.1	1754	1526.29	0	0
NR_110806.1	455	238.796	10	1.88458
NR_110807.1	1424	1196.29	0	0
NR_110808.1	563	338.802	0	0
NR_110809.1	6113	5885.29	1	0.0076467
NR_110810.1	653	426.803	1	0.105442
NR_110811.1	1854	1626.29	1.00003	0.0276729
NR_110812.1	2338	2110.29	0	0
NR_110813.1	546	322.964	0	0
NR_110814.1	2056	1828.29	1	0.0246148
NR_110815.1	1603	1375.29	18.5927	0.608399
NR_110816.1	425	212.877	4.61597	0.975836
NR_110817.1	1054	826.293	0	0
NR_110818.1	2547	2319.29	0	0
NR_110819.1	2413	2185.29	1.00951	0.0207896
NR_110820.1	2203	1975.29	1	0.022783
NR_110821.1	2018	1790.29	26.643	0.669733
NR_110822.1	1368	1140.29	0	0
NR_110823.1	2414	2186.29	0	0
NR_110824.1	717	489.852	0	0
NR_110825.1	2616	2388.29	0	0
NR_110826.1	2957	2729.29	1	0.0164889
NR_110827.1	2079	1851.29	0	0
NR_110828.1	5672	5444.29	2.00019	0.0165338
NR_110829.1	2141	1913.29	0	0
NR_110830.2	1717	1489.29	0	0
NR_110831.1	3272	3044.29	0	0
NR_110832.1	1214	986.293	1	0.0456285
NR_110833.1	1186	958.293	3.01254	0.141474
NR_110834.2	3538	3310.29	0.00127717	1.73631e-05
NR_110835.2	3657	3429.29	11.4853	0.150723
NR_110836.1	1229	1001.29	0	0
NR_110837.1	3085	2857.29	8.22838	0.129599
NR_110838.1	1771	1543.29	0	0
NR_110839.1	950	722.293	0	0
NR_110840.1	3531	3303.29	8.35555	0.113833
NR_110841.1	650	423.846	1	0.106178
NR_110842.1	820	592.487	0	0
NR_110843.1	1738	1510.29	0	0
NR_110844.1	2409	2181.29	0	0
NR_110845.1	896	668.361	2	0.134667
NR_110846.1	573	348.421	0	0
NR_110847.1	780	552.487	1.23617	0.100692
NR_110848.1	2261	2033.29	2	0.0442662
NR_110849.1	952	724.293	0	0
NR_110850.1	5271	5043.29	0	0
NR_110851.1	1540	1312.29	1.00019	0.0342998
NR_110852.1	3204	2976.29	1.0194	0.0154138
NR_110853.1	2423	2195.29	1	0.0204998
NR_110854.1	1647	1419.29	3.00022	0.0951313
NR_110855.1	1054	826.293	3	0.163391
NR_110856.1	677	450.406	0	0
NR_110857.2	4478	4250.29	0	0
NR_110858.2	4609	4381.29	14.9586	0.153649
NR_110859.2	3983	3755.29	24.5501	0.294206
NR_110860.1	2132	1904.29	0	0
NR_110861.1	1790	1562.29	62.8239	1.80969
NR_110862.1	1191	963.293	0	0
NR_110863.1	1073	845.293	0	0
NR_110864.3	5445	5217.29	51.3239	0.442707
NR_110865.1	3291	3063.29	0	0
NR_110866.1	1927	1699.29	0	0
NR_110867.1	3974	3746.29	1.03963	0.0124888
NR_110868.1	709	481.852	25.8671	2.41589
NR_110869.1	593	367.988	0	0
NR_110870.1	2243	2015.29	0	0
NR_110871.1	1300	1072.29	0	0
NR_110872.1	1536	1308.29	0	0
NR_110873.1	2264	2036.29	2	0.044201
NR_110874.1	726	498.753	0	0
NR_110875.1	699	471.947	1	0.0953561
NR_110876.1	374	171.054	0	0
NR_110877.1	582	357.279	1	0.125961
NR_110878.1	830	602.427	0	0
NR_110879.1	978	750.293	5	0.299903
NR_110880.1	702	474.947	7.12876	0.675477
NR_110881.1	566	341.699	2.87124	0.378153
NR_110882.1	624	398.259	4	0.451998
NR_110883.1	558	334.107	10	1.34697
NR_110884.1	545	321.964	0	0
NR_110885.2	5983	5755.29	0	0
NR_110886.2	1921	1693.29	0	0
NR_110887.2	1501	1273.29	2.54361	0.0899011
NR_110888.1	724	496.802	0	0
NR_110889.1	1973	1745.29	107	2.75904
NR_110890.2	4550	4322.29	0	0
NR_110892.2	2971	2743.29	0	0
NR_110893.2	2927	2699.29	0	0
NR_110895.1	872	644.427	0	0
NR_110896.1	748	520.701	0	0
NR_110897.2	1923	1695.29	0	0
NR_110898.2	1634	1406.29	4.56108	0.14596
NR_110899.2	3285	3057.29	0	0
NR_110900.1	1131	903.293	76	3.78641
NR_110901.1	359	159.675	7	1.9729
NR_110902.1	786	558.487	0	0
NR_110903.1	881	653.427	5.1585	0.355278
NR_110904.1	716	488.852	2.85791	0.263096
NR_110905.2	4025	3797.29	0	0
NR_110906.2	3877	3649.29	0	0
NR_110907.1	2280	2052.29	0	0
NR_110908.1	1109	881.293	0	0
NR_110909.1	766	538.541	0	0
NR_110910.2	1754	1526.29	0	0
NR_110911.2	1756	1528.29	0	0
NR_110912.2	3373	3145.29	0.874033	0.0125057
NR_110913.1	437	223.004	0	0
NR_110914.2	1751	1523.29	0	0
NR_110915.1	900	672.361	1	0.0669329
NR_110916.1	437	223.004	0	0
NR_110917.1	6586	6358.29	4.73547	0.0335169
NR_110918.1	765	537.541	14	1.17208
NR_110919.1	543	320.029	1	0.140622
NR_110920.1	3348	3120.29	55.9043	0.806292
NR_110921.1	3101	2873.29	29.8909	0.468168
NR_110922.1	3076	2848.29	30.5292	0.482362
NR_110923.1	2126	1898.29	49.1215	1.16453
NR_110924.1	2125	1897.29	840.506	19.9365
NR_110925.1	2097	1869.29	0	0
NR_110926.1	2072	1844.29	131.547	3.2099
NR_110927.1	899	671.361	13.0729	0.876312
NR_110928.1	486	266.912	2.57844	0.434742
NR_110929.1	392	185.43	2.93637	0.712645
NR_110930.1	1349	1121.29	0	0
NR_110931.1	1817	1589.29	0.29673	0.00840232
NR_110932.1	1816	1588.29	0.70327	0.0199266
NR_110933.2	2254	2026.29	21.89	0.486167
NR_110934.1	2198	1970.29	0	0
NR_110936.2	3742	3514.29	19.471	0.24934
NR_110937.1	1493	1265.29	0	0
NR_110938.1	4037	3809.29	2.05665	0.0242973
NR_110939.1	1454	1226.29	0	0
NR_110940.1	1600	1372.29	22.6449	0.742619
NR_110941.1	1355	1127.29	0	0
NR_110942.1	812	584.487	21.3551	1.64425
NR_110943.1	545	321.964	1	0.139777
NR_110944.1	516	294.675	1	0.152721
NR_110945.1	1477	1249.29	11	0.396251
NR_110946.1	1322	1094.29	0	0
NR_110950.1	1538	1310.29	0	0
NR_110951.1	2059	1831.29	0	0
NR_110952.1	2078	1850.29	4.47643	0.108876
NR_110953.1	685	458.134	10.5236	1.03374
NR_110954.1	2126	1898.29	0	0
NR_110974.2	6815	6587.29	56.061	0.382998
NR_110975.2	3669	3441.29	10.8806	0.14229
NR_110982.2	464	246.768	53.9227	9.83387
NR_110983.1	2404	2176.29	1.77086e-07	3.66193e-09
NR_110984.1	2376	2148.29	9.08835	0.190385
NR_110988.2	5127	4899.29	0	0
NR_110991.2	4817	4589.29	1.94804	0.0191027
NR_110994.2	996	768.293	27.4871	1.61007
NR_110995.1	2031	1803.29	0	0
NR_110996.1	2456	2228.29	2.00559	0.0405054
NR_110997.1	1802	1574.29	1.13119	0.0323364
NR_110998.1	1944	1716.29	0	0
NR_110999.1	775	547.487	0	0
NR_111000.1	2229	2001.29	0	0
NR_111001.1	2229	2001.29	0	0
NR_111003.1	5053	4825.29	3	0.0279795
NR_111004.2	4347	4119.29	0	0
NR_111005.2	4408	4180.29	0	0
NR_111893.2	7649	7421.29	3.09199	0.01875
NR_111901.2	2026	1798.29	108.395	2.71264
NR_111903.1	2410	2182.29	0	0
NR_111904.2	1577	1349.29	0	0
NR_111905.1	475	257.02	0	0
NR_111906.1	638	412.014	0	0
NR_111907.1	4834	4606.29	13.3761	0.130683
NR_111908.1	743	515.753	4	0.349028
NR_111909.1	4095	3867.29	0	0
NR_111911.1	3780	3552.29	0	0
NR_111912.2	712	484.852	0	0
NR_111913.2	932	704.293	0	0
NR_111914.2	913	685.293	0	0
NR_111915.1	5149	4921.29	12.4595	0.113936
NR_111917.2	8765	8537.29	0	0
NR_111918.2	8566	8338.29	0	0
NR_111919.2	8501	8273.29	0	0
NR_111920.1	1666	1438.29	0	0
NR_111921.1	216	66.8958	1	0.672734
NR_111922.1	555	331.174	0	0
NR_111923.2	1723	1495.29	28.2889	0.851398
NR_111925.2	5494	5266.29	5.02101	0.0429071
NR_111926.1	5740	5512.29	0	0
NR_111929.2	793	565.487	3.44622	0.274261
NR_111931.2	4188	3960.29	0	0
NR_111932.2	6142	5914.29	0	0
NR_111933.1	2307	2079.29	2.31891	0.0501893
NR_111936.1	2129	1901.29	0	0
NR_111939.2	1684	1456.29	7.94387	0.245485
NR_111940.2	1735	1507.29	58.3896	1.74333
NR_111941.2	1588	1360.29	0	0
NR_111942.1	1021	793.293	13	0.737483
NR_111943.2	781	553.487	389.999	31.7102
NR_111944.3	609	383.573	146.009	17.1307
NR_111945.1	2214	1986.29	0	0
NR_111947.1	2214	1986.29	0	0
NR_111948.1	3064	2836.29	0	0
NR_111949.2	1715	1487.29	3.20608	0.0970107
NR_111950.1	6066	5838.29	2.62907	0.0202655
NR_111951.1	1178	950.293	11.145	0.527796
NR_111952.1	1613	1385.29	16.1814	0.525674
NR_111953.1	1015	787.293	0	0
NR_111954.2	3428	3200.29	14.7932	0.208025
NR_111955.2	2555	2327.29	10.5757	0.204503
NR_111956.2	2644	2416.29	0	0
NR_111957.2	2854	2626.29	1.7642	0.0302306
NR_111958.2	3339	3111.29	0	0
NR_111960.2	5825	5597.29	16.1354	0.129731
NR_111962.1	1865	1637.29	46.2145	1.27026
NR_111963.1	1282	1054.29	0	0
NR_111964.2	976	748.293	0	0
NR_111966.2	1756	1528.29	0	0
NR_111967.2	1769	1541.29	6.572	0.191891
NR_111968.1	486	266.912	6.03514	1.01756
NR_111969.1	725	497.753	0	0
NR_111970.2	532	309.634	0	0
NR_111971.2	2113	1885.29	191.907	4.58094
NR_111972.1	1962	1734.29	34.9168	0.906055
NR_111973.1	2288	2060.29	86.2442	1.88384
NR_111974.1	1687	1459.29	390.605	12.0459
NR_111975.1	1784	1556.29	31.7082	0.916902
NR_111976.1	1865	1637.29	153.864	4.22913
NR_111977.1	2031	1803.29	13.6536	0.340739
NR_111978.1	1959	1731.29	6.32387	0.164382
NR_111979.1	1862	1634.29	28.8039	0.793166
NR_111980.2	6072	5844.29	12.9939	0.100058
NR_111981.2	2129	1901.29	1.00767e-05	2.38513e-07
NR_111982.1	4010	3782.29	0	0
NR_111983.2	3065	2837.29	0	0
NR_111984.2	3838	3610.29	1	0.0124652
NR_111987.2	5502	5274.29	14.2172	0.121309
NR_111988.2	2271	2043.29	0	0
NR_111989.2	2049	1821.29	13.5504	0.334822
NR_117084.1	2701	2473.29	49.845	0.90696
NR_117085.2	1936	1708.29	0	0
NR_117086.2	2696	2468.29	80.8742	1.47454
NR_117087.2	2677	2449.29	114.958	2.11223
NR_117088.2	595	369.951	3.70446	0.450633
NR_117089.1	2263	2035.29	0	0
NR_117090.1	2336	2108.29	0	0
NR_117091.1	4522	4294.29	0	0
NR_117092.2	2251	2023.29	0	0
NR_117094.1	2754	2526.29	0	0
NR_117096.1	1615	1387.29	1	0.0324395
NR_117097.1	777	549.487	0	0
NR_117098.1	693	466.041	0	0
NR_117099.1	585	360.171	0	0
NR_117100.1	1561	1333.29	3	0.10126
NR_117101.1	872	644.427	0	0
NR_117102.1	791	563.487	2	0.159731
NR_119373.1	575	350.386	0	0
NR_119374.1	1991	1763.29	5.00516	0.127743
NR_119375.1	3166	2938.29	0	0
NR_119376.1	6717	6489.29	159.071	1.10315
NR_119377.1	923	695.293	49.0954	3.17772
NR_119378.1	584	359.207	0	0
NR_119379.1	586	361.171	0	0
NR_119380.1	518	296.555	0	0
NR_119381.1	488	268.748	0	0
NR_119382.1	543	320.029	1	0.140622
NR_119383.1	1108	880.293	1	0.0511228
NR_119384.1	1006	778.293	0	0
NR_119385.1	823	595.427	0	0
NR_120305.2	949	721.293	2	0.124784
NR_120306.1	573	348.421	5	0.645815
NR_120307.1	565	340.768	2	0.264128
NR_120308.1	543	320.029	0	0
NR_120309.1	767	539.541	1	0.0834099
NR_120310.1	432	218.698	0	0
NR_120311.1	1394	1166.29	26.9218	1.03882
NR_120318.1	1039	811.293	0	0
NR_120319.1	964	736.293	2	0.122242
NR_120320.1	3187	2959.29	0	0
NR_120321.1	778	550.487	0	0
NR_120322.1	771	543.487	0	0
NR_120323.1	561	336.904	0	0
NR_120324.1	1742	1514.29	0	0
NR_120325.1	759	531.648	0	0
NR_120326.1	491	271.527	0	0
NR_120327.1	464	246.768	0	0
NR_120329.1	2727	2499.29	1.00144	0.0180322
NR_120330.1	405	196.152	0	0
NR_120331.1	1409	1181.29	5.5536	0.211572
NR_120332.1	1191	963.293	0	0
NR_120333.1	3161	2933.29	27.4962	0.421851
NR_120334.1	2499	2271.29	6.01358	0.119152
NR_120335.1	672	445.496	2	0.202036
NR_120336.1	439	224.747	0	0
NR_120337.1	986	758.293	0	0
NR_120338.1	2220	1992.29	0	0
NR_120339.1	1949	1721.29	4	0.10458
NR_120340.1	749	521.701	0	0
NR_120341.1	695	468.041	0	0
NR_120342.1	763	535.541	0	0
NR_120343.1	855	627.427	0	0
NR_120344.1	1087	859.293	0	0
NR_120345.1	2006	1778.29	0	0
NR_120346.1	2139	1911.29	1.0116	0.023819
NR_120347.1	816	588.487	0	0
NR_120348.1	815	587.487	0	0
NR_120349.1	622	396.338	0	0
NR_120350.1	724	496.802	0	0
NR_120351.1	704	476.947	0	0
NR_120352.1	684	457.134	0	0
NR_120353.1	542	319.126	0	0
NR_120360.1	2365	2137.29	0	0
NR_120361.1	678	451.406	0	0
NR_120362.1	660	433.717	0	0
NR_120363.1	2535	2307.29	3.00441	0.0586001
NR_120364.1	324	134.113	0	0
NR_120365.1	1077	849.293	11.7294	0.621529
NR_120366.1	993	765.293	0	0
NR_120367.1	2568	2340.29	2	0.0384594
NR_120368.1	863	635.427	0	0
NR_120369.1	1835	1607.29	0.000194157	5.43626e-06
NR_120370.1	1825	1597.29	1.00972	0.0284483
NR_120371.1	1295	1067.29	3.02101	0.127383
NR_120372.1	654	427.803	1	0.105196
NR_120373.2	614	388.495	0.644728	0.074685
NR_120374.1	532	309.634	0	0
NR_120375.1	1204	976.293	1	0.0460959
NR_120377.1	1325	1097.29	42.9488	1.76145
NR_120378.1	575	350.386	54.0704	6.94473
NR_120379.1	1311	1083.29	7.34206	0.30501
NR_120382.1	415	204.487	0	0
NR_120383.1	717	489.852	0	0
NR_120384.1	704	476.947	0	0
NR_120385.1	608	382.573	0	0
NR_120386.1	4397	4169.29	108.019	1.16595
NR_120387.1	2137	1909.29	7	0.164994
NR_120392.1	704	476.947	0	0
NR_120394.1	545	321.964	0	0
NR_120395.1	1224	996.293	0	0
NR_120396.1	1243	1015.29	0	0
NR_120398.1	4071	3843.29	7	0.0819666
NR_120399.1	714	486.852	0	0
NR_120400.1	839	611.427	1.44488	0.106348
NR_120401.1	579	354.315	0	0
NR_120402.1	1301	1073.29	0	0
NR_120403.1	250	85.998	0	0
NR_120404.1	346	149.65	0	0
NR_120405.1	3823	3595.29	0	0
NR_120406.2	427	214.584	5.93285	1.24425
NR_120408.2	2946	2718.29	0	0
NR_120409.2	5684	5456.29	0	0
NR_120410.1	593	367.988	33.0615	4.04326
NR_120411.1	549	325.637	155.938	21.5507
NR_120412.1	412	201.964	0	0
NR_120413.1	996	768.293	0	0
NR_120414.1	1003	775.293	0	0
NR_120415.1	3455	3227.29	27.041	0.377075
NR_120416.1	2753	2525.29	0	0
NR_120417.1	2381	2153.29	0	0
NR_120418.1	1040	812.293	0	0
NR_120419.1	2221	1993.29	3	0.0677318
NR_120420.1	780	552.487	0	0
NR_120421.1	543	320.029	0	0
NR_120422.1	1959	1731.29	0	0
NR_120423.1	1921	1693.29	20.6241	0.548132
NR_120424.1	1762	1534.29	5.37201	0.157569
NR_120425.2	5591	5363.29	102.687	0.861643
NR_120426.1	955	727.293	0	0
NR_120427.1	1777	1549.29	0	0
NR_120428.1	1073	845.293	0	0
NR_120429.1	866	638.427	0	0
NR_120430.1	2830	2602.29	7.67594	0.132745
NR_120431.1	867	639.427	11.2435	0.791318
NR_120432.1	1071	843.293	13.3926	0.714705
NR_120433.1	1075	847.293	16.4906	0.875881
NR_120434.1	1554	1326.29	33.8734	1.14937
NR_120435.2	546	322.964	6.16192	0.858625
NR_120436.3	851	623.427	0	0
NR_120438.1	461	244.098	0	0
NR_120439.1	1025	797.293	0	0
NR_120440.1	1002	774.293	2	0.116243
NR_120441.1	2451	2223.29	0	0
NR_120442.1	2347	2119.29	0	0
NR_120443.1	2265	2037.29	1	0.0220896
NR_120444.1	1032	804.293	0	0
NR_120445.1	6583	6355.29	9.6421	0.0682776
NR_120447.2	4895	4667.29	32.9049	0.317277
NR_120448.2	9582	9354.29	0	0
NR_120449.1	4166	3938.29	25.047	0.286214
NR_120450.1	2459	2231.29	4.46023	0.0899587
NR_120451.1	723	495.802	0	0
NR_120452.1	1990	1762.29	0	0
NR_120453.1	2230	2002.29	0	0
NR_120454.1	966	738.293	0	0
NR_120455.1	806	578.487	1	0.0777945
NR_120456.1	486	266.912	0	0
NR_120457.2	1851	1623.29	207.84	5.76203
NR_120458.1	574	349.421	0	0
NR_120459.1	900	672.361	17.8802	1.19678
NR_120460.1	536	313.414	0	0
NR_120461.1	505	284.56	0	0
NR_120462.1	612	386.495	0	0
NR_120463.1	771	543.487	0	0
NR_120464.1	465	247.59	0	0
NR_120465.1	586	361.171	2	0.249207
NR_120466.1	605	379.687	1.27863	0.151551
NR_120467.1	476	257.994	0	0
NR_120468.1	1464	1236.29	2	0.0728032
NR_120469.1	1441	1213.29	0	0
NR_120470.1	1293	1065.29	0	0
NR_120471.2	1629	1401.29	0	0
NR_120472.1	589	364.098	0	0
NR_120473.1	414	203.726	0	0
NR_120474.1	1714	1486.29	15.0562	0.455883
NR_120475.1	761	533.648	0	0
NR_120476.2	848	620.427	0	0
NR_120477.1	585	360.171	0	0
NR_120478.1	995	767.293	12	0.703821
NR_120479.1	4388	4160.29	0	0
NR_120480.2	9073	8845.29	208.889	1.06279
NR_120481.1	336	142.48	0	0
NR_120482.1	503	282.705	0	0
NR_120483.1	549	325.637	0	0
NR_120484.1	670	443.585	0	0
NR_120485.3	4321	4093.29	112.34	1.2351
NR_120486.1	692	465.041	12.0026	1.16152
NR_120487.1	575	350.386	0	0
NR_120488.1	514	292.795	2	0.307404
NR_120489.2	797	569.487	0	0
NR_120490.1	508	287.414	0	0
NR_120491.1	969	741.293	0	0
NR_120492.1	1280	1052.29	1	0.0427667
NR_120495.1	967	739.293	15	0.913097
NR_120496.1	3709	3481.29	0	0
NR_120497.1	3597	3369.29	1.03099	0.0137708
NR_120501.1	718	490.852	2.03403	0.186488
NR_120502.1	517	295.585	8	1.21801
NR_120503.1	577	352.35	1	0.127723
NR_120504.1	2258	2030.29	0	0
NR_120505.1	1569	1341.29	9	0.301968
NR_120506.2	1195	967.293	2.8951	0.134694
NR_120507.1	480	261.78	0	0
NR_120508.1	1008	780.293	0	0
NR_120509.1	811	583.487	0	0
NR_120510.1	675	448.496	0	0
NR_120511.1	806	578.487	10	0.777945
NR_120512.1	717	489.852	0	0
NR_120513.1	1396	1168.29	0	0
NR_120514.1	510	289.15	0	0
NR_120515.1	1142	914.293	0	0
NR_120516.1	675	448.496	0	0
NR_120517.1	587	362.135	0	0
NR_120518.1	603	377.687	0	0
NR_120519.1	407	197.751	3.61382	0.822412
NR_120520.1	384	178.976	7.38618	1.85723
NR_120521.1	1187	959.293	4	0.187651
NR_120522.1	1311	1083.29	0	0
NR_120524.2	2485	2257.29	0	0
NR_120525.2	2555	2327.29	0	0
NR_120526.1	822	594.427	10.5273	0.797005
NR_120527.1	527	304.945	0	0
NR_120528.1	1123	895.293	10	0.502663
NR_120529.1	1768	1540.29	0	0
NR_120530.1	548	324.67	0	0
NR_120531.2	2114	1886.29	128.367	3.06256
NR_120532.1	473	255.047	5	0.882252
NR_120533.1	422	210.345	0	0
NR_120534.1	1203	975.293	9	0.415288
NR_120535.1	3046	2818.29	1159.77	18.5194
NR_120536.1	1258	1030.29	0	0
NR_120537.1	2021	1793.29	0	0
NR_120538.1	1964	1736.29	0	0
NR_120539.1	587	362.135	0	0
NR_120540.1	2335	2107.29	15.7839	0.337078
NR_120541.1	1597	1369.29	13	0.427257
NR_120542.2	3092	2864.29	0	0
NR_120543.2	2949	2721.29	0	0
NR_120544.2	2988	2760.29	0	0
NR_120545.2	2578	2350.29	0	0
NR_120546.1	2412	2184.29	0	0
NR_120547.1	2070	1842.29	0	0
NR_120548.1	1537	1309.29	0	0
NR_120549.1	589	364.098	0	0
NR_120550.1	386	180.662	0	0
NR_120551.1	1770	1542.29	0	0
NR_120552.1	1755	1527.29	0	0
NR_120553.1	506	285.56	0	0
NR_120554.1	477	258.967	0	0
NR_120555.1	437	223.004	0	0
NR_120556.1	2157	1929.29	17	0.396545
NR_120557.1	1011	783.293	1	0.0574537
NR_120558.1	510	289.15	0	0
NR_120559.1	959	731.293	0	0
NR_120560.1	476	257.994	0	0
NR_120561.1	348	151.011	2.82647	0.842324
NR_120562.1	336	142.48	3.17353	1.00238
NR_120563.1	1959	1731.29	2.00458	0.052107
NR_120564.1	1654	1426.29	4	0.12621
NR_120565.1	948	720.293	0	0
NR_120566.1	717	489.852	0	0
NR_120567.1	3831	3603.29	1.24144	0.0155049
NR_120568.1	501	280.906	0	0
NR_120569.1	422	210.345	2	0.427897
NR_120570.1	1560	1332.29	0	0
NR_120571.1	1400	1172.29	1	0.0383889
NR_120572.1	755	527.701	0	0
NR_120573.1	648	421.846	1.57417	0.167935
NR_120574.1	504	283.647	0	0
NR_120575.1	653	426.803	1.74065e-07	1.83538e-08
NR_120576.1	480	261.78	2.42583	0.417029
NR_120577.1	1477	1249.29	2.12526	0.076558
NR_120578.1	2323	2095.29	2	0.0429564
NR_120579.1	1242	1014.29	2.87474	0.127549
NR_120580.1	509	288.355	0	0
NR_120581.1	1395	1167.29	0	0
NR_120582.1	982	754.293	0	0
NR_120583.1	449	233.505	0	0
NR_120584.1	553	329.241	0	0
NR_120585.1	624	398.259	0	0
NR_120586.1	846	618.427	18	1.30986
NR_120587.1	523	301.192	3	0.448251
NR_120588.1	1597	1369.29	20.4931	0.673525
NR_120589.1	1455	1227.29	38.4348	1.40935
NR_120590.1	974	746.293	0	0
NR_120591.3	2273	2045.29	250.015	5.50115
NR_120592.2	2022	1794.29	0	0
NR_120593.2	5452	5224.29	142.777	1.22991
NR_120594.1	1972	1744.29	0	0
NR_120595.1	1246	1018.29	0	0
NR_120596.1	827	599.427	1	0.0750768
NR_120597.1	484	265.13	0	0
NR_120598.1	835	607.427	3	0.222264
NR_120599.1	2104	1876.29	2.27818	0.0546423
NR_120600.1	1994	1766.29	14.8151	0.37747
NR_120601.1	573	348.421	0	0
NR_120602.1	434	220.399	0	0
NR_120603.2	751	523.701	0	0
NR_120604.1	545	321.964	0	0
NR_120606.1	1182	954.293	0	0
NR_120607.1	1321	1093.29	0	0
NR_120608.2	1916	1688.29	4.482	0.119472
NR_120609.1	2884	2656.29	6.00844	0.101795
NR_120610.2	1747	1519.29	0	0
NR_120611.1	4455	4227.29	117.985	1.25605
NR_120612.1	913	685.293	152.167	9.99275
NR_120613.1	1331	1103.29	131.45	5.36181
NR_120614.1	562	337.904	0	0
NR_120615.1	1631	1403.29	0	0
NR_120616.1	959	731.293	0	0
NR_120618.1	766	538.541	0	0
NR_120619.1	3011	2783.29	0	0
NR_120620.1	1353	1125.29	0	0
NR_120621.1	2222	1994.29	3	0.0676978
NR_120622.1	700	472.947	3	0.285464
NR_120623.1	472	254.125	1	0.17709
NR_120624.1	1014	786.293	0	0
NR_120625.1	509	288.355	0	0
NR_120626.1	2785	2557.29	0	0
NR_120627.1	2619	2391.29	0	0
NR_120628.1	2378	2150.29	3.26495	0.0683315
NR_120629.1	407	197.751	0	0
NR_120630.1	1785	1557.29	0	0
NR_120631.1	1645	1417.29	1.53029	0.0485912
NR_120633.1	557	333.141	3	0.405262
NR_120634.1	3470	3242.29	5.03517	0.0698882
NR_120635.1	2270	2042.29	1	0.0220356
NR_120636.1	575	350.386	0	0
NR_120637.1	505	284.56	0	0
NR_120638.1	1066	838.293	0	0
NR_120639.2	2171	1943.29	0	0
NR_120640.2	2945	2717.29	0	0
NR_120641.1	1007	779.293	0	0
NR_120642.1	972	744.293	15	0.906963
NR_120643.1	1245	1017.29	0	0
NR_120644.1	593	367.988	0	0
NR_120645.1	476	257.994	0	0
NR_120646.1	1397	1169.29	2	0.0769748
NR_120647.1	679	452.316	36	3.58182
NR_120648.1	1933	1705.29	0	0
NR_120649.1	2977	2749.29	0	0
NR_120650.1	551	327.472	0	0
NR_120651.2	1173	945.293	105.008	4.99919
NR_120652.1	619	393.338	0	0
NR_120653.1	2042	1814.29	3.00093	0.0744373
NR_120654.1	445	230.083	0	0
NR_120655.1	808	580.487	1	0.0775265
NR_120656.1	1845	1617.29	0	0
NR_120657.1	1739	1511.29	0	0
NR_120658.1	1735	1507.29	0	0
NR_120659.1	1856	1628.29	0	0
NR_120660.1	4865	4637.29	15.4874	0.150299
NR_120661.1	598	372.913	0	0
NR_120663.2	3284	3056.29	86.7175	1.27689
NR_120664.1	591	366.025	43	5.28689
NR_120665.2	583	358.243	10.0319	1.26022
NR_120666.1	490	270.61	0	0
NR_120667.1	2047	1819.29	0	0
NR_120668.1	1200	972.293	0	0
NR_120669.1	674	447.496	0	0
NR_120670.1	2667	2439.29	0	0
NR_120671.1	1504	1276.29	0	0
NR_120672.1	425	212.877	0	0
NR_120673.1	517	295.585	0	0
NR_120674.1	464	246.768	2	0.364739
NR_120675.1	689	462.088	0	0
NR_120676.1	496	276.219	0	0
NR_120677.1	344	148.132	0	0
NR_120678.1	420	208.678	1	0.215658
NR_120681.2	360	160.548	32.5399	9.12124
NR_120682.1	696	468.994	6.71424	0.644275
NR_120683.1	395	187.965	19.2858	4.61745
NR_120684.1	4237	4009.29	249.005	2.795
NR_120685.1	752	524.701	35.6501	3.05767
NR_120686.1	656	429.76	3.41539	0.357648
NR_121120.1	656	429.76	0	0
NR_121180.1	652	425.803	0	0
NR_121181.1	600	374.838	0	0
NR_121182.1	664	437.717	0	0
NR_121183.1	1811	1583.29	6.46189	0.183671
NR_121184.1	719	491.852	0	0
NR_121185.1	950	722.293	0	0
NR_121186.1	793	565.487	0	0
NR_121187.1	585	360.171	1.21293	0.151555
NR_121188.1	601	375.763	1.20231	0.143994
NR_121189.1	544	321.029	0	0
NR_121190.1	405	196.152	1.0154	0.232963
NR_121191.1	706	478.9	1	0.0939718
NR_121192.1	643	416.972	0	0
NR_121193.1	536	313.414	0	0
NR_121196.1	670	443.585	0	0
NR_121197.1	448	232.626	0	0
NR_121210.1	1185	957.293	0	0
NR_121211.1	1104	876.293	6	0.308137
NR_121212.1	1027	799.293	0	0
NR_121213.1	538	315.318	0	0
NR_121564.1	3223	2995.29	0	0
NR_121565.1	3645	3417.29	1.00465	0.0132305
NR_121566.3	4080	3852.29	0	0
NR_121567.3	3995	3767.29	0	0
NR_121568.3	3757	3529.29	0	0
NR_121569.3	3960	3732.29	0	0
NR_121570.1	1263	1035.29	7.01651	0.305
NR_121572.1	2292	2064.29	0	0
NR_121573.1	565	340.768	0	0
NR_121574.1	527	304.945	0	0
NR_121575.1	443	228.322	0	0
NR_121576.1	398	190.353	0	0
NR_121577.1	546	322.964	4	0.557375
NR_121578.1	3732	3504.29	1.00081	0.0128527
NR_121579.1	1139	911.293	20.4015	1.0075
NR_121580.1	7020	6792.29	13.5072	0.0894936
NR_121581.1	960	732.293	1	0.061455
NR_121582.1	3031	2803.29	17	0.272912
NR_121583.1	3222	2994.29	1.16772	0.0175504
NR_121584.1	2096	1868.29	2	0.0481756
NR_121585.1	1512	1284.29	0	0
NR_121586.1	1109	881.293	6	0.306389
NR_121587.1	616	390.417	2	0.230538
NR_121597.1	332	139.579	1.59096	0.51296
NR_121598.1	254	88.6424	2.40904	1.22305
NR_121599.1	1334	1106.29	8.83581	0.359433
NR_121600.1	1252	1024.29	12.1642	0.534443
NR_121601.1	423	211.123	0	0
NR_121602.1	4837	4609.29	0	0
NR_121604.1	1253	1025.29	0	0
NR_121605.1	417	206.073	0	0
NR_121606.1	440	225.63	0	0
NR_121607.1	1452	1224.29	0	0
NR_121608.1	678	451.406	14	1.39574
NR_121609.1	604	378.687	0	0
NR_121610.1	643	416.972	19	2.05064
NR_121612.1	9566	9338.29	1.75296e-06	8.44785e-09
NR_121613.1	9500	9272.29	0.0293042	0.000142228
NR_121614.1	9449	9221.29	56.3535	0.275025
NR_121615.1	773	545.487	1	0.0825008
NR_121617.1	2570	2342.29	0	0
NR_121618.1	804	576.487	0	0
NR_121619.1	770	542.487	0	0
NR_121620.2	1436	1208.29	62.7571	2.3374
NR_121621.2	541	318.158	23	3.25332
NR_121622.1	1379	1151.29	0	0
NR_121623.1	860	632.427	1	0.0711593
NR_121624.1	576	351.35	0	0
NR_121625.1	1025	797.293	0	0
NR_121626.1	449	233.505	0	0
NR_121627.1	1592	1364.29	0	0
NR_121628.1	1268	1040.29	0	0
NR_121630.1	832	604.427	0	0
NR_121631.1	604	378.687	0	0
NR_121632.1	621	395.338	0	0
NR_121633.1	566	341.699	0	0
NR_121634.1	963	735.293	0	0
NR_121635.1	547	323.768	0	0
NR_121636.1	589	364.098	0	0
NR_121637.1	491	271.527	0	0
NR_121638.1	698	470.947	0	0
NR_121639.1	642	416.014	0	0
NR_121640.2	958	730.293	0	0
NR_121641.1	825	597.427	0	0
NR_121644.1	3363	3135.29	0	0
NR_121645.1	141	29.0088	0	0
NR_121647.1	2877	2649.29	75.917	1.28959
NR_121648.1	1019	791.293	0	0
NR_121649.1	3538	3310.29	0	0
NR_121650.1	2390	2162.29	1	0.0208127
NR_121651.1	571	346.526	0	0
NR_121652.1	788	560.487	0	0
NR_121653.2	4871	4643.29	30.8914	0.299402
NR_121654.1	721	493.802	5.69159	0.518707
NR_121655.1	661	434.717	1	0.103523
NR_121657.1	703	475.947	1	0.0945547
NR_121658.2	6066	5838.29	0	0
NR_121659.2	1002	774.293	2.19144	0.12737
NR_121660.1	902	674.361	0	0
NR_121661.1	622	396.338	0	0
NR_121662.3	25396	25168.3	109.026	0.194949
NR_121663.1	1310	1082.29	0	0
NR_121664.1	1248	1020.29	1	0.044108
NR_121665.1	335	141.797	2	0.634752
NR_121666.1	890	662.427	0	0
NR_121667.1	643	416.972	2	0.215857
NR_121668.1	834	606.427	6	0.445261
NR_121669.1	597	371.913	0	0
NR_121670.1	4967	4739.29	0	0
NR_121671.1	4874	4646.29	0	0
NR_121672.1	3031	2803.29	5	0.0802682
NR_121673.1	1366	1138.29	1.00073	0.0395646
NR_121674.1	689	462.088	10	0.973908
NR_121675.1	460	243.274	0	0
NR_121676.1	2163	1935.29	0	0
NR_121677.1	1576	1348.29	1.28208	0.0427931
NR_121679.1	878	650.427	0	0
NR_121680.1	1129	901.293	0	0
NR_121681.1	2228	2000.29	0	0
NR_121682.1	1700	1472.29	66	2.0174
NR_122031.1	1000	772.293	11	0.640992
NR_122032.1	712	484.852	1	0.0928183
NR_122033.1	2142	1914.29	0	0
NR_122034.1	1521	1293.29	2	0.0695946
NR_122035.1	1507	1279.29	304.806	10.7225
NR_122036.1	1196	968.293	27.3012	1.26887
NR_122038.1	1834	1606.29	88	2.46547
NR_122040.1	2256	2028.29	0	0
NR_122041.1	2168	1940.29	0	0
NR_122042.1	2179	1951.29	0	0
NR_122043.1	2031	1803.29	0	0
NR_122044.1	813	585.487	1	0.0768644
NR_122045.1	1446	1218.29	0	0
NR_122046.1	1815	1587.29	0	0
NR_122047.1	1972	1744.29	2.71793	0.0701231
NR_122048.1	692	465.041	0	0
NR_122069.1	1048	820.293	17.9844	0.986663
NR_122070.1	897	669.361	1	0.0672329
NR_122071.1	2597	2369.29	0	0
NR_122072.1	2907	2679.29	8.78444	0.147549
NR_122073.1	2338	2110.29	9	0.19193
NR_122074.1	3212	2984.29	1	0.01508
NR_122075.1	2592	2364.29	0	0
NR_122076.1	1448	1220.29	0	0
NR_122077.1	1029	801.293	0	0
NR_122079.1	1443	1215.29	0	0
NR_122080.1	1318	1090.29	2	0.0825523
NR_122104.1	2645	2417.29	33.8879	0.630895
NR_122105.1	940	712.293	63.2187	3.99419
NR_122106.2	4347	4119.29	0	0
NR_122107.1	1190	962.293	8	0.374132
NR_122109.1	3014	2786.29	1.8302	0.0295606
NR_122110.1	2496	2268.29	0	0
NR_122111.1	4138	3910.29	550.787	6.33894
NR_122112.1	1401	1173.29	377.431	14.4768
NR_122113.1	2107	1879.29	208.913	5.0028
NR_122119.1	1404	1176.29	23.008	0.88025
NR_122120.1	2204	1976.29	0	0
NR_122121.1	692	465.041	19	1.83867
NR_122122.1	1327	1099.29	0	0
NR_122123.1	1107	879.293	0	0
NR_122124.1	2338	2110.29	122	2.60171
NR_122125.2	4283	4055.29	226.75	2.51633
NR_122126.2	4268	4040.29	11.2502	0.125311
NR_123713.2	3305	3077.29	46.3011	0.677119
NR_123714.2	17181	16953.3	0	0
NR_123715.2	4518	4290.29	8.8751	0.0930955
NR_123716.2	1982	1754.29	0	0
NR_123717.2	965	737.293	0	0
NR_123718.1	456	239.672	0	0
NR_123721.1	5208	4980.29	1726.92	15.6049
NR_123722.1	2902	2674.29	611.846	10.2962
NR_123723.1	2349	2121.29	8.37277	0.177628
NR_123724.2	2246	2018.29	401.157	8.94483
NR_123725.1	1578	1350.29	47.342	1.57783
NR_123727.3	1128	900.293	113.567	5.67691
NR_123728.2	4480	4252.29	22.5591	0.238749
NR_123730.2	1642	1414.29	0	0
NR_123731.1	650	423.846	0	0
NR_123732.2	671	444.496	0	0
NR_123733.2	2941	2713.29	1059.3	17.5697
NR_123734.2	2911	2683.29	279.451	4.68684
NR_123735.2	4012	3784.29	230.086	2.73619
NR_123736.2	3923	3695.29	443.895	5.40597
NR_123737.1	2708	2480.29	149.172	2.70662
NR_123738.2	2158	1930.29	0	0
NR_123739.1	1140	912.293	2	0.0986592
NR_123740.2	1676	1448.29	0	0
NR_125327.2	2378	2150.29	0	0
NR_125328.1	2070	1842.29	5.73766	0.140158
NR_125329.2	1313	1085.29	1.98865	0.0824619
NR_125330.2	2150	1922.29	0	0
NR_125331.2	1264	1036.29	46.7614	2.03071
NR_125333.2	4237	4009.29	26.8694	0.3016
NR_125335.2	1987	1759.29	12.8979	0.329932
NR_125336.2	2629	2401.29	0	0
NR_125337.3	2127	1899.29	11.7513	0.278443
NR_125338.1	2129	1901.29	0	0
NR_125339.2	1511	1283.29	49.2115	1.72577
NR_125340.2	8112	7884.29	0	0
NR_125341.2	5647	5419.29	115.025	0.955191
NR_125343.2	2415	2187.29	3.24395	0.0667435
NR_125345.1	1331	1103.29	54	2.20265
NR_125346.2	1737	1509.29	0	0
NR_125347.2	1366	1138.29	0	0
NR_125348.1	1355	1127.29	0	0
NR_125349.2	2675	2447.29	0	0
NR_125351.2	1554	1326.29	0	0
NR_125352.2	3418	3190.29	0	0
NR_125353.2	1449	1221.29	0	0
NR_125354.3	1276	1048.29	0	0
NR_125355.2	3399	3171.29	61.1141	0.867256
NR_125356.1	3370	3142.29	215.908	3.09217
NR_125357.2	11980	11752.3	19.0442	0.0729258
NR_125358.2	1671	1443.29	0	0
NR_125359.1	984	756.293	119	7.08107
NR_125360.3	3693	3465.29	0	0
NR_125361.2	4733	4505.29	52.6629	0.526047
NR_125362.1	2096	1868.29	8.24247	0.198543
NR_125363.1	890	662.427	40	2.71747
NR_125364.1	2046	1818.29	73.0117	1.80705
NR_125365.1	375	171.827	8	2.09528
NR_125366.1	1583	1355.29	0	0
NR_125367.1	3952	3724.29	0	0
NR_125368.1	2863	2635.29	57.5782	0.983267
NR_125369.2	2008	1780.29	29.2441	0.739247
NR_125370.2	1890	1662.29	0	0
NR_125371.2	2129	1901.29	43.9914	1.04126
NR_125372.2	2941	2713.29	9.36987	0.15541
NR_125373.1	2043	1815.29	5.2948	0.131264
NR_125374.1	2148	1920.29	13	0.304662
NR_125375.1	1782	1554.29	195.639	5.66453
NR_125376.1	2079	1851.29	525	12.7622
NR_125377.1	611	385.534	0	0
NR_125378.1	584	359.207	6.21626	0.778801
NR_125379.1	564	339.768	12.6004	1.66895
NR_125380.1	546	322.964	6.90764	0.962537
NR_125381.1	471	253.178	4.27572	0.760023
NR_125383.1	1468	1240.29	8.00137	0.290324
NR_125384.1	1582	1354.29	11.0889	0.368484
NR_125385.1	1447	1219.29	11.1595	0.411887
NR_125386.1	4132	3904.29	49.9611	0.575879
NR_125387.1	727	499.753	0	0
NR_125388.1	3261	3033.29	10	0.148364
NR_125389.1	2029	1801.29	0	0
NR_125390.1	2218	1990.29	0	0
NR_125391.1	977	749.293	0	0
NR_125393.1	516	294.675	0	0
NR_125394.2	1533	1305.29	32.2782	1.11287
NR_125395.1	796	568.487	0	0
NR_125396.1	522	300.222	1.63536	0.24514
NR_125397.1	1230	1002.29	0	0
NR_125398.1	2358	2130.29	27.0353	0.571128
NR_125399.1	406	196.92	0	0
NR_125400.1	502	281.791	12	1.91645
NR_125401.1	346	149.65	0	0
NR_125402.1	1195	967.293	0	0
NR_125403.1	910	682.293	0	0
NR_125404.1	872	644.427	0	0
NR_125405.1	621	395.338	2	0.227669
NR_125406.2	1634	1406.29	0	0
NR_125407.1	760	532.648	0	0
NR_125408.2	2577	2349.29	0	0
NR_125409.1	1832	1604.29	20.3759	0.571576
NR_125410.1	626	400.259	0	0
NR_125415.1	743	515.753	8	0.698057
NR_125416.1	585	360.171	0	0
NR_125417.1	561	336.904	0	0
NR_125418.1	456	239.672	0	0
NR_125419.1	1973	1745.29	0	0
NR_125420.1	1175	947.293	1.02132	0.04852
NR_125421.1	1422	1194.29	0	0
NR_125422.1	1055	827.293	2	0.108796
NR_125423.1	1705	1477.29	0	0
NR_125424.1	582	357.279	2	0.251921
NR_125425.1	682	455.179	0	0
NR_125426.1	621	395.338	5	0.569172
NR_125427.1	2096	1868.29	0	0
NR_125428.1	990	762.293	0	0
NR_125429.1	2309	2081.29	11.0164	0.238203
NR_125430.1	451	235.213	1	0.191329
NR_125431.1	715	487.852	7.45419	0.687631
NR_125432.1	445	230.083	0	0
NR_125433.1	3891	3663.29	1.00006	0.0122856
NR_125434.1	2598	2370.29	88.0591	1.67192
NR_125435.2	1477	1249.29	13.3024	0.479188
NR_125440.2	2919	2691.29	214.661	3.5895
NR_125441.2	1760	1532.29	38.0187	1.1166
NR_125715.1	1370	1142.29	0	0
NR_125716.2	1501	1273.29	1	0.0353438
NR_125717.2	8181	7953.29	0	0
NR_125718.1	3983	3755.29	3.61516	0.0433237
NR_125719.1	3295	3067.29	4.40938	0.0646941
NR_125724.1	623	397.299	9.07731	1.02821
NR_125725.1	779	551.487	0	0
NR_125727.1	1989	1761.29	28.8422	0.736951
NR_125728.1	1836	1608.29	20.7667	0.58109
NR_125729.1	1791	1563.29	0	0
NR_125730.1	107	17.0159	43.8705	116.027
NR_125732.2	1810	1582.29	109.817	3.12339
NR_125733.1	1143	915.293	0	0
NR_125734.1	1063	835.293	0	0
NR_125735.1	988	760.293	0	0
NR_125736.1	738	510.753	0	0
NR_125737.2	536	313.414	0	0
NR_125738.1	655	428.76	13.4971	1.41667
NR_125739.1	2973	2745.29	37.4624	0.614114
NR_125740.1	1073	845.293	0	0
NR_125745.1	405	196.152	0	0
NR_125746.1	660	433.717	0	0
NR_125747.1	760	532.648	159	13.4338
NR_125748.1	786	558.487	0	0
NR_125749.1	862	634.427	39.4017	2.79496
NR_125750.1	777	549.487	32.6477	2.67385
NR_125751.1	660	433.717	16.9506	1.75881
NR_125752.1	1047	819.293	1.00058	0.0549609
NR_125753.1	731	503.753	0	0
NR_125754.1	443	228.322	5	0.985518
NR_125755.2	647	420.888	110.181	11.781
NR_125756.2	480	261.78	6.94523	1.19397
NR_125757.1	429	216.04	0	0
NR_125758.1	905	677.361	0	0
NR_125759.1	586	361.171	0	0
NR_125760.1	732	504.753	8	0.71327
NR_125761.1	560	336.006	9	1.20542
NR_125762.1	541	318.158	2	0.282897
NR_125763.1	613	387.495	0	0
NR_125764.2	765	537.541	1.4501	0.121403
NR_125765.1	527	304.945	0	0
NR_125766.1	943	715.293	0	0
NR_125767.1	583	358.243	19.8469	2.4932
NR_125768.1	504	283.647	9.15307	1.45222
NR_125769.1	602	376.687	1.00143	0.119641
NR_125770.1	927	699.293	0	0
NR_125771.1	535	312.445	0	0
NR_125772.1	636	410.055	0	0
NR_125774.1	737	509.753	0.267376	0.023605
NR_125775.1	944	716.293	3	0.188483
NR_125776.1	1008	780.293	4	0.230698
NR_125777.1	1183	955.293	0	0
NR_125783.1	1040	812.293	0	0
NR_125784.1	420	208.678	0	0
NR_125785.1	462	244.971	0	0
NR_125786.1	706	478.9	2.00072	0.188012
NR_125787.1	669	442.629	0	0
NR_125788.1	565	340.768	0	0
NR_125789.1	779	551.487	0	0
NR_125790.1	553	329.241	0	0
NR_125791.1	824	596.427	0	0
NR_125792.2	5442	5214.29	0	0
NR_125793.1	601	375.763	2.77661	0.332539
NR_125795.1	319	130.608	11.8371	4.07864
NR_125796.1	1011	783.293	11	0.63199
NR_125797.1	563	338.802	0	0
NR_125801.1	793	565.487	20	1.59166
NR_125802.1	2697	2469.29	0	0
NR_125803.1	843	615.427	0	0
NR_125804.1	1612	1384.29	0	0
NR_125805.1	748	520.701	22	1.90141
NR_125806.1	1095	867.293	1	0.0518891
NR_125808.1	887	659.427	0	0
NR_125809.1	948	720.293	0	0
NR_125810.1	1622	1394.29	0	0
NR_125813.1	2643	2415.29	71.1884	1.32642
NR_125814.1	2350	2122.29	0	0
NR_125815.1	2849	2621.29	0	0
NR_125816.1	2997	2769.29	0	0
NR_125817.1	1867	1639.29	0	0
NR_125818.1	1845	1617.29	0	0
NR_125819.1	5417	5189.29	0	0
NR_125820.1	973	745.293	0	0
NR_125821.1	2086	1858.29	8.17022	0.197862
NR_125822.1	1601	1373.29	58	1.90067
NR_125823.3	939	711.293	0	0
NR_125824.1	409	199.348	2.06133	0.465348
NR_125825.1	3222	2994.29	2.26313	0.034014
NR_125826.1	579	354.315	0	0
NR_125827.1	601	375.763	0	0
NR_125828.1	718	490.852	2	0.183367
NR_125829.1	650	423.846	0	0
NR_125830.1	196	56.3656	1	0.798414
NR_125831.1	665	438.717	1	0.102579
NR_125837.1	1350	1122.29	1.24805	0.050046
NR_125838.1	3811	3583.29	0	0
NR_125839.1	502	281.791	0	0
NR_125840.1	290	111.126	0	0
NR_125841.1	566	341.699	0	0
NR_125842.1	3168	2940.29	3.0009	0.0459307
NR_125843.1	1011	783.293	12	0.689444
NR_125844.1	328	136.811	0	0
NR_125845.1	2007	1779.29	3	0.075878
NR_125846.1	548	324.67	0	0
NR_125847.1	545	321.964	0	0
NR_125848.1	472	254.125	0	0
NR_125849.1	1828	1600.29	0	0
NR_125850.1	3614	3386.29	25.7511	0.342227
NR_125851.1	1058	830.293	0	0
NR_125852.1	1201	973.293	2.00005	0.0924783
NR_125853.1	399	191.106	0	0
NR_125854.1	676	449.451	0	0
NR_125855.1	693	466.041	0	0
NR_125856.1	577	352.35	2	0.255445
NR_125857.1	673	446.496	2.22883	0.224648
NR_125858.1	762	534.648	1	0.0841733
NR_125859.1	847	619.427	0	0
NR_125860.1	2190	1962.29	0	0
NR_125861.2	541	318.158	0	0
NR_125862.1	1548	1320.29	0	0
NR_125863.1	555	331.174	4	0.543558
NR_125864.1	2246	2018.29	21.2541	0.473916
NR_125865.1	2030	1802.29	0	0
NR_125866.1	843	615.427	0	0
NR_125867.1	525	303.13	0	0
NR_125868.1	898	670.361	1	0.0671326
NR_125869.1	492	272.443	0	0
NR_125872.1	551	327.472	0	0
NR_125873.1	772	544.487	0	0
NR_125874.1	804	576.487	0	0
NR_125875.1	604	378.687	0	0
NR_125876.1	570	345.561	0	0
NR_125877.1	424	212.011	3	0.636803
NR_125878.1	544	321.029	0	0
NR_125879.1	1666	1438.29	7.48848	0.234309
NR_125880.1	626	400.259	0	0
NR_125881.1	597	371.913	0	0
NR_125882.1	2081	1853.29	9	0.218545
NR_125883.1	664	437.717	0	0
NR_125884.1	630	404.218	2	0.222667
NR_125885.1	2841	2613.29	2.00005	0.0344425
NR_125886.1	1303	1075.29	3	0.125556
NR_125887.1	2520	2292.29	0	0
NR_125888.1	1088	860.293	0	0
NR_125889.1	1260	1032.29	0	0
NR_125890.2	535	312.445	0	0
NR_125892.1	2386	2158.29	1	0.0208512
NR_125893.1	669	442.629	6	0.610033
NR_125894.1	2121	1893.29	0	0
NR_125895.1	643	416.972	0	0
NR_125896.1	1328	1100.29	3.04776	0.124657
NR_125897.1	1536	1308.29	31.8648	1.09609
NR_125898.2	1130	902.293	0	0
NR_125900.1	1725	1497.29	0	0
NR_125901.1	1213	985.293	0	0
NR_125902.1	2404	2176.29	1	0.0206788
NR_125905.1	3353	3125.29	4.43386	0.063846
NR_125906.1	1705	1477.29	1.00117	0.0304987
NR_125907.1	1038	810.293	0	0
NR_125908.1	782	554.487	0	0
NR_125909.1	2838	2610.29	1.08956	0.0187847
NR_125910.1	672	445.496	0	0
NR_125911.1	630	404.218	2	0.222667
NR_125912.1	369	167.159	0	0
NR_125914.1	2410	2182.29	0	0
NR_125915.1	2355	2127.29	0	0
NR_125916.1	2215	1987.29	4.16349	0.0942839
NR_125918.1	1616	1388.29	2	0.0648322
NR_125919.1	1702	1474.29	3	0.0915756
NR_125920.1	1225	997.293	0	0
NR_125921.1	2802	2574.29	31.0143	0.542183
NR_125922.1	1042	814.293	0	0
NR_125923.1	498	278.077	4	0.647347
NR_125924.1	526	304.007	0	0
NR_125925.1	417	206.073	0	0
NR_125926.1	2968	2740.29	2	0.0328455
NR_125927.1	350	152.593	1	0.294922
NR_125928.1	3526	3298.29	5.24105	0.0715107
NR_125929.1	2810	2582.29	0	0
NR_125930.1	1571	1343.29	2.00076	0.0670295
NR_125931.1	1913	1685.29	1.52114	0.0406196
NR_125932.1	1506	1278.29	0	0
NR_125933.1	821	593.487	0	0
NR_125934.1	766	538.541	0	0
NR_125935.1	507	286.472	0	0
NR_125936.1	752	524.701	1	0.085769
NR_125937.1	449	233.505	1	0.192729
NR_125938.1	2101	1873.29	5	0.120118
NR_125939.1	369	167.159	0	0
NR_125940.1	591	366.025	0	0
NR_125941.1	543	320.029	0	0
NR_125942.1	478	259.941	3.00356	0.520001
NR_125943.1	657	430.76	0	0
NR_125944.1	1373	1145.29	0	0
NR_125945.1	905	677.361	1	0.0664388
NR_125946.1	2484	2256.29	0	0
NR_125947.1	1390	1162.29	77.0027	2.98148
NR_125948.1	2473	2245.29	6.47186e-07	1.29717e-08
NR_125949.1	2447	2219.29	5.5727	0.113004
NR_125950.1	398	190.353	0	0
NR_125951.2	414	203.726	0	0
NR_125952.1	784	556.487	4.6371	0.375003
NR_125953.1	677	450.406	3.3629	0.33601
NR_125954.1	1831	1603.29	0	0
NR_125955.1	427	214.584	0	0
NR_125956.2	615	389.417	1.0828	0.125135
NR_125957.1	798	570.487	0	0
NR_125958.1	649	422.846	13	1.38358
NR_125960.1	1835	1607.29	16	0.447989
NR_125961.1	592	367.025	3.90238	0.478494
NR_125962.1	614	388.495	12.2432	1.41824
NR_125963.1	2767	2539.29	5.47509	0.0970333
NR_125964.1	1805	1577.29	0	0
NR_125965.1	1902	1674.29	0	0
NR_125966.1	553	329.241	0	0
NR_125967.1	1039	811.293	5.35303	0.296937
NR_125968.1	744	516.753	11.7103	1.01983
NR_125969.1	1411	1183.29	0	0
NR_125970.1	578	353.315	0	0
NR_125971.2	1925	1697.29	6.75276	0.179047
NR_125972.1	472	254.125	0	0
NR_125973.1	437	223.004	0	0
NR_125974.1	2519	2291.29	108.816	2.13724
NR_125975.1	1863	1635.29	17.1381	0.471639
NR_125976.1	1485	1257.29	7.84555	0.280821
NR_125977.1	1241	1013.29	39.1476	1.73865
NR_125978.1	490	270.61	1	0.166302
NR_125979.1	641	415.014	11.2224	1.21693
NR_125980.3	4087	3859.29	103.196	1.20337
NR_125981.3	3708	3480.29	0.00165905	2.1453e-05
NR_125982.1	563	338.802	0	0
NR_125983.1	536	313.414	0	0
NR_125984.1	415	204.487	0	0
NR_125985.1	333	140.38	0	0
NR_125986.1	469	251.307	0	0
NR_125987.1	359	159.675	0	0
NR_125988.1	575	350.386	0	0
NR_125989.1	423	211.123	14	2.98425
NR_125991.1	813	585.487	0	0
NR_125992.1	461	244.098	0	0
NR_125993.1	332	139.579	0	0
NR_125994.1	1194	966.293	0	0
NR_125995.1	902	674.361	0	0
NR_125996.1	892	664.361	1	0.0677389
NR_125997.1	378	174.332	5	1.29073
NR_125998.1	497	277.191	0	0
NR_125999.1	694	467.041	3	0.289073
NR_126000.1	1868	1640.29	2.09035	0.0573509
NR_126001.1	677	450.406	0	0
NR_126002.1	542	319.126	3	0.423059
NR_126003.1	435	221.33	1	0.203331
NR_126004.1	2749	2521.29	5	0.089246
NR_126005.1	3808	3580.29	1	0.0125697
NR_126006.1	418	206.92	0	0
NR_126007.1	571	346.526	0	0
NR_126008.1	4083	3855.29	5.0015	0.0583828
NR_126009.1	644	417.93	0	0
NR_126010.1	1752	1524.29	0	0
NR_126011.1	888	660.427	0	0
NR_126012.1	4486	4258.29	5.27217	0.0557181
NR_126015.1	3162	2934.29	0	0
NR_126016.1	1321	1093.29	116.699	4.80368
NR_126017.1	1239	1011.29	54.19	2.41148
NR_126018.1	1226	998.293	0	0
NR_126019.1	1308	1080.29	3.47599	0.144803
NR_126020.1	2050	1822.29	0	0
NR_126021.1	1953	1725.29	0	0
NR_126022.1	990	762.293	47.9868	2.83297
NR_126023.1	946	718.293	69.5181	4.35551
NR_126024.1	573	348.421	0	0
NR_126025.1	4650	4422.29	0	0
NR_126026.1	4363	4135.29	2	0.0217654
NR_126027.1	780	552.487	2.00667	0.163455
NR_126028.1	519	297.525	0	0
NR_126029.1	2277	2049.29	0	0
NR_126031.1	1198	970.293	0	0
NR_126032.3	1973	1745.29	17.4565	0.450122
NR_126034.4	1218	990.293	7.00192	0.318197
NR_126035.2	570	345.561	5.07436	0.660845
NR_126036.2	2439	2211.29	41.9122	0.852976
NR_126037.2	2387	2159.29	4.45071	0.0927599
NR_126038.1	6953	6725.29	6.00597	0.0401896
NR_126040.1	2337	2109.29	0	0
NR_126041.1	292	112.493	4.64704	1.85905
NR_126044.1	2357	2129.29	3.96684	0.0838401
NR_126045.1	1633	1405.29	2.46547	0.078954
NR_126046.1	1064	836.293	25.7962	1.38816
NR_126047.1	2259	2031.29	17.025	0.377186
NR_126048.2	2275	2047.29	4.27852	0.0940494
NR_126049.1	1424	1196.29	6.68459	0.251466
NR_126050.1	522	300.222	0	0
NR_126051.2	4383	4155.29	68.9925	0.74721
NR_126054.1	574	349.421	0	0
NR_126055.1	5995	5767.29	0	0
NR_126056.2	3538	3310.29	264.543	3.59643
NR_126057.1	1201	973.293	0	0
NR_126059.1	2528	2300.29	122.836	2.40317
NR_126060.2	2028	1800.29	5.20821	0.130193
NR_126061.2	2082	1854.29	0	0
NR_126062.1	2573	2345.29	0	0
NR_126093.1	3496	3268.29	118.671	1.63405
NR_126094.2	1281	1053.29	0	0
NR_126098.2	1162	934.293	0	0
NR_126102.2	1420	1192.29	36.7981	1.38894
NR_126103.2	1278	1050.29	12.5602	0.538181
NR_126105.2	1270	1042.29	5.43437	0.23464
NR_126106.2	1021	793.293	0	0
NR_126152.1	2464	2236.29	1.06248	0.0213812
NR_126155.2	908	680.293	33.0122	2.18384
NR_126159.1	678	451.406	0	0
NR_126161.1	961	733.293	0	0
NR_126166.1	1893	1665.29	1.9233	0.0519754
NR_126167.1	563	338.802	14	1.85962
NR_126168.1	1841	1613.29	6.87986	0.191915
NR_126169.1	2926	2698.29	1.01063	0.0168556
NR_126324.1	575	350.386	0	0
NR_126326.1	1550	1322.29	0	0
NR_126327.2	3969	3741.29	219.46	2.63983
NR_126328.2	3189	2961.29	4.93964	0.0750682
NR_126330.2	4088	3860.29	41.39	0.482522
NR_126331.1	529	306.759	0	0
NR_126332.1	486	266.912	1	0.168606
NR_126333.1	927	699.293	0	0
NR_126334.1	683	456.134	4	0.394648
NR_126335.1	578	353.315	1	0.127374
NR_126336.1	815	587.487	13	0.995835
NR_126337.1	2117	1889.29	0	0
NR_126338.1	884	656.427	0	0
NR_126339.1	807	579.487	11	0.854263
NR_126340.1	756	528.701	0	0
NR_126341.1	423	211.123	0	0
NR_126342.1	640	414.014	5.47777	0.595431
NR_126343.1	886	658.427	9.52223	0.650838
NR_126344.1	1385	1157.29	47.5871	1.85049
NR_126345.1	657	430.76	1.00108	0.104587
NR_126346.1	781	553.487	0	0
NR_126347.1	779	551.487	6	0.489619
NR_126348.1	571	346.526	0	0
NR_126349.1	448	232.626	0	0
NR_126350.1	294	113.843	0	0
NR_126351.1	662	435.717	0	0
NR_126352.1	500	280.02	0	0
NR_126353.1	535	312.445	0	0
NR_126354.1	568	343.63	0	0
NR_126355.1	869	641.427	2	0.140322
NR_126356.1	648	421.846	0	0
NR_126358.2	1485	1257.29	0	0
NR_126359.1	832	604.427	1	0.0744557
NR_126360.1	311	124.914	0	0
NR_126361.1	425	212.877	1	0.211405
NR_126362.1	563	338.802	1	0.13283
NR_126363.1	574	349.421	0	0
NR_126364.1	2447	2219.29	14	0.283894
NR_126365.1	1234	1006.29	1	0.0447216
NR_126366.1	958	730.293	5.78803	0.356678
NR_126367.1	534	311.445	3.19672	0.461919
NR_126368.1	553	329.241	3.01524	0.412146
NR_126369.1	610	384.573	0	0
NR_126370.1	540	317.191	0	0
NR_126371.1	594	368.988	0	0
NR_126372.1	697	469.994	0	0
NR_126373.1	321	132.144	1	0.34056
NR_126374.1	504	283.647	0	0
NR_126376.1	950	722.293	2	0.124612
NR_126377.1	2359	2131.29	0	0
NR_126378.1	729	501.753	23.0046	2.06333
NR_126379.1	715	487.852	0	0
NR_126380.1	431	217.835	0	0
NR_126381.1	447	231.819	0	0
NR_126382.1	579	354.315	0	0
NR_126383.1	631	405.178	0	0
NR_126384.1	654	427.803	0	0
NR_126385.1	391	184.59	1	0.2438
NR_126386.1	496	276.219	0	0
NR_126387.1	439	224.747	0	0
NR_126388.1	711	483.852	0	0
NR_126389.1	596	370.951	3.04831	0.369816
NR_126390.1	3939	3711.29	6.8074	0.0825465
NR_126391.1	316	128.304	1	0.350753
NR_126392.1	618	392.338	0	0
NR_126393.2	659	432.717	87.4304	9.09287
NR_126394.2	698	470.947	0	0
NR_126395.2	488	268.748	9.25523	1.54983
NR_126396.1	496	276.219	1.01733	0.16575
NR_126397.1	536	313.414	0	0
NR_126398.1	2110	1882.29	26.4486	0.632349
NR_126399.1	1919	1691.29	22.575	0.600691
NR_126400.1	722	494.802	0	0
NR_126401.1	518	296.555	0	0
NR_126402.1	474	256.047	0	0
NR_126403.1	772	544.487	0	0
NR_126404.1	1131	903.293	1.01835	0.0507356
NR_126405.1	844	616.427	0	0
NR_126406.1	685	458.134	0	0
NR_126407.1	548	324.67	1	0.138612
NR_126408.1	580	355.279	0	0
NR_126409.1	693	466.041	0	0
NR_126410.1	507	286.472	0	0
NR_126411.1	2585	2357.29	27.0146	0.515735
NR_126412.1	570	345.561	0	0
NR_126413.1	450	234.286	0	0
NR_126414.1	523	301.192	0	0
NR_126415.1	588	363.135	0	0
NR_126416.1	429	216.04	0	0
NR_126417.1	499	279.049	3	0.48382
NR_126418.1	892	664.361	44	2.98051
NR_126419.1	730	502.753	25.5832	2.29004
NR_126420.1	754	526.701	0	0
NR_126421.2	786	558.487	1.7335	0.139686
NR_126422.1	545	321.964	0	0
NR_126423.1	651	424.846	13.0378	1.38107
NR_126424.1	455	238.796	2	0.376917
NR_126425.1	379	175.043	0	0
NR_126431.2	1402	1174.29	104.215	3.9939
NR_126432.2	1173	945.293	57.0864	2.71774
NR_126434.1	542	319.126	0	0
NR_126435.1	4672	4444.29	15.4912	0.156864
NR_126437.1	694	467.041	0	0
NR_126438.1	477	258.967	0	0
NR_126440.2	356	157.501	0	0
NR_126441.1	734	506.753	2.05654	0.182635
NR_126442.1	1223	995.293	21.8444	0.987715
NR_126445.2	1108	880.293	115.8	5.92001
NR_126446.1	1293	1065.29	6.83156	0.288598
NR_126447.1	562	337.904	5.85052	0.779189
NR_126448.1	2564	2336.29	0	0
NR_126449.1	2390	2162.29	15.7291	0.327365
NR_126450.2	420	208.678	0	0
NR_126452.2	1428	1200.29	0	0
NR_126453.2	4925	4697.29	10.7119	0.102626
NR_126463.1	728	500.753	0	0
NR_126465.1	1516	1288.29	12.0314	0.420284
NR_126466.1	650	423.846	6.18889	0.657123
NR_126467.1	788	560.487	4.34689	0.349024
NR_126469.1	498	278.077	0	0
NR_126470.1	549	325.637	3	0.4146
NR_126473.1	419	207.876	0	0
NR_126480.1	1201	973.293	7.00708	0.323993
NR_126481.1	1021	793.293	1.2605	0.0715076
NR_126482.1	2066	1838.29	0.603822	0.0147821
NR_126487.1	484	265.13	0	0
NR_126491.1	876	648.427	0	0
NR_126496.1	4835	4607.29	24.4241	0.23857
NR_126497.1	2102	1874.29	6.73777	0.161778
NR_126498.1	2729	2501.29	5.75106	0.103473
NR_126499.1	1307	1079.29	6.40252	0.266965
NR_126500.1	4521	4293.29	13.1112	0.137434
NR_126501.1	490	270.61	0	0
NR_126502.2	1685	1457.29	2.85936	0.0883008
NR_126503.2	917	689.293	0	0
NR_126504.1	706	478.9	0	0
NR_126505.2	335	141.797	0	0
NR_126507.1	1186	958.293	2	0.0939234
NR_126508.2	1362	1134.29	21.681	0.860194
NR_126510.2	1520	1292.29	494.338	17.2149
NR_126511.2	1654	1426.29	706.398	22.2886
NR_126512.1	1530	1302.29	0	0
NR_126513.1	1083	855.293	0	0
NR_126514.1	1180	952.293	0	0
NR_126515.1	604	378.687	0	0
NR_126516.2	1451	1223.29	2.75151	0.101224
NR_126517.1	909	681.293	3	0.198166
NR_126518.1	888	660.427	0	0
NR_126519.1	797	569.487	0	0
NR_126520.2	1223	995.293	43.3948	1.96213
NR_126521.2	1219	991.293	10.7824	0.489505
NR_126522.1	1337	1109.29	76	3.08326
NR_126523.1	2810	2582.29	1.12408	0.0195901
NR_126524.1	1335	1107.29	0	0
NR_126525.1	1018	790.293	0	0
NR_126526.2	1815	1587.29	25.1365	0.712672
NR_126527.2	1183	955.293	7.01782e-08	3.30604e-09
NR_126528.2	1455	1227.29	0	0
NR_126530.2	1464	1236.29	0	0
NR_126532.3	7642	7414.29	0	0
NR_126534.2	6294	6066.29	13.8646	0.102855
NR_126542.2	1052	824.293	0	0
NR_126557.1	279	103.985	0	0
NR_126559.1	984	756.293	0	0
NR_126560.1	2055	1827.29	0	0
NR_126561.1	1796	1568.29	3.73125	0.10707
NR_126564.1	574	349.421	0	0
NR_126565.1	660	433.717	0	0
NR_126566.2	1337	1109.29	0	0
NR_126580.1	2423	2195.29	28.7085	0.588519
NR_128707.1	65	17.8776	0	0
NR_128708.1	66	18.52	0	0
NR_128709.1	84	15.6223	1.25	3.60086
NR_128710.1	85	15.5396	0	0
NR_128711.1	180	47.9827	0	0
NR_128712.1	65	17.8776	0.25	0.629324
NR_128713.1	65	17.8776	0.25	0.629324
NR_128715.1	92	14.5444	0.5	1.54709
NR_128716.1	92	14.5444	0.5	1.54709
NR_128717.1	92	14.5444	0.5	1.54709
NR_128718.1	86	16.0191	0	0
NR_128719.1	72	16.5875	0	0
NR_128720.1	68	17.931	3.5	8.78426
NR_128721.1	82	16.1887	0	0
NR_130106.2	1965	1737.29	0	0
NR_130107.1	1913	1685.29	10.4888	0.280087
NR_130108.2	3523	3295.29	0	0
NR_130110.2	1050	822.293	9.96302	0.545264
NR_130112.2	1056	828.293	27.0999	1.4724
NR_130113.2	961	733.293	0	0
NR_130114.2	952	724.293	21.6816	1.34716
NR_130117.2	2879	2651.29	25.1428	0.426774
NR_130118.2	1473	1245.29	54.7671	1.9792
NR_130119.2	1470	1242.29	165.078	5.9801
NR_130120.2	1404	1176.29	9.07539	0.34721
NR_130121.2	2356	2128.29	0	0
NR_130122.2	2329	2101.29	20.5312	0.439714
NR_130123.2	1105	877.293	13.2139	0.677842
NR_130125.2	1794	1566.29	0	0
NR_130126.2	1423	1195.29	0	0
NR_130127.2	1025	797.293	40.1574	2.26668
NR_130130.2	2385	2157.29	5.77069	0.120382
NR_130131.2	2478	2250.29	0	0
NR_130132.2	2319	2091.29	19.5045	0.419722
NR_130134.2	1339	1111.29	0	0
NR_130135.2	2478	2250.29	13.9308	0.278599
NR_130136.2	11339	11111.3	111.245	0.450565
NR_130138.2	3070	2842.29	511.71	8.1021
NR_130139.1	3012	2784.29	279.615	4.51947
NR_130140.2	2765	2537.29	90.8876	1.61204
NR_130142.2	8511	8283.29	17.8937	0.0972164
NR_130143.2	1031	803.293	0	0
NR_130144.2	693	466.041	7.10136	0.68574
NR_130145.1	850	622.427	8.92525	0.645318
NR_130149.2	735	507.753	0	0
NR_130151.2	911	683.293	25.2766	1.66477
NR_130152.2	2186	1958.29	2702.5	62.1054
NR_130153.2	2943	2715.29	0	0
NR_130154.2	6957	6729.29	432.678	2.89359
NR_130156.2	2509	2281.29	61.1594	1.20649
NR_130165.2	444	229.227	0	0
NR_130168.3	4083	3855.29	46.0201	0.537196
NR_130169.3	3029	2801.29	0	0
NR_130172.1	979	751.293	9.5	0.569058
NR_130179.1	510	289.15	0	0
NR_130317.2	1917	1689.29	0	0
NR_130459.1	84	15.6223	0	0
NR_130460.1	83	15.7086	1	2.86487
NR_130461.1	74	16.0532	0	0
NR_130462.1	73	16.0795	2	5.59756
NR_130463.1	84	15.6223	0	0
NR_130464.1	101	15.5262	0	0
NR_130465.1	90	14.5182	0	0
NR_130466.1	70	16.7714	0	0
NR_130467.1	78	15.0992	0	0
NR_130468.1	60	18.9714	0	0
NR_130469.1	88	15.1865	0	0
NR_130470.1	91	14.4116	0	0
NR_130638.2	786	558.487	0	0
NR_130642.2	4427	4199.29	0	0
NR_130643.2	1760	1532.29	0	0
NR_130649.2	3046	2818.29	24.8205	0.396338
NR_130699.1	1494	1266.29	27.495	0.977151
NR_130700.1	1266	1038.29	3.45002	0.149535
NR_130701.1	1419	1191.29	30.4502	1.15031
NR_130702.1	1370	1142.29	3.0844	0.121517
NR_130703.2	1600	1372.29	14.3395	0.470251
NR_130704.1	717	489.852	64.2889	5.90627
NR_130705.2	950	722.293	0	0
NR_130706.2	3958	3730.29	0	0
NR_130707.4	3779	3551.29	8.93072	0.113173
NR_130709.2	1913	1685.29	1.96341	0.0524297
NR_130710.2	7085	6857.29	0	0
NR_130711.2	759	531.648	0	0
NR_130712.2	3965	3737.29	21.2564	0.255961
NR_130713.2	2489	2261.29	0	0
NR_130714.2	1490	1262.29	0	0
NR_130715.2	1748	1520.29	0	0
NR_130720.3	3793	3565.29	0	0
NR_130721.1	1085	857.293	0	0
NR_130722.1	1925	1697.29	0	0
NR_130723.1	1896	1668.29	0	0
NR_130724.1	1264	1036.29	0	0
NR_130726.1	2052	1824.29	3	0.0740063
NR_130727.1	3613	3385.29	0	0
NR_130728.1	1093	865.293	39.5969	2.0594
NR_130729.1	899	671.361	27.2484	1.82653
NR_130730.1	2101	1873.29	0	0
NR_130731.2	1793	1565.29	30.3739	0.873268
NR_130732.2	1706	1478.29	16.7041	0.508515
NR_130733.1	380	175.793	36.8689	9.43847
NR_130734.2	766	538.541	5.20614	0.43505
NR_130735.1	1039	811.293	0	0
NR_130736.1	2038	1810.29	0	0
NR_130737.1	1949	1721.29	5.05638	0.132199
NR_130738.1	583	358.243	2	0.251243
NR_130739.2	1997	1769.29	1724.74	43.8699
NR_130740.1	2877	2649.29	58.6542	0.996349
NR_130741.1	1931	1703.29	5.67628	0.149974
NR_130742.1	1881	1653.29	13.1997	0.359301
NR_130744.3	2674	2446.29	78.4893	1.44392
NR_130745.1	1892	1664.29	333.036	9.00542
NR_130746.2	1563	1335.29	4.37474	0.147441
NR_130747.2	4248	4020.29	23.0892	0.25846
NR_130748.1	2468	2240.29	0	0
NR_130749.1	3021	2793.29	47.2155	0.760695
NR_130750.2	1187	959.293	24.4175	1.14549
NR_130751.1	965	737.293	0	0
NR_130752.1	964	736.293	0	0
NR_130753.1	956	728.293	0	0
NR_130754.2	1204	976.293	32.9801	1.52025
NR_130755.2	2179	1951.29	28.733	0.662675
NR_130756.2	2364	2136.29	0	0
NR_130757.2	1981	1753.29	0	0
NR_130758.2	4188	3960.29	0	0
NR_130759.2	5336	5108.29	11.7159	0.103215
NR_130760.2	1446	1218.29	1.87765	0.0693594
NR_130761.2	3477	3249.29	0	0
NR_130762.2	3471	3243.29	86.4555	1.19963
NR_130763.1	1541	1313.29	4	0.137069
NR_130764.2	2076	1848.29	0	0
NR_130765.1	1969	1741.29	5.81954	0.150404
NR_130766.1	1861	1633.29	0	0
NR_130768.1	1392	1164.29	2.28755	0.08842
NR_130770.1	340	145.187	2	0.619934
NR_130771.1	5438	5210.29	0	0
NR_130772.1	5345	5117.29	0	0
NR_130773.1	816	588.487	0	0
NR_130774.1	719	491.852	0	0
NR_130776.1	473	255.047	0	0
NR_130777.1	2073	1845.29	1.02273	0.0249424
NR_130778.1	2427	2199.29	18.7878	0.384445
NR_130779.1	1557	1329.29	0	0
NR_130780.1	849	621.427	0	0
NR_130782.1	413	202.921	0	0
NR_130783.2	1947	1719.29	0	0
NR_130784.1	1765	1537.29	1	0.0292742
NR_130785.1	2033	1805.29	0	0
NR_130786.2	1446	1218.29	28.0862	1.03749
NR_130787.2	1356	1128.29	65.0304	2.5938
NR_130789.2	5602	5374.29	412.995	3.45832
NR_130790.2	5752	5524.29	395.624	3.22291
NR_130792.1	645	418.93	0	0
NR_130894.1	718	490.852	0	0
NR_130896.2	6739	6511.29	67.3225	0.465302
NR_130897.2	609	383.573	41.6887	4.89117
NR_130898.2	3585	3357.29	921.827	12.3567
NR_130899.2	883	655.427	100.663	6.91172
NR_130900.2	2518	2290.29	7.81893	0.153638
NR_130905.2	4279	4051.29	0	0
NR_130906.2	4073	3845.29	77.2723	0.90435
NR_130908.2	1257	1029.29	52.4282	2.29228
NR_130909.2	2669	2441.29	0	0
NR_130910.2	4681	4453.29	0	0
NR_130911.2	2106	1878.29	43.4552	1.04117
NR_130913.2	455	238.796	0	0
NR_130914.1	2898	2670.29	7.27925	0.122679
NR_130915.1	3885	3657.29	0	0
NR_130916.1	1746	1518.29	19.2109	0.569423
NR_130917.1	1718	1490.29	0	0
NR_130918.1	1495	1267.29	1	0.0355112
NR_130919.1	1649	1421.29	0	0
NR_130920.1	1666	1438.29	0	0
NR_130921.2	1997	1769.29	0	0
NR_130922.1	1996	1768.29	0	0
NR_130923.1	1975	1747.29	37	0.952968
NR_130924.1	2325	2097.29	0	0
NR_130925.1	2028	1800.29	0	0
NR_130926.2	1533	1305.29	147.685	5.09179
NR_130927.2	1597	1369.29	0.127785	0.00419978
NR_130928.2	1516	1288.29	1083.49	37.8487
NR_130929.1	5214	4986.29	10.0142	0.090382
NR_130930.1	1845	1617.29	6.15712	0.171329
NR_130931.1	1679	1451.29	7.69327	0.23856
NR_130933.1	1802	1574.29	2.56612	0.0733558
NR_130934.1	2122	1894.29	2.08117	0.0494427
NR_130935.1	2431	2203.29	0	0
NR_130936.2	1000	772.293	4.00646	0.233464
NR_130937.2	1005	777.293	12.2539	0.709469
NR_130938.2	1009	781.293	67.0769	3.86368
NR_130939.2	1157	929.293	9.46684	0.458453
NR_130940.1	668	441.629	60.2206	6.13663
NR_130941.2	7965	7737.29	24.5734	0.142928
NR_130942.2	1169	941.293	0	0
NR_130943.2	718	490.852	0	0
NR_130944.2	5865	5637.29	84.1462	0.671747
NR_130945.2	5444	5216.29	364.508	3.14476
NR_130946.2	5338	5110.29	320.789	2.82499
NR_130947.2	5242	5014.29	19.7862	0.17758
NR_130948.2	2033	1805.29	0	0
NR_130949.2	1965	1737.29	8.1202	0.210347
NR_130950.2	1885	1657.29	0	0
NR_130951.2	808	580.487	0	0
NR_130953.2	1911	1683.29	0	0
NR_130954.3	1771	1543.29	0	0
NR_130963.2	1512	1284.29	86.6156	3.03511
NR_130967.3	2688	2460.29	17.4676	0.319513
NR_130968.3	2721	2493.29	0	0
NR_130972.2	1434	1206.29	22.4183	0.836356
NR_130975.2	1470	1242.29	19.984	0.723936
NR_130976.2	4666	4438.29	0.42361	0.00429529
NR_130977.2	4616	4388.29	0	0
NR_130978.2	4674	4446.29	109.326	1.10655
NR_130990.3	4233	4005.29	0	0
NR_131012.1	22743	22515.3	1701.03	3.39998
NR_131032.2	9223	8995.29	0	0
NR_131066.1	1159	931.293	0	0
NR_131091.3	1124	896.293	0	0
NR_131092.3	1040	812.293	0	0
NR_131157.1	2615	2387.29	29	0.546682
NR_131160.2	2224	1996.29	0	0
NR_131168.1	2434	2206.29	1	0.0203976
NR_131169.1	1348	1120.29	2	0.0803416
NR_131170.1	537	314.382	0	0
NR_131171.1	995	767.293	13	0.762473
NR_131175.2	3691	3463.29	25.0321	0.325275
NR_131176.2	3542	3314.29	62.6003	0.850018
NR_131177.2	3368	3140.29	67.6292	0.969185
NR_131178.2	3915	3687.29	0	0
NR_131179.2	2006	1778.29	16.3702	0.414278
NR_131180.2	1955	1727.29	0	0
NR_131184.1	937	709.293	1	0.0634478
NR_131185.1	1056	828.293	19.5703	1.0633
NR_131186.1	926	698.293	47.6692	3.07215
NR_131187.1	2239	2011.29	0	0
NR_131188.1	1399	1171.29	11.7402	0.45108
NR_131191.1	518	296.555	0	0
NR_131192.1	1726	1498.29	0	0
NR_131202.1	569	344.595	278	36.3059
NR_131203.1	446	230.915	0	0
NR_131204.1	509	288.355	0	0
NR_131205.1	463	245.87	0	0
NR_131213.1	250	85.998	0	0
NR_131214.1	504	283.647	0	0
NR_131215.1	498	278.077	2	0.323673
NR_131216.1	610	384.573	0	0
NR_131217.1	895	667.361	0	0
NR_131221.1	703	475.947	0.244248	0.0230948
NR_131222.1	728	500.753	0	0
NR_131223.2	2309	2081.29	1932.9	41.7944
NR_131224.2	1039	811.293	84.8096	4.70446
NR_131226.1	561	336.904	0	0
NR_131227.1	940	712.293	0	0
NR_131228.1	674	447.496	0	0
NR_131229.1	791	563.487	0.27228	0.0217458
NR_131233.1	608	382.573	0	0
NR_131234.1	652	425.803	0	0
NR_131235.1	699	471.947	0	0
NR_131236.1	652	425.803	0	0
NR_131237.1	571	346.526	0	0
NR_131238.1	2120	1892.29	4.00607	0.0952736
NR_131239.1	738	510.753	0	0
NR_131240.1	678	451.406	0	0
NR_131243.2	564	339.768	5	0.662262
NR_131244.1	593	367.988	1	0.122295
NR_131245.1	2003	1775.29	3.02548	0.0766949
NR_131246.1	909	681.293	4	0.264221
NR_131248.1	366	164.863	0	0
NR_131250.1	780	552.487	0	0
NR_131251.1	611	385.534	0	0
NR_131252.1	683	456.134	0	0
NR_131336.2	3645	3417.29	906.234	11.9344
NR_131337.2	3587	3359.29	0	0
NR_131338.2	3383	3155.29	46.0319	0.65654
NR_131339.2	1155	927.293	2.71934	0.131974
NR_131340.2	3721	3493.29	27.8011	0.358153
NR_131751.2	12410	12182.3	0	0
NR_131752.2	1280	1052.29	56.6043	2.42078
NR_131753.2	1267	1039.29	11.7351	0.50815
NR_131754.2	4414	4186.29	0	0
NR_131756.2	805	577.487	0	0
NR_131757.2	605	379.687	0	0
NR_131761.1	3895	3667.29	0.00358133	4.39482e-05
NR_131762.1	2624	2396.29	0	0
NR_131765.2	6255	6027.29	91.4753	0.683005
NR_131766.2	2272	2044.29	9.27161	0.204105
NR_131767.2	2155	1927.29	0	0
NR_131768.1	955	727.293	0	0
NR_131769.2	5909	5681.29	0	0
NR_131772.2	1868	1640.29	5.64823	0.154965
NR_131773.2	4169	3941.29	0	0
NR_131774.2	3983	3755.29	11.9613	0.143343
NR_131777.2	2167	1939.29	0	0
NR_131778.1	1759	1531.29	0	0
NR_131779.1	2390	2162.29	0	0
NR_131782.1	2502	2274.29	0	0
NR_131786.1	748	520.701	0	0
NR_131900.1	683	456.134	0	0
NR_131902.1	2906	2678.29	43	0.722525
NR_131903.1	583	358.243	0	0
NR_131905.1	2195	1967.29	0	0
NR_131906.1	510	289.15	0	0
NR_131907.1	1903	1675.29	140.38	3.771
NR_131919.1	561	336.904	0	0
NR_131923.1	567	342.699	2	0.262639
NR_131925.1	815	587.487	0	0
NR_131926.1	1071	843.293	1	0.0533659
NR_131935.1	1374	1146.29	21	0.824453
NR_131938.2	645	418.93	0	0
NR_131939.2	415	204.487	4	0.880311
NR_131941.1	413	202.921	0	0
NR_131942.1	769	541.541	0	0
NR_131944.1	372	169.412	0	0
NR_131946.1	1110	882.293	0	0
NR_131947.1	2343	2115.29	0	0
NR_131948.1	2229	2001.29	8	0.179896
NR_131950.1	789	561.487	0	0
NR_131951.1	581	356.279	0	0
NR_131958.1	2620	2392.29	0	0
NR_131959.1	2513	2285.29	2	0.039385
NR_131960.1	1624	1396.29	3.00666	0.096906
NR_131961.1	1583	1355.29	0	0
NR_131962.1	559	335.04	0	0
NR_131963.1	850	622.427	0	0
NR_131965.1	883	655.427	1	0.0686622
NR_131966.1	843	615.427	0	0
NR_131967.1	644	417.93	0	0
NR_131972.1	449	233.505	1	0.192729
NR_131977.1	1714	1486.29	0	0
NR_131982.1	569	344.595	6	0.783581
NR_131984.1	277	102.552	0	0
NR_131985.1	552	328.307	0	0
NR_131986.1	549	325.637	0	0
NR_132100.1	582	357.279	0	0
NR_132101.1	342	146.678	0	0
NR_132102.1	502	281.791	6	0.958223
NR_132103.1	3100	2872.29	47.8195	0.749236
NR_132104.1	2627	2399.29	9.17768	0.172144
NR_132105.1	756	528.701	0	0
NR_132114.1	357	158.178	243	69.1357
NR_132115.1	643	416.972	0	0
NR_132116.1	376	172.561	1	0.260796
NR_132117.1	2908	2680.29	41	0.688405
NR_132119.1	2947	2719.29	55.813	0.923679
NR_132124.1	470	252.282	4	0.713538
NR_132125.1	407	197.751	0	0
NR_132126.1	392	185.43	0	0
NR_132272.2	716	488.852	66.4654	6.11873
NR_132273.1	1075	847.293	0	0
NR_132278.1	119	20.6954	12	26.0945
NR_132279.1	565	340.768	0	0
NR_132311.2	4280	4052.29	0	0
NR_132312.2	3920	3692.29	0	0
NR_132313.1	3622	3394.29	0	0
NR_132315.1	846	618.427	240.096	17.4718
NR_132316.1	531	308.697	1.00304	0.146227
NR_132317.1	2116	1888.29	0	0
NR_132318.2	1038	810.293	0	0
NR_132319.2	968	740.293	0	0
NR_132320.1	1006	778.293	6.22557	0.35998
NR_132322.1	1368	1140.29	4	0.157865
NR_132323.1	1295	1067.29	1	0.0421656
NR_132337.1	336	142.48	0	0
NR_132338.2	1004	776.293	0	0
NR_132339.1	2460	2232.29	0	0
NR_132340.1	2309	2081.29	0	0
NR_132341.1	2332	2104.29	1.00111	0.02141
NR_132342.1	753	525.701	0	0
NR_132343.1	443	228.322	0	0
NR_132344.1	2662	2434.29	0	0
NR_132345.1	1454	1226.29	32.3322	1.18654
NR_132346.1	1175	947.293	25.7306	1.22239
NR_132348.1	252	87.2826	0	0
NR_132349.2	960	732.293	0	0
NR_132350.1	4068	3840.29	144.853	1.69748
NR_132351.2	3774	3546.29	317.463	4.02867
NR_132352.2	3690	3462.29	62.0844	0.806977
NR_132353.1	3918	3690.29	796.799	9.71696
NR_132354.1	3914	3686.29	13.0239	0.158998
NR_132355.2	3548	3320.29	365.877	4.95908
NR_132356.2	3736	3508.29	22.9011	0.293766
NR_132357.2	3649	3421.29	0	0
NR_132358.1	3664	3436.29	0	0
NR_132359.2	3506	3278.29	0	0
NR_132360.1	1176	948.293	1.06501	0.0505421
NR_132362.1	623	397.299	0	0
NR_132363.1	625	399.259	0	0
NR_132364.1	522	300.222	0	0
NR_132365.1	521	299.283	0	0
NR_132366.1	401	192.714	2	0.467045
NR_132367.1	800	572.487	0	0
NR_132368.1	819	591.487	0	0
NR_132369.1	548	324.67	6.21617	0.861635
NR_132370.1	443	228.322	3.78383	0.745806
NR_132371.1	304	120.29	0	0
NR_132372.1	434	220.399	2	0.408378
NR_132373.1	642	416.014	0	0
NR_132374.1	424	212.011	5	1.06134
NR_132375.1	441	226.512	0	0
NR_132376.1	331	138.909	1	0.323976
NR_132377.1	734	506.753	12.1661	1.08043
NR_132378.1	466	248.539	0	0
NR_132379.1	1207	979.293	1.14208	0.0524839
NR_132380.1	602	376.687	0	0
NR_132381.1	597	371.913	2	0.242008
NR_132382.1	540	317.191	3	0.425641
NR_132383.1	2180	1952.29	61	1.40614
NR_132384.1	584	359.207	0	0
NR_132385.2	1157	929.293	0	0
NR_132393.1	2783	2555.29	0	0
NR_132401.1	2155	1927.29	149.309	3.48642
NR_132402.1	2013	1785.29	39.6676	0.999928
NR_132403.1	2009	1781.29	0	0
NR_132404.1	2009	1781.29	5.74838	0.145229
NR_132405.1	2005	1777.29	0	0
NR_132406.1	1896	1668.29	0	0
NR_132407.1	1773	1545.29	55.4338	1.61438
NR_132408.1	1769	1541.29	0	0
NR_132409.1	1630	1402.29	14.3829	0.461584
NR_132410.1	1656	1428.29	7.11261	0.224106
NR_132411.1	596	370.951	0	0
NR_132412.1	1517	1289.29	49.9657	1.74406
NR_132413.1	1327	1099.29	0	0
NR_132414.1	1099	871.293	0	0
NR_132415.1	2246	2018.29	85.8778	1.91487
NR_132416.1	936	708.293	1	0.0635374
NR_132417.1	793	565.487	71.3514	5.67835
NR_132418.1	608	382.573	72.6486	8.54586
NR_132419.1	2392	2164.29	219.489	4.56393
NR_132420.1	2487	2259.29	9.23554	0.183964
NR_132421.1	2344	2116.29	0	0
NR_132422.1	1008	780.293	106	6.1135
NR_132426.2	3841	3613.29	257.804	3.21092
NR_132427.2	3686	3458.29	11.7665	0.153118
NR_132428.2	3014	2786.29	0	0
NR_132437.1	4518	4290.29	36.3665	0.381467
NR_132438.1	2842	2614.29	0	0
NR_132442.1	453	236.993	1.00456	0.190758
NR_132622.1	772	544.487	45.2745	3.74204
NR_132623.1	712	484.852	110.726	10.2774
NR_132647.2	2282	2054.29	17.8768	0.391625
NR_132652.1	2279	2051.29	0	0
NR_132656.1	1293	1065.29	0	0
NR_132659.2	2140	1912.29	0	0
NR_132660.2	5484	5256.29	0	0
NR_132730.2	1101	873.293	40.619	2.0932
NR_132731.1	1057	829.293	18.0769	0.980973
NR_132737.2	2831	2603.29	181.648	3.14015
NR_132738.1	1003	775.293	13.0728	0.758831
NR_132739.2	2868	2640.29	290.304	4.94816
NR_132740.2	2907	2679.29	9.23111	0.155051
NR_132741.2	4329	4101.29	0	0
NR_132742.1	4173	3945.29	847.121	9.66292
NR_132748.1	2331	2103.29	7	0.149775
NR_132749.2	6426	6198.29	0	0
NR_132752.1	114	19.0666	0	0
NR_132753.1	216	66.8958	5	3.36367
NR_132754.1	194	55.1975	1	0.81531
NR_132755.1	181	48.4869	5	4.64075
NR_132756.1	75	15.9406	2	5.64635
NR_132757.1	147	31.7551	1	1.41719
NR_132758.2	195	55.7944	14	11.2922
NR_132759.2	76	14.8793	14	42.3436
NR_132760.2	86	16.0191	2	5.61867
NR_132761.1	6641	6413.29	2.77564	0.0194771
NR_132762.1	148	32.2992	0	0
NR_132767.1	149	32.7812	1	1.37283
NR_132768.1	139	28.2339	0	0
NR_132769.1	222	70.1969	2	1.2822
NR_132770.1	171	43.4345	0	0
NR_132771.1	177	46.3929	0	0
NR_132772.1	175	45.4777	0	0
NR_132773.1	178	46.9587	0	0
NR_132774.1	242	81.454	18	9.94495
NR_132775.1	168	41.7172	2	2.15753
NR_132776.1	231	75.3292	1	0.597419
NR_132777.1	112	18.5095	0	0
NR_132778.1	113	18.7969	0	0
NR_132779.1	197	56.9235	0	0
NR_132780.1	1951	1723.29	109.195	2.85158
NR_132781.1	989	761.293	102.514	6.06002
NR_132782.1	131	24.9698	0	0
NR_132783.1	86	16.0191	0	0
NR_132784.1	139	28.2339	78.7681	125.551
NR_132785.1	499	279.049	5.19992	0.838608
NR_132786.1	1126	898.293	0	0
NR_132787.1	116	19.6979	0	0
NR_132788.1	116	19.6979	0	0
NR_132789.1	116	19.6979	0	0
NR_132790.1	6344	6116.29	4.53147	0.0333421
NR_132791.1	935	707.293	0	0
NR_132852.1	125	22.885	0	0
NR_132962.1	1804	1576.29	7.35696	0.210041
NR_132963.1	133	26.0376	0	0
NR_132964.1	128	23.852	4982	9399.87
NR_132966.1	216	66.8958	0	0
NR_132967.1	166	40.7947	0	0
NR_132968.1	846	618.427	0	0
NR_132969.1	1898	1670.29	67.9556	1.83094
NR_132970.1	1793	1565.29	25.4693	0.732257
NR_132971.1	1738	1510.29	23.7428	0.707477
NR_132972.1	105	16.2206	0	0
NR_132973.1	142	29.5449	0	0
NR_132974.1	146	31.2472	0	0
NR_132975.1	100	15.2776	0	0
NR_132976.1	79	15.3333	0	0
NR_132977.1	1951	1723.29	0	0
NR_132978.1	1918	1690.29	11	0.292869
NR_132979.2	120	21.1323	0	0
NR_132980.1	105	16.2206	0	0
NR_132981.1	105	16.2206	0	0
NR_132982.1	380	175.793	0	0
NR_132983.2	5404	5176.29	160.47	1.39514
NR_132984.2	5343	5115.29	96.3267	0.847458
NR_132985.1	411	201.028	0	0
NR_132986.1	2682	2454.29	0	0
NR_132987.1	2632	2404.29	1	0.0187178
NR_132988.1	483	264.32	11	1.87286
NR_132989.1	1935	1707.29	5	0.131797
NR_132990.2	2443	2215.29	0	0
NR_132991.1	974	746.293	0	0
NR_132992.1	703	475.947	0	0
NR_132993.1	656	429.76	1.00349	0.105082
NR_132994.1	2490	2262.29	107.429	2.13705
NR_132995.1	1944	1716.29	48.5319	1.27256
NR_132996.1	1763	1535.29	0	0
NR_132997.1	1029	801.293	0	0
NR_132998.1	697	469.994	2.89644	0.277341
NR_132999.1	4981	4753.29	190.385	1.80252
NR_133000.1	530	307.728	0.156499	0.0228868
NR_133001.2	4779	4551.29	0	0
NR_133002.2	4092	3864.29	0	0
NR_133003.2	4393	4165.29	0	0
NR_133004.1	524	302.192	0	0
NR_133005.2	1410	1182.29	0	0
NR_133006.1	1162	934.293	1	0.048168
NR_133007.2	3029	2801.29	0	0
NR_133008.1	417	206.073	0	0
NR_133009.2	3197	2969.29	51.2533	0.776804
NR_133012.2	1557	1329.29	26.533	0.898272
NR_133013.2	2071	1843.29	0	0
NR_133014.2	3291	3063.29	7.16308	0.105233
NR_133055.2	852	624.427	1.21181	0.087336
NR_133056.2	603	377.687	0	0
NR_133566.1	1158	930.293	0	0
NR_133569.1	2920	2692.29	14.0394	0.234676
NR_133571.1	1883	1655.29	1.01497	0.0275942
NR_133575.2	1217	989.293	20.641	0.938961
NR_133631.2	2015	1787.29	0	0
NR_133632.2	509	288.355	5.02426	0.784127
NR_133633.2	783	555.487	25.3233	2.05158
NR_133634.2	1248	1020.29	18.4375	0.81324
NR_133635.2	1417	1189.29	7.41771	0.280688
NR_133636.2	1558	1330.29	29.1908	0.98751
NR_133637.3	5935	5707.29	0	0
NR_133638.1	2521	2293.29	2.47392	0.0485476
NR_133639.1	1320	1092.29	0	0
NR_133640.1	1159	931.293	0	0
NR_133641.1	732	504.753	0	0
NR_133642.1	1059	831.293	0	0
NR_133643.1	719	491.852	0	0
NR_133644.2	2777	2549.29	70.2904	1.24085
NR_133645.2	1198	970.293	36.5355	1.69455
NR_133646.2	2971	2743.29	0	0
NR_133647.1	738	510.753	2.34098	0.206267
NR_133648.2	1076	848.293	4.00363	0.212398
NR_133651.1	1040	812.293	6	0.332415
NR_133652.1	4577	4349.29	0	0
NR_133653.2	904	676.361	0	0
NR_133654.2	2314	2086.29	65.3111	1.40881
NR_133656.2	1865	1637.29	114.456	3.14596
NR_133657.1	1996	1768.29	0	0
NR_133658.1	515	293.705	0	0
NR_133659.2	4559	4331.29	57.0845	0.593121
NR_133660.2	1415	1187.29	2	0.0758079
NR_133661.2	1479	1251.29	0	0
NR_133662.1	2772	2544.29	0	0
NR_133663.1	524	302.192	33.9932	5.06235
NR_133664.1	887	659.427	4.0416	0.275822
NR_133665.2	14200	13972.3	0	0
NR_133668.1	2605	2377.29	39.0504	0.739238
NR_133669.1	2670	2442.29	39.5819	0.729359
NR_133671.2	1985	1757.29	4.50336	0.115328
NR_133673.2	3296	3068.29	6.29966	0.0923979
NR_133674.1	527	304.945	3.38351e-07	4.9933e-08
NR_133675.1	523	301.192	8.02053	1.1984
NR_133677.1	422	210.345	0	0
NR_133678.1	422	210.345	0	0
NR_133679.2	2083	1855.29	60.6285	1.47064
NR_133680.2	4649	4421.29	10.7926	0.109855
NR_133682.1	765	537.541	0	0
NR_133897.2	3750	3522.29	44.4815	0.568324
NR_133898.2	3706	3478.29	87.3866	1.13063
NR_133907.1	552	328.307	0	0
NR_133908.2	3586	3358.29	11.6749	0.15645
NR_133909.2	3463	3235.29	13.3978	0.186365
NR_133910.2	1097	869.293	0	0
NR_133911.1	666	439.629	122.114	12.5004
NR_133913.1	581	356.279	3	0.378942
NR_133914.1	1964	1736.29	3.71146	0.0961976
NR_133915.3	3531	3303.29	0	0
NR_133916.2	2022	1794.29	0	0
NR_133917.2	1946	1718.29	0	0
NR_133918.2	2179	1951.29	0	0
NR_133919.2	2133	1905.29	0	0
NR_133920.2	1120	892.293	33.0495	1.66686
NR_133921.2	3646	3418.29	275.803	3.63104
NR_133922.3	2332	2104.29	0	0
NR_133923.2	319	130.608	32.3169	11.1353
NR_133924.2	3538	3310.29	0	0
NR_133925.1	9096	8868.29	376.704	1.91162
NR_133926.2	745	517.701	41.2811	3.58851
NR_133927.2	2381	2153.29	0	0
NR_133928.1	533	310.571	0	0
NR_133929.1	1179	951.293	0	0
NR_133930.1	822	594.427	0	0
NR_133931.1	457	240.449	0	0
NR_133932.1	602	376.687	2	0.238941
NR_133933.2	1387	1159.29	0	0
NR_133934.2	1964	1736.29	0	0
NR_133935.2	1939	1711.29	20.0284	0.526701
NR_133936.2	1920	1692.29	29.7653	0.791548
NR_133937.2	1737	1509.29	0	0
NR_133939.1	701	473.947	0	0
NR_133940.1	635	409.096	0	0
NR_133941.1	708	480.9	0	0
NR_133942.1	602	376.687	0	0
NR_133943.1	431	217.835	0	0
NR_133944.1	484	265.13	6	1.01844
NR_133945.1	295	114.56	0	0
NR_133946.1	530	307.728	1	0.146243
NR_133947.1	1756	1528.29	0	0
NR_133948.2	2879	2651.29	283.824	4.81763
NR_134027.2	2296	2068.29	10.8753	0.23663
NR_134113.2	1994	1766.29	0	0
NR_134233.1	730	502.753	0	0
NR_134234.2	3360	3132.29	0	0
NR_134235.1	533	310.571	6	0.869425
NR_134236.1	1718	1490.29	0	0
NR_134237.1	1642	1414.29	0	0
NR_134238.1	783	555.487	1	0.0810156
NR_134239.2	1644	1416.29	0	0
NR_134240.1	833	605.427	0	0
NR_134241.1	2501	2273.29	11.9925	0.237409
NR_134242.1	2031	1803.29	5.10198	0.127325
NR_134243.2	10848	10620.3	0	0
NR_134244.1	735	507.753	0	0
NR_134245.1	591	366.025	0	0
NR_134246.1	358	158.891	0	0
NR_134247.1	583	358.243	0	0
NR_134248.1	1208	980.293	1	0.0459078
NR_134249.1	2268	2040.29	0	0
NR_134250.1	525	303.13	1	0.148461
NR_134251.1	2016	1788.29	4.27579	0.107602
NR_134252.1	449	233.505	0	0
NR_134253.1	2156	1928.29	16.7755	0.391511
NR_134254.1	2029	1801.29	14.5873	0.364445
NR_134255.1	2246	2018.29	0	0
NR_134256.2	4390	4162.29	138.343	1.49577
NR_134257.1	2474	2246.29	21.056	0.421844
NR_134258.1	3759	3531.29	5	0.0637204
NR_134259.1	881	653.427	1.40843	0.0970022
NR_134260.1	792	564.487	1.07245	0.0854995
NR_134261.1	573	348.421	0	0
NR_134262.1	546	322.964	0	0
NR_134263.1	431	217.835	3.73325	0.77126
NR_134264.1	390	183.77	0	0
NR_134265.1	537	314.382	0	0
NR_134266.1	446	230.915	0	0
NR_134267.2	3754	3526.29	0	0
NR_134268.1	2597	2369.29	7.00406	0.133037
NR_134269.1	585	360.171	0	0
NR_134270.1	582	357.279	0	0
NR_134271.1	529	306.759	0	0
NR_134272.1	2590	2362.29	1	0.0190506
NR_134273.1	703	475.947	0	0
NR_134274.1	432	218.698	0	0
NR_134275.1	296	115.202	0	0
NR_134276.1	2474	2246.29	1	0.0200344
NR_134277.1	885	657.427	0	0
NR_134278.1	1612	1384.29	1	0.0325098
NR_134279.1	334	141.098	0	0
NR_134280.1	630	404.218	0	0
NR_134281.1	2591	2363.29	8.06493	0.153577
NR_134282.1	795	567.487	0	0
NR_134283.1	1490	1262.29	24	0.855644
NR_134284.2	2507	2279.29	0	0
NR_134285.2	3154	2926.29	0	0
NR_134286.1	1954	1726.29	0	0
NR_134287.1	836	608.427	0	0
NR_134288.1	1408	1180.29	0	0
NR_134289.1	971	743.293	0	0
NR_134290.1	780	552.487	0	0
NR_134291.1	2379	2151.29	0	0
NR_134292.1	1840	1612.29	0	0
NR_134293.1	528	305.914	24	3.53064
NR_134294.1	271	99.0818	0	0
NR_134295.1	628	402.259	0	0
NR_134297.1	1422	1194.29	1	0.0376818
NR_134298.2	3348	3120.29	56.1959	0.810497
NR_134299.2	2894	2666.29	12.6527	0.213559
NR_134300.2	2973	2745.29	10.7957	0.176972
NR_134301.1	2823	2595.29	319.43	5.539
NR_134302.1	1278	1050.29	264.795	11.346
NR_134303.1	1117	889.293	0	0
NR_134304.2	5436	5208.29	6.84777	0.0591692
NR_134305.1	513	291.914	0	0
NR_134306.1	1311	1083.29	0	0
NR_134307.1	1321	1093.29	4	0.164651
NR_134308.1	670	443.585	2	0.202906
NR_134310.1	826	598.427	0	0
NR_134311.1	501	280.906	0	0
NR_134312.1	479	260.887	0	0
NR_134313.1	534	311.445	0	0
NR_134314.1	507	286.472	0	0
NR_134315.1	659	432.717	0	0
NR_134316.2	987	759.293	0	0
NR_134317.1	524	302.192	0	0
NR_134318.2	880	652.427	67.6017	4.66302
NR_134319.1	538	315.318	0	0
NR_134320.1	823	595.427	0	0
NR_134321.1	684	457.134	0	0
NR_134322.1	827	599.427	10	0.750768
NR_134323.1	644	417.93	0	0
NR_134324.1	568	343.63	0	0
NR_134325.1	576	351.35	8	1.02469
NR_134326.2	6527	6299.29	0	0
NR_134328.2	1650	1422.29	0	0
NR_134329.1	2112	1884.29	0	0
NR_134330.1	562	337.904	0	0
NR_134331.1	675	448.496	0	0
NR_134332.1	764	536.541	0	0
NR_134450.1	948	720.293	0	0
NR_134451.1	979	751.293	12.5479	0.751632
NR_134452.1	975	747.293	0	0
NR_134453.1	944	716.293	8.45207	0.531024
NR_134454.1	940	712.293	0	0
NR_134455.2	2573	2345.29	19.1917	0.368264
NR_134456.1	2602	2374.29	0	0
NR_134457.1	409	199.348	0	0
NR_134458.1	3038	2810.29	0	0
NR_134459.1	827	599.427	16.8538	1.26533
NR_134460.1	859	631.427	5.14616	0.366777
NR_134461.2	2391	2163.29	10.308	0.214437
NR_134462.1	560	336.006	0	0
NR_134463.1	641	415.014	0	0
NR_134464.2	2304	2076.29	28.6626	0.621254
NR_134465.2	2293	2065.29	24.2558	0.528538
NR_134466.2	868	640.427	332.948	23.3964
NR_134467.2	959	731.293	0	0
NR_134468.2	808	580.487	29.0355	2.25102
NR_134469.2	10930	10702.3	1056.38	4.44205
NR_134470.2	1206	978.293	21.7458	1.00034
NR_134471.2	1242	1014.29	26.2948	1.16667
NR_134472.1	424	212.011	0	0
NR_134473.2	841	613.427	45.8993	3.36732
NR_134474.2	758	530.648	3.36313	0.285219
NR_134475.2	793	565.487	13.2713	1.05617
NR_134477.1	3413	3185.29	0	0
NR_134478.1	956	728.293	0	0
NR_134479.1	1739	1511.29	6	0.178667
NR_134480.2	3231	3003.29	8.30856	0.1245
NR_134481.2	3156	2928.29	19.6253	0.301608
NR_134482.2	3091	2863.29	274.359	4.31216
NR_134483.1	621	395.338	0	0
NR_134484.1	419	207.876	0	0
NR_134485.1	935	707.293	1	0.0636272
NR_134486.2	999	771.293	3.12959	0.182604
NR_134487.1	978	750.293	51.3087	3.07753
NR_134488.1	3498	3270.29	101.816	1.40111
NR_134489.1	669	442.629	10.4881	1.06635
NR_134490.1	555	331.174	0	0
NR_134491.1	713	485.852	131	12.1342
NR_134492.1	713	485.852	0	0
NR_134494.2	1197	969.293	136.04	6.31616
NR_134495.2	1301	1073.29	6.37498	0.267302
NR_134496.1	289	110.463	0	0
NR_134497.1	453	236.993	0	0
NR_134498.1	643	416.972	0	0
NR_134499.1	677	450.406	0	0
NR_134500.1	599	373.876	0	0
NR_134501.1	1865	1637.29	3	0.0824588
NR_134502.2	1777	1549.29	9.1415	0.265538
NR_134503.1	2316	2088.29	0	0
NR_134504.1	1902	1674.29	52.1038	1.40049
NR_134505.1	1875	1647.29	0	0
NR_134506.2	2322	2094.29	43.1671	0.927594
NR_134507.2	2754	2526.29	0	0
NR_134508.2	2734	2506.29	0	0
NR_134509.1	456	239.672	0	0
NR_134510.1	426	213.764	0	0
NR_134511.1	388	182.168	0	0
NR_134512.2	8190	7962.29	8.39916	0.0474723
NR_134513.2	1420	1192.29	0	0
NR_134514.2	1539	1311.29	0	0
NR_134515.2	1690	1462.29	0	0
NR_134516.1	1055	827.293	392.512	21.3519
NR_134517.2	5272	5044.29	0	0
NR_134518.2	5223	4995.29	0	0
NR_134519.4	2878	2650.29	0	0
NR_134520.1	1838	1610.29	0	0
NR_134521.2	2210	1982.29	17.0354	0.386746
NR_134522.2	2206	1978.29	77.8424	1.77079
NR_134523.1	2365	2137.29	34.3847	0.724008
NR_134524.2	802	574.487	117.919	9.23732
NR_134525.2	3136	2908.29	32.1274	0.497141
NR_134526.2	580	355.279	21.3678	2.70665
NR_134527.2	636	410.055	40.4706	4.44161
NR_134529.3	652	425.803	0	0
NR_134531.2	1478	1250.29	0	0
NR_134532.2	1321	1093.29	0	0
NR_134533.2	931	703.293	0	0
NR_134534.2	855	627.427	0	0
NR_134535.1	3432	3204.29	0	0
NR_134536.2	1693	1465.29	0	0
NR_134537.2	1187	959.293	614.775	28.8408
NR_134538.2	2642	2414.29	139.396	2.59837
NR_134539.2	1541	1313.29	0	0
NR_134540.2	3277	3049.29	8.84677	0.130565
NR_134541.2	3101	2873.29	0	0
NR_134558.1	2090	1862.29	7.00508	0.169281
NR_134559.1	782	554.487	1.21364	0.0985008
NR_134560.2	1051	823.293	8.48057	0.463567
NR_134561.1	1150	922.293	6	0.292769
NR_134562.3	3926	3698.29	409.839	4.98717
NR_134563.3	3704	3476.29	274.445	3.55288
NR_134564.1	573	348.421	0	0
NR_134565.1	466	248.539	0	0
NR_134566.1	558	334.107	0	0
NR_134567.1	861	633.427	0	0
NR_134568.1	770	542.487	0	0
NR_134569.1	699	471.947	0	0
NR_134570.1	750	522.701	3.41203	0.293766
NR_134571.1	563	338.802	2.766	0.367408
NR_134572.1	559	335.04	2.82197	0.379051
NR_134573.1	334	141.098	0	0
NR_134574.2	3433	3205.29	91.8152	1.28911
NR_134575.1	1947	1719.29	1.40555	0.0367908
NR_134576.1	381	176.619	0	0
NR_134577.1	537	314.382	0	0
NR_134578.2	1450	1222.29	0	0
NR_134579.1	362	162.038	0	0
NR_134580.2	2413	2185.29	0	0
NR_134581.1	5436	5208.29	1	0.00864066
NR_134582.1	1994	1766.29	5.00303	0.127471
NR_134583.1	2955	2727.29	0	0
NR_134584.1	1049	821.293	0	0
NR_134585.1	720	492.802	0	0
NR_134586.2	1111	883.293	9.01538	0.459327
NR_134587.2	1028	800.293	1.77002	0.099534
NR_134588.1	483	264.32	0	0
NR_134589.1	447	231.819	0	0
NR_134590.1	455	238.796	0	0
NR_134591.1	631	405.178	0	0
NR_134592.1	514	292.795	0	0
NR_134593.1	705	477.9	0	0
NR_134594.1	592	367.025	0	0
NR_134595.1	695	468.041	0	0
NR_134596.1	732	504.753	0	0
NR_134597.1	533	310.571	0	0
NR_134598.1	1144	916.293	0	0
NR_134599.1	703	475.947	19	1.79654
NR_134600.1	812	584.487	4	0.307984
NR_134601.1	406	196.92	0	0
NR_134602.1	520	298.404	0	0
NR_134603.1	415	204.487	0	0
NR_134604.1	472	254.125	0	0
NR_134605.1	603	377.687	5.32516	0.634516
NR_134606.2	4848	4620.29	26.0807	0.254034
NR_134607.2	1810	1582.29	0	0
NR_134608.2	4933	4705.29	110.088	1.05292
NR_134609.1	748	520.701	0	0
NR_134610.1	796	568.487	3	0.237489
NR_134611.1	2899	2671.29	4.00435	0.0674609
NR_134612.2	3475	3247.29	14.7598	0.20455
NR_134613.1	766	538.541	0	0
NR_134614.1	758	530.648	0	0
NR_134615.1	631	405.178	0	0
NR_134616.1	1237	1009.29	47.9244	2.13689
NR_134617.1	550	326.571	0	0
NR_134618.1	558	334.107	3.04509	0.410163
NR_134619.1	433	219.537	0	0
NR_134620.1	470	252.282	0	0
NR_134621.1	1022	794.293	64	3.62611
NR_134622.1	961	733.293	3	0.184114
NR_134623.1	556	332.141	4.04898	0.548613
NR_134624.1	544	321.029	0	0
NR_134625.1	882	654.427	2.68761	0.184819
NR_134626.1	366	164.863	3.51553	0.959641
NR_134627.1	701	473.947	0	0
NR_134628.1	2176	1948.29	60.1387	1.38913
NR_134629.1	478	259.941	0	0
NR_134630.1	407	197.751	0	0
NR_134631.1	358	158.891	2	0.566466
NR_134632.1	531	308.697	0	0
NR_134633.1	2703	2475.29	0	0
NR_134634.1	2529	2301.29	38	0.743111
NR_134635.1	868	640.427	0	0
NR_134636.3	5243	5015.29	107.155	0.961522
NR_134637.1	2070	1842.29	0	0
NR_134638.1	1422	1194.29	172	6.48126
NR_134639.2	3866	3638.29	6.40475	0.0792221
NR_134640.1	3161	2933.29	4	0.0613687
NR_134641.1	578	353.315	0	0
NR_134642.1	391	184.59	0	0
NR_134643.1	389	182.969	0	0
NR_134644.1	316	128.304	0	0
NR_134645.1	398	190.353	0	0
NR_134646.1	1917	1689.29	0	0
NR_134647.1	471	253.178	0	0
NR_134648.1	297	115.768	0	0
NR_134649.1	1940	1712.29	3.21766	0.0845678
NR_134650.1	1832	1604.29	3.78234	0.106101
NR_134651.1	1625	1397.29	1	0.0322073
NR_134652.1	1287	1059.29	6.76025	0.287203
NR_134653.2	3302	3074.29	0	0
NR_134654.1	2744	2516.29	87.8062	1.57039
NR_134655.2	8795	8567.29	0	0
NR_134656.1	1484	1256.29	0	0
NR_134657.1	2296	2068.29	2	0.0435171
NR_134658.2	1462	1234.29	83.7387	3.05317
NR_134659.2	1753	1525.29	0	0
NR_134660.2	1618	1390.29	0	0
NR_134661.2	1308	1080.29	11.2477	0.468561
NR_134662.1	385	179.839	3	0.750723
NR_134663.1	376	172.561	0	0
NR_134664.1	484	265.13	6.64711	1.12828
NR_134665.1	478	259.941	5.35289	0.926737
NR_134666.2	2263	2035.29	75.1646	1.66199
NR_134667.2	2134	1906.29	34.0986	0.804988
NR_134668.1	409	199.348	0	0
NR_134669.2	2506	2278.29	0	0
NR_134670.2	2350	2122.29	14.8027	0.313891
NR_134671.2	2323	2095.29	0	0
NR_134672.1	916	688.293	0	0
NR_134673.1	673	446.496	0	0
NR_134674.1	504	283.647	2	0.317318
NR_134675.1	521	299.283	0	0
NR_134676.1	493	273.443	1	0.164579
NR_134677.2	4839	4611.29	7.61725	0.0743392
NR_134678.2	3648	3420.29	19.3353	0.254407
NR_134679.1	606	380.649	0	0
NR_134680.1	1689	1461.29	0	0
NR_134681.1	379	175.043	0	0
NR_134682.1	403	194.403	0	0
NR_134683.1	631	405.178	0	0
NR_134848.2	968	740.293	15.0677	0.91598
NR_134849.2	4165	3937.29	0	0
NR_134850.2	4190	3962.29	0	0
NR_134851.2	4162	3934.29	0	0
NR_134852.2	1879	1651.29	0	0
NR_134853.1	821	593.487	0	0
NR_134854.1	1666	1438.29	345.344	10.8055
NR_134855.2	1934	1706.29	47.4163	1.25059
NR_134856.1	856	628.427	0	0
NR_134857.2	2238	2010.29	2.60255	0.0582616
NR_134858.2	1908	1680.29	16.4903	0.441657
NR_134859.1	695	468.041	0	0
NR_134860.1	1129	901.293	0	0
NR_134861.2	1118	890.293	19.3503	0.978132
NR_134862.1	1009	781.293	252.523	14.5455
NR_134863.1	993	765.293	16.5098	0.970858
NR_134864.1	892	664.361	100.493	6.80726
NR_134865.1	860	632.427	0	0
NR_134866.1	838	610.427	49.6587	3.66103
NR_134867.2	4394	4166.29	20.5649	0.222136
NR_134868.2	4457	4229.29	261.061	2.7779
NR_134869.3	1528	1300.29	1394.94	48.2787
NR_134870.2	1801	1573.29	0	0
NR_134871.2	1960	1732.29	0	0
NR_134872.2	1537	1309.29	4.23611	0.145604
NR_134873.1	3088	2860.29	0	0
NR_134874.2	2243	2015.29	0	0
NR_134875.2	2945	2717.29	86.499	1.43257
NR_134876.2	2865	2637.29	11.4863	0.196004
NR_134877.2	2948	2720.29	10.2833	0.170121
NR_134878.1	6571	6343.29	0	0
NR_134879.2	3502	3274.29	0	0
NR_134880.1	1846	1618.29	97.947	2.72381
NR_134881.1	3039	2811.29	31.2635	0.500465
NR_134882.1	1722	1494.29	64.5299	1.94342
NR_134885.2	1255	1027.29	9.27756	0.406426
NR_134886.2	1034	806.293	11.9596	0.667522
NR_134887.1	653	426.803	1.29791	0.136854
NR_134888.1	1537	1309.29	7.77578	0.267269
NR_134890.2	924	696.293	0	0
NR_134891.2	827	599.427	0	0
NR_134892.2	955	727.293	0	0
NR_134893.2	698	470.947	201.239	19.2301
NR_134894.2	846	618.427	15.7759	1.14801
NR_134895.2	510	289.15	48.8349	7.60064
NR_134896.2	680	453.225	18.2074	1.80791
NR_134897.2	890	662.427	5.2302	0.355322
NR_134898.2	814	586.487	21.0373	1.61426
NR_134899.2	933	705.293	0	0
NR_134900.2	3402	3174.29	30.2377	0.42869
NR_134901.2	1876	1648.29	0	0
NR_134902.2	1806	1578.29	0	0
NR_134903.2	1768	1540.29	0	0
NR_134904.2	1731	1503.29	0	0
NR_134905.2	1661	1433.29	0	0
NR_134906.2	1777	1549.29	0	0
NR_134907.1	532	309.634	0	0
NR_134908.1	573	348.421	0	0
NR_134909.1	569	344.595	11.986	1.56533
NR_134910.1	278	103.326	3	1.30664
NR_134911.1	1893	1665.29	0	0
NR_134912.1	1045	817.293	40	2.20254
NR_134913.1	1041	813.293	0	0
NR_134914.1	1637	1409.29	1.58302	0.0505508
NR_134915.1	1890	1662.29	0	0
NR_134916.1	781	553.487	3.08394	0.25075
NR_134917.2	2281	2053.29	0	0
NR_134918.2	1721	1493.29	0	0
NR_134919.2	4708	4480.29	0	0
NR_134920.1	937	709.293	8	0.507582
NR_134921.1	667	440.629	0	0
NR_134922.1	1810	1582.29	0	0
NR_134923.1	1787	1559.29	0	0
NR_134924.1	1720	1492.29	0	0
NR_134925.1	982	754.293	0	0
NR_134927.1	1273	1045.29	6.68051	0.287616
NR_134928.1	681	454.225	1.2186	0.120734
NR_134929.1	632	406.137	2.11618	0.234489
NR_134930.1	693	466.041	35.1445	3.39371
NR_134931.1	369	167.159	18	4.84601
NR_134932.1	535	312.445	0	0
NR_134933.1	561	336.904	0	0
NR_134934.2	971	743.293	74.8538	4.53206
NR_134935.2	3972	3744.29	0	0
NR_134936.2	4200	3972.29	0	0
NR_134937.1	405	196.152	1	0.22943
NR_134938.2	2906	2678.29	0	0
NR_134939.1	305	120.879	0	0
NR_134940.1	269	97.8901	0	0
NR_134941.1	595	369.951	0	0
NR_134944.1	1729	1501.29	0	0
NR_134945.2	3762	3534.29	30.5018	0.388387
NR_134946.1	752	524.701	0	0
NR_134947.2	2434	2206.29	20.495	0.418049
NR_134948.2	3087	2859.29	28.0578	0.441608
NR_134949.2	6314	6086.29	0	0
NR_134950.2	6212	5984.29	63	0.473773
NR_134951.2	4114	3886.29	16.1262	0.18674
NR_134952.2	4204	3976.29	35.0565	0.396764
NR_134953.2	3896	3668.29	0	0
NR_134954.2	4139	3911.29	93.1836	1.07216
NR_134955.2	4149	3921.29	274.384	3.149
NR_134956.2	4074	3846.29	176.44	2.06441
NR_134957.2	4046	3818.29	102.911	1.21293
NR_134958.2	3443	3215.29	0	0
NR_134959.2	3434	3206.29	0	0
NR_134960.2	3377	3149.29	0	0
NR_134961.2	3504	3276.29	0	0
NR_134962.2	3222	2994.29	3.95552	0.0594499
NR_134963.2	3463	3235.29	0	0
NR_134964.2	3368	3140.29	0	0
NR_134965.2	3499	3271.29	0	0
NR_134966.2	5706	5478.29	0	0
NR_134967.2	2493	2265.29	0	0
NR_134968.2	2466	2238.29	0	0
NR_134969.2	4548	4320.29	0	0
NR_134970.2	3641	3413.29	0	0
NR_134971.1	424	212.011	0	0
NR_134976.3	3502	3274.29	122.076	1.67786
NR_134980.2	7327	7099.29	49.827	0.315858
NR_134981.2	1691	1463.29	0	0
NR_134982.2	2030	1802.29	0	0
NR_134983.2	1977	1749.29	134.767	3.46708
NR_134987.2	4405	4177.29	945.371	10.1847
NR_134988.2	2184	1956.29	0	0
NR_134989.2	2375	2147.29	0	0
NR_134990.2	2369	2141.29	0	0
NR_134991.2	2356	2128.29	0	0
NR_134992.2	1985	1757.29	0	0
NR_134993.2	2119	1891.29	0	0
NR_134994.2	2391	2163.29	0	0
NR_134995.1	442	227.417	1	0.197888
NR_134996.1	587	362.135	0	0
NR_134997.1	462	244.971	0	0
NR_134998.1	460	243.274	0	0
NR_134999.1	366	164.863	0	0
NR_135000.1	3112	2884.29	0	0
NR_135001.1	600	374.838	0	0
NR_135002.1	596	370.951	0	0
NR_135003.2	2101	1873.29	0	0
NR_135004.1	369	167.159	0	0
NR_135005.1	1767	1539.29	0	0
NR_135006.1	3619	3391.29	2.22391	0.0295117
NR_135007.2	2543	2315.29	0	0
NR_135008.2	2266	2038.29	172.63	3.81146
NR_135010.1	3124	2896.29	12.0512	0.187253
NR_135011.1	5058	4830.29	0	0
NR_135012.1	4551	4323.29	0	0
NR_135013.2	4837	4609.29	17.7	0.172815
NR_135014.1	467	249.436	1	0.180419
NR_135015.1	446	230.915	0	0
NR_135016.1	412	201.964	0	0
NR_135017.1	543	320.029	3	0.421865
NR_135018.1	879	651.427	0	0
NR_135019.1	413	202.921	0	0
NR_135020.1	734	506.753	1	0.0888068
NR_135021.1	1280	1052.29	0	0
NR_135022.1	484	265.13	0	0
NR_135023.1	383	178.191	0	0
NR_135024.1	867	639.427	0	0
NR_135026.1	579	354.315	0	0
NR_135027.1	565	340.768	0	0
NR_135028.1	1007	779.293	1	0.0577486
NR_135029.1	962	734.293	0	0
NR_135030.1	742	514.753	0	0
NR_135031.1	561	336.904	2	0.267157
NR_135032.1	366	164.863	0	0
NR_135033.1	748	520.701	5	0.43214
NR_135034.1	697	469.994	0	0
NR_135035.1	679	452.316	0	0
NR_135036.1	1919	1691.29	3.69682	0.0983674
NR_135037.1	1004	776.293	1.30318	0.0755478
NR_135038.1	686	459.134	1	0.0980174
NR_135040.1	408	198.624	0	0
NR_135041.1	339	144.406	0	0
NR_135042.2	3501	3273.29	0	0
NR_135043.2	3611	3383.29	71.2738	0.948052
NR_135044.1	811	583.487	7	0.539895
NR_135045.1	1312	1084.29	0	0
NR_135046.1	1602	1374.29	5	0.163732
NR_135047.1	3957	3729.29	6.26347	0.0755842
NR_135048.2	438	223.888	0	0
NR_135049.1	1430	1202.29	0	0
NR_135050.1	1448	1220.29	0	0
NR_135051.2	3096	2868.29	0	0
NR_135052.1	692	465.041	0	0
NR_135053.1	759	531.648	12	1.01578
NR_135054.1	221	69.701	0	0
NR_135055.1	933	705.293	0	0
NR_135056.1	547	323.768	12.6556	1.75911
NR_135057.1	544	321.029	2.26219	0.317122
NR_135058.1	403	194.403	12.8479	2.97421
NR_135059.1	400	191.921	6.77106	1.58773
NR_135060.2	2261	2033.29	45.5883	1.00901
NR_135061.1	552	328.307	15.6008	2.1385
NR_135062.1	456	239.672	4.15616	0.7804
NR_135063.1	382	177.405	0	0
NR_135064.1	4164	3936.29	5.56271	0.0635977
NR_135065.1	1705	1477.29	0	0
NR_135066.2	2471	2243.29	5.54147	0.111168
NR_135067.2	1438	1210.29	199.459	7.4166
NR_135068.2	1050	822.293	74.6253	4.08415
NR_135069.1	597	371.913	0	0
NR_135071.1	388	182.168	0	0
NR_135072.1	1933	1705.29	0	0
NR_135074.2	6178	5950.29	127.964	0.96781
NR_135075.2	1521	1293.29	8.89513	0.309526
NR_135076.1	505	284.56	0	0
NR_135077.2	3926	3698.29	273.902	3.33301
NR_135078.2	2887	2659.29	61.8412	1.04654
NR_135079.1	750	522.701	4.01758	0.345903
NR_135080.2	3548	3320.29	0	0
NR_135081.2	3294	3066.29	0	0
NR_135082.2	1710	1482.29	0	0
NR_135083.1	404	195.215	33	7.60753
NR_135084.1	565	340.768	27.6753	3.65491
NR_135085.1	506	285.56	0	0
NR_135086.1	481	262.672	65.1805	11.1673
NR_135087.1	499	279.049	148.819	24.0006
NR_135088.2	2336	2108.29	3.07047	0.0655415
NR_135089.2	1921	1693.29	0	0
NR_135090.1	692	465.041	0	0
NR_135091.1	1764	1536.29	3	0.0878799
NR_135092.2	3776	3548.29	32.1288	0.40749
NR_135093.1	1038	810.293	0	0
NR_135094.1	571	346.526	0	0
NR_135095.1	2839	2611.29	0.213221	0.00367466
NR_135096.1	2096	1868.29	1	0.0240878
NR_135097.1	406	196.92	0	0
NR_135098.1	592	367.025	4	0.490464
NR_135099.1	409	199.348	0	0
NR_135100.2	1340	1112.29	3.26153	0.131961
NR_135102.1	534	311.445	0	0
NR_135103.1	537	314.382	0	0
NR_135104.2	2728	2500.29	136.055	2.44887
NR_135105.2	2640	2412.29	191.265	3.56819
NR_135106.1	4269	4041.29	23.0825	0.257042
NR_135107.1	4226	3998.29	0	0
NR_135108.1	507	286.472	0	0
NR_135109.1	3308	3080.29	43.6107	0.637152
NR_135110.1	390	183.77	0	0
NR_135111.1	490	270.61	0	0
NR_135112.1	968	740.293	6	0.364745
NR_135113.1	400	191.921	0	0
NR_135114.1	639	413.014	13.6888	1.49157
NR_135115.1	506	285.56	3.8708	0.610023
NR_135116.1	678	451.406	0	0
NR_135117.2	1576	1348.29	46.7796	1.5614
NR_135118.2	6904	6676.29	0	0
NR_135119.1	568	343.63	11	1.4406
NR_135120.2	2892	2664.29	103.573	1.74947
NR_135121.2	2790	2562.29	0	0
NR_135122.1	368	166.382	1.85678	0.502223
NR_135124.1	3258	3030.29	8.94592	0.132856
NR_135125.2	1995	1767.29	84.4682	2.15093
NR_135126.1	2112	1884.29	5	0.119416
NR_135127.1	2345	2117.29	33.3844	0.709586
NR_135128.1	4099	3871.29	3.59419	0.0417818
NR_135129.1	2146	1918.29	0	0
NR_135130.1	976	748.293	2	0.120282
NR_135131.2	1095	867.293	930.547	48.2853
NR_135132.1	567	342.699	0	0
NR_135133.1	680	453.225	0	0
NR_135134.1	751	523.701	0	0
NR_135135.1	426	213.764	0	0
NR_135136.1	357	158.178	0	0
NR_135137.1	637	411.055	0	0
NR_135138.1	536	313.414	0	0
NR_135139.2	4338	4110.29	0	0
NR_135140.2	4370	4142.29	60.5041	0.657335
NR_135141.1	613	387.495	0	0
NR_135143.2	2941	2713.29	1465.5	24.3069
NR_135144.2	2016	1788.29	28.7338	0.723098
NR_135145.1	294	113.843	0	0
NR_135146.2	2732	2504.29	0	0
NR_135147.2	1317	1089.29	8.95102	0.369803
NR_135148.2	1347	1119.29	18.3893	0.739371
NR_135149.2	3774	3546.29	54.2322	0.688216
NR_135150.2	2957	2729.29	9.51731	0.15693
NR_135151.2	2920	2692.29	0	0
NR_135152.2	2855	2627.29	0	0
NR_135153.2	8679	8451.29	0	0
NR_135154.2	5266	5038.29	1556.79	13.9056
NR_135155.1	511	290.032	0	0
NR_135156.2	2218	1990.29	0	0
NR_135157.2	1641	1413.29	0	0
NR_135159.1	656	429.76	0	0
NR_135160.2	1099	871.293	87.1945	4.50367
NR_135161.2	895	667.361	16.0014	1.07904
NR_135162.2	1096	868.293	20.7318	1.07452
NR_135164.2	1079	851.293	0	0
NR_135165.2	962	734.293	0	0
NR_135166.2	908	680.293	0	0
NR_135167.2	1255	1027.29	21728.7	951.88
NR_135168.2	1048	820.293	0	0
NR_135169.2	6537	6309.29	5.24584	0.0374177
NR_135170.1	463	245.87	1.5	0.274554
NR_135171.1	489	269.721	0	0
NR_135172.1	367	165.66	0	0
NR_135173.1	463	245.87	1.5	0.274554
NR_135174.1	715	487.852	1	0.0922475
NR_135175.1	600	374.838	63.448	7.61756
NR_135176.1	489	269.721	0	0
NR_135177.1	517	295.585	3	0.456752
NR_135178.1	4411	4183.29	123.486	1.32844
NR_135179.1	637	411.055	0	0
NR_135180.1	401	192.714	5	1.16761
NR_135181.1	544	321.029	0	0
NR_135182.1	658	431.717	0	0
NR_135183.1	542	319.126	0	0
NR_135186.2	2102	1874.29	2	0.0480214
NR_135187.2	2154	1926.29	0	0
NR_135188.2	2095	1867.29	1	0.0241007
NR_135190.1	1954	1726.29	0	0
NR_135191.2	4911	4683.29	0	0
NR_135192.1	2990	2762.29	17.1565	0.279512
NR_135193.1	417	206.073	0	0
NR_135194.1	2323	2095.29	16	0.343651
NR_135195.1	5298	5070.29	2.51899	0.0223582
NR_135196.1	1957	1729.29	7.94144	0.206668
NR_135197.1	1943	1715.29	4.06939	0.106766
NR_135198.1	3264	3036.29	6.54135	0.096954
NR_135199.2	6694	6466.29	0	0
NR_135200.1	2865	2637.29	3.0318	0.051735
NR_135201.2	2038	1810.29	0	0
NR_135202.1	2244	2016.29	0	0
NR_135203.1	1617	1389.29	2	0.0647856
NR_135205.1	2031	1803.29	1	0.0249561
NR_135213.1	3159	2931.29	142.276	2.18432
NR_135214.2	2830	2602.29	0	0
NR_135215.2	2812	2584.29	0	0
NR_135216.2	2717	2489.29	0	0
NR_135217.2	2527	2299.29	0	0
NR_135218.2	4495	4267.29	101.427	1.06966
NR_135220.2	1531	1303.29	0	0
NR_135221.1	2580	2352.29	61.6814	1.18006
NR_135222.1	1962	1734.29	0	0
NR_135223.1	2335	2107.29	2101.22	44.8733
NR_135224.1	2172	1944.29	285.444	6.60697
NR_135225.1	2332	2104.29	9.43757	0.201835
NR_135226.1	2204	1976.29	11.0868	0.252463
NR_135227.1	2588	2360.29	192.777	3.67563
NR_135228.1	2279	2051.29	25.9122	0.568484
NR_135229.1	2516	2288.29	61.2143	1.20388
NR_135230.1	2260	2032.29	8.93472	0.19785
NR_135231.1	2097	1869.29	55.9279	1.34646
NR_135232.1	2430	2202.29	0	0
NR_135233.1	1112	884.293	0	0
NR_135234.1	1665	1437.29	8	0.250488
NR_135235.2	5700	5472.29	0	0
NR_135237.1	3939	3711.29	1	0.012126
NR_135238.1	1202	974.293	6	0.277143
NR_135239.1	680	453.225	0	0
NR_135240.1	526	304.007	0	0
NR_135241.1	2239	2011.29	1	0.0223752
NR_135242.1	4067	3839.29	10.0144	0.117386
NR_135243.1	1547	1319.29	1	0.0341115
NR_135244.1	2617	2389.29	0	0
NR_135245.1	3830	3602.29	0	0
NR_135246.2	4237	4009.29	50.094	0.56229
NR_135247.2	4148	3920.29	960.501	11.0261
NR_135248.1	1735	1507.29	40	1.19428
NR_135249.2	6401	6173.29	0.0651536	0.000474968
NR_135250.2	5530	5302.29	0	0
NR_135251.1	676	449.451	11	1.10142
NR_135252.1	2050	1822.29	12	0.29635
NR_135253.1	1486	1258.29	0	0
NR_135254.1	1838	1610.29	1	0.0279471
NR_135255.1	1655	1427.29	0	0
NR_135256.1	377	173.351	0	0
NR_135257.1	379	175.043	1	0.257097
NR_135258.1	496	276.219	0	0
NR_135259.2	1969	1741.29	119.228	3.08141
NR_135260.1	706	478.9	0	0
NR_135261.1	791	563.487	0	0
NR_135262.1	606	380.649	0	0
NR_135263.1	840	612.427	0	0
NR_135264.1	958	730.293	0	0
NR_135265.3	561	336.904	0	0
NR_135266.3	634	408.137	0	0
NR_135267.3	661	434.717	0	0
NR_135268.3	1279	1051.29	0	0
NR_135269.1	341	145.916	0	0
NR_135270.2	3312	3084.29	38.63	0.563652
NR_135271.2	3913	3685.29	0	0
NR_135274.1	307	122.069	0	0
NR_135275.2	2301	2073.29	0	0
NR_135276.2	1151	923.293	0	0
NR_135277.2	1448	1220.29	0	0
NR_135278.2	1123	895.293	2	0.100533
NR_135279.1	542	319.126	1	0.14102
NR_135280.1	3409	3181.29	1	0.0141462
NR_135281.1	386	180.662	0	0
NR_135282.1	4263	4035.29	478.089	5.33182
NR_135283.1	549	325.637	0	0
NR_135284.1	460	243.274	2	0.369979
NR_135285.1	581	356.279	0	0
NR_135286.1	3460	3232.29	75	1.04422
NR_135287.1	1949	1721.29	3	0.0784348
NR_135288.1	3402	3174.29	0	0
NR_135289.2	707	479.9	0	0
NR_135290.1	569	344.595	3	0.391791
NR_135291.1	3055	2827.29	1	0.0159174
NR_135292.1	2439	2211.29	125.004	2.54401
NR_135293.1	3816	3588.29	5.06177	0.063483
NR_135295.1	1839	1611.29	0	0
NR_135296.2	2705	2477.29	0	0
NR_135297.2	3178	2950.29	0	0
NR_135298.1	2076	1848.29	6	0.146091
NR_135299.1	2261	2033.29	0	0
NR_135300.1	1614	1386.29	0	0
NR_135301.1	2755	2527.29	48.1274	0.856997
NR_135304.1	335	141.797	15.8615	5.03405
NR_135305.1	2231	2003.29	123.676	2.77832
NR_135306.1	454	237.87	5.72669	1.08344
NR_135307.1	1161	933.293	3	0.144659
NR_135308.2	1792	1564.29	0	0
NR_135309.2	1813	1585.29	0	0
NR_135310.2	1965	1737.29	0	0
NR_135311.2	1986	1758.29	0	0
NR_135312.1	3132	2904.29	132.157	2.04782
NR_135313.2	3504	3276.29	0	0
NR_135314.2	3783	3555.29	75.1427	0.95116
NR_135315.2	3536	3308.29	17.6161	0.239634
NR_135316.1	1758	1530.29	45.9698	1.35189
NR_135317.1	2426	2198.29	107.278	2.19617
NR_135318.1	666	439.629	5	0.51183
NR_135319.1	824	596.427	0	0
NR_135320.1	453	236.993	7	1.32924
NR_135321.1	6905	6677.29	0	0
NR_135322.2	1234	1006.29	86.239	3.85675
NR_135323.3	2070	1842.29	24.8184	0.606257
NR_135324.2	3918	3690.29	8.77733	0.107039
NR_135464.2	4995	4767.29	20.4112	0.192681
NR_135465.2	3333	3105.29	12.4939	0.181066
NR_135466.2	2454	2226.29	0	0
NR_135467.2	1714	1486.29	20.5246	0.621459
NR_135468.2	7326	7098.29	245.968	1.55943
NR_135469.2	3990	3762.29	47.089	0.56326
NR_135470.2	2044	1816.29	18.6748	0.462714
NR_135471.2	1837	1609.29	55.7568	1.55921
NR_135472.2	3266	3038.29	0	0
NR_135473.2	8541	8313.29	35.4987	0.192169
NR_135474.1	1396	1168.29	20	0.770407
NR_135476.2	1551	1323.29	0	0
NR_135477.2	1697	1469.29	13.6674	0.418621
NR_135478.2	1714	1486.29	38.168	1.15568
NR_135479.1	837	609.427	103.971	7.67773
NR_135480.1	536	313.414	86	12.3487
NR_135481.2	1252	1024.29	20.8209	0.914783
NR_135482.2	7629	7401.29	12.7703	0.0776491
NR_135483.2	3398	3170.29	17.4252	0.247355
NR_135484.2	2137	1909.29	0	0
NR_135485.2	7469	7241.29	83.9058	0.521456
NR_135486.2	7412	7184.29	0	0
NR_135490.2	9574	9346.29	52.339	0.252016
NR_135491.2	5557	5329.29	0	0
NR_135492.2	1013	785.293	31.1381	1.78444
NR_135493.2	2770	2542.29	0	0
NR_135494.2	2603	2375.29	0	0
NR_135495.2	2662	2434.29	0	0
NR_135496.2	2825	2597.29	4.78373	0.0828874
NR_135497.2	4128	3900.29	103.411	1.1932
NR_135498.2	3957	3729.29	12.0586	0.145516
NR_135499.2	4038	3810.29	3.42241	0.0404218
NR_135500.2	4305	4077.29	46.5582	0.513886
NR_135501.2	2946	2718.29	0	0
NR_135502.2	6567	6339.29	8.70696e-08	6.18113e-10
NR_135503.2	6542	6314.29	23.2209	0.1655
NR_135504.1	6304	6076.29	291.881	2.16177
NR_135505.1	461	244.098	6	1.10619
NR_135506.2	745	517.701	14.6232	1.27118
NR_135507.2	698	470.947	0	0
NR_135508.2	972	744.293	104.28	6.3052
NR_135509.1	551	327.472	0	0
NR_135511.2	6112	5884.29	86.5774	0.662144
NR_135512.1	553	329.241	0	0
NR_135513.1	863	635.427	0	0
NR_135514.1	524	302.192	0	0
NR_135515.1	3412	3184.29	13.2117	0.186719
NR_135516.1	434	220.399	0	0
NR_135517.1	513	291.914	0	0
NR_135518.1	463	245.87	0	0
NR_135519.1	2236	2008.29	2	0.0448172
NR_135520.1	2908	2680.29	6.18829	0.103904
NR_135521.1	1596	1368.29	1	0.0328899
NR_135522.1	587	362.135	0	0
NR_135523.2	2845	2617.29	0	0
NR_135524.1	568	343.63	0	0
NR_135525.1	440	225.63	0	0
NR_135526.1	553	329.241	0	0
NR_135527.1	4243	4015.29	465.861	5.22133
NR_135528.2	1789	1561.29	0	0
NR_135529.1	834	606.427	1	0.0742102
NR_135530.1	437	223.004	0	0
NR_135531.1	592	367.025	0	0
NR_135532.1	624	398.259	1	0.113
NR_135533.1	489	269.721	0	0
NR_135534.1	3708	3480.29	58.1272	0.751633
NR_135535.1	677	450.406	9.94601	0.993773
NR_135536.1	485	265.994	0	0
NR_135537.1	2581	2353.29	2	0.0382469
NR_135538.1	752	524.701	0	0
NR_135539.2	742	514.753	5.70669	0.498917
NR_135540.1	1347	1119.29	11.6559	0.468647
NR_135541.2	7745	7517.29	0	0
NR_135542.2	7520	7292.29	337.147	2.08064
NR_135543.2	7412	7184.29	89.8339	0.562728
NR_135544.2	7853	7625.29	1.11696e-08	6.59209e-11
NR_135545.1	256	89.7297	0	0
NR_135546.1	1511	1283.29	0	0
NR_135547.1	595	369.951	0	0
NR_135548.2	1972	1744.29	16.0861	0.415025
NR_135549.1	482	263.537	0	0
NR_135550.1	2974	2746.29	3.08586	0.0505675
NR_135551.1	1973	1745.29	133.046	3.43064
NR_135552.2	1730	1502.29	0	0
NR_135553.2	1220	992.293	4.02746	0.182656
NR_135555.1	2971	2743.29	1.02681	0.0168446
NR_135556.1	1583	1355.29	0	0
NR_135557.1	2788	2560.29	2.22008	0.0390231
NR_135558.1	563	338.802	16	2.12528
NR_135559.1	561	336.904	0	0
NR_135560.1	1893	1665.29	0	0
NR_135561.1	1887	1659.29	0	0
NR_135562.1	709	481.852	0	0
NR_135563.1	1345	1117.29	0	0
NR_135564.1	440	225.63	0	0
NR_135565.2	1817	1589.29	0	0
NR_135566.1	910	682.293	0	0
NR_135567.1	437	223.004	0	0
NR_135568.2	9103	8875.29	0	0
NR_135569.2	3854	3626.29	0.00431178	5.35101e-05
NR_135570.1	611	385.534	0	0
NR_135571.1	770	542.487	0	0
NR_135572.1	1725	1497.29	0	0
NR_135573.1	453	236.993	0	0
NR_135574.1	650	423.846	0	0
NR_135575.1	384	178.976	1.24648	0.313423
NR_135576.1	540	317.191	6.75352	0.958192
NR_135577.1	424	212.011	0	0
NR_135578.2	1534	1306.29	0	0
NR_135579.2	4793	4565.29	56.7413	0.559336
NR_135580.2	2592	2364.29	0	0
NR_135581.2	1993	1765.29	1.50538	0.0383771
NR_135582.2	1892	1664.29	4.38248	0.118504
NR_135583.2	4289	4061.29	21.0561	0.233323
NR_135584.1	455	238.796	0	0
NR_135585.2	681	454.225	2.79195	0.276617
NR_135587.1	603	377.687	14.8393	1.76817
NR_135588.1	387	181.366	0	0
NR_135589.1	620	394.338	0	0
NR_135590.1	3492	3264.29	0	0
NR_135591.1	3855	3627.29	269.982	3.34961
NR_135592.2	1226	998.293	10.7364	0.483996
NR_135593.2	1839	1611.29	0	0
NR_135594.1	2497	2269.29	6	0.118988
NR_135595.1	641	415.014	2.80383	0.30404
NR_135596.1	651	424.846	6	0.635568
NR_135597.1	770	542.487	0	0
NR_135598.2	7674	7446.29	123.397	0.745775
NR_135599.2	7941	7713.29	1003.57	5.85534
NR_135600.2	7528	7300.29	4.40293	0.0271421
NR_135601.2	7317	7089.29	2.43095	0.0154317
NR_135602.2	7489	7261.29	423.6	2.62533
NR_135603.2	7715	7487.29	2.05986	0.012381
NR_135604.2	7638	7410.29	41.1271	0.249767
NR_135605.2	7450	7222.29	5.55008	0.0345833
NR_135606.2	7541	7313.29	64.6268	0.397687
NR_135607.2	1969	1741.29	39.5145	1.02124
NR_135608.2	2212	1984.29	6.70226	0.152005
NR_135609.2	2083	1855.29	0	0
NR_135610.2	1803	1575.29	12.8328	0.366608
NR_135611.2	1575	1347.29	4.0008	0.133637
NR_135612.2	1389	1161.29	0	0
NR_135613.1	139	28.2339	0	0
NR_135614.1	499	279.049	0	0
NR_135615.1	135	26.7198	0	0
NR_135616.1	850	622.427	0	0
NR_135617.2	1485	1257.29	0	0
NR_135618.2	1271	1043.29	0	0
NR_135619.1	121	21.4671	0	0
NR_135620.2	132	25.5516	0	0
NR_135621.2	3717	3489.29	18.0067	0.232241
NR_135622.2	5787	5559.29	17.8279	0.144319
NR_135623.2	1144	916.293	30.3047	1.48839
NR_135624.2	2740	2512.29	0	0
NR_135625.3	2177	1949.29	0	0
NR_135626.2	837	609.427	0	0
NR_135627.2	1357	1129.29	119.402	4.75826
NR_135628.2	1950	1722.29	0	0
NR_135629.2	1957	1729.29	0	0
NR_135630.2	2014	1786.29	0	0
NR_135631.1	1634	1406.29	0	0
NR_135632.2	3407	3179.29	0	0
NR_135633.1	837	609.427	51	3.76609
NR_135634.1	1809	1581.29	1.38771	0.0394939
NR_135635.1	2303	2075.29	1	0.0216852
NR_135636.1	4453	4225.29	0	0
NR_135637.2	929	701.293	20.843	1.33753
NR_135638.1	976	748.293	0	0
NR_135639.1	1826	1598.29	3.68559	0.103775
NR_135640.1	1014	786.293	81.2174	4.64843
NR_135641.1	1656	1428.29	63.4677	1.99976
NR_135642.1	1944	1716.29	0	0
NR_135643.2	2050	1822.29	154.521	3.81603
NR_135644.1	398	190.353	1	0.236419
NR_135645.1	308	122.763	0	0
NR_135646.1	2048	1820.29	8.14634	0.201402
NR_135648.1	712	484.852	15.022	1.39432
NR_135649.2	5225	4997.29	59.9324	0.539721
NR_135650.2	5182	4954.29	31.6989	0.287942
NR_135651.2	4562	4334.29	23.1894	0.240776
NR_135652.2	5028	4800.29	170.221	1.59583
NR_135653.2	4565	4337.29	14.2307	0.147655
NR_135654.1	1452	1224.29	50.2383	1.84668
NR_135655.1	928	700.293	0	0
NR_135656.1	605	379.687	0	0
NR_135657.1	492	272.443	68.0773	11.2452
NR_135658.1	475	257.02	28.3749	4.96832
NR_135659.1	2636	2408.29	0	0
NR_135660.1	2538	2310.29	0.00625573	0.000121858
NR_135661.1	2626	2398.29	0	0
NR_135662.1	2335	2107.29	34.2109	0.730604
NR_135663.1	1935	1707.29	0	0
NR_135664.1	2528	2300.29	45.8633	0.897272
NR_135665.1	2727	2499.29	29	0.522183
NR_135666.1	657	430.76	0	0
NR_135667.1	657	430.76	0	0
NR_135668.1	1518	1290.29	0	0
NR_135669.1	960	732.293	0	0
NR_135670.1	661	434.717	0	0
NR_135671.1	508	287.414	0	0
NR_135673.1	778	550.487	0	0
NR_135674.1	738	510.753	8.38258	0.7386
NR_135675.1	623	397.299	0	0
NR_135677.2	2664	2436.29	788.973	14.5739
NR_135678.1	752	524.701	3	0.257307
NR_135679.1	483	264.32	0	0
NR_135680.1	655	428.76	0	0
NR_135681.1	3003	2775.29	1.15221	0.0186838
NR_135682.1	351	153.209	0	0
NR_135683.1	513	291.914	0	0
NR_135684.1	642	416.014	0	0
NR_135685.1	512	290.943	0	0
NR_135686.1	1830	1602.29	0	0
NR_135687.1	716	488.852	1.1117	0.102342
NR_135688.2	5144	4916.29	0	0
NR_135689.2	7460	7232.29	355.507	2.21215
NR_135690.1	1823	1595.29	0	0
NR_135691.1	3206	2978.29	3	0.0453311
NR_135692.1	3769	3541.29	0	0
NR_135693.1	455	238.796	2	0.376917
NR_135694.1	557	333.141	0	0
NR_135695.1	557	333.141	0	0
NR_135737.1	557	333.141	49.8085	6.72849
NR_135738.1	1029	801.293	13.1301	0.737428
NR_135739.2	2301	2073.29	39.7242	0.862258
NR_135740.1	1322	1094.29	6.49903	0.267274
NR_135741.1	1392	1164.29	0	0
NR_135742.2	3451	3223.29	42.3582	0.591398
NR_135743.1	2261	2033.29	24.7961	0.548815
NR_135744.1	2191	1963.29	0	0
NR_135745.2	4566	4338.29	0	0
NR_135746.2	4688	4460.29	65.4015	0.659883
NR_135747.2	4626	4398.29	70.2533	0.718828
NR_135748.1	2858	2630.29	0	0
NR_135749.1	2838	2610.29	0	0
NR_135750.2	2793	2565.29	0	0
NR_135751.1	2698	2470.29	0	0
NR_135752.1	2465	2237.29	0	0
NR_135753.2	5757	5529.29	0	0
NR_135754.2	5605	5377.29	7.53411e-08	6.30537e-10
NR_135755.2	6159	5931.29	0	0
NR_135756.2	5716	5488.29	0	0
NR_135757.2	5826	5598.29	0	0
NR_135758.2	5880	5652.29	0	0
NR_135759.2	6047	5819.29	0	0
NR_135760.1	1048	820.293	0	0
NR_135761.1	576	351.35	5.9765	0.765506
NR_135762.2	890	662.427	0	0
NR_135763.2	885	657.427	173.562	11.8809
NR_135764.1	1546	1318.29	2.16114	0.0737756
NR_135765.1	2563	2335.29	1	0.0192708
NR_135769.1	2590	2362.29	68.1423	1.29815
NR_135770.1	2018	1790.29	43.8406	1.10203
NR_135771.1	2002	1774.29	6.81411	0.172833
NR_135772.1	2022	1794.29	7.20547	0.180722
NR_135773.2	5848	5620.29	0	0
NR_135774.2	5588	5360.29	0	0
NR_135775.2	1932	1704.29	38.2772	1.01074
NR_135776.2	2675	2447.29	0	0
NR_135777.2	2981	2753.29	73.134	1.19539
NR_135778.2	2290	2062.29	296.042	6.46019
NR_135779.2	2404	2176.29	0	0
NR_135780.2	2394	2166.29	2.76299	0.057399
NR_135781.2	2061	1833.29	57.0233	1.39979
NR_135782.2	1743	1515.29	15.5797	0.462706
NR_135783.2	1470	1242.29	11.7075	0.424112
NR_135784.2	2829	2601.29	43.446	0.751627
NR_135785.2	1469	1241.29	0	0
NR_135786.2	2816	2588.29	56.0426	0.974421
NR_135787.2	3130	2902.29	3.86892	0.0599916
NR_135788.2	3072	2844.29	0	0
NR_135789.2	4010	3782.29	95.773	1.13954
NR_135790.1	3511	3283.29	74.0873	1.01549
NR_135791.1	3690	3462.29	103.925	1.35083
NR_135792.1	3302	3074.29	19.534	0.285948
NR_135793.1	3356	3128.29	24.4939	0.352365
NR_135794.2	6324	6096.29	0	0
NR_135795.2	6339	6111.29	0	0
NR_135796.2	6370	6142.29	0	0
NR_135797.2	6514	6286.29	0	0
NR_135798.2	2333	2105.29	0	0
NR_135799.1	582	357.279	0	0
NR_135800.2	2137	1909.29	31.6313	0.745566
NR_135801.2	2475	2247.29	0	0
NR_135802.2	2364	2136.29	0	0
NR_135803.1	427	214.584	0	0
NR_135804.1	2222	1994.29	0	0
NR_135805.1	1207	979.293	0	0
NR_135806.2	6974	6746.29	37.9887	0.253415
NR_135807.2	6820	6592.29	23.0386	0.157276
NR_135808.2	6775	6547.29	14.6297	0.100558
NR_135809.2	6731	6503.29	21.6721	0.149972
NR_135810.2	6686	6458.29	83.7166	0.583359
NR_135811.2	6596	6368.29	24.0213	0.169752
NR_135812.1	6486	6258.29	61.0676	0.439134
NR_135813.1	553	329.241	2	0.273375
NR_135814.1	374	171.054	0	0
NR_135815.1	7873	7645.29	68.7607	0.404751
NR_135816.1	2260	2032.29	1	0.022144
NR_135817.1	394	187.168	0	0
NR_135818.1	932	704.293	0	0
NR_135819.1	927	699.293	0	0
NR_135820.1	605	379.687	0	0
NR_135821.2	5785	5557.29	0	0
NR_135822.1	703	475.947	4	0.378219
NR_135823.1	4484	4256.29	117.935	1.24696
NR_135824.1	1798	1570.29	0	0
NR_135825.1	2977	2749.29	0	0
NR_135826.2	5191	4963.29	0	0
NR_135827.1	4204	3976.29	50.4545	0.571036
NR_135828.1	3275	3047.29	86.6047	1.279
NR_135829.2	1667	1439.29	0	0
NR_135830.2	1611	1383.29	1736.4	56.4907
NR_135831.1	4191	3963.29	66.667	0.757002
NR_135832.1	1109	881.293	0	0
NR_135833.1	563	338.802	2.3282	0.309254
NR_135834.1	1030	802.293	1	0.0560931
NR_135835.2	820	592.487	0	0
NR_135836.1	600	374.838	1	0.12006
NR_135837.1	1520	1292.29	0	0
NR_135838.1	1007	779.293	17	0.981726
NR_135839.1	1484	1256.29	44.1926	1.58307
NR_135840.1	1129	901.293	11.141	0.55629
NR_135841.2	3245	3017.29	0	0
NR_135842.2	3265	3037.29	35.1345	0.520582
NR_135843.2	3184	2956.29	261.828	3.98576
NR_135844.2	2647	2419.29	31.5527	0.586935
NR_135845.2	3353	3125.29	135.948	1.9576
NR_135846.2	2813	2585.29	31.8259	0.554005
NR_135847.2	2702	2474.29	0	0
NR_135848.2	3187	2959.29	147.208	2.23865
NR_135849.2	3333	3105.29	114.095	1.65351
NR_135850.2	3262	3034.29	0	0
NR_135851.2	3350	3122.29	131.984	1.90235
NR_135852.2	2644	2416.29	0	0
NR_135853.2	2793	2565.29	25.3537	0.444781
NR_135854.2	3242	3014.29	0	0
NR_135855.2	1886	1658.29	45.6211	1.23807
NR_135856.1	1978	1750.29	0	0
NR_135904.2	4998	4770.29	0	0
NR_135905.2	3432	3204.29	0	0
NR_135906.2	2873	2645.29	9.71698	0.16531
NR_135907.2	3119	2891.29	0.0416409	0.000648142
NR_135908.2	2813	2585.29	0	0
NR_135909.2	3329	3101.29	0.156212	0.00226681
NR_135910.2	3679	3451.29	0	0
NR_135911.2	3799	3571.29	0.442176	0.00557202
NR_135912.2	4358	4130.29	0	0
NR_135913.2	4045	3817.29	0.0758366	0.000894058
NR_135914.2	4421	4193.29	38.0273	0.408114
NR_135915.2	3373	3145.29	20.7272	0.296566
NR_135916.2	3802	3574.29	0	0
NR_135917.2	3372	3144.29	12.7785	0.182894
NR_135918.2	3330	3102.29	29.2155	0.423812
NR_135920.3	5997	5769.29	0	0
NR_135921.1	1827	1599.29	39	1.09743
NR_135922.1	5935	5707.29	1.41617	0.0111668
NR_135923.2	2742	2514.29	107.224	1.91919
NR_135924.2	652	425.803	9.3048	0.983423
NR_136146.1	851	623.427	0	0
NR_136147.1	1209	981.293	0	0
NR_136148.1	825	597.427	0	0
NR_136149.1	1210	982.293	0	0
NR_136150.1	1095	867.293	0	0
NR_136151.1	772	544.487	20	1.65305
NR_136152.2	3128	2900.29	0	0
NR_136153.2	3207	2979.29	32.659	0.493324
NR_136154.1	5113	4885.29	63.0166	0.580506
NR_136155.2	7897	7669.29	529.38	3.10638
NR_136156.2	7788	7560.29	5.7577	0.034273
NR_136157.2	7728	7500.29	49.3745	0.296256
NR_136158.2	4725	4497.29	41.6905	0.417184
NR_136159.2	3606	3378.29	10.0463	0.133829
NR_136160.2	1431	1203.29	28.6317	1.07082
NR_136161.1	1655	1427.29	158.841	5.00832
NR_136162.1	3910	3682.29	13.8779	0.169609
NR_136163.1	2273	2045.29	122.293	2.69084
NR_136164.1	2046	1818.29	105.106	2.60139
NR_136165.1	1437	1209.29	100.266	3.73134
NR_136166.1	3470	3242.29	1482.5	20.5771
NR_136167.1	1981	1753.29	4	0.102671
NR_136168.1	2263	2035.29	0	0
NR_136169.1	2201	1973.29	0	0
NR_136171.1	845	617.427	0	0
NR_136172.1	444	229.227	0	0
NR_136173.2	5377	5149.29	0	0
NR_136174.2	3114	2886.29	7.92649	0.12359
NR_136175.1	1890	1662.29	12	0.324875
NR_136176.1	484	265.13	1	0.169739
NR_136177.1	499	279.049	0	0
NR_136178.1	289	110.463	0	0
NR_136179.1	433	219.537	0	0
NR_136180.1	932	704.293	0	0
NR_136181.1	2673	2445.29	0	0
NR_136182.2	3910	3682.29	153.094	1.87103
NR_136183.2	4011	3783.29	682.988	8.12429
NR_136184.2	3891	3663.29	257.719	3.16604
NR_136185.1	630	404.218	0	0
NR_136186.1	526	304.007	0	0
NR_136187.1	747	519.701	0	0
NR_136188.1	2167	1939.29	0	0
NR_136189.1	635	409.096	0	0
NR_136190.1	977	749.293	1	0.0600607
NR_136191.1	2994	2766.29	0	0
NR_136192.1	4289	4061.29	0	0
NR_136193.1	4986	4758.29	4.62312	0.0437246
NR_136194.1	4456	4228.29	0	0
NR_136195.1	1671	1443.29	22.721	0.708461
NR_136196.1	743	515.753	3.1414	0.27411
NR_136197.1	4360	4132.29	68.8849	0.750197
NR_136198.1	4177	3949.29	0	0
NR_136199.1	4499	4271.29	26.54	0.27963
NR_136200.1	4989	4761.29	0	0
NR_136201.1	5156	4928.29	32.7993	0.299509
NR_136202.1	766	538.541	3	0.250694
NR_136203.2	2154	1926.29	15.244	0.356139
NR_136204.1	888	660.427	0	0
NR_136205.1	763	535.541	1	0.0840329
NR_136206.2	3346	3118.29	9.92249e-07	1.43201e-08
NR_136207.1	459	242.274	0	0
NR_136208.2	1254	1026.29	6.65466	0.291808
NR_136209.1	327	136.154	0	0
NR_136210.2	6405	6177.29	0	0
NR_136211.2	3532	3304.29	83.0688	1.13136
NR_136212.1	3430	3202.29	21.9308	0.308202
NR_136213.2	6304	6076.29	0	0
NR_136214.1	1604	1376.29	0	0
NR_136215.1	424	212.011	11	2.33494
NR_136216.2	6492	6264.29	0	0
NR_136217.1	2237	2009.29	0	0
NR_136218.1	2390	2162.29	0	0
NR_136219.1	2423	2195.29	0	0
NR_136220.1	2253	2025.29	0	0
NR_136221.1	2146	1918.29	4.00073	0.0938569
NR_136222.1	2300	2072.29	0	0
NR_136223.1	2041	1813.29	9	0.223366
NR_136224.1	1597	1369.29	0	0
NR_136225.2	5799	5571.29	24.7442	0.199876
NR_136226.2	5545	5317.29	0	0
NR_136227.2	5367	5139.29	0	0
NR_136228.3	5876	5648.29	1031.31	8.217
NR_136229.2	2199	1971.29	219.379	5.00824
NR_136230.2	2320	2092.29	302.062	6.49706
NR_136231.3	6043	5815.29	0	0
NR_136232.3	5272	5044.29	26.6305	0.237586
NR_136233.3	5095	4867.29	21.1274	0.195344
NR_136234.3	5129	4901.29	104.86	0.962813
NR_136235.3	5151	4923.29	177.668	1.62404
NR_136236.3	5354	5126.29	25.1986	0.221216
NR_136237.3	5475	5247.29	55.3709	0.474885
NR_136238.3	5216	4988.29	0	0
NR_136239.2	732	504.753	0	0
NR_136240.1	4736	4508.29	179	1.78683
NR_136241.2	2363	2135.29	10.2355	0.215722
NR_136242.2	2858	2630.29	8.07111	0.138093
NR_136243.2	2637	2409.29	55.1676	1.03047
NR_136244.1	807	579.487	4.34328	0.3373
NR_136245.1	2020	1792.29	6.65672	0.167145
NR_136246.1	770	542.487	0	0
NR_136248.1	3280	3052.29	0	0
NR_136249.1	2895	2667.29	8.14131	0.137362
NR_136250.1	488	268.748	0	0
NR_136251.1	523	301.192	0	0
NR_136252.1	819	591.487	1.6287	0.123919
NR_136253.1	443	228.322	0.3713	0.0731845
NR_136254.1	575	350.386	0	0
NR_136255.1	4208	3980.29	246.918	2.79177
NR_136256.1	3267	3039.29	0	0
NR_136261.1	882	654.427	0	0
NR_136262.1	503	282.705	0	0
NR_136263.1	589	364.098	0	0
NR_136264.1	648	421.846	0	0
NR_136265.2	2851	2623.29	19.6207	0.336597
NR_136266.2	2848	2620.29	81.2704	1.3958
NR_136267.1	1247	1019.29	1	0.0441513
NR_136268.1	3586	3358.29	0	0
NR_136269.1	564	339.768	0	0
NR_136270.1	832	604.427	0	0
NR_136271.1	744	516.753	0	0
NR_136272.1	628	402.259	0	0
NR_136273.2	2986	2758.29	11.8404	0.193182
NR_136274.1	1623	1395.29	0	0
NR_136275.1	1501	1273.29	0	0
NR_136276.2	2900	2672.29	0	0
NR_136278.1	824	596.427	5	0.377272
NR_136279.1	1454	1226.29	1	0.0366985
NR_136280.2	4839	4611.29	0	0
NR_136281.2	4778	4550.29	0	0
NR_136282.2	4759	4531.29	0	0
NR_136283.2	4622	4394.29	0	0
NR_136284.2	4529	4301.29	0	0
NR_136285.2	4392	4164.29	0	0
NR_136286.1	3920	3692.29	2	0.0243768
NR_136287.2	2426	2198.29	33.7714	0.691363
NR_136288.1	1884	1656.29	32.9462	0.895181
NR_136289.1	2020	1792.29	18.9975	0.477013
NR_136290.1	1954	1726.29	33.8391	0.882159
NR_136291.2	2141	1913.29	0	0
NR_136292.2	2075	1847.29	0	0
NR_136293.2	2311	2083.29	6.19059	0.133728
NR_136294.2	2245	2017.29	43.6578	0.973946
NR_136295.2	2116	1888.29	48.2264	1.14936
NR_136296.2	2141	1913.29	0	0
NR_136297.2	2005	1777.29	0	0
NR_136298.2	6126	5898.29	0	0
NR_136299.1	562	337.904	0	0
NR_136300.1	2507	2279.29	8.28883	0.163657
NR_136301.1	2703	2475.29	0	0
NR_136302.1	2055	1827.29	161.032	3.96594
NR_136303.3	2537	2309.29	22.2888	0.43436
NR_136304.2	5607	5379.29	0	0
NR_136305.2	4888	4660.29	0	0
NR_136307.2	3723	3495.29	0	0
NR_136308.2	3629	3401.29	0	0
NR_136309.2	4022	3794.29	0	0
NR_136310.1	1543	1315.29	0	0
NR_136311.1	365	164.195	0	0
NR_136312.1	455	238.796	0	0
NR_136313.2	5887	5659.29	0	0
NR_136316.2	865	637.427	0	0
NR_136317.1	404	195.215	0	0
NR_136318.1	386	180.662	0	0
NR_136319.1	630	404.218	0	0
NR_136320.1	343	147.405	3	0.915904
NR_136321.1	433	219.537	0	0
NR_136322.1	603	377.687	0	0
NR_136323.1	399	191.106	1	0.235487
NR_136324.2	1232	1004.29	10.5246	0.471616
NR_136325.1	643	416.972	0	0
NR_136326.2	5753	5525.29	1192.9	9.7161
NR_136327.2	1588	1360.29	0	0
NR_136328.1	1144	916.293	0	0
NR_136329.1	577	352.35	0	0
NR_136330.3	6956	6728.29	0	0
NR_136331.3	6517	6289.29	13.182	0.0943239
NR_136332.2	2477	2249.29	37.5587	0.751462
NR_136333.1	831	603.427	1	0.0745791
NR_136334.1	2601	2373.29	0	0
NR_136335.2	2867	2639.29	683.62	11.6565
NR_136336.2	2965	2737.29	2.72021	0.0447222
NR_136337.1	733	505.753	0	0
NR_136339.1	1576	1348.29	0	0
NR_136342.2	4129	3901.29	8.70623	0.10043
NR_136343.1	2342	2114.29	0	0
NR_136344.2	1427	1199.29	37.2771	1.39881
NR_136397.1	457	240.449	1	0.187163
NR_136398.1	850	622.427	1	0.0723025
NR_136399.2	6018	5790.29	73.1803	0.568769
NR_136400.1	896	668.361	0	0
NR_136401.2	733	505.753	51.1746	4.55364
NR_136402.2	365	164.195	9.14232	2.50576
NR_136403.1	816	588.487	10.4532	0.799386
NR_136405.2	2874	2646.29	196.166	3.33602
NR_136406.1	539	316.223	0	0
NR_136407.1	388	182.168	0	0
NR_136409.2	6149	5921.29	63.1293	0.479796
NR_136410.2	3657	3429.29	49.2648	0.646509
NR_136411.2	1255	1027.29	0	0
NR_136412.1	443	228.322	17	3.35076
NR_136413.1	1615	1387.29	6.31603	0.204889
NR_136415.1	359	159.675	0	0
NR_136416.1	885	657.427	0	0
NR_136417.1	653	426.803	0	0
NR_136503.1	695	468.041	0	0
NR_136504.1	1200	972.293	4.18366	0.193643
NR_136505.1	500	280.02	13	2.08928
NR_136506.2	5275	5047.29	0	0
NR_136507.2	4782	4554.29	0	0
NR_136508.2	5236	5008.29	0	0
NR_136509.2	4501	4273.29	20.5976	0.216918
NR_136510.2	4617	4389.29	44.4863	0.456115
NR_136511.2	3176	2948.29	0	0
NR_136512.2	4535	4307.29	0.000778511	8.13397e-06
NR_136513.2	2561	2333.29	13.8158	0.266471
NR_136514.1	1162	934.293	32.0597	1.54425
NR_136518.1	464	246.768	3.463	0.631547
NR_136519.2	2188	1960.29	3.69455	0.0848171
NR_136520.2	2119	1891.29	4.09313	0.0973954
NR_136521.2	437	223.004	0	0
NR_136522.2	646	419.888	0	0
NR_136523.2	1709	1481.29	8	0.243048
NR_136524.2	10409	10181.3	0	0
NR_136525.1	2426	2198.29	0	0
NR_136526.1	826	598.427	0	0
NR_136527.1	736	508.753	7	0.619204
NR_136528.1	782	554.487	0	0
NR_136529.1	715	487.852	2	0.184495
NR_136530.2	3195	2967.29	5.96464	0.090462
NR_136531.2	3008	2780.29	75.6359	1.22428
NR_136532.2	3011	2783.29	0.873598	0.0141252
NR_136533.2	3192	2964.29	9.90017	0.150302
NR_136534.2	3192	2964.29	118.151	1.79373
NR_136535.1	202	59.5762	6	4.53233
NR_136536.2	1127	899.293	0	0
NR_136537.1	698	470.947	0	0
NR_136538.2	1059	831.293	0	0
NR_136539.2	857	629.427	0	0
NR_136540.1	674	447.496	1	0.100566
NR_136541.1	1877	1649.29	1.60192	0.0437104
NR_136542.1	4542	4314.29	0	0
NR_136543.1	4220	3992.29	0	0
NR_136544.1	4433	4205.29	3.77508	0.0403991
NR_136545.1	4548	4320.29	1.98676	0.0206954
NR_136546.1	4372	4144.29	0	0
NR_136547.1	3983	3755.29	2.68125	0.0321318
NR_136548.1	4237	4009.29	0	0
NR_136549.1	4164	3936.29	0	0
NR_136550.1	4172	3944.29	2.48135	0.0283114
NR_136551.1	4316	4088.29	0	0
NR_136552.1	4431	4203.29	2.70117	0.0289205
NR_136553.2	4611	4383.29	0	0
NR_136554.2	3920	3692.29	17.2778	0.210588
NR_136555.2	4062	3834.29	0	0
NR_136556.2	1028	800.293	35.3213	1.98623
NR_136557.1	1203	975.293	15.105	0.696992
NR_136558.2	566	341.699	2.17629	0.286626
NR_136559.2	3106	2878.29	0	0
NR_136560.2	3186	2958.29	0.0136681	0.000207926
NR_136561.2	1849	1621.29	0	0
NR_136562.2	5468	5240.29	0	0
NR_136563.2	6524	6296.29	0	0
NR_136564.2	3907	3679.29	155.822	1.90593
NR_136565.2	3548	3320.29	11.2985	0.153139
NR_136566.2	3823	3595.29	0.00810397	0.000101439
NR_136567.2	3708	3480.29	0.130766	0.00169092
NR_136568.2	2569	2341.29	23.9049	0.459487
NR_136569.2	1901	1673.29	1.40697	0.0378402
NR_136570.2	2984	2756.29	0	0
NR_136571.2	3191	2963.29	0	0
NR_136572.2	818	590.487	0	0
NR_136575.1	1882	1654.29	0	0
NR_136576.2	1847	1619.29	0	0
NR_136577.1	3934	3706.29	0	0
NR_136578.1	432	218.698	0	0
NR_136579.2	2469	2241.29	0	0
NR_136580.2	2971	2743.29	0	0
NR_136582.2	3072	2844.29	21.4588	0.339527
NR_136583.2	5810	5582.29	0	0
NR_136584.2	5805	5577.29	0	0
NR_136585.2	5810	5582.29	0	0
NR_136586.2	9021	8793.29	169.98	0.86994
NR_136587.2	776	548.487	39.4477	3.23667
NR_136588.1	1139	911.293	1	0.0493838
NR_136589.1	1160	932.293	0	0
NR_136590.1	1865	1637.29	14.2882	0.392728
NR_136591.1	1741	1513.29	8.67012	0.257836
NR_136592.1	2042	1814.29	35.0518	0.869451
NR_136593.1	3568	3340.29	31.9904	0.431
NR_136594.2	2839	2611.29	16.2489	0.280034
NR_136595.2	4657	4429.29	0	0
NR_136596.2	2861	2633.29	55.9442	0.956088
NR_136597.2	4545	4317.29	60.6817	0.632541
NR_136598.2	3992	3764.29	0	0
NR_136599.2	2551	2323.29	38.3139	0.742155
NR_136600.3	1468	1240.29	0	0
NR_136601.3	1455	1227.29	4.97831	0.182548
NR_136602.3	1399	1171.29	0	0
NR_136603.2	2542	2314.29	0	0
NR_136604.2	2849	2621.29	0	0
NR_136605.2	2548	2320.29	140.65	2.72797
NR_136606.2	2770	2542.29	384.131	6.7998
NR_136607.2	2718	2490.29	0	0
NR_136608.2	2608	2380.29	0	0
NR_136609.2	2608	2380.29	165.6	3.13092
NR_136610.2	2721	2493.29	59.1819	1.06821
NR_136611.2	2658	2430.29	0	0
NR_136612.1	3468	3240.29	0	0
NR_136613.2	2299	2071.29	9.97369	0.216699
NR_136614.1	1157	929.293	1	0.0484272
NR_136615.2	5732	5504.29	1.49017	0.0121836
NR_136616.2	5663	5435.29	80.1203	0.663379
NR_136617.2	3839	3611.29	7.83873	0.0976844
NR_136618.2	1885	1657.29	0	0
NR_136619.2	1641	1413.29	3.84404	0.122405
NR_136620.2	1525	1297.29	0	0
NR_136621.2	1285	1057.29	0	0
NR_136622.2	5911	5683.29	12.5743	0.0995697
NR_136623.2	2961	2733.29	0	0
NR_136624.1	1654	1426.29	0	0
NR_136625.1	663	436.717	0	0
NR_136626.2	2401	2173.29	11.4227	0.236533
NR_136627.2	2536	2308.29	0.73894	0.0144066
NR_136628.2	2222	1994.29	0	0
NR_136629.2	2155	1927.29	0	0
NR_136630.2	2409	2181.29	0	0
NR_136631.2	2489	2261.29	0	0
NR_136632.2	1416	1188.29	7.57429	0.286854
NR_136633.2	2452	2224.29	0	0
NR_136634.2	2827	2599.29	5.02275	0.0869618
NR_136635.2	6911	6683.29	19.1173	0.12873
NR_136636.2	2772	2544.29	0	0
NR_136637.1	2195	1967.29	49	1.12091
NR_136638.1	1174	946.293	0	0
NR_136639.1	878	650.427	0	0
NR_136640.1	443	228.322	0	0
NR_136641.1	604	378.687	0	0
NR_136642.1	5440	5212.29	5.01614	0.0433095
NR_136643.1	1111	883.293	2.44795	0.124721
NR_136644.1	4020	3792.29	396.742	4.70813
NR_136645.2	2568	2340.29	8.16013	0.156917
NR_136646.2	2786	2558.29	3.53911	0.0622567
NR_136647.2	2753	2525.29	0	0
NR_136648.2	2756	2528.29	17.9639	0.319753
NR_136649.2	1800	1572.29	346.528	9.91853
NR_136650.3	2017	1789.29	1.78713e-05	4.49487e-07
NR_136651.3	2022	1794.29	334.723	8.39526
NR_136652.3	1932	1704.29	0.227467	0.00600642
NR_136654.2	1472	1244.29	0	0
NR_136655.2	2039	1811.29	35.9438	0.893053
NR_136656.2	1381	1153.29	124.647	4.86388
NR_136657.2	1863	1635.29	39.7269	1.09328
NR_136658.2	4413	4185.29	185.981	1.99979
NR_136659.2	3676	3448.29	11.8849	0.155107
NR_136660.2	2405	2177.29	0	0
NR_136661.2	4156	3928.29	240.422	2.7543
NR_136662.2	4275	4047.29	0	0
NR_136663.2	4218	3990.29	188.311	2.1238
NR_136664.2	3700	3472.29	70.4949	0.913658
NR_136665.2	3498	3270.29	0	0
NR_136666.2	3459	3231.29	96.6991	1.34675
NR_136667.2	3384	3156.29	26.7097	0.380833
NR_136669.3	5321	5093.29	258.444	2.28355
NR_136671.2	2323	2095.29	2.52611	0.0542562
NR_136672.2	2210	1982.29	27.8902	0.633177
NR_136673.2	2193	1965.29	0.766914	0.0175615
NR_136674.2	2080	1852.29	0	0
NR_136675.2	1155	927.293	9.30622	0.451646
NR_136676.2	1582	1354.29	50.7321	1.68582
NR_136677.2	1388	1160.29	0	0
NR_136678.2	1066	838.293	15.4099	0.827269
NR_136684.2	11158	10930.3	76.6872	0.315743
NR_136685.2	4072	3844.29	18.3688	0.215033
NR_136687.2	2818	2590.29	129.133	2.24352
NR_136688.2	2775	2547.29	0	0
NR_136689.2	2939	2711.29	27.5935	0.458008
NR_136690.2	1307	1079.29	4.9058	0.204556
NR_136691.2	2008	1780.29	0	0
NR_136692.2	1752	1524.29	0	0
NR_136693.2	1778	1550.29	0	0
NR_136695.2	3544	3316.29	114.489	1.55366
NR_136696.2	3327	3099.29	48.2707	0.700912
NR_136697.2	3345	3117.29	200.902	2.90034
NR_136698.2	3276	3048.29	0.131741	0.00194495
NR_136699.2	3294	3066.29	2.38918	0.0350653
NR_136700.2	3784	3556.29	242.587	3.06981
NR_136702.2	2306	2078.29	2962.66	64.153
NR_136703.2	2315	2087.29	25.4716	0.549181
NR_136704.1	8373	8145.29	8.99612	0.0497039
NR_136705.1	12729	12501.3	27.3984	0.0986309
NR_136706.2	2284	2056.29	0	0
NR_136707.2	593	367.988	61.7378	7.55022
NR_136708.2	3119	2891.29	0	0
NR_136709.2	4255	4027.29	53.263	0.595188
NR_136710.2	4150	3922.29	21.9036	0.251315
NR_136711.2	2034	1806.29	0	0
NR_136712.2	2221	1993.29	0	0
NR_136713.2	1883	1655.29	0	0
NR_136714.2	1842	1614.29	0	0
NR_136715.2	7877	7649.29	294.345	1.73172
NR_136716.2	4726	4498.29	0	0
NR_136717.2	4488	4260.29	0	0
NR_136718.2	4806	4578.29	0	0
NR_136719.2	4596	4368.29	1.00005	0.0103028
NR_136720.2	4657	4429.29	0	0
NR_136721.2	4391	4163.29	0	0
NR_136722.1	4485	4257.29	0	0
NR_136723.1	4803	4575.29	0	0
NR_136724.1	4723	4495.29	0	0
NR_136725.2	2321	2093.29	0	0
NR_136726.2	3349	3121.29	0	0
NR_136727.2	3364	3136.29	17.9443	0.257485
NR_136728.2	6601	6373.29	15.6488	0.110499
NR_136729.2	6695	6467.29	0	0
NR_136730.2	7729	7501.29	0	0
NR_136731.1	5007	4779.29	0	0
NR_136732.1	6699	6471.29	0.787153	0.00547407
NR_136733.1	4232	4004.29	0	0
NR_136734.1	11447	11219.3	111.968	0.44913
NR_136735.2	2777	2549.29	18.9391	0.334335
NR_136736.2	5439	5211.29	177.338	1.53143
NR_136737.1	2981	2753.29	10.7421	0.175582
NR_136738.2	5254	5026.29	0	0
NR_136739.2	7225	6997.29	169.712	1.0915
NR_136740.2	6462	6234.29	0	0
NR_136741.2	6529	6301.29	0	0
NR_136742.2	6677	6449.29	0	0
NR_136743.2	6613	6385.29	0	0
NR_136744.2	6680	6452.29	0	0
NR_136745.2	5708	5480.29	25	0.205295
NR_136746.2	6872	6644.29	0	0
NR_136747.2	9153	8925.29	0	0
NR_136748.1	8837	8609.29	0	0
NR_136749.2	2947	2719.29	190.243	3.14844
NR_136752.3	4016	3788.29	13.6669	0.162356
NR_136753.3	3096	2868.29	0	0
NR_136754.3	4314	4086.29	0	0
NR_136755.3	4381	4153.29	0	0
NR_136756.3	4170	3942.29	0	0
NR_136757.2	3727	3499.29	0	0
NR_136758.2	3890	3662.29	27.6405	0.339653
NR_136885.1	2918	2690.29	0	0
NR_136887.2	5852	5624.29	53.423	0.427467
NR_136888.3	6198	5970.29	36.8622	0.277861
NR_136893.2	1557	1329.29	59.9428	2.02936
NR_136897.2	8313	8085.29	0	0
NR_136898.2	8377	8149.29	0	0
NR_136910.2	2889	2661.29	34.8439	0.589219
NR_136935.2	4848	4620.29	0	0
NR_136936.2	17993	17765.3	15.2216	0.0385594
NR_137166.2	403	194.403	0	0
NR_137167.1	1670	1442.29	0	0
NR_137169.2	15772	15544.3	0	0
NR_137173.2	8298	8070.29	6.1054	0.0340461
NR_137175.1	3400	3172.29	13.6764	0.194017
NR_137176.1	3124	2896.29	874.27	13.5846
NR_137177.1	3103	2875.29	393.505	6.159
NR_137178.1	1561	1333.29	528.646	17.8436
NR_137179.1	3083	2855.29	1.41712e-06	2.23357e-08
NR_137180.1	3141	2913.29	0	0
NR_137181.1	3026	2798.29	16.8973	0.271747
NR_137182.1	3108	2880.29	214.853	3.35697
NR_137183.1	3017	2789.29	266.958	4.30716
NR_137184.1	2935	2707.29	78.461	1.30425
NR_137185.1	2996	2768.29	95.004	1.54444
NR_137186.1	2905	2677.29	2133.46	35.8616
NR_137187.1	2884	2656.29	184.232	3.12127
NR_137188.1	2974	2746.29	59.433	0.973919
NR_137189.1	3421	3193.29	244.547	3.4464
NR_137190.1	3454	3226.29	55.1746	0.769622
NR_137191.1	3433	3205.29	26.4749	0.371714
NR_137192.1	3293	3065.29	73.8387	1.08406
NR_137193.1	3120	2892.29	0	0
NR_137194.1	2995	2767.29	79.3494	1.29042
NR_137195.1	3163	2935.29	0	0
NR_137196.1	3184	2956.29	56.2565	0.856382
NR_137280.2	2425	2197.29	0	0
NR_137281.2	2522	2294.29	15.5907	0.305815
NR_137287.2	5372	5144.29	0	0
NR_137288.2	5252	5024.29	20.7529	0.185885
NR_137329.2	5415	5187.29	0	0
NR_137330.2	8117	7889.29	0	0
NR_137422.2	2713	2485.29	0	0
NR_137424.1	2300	2072.29	2.71026	0.0588575
NR_137425.1	2282	2054.29	0	0
NR_137426.2	1725	1497.29	0	0
NR_137427.2	1620	1392.29	17.8919	0.578319
NR_137428.2	1704	1476.29	0	0
NR_137429.2	3510	3282.29	0	0
NR_137430.2	3474	3246.29	0	0
NR_137431.2	3315	3087.29	0	0
NR_137432.2	3297	3069.29	0	0
NR_137433.2	3132	2904.29	0	0
NR_137434.2	3477	3249.29	0	0
NR_137435.2	2418	2190.29	0	0
NR_137436.2	1993	1765.29	1.00009	0.0254956
NR_137437.2	1595	1367.29	14.6455	0.482042
NR_137438.2	1966	1738.29	4.0557	0.104999
NR_137439.2	1924	1696.29	17.0861	0.453298
NR_137440.2	1970	1742.29	7.12424	0.184018
NR_137630.2	592	367.025	3.03711	0.372398
NR_137631.2	615	389.417	0	0
NR_137632.2	831	603.427	42.1347	3.14237
NR_137633.2	7974	7746.29	0	0
NR_137635.2	880	652.427	5.63567	0.388737
NR_137636.2	2484	2256.29	0	0
NR_137637.1	5823	5595.29	27.5598	0.221664
NR_137639.2	557	333.141	183.723	24.8186
NR_138023.2	3241	3013.29	0	0
NR_138024.2	6165	5937.29	0	0
NR_138025.2	6064	5836.29	2.95912	0.0228175
NR_138026.2	6161	5933.29	52.3025	0.396706
NR_138027.2	6481	6253.29	0	0
NR_138028.2	5951	5723.29	6.67421	0.0524803
NR_138029.2	7162	6934.29	0	0
NR_138030.2	934	706.293	9.95636	0.634392
NR_138031.1	1391	1163.29	0	0
NR_138032.1	1239	1011.29	0	0
NR_138033.2	3469	3241.29	24.5355	0.340658
NR_138034.2	626	400.259	6.94885	0.781294
NR_138035.2	2324	2096.29	1.44213	0.0309596
NR_138036.2	2447	2219.29	18.0397	0.365812
NR_138037.1	1219	991.293	3.12837	0.142023
NR_138038.1	484	265.13	0	0
NR_138039.2	3607	3379.29	35.0168	0.46633
NR_138040.1	856	628.427	0	0
NR_138041.1	305	120.879	0	0
NR_138042.1	2990	2762.29	0	0
NR_138043.1	1168	940.293	2	0.0957214
NR_138044.2	1619	1391.29	47.2269	1.52761
NR_138045.1	628	402.259	0	0
NR_138046.2	1980	1752.29	106.888	2.74514
NR_138047.1	2336	2108.29	0	0
NR_138048.1	1231	1003.29	0	0
NR_138049.1	351	153.209	1.18062	0.346791
NR_138050.2	1487	1259.29	4.56312	0.163071
NR_138051.2	3203	2975.29	34.2444	0.517967
NR_138052.2	8697	8469.29	0	0
NR_138053.2	8630	8402.29	45.1604	0.241881
NR_138054.2	3920	3692.29	0	0
NR_138055.2	4116	3888.29	0	0
NR_138056.2	3942	3714.29	0	0
NR_138057.2	3238	3010.29	14.2099	0.212435
NR_138058.2	1272	1044.29	25.18	1.08511
NR_138059.1	969	741.293	0	0
NR_138060.1	1268	1040.29	64.683	2.79819
NR_138061.2	1457	1229.29	10.2594	0.375584
NR_138062.2	4294	4066.29	0	0
NR_138063.2	4615	4387.29	0	0
NR_138064.2	4271	4043.29	1.10901	0.0123436
NR_138065.2	4378	4150.29	27.9499	0.303071
NR_138066.2	4812	4584.29	5.99172e-08	5.88195e-10
NR_138067.2	4769	4541.29	0	0
NR_138068.2	4705	4477.29	3.99409e-06	4.01462e-08
NR_138069.2	4190	3962.29	0.000292833	3.32595e-06
NR_138070.2	2063	1835.29	79.8544	1.9581
NR_138071.2	4422	4194.29	6.03786	0.0647838
NR_138072.2	4277	4049.29	105.657	1.17425
NR_138073.2	758	530.648	0	0
NR_138074.2	740	512.753	0	0
NR_138075.2	758	530.648	25.759	2.18456
NR_138076.2	762	534.648	101.557	8.5484
NR_138077.2	812	584.487	208.231	16.0329
NR_138078.2	1132	904.293	0.00102169	5.08453e-05
NR_138080.2	213	65.3686	3.08742	2.12554
NR_138081.2	1231	1003.29	47.2075	2.11751
NR_138082.1	3970	3742.29	6.06213	0.0729004
NR_138083.1	793	565.487	0	0
NR_138084.1	1965	1737.29	2	0.0518083
NR_138087.2	693	466.041	0	0
NR_138088.2	724	496.802	0	0
NR_138089.2	598	372.913	0	0
NR_138090.2	573	348.421	0	0
NR_138091.1	3318	3090.29	0	0
NR_138092.2	4696	4468.29	39.1975	0.394783
NR_138093.2	4332	4104.29	29.8678	0.327496
NR_138095.2	1015	787.293	150.055	8.57743
NR_138096.1	1112	884.293	0	0
NR_138103.2	3474	3246.29	5.49077	0.076118
NR_138104.2	2871	2643.29	16.266	0.276934
NR_138105.2	3076	2848.29	0	0
NR_138106.2	3070	2842.29	0	0
NR_138107.2	2874	2646.29	0	0
NR_138108.2	3012	2784.29	0	0
NR_138109.2	3119	2891.29	9.93322	0.154611
NR_138110.2	3015	2787.29	0	0
NR_138111.1	3238	3010.29	0	0
NR_138112.2	3197	2969.29	0	0
NR_138113.2	2817	2589.29	0	0
NR_138114.1	2865	2637.29	0	0
NR_138115.2	2771	2543.29	0	0
NR_138116.2	2863	2635.29	19.6591	0.33572
NR_138117.2	2857	2629.29	9.40819	0.161031
NR_138118.2	2658	2430.29	0.000233548	4.32473e-06
NR_138119.2	2661	2433.29	2.4539	0.0453842
NR_138120.2	2847	2619.29	0	0
NR_138121.2	2866	2638.29	0	0
NR_138122.2	2817	2589.29	0	0
NR_138123.2	2864	2636.29	0	0
NR_138124.2	2774	2546.29	0	0
NR_138125.2	2572	2344.29	0	0
NR_138126.2	2895	2667.29	1.1472	0.0193558
NR_138127.2	2569	2341.29	0	0
NR_138128.2	2906	2678.29	0	0
NR_138129.2	2821	2593.29	0	0
NR_138130.2	2909	2681.29	0	0
NR_138131.2	2527	2299.29	0	0
NR_138132.2	2539	2311.29	30.6793	0.597355
NR_138133.2	2230	2002.29	64.5219	1.45018
NR_138136.2	2297	2069.29	0	0
NR_138137.2	2112	1884.29	4.87389	0.116405
NR_138138.2	2343	2115.29	0	0
NR_138139.2	2158	1930.29	0	0
NR_138140.2	2505	2277.29	0	0
NR_138141.2	4364	4136.29	6	0.0652803
NR_138144.3	3455	3227.29	21.2664	0.29655
NR_138145.1	1260	1032.29	14.5767	0.635473
NR_138146.2	2211	1983.29	12.2285	0.277478
NR_138148.2	5753	5525.29	0	0
NR_138149.2	5837	5609.29	0	0
NR_138150.2	1392	1164.29	39.3238	1.51997
NR_138151.2	4871	4643.29	51.6169	0.500275
NR_138152.2	1772	1544.29	5.27699	0.15378
NR_138153.2	1492	1264.29	0	0
NR_138154.2	1641	1413.29	0	0
NR_138249.2	2833	2605.29	0	0
NR_138250.2	840	612.427	1.34691	0.0989751
NR_138252.2	802	574.487	0	0
NR_138255.2	3496	3268.29	0	0
NR_138256.2	3463	3235.29	0	0
NR_138257.1	4075	3847.29	19.1097	0.223533
NR_138258.1	764	536.541	0	0
NR_138259.1	2363	2135.29	0	0
NR_138260.1	955	727.293	0	0
NR_138350.2	1978	1750.29	0	0
NR_138363.2	1748	1520.29	0	0
NR_138364.2	1747	1519.29	0	0
NR_138419.1	416	205.291	0	0
NR_138421.2	4374	4146.29	12.9423	0.140473
NR_138422.2	3629	3401.29	34.9511	0.462444
NR_138423.2	4443	4215.29	25.1715	0.268734
NR_138424.2	4253	4025.29	338.814	3.78797
NR_138425.2	4248	4020.29	0	0
NR_138426.2	8502	8274.29	204.655	1.1131
NR_138427.2	8137	7909.29	21.5391	0.122555
NR_138459.2	1899	1671.29	17.6326	0.474795
NR_138463.2	6639	6411.29	148.98	1.04574
NR_138464.2	2998	2770.29	12.0199	0.195261
NR_138465.2	4509	4281.29	28.9291	0.30409
NR_138466.2	4996	4768.29	0	0
NR_138467.2	2705	2477.29	0	0
NR_138468.2	2592	2364.29	0	0
NR_138470.2	5627	5399.29	5309.31	44.2531
NR_138471.2	5117	4889.29	38.7635	0.356795
NR_138472.2	6025	5797.29	21.1293	0.164022
NR_138473.1	1911	1683.29	17.8055	0.476033
NR_138474.1	2009	1781.29	20.9839	0.530143
NR_138475.2	4027	3799.29	1.01676e-06	1.20436e-08
NR_138476.2	4159	3931.29	7.08948	0.0811561
NR_138479.2	2153	1925.29	13.851	0.323762
NR_138480.1	838	610.427	0	0
NR_138481.2	2765	2537.29	8.50216	0.1508
NR_138482.1	1856	1628.29	2.37122	0.0655363
NR_138483.2	2288	2060.29	8.84317	0.193162
NR_138484.2	2348	2120.29	74.732	1.58618
NR_138485.2	2526	2298.29	2.37876	0.0465787
NR_138486.2	3400	3172.29	2.4206	0.0343394
NR_138531.2	951	723.293	1.45859e-05	9.07529e-07
NR_138532.3	2552	2324.29	16.8929	0.327081
NR_138533.3	3614	3386.29	2.19216	0.0291333
NR_138534.3	2756	2528.29	0	0
NR_138535.3	3776	3548.29	0.0508921	0.000645466
NR_138536.3	3718	3490.29	0	0
NR_138537.2	2893	2665.29	0	0
NR_138538.2	772	544.487	0	0
NR_138539.2	1156	928.293	32.1878	1.56044
NR_138541.1	1371	1143.29	0	0
NR_138542.1	1345	1117.29	0	0
NR_138549.2	1208	980.293	1	0.0459078
NR_138550.2	4795	4567.29	3.99785e-08	3.93921e-10
NR_138551.2	850	622.427	0	0
NR_138564.2	3271	3043.29	15.9996	0.236596
NR_138571.2	3075	2847.29	36.2683	0.573241
NR_138572.2	2657	2429.29	31.2188	0.578333
NR_138574.2	2946	2718.29	29.0576	0.481067
NR_138575.2	4345	4117.29	18.8315	0.205833
NR_138585.2	6026	5798.29	26.1984	0.203337
NR_138597.1	1696	1468.29	0	0
NR_138598.1	1859	1631.29	0	0
NR_138599.1	1563	1335.29	0	0
NR_138600.1	1880	1652.29	0	0
NR_138601.1	1691	1463.29	0	0
NR_138604.2	1068	840.293	76.0552	4.07324
NR_138605.2	801	573.487	16.4237	1.28881
NR_138606.2	803	575.487	4.80594	0.375824
NR_138607.2	938	710.293	9.58627	0.607371
NR_138608.2	1064	836.293	4.57238	0.246052
NR_138609.2	814	586.487	0	0
NR_138610.1	831	603.427	0	0
NR_138611.1	676	449.451	9.94548	0.995831
NR_138612.2	442	227.417	0	0
NR_144293.1	2031	1803.29	0	0
NR_144296.2	5273	5045.29	0	0
NR_144297.2	2895	2667.29	0	0
NR_144298.2	2535	2307.29	0	0
NR_144301.2	2405	2177.29	78.2546	1.61747
NR_144303.2	2286	2058.29	1.0412e-06	2.27651e-08
NR_144305.2	2271	2043.29	47.231	1.04025
NR_144310.2	2390	2162.29	0.0219751	0.000457361
NR_144311.2	5698	5470.29	0	0
NR_144312.2	2322	2094.29	22.1046	0.474992
NR_144313.2	2072	1844.29	19.9688	0.487265
NR_144314.2	1998	1770.29	0	0
NR_144315.3	14451	14223.3	0	0
NR_144316.2	5975	5747.29	22.185	0.173716
NR_144317.2	2464	2236.29	39.2763	0.790395
NR_144318.2	4619	4391.29	206.189	2.11308
NR_144319.2	625	399.259	0	0
NR_144320.2	1723	1495.29	10.2096	0.307272
NR_144321.1	2769	2541.29	79.2169	1.40283
NR_144322.2	6881	6653.29	10.2674	0.0694491
NR_144323.2	4744	4516.29	135.66	1.35179
NR_144324.2	4713	4485.29	94.4979	0.948143
NR_144325.2	4560	4332.29	4.88863	0.0507822
NR_144326.2	4778	4550.29	25.9936	0.25708
NR_144327.2	4166	3938.29	15.4623	0.176688
NR_144328.2	4332	4104.29	45.9665	0.504017
NR_144329.2	3837	3609.29	0	0
NR_144330.2	3599	3371.29	0	0
NR_144331.2	3835	3607.29	0	0
NR_144332.2	3454	3226.29	4.41661e-07	6.16066e-09
NR_144333.2	3144	2916.29	26.2678	0.405354
NR_144334.2	3334	3106.29	0	0
NR_144335.2	3049	2821.29	90.6248	1.44558
NR_144336.2	2171	1943.29	0	0
NR_144337.2	3100	2872.29	42.7232	0.669388
NR_144338.2	1645	1417.29	11.3562	0.360592
NR_144339.2	1473	1245.29	0	0
NR_144340.2	1462	1234.29	0	0
NR_144341.2	1467	1239.29	0	0
NR_144342.2	1468	1240.29	0	0
NR_144343.2	755	527.701	0	0
NR_144344.3	5632	5404.29	27.8068	0.231555
NR_144345.3	5211	4983.29	26.4124	0.238525
NR_144346.3	5723	5495.29	39.2547	0.321472
NR_144347.2	5344	5116.29	4.28225e-07	3.76668e-09
NR_144348.2	5115	4887.29	0	0
NR_144349.2	1595	1367.29	3.8765	0.127591
NR_144350.2	7857	7629.29	0.00448871	2.64777e-05
NR_144351.2	2097	1869.29	357.739	8.61254
NR_144354.1	2382	2154.29	1.33297	0.0278457
NR_144355.1	2536	2308.29	6.45348	0.125819
NR_144356.1	2830	2602.29	13.695	0.236836
NR_144357.1	2612	2384.29	6.58412	0.124274
NR_144358.1	1117	889.293	149.145	7.54754
NR_144359.2	4049	3821.29	15.0241	0.176938
NR_144360.1	393	186.228	0	0
NR_144366.2	4537	4309.29	162.579	1.69786
NR_144367.1	4477	4249.29	0	0
NR_144368.1	533	310.571	16	2.31847
NR_144369.2	1199	971.293	134.41	6.22762
NR_144370.1	625	399.259	0	0
NR_144371.2	2849	2621.29	0	0
NR_144372.2	2745	2517.29	0	0
NR_144376.2	1959	1731.29	143.958	3.74204
NR_144378.1	7201	6973.29	1549.22	9.99813
NR_144379.2	3710	3482.29	10.4608	0.13519
NR_144380.2	3383	3155.29	23.8811	0.340609
NR_144382.2	3180	2952.29	0	0
NR_144383.1	2185	1957.29	16.1751	0.371906
NR_144384.1	951	723.293	0	0
NR_144385.2	1155	927.293	149.385	7.2499
NR_144386.2	901	673.361	35.3876	2.36508
NR_144387.2	1068	840.293	29.3336	1.571
NR_144388.2	4740	4512.29	16.6245	0.165803
NR_144389.2	4609	4381.29	6.60391	0.067833
NR_144390.2	1399	1171.29	5.57188	0.214081
NR_144391.2	1284	1056.29	27.3784	1.16645
NR_144392.2	5461	5233.29	15.8483	0.136285
NR_144393.1	866	638.427	43.9636	3.09902
NR_144394.1	3275	3047.29	18.7595	0.277044
NR_144395.1	3164	2936.29	101.806	1.56033
NR_144397.2	1180	952.293	37.6125	1.77748
NR_144398.1	1653	1425.29	15.9171	0.502576
NR_144399.2	3769	3541.29	0	0
NR_144400.2	3899	3671.29	315.093	3.86244
NR_144401.2	4049	3821.29	24.8216	0.292322
NR_144402.1	2384	2156.29	586.133	12.2329
NR_144403.2	9375	9147.29	0	0
NR_144404.2	10519	10291.3	48.1743	0.210663
NR_144405.2	8739	8511.29	0	0
NR_144406.2	10543	10315.3	0	0
NR_144407.2	8822	8594.29	0	0
NR_144408.2	9416	9188.29	0	0
NR_144409.2	10748	10520.3	0	0
NR_144410.2	8700	8472.29	0	0
NR_144412.2	8791	8563.29	38.3443	0.201512
NR_144414.2	2099	1871.29	0	0
NR_144415.2	3930	3702.29	0	0
NR_144416.2	3938	3710.29	0	0
NR_144417.2	3942	3714.29	0	0
NR_144418.2	3867	3639.29	0	0
NR_144419.2	4005	3777.29	0	0
NR_144420.2	4001	3773.29	0	0
NR_144421.2	9889	9661.29	122.471	0.570481
NR_144422.2	4259	4031.29	14.8386	0.16565
NR_144423.2	4331	4103.29	0	0
NR_144424.2	4030	3802.29	31.8726	0.377237
NR_144427.2	1693	1465.29	0	0
NR_144428.2	2137	1909.29	4.1568	0.0979779
NR_144429.2	1889	1661.29	46.5859	1.26198
NR_144430.2	1352	1124.29	0	0
NR_144431.1	5654	5426.29	5	0.0414676
NR_144432.1	2226	1998.29	2	0.0450415
NR_144434.1	6237	6009.29	44.7894	0.335424
NR_144436.1	866	638.427	0	0
NR_144441.2	2925	2697.29	0	0
NR_144442.2	2141	1913.29	33.2957	0.783157
NR_144443.2	2151	1923.29	0	0
NR_144444.1	703	475.947	62.5946	5.91862
NR_144447.1	4687	4459.29	138.426	1.397
NR_144451.1	3353	3125.29	3.80965	0.0548575
NR_144452.1	2328	2100.29	5	0.107135
NR_144453.1	701	473.947	0	0
NR_144454.1	452	236.066	1	0.190637
NR_144455.1	1460	1232.29	0	0
NR_144458.1	525	303.13	0	0
NR_144459.1	857	629.427	0	0
NR_144461.1	568	343.63	0	0
NR_144462.2	4362	4134.29	0	0
NR_144463.2	10899	10671.3	2.9651	0.0125045
NR_144464.1	11125	10897.3	0	0
NR_144465.1	2156	1928.29	0	0
NR_144466.1	543	320.029	0	0
NR_144468.2	4049	3821.29	4	0.0471077
NR_144469.1	842	614.427	0	0
NR_144470.2	1532	1304.29	0	0
NR_144471.1	997	769.293	0	0
NR_144472.1	666	439.629	0	0
NR_144474.2	3002	2774.29	9.84652e-06	1.59725e-07
NR_144475.2	2969	2741.29	21.6904	0.356085
NR_144476.2	3028	2800.29	89.3679	1.43622
NR_144477.2	9653	9425.29	107.24	0.512041
NR_144478.2	2660	2432.29	29.0106	0.536763
NR_144483.2	3636	3408.29	0	0
NR_144484.2	5691	5463.29	0	0
NR_144485.2	2645	2417.29	0	0
NR_144486.1	742	514.753	0	0
NR_144487.1	646	419.888	0	0
NR_144488.2	2589	2361.29	9.60373	0.183034
NR_144490.2	2092	1864.29	38.1188	0.920168
NR_144491.2	1707	1479.29	30.5525	0.929469
NR_144492.2	2032	1804.29	0.128684	0.00320966
NR_144497.2	5388	5160.29	0	0
NR_144504.2	2108	1880.29	0	0
NR_144507.1	3106	2878.29	0	0
NR_144508.1	2995	2767.29	9	0.146362
NR_144509.2	4420	4192.29	83.966	0.901351
NR_144510.2	4423	4195.29	0	0
NR_144512.1	1619	1391.29	27.3119	0.883437
NR_144513.1	1603	1375.29	4.7482	0.155373
NR_144514.1	3496	3268.29	2.00597	0.0276214
NR_144516.1	9110	8882.29	173.141	0.877238
NR_144517.1	8890	8662.29	370.353	1.92409
NR_144520.1	1732	1504.29	0	0
NR_144521.1	1868	1640.29	0	0
NR_144522.2	2203	1975.29	0	0
NR_144523.2	2107	1879.29	26.2828	0.62939
NR_144524.2	2413	2185.29	9.12219	0.187859
NR_144525.2	412	201.964	0	0
NR_144526.2	622	396.338	2.66434	0.302528
NR_144529.1	1673	1445.29	50	1.55688
NR_144530.1	631	405.178	3	0.33321
NR_144531.1	689	462.088	0	0
NR_144532.1	2272	2044.29	1	0.022014
NR_144534.2	5893	5665.29	0	0
NR_144535.2	1024	796.293	80.6317	4.55696
NR_144536.1	816	588.487	0	0
NR_144537.1	877	649.427	22.4384	1.5549
NR_144538.2	1607	1379.29	0.00227227	7.41387e-05
NR_144539.1	794	566.487	30.4971	2.42277
NR_144540.1	748	520.701	5.06446	0.43771
NR_144541.1	2414	2186.29	0	0
NR_144542.2	2523	2295.29	0	0
NR_144543.2	2555	2327.29	0	0
NR_144544.2	2477	2249.29	0	0
NR_144545.2	2261	2033.29	28.3451	0.627366
NR_144546.2	1456	1228.29	0	0
NR_144547.1	1983	1755.29	0	0
NR_144550.1	3181	2953.29	67.0524	1.02176
NR_144551.1	2584	2356.29	5	0.0954955
NR_144552.1	2836	2608.29	0	0
NR_144553.1	940	712.293	0	0
NR_144554.1	3072	2844.29	1.00045	0.0158293
NR_144555.1	2099	1871.29	11.4775	0.276025
NR_144562.1	1252	1024.29	59.0301	2.59353
NR_144567.1	8545	8317.29	0	0
NR_144568.1	8302	8074.29	1077.48	6.00549
NR_144569.1	58	18.0303	0	0
NR_144626.1	1244	1016.29	0	0
NR_144628.2	2204	1976.29	0	0
NR_144629.2	4721	4493.29	0	0
NR_144632.2	4583	4355.29	1.52124	0.0157189
NR_144633.2	3609	3381.29	0	0
NR_144634.1	907	679.293	14.5861	0.966327
NR_144635.2	3024	2796.29	23.8614	0.384021
NR_144637.2	405	196.152	1.10176	0.252776
NR_144638.2	3657	3429.29	109.378	1.43538
NR_144639.2	3704	3476.29	9.11243	0.117967
NR_144640.2	3701	3473.29	280.751	3.63766
NR_144641.2	3660	3432.29	3.24989	0.0426115
NR_144642.2	3144	2916.29	95.2358	1.46964
NR_144643.2	3196	2968.29	159.199	2.41365
NR_144644.2	3067	2839.29	29.0038	0.459713
NR_144645.2	2677	2449.29	210.41	3.86606
NR_144646.2	2521	2293.29	43.95	0.862466
NR_144682.2	3462	3234.29	0	0
NR_144683.2	3633	3405.29	0	0
NR_144684.2	3371	3143.29	0	0
NR_144685.2	3257	3029.29	0	0
NR_144686.2	3542	3314.29	0	0
NR_144687.2	3722	3494.29	8.2202	0.105868
NR_144688.2	3507	3279.29	0	0
NR_144752.1	631	405.178	0	0
NR_144755.2	3153	2925.29	2.4708	0.0380111
NR_144756.2	3104	2876.29	22.0542	0.345064
NR_144757.2	3126	2898.29	21.7225	0.337295
NR_144758.2	3235	3007.29	38.7436	0.579785
NR_144759.2	3293	3065.29	14.2163	0.208716
NR_144760.2	3267	3039.29	1.79505	0.0265794
NR_144867.2	788	560.487	0	0
NR_144931.2	4715	4487.29	6.02963e-05	6.04712e-07
NR_144933.2	1568	1340.29	22.7733	0.764662
NR_144934.2	1711	1483.29	0.000117138	3.55396e-06
NR_144935.2	1645	1417.29	69.1059	2.19431
NR_144936.2	2968	2740.29	5.39215	0.0885539
NR_144937.2	1922	1694.29	18.8196	0.499877
NR_144939.2	15776	15548.3	250.932	0.726301
NR_144940.2	1990	1762.29	0	0
NR_144941.2	2290	2062.29	0	0
NR_144942.2	2082	1854.29	0	0
NR_144943.2	2339	2111.29	0	0
NR_144944.2	3884	3656.29	0	0
NR_144945.2	3726	3498.29	0	0
NR_144946.2	4128	3900.29	1.51161e-06	1.74415e-08
NR_144947.2	3530	3302.29	3	0.0408835
NR_144948.2	3971	3743.29	0	0
NR_144949.2	3156	2928.29	0	0
NR_144950.2	2664	2436.29	0	0
NR_144951.2	2828	2600.29	22.8314	0.395141
NR_144952.2	3246	3018.29	26.5703	0.396166
NR_145126.2	4697	4469.29	0	0
NR_145127.2	4763	4535.29	0	0
NR_145129.1	1189	961.293	7.43226	0.347942
NR_145130.1	1099	871.293	0	0
NR_145132.2	899	671.361	3.7007	0.248067
NR_145325.2	3741	3513.29	0	0
NR_145326.2	3187	2959.29	23.9877	0.36479
NR_145327.2	4082	3854.29	20.5822	0.240319
NR_145328.2	1681	1453.29	5.39037	0.16692
NR_145410.2	3642	3414.29	0	0
NR_145411.1	3864	3636.29	0	0
NR_145412.1	3977	3749.29	0	0
NR_145413.3	4140	3912.29	0	0
NR_145414.3	1636	1408.29	19.4339	0.621027
NR_145415.2	400	191.921	9.4124	2.20709
NR_145416.1	2267	2039.29	66.7997	1.47413
NR_145417.1	3558	3330.29	19	0.256752
NR_145418.1	3304	3076.29	0	0
NR_145419.2	1876	1648.29	21.5128	0.587361
NR_145420.1	1878	1650.29	5.42618	0.147971
NR_145421.1	1832	1604.29	0	0
NR_145422.1	2585	2357.29	14.5369	0.277523
NR_145423.1	786	558.487	1.01787	0.0820201
NR_145424.1	1796	1568.29	0	0
NR_145425.1	1521	1293.29	98.2208	3.41782
NR_145426.1	1670	1442.29	51.1111	1.59479
NR_145427.2	1635	1407.29	0	0
NR_145428.2	2029	1801.29	541.995	13.5411
NR_145429.1	2674	2446.29	11.007	0.202489
NR_145430.1	565	340.768	34	4.49017
NR_145431.1	1270	1042.29	3	0.129531
NR_145432.2	3328	3100.29	3	0.0435473
NR_145433.1	857	629.427	0	0
NR_145434.1	992	764.293	0	0
NR_145435.1	940	712.293	0	0
NR_145436.1	651	424.846	1	0.105928
NR_145437.1	895	667.361	0	0
NR_145438.1	3068	2840.29	1	0.0158445
NR_145441.2	3883	3655.29	0	0
NR_145442.2	1344	1116.29	0	0
NR_145443.1	2371	2143.29	0	0
NR_145444.1	2639	2411.29	7	0.130644
NR_145445.2	5220	4992.29	38.6426	0.348344
NR_145446.2	2143	1915.29	2.98972	0.0702487
NR_145447.2	1885	1657.29	4.69666	0.127536
NR_145448.1	3426	3198.29	2.30982	0.0325015
NR_145449.1	294	113.843	10.5797	4.18224
NR_145450.1	4103	3875.29	23.0679	0.267884
NR_145451.1	4400	4172.29	4.10156	0.0442402
NR_145452.1	6201	5973.29	12.4993	0.0941705
NR_145453.1	5703	5475.29	227.251	1.86784
NR_145454.1	5493	5265.29	21.25	0.181626
NR_145458.1	3355	3127.29	0	0
NR_145459.1	8121	7893.29	34.5941	0.197236
NR_145460.2	467	249.436	0	0
NR_145461.1	467	249.436	0	0
NR_145462.1	467	249.436	0	0
NR_145463.2	1609	1381.29	0	0
NR_145464.2	2176	1948.29	0	0
NR_145465.2	1885	1657.29	0	0
NR_145466.2	2145	1917.29	0	0
NR_145467.2	1854	1626.29	0	0
NR_145468.1	467	249.436	0	0
NR_145469.1	467	249.436	0	0
NR_145470.1	467	249.436	0	0
NR_145471.1	1519	1291.29	1	0.0348512
NR_145472.2	3039	2811.29	0	0
NR_145473.2	2952	2724.29	0	0
NR_145474.2	3285	3057.29	0	0
NR_145475.2	3198	2970.29	0	0
NR_145476.1	1550	1322.29	0	0
NR_145477.2	3596	3368.29	215.335	2.87705
NR_145478.1	1051	823.293	2.04477	0.111772
NR_145479.1	2290	2062.29	5.13341	0.112021
NR_145480.1	2647	2419.29	1.00042	0.0186096
NR_145481.1	1463	1235.29	6.26186	0.228126
NR_145482.2	4799	4571.29	0	0
NR_145483.1	532	309.634	0	0
NR_145484.1	3610	3382.29	215.258	2.86411
NR_145489.1	1332	1104.29	0	0
NR_145490.1	893	665.361	16	1.08219
NR_145491.1	3282	3054.29	58.7005	0.864915
NR_145492.2	2275	2047.29	0	0
NR_145493.2	2098	1870.29	2.91258	0.0700825
NR_145494.2	3669	3441.29	0	0
NR_145495.2	3630	3402.29	214.081	2.83172
NR_145496.2	3520	3292.29	10.5401	0.144074
NR_145497.2	3498	3270.29	0	0
NR_145498.2	3502	3274.29	0	0
NR_145499.2	3987	3759.29	21.3463	0.25554
NR_145500.2	3657	3429.29	19.5568	0.256647
NR_145501.2	3532	3304.29	0	0
NR_145502.2	3642	3414.29	0	0
NR_145505.2	926	698.293	0	0
NR_145506.2	988	760.293	0	0
NR_145507.2	977	749.293	0	0
NR_145508.2	943	715.293	0	0
NR_145509.1	1769	1541.29	1	0.0291983
NR_145510.3	935	707.293	0	0
NR_145514.2	571	346.526	85.0986	11.0517
NR_145515.1	1118	890.293	8.64771	0.43713
NR_145516.2	9491	9263.29	0	0
NR_145517.2	2352	2124.29	0	0
NR_145518.1	1145	917.293	0	0
NR_145519.1	939	711.293	0	0
NR_145520.2	6461	6233.29	4893.86	35.3326
NR_145523.1	652	425.803	0	0
NR_145524.1	2072	1844.29	0	0
NR_145525.1	1986	1758.29	2.00055	0.0512037
NR_145526.2	4871	4643.29	210.505	2.04023
NR_145571.2	3054	2826.29	11.2582	0.179264
NR_145574.2	3807	3579.29	6.07994	0.0764442
NR_145576.1	165	40.2498	1	1.1181
NR_145670.1	299	117.078	31.3407	12.0469
NR_145671.2	1985	1757.29	17.3852	0.445224
NR_145674.3	2273	2045.29	22.9457	0.504879
NR_145677.1	1812	1584.29	202.568	5.7541
NR_145681.2	2704	2476.29	0	0
NR_145682.2	2893	2665.29	123.215	2.08047
NR_145683.2	2886	2658.29	6.61611	0.112006
NR_145684.2	2773	2545.29	3.23387	0.0571777
NR_145685.2	2804	2576.29	0	0
NR_145686.2	3077	2849.29	8.73812	0.138014
NR_145687.2	2014	1786.29	7.3039e-07	1.84011e-08
NR_145688.2	2748	2520.29	0	0
NR_145689.2	2780	2552.29	0.880222	0.0155204
NR_145690.2	2444	2216.29	0	0
NR_145691.2	2612	2384.29	7.62422	0.143906
NR_145692.2	2811	2583.29	0	0
NR_145693.2	2394	2166.29	0	0
NR_145694.2	3070	2842.29	0.486598	0.00770449
NR_145695.2	2698	2470.29	0	0
NR_145697.1	3068	2840.29	0	0
NR_145698.1	2704	2476.29	0	0
NR_145699.1	2878	2650.29	0	0
NR_145700.1	2604	2376.29	6.00374	0.113701
NR_145701.1	2725	2497.29	0	0
NR_145702.1	2757	2529.29	0	0
NR_145703.1	2496	2268.29	0	0
NR_145704.1	2730	2502.29	0	0
NR_145705.1	2851	2623.29	0	0
NR_145706.1	2781	2553.29	13.3726	0.2357
NR_145710.2	9032	8804.29	0	0
NR_145711.2	7942	7714.29	0	0
NR_145712.1	93	14.4286	0	0
NR_145713.1	135	26.7198	0	0
NR_145714.1	136	27.1284	6	9.95336
NR_145715.1	67	17.5357	0	0
NR_145716.1	135	26.7198	0	0
NR_145717.2	131	24.9698	1	1.8023
NR_145718.1	133	26.0376	0	0
NR_145719.1	133	26.0376	0	0
NR_145720.1	135	26.7198	0	0
NR_145721.1	204	60.7343	0	0
NR_145722.1	135	26.7198	0	0
NR_145723.1	128	23.852	0	0
NR_145724.1	138	27.821	0	0
NR_145725.1	131	24.9698	2	3.6046
NR_145727.1	132	25.5516	0	0
NR_145728.1	128	23.852	0	0
NR_145729.1	134	26.2749	0	0
NR_145730.1	132	25.5516	0	0
NR_145731.1	135	26.7198	0	0
NR_145732.1	132	25.5516	0	0
NR_145733.1	105	16.2206	0	0
NR_145734.1	71	17.0822	0	0
NR_145735.1	148	32.2992	4	5.57328
NR_145737.1	98	15.0506	0	0
NR_145738.1	85	15.5396	2	5.79205
NR_145739.1	69	17.25	0	0
NR_145740.1	191	53.6233	0	0
NR_145741.1	70	16.7714	0	0
NR_145742.1	214	65.919	0	0
NR_145743.1	131	24.9698	1	1.8023
NR_145744.1	67	17.5357	14	35.9291
NR_145745.1	104	15.9806	0	0
NR_145746.1	73	16.0795	0	0
NR_145747.1	105	16.2206	0	0
NR_145748.1	91	14.4116	0	0
NR_145749.2	144	30.2443	0	0
NR_145750.1	104	15.9806	0	0
NR_145751.1	75	15.9406	0	0
NR_145752.1	73	16.0795	4	11.1951
NR_145753.1	104	15.9806	1	2.81611
NR_145754.1	100	15.2776	0	0
NR_145755.1	78	15.0992	0	0
NR_145756.1	104	15.9806	0	0
NR_145757.1	73	16.0795	0	0
NR_145758.1	215	66.32	0	0
NR_145760.1	210	63.8665	0	0
NR_145761.1	135	26.7198	6	10.1056
NR_145762.1	129	24.2036	0	0
NR_145763.1	133	26.0376	1	1.72839
NR_145764.2	127	23.5955	0	0
NR_145765.1	125	22.885	0	0
NR_145766.1	125	22.885	12	23.5979
NR_145767.1	133	26.0376	0	0
NR_145768.1	131	24.9698	0	0
NR_145769.1	135	26.7198	0	0
NR_145770.1	137	27.4645	1	1.63859
NR_145771.1	135	26.7198	1	1.68426
NR_145772.1	92	14.5444	0	0
NR_145773.1	135	26.7198	0	0
NR_145774.1	75	15.9406	8	22.5854
NR_145775.1	125	22.885	0	0
NR_145776.1	128	23.852	8	15.0941
NR_145777.1	129	24.2036	0	0
NR_145778.2	204	60.7343	0	0
NR_145779.1	61	19.9714	0	0
NR_145780.1	70	16.7714	17	45.6164
NR_145781.1	68	17.931	20	50.1958
NR_145782.1	66	18.52	0	0
NR_145783.1	98	15.0506	0	0
NR_145784.2	131	24.9698	0	0
NR_145785.1	64	17.5957	0	0
NR_145786.1	64	17.5957	0	0
NR_145787.1	64	17.5957	0	0
NR_145788.1	74	16.0532	1	2.80337
NR_145789.1	124	22.454	0	0
NR_145790.1	76	14.8793	0	0
NR_145791.1	130	24.5498	0	0
NR_145792.2	144	30.2443	0	0
NR_145793.1	73	16.0795	11	30.7866
NR_145794.1	61	19.9714	0	0
NR_145795.1	104	15.9806	0	0
NR_145796.1	106	16.543	0	0
NR_145797.1	141	29.0088	0	0
NR_145798.1	147	31.7551	0	0
NR_145799.1	58	18.0303	1	2.49597
NR_145800.1	54	19.04	0	0
NR_145801.1	127	23.5955	0	0
NR_145802.2	63	18.1395	1	2.48094
NR_145803.1	154	35.1606	0	0
NR_145804.1	63	18.1395	0	0
NR_145805.1	72	16.5875	8	21.7046
NR_145806.1	84	15.6223	7	20.1648
NR_145807.2	144	30.2443	3	4.46396
NR_145809.1	75	15.9406	0	0
NR_145810.1	85	15.5396	0	0
NR_145811.1	58	18.0303	0	0
NR_145812.1	59	18.5	0	0
NR_145813.1	84	15.6223	0	0
NR_145814.1	52	20.381	0	0
NR_145815.1	85	15.5396	1	2.89603
NR_145816.1	100	15.2776	0	0
NR_145819.1	13351	13123.3	1649.2	5.65552
NR_145820.1	1869	1641.29	0	0
NR_145821.1	157	36.3884	3.02849e-06	3.74546e-06
NR_145822.1	5066	4838.29	84397.4	785.017
NR_145823.1	651	424.846	6	0.635568
NR_145826.3	2173	1945.29	0	0
NR_145832.1	644	417.93	0	0
NR_145833.1	135	26.7198	0	0
NR_145834.2	6668	6440.29	0	0
NR_145835.2	6974	6746.29	8.18383	0.0545926
NR_145836.2	6808	6580.29	0	0
NR_145837.2	7162	6934.29	0	0
NR_145838.2	6570	6342.29	8.52951	0.0605229
NR_145839.1	98	15.0506	0	0
NR_145840.1	54	19.04	0	0
NR_145958.2	332	139.579	0.351258	0.113253
NR_145959.2	412	201.964	0	0
NR_145960.2	4714	4486.29	0	0
NR_145961.2	3808	3580.29	80.729	1.01474
NR_145963.1	75	15.9406	1	2.82318
NR_145964.2	8881	8653.29	16.9314	0.0880548
NR_145965.2	8707	8479.29	7.33142	0.0389109
NR_145966.2	4884	4656.29	303.09	2.92937
NR_145967.2	2423	2195.29	30.3521	0.622213
NR_145968.2	2759	2531.29	0	0
NR_145969.2	2478	2250.29	12.4412	0.248809
NR_145970.2	2986	2758.29	0	0
NR_145971.2	2853	2625.29	0.740633	0.012696
NR_145972.2	3131	2903.29	0	0
NR_145973.2	6401	6173.29	0	0
NR_145974.2	6354	6126.29	59.9225	0.440184
NR_145975.2	6217	5989.29	0	0
NR_145982.1	2582	2354.29	0	0
NR_145983.1	130	24.5498	0	0
NR_145985.1	134	26.2749	0	0
NR_145987.1	104	15.9806	0	0
NR_145988.1	70	16.7714	0	0
NR_145989.1	147	31.7551	0	0
NR_145992.1	1718	1490.29	0	0
NR_145993.2	8494	8266.29	74.1043	0.403436
NR_146000.1	4572	4344.29	602.205	6.23832
NR_146001.2	3412	3184.29	0	0
NR_146053.2	335	141.797	1.65437	0.525056
NR_146054.1	362	162.038	1	0.277731
NR_146055.2	472	254.125	1.28321	0.227244
NR_146056.2	6935	6707.29	0	0
NR_146057.2	5875	5647.29	0	0
NR_146058.2	6067	5839.29	0	0
NR_146059.2	1932	1704.29	0	0
NR_146060.2	2923	2695.29	14.5174	0.242395
NR_146061.1	948	720.293	2.40885	0.150502
NR_146062.2	5087	4859.29	186.5	1.72722
NR_146063.1	716	488.852	21.7018	1.99784
NR_146064.2	1049	821.293	20.9647	1.14877
NR_146065.2	5104	4876.29	0.243588	0.00224806
NR_146066.1	4793	4565.29	96.1341	0.947657
NR_146067.1	3848	3620.29	93.0373	1.15653
NR_146068.2	3081	2853.29	0	0
NR_146069.2	2256	2028.29	1.01174	0.0224482
NR_146071.2	2042	1814.29	43.5854	1.08112
NR_146075.1	2284	2056.29	0	0
NR_146076.1	4456	4228.29	119.985	1.27704
NR_146077.1	1460	1232.29	0	0
NR_146078.1	5415	5187.29	1	0.00867564
NR_146080.2	5492	5264.29	0	0
NR_146081.1	3736	3508.29	5.00544	0.064208
NR_146082.2	5186	4958.29	6.16902	0.0559921
NR_146083.2	5064	4836.29	4.22761	0.0393391
NR_146084.2	5323	5095.29	0.175823	0.00155292
NR_146085.2	4743	4515.29	41.802	0.416632
NR_146087.1	2137	1909.29	0	0
NR_146088.1	1341	1113.29	2.00308	0.0809715
NR_146089.1	5236	5008.29	265.348	2.38434
NR_146090.2	1737	1509.29	620.601	18.5047
NR_146091.2	1629	1401.29	1095.98	35.1977
NR_146092.1	414	203.726	1.19862	0.264776
NR_146093.1	370	167.861	0	0
NR_146094.1	317	129.052	4.06279	1.41678
NR_146095.2	475	257.02	0	0
NR_146096.2	649	422.846	1.18118	0.125711
NR_146097.2	551	327.472	9.44107	1.29744
NR_146098.2	4933	4705.29	209.632	2.00499
NR_146099.2	5072	4844.29	0	0
NR_146100.2	4920	4692.29	0	0
NR_146101.2	5000	4772.29	47.3061	0.4461
NR_146102.2	4999	4771.29	14.987	0.141358
NR_146103.1	1972	1744.29	199.812	5.15519
NR_146104.1	2295	2067.29	251.518	5.47532
NR_146105.1	4832	4604.29	0	0
NR_146106.1	4815	4587.29	107.864	1.05819
NR_146107.1	4758	4530.29	0	0
NR_146108.1	4608	4380.29	205.062	2.1068
NR_146109.1	4549	4321.29	11.1488	0.116106
NR_146110.1	4534	4306.29	10.1642	0.106222
NR_146111.1	4534	4306.29	0	0
NR_146112.2	5940	5712.29	105.077	0.827824
NR_146113.2	5248	5020.29	67.7234	0.607088
NR_146114.2	508	287.414	8.66861	1.35732
NR_146115.1	858	630.427	0	0
NR_146116.1	735	507.753	0	0
NR_146117.1	13373	13145.3	2131.92	7.29865
NR_146118.1	5077	4849.29	54113.2	502.189
NR_146119.1	1869	1641.29	60409.7	1656.39
NR_146120.1	156	35.9189	163.37	204.688
NR_146121.2	3825	3597.29	0	0
NR_146122.2	3919	3691.29	1.73692e-06	2.11759e-08
NR_146123.2	2532	2304.29	0.0843344	0.00164706
NR_146124.2	2004	1776.29	0	0
NR_146125.2	1986	1758.29	0.355151	0.00909
NR_146126.2	3905	3677.29	0	0
NR_146127.2	1892	1664.29	52.5795	1.42177
NR_146128.2	1667	1439.29	0	0
NR_146129.2	1943	1715.29	0	0
NR_146130.2	4085	3857.29	0	0
NR_146131.2	3921	3693.29	9.24352	0.112633
NR_146132.2	2438	2210.29	5.06431	0.103113
NR_146133.2	3877	3649.29	0	0
NR_146134.2	4014	3786.29	0	0
NR_146135.2	3914	3686.29	0	0
NR_146141.2	1655	1427.29	0	0
NR_146142.3	7089	6861.29	79.5408	0.521707
NR_146143.3	7086	6858.29	10.8253	0.0710338
NR_146144.1	13315	13087.3	2111.83	7.26193
NR_146145.2	2117	1889.29	7.85647	0.187142
NR_146146.1	1869	1641.29	60409.7	1656.39
NR_146147.1	157	36.3884	3.02849e-06	3.74546e-06
NR_146148.1	5054	4826.29	35425.3	330.325
NR_146149.1	2697	2469.29	20.9657	0.382101
NR_146150.1	2623	2395.29	24.293	0.45642
NR_146151.1	13309	13081.3	542.988	1.86802
NR_146152.1	1869	1641.29	60409.7	1656.39
NR_146153.1	157	36.3884	3.02849e-06	3.74546e-06
NR_146154.1	5055	4827.29	6999.04	65.2495
NR_146155.2	12010	11782.3	40.0076	0.152811
NR_146158.3	8709	8481.29	172.578	0.915727
NR_146161.2	12682	12454.3	0	0
NR_146162.2	12598	12370.3	111.384	0.405216
NR_146163.2	3894	3666.29	0.522201	0.00640993
NR_146164.1	6879	6651.29	3.1094	0.0210384
NR_146165.1	2493	2265.29	0	0
NR_146167.2	8831	8603.29	13.8228	0.0723057
NR_146168.1	4618	4390.29	29	0.297267
NR_146169.1	7149	6921.29	0	0
NR_146170.1	7212	6984.29	0	0
NR_146171.2	3652	3424.29	5.31065	0.0697941
NR_146172.2	11082	10854.3	0	0
NR_146173.2	10856	10628.3	0	0
NR_146174.2	11027	10799.3	18.4596	0.0769253
NR_146175.2	1536	1308.29	0	0
NR_146176.2	2703	2475.29	0	0
NR_146177.1	19263	19035.3	581.818	1.37553
NR_146178.1	3690	3462.29	82.5527	1.07303
NR_146179.3	2104	1876.29	2.0794	0.0498745
NR_146180.2	2727	2499.29	35.1747	0.633368
NR_146181.2	2894	2666.29	0.000856232	1.44519e-05
NR_146182.2	1802	1574.29	27.4372	0.784326
NR_146183.1	1809	1581.29	78.017	2.22034
NR_146184.2	1694	1466.29	12.0921	0.371127
NR_146185.1	1745	1517.29	0	0
NR_146186.1	2914	2686.29	0	0
NR_146187.1	3008	2780.29	0	0
NR_146188.1	2796	2568.29	2	0.0350451
NR_146190.1	3471	3243.29	31.4642	0.436589
NR_146191.2	1324	1096.29	0	0
NR_146192.2	1082	854.293	14.4932	0.763483
NR_146193.2	2801	2573.29	0	0
NR_146194.2	3039	2811.29	47.073	0.753544
NR_146195.2	3098	2870.29	0	0
NR_146196.2	3055	2827.29	0	0
NR_146197.2	2946	2718.29	0	0
NR_146198.2	9210	8982.29	0	0
NR_146199.1	433	219.537	0	0
NR_146200.1	507	286.472	0	0
NR_146201.1	451	235.213	0	0
NR_146202.2	980	752.293	19.7299	1.18027
NR_146203.2	2287	2059.29	6.23966	0.136359
NR_146204.2	501	280.906	90.9828	14.5761
NR_146205.2	3103	2875.29	12.5154	0.195887
NR_146206.2	3018	2790.29	0	0
NR_146207.2	5776	5548.29	123.786	1.00405
NR_146208.2	5283	5055.29	0	0
NR_146209.2	5595	5367.29	6.97076	0.0584477
NR_146210.2	5893	5665.29	9.43115	0.0749177
NR_146212.2	2748	2520.29	16.0015	0.285727
NR_146213.2	2238	2010.29	236.469	5.29368
NR_146214.2	2768	2540.29	3.74132	0.0662801
NR_146215.2	2365	2137.29	98.4295	2.07254
NR_146216.2	4123	3895.29	59.7384	0.69017
NR_146217.2	4193	3965.29	11.9268	0.135361
NR_146218.2	5296	5068.29	0	0
NR_146219.2	5392	5164.29	5.23085	0.045583
NR_146220.2	5328	5100.29	2.19036	0.019327
NR_146221.2	2782	2554.29	0	0
NR_146222.2	2862	2634.29	134.685	2.3009
NR_146223.2	1302	1074.29	0	0
NR_146224.1	4818	4590.29	0	0
NR_146225.2	3069	2841.29	1.14491	0.0181341
NR_146226.2	4824	4596.29	0	0
NR_146227.2	4673	4445.29	0	0
NR_146228.2	2779	2551.29	6.83789	0.120616
NR_146229.2	3396	3168.29	63.4037	0.9006
NR_146230.2	3095	2867.29	42.4693	0.66657
NR_146231.1	7365	7137.29	3656.2	23.0536
NR_146232.2	1626	1398.29	0	0
NR_146233.2	4177	3949.29	13.6212	0.155217
NR_146234.2	1435	1207.29	0	0
NR_146274.1	1698	1470.29	163.079	4.99156
NR_146275.1	864	636.427	11	0.777832
NR_146276.1	460	243.274	0	0
NR_146277.2	3748	3520.29	150.936	1.92955
NR_146278.1	358	158.891	0	0
NR_146279.1	2212	1984.29	0	0
NR_146280.1	2207	1979.29	0	0
NR_146281.1	552	328.307	0	0
NR_146282.1	477	258.967	0	0
NR_146283.1	638	412.014	0	0
NR_146284.1	463	245.87	0	0
NR_146285.2	3209	2981.29	51.388	0.77571
NR_146286.2	3376	3148.29	34.5407	0.49374
NR_146287.2	3212	2984.29	20.2609	0.305533
NR_146288.2	3175	2947.29	0	0
NR_146289.1	3117	2889.29	0	0
NR_146290.1	1253	1025.29	16	0.702286
NR_146291.1	478	259.941	0	0
NR_146292.1	1099	871.293	1.00007	0.0516544
NR_146293.1	745	517.701	0	0
NR_146294.1	1662	1434.29	3	0.0941295
NR_146295.3	4905	4677.29	0	0
NR_146296.2	5502	5274.29	0	0
NR_146297.1	709	481.852	32	2.98868
NR_146299.1	1726	1498.29	2	0.0600725
NR_146300.1	3355	3127.29	0	0
NR_146301.2	1916	1688.29	115.782	3.08627
NR_146302.2	1776	1548.29	38.025	1.10524
NR_146303.2	2127	1899.29	0	0
NR_146304.2	1987	1759.29	0	0
NR_146305.2	1970	1742.29	0	0
NR_146306.2	1942	1714.29	0	0
NR_146307.2	2015	1787.29	0	0
NR_146308.2	2082	1854.29	0	0
NR_146309.1	1439	1211.29	2	0.0743058
NR_146310.1	561	336.904	2.43211	0.324876
NR_146311.2	5175	4947.29	120.411	1.09532
NR_146312.1	5080	4852.29	5.93754	0.0550683
NR_146313.2	5020	4792.29	5.60367	0.0526225
NR_146314.1	5231	5003.29	42.6683	0.383788
NR_146315.2	5091	4863.29	4.45916	0.0412634
NR_146316.2	4139	3911.29	6.34955	0.0730575
NR_146317.1	652	425.803	15.1908	1.60552
NR_146318.1	558	334.107	2.09397	0.28205
NR_146320.1	763	535.541	75	6.30247
NR_146321.1	1193	965.293	28.1262	1.31128
NR_146322.1	8345	8117.29	126.619	0.701987
NR_146323.1	3871	3643.29	9.24557	0.114204
NR_146324.2	599	373.876	34.3574	4.13557
NR_146327.2	335	141.797	42.7051	13.5536
NR_146331.1	11747	11519.3	864.297	3.3766
NR_146333.1	1024	796.293	164.396	9.29094
NR_146334.2	4829	4601.29	73.022	0.714194
NR_146335.2	5226	4998.29	0	0
NR_146336.1	7102	6874.29	982.413	6.43144
NR_146339.1	5282	5054.29	33.5061	0.298336
NR_146340.2	6607	6379.29	0	0
NR_146341.2	6848	6620.29	0	0
NR_146342.2	6955	6727.29	0	0
NR_146343.1	6505	6277.29	0	0
NR_146344.1	6506	6278.29	0	0
NR_146345.1	6619	6391.29	0	0
NR_146381.1	1114	886.293	53.1381	2.69818
NR_146382.1	1383	1155.29	2.55754	0.099626
NR_146383.1	743	515.753	36.6753	3.20018
NR_146384.1	1082	854.293	551.016	29.0268
NR_146385.1	774	546.487	15.3181	1.26145
NR_146386.1	745	517.701	58.3191	5.06961
NR_146387.1	963	735.293	0	0
NR_146388.1	540	317.191	4.10074	0.581815
NR_146389.1	5007	4779.29	40.0842	0.377443
NR_146391.1	2383	2155.29	67.3935	1.40719
NR_146392.1	2315	2087.29	0	0
NR_146393.1	2729	2501.29	0	0
NR_146394.1	2498	2270.29	45.2945	0.897853
NR_146401.2	2030	1802.29	33.2583	0.830457
NR_146402.2	2229	2001.29	7.58097	0.170473
NR_146403.2	2817	2589.29	171.072	2.97331
NR_146404.2	1949	1721.29	0	0
NR_146405.2	2016	1788.29	1.53922	0.038735
NR_146406.2	5463	5235.29	33.4188	0.287271
NR_146407.2	2125	1897.29	0	0
NR_146408.2	4830	4602.29	21.7485	0.212665
NR_146409.3	5498	5270.29	24.5056	0.209253
NR_146410.2	1939	1711.29	5.47813	0.144062
NR_146411.1	1386	1158.29	0	0
NR_146412.2	3006	2778.29	111.204	1.8013
NR_146413.2	2974	2746.29	0.265192	0.00434566
NR_146414.2	2991	2763.29	8.80821	0.143451
NR_146415.2	2970	2742.29	29.4811	0.483807
NR_146416.2	1500	1272.29	0	0
NR_146419.1	4387	4159.29	0	0
NR_146421.2	2549	2321.29	8.79568	0.170522
NR_146422.2	2989	2761.29	3.62698	0.0591119
NR_146423.2	2877	2649.29	0	0
NR_146424.2	2860	2632.29	22.6508	0.38725
NR_146425.2	2910	2682.29	0	0
NR_146426.2	3083	2855.29	19.4584	0.30669
NR_146427.2	3133	2905.29	0.0161377	0.000249973
NR_146428.2	3338	3110.29	10.49	0.15178
NR_146429.2	2962	2734.29	0	0
NR_146430.2	3281	3053.29	55.8772	0.823585
NR_146431.2	3179	2951.29	16.7593	0.255556
NR_146432.2	4610	4382.29	30.8155	0.316453
NR_146433.2	4607	4379.29	49.3848	0.507495
NR_146434.2	1982	1754.29	78.7917	2.02125
NR_146436.1	530	307.728	0	0
NR_146437.1	507	286.472	0	0
NR_146438.1	569	344.595	2.98703	0.390097
NR_146439.1	760	532.648	6.68101	0.564474
NR_146442.1	446	230.915	0	0
NR_146443.1	441	226.512	6.71558	1.33424
NR_146444.1	3043	2815.29	4.77498	0.0763291
NR_146445.1	2954	2726.29	0	0
NR_146446.1	2799	2571.29	0	0
NR_146447.1	3046	2818.29	0	0
NR_146448.1	909	681.293	0	0
NR_146449.1	1374	1146.29	0	0
NR_146450.1	715	487.852	0	0
NR_146451.1	1660	1432.29	0	0
NR_146452.1	1484	1256.29	3	0.107466
NR_146453.1	3135	2907.29	1	0.0154794
NR_146454.1	396	188.639	0	0
NR_146455.1	1597	1369.29	0	0
NR_146456.1	1080	852.293	0	0
NR_146457.1	1826	1598.29	4	0.112628
NR_146458.1	1675	1447.29	15	0.46642
NR_146459.3	424	212.011	4	0.84907
NR_146460.1	571	346.526	19.2095	2.49472
NR_146461.1	732	504.753	202.604	18.0639
NR_146462.2	10092	9864.29	0	0
NR_146463.2	10165	9937.29	53.5509	0.242516
NR_146464.2	9966	9738.29	37.5476	0.173517
NR_146465.2	9952	9724.29	0	0
NR_146466.1	795	567.487	0	0
NR_146467.1	632	406.137	0	0
NR_146468.1	645	418.93	0	0
NR_146469.1	899	671.361	0	0
NR_146470.1	660	433.717	0	0
NR_146471.1	2147	1919.29	0	0
NR_146472.1	831	603.427	3	0.223737
NR_146473.1	666	439.629	0	0
NR_146474.1	387	181.366	0	0
NR_146475.1	338	143.726	0	0
NR_146476.1	451	235.213	0	0
NR_146477.1	1091	863.293	1	0.0521295
NR_146478.1	762	534.648	0	0
NR_146479.1	417	206.073	1	0.218384
NR_146480.1	832	604.427	0	0
NR_146481.1	378	174.332	0	0
NR_146482.1	318	129.815	1	0.346672
NR_146484.1	1298	1070.29	0	0
NR_146485.1	1282	1054.29	0	0
NR_146486.1	455	238.796	0	0
NR_146487.1	499	279.049	0	0
NR_146488.1	1672	1444.29	1	0.0311592
NR_146489.1	1086	858.293	0	0
NR_146490.1	946	718.293	0	0
NR_146491.1	596	370.951	0	0
NR_146492.1	426	213.764	0	0
NR_146493.1	1035	807.293	0	0
NR_146494.1	2719	2491.29	4.59466	0.0829986
NR_146495.1	2578	2350.29	0	0
NR_146496.1	2526	2298.29	0.405434	0.00793884
NR_146497.1	484	265.13	11	1.86713
NR_146498.1	383	178.191	0	0
NR_146499.1	427	214.584	0	0
NR_146500.1	741	513.753	0	0
NR_146502.1	647	420.888	0	0
NR_146503.1	2998	2770.29	70.8696	1.15127
NR_146504.1	1799	1571.29	0	0
NR_146505.1	2766	2538.29	15.5243	0.275241
NR_146506.1	481	262.672	0	0
NR_146507.1	611	385.534	0	0
NR_146508.1	3229	3001.29	1.00009	0.014996
NR_146509.1	2244	2016.29	2.00291	0.0447044
NR_146510.1	575	350.386	0	0
NR_146511.1	406	196.92	0	0
NR_146512.2	2606	2378.29	12.3872	0.234396
NR_146513.2	6245	6017.29	0	0
NR_146514.2	5762	5534.29	0	0
NR_146518.1	743	515.753	0	0
NR_146519.1	1428	1200.29	0	0
NR_146522.1	460	243.274	0	0
NR_146523.1	417	206.073	0	0
NR_146524.1	939	711.293	0	0
NR_146525.2	1520	1292.29	0	0
NR_146526.1	705	477.9	0	0
NR_146527.1	2617	2389.29	0	0
NR_146528.1	565	340.768	0	0
NR_146529.1	611	385.534	78	9.10488
NR_146530.1	376	172.561	0	0
NR_146531.1	1943	1715.29	71	1.86278
NR_146533.1	1537	1309.29	28.5375	0.980893
NR_146534.1	1412	1184.29	24.4651	0.929671
NR_146535.1	1308	1080.29	0	0
NR_146536.1	473	255.047	0	0
NR_146537.1	920	692.293	0	0
NR_146538.1	703	475.947	0	0
NR_146539.2	2490	2262.29	0	0
NR_146540.2	2493	2265.29	93.0577	1.84872
NR_146541.1	466	248.539	0	0
NR_146542.1	2695	2467.29	1	0.0182399
NR_146543.1	386	180.662	0	0
NR_146544.1	462	244.971	0	0
NR_146545.1	500	280.02	14	2.24999
NR_146546.1	553	329.241	0	0
NR_146547.1	498	278.077	0	0
NR_146548.1	279	103.985	0	0
NR_146549.1	571	346.526	0	0
NR_146550.1	374	171.054	4.96459	1.30615
NR_146551.1	555	331.174	0	0
NR_146552.1	430	216.949	0	0
NR_146553.1	2285	2057.29	5.28063	0.115513
NR_146554.1	445	230.083	0	0
NR_146555.1	991	763.293	46	2.71212
NR_146556.1	1259	1031.29	0	0
NR_146557.1	933	705.293	4	0.25523
NR_146558.2	762	534.648	0	0
NR_146559.2	7661	7433.29	1.24865e-07	7.55964e-10
NR_146560.2	1048	820.293	0	0
NR_146561.1	1603	1375.29	1	0.0327225
NR_146562.1	239	79.981	0	0
NR_146563.1	2245	2017.29	0	0
NR_146564.1	2119	1891.29	0	0
NR_146565.1	1729	1501.29	0	0
NR_146566.1	1322	1094.29	0	0
NR_146567.1	1274	1046.29	0	0
NR_146568.1	484	265.13	0	0
NR_146569.1	464	246.768	0	0
NR_146570.1	282	105.999	0	0
NR_146571.1	3013	2785.29	0	0
NR_146572.1	425	212.877	0	0
NR_146573.1	348	151.011	0	0
NR_146574.1	529	306.759	0	0
NR_146575.2	2179	1951.29	0	0
NR_146578.1	5849	5621.29	105.247	0.842588
NR_146579.1	3311	3083.29	58.7644	0.857713
NR_146580.1	4986	4758.29	196.769	1.861
NR_146581.1	4478	4250.29	0	0
NR_146582.1	4182	3954.29	1.10663	0.0125944
NR_146584.3	5614	5386.29	70.3462	0.58775
NR_146585.2	4153	3925.29	0	0
NR_146586.2	4196	3968.29	7.80406	0.0885032
NR_146587.2	4062	3834.29	4.68278	0.0549618
NR_146588.1	3441	3213.29	0	0
NR_146589.1	4881	4653.29	82.7697	0.800485
NR_146590.1	3681	3453.29	10.5532	0.137528
NR_146591.1	3788	3560.29	34.4535	0.435502
NR_146592.1	3532	3304.29	0	0
NR_146593.1	4373	4145.29	4.35643	0.0472952
NR_146594.1	415	204.487	1	0.220078
NR_146595.1	1134	906.293	13.9017	0.690308
NR_146598.2	2209	1981.29	148.763	3.37901
NR_146599.1	4276	4048.29	28.9292	0.321593
NR_146601.1	538	315.318	0	0
NR_146602.1	1058	830.293	11	0.596216
NR_146603.1	4461	4233.29	19.1254	0.203317
NR_146604.1	2009	1781.29	0	0
NR_146605.1	507	286.472	0	0
NR_146606.1	462	244.971	0	0
NR_146607.1	372	169.412	0	0
NR_146608.1	639	413.014	0	0
NR_146609.1	993	765.293	0	0
NR_146610.1	1206	978.293	0	0
NR_146611.1	3302	3074.29	0	0
NR_146612.1	537	314.382	0	0
NR_146613.1	519	297.525	0	0
NR_146614.2	2147	1919.29	0	0
NR_146615.2	1820	1592.29	9.99065	0.282367
NR_146616.2	2061	1833.29	25.0436	0.614762
NR_146617.1	2534	2306.29	5.51752	0.107664
NR_146618.2	2131	1903.29	0	0
NR_146620.2	2665	2437.29	6.49435	0.119914
NR_146621.2	2635	2407.29	8.71062	0.162841
NR_146622.2	3068	2840.29	0	0
NR_146623.1	391	184.59	0	0
NR_146624.1	652	425.803	37.944	4.0103
NR_146625.1	4288	4060.29	210.357	2.33154
NR_146626.1	1641	1413.29	20.6757	0.65837
NR_146627.1	558	334.107	0	0
NR_146628.1	551	327.472	11	1.51168
NR_146629.1	442	227.417	0	0
NR_146630.1	813	585.487	0	0
NR_146631.1	620	394.338	0	0
NR_146632.2	1618	1390.29	143.773	4.65385
NR_146633.1	1610	1382.29	0	0
NR_146634.2	1604	1376.29	2.99416	0.0979053
NR_146635.2	1751	1523.29	6.23723	0.184268
NR_146636.1	604	378.687	0	0
NR_146637.1	1164	936.293	0	0
NR_146638.2	7333	7105.29	29.9194	0.189501
NR_146639.2	7362	7134.29	0.112389	0.000708946
NR_146644.1	1341	1113.29	0	0
NR_146645.1	1108	880.293	13.9539	0.713362
NR_146646.1	936	708.293	4.16662	0.264736
NR_146647.1	545	321.964	0	0
NR_146648.2	5316	5088.29	5.56733	0.0492399
NR_146649.2	5073	4845.29	0	0
NR_146650.1	428	215.312	0	0
NR_146651.1	572	347.526	0	0
NR_146652.1	491	271.527	0	0
NR_146653.1	1495	1267.29	4.67834	0.166133
NR_146654.1	1981	1753.29	2.32561	0.0596933
NR_146655.1	5388	5160.29	1	0.00872103
NR_146656.1	5483	5255.29	0	0
NR_146657.1	4868	4640.29	1	0.00969833
NR_146710.1	1188	960.293	39.899	1.86982
NR_146711.1	294	113.843	1	0.39531
NR_146712.1	776	548.487	1.77003	0.14523
NR_146713.1	2371	2143.29	1.00043	0.0210062
NR_146714.1	563	338.802	0	0
NR_146715.2	1513	1285.29	21.8404	0.764717
NR_146716.2	983	755.293	1	0.0595836
NR_146717.1	1473	1245.29	0	0
NR_146718.1	2434	2206.29	0	0
NR_146719.2	3554	3326.29	6.06562	0.0820648
NR_146720.2	4359	4131.29	29.6873	0.323391
NR_146721.2	2054	1826.29	0	0
NR_146722.2	3634	3406.29	36.7279	0.485239
NR_146723.2	4084	3856.29	289.158	3.37448
NR_146724.1	891	663.427	0	0
NR_146725.2	1888	1660.29	5.88279	0.159456
NR_146726.1	1096	868.293	0	0
NR_146727.1	513	291.914	0	0
NR_146728.1	1720	1492.29	2	0.060314
NR_146729.1	537	314.382	0	0
NR_146730.1	1117	889.293	7	0.354238
NR_146731.1	617	391.417	0	0
NR_146732.1	1044	816.293	1	0.055131
NR_146733.1	2610	2382.29	4.27296	0.0807191
NR_146734.1	2655	2427.29	0	0
NR_146735.1	1541	1313.29	0	0
NR_146736.1	931	703.293	0	0
NR_146737.1	821	593.487	2.01341	0.152674
NR_146738.2	2391	2163.29	0	0
NR_146739.2	2319	2091.29	0.00131238	2.82415e-05
NR_146740.2	2468	2240.29	0.0340736	0.000684472
NR_146741.2	2249	2021.29	16.2661	0.362157
NR_146742.2	2621	2393.29	0.299383	0.00562956
NR_146743.2	2459	2231.29	2.38828	0.0481694
NR_146744.2	2479	2251.29	39.781	0.795217
NR_146745.2	2246	2018.29	7.65946e-06	1.70788e-07
NR_146746.2	2692	2464.29	9.61343e-05	1.75561e-06
NR_146747.2	2025	1797.29	0.422273	0.0105735
NR_146748.2	2485	2257.29	40.4877	0.807192
NR_146749.2	2340	2112.29	2.15014	0.0458095
NR_146750.2	2583	2355.29	0.0552739	0.00105613
NR_146751.2	2474	2246.29	0.00162597	3.25753e-05
NR_146752.2	2527	2299.29	11.1162	0.217572
NR_146753.2	2379	2151.29	0	0
NR_146754.2	2204	1976.29	0.0743569	0.00169322
NR_146755.2	2587	2359.29	0.0462646	0.000882489
NR_146756.2	2253	2025.29	0.000806067	1.79112e-05
NR_146757.2	2513	2285.29	5.32318	0.104827
NR_146758.2	2123	1895.29	2.94672e-06	6.99688e-08
NR_146759.2	2242	2014.29	7.53953e-06	1.68447e-07
NR_146760.1	778	550.487	2.00188	0.163656
NR_146761.1	806	578.487	0	0
NR_146762.2	3476	3248.29	42.4611	0.588272
NR_146763.2	2749	2521.29	0	0
NR_146764.2	2026	1798.29	0	0
NR_146765.2	2129	1901.29	0	0
NR_146766.1	2549	2321.29	0	0
NR_146767.1	2645	2417.29	0	0
NR_146768.1	2501	2273.29	0	0
NR_146769.1	2554	2326.29	47.026	0.909736
NR_146770.1	1436	1208.29	6.664	0.248202
NR_146771.1	1969	1741.29	9	0.232602
NR_146772.2	3370	3142.29	42.3133	0.606
NR_146773.1	2809	2581.29	0	0
NR_146774.2	3448	3220.29	3.01807	0.0421771
NR_146775.2	3451	3223.29	0.52357	0.00730999
NR_146776.2	3574	3346.29	12.0783	0.162436
NR_146777.2	3702	3474.29	0	0
NR_146778.2	3706	3478.29	35.5088	0.459422
NR_146779.2	3703	3475.29	11.3373	0.146812
NR_146780.1	1824	1596.29	14.1119	0.397846
NR_146781.1	702	474.947	0	0
NR_146782.1	1143	915.293	0	0
NR_146783.2	3715	3487.29	3.11992e-05	4.02621e-07
NR_146784.2	3582	3354.29	2.36206e-05	3.16907e-07
NR_146785.2	3792	3564.29	158.317	1.99893
NR_146787.2	4403	4175.29	0.732061	0.00789046
NR_146788.2	4573	4345.29	12.9559	0.134181
NR_146789.2	4562	4334.29	24.2488	0.251776
NR_146790.2	4579	4351.29	0	0
NR_146791.2	4680	4452.29	33.1914	0.335493
NR_146792.2	4656	4428.29	0	0
NR_146793.2	2749	2521.29	351.055	6.26605
NR_146794.2	3819	3591.29	0	0
NR_146795.2	2032	1804.29	16.2998	0.406553
NR_146796.2	1956	1728.29	0	0
NR_146797.2	4284	4056.29	0	0
NR_146798.2	1932	1704.29	0	0
NR_146799.2	3843	3615.29	0	0
NR_146800.2	1953	1725.29	0	0
NR_146801.2	2045	1817.29	0	0
NR_146802.2	2187	1959.29	0	0
NR_146803.2	4731	4503.29	0	0
NR_146804.2	4611	4383.29	0	0
NR_146806.1	275	101.511	18	7.97998
NR_146807.2	3086	2858.29	2.40684	0.0378951
NR_146808.2	2021	1793.29	2.67551	0.0671426
NR_146809.2	1899	1671.29	0	0
NR_146810.2	3989	3761.29	276.851	3.31246
NR_146853.2	2380	2152.29	0	0
NR_146854.3	2423	2195.29	0	0
NR_146855.2	1690	1462.29	0	0
NR_146856.3	1836	1608.29	4.38192e-05	1.22614e-06
NR_146857.3	2628	2400.29	0	0
NR_146858.2	2280	2052.29	0	0
NR_146859.3	1608	1380.29	0	0
NR_146860.3	2397	2169.29	0	0
NR_146861.2	2816	2588.29	0	0
NR_146862.3	2192	1964.29	0	0
NR_146863.2	2585	2357.29	0	0
NR_146864.3	2092	1864.29	0	0
NR_146865.1	495	275.303	0	0
NR_146866.1	836	608.427	2	0.147932
NR_146867.2	2482	2254.29	0	0
NR_146868.1	1689	1461.29	0	0
NR_146869.1	493	273.443	0	0
NR_146870.2	2058	1830.29	0	0
NR_146871.3	1986	1758.29	0	0
NR_146872.2	2403	2175.29	0	0
NR_146873.3	1795	1567.29	0	0
NR_146874.3	1912	1684.29	0	0
NR_146875.2	3150	2922.29	18.831	0.289996
NR_146876.2	2671	2443.29	123.682	2.2781
NR_146877.1	1224	996.293	4	0.180682
NR_146878.1	486	266.912	0	0
NR_146879.2	2908	2680.29	13.0384	0.218919
NR_146880.2	3995	3767.29	0	0
NR_146881.1	2196	1968.29	1	0.022864
NR_146882.2	2038	1810.29	0.00249197	6.19493e-05
NR_146883.2	1887	1659.29	0	0
NR_146884.1	1795	1567.29	0	0
NR_146885.1	488	268.748	3	0.502364
NR_146886.1	399	191.106	0	0
NR_146887.1	571	346.526	0	0
NR_146888.2	1884	1656.29	39.8847	1.08371
NR_146889.2	1573	1345.29	42.1562	1.41022
NR_146890.1	701	473.947	0	0
NR_146891.1	967	739.293	0	0
NR_146892.1	344	148.132	0	0
NR_146893.2	7557	7329.29	0	0
NR_146894.2	7479	7251.29	0	0
NR_146895.1	1176	948.293	0	0
NR_146896.1	2249	2021.29	1	0.0222645
NR_146897.1	2535	2307.29	2.27534	0.0443798
NR_146898.1	301	118.444	0	0
NR_146899.1	682	455.179	0	0
NR_146900.1	1207	979.293	0	0
NR_146901.1	504	283.647	0	0
NR_146902.1	848	620.427	0	0
NR_146903.1	1497	1269.29	5	0.177276
NR_146904.1	491	271.527	0	0
NR_146905.1	3186	2958.29	3.49827	0.0532175
NR_146906.1	3843	3615.29	0	0
NR_146907.1	2457	2229.29	25.8031	0.520892
NR_146908.1	2538	2310.29	73.2236	1.42635
NR_146909.1	1449	1221.29	0	0
NR_146910.1	412	201.964	0	0
NR_146911.2	2180	1952.29	0	0
NR_146912.1	6735	6507.29	26.3547	0.182264
NR_146914.1	527	304.945	0	0
NR_146915.1	610	384.573	0	0
NR_146916.2	1283	1055.29	0	0
NR_146917.1	455	238.796	0	0
NR_146918.1	951	723.293	0	0
NR_146919.1	1872	1644.29	0	0
NR_146920.1	882	654.427	4	0.275068
NR_146921.1	1694	1466.29	0	0
NR_146922.1	372	169.412	0	0
NR_146925.1	1848	1620.29	12.331	0.34249
NR_146926.2	2383	2155.29	0	0
NR_146927.2	2279	2051.29	0	0
NR_146928.2	2443	2215.29	0	0
NR_146929.2	2386	2158.29	0	0
NR_146930.2	5415	5187.29	0	0
NR_146931.2	2373	2145.29	0	0
NR_146932.2	6319	6091.29	46.9938	0.347195
NR_146933.2	6655	6427.29	34.3481	0.240501
NR_146934.1	2233	2005.29	0.000412731	9.26257e-06
NR_146935.1	2372	2144.29	0	0
NR_146936.2	2791	2563.29	0	0
NR_146937.2	3389	3161.29	8.67474	0.123491
NR_146938.2	3168	2940.29	0	0
NR_146939.2	4001	3773.29	0	0
NR_146940.2	4140	3912.29	0	0
NR_146941.2	4404	4176.29	0	0
NR_146942.2	1811	1583.29	2.4166	0.0686888
NR_146943.2	1885	1657.29	0	0
NR_146944.2	1957	1729.29	2.04614	0.0532488
NR_146945.2	1746	1518.29	5.3954	0.159923
NR_146946.2	2099	1871.29	32.7047	0.786521
NR_146947.2	2118	1890.29	0	0
NR_146948.2	2062	1834.29	0	0
NR_146949.2	2153	1925.29	0	0
NR_146950.2	2084	1856.29	0	0
NR_146951.2	2209	1981.29	0	0
NR_146952.1	503	282.705	0	0
NR_146953.1	2100	1872.29	1.00218	0.0240887
NR_146954.1	416	205.291	0	0
NR_146955.1	422	210.345	0	0
NR_146956.1	770	542.487	0	0
NR_146957.1	992	764.293	0	0
NR_146958.2	7795	7567.29	0	0
NR_146959.2	4789	4561.29	381.772	3.76668
NR_146960.1	3915	3687.29	0	0
NR_146961.2	6054	5826.29	54.5932	0.421685
NR_146962.1	6378	6150.29	0	0
NR_146963.1	600	374.838	0	0
NR_146964.2	1256	1028.29	11.181	0.489334
NR_146965.2	1189	961.293	6.20316	0.290402
NR_146966.2	1105	877.293	4.1223	0.211465
NR_146967.2	975	747.293	0	0
NR_146968.1	1765	1537.29	10	0.292742
NR_146969.1	443	228.322	0	0
NR_146970.1	636	410.055	0	0
NR_146971.1	451	235.213	0	0
NR_146972.1	564	339.768	0	0
NR_146973.1	910	682.293	0	0
NR_146974.1	694	467.041	0	0
NR_146975.1	613	387.495	0	0
NR_146976.2	2265	2037.29	11.3977	0.251772
NR_146977.2	1957	1729.29	0	0
NR_146978.2	1738	1510.29	13.1917	0.393082
NR_146979.3	2422	2194.29	0	0
NR_146980.2	2117	1889.29	0	0
NR_146981.3	2533	2305.29	0	0
NR_146982.3	2491	2263.29	0	0
NR_146983.2	1928	1700.29	0	0
NR_146984.3	2654	2426.29	0	0
NR_146985.2	2147	1919.29	3.25594	0.0763444
NR_146986.3	2752	2524.29	7.49342	0.133593
NR_146987.2	1979	1751.29	1.19746	0.0307712
NR_146988.1	538	315.318	0	0
NR_146989.2	2189	1961.29	7.2279	0.165849
NR_146990.1	550	326.571	0.832411	0.11471
NR_146991.1	3789	3561.29	1.28386	0.0162237
NR_146992.2	6627	6399.29	5.20258	0.0365872
NR_146993.1	579	354.315	4	0.508058
NR_146994.1	428	215.312	0	0
NR_146995.1	654	427.803	1	0.105196
NR_146996.1	681	454.225	0	0
NR_146997.2	6138	5910.29	0	0
NR_146998.2	5997	5769.29	0	0
NR_146999.1	574	349.421	0	0
NR_147000.1	574	349.421	0	0
NR_147001.2	1298	1070.29	0	0
NR_147002.2	1215	987.293	0	0
NR_147003.2	2994	2766.29	60.3252	0.981393
NR_147004.1	403	194.403	0	0
NR_147005.1	527	304.945	0	0
NR_147006.1	534	311.445	0	0
NR_147008.1	517	295.585	2	0.304501
NR_147009.1	464	246.768	0	0
NR_147010.1	813	585.487	1	0.0768644
NR_147011.1	572	347.526	0	0
NR_147012.2	8638	8410.29	0	0
NR_147013.2	5669	5441.29	1.66837	0.0137985
NR_147014.2	8305	8077.29	0	0
NR_147015.2	8357	8129.29	0	0
NR_147016.2	8242	8014.29	0	0
NR_147017.2	8367	8139.29	0	0
NR_147018.2	8329	8101.29	0	0
NR_147019.2	8454	8226.29	0	0
NR_147020.2	7989	7761.29	8.92447e-07	5.17476e-09
NR_147021.2	7920	7692.29	9.1264e-05	5.33932e-07
NR_147022.2	7864	7636.29	2.04552	0.0120549
NR_147024.1	944	716.293	0	0
NR_147025.1	1028	800.293	0	0
NR_147026.2	2727	2499.29	0	0
NR_147027.2	2970	2742.29	18.6864	0.306658
NR_147034.1	2597	2369.29	0	0
NR_147036.1	2233	2005.29	0	0
NR_147037.1	4387	4159.29	3.50404	0.0379133
NR_147038.2	15567	15339.3	0	0
NR_147039.2	15513	15285.3	0	0
NR_147040.2	15414	15186.3	0	0
NR_147041.1	3880	3652.29	1	0.0123219
NR_147045.2	2246	2018.29	98.6538	2.19974
NR_147046.2	5394	5166.29	0	0
NR_147047.2	5523	5295.29	0	0
NR_147048.2	5397	5169.29	10.4371	0.0908639
NR_147049.2	5309	5081.29	0	0
NR_147050.2	5450	5222.29	1.0151	0.00874763
NR_147051.2	5518	5290.29	0	0
NR_147052.2	5431	5203.29	7.55539	0.0653463
NR_147053.3	2741	2513.29	1.37218	0.0245703
NR_147054.1	572	347.526	0	0
NR_147055.1	1947	1719.29	6.1841	0.161871
NR_147056.3	3700	3472.29	0	0
NR_147057.3	4260	4032.29	1.35085e-08	1.50764e-10
NR_147058.3	3835	3607.29	0	0
NR_147059.2	2205	1977.29	0	0
NR_147060.2	652	425.803	3	0.317069
NR_147061.1	2252	2024.29	0	0
NR_147062.2	4393	4165.29	0	0
NR_147063.2	4220	3992.29	0	0
NR_147064.2	4209	3981.29	0	0
NR_147065.1	3668	3440.29	0	0
NR_147066.1	3716	3488.29	0	0
NR_147067.1	3759	3531.29	0	0
NR_147068.1	3660	3432.29	0	0
NR_147069.1	3617	3389.29	0	0
NR_147070.1	3755	3527.29	0	0
NR_147071.1	3712	3484.29	0	0
NR_147072.1	3837	3609.29	0	0
NR_147073.1	3847	3619.29	0	0
NR_147074.1	1732	1504.29	2	0.0598329
NR_147076.1	2366	2138.29	19.7778	0.416248
NR_147077.1	362	162.038	0	0
NR_147078.2	14985	14757.3	61.1478	0.186473
NR_147079.2	14987	14759.3	92.1919	0.281106
NR_147080.2	14818	14590.3	0	0
NR_147081.2	14900	14672.3	66.7834	0.204839
NR_147082.2	15046	14818.3	0	0
NR_147083.1	628	402.259	0	0
NR_147084.1	3421	3193.29	3.00015	0.0422812
NR_147085.2	2693	2465.29	0	0
NR_147086.2	4310	4082.29	21.0229	0.231756
NR_147087.2	4647	4419.29	0	0
NR_147088.2	4754	4526.29	1.07533e-06	1.06916e-08
NR_147089.1	869	641.427	0	0
NR_147090.1	271	99.0818	0	0
NR_147091.2	1774	1546.29	0	0
NR_147092.2	1997	1769.29	23.8248	0.605998
NR_147093.3	24630	24402.3	7.05788	0.0130163
NR_147094.2	5534	5306.29	0	0
NR_147095.2	5089	4861.29	0	0
NR_147096.2	4059	3831.29	0	0
NR_147097.2	2487	2259.29	37.2031	0.741051
NR_147098.1	1562	1334.29	86.0216	2.90134
NR_147099.2	1613	1385.29	0	0
NR_147100.2	2426	2198.29	0	0
NR_147101.2	2275	2047.29	0	0
NR_147102.2	1466	1238.29	3.19447	0.116096
NR_147103.2	2199	1971.29	2.16804e-07	4.94947e-09
NR_147104.2	2462	2234.29	0	0
NR_147105.2	2289	2061.29	9.32785	0.20365
NR_147106.2	1800	1572.29	0	0
NR_147107.2	2459	2231.29	6.87953	0.138754
NR_147108.2	2023	1795.29	27.566	0.691004
NR_147109.2	2509	2281.29	0	0
NR_147110.2	1781	1553.29	0	0
NR_147111.2	1568	1340.29	0	0
NR_147112.2	1615	1387.29	0	0
NR_147113.2	1511	1283.29	0	0
NR_147114.2	1646	1418.29	26.7881	0.849999
NR_147115.2	1644	1416.29	20.4801	0.65076
NR_147116.2	1521	1293.29	0	0
NR_147117.2	1474	1246.29	0.00096746	3.49346e-05
NR_147118.2	2635	2407.29	0	0
NR_147119.2	2669	2441.29	50.8921	0.938151
NR_147120.2	2173	1945.29	0	0
NR_147121.1	980	752.293	0	0
NR_147122.1	2190	1962.29	0	0
NR_147123.1	2025	1797.29	19.0494	0.476986
NR_147124.1	2080	1852.29	0	0
NR_147125.1	2346	2118.29	32.9952	0.700983
NR_147126.2	1878	1650.29	19.9818	0.544899
NR_147127.2	1888	1660.29	5.5802	0.151254
NR_147128.2	2013	1785.29	0	0
NR_147129.2	2048	1820.29	37.9957	0.939368
NR_147130.1	1114	886.293	0	0
NR_147131.2	5447	5219.29	48.1763	0.415398
NR_147132.2	4870	4642.29	0	0
NR_147133.2	5364	5136.29	0	0
NR_147134.2	5215	4987.29	9.30477	0.0839621
NR_147135.2	5051	4823.29	0	0
NR_147136.2	4903	4675.29	1.06147e-07	1.02175e-09
NR_147137.2	5191	4963.29	0	0
NR_147138.2	5360	5132.29	28.9992	0.254282
NR_147139.2	4783	4555.29	11.1778	0.110429
NR_147140.2	866	638.427	27.3123	1.92526
NR_147141.1	989	761.293	0	0
NR_147142.1	474	256.047	0	0
NR_147143.1	750	522.701	0	0
NR_147144.1	520	298.404	0	0
NR_147145.1	581	356.279	1	0.126314
NR_147146.1	1947	1719.29	0	0
NR_147147.1	367	165.66	0	0
NR_147148.1	518	296.555	0	0
NR_147149.1	379	175.043	0	0
NR_147150.1	521	299.283	0	0
NR_147151.1	748	520.701	0	0
NR_147152.1	583	358.243	0	0
NR_147153.1	526	304.007	1	0.148033
NR_147154.1	591	366.025	0	0
NR_147155.1	648	421.846	0	0
NR_147156.1	1153	925.293	1	0.0486366
NR_147157.1	553	329.241	0	0
NR_147158.1	1098	870.293	0	0
NR_147159.1	464	246.768	0	0
NR_147160.1	639	413.014	0	0
NR_147161.1	466	248.539	0	0
NR_147162.1	644	417.93	0	0
NR_147163.1	559	335.04	0	0
NR_147164.1	458	241.399	0	0
NR_147165.1	734	506.753	0	0
NR_147166.1	421	209.523	0	0
NR_147167.1	1840	1612.29	0	0
NR_147168.1	1593	1365.29	0	0
NR_147169.1	641	415.014	0	0
NR_147170.1	2351	2123.29	0	0
NR_147171.2	7126	6898.29	28.5693	0.18638
NR_147172.1	916	688.293	0	0
NR_147173.1	824	596.427	0	0
NR_147174.1	1296	1068.29	0	0
NR_147175.1	2551	2323.29	2.19381	0.0424949
NR_147176.1	2284	2056.29	0	0
NR_147178.1	1430	1202.29	14.469	0.541588
NR_147179.1	1349	1121.29	13.1624	0.528271
NR_147180.2	2413	2185.29	0	0
NR_147181.1	601	375.763	0	0
NR_147182.1	614	388.495	6.17664	0.715499
NR_147183.1	372	169.412	0	0
NR_147184.1	546	322.964	0	0
NR_147185.1	517	295.585	0	0
NR_147186.1	577	352.35	0	0
NR_147187.1	412	201.964	0	0
NR_147188.1	415	204.487	0	0
NR_147189.1	577	352.35	0	0
NR_147190.1	1611	1383.29	0	0
NR_147191.1	2067	1839.29	0	0
NR_147192.1	676	449.451	1	0.100129
NR_147193.1	730	502.753	16	1.43221
NR_147194.1	599	373.876	0	0
NR_147195.1	2877	2649.29	0	0
NR_147196.1	706	478.9	1	0.0939718
NR_147197.1	997	769.293	0	0
NR_147198.1	800	572.487	0	0
NR_147199.1	973	745.293	16.8019	1.01455
NR_147200.1	1278	1050.29	2.39753	0.10273
NR_147201.1	2200	1972.29	5.80055	0.132355
NR_147202.2	2316	2088.29	118.142	2.54598
NR_147203.1	465	247.59	0	0
NR_147204.1	536	313.414	0	0
NR_147205.1	492	272.443	0	0
NR_147206.1	559	335.04	25.0111	3.35953
NR_147207.1	1821	1593.29	0	0
NR_147208.1	579	354.315	0	0
NR_147209.1	683	456.134	0	0
NR_147210.1	3245	3017.29	21.2516	0.316969
NR_147211.1	1689	1461.29	0	0
NR_147212.1	630	404.218	0	0
NR_147213.2	7363	7135.29	0	0
NR_147214.2	7535	7307.29	0	0
NR_147215.1	2536	2308.29	1	0.0194963
NR_147216.1	4793	4565.29	0	0
NR_147217.1	4674	4446.29	3.16248e-06	3.2009e-08
NR_147218.1	4671	4443.29	0	0
NR_147219.2	4743	4515.29	0	0
NR_147220.2	4729	4501.29	2.86459e-08	2.86397e-10
NR_147221.2	4800	4572.29	0.923651	0.00909109
NR_147222.2	4795	4567.29	25.2228	0.248528
NR_147223.2	4853	4625.29	0	0
NR_147224.2	4731	4503.29	0	0
NR_147225.2	4886	4658.29	0	0
NR_147226.2	4734	4506.29	98.5616	0.984307
NR_147227.2	4804	4576.29	49.9637	0.491341
NR_147228.2	4767	4539.29	4.28206	0.0424529
NR_147229.2	4710	4482.29	0	0
NR_147230.2	4952	4724.29	0.00486422	4.6336e-05
NR_147231.2	4764	4536.29	0	0
NR_147232.2	4637	4409.29	44.186	0.450981
NR_147233.2	3209	2981.29	236.757	3.57388
NR_147234.2	4121	3893.29	68.5921	0.792865
NR_147235.2	866	638.427	6.89361	0.485934
NR_147236.2	2139	1911.29	77.1532	1.81664
NR_147237.2	2499	2271.29	0	0
NR_147238.2	2598	2370.29	5.49916	0.104409
NR_147239.2	5746	5518.29	126.131	1.02863
NR_147240.2	1964	1736.29	0	0
NR_147241.2	866	638.427	7.36764	0.519349
NR_147242.2	7504	7276.29	8.59427	0.0531546
NR_147243.2	8066	7838.29	0	0
NR_147244.2	8098	7870.29	0	0
NR_147245.2	7540	7312.29	0	0
NR_147246.2	8208	7980.29	23.7885	0.13415
NR_147247.2	8347	8119.29	0	0
NR_147248.2	7233	7005.29	0	0
NR_147249.2	7929	7701.29	0	0
NR_147250.2	11365	11137.3	0	0
NR_147251.2	8379	8151.29	0	0
NR_147252.2	338	143.726	34.706	10.8671
NR_147253.2	8247	8019.29	0	0
NR_147255.2	734	506.753	0	0
NR_147256.3	3528	3300.29	0	0
NR_147257.1	2333	2105.29	22.6809	0.484831
NR_147407.1	2917	2689.29	5.0281	0.0841411
NR_147408.1	4812	4584.29	0	0
NR_147409.1	4594	4366.29	31.7611	0.32736
NR_147410.1	2752	2524.29	6.74955	0.120331
NR_147411.1	1077	849.293	1.00091	0.0530371
NR_147452.2	1725	1497.29	1.73202	0.0520582
NR_147498.1	1233	1005.29	0	0
NR_147499.1	3142	2914.29	4.00064	0.0617787
NR_147501.1	4389	4161.29	48.192	0.521181
NR_147502.1	2479	2251.29	8	0.159919
NR_147504.1	1453	1225.29	31.0353	1.13988
NR_147505.1	3409	3181.29	2.00474	0.0283593
NR_147506.1	1633	1405.29	0	0
NR_147507.1	844	616.427	0	0
NR_147508.1	3086	2858.29	4	0.062979
NR_147606.2	2950	2722.29	0	0
NR_147607.1	543	320.029	0	0
NR_147608.1	536	313.414	1.60017	0.229769
NR_147610.1	2577	2349.29	0	0
NR_147612.1	1731	1503.29	0.663032	0.0198487
NR_147613.1	2131	1903.29	0	0
NR_147614.1	1959	1731.29	1.22398	0.0318161
NR_147618.1	552	328.307	34.1286	4.67822
NR_147619.1	559	335.04	0	0
NR_147620.1	3710	3482.29	106.929	1.38189
NR_147691.2	3117	2889.29	0.0382322	0.000595497
NR_147692.2	7708	7480.29	5.89751	0.0354807
NR_147695.1	5549	5321.29	94	0.794974
NR_147696.1	1419	1191.29	34.0483	1.28623
NR_147697.1	916	688.293	10.0402	0.656461
NR_147699.1	1955	1727.29	1.00531	0.0261924
NR_147701.1	2182	1954.29	0	0
NR_147702.1	2000	1772.29	1.00008	0.0253947
NR_147703.1	1923	1695.29	0	0
NR_147704.1	1815	1587.29	3.00002	0.0850569
NR_147705.1	1113	885.293	1.0039	0.0510321
NR_147706.1	1142	914.293	3	0.147665
NR_147707.1	2544	2316.29	21.9758	0.426966
NR_147708.1	369	167.159	1	0.269223
NR_147784.1	4750	4522.29	5	0.0497569
NR_147785.2	2827	2599.29	3.71573	0.0643327
NR_147786.2	2824	2596.29	1.30978	0.0227032
NR_147787.2	2977	2749.29	5.30838	0.0868927
NR_147788.2	2879	2651.29	0.850912	0.0144434
NR_147789.2	3045	2817.29	1.01252	0.0161738
NR_147790.2	2898	2670.29	1.82382	0.0307373
NR_147791.2	2895	2667.29	0.648088	0.0109347
NR_147792.2	3342	3114.29	5.2705	0.0761613
NR_147828.2	2284	2056.29	0	0
NR_147829.2	2704	2476.29	35.7326	0.649388
NR_147830.2	2257	2029.29	0	0
NR_147831.2	2614	2386.29	5.48158	0.103377
NR_147832.2	3717	3489.29	0	0
NR_147833.2	2012	1784.29	26.3944	0.665714
NR_147835.1	775	547.487	71.9152	5.91138
NR_147836.1	3336	3108.29	6	0.0868703
NR_147838.2	10269	10041.3	201.449	0.902854
NR_147839.2	10170	9942.29	6.23722	0.0282323
NR_147840.2	10110	9882.29	93.2077	0.42446
NR_147841.2	10000	9772.29	49.7931	0.229306
NR_147842.2	9956	9728.29	43.2571	0.200107
NR_147843.2	9884	9656.29	9.10975	0.0424559
NR_147844.1	674	447.496	4.92777	0.495569
NR_147845.2	1185	957.293	0	0
NR_147846.1	2074	1846.29	0	0
NR_147847.1	2013	1785.29	0	0
NR_147848.2	3021	2793.29	0	0
NR_147849.2	2459	2231.29	14.1766	0.285928
NR_147850.2	2810	2582.29	84.3387	1.46982
NR_147851.2	3011	2783.29	0	0
NR_147852.2	2778	2550.29	34.6446	0.611348
NR_147853.2	2975	2747.29	0	0
NR_147854.2	2624	2396.29	0	0
NR_147855.1	1791	1563.29	1.31936	0.0379808
NR_147885.2	2764	2536.29	5.19859	0.092242
NR_147886.1	2295	2067.29	0	0
NR_147887.1	2336	2108.29	6.31279	0.134751
NR_147890.3	7324	7096.29	31.8324	0.201874
NR_147891.2	2544	2316.29	30.7668	0.597766
NR_147892.1	3346	3118.29	0	0
NR_147893.1	3202	2974.29	0	0
NR_147894.1	3030	2802.29	0	0
NR_147895.2	5222	4994.29	0	0
NR_147896.1	2296	2068.29	0	0
NR_147898.1	1043	815.293	0	0
NR_147899.2	2634	2406.29	29.3743	0.549365
NR_147900.2	2667	2439.29	14.6246	0.269813
NR_147901.2	2664	2436.29	0	0
NR_147902.2	2694	2466.29	1.31185e-08	2.39377e-10
NR_147903.2	2629	2401.29	110.319	2.06751
NR_147904.2	2320	2092.29	10.5254	0.226391
NR_147905.2	2350	2122.29	33.9817	0.720579
NR_147906.2	1546	1318.29	88.8561	3.03331
NR_147907.2	1879	1651.29	2.14741	0.058524
NR_147908.1	924	696.293	24.9563	1.61299
NR_147909.2	2478	2250.29	0	0
NR_147910.2	1861	1633.29	0	0
NR_147911.2	2378	2150.29	0	0
NR_147912.1	534	311.445	0	0
NR_147913.2	4294	4066.29	105.582	1.16851
NR_147914.2	3701	3473.29	569.173	7.37471
NR_147915.2	6304	6076.29	231.377	1.71365
NR_147917.2	5234	5006.29	6.52908	0.0586918
NR_147918.2	4746	4518.29	33.5244	0.333909
NR_147919.2	4518	4290.29	0	0
NR_147920.2	4591	4363.29	0	0
NR_147921.2	5589	5361.29	0	0
NR_147922.2	5620	5392.29	0.0310411	0.000259063
NR_147923.2	6036	5808.29	0	0
NR_147924.2	4579	4351.29	0	0
NR_147925.2	4252	4024.29	0	0
NR_147926.2	4506	4278.29	0	0
NR_147927.2	3544	3316.29	0	0
NR_147928.2	3796	3568.29	29.3087	0.369639
NR_147929.2	3550	3322.29	54.2879	0.735372
NR_147930.1	2818	2590.29	8.6601	0.150458
NR_147931.1	3034	2806.29	10.3399	0.165816
NR_147932.1	2986	2758.29	0	0
NR_147933.2	2224	1996.29	0	0
NR_147934.2	2329	2101.29	0	0
NR_147935.2	2401	2173.29	0	0
NR_147936.2	2170	1942.29	0	0
NR_147938.2	2544	2316.29	0	0
NR_147939.2	2564	2336.29	0	0
NR_147940.2	2089	1861.29	0	0
NR_147941.1	1906	1678.29	36.9985	0.992108
NR_147942.2	2234	2006.29	61.1461	1.37157
NR_147945.2	1673	1445.29	0	0
NR_147946.2	2594	2366.29	0.0100812	0.000191729
NR_147947.2	1760	1532.29	0	0
NR_147948.2	2591	2363.29	0	0
NR_147949.2	1764	1536.29	159.535	4.6733
NR_147950.2	1761	1533.29	0	0
NR_147951.1	572	347.526	1.01609	0.13158
NR_147953.2	2535	2307.29	240.567	4.69218
NR_147954.2	2509	2281.29	105.608	2.08332
NR_147955.2	2504	2276.29	28.4788	0.563035
NR_147956.2	2492	2264.29	45.2644	0.899634
NR_147957.2	1862	1634.29	11.9883	0.330117
NR_147958.2	401	192.714	0	0
NR_147959.2	1050	822.293	0	0
NR_147963.1	1232	1004.29	43	1.92686
NR_147964.1	963	735.293	0	0
NR_147965.2	4908	4680.29	2.37811	0.0228665
NR_147966.2	5358	5130.29	0	0
NR_147967.2	5367	5139.29	128.579	1.12592
NR_147968.2	5090	4862.29	1.29221	0.0119601
NR_147969.2	5201	4973.29	66.9011	0.605384
NR_147970.2	4944	4716.29	1.88567	0.0179932
NR_147971.2	5328	5100.29	38.5614	0.340252
NR_147972.2	2481	2253.29	0	0
NR_147973.2	2392	2164.29	3.46379	0.0720241
NR_147974.2	1891	1663.29	17.0497	0.461308
NR_147975.2	935	707.293	5.42439	0.345138
NR_147976.1	3205	2977.29	0	0
NR_147978.2	5505	5277.29	0	0
NR_147979.2	5567	5339.29	0	0
NR_147980.2	5443	5215.29	32.1501	0.277425
NR_147981.2	5681	5453.29	0	0
NR_147982.2	5737	5509.29	0	0
NR_147983.2	5597	5369.29	0	0
NR_147984.2	6677	6449.29	29.0478	0.202695
NR_147985.2	2757	2529.29	0	0
NR_147986.1	1538	1310.29	0	0
NR_147987.1	1381	1153.29	0	0
NR_147988.1	106	16.543	0	0
NR_147989.1	3531	3303.29	46.7882	0.637429
NR_147990.2	2334	2106.29	0.00495422	0.000105852
NR_147991.2	2964	2736.29	0	0
NR_147992.2	1732	1504.29	0	0
NR_147993.2	2594	2366.29	0	0
NR_147994.1	2457	2229.29	0	0
NR_147995.2	3002	2774.29	0	0
NR_147996.2	3070	2842.29	0	0
NR_147997.2	3169	2941.29	0	0
NR_147998.2	2810	2582.29	0	0
NR_147999.2	3963	3735.29	0	0
NR_148000.2	4065	3837.29	0	0
NR_148001.2	4081	3853.29	0	0
NR_148002.2	1961	1733.29	0	0
NR_148003.2	3071	2843.29	3.22326e-05	5.10172e-07
NR_148004.2	2757	2529.29	0	0
NR_148005.2	1962	1734.29	0	0
NR_148006.2	2503	2275.29	4.54463	0.0898883
NR_148007.2	2124	1896.29	0	0
NR_148008.1	888	660.427	46.8102	3.18976
NR_148010.3	2466	2238.29	0	0
NR_148011.3	4015	3787.29	0	0
NR_148012.3	2787	2559.29	0	0
NR_148013.3	2730	2502.29	0	0
NR_148014.3	2928	2700.29	0	0
NR_148015.2	4166	3938.29	64.9966	0.74272
NR_148016.2	4122	3894.29	62.285	0.719776
NR_148017.2	4711	4483.29	5.36819	0.0538856
NR_148018.2	4699	4471.29	5.26586	0.0530004
NR_148019.2	5994	5766.29	140.039	1.09294
NR_148020.2	8326	8098.29	21.8664	0.121514
NR_148021.1	8484	8256.29	0	0
NR_148022.2	1886	1658.29	0	0
NR_148023.2	1784	1556.29	16.8362	0.486851
NR_148024.2	1831	1603.29	0	0
NR_148026.2	387	181.366	48.795	12.1077
NR_148027.2	2427	2199.29	1.51676	0.0310368
NR_148028.2	2465	2237.29	0	0
NR_148029.2	2387	2159.29	0	0
NR_148030.2	2568	2340.29	28.5878	0.549735
NR_148031.2	2381	2153.29	0	0
NR_148032.2	8618	8390.29	80.8652	0.433737
NR_148033.2	6914	6686.29	0	0
NR_148034.2	6542	6314.29	0	0
NR_148035.2	9470	9242.29	0	0
NR_148036.2	5024	4796.29	0	0
NR_148037.2	5055	4827.29	0	0
NR_148038.2	4773	4545.29	0	0
NR_148039.2	4665	4437.29	0	0
NR_148040.2	3575	3347.29	3.18766	0.0428569
NR_148041.2	3044	2816.29	0	0
NR_148042.2	2645	2417.29	0	0
NR_148043.2	2960	2732.29	0.0114412	0.000188446
NR_148044.2	3064	2836.29	27.3198	0.433479
NR_148045.2	2833	2605.29	0	0
NR_148046.1	2413	2185.29	4	0.0823745
NR_148047.2	6906	6678.29	0.0001095	7.37891e-07
NR_148048.2	6847	6619.29	21.0408	0.143052
NR_148049.2	6035	5807.29	0	0
NR_148050.2	2784	2556.29	0	0
NR_148051.2	6122	5894.29	1.24962e-08	9.54088e-11
NR_148052.2	7591	7363.29	0	0
NR_148053.2	6948	6720.29	2.02554e-08	1.35642e-10
NR_148054.2	3232	3004.29	0	0
NR_148055.2	2458	2230.29	0	0
NR_148056.2	3384	3156.29	0	0
NR_148057.2	3089	2861.29	0	0
NR_148058.2	3423	3195.29	0	0
NR_148059.1	2935	2707.29	0	0
NR_148060.1	1858	1630.29	2.68391	0.0740874
NR_148195.2	1838	1610.29	0	0
NR_148196.1	1725	1497.29	0	0
NR_148197.3	5942	5714.29	37.1655	0.292698
NR_148198.2	2529	2301.29	0	0
NR_148199.1	1854	1626.29	0	0
NR_148200.1	2500	2272.29	27.2537	0.539763
NR_148201.2	2599	2371.29	86.8843	1.64892
NR_148202.1	3502	3274.29	0	0
NR_148203.1	3249	3021.29	0	0
NR_148204.1	3375	3147.29	0	0
NR_148205.1	3286	3058.29	30.5901	0.450137
NR_148206.2	2825	2597.29	98.1988	1.70148
NR_148207.2	2739	2511.29	0	0
NR_148208.2	3616	3388.29	0	0
NR_148210.1	2353	2125.29	4.66971	0.0988812
NR_148213.1	3726	3498.29	18.6796	0.2403
NR_148214.1	1688	1460.29	0	0
NR_148215.1	1693	1465.29	32.166	0.987903
NR_148216.1	3617	3389.29	112.154	1.48919
NR_148217.2	3118	2890.29	0	0
NR_148218.2	3098	2870.29	0	0
NR_148219.2	3015	2787.29	0	0
NR_148220.2	4279	4051.29	13.0498	0.144961
NR_148221.1	3192	2964.29	1	0.0151817
NR_148222.1	1373	1145.29	55.9575	2.19879
NR_148223.1	1379	1151.29	67.673	2.64528
NR_148224.2	2659	2431.29	20.435	0.37825
NR_148225.1	2500	2272.29	0	0
NR_148226.2	3823	3595.29	101.457	1.26996
NR_148227.2	5140	4912.29	33.6635	0.308402
NR_148229.2	2926	2698.29	0	0
NR_148230.2	2960	2732.29	0.371613	0.00612078
NR_148231.2	3025	2797.29	0	0
NR_148232.2	2690	2462.29	0	0
NR_148233.2	2509	2281.29	0.0118203	0.00023318
NR_148234.2	2665	2437.29	28.3277	0.523052
NR_148235.2	2613	2385.29	0	0
NR_148236.2	2497	2269.29	0	0
NR_148237.2	2569	2341.29	14.7838	0.284167
NR_148238.2	2514	2286.29	0	0
NR_148239.2	2515	2287.29	0	0
NR_148240.2	2574	2346.29	0	0
NR_148241.1	1783	1555.29	34.3638	0.99433
NR_148242.2	2373	2145.29	20.6168	0.432491
NR_148338.1	968	740.293	0	0
NR_148339.1	584	359.207	0	0
NR_148340.2	5590	5362.29	0	0
NR_148341.2	2049	1821.29	0	0
NR_148342.2	3072	2844.29	264.39	4.18324
NR_148343.2	2910	2682.29	26.5034	0.44467
NR_148344.2	3166	2938.29	0.00414613	6.35023e-05
NR_148345.2	2572	2344.29	33.4562	0.642254
NR_148346.2	4530	4302.29	19.7286	0.206366
NR_148347.2	4428	4200.29	0.457489	0.00490166
NR_148348.1	2641	2413.29	181.31	3.38107
NR_148349.2	2288	2060.29	0	0
NR_148350.2	2147	1919.29	0	0
NR_148351.2	1638	1410.29	0	0
NR_148352.2	5789	5561.29	0	0
NR_148353.2	5665	5437.29	0	0
NR_148354.2	5643	5415.29	4.29904	0.0357266
NR_148355.1	5491	5263.29	10.6512	0.0910719
NR_148357.1	1607	1379.29	0	0
NR_148359.2	872	644.427	9	0.628508
NR_148360.2	4828	4600.29	8.1776	0.0799986
NR_148361.1	2687	2459.29	0	0
NR_148362.1	2751	2523.29	0	0
NR_148363.1	1533	1305.29	0	0
NR_148364.1	1399	1171.29	0	0
NR_148365.2	7542	7314.29	18.0801	0.111243
NR_148366.1	3275	3047.29	0.00108783	1.60653e-05
NR_148367.1	3279	3051.29	0	0
NR_148368.1	3196	2968.29	44.5834	0.675941
NR_148369.1	3147	2919.29	0	0
NR_148370.1	3149	2921.29	0	0
NR_148371.1	3358	3130.29	2.70079e-05	3.88283e-07
NR_148372.1	3331	3103.29	20.048	0.290731
NR_148373.1	3346	3118.29	0.549873	0.00793574
NR_148374.1	3348	3120.29	0.0532248	0.000767645
NR_148375.1	3215	2987.29	0	0
NR_148376.1	3228	3000.29	14.5704	0.21855
NR_148377.1	3177	2949.29	30.9829	0.472767
NR_148378.1	3046	2818.29	0	0
NR_148379.2	2015	1787.29	0	0
NR_148380.1	1812	1584.29	18	0.511304
NR_148381.1	1560	1332.29	0	0
NR_148382.2	2869	2641.29	28.0991	0.47876
NR_148383.2	2947	2719.29	0	0
NR_148384.2	2898	2670.29	0	0
NR_148385.2	2912	2684.29	50.9203	0.853696
NR_148386.2	1845	1617.29	0.953928	0.0265442
NR_148387.2	2181	1953.29	21.3906	0.492831
NR_148388.2	1936	1708.29	22.3855	0.589722
NR_148389.2	2103	1875.29	9.42154e-07	2.26097e-08
NR_148390.2	2335	2107.29	57.0803	1.219
NR_148391.2	2729	2501.29	3.88191	0.0698431
NR_148392.2	2947	2719.29	0	0
NR_148393.2	3044	2816.29	57.182	0.913742
NR_148394.2	2798	2570.29	0	0
NR_148395.2	3196	2968.29	34.8616	0.528546
NR_148396.2	2830	2602.29	0	0
NR_148397.2	2955	2727.29	0	0
NR_148398.2	2910	2682.29	2.14159	0.0359312
NR_148399.2	3260	3032.29	0.136066	0.00201939
NR_148400.2	3035	2807.29	0	0
NR_148401.1	3384	3156.29	180.602	2.57507
NR_148402.1	6117	5889.29	203.407	1.55433
NR_148403.1	6384	6156.29	40.2187	0.294003
NR_148407.1	1867	1639.29	0	0
NR_148409.1	1285	1057.29	1	0.0425644
NR_148413.2	3446	3218.29	3.45788	0.0483533
NR_148414.2	856	628.427	11.5743	0.828864
NR_148417.2	4383	4155.29	10.7706	0.116649
NR_148418.2	1062	834.293	0	0
NR_148419.2	930	702.293	0	0
NR_148423.2	2794	2566.29	378.18	6.63185
NR_148425.2	1099	871.293	0	0
NR_148426.1	838	610.427	21.7005	1.59985
NR_148427.1	736	508.753	268.715	23.7699
NR_148432.2	2014	1786.29	0	0
NR_148434.2	1858	1630.29	0	0
NR_148435.2	1832	1604.29	5.54909	0.155661
NR_148436.2	1838	1610.29	0	0
NR_148437.2	1794	1566.29	0	0
NR_148438.2	1771	1543.29	1.18347	0.0345106
NR_148439.2	1855	1627.29	0	0
NR_148440.2	1774	1546.29	0	0
NR_148441.2	1809	1581.29	0.00909141	0.000258739
NR_148442.2	1812	1584.29	0	0
NR_148443.2	3507	3279.29	0	0
NR_148444.2	1895	1667.29	1.41891	0.0382987
NR_148445.2	1804	1576.29	0	0
NR_148446.2	3644	3416.29	0	0
NR_148447.1	3435	3207.29	0	0
NR_148448.1	3140	2912.29	0	0
NR_148450.1	1924	1696.29	14.4463	0.383264
NR_148451.2	2285	2057.29	0	0
NR_148452.2	2556	2328.29	0.00804688	0.000155536
NR_148453.2	2624	2396.29	34.9611	0.656581
NR_148454.2	2577	2349.29	10.839	0.207632
NR_148455.2	2347	2119.29	49.884	1.05928
NR_148456.2	2646	2418.29	36.4462	0.678243
NR_148457.2	2567	2339.29	9.01859	0.173499
NR_148458.2	2737	2509.29	182.573	3.27437
NR_148459.2	6724	6496.29	43.1239	0.298741
NR_148460.2	6151	5923.29	228.044	1.73259
NR_148462.2	3241	3013.29	13.8669	0.207099
NR_148463.2	3235	3007.29	5.12998	0.0767683
NR_148464.2	2974	2746.29	3.51205e-08	5.75514e-10
NR_148465.2	2243	2015.29	0	0
NR_148466.2	2843	2615.29	0	0
NR_148467.2	2624	2396.29	12.6574	0.237709
NR_148468.2	2601	2373.29	0.3152	0.00597692
NR_148469.2	2848	2620.29	0	0
NR_148470.2	2981	2753.29	0	0
NR_148471.2	3019	2791.29	0	0
NR_148472.2	2897	2669.29	0	0
NR_148473.2	2824	2596.29	7.15047	0.123943
NR_148474.2	3114	2886.29	0	0
NR_148475.2	3494	3266.29	0	0
NR_148476.2	3016	2788.29	0	0
NR_148477.2	2910	2682.29	0	0
NR_148478.2	3062	2834.29	0	0
NR_148479.2	3008	2780.29	0	0
NR_148480.2	3394	3166.29	0	0
NR_148482.2	2153	1925.29	0	0
NR_148483.2	1512	1284.29	26.5769	0.931286
NR_148484.2	1838	1610.29	4.43687	0.123998
NR_148485.2	1845	1617.29	18.0627	0.502617
NR_148486.1	2112	1884.29	20.5854	0.491646
NR_148487.1	2073	1845.29	4.73987e-07	1.15596e-08
NR_148488.1	1920	1692.29	4.59057	0.122077
NR_148489.1	1974	1746.29	17.3698	0.447631
NR_148490.1	1844	1616.29	13.3684	0.372221
NR_148491.1	2178	1950.29	0	0
NR_148492.1	2050	1822.29	0	0
NR_148493.1	1972	1744.29	56.0678	1.44656
NR_148494.1	1760	1532.29	0	0
NR_148495.1	1648	1420.29	48.2615	1.5292
NR_148496.1	1951	1723.29	0	0
NR_148499.1	4083	3855.29	0	0
NR_148500.1	3678	3450.29	0	0
NR_148501.1	3961	3733.29	0	0
NR_148502.1	3906	3678.29	0	0
NR_148503.1	6352	6124.29	35.0242	0.257368
NR_148504.1	6411	6183.29	6.85028e-05	4.98576e-07
NR_148505.1	887	659.427	0	0
NR_148507.1	699	471.947	3	0.286068
NR_148508.1	812	584.487	0	0
NR_148509.1	802	574.487	0	0
NR_148510.2	1220	992.293	0	0
NR_148511.2	1037	809.293	0	0
NR_148514.2	1781	1553.29	0	0
NR_148515.2	1666	1438.29	0	0
NR_148517.2	1557	1329.29	51.119	1.73063
NR_148518.2	3788	3560.29	0	0
NR_148519.2	3785	3557.29	0	0
NR_148520.2	3899	3671.29	0	0
NR_148521.2	3902	3674.29	0	0
NR_148522.2	3869	3641.29	0	0
NR_148523.2	3875	3647.29	0	0
NR_148524.2	3872	3644.29	0	0
NR_148525.2	3872	3644.29	0	0
NR_148526.2	3902	3674.29	0	0
NR_148527.2	3905	3677.29	0	0
NR_148528.2	3902	3674.29	0	0
NR_148531.3	3958	3730.29	19.9651	0.240864
NR_148532.2	2852	2624.29	151.405	2.59639
NR_148533.2	5285	5057.29	220.671	1.96368
NR_148534.2	2968	2740.29	80.2833	1.31847
NR_148535.2	1552	1324.29	7.49024	0.254539
NR_148536.2	527	304.945	2.40424	0.354811
NR_148537.2	437	223.004	0	0
NR_148538.2	4121	3893.29	4.88995	0.0565236
NR_148539.2	3853	3625.29	0	0
NR_148540.2	5397	5169.29	16.2558	0.141521
NR_148541.2	5100	4872.29	0	0
NR_148542.2	3678	3450.29	4.31779	0.0563181
NR_148543.2	4315	4087.29	0	0
NR_148545.1	656	429.76	4	0.418867
NR_148546.2	1323	1095.29	57.6858	2.37018
NR_148548.2	1711	1483.29	0	0
NR_148549.2	2491	2263.29	4.16044	0.0827257
NR_148550.2	729	501.753	0	0
NR_148551.2	2247	2019.29	0	0
NR_148552.2	1704	1476.29	0	0
NR_148553.2	2637	2409.29	0	0
NR_148554.2	2535	2307.29	2.85406	0.0556676
NR_148555.2	2566	2338.29	0	0
NR_148556.2	2395	2167.29	0	0
NR_148557.2	2038	1810.29	0	0
NR_148560.2	1763	1535.29	0	0
NR_148561.2	1733	1505.29	0	0
NR_148563.1	3832	3604.29	0	0
NR_148564.2	2013	1785.29	0	0
NR_148565.2	1194	966.293	30.1396	1.40369
NR_148667.2	13051	12823.3	0	0
NR_148668.2	2346	2118.29	2.56033	0.0543942
NR_148669.2	1883	1655.29	10.3413	0.281152
NR_148670.2	2063	1835.29	0.638431	0.0156549
NR_148671.2	2397	2169.29	4.64345	0.0963307
NR_148672.2	5063	4835.29	11.2733	0.104923
NR_148673.2	5051	4823.29	5.59714e-07	5.22234e-09
NR_148674.2	4931	4703.29	106.398	1.01806
NR_148676.3	2900	2672.29	0	0
NR_148677.3	4328	4100.29	0	0
NR_148678.3	4229	4001.29	0.000298326	3.35531e-06
NR_148679.3	5248	5020.29	23.0271	0.206421
NR_148680.3	5153	4925.29	0.000207144	1.8927e-06
NR_148682.1	2613	2385.29	0	0
NR_148683.2	2298	2070.29	0	0
NR_148684.2	2243	2015.29	5.46737	0.122091
NR_148685.2	2449	2221.29	0	0
NR_148686.2	2274	2046.29	0	0
NR_148687.2	2430	2202.29	0	0
NR_148688.2	2212	1984.29	24.1473	0.547653
NR_148689.2	2291	2063.29	9.15586	0.199701
NR_148690.2	2190	1962.29	2.39043e-05	5.48218e-07
NR_148691.2	2435	2207.29	25.6805	0.523584
NR_148692.2	2279	2051.29	0	0
NR_148693.2	3555	3327.29	4.71479	0.0637696
NR_148694.2	6768	6540.29	0	0
NR_148695.2	6498	6270.29	0	0
NR_148696.3	2973	2745.29	0	0
NR_148697.3	2424	2196.29	0	0
NR_148698.2	3475	3247.29	47.2954	0.65545
NR_148699.2	4462	4234.29	17.3011	0.183881
NR_148700.2	11413	11185.3	0	0
NR_148701.2	11522	11294.3	0	0
NR_148702.2	11161	10933.3	4.36561	0.0179695
NR_148703.2	11614	11386.3	0	0
NR_148704.2	5142	4914.29	0	0
NR_148705.2	4791	4563.29	29.9383	0.29525
NR_148706.2	4162	3934.29	0	0
NR_148707.2	4278	4050.29	0	0
NR_148708.2	4526	4298.29	37.3637	0.391198
NR_148709.2	4212	3984.29	0	0
NR_148710.2	4238	4010.29	0	0
NR_148711.2	4089	3861.29	0	0
NR_148712.2	4422	4194.29	0	0
NR_148713.1	479	260.887	0	0
NR_148714.2	9103	8875.29	6.19101e-05	3.13922e-07
NR_148715.2	9329	9101.29	0	0
NR_148716.2	9272	9044.29	99.7031	0.496108
NR_148717.2	9164	8936.29	0	0
NR_148718.2	9333	9105.29	1.77168e-07	8.75657e-10
NR_148721.1	3418	3190.29	0.0180407	0.000254487
NR_148722.2	3666	3438.29	10.9189	0.142915
NR_148723.2	3556	3328.29	0.00218348	2.95236e-05
NR_148725.2	9309	9081.29	28.8283	0.142861
NR_148727.2	2902	2674.29	0	0
NR_148728.2	3365	3137.29	256.097	3.6736
NR_148729.2	2930	2702.29	53.479	0.890621
NR_148730.2	3027	2799.29	20.1483	0.323916
NR_148731.2	3024	2796.29	2.43773	0.0392324
NR_148732.2	9085	8857.29	0.900952	0.00457765
NR_148733.2	9016	8788.29	66.8369	0.342258
NR_148868.1	727	499.753	1.01352	0.0912686
NR_148869.2	5055	4827.29	63.7534	0.59435
NR_148870.3	428	215.312	0	0
NR_148872.2	10484	10256.3	0	0
NR_148875.2	3902	3674.29	0	0
NR_148876.2	2150	1922.29	0	0
NR_148877.2	2069	1841.29	0	0
NR_148878.2	2350	2122.29	2.38808	0.050639
NR_148879.2	2026	1798.29	0	0
NR_148880.2	1949	1721.29	0	0
NR_148881.2	2033	1805.29	11.203	0.279274
NR_148882.2	2029	1801.29	0	0
NR_148883.1	2187	1959.29	13.9977	0.321513
NR_148893.2	2261	2033.29	23.5071	0.520286
NR_148894.2	682	455.179	3.77437	0.373168
NR_148895.2	1882	1654.29	7.155	0.194643
NR_148897.2	3747	3519.29	0	0
NR_148898.2	3955	3727.29	7.18577	0.0867605
NR_148899.2	3988	3760.29	41.0799	0.491643
NR_148900.2	3888	3660.29	10.2027	0.125441
NR_148901.2	4134	3906.29	7.39724	0.0852211
NR_148902.2	4476	4248.29	0	0
NR_148903.2	1894	1666.29	0	0
NR_148904.2	3868	3640.29	0	0
NR_148905.2	4006	3778.29	5.52428	0.0657995
NR_148906.2	2031	1803.29	0	0
NR_148907.2	2381	2153.29	0.530008	0.011077
NR_148908.2	4416	4188.29	25.9331	0.27865
NR_148909.2	2565	2337.29	5.03538	0.0969529
NR_148910.2	1780	1552.29	0	0
NR_148911.2	1914	1686.29	0	0
NR_148912.2	1918	1690.29	8.11548	0.21607
NR_148913.2	3495	3267.29	16.3367	0.225019
NR_148914.2	3692	3464.29	8.72775e-08	1.13378e-09
NR_148915.2	2198	1970.29	4.15079	0.0948074
NR_148916.2	8540	8312.29	0	0
NR_148918.1	3112	2884.29	2.9721	0.0463731
NR_148919.1	3109	2881.29	12.3791	0.19335
NR_148920.1	10009	9781.29	0	0
NR_148921.2	676	449.451	1.75423	0.175649
NR_148922.2	500	280.02	1.48716	0.239007
NR_148925.2	2476	2248.29	0	0
NR_148926.1	2058	1830.29	5	0.12294
NR_148927.1	2245	2017.29	0	0
NR_148930.2	1626	1398.29	5.14772	0.165676
NR_148931.2	1264	1036.29	0	0
NR_148932.2	1692	1464.29	0	0
NR_148933.1	4559	4331.29	23.018	0.239162
NR_148934.1	2756	2528.29	0	0
NR_148935.1	582	357.279	0	0
NR_148936.1	5114	4886.29	74.2937	0.68425
NR_148937.2	3329	3101.29	0	0
NR_148938.2	2855	2627.29	13.2584	0.227104
NR_148939.1	730	502.753	0	0
NR_148940.3	3304	3076.29	28.8894	0.422623
NR_148941.3	3250	3022.29	11.3853	0.169531
NR_148942.3	3189	2961.29	0	0
NR_148944.1	4295	4067.29	82.911	0.917379
NR_148945.1	1727	1499.29	21.4612	0.644184
NR_148946.1	812	584.487	1.43789	0.110712
NR_148947.1	3521	3293.29	5.91521	0.0808318
NR_148948.1	2201	1973.29	9	0.205255
NR_148949.1	2956	2728.29	2	0.0329899
NR_148950.2	3489	3261.29	0.00612177	8.44753e-05
NR_148951.2	3365	3137.29	2.51152e-05	3.60266e-07
NR_148954.2	3342	3114.29	159.39	2.30327
NR_148955.1	4112	3884.29	9.9439	0.115209
NR_148956.2	3268	3040.29	0	0
NR_148957.2	3497	3269.29	66.7062	0.918236
NR_148958.2	3245	3017.29	31.1221	0.464187
NR_148959.2	3171	2943.29	0	0
NR_148960.1	974	746.293	4.66887	0.281543
NR_148962.1	2454	2226.29	0	0
NR_148963.2	3480	3252.29	284.615	3.93831
NR_148964.2	3281	3053.29	0	0
NR_148965.2	1613	1385.29	0	0
NR_148966.1	3493	3265.29	5.03148	0.0693451
NR_148967.1	737	509.753	0	0
NR_148968.1	3133	2905.29	0	0
NR_148969.1	721	493.802	0	0
NR_148970.1	611	385.534	3	0.350188
NR_148971.2	4452	4224.29	49.7463	0.529967
NR_148972.1	2558	2330.29	6.42312	0.124045
NR_148973.1	3604	3376.29	6	0.0799748
NR_148974.2	5296	5068.29	0	0
NR_148975.1	2197	1969.29	22.9918	0.525417
NR_148976.1	2399	2171.29	23.9213	0.495803
NR_148977.1	2587	2359.29	121.414	2.31594
NR_148978.1	640	414.014	0	0
NR_148979.1	759	531.648	8.29573	0.70222
NR_148980.1	992	764.293	0	0
NR_148981.2	6801	6573.29	0	0
NR_148982.2	6874	6646.29	0	0
NR_148983.2	7027	6799.29	0	0
NR_148984.2	6319	6091.29	0	0
NR_148985.2	6939	6711.29	0	0
NR_148986.2	6944	6716.29	0	0
NR_148987.2	7026	6798.29	0	0
NR_148988.2	542	319.126	10.2984	1.45227
NR_148989.1	2971	2743.29	27.1624	0.445593
NR_148990.1	496	276.219	0	0
NR_148991.1	569	344.595	0	0
NR_148992.1	674	447.496	0	0
NR_148993.1	590	365.061	14	1.72586
NR_148994.1	1424	1196.29	2.0029	0.0753467
NR_148995.1	1940	1712.29	4	0.105129
NR_148996.1	470	252.282	0	0
NR_148997.1	734	506.753	2	0.177614
NR_148998.1	1900	1672.29	2.00011	0.053825
NR_148999.1	659	432.717	0	0
NR_149000.1	1751	1523.29	0	0
NR_149001.2	1107	879.293	255.666	13.0853
NR_149002.2	4659	4431.29	51.3005	0.520995
NR_149003.1	471	253.178	1	0.177753
NR_149004.1	2719	2491.29	9.16303	0.165522
NR_149005.2	2148	1920.29	0	0
NR_149006.1	1534	1306.29	4	0.137804
NR_149007.1	1204	976.293	2	0.0921917
NR_149008.1	547	323.768	0	0
NR_149009.1	681	454.225	5.414	0.536401
NR_149010.1	661	434.717	20.0688	2.07758
NR_149011.1	637	411.055	2.74717	0.300765
NR_149012.1	960	732.293	3	0.184365
NR_149013.2	2308	2080.29	10.4947	0.227032
NR_149014.2	3550	3322.29	149.324	2.02271
NR_149015.2	3504	3276.29	35.4559	0.487022
NR_149016.2	3981	3753.29	33.1018	0.396901
NR_149017.1	1600	1372.29	0	0
NR_149018.1	564	339.768	0	0
NR_149019.1	1412	1184.29	1.00061	0.0380231
NR_149020.2	3813	3585.29	163.598	2.0535
NR_149021.1	2106	1878.29	0	0
NR_149022.1	573	348.421	0	0
NR_149023.1	4805	4577.29	1	0.00983181
NR_149024.1	373	170.281	4	1.05715
NR_149025.1	2344	2116.29	2.03574	0.04329
NR_149026.1	851	623.427	0	0
NR_149027.1	695	468.041	0	0
NR_149028.1	640	414.014	0	0
NR_149029.1	2405	2177.29	127.849	2.64254
NR_149030.1	3219	2991.29	5.11804	0.0769993
NR_149031.1	3334	3106.29	8.88196	0.128679
NR_149032.1	5813	5585.29	153.889	1.23995
NR_149033.1	534	311.445	0	0
NR_149034.1	402	193.569	0	0
NR_149035.1	1898	1670.29	0	0
NR_149036.1	2428	2200.29	116	2.37257
NR_149037.1	594	368.988	0	0
NR_149038.1	2561	2333.29	6.30084	0.121527
NR_149039.1	2763	2535.29	2.70482	0.0480123
NR_149040.1	5457	5229.29	30.8944	0.265876
NR_149041.1	2720	2492.29	1.01199	0.0182733
NR_149042.1	1586	1358.29	2	0.0662642
NR_149043.1	723	495.802	0	0
NR_149044.1	3539	3311.29	0	0
NR_149045.1	1273	1045.29	3	0.129159
NR_149046.1	1183	955.293	1.34108	0.0631771
NR_149047.1	616	390.417	5	0.576346
NR_149048.1	467	249.436	74	13.351
NR_149049.1	563	338.802	6	0.79698
NR_149050.1	644	417.93	0	0
NR_149051.1	553	329.241	0	0
NR_149052.2	2576	2348.29	0.000502336	9.62685e-06
NR_149053.2	2367	2139.29	0	0
NR_149054.1	477	258.967	0	0
NR_149055.1	559	335.04	22.0091	2.9563
NR_149056.1	495	275.303	0	0
NR_149057.1	613	387.495	25.6472	2.97862
NR_149058.1	1247	1019.29	0	0
NR_149059.1	448	232.626	0	0
NR_149060.1	736	508.753	0	0
NR_149061.2	8496	8268.29	0	0
NR_149062.1	1243	1015.29	5.25846	0.233082
NR_149063.1	988	760.293	0	0
NR_149064.1	849	621.427	0	0
NR_149065.1	837	609.427	0	0
NR_149066.1	756	528.701	2.64988	0.225558
NR_149067.1	662	435.717	0	0
NR_149068.1	3381	3153.29	39.5917	0.565044
NR_149069.2	1042	814.293	4.61485	0.255046
NR_149070.1	808	580.487	0.246669	0.0191234
NR_149071.1	441	226.512	2.95356	0.586811
NR_149072.1	4825	4597.29	0	0
NR_149073.1	2435	2207.29	62.0327	1.26475
NR_149074.1	477	258.967	3.55107	0.617101
NR_149075.1	555	331.174	0	0
NR_149076.1	757	529.648	0	0
NR_149078.1	241	81.0542	5	2.77611
NR_149079.1	488	268.748	0	0
NR_149080.1	423	211.123	0	0
NR_149081.1	498	278.077	0	0
NR_149082.1	417	206.073	2	0.436768
NR_149084.1	240	80.5243	0	0
NR_149085.1	407	197.751	0	0
NR_149086.1	577	352.35	1	0.127723
NR_149087.1	483	264.32	0	0
NR_149088.1	1214	986.293	2	0.091257
NR_149089.1	921	693.293	0	0
NR_149091.2	1128	900.293	0	0
NR_149092.2	1294	1066.29	0	0
NR_149093.2	1820	1592.29	24.182	0.683456
NR_149094.2	1714	1486.29	0	0
NR_149095.1	574	349.421	5.77493	0.743772
NR_149096.1	746	518.701	0	0
NR_149097.1	575	350.386	0	0
NR_149098.1	550	326.571	0	0
NR_149099.1	1417	1189.29	0	0
NR_149100.1	469	251.307	2	0.358152
NR_149101.1	573	348.421	0	0
NR_149102.1	426	213.764	0	0
NR_149103.1	498	278.077	0	0
NR_149104.1	686	459.134	0	0
NR_149105.1	2488	2260.29	72.2784	1.43908
NR_149106.1	813	585.487	0	0
NR_149107.1	431	217.835	0	0
NR_149108.1	496	276.219	0	0
NR_149109.1	306	121.497	0	0
NR_149110.1	557	333.141	0	0
NR_149111.1	1133	905.293	0	0
NR_149112.1	1065	837.293	0	0
NR_149113.1	1298	1070.29	0	0
NR_149114.1	1471	1243.29	0	0
NR_149115.1	531	308.697	0	0
NR_149116.1	1746	1518.29	2	0.0592811
NR_149117.1	2600	2372.29	0	0
NR_149118.1	1721	1493.29	0	0
NR_149119.1	1647	1419.29	1	0.0317081
NR_149120.1	1705	1477.29	0	0
NR_149121.1	561	336.904	0	0
NR_149122.1	536	313.414	0	0
NR_149123.1	500	280.02	0	0
NR_149124.1	776	548.487	0	0
NR_149125.1	788	560.487	0	0
NR_149126.1	594	368.988	0	0
NR_149127.1	1445	1217.29	0	0
NR_149128.1	499	279.049	0	0
NR_149129.1	478	259.941	0	0
NR_149130.1	496	276.219	0	0
NR_149131.1	469	251.307	3	0.537227
NR_149132.1	1995	1767.29	10.2137	0.260085
NR_149133.1	346	149.65	0	0
NR_149134.1	2275	2047.29	12	0.263781
NR_149135.1	2471	2243.29	0	0
NR_149136.1	2226	1998.29	0	0
NR_149137.1	826	598.427	0	0
NR_149138.1	553	329.241	0	0
NR_149139.1	638	412.014	0	0
NR_149140.1	1053	825.293	0	0
NR_149141.1	439	224.747	1	0.200239
NR_149142.1	1385	1157.29	0	0
NR_149143.3	17781	17553.3	132.607	0.339977
NR_149144.3	17778	17550.3	0	0
NR_149145.1	1533	1305.29	0	0
NR_149146.1	609	383.573	0	0
NR_149147.2	1566	1338.29	254.343	8.55285
NR_149148.2	1603	1375.29	200.701	6.56743
NR_149149.2	1192	964.293	127.474	5.94917
NR_149150.2	2068	1840.29	60.139	1.47066
NR_149151.2	4625	4397.29	21.8529	0.223649
NR_149152.2	10332	10104.3	37.2295	0.165815
NR_149153.2	10255	10027.3	0	0
NR_149154.2	10182	9954.29	0	0
NR_149155.2	4235	4007.29	0	0
NR_149156.2	4207	3979.29	0	0
NR_149157.2	4639	4411.29	0	0
NR_149158.2	4080	3852.29	0	0
NR_149159.2	4611	4383.29	0	0
NR_149160.2	4671	4443.29	0	0
NR_149161.2	4281	4053.29	0	0
NR_149162.3	3668	3440.29	0	0
NR_149163.3	3632	3404.29	0	0
NR_149164.2	1853	1625.29	1.63036e-06	4.51434e-08
NR_149165.2	1815	1587.29	19.1845	0.543921
NR_149166.2	1731	1503.29	9.97096	0.298494
NR_149167.2	1588	1360.29	0	0
NR_149168.2	1958	1730.29	58.5904	1.52387
NR_149169.2	1878	1650.29	23.1189	0.630446
NR_149170.2	966	738.293	2.64459	0.161202
NR_149312.1	4082	3854.29	43.0762	0.502962
NR_149313.1	2408	2180.29	0	0
NR_149317.1	744	516.753	0	0
NR_149319.2	2992	2764.29	101.695	1.6556
NR_149322.1	1928	1700.29	0	0
NR_149350.3	3958	3730.29	0	0
NR_149351.3	4086	3858.29	0	0
NR_149352.3	3748	3520.29	0	0
NR_149353.1	386	180.662	0	0
NR_149714.1	843	615.427	0	0
NR_149722.1	2552	2324.29	2.11569	0.0409641
NR_151483.1	2563	2335.29	0	0
NR_151484.1	2334	2106.29	75.2218	1.60719
NR_151485.1	2895	2667.29	250.333	4.22367
NR_151486.1	2660	2432.29	68.0995	1.26
NR_151487.1	2981	2753.29	130.944	2.14031
NR_151488.1	2746	2518.29	0.240575	0.00429918
NR_151489.1	2836	2608.29	12.2333	0.211072
NR_151491.1	1813	1585.29	2	0.0567757
NR_151492.2	4135	3907.29	34.8095	0.400926
NR_151701.1	1062	834.293	11	0.593357
NR_151703.1	4621	4393.29	8.0409	0.0823676
NR_151704.1	3035	2807.29	2	0.0320615
NR_151705.1	483	264.32	0	0
NR_151706.1	1324	1096.29	13.5991	0.558248
NR_151707.1	1875	1647.29	17.5135	0.478459
NR_151708.1	600	374.838	0	0
NR_151709.1	639	413.014	0	0
NR_151710.1	818	590.487	1	0.0762135
NR_151713.1	1843	1615.29	0	0
NR_151714.1	712	484.852	1	0.0928183
NR_151716.1	678	451.406	7	0.697868
NR_151718.1	381	176.619	0	0
NR_151720.1	450	234.286	0	0
NR_151721.1	836	608.427	1	0.0739662
NR_151722.1	441	226.512	0	0
NR_151723.1	428	215.312	19	3.97125
NR_151724.1	619	393.338	0	0
NR_151725.1	429	216.04	0	0
NR_151856.2	3969	3741.29	23.1613	0.278602
NR_151858.1	2149	1921.29	0	0
NR_152111.3	5250	5022.29	140.995	1.26341
NR_152112.3	5135	4907.29	17.762	0.162889
NR_152113.3	5215	4987.29	0	0
NR_152114.3	5264	5036.29	39.8176	0.3558
NR_152150.2	763	535.541	27.9592	2.3495
NR_152210.1	3134	2906.29	359.27	5.56319
NR_152211.1	2465	2237.29	9.50624	0.191218
NR_152212.1	3163	2935.29	4.31534	0.0661616
NR_152213.1	3177	2949.29	365.181	5.57228
NR_152215.1	3061	2833.29	0	0
NR_152216.1	3888	3660.29	950.76	11.6895
NR_152232.1	3470	3242.29	0	0
NR_152233.1	3391	3163.29	0	0
NR_152234.1	3430	3202.29	0	0
NR_152235.1	3112	2884.29	0	0
NR_152236.1	3492	3264.29	0	0
NR_152237.1	3383	3155.29	0	0
NR_152238.1	3027	2799.29	0	0
NR_152239.1	3045	2817.29	0	0
NR_152240.1	4193	3965.29	0	0
NR_152241.1	3399	3171.29	0	0
NR_152242.1	3319	3091.29	0	0
NR_152403.2	3484	3256.29	0	0
NR_152405.1	3561	3333.29	3.26086	0.0440251
NR_152406.1	5225	4997.29	136.057	1.22526
NR_152407.1	3318	3090.29	16.9621	0.247015
NR_152411.2	2135	1907.29	0	0
NR_152412.2	2070	1842.29	14.1447	0.345522
NR_152413.2	1959	1731.29	0	0
NR_152414.2	2218	1990.29	0	0
NR_152415.2	2378	2150.29	0	0
NR_152420.1	2397	2169.29	22	0.456401
NR_152421.1	2401	2173.29	0	0
NR_152435.1	6540	6312.29	9	0.0641649
NR_152444.1	2389	2161.29	34.6359	0.721198
NR_152515.1	2160	1932.29	31.7881	0.740345
NR_152516.1	2545	2317.29	0	0
NR_152521.2	886	658.427	1.94165	0.132711
NR_152522.2	572	347.526	0.000148933	1.92862e-05
NR_152523.2	595	369.951	567.771	69.0672
NR_152524.2	611	385.534	173.62	20.2665
NR_152525.2	638	412.014	0	0
NR_152526.2	618	392.338	16.179	1.85581
NR_152527.2	488	268.748	1.87993	0.314803
NR_152528.2	527	304.945	0	0
NR_152529.2	541	318.158	5.13153	0.725849
NR_152530.2	599	373.876	62.073	7.47167
NR_152531.2	662	435.717	108.493	11.2057
NR_152532.2	648	421.846	4.3985	0.469238
NR_152533.2	630	404.218	4.4052	0.490447
NR_152534.2	565	340.768	2.21042	0.291917
NR_152566.1	3092	2864.29	53.2278	0.836302
NR_152567.1	1793	1565.29	284.861	8.18991
NR_152568.1	1698	1470.29	34.9052	1.06839
NR_152569.1	776	548.487	0	0
NR_152570.1	855	627.427	2.10873	0.151252
NR_152571.1	1093	865.293	7.25553	0.377353
NR_152572.1	1290	1062.29	13.6932	0.5801
NR_152575.1	1535	1307.29	319.455	10.9971
NR_152576.1	1527	1299.29	0	0
NR_152577.1	1074	846.293	179.263	9.5326
NR_152578.1	1043	815.293	151.48	8.36147
NR_152579.1	1071	843.293	28.4418	1.51782
NR_152580.1	1039	811.293	145.423	8.06672
NR_152581.1	918	690.293	0.00340869	0.000222226
NR_152582.1	1047	819.293	24.8397	1.36443
NR_152583.1	867	639.427	0	0
NR_152584.1	1316	1088.29	18.3726	0.759744
NR_152585.1	1484	1256.29	0	0
NR_152587.1	1712	1484.29	0	0
NR_152588.1	717	489.852	0	0
NR_152589.1	768	540.541	0	0
NR_152590.1	1735	1507.29	0	0
NR_152591.1	922	694.293	0	0
NR_152592.1	1961	1733.29	0	0
NR_152593.1	1148	920.293	0	0
NR_152594.1	783	555.487	39.0759	3.16576
NR_152595.1	774	546.487	6.31683	0.52019
NR_152596.1	983	755.293	92.9051	5.53562
NR_152597.1	713	485.852	45.8741	4.24919
NR_152598.1	642	416.014	80.1356	8.66882
NR_152599.1	615	389.417	105.444	12.1857
NR_152600.1	704	476.947	0	0
NR_152601.1	773	545.487	1	0.0825008
NR_152602.1	2278	2050.29	4.07307	0.0894021
NR_152604.1	1272	1044.29	5	0.215471
NR_152605.1	841	613.427	62.2889	4.56972
NR_152606.1	986	758.293	25.167	1.49361
NR_152607.1	629	403.218	31.3704	3.50124
NR_152608.1	958	730.293	19.1446	1.17975
NR_152609.1	2952	2724.29	35.0792	0.57948
NR_152610.1	3125	2897.29	44.8622	0.696835
NR_152611.1	831	603.427	47.5669	3.5475
NR_152612.1	2833	2605.29	57.7533	0.997613
NR_152613.1	967	739.293	4.05415	0.246789
NR_152616.1	1786	1558.29	18.1332	0.523683
NR_152618.2	2391	2163.29	0	0
NR_152622.1	2284	2056.29	4.00029	0.0875484
NR_152721.1	3611	3383.29	5.44488	0.0724254
NR_152722.1	2901	2673.29	0	0
NR_152730.1	2821	2593.29	0	0
NR_152735.1	1256	1028.29	22.7083	0.993824
NR_152736.1	962	734.293	0	0
NR_152737.1	792	564.487	0	0
NR_152738.1	1426	1198.29	12.0828	0.45378
NR_152739.1	1040	812.293	10.7678	0.596561
NR_152740.1	1520	1292.29	137.244	4.77941
NR_152741.1	2342	2114.29	0	0
NR_152742.1	1247	1019.29	0	0
NR_152743.1	2972	2744.29	20.0683	0.329097
NR_152746.1	2469	2241.29	0	0
NR_152747.1	2314	2086.29	1	0.0215708
NR_152748.1	772	544.487	1	0.0826523
NR_152749.1	2239	2011.29	0	0
NR_152750.1	2162	1934.29	1	0.0232659
NR_152753.2	896	668.361	5.00578	0.337057
NR_152754.2	1252	1024.29	13.6996	0.601901
NR_152755.2	973	745.293	0.811612	0.0490076
NR_152756.2	968	740.293	4.36455	0.265325
NR_152757.2	905	677.361	0	0
NR_152758.2	1138	910.293	42.6587	2.10896
NR_152759.2	1066	838.293	0	0
NR_152760.2	1097	869.293	23.9437	1.23956
NR_152761.2	988	760.293	0	0
NR_152762.2	818	590.487	50.0654	3.81566
NR_152763.2	1010	782.293	0.502488	0.0289067
NR_152764.2	936	708.293	5.41535	0.344077
NR_152770.1	2509	2281.29	0	0
NR_152771.1	3230	3002.29	0	0
NR_152772.1	3305	3077.29	0	0
NR_152773.1	3325	3097.29	0	0
NR_152774.1	3300	3072.29	0	0
NR_152775.1	3225	2997.29	0	0
NR_152776.1	3567	3339.29	0	0
NR_152778.1	3458	3230.29	44.2761	0.616836
NR_152779.1	3231	3003.29	0	0
NR_152780.1	3453	3225.29	0	0
NR_152781.1	3478	3250.29	0	0
NR_152782.1	3144	2916.29	0	0
NR_152792.1	598	372.913	0	0
NR_152794.1	2675	2447.29	0	0
NR_152795.1	2949	2721.29	0	0
NR_152798.1	1587	1359.29	132.68	4.39273
NR_152799.1	4163	3935.29	0	0
NR_152800.1	3290	3062.29	247.782	3.64138
NR_152801.1	4401	4173.29	0	0
NR_152802.1	1352	1124.29	56.4553	2.25979
NR_152803.1	1486	1258.29	4.42524	0.158269
NR_152804.1	1441	1213.29	92.9122	3.44627
NR_152805.1	4091	3863.29	0	0
NR_152806.1	4453	4225.29	9.85532	0.104968
NR_152807.1	3773	3545.29	21.4896	0.272784
NR_152808.1	4567	4339.29	0	0
NR_152809.1	3944	3716.29	1.29112	0.015635
NR_152810.1	4293	4065.29	6.04329	0.0668996
NR_152811.1	4398	4170.29	0	0
NR_152812.1	3424	3196.29	26.1648	0.368394
NR_152813.1	1206	978.293	39.9339	1.83703
NR_152814.1	1806	1578.29	52.4544	1.49567
NR_152815.1	4179	3951.29	0.00020416	2.32527e-06
NR_152818.1	597	371.913	0	0
NR_152820.1	8606	8378.29	0	0
NR_152821.1	1733	1505.29	41.6089	1.24396
NR_152822.1	9027	8799.29	176.413	0.902245
NR_152824.1	4295	4067.29	0	0
NR_152825.1	3991	3763.29	20.9105	0.250057
NR_152826.1	3560	3332.29	26.1501	0.353161
NR_152828.1	1069	841.293	0	0
NR_152829.1	1150	922.293	0	0
NR_152830.1	916	688.293	0.480589	0.0314226
NR_152831.1	624	398.259	0	0
NR_152832.1	745	517.701	0	0
NR_152833.1	1102	874.293	0	0
NR_152834.1	1369	1141.29	2.51941	0.0993446
NR_152835.1	591	366.025	0	0
NR_152836.1	883	655.427	0	0
NR_152837.1	955	727.293	0	0
NR_152838.1	1119	891.293	0	0
NR_152839.1	852	624.427	0	0
NR_152840.1	1668	1440.29	9.44896	0.29524
NR_152842.1	882	654.427	1.6349	0.112427
NR_152843.1	687	460.134	0	0
NR_152844.1	1750	1522.29	0	0
NR_152845.1	1874	1646.29	2.3651	0.0646525
NR_152846.1	2253	2025.29	4	0.0888821
NR_152847.1	1378	1150.29	39	1.5258
NR_152848.1	720	492.802	10	0.913208
NR_152867.2	5206	4978.29	481.383	4.35163
NR_152868.2	5220	4992.29	364.728	3.28785
NR_152876.1	2550	2322.29	3.3392	0.0647094
NR_152877.1	1989	1761.29	220.832	5.64252
NR_152878.1	1852	1624.29	4.09426e-08	1.13437e-09
NR_152879.1	2111	1883.29	217.077	5.18727
NR_153322.2	2982	2754.29	0	0
NR_153323.2	3549	3321.29	37.206	0.504136
NR_153324.2	2987	2759.29	8.29268	0.135251
NR_153325.2	3046	2818.29	0	0
NR_153326.2	3144	2916.29	0	0
NR_153327.2	3143	2915.29	7.58035	0.117017
NR_153328.2	3282	3054.29	102.485	1.51005
NR_153329.2	3200	2972.29	0	0
NR_153330.2	3238	3010.29	7.82601	0.116997
NR_153398.2	2680	2452.29	13.9411	0.255838
NR_153405.1	4337	4109.29	321.679	3.52288
NR_153413.2	7397	7169.29	12.0619	0.075715
NR_153414.1	5739	5511.29	4	0.0326625
NR_153417.1	384	178.976	0	0
NR_153418.1	590	365.061	0	0
NR_154586.2	2070	1842.29	0	0
NR_154587.2	2001	1773.29	0	0
NR_154588.2	2162	1934.29	14.8639	0.345822
NR_154589.2	2299	2071.29	11.102	0.241214
NR_155204.1	1409	1181.29	16	0.609543
NR_155739.1	1298	1070.29	11.1105	0.467166
NR_155740.1	539	316.223	5.40146	0.768707
NR_155741.2	792	564.487	54.3281	4.33125
NR_155742.2	1044	816.293	0	0
NR_155743.1	1654	1426.29	4.00028	0.126219
NR_155744.1	1457	1229.29	0	0
NR_155745.1	1285	1057.29	0	0
NR_155746.1	1090	862.293	0	0
NR_155748.1	379	175.043	0	0
NR_155749.1	386	180.662	0	0
NR_155751.1	439	224.747	1	0.200239
NR_155752.1	872	644.427	4	0.279337
NR_155754.2	6941	6713.29	69.135	0.463452
NR_155756.2	1943	1715.29	179.241	4.70264
NR_156112.2	2846	2618.29	0	0
NR_156113.2	2703	2475.29	23.6846	0.430608
NR_156130.2	4467	4239.29	9.29759	0.0987004
NR_156131.2	4499	4271.29	0.303112	0.00319364
NR_156173.2	4981	4753.29	106.686	1.01008
NR_156180.2	3402	3174.29	20.1446	0.285597
NR_156414.2	5357	5129.29	297.479	2.61
NR_156415.2	5519	5291.29	389.589	3.3135
NR_156416.2	4614	4386.29	139.404	1.43028
NR_156417.2	3607	3379.29	8.59888	0.114514
NR_156418.2	1942	1714.29	47.9648	1.25916
NR_156422.2	2039	1811.29	0	0
NR_156423.2	3500	3272.29	93.04	1.27956
NR_156424.2	5958	5730.29	0	0
NR_156425.2	1919	1691.29	0	0
NR_156426.2	1847	1619.29	0	0
NR_156427.2	1751	1523.29	8.03664	0.237429
NR_156428.2	2199	1971.29	58.3125	1.33123
NR_156431.2	2769	2541.29	14.9565	0.264861
NR_156432.2	3523	3295.29	144.374	1.97168
NR_156436.2	1993	1765.29	27.9392	0.712261
NR_156437.2	6058	5830.29	0	0
NR_156444.2	3145	2917.29	0	0
NR_156451.2	4460	4232.29	0	0
NR_156452.2	4382	4154.29	10.0477	0.108845
NR_156453.2	4272	4044.29	15.3268	0.17055
NR_156454.1	2512	2284.29	13.4835	0.265639
NR_156456.1	5062	4834.29	12.2519	0.114054
NR_156465.2	3671	3443.29	0	0
NR_156466.2	2727	2499.29	0.0420228	0.000756676
NR_156467.1	1788	1560.29	41.6426	1.20108
NR_156475.2	2011	1783.29	0	0
NR_156488.2	4968	4740.29	0	0
NR_156489.1	3848	3620.29	196.885	2.44744
NR_156490.1	3648	3420.29	2.11184e-07	2.77869e-09
NR_156491.1	3546	3318.29	0.0527697	0.000715669
NR_156492.1	3384	3156.29	0	0
NR_156493.2	3599	3371.29	56.7698	0.757815
NR_156494.2	1398	1170.29	110.993	4.26817
NR_156497.1	937	709.293	94.3355	5.98538
NR_156689.1	5646	5418.29	116.891	0.97087
NR_156690.1	3482	3254.29	0	0
NR_156691.1	3533	3305.29	25.5643	0.34807
NR_156695.2	1333	1105.29	16.8725	0.686981
NR_156697.2	1645	1417.29	5.94601	0.188803
NR_156699.2	3484	3256.29	109.836	1.51797
NR_156701.2	9504	9276.29	0	0
NR_156729.2	1698	1470.29	18.5146	0.566699
NR_156730.1	2585	2357.29	81.9779	1.56504
NR_156732.1	865	637.427	7	0.494208
NR_156734.1	2793	2565.29	21.7046	0.380765
NR_156738.1	663	436.717	19	1.95792
NR_156741.2	1994	1766.29	60.3407	1.53741
NR_156742.2	1380	1152.29	0	0
NR_156756.1	6120	5892.29	0	0
NR_156761.1	3320	3092.29	0	0
NR_157022.1	4167	3939.29	697.291	7.96596
NR_157026.1	2239	2011.29	8.08853	0.180983
NR_157027.2	1695	1467.29	0	0
NR_157048.1	4949	4721.29	354.592	3.37995
NR_157051.1	2825	2597.29	0	0
NR_157052.1	2038	1810.29	8.86123	0.220286
NR_157053.1	2057	1829.29	80.3888	1.97767
NR_157054.1	1957	1729.29	0	0
NR_157055.1	2003	1775.29	0	0
NR_157056.1	1793	1565.29	0	0
NR_157068.2	2772	2544.29	0	0
NR_157069.2	2365	2137.29	0	0
NR_157070.2	2529	2301.29	0	0
NR_157071.2	4214	3986.29	0	0
NR_157074.3	1469	1241.29	0	0
NR_157078.3	8175	7947.29	63.0799	0.357202
NR_157079.3	7966	7738.29	0	0
NR_157084.1	1353	1125.29	4.04165	0.161635
NR_157085.1	1405	1177.29	15.577	0.595444
NR_157086.1	1100	872.293	8.39538	0.433132
NR_157087.2	1194	966.293	23.3569	1.0878
NR_157088.2	1737	1509.29	0	0
NR_157090.2	3491	3263.29	8.49851	0.1172
NR_157093.2	5699	5471.29	0	0
NR_157096.2	5212	4984.29	0	0
NR_157112.2	9908	9680.29	120.139	0.558519
NR_157114.2	3221	2993.29	80.6625	1.21273
NR_157125.2	6245	6017.29	24.3844	0.18237
NR_157126.2	6117	5889.29	0	0
NR_157128.1	5361	5133.29	0	0
NR_157142.2	5078	4850.29	22.1077	0.205124
NR_157150.2	1187	959.293	0	0
NR_157151.2	1666	1438.29	0	0
NR_157152.2	2082	1854.29	32.3513	0.785155
NR_157153.2	1936	1708.29	32.2054	0.848414
NR_157154.2	1122	894.293	34.3919	1.73068
NR_157168.2	3205	2977.29	8.72896	0.131942
NR_157169.2	3065	2837.29	0.0437224	0.000693493
NR_157170.2	3231	3003.29	0	0
NR_157171.2	3088	2860.29	0.00165721	2.60741e-05
NR_157172.2	3002	2774.29	7.51138	0.121846
NR_157173.2	3242	3014.29	14.9353	0.222982
NR_157174.2	3243	3015.29	15.2002	0.226862
NR_157175.2	3397	3169.29	35.6941	0.506846
NR_157176.2	3560	3332.29	0	0
NR_157177.2	3240	3012.29	0	0
NR_157178.2	3268	3040.29	26.2914	0.389172
NR_157183.1	434	220.399	0	0
NR_157195.2	4783	4555.29	0	0
NR_157196.2	4557	4329.29	0	0
NR_157205.2	4444	4216.29	0	0
NR_157206.2	4186	3958.29	5.29822	0.0602371
NR_157226.1	523	301.192	0	0
NR_157231.1	2077	1849.29	21.1118	0.513762
NR_157260.1	1793	1565.29	5	0.143753
NR_157261.1	1790	1562.29	0	0
NR_157262.1	1610	1382.29	0	0
NR_157263.1	583	358.243	2	0.251243
NR_157279.2	6723	6495.29	7.59256	0.0526056
NR_157345.1	5567	5339.29	111.052	0.936017
NR_157352.2	4596	4368.29	0	0
NR_157353.2	4509	4281.29	0	0
NR_157392.1	603	377.687	0	0
NR_157393.1	1937	1709.29	0.384089	0.0101125
NR_157408.2	3838	3610.29	0	0
NR_157409.2	3925	3697.29	22.6349	0.275509
NR_157410.2	1315	1087.29	6.37332	0.263792
NR_157564.1	456	239.672	6.39237	1.20029
NR_157569.1	2610	2382.29	104	1.96463
NR_157570.3	3112	2884.29	31.0904	0.485098
NR_157572.1	3151	2923.29	0.207236	0.00319032
NR_157573.1	512	290.943	10	1.5468
NR_157576.1	644	417.93	0	0
NR_157580.1	3707	3479.29	23.0743	0.298456
NR_157582.1	784	556.487	11.3039	0.914149
NR_157587.1	1339	1111.29	14.7971	0.599224
NR_157588.1	2994	2766.29	1	0.0162684
NR_157589.2	6571	6343.29	0	0
NR_157590.2	6496	6268.29	115.274	0.82761
NR_157591.1	6623	6395.29	233.72	1.64467
NR_157593.1	3948	3720.29	43.5455	0.526755
NR_157594.1	3947	3719.29	0	0
NR_157595.1	3610	3382.29	0	0
NR_157596.1	1588	1360.29	0	0
NR_157597.1	1201	973.293	0	0
NR_157598.1	1330	1102.29	0	0
NR_157599.1	1197	969.293	29.035	1.34806
NR_157802.1	512	290.943	0	0
NR_157803.1	4624	4396.29	4.08936	0.0418612
NR_157804.1	4995	4767.29	0	0
NR_157805.1	469	251.307	5.18651	0.928779
NR_157806.1	448	232.626	7.81349	1.51157
NR_157807.1	1581	1353.29	9.79333	0.325672
NR_157808.1	2030	1802.29	0	0
NR_157809.1	1755	1527.29	0	0
NR_157810.1	1704	1476.29	4.90432	0.149502
NR_157811.1	1168	940.293	0	0
NR_157812.1	921	693.293	0	0
NR_157813.1	1170	942.293	0	0
NR_157814.1	1859	1631.29	0	0
NR_157815.1	1910	1682.29	0	0
NR_157816.1	1160	932.293	0	0
NR_157818.1	2007	1779.29	0	0
NR_157819.1	1418	1190.29	0	0
NR_157820.1	1274	1046.29	0	0
NR_157821.1	1224	996.293	0	0
NR_157822.1	1471	1243.29	0	0
NR_157823.1	1080	852.293	0	0
NR_157824.1	1560	1332.29	0	0
NR_157825.1	1279	1051.29	0	0
NR_157826.1	1526	1298.29	0	0
NR_157827.1	3345	3117.29	1.09568	0.0158179
NR_157828.1	1617	1389.29	0	0
NR_157829.1	2058	1830.29	0	0
NR_157830.1	1473	1245.29	0	0
NR_157831.1	1672	1444.29	0	0
NR_157835.2	565	340.768	0	0
NR_157837.1	7957	7729.29	2.21993	0.0129253
NR_157838.1	8046	7818.29	0	0
NR_157842.1	690	463.088	0	0
NR_157843.1	561	336.904	0	0
NR_157844.1	735	507.753	15	1.32948
NR_157848.1	1454	1226.29	45.0521	1.65334
NR_157849.2	5198	4970.29	26.6279	0.2411
NR_157850.1	774	546.487	0	0
NR_157851.1	3362	3134.29	292.642	4.20184
NR_157853.1	1017	789.293	18	1.0263
NR_157978.1	1102	874.293	1	0.0514737
NR_158150.1	2064	1836.29	69	1.69102
NR_158152.1	2973	2745.29	0	0
NR_158157.1	2727	2499.29	19	0.34212
NR_158158.1	3767	3539.29	0	0
NR_158160.2	3456	3228.29	0	0
NR_158161.2	3657	3429.29	0	0
NR_158162.1	2087	1859.29	0	0
NR_158165.1	899	671.361	5	0.335163
NR_158166.1	2642	2414.29	8.05697	0.150184
NR_158169.1	4153	3925.29	3.06509	0.0351409
NR_158170.1	6991	6763.29	29.4582	0.196015
NR_158171.1	6994	6766.29	0	0
NR_158172.1	2364	2136.29	9.51343	0.20041
NR_158173.1	2226	1998.29	0	0
NR_158174.1	3948	3720.29	11.1645	0.135053
NR_158179.1	1532	1304.29	25.0903	0.865709
NR_158180.2	1746	1518.29	0	0
NR_158181.2	1748	1520.29	0	0
NR_158182.2	1918	1690.29	0	0
NR_158183.2	1910	1682.29	0	0
NR_158184.1	1262	1034.29	116.095	5.05139
NR_158185.1	1212	984.293	84.7678	3.87569
NR_158186.2	895	667.361	12.0381	0.81178
NR_158187.2	1758	1530.29	0.00894916	0.000263178
NR_158188.2	1925	1697.29	0	0
NR_158189.2	1635	1407.29	0	0
NR_158190.2	1917	1689.29	0	0
NR_158192.1	2575	2347.29	137.129	2.62908
NR_158193.1	2748	2520.29	1.00047	0.0178648
NR_158194.1	1878	1650.29	1.37126	0.037394
NR_158195.2	1925	1697.29	0	0
NR_158196.2	1758	1530.29	0	0
NR_158197.2	1917	1689.29	0	0
NR_158198.2	1756	1528.29	0	0
NR_158199.2	1923	1695.29	0	0
NR_158200.2	1915	1687.29	0	0
NR_158201.1	1912	1684.29	9.57669	0.255882
NR_158212.1	2772	2544.29	66.4483	1.17533
NR_158215.1	2965	2737.29	0	0
NR_158216.2	2989	2761.29	143.669	2.3415
NR_158217.1	1866	1638.29	0	0
NR_158218.1	1881	1653.29	14.4386	0.393023
NR_158219.1	4052	3824.29	5.53365	0.0651183
NR_158220.1	1052	824.293	0	0
NR_158221.1	834	606.427	0	0
NR_158222.1	983	755.293	0	0
NR_158223.1	897	669.361	0	0
NR_158224.1	7778	7550.29	9	0.053644
NR_158368.1	579	354.315	0	0
NR_158370.1	1122	894.293	0	0
NR_158453.1	1127	899.293	0	0
NR_158454.1	1494	1266.29	0	0
NR_158455.1	1284	1056.29	0	0
NR_158457.1	3498	3270.29	0	0
NR_158538.1	1346	1118.29	1	0.0402426
NR_158554.1	575	350.386	0	0
NR_158560.1	5254	5026.29	0	0
NR_158563.1	5505	5277.29	0.000490446	4.18237e-06
NR_158564.1	6576	6348.29	0.0476719	0.000337947
NR_158565.1	6670	6442.29	5.05929	0.035342
NR_158566.1	5498	5270.29	0	0
NR_158567.1	4884	4656.29	0	0
NR_158568.1	5523	5295.29	0	0
NR_158569.1	2448	2220.29	189.089	3.83264
NR_158582.1	10263	10035.3	0	0
NR_158591.1	802	574.487	0	0
NR_158603.2	1550	1322.29	0	0
NR_158606.2	2469	2241.29	0	0
NR_158609.2	3478	3250.29	0	0
NR_158610.2	3386	3158.29	0	0
NR_158611.2	5622	5394.29	5.75478	0.0480105
NR_158628.1	4880	4652.29	17.8389	0.172562
NR_158629.1	4729	4501.29	0	0
NR_158630.1	4675	4447.29	36.6152	0.370516
NR_158631.1	4116	3888.29	0.0761079	0.000880873
NR_158640.1	624	398.259	1	0.113
NR_158641.1	1203	975.293	0	0
NR_158642.1	2199	1971.29	0	0
NR_158651.1	2845	2617.29	0	0
NR_158652.1	2853	2625.29	5.63365	0.0965727
NR_158654.1	2896	2668.29	52.0055	0.877118
NR_158656.1	2955	2727.29	69.0244	1.13897
NR_158657.1	3079	2851.29	22.4306	0.354031
NR_158658.1	3154	2926.29	58.0826	0.893245
NR_158659.1	3305	3077.29	18.9145	0.27661
NR_158660.1	3337	3109.29	26.6703	0.386019
NR_158661.1	3617	3389.29	1.2867e-05	1.70848e-07
NR_158677.2	5439	5211.29	0	0
NR_158678.2	5514	5286.29	0	0
NR_158699.2	4408	4180.29	232.641	2.5045
NR_158710.1	1475	1247.29	0	0
NR_158711.1	2947	2719.29	51.2745	0.848571
NR_158712.1	2573	2345.29	10.8861	0.20889
NR_158713.2	2006	1778.29	17.9248	0.45362
NR_158714.1	3096	2868.29	0	0
NR_158715.2	2212	1984.29	0	0
NR_158762.3	472	254.125	0	0
NR_158763.3	422	210.345	2	0.427897
NR_158764.1	5273	5045.29	52.5372	0.468622
NR_158765.1	5402	5174.29	116.892	1.01666
NR_158766.1	4630	4402.29	0	0
NR_158767.1	4627	4399.29	0	0
NR_158768.1	3344	3116.29	0	0
NR_158769.2	1453	1225.29	0	0
NR_158770.1	1212	984.293	171.665	7.84873
NR_158771.1	2565	2337.29	0.390408	0.00751705
NR_158772.1	2000	1772.29	15.6597	0.39764
NR_158773.1	1557	1329.29	0	0
NR_158774.1	2062	1834.29	0	0
NR_158775.1	1940	1712.29	3.32529	0.0873964
NR_158776.1	1712	1484.29	0	0
NR_158777.1	1871	1643.29	0	0
NR_158778.1	2076	1848.29	0	0
NR_158779.1	2152	1924.29	0	0
NR_158780.1	1749	1521.29	1.53462	0.0453973
NR_158781.1	1802	1574.29	0	0
NR_158782.1	1909	1681.29	43.6278	1.16778
NR_158783.1	921	693.293	0	0
NR_158784.1	868	640.427	16.2026	1.13856
NR_158785.2	2987	2759.29	6.51289	0.106223
NR_158873.2	1387	1159.29	4.74356	0.184142
NR_158874.2	1301	1073.29	0	0
NR_158896.1	2582	2354.29	0.944237	0.0180494
NR_158960.1	2449	2221.29	18.7931	0.380746
NR_158963.2	2677	2449.29	0	0
NR_158964.2	3242	3014.29	28.0055	0.418119
NR_158965.2	2920	2692.29	28.7223	0.480108
NR_158966.2	2882	2654.29	39.9751	0.67777
NR_158967.2	2233	2005.29	25.3077	0.567958
NR_158969.1	444	229.227	1	0.196326
NR_158973.1	13042	12814.3	0	0
NR_158974.1	13030	12802.3	0	0
NR_158975.1	12952	12724.3	0	0
NR_158976.2	4202	3974.29	141.126	1.59805
NR_158981.1	3131	2903.29	9.46768	0.146756
NR_158982.1	8848	8620.29	2.39549	0.0125059
NR_158983.2	3541	3313.29	104.994	1.42608
NR_158984.1	4901	4673.29	53.0015	0.510397
NR_158985.1	1185	957.293	18.1362	0.852595
NR_158987.2	3529	3301.29	0	0
NR_158988.2	3348	3120.29	0	0
NR_158989.2	3727	3499.29	0	0
NR_158990.1	6125	5897.29	0	0
NR_158991.1	6259	6031.29	0	0
NR_159357.1	3242	3014.29	11.5634	0.172641
NR_159358.1	3131	2903.29	2.80849	0.0435335
NR_159359.1	1169	941.293	0	0
NR_159360.1	1099	871.293	0	0
NR_159361.1	1118	890.293	0	0
NR_159362.2	5304	5076.29	0	0
NR_159363.1	745	517.701	30.5486	2.65555
NR_159364.1	596	370.951	19.1277	2.32054
NR_159365.1	681	454.225	7.56854	0.749865
NR_159366.2	2364	2136.29	0	0
NR_159367.2	2308	2080.29	0	0
NR_159368.2	2370	2142.29	0	0
NR_159369.2	2426	2198.29	0	0
NR_159370.1	1958	1730.29	7.09665	0.184576
NR_159371.1	1096	868.293	0.722134	0.0374277
NR_159372.1	1248	1020.29	18.2498	0.804961
NR_159373.2	2231	2003.29	2.15576	0.0484281
NR_159374.2	1606	1378.29	0	0
NR_159375.2	1795	1567.29	0	0
NR_159376.2	1792	1564.29	0	0
NR_159377.1	2221	1993.29	60.2689	1.36071
NR_159378.1	5884	5656.29	0	0
NR_159379.1	5553	5325.29	0	0
NR_159380.1	3815	3587.29	0	0
NR_159381.1	7316	7088.29	44.2554	0.280975
NR_159382.1	3773	3545.29	0	0
NR_159383.1	3946	3718.29	19.9309	0.241226
NR_159384.1	3725	3497.29	0	0
NR_159385.1	5499	5271.29	0	0
NR_159386.1	3758	3530.29	0	0
NR_159387.1	3945	3717.29	0	0
NR_159388.1	5590	5362.29	56.1665	0.471378
NR_159389.1	5547	5319.29	0	0
NR_159390.1	3824	3596.29	0	0
NR_159391.1	5595	5367.29	0	0
NR_159401.1	1759	1531.29	64.4034	1.89275
NR_159402.1	1447	1219.29	17.5156	0.646484
NR_159403.1	1783	1555.29	172.208	4.9829
NR_159404.1	1714	1486.29	0	0
NR_159405.1	1649	1421.29	48.8667	1.54729
NR_159407.1	1210	982.293	0	0
NR_159431.2	1824	1596.29	19.4796	0.549173
NR_159440.1	3897	3669.29	0	0
NR_159454.1	1885	1657.29	128.848	3.4988
NR_159481.1	3445	3217.29	0	0
NR_159493.1	2929	2701.29	0	0
NR_159494.1	4078	3850.29	0	0
NR_159495.1	3905	3677.29	23.29	0.285025
NR_159496.1	4150	3922.29	6.82786	0.0783406
NR_159497.1	2189	1961.29	0	0
NR_159498.1	2288	2060.29	0	0
NR_159499.1	2011	1783.29	0.887545	0.022398
NR_159500.1	2223	1995.29	0	0
NR_159501.1	2401	2173.29	0	0
NR_159502.1	2242	2014.29	0	0
NR_159503.1	2226	1998.29	15.4956	0.348972
NR_159504.1	2127	1899.29	0	0
NR_159505.1	2229	2001.29	15.329	0.344704
NR_159515.1	9926	9698.29	119.121	0.552757
NR_159516.1	9929	9701.29	144.613	0.670841
NR_159517.1	10010	9782.29	423.437	1.94801
NR_159734.1	4015	3787.29	0	0
NR_159736.1	1967	1739.29	0	0
NR_159737.1	1848	1620.29	0	0
NR_159738.1	1973	1745.29	0	0
NR_159739.1	2037	1809.29	0	0
NR_159798.1	1221	993.293	0	0
NR_159799.1	994	766.293	0	0
NR_159800.1	4203	3975.29	0	0
NR_159801.2	6015	5787.29	0	0
NR_159802.2	6594	6366.29	16.1926	0.114465
NR_159803.1	3269	3041.29	0	0
NR_159804.1	2654	2426.29	0	0
NR_159805.1	2999	2771.29	4.93316	0.0801097
NR_159806.1	2872	2644.29	0	0
NR_159807.1	2628	2400.29	0	0
NR_159808.1	3111	2883.29	0	0
NR_159812.2	3170	2942.29	2.85201	0.0436221
NR_159880.1	1834	1606.29	0	0
NR_159934.1	4452	4224.29	65.0998	0.693534
NR_159935.1	2578	2350.29	0	0
NR_159936.1	4258	4030.29	8.35754	0.093322
NR_159937.1	5494	5266.29	22.5504	0.192704
NR_159938.1	2058	1830.29	11.7933	0.289973
NR_159939.1	2113	1885.29	0	0
NR_159940.1	2127	1899.29	0	0
NR_159941.1	3294	3066.29	67.3281	0.988155
NR_159942.3	987	759.293	44.9902	2.66655
NR_159943.3	2015	1787.29	0	0
NR_159944.3	1286	1058.29	0	0
NR_159945.1	4788	4560.29	0	0
NR_159946.1	650	423.846	3.79341	0.402776
NR_159947.1	696	468.994	5.32794	0.511251
NR_159948.1	551	327.472	2.67206	0.367209
NR_159949.1	891	663.427	0	0
NR_159953.1	1037	809.293	0	0
NR_159957.1	908	680.293	1	0.0661525
NR_159959.1	668	441.629	1	0.101902
NR_159960.1	405	196.152	0	0
NR_159962.1	200	58.6283	0	0
NR_159963.1	1614	1386.29	5.41568	0.175808
NR_159964.1	2367	2139.29	20.0011	0.420751
NR_159965.1	2083	1855.29	0	0
NR_159966.1	4985	4757.29	22.6859	0.214604
NR_159971.1	691	464.041	0	0
NR_159972.1	1504	1276.29	0	0
NR_159993.1	3083	2855.29	10931.2	172.29
NR_160021.1	7394	7166.29	0	0
NR_160022.1	7511	7283.29	148.362	0.916721
NR_160023.1	7592	7364.29	0	0
NR_160024.1	6535	6307.29	28.4063	0.202681
NR_160025.1	6613	6385.29	3.06113e-07	2.15746e-09
NR_160027.1	5096	4868.29	9.56581	0.0884275
NR_160028.1	918	690.293	10.505	0.684863
NR_160029.1	778	550.487	62.8393	5.1372
NR_160030.1	680	453.225	0	0
NR_160034.1	6223	5995.29	22.1838	0.166521
NR_160040.1	4469	4241.29	153.57	1.62949
NR_160041.1	3610	3382.29	1.75212e-07	2.33129e-09
NR_160042.1	3735	3507.29	0	0
NR_160044.1	3727	3499.29	0	0
NR_160045.1	3504	3276.29	0	0
NR_160046.1	4112	3884.29	12.4672	0.144444
NR_160047.1	3870	3642.29	0	0
NR_160263.1	4545	4317.29	0	0
NR_160264.1	845	617.427	63.1901	4.6058
NR_160266.1	4995	4767.29	0	0
NR_160267.1	6570	6342.29	0	0
NR_160268.1	3079	2851.29	19.344	0.305314
NR_160269.1	3206	2978.29	2.46443e-06	3.72385e-08
NR_160270.1	2511	2283.29	0	0
NR_160271.1	2433	2205.29	0	0
NR_160272.1	3594	3366.29	0	0
NR_160273.1	1787	1559.29	7.91808	0.228525
NR_160274.1	1769	1541.29	0	0
NR_160275.1	921	693.293	0	0
NR_160276.2	2466	2238.29	0	0
NR_160277.2	2228	2000.29	0	0
NR_160278.1	3488	3260.29	15.78	0.217818
NR_160279.1	2331	2103.29	12.406	0.265444
NR_160280.1	2315	2087.29	0.243851	0.00525756
NR_160281.1	4009	3781.29	89.698	1.06754
NR_160282.1	4335	4107.29	69.6733	0.763402
NR_160283.1	4113	3885.29	10.8176	0.1253
NR_160284.1	4800	4572.29	0	0
NR_160285.2	1793	1565.29	2.14837	0.0617668
NR_160286.1	1793	1565.29	2.14837	0.0617668
NR_160287.1	3781	3553.29	69.3799	0.878709
NR_160290.1	597	371.913	0	0
NR_160292.1	6135	5907.29	93.9153	0.715468
NR_160295.2	3861	3633.29	71.7681	0.888942
NR_160296.2	3549	3321.29	168.831	2.28763
NR_160297.1	2772	2544.29	0	0
NR_160298.1	2958	2730.29	0	0
NR_160299.1	670	443.585	4.61448	0.468154
NR_160300.1	2978	2750.29	0	0
NR_160301.1	2319	2091.29	2.0864	0.0448977
NR_160302.1	1370	1142.29	0	0
NR_160303.1	1751	1523.29	8.79901	0.259952
NR_160304.1	1732	1504.29	42.4256	1.26922
NR_160306.1	3184	2956.29	0	0
NR_160307.2	1176	948.293	0	0
NR_160308.1	2064	1836.29	9	0.220568
NR_160309.1	1074	846.293	0	0
NR_160399.1	4170	3942.29	0	0
NR_160400.1	1095	867.293	7.29891	0.378734
NR_160407.1	2045	1817.29	0	0
NR_160408.2	1687	1459.29	0	0
NR_160411.1	5456	5228.29	25.9517	0.223382
NR_160413.1	3893	3665.29	2.09749	0.0257533
NR_160414.1	3434	3206.29	337.803	4.74136
NR_160415.1	3791	3563.29	148.718	1.87825
NR_160416.1	3406	3178.29	0	0
NR_160417.1	3508	3280.29	13.872	0.190314
NR_160418.1	2967	2739.29	0	0
NR_160419.1	3331	3103.29	0	0
NR_160420.1	3160	2932.29	0	0
NR_160421.1	3083	2855.29	0	0
NR_160422.1	3289	3061.29	0	0
NR_160423.1	3286	3058.29	0	0
NR_160424.1	3271	3043.29	0	0
NR_160425.1	3864	3636.29	0	0
NR_160426.1	4652	4424.29	76.2682	0.775786
NR_160427.1	3796	3568.29	65.423	0.825111
NR_160428.1	1271	1043.29	2.21918	0.0957258
NR_160429.1	5322	5094.29	0	0
NR_160430.1	5232	5004.29	0	0
NR_160431.1	2363	2135.29	22.3527	0.471101
NR_160432.1	3384	3156.29	117.812	1.67979
NR_160435.1	4827	4599.29	271.788	2.65938
NR_160436.1	4878	4650.29	285.966	2.76743
NR_160510.1	774	546.487	0	0
NR_160511.1	2406	2178.29	74.2375	1.53373
NR_160512.1	714	486.852	5.60845	0.518428
NR_160513.1	970	742.293	0	0
NR_160514.1	1715	1487.29	0	0
NR_160515.1	1885	1657.29	0	0
NR_160516.1	2110	1882.29	0	0
NR_160517.1	1777	1549.29	0	0
NR_160518.1	4319	4091.29	0	0
NR_160519.1	4408	4180.29	18.7185	0.201514
NR_160521.1	1512	1284.29	0	0
NR_160525.1	2445	2217.29	15	0.304446
NR_160526.1	3167	2939.29	0	0
NR_160527.1	2476	2248.29	0	0
NR_160528.1	949	721.293	0	0
NR_160529.1	1088	860.293	0	0
NR_160530.1	846	618.427	0	0
NR_160531.1	1411	1183.29	0	0
NR_160532.1	1049	821.293	2	0.109591
NR_160533.1	1313	1085.29	0	0
NR_160534.1	1210	982.293	0	0
NR_160535.1	1356	1128.29	2	0.079772
NR_160538.1	8612	8384.29	0	0
NR_160539.1	2574	2346.29	0	0
NR_160540.1	5231	5003.29	22.139	0.199134
NR_160541.1	1178	950.293	188.993	8.95014
NR_160542.1	1252	1024.29	46.3536	2.03658
NR_160543.1	1458	1230.29	78.091	2.8565
NR_160544.1	8116	7888.29	148.995	0.850026
NR_160545.1	2507	2279.29	4.83765	0.095516
NR_160546.1	1777	1549.29	0	0
NR_160547.1	971	743.293	16.5126	0.999762
NR_160548.1	551	327.472	195.533	26.8713
NR_160549.1	1116	888.293	21.9976	1.11445
NR_160550.1	2245	2017.29	1.0069	0.0224627
NR_160551.1	2071	1843.29	0	0
NR_160552.1	1767	1539.29	0	0
NR_160553.1	946	718.293	0	0
NR_160554.1	1744	1516.29	0	0
NR_160555.1	2826	2598.29	1	0.0173202
NR_160647.1	927	699.293	1.04946	0.0675381
NR_160651.1	2238	2010.29	483.343	10.8203
NR_160652.1	495	275.303	0	0
NR_160656.1	5591	5363.29	0	0
NR_160657.1	1231	1003.29	0	0
NR_160658.1	1292	1064.29	0	0
NR_160659.1	2541	2313.29	0	0
NR_160660.1	2328	2100.29	87.3912	1.87253
NR_160661.1	2535	2307.29	108.439	2.11507
NR_160664.1	1280	1052.29	0	0
NR_160665.1	2244	2016.29	9.42251	0.210308
NR_160666.1	2749	2521.29	0	0
NR_160667.1	2399	2171.29	0	0
NR_160668.1	2296	2068.29	0	0
NR_160669.1	1614	1386.29	0	0
NR_160670.1	1257	1029.29	2.32593	0.101695
NR_160671.1	1607	1379.29	0	0
NR_160672.1	1950	1722.29	10.1736	0.265834
NR_160673.1	747	519.701	11.9301	1.03308
NR_160681.1	1371	1143.29	1	0.0393627
NR_160682.1	1252	1024.29	18	0.790843
NR_160687.1	2365	2137.29	5.61703	0.118273
NR_160688.1	2316	2088.29	1.10567	0.0238273
NR_160695.1	3307	3079.29	17.0672	0.249432
NR_160696.1	908	680.293	0	0
NR_160697.1	924	696.293	16	1.03412
NR_160702.1	527	304.945	5.13039	0.757131
NR_160703.1	3533	3305.29	0	0
NR_160704.1	2653	2425.29	3	0.0556672
NR_160705.1	3638	3410.29	0	0
NR_160706.1	3516	3288.29	0	0
NR_160707.1	1001	773.293	0	0
NR_160708.1	1282	1054.29	1	0.0426855
NR_160709.1	2429	2201.29	1.00086	0.0204614
NR_160710.1	1706	1478.29	0	0
NR_160711.1	1228	1000.29	3	0.13497
NR_160712.1	1143	915.293	0	0
NR_160713.1	1098	870.293	0	0
NR_160714.1	1437	1209.29	0	0
NR_160715.1	727	499.753	0	0
NR_160716.1	1326	1098.29	0	0
NR_160717.1	1482	1254.29	0	0
NR_160718.1	1277	1049.29	3.09526	0.132752
NR_160719.1	1066	838.293	0	0
NR_160720.1	906	678.293	0	0
NR_160721.1	1291	1063.29	0	0
NR_160722.1	938	710.293	0.143312	0.00908
NR_160724.1	791	563.487	0	0
NR_160725.1	1797	1569.29	6	0.172064
NR_160727.1	593	367.988	0	0
NR_160728.1	326	135.496	0	0
NR_160729.1	899	671.361	0	0
NR_160730.1	1521	1293.29	2	0.0695946
NR_160731.1	1148	920.293	11	0.537909
NR_160732.1	502	281.791	1	0.159704
NR_160733.1	1055	827.293	0	0
NR_160735.1	1479	1251.29	42.1617	1.51636
NR_160736.1	4136	3908.29	693.249	7.98261
NR_160737.1	2681	2453.29	19.8363	0.363876
NR_160738.1	3736	3508.29	1.69431	0.021734
NR_160739.1	1940	1712.29	7.8421	0.206109
NR_160740.1	3598	3370.29	0.243936	0.00325725
NR_160741.1	3554	3326.29	16.3974	0.221849
NR_160742.1	3718	3490.29	0.816488	0.0105276
NR_160743.1	4009	3781.29	396.649	4.72072
NR_160744.1	3972	3744.29	6.15486	0.073976
NR_160745.1	564	339.768	36.1639	4.79
NR_160746.1	2633	2405.29	31.4354	0.588157
NR_160747.1	1568	1340.29	14.437	0.484751
NR_160748.1	573	348.421	2.14039	0.276459
NR_160761.1	1249	1021.29	685.065	30.1873
NR_160762.1	955	727.293	329.64	20.3973
NR_160763.1	4457	4229.29	282.36	3.00454
NR_160764.1	1033	805.293	100.544	5.61882
NR_160765.1	1327	1099.29	310.482	12.7106
NR_160766.1	1178	950.293	112.792	5.34148
NR_160767.1	983	755.293	62.9311	3.74966
NR_160768.1	1917	1689.29	15.8856	0.423196
NR_160769.1	1868	1640.29	22.6867	0.622433
NR_160773.1	1418	1190.29	73.7519	2.78844
NR_160776.1	2273	2045.29	164.102	3.61078
NR_160777.1	2646	2418.29	0	0
NR_160778.1	2393	2165.29	2.37006	0.049259
NR_160779.1	3245	3017.29	0	0
NR_160780.1	3373	3145.29	0	0
NR_160781.1	1134	906.293	0	0
NR_160782.1	1104	876.293	0	0
NR_160783.1	924	696.293	2.93164	0.189479
NR_160784.1	954	726.293	0	0
NR_160786.1	2043	1815.29	0	0
NR_160787.1	3997	3769.29	22.11	0.26398
NR_160788.1	1530	1302.29	16	0.552909
NR_160789.1	1714	1486.29	26	0.787247
NR_160800.1	3799	3571.29	231	2.91091
NR_160801.1	7912	7684.29	1638	9.59295
NR_160804.1	2294	2066.29	2.00088	0.0435783
NR_160886.1	2073	1845.29	10.784	0.263
NR_160887.1	2004	1776.29	11.9927	0.30384
NR_160888.1	2042	1814.29	485.223	12.0358
NR_160890.1	1109	881.293	5	0.255324
NR_160904.1	695	468.041	0	0
NR_160905.1	5016	4788.29	968.977	9.107
NR_160913.1	2439	2211.29	0	0
NR_160914.1	2956	2728.29	1.87003	0.030846
NR_160915.1	1592	1364.29	11.2068	0.369671
NR_160916.2	2407	2179.29	0	0
NR_160917.2	2563	2335.29	0	0
NR_160918.1	4912	4684.29	56.4251	0.542089
NR_160920.1	1750	1522.29	21.6485	0.639987
NR_160921.1	1881	1653.29	0	0
NR_160922.1	2112	1884.29	3.01481e-08	7.20036e-10
NR_160923.1	1916	1688.29	0	0
NR_160924.1	1921	1693.29	0	0
NR_160925.1	2117	1889.29	71.4344	1.70157
NR_160926.1	1907	1679.29	11.3306	0.303646
NR_160927.1	2000	1772.29	0	0
NR_160928.1	1926	1698.29	0	0
NR_160929.1	1804	1576.29	0	0
NR_160930.1	1857	1629.29	54.2645	1.49885
NR_160931.1	2096	1868.29	0	0
NR_160932.1	2143	1915.29	94.871	2.22916
NR_160933.1	2084	1856.29	0	0
NR_160934.1	1374	1146.29	0	0
NR_160935.1	2184	1956.29	12	0.276051
NR_160936.1	1994	1766.29	166.27	4.23637
NR_160937.1	2642	2414.29	46.8458	0.873219
NR_160938.1	2513	2285.29	0	0
NR_160939.1	1951	1723.29	0	0
NR_160940.1	2192	1964.29	5.67797	0.130086
NR_160941.1	1961	1733.29	0	0
NR_160942.1	2120	1892.29	12.662	0.301131
NR_160943.1	1072	844.293	89.087	4.74858
NR_160944.2	495	275.303	17.7041	2.89404
NR_160945.1	704	476.947	10.2928	0.97119
NR_160946.1	850	622.427	114.546	8.28196
NR_160947.1	693	466.041	0	0
NR_160948.1	749	521.701	23.4735	2.02488
NR_160949.1	839	611.427	264.984	19.5037
NR_160950.1	490	270.61	0	0
NR_160951.1	696	468.994	45.7601	4.39098
NR_160952.1	602	376.687	201.459	24.0684
NR_160953.1	745	517.701	1539.49	133.826
NR_160954.1	5250	5022.29	0	0
NR_160955.1	5293	5065.29	0	0
NR_160956.1	5123	4895.29	1.01827	0.00936113
NR_160958.1	1173	945.293	0	0
NR_160959.1	999	771.293	0	0
NR_160960.1	1023	795.293	0	0
NR_160966.1	580	355.279	0	0
NR_160971.1	2443	2215.29	8.13673	0.165295
NR_160976.1	810	582.487	0	0
NR_160977.1	786	558.487	0	0
NR_160978.1	685	458.134	0	0
NR_160979.1	748	520.701	4	0.345712
NR_160980.1	697	469.994	0	0
NR_160981.1	815	587.487	0	0
NR_160982.1	909	681.293	0	0
NR_160983.1	2316	2088.29	0	0
NR_161159.1	613	387.495	0	0
NR_161162.1	732	504.753	0	0
NR_161163.1	860	632.427	0	0
NR_161166.1	1473	1245.29	8	0.289108
NR_161169.1	959	731.293	2	0.123078
NR_161172.1	1699	1471.29	7	0.214112
NR_161181.1	2362	2134.29	5.09395	0.10741
NR_161183.1	3175	2947.29	4.21032	0.0642887
NR_161186.1	2497	2269.29	3.12965	0.062065
NR_161189.1	3724	3496.29	0	0
NR_161198.1	978	750.293	0	0
NR_161199.1	1158	930.293	0	0
NR_161201.1	1958	1730.29	0.0401917	0.00104534
NR_161202.1	1954	1726.29	0.959808	0.0250214
NR_161203.1	2732	2504.29	9.23569	0.165969
NR_161204.1	2099	1871.29	7.76504	0.186743
NR_161205.1	2590	2362.29	0	0
NR_161216.1	2230	2002.29	32.5261	0.731049
NR_161217.1	1917	1689.29	0	0
NR_161218.1	654	427.803	16.2797	1.71256
NR_161225.1	6534	6306.29	11.609	0.0828446
NR_161226.1	3409	3181.29	11	0.155608
NR_161233.1	767	539.541	0	0
NR_161235.1	2480	2252.29	94.4287	1.88678
NR_161242.1	649	422.846	18	1.91572
NR_161251.1	3019	2791.29	0	0
NR_161255.1	1074	846.293	0	0
NR_161259.1	1453	1225.29	0	0
NR_161261.1	645	418.93	0	0
NR_161262.1	618	392.338	0	0
NR_161263.1	634	408.137	0	0
NR_161268.1	664	437.717	0	0
NR_161269.1	808	580.487	0	0
NR_161281.1	1656	1428.29	0	0
NR_161291.1	2732	2504.29	0	0
NR_161292.1	2652	2424.29	0	0
NR_161293.1	2341	2113.29	0	0
NR_161294.1	1673	1445.29	0	0
NR_161301.1	1598	1370.29	18.2697	0.600013
NR_161305.1	835	607.427	17	1.2595
NR_161323.1	708	480.9	0	0
NR_161324.1	694	467.041	0	0
NR_161326.1	935	707.293	0	0
NR_161333.1	2355	2127.29	7	0.148086
NR_161342.1	1033	805.293	0	0
NR_161343.1	1009	781.293	0	0
NR_161346.1	577	352.35	0	0
NR_161353.1	1715	1487.29	549	16.6119
NR_161362.1	1237	1009.29	0	0
NR_161363.1	1109	881.293	0	0
NR_161364.1	1106	878.293	0	0
NR_161365.1	1070	842.293	0	0
NR_161366.1	1325	1097.29	1.06489	0.0436741
NR_161367.1	1421	1193.29	0	0
NR_161368.1	1289	1061.29	0	0
NR_161369.1	1119	891.293	0	0
NR_161370.1	1726	1498.29	0	0
NR_161371.1	1764	1536.29	0	0
NR_161372.1	588	363.135	0	0
NR_161373.1	1668	1440.29	1	0.0312458
NR_161374.1	4518	4290.29	3.01434	0.031619
NR_161375.1	5705	5477.29	1.25289	0.0102941
NR_161376.1	582	357.279	0	0
NR_161377.1	1498	1270.29	14.2718	0.505613
NR_161378.1	2732	2504.29	60.929	1.09492
NR_161379.1	2520	2292.29	0	0
NR_161380.1	3093	2865.29	5.42498	0.0852062
NR_161381.1	1218	990.293	6.03635	0.274317
NR_161382.1	7258	7030.29	142.308	0.91096
NR_161383.1	7606	7378.29	0	0
NR_161384.1	7256	7028.29	0	0
NR_161385.1	7308	7080.29	0	0
NR_161388.1	4628	4400.29	52.4382	0.5363
NR_161418.1	2450	2222.29	1.50993e-08	3.05772e-10
NR_161419.1	2381	2153.29	0	0
NR_161420.1	2229	2001.29	8.93837	0.200997
NR_161421.1	2160	1932.29	2.37056	0.0552103
NR_161422.1	2010	1782.29	12.6125	0.318467
NR_161423.1	1941	1713.29	32.4666	0.852801
NR_161424.1	4233	4005.29	56.9785	0.640205
NR_161425.1	1219	991.293	10.9887	0.498868
NR_161426.1	1445	1217.29	0	0
NR_161427.1	1208	980.293	0	0
NR_161429.1	1466	1238.29	0	0
NR_161430.1	1289	1061.29	0	0
NR_161431.1	1415	1187.29	4.67736	0.17729
NR_161432.1	1533	1305.29	1.47902	0.0509929
NR_161433.2	3214	2986.29	0	0
NR_161434.2	6707	6479.29	29.5327	0.205124
NR_161435.2	6792	6564.29	477.362	3.27267
NR_161436.2	5293	5065.29	0	0
NR_161437.2	6642	6414.29	63.6119	0.446305
NR_161438.2	6714	6486.29	0	0
NR_161439.2	6627	6399.29	46.2576	0.325307
NR_161440.2	6544	6316.29	0	0
NR_161441.1	2635	2407.29	0	0
NR_161442.2	5366	5138.29	0	0
NR_161443.2	6559	6331.29	0	0
NR_161444.2	6709	6481.29	0	0
NR_161445.1	2878	2650.29	98.2542	1.6684
NR_161446.2	5531	5303.29	84.6624	0.718434
NR_161447.2	6797	6569.29	0	0
NR_161448.2	5443	5215.29	79.6314	0.687144
NR_161449.2	5278	5050.29	0	0
NR_161450.2	6549	6321.29	0	0
NR_161452.1	953	725.293	8.13987	0.505064
NR_161453.1	767	539.541	12.1271	1.01152
NR_161454.1	889	661.427	102.002	6.94014
NR_161455.1	5280	5052.29	67.298	0.599454
NR_161456.1	5431	5203.29	24.823	0.214693
NR_161457.1	5327	5099.29	0	0
NR_161458.1	5625	5397.29	53.2581	0.444071
NR_161459.1	5406	5178.29	0	0
NR_161460.1	5671	5443.29	0	0
NR_161461.1	5432	5204.29	2.34905e-06	2.0313e-08
NR_161462.1	5324	5096.29	0.000334159	2.95081e-06
NR_161465.1	1042	814.293	123.235	6.81076
NR_161466.1	2019	1791.29	54.0379	1.35761
NR_161467.1	1258	1030.29	9.43296	0.412031
NR_161468.1	1416	1188.29	0	0
NR_161469.1	1325	1097.29	38.5191	1.57978
NR_161470.1	934	706.293	0	0
NR_161475.1	2756	2528.29	0	0
NR_161476.1	2751	2523.29	0	0
NR_162071.1	3767	3539.29	141.425	1.79826
NR_162089.1	64	17.5957	0	0
NR_162090.1	96	14.811	0	0
NR_162091.1	96	14.811	0	0
NR_162092.1	93	14.4286	0	0
NR_162093.1	96	14.811	0	0
NR_162094.1	93	14.4286	0	0
NR_162095.1	94	14.4667	0	0
NR_162096.1	109	17.8694	0	0
NR_162097.1	110	17.8467	0	0
NR_162098.1	110	17.8467	0	0
NR_162099.1	110	17.8467	0	0
NR_162100.1	70	16.7714	3	8.04996
NR_162101.1	87	15.7489	0	0
NR_162102.1	50	21.5	0	0
NR_162103.1	83	15.7086	0	0
NR_162105.1	49	21.7059	0	0
NR_162106.1	68	17.931	0	0
NR_162107.1	57	18.129	0	0
NR_162108.1	58	18.0303	0	0
NR_162109.1	55	19.3077	0	0
NR_162111.1	51	20.35	0	0
NR_162112.1	63	18.1395	0	0
NR_162113.1	76	14.8793	1	3.02454
NR_162114.1	68	17.931	0	0
NR_162115.1	47	21	0	0
NR_162116.1	59	18.5	0	0
NR_162117.1	54	19.04	0	0
NR_162118.1	65	17.8776	0	0
NR_162119.1	63	18.1395	0	0
NR_162120.1	80	15.4932	0	0
NR_162121.1	77	15.2645	0	0
NR_162122.1	69	17.25	0	0
NR_162123.1	82	16.1887	0	0
NR_162124.1	85	15.5396	0	0
NR_162125.1	85	15.5396	0	0
NR_162126.1	81	15.7843	0	0
NR_162127.1	71	17.0822	0	0
NR_162128.1	83	15.7086	2	5.72975
NR_162129.1	74	16.0532	0	0
NR_162130.1	102	15.661	0	0
NR_162131.1	74	16.0532	0	0
NR_162132.1	88	15.1865	0	0
NR_162133.1	93	14.4286	0	0
NR_162134.1	90	14.5182	0	0
NR_162135.1	98	15.0506	0	0
NR_162136.1	95	14.7859	1	3.04365
NR_162137.1	87	15.7489	0	0
NR_162138.1	101	15.5262	0	0
NR_162139.1	85	15.5396	0	0
NR_162140.1	102	15.661	0	0
NR_162141.1	102	15.661	0	0
NR_162142.1	100	15.2776	0	0
NR_162143.1	76	14.8793	0	0
NR_162144.1	92	14.5444	0	0
NR_162145.1	102	15.661	0	0
NR_162146.1	102	15.661	0	0
NR_162147.1	78	15.0992	0	0
NR_162148.1	70	16.7714	0	0
NR_162149.1	71	17.0822	1191	3137.69
NR_162150.1	93	14.4286	0	0
NR_163135.1	798	570.487	45.3681	3.57888
NR_163136.1	630	404.218	0	0
NR_163137.1	636	410.055	0	0
NR_163138.1	4936	4708.29	26.6941	0.255149
NR_163139.1	4923	4695.29	0.830381	0.00795897
NR_163140.1	2255	2027.29	0	0
NR_163141.1	2272	2044.29	0	0
NR_163142.1	2403	2175.29	0	0
NR_163143.1	2569	2341.29	0	0
NR_163144.1	692	465.041	0	0
NR_163145.1	1184	956.293	0	0
NR_163146.1	768	540.541	19.9946	1.66466
NR_163148.1	1559	1331.29	9.83866	0.332586
NR_163149.1	1968	1740.29	124.825	3.22791
NR_163150.1	2904	2676.29	0	0
NR_163151.1	1955	1727.29	0	0
NR_163152.1	2041	1813.29	0	0
NR_163153.1	2480	2252.29	0	0
NR_163154.1	1919	1691.29	0	0
NR_163155.1	2075	1847.29	0	0
NR_163156.1	2354	2126.29	0	0
NR_163157.1	2784	2556.29	0	0
NR_163158.1	2639	2411.29	0	0
NR_163159.1	2769	2541.29	0	0
NR_163160.1	2571	2343.29	0	0
NR_163161.1	2974	2746.29	0	0
NR_163162.1	3601	3373.29	0	0
NR_163163.1	3343	3115.29	0	0
NR_163164.1	3198	2970.29	0	0
NR_163165.1	3746	3518.29	0	0
NR_163166.1	3183	2955.29	0	0
NR_163167.1	3038	2810.29	0	0
NR_163169.1	795	567.487	29.7728	2.36105
NR_163170.1	924	696.293	22.7549	1.47071
NR_163171.1	774	546.487	8.53574	0.702916
NR_163172.2	721	493.802	13.1783	1.20101
NR_163173.1	811	583.487	16.2955	1.25683
NR_163175.1	2024	1796.29	0	0
NR_163176.1	2042	1814.29	0	0
NR_163177.1	1844	1616.29	0	0
NR_163191.1	3798	3570.29	11.3614	0.143209
NR_163192.1	2013	1785.29	0.112799	0.0028434
NR_163193.1	1126	898.293	0	0
NR_163194.1	1272	1044.29	0	0
NR_163195.1	1199	971.293	0	0
NR_163196.1	911	683.293	0	0
NR_163238.2	6174	5946.29	0	0
NR_163239.2	7592	7364.29	0	0
NR_163240.1	2871	2643.29	0	0
NR_163241.1	2875	2647.29	0	0
NR_163242.2	2606	2378.29	0	0
NR_163243.2	3908	3680.29	96.3015	1.17759
NR_163250.1	5099	4871.29	15.8251	0.146199
NR_163251.1	4012	3784.29	0	0
NR_163252.1	3250	3022.29	0	0
NR_163253.1	3739	3511.29	0	0
NR_163254.2	4004	3776.29	12.5912	0.150053
NR_163255.1	3935	3707.29	1	0.0121391
NR_163259.1	3705	3477.29	9.70516	0.125604
NR_163261.1	184	49.9056	0	0
NR_163262.1	2830	2602.29	0	0
NR_163263.1	2703	2475.29	0	0
NR_163264.1	4153	3925.29	0	0
NR_163265.1	9098	8870.29	0	0
NR_163266.1	2711	2483.29	11.1678	0.202387
NR_163267.1	2612	2384.29	1.14053	0.0215273
NR_163271.1	6445	6217.29	7.50945	0.0543562
NR_163386.1	3057	2829.29	0	0
NR_163387.1	2944	2716.29	0	0
NR_163388.1	2992	2764.29	0.313585	0.00510521
NR_163389.1	3312	3084.29	0	0
NR_163390.1	3046	2818.29	0	0
NR_163391.1	3253	3025.29	0	0
NR_163392.1	3401	3173.29	1.07577	0.0152563
NR_163393.1	3466	3238.29	0	0
NR_163394.1	2890	2662.29	0	0
NR_163395.1	3145	2917.29	2.07378e-08	3.19908e-10
NR_163396.1	2971	2743.29	1.18019	0.0193607
NR_163397.1	2777	2549.29	0	0
NR_163398.1	2944	2716.29	0	0
NR_163399.1	3291	3063.29	2.85504e-08	4.19437e-10
NR_163400.1	2825	2597.29	2.21285	0.0383418
NR_163401.1	3380	3152.29	4.50998	0.0643858
NR_163402.1	3495	3267.29	14.3643	0.197851
NR_163403.1	2103	1875.29	0	0
NR_163404.1	4634	4406.29	0	0
NR_163405.1	4639	4411.29	0	0
NR_163406.1	4417	4189.29	0	0
NR_163409.1	1530	1302.29	0	0
NR_163410.1	1621	1393.29	27.4583	0.886897
NR_163411.1	1773	1545.29	11.0384	0.321467
NR_163412.1	1816	1588.29	1.90137e-08	5.38739e-10
NR_163413.1	1346	1118.29	8.73152	0.351379
NR_163414.1	1597	1369.29	30.8871	1.01513
NR_163415.1	1151	923.293	6.41091	0.31248
NR_163416.1	3208	2980.29	82.1038	1.23979
NR_163423.2	1602	1374.29	16.173	0.529606
NR_163424.2	1837	1609.29	90.7967	2.53909
NR_163433.1	3362	3134.29	63.9595	0.918349
NR_163434.1	4510	4282.29	0	0
NR_163437.1	6323	6095.29	223.762	1.65209
NR_163438.1	6064	5836.29	0	0
NR_163441.1	2098	1870.29	295.944	7.12102
NR_163442.1	1858	1630.29	352.054	9.7182
NR_163448.1	2704	2476.29	0	0
NR_163449.1	2682	2454.29	0	0
NR_163450.1	2527	2299.29	11.9515	0.233922
NR_163466.1	3865	3637.29	11.6157	0.143718
NR_163472.1	2298	2070.29	0	0
NR_163477.1	1008	780.293	0	0
NR_163478.1	1816	1588.29	128.919	3.65282
NR_163480.1	2159	1931.29	3.87971	0.0904053
NR_163481.1	2003	1775.29	0	0
NR_163486.1	1401	1173.29	3	0.115069
NR_163491.1	4087	3859.29	44.0823	0.514043
NR_163556.1	1254	1026.29	0	0
NR_163584.1	1244	1016.29	0	0
NR_163585.1	1447	1219.29	0	0
NR_163592.1	4781	4553.29	0	0
NR_163594.1	15690	15462.3	0	0
NR_163849.1	3977	3749.29	0	0
NR_163850.1	2942	2714.29	0	0
NR_163857.1	966	738.293	93.1203	5.6762
NR_163867.1	6427	6199.29	0	0
NR_163868.1	6715	6487.29	0	0
NR_163869.1	6580	6352.29	0	0
NR_163870.1	6419	6191.29	0	0
NR_163871.1	6470	6242.29	0	0
NR_163884.1	4087	3859.29	0	0
NR_163885.1	4135	3907.29	0	0
NR_163886.1	4024	3796.29	0	0
NR_163887.1	4072	3844.29	0	0
NR_163888.1	4162	3934.29	0	0
NR_163889.1	4243	4015.29	0	0
NR_163905.1	3116	2888.29	23.3068	0.363149
NR_163906.1	2597	2369.29	6.25106	0.118735
NR_163907.1	2612	2384.29	12.6278	0.238348
NR_163908.1	2768	2540.29	27.237	0.482522
NR_163909.1	2662	2434.29	7.48512e-06	1.38378e-07
NR_163912.1	1755	1527.29	17.2443	0.508118
NR_163913.1	1537	1309.29	51.5183	1.77079
NR_163914.1	4354	4126.29	15.868	0.173063
NR_163915.1	904	676.361	7.30831	0.486274
NR_163916.1	4647	4419.29	0	0
NR_163917.1	4545	4317.29	0	0
NR_163918.1	4486	4258.29	0	0
NR_163919.1	1005	777.293	0.000163336	9.45671e-06
NR_163920.1	532	309.634	22.9891	3.34131
NR_163921.1	2709	2481.29	21.2271	0.384995
NR_163922.1	1368	1140.29	154.77	6.10818
NR_163923.1	1190	962.293	19.5155	0.912669
NR_163924.1	1503	1275.29	26.2261	0.925479
NR_163925.1	1325	1097.29	105.797	4.33905
NR_163926.1	2656	2428.29	13.6233	0.252478
NR_163927.1	2297	2069.29	0	0
NR_163928.1	2924	2696.29	9.96955e-09	1.66399e-10
NR_163929.1	2935	2707.29	218.535	3.63268
NR_163930.1	2621	2393.29	9.52111	0.179033
NR_163931.1	2775	2547.29	2.08556	0.0368457
NR_163932.1	2669	2441.29	3.65579	0.0673913
NR_163933.1	2932	2704.29	0	0
NR_163934.1	3030	2802.29	8.15826	0.131017
NR_163935.1	3480	3252.29	11.6654	0.161417
NR_163936.1	2802	2574.29	5.12651	0.0896202
NR_163937.1	2934	2706.29	16.5289	0.27486
NR_163938.1	2760	2532.29	7.13616	0.126822
NR_163939.2	6811	6583.29	72.1967	0.493533
NR_163940.2	6748	6520.29	377.117	2.60286
NR_163941.2	6631	6403.29	0.00393268	2.76393e-05
NR_163942.1	4129	3901.29	23.5385	0.271526
NR_163943.1	1307	1079.29	3.69374	0.154017
NR_163945.1	592	367.025	5.08275	0.623226
NR_163946.1	8499	8271.29	166.886	0.908006
NR_163947.1	8383	8155.29	4.34702	0.023988
NR_163948.1	2707	2479.29	0	0
NR_163949.1	2677	2449.29	0	0
NR_163950.1	3114	2886.29	0	0
NR_163951.1	2907	2679.29	0	0
NR_163952.1	3094	2866.29	1.0456	0.0164168
NR_163953.1	2965	2737.29	0	0
NR_163955.1	2324	2096.29	77.56	1.66505
NR_163956.1	2874	2646.29	28.1432	0.478606
NR_163957.1	2615	2387.29	7.71652	0.145465
NR_163958.1	1602	1374.29	9.30451	0.304689
NR_163959.1	2731	2503.29	0	0
NR_163969.1	1906	1678.29	61.5186	1.64961
NR_163970.1	1447	1219.29	454.679	16.7818
NR_163971.1	1457	1229.29	67.5015	2.47116
NR_163972.1	3903	3675.29	28.9975	0.355068
NR_163974.1	1345	1117.29	9.54286	0.384374
NR_163978.1	1307	1079.29	0	0
NR_163981.1	10431	10203.3	0	0
NR_163982.1	10352	10124.3	0	0
NR_163983.1	10135	9907.29	0	0
NR_163984.1	10194	9966.29	0	0
NR_163985.1	10440	10212.3	0	0
NR_163986.1	3948	3720.29	1.40493	0.016995
NR_163987.1	3679	3451.29	25.5279	0.332871
NR_163988.1	915	687.293	0	0
NR_163989.1	1495	1267.29	0	0
NR_163991.1	2876	2648.29	0	0
NR_163992.1	3042	2814.29	0	0
NR_163993.1	3076	2848.29	0	0
NR_163994.1	3104	2876.29	0	0
NR_163995.2	2042	1814.29	0	0
NR_163996.2	1296	1068.29	0.691234	0.029119
NR_163997.2	2116	1888.29	87.4359	2.08383
NR_163998.2	1439	1211.29	13.6167	0.505902
NR_163999.2	1615	1387.29	0	0
NR_164000.2	1452	1224.29	0	0
NR_164009.1	4792	4564.29	4.69933	0.0463346
NR_164072.1	3690	3462.29	31.0204	0.403205
NR_164073.1	2073	1845.29	0	0
NR_164077.1	4481	4253.29	88.9023	0.940654
NR_164109.1	2241	2013.29	0	0
NR_164111.1	1169	941.293	5	0.239049
NR_164112.1	1607	1379.29	12	0.391532
NR_164113.1	2993	2765.29	33.363	0.542958
NR_164114.1	2149	1921.29	1	0.0234233
NR_164115.1	1850	1622.29	8	0.221923
NR_164116.1	2079	1851.29	0	0
NR_164117.1	2050	1822.29	0	0
NR_164118.1	2447	2219.29	0	0
NR_164119.1	2070	1842.29	1	0.0244278
NR_164121.1	1653	1425.29	1	0.0315746
NR_164122.1	4475	4247.29	85.2617	0.903408
NR_164124.1	1683	1455.29	0	0
NR_164125.1	1777	1549.29	5.13559	0.149176
NR_164126.1	4032	3804.29	0	0
NR_164127.1	2025	1797.29	0	0
NR_164128.1	2829	2601.29	0	0
NR_164129.1	1465	1237.29	0	0
NR_164130.1	1713	1485.29	0	0
NR_164131.1	1616	1388.29	0	0
NR_164132.1	1604	1376.29	0	0
NR_164133.1	1486	1258.29	0	0
NR_164134.1	1611	1383.29	0	0
NR_164135.1	929	701.293	0	0
NR_164137.1	1250	1022.29	4	0.176087
NR_164138.1	1176	948.293	0	0
NR_164139.1	1110	882.293	3	0.153021
NR_164140.1	1140	912.293	0	0
NR_164141.1	703	475.947	0	0
NR_164142.1	696	468.994	0.999817	0.095939
NR_164143.1	850	622.427	0	0
NR_164144.1	3547	3319.29	3	0.0406741
NR_164145.1	2259	2031.29	39	0.864041
NR_164146.1	3421	3193.29	0	0
NR_164147.1	3152	2924.29	8.44505	0.129964
NR_164148.1	1960	1732.29	70.0542	1.81993
NR_164150.1	1205	977.293	8.06385	0.37133
NR_164151.1	1347	1119.29	0	0
NR_164152.1	1186	958.293	0	0
NR_164153.1	4338	4110.29	4.00042	0.0438001
NR_164155.1	761	533.648	0	0
NR_164156.1	772	544.487	0	0
NR_164157.1	2178	1950.29	50.5219	1.16579
NR_164158.1	734	506.753	0.332788	0.0295538
NR_164159.1	1392	1164.29	0	0
NR_164160.1	1720	1492.29	0	0
NR_164161.1	694	467.041	0	0
NR_164162.1	3396	3168.29	0	0
NR_164163.1	3071	2843.29	94.5773	1.49695
NR_164166.1	3754	3526.29	0	0
NR_164308.1	7916	7688.29	39.6971	0.232365
NR_164309.1	5304	5076.29	0	0
NR_164310.1	8479	8251.29	92.5347	0.50469
NR_164337.1	3922	3694.29	5.96504	0.0726648
NR_164338.1	1888	1660.29	4.02267	0.109036
NR_164339.1	3743	3515.29	0	0
NR_164340.1	3366	3138.29	0	0
NR_164341.1	1669	1441.29	0	0
NR_164342.1	3055	2827.29	1.43051	0.0227699
NR_164343.1	3432	3204.29	0	0
NR_164350.1	1050	822.293	43.0617	2.35671
NR_164351.1	1201	973.293	89.6129	4.14352
NR_164368.1	3435	3207.29	20	0.28063
NR_164369.1	939	711.293	0	0
NR_164473.1	438	223.888	0	0
NR_164474.1	2413	2185.29	0	0
NR_164475.1	2118	1890.29	0	0
NR_164476.1	2094	1866.29	0	0
NR_164477.1	2468	2240.29	0	0
NR_164499.1	3384	3156.29	877.921	12.5176
NR_164500.1	3324	3096.29	0.0044801	6.5116e-05
NR_164501.1	2869	2641.29	0	0
NR_164502.1	3348	3120.29	0	0
NR_164630.1	6024	5796.29	33.926	0.263406
NR_164631.1	3771	3543.29	17.1844	0.218258
NR_164636.1	2888	2660.29	0	0
NR_164641.1	2078	1850.29	63.4377	1.54294
NR_164651.1	4743	4515.29	0	0
NR_164652.1	3712	3484.29	0	0
NR_164653.1	2646	2418.29	20.0137	0.372443
NR_164654.1	2914	2686.29	8.38954	0.140549
NR_164655.1	471	253.178	8.02379	1.42625
NR_164656.1	612	386.495	0	0
NR_164657.1	1319	1091.29	8.3498	0.344332
NR_164659.2	1545	1317.29	18.367	0.627477
NR_164660.1	456	239.672	0	0
NR_164662.1	6945	6717.29	0	0
NR_164665.1	645	418.93	0	0
NR_164666.1	4685	4457.29	0	0
NR_164667.1	7495	7267.29	34.976	0.216591
NR_164671.1	1697	1469.29	0	0
NR_164672.1	2000	1772.29	0	0
NR_164673.1	1974	1746.29	0	0
NR_164674.1	2492	2264.29	0	0
NR_164675.1	2639	2411.29	0	0
NR_164676.1	3250	3022.29	0	0
NR_164677.1	10413	10185.3	90.4947	0.399845
NR_164679.1	3586	3358.29	0	0
NR_164681.1	2586	2358.29	30.7932	0.587624
NR_164683.1	5788	5560.29	44.2471	0.35812
NR_164684.1	6257	6029.29	0	0
NR_164685.1	5540	5312.29	22.0885	0.187123
NR_164686.1	5377	5149.29	0	0
NR_164691.1	5230	5002.29	0	0
NR_164692.1	18160	17932.3	0.0145707	3.65668e-05
NR_164694.1	5034	4806.29	0	0
NR_164695.1	5052	4824.29	0	0
NR_164696.1	5049	4821.29	0	0
NR_164697.1	5145	4917.29	2.05985	0.0188518
NR_164698.1	5223	4995.29	0	0
NR_164699.1	4908	4680.29	0	0
NR_164700.2	2014	1786.29	247.661	6.23945
NR_164701.2	1796	1568.29	70.833	2.03259
NR_164702.2	1925	1697.29	46.4222	1.23087
NR_164703.2	2018	1790.29	92.4305	2.32345
NR_164704.1	5684	5456.29	0	0
NR_164705.1	6452	6224.29	76.6681	0.554328
NR_164706.1	6007	5779.29	0	0
NR_164707.1	6333	6105.29	9.53782	0.0703048
NR_164708.1	6241	6013.29	14.0636	0.105251
NR_164709.1	6154	5926.29	0.0102886	7.81298e-05
NR_164710.1	6186	5958.29	35.6483	0.269252
NR_164711.1	6351	6123.29	0.0179664	0.000132044
NR_164712.1	6438	6210.29	7.14407	0.0517698
NR_164713.1	6419	6191.29	0	0
NR_164714.1	5905	5677.29	0	0
NR_164715.1	2721	2493.29	1.85589	0.0334982
NR_164716.1	6359	6131.29	0	0
NR_164717.1	6350	6122.29	6.94378	0.0510416
NR_164718.1	5732	5504.29	0	0
NR_164719.1	6067	5839.29	39.3714	0.303433
NR_164720.1	8937	8709.29	121.02	0.625341
NR_164721.1	8940	8712.29	0.450207	0.00232553
NR_164722.1	5199	4971.29	16.2878	0.147446
NR_164723.1	5277	5049.29	30.9651	0.275984
NR_164724.1	5301	5073.29	0	0
NR_164725.1	4992	4764.29	0	0
NR_164726.1	5218	4990.29	22.7471	0.205136
NR_164727.1	5463	5235.29	0	0
NR_164728.1	5289	5061.29	59.4331	0.528456
NR_164729.1	5388	5160.29	1.79376	0.0156434
NR_164730.1	5397	5169.29	0	0
NR_164731.1	5274	5046.29	0	0
NR_164732.1	5440	5212.29	16.5407	0.142813
NR_164733.1	5271	5043.29	38.4103	0.342749
NR_164734.1	5211	4983.29	31.8061	0.287235
NR_164735.1	4927	4699.29	0.178233	0.00170686
NR_164736.1	5049	4821.29	23.554	0.219858
NR_164737.1	5556	5328.29	0	0
NR_164738.1	3483	3255.29	59.2673	0.819346
NR_164739.1	4433	4205.29	0	0
NR_164740.1	4379	4151.29	0	0
NR_164741.1	4159	3931.29	0	0
NR_164743.1	1023	795.293	1	0.0565868
NR_164744.1	3402	3174.29	0	0
NR_164745.1	3282	3054.29	0	0
NR_164746.1	3956	3728.29	148.662	1.79445
NR_164747.1	3953	3725.29	0	0
NR_164748.1	2004	1776.29	0	0
NR_164749.1	4475	4247.29	11.2065	0.11874
NR_164750.1	4450	4222.29	158.885	1.69347
NR_164751.1	4435	4207.29	9.41094	0.100664
NR_164752.1	4283	4055.29	9.51956	0.105642
NR_164753.1	6284	6056.29	0	0
NR_164754.1	6076	5848.29	0	0
NR_164755.1	3729	3501.29	0	0
NR_164756.1	3726	3498.29	0	0
NR_164757.1	1410	1182.29	2.39107	0.0910141
NR_164758.1	1626	1398.29	0	0
NR_164759.1	1902	1674.29	0	0
NR_164760.1	1581	1353.29	1	0.0332545
NR_164761.1	4202	3974.29	0	0
NR_164762.1	4212	3984.29	0	0
NR_164763.1	4112	3884.29	31.4764	0.364683
NR_164764.1	4093	3865.29	0	0
NR_164765.1	4109	3881.29	25.0169	0.290068
NR_164766.1	4103	3875.29	12.6655	0.147082
NR_164767.1	4348	4120.29	0	0
NR_164768.1	2057	1829.29	0	0
NR_164769.1	1868	1640.29	14.5001	0.397825
NR_164770.1	2962	2734.29	0	0
NR_164771.1	2863	2635.29	0	0
NR_164772.1	2817	2589.29	0	0
NR_164773.1	2912	2684.29	0	0
NR_164774.1	2800	2572.29	72.9578	1.27642
NR_164775.1	6487	6259.29	30.7945	0.221406
NR_164776.1	6424	6196.29	2.94996	0.0214253
NR_164777.1	6427	6199.29	126.446	0.91792
NR_164778.1	3077	2849.29	0	0
NR_164779.1	2822	2594.29	0	0
NR_164780.1	1466	1238.29	52.8989	1.92249
NR_164781.1	1598	1370.29	0	0
NR_164782.1	2945	2717.29	18.0348	0.298688
NR_164783.1	1375	1147.29	12.324	0.483416
NR_164784.1	6776	6548.29	127.839	0.878571
NR_164785.1	3940	3712.29	0	0
NR_164786.1	3682	3454.29	0	0
NR_164787.1	3998	3770.29	0	0
NR_164788.1	2198	1970.29	0	0
NR_164789.1	2236	2008.29	7.64442	0.171301
NR_164790.1	2671	2443.29	83.0963	1.53055
NR_164791.1	2677	2449.29	0	0
NR_164792.1	3490	3262.29	0	0
NR_164793.1	3484	3256.29	842.873	11.6488
NR_164794.1	3539	3311.29	0	0
NR_164795.1	3371	3143.29	0	0
NR_164796.1	1212	984.293	0	0
NR_164797.1	3135	2907.29	0	0
NR_164798.1	3276	3048.29	8.51612	0.125727
NR_164799.2	10565	10337.3	0	0
NR_164800.2	10319	10091.3	0	0
NR_164801.2	10475	10247.3	0	0
NR_164802.2	10447	10219.3	0	0
NR_164803.2	10557	10329.3	0	0
NR_164804.2	10259	10031.3	0	0
NR_164805.2	10702	10474.3	0	0
NR_164806.2	10556	10328.3	0	0
NR_164807.2	10348	10120.3	0	0
NR_164808.2	10481	10253.3	0	0
NR_164809.2	11329	11101.3	0	0
NR_164810.1	6663	6435.29	1.79807e-06	1.25742e-08
NR_164811.1	2373	2145.29	0	0
NR_164812.1	2205	1977.29	0	0
NR_164813.1	2550	2322.29	0	0
NR_164814.1	4306	4078.29	12.7332	0.140508
NR_164815.1	2861	2633.29	20.8813	0.356862
NR_164816.1	2716	2488.29	0	0
NR_164817.1	3124	2896.29	0	0
NR_164818.1	4192	3964.29	68.1657	0.773825
NR_164819.1	4532	4304.29	0	0
NR_164820.1	4489	4261.29	0	0
NR_164821.1	4384	4156.29	0	0
NR_164822.1	4548	4320.29	63.1164	0.657463
NR_164823.1	6730	6502.29	237.501	1.64377
NR_164824.1	4820	4592.29	25.8964	0.253777
NR_164825.2	1642	1414.29	0.581419	0.0185009
NR_164826.2	1948	1720.29	0.143149	0.00374479
NR_164828.1	856	628.427	8.90362	0.637608
NR_164829.1	767	539.541	3.69065	0.307837
NR_164830.1	850	622.427	0	0
NR_164831.1	834	606.427	0	0
NR_164832.1	2880	2652.29	11.9893	0.203429
NR_164833.1	2945	2717.29	0	0
NR_164834.1	2485	2257.29	0	0
NR_164835.1	6087	5859.29	0	0
NR_164836.1	5954	5726.29	0	0
NR_164837.1	5276	5048.29	0	0
NR_164838.1	5458	5230.29	16.1305	0.138792
NR_164839.1	5852	5624.29	0	0
NR_164840.1	6045	5817.29	29.2057	0.225938
NR_164841.1	6278	6050.29	0	0
NR_164842.1	6321	6093.29	0	0
NR_164843.1	4267	4039.29	0	0
NR_164844.1	4152	3924.29	0	0
NR_164845.1	4502	4274.29	0	0
NR_164846.1	4233	4005.29	0	0
NR_164847.1	3215	2987.29	0	0
NR_164848.1	3515	3287.29	0	0
NR_164849.1	3308	3080.29	0	0
NR_164850.1	6499	6271.29	213.451	1.53173
NR_164851.1	6303	6075.29	0.136101	0.00100818
NR_164852.1	2999	2771.29	3.71698	0.0603601
NR_164853.1	3047	2819.29	0	0
NR_164854.1	3305	3077.29	2.98847	0.0437041
NR_164856.1	2596	2368.29	19.1995	0.364836
NR_164857.1	5637	5409.29	0	0
NR_164858.1	5634	5406.29	0.478139	0.00398013
NR_164859.1	5200	4972.29	108.12	0.978571
NR_164860.1	5598	5370.29	0	0
NR_164861.1	5719	5491.29	91.9255	0.753362
NR_164862.1	5732	5504.29	0.792321	0.00647801
NR_164863.1	5678	5450.29	98.7385	0.815284
NR_164864.1	4581	4353.29	0	0
NR_164865.1	5778	5550.29	0.00624304	5.06201e-05
NR_164866.1	1585	1357.29	0.784593	0.0260144
NR_165032.1	1078	850.293	7.62858	0.403754
NR_165033.1	1382	1154.29	6.47632	0.252496
NR_165034.1	499	279.049	8	1.29019
NR_165085.1	6081	5853.29	6.50371	0.0500038
NR_165086.1	6332	6104.29	29.7228	0.219127
NR_165087.1	6339	6111.29	115.177	0.848158
NR_165088.1	6234	6006.29	213.793	1.60188
NR_165089.1	6159	5931.29	63.3099	0.480358
NR_165090.1	8221	7993.29	0	0
NR_165091.1	8594	8366.29	43.8219	0.235722
NR_165092.1	8342	8114.29	44.5306	0.246974
NR_165093.1	8848	8620.29	121.205	0.632763
NR_165094.1	8365	8137.29	23.5328	0.130147
NR_165095.1	8489	8261.29	1067.15	5.81324
NR_165096.1	8236	8008.29	27.4694	0.154366
NR_165097.1	8628	8400.29	0	0
NR_165098.1	8484	8256.29	15.2038	0.0828723
NR_165099.1	8571	8343.29	0	0
NR_165101.1	8336	8108.29	0	0
NR_165102.1	8493	8265.29	4.84692	0.0263906
NR_165103.1	8359	8131.29	24.3868	0.13497
NR_165104.1	8466	8238.29	64.253	0.350993
NR_165105.1	1864	1636.29	0	0
NR_165106.1	2352	2124.29	21.1247	0.447526
NR_165108.1	2071	1843.29	0	0
NR_165109.1	588	363.135	30.4789	3.77723
NR_165110.1	762	534.648	0	0
NR_165111.1	700	472.947	0	0
NR_165112.1	526	304.007	7.96775	1.17949
NR_165113.1	900	672.361	3.83409	0.256627
NR_165114.1	554	330.174	0	0
NR_165115.1	638	412.014	1.78877	0.195382
NR_165116.1	464	246.768	0	0
NR_165117.1	790	562.487	0	0
NR_165118.1	599	373.876	0	0
NR_165119.1	616	390.417	0	0
NR_165120.1	773	545.487	0	0
NR_165121.1	374	171.054	0.195464	0.0514253
NR_165122.1	436	222.144	3.5093e-05	7.10932e-06
NR_165123.1	575	350.386	0	0
NR_165124.1	775	547.487	0	0
NR_165125.1	548	324.67	0	0
NR_165126.1	724	496.802	0	0
NR_165127.1	890	662.427	0	0
NR_165128.1	904	676.361	3.90801	0.260027
NR_165129.1	835	607.427	0	0
NR_165130.1	621	395.338	0	0
NR_165131.1	814	586.487	0	0
NR_165132.1	786	558.487	0	0
NR_165133.1	539	316.223	2.60242	0.370362
NR_165134.1	497	277.191	0	0
NR_165135.1	610	384.573	8.76716	1.02594
NR_165136.1	613	387.495	0	0
NR_165137.1	703	475.947	0	0
NR_165138.1	760	532.648	0	0
NR_165139.1	564	339.768	0	0
NR_165140.1	639	413.014	0	0
NR_165141.1	354	155.786	1.10152	0.318207
NR_165142.1	900	672.361	4.98007	0.333331
NR_165143.1	753	525.701	0	0
NR_165144.1	515	293.705	0	0
NR_165145.1	487	267.803	5.45832	0.917245
NR_165146.1	712	484.852	3.55841	0.330285
NR_165147.1	740	512.753	0	0
NR_165148.1	726	498.753	0	0
NR_165149.1	751	523.701	0	0
NR_165150.1	979	751.293	0	0
NR_165151.1	667	440.629	0	0
NR_165152.1	914	686.293	0	0
NR_165153.1	416	205.291	0	0
NR_165154.1	841	613.427	0	0
NR_165155.1	577	352.35	0	0
NR_165156.1	821	593.487	5.10723	0.387272
NR_165157.1	585	360.171	0	0
NR_165159.2	5892	5664.29	55.2835	0.43923
NR_165160.1	14155	13927.3	8.55262	0.027636
NR_165161.1	14103	13875.3	0	0
NR_165162.1	13968	13740.3	0	0
NR_165163.2	5838	5610.29	97.0451	0.778449
NR_165164.1	14020	13792.3	0	0
NR_165165.1	14114	13886.3	0	0
NR_165166.1	5320	5092.29	10.4289	0.0921651
NR_165181.2	4894	4666.29	0	0
NR_165182.2	5079	4851.29	0	0
NR_165183.2	1790	1562.29	1	0.0288058
NR_165185.1	4123	3895.29	0	0
NR_165188.1	1717	1489.29	15.0275	0.454098
NR_165189.1	3529	3301.29	0	0
NR_165190.1	3216	2988.29	0	0
NR_165191.1	3359	3131.29	0	0
NR_165192.1	3269	3041.29	0	0
NR_165193.1	3212	2984.29	0	0
NR_165194.1	3098	2870.29	0	0
NR_165195.1	3277	3049.29	0	0
NR_165196.1	3406	3178.29	0	0
NR_165197.1	1714	1486.29	45.2251	1.36936
NR_165198.1	3208	2980.29	231.405	3.49427
NR_165235.1	2966	2738.29	5.22983	0.0859507
NR_165236.1	4753	4525.29	1.16668	0.0116024
NR_165237.1	3809	3581.29	0	0
NR_165238.1	1302	1074.29	0	0
NR_165239.1	1941	1713.29	0	0
NR_165240.1	2658	2430.29	0	0
NR_165241.1	611	385.534	8.04084	0.938601
NR_165242.1	2691	2463.29	11	0.200964
NR_165243.1	3845	3617.29	38.1279	0.474353
NR_165247.1	3326	3098.29	0	0
NR_165250.1	2403	2175.29	0	0
NR_165252.1	1278	1050.29	0	0
NR_165269.1	2218	1990.29	6.79523	0.153649
NR_165270.1	936	708.293	6.98439	0.44377
NR_165282.1	1206	978.293	1	0.0460016
NR_165293.1	2832	2604.29	64.0105	1.10612
NR_165294.1	2829	2601.29	0	0
NR_165295.1	2660	2432.29	12.0399	0.222766
NR_165296.1	2532	2304.29	0.000412509	8.05634e-06
NR_165297.1	2368	2140.29	9.28747e-06	1.95284e-07
NR_165299.1	5313	5085.29	129.351	1.14471
NR_165303.1	2560	2332.29	6.53828	0.12616
NR_165304.1	8102	7874.29	0	0
NR_165308.1	2158	1930.29	10.9906	0.256236
NR_165309.1	1496	1268.29	4.89718	0.173768
NR_165312.1	3859	3631.29	281.971	3.49451
NR_165313.1	3425	3197.29	39.7999	0.560198
NR_165314.1	3306	3078.29	0	0
NR_165328.1	6287	6059.29	0	0
NR_165330.1	1324	1096.29	6.13661	0.251909
NR_165332.1	2089	1861.29	0	0
NR_165333.1	2172	1944.29	0	0
NR_165336.1	2380	2152.29	0	0
NR_165337.1	2475	2247.29	0	0
NR_165338.1	2585	2357.29	0	0
NR_165339.1	2478	2250.29	0	0
NR_165340.1	2697	2469.29	0	0
NR_165341.1	2336	2108.29	0	0
NR_165342.1	2737	2509.29	0	0
NR_165343.1	2834	2606.29	0	0
NR_165344.1	2432	2204.29	0	0
NR_165345.1	2325	2097.29	0	0
NR_165346.1	2423	2195.29	0	0
NR_165347.1	2276	2048.29	0	0
NR_165348.1	2660	2432.29	0	0
NR_165353.1	7194	6966.29	0	0
NR_165360.1	822	594.427	0	0
NR_165365.1	4080	3852.29	26.4461	0.308947
NR_165366.1	4558	4330.29	0	0
NR_165367.1	4461	4233.29	0.000707941	7.52594e-06
NR_165368.1	4559	4331.29	7.33416e-07	7.62035e-09
NR_165369.1	4424	4196.29	74.6442	0.80052
NR_165370.1	3991	3763.29	22.2885	0.266536
NR_165371.1	4487	4259.29	0	0
NR_165372.1	3813	3585.29	0	0
NR_165373.1	3798	3570.29	0	0
NR_165382.1	2138	1910.29	0	0
NR_165383.1	1712	1484.29	5.53587	0.167845
NR_165384.1	1677	1449.29	0	0
NR_165385.1	1777	1549.29	3.89588	0.113166
NR_165386.1	1844	1616.29	0	0
NR_165390.1	5397	5169.29	0	0
NR_165391.1	5326	5098.29	0	0
NR_165392.1	2940	2712.29	0	0
NR_165393.1	2402	2174.29	16.38	0.339029
NR_165394.1	1666	1438.29	0	0
NR_165395.1	1816	1588.29	10.5146	0.297924
NR_165396.1	1790	1562.29	0	0
NR_165397.1	2015	1787.29	50.4754	1.27094
NR_165399.1	2762	2534.29	0	0
NR_165400.1	3017	2789.29	0	0
NR_165401.1	2902	2674.29	3.90956	0.0657902
NR_165402.1	4398	4170.29	21.5318	0.232357
NR_165403.1	4302	4074.29	8.28057	0.091464
NR_165404.1	4096	3868.29	0	0
NR_165405.1	4187	3959.29	9.85841	0.112055
NR_165406.1	4283	4055.29	0	0
NR_165407.1	4058	3830.29	0	0
NR_165408.1	4185	3957.29	0.204533	0.00232598
NR_165409.1	4149	3921.29	0	0
NR_165410.1	4511	4283.29	0	0
NR_165411.1	4396	4168.29	0	0
NR_165413.1	3564	3336.29	5.19337	0.0700531
NR_165414.1	3561	3333.29	0.153287	0.00206954
NR_165415.1	3591	3363.29	148.173	1.98266
NR_165416.1	3444	3216.29	32.2102	0.450692
NR_165417.1	3544	3316.29	47.5295	0.64499
NR_165418.1	3509	3281.29	10.8662	0.149031
NR_165419.1	3580	3352.29	243.518	3.26912
NR_165420.1	3456	3228.29	34.0745	0.475006
NR_165421.1	3589	3361.29	0	0
NR_165422.1	3962	3734.29	18.0855	0.217954
NR_165423.1	3996	3768.29	0	0
NR_165424.1	3841	3613.29	36.889	0.459448
NR_165425.1	3991	3763.29	45.9055	0.548957
NR_165426.1	4000	3772.29	83.1207	0.991622
NR_165427.1	4406	4178.29	40.7737	0.439161
NR_165428.1	2913	2685.29	0.384937	0.0064512
NR_165429.1	2617	2389.29	31.4372	0.59213
NR_165430.1	2609	2381.29	112.968	2.13493
NR_165431.1	659	432.717	4.49046	0.467013
NR_165434.1	4344	4116.29	18.3204	0.200295
NR_165435.1	4340	4112.29	0	0
NR_165436.1	4272	4044.29	0	0
NR_165437.1	4098	3870.29	18.6974	0.21741
NR_165438.1	3931	3703.29	0	0
NR_165439.1	3796	3568.29	0	0
NR_165441.1	1475	1247.29	0	0
NR_165442.1	6542	6314.29	0	0
NR_165443.1	6305	6077.29	0	0
NR_165445.1	5152	4924.29	293.984	2.68672
NR_165446.1	7434	7206.29	73.0244	0.456035
NR_165447.1	3322	3094.29	64.9457	0.944564
NR_165448.1	2759	2531.29	0	0
NR_165449.1	3114	2886.29	25.4453	0.396743
NR_165450.1	3045	2817.29	0	0
NR_165451.1	2866	2638.29	3.37548e-07	5.75777e-09
NR_165452.1	3350	3122.29	0	0
NR_165453.1	3126	2898.29	0.32308	0.00501661
NR_165454.1	2933	2705.29	84.0837	1.39875
NR_165455.1	4422	4194.29	0	0
NR_165456.1	2409	2181.29	0	0
NR_165465.1	5173	4945.29	23.3638	0.212615
NR_165466.1	5258	5030.29	0	0
NR_165467.1	5458	5230.29	0	0
NR_165468.1	5261	5033.29	0	0
NR_165474.1	2462	2234.29	13.7077	0.2761
NR_165482.1	5209	4981.29	5.1293	0.0463403
NR_165483.1	5311	5083.29	0	0
NR_165488.1	1505	1277.29	0	0
NR_165489.1	1495	1267.29	0	0
NR_165490.1	1598	1370.29	0	0
NR_165492.1	2499	2271.29	0	0
NR_165493.1	4910	4682.29	0	0
NR_165494.1	2713	2485.29	0	0
NR_165500.3	3197	2969.29	0	0
NR_165501.3	3170	2942.29	0	0
NR_165621.1	3464	3236.29	2.01652	0.0280413
NR_165624.1	974	746.293	0	0
NR_165625.1	1559	1331.29	0	0
NR_165626.1	1972	1744.29	0	0
NR_165627.1	1704	1476.29	0	0
NR_165629.1	3202	2974.29	8.39565e-06	1.27032e-07
NR_165630.1	6722	6494.29	0	0
NR_165631.1	1035	807.293	146.591	8.17183
NR_165632.1	719	491.852	0	0
NR_165634.1	3536	3308.29	0	0
NR_165635.1	3174	2946.29	3.5964	0.0549332
NR_165637.1	963	735.293	0	0
NR_165638.1	1636	1408.29	0	0
NR_165639.1	1528	1300.29	0	0
NR_165640.1	1723	1495.29	141.263	4.25153
NR_165641.1	1608	1380.29	6.862	0.223729
NR_165642.1	1497	1269.29	0	0
NR_165643.1	1590	1362.29	2.06979e-08	6.8375e-10
NR_165644.1	2115	1887.29	0	0
NR_165648.1	10448	10220.3	0	0
NR_165649.1	10276	10048.3	0	0
NR_165650.1	3478	3250.29	0	0
NR_165651.1	3747	3519.29	15.4137	0.197103
NR_165652.1	3779	3551.29	0	0
NR_165660.1	1765	1537.29	49.4276	1.44695
NR_165803.1	7631	7403.29	46.6453	0.283547
NR_165819.1	1086	858.293	114.636	6.01076
NR_165820.1	1173	945.293	0	0
NR_166065.1	1558	1330.29	0	0
NR_166066.1	1463	1235.29	0	0
NR_166067.1	1470	1242.29	0	0
NR_166068.1	1155	927.293	0	0
NR_166069.1	6504	6276.29	3.03799	0.0217834
NR_166071.1	8387	8159.29	28.0796	0.154875
NR_166121.1	1235	1007.29	0	0
NR_166122.1	2301	2073.29	1.00068	0.0217209
NR_166123.1	2078	1850.29	0	0
NR_166147.1	2708	2480.29	5.03386	0.0913357
NR_166151.1	539	316.223	12.6103	1.79463
NR_166162.1	1430	1202.29	33.1543	1.241
NR_166163.1	1341	1113.29	31.086	1.2566
NR_166164.1	1150	922.293	88.2333	4.30532
NR_166196.1	1154	926.293	0	0
NR_166440.1	5832	5604.29	0	0
NR_166510.1	1161	933.293	1.41382	0.068174
NR_166511.1	1337	1109.29	0	0
NR_166512.1	1021	793.293	0	0
NR_166513.1	969	741.293	20.5862	1.24976
NR_166514.1	1348	1120.29	0	0
NR_166529.1	3816	3588.29	7.82866	0.0981843
NR_166643.1	4002	3774.29	0	0
NR_166668.1	2043	1815.29	17.5659	0.435477
NR_166669.1	2038	1810.29	71.0545	1.76638
NR_166670.1	2182	1954.29	4.12892	0.0950799
NR_166678.1	2792	2564.29	0	0
NR_166679.1	2642	2414.29	58.1922	1.08472
NR_166822.1	3805	3577.29	0	0
NR_166823.1	3813	3585.29	29.5143	0.370468
NR_166824.1	3571	3343.29	0	0
NR_166825.1	3520	3292.29	0	0
NR_166842.1	6996	6768.29	22.6741	0.150763
NR_166844.1	6786	6558.29	0	0
NR_167671.1	669	442.629	0	0
NR_167676.1	2250	2022.29	3.80952	0.0847752
NR_167698.1	4034	3806.29	0	0
NR_167702.1	3485	3257.29	8.90726	0.123064
NR_167703.1	3485	3257.29	69.8403	0.964921
NR_167704.1	3495	3267.29	0	0
NR_167705.1	3722	3494.29	0	0
NR_167706.1	3758	3530.29	0	0
NR_167708.1	3909	3681.29	0	0
NR_167709.1	3696	3468.29	0	0
NR_167729.1	2054	1826.29	0	0
NR_167730.1	2264	2036.29	5.77993	0.127739
NR_167744.1	5711	5483.29	371.369	3.04794
NR_167745.1	5830	5602.29	59.4435	0.477509
NR_167752.1	1152	924.293	2.00463	0.0976036
NR_167766.1	7205	6977.29	26.5777	0.171424
NR_167771.1	1137	909.293	27.9833	1.38496
NR_167772.1	1152	924.293	6.3991	0.311567
NR_167887.1	2292	2064.29	139.499	3.04118
NR_167888.1	2412	2184.29	42.6423	0.87856
NR_167889.1	2472	2244.29	25.9816	0.520988
NR_167893.1	9859	9631.29	197.547	0.923055
NR_167894.1	2263	2035.29	5.02118	0.111025
NR_167901.1	1029	801.293	0	0
NR_167902.1	577	352.35	0	0
NR_167903.1	605	379.687	0	0
NR_167904.1	714	486.852	1	0.092437
NR_167905.1	720	492.802	0	0
NR_167906.1	668	441.629	0	0
NR_167907.1	638	412.014	0	0
NR_167908.1	729	501.753	0	0
NR_167909.1	886	658.427	0	0
NR_167910.1	947	719.293	0	0
NR_167911.1	4593	4365.29	0	0
NR_167912.1	4451	4223.29	24.7933	0.264196
NR_167913.1	4253	4025.29	10.3193	0.115371
NR_167914.1	4413	4185.29	0	0
NR_167915.1	4669	4441.29	103.854	1.05234
NR_167916.1	4143	3915.29	31.2216	0.358867
NR_167917.1	4176	3948.29	4.28718	0.0488658
NR_167918.1	4631	4403.29	6.84222e-08	6.99297e-10
NR_167919.1	4470	4242.29	111.486	1.18266
NR_167920.1	4429	4201.29	0	0
NR_167921.1	4631	4403.29	10.6574	0.108922
NR_167922.1	4467	4239.29	0	0
NR_167923.1	4268	4040.29	0.718947	0.00800805
NR_167924.1	4496	4268.29	24.6575	0.259978
NR_167925.1	4268	4040.29	31.0327	0.34566
NR_167926.1	4279	4051.29	0	0
NR_167927.1	4572	4344.29	0.385948	0.00399809
NR_167930.1	453	236.993	0	0
NR_167931.1	419	207.876	0	0
NR_167932.1	1423	1195.29	0	0
NR_167933.1	1369	1141.29	1.50904	0.0595041
NR_167974.1	4868	4640.29	45.0293	0.436709
NR_167975.1	4993	4765.29	69.5312	0.656648
NR_167976.1	5022	4794.29	11.0246	0.103486
NR_167977.1	4992	4764.29	87.489	0.826414
NR_167978.1	4569	4341.29	43.9773	0.455881
NR_167979.1	4837	4609.29	53.5709	0.523042
NR_167982.1	2725	2497.29	10.9235	0.19685
NR_167983.1	896	668.361	2.0765	0.139818
NR_167989.1	433	219.537	0	0
NR_167990.1	580	355.279	0	0
NR_167991.1	604	378.687	0	0
NR_167992.1	572	347.526	2.20043	0.284947
NR_167993.1	680	453.225	17.5629	1.74391
NR_167994.1	648	421.846	0	0
NR_167995.1	677	450.406	0	0
NR_168005.1	2661	2433.29	190.115	3.51613
NR_168009.1	2192	1964.29	0.91889	0.0210523
NR_168010.1	2186	1958.29	60.9214	1.40002
NR_168011.1	3481	3253.29	7.00533	0.0969054
NR_168014.1	390	183.77	7.43014	1.81955
NR_168015.1	341	145.916	0	0
NR_168049.1	5803	5575.29	33.9709	0.274209
NR_168050.1	3757	3529.29	0	0
NR_168051.1	3681	3453.29	0	0
NR_168052.1	5833	5605.29	0	0
NR_168053.1	5842	5614.29	39.6388	0.317737
NR_168054.1	5516	5288.29	17.1757	0.146164
NR_168055.1	3558	3330.29	10.9549	0.148037
NR_168056.1	2609	2381.29	0	0
NR_168069.1	6375	6147.29	0	0
NR_168070.1	920	692.293	0	0
NR_168071.1	668	441.629	0	0
NR_168072.1	795	567.487	0	0
NR_168073.1	746	518.701	0	0
NR_168076.1	3361	3133.29	5.19788	0.0746565
NR_168077.1	2944	2716.29	0	0
NR_168078.1	3601	3373.29	0	0
NR_168079.1	3372	3144.29	0	0
NR_168080.1	3426	3198.29	0	0
NR_168081.1	3693	3465.29	6.24857	0.081149
NR_168082.1	3739	3511.29	0	0
NR_168083.1	3470	3242.29	0	0
NR_168084.1	3399	3171.29	0	0
NR_168108.1	1092	864.293	7.18718	0.374231
NR_168109.1	1096	868.293	0	0
NR_168111.1	1472	1244.29	8.39871	0.303761
NR_168112.1	966	738.293	3.14483	0.191695
NR_168114.1	1037	809.293	0	0
NR_168116.1	1067	839.293	4.27362	0.229152
NR_168117.1	1217	989.293	0	0
NR_168119.1	996	768.293	0	0
NR_168120.1	1126	898.293	0	0
NR_168123.1	1197	969.293	0	0
NR_168131.1	741	513.753	162.862	14.2662
NR_168132.1	658	431.717	62.2734	6.49151
NR_168133.1	737	509.753	26.3645	2.32756
NR_168134.1	1045	817.293	27.1585	1.49544
NR_168136.1	666	439.629	4.82592	0.49401
NR_168137.1	586	361.171	4.79056	0.596919
NR_168138.1	684	457.134	13.3518	1.31444
NR_168139.1	735	507.753	2.92847	0.259556
NR_168259.1	1835	1607.29	0	0
NR_168260.1	2044	1816.29	6	0.148665
NR_168263.1	903	675.361	5	0.333178
NR_168264.1	1031	803.293	0	0
NR_168270.1	2178	1950.29	1	0.023075
NR_168275.1	2689	2461.29	205.33	3.75433
NR_168276.1	3242	3014.29	0	0
NR_168277.1	4238	4010.29	0	0
NR_168278.1	4345	4117.29	0	0
NR_168283.1	536	313.414	31.1915	4.47879
NR_168285.1	4588	4360.29	0	0
NR_168288.1	6498	6270.29	0	0
NR_168289.1	7177	6949.29	0	0
NR_168290.1	7080	6852.29	0	0
NR_168291.1	6451	6223.29	0	0
NR_168302.1	1848	1620.29	25	0.694366
NR_168319.1	1771	1543.29	0	0
NR_168320.1	1722	1494.29	2	0.0602333
NR_168321.1	1651	1423.29	0	0
NR_168328.1	7117	6889.29	398.919	2.60587
NR_168330.1	2638	2410.29	126.789	2.3673
NR_168346.1	802	574.487	0	0
NR_168347.1	899	671.361	16.4982	1.10592
NR_168348.1	798	570.487	8.40693	0.663184
NR_168349.1	1082	854.293	0	0
NR_168350.1	1134	906.293	0	0
NR_168351.1	854	626.427	14.4748	1.03988
NR_168352.1	951	723.293	3.2991	0.205269
NR_168361.1	1068	840.293	7.55428	0.40458
NR_168362.1	1283	1055.29	0	0
NR_168363.1	1491	1263.29	0	0
NR_168364.1	1587	1359.29	2.15681	0.0714069
NR_168365.1	1485	1257.29	0	0
NR_168366.1	1711	1483.29	0	0
NR_168367.1	1358	1130.29	0	0
NR_168368.1	1575	1347.29	0	0
NR_168369.1	1451	1223.29	0	0
NR_168370.1	1574	1346.29	0	0
NR_168371.1	578	353.315	0	0
NR_168372.1	4458	4230.29	49.1758	0.523147
NR_168373.1	1131	903.293	0	0
NR_168374.1	6158	5930.29	50.847	0.385861
NR_168375.1	5870	5642.29	0	0
NR_168376.1	958	730.293	0	0
NR_168377.1	787	559.487	6.29306	0.506191
NR_168378.1	5230	5002.29	13.1086	0.117931
NR_168379.1	5004	4776.29	0	0
NR_168380.1	3423	3195.29	0	0
NR_168381.1	3380	3152.29	0	0
NR_168382.1	3160	2932.29	0	0
NR_168383.1	3400	3172.29	7.31719	0.103804
NR_168384.1	3463	3235.29	8.38826	0.116681
NR_168385.1	3420	3192.29	9.31531	0.131322
NR_168386.1	1369	1141.29	4	0.157727
NR_168387.1	592	367.025	0	0
NR_168388.1	3621	3393.29	47.9185	0.635513
NR_168389.1	3399	3171.29	4.16671	0.0591288
NR_168390.1	3231	3003.29	9.40966	0.141
NR_168391.1	3879	3651.29	60.0048	0.739574
NR_168392.1	3123	2895.29	0	0
NR_168393.1	3114	2886.29	15.6245	0.243618
NR_168394.1	3500	3272.29	11.4078	0.156889
NR_168395.1	2288	2060.29	5.60657	0.122465
NR_168396.1	3141	2913.29	0	0
NR_168397.1	3078	2850.29	0	0
NR_168398.1	2105	1877.29	138.62	3.32304
NR_168399.1	3906	3678.29	60.6332	0.741834
NR_168400.1	925	697.293	37	2.38797
NR_168401.1	906	678.293	0	0
NR_168402.1	1218	990.293	1	0.0454442
NR_168403.1	3997	3769.29	446.56	5.33165
NR_168404.1	4046	3818.29	78.042	0.919817
NR_168405.1	2736	2508.29	448.647	8.04949
NR_168428.1	1180	952.293	54.1719	2.56003
NR_168430.1	493	273.443	0	0
NR_168431.1	496	276.219	0	0
NR_168432.1	976	748.293	4.33063	0.260448
NR_168433.1	1405	1177.29	0	0
NR_168436.1	3392	3164.29	18.8827	0.268552
NR_168437.1	3897	3669.29	0	0
NR_168438.1	3719	3491.29	14.0839	0.181543
NR_168439.1	1506	1278.29	20	0.704112
NR_168440.1	561	336.904	0	0
NR_168441.1	4767	4539.29	0	0
NR_168442.1	5553	5325.29	0	0
NR_168443.1	4425	4197.29	6.91708	0.0741645
NR_168444.1	5731	5503.29	0	0
NR_168445.1	4928	4700.29	0	0
NR_168446.1	955	727.293	0	0
NR_168447.1	581	356.279	0	0
NR_168448.1	1705	1477.29	0	0
NR_168449.1	3059	2831.29	14.7592	0.234596
NR_168450.1	2908	2680.29	0	0
NR_168451.1	3023	2795.29	0	0
NR_168452.1	3128	2900.29	4.71923e-05	7.3227e-07
NR_168454.1	2918	2690.29	65.1168	1.08927
NR_168455.1	3203	2975.29	75.2542	1.13826
NR_168456.1	3134	2906.29	157.924	2.4454
NR_168457.1	3005	2777.29	16.0259	0.259683
NR_168458.1	3219	2991.29	0	0
NR_168459.1	3517	3289.29	0	0
NR_168460.1	3566	3338.29	0	0
NR_168461.1	3297	3069.29	1	0.0146624
NR_168464.1	4187	3959.29	0	0
NR_168466.1	1868	1640.29	1.29322	0.0354809
NR_168467.1	1398	1170.29	0	0
NR_168472.1	3494	3266.29	0	0
NR_168473.1	4529	4301.29	0	0
NR_168474.1	4385	4157.29	1200.88	12.9997
NR_168475.1	3597	3369.29	0	0
NR_168476.1	1748	1520.29	3.88025	0.114862
NR_168477.1	1710	1482.29	0	0
NR_168478.1	3602	3374.29	0	0
NR_168479.1	2105	1877.29	2.00476	0.0480588
NR_168480.1	3337	3109.29	0	0
NR_168481.1	2136	1908.29	0	0
NR_168483.1	3306	3078.29	0	0
NR_168484.1	3092	2864.29	0	0
NR_168489.1	1572	1344.29	0	0
NR_168490.1	1581	1353.29	0	0
NR_168491.1	1689	1461.29	0	0
NR_168494.1	1468	1240.29	0	0
NR_168495.1	678	451.406	0	0
NR_168496.1	641	415.014	0	0
NR_168498.1	3836	3608.29	7.81758	0.0975019
NR_168501.1	6355	6127.29	4.10347	0.0301387
NR_168502.1	1313	1085.29	0	0
NR_168506.1	730	502.753	0	0
NR_168507.1	791	563.487	9.89204	0.790032
NR_168508.1	3731	3503.29	0	0
NR_168509.1	2742	2514.29	7.33275	0.131248
NR_168510.1	4114	3886.29	29.8151	0.345257
NR_168511.1	3876	3648.29	16.0115	0.197508
NR_168520.1	1048	820.293	0	0
NR_168884.1	1325	1097.29	0	0
NR_168891.1	3301	3073.29	13.2418	0.193903
NR_168892.1	3125	2897.29	20.1074	0.312324
NR_169190.1	4503	4275.29	20.7669	0.218599
NR_169191.1	4533	4305.29	27.0576	0.282832
NR_169192.1	4572	4344.29	40.4302	0.418822
NR_169193.1	3953	3725.29	0	0
NR_169194.3	2193	1965.29	0	0
NR_169195.2	2190	1962.29	5.27811	0.121048
NR_169196.3	2327	2099.29	2.11834	0.0454113
NR_169197.1	3507	3279.29	146.591	2.01172
NR_169198.1	3426	3198.29	66.5737	0.936757
NR_169199.1	3298	3070.29	77.7165	1.13914
NR_169200.1	3599	3371.29	108.74	1.45156
NR_169201.1	3511	3283.29	31.5226	0.432071
NR_169202.1	3034	2806.29	0	0
NR_169203.1	3503	3275.29	10.55	0.144958
NR_169204.1	3225	2997.29	0	0
NR_169205.1	3501	3273.29	0	0
NR_169206.1	3599	3371.29	42.3707	0.565602
NR_169207.1	3390	3162.29	0.116836	0.00166271
NR_169208.1	3538	3310.29	82.5527	1.1223
NR_169209.1	3368	3140.29	0	0
NR_169210.1	3644	3416.29	23.7017	0.312224
NR_169211.1	607	381.611	25	2.94823
NR_169215.1	3595	3367.29	85	1.13601
NR_169216.1	3636	3408.29	0	0
NR_169217.1	3538	3310.29	0	0
NR_169219.1	3182	2954.29	0	0
NR_169220.1	2996	2768.29	0	0
NR_169221.1	2937	2709.29	0	0
NR_169222.1	3105	2877.29	0	0
NR_169223.1	2908	2680.29	0	0
NR_169224.1	2818	2590.29	0	0
NR_169225.1	3385	3157.29	0	0
NR_169226.1	3088	2860.29	0	0
NR_169227.1	3179	2951.29	0	0
NR_169228.1	3017	2789.29	0	0
NR_169229.1	3378	3150.29	0	0
NR_169230.1	2915	2687.29	0	0
NR_169231.1	3064	2836.29	0	0
NR_169232.1	3455	3227.29	0	0
NR_169233.1	2992	2764.29	0	0
NR_169234.1	3458	3230.29	0	0
NR_169235.1	2805	2577.29	0	0
NR_169236.1	3381	3153.29	0	0
NR_169237.1	5499	5271.29	0	0
NR_169238.1	3091	2863.29	0	0
NR_169239.1	3364	3136.29	0	0
NR_169240.1	3011	2783.29	0	0
NR_169241.1	5366	5138.29	3.49527	0.0306129
NR_169242.1	5402	5174.29	0.000243445	2.11735e-06
NR_169243.1	5493	5265.29	0	0
NR_169244.1	5407	5179.29	6.47616e-05	5.62716e-07
NR_169245.1	5372	5144.29	0.705693	0.00617352
NR_169246.1	2906	2678.29	0	0
NR_169247.1	3087	2859.29	0	0
NR_169248.1	3178	2950.29	0	0
NR_169249.1	2879	2651.29	0	0
NR_169250.1	2806	2578.29	0	0
NR_169251.1	3287	3059.29	0	0
NR_169252.1	3141	2913.29	0	0
NR_169253.1	2836	2608.29	0	0
NR_169254.1	3316	3088.29	0	0
NR_169255.1	2840	2612.29	0	0
NR_169256.1	3212	2984.29	0	0
NR_169257.1	2778	2550.29	0	0
NR_169258.1	2956	2728.29	0	0
NR_169259.1	3138	2910.29	0	0
NR_169260.1	3411	3183.29	0	0
NR_169261.1	3572	3344.29	24.7377	0.332888
NR_169262.1	3076	2848.29	0	0
NR_169263.1	3484	3256.29	0	0
NR_169264.1	3554	3326.29	39.5391	0.534945
NR_169265.1	3427	3199.29	0	0
NR_169266.1	3451	3223.29	9.35532	0.130617
NR_169268.1	5827	5599.29	41.3287	0.33217
NR_169269.1	4200	3972.29	0	0
NR_169270.1	3921	3693.29	1.00593	0.0122574
NR_169271.1	4113	3885.29	11.2255	0.130024
NR_169272.1	3893	3665.29	0	0
NR_169273.1	3887	3659.29	0	0
NR_169274.1	3904	3676.29	16.2974	0.199504
NR_169277.1	3028	2800.29	0	0
NR_169278.1	3072	2844.29	0	0
NR_169279.1	7561	7333.29	0	0
NR_169280.1	7636	7408.29	0	0
NR_169281.1	7444	7216.29	0	0
NR_169282.1	6997	6769.29	322.905	2.14671
NR_169283.1	4369	4141.29	7.23675	0.0786412
NR_169284.1	4152	3924.29	13.3846	0.153492
NR_169285.1	4104	3876.29	55.5295	0.644687
NR_169286.1	4518	4290.29	10.9296	0.114647
NR_169287.1	4205	3977.29	81.6242	0.923578
NR_169288.1	2296	2068.29	9.54837	0.207759
NR_169289.1	4172	3944.29	17.2351	0.196646
NR_169290.1	4188	3960.29	0	0
NR_169291.1	4239	4011.29	44.7349	0.501885
NR_169292.1	2231	2003.29	0.0088885	0.000199676
NR_169299.1	5147	4919.29	5.00012	0.0457425
NR_169300.1	2313	2085.29	0	0
NR_169301.1	2518	2290.29	15.1786	0.298251
NR_169302.1	2726	2498.29	12.7195	0.229123
NR_169303.1	2203	1975.29	24.3519	0.554808
NR_169304.1	1930	1702.29	0	0
NR_169305.1	1535	1307.29	0	0
NR_169306.1	585	360.171	0	0
NR_169501.2	947	719.293	0	0
NR_169502.1	1080	852.293	0	0
NR_169503.1	1094	866.293	0	0
NR_169504.1	743	515.753	0	0
NR_169505.1	942	714.293	0	0
NR_169506.1	1533	1305.29	0	0
NR_169507.1	407	197.751	4	0.910296
NR_169508.1	817	589.487	0	0
NR_169509.1	576	351.35	0	0
NR_169510.1	2024	1796.29	6	0.15032
NR_169511.1	748	520.701	5	0.43214
NR_169512.1	6720	6492.29	216.58	1.50128
NR_169513.1	6712	6484.29	0	0
NR_169514.1	4375	4147.29	0	0
NR_169515.1	6680	6452.29	0	0
NR_169516.1	6843	6615.29	0	0
NR_169517.1	6836	6608.29	192.816	1.3131
NR_169518.1	6818	6590.29	0	0
NR_169519.1	7049	6821.29	42.2918	0.279018
NR_169520.1	6742	6514.29	75.1457	0.519133
NR_169521.2	5817	5589.29	4	0.0322066
NR_169522.1	2960	2732.29	0	0
NR_169523.1	2699	2471.29	3.37318	0.0614268
NR_169524.1	2652	2424.29	0	0
NR_169525.1	2934	2706.29	3.55882	0.0591797
NR_169526.1	7659	7431.29	0	0
NR_169527.1	8062	7834.29	0	0
NR_169528.1	7697	7469.29	0	0
NR_169529.1	7962	7734.29	0	0
NR_169530.1	8058	7830.29	0	0
NR_169531.1	7846	7618.29	0	0
NR_169532.1	8203	7975.29	0	0
NR_169533.1	2950	2722.29	0	0
NR_169534.1	3446	3218.29	30.8098	0.430829
NR_169535.1	2929	2701.29	0	0
NR_169536.1	3701	3473.29	0	0
NR_169537.1	2856	2628.29	10.907	0.186755
NR_169538.1	4637	4409.29	0	0
NR_169539.1	3120	2892.29	0	0
NR_169540.1	3133	2905.29	0	0
NR_169541.1	3304	3076.29	0	0
NR_169542.1	4399	4171.29	12.3102	0.132811
NR_169543.1	4294	4066.29	0	0
NR_169544.1	4548	4320.29	0	0
NR_169545.1	4110	3882.29	0	0
NR_169546.1	2797	2569.29	0	0
NR_169547.1	4381	4153.29	14.1438	0.153255
NR_169548.1	3071	2843.29	11.1593	0.176626
NR_169549.1	4384	4156.29	0	0
NR_169550.1	3190	2962.29	17.2089	0.261437
NR_169551.1	4314	4086.29	9.55225	0.105201
NR_169552.1	4205	3977.29	0	0
NR_169553.1	1441	1213.29	0	0
NR_169554.1	6092	5864.29	0	0
NR_169555.1	5937	5709.29	0	0
NR_169556.1	6069	5841.29	0	0
NR_169557.1	6331	6103.29	0	0
NR_169558.1	5868	5640.29	0	0
NR_169560.1	2699	2471.29	0	0
NR_169561.1	2831	2603.29	0	0
NR_169562.1	2988	2760.29	12.2669	0.199996
NR_169563.1	3207	2979.29	0	0
NR_169564.1	1948	1720.29	0	0
NR_169565.1	2760	2532.29	2.28992e-06	4.06957e-08
NR_169566.1	2985	2757.29	0	0
NR_169567.1	3220	2992.29	0	0
NR_169568.1	3106	2878.29	66.8074	1.04456
NR_169569.1	3077	2849.29	31.4959	0.497461
NR_169570.1	630	404.218	0	0
NR_169571.1	2839	2611.29	0	0
NR_169572.1	1864	1636.29	0	0
NR_169573.1	1613	1385.29	0	0
NR_169574.1	2258	2030.29	0	0
NR_169575.1	3175	2947.29	0	0
NR_169576.1	3274	3046.29	0	0
NR_169577.1	2085	1857.29	0	0
NR_169578.1	3181	2953.29	0	0
NR_169579.1	2311	2083.29	0	0
NR_169580.1	3002	2774.29	0	0
NR_169581.1	5872	5644.29	0.00156393	1.24695e-05
NR_169582.1	4039	3811.29	0	0
NR_169583.1	6045	5817.29	60.8206	0.470514
NR_169584.1	5556	5328.29	31.1141	0.262791
NR_169585.1	5756	5528.29	19.5483	0.159133
NR_169586.1	1488	1260.29	0	0
NR_169587.1	1221	993.293	0	0
NR_169588.1	898	670.361	2	0.134265
NR_169590.1	1692	1464.29	0	0
NR_169591.1	2316	2088.29	15.8012	0.340518
NR_169592.1	4990	4762.29	14.4621	0.136665
NR_169593.2	4607	4379.29	28.9145	0.297135
NR_169594.2	4831	4603.29	0	0
NR_169595.2	4284	4056.29	0	0
NR_169596.2	4647	4419.29	47.2177	0.480833
NR_169597.1	2427	2199.29	19	0.388788
NR_169598.1	4409	4181.29	27.2267	0.29304
NR_169599.1	8506	8278.29	0	0
NR_169600.1	4389	4161.29	0	0
NR_169601.1	4775	4547.29	0	0
NR_169602.1	3461	3233.29	0	0
NR_169603.1	3645	3417.29	0	0
NR_169604.1	3626	3398.29	0	0
NR_169605.1	3510	3282.29	0	0
NR_169606.1	3571	3343.29	0	0
NR_169607.1	3785	3557.29	0	0
NR_169608.1	3560	3332.29	9.68521e-05	1.308e-06
NR_169609.1	3558	3330.29	0.000220586	2.98084e-06
NR_169610.1	3730	3502.29	0	0
NR_169611.1	3804	3576.29	0	0
NR_169612.1	3645	3417.29	0	0
NR_169613.1	3699	3471.29	0	0
NR_169614.1	8387	8159.29	35.2853	0.194618
NR_169615.1	8739	8511.29	0	0
NR_169616.1	8279	8051.29	0	0
NR_169617.1	8499	8271.29	0	0
NR_169618.1	8339	8111.29	0	0
NR_169619.1	8391	8163.29	0	0
NR_169620.2	3595	3367.29	0	0
NR_169621.2	3961	3733.29	0	0
NR_169622.2	2120	1892.29	0	0
NR_169623.1	8361	8133.29	33.2517	0.183988
NR_169624.1	8295	8067.29	0	0
NR_169625.1	1347	1119.29	1	0.0402067
NR_169626.1	1595	1367.29	0	0
NR_169627.1	1489	1261.29	0	0
NR_169628.1	5491	5263.29	0	0
NR_169629.1	5696	5468.29	27.8473	0.229179
NR_169630.1	1188	960.293	19.5763	0.917421
NR_169631.1	1849	1621.29	17.1916	0.477196
NR_169632.1	3921	3693.29	0	0
NR_169633.1	3808	3580.29	0	0
NR_169635.1	3619	3391.29	0	0
NR_169636.1	3220	2992.29	2.97518	0.0447458
NR_169638.1	3383	3155.29	49.1791	0.701429
NR_169639.1	3704	3476.29	0	0
NR_169640.1	3764	3536.29	1.4153	0.0180112
NR_169641.1	3808	3580.29	10.1203	0.127208
NR_169643.1	3266	3038.29	44.9711	0.66611
NR_169644.1	3706	3478.29	0	0
NR_169645.1	3890	3662.29	0	0
NR_169646.1	3446	3218.29	0	0
NR_169647.1	3947	3719.29	0	0
NR_169728.1	2725	2497.29	2.10879	0.038002
NR_169729.1	2142	1914.29	7.16349	0.168406
NR_169730.1	2928	2700.29	11.646	0.194092
NR_169731.1	1958	1730.29	0	0
NR_169732.1	624	398.259	0.244943	0.0276784
NR_169733.1	726	498.753	0.945583	0.0853212
NR_169734.1	750	522.701	0	0
NR_169738.1	3324	3096.29	0	0
NR_169739.1	906	678.293	0	0
NR_169740.1	902	674.361	0	0
NR_169741.1	2490	2262.29	0	0
NR_169742.1	2555	2327.29	0	0
NR_169743.1	2510	2282.29	0	0
NR_169744.1	1783	1555.29	0	0
NR_169745.1	2535	2307.29	0	0
NR_169746.1	1828	1600.29	0	0
NR_169747.1	1507	1279.29	25.7665	0.906417
NR_169748.1	1527	1299.29	3.70759	0.128418
NR_169749.1	2133	1905.29	0	0
NR_169750.1	1895	1667.29	17.5981	0.475002
NR_169751.1	6321	6093.29	0	0
NR_169752.1	2091	1863.29	16.6	0.400932
NR_169753.1	2358	2130.29	0	0
NR_169754.1	2372	2144.29	0	0
NR_169755.1	2230	2002.29	0	0
NR_169756.1	1793	1565.29	0	0
NR_169757.1	1196	968.293	3.0998	0.144069
NR_169758.1	4160	3932.29	26.2037	0.299888
NR_169759.1	3289	3061.29	5.80409	0.0853241
NR_169760.1	4067	3839.29	0	0
NR_169761.1	3550	3322.29	0.281795	0.00381713
NR_169762.1	3148	2920.29	0	0
NR_169763.1	7040	6812.29	68.571	0.452991
NR_169764.1	6957	6729.29	2.65396e-06	1.77487e-08
NR_169765.1	3339	3111.29	8.82435	0.127639
NR_169766.1	3077	2849.29	1.29767e-07	2.04959e-09
NR_169767.1	3288	3060.29	108.415	1.5943
NR_169768.1	3018	2790.29	8.11967	0.130958
NR_169769.1	3153	2925.29	0	0
NR_169770.1	3226	2998.29	18.7519	0.281458
NR_169771.1	3108	2880.29	21.4752	0.335538
NR_169772.1	2807	2579.29	8.41146	0.146762
NR_169773.1	3175	2947.29	0	0
NR_169774.1	3377	3149.29	31.1564	0.445222
NR_169775.1	3248	3020.29	0	0
NR_169776.1	3041	2813.29	0	0
NR_169777.1	3346	3118.29	0	0
NR_169778.1	3136	2908.29	10.4747	0.162086
NR_169779.1	3393	3165.29	0	0
NR_169780.1	3284	3056.29	9.77994	0.144007
NR_169781.1	3132	2904.29	0	0
NR_169782.1	3228	3000.29	0	0
NR_169783.1	3357	3129.29	8.17474	0.117563
NR_169784.1	2964	2736.29	0	0
NR_169785.1	3190	2962.29	0	0
NR_169786.1	3038	2810.29	0.00768966	0.00012314
NR_169787.1	3091	2863.29	0	0
NR_169788.1	2900	2672.29	0	0
NR_169789.1	2986	2758.29	0	0
NR_169790.1	7794	7566.29	0	0
NR_169791.1	9334	9106.29	0	0
NR_169794.1	3001	2773.29	0	0
NR_169795.1	2938	2710.29	0	0
NR_169796.1	3090	2862.29	32.3992	0.509404
NR_169797.1	2792	2564.29	0	0
NR_169798.1	3005	2777.29	0	0
NR_169799.1	2626	2398.29	0	0
NR_169800.1	2584	2356.29	0	0
NR_169801.1	3152	2924.29	6.12045e-05	9.419e-07
NR_169802.1	2798	2570.29	0.0157711	0.000276136
NR_169803.1	3112	2884.29	0	0
NR_169804.1	2998	2770.29	0	0
NR_169805.1	3141	2913.29	36.4346	0.562823
NR_169806.1	3009	2781.29	0	0
NR_169808.1	3037	2809.29	3.48881e-08	5.58885e-10
NR_169809.1	3066	2838.29	4.55565	0.072233
NR_169810.1	3137	2909.29	14.2578	0.220549
NR_169811.1	2984	2756.29	0	0
NR_169814.1	5317	5089.29	0	0
NR_169815.1	5230	5002.29	0	0
NR_169816.1	4621	4393.29	0	0
NR_169817.1	4226	3998.29	19.3318	0.217591
NR_169818.1	4813	4585.29	0	0
NR_169819.1	4792	4564.29	0	0
NR_169820.1	4962	4734.29	0	0
NR_169821.1	4252	4024.29	0	0
NR_169822.1	5493	5265.29	20.7002	0.176927
NR_169823.1	5537	5309.29	19.76	0.167491
NR_169824.1	5256	5028.29	0	0
NR_169825.1	5603	5375.29	0	0
NR_169826.1	5509	5281.29	0	0
NR_169827.1	2263	2035.29	0	0
NR_169828.1	1505	1277.29	0	0
NR_169829.1	1333	1105.29	0	0
NR_169830.1	1291	1063.29	0	0
NR_169831.1	1367	1139.29	0	0
NR_169832.1	1913	1685.29	0	0
NR_169834.1	1642	1414.29	0	0
NR_169835.1	1170	942.293	4.40412	0.210337
NR_169836.1	1445	1217.29	0	0
NR_169837.1	1517	1289.29	0	0
NR_169838.1	1598	1370.29	0	0
NR_169839.1	1308	1080.29	0	0
NR_169840.1	3519	3291.29	1	0.0136734
NR_169841.1	1591	1363.29	0	0
NR_169842.1	8127	7899.29	469.146	2.67277
NR_169843.1	8153	7925.29	0	0
NR_169844.1	7950	7722.29	0	0
NR_169845.1	8239	8011.29	0	0
NR_169846.1	7581	7353.29	0	0
NR_169847.1	7678	7450.29	0	0
NR_169848.1	7791	7563.29	0	0
NR_169849.1	7725	7497.29	0	0
NR_169850.1	8239	8011.29	0	0
NR_169851.1	7969	7741.29	0	0
NR_169852.1	8239	8011.29	0	0
NR_169853.1	8024	7796.29	61.2905	0.353791
NR_169854.1	8371	8143.29	5.36065	0.0296251
NR_169855.1	3217	2989.29	70.2846	1.05812
NR_169856.1	2943	2715.29	33.0897	0.548427
NR_169857.1	2923	2695.29	0.0113392	0.000189329
NR_169858.1	3093	2865.29	28.5758	0.448819
NR_169859.1	2983	2755.29	0	0
NR_169860.1	3073	2845.29	38.8308	0.614174
NR_169861.1	4211	3983.29	8.72644	0.0985909
NR_169862.1	2878	2650.29	0	0
NR_169863.2	2789	2561.29	0	0
NR_169864.1	2644	2416.29	0	0
NR_169865.1	2919	2691.29	0	0
NR_169866.1	2622	2394.29	209.192	3.93198
NR_169867.1	2693	2465.29	37.0111	0.675625
NR_169868.1	2326	2098.29	0	0
NR_169870.1	3151	2923.29	0	0
NR_169871.1	1821	1593.29	0	0
NR_169872.1	1413	1185.29	0	0
NR_169874.1	1339	1111.29	0	0
NR_169875.1	2063	1835.29	0	0
NR_169876.1	2137	1909.29	0	0
NR_169877.1	4192	3964.29	0	0
NR_169878.1	3206	2978.29	0	0
NR_169879.1	6275	6047.29	46.92	0.349172
NR_169880.1	2761	2533.29	0	0
NR_169881.1	4133	3905.29	19.7829	0.227971
NR_169882.1	3772	3544.29	0	0
NR_170069.1	2894	2666.29	0	0
NR_170070.1	3201	2973.29	0	0
NR_170071.1	4286	4058.29	0	0
NR_170072.1	3006	2778.29	0	0
NR_170073.1	5001	4773.29	9.89288	0.0932711
NR_170074.1	4217	3989.29	0	0
NR_170075.1	4462	4234.29	0	0
NR_170076.1	2979	2751.29	0	0
NR_170077.1	4517	4289.29	0	0
NR_170107.1	8167	7939.29	88.8055	0.503385
NR_170111.1	830	602.427	0	0
NR_170115.1	4503	4275.29	5.94549	0.0625841
NR_170116.1	4534	4306.29	0.000296764	3.10135e-06
NR_170117.1	4705	4477.29	0	0
NR_170118.1	4521	4293.29	0.0187327	0.000196359
NR_170119.1	4519	4291.29	0.0354842	0.000372126
NR_170120.1	4592	4364.29	0	0
NR_170121.1	2718	2490.29	0.115538	0.00208794
NR_170155.1	2094	1866.29	0	0
NR_170160.1	5293	5065.29	23.0162	0.20449
NR_170161.1	5380	5152.29	0	0
NR_170162.1	1472	1244.29	0	0
NR_170163.1	1530	1302.29	21.9328	0.757928
NR_170164.1	6054	5826.29	373.9	2.88805
NR_170165.1	6051	5823.29	150.517	1.16321
NR_170166.1	5984	5756.29	0	0
NR_170167.1	6217	5989.29	0	0
NR_170168.1	5471	5243.29	0	0
NR_170169.1	5990	5762.29	1005.9	7.856
NR_170170.1	5843	5615.29	60.6111	0.48576
NR_170171.1	4049	3821.29	45.0522	0.530576
NR_170172.1	972	744.293	0	0
NR_170173.1	428	215.312	0	0
NR_170175.1	3590	3362.29	49.0727	0.656821
NR_170176.1	3423	3195.29	26.619	0.374907
NR_170177.1	1998	1770.29	43.3594	1.10225
NR_170178.1	2087	1859.29	0	0
NR_170179.1	2113	1885.29	13.2698	0.316759
NR_170180.1	2135	1907.29	1.6406e-06	3.87103e-08
NR_170181.1	2567	2339.29	4.33639e-07	8.34231e-09
NR_170182.1	2701	2473.29	0.231134	0.00420562
NR_170183.1	3016	2788.29	0.000391586	6.3202e-06
NR_170184.1	3150	2922.29	19.8105	0.30508
NR_170185.1	3241	3013.29	111.457	1.66459
NR_170186.1	1663	1435.29	0	0
NR_170187.1	1617	1389.29	0	0
NR_170188.1	1527	1299.29	0	0
NR_170189.1	3625	3397.29	355.486	4.70903
NR_170190.1	1479	1251.29	104.71	3.76592
NR_170191.1	1546	1318.29	19.9549	0.681208
NR_170192.1	1352	1124.29	192.526	7.70643
NR_170193.1	3752	3524.29	0.56594	0.0072267
NR_170194.1	1346	1118.29	4.43021e-05	1.78283e-06
NR_170195.1	2340	2112.29	5.4441	0.115988
NR_170196.1	1814	1586.29	35.7637	1.01462
NR_170197.1	294	113.843	0	0
NR_170199.1	838	610.427	2	0.147448
NR_170200.1	532	309.634	10	1.45343
NR_170201.1	858	630.427	0	0
NR_170202.1	960	732.293	0	0
NR_170203.1	961	733.293	0	0
NR_170204.1	991	763.293	0	0
NR_170205.1	1048	820.293	0	0
NR_170206.1	1180	952.293	0	0
NR_170207.1	1265	1037.29	0	0
NR_170208.1	1266	1038.29	0	0
NR_170209.1	1267	1039.29	0	0
NR_170210.1	1469	1241.29	0	0
NR_170211.1	1529	1301.29	0	0
NR_170212.1	1646	1418.29	0	0
NR_170213.1	1711	1483.29	0	0
NR_170215.1	951	723.293	0	0
NR_170216.1	1836	1608.29	6.38692	0.178718
NR_170217.1	2174	1946.29	4.46425	0.103224
NR_170218.1	2235	2007.29	0	0
NR_170219.1	587	362.135	3.06605	0.381023
NR_170220.1	3490	3262.29	73.027	1.0074
NR_170222.1	2511	2283.29	8	0.157678
NR_170223.1	1280	1052.29	6.71915	0.287356
NR_170224.1	513	291.914	2	0.308332
NR_170227.1	1571	1343.29	0	0
NR_170228.1	1147	919.293	0	0
NR_170229.1	1086	858.293	0	0
NR_170230.1	990	762.293	0	0
NR_170231.1	519	297.525	1.40194	0.212055
NR_170236.1	477	258.967	0	0
NR_170243.1	421	209.523	0	0
NR_170244.1	608	382.573	0	0
NR_170245.1	770	542.487	0	0
NR_170259.1	373	170.281	1.2044	0.318308
NR_170266.1	841	613.427	0	0
NR_170268.1	1668	1440.29	0	0
NR_170269.1	1608	1380.29	0	0
NR_170270.1	827	599.427	0	0
NR_170271.1	358	158.891	0	0
NR_170272.1	366	164.863	0	0
NR_170273.1	583	358.243	0	0
NR_170274.1	528	305.914	0	0
NR_170275.1	544	321.029	5.38935	0.755499
NR_170276.1	645	418.93	0	0
NR_170277.1	728	500.753	0	0
NR_170278.1	931	703.293	5.61065	0.35902
NR_170279.1	973	745.293	1.01181	0.061096
NR_170280.1	911	683.293	0	0
NR_170281.1	1787	1559.29	77	2.22231
NR_170283.1	1084	856.293	1	0.0525557
NR_170286.1	1415	1187.29	1	0.0379039
NR_170287.1	1815	1587.29	0	0
NR_170288.1	1598	1370.29	0	0
NR_170290.1	24922	24694.3	1768.05	3.22211
NR_170291.1	439	224.747	5.05434	1.01208
NR_170298.1	817	589.487	0	0
NR_170299.1	1819	1591.29	0	0
NR_170300.1	1003	775.293	40	2.32186
NR_170301.1	613	387.495	0	0
NR_170302.1	963	735.293	3.06738	0.187737
NR_170303.1	985	757.293	0	0
NR_170304.1	1055	827.293	0	0
NR_170305.1	2382	2154.29	0	0
NR_170306.1	2446	2218.29	0	0
NR_170307.1	2573	2345.29	0	0
NR_170308.1	3037	2809.29	5	0.0800968
NR_170309.1	3228	3000.29	0	0
NR_170310.1	1056	828.293	42	2.28196
NR_170311.1	1130	902.293	1.00154	0.0499529
NR_170312.1	596	370.951	0	0
NR_170313.1	690	463.088	0	0
NR_170314.1	750	522.701	0	0
NR_170315.1	1258	1030.29	0	0
NR_170316.1	1346	1118.29	0	0
NR_170317.1	1467	1239.29	0	0
NR_170318.1	1741	1513.29	1.00112	0.0297717
NR_170319.1	1785	1557.29	0	0
NR_170320.1	1848	1620.29	0	0
NR_170321.1	684	457.134	0	0
NR_170322.1	717	489.852	2.011	0.184752
NR_170323.1	310	124.224	2.11108	0.764792
NR_170324.1	719	491.852	14	1.28096
NR_170325.1	1127	899.293	7.05821	0.353212
NR_170327.1	574	349.421	0	0
NR_170328.1	503	282.705	0	0
NR_170329.1	566	341.699	0	0
NR_170330.2	2337	2109.29	163.165	3.48122
NR_170332.1	2639	2411.29	0	0
NR_170333.1	1172	944.293	0	0
NR_170334.1	876	648.427	0	0
NR_170335.1	597	371.913	0	0
NR_170336.1	3017	2789.29	0	0
NR_170337.1	1621	1393.29	0	0
NR_170338.1	842	614.427	0	0
NR_170339.1	1648	1420.29	21.7594	0.689462
NR_170340.1	7369	7141.29	0	0
NR_170341.1	7262	7034.29	3.00047	0.019196
NR_170342.1	1302	1074.29	0	0
NR_170343.1	3912	3684.29	0	0
NR_170346.1	5446	5218.29	12.5293	0.108054
NR_170347.1	5314	5086.29	0	0
NR_170348.1	5429	5201.29	332.446	2.87642
NR_170349.1	5045	4817.29	6.06689e-07	5.66768e-09
NR_170350.1	5229	5001.29	0	0
NR_170351.1	5426	5198.29	0	0
NR_170352.1	5226	4998.29	0	0
NR_170354.1	5227	4999.29	0.00162496	1.46277e-05
NR_170355.1	5106	4878.29	7.67414	0.0707953
NR_170357.1	5493	5265.29	0	0
NR_170358.1	5108	4880.29	0	0
NR_170359.1	2866	2638.29	0	0
NR_170360.1	3031	2803.29	0	0
NR_170361.1	5268	5040.29	420.274	3.75248
NR_170362.1	2513	2285.29	0	0
NR_170363.1	2395	2167.29	0	0
NR_170364.1	2389	2161.29	27.7032	0.576844
NR_170365.1	3517	3289.29	0	0
NR_170366.1	5278	5050.29	0	0
NR_170368.1	1399	1171.29	2	0.0768434
NR_170369.1	1716	1488.29	0	0
NR_170372.1	2126	1898.29	1	0.0237071
NR_170373.1	3587	3359.29	0.0246154	0.000329763
NR_170374.1	3578	3350.29	0.973985	0.0130831
NR_170375.1	1577	1349.29	1.12925	0.0376641
NR_170376.1	2713	2485.29	0	0
NR_170377.1	2789	2561.29	0	0
NR_170378.1	758	530.648	0	0
NR_170379.1	4121	3893.29	12.9199	0.149343
NR_170380.1	3843	3615.29	17.1285	0.213215
NR_170381.1	4134	3906.29	15.7601	0.181566
NR_170382.1	4216	3988.29	0	0
NR_170383.1	4281	4053.29	164.661	1.82821
NR_170384.1	4002	3774.29	0	0
NR_170385.1	3778	3550.29	0	0
NR_170386.1	2659	2431.29	0	0
NR_170387.1	4374	4146.29	0	0
NR_170388.1	4310	4082.29	41.133	0.453449
NR_170389.1	2471	2243.29	0	0
NR_170390.1	2731	2503.29	0	0
NR_170544.1	9297	9069.29	1.03205e-06	5.1212e-09
NR_170545.1	9230	9002.29	7.86515e-07	3.93184e-09
NR_170546.1	9425	9197.29	0	0
NR_170547.1	9397	9169.29	95.8023	0.4702
NR_170548.1	8021	7793.29	0	0
NR_170549.1	9325	9097.29	0	0
NR_170550.1	2669	2441.29	39.3012	0.724484
NR_170551.1	9222	8994.29	23.051	0.115336
NR_170552.1	7971	7743.29	0	0
NR_170554.1	8138	7910.29	0	0
NR_170555.1	9490	9262.29	213.219	1.03598
NR_170556.1	8116	7888.29	7.48017	0.0426747
NR_170557.1	9161	8933.29	0	0
NR_170558.1	9250	9022.29	0	0
NR_170559.3	14440	14212.3	0	0
NR_170560.3	14672	14444.3	0	0
NR_170561.1	1545	1317.29	17.8239	0.608923
NR_170562.1	1321	1093.29	0	0
NR_170563.1	2027	1799.29	0	0
NR_170564.1	2611	2383.29	0	0
NR_170565.1	1917	1689.29	0	0
NR_170566.1	2478	2250.29	0	0
NR_170567.1	1796	1568.29	0	0
NR_170568.1	1895	1667.29	0	0
NR_170569.1	2485	2257.29	0	0
NR_170570.1	1894	1666.29	0	0
NR_170571.1	1995	1767.29	0	0
NR_170572.1	1769	1541.29	0	0
NR_170573.1	2716	2488.29	0	0
NR_170574.1	1696	1468.29	0	0
NR_170575.1	2683	2455.29	0	0
NR_170576.1	2511	2283.29	0	0
NR_170577.1	2297	2069.29	0	0
NR_170578.1	1938	1710.29	1.21927	0.0320828
NR_170579.1	2495	2267.29	0	0
NR_170580.1	1839	1611.29	3.40445e-06	9.50856e-08
NR_170581.1	2395	2167.29	0	0
NR_170582.1	1502	1274.29	0	0
NR_170583.1	1807	1579.29	1.19543	0.0340648
NR_170584.1	1707	1479.29	0	0
NR_170585.1	1706	1478.29	0	0
NR_170586.1	1508	1280.29	0	0
NR_170587.1	2528	2300.29	0	0
NR_170588.1	2290	2062.29	0	0
NR_170589.1	2163	1935.29	0	0
NR_170590.1	2190	1962.29	0	0
NR_170591.1	3034	2806.29	0	0
NR_170592.1	2311	2083.29	0	0
NR_170593.1	1120	892.293	0.560454	0.0282667
NR_170594.1	3936	3708.29	0	0
NR_170595.1	1799	1571.29	0	0
NR_170596.1	1236	1008.29	2.80624	0.125251
NR_170597.1	1823	1595.29	0	0
NR_170598.1	1991	1763.29	0	0
NR_170599.1	10992	10764.3	0	0
NR_170600.1	3674	3446.29	0	0
NR_170601.1	3573	3345.29	0	0
NR_170602.1	3710	3482.29	0.0080248	0.000103708
NR_170603.1	3526	3298.29	0	0
NR_170604.1	3623	3395.29	0	0
NR_170605.1	3543	3315.29	0	0
NR_170606.1	3448	3220.29	0	0
NR_170607.1	3497	3269.29	4.63999	0.0638712
NR_170608.1	3528	3300.29	22.9158	0.312482
NR_170609.1	3654	3426.29	0	0
NR_170610.1	3831	3603.29	0	0
NR_170611.1	3861	3633.29	16.2677	0.201496
NR_170612.1	3572	3344.29	0	0
NR_170613.1	3669	3441.29	0	0
NR_170614.1	1377	1149.29	5	0.195786
NR_170615.1	732	504.753	0	0
NR_170616.1	1307	1079.29	0	0
NR_170617.1	4451	4223.29	17.5199	0.18669
NR_170618.1	7403	7175.29	33.1034	0.207623
NR_170619.1	4405	4177.29	13.8586	0.149302
NR_170620.1	3993	3765.29	0	0
NR_170621.1	4185	3957.29	0	0
NR_170622.1	4276	4048.29	0.0217494	0.000241779
NR_170623.1	4094	3866.29	0	0
NR_170624.1	4297	4069.29	0	0
NR_170625.1	4903	4675.29	0	0
NR_170626.1	2808	2580.29	23.3089	0.406533
NR_170627.1	2824	2596.29	15.5878	0.270192
NR_170628.1	2389	2161.29	0	0
NR_170629.1	2824	2596.29	0	0
NR_170630.1	3950	3722.29	3.84447	0.0464802
NR_170631.1	3891	3663.29	0	0
NR_170632.1	4041	3813.29	12.2606	0.144695
NR_170633.1	5201	4973.29	17.6814	0.159999
NR_170634.1	3953	3725.29	0	0
NR_170635.1	4206	3978.29	0	0
NR_170636.1	4818	4590.29	0	0
NR_170637.1	4153	3925.29	0	0
NR_170638.1	4296	4068.29	3.41467	0.0377728
NR_170639.1	4166	3938.29	15.3348	0.175231
NR_170640.1	4053	3825.29	0	0
NR_170641.1	4778	4550.29	0	0
NR_170642.1	4185	3957.29	0	0
NR_170643.1	4525	4297.29	0	0
NR_170644.1	4729	4501.29	0	0
NR_170645.1	4756	4528.29	0	0
NR_170646.1	4173	3945.29	0	0
NR_170647.1	4702	4474.29	0	0
NR_170648.1	4470	4242.29	0	0
NR_170649.1	4394	4166.29	0	0
NR_170650.1	3832	3604.29	0	0
NR_170651.1	4446	4218.29	0	0
NR_170652.1	4289	4061.29	0	0
NR_170653.1	2946	2718.29	6.98101	0.115575
NR_170654.1	3078	2850.29	0	0
NR_170655.1	3035	2807.29	0	0
NR_170656.1	3284	3056.29	0	0
NR_170657.1	3294	3066.29	0	0
NR_170658.1	3024	2796.29	0	0
NR_170659.1	2185	1957.29	10.4997	0.241413
NR_170660.1	2284	2056.29	0	0
NR_170661.1	3285	3057.29	57.8983	0.852258
NR_170662.1	2958	2730.29	47.9213	0.789881
NR_170663.1	3145	2917.29	0	0
NR_170664.1	3165	2937.29	8.56197	0.13118
NR_170665.1	3199	2971.29	0	0
NR_170666.1	3008	2780.29	0	0
NR_170667.1	6439	6211.29	0	0
NR_170668.1	5151	4923.29	0.327288	0.00299169
NR_170669.1	2931	2703.29	0	0
NR_170670.1	524	302.192	0	0
NR_170671.1	4134	3906.29	0	0
NR_170672.1	4301	4073.29	34.3426	0.379428
NR_170673.1	4511	4283.29	0	0
NR_170678.1	4232	4004.29	0	0
NR_170679.1	4536	4308.29	0.00438904	4.58466e-05
NR_170680.1	4243	4015.29	0	0
NR_170681.1	4198	3970.29	30.4351	0.34498
NR_170682.1	4510	4282.29	0	0
NR_170683.1	4465	4237.29	35.5467	0.377531
NR_170684.1	3878	3650.29	6.67846e-07	8.23362e-09
NR_170685.1	4381	4153.29	0.0013927	1.50906e-05
NR_170686.1	4249	4021.29	14.6088	0.16349
NR_170687.1	4218	3990.29	0	0
NR_170688.1	4459	4231.29	0	0
NR_170689.1	3979	3751.29	15.5039	0.185996
NR_170690.1	3784	3556.29	0	0
NR_170691.1	4137	3909.29	22.6861	0.261158
NR_170692.1	3747	3519.29	101.319	1.29561
NR_170693.1	4066	3838.29	0	0
NR_170694.1	4093	3865.29	0	0
NR_170696.1	5326	5098.29	0	0
NR_170697.1	5619	5391.29	0	0
NR_170698.1	5580	5352.29	61.8245	0.519832
NR_170700.1	5434	5206.29	17.6349	0.152435
NR_170701.1	5628	5400.29	2.53443e-08	2.11205e-10
NR_170702.1	5675	5447.29	0	0
NR_170703.1	5796	5568.29	1.74073	0.0140686
NR_170705.1	4249	4021.29	0	0
NR_170706.1	3483	3255.29	0	0
NR_170707.1	3989	3761.29	0	0
NR_170708.1	4079	3851.29	0	0
NR_170709.1	3844	3616.29	0	0
NR_170710.1	3862	3634.29	0	0
NR_170711.1	8417	8189.29	24.3588	0.13386
NR_170712.1	4431	4203.29	0	0
NR_170713.1	2915	2687.29	0	0
NR_170714.1	5268	5040.29	2.00034	0.0178603
NR_170715.1	1897	1669.29	0	0
NR_170716.1	2444	2216.29	0	0
NR_170717.1	3643	3415.29	0	0
NR_170857.1	4214	3986.29	1.06686	0.0120443
NR_170858.1	4336	4108.29	0	0
NR_170859.1	3921	3693.29	2.88888	0.0352012
NR_170860.1	4046	3818.29	0	0
NR_170861.1	4026	3798.29	0	0
NR_170862.1	3924	3696.29	5.71281	0.0695546
NR_170863.1	6743	6515.29	0	0
NR_170864.1	3167	2939.29	0	0
NR_170865.1	3301	3073.29	0	0
NR_170866.1	4454	4226.29	62.6162	0.66676
NR_170867.1	11383	11155.3	70.3182	0.28368
NR_170868.1	11509	11281.3	34.3039	0.136844
NR_170869.1	12783	12555.3	93.4289	0.334886
NR_170870.1	5415	5187.29	0	0
NR_170871.1	1454	1226.29	0	0
NR_170872.1	691	464.041	24.6056	2.38627
NR_170873.1	582	357.279	23.6491	2.97885
NR_170874.1	3055	2827.29	0	0
NR_170875.1	3104	2876.29	0	0
NR_170876.1	3369	3141.29	0	0
NR_170877.1	3334	3106.29	12.1035	0.175352
NR_170878.1	3210	2982.29	73.3309	1.10657
NR_170879.1	3048	2820.29	49.2648	0.786112
NR_170880.1	3154	2926.29	188.495	2.89884
NR_170881.1	3676	3448.29	0	0
NR_170882.1	3607	3379.29	7.154	0.095272
NR_170883.1	3498	3270.29	0	0
NR_170884.1	3498	3270.29	18.8957	0.260027
NR_170885.1	4871	4643.29	37.6685	0.365085
NR_170886.1	3576	3348.29	0	0
NR_170887.1	3420	3192.29	2.53915	0.0357954
NR_170888.1	3391	3163.29	0	0
NR_170893.1	8734	8506.29	0	0
NR_170894.1	2320	2092.29	0	0
NR_170899.1	3155	2927.29	0	0
NR_170900.1	3431	3203.29	0	0
NR_170901.1	3353	3125.29	0	0
NR_170902.1	3608	3380.29	0	0
NR_170903.1	3346	3118.29	0	0
NR_170904.1	3239	3011.29	0	0
NR_170905.1	3543	3315.29	0	0
NR_170906.1	3715	3487.29	0	0
NR_170907.1	3517	3289.29	0	0
NR_170908.1	3460	3232.29	0	0
NR_170909.1	3572	3344.29	0	0
NR_170910.1	3429	3201.29	0	0
NR_170911.1	3203	2975.29	0	0
NR_170912.1	3798	3570.29	0	0
NR_170913.1	3691	3463.29	0	0
NR_170914.1	3879	3651.29	4.50508	0.0555262
NR_170915.1	3395	3167.29	0	0
NR_170916.1	3357	3129.29	0	0
NR_170920.1	3538	3310.29	0	0
NR_170921.1	3380	3152.29	0	0
NR_170923.1	3369	3141.29	0	0
NR_170924.1	3255	3027.29	0	0
NR_170925.1	4311	4083.29	0	0
NR_170926.1	3145	2917.29	0	0
NR_170927.1	3985	3757.29	0	0
NR_170928.1	4006	3778.29	0	0
NR_170929.1	3769	3541.29	0	0
NR_170930.1	5594	5366.29	0	0
NR_170931.1	5401	5173.29	0	0
NR_170932.1	623	397.299	5.63933	0.638782
NR_170933.1	1086	858.293	23.0147	1.20674
NR_170934.1	679	452.316	0	0
NR_170935.1	346	149.65	1	0.300721
NR_170936.1	3512	3284.29	95.034	1.3022
NR_170937.1	799	571.487	0	0
NR_170938.1	874	646.427	2	0.139236
NR_170939.1	1113	885.293	0	0
NR_170940.1	1238	1010.29	0	0
NR_170941.1	1383	1155.29	0	0
NR_170942.1	6457	6229.29	3.67538	0.0265526
NR_170943.1	4713	4485.29	1370.51	13.751
NR_170944.1	3918	3690.29	0	0
NR_170945.1	4008	3780.29	0	0
NR_170946.1	4486	4258.29	0	0
NR_170947.1	4671	4443.29	0	0
NR_170948.1	4975	4747.29	9.17884	0.087013
NR_170949.1	3307	3079.29	0	0
NR_170950.1	3302	3074.29	0	0
NR_170951.1	3307	3079.29	0	0
NR_170952.1	4654	4426.29	0	0
NR_170953.1	4693	4465.29	0	0
NR_170957.1	1933	1705.29	8.73947	0.230637
NR_170958.1	1987	1759.29	6.78281	0.173506
NR_170959.1	2021	1793.29	0	0
NR_170960.1	2024	1796.29	0	0
NR_170961.1	2123	1895.29	7.07949	0.1681
NR_170962.1	2171	1943.29	0	0
NR_170963.1	2211	1983.29	0	0
NR_170964.1	2214	1986.29	0	0
NR_170965.1	2215	1987.29	0	0
NR_170966.1	2264	2036.29	0	0
NR_170967.1	2384	2156.29	3.8344	0.0800262
NR_170968.1	4009	3781.29	0	0
NR_170969.1	4063	3835.29	0	0
NR_170970.1	1562	1334.29	10.8436	0.365734
NR_170971.1	2663	2435.29	0	0
NR_170972.1	2579	2351.29	0.000540013	1.03357e-05
NR_170973.1	2774	2546.29	1.0492e-05	1.85435e-07
NR_170974.1	2636	2408.29	61.2171	1.14395
NR_170975.1	3874	3646.29	6.68708	0.0825329
NR_170977.1	2712	2484.29	0	0
NR_170978.1	2679	2451.29	32.3348	0.593631
NR_170980.1	2322	2094.29	97.7912	2.10138
NR_170982.1	2558	2330.29	51.5514	0.995571
NR_170983.1	2200	1972.29	2.78886e-06	6.36353e-08
NR_170984.1	2353	2125.29	1.74358e-07	3.69203e-09
NR_170986.1	2353	2125.29	1.74358e-07	3.69203e-09
NR_170987.1	1024	796.293	5.2052	0.294176
NR_170988.1	678	451.406	3.82142	0.380977
NR_170989.1	500	280.02	0	0
NR_170990.1	3864	3636.29	0	0
NR_170991.1	2011	1783.29	16.1186	0.406769
NR_170992.1	2006	1778.29	0	0
NR_170993.1	1623	1395.29	4.90988	0.158361
NR_170995.1	949	721.293	55.71	3.47587
NR_170996.1	1231	1003.29	56.9738	2.55558
NR_170998.1	2281	2053.29	23.1143	0.506608
NR_171000.1	3544	3316.29	3.02363	0.0410316
NR_171001.1	795	567.487	33.0695	2.62249
NR_171002.1	435	221.33	0	0
NR_171003.1	2689	2461.29	0	0
NR_171004.1	2525	2297.29	3.00144	0.0587971
NR_171007.1	1220	992.293	1	0.0453526
NR_171011.1	1438	1210.29	4	0.148734
NR_171012.1	1924	1696.29	0	0
NR_171013.1	834	606.427	2	0.14842
NR_171014.1	561	336.904	53.8982	7.19963
NR_171016.1	1048	820.293	0	0
NR_171017.1	690	463.088	0	0
NR_171018.1	1261	1033.29	0	0
NR_171019.1	1461	1233.29	0	0
NR_171020.1	1388	1160.29	0	0
NR_171021.1	588	363.135	17.2188	2.13391
NR_171022.1	1521	1293.29	1	0.0347973
NR_171023.1	1827	1599.29	4	0.112557
NR_171024.1	1542	1314.29	1.34538	0.0460674
NR_171025.1	1462	1234.29	1	0.0364606
NR_171026.1	1581	1353.29	0	0
NR_171027.1	1581	1353.29	0	0
NR_171028.1	2479	2251.29	109.711	2.19311
NR_171030.1	2911	2683.29	2	0.0335432
NR_171031.1	4988	4760.29	2.00084	0.0189157
NR_171032.1	1969	1741.29	3.88271	0.100347
NR_171033.1	2535	2307.29	2	0.0390094
NR_171034.1	379	175.043	0	0
NR_171035.1	2651	2423.29	27.403	0.508902
NR_171036.1	1086	858.293	27.1771	1.42498
NR_171037.1	3869	3641.29	69.8103	0.862792
NR_171038.1	3682	3454.29	27.2983	0.355647
NR_171039.1	3809	3581.29	248.263	3.11971
NR_171040.1	3930	3702.29	0	0
NR_171041.1	3803	3575.29	20.0593	0.252491
NR_171042.1	3743	3515.29	0	0
NR_171043.1	3870	3642.29	174.373	2.1545
NR_171045.1	1358	1130.29	6.24464	0.248633
NR_171046.1	3482	3254.29	61.4995	0.850467
NR_171047.1	1269	1041.29	0	0
NR_171049.1	1019	791.293	131.341	7.46974
NR_171050.1	770	542.487	0	0
NR_171051.1	1038	810.293	0	0
NR_171052.1	470	252.282	0	0
NR_171053.1	483	264.32	0	0
NR_171054.1	3252	3024.29	7.02896	0.104595
NR_171055.1	1067	839.293	5.00589	0.268417
NR_171056.1	720	492.802	0	0
NR_171164.1	918	690.293	0	0
NR_171169.1	876	648.427	0	0
NR_171171.1	966	738.293	0	0
NR_171173.1	4169	3941.29	0	0
NR_171174.1	5216	4988.29	13	0.117283
NR_171194.1	1059	831.293	2.84837	0.1542
NR_171195.1	948	720.293	1.52379	0.0952049
NR_171196.1	785	557.487	0	0
NR_171197.1	722	494.802	0	0
NR_171273.1	1038	810.293	0	0
NR_171378.1	2120	1892.29	43.0189	1.02309
NR_171379.1	2343	2115.29	86.7914	1.8465
NR_171380.1	2220	1992.29	0	0
NR_171381.1	1831	1603.29	0	0
NR_171382.1	2414	2186.29	40.2571	0.828661
NR_171383.1	1664	1436.29	0	0
NR_171546.1	2182	1954.29	0	0
NR_171547.1	4206	3978.29	637.122	7.20722
NR_171548.1	3241	3013.29	9.1311	0.136372
NR_171549.1	1781	1553.29	0	0
NR_171551.1	1719	1491.29	3.17323	0.0957594
NR_171554.1	1544	1316.29	22.1874	0.75857
NR_171555.1	1383	1155.29	1852.28	72.1533
NR_171556.1	1888	1660.29	65.7187	1.78134
NR_171557.1	1319	1091.29	52.0032	2.14452
NR_171558.1	1488	1260.29	45.2347	1.61526
NR_171559.1	1372	1144.29	18.7108	0.735862
NR_171560.1	1349	1121.29	73.6442	2.95571
NR_171561.1	1405	1177.29	338.245	12.9297
NR_171562.1	1510	1282.29	0	0
NR_171563.1	1566	1338.29	0	0
NR_171566.1	2624	2396.29	0	0
NR_171567.1	2511	2283.29	1.00026	0.0197149
NR_171569.1	1080	852.293	0	0
NR_171570.1	2569	2341.29	0	0
NR_171571.1	1203	975.293	0	0
NR_171572.1	5396	5168.29	3.77176	0.0328427
NR_171573.1	943	715.293	2	0.125831
NR_171574.1	4751	4523.29	8	0.0795935
NR_171575.1	5480	5252.29	9	0.0771145
NR_171576.1	1561	1333.29	9	0.30378
NR_171577.1	468	250.385	0	0
NR_171620.1	4007	3779.29	83.5249	0.994598
NR_171621.1	3405	3177.29	10.286	0.145691
NR_171622.1	1994	1766.29	4.05829	0.103401
NR_171623.1	1765	1537.29	7.12702	0.208638
NR_171624.1	3131	2903.29	0	0
NR_171625.1	2896	2668.29	26.1815	0.441574
NR_171626.1	2936	2708.29	0	0
NR_171627.1	1200	972.293	0	0
NR_171628.1	7254	7026.29	0	0
NR_171629.1	6668	6440.29	0	0
NR_171630.1	6905	6677.29	0	0
NR_171631.1	6891	6663.29	0	0
NR_171632.1	6743	6515.29	0	0
NR_171633.1	6984	6756.29	0	0
NR_171634.1	3651	3423.29	0.0108522	0.000142664
NR_171635.1	3720	3492.29	0	0
NR_171638.1	1075	847.293	19	1.00916
NR_171639.1	1039	811.293	1.00678	0.0558471
NR_171640.1	5977	5749.29	0	0
NR_171642.1	6053	5825.29	0	0
NR_171643.1	6035	5807.29	57.0091	0.441787
NR_171644.1	4683	4455.29	5.17912	0.0523145
NR_171645.1	1698	1470.29	0	0
NR_171646.1	1382	1154.29	0	0
NR_171647.1	2334	2106.29	13	0.277758
NR_171651.1	708	480.9	0	0
NR_171652.1	2062	1834.29	0	0
NR_171653.1	2216	1988.29	2	0.0452681
NR_171654.1	2161	1933.29	0	0
NR_171655.1	5366	5138.29	31.9903	0.280183
NR_171656.1	4195	3967.29	0	0
NR_171657.1	4464	4236.29	4.55649	0.0484046
NR_171658.1	7518	7290.29	55.974	0.345528
NR_171659.1	602	376.687	0	0
NR_171660.1	849	621.427	0	0
NR_171661.1	4381	4153.29	92.4327	1.00156
NR_171662.1	2493	2265.29	0	0
NR_171663.1	2279	2051.29	0	0
NR_171664.1	3513	3285.29	23.9506	0.328083
NR_171665.1	1817	1589.29	4.68809	0.13275
NR_171666.1	881	653.427	0	0
NR_171667.1	3056	2828.29	74.155	1.17994
NR_171668.1	1127	899.293	0	0
NR_171669.1	1578	1350.29	35.1044	1.16997
NR_171670.1	1095	867.293	0	0
NR_171671.1	5128	4900.29	0	0
NR_171672.1	774	546.487	0	0
NR_171673.1	2861	2633.29	6	0.10254
NR_171675.1	4793	4565.29	39.7348	0.391692
NR_171676.1	438	223.888	5	1.00504
NR_171677.1	867	639.427	10	0.703803
NR_171678.1	1803	1575.29	0	0
NR_171679.1	4264	4036.29	1.79588	0.0200234
NR_171680.1	2208	1980.29	15	0.340882
NR_171681.1	3293	3065.29	11.4827	0.168584
NR_171682.1	1456	1228.29	39.3352	1.44119
NR_171683.1	1384	1156.29	23.6648	0.921036
NR_171684.1	671	444.496	2.33268e-06	2.36173e-07
NR_171685.1	683	456.134	4.40219	0.434329
NR_171686.1	586	361.171	0	0
NR_171687.1	3071	2843.29	0	0
NR_171688.1	3128	2900.29	130.232	2.02077
NR_171689.1	3063	2835.29	0	0
NR_171690.1	3314	3086.29	0	0
NR_171691.1	1850	1622.29	0	0
NR_171692.1	2835	2607.29	0	0
NR_171693.1	2648	2420.29	0	0
NR_171694.1	3219	2991.29	36.3667	0.547125
NR_171695.1	2789	2561.29	5.79601	0.101839
NR_171696.1	2175	1947.29	0	0
NR_171697.1	3954	3726.29	0.00143558	1.73377e-05
NR_171698.1	2043	1815.29	0	0
NR_171699.1	2744	2516.29	25.3254	0.452936
NR_171700.1	765	537.541	13.3639	1.11883
NR_171701.1	918	690.293	9.92577	0.647102
NR_171702.1	1272	1044.29	3.83537	0.165283
NR_171703.1	1321	1093.29	11.0516	0.454915
NR_171704.1	1229	1001.29	0	0
NR_171705.1	842	614.427	10.6261	0.778295
NR_171708.1	1799	1571.29	12.4833	0.357532
NR_171770.1	481	262.672	0	0
NR_171771.1	702	474.947	0	0
NR_171772.1	526	304.007	0	0
NR_171773.1	610	384.573	0	0
NR_171774.1	1477	1249.29	1	0.0360228
NR_171775.2	2119	1891.29	0	0
NR_171776.1	3013	2785.29	0	0
NR_171777.1	2746	2518.29	7.74123	0.138339
NR_171778.1	1723	1495.29	0	0
NR_171779.1	3347	3119.29	8.13199	0.117323
NR_171780.1	1184	956.293	13.4897	0.634825
NR_171781.1	1294	1066.29	5.41868	0.228696
NR_171782.1	1122	894.293	5.1953	0.26144
NR_171783.1	1840	1612.29	9.29355	0.259406
NR_171889.1	607	381.611	0	0
NR_171890.1	1041	813.293	1	0.0553344
NR_171891.1	711	483.852	0	0
NR_171893.1	1634	1406.29	0	0
NR_171894.1	905	677.361	0	0
NR_172017.1	770	542.487	0	0
NR_172049.1	3808	3580.29	0	0
NR_172052.1	3992	3764.29	0.0408618	0.000488513
NR_172053.1	3977	3749.29	9.74283	0.116944
NR_172054.1	4575	4347.29	0	0
NR_172055.1	1851	1623.29	24.1665	0.669977
NR_172056.1	4357	4129.29	0	0
NR_172057.1	4342	4114.29	0	0
NR_172060.1	4147	3919.29	34.2015	0.392717
NR_172062.1	6369	6141.29	0.00080207	5.87753e-06
NR_172066.1	3669	3441.29	198.647	2.59778
NR_172068.1	10869	10641.3	0	0
NR_172069.1	10924	10696.3	0	0
NR_172070.1	10789	10561.3	0	0
NR_172075.1	2706	2478.29	0	0
NR_172076.1	2325	2097.29	0	0
NR_172077.1	2542	2314.29	0	0
NR_172078.1	3715	3487.29	0	0
NR_172079.1	4262	4034.29	12	0.133862
NR_172085.1	5759	5531.29	76.8655	0.625384
NR_172086.1	5900	5672.29	0	0
NR_172087.1	2199	1971.29	43.5463	0.994128
NR_172088.1	9840	9612.29	268.986	1.25934
NR_172089.1	9741	9513.29	41.6526	0.19704
NR_172090.1	9543	9315.29	0	0
NR_172091.1	2068	1840.29	0	0
NR_172094.1	2403	2175.29	61.022	1.26244
NR_172097.1	1483	1255.29	1.17949	0.0422854
NR_172103.1	322	132.775	0	0
NR_172106.1	2745	2517.29	0	0
NR_172107.1	3245	3017.29	0	0
NR_172108.1	3151	2923.29	18.8497	0.290185
NR_172109.1	2697	2469.29	0	0
NR_172110.1	2645	2417.29	14.7163	0.273976
NR_172111.1	2619	2391.29	0	0
NR_172112.1	2563	2335.29	0	0
NR_172113.1	2567	2339.29	0	0
NR_172114.1	3193	2965.29	0	0
NR_172115.1	1572	1344.29	0	0
NR_172116.1	2330	2102.29	0	0
NR_172117.1	2867	2639.29	13.2956	0.226706
NR_172118.1	3167	2939.29	0	0
NR_172119.1	2846	2618.29	0	0
NR_172120.1	2467	2239.29	0	0
NR_172121.1	1666	1438.29	0	0
NR_172122.1	3318	3090.29	19.1383	0.278706
NR_172127.1	4687	4459.29	0	0
NR_172128.1	4579	4351.29	0	0
NR_172129.1	4893	4665.29	0	0
NR_172130.1	4727	4499.29	0	0
NR_172131.1	1977	1749.29	12.0168	0.309149
NR_172132.1	3789	3561.29	57.5427	0.727151
NR_172138.1	1385	1157.29	18.1874	0.707246
NR_172139.1	3292	3064.29	0	0
NR_172140.1	1834	1606.29	0	0
NR_172141.1	2556	2328.29	42.7011	0.825361
NR_172142.1	8725	8497.29	0	0
NR_172204.1	9747	9519.29	0	0
NR_172205.1	10089	9861.29	27.3177	0.124668
NR_172207.1	4296	4068.29	8.85365	0.0979383
NR_172363.1	3620	3392.29	0	0
NR_172472.1	5995	5767.29	2.18099	0.0170186
NR_172485.1	4322	4094.29	4.00937	0.0440696
NR_172486.1	670	443.585	0	0
NR_172488.1	1331	1103.29	9.42934	0.384621
NR_172489.1	1453	1225.29	4.81732	0.176933
NR_172490.1	1547	1319.29	20.7533	0.707928
NR_172491.1	3792	3564.29	0	0
NR_172492.1	2585	2357.29	0	0
NR_172494.1	1522	1294.29	0	0
NR_172495.1	1654	1426.29	0	0
NR_172496.1	1705	1477.29	0	0
NR_172497.1	2591	2363.29	0	0
NR_172498.1	2970	2742.29	0	0
NR_172499.1	1697	1469.29	0	0
NR_172500.1	1645	1417.29	0	0
NR_172501.1	1545	1317.29	0	0
NR_172502.1	1369	1141.29	0	0
NR_172503.1	2801	2573.29	0	0
NR_172504.1	2856	2628.29	6.70573	0.114819
NR_172505.1	2862	2634.29	0.29427	0.00502717
NR_172508.1	558	334.107	6.33026	0.852665
NR_172509.1	380	175.793	0	0
NR_172510.1	825	597.427	29.9176	2.25364
NR_172511.1	688	461.088	0	0
NR_172512.1	803	575.487	0	0
NR_172513.1	769	541.541	2.25113	0.187073
NR_172514.1	883	655.427	0	0
NR_172515.1	872	644.427	5.67675	0.396431
NR_172516.1	953	725.293	0	0
NR_172517.1	2118	1890.29	0	0
NR_172519.1	2722	2494.29	322	5.80966
NR_172520.1	657	430.76	0	0
NR_172521.1	3610	3382.29	0	0
NR_172522.1	3409	3181.29	0	0
NR_172523.1	5890	5662.29	0	0
NR_172524.1	5825	5597.29	0	0
NR_172525.1	5820	5592.29	24.3806	0.196199
NR_172526.1	2101	1873.29	0	0
NR_172527.1	2738	2510.29	38.183	0.684522
NR_172557.1	1190	962.293	0	0
NR_172558.1	2173	1945.29	2	0.0462687
NR_172559.1	957	729.293	0	0
NR_172560.1	802	574.487	0	0
NR_172561.1	1562	1334.29	0	0
NR_172562.1	1236	1008.29	0	0
NR_172563.1	889	661.427	22.2271	1.51232
NR_172627.1	1648	1420.29	0	0
NR_172628.1	1270	1042.29	3.49089	0.150726
NR_172629.1	2573	2345.29	10	0.191887
NR_172630.1	1331	1103.29	0	0
NR_172631.1	1007	779.293	0	0
NR_172632.1	1349	1121.29	0	0
NR_172633.1	2405	2177.29	0	0
NR_172634.1	2254	2026.29	0	0
NR_172635.1	2156	1928.29	0	0
NR_172636.1	845	617.427	7.10959	0.518204
NR_172637.1	2503	2275.29	41.6399	0.823596
NR_172638.1	2467	2239.29	0	0
NR_172639.1	2006	1778.29	5.20002	0.131596
NR_172640.1	1778	1550.29	0	0
NR_172641.1	1944	1716.29	59.9117	1.57095
NR_172651.1	1296	1068.29	8.29748	0.349541
NR_172652.1	2315	2087.29	5.01446	0.108114
NR_172715.1	7334	7106.29	19.0681	0.120755
NR_172716.1	10641	10413.3	0	0
NR_172717.1	7428	7200.29	0	0
NR_172718.1	10474	10246.3	0	0
NR_172719.1	10307	10079.3	0	0
NR_172720.1	10510	10282.3	81.1541	0.355192
NR_172721.1	5113	4885.29	0	0
NR_172722.1	1251	1023.29	0	0
NR_172723.1	1251	1023.29	1	0.0439787
NR_172869.1	5062	4834.29	38.3172	0.3567
NR_172870.1	5065	4837.29	0.705293	0.00656159
NR_172871.1	5292	5064.29	0	0
NR_172872.1	5468	5240.29	12.947	0.111187
NR_172873.1	5289	5061.29	0	0
NR_172874.1	811	583.487	20.0185	1.54398
NR_172875.1	876	648.427	97.6601	6.77794
NR_172876.1	1582	1354.29	172.962	5.74753
NR_172877.1	2414	2186.29	0	0
NR_172878.1	4538	4310.29	13.6026	0.142023
NR_172879.1	1242	1014.29	0	0
NR_172880.1	560	336.006	0	0
NR_172881.1	772	544.487	0	0
NR_172882.1	4839	4611.29	15.3721	0.150021
NR_172883.1	4896	4668.29	1.30512e-07	1.25815e-09
NR_172886.1	537	314.382	0	0
NR_172888.1	3252	3024.29	15.768	0.234636
NR_172889.1	3176	2948.29	0	0
NR_172890.1	602	376.687	0	0
NR_172891.1	2386	2158.29	1	0.0208512
NR_172892.1	3448	3220.29	3.22631	0.0450872
NR_172893.1	4145	3917.29	9.73271	0.111812
NR_172894.1	3939	3711.29	8.27881	0.100389
NR_172895.1	4064	3836.29	12.0337	0.141166
NR_172898.1	842	614.427	0	0
NR_172899.1	1207	979.293	4	0.183819
NR_172900.1	7710	7482.29	1695.48	10.1976
NR_172901.1	7661	7433.29	2607.06	15.7838
NR_172902.1	1598	1370.29	17.4558	0.573282
NR_172903.1	498	278.077	4.06922	0.658549
NR_172904.1	1843	1615.29	21.8767	0.609498
NR_172905.1	3075	2847.29	3.87105	0.0611842
NR_172906.1	2734	2506.29	4.04605	0.0726511
NR_172910.1	1344	1116.29	0	0
NR_172911.1	2087	1859.29	0	0
NR_172912.1	1992	1764.29	2.13873	0.0545541
NR_172914.1	951	723.293	0	0
NR_172915.1	963	735.293	0	0
NR_172916.1	1220	992.293	0	0
NR_172917.1	4888	4660.29	4.069	0.0392932
NR_172918.1	2096	1868.29	7	0.168615
NR_172919.1	952	724.293	1	0.0621338
NR_172920.1	670	443.585	4	0.405813
NR_172921.1	3700	3472.29	0	0
NR_172922.1	869	641.427	0	0
NR_172923.1	753	525.701	0	0
NR_172924.1	784	556.487	0	0
NR_172925.1	854	626.427	0	0
NR_172926.1	1021	793.293	0	0
NR_172927.1	951	723.293	0	0
NR_172928.1	1973	1745.29	0	0
NR_172929.1	516	294.675	0	0
NR_172930.1	251	86.6409	0	0
NR_172931.1	1249	1021.29	0	0
NR_172933.1	838	610.427	0	0
NR_172934.1	1618	1390.29	0	0
NR_172935.1	1753	1525.29	0	0
NR_172936.1	1611	1383.29	0	0
NR_172937.1	1742	1514.29	0	0
NR_172938.1	632	406.137	17.1887	1.90464
NR_172939.1	490	270.61	2	0.332605
NR_172940.1	2175	1947.29	1.00975	0.0233359
NR_172941.1	695	468.041	3.09837	0.297914
NR_172942.1	2525	2297.29	1.00887	0.0197633
NR_172944.1	2623	2395.29	1.39676	0.0262424
NR_172945.1	654	427.803	0	0
NR_172946.1	1510	1282.29	0	0
NR_172947.1	738	510.753	0	0
NR_172948.1	735	507.753	0	0
NR_172949.1	735	507.753	0	0
NR_172950.1	649	422.846	0	0
NR_172951.1	583	358.243	0	0
NR_173080.1	1073	845.293	25.0686	1.33464
NR_173081.1	1184	956.293	0	0
NR_173085.1	2582	2354.29	0	0
NR_173086.1	2498	2270.29	5.63765	0.111753
NR_173087.1	2442	2214.29	24.5949	0.499865
NR_173088.1	2540	2312.29	0	0
NR_173091.1	1159	931.293	4.19756	0.202839
NR_173092.1	4860	4632.29	0	0
NR_173093.1	3303	3075.29	62.5719	0.915662
NR_173095.1	704	476.947	1	0.0943565
NR_173096.1	868	640.427	0	0
NR_173106.1	2119	1891.29	98.9905	2.35547
NR_173107.1	786	558.487	15.9329	1.28388
NR_173108.1	4559	4331.29	0	0
NR_173109.1	4352	4124.29	0	0
NR_173110.1	4556	4328.29	0	0
NR_173111.1	4502	4274.29	0	0
NR_173112.1	4369	4141.29	0	0
NR_173113.1	4429	4201.29	0	0
NR_173114.1	4625	4397.29	29.7688	0.304662
NR_173115.1	4724	4496.29	0	0
NR_173116.1	4581	4353.29	0	0
NR_173117.1	4486	4258.29	14.9847	0.158364
NR_173118.1	4731	4503.29	0	0
NR_173119.1	4702	4474.29	0	0
NR_173120.1	4632	4404.29	0	0
NR_173121.1	4709	4481.29	26.8374	0.269513
NR_173122.1	4714	4486.29	0.00160017	1.60517e-05
NR_173123.1	4601	4373.29	0	0
NR_173124.1	4649	4421.29	0	0
NR_173125.1	4630	4402.29	32.1698	0.32886
NR_173126.1	4574	4346.29	0	0
NR_173127.1	4724	4496.29	0	0
NR_173128.1	4702	4474.29	36.1652	0.363754
NR_173129.1	4699	4471.29	0	0
NR_173130.1	3464	3236.29	26.9403	0.374625
NR_173131.1	2526	2298.29	10.5808	0.207184
NR_173132.1	2755	2527.29	3.80946	0.0678344
NR_173133.1	2656	2428.29	25.7812	0.477799
NR_173134.1	2755	2527.29	0	0
NR_173135.1	2811	2583.29	0	0
NR_173136.1	2954	2726.29	4.04043	0.0666956
NR_173137.1	10979	10751.3	110.788	0.463741
NR_173138.1	2603	2375.29	0	0
NR_173139.1	4524	4296.29	0	0
NR_173140.2	4631	4403.29	199.9	2.04305
NR_173141.1	1880	1652.29	209.987	5.71935
NR_173142.1	1603	1375.29	95.4442	3.12318
NR_173143.1	739	511.753	31.4693	2.76739
NR_173144.1	700	472.947	0	0
NR_173145.1	1770	1542.29	0	0
NR_173146.1	1563	1335.29	13.02	0.438812
NR_173147.2	2883	2655.29	0	0
NR_173148.1	698	470.947	0	0
NR_173149.1	2557	2329.29	0	0
NR_173242.1	6049	5821.29	84.6403	0.654335
NR_173244.1	6365	6137.29	785.78	5.76191
NR_173245.1	3418	3190.29	61.7523	0.871094
NR_173246.1	3532	3304.29	2.06276	0.0280939
NR_173326.1	2539	2311.29	7	0.136297
NR_173327.1	318	129.815	0	0
NR_173329.1	3140	2912.29	0	0
NR_173330.1	3430	3202.29	0	0
NR_173331.1	3266	3038.29	0	0
NR_173332.1	3418	3190.29	33	0.465506
NR_173341.1	1075	847.293	11.5901	0.615597
NR_173342.1	1161	933.293	0	0
NR_173343.1	1045	817.293	9.80236	0.539753
NR_173344.1	1090	862.293	0	0
NR_173345.1	767	539.541	0	0
NR_173346.1	813	585.487	1.34288e-08	1.03219e-09
NR_173347.1	897	669.361	2.00922	0.135086
NR_173348.1	737	509.753	0	0
NR_173351.1	1642	1414.29	397.295	12.642
NR_173352.1	1644	1416.29	92.1175	2.92706
NR_173391.1	1763	1535.29	0	0
NR_173392.1	1233	1005.29	0	0
NR_173393.1	1524	1296.29	0	0
NR_173394.1	1353	1125.29	0	0
NR_173395.1	1589	1361.29	0	0
NR_173396.1	1426	1198.29	0	0
NR_173398.1	5554	5326.29	5.00937	0.0423254
NR_174085.1	5219	4991.29	0	0
NR_174086.1	4998	4770.29	3.68189	0.0347351
NR_174087.1	5045	4817.29	5.34988e-06	4.99785e-08
NR_174088.1	2404	2176.29	12.2811	0.253957
NR_174094.1	8960	8732.29	57.5864	0.29678
NR_174096.1	975	747.293	0	0
NR_174097.1	2341	2113.29	0	0
NR_174098.1	1197	969.293	0	0
NR_174099.1	823	595.427	0	0
NR_174100.1	1376	1148.29	2.34	0.0917078
NR_174101.1	1190	962.293	1.21058	0.0566145
NR_174102.1	1835	1607.29	0	0
NR_174103.1	1165	937.293	0	0
NR_174104.1	1845	1617.29	0	0
NR_174105.1	1506	1278.29	0	0
NR_174106.1	1866	1638.29	0	0
NR_174107.1	1745	1517.29	0	0
NR_174108.1	1109	881.293	0	0
NR_174109.1	1085	857.293	1	0.0524944
NR_174110.1	945	717.293	0	0
NR_174111.1	502	281.791	0	0
NR_174112.1	1109	881.293	0	0
NR_174113.1	4965	4737.29	0	0
NR_174114.1	5099	4871.29	0	0
NR_174115.1	4936	4708.29	0	0
NR_174116.1	5046	4818.29	0	0
NR_174182.1	842	614.427	8.76592	0.64205
NR_174345.1	451	235.213	1.76687	0.338054
NR_174346.1	367	165.66	0	0
NR_174347.1	2081	1853.29	0	0
NR_174348.1	463	245.87	0	0
NR_174349.1	1842	1614.29	0	0
NR_174350.1	2093	1865.29	0	0
NR_174352.1	2452	2224.29	118.029	2.38803
NR_174353.1	1956	1728.29	0	0
NR_174354.1	1300	1072.29	0	0
NR_174355.1	1816	1588.29	0	0
NR_174356.1	2045	1817.29	0	0
NR_174357.1	1920	1692.29	0	0
NR_174358.1	2126	1898.29	5.7574	0.136491
NR_174359.1	2012	1784.29	18.7191	0.47213
NR_174360.1	2028	1800.29	21.2869	0.532124
NR_174361.1	6428	6200.29	40.0976	0.291037
NR_174362.1	2833	2605.29	0	0
NR_174363.1	10617	10389.3	35.0373	0.15177
NR_174364.1	10958	10730.3	0	0
NR_174365.1	10582	10354.3	15.6557	0.0680448
NR_174366.1	10884	10656.3	14.0174	0.0591974
NR_174369.1	4680	4452.29	0	0
NR_174370.1	4408	4180.29	0	0
NR_174371.1	4334	4106.29	17.2949	0.189545
NR_174372.1	4316	4088.29	4.29631e-06	4.72929e-08
NR_174373.1	4303	4075.29	0	0
NR_174374.1	4247	4019.29	0.358287	0.00401165
NR_174375.1	4229	4001.29	5.72035e-08	6.43375e-10
NR_174376.1	3892	3664.29	0	0
NR_174377.1	3934	3706.29	0	0
NR_174378.1	3957	3729.29	16.0223	0.193348
NR_174379.1	2217	1989.29	0	0
NR_174380.1	2266	2038.29	0	0
NR_174381.1	2105	1877.29	0	0
NR_174382.1	2502	2274.29	0	0
NR_174383.1	7365	7137.29	72.0181	0.454099
NR_174384.1	7287	7059.29	162.523	1.03609
NR_174389.1	4727	4499.29	5.13236e-08	5.13352e-10
NR_174390.1	4716	4488.29	63.3864	0.635561
NR_174391.1	4664	4436.29	370.281	3.75624
NR_174393.1	2559	2331.29	0	0
NR_174394.1	2580	2352.29	0	0
NR_174395.1	2523	2295.29	0	0
NR_174396.1	1606	1378.29	0	0
NR_174397.1	2386	2158.29	0	0
NR_174398.1	2689	2461.29	0	0
NR_174399.1	2656	2428.29	0	0
NR_174400.1	2547	2319.29	0	0
NR_174401.1	2550	2322.29	0	0
NR_174402.1	2526	2298.29	0	0
NR_174403.1	844	616.427	22.4946	1.64225
NR_174404.1	4715	4487.29	0	0
NR_174405.1	4377	4149.29	0	0
NR_174406.1	7882	7654.29	440.183	2.58803
NR_174407.1	4715	4487.29	0.0053616	5.37715e-05
NR_174408.1	6043	5815.29	0	0
NR_174409.1	4592	4364.29	39.2329	0.404556
NR_174410.1	4738	4510.29	40.2455	0.401564
NR_174411.1	5476	5248.29	0.0167415	0.000143555
NR_174412.1	4779	4551.29	1.10925e-08	1.09682e-10
NR_174413.1	5528	5300.29	0.00749468	6.36349e-05
NR_174414.1	6102	5874.29	3.37935	0.0258893
NR_174415.1	4649	4421.29	268.365	2.73161
NR_174416.1	4697	4469.29	138.992	1.39957
NR_174417.1	6177	5949.29	2.17243	0.0164333
NR_174418.1	4731	4503.29	60.1002	0.600604
NR_174419.1	4853	4625.29	0.552919	0.00537978
NR_174420.1	4736	4508.29	43.593	0.435158
NR_174421.1	4283	4055.29	0	0
NR_174422.1	7288	7060.29	0.719958	0.00458909
NR_174423.1	6169	5941.29	1.55281e-06	1.1762e-08
NR_174424.1	6203	5975.29	24.5959	0.185245
NR_174425.1	6916	6688.29	0	0
NR_174426.1	5445	5217.29	0	0
NR_174427.1	6093	5865.29	0	0
NR_174428.1	7392	7164.29	37.3951	0.2349
NR_174429.1	7161	6933.29	2.46727	0.0160147
NR_174430.1	5437	5209.29	0	0
NR_174431.1	7148	6920.29	2.04991e-05	1.33307e-07
NR_174432.1	7067	6839.29	6.50204	0.0427839
NR_174433.1	6075	5847.29	3.9496e-06	3.03977e-08
NR_174434.1	4778	4550.29	0	0
NR_174435.1	5382	5154.29	0.0544129	0.000475089
NR_174436.1	4749	4521.29	0.00133909	1.33288e-05
NR_174437.1	7130	6902.29	2.48152e-06	1.61795e-08
NR_174438.1	4651	4423.29	49.6917	0.505569
NR_174439.1	4580	4352.29	4.63612	0.0479379
NR_174440.1	5242	5014.29	0	0
NR_174441.1	6106	5878.29	45.7758	0.350451
NR_174442.1	6158	5930.29	11.8508	0.0899318
NR_174443.1	4715	4487.29	12.776	0.128131
NR_174444.1	4779	4551.29	60.8802	0.601982
NR_174445.1	7122	6894.29	4.2258e-07	2.75843e-09
NR_174446.1	8025	7797.29	49.9949	0.288552
NR_174447.1	6012	5784.29	150.558	1.17137
NR_174448.1	7224	6996.29	1.13261e-06	7.28543e-09
NR_174449.1	4562	4334.29	127.157	1.32028
NR_174450.1	7247	7019.29	32.3657	0.207508
NR_174451.1	7146	6918.29	2.05398	0.013361
NR_174452.1	7307	7079.29	0.608667	0.0038693
NR_174453.1	4683	4455.29	0	0
NR_174454.1	5539	5311.29	0	0
NR_174455.1	1069	841.293	0	0
NR_174456.1	2399	2171.29	128.519	2.66373
NR_174457.1	2396	2168.29	6.67889	0.138621
NR_174458.1	2373	2145.29	0	0
NR_174459.1	2335	2107.29	17.8663	0.38155
NR_174460.1	2332	2104.29	0.842011	0.0180075
NR_174461.1	2620	2392.29	0	0
NR_174462.1	2392	2164.29	0	0
NR_174463.1	2389	2161.29	0	0
NR_174464.1	2655	2427.29	108.779	2.0168
NR_174465.1	2623	2395.29	130.97	2.46068
NR_174466.1	2361	2133.29	338.107	7.13257
NR_174467.1	2514	2286.29	0	0
NR_174468.1	2515	2287.29	0	0
NR_174469.1	2710	2482.29	63.776	1.15624
NR_174470.1	3516	3288.29	11.9318	0.163296
NR_174471.1	3501	3273.29	4.05278	0.0557198
NR_174476.1	2623	2395.29	7.79167	0.146391
NR_174477.1	3121	2893.29	1.00441e-06	1.56228e-08
NR_174478.1	3237	3009.29	0	0
NR_174482.1	11834	11606.3	51.5045	0.199707
NR_174483.1	1712	1484.29	15.3988	0.466884
NR_174484.1	1901	1673.29	53.524	1.43952
NR_174485.1	2004	1776.29	12.4339	0.315017
NR_174486.1	2049	1821.29	1.49614e-07	3.69688e-09
NR_174487.1	1609	1381.29	0.142951	0.00465741
NR_174488.1	1904	1676.29	8.65744	0.232425
NR_174489.1	2005	1777.29	136.542	3.45739
NR_174490.1	2065	1837.29	3.30662e-06	8.09931e-08
NR_174491.1	2008	1780.29	32.7904	0.828891
NR_174492.1	2052	1824.29	0.000529025	1.30504e-05
NR_174493.1	1814	1586.29	27.0471	0.767325
NR_174494.1	1965	1737.29	0.0235675	0.000610495
NR_174495.1	2056	1828.29	145.932	3.59209
NR_174496.1	1709	1481.29	2.98985	0.0908346
NR_174497.1	2053	1825.29	0.0102921	0.000253755
NR_174498.1	2062	1834.29	1.66661e-05	4.08891e-07
NR_174499.1	1700	1472.29	2.68383	0.0820358
NR_174500.1	2001	1773.29	32.1274	0.815337
NR_174501.1	1817	1589.29	63.7957	1.80647
NR_174502.1	7913	7685.29	48.2019	0.282258
NR_174503.1	2197	1969.29	0.00184872	4.22478e-05
NR_174504.1	2272	2044.29	0.049756	0.00109533
NR_174505.1	1880	1652.29	5.16745e-05	1.40745e-06
NR_174506.1	2060	1832.29	0	0
NR_174507.1	2126	1898.29	0	0
NR_174508.1	1970	1742.29	0	0
NR_174509.1	2026	1798.29	5.16419e-06	1.29236e-07
NR_174510.1	2123	1895.29	0.000116403	2.76396e-06
NR_174511.1	2196	1968.29	0	0
NR_174512.1	2055	1827.29	0	0
NR_174513.1	1904	1676.29	0	0
NR_174514.1	2279	2051.29	0	0
NR_174515.1	2688	2460.29	4.59343	0.0840218
NR_174516.1	1866	1638.29	0	0
NR_174517.1	1402	1174.29	0	0
NR_174518.1	2499	2271.29	0	0
NR_174519.1	2246	2018.29	4.25151	0.0947985
NR_174520.1	2037	1809.29	0	0
NR_174521.1	2537	2309.29	3.72202	0.0725341
NR_174522.1	2035	1807.29	0	0
NR_174523.1	2446	2218.29	0	0
NR_174525.1	8831	8603.29	0	0
NR_174526.1	8807	8579.29	0	0
NR_174527.1	8690	8462.29	0	0
NR_174528.1	8215	7987.29	0	0
NR_174529.1	8963	8735.29	22.5657	0.116255
NR_174530.1	8803	8575.29	0	0
NR_174531.1	10670	10442.3	0	0
NR_174532.1	8534	8306.29	0	0
NR_174533.1	8713	8485.29	0	0
NR_174534.1	8600	8372.29	0	0
NR_174535.1	8636	8408.29	0	0
NR_174536.1	8845	8617.29	0	0
NR_174537.1	8701	8473.29	0	0
NR_174538.1	8762	8534.29	0	0
NR_174539.1	8950	8722.29	0	0
NR_174540.1	8707	8479.29	0	0
NR_174541.1	8780	8552.29	0	0
NR_174542.1	8922	8694.29	0	0
NR_174543.1	8680	8452.29	0	0
NR_174544.1	8794	8566.29	0	0
NR_174545.1	10708	10480.3	4.45462	0.0191284
NR_174546.1	9121	8893.29	7.11813	0.0360202
NR_174547.1	8756	8528.29	0	0
NR_174548.1	8881	8653.29	0	0
NR_174549.1	8774	8546.29	0	0
NR_174550.1	8786	8558.29	0	0
NR_174551.1	8756	8528.29	0	0
NR_174552.1	8830	8602.29	0	0
NR_174553.1	8779	8551.29	0	0
NR_174554.1	8624	8396.29	0	0
NR_174555.1	8810	8582.29	0	0
NR_174556.1	8657	8429.29	0	0
NR_174557.1	8794	8566.29	0	0
NR_174558.1	8660	8432.29	0	0
NR_174559.1	8603	8375.29	0	0
NR_174560.1	8748	8520.29	0	0
NR_174561.1	8770	8542.29	0	0
NR_174562.1	8750	8522.29	0	0
NR_174563.1	10731	10503.3	0	0
NR_174564.1	2644	2416.29	0	0
NR_174565.1	2774	2546.29	0	0
NR_174566.1	1965	1737.29	10.973	0.284245
NR_174567.1	1593	1365.29	90.7001	2.98967
NR_174568.1	2089	1861.29	0	0
NR_174569.1	1436	1208.29	0	0
NR_174570.1	1548	1320.29	9.07994	0.309496
NR_174571.1	1920	1692.29	3.18676	0.0847455
NR_174572.1	1935	1707.29	0	0
NR_174573.1	1321	1093.29	0	0
NR_174574.1	1932	1704.29	0	0
NR_174575.1	1680	1452.29	4.58821	0.142177
NR_174576.1	2120	1892.29	1.99535	0.0474541
NR_174577.1	1539	1311.29	47.3495	1.62502
NR_174578.1	1521	1293.29	13.5532	0.471615
NR_174579.1	1763	1535.29	10.6156	0.311169
NR_174581.1	2800	2572.29	0	0
NR_174582.1	3252	3024.29	15.2483	0.226902
NR_174583.1	2906	2678.29	0	0
NR_174584.1	2819	2591.29	5.98315	0.10391
NR_174585.1	2837	2609.29	0	0
NR_174586.1	2811	2583.29	0	0
NR_174588.1	2974	2746.29	0	0
NR_174589.1	2769	2541.29	0	0
NR_174590.1	2861	2633.29	0	0
NR_174591.1	2792	2564.29	0	0
NR_174592.1	3137	2909.29	0.944433	0.0146092
NR_174593.1	2935	2707.29	12.0846	0.200881
NR_174594.1	2978	2750.29	0	0
NR_174595.1	2893	2665.29	1.24927	0.0210938
NR_174596.1	2730	2502.29	0	0
NR_174598.1	3088	2860.29	0	0
NR_174599.1	2472	2244.29	0	0
NR_174600.1	3000	2772.29	0	0
NR_174601.1	2925	2697.29	6.02649	0.100549
NR_174602.1	2795	2567.29	0	0
NR_174603.1	9466	9238.29	5.16484	0.0251598
NR_174604.1	9332	9104.29	0	0
NR_174605.1	9491	9263.29	0	0
NR_174609.1	4208	3980.29	9.49046	0.107304
NR_174610.1	1903	1675.29	69.9998	1.88039
NR_174611.1	1881	1653.29	23.363	0.635948
NR_174612.1	2344	2116.29	4.09671	0.0871167
NR_174613.1	2329	2101.29	14.062	0.301164
NR_174614.1	2293	2065.29	48.6095	1.05921
NR_174615.1	2391	2163.29	156.255	3.25059
NR_174616.1	2348	2120.29	56.5367	1.19999
NR_174617.1	2336	2108.29	164.094	3.50271
NR_174618.1	3013	2785.29	0	0
NR_174619.1	2970	2742.29	0	0
NR_174620.1	3028	2800.29	0	0
NR_174621.1	3087	2859.29	19.6928	0.30995
NR_174622.1	3588	3360.29	0	0
NR_174624.1	3069	2841.29	109.715	1.73777
NR_174625.1	5426	5198.29	6.59487	0.0570936
NR_174626.1	5269	5041.29	76.1723	0.679982
NR_174627.1	5306	5078.29	0	0
NR_174628.1	4684	4456.29	37.0281	0.373938
NR_174629.1	4629	4401.29	37.0614	0.378952
NR_174630.1	4665	4437.29	13.9517	0.141498
NR_174631.1	4610	4382.29	13.7753	0.141463
NR_174632.1	4699	4471.29	0.399505	0.00402098
NR_174939.1	2612	2384.29	0.999422	0.0188639
NR_174942.1	1383	1155.29	0	0
NR_174944.1	1754	1526.29	0	0
NR_174945.1	549	325.637	0	0
NR_174946.1	463	245.87	0	0
NR_174947.1	2571	2343.29	10.1225	0.194404
NR_174948.1	556	332.141	0	0
NR_174949.1	635	409.096	0	0
NR_174950.1	2531	2303.29	0	0
NR_174951.1	803	575.487	0	0
NR_174952.1	2148	1920.29	0	0
NR_174953.1	782	554.487	0	0
NR_174954.1	448	232.626	6.91247	1.33727
NR_174955.1	1353	1125.29	2	0.0799846
NR_174956.1	406	196.92	0	0
NR_174957.1	2097	1869.29	0	0
NR_174958.1	2054	1826.29	2	0.0492835
NR_174959.1	1557	1329.29	0	0
NR_174960.1	382	177.405	2	0.507348
NR_174961.1	477	258.967	0	0
NR_174962.1	2025	1797.29	754.993	18.9045
NR_174964.1	736	508.753	2.13698	0.189032
NR_174965.1	1337	1109.29	50.0061	2.0287
NR_174966.1	807	579.487	1	0.0776602
NR_174967.1	974	746.293	0	0
NR_174971.1	2049	1821.29	0	0
NR_174973.1	2312	2084.29	8.10663	0.175034
NR_174974.1	2119	1891.29	0	0
NR_174975.1	2361	2133.29	4.90743	0.103525
NR_174976.1	4975	4747.29	0	0
NR_175283.1	4613	4385.29	76.641	0.786511
NR_175284.1	4646	4418.29	40.1128	0.408574
NR_175285.1	4700	4472.29	329.385	3.31448
NR_175286.1	4556	4328.29	0.0127065	0.000132115
NR_175287.1	4784	4556.29	2.12529	0.0209917
NR_175288.1	4730	4502.29	116.086	1.16035
NR_175289.1	4817	4589.29	29.5098	0.289376
NR_175290.1	4697	4469.29	3.06787	0.0308916
NR_175898.1	1516	1288.29	0	0
NR_175899.1	1890	1662.29	0	0
NR_175900.1	1644	1416.29	0	0
NR_175901.1	1721	1493.29	0	0
NR_175902.1	1527	1299.29	0	0
NR_175903.1	1813	1585.29	0	0
NR_175934.1	2889	2661.29	0	0
NR_175944.1	2003	1775.29	1	0.0253497
NR_175945.1	6786	6558.29	0	0
NR_175946.1	6625	6397.29	0	0
NR_175947.1	6815	6587.29	0	0
NR_175959.1	7955	7727.29	31.2417	0.181949
NR_175964.1	981	753.293	0	0
NR_175973.1	1952	1724.29	15.8679	0.414144
NR_175974.1	1327	1099.29	0	0
NR_175975.1	999	771.293	0	0
NR_175976.1	3797	3569.29	6.87903	0.0867336
NR_175985.1	3272	3044.29	0	0
NR_175986.1	1584	1356.29	0	0
NR_175987.1	1486	1258.29	0	0
NR_175988.1	2376	2148.29	0	0
NR_175989.1	3342	3114.29	0	0
NR_175990.1	1556	1328.29	0	0
NR_175991.1	2685	2457.29	12.2224	0.223841
NR_175992.1	1654	1426.29	0	0
NR_175993.1	2446	2218.29	0	0
NR_175994.1	1375	1147.29	0	0
NR_175995.1	1537	1309.29	0	0
NR_175996.1	1471	1243.29	0	0
NR_175997.1	1593	1365.29	0	0
NR_175998.1	1349	1121.29	0	0
NR_175999.1	1511	1283.29	0	0
NR_176000.1	1729	1501.29	0	0
NR_176001.1	1424	1196.29	0	0
NR_176002.1	1755	1527.29	0	0
NR_176011.1	5505	5277.29	0	0
NR_176012.1	3946	3718.29	0	0
NR_176037.1	3257	3029.29	29.8468	0.443404
NR_176051.1	3479	3251.29	43.5523	0.602833
NR_176052.1	2742	2514.29	44.9061	0.80377
NR_176053.1	662	435.717	0	0
NR_176056.1	678	451.406	0	0
NR_176057.1	634	408.137	0	0
NR_176058.1	2535	2307.29	0	0
NR_176059.1	2519	2291.29	0	0
NR_176060.1	2048	1820.29	3	0.074169
NR_176061.1	901	673.361	0	0
NR_176062.1	1429	1201.29	0	0
NR_176063.1	1108	880.293	0	0
NR_176064.1	1641	1413.29	0	0
NR_176065.1	1471	1243.29	0	0
NR_176066.1	837	609.427	0	0
NR_176067.1	854	626.427	0	0
NR_176068.1	1613	1385.29	0	0
NR_176069.1	1193	965.293	0	0
NR_176070.1	1235	1007.29	0	0
NR_176071.1	1683	1455.29	0	0
NR_176084.1	2788	2560.29	0	0
NR_176085.1	2789	2561.29	0	0
NR_176086.1	2884	2656.29	0	0
NR_176087.1	2807	2579.29	0	0
NR_176088.1	2828	2600.29	0	0
NR_176089.1	2766	2538.29	1	0.0177297
NR_176090.1	2989	2761.29	0	0
NR_176211.1	3561	3333.29	817.219	11.0333
NR_176212.1	3564	3336.29	238.066	3.21126
NR_176213.1	5633	5405.29	53.2901	0.44368
NR_176214.1	8431	8203.29	1.17226e-08	6.43101e-11
NR_176215.1	8593	8365.29	0	0
NR_176216.1	8460	8232.29	0	0
NR_176217.1	8590	8362.29	0	0
NR_176218.1	8594	8366.29	111.451	0.599506
NR_176219.1	5403	5175.29	0	0
NR_176220.1	4778	4550.29	0	0
NR_176221.1	4792	4564.29	0	0
NR_176222.1	4730	4502.29	1.22101e-08	1.22048e-10
NR_176223.1	4901	4673.29	0	0
NR_176224.1	1414	1186.29	23.126	0.877304
NR_176225.1	6257	6029.29	0	0
NR_176226.1	6505	6277.29	1.62284e-06	1.16345e-08
NR_176227.1	6433	6205.29	17.0536	0.123679
NR_176228.1	6254	6026.29	0	0
NR_176229.1	6179	5951.29	118.662	0.897308
NR_176230.1	6248	6020.29	9.40474	0.0703026
NR_176231.1	5553	5325.29	2.27676	0.0192405
NR_176232.1	3721	3493.29	0	0
NR_176233.1	3563	3335.29	7.74795	0.104543
NR_176234.1	3249	3021.29	0	0
NR_176235.1	5158	4930.29	0	0
NR_176236.1	4678	4450.29	0	0
NR_176237.1	4872	4644.29	0	0
NR_176238.1	4811	4583.29	7.98979	0.0784513
NR_176239.1	4682	4454.29	0	0
NR_176240.1	10199	9971.29	0	0
NR_176241.1	3300	3072.29	0	0
NR_176242.1	3232	3004.29	0	0
NR_176243.1	3096	2868.29	0	0
NR_176244.1	3726	3498.29	0	0
NR_176245.1	3182	2954.29	0	0
NR_176246.1	3264	3036.29	0	0
NR_176247.1	3208	2980.29	5.02042	0.0758094
NR_176248.1	3408	3180.29	0	0
NR_176249.1	4450	4222.29	0	0
NR_176250.1	2855	2627.29	0	0
NR_176251.1	12018	11790.3	62.1828	0.237349
NR_176252.1	1226	998.293	13.85	0.624357
NR_176253.1	1433	1205.29	8.03484	0.300004
NR_176254.1	4105	3877.29	0	0
NR_176255.1	2978	2750.29	0	0
NR_176256.1	3106	2878.29	0	0
NR_176257.1	4437	4209.29	0	0
NR_176258.1	4366	4138.29	0	0
NR_176259.1	4379	4151.29	55.5484	0.602186
NR_176261.1	4147	3919.29	116.855	1.34178
NR_176264.1	1878	1650.29	57.1233	1.55774
NR_176265.1	8885	8657.29	243.67	1.26666
NR_176266.1	3124	2896.29	0	0
NR_176267.1	4969	4741.29	0	0
NR_176269.1	2034	1806.29	0	0
NR_176271.1	1897	1669.29	0	0
NR_176272.1	1961	1733.29	0.000644323	1.67292e-05
NR_176273.1	1919	1691.29	34.7977	0.925921
NR_176274.1	1974	1746.29	0	0
NR_176275.1	2075	1847.29	0	0
NR_176276.1	869	641.427	0	0
NR_176277.1	842	614.427	0	0
NR_176278.1	1805	1577.29	0	0
NR_176279.1	2009	1781.29	9.98367	0.25223
NR_176280.1	1974	1746.29	11.7801	0.303579
NR_176281.1	2156	1928.29	0	0
NR_176282.1	1879	1651.29	0	0
NR_176283.1	700	472.947	0	0
NR_176284.1	2849	2621.29	28.3422	0.486587
NR_176285.1	2861	2633.29	91.1826	1.55831
NR_176286.1	2864	2636.29	0.265524	0.00453265
NR_176287.1	3122	2894.29	26.5279	0.412479
NR_176299.1	9056	8828.29	0	0
NR_176318.1	3431	3203.29	4.39476	0.061742
NR_176319.1	3906	3678.29	0	0
NR_176320.1	3870	3642.29	0	0
NR_176321.1	3585	3357.29	0	0
NR_176322.1	3540	3312.29	0	0
NR_176323.1	3459	3231.29	0	0
NR_176324.1	3847	3619.29	0	0
NR_176325.1	3424	3196.29	32.0848	0.451747
NR_176326.1	2399	2171.29	0	0
NR_176335.1	4673	4445.29	237.822	2.40766
NR_176337.1	1757	1529.29	327.947	9.65063
NR_176338.1	2977	2749.29	0	0
NR_176339.1	1190	962.293	0	0
NR_176340.1	1776	1548.29	106.004	3.08113
NR_176341.1	3046	2818.29	59.309	0.947058
NR_176342.1	1836	1608.29	20.8425	0.583212
NR_176343.1	1836	1608.29	0	0
NR_176344.1	1883	1655.29	0.82113	0.0223244
NR_176345.1	1293	1065.29	25.3775	1.07207
NR_176346.1	2026	1798.29	0	0
NR_176347.1	1214	986.293	0	0
NR_176348.1	2813	2585.29	1276.39	22.2185
NR_176349.1	3003	2775.29	35.8605	0.5815
NR_176350.1	1653	1425.29	427.992	13.5137
NR_176351.1	2409	2181.29	341.607	7.04782
NR_176352.1	2873	2645.29	0	0
NR_176353.1	2987	2759.29	24.8351	0.405051
NR_176358.1	1814	1586.29	13.8344	0.39248
NR_176359.1	1690	1462.29	4.28651	0.13192
NR_176360.1	6503	6275.29	2.44408e-07	1.75277e-09
NR_176361.1	6608	6380.29	33.5803	0.236857
NR_176362.1	6379	6151.29	1.80147	0.0131796
NR_176363.1	6367	6139.29	16.3497	0.119848
NR_176365.1	10480	10252.3	75.0796	0.329566
NR_176366.1	10899	10671.3	21.3117	0.0898761
NR_176392.1	3225	2997.29	0	0
NR_176393.1	3186	2958.29	0	0
NR_176418.1	4607	4379.29	0	0
NR_176425.1	4428	4200.29	148.153	1.58735
NR_176858.1	2180	1952.29	0	0
NR_176917.1	1638	1410.29	0	0
NR_176918.1	1446	1218.29	0	0
NR_176964.1	2162	1934.29	0	0
NR_177109.1	5255	5027.29	22.1334	0.198132
NR_177110.1	5916	5688.29	0	0
NR_178002.1	6794	6566.29	0.958812	0.00657136
NR_178003.1	2330	2102.29	0.000169157	3.62109e-06
NR_178005.1	6183	5955.29	31.7829	0.240177
NR_178006.1	1826	1598.29	0	0
NR_178007.1	6290	6062.29	0	0
NR_178009.1	6300	6072.29	52.4395	0.38864
NR_178010.1	1938	1710.29	0	0
NR_178011.1	1824	1596.29	0	0
NR_178013.1	3947	3719.29	4.46007	0.0539664
NR_178014.1	6383	6155.29	0	0
NR_178015.1	6185	5957.29	0	0
NR_178016.1	3949	3721.29	0	0
NR_178017.1	2544	2316.29	0	0
NR_178018.1	2225	1997.29	2.01404	0.0453804
NR_178021.1	2307	2079.29	15.0666	0.326093
NR_178022.1	1733	1505.29	0	0
NR_178023.1	3477	3249.29	25.1764	0.348696
NR_178024.1	3113	2885.29	9.39727	0.146573
NR_178088.1	977	749.293	8.72477	0.524016
NR_178209.1	6995	6767.29	74.7786	0.497284
NR_182041.1	4406	4178.29	17.9931	0.193798
NR_182042.1	4529	4301.29	26.7787	0.280177
NR_182043.1	4206	3978.29	8.35154	0.094474
NR_182044.1	3975	3747.29	7.81731	0.093882
NR_182045.1	6410	6182.29	0	0
NR_182046.1	6317	6089.29	0	0
NR_182048.1	1624	1396.29	0	0
NR_182049.1	6703	6475.29	0	0
NR_182050.1	5248	5020.29	52.1088	0.467116
NR_182051.1	5410	5182.29	15.4093	0.133814
NR_182053.1	5546	5318.29	25.6508	0.217056
NR_182055.1	4988	4760.29	850.601	8.04145
NR_182062.1	2207	1979.29	33.7772	0.76799
NR_182065.1	13050	12822.3	0	0
NR_182066.1	13776	13548.3	2.59196e-08	8.60966e-11
NR_182067.1	13822	13594.3	1.20837e-06	4.00024e-09
NR_182068.1	13813	13585.3	0	0
NR_182069.1	13859	13631.3	2.90962e-08	9.60597e-11
NR_182070.1	13096	12868.3	0	0
NR_182071.1	13919	13691.3	0	0
NR_182074.1	5901	5673.29	3.38838e-05	2.68781e-07
NR_182075.1	5838	5610.29	150.97	1.21101
NR_182076.1	5733	5505.29	2.12739	0.0173904
NR_182081.1	3510	3282.29	21.4015	0.293432
NR_182084.1	3557	3329.29	16.8799	0.228171
NR_182085.1	3522	3294.29	84.5349	1.15482
NR_182086.1	3587	3359.29	0	0
NR_182087.1	3546	3318.29	0	0
NR_182088.1	3505	3277.29	0.85508	0.0117418
NR_182089.1	3707	3479.29	43.8931	0.567738
NR_182090.1	3677	3449.29	280.106	3.65455
NR_182091.1	3758	3530.29	20.0482	0.255568
NR_182092.1	3814	3586.29	50.9331	0.639141
NR_182093.1	6753	6525.29	6.54916	0.0451677
NR_182094.1	6645	6417.29	1.17222	0.00822052
NR_182095.1	6848	6620.29	9.16361	0.0622919
NR_182100.1	2685	2457.29	22.7075	0.415868
NR_182101.1	2688	2460.29	8.55095	0.156412
NR_182102.1	2753	2525.29	6.47157	0.115329
NR_182103.1	2535	2307.29	0	0
NR_182105.1	6998	6770.29	0	0
NR_182106.1	9150	8922.29	0	0
NR_182107.1	8461	8233.29	0.913857	0.00499513
NR_182108.1	9235	9007.29	0	0
NR_182109.1	8322	8094.29	18.5364	0.10306
NR_182112.1	1844	1616.29	0	0
NR_182117.1	7267	7039.29	36.7485	0.234938
NR_182118.1	6427	6199.29	23.4736	0.170404
NR_182119.1	6000	5772.29	0	0
NR_182122.1	3832	3604.29	25.5422	0.318919
NR_182123.1	2353	2125.29	2.5614	0.0542377
NR_182124.1	4048	3820.29	29.2225	0.344242
NR_182125.1	1250	1022.29	0	0
NR_182126.1	1362	1134.29	0	0
NR_182127.1	1232	1004.29	4.96376	0.22243
NR_182128.1	1243	1015.29	0	0
NR_182138.1	3430	3202.29	24.5596	0.345145
NR_182139.1	3325	3097.29	0	0
NR_182140.1	3265	3037.29	33.5009	0.496377
NR_182141.1	3249	3021.29	0	0
NR_182142.1	1964	1736.29	0	0
NR_182143.1	7358	7130.29	0	0
NR_182147.1	1271	1043.29	15.4742	0.667489
NR_182148.1	1341	1113.29	0	0
NR_182149.1	3518	3290.29	0	0
NR_182150.1	3847	3619.29	0	0
NR_182151.1	3558	3330.29	0	0
NR_182152.1	2917	2689.29	0	0
NR_182153.1	2553	2325.29	0	0
NR_182159.1	901	673.361	0	0
NR_182160.1	1416	1188.29	0	0
NR_182161.1	1212	984.293	8.10052	0.370366
NR_182162.1	1414	1186.29	5.95824	0.226031
NR_182163.1	1556	1328.29	86.5853	2.93354
NR_182182.1	827	599.427	0	0
NR_182195.1	4676	4448.29	8.9673	0.0907215
NR_182196.1	4741	4513.29	0	0
NR_182197.1	4482	4254.29	0	0
NR_182198.1	4574	4346.29	3.95234	0.0409239
NR_182199.1	4664	4436.29	0	0
NR_182200.1	3905	3677.29	38.041	0.465549
NR_182201.1	3840	3612.29	0	0
NR_182202.1	3910	3682.29	9.13399e-06	1.11631e-07
NR_182203.1	3841	3613.29	184.069	2.29255
NR_182209.1	4953	4725.29	60.265	0.573956
NR_182212.1	3750	3522.29	53.2239	0.680023
NR_182213.1	4278	4050.29	108.769	1.20854
NR_182214.1	3882	3654.29	65.6743	0.808788
NR_182215.1	3999	3771.29	0.533406	0.00636517
NR_182216.1	3841	3613.29	0.531338	0.00661774
NR_182217.1	3464	3236.29	14.7491	0.205097
NR_182221.1	3764	3536.29	68.482	0.871506
NR_182222.1	3985	3757.29	0	0
NR_182223.1	3896	3668.29	16.4657	0.202003
NR_182224.1	3807	3579.29	0	0
NR_182231.1	2097	1869.29	4.44557	0.107027
NR_182232.1	2120	1892.29	0	0
NR_182233.1	2126	1898.29	0	0
NR_182253.1	2586	2358.29	0	0
NR_182254.1	2420	2192.29	9.65586	0.198214
NR_182257.1	3760	3532.29	0	0
NR_182259.1	4933	4705.29	0	0
NR_182262.1	15474	15246.3	0	0
NR_182264.1	8531	8303.29	208.88	1.13211
NR_182265.1	2093	1865.29	0	0
NR_182266.1	2253	2025.29	28.3159	0.629195
NR_182270.1	2108	1880.29	37.5773	0.899379
NR_182271.1	2247	2019.29	171.239	3.81634
NR_182272.1	2276	2048.29	148.2	3.25611
NR_182273.1	2205	1977.29	0	0
NR_182275.1	2209	1981.29	0	0
NR_182276.1	2389	2161.29	40.1893	0.836834
NR_182279.1	1545	1317.29	0	0
NR_182281.1	1106	878.293	0	0
NR_182282.1	749	521.701	0	0
NR_182283.1	980	752.293	1	0.0598212
NR_182284.1	875	647.427	0	0
NR_182285.1	834	606.427	0	0
NR_182286.1	960	732.293	0	0
NR_182288.2	1596	1368.29	0	0
NR_182289.1	2467	2239.29	43	0.864171
NR_182290.1	543	320.029	0	0
NR_182291.1	2015	1787.29	31.1747	0.784962
NR_182292.1	349	151.837	0	0
NR_182293.1	491	271.527	1.62451	0.269248
NR_182294.1	777	549.487	68.5877	5.61735
NR_182295.1	682	455.179	11.4355	1.13061
NR_182296.1	2593	2365.29	0	0
NR_182297.1	2274	2046.29	88.1028	1.9376
NR_182298.1	1077	849.293	18	0.953799
NR_182299.1	3342	3114.29	140.946	2.03675
NR_182300.1	1882	1654.29	199	5.41356
NR_182301.1	3272	3044.29	125.089	1.84916
NR_182302.1	2097	1869.29	136	3.27419
NR_182303.1	2578	2350.29	91	1.74246
NR_182304.1	2637	2409.29	0	0
NR_182305.1	2549	2321.29	13.6753	0.265124
NR_182306.1	2727	2499.29	4.82967	0.0869647
NR_182307.1	2587	2359.29	12.5	0.238435
NR_182308.1	2675	2447.29	0	0
NR_182310.1	6188	5960.29	0	0
NR_182311.1	6156	5928.29	356.34	2.70506
NR_182427.1	3854	3626.29	0	0
NR_182428.1	1721	1493.29	2.01182	0.0606297
NR_182429.1	2180	1952.29	28.2841	0.651988
NR_182433.1	1244	1016.29	0	0
NR_182434.1	1136	908.293	0	0
NR_182435.1	449	233.505	0	0
NR_182438.1	5195	4967.29	24.2461	0.219667
NR_182633.1	2702	2474.29	41.322	0.751575
NR_182634.1	491	271.527	0	0
NR_182635.1	2787	2559.29	0	0
NR_182636.1	3058	2830.29	0	0
NR_182637.1	2510	2282.29	9.36648	0.184692
NR_182638.1	2263	2035.29	10.6235	0.2349
NR_182639.1	1517	1289.29	4.24524	0.148181
NR_182640.1	1319	1091.29	0	0
NR_182641.1	2238	2010.29	0	0
NR_182642.1	2436	2208.29	9.61172	0.195879
NR_182643.1	2326	2098.29	0	0
NR_182644.1	1407	1179.29	0	0
NR_182645.1	2348	2120.29	0	0
NR_182646.1	2731	2503.29	6.11858	0.109997
NR_182647.1	2842	2614.29	0	0
NR_182648.1	2643	2415.29	0	0
NR_182649.1	3682	3454.29	7.61904	0.0992621
NR_182650.1	1113	885.293	10.9733	0.55782
NR_182651.1	4501	4273.29	16.6388	0.175227
NR_182652.1	4611	4383.29	16.348	0.167844
NR_182653.1	4523	4295.29	0	0
NR_182654.1	1025	797.293	0	0
NR_182656.1	4633	4405.29	54.134	0.553016
NR_182657.1	9247	9019.29	304.142	1.51756
NR_182658.1	5927	5699.29	0	0
NR_182661.1	2270	2042.29	2185.26	48.1535
NR_182666.1	3981	3753.29	0	0
NR_182667.1	3803	3575.29	243.824	3.06907
NR_182668.1	3851	3623.29	390.493	4.85012
NR_182669.1	3983	3755.29	106.293	1.2738
NR_182749.1	1265	1037.29	38.7624	1.68171
NR_182750.1	2246	2018.29	0	0
NR_182751.1	2538	2310.29	126.325	2.46072
NR_182752.1	2604	2376.29	11.1514	0.211189
NR_182753.1	2253	2025.29	146.586	3.25723
NR_182754.1	2991	2763.29	18.4191	0.299974
NR_182755.1	2714	2486.29	7.78565	0.140924
NR_182756.1	2665	2437.29	4.02684e-08	7.43531e-10
NR_182757.1	2789	2561.29	0	0
NR_182758.1	2951	2723.29	13.1365	0.217084
NR_182759.1	2688	2460.29	12.7186	0.232646
NR_182760.1	2742	2514.29	0	0
NR_182762.1	2532	2304.29	38.3155	0.748307
NR_182763.1	2757	2529.29	0	0
NR_182764.1	3295	3067.29	3.54286	0.0519805
NR_182765.1	3388	3160.29	0	0
NR_182766.1	3637	3409.29	1	0.0132001
NR_182767.1	1410	1182.29	0	0
NR_182768.1	2713	2485.29	0	0
NR_182769.1	2359	2131.29	0	0
NR_182770.1	2381	2153.29	0	0
NR_182771.1	2417	2189.29	0	0
NR_182773.1	4091	3863.29	0	0
NR_182774.1	3955	3727.29	13.0587	0.15767
NR_183013.1	1130	902.293	4.85311	0.242055
NR_183014.1	1015	787.293	0	0
NR_183015.1	1110	882.293	3.13244	0.159776
NR_183016.1	1218	990.293	0	0
NR_183017.1	1234	1006.29	0	0
NR_183018.1	1349	1121.29	5.12006	0.205494
NR_183019.1	1379	1151.29	0	0
NR_183020.1	1305	1077.29	0	0
NR_183021.1	1482	1254.29	0	0
NR_183022.1	1367	1139.29	2.24882	0.0888304
NR_183032.1	3131	2903.29	0	0
NR_183033.1	3068	2840.29	26.3996	0.41829
NR_183034.1	698	470.947	0	0
NR_183035.1	692	465.041	0	0
NR_183036.1	575	350.386	0	0
NR_183037.1	695	468.041	0	0
NR_183038.1	695	468.041	0	0
NR_183039.1	526	304.007	0	0
NR_183040.1	614	388.495	0	0
NR_183041.1	702	474.947	0	0
NR_183042.1	766	538.541	0	0
NR_183045.1	12826	12598.3	106.349	0.379894
NR_183046.1	12828	12600.3	82.8506	0.295908
NR_183047.1	12637	12409.3	0	0
NR_183048.1	12033	11805.3	33.6796	0.12839
NR_183049.1	12943	12715.3	0	0
NR_183050.1	12861	12633.3	168.874	0.601572
NR_183051.1	6151	5923.29	0	0
NR_183052.1	6199	5971.29	0.00341785	2.57589e-05
NR_183053.1	6382	6154.29	0.00158897	1.16193e-05
NR_183054.1	6481	6253.29	89.8795	0.646836
NR_183055.1	6394	6166.29	0	0
NR_183056.1	5744	5516.29	0	0
NR_183058.1	1639	1411.29	21.9579	0.700191
NR_183059.1	1550	1322.29	8.35004	0.284186
NR_183060.1	1589	1361.29	30.9164	1.02207
NR_183061.1	1015	787.293	0	0
NR_183062.1	1100	872.293	0	0
NR_183063.1	790	562.487	0	0
NR_183064.1	1371	1143.29	6.33228	0.249255
NR_183065.1	875	647.427	0	0
NR_183066.1	1271	1043.29	11.6119	0.500885
NR_183067.1	826	598.427	0	0
NR_183088.1	2018	1790.29	0	0
NR_183089.1	2712	2484.29	6.57468	0.119101
NR_183090.1	1315	1087.29	9.5908	0.396963
NR_183091.1	2660	2432.29	8.00116	0.14804
NR_183092.1	2542	2314.29	14.8629	0.28902
NR_183093.1	2277	2049.29	0	0
NR_183094.1	2427	2199.29	0	0
NR_183095.1	3370	3142.29	0	0
NR_183096.1	3247	3019.29	8.19016	0.122076
NR_183097.1	3584	3356.29	0	0
NR_183098.1	3408	3180.29	0	0
NR_183099.1	3520	3292.29	0	0
NR_183100.1	3551	3323.29	0	0
NR_183101.1	3558	3330.29	0	0
NR_183102.1	3667	3439.29	0	0
NR_183103.1	3714	3486.29	0	0
NR_183104.1	3779	3551.29	0	0
NR_183105.1	4008	3780.29	0	0
NR_183106.1	3711	3483.29	0	0
NR_183107.1	3561	3333.29	0	0
NR_183108.1	3599	3371.29	0	0
NR_183109.1	3749	3521.29	0	0
NR_183110.1	4036	3808.29	12.95	0.153031
NR_183111.1	3742	3514.29	0	0
NR_183112.1	3773	3545.29	0	0
NR_183113.1	3039	2811.29	0	0
NR_183114.1	3148	2920.29	34.1891	0.52687
NR_183115.1	3156	2928.29	0	0
NR_183116.1	3268	3040.29	0	0
NR_183117.1	3118	2890.29	0	0
NR_183118.1	3306	3078.29	0	0
NR_183119.1	3181	2953.29	10.6862	0.162839
NR_183120.1	3000	2772.29	0	0
NR_183121.1	3150	2922.29	25.8411	0.397952
NR_183122.1	3038	2810.29	0	0
NR_183123.1	3100	2872.29	0	0
NR_183124.1	3235	3007.29	0	0
NR_183125.1	1934	1706.29	5.24501	0.138336
NR_183126.1	489	269.721	0	0
NR_183127.1	3239	3011.29	0	0
NR_183129.1	2969	2741.29	0	0
NR_183130.1	2734	2506.29	0	0
NR_183131.1	2019	1791.29	4.86773	0.122293
NR_183132.1	2915	2687.29	0	0
NR_183133.1	1784	1556.29	0	0
NR_183134.1	2931	2703.29	5.20105	0.0865846
NR_183135.1	3866	3638.29	0	0
NR_183136.1	2088	1860.29	5.76736	0.139521
NR_183137.1	1733	1505.29	0	0
NR_183138.1	1764	1536.29	0	0
NR_183139.1	3279	3051.29	0	0
NR_183140.1	1968	1740.29	0	0
NR_183141.1	1621	1393.29	0	0
NR_183142.1	1938	1710.29	0.0572618	0.00150673
NR_183143.1	3028	2800.29	0	0
NR_183144.1	3828	3600.29	0	0
NR_183145.1	3978	3750.29	0	0
NR_183146.1	4016	3788.29	0	0
NR_183147.1	1583	1355.29	0	0
NR_183148.1	3059	2831.29	0	0
NR_183150.1	3066	2838.29	6.73441	0.106779
NR_183151.1	4009	3781.29	0	0
NR_183152.1	2878	2650.29	0	0
NR_183153.1	3325	3097.29	0	0
NR_183154.1	3345	3117.29	0	0
NR_183155.1	2916	2688.29	0	0
NR_183156.1	3044	2816.29	0	0
NR_183157.1	4169	3941.29	0	0
NR_183158.1	4019	3791.29	0	0
NR_183159.1	1924	1696.29	4.30146	0.114119
NR_183161.1	4057	3829.29	0	0
NR_183162.1	3235	3007.29	0	0
NR_183163.1	1955	1727.29	0.932665	0.0242997
NR_183164.1	1774	1546.29	3.13311	0.0911856
NR_183165.1	3069	2841.29	0.852305	0.0134996
NR_183166.1	3219	2991.29	1.06188	0.0159757
NR_183167.1	4254	4026.29	0	0
NR_183168.1	3250	3022.29	0.466297	0.00694333
NR_183169.1	3454	3226.29	10.0847	0.14067
NR_183170.1	4200	3972.29	0	0
NR_183172.1	3304	3076.29	0	0
NR_183173.1	3085	2857.29	0	0
NR_183175.1	4368	4140.29	68.2048	0.741355
NR_183176.1	4205	3977.29	17.9026	0.202568
NR_183177.1	3998	3770.29	47.5519	0.56759
NR_183178.1	4003	3775.29	0.00438182	5.22332e-05
NR_183179.1	4373	4145.29	0.0145822	0.000158311
NR_183185.1	1340	1112.29	0	0
NR_183186.1	1656	1428.29	0	0
NR_183187.1	1323	1095.29	2	0.0821754
NR_183188.1	810	582.487	0	0
NR_183189.1	606	380.649	0	0
NR_183190.1	1379	1151.29	0	0
NR_183192.1	1319	1091.29	0	0
NR_183193.1	2071	1843.29	3.51419	0.0857971
NR_183234.1	1481	1253.29	6.75774	0.242656
NR_183235.1	1477	1249.29	0	0
NR_183236.1	1626	1398.29	0	0
NR_183237.1	1630	1402.29	15.1066	0.484808
NR_183238.1	1540	1312.29	28.727	0.985149
NR_183256.1	956	728.293	0	0
NR_183257.1	384	178.976	0	0
NR_183258.1	929	701.293	0	0
NR_183259.1	1621	1393.29	4	0.129199
NR_183260.1	1968	1740.29	14.4076	0.372574
NR_183261.1	544	321.029	5.80044	0.813128
NR_183262.1	1058	830.293	0	0
NR_183263.1	1192	964.293	3.5977	0.167903
NR_183264.1	3155	2927.29	6.23757	0.0958941
NR_183265.1	584	359.207	1	0.125284
NR_183266.1	1129	901.293	0.654039	0.0326573
NR_183267.1	1223	995.293	0	0
NR_183268.1	2797	2569.29	0	0
NR_183269.1	2703	2475.29	5.01266	0.0911347
NR_183270.1	2798	2570.29	0	0
NR_183271.1	736	508.753	1.52077	0.134524
NR_183272.1	1545	1317.29	0	0
NR_183273.1	1464	1236.29	0	0
NR_183274.1	1678	1450.29	0	0
NR_183275.1	1559	1331.29	6	0.202824
NR_183276.1	2142	1914.29	0	0
NR_183277.1	786	558.487	0	0
NR_183278.1	1075	847.293	0	0
NR_183279.1	387	181.366	0	0
NR_183280.1	2775	2547.29	0	0
NR_183281.1	2901	2673.29	0	0
NR_183282.1	2951	2723.29	8.33072	0.137667
NR_183283.1	3077	2849.29	5.1492	0.0813289
NR_183284.1	3025	2797.29	2.21974	0.0357113
NR_183285.1	2899	2671.29	0	0
NR_183286.1	3840	3612.29	0	0
NR_183287.1	3854	3626.29	0	0
NR_183288.1	709	481.852	0	0
NR_183289.1	2260	2032.29	0	0
NR_183290.1	1490	1262.29	0	0
NR_183291.1	3922	3694.29	0	0
NR_183292.1	3985	3757.29	49.2298	0.589651
NR_183293.1	3945	3717.29	33.9534	0.411054
NR_183294.1	3908	3680.29	0	0
NR_183295.1	680	453.225	7.16062	0.711016
NR_183296.1	928	700.293	3.30342	0.212288
NR_183297.1	649	422.846	0	0
NR_183298.1	2038	1810.29	10.8147	0.268849
NR_183299.1	1891	1663.29	0	0
NR_183300.1	2219	1991.29	14.591	0.329755
NR_183301.1	2566	2338.29	0	0
NR_183302.1	2156	1928.29	0	0
NR_183303.1	2246	2018.29	0	0
NR_183304.1	2755	2527.29	6.23431	0.111013
NR_183305.1	2057	1829.29	0	0
NR_183306.1	1872	1644.29	0	0
NR_183307.1	1565	1337.29	0	0
NR_183308.1	2298	2070.29	5.43259	0.118091
NR_183309.1	2080	1852.29	0	0
NR_183310.1	1912	1684.29	0	0
NR_183311.1	1539	1311.29	0	0
NR_183312.1	823	595.427	0	0
NR_183313.1	742	514.753	0	0
NR_183314.1	1981	1753.29	0	0
NR_183315.1	593	367.988	0	0
NR_183316.1	1005	777.293	10.1733	0.589005
NR_183317.1	1008	780.293	9.82671	0.566751
NR_183318.1	721	493.802	0	0
NR_183319.1	522	300.222	3	0.449698
NR_183320.1	478	259.941	0	0
NR_183322.1	649	422.846	0	0
NR_183323.1	1238	1010.29	0	0
NR_183324.1	1456	1228.29	0	0
NR_183325.1	2387	2159.29	3.64482	0.0759639
NR_183326.1	2569	2341.29	0	0
NR_183327.1	848	620.427	26.9573	1.95536
NR_183328.1	721	493.802	11.6095	1.05804
NR_183329.1	761	533.648	27.049	2.28107
NR_183330.1	1228	1000.29	4.9622	0.223249
NR_183331.1	641	415.014	6.422	0.696386
NR_183332.1	3278	3050.29	0	0
NR_183333.1	2983	2755.29	0	0
NR_183334.1	2724	2496.29	0	0
NR_183335.1	2203	1975.29	0	0
NR_183336.1	2404	2176.29	0	0
NR_183337.1	2737	2509.29	0	0
NR_183338.1	3015	2787.29	37.2153	0.600872
NR_183339.1	4027	3799.29	0	0
NR_183340.1	3799	3571.29	12	0.151216
NR_183341.1	3567	3339.29	0	0
NR_183342.1	785	557.487	0	0
NR_183343.1	587	362.135	0	0
NR_183344.1	2329	2101.29	0	0
NR_183345.1	2329	2101.29	0	0
NR_183346.1	2428	2200.29	0	0
NR_183347.1	2355	2127.29	0	0
NR_183348.1	2145	1917.29	0	0
NR_183349.1	1139	911.293	0	0
NR_183350.1	1212	984.293	0	0
NR_183351.1	1201	973.293	0	0
NR_183352.1	2201	1973.29	0	0
NR_183353.1	1090	862.293	0	0
NR_183354.1	875	647.427	0	0
NR_183355.1	1028	800.293	0	0
NR_183356.1	2385	2157.29	0	0
NR_183357.1	2312	2084.29	0	0
NR_183358.1	1862	1634.29	18.6866	0.514568
NR_183359.1	919	691.293	0	0
NR_183360.1	987	759.293	0	0
NR_183361.1	1782	1554.29	0	0
NR_183362.1	1981	1753.29	3	0.0770032
NR_183363.1	1183	955.293	0	0
NR_183364.1	1199	971.293	0	0
NR_183365.1	560	336.006	0	0
NR_183366.1	567	342.699	0	0
NR_183367.1	1119	891.293	3	0.151476
NR_183368.1	909	681.293	0	0
NR_183369.1	1602	1374.29	0	0
NR_183370.1	864	636.427	1	0.070712
NR_183371.1	1427	1199.29	0	0
NR_183372.1	1005	777.293	0	0
NR_183373.1	1461	1233.29	0	0
NR_183374.1	1557	1329.29	0	0
NR_183375.1	1523	1295.29	0	0
NR_183376.1	720	492.802	0	0
NR_183377.1	1517	1289.29	0	0
NR_183378.1	3568	3340.29	0	0
NR_183379.1	3698	3470.29	0	0
NR_183380.1	3701	3473.29	0	0
NR_183381.1	3611	3383.29	0	0
NR_183382.1	3658	3430.29	0	0
NR_183383.1	989	761.293	2	0.118228
NR_183384.1	281	105.3	0	0
NR_183385.1	886	658.427	0	0
NR_183386.1	613	387.495	0	0
NR_183387.1	1645	1417.29	0	0
NR_183388.1	1796	1568.29	0	0
NR_183389.1	1617	1389.29	0	0
NR_183390.1	1254	1026.29	0	0
NR_183391.1	1372	1144.29	0	0
NR_183392.1	1957	1729.29	15.5285	0.404113
NR_183393.1	1661	1433.29	19.1808	0.602247
NR_183394.1	730	502.753	8	0.716107
NR_183395.1	539	316.223	0	0
NR_183396.1	1480	1252.29	0	0
NR_183397.1	3658	3430.29	7.78483	0.102132
NR_183398.1	1763	1535.29	0	0
NR_183399.1	1259	1031.29	0	0
NR_183400.1	1052	824.293	1.77733	0.0970348
NR_183402.1	943	715.293	0	0
NR_183403.1	714	486.852	0	0
NR_183404.1	1012	784.293	0	0
NR_183405.1	841	613.427	0	0
NR_183407.1	772	544.487	0	0
NR_183408.1	2004	1776.29	0	0
NR_183412.1	1073	845.293	0	0
NR_183413.1	985	757.293	0	0
NR_183414.1	1247	1019.29	0	0
NR_183415.1	1159	931.293	0	0
NR_183416.1	1831	1603.29	8.32328e-05	2.33628e-06
NR_183417.1	1818	1590.29	5.85876	0.165795
NR_183418.1	2299	2071.29	0	0
NR_183419.1	911	683.293	0	0
NR_183420.1	977	749.293	0	0
NR_183421.1	896	668.361	0	0
NR_183422.1	850	622.427	0	0
NR_183423.1	2042	1814.29	0	0
NR_183424.1	1059	831.293	0	0
NR_183425.1	822	594.427	4	0.302833
NR_183426.1	1359	1131.29	5	0.198901
NR_183427.1	1180	952.293	11.4601	0.541577
NR_183428.1	1750	1522.29	0	0
NR_183429.1	1853	1625.29	0	0
NR_183430.1	3429	3201.29	5.77851	0.081233
NR_183431.1	2875	2647.29	3.22149	0.0547643
NR_183432.1	2284	2056.29	2	0.0437711
NR_183433.1	636	410.055	0	0
NR_183434.1	1874	1646.29	1.00792	0.0275525
NR_183435.1	715	487.852	0	0
NR_183436.1	1687	1459.29	0	0
NR_183437.1	1576	1348.29	0	0
NR_183438.1	1789	1561.29	0	0
NR_183439.1	1798	1570.29	2.14865	0.0615783
NR_183440.1	1678	1450.29	0	0
NR_183441.1	1893	1665.29	0	0
NR_183442.1	1909	1681.29	0	0
NR_183443.1	2157	1929.29	0	0
NR_183444.1	2381	2153.29	0	0
NR_183445.1	535	312.445	2.40603	0.346552
NR_183446.1	1624	1396.29	40	1.28922
NR_183447.1	1102	874.293	3.5869	0.184631
NR_183448.1	1099	871.293	10.8574	0.560795
NR_183449.1	904	676.361	1.00599	0.0669358
NR_183450.1	640	414.014	0	0
NR_183451.1	391	184.59	2	0.4876
NR_183452.1	1005	777.293	1	0.0578972
NR_183453.1	653	426.803	0	0
NR_183454.1	766	538.541	0	0
NR_183455.1	598	372.913	0	0
NR_183456.1	479	260.887	0	0
NR_183457.1	484	265.13	0	0
NR_183459.1	2178	1950.29	16.6958	0.385257
NR_183460.1	2314	2086.29	10.0791	0.217414
NR_183461.1	2315	2087.29	5.22509	0.112656
NR_183462.1	745	517.701	0	0
NR_183463.1	742	514.753	0	0
NR_183464.1	588	363.135	0	0
NR_183465.1	5602	5374.29	0	0
NR_183466.1	5473	5245.29	0	0
NR_183468.1	891	663.427	1	0.0678342
NR_183469.1	580	355.279	0	0
NR_183470.1	696	468.994	0	0
NR_183471.1	629	403.218	0	0
NR_183472.1	530	307.728	0	0
NR_183473.1	1363	1135.29	1.61785e-07	6.41318e-09
NR_183474.1	1350	1122.29	1.17177	0.046987
NR_183475.1	1028	800.293	1.03036	0.0579402
NR_183476.1	1261	1033.29	0	0
NR_183477.1	602	376.687	0	0
NR_183478.1	719	491.852	0	0
NR_183479.1	428	215.312	0	0
NR_183480.1	3767	3539.29	26.1046	0.331928
NR_183481.1	349	151.837	0	0
NR_183482.1	3132	2904.29	0	0
NR_183483.1	3156	2928.29	9	0.138315
NR_183484.1	421	209.523	5	1.07394
NR_183487.1	950	722.293	0	0
NR_183488.1	803	575.487	0	0
NR_183489.1	452	236.066	0	0
NR_183490.1	1947	1719.29	0	0
NR_183491.1	1854	1626.29	0	0
NR_183492.1	2865	2637.29	0	0
NR_183493.1	5023	4795.29	0	0
NR_183494.1	5187	4959.29	0	0
NR_183495.1	4791	4563.29	0	0
NR_183496.1	2469	2241.29	0	0
NR_183497.1	4627	4399.29	0	0
NR_183498.1	1589	1361.29	0	0
NR_183499.1	4395	4167.29	15.1988	0.164134
NR_183500.1	1551	1323.29	0	0
NR_183501.1	941	713.293	0	0
NR_183502.1	1448	1220.29	0	0
NR_183503.1	1061	833.293	2.67778	0.144617
NR_183504.1	4394	4166.29	0	0
NR_183505.1	4610	4382.29	0	0
NR_183506.1	1769	1541.29	0	0
NR_183507.1	4685	4457.29	0	0
NR_183508.1	4469	4241.29	0	0
NR_183509.1	4249	4021.29	0	0
NR_183510.1	4324	4096.29	0	0
NR_183511.1	916	688.293	0	0
NR_183512.1	471	253.178	0	0
NR_183513.1	511	290.032	0	0
NR_183514.1	1453	1225.29	119.24	4.37951
NR_183515.1	651	424.846	0	0
NR_183516.1	2203	1975.29	1.0109	0.0230314
NR_183517.1	591	366.025	0	0
NR_183518.1	712	484.852	1	0.0928183
NR_183519.1	1014	786.293	0	0
NR_183520.1	1098	870.293	9.30154	0.480985
NR_183521.1	1037	809.293	0	0
NR_183522.1	3978	3750.29	24.5466	0.294557
NR_183523.1	2635	2407.29	8.95644	0.167436
NR_183524.1	1932	1704.29	0	0
NR_183525.1	1754	1526.29	0	0
NR_183526.1	887	659.427	0	0
NR_183527.1	872	644.427	3.32404	0.232131
NR_183528.1	864	636.427	1.67596	0.118511
NR_183529.1	3040	2812.29	29.488	0.471875
NR_183530.1	1445	1217.29	10.212	0.377536
NR_183531.1	2420	2192.29	129.638	2.66119
NR_183532.1	940	712.293	20.8157	1.31515
NR_183533.1	675	448.496	3.98266	0.399629
NR_183534.1	2886	2658.29	19.0003	0.321662
NR_183535.1	762	534.648	0	0
NR_183536.1	1051	823.293	0	0
NR_183537.1	1155	927.293	0	0
NR_183538.1	1066	838.293	0	0
NR_183539.1	887	659.427	0	0
NR_183540.1	5975	5747.29	3.99932	0.0313159
NR_183542.1	468	250.385	1	0.179736
NR_183543.1	892	664.361	0	0
NR_183545.1	1607	1379.29	1.10389	0.0360174
NR_183546.1	2096	1868.29	0	0
NR_183547.1	5501	5273.29	0	0
NR_183548.1	5242	5014.29	2.64355e-07	2.37257e-09
NR_183549.1	5178	4950.29	11.7686	0.106988
NR_183550.1	5437	5209.29	0	0
NR_183553.1	5152	4924.29	0	0
NR_183554.1	5023	4795.29	0	0
NR_183555.1	1199	971.293	18.2599	0.846039
NR_183556.1	1208	980.293	0	0
NR_183557.1	1211	983.293	0	0
NR_183558.1	1032	804.293	0	0
NR_183559.1	1029	801.293	0	0
NR_183560.1	1254	1026.29	0	0
NR_183561.1	1113	885.293	0	0
NR_183562.1	934	706.293	0	0
NR_183563.1	1394	1166.29	0	0
NR_183564.1	1397	1169.29	0	0
NR_183565.1	988	760.293	0	0
NR_183566.1	704	476.947	0	0
NR_183567.1	1024	796.293	0	0
NR_183568.1	799	571.487	0	0
NR_183569.1	802	574.487	0	0
NR_183570.1	699	471.947	0	0
NR_183571.1	702	474.947	0	0
NR_183572.1	2869	2641.29	0	0
NR_183573.1	1215	987.293	1	0.0455823
NR_183574.1	2944	2716.29	9.17632	0.152032
NR_183575.1	4017	3789.29	0	0
NR_183576.1	3566	3338.29	0	0
NR_183577.1	3569	3341.29	20.5518	0.276808
NR_183578.1	4169	3941.29	0	0
NR_183579.1	4461	4233.29	16.8583	0.179216
NR_183580.1	3500	3272.29	0	0
NR_183581.1	3706	3478.29	5.86273	0.0758536
NR_183582.1	4585	4357.29	0	0
NR_183583.1	4137	3909.29	0	0
NR_183584.1	4223	3995.29	0	0
NR_183585.1	1360	1132.29	0	0
NR_183586.1	1149	921.293	0	0
NR_183587.1	954	726.293	0	0
NR_183588.1	1041	813.293	0	0
NR_183589.1	1164	936.293	0	0
NR_183590.1	1201	973.293	0	0
NR_183591.1	1005	777.293	0	0
NR_183592.1	1150	922.293	0	0
NR_183593.1	901	673.361	0	0
NR_183594.1	1005	777.293	0	0
NR_183595.1	1178	950.293	0	0
NR_183596.1	1278	1050.29	0	0
NR_183597.1	1201	973.293	0	0
NR_183598.1	1250	1022.29	0	0
NR_183599.1	1088	860.293	0	0
NR_183600.1	1434	1206.29	0	0
NR_183601.1	1252	1024.29	0	0
NR_183602.1	1402	1174.29	0	0
NR_183603.1	1117	889.293	0	0
NR_183604.1	1040	812.293	0	0
NR_183605.1	845	617.427	0	0
NR_183606.1	761	533.648	0	0
NR_183608.1	557	333.141	0	0
NR_183610.1	2387	2159.29	1.00392	0.0209232
NR_183611.1	1261	1033.29	3	0.130659
NR_183612.1	1714	1486.29	3	0.0908362
NR_183614.1	1635	1407.29	0	0
NR_183615.1	2352	2124.29	0	0
NR_183616.1	3299	3071.29	12.6122	0.184804
NR_183617.1	926	698.293	0	0
NR_183620.1	4384	4156.29	21.7654	0.235669
NR_183622.1	1859	1631.29	9.74471	0.268831
NR_183624.1	3595	3367.29	9	0.120283
NR_183625.1	624	398.259	37.0698	4.18887
NR_183626.1	441	226.512	0	0
NR_183627.1	991	763.293	1.39116	0.0820216
NR_183630.1	1403	1175.29	0	0
NR_183631.1	1179	951.293	1	0.0473073
NR_183632.1	1243	1015.29	0	0
NR_183633.1	800	572.487	0	0
NR_183634.1	559	335.04	0	0
NR_183635.1	879	651.427	0	0
NR_183636.1	1981	1753.29	2	0.0513355
NR_183637.1	449	233.505	0	0
NR_183639.1	1622	1394.29	0	0
NR_183640.1	4909	4681.29	6	0.0576803
NR_183641.1	4336	4108.29	0	0
NR_183642.1	2575	2347.29	0	0
NR_183643.1	572	347.526	0	0
NR_183644.1	1077	849.293	0	0
NR_183645.1	857	629.427	1	0.0714984
NR_183646.1	743	515.753	0	0
NR_183647.1	676	449.451	0	0
NR_183648.1	770	542.487	0	0
NR_183649.1	545	321.964	0	0
NR_183650.1	612	386.495	5.01927	0.584438
NR_183651.1	771	543.487	0	0
NR_183652.1	484	265.13	0	0
NR_183653.1	481	262.672	0	0
NR_183655.1	1653	1425.29	19.8581	0.627011
NR_183656.1	1746	1518.29	0	0
NR_183657.1	1322	1094.29	0	0
NR_183658.1	1219	991.293	14.1419	0.64202
NR_183659.1	525	303.13	0	0
NR_183660.1	597	371.913	0	0
NR_183661.1	2145	1917.29	0	0
NR_183662.1	558	334.107	6	0.808179
NR_183663.1	3848	3620.29	3.02432	0.0375947
NR_183667.1	1155	927.293	1.24762	0.0605492
NR_183669.1	1001	773.293	0	0
NR_183670.1	1370	1142.29	0	0
NR_183671.1	699	471.947	0	0
NR_183672.1	3798	3570.29	0	0
NR_183673.1	3199	2971.29	3.07587	0.046587
NR_183674.1	1371	1143.29	1.65865	0.0652887
NR_183675.1	3421	3193.29	7	0.098651
NR_183676.1	1196	968.293	0	0
NR_183677.1	1157	929.293	0	0
NR_183678.1	1000	772.293	0	0
NR_183679.1	1341	1113.29	0	0
NR_183680.1	1182	954.293	0	0
NR_183681.1	1068	840.293	0	0
NR_183682.1	1034	806.293	0	0
NR_183683.1	1095	867.293	0	0
NR_183684.1	1128	900.293	0	0
NR_183685.1	1585	1357.29	0	0
NR_183686.1	1722	1494.29	0	0
NR_183687.1	594	368.988	0	0
NR_183688.1	835	607.427	0	0
NR_183689.1	773	545.487	0	0
NR_183690.1	532	309.634	0	0
NR_183691.1	505	284.56	0	0
NR_183692.1	849	621.427	0	0
NR_183693.1	873	645.427	0	0
NR_183694.1	596	370.951	0	0
NR_183695.1	1534	1306.29	0	0
NR_183696.1	1610	1382.29	0	0
NR_183697.1	1758	1530.29	0	0
NR_183698.1	1583	1355.29	0	0
NR_183699.1	1507	1279.29	4.00326	0.140827
NR_183700.1	1516	1288.29	1.43485	0.0501228
NR_183701.1	1309	1081.29	1.56515	0.0651409
NR_183702.1	1353	1125.29	0	0
NR_183703.1	1384	1156.29	0	0
NR_183704.1	1364	1136.29	0	0
NR_183705.1	1889	1661.29	0	0
NR_183706.1	1549	1321.29	0	0
NR_183707.1	1669	1441.29	6.58911	0.205739
NR_183708.1	1642	1414.29	13.0355	0.414792
NR_183709.1	2085	1857.29	0	0
NR_183711.1	1845	1617.29	0	0
NR_183712.1	1777	1549.29	0	0
NR_183713.1	578	353.315	5	0.636869
NR_183714.1	1679	1451.29	0	0
NR_183715.1	820	592.487	0	0
NR_183716.1	629	403.218	0	0
NR_183718.1	3209	2981.29	0	0
NR_183719.1	3235	3007.29	0	0
NR_183720.1	3246	3018.29	0	0
NR_183721.1	3810	3582.29	14.8186	0.186161
NR_183722.1	5216	4988.29	2	0.0180435
NR_183723.1	2156	1928.29	10	0.233383
NR_183724.1	2308	2080.29	6	0.129798
NR_183725.1	651	424.846	0	0
NR_183726.1	4242	4014.29	6	0.0672643
NR_183727.1	763	535.541	2.62709	0.220762
NR_183728.1	808	580.487	0	0
NR_183729.1	869	641.427	6.05769	0.425013
NR_183730.1	4722	4494.29	262.992	2.63344
NR_183731.1	4504	4276.29	0	0
NR_183733.1	2419	2191.29	16.0047	0.328692
NR_183734.1	2085	1857.29	0	0
NR_183735.1	1978	1750.29	0	0
NR_183736.1	2017	1789.29	0	0
NR_183737.1	2090	1862.29	0	0
NR_183738.1	664	437.717	1	0.102813
NR_183739.1	787	559.487	0	0
NR_183740.1	2419	2191.29	0	0
NR_183741.1	2708	2480.29	0	0
NR_183742.1	2322	2094.29	0	0
NR_183743.1	2145	1917.29	0	0
NR_183744.1	2276	2048.29	0	0
NR_183745.1	2634	2406.29	0	0
NR_183746.1	2440	2212.29	0	0
NR_183747.1	2309	2081.29	0	0
NR_183748.1	2474	2246.29	0	0
NR_183749.1	2333	2105.29	0	0
NR_183750.1	2305	2077.29	0	0
NR_183751.1	1013	785.293	0	0
NR_183752.1	1326	1098.29	1	0.0409755
NR_183753.1	802	574.487	0	0
NR_183754.1	503	282.705	0	0
NR_183755.1	2615	2387.29	0	0
NR_183756.1	2447	2219.29	0	0
NR_183757.1	2564	2336.29	6.93669	0.133619
NR_183758.1	3744	3516.29	52.9754	0.678003
NR_183759.1	2239	2011.29	9.41803	0.21073
NR_183760.1	3341	3113.29	0	0
NR_183761.1	453	236.993	0	0
NR_183762.1	970	742.293	0	0
NR_183765.1	809	581.487	0	0
NR_183766.1	2974	2746.29	4.00042	0.0655542
NR_183767.1	2839	2611.29	0	0
NR_183768.1	1549	1321.29	0	0
NR_183769.1	1414	1186.29	0	0
NR_183773.1	1323	1095.29	18	0.739579
NR_183774.1	487	267.803	0	0
NR_183776.1	646	419.888	0	0
NR_183777.1	2136	1908.29	0	0
NR_183778.1	2351	2123.29	0	0
NR_183779.1	2020	1792.29	7.99908	0.200851
NR_183780.1	2496	2268.29	0	0
NR_183781.1	1511	1283.29	0	0
NR_183782.1	2092	1864.29	0	0
NR_183783.1	2064	1836.29	0	0
NR_183784.1	2021	1793.29	0	0
NR_183785.1	2234	2006.29	0	0
NR_183786.1	1801	1573.29	0	0
NR_183787.1	2089	1861.29	0	0
NR_183788.1	2283	2055.29	0	0
NR_183789.1	2167	1939.29	0	0
NR_183790.1	1494	1266.29	0	0
NR_183791.1	9258	9030.29	4.26777	0.0212687
NR_183792.1	7142	6914.29	1.80326	0.0117369
NR_183793.1	7217	6989.29	6.79647e-07	4.37615e-09
NR_183794.1	9333	9105.29	5.07522e-05	2.50844e-07
NR_183795.1	3334	3106.29	0	0
NR_183796.1	3584	3356.29	0	0
NR_183797.1	3218	2990.29	3	0.0451492
NR_183798.1	4614	4386.29	0	0
NR_183799.1	4639	4411.29	0	0
NR_183800.1	4730	4502.29	0	0
NR_183801.1	4364	4136.29	4.01108	0.0436408
NR_183803.1	2661	2433.29	1.00056	0.018505
NR_183804.1	1724	1496.29	0	0
NR_183805.1	1892	1664.29	0	0
NR_183806.1	1832	1604.29	0	0
NR_183807.1	1618	1390.29	0	0
NR_183808.1	1721	1493.29	0	0
NR_183809.1	4963	4735.29	13.8771	0.131884
NR_183810.1	1112	884.293	0	0
NR_183811.1	1261	1033.29	0	0
NR_183812.1	451	235.213	13	2.48728
NR_183813.1	390	183.77	0	0
NR_183814.1	560	336.006	0	0
NR_183815.1	1150	922.293	0	0
NR_183816.1	1195	967.293	0	0
NR_183817.1	4817	4589.29	9.67163	0.094841
NR_183818.1	5115	4887.29	4.451	0.0409856
NR_183819.1	4704	4476.29	0	0
NR_183820.1	2567	2339.29	5.11721	0.0984443
NR_183821.1	969	741.293	0	0
NR_183822.1	1433	1205.29	0	0
NR_183823.1	1515	1287.29	3	0.104878
NR_183824.1	2202	1974.29	138.783	3.1635
NR_183825.1	2202	1974.29	0	0
NR_183826.1	1125	897.293	0	0
NR_183827.1	1220	992.293	0	0
NR_183828.1	900	672.361	30.2737	2.02631
NR_183829.1	1220	992.293	0	0
NR_183830.1	1361	1133.29	49.2514	1.95577
NR_183831.1	1361	1133.29	0	0
NR_183832.1	1632	1404.29	0	0
NR_183833.1	2343	2115.29	8.94646e-06	1.90337e-07
NR_183834.1	1279	1051.29	0	0
NR_183835.1	2263	2035.29	5.61191	0.124087
NR_183836.1	2694	2466.29	0	0
NR_183837.1	1281	1053.29	0	0
NR_183838.1	703	475.947	24.2224	2.29035
NR_183839.1	705	477.9	0	0
NR_183842.1	3074	2846.29	0	0
NR_183843.1	3040	2812.29	0	0
NR_183844.1	2958	2730.29	0	0
NR_183845.1	3254	3026.29	0	0
NR_183846.1	2598	2370.29	12.5382	0.238054
NR_183847.1	2602	2374.29	0	0
NR_183848.1	2602	2374.29	1.24246	0.0235499
NR_183849.1	2520	2292.29	0	0
NR_183850.1	2524	2296.29	0	0
NR_183851.1	359	159.675	0	0
NR_183852.1	397	189.558	0	0
NR_183853.1	955	727.293	0	0
NR_183854.1	799	571.487	0	0
NR_183855.1	1110	882.293	0	0
NR_183856.1	898	670.361	1	0.0671326
NR_183857.1	1318	1090.29	0	0
NR_183861.1	1184	956.293	0	0
NR_183862.1	1019	791.293	0	0
NR_183864.1	1287	1059.29	0	0
NR_183865.1	1122	894.293	0	0
NR_183866.1	823	595.427	0	0
NR_183867.1	723	495.802	0	0
NR_183868.1	1022	794.293	3.00164	0.170067
NR_183869.1	637	411.055	0	0
NR_183870.1	569	344.595	2	0.261194
NR_183871.1	2579	2351.29	5.8311	0.111606
NR_183872.1	2333	2105.29	40.1689	0.858657
NR_183873.1	752	524.701	0	0
NR_183874.1	379	175.043	0.0353827	0.00909677
NR_183875.1	793	565.487	1.44832	0.115261
NR_183876.1	1200	972.293	1	0.0462855
NR_183877.1	937	709.293	2.09209	0.132739
NR_183878.1	404	195.215	0.424206	0.0977927
NR_183879.1	462	244.971	0	0
NR_183880.1	4825	4597.29	8.08214	0.0791164
NR_183881.1	735	507.753	0	0
NR_183882.1	2232	2004.29	1.44542	0.0324545
NR_183883.1	4947	4719.29	0	0
NR_183884.1	1310	1082.29	0	0
NR_183885.1	1454	1226.29	0	0
NR_183886.1	1395	1167.29	0	0
NR_183887.1	1792	1564.29	0	0
NR_183888.1	1025	797.293	0	0
NR_183889.1	986	758.293	0	0
NR_183890.1	1207	979.293	0	0
NR_183891.1	1053	825.293	0	0
NR_183892.1	1057	829.293	0	0
NR_183893.1	1009	781.293	0	0
NR_183894.1	659	432.717	0	0
NR_183895.1	490	270.61	0	0
NR_183896.1	960	732.293	0	0
NR_183897.1	870	642.427	3.03802	0.212818
NR_183898.1	1021	793.293	0	0
NR_183899.1	500	280.02	0	0
NR_183900.1	527	304.945	0	0
NR_183901.1	918	690.293	1.0025	0.0653573
NR_183902.1	1658	1430.29	0	0
NR_183903.1	1815	1587.29	0	0
NR_183904.1	951	723.293	0	0
NR_183905.1	1752	1524.29	1.47812	0.04364
NR_183906.1	609	383.573	5.45523	0.640041
NR_183907.1	2169	1941.29	0	0
NR_183908.1	2062	1834.29	15.1728	0.372254
NR_183909.1	2121	1893.29	0	0
NR_183910.1	2157	1929.29	0	0
NR_183911.1	2957	2729.29	4.35032	0.071732
NR_183912.1	2954	2726.29	19.6497	0.324358
NR_183913.1	2996	2768.29	0	0
NR_183914.1	1888	1660.29	0	0
NR_183916.2	4608	4380.29	27.0594	0.278008
NR_183917.1	3256	3028.29	0	0
NR_183918.1	3527	3299.29	0	0
NR_183919.1	3438	3210.29	0	0
NR_183920.1	3333	3105.29	4.07184	0.0590106
NR_183924.1	1404	1176.29	0	0
NR_183925.1	1354	1126.29	0	0
NR_183926.1	1236	1008.29	0	0
NR_183927.1	1396	1168.29	0	0
NR_183928.1	1256	1028.29	0	0
NR_183929.1	1197	969.293	0	0
NR_183930.1	1138	910.293	0	0
NR_183931.1	1376	1148.29	0	0
NR_183932.1	1278	1050.29	0	0
NR_183933.1	1295	1067.29	0	0
NR_183934.1	1367	1139.29	0	0
NR_183935.1	1368	1140.29	0	0
NR_183936.1	1315	1087.29	0	0
NR_183937.1	2079	1851.29	0	0
NR_183938.1	2256	2028.29	0	0
NR_183939.1	1334	1106.29	0	0
NR_183940.1	4160	3932.29	12.9581	0.148299
NR_183941.1	1688	1460.29	0	0
NR_183942.1	1035	807.293	0	0
NR_183943.1	828	600.427	0	0
NR_183944.1	946	718.293	0	0
NR_183945.1	1141	913.293	0	0
NR_183946.1	1717	1489.29	0	0
NR_183947.1	1806	1578.29	0	0
NR_183948.1	1680	1452.29	0	0
NR_183949.1	1599	1371.29	0	0
NR_183950.1	1887	1659.29	0	0
NR_183951.1	1829	1601.29	0	0
NR_183952.1	4241	4013.29	0	0
NR_183953.1	789	561.487	0	0
NR_183954.1	739	511.753	0	0
NR_183955.1	2392	2164.29	0	0
NR_183956.1	2702	2474.29	0	0
NR_183957.1	2396	2168.29	0	0
NR_183958.1	2546	2318.29	0	0
NR_183959.1	1469	1241.29	0	0
NR_183960.1	2698	2470.29	0	0
NR_183962.1	1834	1606.29	0	0
NR_183963.1	2140	1912.29	0	0
NR_183964.1	2943	2715.29	10.6346	0.176258
NR_183965.1	2925	2697.29	11.3654	0.189626
NR_183966.1	746	518.701	1.23032	0.106744
NR_183967.1	574	349.421	2.76968	0.356716
NR_183968.1	1003	775.293	37.3389	2.1674
NR_183969.1	1385	1157.29	0	0
NR_183970.1	1381	1153.29	21.4659	0.83763
NR_183971.1	3830	3602.29	25.437	0.317782
NR_183972.1	780	552.487	40.2807	3.28109
NR_183973.1	2302	2074.29	2.66808	0.0578856
NR_183974.1	2079	1851.29	2.15399	0.0523614
NR_183975.1	423	211.123	2	0.426322
NR_183976.1	2151	1923.29	0	0
NR_183977.1	2088	1860.29	4.29017	0.103785
NR_183978.1	2316	2088.29	0	0
NR_183979.1	2261	2033.29	0	0
NR_183980.1	1764	1536.29	0	0
NR_183981.1	1447	1219.29	2	0.0738183
NR_183982.1	713	485.852	0	0
NR_183983.1	605	379.687	0	0
NR_183984.1	475	257.02	0	0
NR_183988.1	1142	914.293	0	0
NR_183991.1	2163	1935.29	0	0
NR_183992.1	4443	4215.29	6.5568	0.0700014
NR_183993.1	2055	1827.29	0	0
NR_183994.1	4024	3796.29	2.12836	0.0252306
NR_183995.1	2826	2598.29	0	0
NR_183996.1	1102	874.293	0	0
NR_183997.1	1210	982.293	0	0
NR_183998.1	3066	2838.29	18.0991	0.286974
NR_183999.1	3490	3262.29	1.1107e-05	1.5322e-07
NR_184000.1	3622	3394.29	15.4706	0.205116
NR_184001.1	1229	1001.29	0	0
NR_184002.1	3382	3154.29	0	0
NR_184003.1	1521	1293.29	8.12112	0.282593
NR_184004.1	3675	3447.29	7.63605	0.0996857
NR_184005.1	3796	3568.29	8.51729	0.10742
NR_184006.1	1408	1180.29	0	0
NR_184007.1	1292	1064.29	0	0
NR_184008.1	1400	1172.29	5.56847	0.213768
NR_184009.1	1939	1711.29	0	0
NR_184010.1	1571	1343.29	2.74193	0.0918604
NR_184011.1	5309	5081.29	5.82061e-05	5.1551e-07
NR_184012.1	5148	4920.29	0	0
NR_184013.1	5387	5159.29	0	0
NR_184014.1	5268	5040.29	0	0
NR_184015.1	5312	5084.29	0	0
NR_184016.1	5431	5203.29	0	0
NR_184017.1	5267	5039.29	5.09229	0.0454764
NR_184018.1	1388	1160.29	0	0
NR_184019.1	1306	1078.29	7	0.292148
NR_184020.1	1031	803.293	46.0726	2.58113
NR_184021.1	717	489.852	1	0.0918709
NR_184022.1	691	464.041	0	0
NR_184023.1	408	198.624	0	0
NR_184024.1	2546	2318.29	4	0.0776487
NR_184025.1	3510	3282.29	0	0
NR_184026.1	422	210.345	0	0
NR_184027.1	3385	3157.29	0.00102653	1.46318e-05
NR_184028.1	3366	3138.29	4.03002	0.0577904
NR_184029.1	2366	2138.29	0	0
NR_184030.1	2224	1996.29	2.00033	0.0450941
NR_184031.1	948	720.293	0	0
NR_184032.1	1061	833.293	2	0.108013
NR_184033.1	2688	2460.29	11.3997	0.20852
NR_184034.1	2598	2370.29	0	0
NR_184035.1	1816	1588.29	0	0
NR_184036.1	811	583.487	0	0
NR_184037.1	3418	3190.29	25.7068	0.362627
NR_184038.1	4955	4727.29	10.5051	0.100007
NR_184039.1	4505	4277.29	4.79122	0.0504103
NR_184040.1	345	148.943	0	0
NR_184041.1	3644	3416.29	0	0
NR_184042.1	3560	3332.29	0	0
NR_184043.1	4224	3996.29	0	0
NR_184044.1	4413	4185.29	0	0
NR_184045.1	4011	3783.29	0	0
NR_184046.1	3242	3014.29	0	0
NR_184047.1	3822	3594.29	0	0
NR_184048.1	2046	1818.29	0	0
NR_184049.1	2235	2007.29	0	0
NR_184050.1	9921	9693.29	38.5203	0.178838
NR_184051.1	2776	2548.29	2.11402e-06	3.73337e-08
NR_184052.1	2748	2520.29	8.00967	0.143023
NR_184053.1	685	458.134	0	0
NR_184056.1	4778	4550.29	1.54215	0.0152521
NR_184057.1	3674	3446.29	12.7172	0.166066
NR_184058.1	1109	881.293	0	0
NR_184059.1	1243	1015.29	1.84539	0.0817973
NR_184060.1	873	645.427	0	0
NR_184061.1	926	698.293	0	0
NR_184062.1	792	564.487	0	0
NR_184064.1	9822	9594.29	76.4215	0.358463
NR_184065.1	9934	9706.29	9.39291e-06	4.35501e-08
NR_184066.1	9930	9702.29	1.65282e-05	7.66642e-08
NR_184067.1	996	768.293	0	0
NR_184068.1	714	486.852	0	0
NR_184069.1	1135	907.293	0	0
NR_184070.1	850	622.427	0	0
NR_184071.1	1337	1109.29	0	0
NR_184072.1	1461	1233.29	39	1.42312
NR_184073.1	1491	1263.29	0	0
NR_184074.1	942	714.293	0	0
NR_184075.1	1102	874.293	0	0
NR_184076.1	1745	1517.29	2	0.0593202
NR_184077.1	1798	1570.29	0	0
NR_184078.1	1808	1580.29	0	0
NR_184079.1	1451	1223.29	0	0
NR_184080.1	1461	1233.29	0	0
NR_184081.1	1627	1399.29	0	0
NR_184082.1	1684	1456.29	0	0
NR_184083.1	1792	1564.29	0	0
NR_184084.1	2815	2587.29	0	0
NR_184085.1	1341	1113.29	0	0
NR_184086.1	889	661.427	0	0
NR_184087.1	936	708.293	0	0
NR_184088.1	1939	1711.29	0	0
NR_184089.1	1618	1390.29	0	0
NR_184090.1	1804	1576.29	7.12779	0.203498
NR_184091.1	562	337.904	0	0
NR_184092.1	649	422.846	0	0
NR_184093.1	1867	1639.29	0	0
NR_184094.1	2925	2697.29	0	0
NR_184095.1	1451	1223.29	0	0
NR_184096.1	788	560.487	0	0
NR_184097.1	686	459.134	1	0.0980174
NR_184098.1	1442	1214.29	12.9806	0.481076
NR_184099.1	2186	1958.29	55.2979	1.27079
NR_184100.1	1172	944.293	0	0
NR_184101.1	428	215.312	0	0
NR_184102.1	495	275.303	1.43286	0.234227
NR_184103.1	1160	932.293	17.5671	0.84799
NR_184104.1	654	427.803	0	0
NR_184105.1	3758	3530.29	10	0.127477
NR_184106.1	699	471.947	4.27331	0.407486
NR_184107.1	3382	3154.29	5.2463	0.0748503
NR_184108.1	1243	1015.29	0	0
NR_184109.1	1871	1643.29	0	0
NR_184110.1	1187	959.293	0	0
NR_184111.1	1019	791.293	0	0
NR_184112.1	1183	955.293	0	0
NR_184113.1	1015	787.293	0	0
NR_184114.1	3518	3290.29	0	0
NR_184115.1	3488	3260.29	0	0
NR_184116.1	5762	5534.29	0	0
NR_184117.1	3648	3420.29	0	0
NR_184118.1	3432	3204.29	0	0
NR_184119.1	5657	5429.29	2.3865	0.0197816
NR_184120.1	1076	848.293	3	0.159154
NR_184121.1	1381	1153.29	0	0
NR_184122.1	1977	1749.29	0	0
NR_184123.1	1921	1693.29	0	0
NR_184124.1	3028	2800.29	2.09029	0.0335927
NR_184125.1	1398	1170.29	0	0
NR_184126.1	1349	1121.29	0	0
NR_184127.1	1453	1225.29	0	0
NR_184128.1	1454	1226.29	0	0
NR_184129.1	1293	1065.29	0	0
NR_184130.1	1330	1102.29	0	0
NR_184131.1	3660	3432.29	0	0
NR_184132.1	3623	3395.29	0	0
NR_184133.1	500	280.02	0	0
NR_184134.1	477	258.967	0	0
NR_184136.1	793	565.487	4.92921	0.392281
NR_184137.1	759	531.648	16.187	1.37021
NR_184138.1	758	530.648	5.88374	0.498987
NR_184139.1	709	481.852	0	0
NR_184140.1	698	470.947	0	0
NR_184141.1	908	680.293	0	0
NR_184142.1	1258	1030.29	0	0
NR_184143.1	536	313.414	0	0
NR_184144.1	709	481.852	0	0
NR_184145.1	1330	1102.29	0	0
NR_184146.1	818	590.487	0	0
NR_184147.1	771	543.487	0	0
NR_184148.1	700	472.947	0	0
NR_184149.1	802	574.487	0	0
NR_184150.1	755	527.701	2.97017	0.2533
NR_184151.1	2003	1775.29	11.8111	0.299407
NR_184152.1	2002	1774.29	25.5727	0.648624
NR_184153.1	371	168.6	0	0
NR_184154.1	363	162.855	0	0
NR_184155.1	527	304.945	0	0
NR_184156.1	896	668.361	0	0
NR_184157.1	616	390.417	1.99762	0.230264
NR_184158.1	1085	857.293	0	0
NR_184159.1	618	392.338	0.0023848	0.000273548
NR_184160.1	933	705.293	0	0
NR_184163.1	1653	1425.29	0	0
NR_184164.1	1442	1214.29	0.902568	0.0334502
NR_184165.1	1318	1090.29	0	0
NR_184166.1	1286	1058.29	0	0
NR_184167.1	1322	1094.29	2.5106	0.103249
NR_184168.1	1189	961.293	0	0
NR_184169.1	1327	1099.29	0	0
NR_184170.1	3505	3277.29	136.609	1.87588
NR_184171.1	958	730.293	0	0
NR_184172.1	3231	3003.29	30	0.449537
NR_184173.1	1246	1018.29	0	0
NR_184174.1	440	225.63	4.51481	0.900505
NR_184175.1	682	455.179	4.32139	0.427251
NR_184176.1	1504	1276.29	20.9273	0.737914
NR_184177.1	790	562.487	11.7058	0.936553
NR_184178.1	1380	1152.29	0	0
NR_184179.1	1258	1030.29	0	0
NR_184180.1	764	536.541	6.731	0.564572
NR_184181.1	383	178.191	0	0
NR_184182.1	491	271.527	3.89241	0.645132
NR_184183.1	718	490.852	0	0
NR_184184.1	711	483.852	0	0
NR_184185.1	656	429.76	0	0
NR_184186.1	773	545.487	0	0
NR_184187.1	1056	828.293	0	0
NR_184188.1	914	686.293	1	0.0655741
NR_184189.1	983	755.293	0	0
NR_184190.1	831	603.427	0	0
NR_184191.1	780	552.487	0	0
NR_184192.1	2186	1958.29	0	0
NR_184193.1	2037	1809.29	0	0
NR_184194.1	894	666.361	0	0
NR_184195.1	939	711.293	0	0
NR_184196.1	2210	1982.29	0	0
NR_184197.1	2061	1833.29	0	0
NR_184198.1	905	677.361	0	0
NR_184199.1	702	474.947	0	0
NR_184200.1	1236	1008.29	0	0
NR_184201.1	1380	1152.29	0	0
NR_184202.1	3330	3102.29	39.056	0.566562
NR_184203.1	2072	1844.29	1.18016	0.0287974
NR_184204.1	847	619.427	0	0
NR_184205.1	1158	930.293	0	0
NR_184206.1	1057	829.293	0	0
NR_184208.1	3202	2974.29	77.4848	1.1724
NR_184209.1	3486	3258.29	0	0
NR_184210.1	2623	2395.29	0	0
NR_184211.1	895	667.361	0	0
NR_184212.1	2379	2151.29	0	0
NR_184213.1	1179	951.293	0	0
NR_184214.1	2390	2162.29	0	0
NR_184215.1	1132	904.293	0	0
NR_184216.1	1206	978.293	0	0
NR_184217.1	1039	811.293	0	0
NR_184218.1	2305	2077.29	0	0
NR_184219.1	2398	2170.29	0	0
NR_184220.1	1033	805.293	0	0
NR_184221.1	2217	1989.29	0	0
NR_184222.1	1123	895.293	0	0
NR_184223.1	1084	856.293	0	0
NR_184225.1	2426	2198.29	3.63419	0.0743986
NR_184226.1	2420	2192.29	0	0
NR_184227.1	2821	2593.29	6.5653	0.113932
NR_184228.1	1868	1640.29	3.39209	0.0930653
NR_184229.1	682	455.179	8.4472	0.835165
NR_184230.1	4040	3812.29	6.65876	0.0786049
NR_184231.1	4113	3885.29	60.1883	0.697157
NR_184232.1	4149	3921.29	0	0
NR_184233.1	4222	3994.29	21.1752	0.238578
NR_184234.1	449	233.505	0	0
NR_184236.1	2207	1979.29	0	0
NR_184237.1	2402	2174.29	0	0
NR_184238.1	1983	1755.29	0	0
NR_184239.1	1649	1421.29	0	0
NR_184240.1	2058	1830.29	0	0
NR_184241.1	2043	1815.29	0	0
NR_184242.1	2396	2168.29	0	0
NR_184243.1	1813	1585.29	0	0
NR_184244.1	1770	1542.29	0	0
NR_184245.1	1994	1766.29	0	0
NR_184246.1	2037	1809.29	0	0
NR_184247.1	1940	1712.29	0	0
NR_184249.1	2128	1900.29	1	0.0236822
NR_184250.1	1692	1464.29	0	0
NR_184251.1	1697	1469.29	2	0.0612581
NR_184252.1	2634	2406.29	0	0
NR_184253.1	1550	1322.29	0	0
NR_184255.1	2133	1905.29	11.3245	0.267486
NR_184256.1	2106	1878.29	0	0
NR_184257.1	2078	1850.29	0	0
NR_184258.1	2105	1877.29	0	0
NR_184259.1	669	442.629	1.37457	0.139755
NR_184260.1	641	415.014	2.67484	0.290053
NR_184261.1	556	332.141	0	0
NR_184262.1	391	184.59	0	0
NR_184263.1	895	667.361	0	0
NR_184264.1	884	656.427	0	0
NR_184265.1	1113	885.293	0	0
NR_184266.1	859	631.427	0	0
NR_184267.1	1138	910.293	0	0
NR_184268.1	4817	4589.29	0	0
NR_184269.1	2103	1875.29	0	0
NR_184271.1	1046	818.293	0	0
NR_184272.1	1042	814.293	0	0
NR_184273.1	2708	2480.29	1.14655	0.0208034
NR_184274.1	2785	2557.29	0	0
NR_184275.1	2858	2630.29	0	0
NR_184276.1	2853	2625.29	0	0
NR_184277.1	3318	3090.29	8.53945	0.124358
NR_184278.1	2230	2002.29	4.31438	0.096969
NR_184279.1	1697	1469.29	0	0
NR_184280.1	1359	1131.29	0	0
NR_184281.1	1274	1046.29	0	0
NR_184282.1	1248	1020.29	0	0
NR_184283.1	1049	821.293	0	0
NR_184284.1	497	277.191	0	0
NR_184285.1	1473	1245.29	0	0
NR_184286.1	1147	919.293	0	0
NR_184287.1	1492	1264.29	0	0
NR_184288.1	1375	1147.29	0	0
NR_184289.1	1334	1106.29	0	0
NR_184290.1	976	748.293	0	0
NR_184291.1	1347	1119.29	0	0
NR_184292.1	1808	1580.29	0	0
NR_184293.1	1543	1315.29	0	0
NR_184294.1	1498	1270.29	0	0
NR_184295.1	1172	944.293	0	0
NR_184296.1	1218	990.293	0	0
NR_184297.1	1145	917.293	1	0.0490607
NR_184298.1	886	658.427	0	0
NR_184299.1	1257	1029.29	0	0
NR_184300.1	1212	984.293	0	0
NR_184301.1	2282	2054.29	0	0
NR_184302.1	2541	2313.29	0	0
NR_184303.1	843	615.427	0	0
NR_184304.1	1166	938.293	0	0
NR_184305.1	1172	944.293	0	0
NR_184306.1	1144	916.293	15.1375	0.743465
NR_184307.2	2272	2044.29	0	0
NR_184308.1	2164	1936.29	0	0
NR_184309.1	1530	1302.29	0	0
NR_184310.1	1653	1425.29	0	0
NR_184311.1	1351	1123.29	46.7047	1.87115
NR_184312.1	1073	845.293	13.3131	0.708786
NR_184313.1	1210	982.293	0	0
NR_184314.1	1213	985.293	27.9822	1.27808
NR_184316.1	4899	4671.29	0	0
NR_184317.1	5142	4914.29	0	0
NR_184318.1	5125	4897.29	0	0
NR_184319.1	337	143.078	0	0
NR_184320.1	1550	1322.29	1	0.0340341
NR_184321.1	1367	1139.29	0	0
NR_184322.1	1090	862.293	0	0
NR_184323.1	1702	1474.29	0	0
NR_184324.1	1799	1571.29	0	0
NR_184325.1	1723	1495.29	0	0
NR_184326.1	1820	1592.29	0	0
NR_184327.1	1338	1110.29	0	0
NR_184328.1	1276	1048.29	1.00296	0.0430571
NR_184329.1	1373	1145.29	0	0
NR_184330.1	1538	1310.29	0	0
NR_184331.1	928	700.293	0	0
NR_184332.1	881	653.427	0	0
NR_184333.1	1007	779.293	0	0
NR_184334.1	849	621.427	0	0
NR_184335.1	828	600.427	0	0
NR_184337.1	1458	1230.29	0	0
NR_184338.1	1684	1456.29	0	0
NR_184339.1	1909	1681.29	1.00845	0.026993
NR_184340.1	2975	2747.29	0	0
NR_184341.1	420	208.678	0	0
NR_184342.1	1967	1739.29	0	0
NR_184343.1	2109	1881.29	0	0
NR_184344.1	2086	1858.29	0	0
NR_184345.1	2111	1883.29	0	0
NR_184346.1	2088	1860.29	0	0
NR_184348.1	1970	1742.29	5	0.129149
NR_184349.1	2046	1818.29	0	0
NR_184350.1	2253	2025.29	0	0
NR_184402.1	5069	4841.29	0	0
NR_184444.1	5241	5013.29	0	0
NR_184445.1	5064	4836.29	0	0
NR_184562.1	1351	1123.29	7.69557	0.308312
NR_184563.1	7728	7500.29	0	0
NR_185097.1	341	145.916	59.5383	18.3627
NR_185098.1	527	304.945	3.46165	0.510862
NR_185320.1	825	597.427	4.48537	0.337875
NR_185471.1	3473	3245.29	6	0.0832031
NR_185478.1	3397	3169.29	21.1913	0.300911
NR_185480.1	2035	1807.29	0	0
NR_185482.1	7871	7643.29	72.3576	0.426036
NR_185499.1	291	111.803	0	0
NR_185500.1	1597	1369.29	6	0.197196
NR_185501.1	1161	933.293	0	0
NR_185827.1	890	662.427	0	0
NR_185828.1	2188	1960.29	0	0
NR_185829.1	2311	2083.29	603.61	13.0391
NR_185830.1	2192	1964.29	442.114	10.1291
NR_185831.1	2258	2030.29	35.5523	0.788046
NR_185834.1	2513	2285.29	0	0
NR_185835.1	1607	1379.29	0	0
NR_185836.1	2162	1934.29	0	0
NR_185837.1	2099	1871.29	0	0
NR_185838.1	2778	2550.29	0	0
NR_185839.1	2607	2379.29	0	0
NR_185840.1	3246	3018.29	0	0
NR_185841.1	1726	1498.29	0	0
NR_185842.1	1853	1625.29	0	0
NR_185843.2	1721	1493.29	3.49717	0.105394
NR_185844.2	1294	1066.29	2.50283	0.105632
NR_185845.2	1712	1484.29	0	0
NR_185846.1	2517	2289.29	43.4035	0.853229
NR_185847.1	1010	782.293	0	0
NR_185848.1	4332	4104.29	15.2318	0.167014
NR_185849.1	971	743.293	3.57472	0.216433
NR_185850.1	1642	1414.29	0	0
NR_185851.1	2237	2009.29	2.99255	0.0670256
NR_185852.1	1720	1492.29	0	0
NR_185853.1	1934	1706.29	0	0
NR_185854.1	1811	1583.29	0	0
NR_185855.1	1651	1423.29	3.93823	0.124523
NR_185856.1	1853	1625.29	0	0
NR_185857.1	2166	1938.29	3.75799	0.0872525
NR_185858.1	1558	1330.29	0	0
NR_185859.1	1820	1592.29	0	0
NR_185860.1	1721	1493.29	0	0
NR_185861.1	1435	1207.29	0	0
NR_185862.1	1561	1333.29	0	0
NR_185863.1	1694	1466.29	0	0
NR_185864.1	1729	1501.29	0	0
NR_185865.1	1563	1335.29	0	0
NR_185866.1	1470	1242.29	0	0
NR_185867.1	2295	2067.29	5.6439	0.122863
NR_185868.1	2826	2598.29	0	0
NR_185869.1	2692	2464.29	0	0
NR_185870.1	2835	2607.29	0	0
NR_185871.1	2425	2197.29	0	0
NR_185872.1	2321	2093.29	0	0
NR_185873.1	2312	2084.29	0	0
NR_185874.1	1584	1356.29	0	0
NR_185875.1	2282	2054.29	0	0
NR_185876.1	1478	1250.29	0	0
NR_185877.1	5492	5264.29	33.3725	0.285293
NR_185878.1	2539	2311.29	0	0
NR_185879.1	2753	2525.29	0	0
NR_185880.1	664	437.717	0	0
NR_185881.1	2353	2125.29	17.4695	0.369917
NR_185882.1	1858	1630.29	60.8178	1.67883
NR_185883.1	3646	3418.29	17.7224	0.233322
NR_185884.1	351	153.209	0	0
NR_185885.1	1621	1393.29	5.94966	0.192173
NR_185886.1	699	471.947	16.9591	1.61715
NR_185887.1	1766	1538.29	4	0.117021
NR_185888.1	1099	871.293	0	0
NR_185889.1	706	478.9	1	0.0939718
NR_185890.1	572	347.526	15	1.94243
NR_185891.1	1406	1178.29	2	0.0763869
NR_185892.1	811	583.487	0	0
NR_185893.1	808	580.487	0	0
NR_185896.1	821	593.487	0	0
NR_185897.1	1333	1105.29	120	4.88592
NR_185898.1	2208	1980.29	0	0
NR_185899.1	2123	1895.29	0	0
NR_185900.1	4303	4075.29	0	0
NR_185901.1	4188	3960.29	0	0
NR_185902.1	2088	1860.29	2.2927	0.0554636
NR_185903.1	3557	3329.29	3.06265	0.0413988
NR_185904.1	4174	3946.29	0	0
NR_185905.1	3642	3414.29	0	0
NR_185906.1	3896	3668.29	0	0
NR_185907.1	3861	3633.29	0	0
NR_185910.1	787	559.487	4	0.321745
NR_185911.1	3170	2942.29	1	0.0152952
NR_185912.1	2401	2173.29	70.7177	1.46437
NR_185913.1	4667	4439.29	12.0349	0.122003
NR_185914.2	5009	4781.29	61.2865	0.576849
NR_185915.1	5026	4798.29	0.47217	0.00442847
NR_185916.1	5092	4864.29	0	0
NR_185917.1	4738	4510.29	4.28538	0.042759
NR_185918.1	3899	3671.29	14.0274	0.171949
NR_185919.1	305	120.879	0	0
NR_185920.1	1082	854.293	13.4361	0.707796
NR_185921.1	1180	952.293	0.902347	0.0426427
NR_185922.1	932	704.293	3.15625	0.201679
NR_185923.1	1106	878.293	0	0
NR_185924.1	1019	791.293	0	0
NR_185925.1	1060	832.293	0	0
NR_185926.1	1193	965.293	0	0
NR_185927.1	1122	894.293	0	0
NR_185928.1	1064	836.293	15.0055	0.807485
NR_185929.1	1078	850.293	10.3302	0.546742
NR_185930.1	1184	956.293	0	0
NR_185931.1	865	637.427	0.0052783	0.000372654
NR_185932.1	1082	854.293	0	0
NR_185933.1	1983	1755.29	63	1.61523
NR_185934.1	1261	1033.29	0	0
NR_185935.1	773	545.487	2.33375	0.192536
NR_185936.1	1174	946.293	0	0
NR_185937.1	1134	906.293	0	0
NR_185938.1	802	574.487	0	0
NR_185939.1	1102	874.293	4.18783	0.215563
NR_185940.1	1169	941.293	0	0
NR_185941.1	1153	925.293	0	0
NR_185942.1	1178	950.293	0	0
NR_185943.1	1020	792.293	7.80108	0.443109
NR_185944.1	1248	1020.29	10.8672	0.47933
NR_185945.1	1048	820.293	25.1766	1.38124
NR_185946.1	1344	1116.29	0	0
NR_185947.1	983	755.293	0	0
NR_185948.1	948	720.293	0	0
NR_185949.1	1339	1111.29	0	0
NR_185950.1	1241	1013.29	20.0694	0.891334
NR_185951.1	1257	1029.29	0	0
NR_185952.1	994	766.293	0	0
NR_185953.1	966	738.293	0	0
NR_185954.1	1267	1039.29	0	0
NR_185955.1	1015	787.293	3.15137e-06	1.80138e-07
NR_185956.1	1189	961.293	0	0
NR_185957.1	964	736.293	0	0
NR_185958.1	1230	1002.29	0	0
NR_185959.1	1091	863.293	0	0
NR_185960.1	1221	993.293	6.7158	0.304272
NR_185961.1	1343	1115.29	0	0
NR_185962.1	887	659.427	0	0
NR_185963.1	1169	941.293	0	0
NR_185964.1	1225	997.293	0	0
NR_185965.1	1055	827.293	20.9092	1.13742
NR_185966.1	1075	847.293	0	0
NR_185967.1	695	468.041	12.5726	1.20888
NR_185968.1	1256	1028.29	0	0
NR_185969.1	943	715.293	0.00122175	7.68669e-05
NR_185970.1	1234	1006.29	0	0
NR_185971.1	4934	4706.29	105.974	1.01336
NR_185972.1	1013	785.293	0	0
NR_185973.1	1252	1024.29	0	0
NR_185974.1	1138	910.293	0	0
NR_185976.1	548	324.67	0.803116	0.111321
NR_185977.1	911	683.293	3	0.197586
NR_185978.1	2116	1888.29	22	0.524319
NR_185979.1	1435	1207.29	29.6001	1.10337
NR_185980.1	6657	6429.29	15.7187	0.110026
NR_185981.1	1742	1514.29	10.0942	0.299988
NR_185982.1	10342	10114.3	0	0
NR_185983.1	10468	10240.3	0	0
NR_185984.1	10542	10314.3	0	0
NR_185985.1	10591	10363.3	0	0
NR_185986.1	10416	10188.3	0	0
NR_185987.1	10509	10281.3	0	0
NR_185988.1	10192	9964.29	0	0
NR_185989.1	10173	9945.29	0	0
NR_185990.1	10325	10097.3	0	0
NR_185991.1	10318	10090.3	0	0
NR_185992.1	341	145.916	2	0.616836
NR_185993.1	10392	10164.3	0	0
NR_185994.1	9998	9770.29	7.98193e-07	3.67657e-09
NR_185995.1	10115	9887.29	0	0
NR_185996.1	10063	9835.29	0	0
NR_185997.1	9995	9767.29	1.21608e-06	5.60311e-09
NR_185998.1	10161	9933.29	0	0
NR_185999.1	1228	1000.29	6	0.269939
NR_186000.1	3313	3085.29	8.47195	0.123575
NR_186001.1	8703	8475.29	0.00010672	5.66673e-07
NR_186002.1	9169	8941.29	327.994	1.65085
NR_186003.1	2421	2193.29	0	0
NR_186004.1	2362	2134.29	0	0
NR_186005.1	410	200.199	0	0
NR_186006.1	2268	2040.29	0	0
NR_186007.1	2108	1880.29	0	0
NR_186008.1	405	196.152	0	0
NR_186009.1	2677	2449.29	3.10378	0.0570285
NR_186010.1	919	691.293	0	0
NR_186011.1	822	594.427	0	0
NR_186012.1	3026	2798.29	0	0
NR_186013.1	2791	2563.29	0	0
NR_186014.1	2762	2534.29	0	0
NR_186015.1	638	412.014	3	0.327681
NR_186016.1	2429	2201.29	0	0
NR_186017.1	2356	2128.29	0	0
NR_186018.1	421	209.523	3	0.644366
NR_186019.1	1113	885.293	0	0
NR_186020.1	1248	1020.29	0	0
NR_186021.1	1218	990.293	0	0
NR_186022.1	1146	918.293	0	0
NR_186023.1	1219	991.293	0	0
NR_186024.1	1473	1245.29	0	0
NR_186025.1	1545	1317.29	0	0
NR_186026.1	1475	1247.29	0	0
NR_186027.1	1371	1143.29	0	0
NR_186028.1	1449	1221.29	0	0
NR_186029.1	1185	957.293	0	0
NR_186030.1	3156	2928.29	3	0.0461051
NR_186031.1	5070	4842.29	2	0.0185875
NR_186032.1	5214	4986.29	0	0
NR_186033.1	3076	2848.29	5.40003	0.0853205
NR_186034.1	569	344.595	239.515	31.2799
NR_186035.1	791	563.487	1	0.0798654
NR_186036.1	2829	2601.29	0	0
NR_186037.1	1800	1572.29	0	0
NR_186038.1	2667	2439.29	0	0
NR_186039.1	1632	1404.29	0	0
NR_186040.1	2499	2271.29	0	0
NR_186041.1	1972	1744.29	0	0
NR_186042.1	2275	2047.29	0	0
NR_186043.1	545	321.964	4	0.559107
NR_186044.1	921	693.293	0	0
NR_186045.1	578	353.315	2.42156	0.308443
NR_186046.1	888	660.427	14.5784	0.993409
NR_186047.1	2995	2767.29	156.522	2.54544
NR_186051.1	2432	2204.29	0	0
NR_186052.1	2590	2362.29	0	0
NR_186053.1	2574	2346.29	0	0
NR_186054.1	2934	2706.29	0	0
NR_186055.1	2536	2308.29	0	0
NR_186056.1	2520	2292.29	0	0
NR_186057.1	1864	1636.29	0	0
NR_186058.1	1998	1770.29	0	0
NR_186059.1	1888	1660.29	0	0
NR_186060.1	2070	1842.29	0	0
NR_186061.1	2476	2248.29	0	0
NR_186062.1	2394	2166.29	0	0
NR_186063.1	2463	2235.29	0	0
NR_186064.1	1879	1651.29	0	0
NR_186065.1	2716	2488.29	0	0
NR_186066.1	2933	2705.29	0	0
NR_186067.1	2730	2502.29	0	0
NR_186068.1	2767	2539.29	0	0
NR_186069.1	2960	2732.29	0	0
NR_186070.1	2819	2591.29	0	0
NR_186071.1	2670	2442.29	0	0
NR_186072.1	3002	2774.29	0	0
NR_186073.1	2098	1870.29	0	0
NR_186074.1	2889	2661.29	0	0
NR_186075.1	633	407.137	15.8583	1.7529
NR_186076.1	2811	2583.29	0	0
NR_186077.1	3086	2858.29	0	0
NR_186078.1	2831	2603.29	0	0
NR_186079.1	2835	2607.29	0	0
NR_186080.1	2500	2272.29	0	0
NR_186081.1	2496	2268.29	0	0
NR_186082.1	1773	1545.29	1	0.0291227
NR_186083.1	640	414.014	1.05282	0.114441
NR_186084.1	1642	1414.29	50.2889	1.6002
NR_186085.1	912	684.293	25	1.64414
NR_186086.1	509	288.355	0	0
NR_186087.1	2474	2246.29	0	0
NR_186088.1	2416	2188.29	0	0
NR_186089.1	1770	1542.29	0	0
NR_186090.1	2651	2423.29	0	0
NR_186091.1	2528	2300.29	0	0
NR_186092.1	1815	1587.29	0	0
NR_186093.1	2273	2045.29	0	0
NR_186094.1	2746	2518.29	0	0
NR_186095.1	2220	1992.29	0	0
NR_186096.1	2533	2305.29	0	0
NR_186097.1	2349	2121.29	0	0
NR_186098.1	2811	2583.29	0	0
NR_186099.1	2387	2159.29	0	0
NR_186100.1	2208	1980.29	0	0
NR_186101.1	2666	2438.29	0	0
NR_186102.1	2673	2445.29	0	0
NR_186103.1	2094	1866.29	0	0
NR_186104.1	2828	2600.29	0	0
NR_186105.1	1978	1750.29	0	0
NR_186106.1	2121	1893.29	0	0
NR_186107.1	1471	1243.29	0	0
NR_186108.1	1367	1139.29	0	0
NR_186109.1	1355	1127.29	0	0
NR_186110.1	1207	979.293	0	0
NR_186111.1	1757	1529.29	0	0
NR_186112.1	1849	1621.29	0	0
NR_186113.1	1212	984.293	0	0
NR_186117.1	462	244.971	0	0
NR_186118.1	2883	2655.29	6.11684	0.103671
NR_186119.1	2641	2413.29	0	0
NR_186120.1	2923	2695.29	0	0
NR_186121.1	2193	1965.29	0	0
NR_186123.1	2622	2394.29	0	0
NR_186124.1	2462	2234.29	0	0
NR_186125.1	2409	2181.29	3.75122	0.0773928
NR_186126.1	2109	1881.29	6.37784	0.152566
NR_186127.1	2336	2108.29	0	0
NR_186128.1	2088	1860.29	0	0
NR_186129.1	2173	1945.29	0	0
NR_186130.1	2272	2044.29	11.7928	0.259606
NR_186131.1	2323	2095.29	1.51604	0.0325618
NR_186132.1	2196	1968.29	0	0
NR_186133.1	2018	1790.29	0	0
NR_186134.1	2300	2072.29	5.20807	0.113101
NR_186135.1	2403	2175.29	0	0
NR_186136.1	2293	2065.29	0	0
NR_186137.1	2217	1989.29	9.7524	0.220625
NR_186138.1	2905	2677.29	4.35391	0.0731856
NR_186139.1	1802	1574.29	2.26986	0.0648867
NR_186140.1	2198	1970.29	0	0
NR_186141.1	2202	1974.29	0	0
NR_186142.1	2124	1896.29	0	0
NR_186143.1	1901	1673.29	35.0193	0.94184
NR_186144.1	2182	1954.29	0	0
NR_186145.1	1998	1770.29	0	0
NR_186146.1	2072	1844.29	4.84628	0.118255
NR_186147.1	2086	1858.29	5.67237	0.13737
NR_186148.1	2089	1861.29	3.09156e-08	7.47489e-10
NR_186149.1	2155	1927.29	6.46506	0.150962
NR_186150.1	2093	1865.29	0	0
NR_186151.1	2085	1857.29	4.50834	0.109239
NR_186152.1	1925	1697.29	0	0
NR_186153.1	1992	1764.29	1.14038	0.0290885
NR_186154.1	1952	1724.29	3.499	0.0913219
NR_186155.1	2001	1773.29	0	0
NR_186156.1	2102	1874.29	6.02719	0.144717
NR_186157.1	1907	1679.29	0.00980266	0.0002627
NR_186158.1	1868	1640.29	8.38278	0.22999
NR_186159.1	2014	1786.29	0	0
NR_186160.1	1918	1690.29	0	0
NR_186161.1	2004	1776.29	0	0
NR_186162.1	1829	1601.29	0	0
NR_186163.1	1995	1767.29	0	0
NR_186164.1	2093	1865.29	0	0
NR_186165.1	2003	1775.29	3.25447e-06	8.24997e-08
NR_186166.1	1843	1615.29	4.38834	0.122262
NR_186167.1	1888	1660.29	0	0
NR_186168.1	1815	1587.29	10.5795	0.299951
NR_186169.1	657	430.76	0	0
NR_186170.1	6039	5811.29	5.03244	0.0389716
NR_186171.1	672	445.496	20	2.02036
NR_186172.1	858	630.427	0	0
NR_186173.1	3248	3020.29	2.25541	0.0336062
NR_186174.1	936	708.293	8	0.508299
NR_186175.1	773	545.487	4	0.330003
NR_186176.1	743	515.753	24.1295	2.10547
NR_186177.1	993	765.293	45.1801	2.65682
NR_186178.1	1396	1168.29	58.5137	2.25397
NR_186179.1	455	238.796	3	0.565375
NR_186180.1	1418	1190.29	33	1.24768
NR_186182.1	2465	2237.29	12.9796	0.261084
NR_186183.1	2556	2328.29	0	0
NR_186184.1	2855	2627.29	0	0
NR_186185.1	2692	2464.29	0	0
NR_186186.1	2714	2486.29	9.28082	0.167987
NR_186187.1	2739	2511.29	0	0
NR_186188.1	2518	2290.29	0	0
NR_186189.1	2332	2104.29	0	0
NR_186190.1	2678	2450.29	12.9816	0.238425
NR_186191.1	2813	2585.29	0	0
NR_186192.1	2670	2442.29	0	0
NR_186193.1	2678	2450.29	0	0
NR_186194.1	2686	2458.29	5.81256	0.106408
NR_186195.1	3308	3080.29	1.3646	0.0199368
NR_186196.1	3384	3156.29	9.38376	0.133796
NR_186197.1	4031	3803.29	0	0
NR_186198.1	3208	2980.29	0	0
NR_186199.1	3271	3043.29	6.79737	0.100517
NR_186200.1	3059	2831.29	5.08598	0.0808411
NR_186201.1	5012	4784.29	5.20441	0.0489549
NR_186202.1	4842	4614.29	0	0
NR_186203.1	3958	3730.29	0	0
NR_186204.1	2920	2692.29	0	0
NR_186205.1	3536	3308.29	0	0
NR_186206.1	3415	3187.29	5.35432	0.0756005
NR_186207.1	2706	2478.29	0	0
NR_186208.1	540	317.191	4	0.567521
NR_186209.1	2866	2638.29	0	0
NR_186210.1	2826	2598.29	0	0
NR_186211.1	3336	3108.29	0	0
NR_186212.1	3266	3038.29	36.9916	0.547919
NR_186213.1	3043	2815.29	0	0
NR_186214.1	2809	2581.29	0	0
NR_186215.1	2845	2617.29	0	0
NR_186216.1	2900	2672.29	0	0
NR_186217.1	2820	2592.29	0	0
NR_186218.1	2554	2326.29	0	0
NR_186219.1	3549	3321.29	0	0
NR_186220.1	3315	3087.29	0	0
NR_186221.1	2779	2551.29	4.00358	0.0706204
NR_186222.1	2900	2672.29	0	0
NR_186223.1	2700	2472.29	9.22852	0.167987
NR_186224.1	472	254.125	0	0
NR_186225.1	752	524.701	1.00023	0.0857886
NR_186226.1	337	143.078	0	0
NR_186227.2	1902	1674.29	0	0
NR_186228.2	1877	1649.29	0	0
NR_186229.2	1718	1490.29	0	0
NR_186230.2	1585	1357.29	0	0
NR_186231.2	1642	1414.29	0	0
NR_186232.1	2901	2673.29	15.3646	0.258652
NR_186233.1	436	222.144	8.15281	1.65164
NR_186234.1	563	338.802	0	0
NR_186235.1	3612	3384.29	6.48256	0.0862027
NR_186236.1	495	275.303	0	0
NR_186237.1	1229	1001.29	1	0.044945
NR_186238.1	1310	1082.29	0	0
NR_186239.1	2192	1964.29	0	0
NR_186240.1	2539	2311.29	0	0
NR_186241.1	2415	2187.29	0	0
NR_186242.1	2208	1980.29	0	0
NR_186243.1	2387	2159.29	0	0
NR_186244.1	2334	2106.29	0	0
NR_186245.1	2232	2004.29	0	0
NR_186246.1	2458	2230.29	0	0
NR_186247.1	2236	2008.29	0	0
NR_186248.1	1318	1090.29	0	0
NR_186249.1	1314	1086.29	0	0
NR_186250.1	1249	1021.29	0	0
NR_186251.1	653	426.803	1	0.105442
NR_186253.1	2241	2013.29	269.497	6.02407
NR_186255.1	489	269.721	100.593	16.7841
NR_186256.1	550	326.571	0	0
NR_186257.1	615	389.417	2.95907	0.341965
NR_186258.1	534	311.445	21.2392	3.06901
NR_186259.1	586	361.171	0	0
NR_186260.1	519	297.525	0	0
NR_186261.1	518	296.555	0	0
NR_186262.1	492	272.443	0	0
NR_186263.1	450	234.286	1.82852	0.351232
NR_186264.1	580	355.279	11.9381	1.51219
NR_186265.1	503	282.705	0	0
NR_186266.1	465	247.59	0	0
NR_186267.1	531	308.697	0	0
NR_186268.1	604	378.687	0	0
NR_186269.1	613	387.495	0	0
NR_186270.1	412	201.964	0	0
NR_186271.1	473	255.047	5.54977	0.979258
NR_186272.1	511	290.032	1.90275	0.295242
NR_186273.1	595	369.951	0	0
NR_186274.1	600	374.838	4.66612	0.560214
NR_186275.1	557	333.141	4.14346	0.559728
NR_186276.1	2410	2182.29	1	0.0206219
NR_186277.1	522	300.222	2.69803	0.404433
NR_186278.1	546	322.964	2.28379	0.318232
NR_186279.1	561	336.904	8.44263	1.12775
NR_186280.1	625	399.259	54.7834	6.175
NR_186281.1	581	356.279	0	0
NR_186282.1	609	383.573	35.4067	4.15413
NR_186283.1	657	430.76	39.234	4.09892
NR_186284.1	591	366.025	12.3187	1.5146
NR_186285.1	596	370.951	0	0
NR_186286.1	542	319.126	4.34517	0.612755
NR_186287.1	605	379.687	4.82687	0.572113
NR_186288.1	435	221.33	168.296	34.2197
NR_186289.1	846	618.427	0	0
NR_186290.1	907	679.293	0	0
NR_186291.1	1730	1502.29	2.4224	0.0725662
NR_186292.1	5149	4921.29	0	0
NR_186293.1	4354	4126.29	2.28223	0.024891
NR_186294.1	1215	987.293	13	0.59257
NR_186295.1	3493	3265.29	3.44801	0.0475213
NR_186296.1	3388	3160.29	2.88396	0.0410681
NR_186297.1	570	345.561	11	1.43255
NR_186298.1	3014	2786.29	0	0
NR_186299.1	2975	2747.29	1.90698	0.031238
NR_186300.1	2964	2736.29	4.47882	0.073662
NR_186301.1	2892	2664.29	0	0
NR_186302.1	2789	2561.29	0	0
NR_186303.1	2759	2531.29	0	0
NR_186304.1	2662	2434.29	0	0
NR_186305.1	2128	1900.29	1.51045	0.0357708
NR_186306.1	1780	1552.29	11.1283	0.322624
NR_186307.1	1707	1479.29	0	0
NR_186308.1	5724	5496.29	10	0.081879
NR_186309.1	826	598.427	23	1.72965
NR_186310.1	518	296.555	1	0.151753
NR_186311.1	4054	3826.29	7.65249	0.090005
NR_186313.1	711	483.852	5	0.465051
NR_186314.1	356	157.501	22	6.28612
NR_186315.1	667	440.629	0	0
NR_186316.1	1691	1463.29	4.00886	0.123291
NR_186317.1	1430	1202.29	0.331907	0.0124236
NR_186318.1	462	244.971	0	0
NR_186319.1	2661	2433.29	24.0953	0.445635
NR_186320.1	1112	884.293	18.9131	0.962516
NR_186321.1	4782	4554.29	30.8681	0.305022
NR_186322.1	2237	2009.29	23.0541	0.516353
NR_186323.1	727	499.753	0	0
NR_186324.1	456	239.672	1	0.187769
NR_186325.1	2765	2537.29	0	0
NR_186326.1	2648	2420.29	21.7973	0.405301
NR_186327.1	1326	1098.29	56.0321	2.29594
NR_186328.1	3401	3173.29	3.00962	0.0426819
NR_186329.1	1458	1230.29	5.85475	0.214162
NR_186330.1	2148	1920.29	7.17444	0.168137
NR_186331.1	1984	1756.29	1.50016	0.03844
NR_186332.1	1343	1115.29	47.1178	1.90125
NR_186333.1	822	594.427	0	0
NR_186334.1	1563	1335.29	14.9237	0.502971
NR_186335.1	3219	2991.29	0	0
NR_186336.1	523	301.192	7.1873	1.0739
NR_186337.1	5260	5032.29	419.742	3.75369
NR_186338.1	719	491.852	0	0
NR_186341.1	1986	1758.29	1	0.0255948
NR_186342.1	550	326.571	5.02031	0.691823
NR_186343.1	685	458.134	0	0
NR_186344.1	5407	5179.29	7.06752	0.06141
NR_186345.1	2133	1905.29	2.35522	0.0556303
NR_186346.1	708	480.9	35.138	3.28825
NR_186347.1	781	553.487	2.09502	0.170342
NR_186348.1	2305	2077.29	5.76702	0.124938
NR_186349.1	1881	1653.29	0	0
NR_186350.1	607	381.611	1	0.117929
NR_186351.1	612	386.495	0	0
NR_186352.1	757	529.648	15	1.27452
NR_186353.1	2249	2021.29	4	0.089058
NR_186354.1	1593	1365.29	6.88102	0.226814
NR_186355.1	751	523.701	36.6754	3.15162
NR_186356.1	416	205.291	13	2.8498
NR_186357.1	935	707.293	0	0
NR_186358.1	847	619.427	1	0.0726527
NR_186359.1	664	437.717	0	0
NR_186360.1	736	508.753	0.612885	0.0542144
NR_186361.1	1470	1242.29	3.38711	0.122701
NR_186362.1	2422	2194.29	39.003	0.799919
NR_186363.1	2233	2005.29	19.1017	0.428684
NR_186364.1	1735	1507.29	3.8063	0.113644
NR_186365.1	1392	1164.29	0	0
NR_186366.1	1339	1111.29	2.92551	0.118472
NR_186367.1	961	733.293	0	0
NR_186368.1	757	529.648	6.43588	0.546843
NR_186370.1	1783	1555.29	0	0
NR_186371.1	530	307.728	0	0
NR_186372.1	733	505.753	5.50694	0.490021
NR_186373.1	1226	998.293	8.99755	0.40561
NR_186374.1	782	554.487	2.00245	0.162522
NR_186375.1	2121	1893.29	16.7484	0.398106
NR_186376.1	2047	1819.29	0	0
NR_186377.1	1993	1765.29	0	0
NR_186378.1	1974	1746.29	0	0
NR_186379.1	2913	2685.29	1.0003	0.0167642
NR_186380.1	542	319.126	1	0.14102
NR_186381.1	3378	3150.29	0	0
NR_186382.1	3769	3541.29	0	0
NR_186383.1	3262	3034.29	2.38157e-08	3.53222e-10
NR_186384.1	3221	2993.29	3	0.0451039
NR_186385.1	3369	3141.29	0	0
NR_186386.1	763	535.541	0	0
NR_186387.1	853	625.427	1	0.0719557
NR_186388.1	768	540.541	11	0.915812
NR_186389.1	825	597.427	0	0
NR_186390.1	3187	2959.29	10.4128	0.158351
NR_186391.1	2773	2545.29	16.2498	0.287312
NR_186392.1	5387	5159.29	9.62854	0.0839871
NR_186393.1	731	503.753	42.3759	3.78568
NR_186394.1	1715	1487.29	3.53211	0.106876
NR_186395.1	1986	1758.29	2.00458	0.0513068
NR_186396.1	2051	1823.29	0	0
NR_186397.1	2181	1953.29	126.557	2.91582
NR_186398.1	1128	900.293	161	8.04793
NR_186399.1	991	763.293	20.5007	1.2087
NR_186400.1	972	744.293	0.000387825	2.34495e-05
NR_186401.1	967	739.293	3.99961	0.243469
NR_186403.1	2331	2103.29	0	0
NR_186404.1	3381	3153.29	2	0.0285435
NR_186405.1	3247	3019.29	3	0.0447155
NR_186406.1	2393	2165.29	0	0
NR_186407.1	1755	1527.29	1.06965	0.0315183
NR_186408.1	2126	1898.29	205.367	4.86866
NR_186409.1	2340	2112.29	11.3938	0.242749
NR_186410.1	2494	2266.29	77.0844	1.53071
NR_186411.1	446	230.915	0	0
NR_186412.1	1493	1265.29	3.05458	0.108643
NR_186413.1	2190	1962.29	0	0
NR_186414.1	2299	2071.29	0	0
NR_186415.1	913	685.293	0	0
NR_186416.1	519	297.525	12	1.8151
NR_186417.1	646	419.888	4	0.428715
NR_186418.1	1930	1702.29	4.10191	0.108441
NR_186419.1	1515	1287.29	4.92711	0.172249
NR_186420.1	1821	1593.29	0	0
NR_186421.1	1286	1058.29	0	0
NR_186422.1	1252	1024.29	1.34071	0.0589049
NR_186423.1	1428	1200.29	0	0
NR_186424.1	875	647.427	72.432	5.03479
NR_186425.1	1181	953.293	8.01111	0.378189
NR_186426.1	2337	2109.29	33.6247	0.717404
NR_186427.1	579	354.315	0	0
NR_186428.1	1057	829.293	5.22256	0.283411
NR_186429.1	561	336.904	2.42455	0.323867
NR_186430.1	542	319.126	0	0
NR_186431.1	1020	792.293	0	0
NR_186432.1	2526	2298.29	2.84407	0.0556899
NR_186433.1	2155	1927.29	82	1.91473
NR_186434.1	2219	1991.29	15.0738	0.340666
NR_186435.1	671	444.496	6.28307	0.636131
NR_186436.1	696	468.994	0	0
NR_186437.1	733	505.753	11.0213	0.980702
NR_186438.1	1955	1727.29	0	0
NR_186439.1	1843	1615.29	0	0
NR_186440.1	1641	1413.29	0	0
NR_186441.1	1523	1295.29	0	0
NR_186442.1	1297	1069.29	0	0
NR_186443.1	2326	2098.29	1.00067	0.0214618
NR_186444.1	1404	1176.29	0	0
NR_186445.1	1994	1766.29	0	0
NR_186446.1	2529	2301.29	7.07449	0.138346
NR_186447.1	2471	2243.29	0	0
NR_186448.1	4528	4300.29	0	0
NR_186449.1	2255	2027.29	0	0
NR_186450.1	2736	2508.29	0	0
NR_186451.1	2326	2098.29	0	0
NR_186452.1	2920	2692.29	1.45979	0.0244012
NR_186453.1	2816	2588.29	0	0
NR_186454.1	4411	4183.29	1.53241	0.0164853
NR_186455.1	2156	1928.29	0	0
NR_186456.1	1570	1342.29	41.8272	1.40234
NR_186457.1	1486	1258.29	0	0
NR_186458.1	490	270.61	0	0
NR_186459.1	687	460.134	27	2.64072
NR_186460.1	245	83.2645	5	2.70242
NR_186461.1	1206	978.293	0	0
NR_186462.1	1611	1383.29	3.86999	0.125904
NR_186463.1	2505	2277.29	7.54994	0.149199
NR_186464.1	1863	1635.29	0	0
NR_186465.1	1637	1409.29	0	0
NR_186466.1	1780	1552.29	0	0
NR_186467.1	2155	1927.29	4.48205	0.104658
NR_186468.1	3049	2821.29	0	0
NR_186469.1	1488	1260.29	0	0
NR_186470.1	2674	2446.29	0	0
NR_186471.1	1606	1378.29	0	0
NR_186472.1	2382	2154.29	0	0
NR_186473.1	1898	1670.29	2.74349	0.0739185
NR_186474.1	2500	2272.29	0	0
NR_186475.1	1755	1527.29	4.76515	0.14041
NR_186476.1	2012	1784.29	7.31344	0.184458
NR_186477.1	2649	2421.29	4.73275	0.0879648
NR_186478.1	6813	6585.29	165.327	1.12983
NR_186479.1	511	290.032	7.71861	1.19767
NR_186480.1	1365	1137.29	0	0
NR_186481.1	1368	1140.29	0	0
NR_186482.1	1578	1350.29	0	0
NR_186483.1	1212	984.293	0	0
NR_186484.1	932	704.293	0	0
NR_186485.1	872	644.427	4.58708	0.320335
NR_186486.1	1040	812.293	0	0
NR_186487.1	1088	860.293	0	0
NR_186488.1	1166	938.293	3	0.143888
NR_186489.1	398	190.353	45	10.6389
NR_186490.1	832	604.427	5	0.372279
NR_186491.1	502	281.791	0	0
NR_186492.1	581	356.279	0	0
NR_186493.1	4014	3786.29	88.0072	1.04604
NR_186495.1	2545	2317.29	0	0
NR_186496.1	571	346.526	1	0.129869
NR_186497.1	302	119.035	0	0
NR_186498.1	3056	2828.29	9.0486e-08	1.43979e-09
NR_186499.1	3076	2848.29	48.0544	0.75926
NR_186500.1	563	338.802	4.33975	0.57645
NR_186501.1	742	514.753	0	0
NR_186502.1	547	323.768	0	0
NR_186503.1	1682	1454.29	2	0.06189
NR_186504.1	512	290.943	0	0
NR_186505.1	742	514.753	0	0
NR_186506.1	699	471.947	1.00065	0.0954184
NR_186507.1	1590	1362.29	0	0
NR_186508.1	3285	3057.29	98.0949	1.44395
NR_186509.1	3098	2870.29	16.632	0.260771
NR_186510.1	5262	5034.29	0	0
NR_186511.1	4582	4354.29	0	0
NR_186512.1	4837	4609.29	0	0
NR_186513.1	5367	5139.29	0	0
NR_186514.1	4589	4361.29	4.71584	0.0486615
NR_186515.1	4579	4351.29	0	0
NR_186516.1	4531	4303.29	0	0
NR_186517.1	4866	4638.29	11.5782	0.112337
NR_186518.1	4695	4467.29	0	0
NR_186519.1	1842	1614.29	0	0
NR_186520.1	1670	1442.29	0	0
NR_186521.1	1264	1036.29	0	0
NR_186522.1	1456	1228.29	0	0
NR_186523.1	1656	1428.29	0	0
NR_186524.1	2097	1869.29	0	0
NR_186525.1	4213	3985.29	0	0
NR_186526.1	4234	4006.29	0	0
NR_186527.1	4116	3888.29	0	0
NR_186528.1	1454	1226.29	0	0
NR_186529.1	1504	1276.29	13.5516	0.477839
NR_186531.1	7142	6914.29	51.6404	0.336112
NR_186532.1	6948	6720.29	0	0
NR_186533.1	5918	5690.29	0	0
NR_186534.1	1074	846.293	5	0.265883
NR_186535.1	531	308.697	99.2134	14.4637
NR_186536.1	1672	1444.29	3	0.0934777
NR_186537.1	1555	1327.29	0	0
NR_186538.1	1456	1228.29	1	0.0366387
NR_186539.1	2541	2313.29	30.3589	0.590606
NR_186540.1	2922	2694.29	6.77609	0.113182
NR_186541.1	2998	2770.29	0	0
NR_186542.1	2808	2580.29	15.4797	0.269982
NR_186543.1	3299	3071.29	120.154	1.76059
NR_186545.1	946	718.293	0	0
NR_186546.1	982	754.293	0	0
NR_186547.1	998	770.293	0	0
NR_186548.1	1235	1007.29	0	0
NR_186549.1	962	734.293	0	0
NR_186550.1	1199	971.293	0	0
NR_186551.1	898	670.361	1.07577	0.0722193
NR_186552.1	795	567.487	0	0
NR_186553.1	934	706.293	0	0
NR_186554.1	709	481.852	0	0
NR_186555.1	745	517.701	0	0
NR_186556.1	459	242.274	0	0
NR_186557.1	1633	1405.29	0	0
NR_186558.1	1286	1058.29	4.37157e-08	1.85897e-09
NR_186559.1	2342	2114.29	0	0
NR_186560.1	2373	2145.29	11.5692	0.242693
NR_186561.1	2066	1838.29	28.3435	0.693875
NR_186562.1	2748	2520.29	0	0
NR_186563.1	2144	1916.29	6.35866	0.14933
NR_186564.1	3327	3099.29	9.56503	0.138888
NR_186565.1	1273	1045.29	1	0.0430531
NR_186566.1	846	618.427	0	0
NR_186567.1	752	524.701	0	0
NR_186568.1	646	419.888	0	0
NR_186569.1	1491	1263.29	3	0.106871
NR_186570.1	403	194.403	0	0
NR_186571.1	422	210.345	0	0
NR_186572.1	292	112.493	0	0
NR_186573.1	2503	2275.29	31.8558	0.630076
NR_186574.1	3350	3122.29	0	0
NR_186575.1	3261	3033.29	0	0
NR_186576.1	1090	862.293	64.592	3.37106
NR_186577.1	326	135.496	0	0
NR_186578.1	651	424.846	1	0.105928
NR_186579.1	1049	821.293	0	0
NR_186580.1	553	329.241	0	0
NR_186581.1	279	103.985	0	0
NR_186582.1	2434	2206.29	14.8282	0.302459
NR_186583.1	2284	2056.29	3.00715	0.065813
NR_186584.1	1828	1600.29	2	0.0562435
NR_186585.1	2548	2320.29	0	0
NR_186586.1	2500	2272.29	0.384699	0.00761902
NR_186587.1	2431	2203.29	0	0
NR_186588.1	2376	2148.29	5.00811	0.104911
NR_186589.1	1259	1031.29	0	0
NR_186590.1	2218	1990.29	25.8427	0.584336
NR_186594.1	953	725.293	0	0
NR_186596.1	2839	2611.29	2	0.034468
NR_186597.1	1009	781.293	4.49421	0.25887
NR_186598.1	759	531.648	9.14145	0.773808
NR_186600.1	3453	3225.29	13.8854	0.193745
NR_186602.1	789	561.487	49	3.92734
NR_186603.1	5070	4842.29	2.75208	0.0255771
NR_186604.1	5083	4855.29	8.24792	0.0764489
NR_186605.1	401	192.714	1	0.233522
NR_186606.1	2251	2023.29	0	0
NR_186607.1	2522	2294.29	11	0.215768
NR_186608.1	2338	2110.29	0	0
NR_186609.1	2343	2115.29	0	0
NR_186610.1	2776	2548.29	0	0
NR_186611.1	777	549.487	3	0.245701
NR_186612.1	1074	846.293	0	0
NR_186613.1	1742	1514.29	48	1.42651
NR_186614.1	2204	1976.29	9	0.204943
NR_186616.1	2769	2541.29	0	0
NR_186618.1	420	208.678	2	0.431317
NR_186619.1	2876	2648.29	0	0
NR_186620.1	1234	1006.29	1	0.0447216
NR_186621.1	556	332.141	17.2285	2.33436
NR_186622.1	1252	1024.29	6.95183	0.305434
NR_186623.1	1375	1147.29	6.04371	0.237067
NR_186624.1	1452	1224.29	0	0
NR_186625.1	4759	4531.29	3.72749	0.0370201
NR_186626.1	351	153.209	2	0.587474
NR_186627.1	2881	2653.29	3.37475	0.0572398
NR_186628.1	3147	2919.29	0	0
NR_186629.1	2951	2723.29	0	0
NR_186630.1	1361	1133.29	13.8006	0.54802
NR_186631.1	1804	1576.29	0	0
NR_186632.1	1991	1763.29	0	0
NR_186633.1	2402	2174.29	27.2113	0.563214
NR_186634.1	2313	2085.29	10.4949	0.226493
NR_186635.1	1783	1555.29	0	0
NR_186639.1	571	346.526	0	0
NR_186640.1	1328	1100.29	3.01327	0.123246
NR_186641.1	1382	1154.29	0	0
NR_186642.1	1161	933.293	0	0
NR_186643.1	3524	3296.29	49.043	0.669566
NR_186644.1	887	659.427	0	0
NR_186645.1	1166	938.293	5.17199	0.248062
NR_186646.1	1303	1075.29	22.2713	0.932097
NR_186647.1	1081	853.293	7	0.369183
NR_186648.1	2040	1812.29	22.9552	0.570025
NR_186649.1	1453	1225.29	19.6191	0.720578
NR_186650.1	2196	1968.29	12.464	0.284978
NR_186651.1	2592	2364.29	7.71131	0.146781
NR_186652.1	2737	2509.29	0	0
NR_186653.1	2513	2285.29	7.76617	0.152935
NR_186654.1	2812	2584.29	0	0
NR_186655.1	3367	3139.29	0	0
NR_186656.1	3586	3358.29	0	0
NR_186657.1	3362	3134.29	11.7792	0.169129
NR_186658.1	3143	2915.29	0	0
NR_186659.1	779	551.487	3.09	0.252154
NR_186660.1	1003	775.293	0	0
NR_186661.1	1824	1596.29	0	0
NR_186662.1	1514	1286.29	0	0
NR_186663.1	1600	1372.29	0	0
NR_186665.1	1275	1047.29	0	0
NR_186666.1	2171	1943.29	0	0
NR_186667.1	1299	1071.29	8.38926	0.352418
NR_186668.1	1284	1056.29	4.29523	0.182997
NR_186669.1	2227	1999.29	2.47735	0.0557639
NR_186670.1	2313	2085.29	2.33508	0.0503937
NR_186671.1	1377	1149.29	3.85295	0.150871
NR_186672.1	2347	2119.29	24.512	0.52051
NR_186673.1	1475	1247.29	16.7474	0.604257
NR_186674.1	1466	1238.29	0	0
NR_186675.1	2266	2038.29	0	0
NR_186676.1	945	717.293	2.13287	0.133817
NR_186679.1	3401	3173.29	7	0.0992728
NR_186680.1	1265	1037.29	0	0
NR_186681.1	1351	1123.29	0	0
NR_186682.1	1249	1021.29	0	0
NR_186683.1	1336	1108.29	3.21115	0.130391
NR_186684.1	2590	2362.29	30.7578	0.585955
NR_186686.1	2556	2328.29	6.91661	0.13369
NR_186687.1	987	759.293	18.4808	1.09535
NR_186688.1	825	597.427	0	0
NR_186689.1	2316	2088.29	3.05186	0.0657682
NR_186690.1	1165	937.293	2.40818	0.115626
NR_186691.1	618	392.338	53	6.07935
NR_186692.1	2950	2722.29	0	0
NR_186693.1	630	404.218	0	0
NR_186694.1	546	322.964	0	0
NR_186695.1	634	408.137	0	0
NR_186696.1	1978	1750.29	8.12055	0.208794
NR_186697.1	1539	1311.29	0	0
NR_186698.1	949	721.293	20.0738	1.25245
NR_186699.1	1618	1390.29	1	0.0323695
NR_186700.1	297	115.768	2	0.777471
NR_186701.1	2524	2296.29	52	1.0191
NR_186702.1	3372	3144.29	3.87266	0.0554279
NR_186703.1	3697	3469.29	361	4.68283
NR_186704.1	2591	2363.29	213.457	4.06477
NR_186705.1	8436	8208.29	2.20036	0.0120638
NR_186706.1	805	577.487	0	0
NR_186707.1	917	689.293	0	0
NR_186708.1	1299	1071.29	0	0
NR_186709.1	1004	776.293	0	0
NR_186710.1	673	446.496	0	0
NR_186711.1	1794	1566.29	0	0
NR_186712.1	867	639.427	0.28036	0.0197318
NR_186713.1	933	705.293	0	0
NR_186714.1	1677	1449.29	1.78955	0.0555686
NR_186715.1	879	651.427	0	0
NR_186716.1	1029	801.293	0	0
NR_186717.1	897	669.361	0	0
NR_186718.1	1124	896.293	0	0
NR_186719.1	1969	1741.29	0	0
NR_186721.1	475	257.02	1	0.175095
NR_186725.1	4271	4043.29	0	0
NR_186726.1	4791	4563.29	0	0
NR_186727.1	4830	4602.29	0	0
NR_186728.1	4412	4184.29	0	0
NR_186729.1	3290	3062.29	0	0
NR_186730.1	4917	4689.29	2.02276	0.0194124
NR_186736.1	395	187.965	0	0
NR_186737.1	398	190.353	0	0
NR_186738.1	475	257.02	0	0
NR_186739.1	824	596.427	0	0
NR_186740.1	4712	4484.29	1.00041	0.0100398
NR_186741.1	3616	3388.29	0	0
NR_186742.1	491	271.527	0	0
NR_186743.1	601	375.763	0	0
NR_186744.1	806	578.487	0	0
NR_186745.1	1220	992.293	0	0
NR_186746.1	346	149.65	0	0
NR_186747.1	298	116.438	0	0
NR_186748.1	583	358.243	0	0
NR_186749.1	1491	1263.29	2	0.0712472
NR_186756.1	2194	1966.29	34.3245	0.785594
NR_186757.1	2828	2600.29	0	0
NR_186758.1	2464	2236.29	0	0
NR_186761.1	2751	2523.29	0	0
NR_186762.1	2353	2125.29	26.9657	0.570999
NR_186763.1	2380	2152.29	1.18294	0.0247345
NR_186764.1	2604	2376.29	21.1966	0.401428
NR_186765.1	2577	2349.29	0	0
NR_186766.1	574	349.421	0	0
NR_186767.1	766	538.541	0	0
NR_186768.1	601	375.763	0	0
NR_186769.1	748	520.701	0	0
NR_186770.1	1446	1218.29	17.9336	0.662459
NR_186771.1	1527	1299.29	0	0
NR_186772.1	1816	1588.29	0	0
NR_186775.1	4674	4446.29	65.0625	0.658529
NR_186779.1	870	642.427	0	0
NR_186780.1	541	318.158	1.34773	0.190635
NR_186782.1	916	688.293	0	0
NR_186783.1	1196	968.293	0	0
NR_186784.1	923	695.293	0	0
NR_186785.1	1165	937.293	0	0
NR_186786.1	2750	2522.29	2.58407	0.0461053
NR_186787.1	1738	1510.29	635.489	18.936
NR_186788.1	1336	1108.29	87.8599	3.56762
NR_186789.1	1499	1271.29	0	0
NR_186790.1	1476	1248.29	0	0
NR_186791.1	1721	1493.29	0	0
NR_186792.1	1778	1550.29	0	0
NR_186793.1	1262	1034.29	0	0
NR_186794.1	1363	1135.29	0	0
NR_186795.1	532	309.634	0	0
NR_186796.1	1130	902.293	0	0
NR_186797.1	572	347.526	0	0
NR_186798.1	621	395.338	0	0
NR_186799.1	620	394.338	1	0.114123
NR_186800.1	666	439.629	0	0
NR_186801.1	617	391.417	0	0
NR_186802.1	686	459.134	0	0
NR_186803.1	1062	834.293	0	0
NR_186804.1	628	402.259	0	0
NR_186805.1	704	476.947	0	0
NR_186807.1	2049	1821.29	0	0
NR_186808.1	1999	1771.29	2.09611	0.0532557
NR_186809.1	2637	2409.29	12.8733	0.240461
NR_186810.1	642	416.014	12.2054	1.32034
NR_186812.1	3598	3370.29	32.4955	0.433909
NR_186813.1	724	496.802	0	0
NR_186814.1	875	647.427	0	0
NR_186815.1	487	267.803	1	0.168045
NR_186817.1	555	331.174	1	0.135889
NR_186818.1	619	393.338	0	0
NR_186819.1	1711	1483.29	132.852	4.03072
NR_186820.1	1401	1173.29	0	0
NR_186821.1	643	416.972	1.16174	0.125385
NR_186822.1	1552	1324.29	5.83826	0.1984
NR_186823.1	799	571.487	0	0
NR_186824.1	530	307.728	1	0.146243
NR_186826.1	610	384.573	0	0
NR_186827.1	2018	1790.29	7	0.175961
NR_186830.1	902	674.361	1	0.0667344
NR_186852.1	1794	1566.29	10	0.287322
NR_186853.1	1684	1456.29	0	0
NR_186857.1	2590	2362.29	0	0
NR_186859.1	569	344.595	1	0.130597
NR_187118.1	6787	6559.29	782.879	5.3713
NR_187125.1	2995	2767.29	1.48472	0.0241452
NR_187126.1	583	358.243	1.80996	0.22737
NR_187127.1	2922	2694.29	0.0183987	0.000307315
NR_187128.1	510	289.15	21.0587	3.27757
NR_187129.1	2942	2714.29	0	0
NR_187130.1	530	307.728	0	0
NR_187131.1	1805	1577.29	0	0
NR_187132.1	1736	1508.29	0	0
NR_187133.1	893	665.361	0	0
NR_187134.1	962	734.293	0	0
NR_187135.1	2405	2177.29	12	0.248031
NR_187136.1	611	385.534	14.5977	1.70398
NR_187137.1	1486	1258.29	0	0
NR_187138.1	1999	1771.29	0	0
NR_187139.1	1227	999.293	0	0
NR_187140.1	3984	3756.29	38.6126	0.462606
NR_187141.1	3993	3765.29	1.45153	0.0173488
NR_187142.1	1040	812.293	0	0
NR_187143.1	570	345.561	0	0
NR_187144.1	2070	1842.29	47.7268	1.16586
NR_187145.1	594	368.988	9.40226	1.14673
NR_187146.1	2962	2734.29	12.5622	0.206758
NR_187147.1	1497	1269.29	4.67694	0.165822
NR_187148.1	8582	8354.29	11.2781	0.060753
NR_187149.1	10195	9967.29	26.7332	0.120703
NR_187150.1	3783	3555.29	0	0
NR_187151.1	3799	3571.29	17.9958	0.226771
NR_187152.1	2065	1837.29	0	0
NR_187153.1	857	629.427	0	0
NR_187154.1	574	349.421	0	0
NR_187155.1	3586	3358.29	0	0
NR_187156.1	3602	3374.29	0.348638	0.00464979
NR_187157.1	3548	3320.29	0	0
NR_187158.1	618	392.338	0	0
NR_187159.1	973	745.293	0	0
NR_187160.1	1101	873.293	0	0
NR_187161.1	463	245.87	2	0.366072
NR_187162.1	2042	1814.29	0	0
NR_187163.1	2058	1830.29	2	0.0491758
NR_187164.1	1880	1652.29	0	0
NR_187165.1	1831	1603.29	0	0
NR_187166.1	1664	1436.29	0	0
NR_187167.1	1558	1330.29	0	0
NR_187168.1	1556	1328.29	0	0
NR_187169.1	1397	1169.29	0	0
NR_187170.1	1361	1133.29	1	0.03971
NR_187171.1	1193	965.293	0	0
NR_187172.1	1031	803.293	0	0
NR_187173.1	708	480.9	0	0
NR_187174.1	1465	1237.29	0	0
NR_187175.1	1379	1151.29	0	0
NR_187176.1	3284	3056.29	115.441	1.69984
NR_187177.1	3132	2904.29	1.00003	0.0154958
NR_187178.1	2327	2099.29	7	0.150061
NR_187179.1	530	307.728	0	0
NR_187180.1	2770	2542.29	0	0
NR_187181.1	376	172.561	0	0
NR_187184.1	18347	18119.3	12.0982	0.0300485
NR_187185.1	3672	3444.29	0	0
NR_187186.1	3155	2927.29	1.26727	0.0194825
NR_187187.1	2546	2318.29	0	0
NR_187191.1	402	193.569	0	0
NR_187192.1	761	533.648	0	0
NR_187193.1	2429	2201.29	55.4529	1.13368
NR_187194.1	4247	4019.29	92.1103	1.03134
NR_187195.1	2369	2141.29	286.344	6.01803
NR_187196.1	4307	4079.29	75.8237	0.836493
NR_187197.1	611	385.534	0	0
NR_187198.1	2646	2418.29	144.44	2.68795
NR_187199.1	2385	2157.29	3.41191	0.0711755
NR_187200.1	1749	1521.29	0	0
NR_187201.1	1314	1086.29	1	0.0414281
NR_187202.1	413	202.921	1	0.221777
NR_187203.1	751	523.701	0	0
NR_187204.1	545	321.964	0	0
NR_187205.1	4455	4227.29	0	0
NR_187206.1	4179	3951.29	0	0
NR_187207.1	2764	2536.29	2	0.0354873
NR_187208.1	3163	2935.29	0	0
NR_187209.1	4375	4147.29	0	0
NR_187210.1	4104	3876.29	0	0
NR_187211.1	9480	9252.29	8.15538	0.0396677
NR_187212.1	2670	2442.29	1.06803	0.01968
NR_187213.1	7931	7703.29	2.07781	0.0121387
NR_187214.1	1371	1143.29	0	0
NR_187215.1	896	668.361	0	0
NR_187216.1	2506	2278.29	0	0
NR_187217.1	1030	802.293	0	0
NR_187218.1	1352	1124.29	6.34799	0.254097
NR_187219.1	526	304.007	0	0
NR_187220.1	476	257.994	3	0.523304
NR_187221.1	406	196.92	0.999998	0.228534
NR_187222.1	1240	1012.29	0	0
NR_187223.1	1049	821.293	0	0
NR_187224.1	597	371.913	3.23133e-06	3.91004e-07
NR_187225.1	1186	958.293	0	0
NR_187226.1	1253	1025.29	2	0.0877858
NR_187227.1	651	424.846	0	0
NR_187228.1	822	594.427	0	0
NR_187229.1	592	367.025	0	0
NR_187230.1	916	688.293	2	0.130767
NR_187231.1	1115	887.293	2	0.101439
NR_187232.1	6828	6600.29	0	0
NR_187233.1	1701	1473.29	0	0
NR_187234.1	486	266.912	0	0
NR_187235.1	1918	1690.29	210.559	5.60601
NR_187236.1	2314	2086.29	0	0
NR_187237.1	1452	1224.29	13	0.477859
NR_187238.1	4346	4118.29	17.3825	0.189949
NR_187239.1	4436	4208.29	38.6175	0.412972
NR_187240.1	980	752.293	0	0
NR_187241.1	1192	964.293	8	0.373356
NR_187242.1	1904	1676.29	0	0
NR_187243.1	1394	1166.29	0	0
NR_187244.1	2008	1780.29	0	0
NR_187245.1	2274	2046.29	0.320043	0.00703853
NR_187246.1	2270	2042.29	4.67996	0.103126
NR_187247.1	1155	927.293	0	0
NR_187248.1	586	361.171	0	0
NR_187249.1	1450	1222.29	0	0
NR_187250.1	419	207.876	0	0
NR_187251.1	794	566.487	0	0
NR_187252.1	3276	3048.29	17.0877	0.252271
NR_187253.1	1048	820.293	0	0
NR_187254.1	1755	1527.29	0	0
NR_187255.1	1338	1110.29	2	0.0810652
NR_187256.1	2959	2731.29	0	0
NR_187257.1	830	602.427	3.23376	0.241572
NR_187258.1	2038	1810.29	0	0
NR_187259.1	1097	869.293	0	0
NR_187260.1	450	234.286	0	0
NR_187261.1	362	162.038	0	0
NR_187262.1	447	231.819	0	0
NR_187264.1	519	297.525	0	0
NR_187265.1	372	169.412	0	0
NR_187266.1	2308	2080.29	0	0
NR_187268.1	844	616.427	24	1.75215
NR_187269.1	663	436.717	12.462	1.28419
NR_187270.1	561	336.904	3.53803	0.472604
NR_187271.1	994	766.293	0	0
NR_187272.1	2143	1915.29	4.03644	0.094843
NR_187273.1	3022	2794.29	0	0
NR_187274.1	1217	989.293	1.98852	0.0904579
NR_187275.1	2737	2509.29	4.97505	0.0892253
NR_187276.1	900	672.361	0	0
NR_187277.1	1376	1148.29	1	0.0391913
NR_187278.1	812	584.487	1	0.0769959
NR_187279.1	767	539.541	3.14273	0.262135
NR_187280.1	771	543.487	0	0
NR_187281.1	1178	950.293	1.61233	0.0763551
NR_187282.1	1576	1348.29	3.38767	0.113073
NR_187283.1	3998	3770.29	20.4632	0.244254
NR_187284.1	566	341.699	0	0
NR_187285.1	1801	1573.29	0	0
NR_187286.1	3010	2782.29	0	0
NR_187287.1	2181	1953.29	0	0
NR_187288.1	1939	1711.29	0	0
NR_187289.1	1148	920.293	9.79036	0.478756
NR_187290.1	1329	1101.29	0	0
NR_187291.1	1054	826.293	4.20981	0.229283
NR_187292.1	1784	1556.29	0	0
NR_187293.1	1092	864.293	6	0.312415
NR_187294.1	2237	2009.29	3	0.0671924
NR_187295.1	878	650.427	3.99352	0.276312
NR_187296.1	1037	809.293	0	0
NR_187297.1	2064	1836.29	0	0
NR_187299.1	546	322.964	0	0
NR_187300.1	823	595.427	0	0
NR_187301.1	819	591.487	0	0
NR_187302.1	1409	1181.29	0	0
NR_187303.1	1309	1081.29	0	0
NR_187304.1	5102	4874.29	4.0386	0.0372873
NR_187305.1	441	226.512	0	0
NR_187306.1	244	82.6579	0	0
NR_187307.1	3104	2876.29	3.10087	0.0485169
NR_187308.1	1865	1637.29	0	0
NR_187309.1	2094	1866.29	0	0
NR_187310.1	1737	1509.29	0	0
NR_187311.1	1887	1659.29	0	0
NR_187312.1	1838	1610.29	0	0
NR_187313.1	701	473.947	0	0
NR_187314.1	626	400.259	0	0
NR_187315.1	869	641.427	5	0.350804
NR_187316.1	2829	2601.29	1.19486	0.0206714
NR_187317.1	346	149.65	0	0
NR_187318.1	409	199.348	0	0
NR_187319.1	1466	1238.29	0	0
NR_187321.1	845	617.427	0	0
NR_187322.1	7178	6950.29	0	0
NR_187323.1	6978	6750.29	0	0
NR_187324.1	7312	7084.29	0	0
NR_187325.1	6906	6678.29	0	0
NR_187326.1	6921	6693.29	0	0
NR_187327.1	7615	7387.29	0	0
NR_187328.1	7160	6932.29	0	0
NR_187329.1	7008	6780.29	0	0
NR_187330.1	7201	6973.29	0	0
NR_187331.1	6812	6584.29	0	0
NR_187332.1	7016	6788.29	0	0
NR_187333.1	7213	6985.29	0	0
NR_187334.1	7394	7166.29	0	0
NR_187335.1	6833	6605.29	0	0
NR_187336.1	6928	6700.29	0	0
NR_187337.1	7440	7212.29	0	0
NR_187338.1	7339	7111.29	0	0
NR_187339.1	7340	7112.29	0	0
NR_187340.1	6858	6630.29	0	0
NR_187341.1	6886	6658.29	0	0
NR_187342.1	6996	6768.29	0	0
NR_187343.1	7295	7067.29	0	0
NR_187344.1	7318	7090.29	0	0
NR_187345.1	7341	7113.29	0	0
NR_187346.1	7348	7120.29	0	0
NR_187347.1	7532	7304.29	0	0
NR_187348.1	7245	7017.29	0	0
NR_187349.1	7414	7186.29	0	0
NR_187350.1	7264	7036.29	0	0
NR_187351.1	7179	6951.29	0	0
NR_187352.1	6924	6696.29	0	0
NR_187353.1	6976	6748.29	0	0
NR_187354.1	6747	6519.29	0	0
NR_187355.1	6811	6583.29	0	0
NR_187356.1	6815	6587.29	15.0421	0.102765
NR_187357.1	6980	6752.29	0	0
NR_187358.1	7068	6840.29	0	0
NR_187359.1	1505	1277.29	20.429	0.719779
NR_187360.1	1218	990.293	2.1898	0.0995137
NR_187362.1	1222	994.293	0	0
NR_187363.1	950	722.293	0	0
NR_187364.1	1052	824.293	0	0
NR_187365.1	2771	2543.29	15.5829	0.275736
NR_187366.1	3161	2933.29	0	0
NR_187367.1	1044	816.293	0	0
NR_187368.1	908	680.293	0	0
NR_187369.1	1099	871.293	0	0
NR_187370.1	866	638.427	0	0
NR_187371.1	1080	852.293	0	0
NR_187372.1	1122	894.293	0	0
NR_187373.1	1166	938.293	0	0
NR_187374.1	1369	1141.29	0	0
NR_187375.1	1002	774.293	0	0
NR_187376.1	1177	949.293	0	0
NR_187377.1	1178	950.293	0	0
NR_187378.1	1298	1070.29	0	0
NR_187379.1	1724	1496.29	3	0.0902291
NR_187380.1	1580	1352.29	0	0
NR_187381.1	760	532.648	0	0
NR_187382.1	645	418.93	0	0
NR_187383.1	422	210.345	0	0
NR_187384.1	496	276.219	1.56702	0.255308
NR_187385.1	414	203.726	0	0
NR_187386.1	442	227.417	0	0
NR_187387.1	476	257.994	0	0
NR_187388.1	434	220.399	0	0
NR_187389.1	1174	946.293	33.5428	1.5952
NR_187390.1	7286	7058.29	0	0
NR_187391.1	7174	6946.29	1.30251	0.00843861
NR_187392.1	2164	1936.29	0	0
NR_187393.1	1841	1613.29	1.69749	0.0473517
NR_187394.1	1953	1725.29	0	0
NR_187395.1	481	262.672	0	0
NR_187396.1	6578	6350.29	6.8621	0.0486302
NR_187397.1	4331	4103.29	0	0
NR_187398.1	1120	892.293	0	0
NR_187399.1	2024	1796.29	19.8277	0.49675
NR_187400.1	614	388.495	3.71174	0.429966
NR_187401.1	875	647.427	0	0
NR_187402.1	1948	1720.29	0	0
NR_187403.1	1240	1012.29	0	0
NR_187404.1	1533	1305.29	0	0
NR_187405.1	989	761.293	0	0
NR_187406.1	2206	1978.29	0	0
NR_187407.1	1951	1723.29	0	0
NR_187408.1	1165	937.293	0	0
NR_187409.1	1172	944.293	0	0
NR_187410.1	1110	882.293	0	0
NR_187411.1	1127	899.293	0	0
NR_187412.1	1029	801.293	5.96553e-06	3.35042e-07
NR_187413.1	897	669.361	0	0
NR_187414.1	1040	812.293	0	0
NR_187415.1	1022	794.293	0.999994	0.0566577
NR_187416.1	904	676.361	0	0
NR_187417.1	6213	5985.29	13.8219	0.103926
NR_187418.1	9093	8865.29	3.42397	0.0173812
NR_187419.1	6416	6188.29	0	0
NR_187420.1	823	595.427	0	0
NR_187421.1	790	562.487	0	0
NR_187422.1	807	579.487	0	0
NR_187423.1	806	578.487	0	0
NR_187424.1	690	463.088	0	0
NR_187425.1	673	446.496	0	0
NR_187426.1	706	478.9	0	0
NR_187427.1	689	462.088	0	0
NR_187428.1	1395	1167.29	0	0
NR_187429.1	1885	1657.29	15.7957	0.428926
NR_187430.1	2063	1835.29	50.6982	1.24317
NR_187431.1	1736	1508.29	0	0
NR_187432.1	1915	1687.29	0	0
NR_187433.1	1824	1596.29	0	0
NR_187434.1	1844	1616.29	1.31534	0.0366237
NR_187435.1	1802	1574.29	0	0
NR_187436.1	1928	1700.29	0	0
NR_187437.1	1515	1287.29	0	0
NR_187438.1	521	299.283	0	0
NR_187439.1	434	220.399	0	0
NR_187440.1	613	387.495	0.684655	0.0795148
NR_187441.1	723	495.802	1.52327	0.138265
NR_187442.1	676	449.451	0	0
NR_187443.1	965	737.293	0	0
NR_187444.1	586	361.171	0	0
NR_187445.1	1903	1675.29	0	0
NR_187446.1	2022	1794.29	6.95644	0.174476
NR_187447.1	2476	2248.29	1.69045	0.033837
NR_187448.1	2357	2129.29	0	0
NR_187449.1	2240	2012.29	0	0
NR_187450.1	2476	2248.29	0	0
NR_187451.1	2395	2167.29	0	0
NR_187452.1	2043	1815.29	0	0
NR_187453.1	2631	2403.29	0	0
NR_187454.1	2481	2253.29	0	0
NR_187455.1	2048	1820.29	0	0
NR_187456.1	2245	2017.29	0	0
NR_187457.1	1862	1634.29	0	0
NR_187458.1	1418	1190.29	0	0
NR_187459.1	5833	5605.29	0	0
NR_187460.1	2187	1959.29	0	0
NR_187461.1	1998	1770.29	0	0
NR_187462.1	2117	1889.29	0	0
NR_187464.1	2670	2442.29	0	0
NR_187465.1	2607	2379.29	4.30874	0.0814976
NR_187466.1	2790	2562.29	0	0
NR_187467.1	3331	3103.29	0	0
NR_187468.1	681	454.225	0	0
NR_187469.1	860	632.427	0	0
NR_187470.1	1534	1306.29	0	0
NR_187471.1	972	744.293	0	0
NR_187472.1	898	670.361	0	0
NR_187473.1	2009	1781.29	2.38548	0.0602675
NR_187474.1	1928	1700.29	0	0
NR_187475.1	866	638.427	0	0
NR_187476.1	4409	4181.29	111.606	1.20121
NR_187477.1	1199	971.293	14.5954	0.676251
NR_187478.1	1197	969.293	20	0.928575
NR_187479.1	5875	5647.29	93.006	0.741162
NR_187480.1	2900	2672.29	1.20392	0.0202748
NR_187481.1	2911	2683.29	4.29125	0.0719711
NR_187482.1	16922	16694.3	15.509	0.0418079
NR_187483.1	17295	17067.3	2.87311	0.00757583
NR_187484.1	4952	4724.29	12.1434	0.115677
NR_187485.1	1414	1186.29	3.00003	0.113809
NR_187486.1	1930	1702.29	0.247037	0.00653086
NR_187487.1	1829	1601.29	0	0
NR_187488.1	1498	1270.29	0	0
NR_187489.1	2639	2411.29	94.7182	1.76777
NR_187490.1	2797	2569.29	5.8423e-07	1.02332e-08
NR_187491.1	2756	2528.29	6.30517	0.112231
NR_187492.1	2922	2694.29	0	0
NR_187493.1	2674	2446.29	5.65738	0.104076
NR_187494.1	2895	2667.29	14.2626	0.240642
NR_187495.1	2737	2509.29	6.22595	0.11166
NR_187496.1	486	266.912	7	1.18024
NR_187497.1	8633	8405.29	1.5842e-06	8.48201e-09
NR_187498.1	8548	8320.29	1.78537	0.00965676
NR_187499.1	8544	8316.29	3.45179	0.0186792
NR_187500.1	2435	2207.29	0	0
NR_187501.1	2150	1922.29	0.0341083	0.000798514
NR_187502.1	886	658.427	0	0
NR_187503.1	2449	2221.29	0	0
NR_187504.1	793	565.487	0.118236	0.00940958
NR_187505.1	2132	1904.29	0	0
NR_187506.1	2748	2520.29	3.92989	0.0701733
NR_187507.1	2213	1985.29	0	0
NR_187508.1	2596	2368.29	0	0
NR_187509.1	2382	2154.29	0	0
NR_187510.1	3641	3413.29	0	0
NR_187511.1	4575	4347.29	0	0
NR_187512.1	4681	4453.29	0	0
NR_187513.1	4571	4343.29	0	0
NR_187514.1	4680	4452.29	0	0
NR_187515.1	4552	4324.29	0	0
NR_187516.1	646	419.888	0	0
NR_187517.1	884	656.427	16.007	1.0974
NR_187518.1	1231	1003.29	0	0
NR_187519.1	1780	1552.29	0	0
NR_187520.1	276	102.102	0	0
NR_187521.1	335	141.797	0	0
NR_187522.1	378	174.332	0	0
NR_187523.1	278	103.326	0	0
NR_187524.1	1297	1069.29	12.2875	0.517141
NR_187525.1	1551	1323.29	1.70497	0.0579834
NR_187526.1	1432	1204.29	5.49791	0.205451
NR_187527.1	1220	992.293	0	0
NR_187528.1	1416	1188.29	0	0
NR_187529.1	1795	1567.29	10.5114	0.301823
NR_187530.1	1872	1644.29	5.42698e-07	1.48532e-08
NR_187531.1	2215	1987.29	20.6923	0.468585
NR_187532.1	1720	1492.29	0	0
NR_187533.1	1582	1354.29	0	0
NR_187534.1	1261	1033.29	0	0
NR_187535.1	1114	886.293	0	0
NR_187536.1	3230	3002.29	4.01113	0.0601252
NR_187537.1	1220	992.293	0	0
NR_187538.1	523	301.192	0	0
NR_187539.1	1059	831.293	0	0
NR_187540.1	759	531.648	3.09607	0.262077
NR_187542.1	1173	945.293	0	0
NR_187543.1	1299	1071.29	0	0
NR_187544.1	1274	1046.29	0	0
NR_187545.1	1329	1101.29	0	0
NR_187546.1	1406	1178.29	0	0
NR_187547.1	980	752.293	0	0
NR_187548.1	1084	856.293	5	0.262778
NR_187549.1	261	92.9009	0	0
NR_187550.1	825	597.427	0	0
NR_187551.1	850	622.427	0	0
NR_187552.1	1048	820.293	0	0
NR_187553.1	1032	804.293	0	0
NR_187554.1	1064	836.293	0	0
NR_187555.1	479	260.887	5.36616	0.925664
NR_187556.1	580	355.279	5	0.633348
NR_187557.1	1412	1184.29	1.00059	0.0380225
NR_187558.1	2632	2404.29	70.9812	1.32861
NR_187559.1	370	167.861	0	0
NR_187560.1	1586	1358.29	48.0108	1.5907
NR_187561.1	3559	3331.29	5.12563	0.0692431
NR_187562.1	1600	1372.29	5.6694e-06	1.85923e-07
NR_187563.1	4437	4209.29	0.00172928	1.84884e-05
NR_187564.1	3786	3558.29	0	0
NR_187565.1	4234	4006.29	7.7059	0.0865612
NR_187566.1	2832	2604.29	0	0
NR_187567.1	3064	2836.29	0	0
NR_187568.1	3196	2968.29	0	0
NR_187569.1	3521	3293.29	0.281831	0.00385124
NR_187570.1	3421	3193.29	9.83638	0.138624
NR_187571.1	806	578.487	6.65726	0.517898
NR_187572.1	1475	1247.29	5.00721	0.180663
NR_187573.1	511	290.032	0	0
NR_187574.1	632	406.137	1	0.110808
NR_187575.1	721	493.802	0	0
NR_187576.1	600	374.838	0	0
NR_187577.1	2143	1915.29	36.5204	0.858109
NR_187579.1	617	391.417	5	0.574874
NR_187580.1	538	315.318	0	0
NR_187581.1	158	36.9658	0	0
NR_187582.1	3613	3385.29	0	0
NR_187583.1	1645	1417.29	0.0029191	9.26897e-05
NR_187584.1	1810	1582.29	170.386	4.84606
NR_187585.1	5699	5471.29	7.00687	0.0576336
NR_187586.1	1469	1241.29	0	0
NR_187587.1	1255	1027.29	0	0
NR_187588.1	712	484.852	0	0
NR_187589.1	766	538.541	0	0
NR_187590.1	2062	1834.29	1	0.0245343
NR_187591.1	1598	1370.29	0	0
NR_187592.1	1758	1530.29	0	0
NR_187593.1	3766	3538.29	0	0
NR_187594.1	3951	3723.29	0	0
NR_187595.1	4176	3948.29	8.77947	0.100069
NR_187596.1	3883	3655.29	6.02748	0.0742089
NR_187597.1	887	659.427	0	0
NR_187598.1	1469	1241.29	0	0
NR_187599.1	833	605.427	0	0
NR_187600.1	2657	2429.29	0	0
NR_187601.1	1920	1692.29	4.00027	0.106379
NR_187602.1	1152	924.293	0	0
NR_187603.1	2993	2765.29	0	0
NR_187604.1	1195	967.293	0	0
NR_187605.1	971	743.293	6.94645	0.420576
NR_187606.1	2198	1970.29	0	0
NR_187607.1	2104	1876.29	1.95738	0.046948
NR_187608.1	2044	1816.29	4.04262	0.100166
NR_187609.1	2174	1946.29	0	0
NR_187611.1	971	743.293	0	0
NR_187612.1	1077	849.293	0	0
NR_187613.1	2379	2151.29	4.33875	0.0907627
NR_187614.1	2496	2268.29	0	0
NR_187615.1	2704	2476.29	72.4573	1.31681
NR_187616.1	796	568.487	0	0
NR_187617.1	5679	5451.29	0	0
NR_187618.1	5513	5285.29	0	0
NR_187619.1	5622	5394.29	0	0
NR_187620.1	5354	5126.29	0	0
NR_187621.1	5096	4868.29	0	0
NR_187622.1	5200	4972.29	0	0
NR_187623.1	4932	4704.29	5.56809	0.0532665
NR_187624.1	4986	4758.29	8.91066e-07	8.42754e-09
NR_187625.1	4926	4698.29	32.0335	0.306837
NR_187626.1	7673	7445.29	0	0
NR_187627.1	7760	7532.29	0	0
NR_187628.1	1116	888.293	0	0
NR_187629.1	7639	7411.29	0	0
NR_187630.1	3580	3352.29	0	0
NR_187631.1	5036	4808.29	0	0
NR_187632.1	2272	2044.29	6	0.132084
NR_187633.1	2254	2026.29	0	0
NR_187634.1	1028	800.293	13.4734	0.757652
NR_187635.1	1159	931.293	2.52662	0.122094
NR_187636.1	1100	872.293	0	0
NR_187637.1	1161	933.293	0	0
NR_187638.1	1094	866.293	0	0
NR_187639.1	1201	973.293	0	0
NR_187640.1	467	249.436	0	0
NR_187641.1	1867	1639.29	0	0
NR_187642.1	2026	1798.29	0	0
NR_187643.1	2109	1881.29	0	0
NR_187644.1	1761	1533.29	0	0
NR_187645.1	2150	1922.29	0	0
NR_187646.1	2102	1874.29	4.66836	0.112091
NR_187647.1	1856	1628.29	0	0
NR_187648.1	2066	1838.29	5.02969	0.123131
NR_187649.1	1897	1669.29	0	0
NR_187650.1	2048	1820.29	0	0
NR_187651.1	3109	2881.29	3.44105	0.053746
NR_187652.1	2233	2005.29	1.00736	0.0226074
NR_187653.1	1487	1259.29	0	0
NR_187654.1	2146	1918.29	0	0
NR_187655.1	1919	1691.29	0	0
NR_187656.1	1851	1623.29	5	0.138617
NR_187657.1	874	646.427	0	0
NR_187658.1	845	617.427	0	0
NR_187659.1	609	383.573	0	0
NR_187660.1	1562	1334.29	0	0
NR_187661.1	936	708.293	0	0
NR_187662.1	839	611.427	1	0.0736033
NR_187663.1	3727	3499.29	0	0
NR_187664.1	3710	3482.29	0	0
NR_187665.1	3570	3342.29	21	0.282759
NR_187666.1	4862	4634.29	3	0.0291327
NR_187667.1	3790	3562.29	4	0.0505327
NR_187668.1	2254	2026.29	0	0
NR_187669.1	2188	1960.29	0	0
NR_187670.1	2199	1971.29	0	0
NR_187671.1	2133	1905.29	2	0.0472401
NR_187672.1	5037	4809.29	0	0
NR_187673.1	4963	4735.29	0	0
NR_187674.1	4939	4711.29	0	0
NR_187675.1	4865	4637.29	0	0
NR_187676.1	4558	4330.29	0	0
NR_187677.1	2505	2277.29	0	0
NR_187678.1	1153	925.293	0	0
NR_187679.1	1078	850.293	0	0
NR_187680.1	2485	2257.29	10.9397	0.218102
NR_187681.1	1294	1066.29	0.0847896	0.00357856
NR_187682.1	2639	2411.29	3.11932	0.0582173
NR_187683.1	2393	2165.29	0	0
NR_187684.1	2197	1969.29	0	0
NR_187686.1	2070	1842.29	5	0.122139
NR_187687.1	3128	2900.29	3	0.0465502
NR_187689.1	638	412.014	0	0
NR_187690.1	574	349.421	0	0
NR_187691.1	1135	907.293	0	0
NR_187692.1	1213	985.293	0	0
NR_187693.1	1941	1713.29	0	0
NR_187694.1	1083	855.293	0	0
NR_187695.1	1836	1608.29	0	0
NR_187696.1	1240	1012.29	0	0
NR_187697.1	1257	1029.29	0	0
NR_187698.1	1352	1124.29	0	0
NR_187699.1	1332	1104.29	2.37227	0.0966769
NR_187700.1	1811	1583.29	0	0
NR_187701.1	1349	1121.29	0	0
NR_187702.1	1127	899.293	0	0
NR_187703.1	1110	882.293	0	0
NR_187704.1	1222	994.293	0	0
NR_187705.1	2044	1816.29	7.30358	0.180964
NR_187706.1	1952	1724.29	0	0
NR_187707.1	3509	3281.29	0	0
NR_187708.1	3262	3034.29	0	0
NR_187709.1	3123	2895.29	0	0
NR_187710.1	2122	1894.29	0	0
NR_187711.1	3215	2987.29	0	0
NR_187712.1	3201	2973.29	0	0
NR_187713.1	3293	3065.29	0	0
NR_187714.1	2030	1802.29	0	0
NR_187715.1	3478	3250.29	0	0
NR_187716.1	1236	1008.29	0	0
NR_187717.1	743	515.753	0	0
NR_187718.1	1031	803.293	0	0
NR_187719.1	1553	1325.29	0	0
NR_187720.1	1692	1464.29	0	0
NR_187721.1	1841	1613.29	0	0
NR_187722.1	1406	1178.29	0	0
NR_187723.1	732	504.753	0	0
NR_187724.1	1020	792.293	0	0
NR_187725.1	1082	854.293	0	0
NR_187726.1	794	566.487	0	0
NR_187727.1	871	643.427	0	0
NR_187728.1	585	360.171	0	0
NR_187729.1	647	420.888	0	0
NR_187730.1	786	558.487	0	0
NR_187731.1	1195	967.293	0	0
NR_187732.1	670	443.585	0	0
NR_187733.1	1988	1760.29	2	0.0511313
NR_187734.1	4026	3798.29	0	0
NR_187735.1	3417	3189.29	2.1477	0.0303054
NR_187736.1	1769	1541.29	1	0.0291983
NR_187737.1	2151	1923.29	0	0
NR_187738.1	1303	1075.29	0	0
NR_187739.1	1287	1059.29	0	0
NR_187740.1	1150	922.293	0	0
NR_187741.1	601	375.763	0	0
NR_187742.1	538	315.318	0	0
NR_187743.1	457	240.449	0	0
NR_187744.1	3293	3065.29	1	0.0146815
NR_187745.1	1329	1101.29	0	0
NR_187746.1	934	706.293	1	0.0637173
NR_187747.1	506	285.56	0	0
NR_187748.1	623	397.299	0	0
NR_187749.1	715	487.852	0	0
NR_187750.1	762	534.648	0	0
NR_187751.1	1812	1584.29	11	0.312464
NR_187752.1	641	415.014	1	0.108438
NR_187753.1	540	317.191	0	0
NR_187754.1	765	537.541	2	0.167441
NR_187755.1	849	621.427	0	0
NR_187756.1	792	564.487	0	0
NR_187757.1	737	509.753	1.48321	0.130944
NR_187758.1	855	627.427	0	0
NR_187759.1	910	682.293	0	0
NR_187760.1	932	704.293	0	0
NR_187761.1	982	754.293	0	0
NR_187762.1	903	675.361	0	0
NR_187763.1	829	601.427	0	0
NR_187764.1	1059	831.293	0	0
NR_187765.1	1107	879.293	0	0
NR_187766.1	784	556.487	0	0
NR_187767.1	940	712.293	3.51679	0.222193
NR_187768.1	706	478.9	0	0
NR_187769.1	783	555.487	0	0
NR_187770.1	704	476.947	0	0
NR_187771.1	734	506.753	0	0
NR_187772.1	2872	2644.29	6.03112	0.102643
NR_187773.1	4132	3904.29	8.00469	0.0922666
NR_187774.1	3201	2973.29	0	0
NR_187775.1	1418	1190.29	0	0
NR_187776.1	1359	1131.29	0	0
NR_187777.1	1307	1079.29	0	0
NR_187778.1	686	459.134	2	0.196035
NR_187779.1	825	597.427	0	0
NR_187780.1	3298	3070.29	0	0
NR_187781.1	3522	3294.29	2	0.0273218
NR_187782.1	3386	3158.29	0	0
NR_187783.1	3490	3262.29	0	0
NR_187784.1	885	657.427	0	0
NR_187785.1	458	241.399	0	0
NR_187786.1	1525	1297.29	1	0.03469
NR_187787.1	1541	1313.29	5.02816e-08	1.72302e-09
NR_187788.1	1674	1446.29	0	0
NR_187789.1	1468	1240.29	0	0
NR_187790.1	1246	1018.29	3	0.132584
NR_187791.1	1050	822.293	0	0
NR_187792.1	614	388.495	0	0
NR_187793.1	3090	2862.29	0	0
NR_187794.1	3051	2823.29	0	0
NR_187795.1	2940	2712.29	0	0
NR_187796.1	2914	2686.29	0	0
NR_187797.1	2878	2650.29	0	0
NR_187798.1	4674	4446.29	16.0026	0.16197
NR_187799.1	2811	2583.29	8	0.139367
NR_187800.1	948	720.293	0	0
NR_187801.1	1359	1131.29	0	0
NR_187802.1	870	642.427	0	0
NR_187803.1	792	564.487	1	0.0797239
NR_187804.1	426	213.764	0	0
NR_187805.1	523	301.192	0	0
NR_187806.1	210	63.8665	0	0
NR_187807.1	968	740.293	0	0
NR_187808.1	517	295.585	0	0
NR_187809.1	1240	1012.29	0	0
NR_187810.1	4170	3942.29	0	0
NR_187811.1	4166	3938.29	0	0
NR_187812.1	4150	3922.29	0	0
NR_187813.1	1504	1276.29	0	0
NR_187814.1	4728	4500.29	0	0
NR_187815.1	4104	3876.29	0	0
NR_187816.1	3821	3593.29	14.0488	0.17595
NR_187817.1	4237	4009.29	0	0
NR_187818.1	5110	4882.29	0	0
NR_187819.1	5338	5110.29	0	0
NR_187820.1	4759	4531.29	0	0
NR_187821.1	3530	3302.29	5.36066	0.0730542
NR_187822.1	1234	1006.29	0	0
NR_187823.1	1462	1234.29	0	0
NR_187824.1	2163	1935.29	0	0
NR_187825.1	768	540.541	0	0
NR_187826.1	585	360.171	0	0
NR_187827.1	779	551.487	0	0
NR_187828.1	741	513.753	0	0
NR_187829.1	772	544.487	0	0
NR_187830.1	738	510.753	0	0
NR_187833.1	2865	2637.29	5.05422	0.0862458
NR_187834.1	611	385.534	15	1.75094
NR_187835.1	4147	3919.29	0	0
NR_187836.1	3073	2845.29	0	0
NR_187837.1	2742	2514.29	0	0
NR_187838.1	2395	2167.29	0	0
NR_187839.1	2354	2126.29	0	0
NR_187840.1	3861	3633.29	3.54728	0.0439378
NR_187841.1	4130	3902.29	0	0
NR_187842.1	722	494.802	0	0
NR_187844.1	1646	1418.29	7.03882e-07	2.23345e-08
NR_187845.1	1526	1298.29	4	0.138653
NR_187846.1	1361	1133.29	0	0
NR_187847.1	1369	1141.29	0	0
NR_187848.1	3026	2798.29	4.05035	0.0651391
NR_187849.1	828	600.427	0	0
NR_187850.1	2141	1913.29	0	0
NR_187851.1	2042	1814.29	1.03102	0.0255742
NR_187852.1	1771	1543.29	0	0
NR_187853.1	1870	1642.29	0	0
NR_187854.1	1240	1012.29	17.969	0.798839
NR_187855.1	2037	1809.29	0	0
NR_187856.1	2002	1774.29	0	0
NR_187857.1	6749	6521.29	0	0
NR_187858.1	5922	5694.29	1.61261e-07	1.27448e-09
NR_187859.1	6621	6393.29	0	0
NR_187860.1	6418	6190.29	0	0
NR_187861.1	5850	5622.29	6.08323	0.0486926
NR_187862.1	1570	1342.29	0	0
NR_187863.1	1367	1139.29	0	0
NR_187864.1	1722	1494.29	0	0
NR_187865.1	785	557.487	0	0
NR_187866.1	1519	1291.29	0	0
NR_187867.1	2813	2585.29	7.89964	0.137512
NR_187868.1	859	631.427	0	0
NR_187869.1	1062	834.293	0	0
NR_187870.1	765	537.541	0	0
NR_187871.1	1327	1099.29	6.01781	0.246358
NR_187872.1	814	586.487	2.56964	0.197177
NR_187873.1	2325	2097.29	0	0
NR_187874.1	2265	2037.29	0	0
NR_187875.1	5496	5268.29	21.2717	0.181708
NR_187876.1	5559	5331.29	0	0
NR_187877.1	2930	2702.29	67.9216	1.13114
NR_187878.1	2993	2765.29	5.52351	0.089891
NR_187879.1	3150	2922.29	0	0
NR_187880.1	4010	3782.29	9.65049	0.114825
NR_187881.1	2663	2435.29	0	0
NR_187882.1	2883	2655.29	0	0
NR_187883.1	2209	1981.29	27.1561	0.616823
NR_187884.1	4238	4010.29	0	0
NR_187885.1	1058	830.293	0	0
NR_187886.1	1079	851.293	0	0
NR_187887.1	1042	814.293	2	0.110533
NR_187888.1	1143	915.293	0	0
NR_187889.1	1429	1201.29	0	0
NR_187890.1	1328	1100.29	0	0
NR_187891.1	1243	1015.29	0	0
NR_187892.1	429	216.04	0	0
NR_187893.1	1092	864.293	2	0.104138
NR_187894.1	838	610.427	0	0
NR_187895.1	2085	1857.29	33	0.799605
NR_187896.1	652	425.803	0	0
NR_187898.1	627	401.259	0	0
NR_187900.1	621	395.338	5.14191	0.585326
NR_187901.1	946	718.293	0	0
NR_187902.1	913	685.293	0	0
NR_187903.1	855	627.427	0	0
NR_187904.1	898	670.361	0	0
NR_187905.1	1455	1227.29	0	0
NR_187906.1	992	764.293	0	0
NR_187907.1	567	342.699	0	0
NR_187908.1	529	306.759	0	0
NR_187909.1	510	289.15	0	0
NR_187911.1	463	245.87	2	0.366072
NR_187912.1	1778	1550.29	0	0
NR_187913.1	1263	1035.29	0	0
NR_187914.1	744	516.753	0	0
NR_187915.1	1193	965.293	0	0
NR_187916.1	619	393.338	0	0
NR_187917.1	470	252.282	0	0
NR_187918.1	1661	1433.29	0	0
NR_187919.1	1687	1459.29	0	0
NR_187920.1	1167	939.293	14.9562	0.716575
NR_187921.1	1538	1310.29	0	0
NR_187922.1	1348	1120.29	0	0
NR_187923.1	1418	1190.29	0	0
NR_187924.1	1927	1699.29	0	0
NR_187925.1	1289	1061.29	0	0
NR_187926.1	523	301.192	1.10987	0.165833
NR_187927.1	1544	1316.29	3.89013	0.133001
NR_187928.1	925	697.293	0	0
NR_187929.1	1026	798.293	0	0
NR_187930.1	1032	804.293	0	0
NR_187931.1	849	621.427	1	0.0724189
NR_187932.1	793	565.487	0	0
NR_187933.1	925	697.293	0	0
NR_187934.1	3434	3206.29	18.8492	0.264565
NR_187935.1	5035	4807.29	0	0
NR_187936.1	4897	4669.29	4.85174	0.0467615
NR_187937.1	6181	5953.29	0	0
NR_187938.1	4818	4590.29	1.01903e-08	9.99052e-11
NR_187939.1	693	466.041	0	0
NR_187940.1	4720	4492.29	31.4416	0.314977
NR_187941.1	659	432.717	0	0
NR_187942.1	2182	1954.29	0	0
NR_187943.1	3855	3627.29	16.5133	0.204877
NR_187944.1	3742	3514.29	1	0.0128057
NR_187945.1	545	321.964	0	0
NR_187946.1	600	374.838	0	0
NR_187948.1	1083	855.293	0	0
NR_187949.1	384	178.976	0	0
NR_187950.1	1874	1646.29	20.898	0.571269
NR_187951.1	1990	1762.29	6.48752	0.16567
NR_187952.1	1761	1533.29	6	0.176104
NR_187953.1	1963	1735.29	0	0
NR_187954.1	2069	1841.29	0	0
NR_187955.1	1923	1695.29	0	0
NR_187956.1	3351	3123.29	0	0
NR_187957.1	3644	3416.29	0	0
NR_187958.1	1923	1695.29	0	0
NR_187959.1	2041	1813.29	0	0
NR_187960.1	3691	3463.29	0	0
NR_187961.1	3304	3076.29	0	0
NR_187962.1	3526	3298.29	0	0
NR_187963.1	3142	2914.29	1.01011	0.0155983
NR_187964.1	3573	3345.29	0	0
NR_187965.1	703	475.947	0	0
NR_187966.1	1412	1184.29	1	0.0379999
NR_187967.1	1297	1069.29	0	0
NR_187968.1	555	331.174	0	0
NR_187969.1	791	563.487	0	0
NR_187970.1	1125	897.293	0	0
NR_187971.1	948	720.293	0	0
NR_187972.1	1357	1129.29	0	0
NR_187973.1	1393	1165.29	0	0
NR_187974.1	788	560.487	0	0
NR_187975.1	3598	3370.29	0	0
NR_187976.1	5557	5329.29	18.0897	0.152758
NR_187977.1	819	591.487	0	0
NR_187978.1	1002	774.293	0	0
NR_187979.1	1539	1311.29	0	0
NR_187980.1	552	328.307	0	0
NR_187981.1	318	129.815	0	0
NR_187982.1	951	723.293	0	0
NR_187983.1	978	750.293	0	0
NR_187984.1	999	771.293	0	0
NR_187985.1	791	563.487	0	0
NR_187986.1	1669	1441.29	0	0
NR_187987.1	1693	1465.29	0	0
NR_187988.1	909	681.293	0	0
NR_187989.1	1016	788.293	0	0
NR_187990.1	1752	1524.29	0	0
NR_187991.1	1745	1517.29	0	0
NR_187992.1	1795	1567.29	0	0
NR_187993.1	2022	1794.29	0	0
NR_187994.1	933	705.293	0	0
NR_187995.1	1776	1548.29	0	0
NR_187996.1	822	594.427	0	0
NR_187997.1	798	570.487	0	0
NR_187998.1	698	470.947	0	0
NR_187999.1	807	579.487	0	0
NR_188000.2	782	554.487	0	0
NR_188001.1	1546	1318.29	27	0.921709
NR_188002.1	1067	839.293	0	0
NR_188003.1	1107	879.293	2	0.102362
NR_188004.1	2650	2422.29	0	0
NR_188005.1	1828	1600.29	0	0
NR_188006.1	550	326.571	0	0
NR_188007.1	1244	1016.29	0	0
NR_188008.1	1276	1048.29	0	0
NR_188009.1	876	648.427	0	0
NR_188010.1	968	740.293	4.0496	0.246179
NR_188011.1	1059	831.293	0	0
NR_188012.1	785	557.487	5.9504	0.480346
NR_188013.1	885	657.427	0	0
NR_188014.1	2349	2121.29	0	0
NR_188015.1	2255	2027.29	1.00185	0.0222396
NR_188017.1	2122	1894.29	0	0
NR_188018.1	1935	1707.29	0	0
NR_188019.1	1633	1405.29	0	0
NR_188020.1	2083	1855.29	0	0
NR_188021.1	2706	2478.29	0	0
NR_188022.1	2869	2641.29	84.6624	1.4425
NR_188023.1	2826	2598.29	14.8147	0.256595
NR_188024.1	795	567.487	0	0
NR_188025.1	774	546.487	0	0
NR_188026.1	848	620.427	0	0
NR_188027.1	529	306.759	1	0.146705
NR_188028.1	608	382.573	0	0
NR_188029.1	822	594.427	0	0
NR_188030.1	1009	781.293	2	0.115202
NR_188031.1	656	429.76	2	0.209433
NR_188032.1	778	550.487	0	0
NR_188033.1	391	184.59	0	0
NR_188034.1	452	236.066	0	0
NR_188035.1	2208	1980.29	0	0
NR_188036.1	2716	2488.29	0	0
NR_188037.1	2768	2540.29	21.697	0.384377
NR_188038.1	2704	2476.29	93.303	1.69565
NR_188039.1	3285	3057.29	15	0.220799
NR_188040.1	1701	1473.29	0	0
NR_188041.1	1543	1315.29	0	0
NR_188042.1	885	657.427	0	0
NR_188043.1	3098	2870.29	13.8704	0.217473
NR_188044.1	451	235.213	0	0
NR_188047.1	1701	1473.29	1	0.0305459
NR_188048.1	930	702.293	0	0
NR_188049.1	520	298.404	0	0
NR_188050.1	1229	1001.29	0	0
NR_188051.1	1210	982.293	0	0
NR_188052.1	710	482.852	0	0
NR_188053.1	615	389.417	0	0
NR_188055.1	908	680.293	1	0.0661525
NR_188056.1	995	767.293	0	0
NR_188057.1	633	407.137	0	0
NR_188058.1	3194	2966.29	0	0
NR_188059.1	3101	2873.29	3.14465e-08	4.92532e-10
NR_188060.1	3091	2863.29	3.74486e-06	5.88588e-08
NR_188061.1	3087	2859.29	2.54572e-05	4.00677e-07
NR_188062.1	3123	2895.29	0	0
NR_188063.1	3065	2837.29	1.0111	0.0160374
NR_188064.1	656	429.76	0	0
NR_188065.1	3265	3037.29	0	0
NR_188066.1	3174	2946.29	3.18419	0.0486368
NR_188067.1	448	232.626	0	0
NR_188068.1	361	161.348	0	0
NR_188069.1	2115	1887.29	0	0
NR_188070.1	4668	4440.29	6.15227	0.0623542
NR_188071.1	4858	4630.29	0	0
NR_188072.1	4723	4495.29	2.87843e-07	2.88164e-09
NR_188073.1	383	178.191	0	0
NR_188074.1	1267	1039.29	0	0
NR_188075.1	729	501.753	1	0.0896918
NR_188076.1	378	174.332	0	0
NR_188077.1	1627	1399.29	5	0.160806
NR_188078.1	1126	898.293	0	0
NR_188079.1	2513	2285.29	0	0
NR_188080.1	1904	1676.29	3.80972	0.102279
NR_188081.1	581	356.279	3.19028	0.402978
NR_188082.1	457	240.449	0	0
NR_188083.1	945	717.293	1.79277	0.112479
NR_188084.1	540	317.191	2.20723	0.313162
NR_188085.1	503	282.705	0	0
NR_188086.1	582	357.279	0	0
NR_188087.1	1286	1058.29	0	0
NR_188088.1	1362	1134.29	0	0
NR_188089.1	1151	923.293	0	0
NR_188090.1	1382	1154.29	0	0
NR_188091.1	1308	1080.29	0	0
NR_188092.1	1348	1120.29	0	0
NR_188093.1	803	575.487	0	0
NR_188094.1	1026	798.293	0	0
NR_188095.1	709	481.852	1	0.0933962
NR_188096.1	2965	2737.29	0	0
NR_188097.1	524	302.192	0	0
NR_188101.1	1621	1393.29	0	0
NR_188102.1	1581	1353.29	0	0
NR_188103.1	1365	1137.29	0	0
NR_188105.1	1263	1035.29	0	0
NR_188106.1	2102	1874.29	0	0
NR_188107.1	1768	1540.29	0	0
NR_188108.1	384	178.976	0	0
NR_188109.1	1542	1314.29	0	0
NR_188110.1	1504	1276.29	0	0
NR_188111.1	1436	1208.29	0	0
NR_188113.1	2561	2333.29	0	0
NR_188114.1	2268	2040.29	0	0
NR_188115.1	600	374.838	0	0
NR_188116.1	790	562.487	0	0
NR_188117.1	1241	1013.29	0	0
NR_188118.1	558	334.107	2.00747	0.2704
NR_188119.1	1040	812.293	0	0
NR_188120.1	621	395.338	0	0
NR_188121.1	1230	1002.29	0	0
NR_188122.1	1827	1599.29	0	0
NR_188123.1	1756	1528.29	3	0.0883399
NR_188124.1	1128	900.293	1	0.0499871
NR_188125.1	1234	1006.29	4.47503e-06	2.00131e-07
NR_188126.1	1287	1059.29	0	0
NR_188127.1	1225	997.293	0.999996	0.045125
NR_188128.1	520	298.404	0	0
NR_188129.1	538	315.318	0	0
NR_188132.1	1588	1360.29	0	0
NR_188133.1	1419	1191.29	0	0
NR_188134.1	1444	1216.29	0	0
NR_188135.1	513	291.914	5	0.770829
NR_188136.1	2925	2697.29	0	0
NR_188137.1	3140	2912.29	3	0.0463584
NR_188138.1	3235	3007.29	0	0
NR_188139.1	3020	2792.29	0	0
NR_188140.1	1878	1650.29	2	0.0545395
NR_188141.1	2754	2526.29	1.13351	0.0201922
NR_188142.1	1426	1198.29	0	0
NR_188144.1	484	265.13	0	0
NR_188145.1	453	236.993	0	0
NR_188146.1	379	175.043	0	0
NR_188147.1	384	178.976	0	0
NR_188148.1	6092	5864.29	0	0
NR_188149.1	5937	5709.29	64.6248	0.5094
NR_188150.1	5909	5681.29	24.6082	0.194929
NR_188151.1	6053	5825.29	59.767	0.461727
NR_188152.1	5916	5688.29	0	0
NR_188153.1	6025	5797.29	0	0
NR_188154.1	5800	5572.29	0	0
NR_188155.1	6029	5801.29	0	0
NR_188156.1	6026	5798.29	0	0
NR_188157.1	2874	2646.29	0	0
NR_188158.1	1032	804.293	0	0
NR_188159.1	940	712.293	0	0
NR_188162.1	1386	1158.29	12.8268	0.498358
NR_188163.1	1720	1492.29	0	0
NR_188164.1	1566	1338.29	5	0.168136
NR_188165.1	1492	1264.29	0	0
NR_188166.1	380	175.793	0	0
NR_188167.1	738	510.753	6.25034	0.550726
NR_188168.1	1806	1578.29	5.34925	0.152527
NR_188169.1	1986	1758.29	1.65075	0.0422505
NR_188170.1	1741	1513.29	0	0
NR_188171.1	1634	1406.29	0	0
NR_188172.1	1573	1345.29	0	0
NR_188173.1	1425	1197.29	0	0
NR_188174.1	1355	1127.29	0	0
NR_188175.1	1263	1035.29	0	0
NR_188176.1	1146	918.293	0	0
NR_188177.1	625	399.259	4	0.450866
NR_188178.1	686	459.134	2	0.196035
NR_188179.1	560	336.006	1	0.133935
NR_188180.1	719	491.852	3.05014	0.27908
NR_188181.1	773	545.487	0	0
NR_188182.1	955	727.293	3	0.185632
NR_188183.1	2514	2286.29	0	0
NR_188184.1	2408	2180.29	0	0
NR_188185.1	2375	2147.29	0	0
NR_188186.1	2316	2088.29	0	0
NR_188187.1	847	619.427	0	0
NR_188188.1	1584	1356.29	0	0
NR_188191.1	380	175.793	0	0
NR_188195.1	2006	1778.29	0	0
NR_188196.1	1593	1365.29	0	0
NR_188197.1	1119	891.293	2	0.100984
NR_188198.1	2551	2323.29	9.00794	0.174487
NR_188199.1	797	569.487	0	0
NR_188200.1	959	731.293	1	0.061539
NR_188201.1	523	301.192	0	0
NR_188210.1	761	533.648	0	0
NR_188211.1	603	377.687	0	0
NR_188212.1	1014	786.293	0	0
NR_188213.1	1352	1124.29	1	0.0400279
NR_188214.1	993	765.293	0	0
NR_188215.1	1144	916.293	1.00878	0.0495455
NR_188216.1	2040	1812.29	0	0
NR_188217.1	1847	1619.29	0	0
NR_188218.1	1754	1526.29	0	0
NR_188219.1	1649	1421.29	0	0
NR_188220.1	1272	1044.29	0	0
NR_188221.1	2115	1887.29	0	0
NR_188222.1	1565	1337.29	0	0
NR_188223.1	1776	1548.29	0	0
NR_188224.1	1923	1695.29	0	0
NR_188225.1	1972	1744.29	0	0
NR_188226.1	1825	1597.29	0	0
NR_188227.1	2473	2245.29	11.9564	0.239645
NR_188228.1	1261	1033.29	0	0
NR_188229.1	1105	877.293	0	0
NR_188230.1	960	732.293	0	0
NR_188231.1	2146	1918.29	3.01196	0.0706605
NR_188232.1	1100	872.293	0	0
NR_188233.1	1122	894.293	0	0
NR_188234.1	2663	2435.29	0	0
NR_188235.1	2561	2333.29	0	0
NR_188236.1	2629	2401.29	0	0
NR_188237.1	2543	2315.29	0	0
NR_188238.1	2509	2281.29	4	0.078908
NR_188239.1	628	402.259	0	0
NR_188240.1	436	222.144	0	0
NR_188241.1	1732	1504.29	0	0
NR_188242.1	3300	3072.29	0	0
NR_188243.1	3161	2933.29	0	0
NR_188244.1	843	615.427	0	0
NR_188245.1	1991	1763.29	0	0
NR_188246.1	7189	6961.29	8.29729	0.05364
NR_188249.1	1013	785.293	0	0
NR_188250.1	2095	1867.29	0	0
NR_188251.1	1979	1751.29	0	0
NR_188252.1	1898	1670.29	0	0
NR_188253.1	2062	1834.29	0	0
NR_188254.1	741	513.753	0	0
NR_188255.1	796	568.487	0	0
NR_188256.1	911	683.293	0	0
NR_188257.1	802	574.487	0	0
NR_188258.1	880	652.427	0	0
NR_188259.1	719	491.852	0	0
NR_188260.1	925	697.293	0	0
NR_188261.1	456	239.672	6	1.12662
NR_188262.1	878	650.427	2	0.13838
NR_188263.1	1014	786.293	0	0
NR_188264.1	909	681.293	0	0
NR_188265.1	707	479.9	0	0
NR_188266.1	2831	2603.29	4.01674	0.0694373
NR_188267.1	1765	1537.29	0	0
NR_188268.1	2390	2162.29	5.0535	0.105177
NR_188269.1	3726	3498.29	147	1.89105
NR_188270.1	2058	1830.29	0	0
NR_188271.1	417	206.073	0	0
NR_188272.1	954	726.293	0	0
NR_188273.1	917	689.293	0	0
NR_188275.1	4286	4058.29	0	0
NR_188276.1	4217	3989.29	0	0
NR_188277.1	4205	3977.29	0	0
NR_188278.1	4298	4070.29	0	0
NR_188279.1	4107	3879.29	0	0
NR_188280.1	3821	3593.29	0	0
NR_188281.1	3768	3540.29	0.0572764	0.000728079
NR_188282.1	3756	3528.29	6.02007	0.0767855
NR_188283.1	1757	1529.29	5	0.147137
NR_188284.1	1752	1524.29	0	0
NR_188285.1	959	731.293	0	0
NR_188286.1	1556	1328.29	0	0
NR_188287.1	741	513.753	0	0
NR_188288.1	2111	1883.29	0	0
NR_188289.1	734	506.753	1.48877	0.132213
NR_188290.1	1049	821.293	0	0
NR_188291.1	1105	877.293	0	0
NR_188292.1	756	528.701	0	0
NR_188293.1	608	382.573	5	0.588164
NR_188294.1	698	470.947	0	0
NR_188295.1	713	485.852	0	0
NR_188296.1	7259	7031.29	0	0
NR_188297.1	7114	6886.29	20	0.130703
NR_188298.1	787	559.487	0	0
NR_188299.1	1986	1758.29	1.05886	0.0271012
NR_188300.1	431	217.835	0	0
NR_188301.1	1144	916.293	2.32531	0.114206
NR_188302.1	1101	873.293	1.37084	0.0706428
NR_188303.1	942	714.293	0	0
NR_188304.1	1382	1154.29	0	0
NR_188305.1	1502	1274.29	0	0
NR_188306.1	1302	1074.29	0	0
NR_188307.1	1538	1310.29	0	0
NR_188308.1	1561	1333.29	0	0
NR_188309.1	1914	1686.29	0	0
NR_188310.1	1606	1378.29	0	0
NR_188311.1	1422	1194.29	0	0
NR_188312.1	910	682.293	0	0
NR_188313.1	1165	937.293	0	0
NR_188314.1	591	366.025	0	0
NR_188315.1	675	448.496	0	0
NR_188316.1	487	267.803	0	0
NR_188317.1	471	253.178	0	0
NR_188318.1	775	547.487	0	0
NR_188319.1	615	389.417	0	0
NR_188320.1	511	290.032	0	0
NR_188321.1	495	275.303	0	0
NR_188322.1	799	571.487	0	0
NR_188323.1	707	479.9	0	0
NR_188324.1	791	563.487	0	0
NR_188325.1	1075	847.293	0	0
NR_188326.1	1024	796.293	0	0
NR_188327.1	1220	992.293	0	0
NR_188328.1	1259	1031.29	0	0
NR_188329.1	1199	971.293	0	0
NR_188330.1	647	420.888	0	0
NR_188331.1	407	197.751	0	0
NR_188332.1	745	517.701	0	0
NR_188333.1	228	73.5821	0	0
NR_188334.1	571	346.526	0	0
NR_188335.1	5417	5189.29	0	0
NR_188336.1	2031	1803.29	0.108743	0.0027138
NR_188337.1	2026	1798.29	4.89342	0.12246
NR_188338.1	2035	1807.29	0.00521351	0.000129821
NR_188339.1	1877	1649.29	0	0
NR_188340.1	602	376.687	0	0
NR_188341.1	678	451.406	0	0
NR_188343.1	1951	1723.29	22.4576	0.58647
NR_188344.1	3791	3563.29	0	0
NR_188345.1	1337	1109.29	0	0
NR_188346.1	949	721.293	0	0
NR_188347.1	1546	1318.29	0	0
NR_188348.1	618	392.338	0	0
NR_188349.1	1096	868.293	0	0
NR_188350.1	643	416.972	0	0
NR_188351.1	1206	978.293	0	0
NR_188352.1	1656	1428.29	0	0
NR_188353.1	508	287.414	0	0
NR_188354.1	737	509.753	0	0
NR_188355.1	1775	1547.29	0	0
NR_188356.1	681	454.225	0	0
NR_188357.1	1143	915.293	0	0
NR_188358.1	906	678.293	0	0
NR_188359.1	752	524.701	2.38863	0.20487
NR_188360.1	464	246.768	0	0
NR_188361.1	1635	1407.29	0	0
NR_188362.1	823	595.427	0	0
NR_188363.1	643	416.972	0	0
NR_188364.1	1332	1104.29	0	0
NR_188365.1	688	461.088	0	0
NR_188366.1	581	356.279	6	0.757885
NR_188367.1	511	290.032	0	0
NR_188368.1	1817	1589.29	0	0
NR_188369.1	855	627.427	0	0
NR_188370.1	360	160.548	0	0
NR_188371.1	365	164.195	0	0
NR_188372.1	540	317.191	0	0
NR_188373.1	444	229.227	0	0
NR_188374.1	1252	1024.29	0	0
NR_188375.1	2434	2206.29	5.04689	0.102944
NR_188376.1	1792	1564.29	0	0
NR_188377.1	1271	1043.29	0	0
NR_188378.1	563	338.802	2	0.26566
NR_188379.1	637	411.055	0	0
NR_188380.1	1280	1052.29	0	0
NR_188381.1	1044	816.293	0	0
NR_188382.1	1141	913.293	0	0
NR_188383.1	1228	1000.29	0	0
NR_188384.1	1187	959.293	0	0
NR_188385.1	1725	1497.29	0	0
NR_188386.1	2343	2115.29	4.00994	0.0853119
NR_188388.1	928	700.293	0	0
NR_188389.1	1685	1457.29	0	0
NR_188390.1	1428	1200.29	0	0
NR_188391.1	3494	3266.29	1.00595	0.0138601
NR_188392.1	3830	3602.29	0	0
NR_188393.1	1380	1152.29	0	0
NR_188394.1	1621	1393.29	0	0
NR_188395.1	2166	1938.29	0	0
NR_188396.1	3581	3353.29	60.5085	0.812058
NR_188397.1	3500	3272.29	0	0
NR_188398.1	1675	1447.29	3	0.093284
NR_188399.1	3453	3225.29	136.492	1.90449
NR_188400.1	767	539.541	0	0
NR_188401.1	1092	864.293	0	0
NR_188402.1	875	647.427	0	0
NR_188403.1	847	619.427	0	0
NR_188404.1	1120	892.293	0	0
NR_188405.1	1012	784.293	0	0
NR_188406.1	559	335.04	0	0
NR_188407.1	3459	3231.29	0	0
NR_188408.1	3338	3110.29	2	0.0289382
NR_188409.1	801	573.487	0	0
NR_188410.1	3691	3463.29	0	0
NR_188411.1	3567	3339.29	0	0
NR_188412.1	3570	3342.29	0	0
NR_188413.1	711	483.852	0	0
NR_188414.1	1071	843.293	0	0
NR_188415.1	783	555.487	1	0.0810156
NR_188416.1	757	529.648	0	0
NR_188417.1	1925	1697.29	0	0
NR_188418.1	3128	2900.29	0	0
NR_188419.1	4313	4085.29	0	0
NR_188420.1	3183	2955.29	9.77704	0.148884
NR_188421.1	2982	2754.29	3.64514	0.0595589
NR_188422.1	1466	1238.29	0	0
NR_188423.1	1376	1148.29	0	0
NR_188424.1	1362	1134.29	0	0
NR_188425.1	1272	1044.29	0	0
NR_188426.1	1335	1107.29	0	0
NR_188427.1	1007	779.293	0	0
NR_188428.1	966	738.293	1	0.0609556
NR_188429.1	1289	1061.29	0	0
NR_188430.1	496	276.219	0	0
NR_188431.1	889	661.427	0	0
NR_188432.1	2510	2282.29	0	0
NR_188433.1	2572	2344.29	37.2508	0.715099
NR_188434.1	2089	1861.29	0	0
NR_188435.1	2499	2271.29	0	0
NR_188436.1	2296	2068.29	1.73512	0.0377537
NR_188437.1	2375	2147.29	9.7806	0.204982
NR_188438.1	2223	1995.29	0	0
NR_188439.1	1211	983.293	0	0
NR_188440.1	1130	902.293	6.89112	0.343704
NR_188441.1	527	304.945	2	0.295155
NR_188442.1	836	608.427	1	0.0739662
NR_188443.1	330	138.255	0	0
NR_188444.1	929	701.293	1	0.0641716
NR_188445.1	1232	1004.29	0	0
NR_188446.1	1101	873.293	0	0
NR_188447.1	1253	1025.29	0	0
NR_188448.1	1493	1265.29	0	0
NR_188449.1	804	576.487	0	0
NR_188450.1	931	703.293	0	0
NR_188451.1	525	303.13	0	0
NR_188452.1	3338	3110.29	3	0.0434072
NR_188453.1	3504	3276.29	0	0
NR_188454.1	3513	3285.29	0	0
NR_188455.1	3422	3194.29	0	0
NR_188456.1	3431	3203.29	0	0
NR_188457.1	871	643.427	18.5591	1.29808
NR_188458.1	751	523.701	0	0
NR_188459.1	678	451.406	2.68576	0.267758
NR_188460.1	863	635.427	0	0
NR_188461.1	1690	1462.29	0	0
NR_188462.1	1450	1222.29	0	0
NR_188463.1	705	477.9	0	0
NR_188464.1	714	486.852	0	0
NR_188465.1	653	426.803	1	0.105442
NR_188466.1	2064	1836.29	0	0
NR_188467.1	1960	1732.29	0	0
NR_188468.1	2033	1805.29	0	0
NR_188469.1	2082	1854.29	0	0
NR_188470.1	4234	4006.29	6.00206	0.0674217
NR_188471.1	860	632.427	0	0
NR_188472.1	1505	1277.29	0	0
NR_188473.1	1370	1142.29	0	0
NR_188474.1	1271	1043.29	0	0
NR_188475.1	959	731.293	0	0
NR_188476.1	1094	866.293	0	0
NR_188477.1	919	691.293	0	0
NR_188478.1	1227	999.293	0	0
NR_188479.1	1128	900.293	0	0
NR_188481.1	554	330.174	0	0
NR_188482.1	660	433.717	0	0
NR_188483.1	2682	2454.29	3	0.0550094
NR_188484.1	865	637.427	0	0
NR_188485.1	782	554.487	0	0
NR_188486.1	1368	1140.29	0	0
NR_188487.1	1293	1065.29	0	0
NR_188488.1	675	448.496	0	0
NR_188489.1	1166	938.293	4	0.191851
NR_188490.1	741	513.753	0	0
NR_188492.1	625	399.259	0	0
NR_188494.1	564	339.768	29.7893	3.94566
NR_188496.1	674	447.496	0	0
NR_188498.1	1648	1420.29	0	0
NR_188499.1	1830	1602.29	0	0
NR_188500.1	1034	806.293	0	0
NR_188501.1	387	181.366	0	0
NR_188502.1	1595	1367.29	1.10688	0.036432
NR_188503.1	1806	1578.29	0	0
NR_188504.1	3895	3667.29	0	0
NR_188505.1	3829	3601.29	0	0
NR_188506.1	708	480.9	0	0
NR_188507.1	1622	1394.29	10	0.322766
NR_188508.1	1277	1049.29	0	0
NR_188509.1	661	434.717	4	0.414091
NR_188510.1	1043	815.293	0	0
NR_188511.1	895	667.361	0	0
NR_188512.1	1224	996.293	0	0
NR_188513.1	2391	2163.29	0	0
NR_188514.1	2394	2166.29	9.13046	0.189678
NR_188515.1	2513	2285.29	6.41468	0.126321
NR_188516.1	2484	2256.29	6.8945	0.137515
NR_188517.1	2114	1886.29	2.67892	0.0639136
NR_188518.1	766	538.541	0	0
NR_188519.1	2152	1924.29	3.87717	0.0906746
NR_188520.1	591	366.025	0.262514	0.0322764
NR_188521.1	475	257.02	1	0.175095
NR_188522.1	3784	3556.29	0	0
NR_188523.1	2853	2625.29	0	0
NR_188524.1	2399	2171.29	0	0
NR_188525.1	2692	2464.29	8.99313	0.164233
NR_188526.1	2461	2233.29	0	0
NR_188527.1	1049	821.293	0	0
NR_188528.1	1126	898.293	0	0
NR_188529.1	1193	965.293	0	0
NR_188530.1	3441	3213.29	3.00306	0.0420587
NR_188531.1	2775	2547.29	0	0
NR_188532.1	475	257.02	0	0
NR_188533.1	2048	1820.29	0	0
NR_188534.1	798	570.487	6.33703	0.499899
NR_188535.1	561	336.904	2.66297	0.355715
NR_188536.1	1020	792.293	0	0
NR_188537.1	939	711.293	0.000164912	1.04339e-05
NR_188538.1	809	581.487	0	0
NR_188539.1	791	563.487	7.83202	0.625507
NR_188540.1	832	604.427	0	0
NR_188541.1	1091	863.293	0	0
NR_188542.1	935	707.293	0	0
NR_188543.1	854	626.427	0	0
NR_188544.1	1401	1173.29	0	0
NR_188545.1	1319	1091.29	0	0
NR_188546.1	637	411.055	0	0
NR_188547.1	718	490.852	7.91385	0.725571
NR_188548.1	667	440.629	5.08615	0.519467
NR_188549.1	493	273.443	3	0.493737
NR_188550.1	2656	2428.29	0	0
NR_188551.1	2601	2373.29	0	0
NR_188552.1	668	441.629	0	0
NR_188553.1	502	281.791	0	0
NR_188554.1	849	621.427	0	0
NR_188555.1	2295	2067.29	85.0301	1.85103
NR_188556.1	1476	1248.29	7	0.252362
NR_188557.1	1281	1053.29	1	0.0427261
NR_188558.1	1297	1069.29	0	0
NR_188559.1	1286	1058.29	0	0
NR_188560.1	5077	4849.29	0	0
NR_188561.1	1111	883.293	0	0
NR_188562.1	688	461.088	0	0
NR_188563.1	375	171.827	0	0
NR_188564.1	4684	4456.29	0	0
NR_188565.1	798	570.487	0	0
NR_188566.1	4566	4338.29	5	0.0518673
NR_188567.1	680	453.225	0	0
NR_188568.1	898	670.361	0	0
NR_188569.1	932	704.293	0	0
NR_188570.1	822	594.427	2	0.151417
NR_188571.1	2734	2506.29	6.19603	0.111256
NR_188572.1	1116	888.293	0.803972	0.0407312
NR_188573.1	691	464.041	6	0.581885
NR_188574.1	1677	1449.29	0	0
NR_188575.1	1822	1594.29	0	0
NR_188576.1	1015	787.293	0	0
NR_188577.1	1580	1352.29	5.84285	0.194445
NR_188578.1	2099	1871.29	1	0.0240492
NR_188579.1	2344	2116.29	0	0
NR_188580.1	1500	1272.29	2	0.0707433
NR_188581.1	1343	1115.29	0	0
NR_188582.1	780	552.487	0	0
NR_188583.1	758	530.648	0	0
NR_188584.1	1324	1096.29	0	0
NR_188585.1	1267	1039.29	0	0
NR_188586.1	1287	1059.29	0	0
NR_188587.1	1562	1334.29	0	0
NR_188588.1	2209	1981.29	0	0
NR_188589.1	538	315.318	0	0
NR_188590.1	750	522.701	2	0.172194
NR_188591.1	2390	2162.29	1	0.0208127
NR_188592.1	1396	1168.29	27.9569	1.07691
NR_188593.1	1371	1143.29	0	0
NR_188594.1	694	467.041	0	0
NR_188595.1	712	484.852	0	0
NR_188596.1	2486	2258.29	0	0
NR_188597.1	2590	2362.29	3.54144	0.0674664
NR_188598.1	1586	1358.29	0	0
NR_188599.1	1589	1361.29	0	0
NR_188600.1	708	480.9	0	0
NR_188601.1	705	477.9	0	0
NR_188602.1	606	380.649	0	0
NR_188603.1	1005	777.293	1.80038	0.104237
NR_188604.1	994	766.293	9.0533	0.531685
NR_188605.1	781	553.487	0	0
NR_188606.1	792	564.487	0	0
NR_188607.1	3095	2867.29	0	0
NR_188608.1	1617	1389.29	0	0
NR_188609.1	1213	985.293	0	0
NR_188610.1	3233	3005.29	9.88713	0.148056
NR_188611.1	3422	3194.29	0	0
NR_188612.1	3145	2917.29	39.6013	0.610903
NR_188613.1	2529	2301.29	0	0
NR_188614.1	2448	2220.29	5.13379	0.104057
NR_188615.1	1631	1403.29	0	0
NR_188616.1	1439	1211.29	4	0.148612
NR_188617.1	1865	1637.29	1.00432	0.027605
NR_188618.1	1553	1325.29	0	0
NR_188619.1	3037	2809.29	0	0
NR_188620.1	1679	1451.29	7	0.217063
NR_188621.1	902	674.361	1	0.0667344
NR_188622.1	679	452.316	0	0
NR_188623.1	965	737.293	27	1.64803
NR_188624.1	804	576.487	3	0.234193
NR_188625.1	893	665.361	0	0
NR_188626.1	547	323.768	2	0.277996
NR_188627.1	771	543.487	0	0
NR_188628.1	889	661.427	0	0
NR_188629.1	1063	835.293	0	0
NR_188630.1	1826	1598.29	2.00807	0.0565412
NR_188631.1	1508	1280.29	2.41517	0.0848946
NR_188632.1	2486	2258.29	12.4693	0.248487
NR_188633.1	3333	3105.29	0	0
NR_188634.1	287	109.221	0	0
NR_188635.1	1888	1660.29	0	0
NR_188636.1	3903	3675.29	1	0.0122448
NR_188637.1	2690	2462.29	7.89465e-07	1.4429e-08
NR_188638.1	2818	2590.29	0	0
NR_188639.1	2592	2364.29	25.4756	0.484915
NR_188640.1	2591	2363.29	0.00726843	0.000138409
NR_188641.1	2299	2071.29	60.6003	1.31666
NR_188642.1	2710	2482.29	0	0
NR_188643.1	2372	2144.29	4.28351	0.0898996
NR_188644.1	1347	1119.29	0	0
NR_188645.1	2411	2183.29	5.53125	0.114013
NR_188646.1	911	683.293	5	0.32931
NR_188647.1	307	122.069	0	0
NR_188648.1	913	685.293	8	0.525358
NR_188649.1	1190	962.293	0	0
NR_188650.1	1131	903.293	1.03789	0.0517087
NR_188651.1	727	499.753	0	0
NR_188652.1	9617	9389.29	5.01632	0.0240434
NR_188653.1	9618	9390.29	4.33485	0.0207748
NR_188654.1	761	533.648	4	0.337324
NR_188655.1	2574	2346.29	4.00167	0.0767541
NR_188656.1	2360	2132.29	0	0
NR_188657.1	769	541.541	0	0
NR_188658.1	495	275.303	0	0
NR_188659.1	544	321.029	0	0
NR_188660.1	470	252.282	0	0
NR_188661.1	990	762.293	0	0
NR_188662.1	1068	840.293	2	0.107113
NR_188663.1	1322	1094.29	0	0
NR_188664.1	7338	7110.29	8.39495	0.0531341
NR_188665.1	7016	6788.29	227.605	1.50891
NR_188666.1	1003	775.293	127.977	7.42862
NR_188667.1	2448	2220.29	178.222	3.61238
NR_188668.1	2740	2512.29	87.3966	1.56555
NR_188669.1	844	616.427	55.5624	4.05641
NR_188670.1	3179	2951.29	4.59703	0.0700983
NR_188671.1	2537	2309.29	3.47513	0.0677226
NR_188672.1	2215	1987.29	75.6015	1.71203
NR_188673.1	2352	2124.29	212.898	4.51023
NR_188674.1	2046	1818.29	49.5223	1.22569
NR_188675.1	4172	3944.29	0	0
NR_188676.1	3886	3658.29	0	0
NR_188677.1	3744	3516.29	5.36581	0.0686741
NR_188678.1	4062	3834.29	0	0
NR_188679.1	4060	3832.29	0	0
NR_188680.1	3901	3673.29	0	0
NR_188681.1	3875	3647.29	0	0
NR_188683.1	703	475.947	0	0
NR_188684.1	760	532.648	0	0
NR_188685.1	709	481.852	0	0
NR_188686.1	636	410.055	0	0
NR_188687.1	557	333.141	0	0
NR_188688.1	401	192.714	0	0
NR_188689.1	987	759.293	6.02018	0.356814
NR_188690.1	1287	1059.29	0	0
NR_188691.1	3813	3585.29	7.318	0.0918565
NR_188692.1	1669	1441.29	1	0.0312241
NR_188693.1	1831	1603.29	0	0
NR_188694.1	1883	1655.29	0	0
NR_188695.1	2159	1931.29	0	0
NR_188696.1	2148	1920.29	0	0
NR_188697.1	2077	1849.29	0	0
NR_188698.1	2289	2061.29	0	0
NR_188699.1	2330	2102.29	0	0
NR_188700.1	2031	1803.29	0	0
NR_188701.1	1870	1642.29	0	0
NR_188702.1	1962	1734.29	0	0
NR_188703.1	2048	1820.29	0	0
NR_188704.1	2216	1988.29	0	0
NR_188705.1	1824	1596.29	0	0
NR_188706.1	2031	1803.29	0	0
NR_188707.1	1915	1687.29	0	0
NR_188708.1	1979	1751.29	0	0
NR_188709.1	1922	1694.29	4.2874	0.11388
NR_188710.1	1863	1635.29	0	0
NR_188711.1	2218	1990.29	0	0
NR_189053.1	5262	5034.29	1	0.00893931
NR_189054.1	2107	1879.29	3	0.0718404
NR_189055.1	1428	1200.29	0	0
NR_189056.1	1277	1049.29	0	0
NR_189057.1	1240	1012.29	0	0
NR_189058.1	1142	914.293	0	0
NR_189059.1	1411	1183.29	0	0
NR_189060.1	901	673.361	0	0
NR_189061.1	865	637.427	0	0
NR_189062.1	767	539.541	0	0
NR_189063.1	632	406.137	0	0
NR_189064.1	1375	1147.29	0	0
NR_189065.1	774	546.487	0	0
NR_189066.1	1635	1407.29	0	0
NR_189067.1	1493	1265.29	0	0
NR_189068.1	1351	1123.29	0	0
NR_189069.1	1415	1187.29	0	0
NR_189070.1	1521	1293.29	0	0
NR_189071.1	1301	1073.29	0	0
NR_189072.1	1407	1179.29	0	0
NR_189073.1	799	571.487	0	0
NR_189074.1	1148	920.293	0	0
NR_189075.1	693	466.041	0	0
NR_189076.1	971	743.293	0	0
NR_189077.1	1272	1044.29	0	0
NR_189078.1	1212	984.293	0	0
NR_189079.1	1243	1015.29	0	0
NR_189080.1	2406	2178.29	0	0
NR_189081.1	2549	2321.29	0	0
NR_189082.1	2348	2120.29	0	0
NR_189083.1	2721	2493.29	0	0
NR_189084.1	2607	2379.29	0	0
NR_189085.1	2713	2485.29	0	0
NR_189086.1	2653	2425.29	0	0
NR_189087.1	2711	2483.29	0	0
NR_189088.1	2684	2456.29	0	0
NR_189089.1	2471	2243.29	0	0
NR_189090.1	2605	2377.29	0	0
NR_189091.1	2520	2292.29	0	0
NR_189092.1	2454	2226.29	0	0
NR_189093.1	2531	2303.29	0	0
NR_189094.1	2512	2284.29	0	0
NR_189097.1	2586	2358.29	0.000318541	6.07869e-06
NR_189098.1	2778	2550.29	0	0
NR_189099.1	2779	2551.29	0	0
NR_189100.1	2665	2437.29	0	0
NR_189101.1	2571	2343.29	2.00648	0.0385346
NR_189102.1	2619	2391.29	0	0
NR_189103.1	2687	2459.29	0	0
NR_189104.1	627	401.259	0	0
NR_189105.1	581	356.279	0	0
NR_189106.1	661	434.717	0	0
NR_189107.1	2235	2007.29	0	0
NR_189108.1	3305	3077.29	3.53228	0.051657
NR_189109.1	669	442.629	0	0
NR_189110.1	796	568.487	0	0
NR_189111.1	675	448.496	0	0
NR_189112.1	784	556.487	0	0
NR_189113.1	663	436.717	0	0
NR_189114.1	601	375.763	0	0
NR_189115.1	722	494.802	0	0
NR_189116.1	615	389.417	0	0
NR_189117.1	708	480.9	0	0
NR_189118.1	611	385.534	0	0
NR_189119.1	1260	1032.29	20.9086	0.911516
NR_189120.1	732	504.753	4.93478	0.439978
NR_189121.1	1008	780.293	2.06522	0.119111
NR_189122.1	1954	1726.29	359.254	9.36545
NR_189123.1	2093	1865.29	72.2863	1.74402
NR_189124.1	670	443.585	539.119	54.6953
NR_189125.1	766	538.541	53.0129	4.43002
NR_189126.1	650	423.846	0	0
NR_189129.1	574	349.421	2.97639	0.383339
NR_189130.1	781	553.487	3.71069	0.30171
NR_189131.1	3986	3758.29	18.7317	0.2243
NR_189132.1	3846	3618.29	26.7697	0.332953
NR_189143.1	1892	1664.29	14.1216	0.381852
NR_189146.1	392	185.43	0	0
NR_189147.1	439	224.747	0	0
NR_189148.1	1497	1269.29	6.59633	0.233875
NR_189149.1	1603	1375.29	2.24532e-08	7.34726e-10
NR_189150.1	724	496.802	31.9905	2.89787
NR_189151.1	3064	2836.29	0	0
NR_189152.1	3412	3184.29	12.8883	0.182148
NR_189153.1	3788	3560.29	160.994	2.035
NR_189154.1	2588	2360.29	9.8993	0.188747
NR_189155.1	1898	1670.29	11.6496	0.313877
NR_189156.1	2507	2279.29	10.8731	0.214682
NR_189157.1	4212	3984.29	10.3811	0.117256
NR_189158.1	7666	7438.29	0	0
NR_189159.1	7961	7733.29	0	0
NR_189161.1	4398	4170.29	17.4807	0.18864
NR_189162.1	2056	1828.29	1.23791	0.0304709
NR_189163.1	2192	1964.29	2.19911	0.0503829
NR_189165.1	1171	943.293	0	0
NR_189166.1	555	331.174	0	0
NR_189167.1	1593	1365.29	0	0
NR_189168.1	457	240.449	7.96181	1.49016
NR_189169.1	980	752.293	1	0.0598212
NR_189170.1	456	239.672	0	0
NR_189272.1	3362	3134.29	1.00146	0.0143792
NR_189273.1	4218	3990.29	4.23119	0.0477199
NR_189274.1	2556	2328.29	0	0
NR_189275.1	2824	2596.29	1.7873	0.0309803
NR_189276.1	3995	3767.29	19.3862	0.231583
NR_189277.1	4110	3882.29	122.287	1.41754
NR_189278.1	3986	3758.29	20.8303	0.249429
NR_189279.1	4250	4022.29	15.3384	0.171613
NR_189280.1	842	614.427	4.66341	0.341567
NR_189281.1	758	530.648	0	0
NR_189282.1	713	485.852	10.6652	0.987886
NR_189283.1	4887	4659.29	40.0218	0.386562
NR_189285.1	1019	791.293	1	0.0568728
NR_189286.1	1043	815.293	1	0.0551986
NR_189287.1	164	39.7643	0	0
NR_189288.1	165	40.2498	2	2.23619
NR_189289.1	164	39.7643	0	0
NR_189290.1	466	248.539	2	0.362141
NR_189291.1	2277	2049.29	0	0
NR_189292.1	2152	1924.29	16.5795	0.387743
NR_189293.1	2375	2147.29	4.07962	0.0855009
NR_189294.1	1985	1757.29	0	0
NR_189295.1	1777	1549.29	0	0
NR_189296.1	4667	4439.29	0	0
NR_189297.1	4937	4709.29	1.45798	0.0139328
NR_189298.1	628	402.259	0	0
NR_189306.1	518	296.555	0	0
NR_189308.1	675	448.496	5	0.501711
NR_189577.1	638	412.014	0	0
NR_189578.1	936	708.293	0	0
NR_189579.1	1639	1411.29	0	0
NR_189580.1	1588	1360.29	0	0
NR_189581.1	1526	1298.29	0	0
NR_189582.1	1685	1457.29	0	0
NR_189583.1	624	398.259	0	0
NR_189584.1	795	567.487	0	0
NR_189594.1	396	188.639	5.26588	1.25626
NR_189601.1	5351	5123.29	6.90564	0.0606593
NR_189602.1	5602	5374.29	16.2382	0.135975
NR_189603.1	1776	1548.29	0	0
NR_189604.1	1910	1682.29	0	0
NR_189605.1	4239	4011.29	0	0
NR_189606.1	3703	3475.29	6.16135e-08	7.9786e-10
NR_189607.1	3657	3429.29	5.2896	0.0694161
NR_189608.1	3307	3079.29	2	0.0292295
NR_189609.1	4124	3896.29	0	0
NR_189617.1	1900	1672.29	0	0
NR_189618.1	2234	2006.29	0	0
NR_189619.1	2189	1961.29	0	0
NR_189620.1	1926	1698.29	10.4346	0.276506
NR_189621.1	1132	904.293	2.53217	0.126016
NR_189622.1	1242	1014.29	4.89615	0.217237
NR_189628.1	5855	5627.29	33.0773	0.264529
NR_189629.1	254	88.6424	8	4.06154
NR_189630.1	4439	4211.29	10.2747	0.109798
NR_189631.1	1493	1265.29	1.05845	0.0376462
NR_189642.1	2215	1987.29	2.15731	0.0488533
NR_189643.1	2211	1983.29	0	0
NR_189644.1	3731	3503.29	25.8478	0.332039
NR_189645.1	6813	6585.29	2.00722	0.0137171
NR_189646.1	3401	3173.29	16.5381	0.234541
NR_189647.1	3560	3332.29	0	0
NR_189648.1	4353	4125.29	12.6069	0.137529
NR_189652.1	3743	3515.29	0	0
NR_189653.1	3112	2884.29	0	0
NR_189654.1	3752	3524.29	3.04537	0.0388875
NR_189732.1	628	402.259	0	0
NR_189734.1	2315	2087.29	36.5363	0.787741
NR_189739.1	2930	2702.29	2	0.0333073
NR_190000.1	990	762.293	37.654	2.22296
NR_190001.1	2449	2221.29	26.0612	0.527996
NR_190002.1	2359	2131.29	0	0
NR_190061.1	7707	7479.29	438.155	2.63639
NR_190183.1	1117	889.293	0.566809	0.0286836
NR_190184.1	984	756.293	0	0
NR_190185.1	3670	3442.29	5.32158	0.0695721
NR_190186.1	2865	2637.29	0	0
NR_190187.1	1703	1475.29	0	0
NR_190189.1	1253	1025.29	0	0
NR_190190.1	1154	926.293	0	0
NR_190191.1	1075	847.293	0	0
NR_190192.1	948	720.293	0	0
NR_190193.1	1348	1120.29	0	0
NR_190203.1	1132	904.293	0	0
NR_190204.1	1136	908.293	1	0.0495469
NR_190205.1	1144	916.293	0	0
NR_190218.1	1830	1602.29	34.3221	0.963994
NR_190219.1	2139	1911.29	0.00909678	0.000214192
NR_190220.1	2619	2391.29	27.7995	0.523174
NR_190221.1	2089	1861.29	12.1562	0.293918
NR_190227.1	4456	4228.29	80.7593	0.859547
NR_190231.1	3711	3483.29	1.0914	0.0141006
NR_190285.1	2562	2334.29	3.05217	0.0588431
NR_190286.1	987	759.293	0	0
NR_190290.1	3915	3687.29	0	0
NR_190291.1	3726	3498.29	0	0
NR_190292.1	3807	3579.29	0	0
NR_190293.1	3824	3596.29	0	0
NR_190294.1	3874	3646.29	0	0
NR_190295.1	3871	3643.29	0	0
NR_190296.1	3857	3629.29	0	0
NR_190297.1	3804	3576.29	0	0
NR_190298.1	3923	3695.29	0	0
NR_190299.1	4004	3776.29	0	0
NR_190300.1	3815	3587.29	0	0
NR_190301.1	3896	3668.29	0	0
NR_190302.1	3943	3715.29	0	0
NR_190303.1	4142	3914.29	0	0
NR_190304.1	4199	3971.29	0	0
NR_190305.1	4061	3833.29	0	0
NR_190306.1	4034	3806.29	0	0
NR_190307.1	4031	3803.29	0	0
NR_190308.1	4196	3968.29	0	0
NR_190309.1	3893	3665.29	0	0
NR_190310.1	4560	4332.29	0	0
NR_190311.1	3969	3741.29	0	0
NR_190312.1	4318	4090.29	0	0
NR_190313.1	3753	3525.29	0	0
NR_190314.1	4204	3976.29	0	0
NR_190315.1	4426	4198.29	0	0
NR_190316.1	4096	3868.29	0	0
NR_190317.1	3999	3771.29	0	0
NR_190318.1	4312	4084.29	0	0
NR_190319.1	4237	4009.29	1	0.0112247
NR_190320.1	3972	3744.29	0	0
NR_190321.1	4093	3865.29	0	0
NR_190322.1	4285	4057.29	0	0
NR_190323.1	3954	3726.29	0	0
NR_190324.1	4426	4198.29	0	0
NR_190325.1	3968	3740.29	0	0
NR_190326.1	4015	3787.29	0	0
NR_190763.1	3782	3554.29	11.9046	0.150731
NR_190764.1	3527	3299.29	0	0
NR_190765.1	4210	3982.29	36.3758	0.411075
NR_190766.1	4292	4064.29	0	0
NR_190902.1	367	165.66	0	0
NR_190903.1	1198	970.293	5.84027	0.270877
NR_190904.1	1270	1042.29	7.30901	0.315581
NR_190905.1	991	763.293	0	0
NR_190993.1	1979	1751.29	14.3029	0.367542
NR_190994.1	9719	9491.29	430.619	2.04179
NR_190995.1	9849	9621.29	8.48609e-07	3.96932e-09
NR_190996.1	9637	9409.29	0	0
NR_190997.1	14297	14069.3	5.88458	0.0188229
NR_190998.1	5055	4827.29	544.837	5.07932
NR_190999.1	14083	13855.3	0	0
NR_191000.1	19027	18799.3	85.5144	0.20471
NR_191001.1	19180	18952.3	328.755	0.780645
NR_191002.1	14095	13867.3	0	0
NR_191003.1	14241	14013.3	0.0671644	0.000215696
NR_191004.1	14014	13786.3	0	0
NR_191005.1	19043	18815.3	1117.87	2.67376
NR_191006.1	14151	13923.3	0	0
NR_191007.1	13528	13300.3	13.7819	0.0466326
NR_191009.1	14160	13932.3	420.664	1.3588
NR_197195.1	2709	2481.29	0	0
NR_197196.1	3345	3117.29	3.20657e-06	4.62919e-08
NR_197197.1	2791	2563.29	0	0
NR_197198.1	2761	2533.29	0	0
NR_197229.1	728	500.753	2	0.179742
NR_197241.1	796	568.487	0	0
NR_197358.1	1238	1010.29	0	0
NR_197360.1	1097	869.293	0	0
NR_197367.1	2001	1773.29	39.3097	0.99761
NR_197368.1	4237	4009.29	0	0
NR_197369.1	4008	3780.29	0	0
NR_197370.1	4035	3807.29	0	0
NR_197371.1	4432	4204.29	0	0
NR_197372.1	402	193.569	3.34886	0.778581
NR_197373.1	3374	3146.29	0	0
NR_197374.1	4346	4118.29	26.8172	0.293048
NR_197375.1	3200	2972.29	113.397	1.71692
NR_197376.1	4054	3826.29	0.0223088	0.000262385
NR_197377.1	3880	3652.29	7.09422	0.087414
NR_197378.1	4142	3914.29	38.0363	0.437308
NR_197379.1	576	351.35	9.12046	1.1682
NR_197380.1	3286	3058.29	4.0108e-08	5.90193e-10
NR_197381.1	1913	1685.29	0.772164	0.0206194
NR_197382.1	4323	4095.29	41.6164	0.457322
NR_197383.1	4520	4292.29	0	0
NR_197384.1	4167	3939.29	4.11356e-06	4.69939e-08
NR_197385.1	4081	3853.29	0	0
NR_197386.1	3993	3765.29	0	0
NR_197387.1	3907	3679.29	0	0
NR_197388.1	4768	4540.29	141.731	1.40482
NR_197389.1	1411	1183.29	6.04252	0.229809
NR_197390.1	1326	1098.29	0	0
NR_197391.1	1234	1006.29	0	0
NR_197392.1	1215	987.293	0	0
XM_003403597.6	2821	2593.29	112.693	1.95564
XM_003403882.6	1726	1498.29	190.839	5.73209
XM_003846481.1	525	303.13	0	0
XM_005244715.3	3694	3466.29	523.795	6.80047
XM_005244717.4	2746	2518.29	143.262	2.56016
XM_005244718.4	2549	2321.29	22.3856	0.433991
XM_005244719.5	2427	2199.29	157.574	3.22437
XM_005244720.5	787	559.487	0	0
XM_005244729.4	736	508.753	5	0.442289
XM_005244732.5	3343	3115.29	101.007	1.45913
XM_005244733.5	3268	3040.29	153.101	2.26624
XM_005244738.2	2085	1857.29	0	0
XM_005244749.4	7338	7110.29	0	0
XM_005244751.5	1420	1192.29	0	0
XM_005244752.5	2057	1829.29	0	0
XM_005244754.3	1557	1329.29	66.9984	2.26822
XM_005244775.4	6089	5861.29	3495.75	26.8404
XM_005244776.5	14021	13793.3	20.247	0.0660596
XM_005244801.5	2647	2419.29	41.7126	0.775928
XM_005244806.4	1996	1768.29	418.787	10.6581
XM_005244815.5	6559	6331.29	0	0
XM_005244835.4	3973	3745.29	6.1387	0.0737621
XM_005244845.3	3193	2965.29	138.79	2.10635
XM_005244862.4	1343	1115.29	280.518	11.3192
XM_005244866.3	3059	2831.29	0	0
XM_005244867.3	2952	2724.29	0	0
XM_005244869.4	2781	2553.29	5.99992	0.105752
XM_005244891.6	2413	2185.29	0	0
XM_005244921.4	11391	11163.3	7.23878e-06	2.9182e-08
XM_005244926.4	1980	1752.29	0	0
XM_005244927.4	1865	1637.29	0	0
XM_005244928.3	1743	1515.29	0	0
XM_005244931.3	8305	8077.29	195.79	1.09085
XM_005244934.2	3779	3551.29	0	0
XM_005244935.5	3666	3438.29	0	0
XM_005244942.4	912	684.293	0.687822	0.0452352
XM_005244946.2	2646	2418.29	144.997	2.69831
XM_005244989.3	10261	10033.3	0	0
XM_005244991.3	10216	9988.29	0	0
XM_005244992.5	10201	9973.29	0	0
XM_005244993.3	10165	9937.29	0	0
XM_005245000.5	7188	6960.29	64.7957	0.418949
XM_005245005.3	6496	6268.29	120.748	0.866911
XM_005245014.4	5179	4951.29	122.402	1.11253
XM_005245015.3	10639	10411.3	0	0
XM_005245016.6	10633	10405.3	0	0
XM_005245018.4	10624	10396.3	464.751	2.0118
XM_005245020.3	10692	10464.3	0	0
XM_005245023.3	10402	10174.3	1213.83	5.36902
XM_005245024.3	10387	10159.3	1787.46	7.91799
XM_005245025.3	10455	10227.3	717.364	3.15661
XM_005245026.3	10440	10212.3	2487.93	10.9637
XM_005245027.3	10298	10070.3	36.7417	0.164195
XM_005245028.3	10351	10123.3	0.000106006	4.7125e-07
XM_005245029.3	10283	10055.3	384.532	1.721
XM_005245037.4	1803	1575.29	1	0.0285681
XM_005245038.5	2096	1868.29	0	0
XM_005245045.4	2163	1935.29	5.43199	0.126315
XM_005245046.4	2114	1886.29	0	0
XM_005245048.4	1607	1379.29	0	0
XM_005245053.6	1965	1737.29	39.2109	1.01572
XM_005245059.4	1785	1557.29	5.59982	0.161825
XM_005245060.4	1703	1475.29	0	0
XM_005245062.4	5037	4809.29	0	0
XM_005245070.3	4171	3943.29	0	0
XM_005245073.4	4094	3866.29	0	0
XM_005245079.2	7657	7429.29	0	0
XM_005245088.3	11861	11633.3	1318.58	5.10089
XM_005245093.5	3546	3318.29	110.304	1.49596
XM_005245103.4	1581	1353.29	0	0
XM_005245139.2	5528	5300.29	0	0
XM_005245141.4	5033	4805.29	561.531	5.25892
XM_005245151.3	4707	4479.29	203.937	2.04894
XM_005245153.2	4695	4467.29	0.000194476	1.95914e-06
XM_005245157.2	4599	4371.29	50.7634	0.522616
XM_005245169.5	5900	5672.29	22.4575	0.178174
XM_005245170.4	6071	5843.29	1.52215e-08	1.17231e-10
XM_005245206.5	1949	1721.29	0	0
XM_005245207.2	2159	1931.29	0	0
XM_005245209.3	1506	1278.29	38.108	1.34162
XM_005245214.3	1858	1630.29	45.5413	1.25713
XM_005245215.6	1516	1288.29	97.0571	3.39043
XM_005245216.5	1546	1318.29	21.2624	0.725844
XM_005245218.3	4107	3879.29	7.74826	0.0898863
XM_005245229.4	6895	6667.29	94.5723	0.638347
XM_005245234.6	2284	2056.29	0	0
XM_005245235.6	2061	1833.29	28.822	0.707514
XM_005245236.6	1830	1602.29	20.8209	0.584789
XM_005245237.6	1799	1571.29	38.6551	1.10711
XM_005245254.2	797	569.487	71.0028	5.61092
XM_005245267.5	2756	2528.29	0	0
XM_005245271.3	3816	3588.29	0	0
XM_005245273.2	3854	3626.29	0	0
XM_005245284.4	10794	10566.3	43.473	0.185157
XM_005245286.4	8888	8660.29	217.861	1.13211
XM_005245291.5	2280	2052.29	0	0
XM_005245295.4	1810	1582.29	0	0
XM_005245305.6	7496	7268.29	5277.27	32.6752
XM_005245325.5	3178	2950.29	0	0
XM_005245330.6	3918	3690.29	0	0
XM_005245337.6	6225	5997.29	43.2113	0.324253
XM_005245342.4	1382	1154.29	0	0
XM_005245345.4	1215	987.293	0	0
XM_005245348.5	1488	1260.29	39.8888	1.42437
XM_005245357.2	5315	5087.29	0	0
XM_005245362.2	1116	888.293	0	0
XM_005245365.6	5803	5575.29	0	0
XM_005245366.5	5256	5028.29	5.76289	0.0515777
XM_005245370.5	5916	5688.29	0	0
XM_005245379.3	4211	3983.29	0	0
XM_005245383.1	2215	1987.29	0	0
XM_005245393.6	2935	2707.29	16.73	0.278101
XM_005245404.4	3405	3177.29	0	0
XM_005245413.4	3329	3101.29	28.8812	0.419097
XM_005245422.4	9693	9465.29	9.90391e-05	4.70885e-07
XM_005245434.4	1375	1147.29	39.2823	1.54087
XM_005245435.3	3261	3033.29	0	0
XM_005245436.5	3565	3337.29	0	0
XM_005245438.3	3141	2913.29	0	0
XM_005245439.3	3037	2809.29	0	0
XM_005245440.3	3075	2847.29	0	0
XM_005245447.4	2814	2586.29	303.974	5.28934
XM_005245448.4	2766	2538.29	191.004	3.38644
XM_005245449.6	2101	1873.29	52.5602	1.26268
XM_005245451.5	1679	1451.29	26.0913	0.809064
XM_005245453.2	6396	6168.29	4475.01	32.6491
XM_005245456.5	3659	3431.29	0	0
XM_005245478.4	5971	5743.29	0	0
XM_005245483.4	1693	1465.29	0	0
XM_005245499.3	6840	6612.29	837.349	5.69897
XM_005245508.4	3383	3155.29	24.4201	0.348297
XM_005245510.4	6370	6142.29	21.5161	0.157643
XM_005245511.5	7087	6859.29	0	0
XM_005245513.5	3461	3233.29	96.8247	1.34767
XM_005245514.5	3352	3124.29	77.7301	1.11964
XM_005245515.5	2693	2465.29	4.58974	0.0837841
XM_005245518.5	5756	5528.29	34.8394	0.28361
XM_005245525.6	3830	3602.29	0	0
XM_005245527.5	3797	3569.29	145.951	1.84022
XM_005245528.6	3794	3566.29	0	0
XM_005245530.6	3906	3678.29	0	0
XM_005245532.5	3870	3642.29	17.4764	0.215933
XM_005245551.6	6188	5960.29	83.6921	0.631916
XM_005245566.3	2589	2361.29	0	0
XM_005245569.2	3212	2984.29	63.5553	0.958412
XM_005245570.2	3313	3085.29	55.9192	0.815655
XM_005245571.2	3179	2951.29	0	0
XM_005245579.6	2351	2123.29	0	0
XM_005245580.4	11736	11508.3	0.00981294	3.83734e-05
XM_005245599.4	2373	2145.29	19.4933	0.408921
XM_005245600.4	2401	2173.29	1.35866	0.0281342
XM_005245608.4	1061	833.293	2	0.108013
XM_005245610.5	862	634.427	0	0
XM_005245622.5	9207	8979.29	0.0685447	0.000343537
XM_005245623.4	4073	3845.29	347.869	4.07125
XM_005245625.1	830	602.427	0	0
XM_005245629.6	7264	7036.29	74.3081	0.475263
XM_005245633.5	4989	4761.29	19.2727	0.182162
XM_005245653.6	6017	5789.29	19.5393	0.151889
XM_005245667.5	4016	3788.29	528.161	6.2743
XM_005245668.5	4049	3821.29	0.753709	0.00887638
XM_005245669.5	4046	3818.29	0.537516	0.00633526
XM_005245672.5	3962	3734.29	75.5699	0.910716
XM_005245673.5	3504	3276.29	1543.57	21.2024
XM_005245681.3	8523	8295.29	77.8192	0.42218
XM_005245686.4	3985	3757.29	24.9275	0.298569
XM_005245693.5	1258	1030.29	0	0
XM_005245697.5	1386	1158.29	0	0
XM_005245711.6	7754	7526.29	1011.34	6.04724
XM_005245728.6	1740	1512.29	48.7973	1.45212
XM_005245735.3	1844	1616.29	0	0
XM_005245742.5	8029	7801.29	0	0
XM_005245746.4	2599	2371.29	34.2107	0.64926
XM_005245748.4	4264	4036.29	0	0
XM_005245749.4	4385	4157.29	0	0
XM_005245753.2	6481	6253.29	0	0
XM_005245757.2	6376	6148.29	0	0
XM_005245760.2	6082	5854.29	0	0
XM_005245763.2	5989	5761.29	6.39117e-07	4.99233e-09
XM_005245764.2	5932	5704.29	0	0
XM_005245768.2	5902	5674.29	0	0
XM_005245769.2	5869	5641.29	0	0
XM_005245770.2	5866	5638.29	0	0
XM_005245774.2	5740	5512.29	0	0
XM_005245779.5	3912	3684.29	0.0592772	0.000724062
XM_005245786.3	3073	2845.29	1597.11	25.261
XM_005245791.5	3394	3166.29	357.227	5.07733
XM_005245792.5	6491	6263.29	48.4918	0.348424
XM_005245793.5	6330	6102.29	72.4964	0.534645
XM_005245795.6	6842	6614.29	0	0
XM_005245810.2	3823	3595.29	13.5732	0.169899
XM_005245811.2	3811	3583.29	73.7053	0.925675
XM_005245812.2	3799	3571.29	16.0561	0.202328
XM_005245815.2	3709	3481.29	2.28816	0.0295793
XM_005245817.1	2173	1945.29	132.014	3.05405
XM_005245828.4	1844	1616.29	0	0
XM_005245830.4	1732	1504.29	0	0
XM_005245832.4	1733	1505.29	0	0
XM_005245849.4	6494	6266.29	0.000140573	1.00956e-06
XM_005245850.4	6514	6286.29	0	0
XM_005245851.4	6386	6158.29	0	0
XM_005245852.4	6163	5935.29	313.644	2.37814
XM_005245867.4	1979	1751.29	1045.19	26.8584
XM_005245872.4	4072	3844.29	0	0
XM_005245891.6	2288	2060.29	0	0
XM_005245892.6	2169	1941.29	0	0
XM_005245893.6	2341	2113.29	0	0
XM_005245900.2	1392	1164.29	7.78954	0.301087
XM_005245901.2	1389	1161.29	3.34382	0.129582
XM_005245902.2	1614	1386.29	0.0010223	3.31867e-05
XM_005245903.2	1802	1574.29	0	0
XM_005245914.5	1778	1550.29	2.91246	0.0845451
XM_005245916.3	1644	1416.29	12.6887	0.403185
XM_005245918.3	5229	5001.29	0	0
XM_005245919.1	1777	1549.29	0	0
XM_005245923.3	4526	4298.29	0	0
XM_005245925.3	4514	4286.29	187.115	1.96457
XM_005245929.4	3695	3467.29	0	0
XM_005245931.3	1954	1726.29	405.811	10.5792
XM_005245957.5	1527	1299.29	4.30471	0.1491
XM_005245986.3	2552	2324.29	0	0
XM_005246000.4	2287	2059.29	394.809	8.62803
XM_005246014.3	2722	2494.29	0	0
XM_005246022.4	2153	1925.29	0	0
XM_005246024.5	4028	3800.29	0	0
XM_005246041.4	2302	2074.29	0	0
XM_005246075.2	4231	4003.29	4.23002	0.0475518
XM_005246084.3	2917	2689.29	5.65588	0.0946465
XM_005246086.3	2866	2638.29	4.65256	0.0793617
XM_005246097.4	1955	1727.29	98.797	2.57407
XM_005246098.4	2250	2022.29	0	0
XM_005246102.5	1458	1230.29	0	0
XM_005246111.5	6357	6129.29	0	0
XM_005246141.5	3456	3228.29	1.22726	0.0171082
XM_005246142.3	3384	3156.29	172.707	2.46249
XM_005246156.4	1326	1098.29	0	0
XM_005246160.2	1799	1571.29	7.04047	0.201645
XM_005246161.2	1922	1694.29	32.7292	0.869339
XM_005246162.2	1925	1697.29	0	0
XM_005246163.2	1972	1744.29	0	0
XM_005246190.4	8449	8221.29	0	0
XM_005246192.5	8487	8259.29	6.75217e-07	3.67911e-09
XM_005246196.3	5559	5331.29	1.12472	0.00949411
XM_005246207.4	2434	2206.29	11.2793	0.23007
XM_005246212.4	6357	6129.29	40.2479	0.295512
XM_005246232.4	6239	6011.29	0	0
XM_005246237.3	10373	10145.3	22.3445	0.0991169
XM_005246239.3	10201	9973.29	34.2098	0.154367
XM_005246240.2	8392	8164.29	26.4887	0.146011
XM_005246241.2	8414	8186.29	91.8959	0.505186
XM_005246242.5	8315	8087.29	336.501	1.87252
XM_005246243.3	4587	4359.29	853.233	8.80834
XM_005246244.3	1514	1286.29	424.951	14.8676
XM_005246252.3	3235	3007.29	0	0
XM_005246253.3	3166	2938.29	0	0
XM_005246254.3	3142	2914.29	0	0
XM_005246255.3	3094	2866.29	0	0
XM_005246256.3	3061	2833.29	0	0
XM_005246263.3	5724	5496.29	1443.79	11.8216
XM_005246265.4	5677	5449.29	1149.83	9.49588
XM_005246270.2	2183	1955.29	0	0
XM_005246277.4	7933	7705.29	0	0
XM_005246280.4	3357	3129.29	2	0.0287625
XM_005246281.4	9878	9650.29	0	0
XM_005246282.4	9429	9201.29	0	0
XM_005246303.3	1549	1321.29	2	0.0681198
XM_005246306.5	1551	1323.29	0	0
XM_005246316.6	1695	1467.29	0	0
XM_005246317.3	3700	3472.29	2.77262	0.0359349
XM_005246328.5	4911	4683.29	0	0
XM_005246329.5	4563	4335.29	0.00126057	1.30855e-05
XM_005246330.4	4612	4384.29	111.761	1.14718
XM_005246332.6	4785	4557.29	0	0
XM_005246334.6	3078	2850.29	0	0
XM_005246336.4	2703	2475.29	32.1845	0.585144
XM_005246337.5	2500	2272.29	0	0
XM_005246344.5	4596	4368.29	389.469	4.0124
XM_005246345.5	4669	4441.29	0	0
XM_005246353.5	4171	3943.29	0	0
XM_005246376.4	12067	11839.3	0	0
XM_005246377.4	12019	11791.3	4.01066e-07	1.53072e-09
XM_005246386.6	9317	9089.29	0	0
XM_005246392.5	8905	8677.29	0	0
XM_005246396.4	4829	4601.29	0.197992	0.00193647
XM_005246440.6	6268	6040.29	0	0
XM_005246446.4	4835	4607.29	0	0
XM_005246449.2	3631	3403.29	9.9234	0.131221
XM_005246458.3	6078	5850.29	16.4843	0.126805
XM_005246459.2	6005	5777.29	2485.91	19.3644
XM_005246467.3	4547	4319.29	804.26	8.37965
XM_005246469.3	5742	5514.29	0	0
XM_005246488.3	7116	6888.29	0	0
XM_005246489.5	7027	6799.29	0	0
XM_005246492.5	7175	6947.29	0	0
XM_005246509.5	2560	2332.29	6.9161	0.133451
XM_005246511.5	2990	2762.29	3.60036	0.0586568
XM_005246517.5	3303	3075.29	0	0
XM_005246520.5	1452	1224.29	1	0.0367584
XM_005246530.4	2631	2403.29	0	0
XM_005246539.5	1229	1001.29	0	0
XM_005246541.5	1028	800.293	0	0
XM_005246542.5	2552	2324.29	0	0
XM_005246545.4	9616	9388.29	129.12	0.61894
XM_005246572.2	4955	4727.29	196.768	1.8732
XM_005246582.2	4145	3917.29	0.18911	0.00217255
XM_005246583.2	4371	4143.29	65.3923	0.71027
XM_005246590.3	26098	25870.3	0	0
XM_005246591.3	26098	25870.3	0	0
XM_005246592.3	26098	25870.3	0	0
XM_005246593.3	26098	25870.3	0	0
XM_005246594.3	26098	25870.3	0	0
XM_005246596.3	26005	25777.3	0	0
XM_005246597.3	26005	25777.3	0	0
XM_005246598.3	26005	25777.3	0	0
XM_005246599.3	25912	25684.3	0.000101564	1.77957e-07
XM_005246601.3	25819	25591.3	0.0146756	2.58075e-05
XM_005246602.3	25819	25591.3	0.0146756	2.58075e-05
XM_005246604.3	25726	25498.3	0	0
XM_005246606.3	25726	25498.3	2.15931	0.00381106
XM_005246608.3	25633	25405.3	0	0
XM_005246610.3	25540	25312.3	0	0
XM_005246611.3	25540	25312.3	0	0
XM_005246612.3	25462	25234.3	0	0
XM_005246613.3	25462	25234.3	0	0
XM_005246615.3	25447	25219.3	0	0
XM_005246616.2	24249	24021.3	0	0
XM_005246617.3	23275	23047.3	0	0
XM_005246621.5	3348	3120.29	0	0
XM_005246640.3	3843	3615.29	0	0
XM_005246641.3	2192	1964.29	0	0
XM_005246643.5	10908	10680.3	4.32313	0.0182162
XM_005246644.5	5967	5739.29	13.9312	0.109238
XM_005246651.4	1104	876.293	55.0705	2.82821
XM_005246652.6	1092	864.293	163.364	8.50625
XM_005246663.4	2370	2142.29	91.3829	1.91968
XM_005246665.4	14568	14340.3	12.978	0.040728
XM_005246669.3	2016	1788.29	33.5999	0.845555
XM_005246689.5	5550	5322.29	34.1779	0.288994
XM_005246694.4	5675	5447.29	0	0
XM_005246712.6	10216	9988.29	90.9728	0.409885
XM_005246713.4	10115	9887.29	5.51659	0.0251094
XM_005246777.5	9855	9627.29	4.46501e-06	2.08718e-08
XM_005246787.5	8480	8252.29	0	0
XM_005246788.3	4978	4750.29	0	0
XM_005246790.5	3530	3302.29	4.46052	0.0607872
XM_005246793.5	3465	3237.29	0	0
XM_005246813.3	5178	4950.29	279.713	2.54287
XM_005246848.4	4451	4223.29	1.07963e-07	1.15044e-09
XM_005246865.5	11660	11432.3	8.6573	0.0340794
XM_005246870.5	7073	6845.29	0	0
XM_005246878.5	7625	7397.29	223.268	1.3583
XM_005246879.5	7567	7339.29	149.496	0.916679
XM_005246880.4	7257	7029.29	6.93167	0.0443781
XM_005246893.4	1198	970.293	3.50184	0.162419
XM_005246907.3	5665	5437.29	11.9664	0.0990431
XM_005246913.3	3170	2942.29	0	0
XM_005246932.4	6243	6015.29	160.425	1.20021
XM_005246941.3	1931	1703.29	2.1475	0.0567396
XM_005246947.3	6141	5913.29	5.0813	0.0386712
XM_005246948.3	3586	3358.29	0	0
XM_005246952.5	3918	3690.29	0	0
XM_005246961.5	9977	9749.29	546.409	2.52225
XM_005246965.5	3164	2936.29	15.7167	0.240883
XM_005246966.3	6317	6089.29	1594.09	11.7811
XM_005246967.2	6364	6136.29	163.594	1.19979
XM_005246970.4	2084	1856.29	7.06694	0.171328
XM_005246992.5	3582	3354.29	214.413	2.87668
XM_005247002.5	6307	6079.29	0	0
XM_005247016.5	2157	1929.29	73.9777	1.72562
XM_005247050.4	2908	2680.29	51.2283	0.860141
XM_005247059.6	6269	6041.29	20.2876	0.151127
XM_005247066.3	1812	1584.29	212.148	6.02624
XM_005247078.1	5198	4970.29	0	0
XM_005247080.4	2495	2267.29	0	0
XM_005247086.6	1984	1756.29	19.1026	0.489483
XM_005247087.6	1989	1761.29	37.2997	0.953051
XM_005247088.5	2226	1998.29	0	0
XM_005247104.5	1512	1284.29	0	0
XM_005247114.4	2373	2145.29	62.2198	1.30522
XM_005247117.5	10712	10484.3	71.0432	0.304948
XM_005247120.4	1792	1564.29	0	0
XM_005247121.6	8768	8540.29	3.53126e-05	1.8608e-07
XM_005247125.5	3378	3150.29	51.7268	0.738937
XM_005247138.4	880	652.427	0	0
XM_005247159.5	4795	4567.29	0	0
XM_005247160.5	4774	4546.29	0	0
XM_005247198.4	3271	3043.29	0	0
XM_005247200.4	2762	2534.29	75.5341	1.34131
XM_005247208.5	13621	13393.3	0	0
XM_005247213.4	5465	5237.29	0	0
XM_005247214.4	5438	5210.29	0	0
XM_005247221.3	4794	4566.29	2.18716	0.0215556
XM_005247227.3	5765	5537.29	0	0
XM_005247228.2	4365	4137.29	927.353	10.0872
XM_005247229.3	739	511.753	76.8185	6.75536
XM_005247237.4	16639	16411.3	0	0
XM_005247238.2	6477	6249.29	0	0
XM_005247239.2	6413	6185.29	8.8443e-08	6.43495e-10
XM_005247253.6	3303	3075.29	0	0
XM_005247256.6	7443	7215.29	2.2783e-07	1.42102e-09
XM_005247269.2	4277	4049.29	0	0
XM_005247270.4	5961	5733.29	8.44474	0.0662864
XM_005247284.4	6680	6452.29	0	0
XM_005247285.4	6677	6449.29	0	0
XM_005247287.4	6671	6443.29	70.984	0.495787
XM_005247288.4	6665	6437.29	0	0
XM_005247289.4	6662	6434.29	0	0
XM_005247290.4	6662	6434.29	0	0
XM_005247291.4	6659	6431.29	0	0
XM_005247293.4	6629	6401.29	0	0
XM_005247295.4	6599	6371.29	0	0
XM_005247296.4	6596	6368.29	42.7487	0.302094
XM_005247298.4	6593	6365.29	69.7841	0.493379
XM_005247299.5	6590	6362.29	0	0
XM_005247301.4	6536	6308.29	0	0
XM_005247303.4	6476	6248.29	0	0
XM_005247346.5	2763	2535.29	0	0
XM_005247347.5	1656	1428.29	8.33237	0.262539
XM_005247360.6	7559	7331.29	2.24599	0.013787
XM_005247362.3	3837	3609.29	0	0
XM_005247364.4	4313	4085.29	2284.61	25.167
XM_005247365.4	4229	4001.29	46.1067	0.518568
XM_005247371.5	11823	11595.3	13.1009	0.0508466
XM_005247373.3	11078	10850.3	79.6526	0.33037
XM_005247374.4	1105	877.293	0	0
XM_005247382.6	9317	9089.29	0	0
XM_005247388.5	6025	5797.29	1.6916	0.0131315
XM_005247389.5	3169	2941.29	0	0
XM_005247402.4	1721	1493.29	0	0
XM_005247403.4	5131	4903.29	0	0
XM_005247412.3	1449	1221.29	0	0
XM_005247413.3	1392	1164.29	4.87372	0.188382
XM_005247414.6	1078	850.293	1.18063	0.0624864
XM_005247415.5	1971	1743.29	0	0
XM_005247436.4	4350	4122.29	413.902	4.51857
XM_005247437.5	6770	6542.29	172.244	1.18483
XM_005247443.4	4185	3957.29	0	0
XM_005247458.6	5740	5512.29	0.226453	0.00184879
XM_005247461.5	5627	5399.29	5.55391	0.0462918
XM_005247511.3	3159	2931.29	190.993	2.93225
XM_005247512.2	3343	3115.29	170.402	2.46161
XM_005247533.3	6062	5834.29	0	0
XM_005247534.3	5948	5720.29	0	0
XM_005247547.3	3630	3402.29	19.0741	0.252299
XM_005247552.3	7422	7194.29	69.927	0.43742
XM_005247559.1	1678	1450.29	0.563984	0.0175006
XM_005247562.1	1694	1466.29	0	0
XM_005247563.3	1693	1465.29	0	0
XM_005247564.1	2227	1999.29	18.558	0.417731
XM_005247565.3	2069	1841.29	0	0
XM_005247571.4	4451	4223.29	0	0
XM_005247575.6	5645	5417.29	194.498	1.61575
XM_005247578.3	4732	4504.29	24.8675	0.248455
XM_005247582.6	1306	1078.29	1.13917e-06	4.75439e-08
XM_005247588.6	3367	3139.29	45.7672	0.656092
XM_005247589.6	3364	3136.29	0	0
XM_005247591.6	2907	2679.29	732.913	12.3105
XM_005247592.5	2873	2645.29	193.318	3.28882
XM_005247594.6	2870	2642.29	87.2441	1.48593
XM_005247596.5	5209	4981.29	363.635	3.28523
XM_005247598.6	6465	6237.29	253.375	1.82814
XM_005247618.4	1148	920.293	0	0
XM_005247642.5	9184	8956.29	112.803	0.566808
XM_005247643.5	8966	8738.29	350.973	1.80755
XM_005247644.5	9126	8898.29	144.258	0.729582
XM_005247654.3	3314	3086.29	91.0339	1.32742
XM_005247655.3	3278	3050.29	25.7585	0.380033
XM_005247662.6	4580	4352.29	42.8728	0.443308
XM_005247681.3	2961	2733.29	10.9765	0.180726
XM_005247686.6	1701	1473.29	0	0
XM_005247690.4	5464	5236.29	67.4209	0.579446
XM_005247691.4	5225	4997.29	42.5166	0.382883
XM_005247692.3	9832	9604.29	28.7332	0.134636
XM_005247694.5	3560	3332.29	108.885	1.47051
XM_005247696.4	2040	1812.29	49.3468	1.22539
XM_005247711.5	3654	3426.29	117.995	1.54982
XM_005247713.3	3932	3704.29	0	0
XM_005247715.5	2143	1915.29	12.2321	0.287414
XM_005247716.5	3779	3551.29	0	0
XM_005247721.2	8051	7823.29	951.382	5.47277
XM_005247722.4	5342	5114.29	6.73333	0.0592497
XM_005247757.4	2301	2073.29	0	0
XM_005247762.3	3129	2901.29	40.1276	0.622434
XM_005247789.4	12700	12472.3	186.224	0.67194
XM_005247791.5	2874	2646.29	0.0141879	0.000241281
XM_005247793.4	1878	1650.29	0	0
XM_005247795.6	5730	5502.29	0	0
XM_005247797.4	6133	5905.29	0	0
XM_005247823.6	4301	4073.29	109.761	1.21267
XM_005247834.5	2455	2227.29	124.529	2.51614
XM_005247838.5	5645	5417.29	6.77587	0.0562892
XM_005247855.1	2319	2091.29	7.20521	0.155051
XM_005247859.6	3406	3178.29	0	0
XM_005247903.5	3149	2921.29	0	0
XM_005247909.3	5202	4974.29	408.402	3.69487
XM_005247911.5	2420	2192.29	40.0629	0.822406
XM_005247914.5	5561	5333.29	241.386	2.03685
XM_005247915.4	5302	5074.29	0	0
XM_005247916.4	5518	5290.29	0	0
XM_005247917.4	5246	5018.29	302.79	2.71536
XM_005247918.4	5521	5293.29	33.322	0.283301
XM_005247919.5	4686	4458.29	0	0
XM_005247922.4	2640	2412.29	0	0
XM_005247923.4	2351	2123.29	0	0
XM_005247929.4	2811	2583.29	505.718	8.81002
XM_005247930.4	1731	1503.29	0.960042	0.0287401
XM_005247934.3	4238	4010.29	2.53622e-08	2.84612e-10
XM_005247951.5	2641	2413.29	0	0
XM_005247962.4	2163	1935.29	3.27546e-05	7.61672e-07
XM_005247986.4	4875	4647.29	0	0
XM_005247987.5	6197	5969.29	25.8447	0.194845
XM_005248001.5	7590	7362.29	7.26722	0.0444219
XM_005248002.4	7353	7125.29	243.487	1.53786
XM_005248005.4	8540	8312.29	1009.7	5.46656
XM_005248014.6	3858	3630.29	0	0
XM_005248017.5	3741	3513.29	0	0
XM_005248019.5	3705	3477.29	0	0
XM_005248020.5	3702	3474.29	0	0
XM_005248021.6	3621	3393.29	0	0
XM_005248022.5	3603	3375.29	0	0
XM_005248023.5	3585	3357.29	0	0
XM_005248024.5	3486	3258.29	0	0
XM_005248027.5	3447	3219.29	0	0
XM_005248028.6	3366	3138.29	0	0
XM_005248029.5	3333	3105.29	1.77913	0.0257839
XM_005248030.5	3330	3102.29	6.69445	0.0971123
XM_005248031.5	2530	2302.29	0	0
XM_005248034.4	2064	1836.29	248.152	6.08161
XM_005248041.6	7187	6959.29	23.0899	0.149314
XM_005248049.5	2718	2490.29	0	0
XM_005248056.5	477	258.967	0	0
XM_005248057.2	7786	7558.29	0	0
XM_005248058.2	7783	7555.29	0	0
XM_005248060.2	7774	7546.29	0	0
XM_005248061.2	7702	7474.29	0	0
XM_005248090.6	11737	11509.3	0.165513	0.000647181
XM_005248093.6	8407	8179.29	17.2509	0.0949156
XM_005248103.5	4878	4650.29	0	0
XM_005248108.5	4679	4451.29	48.7649	0.493019
XM_005248109.5	4630	4402.29	0	0
XM_005248116.5	7540	7312.29	924.049	5.687
XM_005248117.3	7492	7264.29	151.753	0.940129
XM_005248121.4	6159	5931.29	2357.76	17.8892
XM_005248131.6	6412	6184.29	0	0
XM_005248132.1	6240	6012.29	0	0
XM_005248134.5	6038	5810.29	2.32315	0.0179937
XM_005248135.4	7078	6850.29	0	0
XM_005248137.6	3042	2814.29	101.192	1.61815
XM_005248150.4	10708	10480.3	1061.14	4.55661
XM_005248151.4	10705	10477.3	405.07	1.7399
XM_005248159.2	1569	1341.29	0	0
XM_005248174.3	3579	3351.29	215.753	2.89726
XM_005248175.5	3374	3146.29	100.358	1.43548
XM_005248185.3	1163	935.293	31.1764	1.5001
XM_005248186.3	2643	2415.29	80.0248	1.49107
XM_005248195.6	3925	3697.29	0	0
XM_005248196.6	3901	3673.29	0	0
XM_005248197.5	2381	2153.29	190.167	3.97442
XM_005248211.3	8065	7837.29	1582.43	9.08657
XM_005248228.5	4873	4645.29	0	0
XM_005248231.4	5315	5087.29	0	0
XM_005248241.5	4077	3849.29	175.756	2.05481
XM_005248243.5	4850	4622.29	0	0
XM_005248250.4	3400	3172.29	5.04398	0.0715554
XM_005248251.4	5963	5735.29	0	0
XM_005248253.2	5368	5140.29	0	0
XM_005248262.4	15645	15417.3	0	0
XM_005248264.5	6022	5794.29	1	0.00776679
XM_005248269.5	12086	11858.3	0	0
XM_005248274.6	6385	6157.29	108.812	0.795297
XM_005248275.6	5007	4779.29	22.4138	0.211055
XM_005248280.4	10466	10238.3	303.263	1.33301
XM_005248282.6	9980	9752.29	0	0
XM_005248289.5	5131	4903.29	160.282	1.47109
XM_005248306.5	9149	8921.29	0	0
XM_005248307.3	9139	8911.29	0	0
XM_005248322.4	16178	15950.3	0	0
XM_005248337.4	2216	1988.29	0	0
XM_005248338.4	2024	1796.29	3	0.0751599
XM_005248342.4	4007	3779.29	100.659	1.19862
XM_005248343.5	8784	8556.29	66.6626	0.350622
XM_005248346.5	11299	11071.3	0.0272772	0.000110878
XM_005248347.5	11299	11071.3	0.000642865	2.61315e-06
XM_005248349.5	11191	10963.3	0.2529	0.00103813
XM_005248350.5	11173	10945.3	1.39229	0.00572458
XM_005248373.4	4079	3851.29	40.0689	0.468213
XM_005248376.5	5918	5690.29	0	0
XM_005248377.5	5903	5675.29	0	0
XM_005248378.5	4500	4272.29	0	0
XM_005248382.4	2329	2101.29	0	0
XM_005248383.5	1369	1141.29	0	0
XM_005248384.1	5529	5301.29	1016.39	8.62825
XM_005248386.3	2328	2100.29	171.214	3.66861
XM_005248387.3	2325	2097.29	2.69406	0.0578083
XM_005248400.5	2338	2110.29	237.206	5.05853
XM_005248401.5	2296	2068.29	606.841	13.204
XM_005248402.5	2602	2374.29	57.6453	1.09263
XM_005248403.5	2560	2332.29	5.39772e-07	1.04152e-08
XM_005248410.4	5603	5375.29	0	0
XM_005248414.3	4310	4082.29	0	0
XM_005248426.5	2079	1851.29	4.64504	0.112916
XM_005248436.2	2101	1873.29	18.4594	0.44346
XM_005248445.5	4977	4749.29	0	0
XM_005248446.5	4606	4378.29	0	0
XM_005248447.5	4941	4713.29	0	0
XM_005248458.6	4167	3939.29	0.144282	0.0016483
XM_005248459.6	4280	4052.29	0.00482514	5.35859e-05
XM_005248461.5	3924	3696.29	0	0
XM_005248463.5	3787	3559.29	0	0
XM_005248501.3	8393	8165.29	0.0411806	0.000226968
XM_005248502.5	1294	1066.29	0	0
XM_005248504.5	5545	5317.29	0	0
XM_005248511.4	7099	6871.29	0	0
XM_005248542.4	6979	6751.29	234.787	1.56505
XM_005248548.4	5512	5284.29	383.424	3.26538
XM_005248551.5	3504	3276.29	86.631	1.18996
XM_005248552.4	1302	1074.29	590.636	24.7423
XM_005248554.4	8688	8460.29	22.2978	0.118609
XM_005248559.4	8598	8370.29	147.968	0.795555
XM_005248560.4	2174	1946.29	57.644	1.33287
XM_005248565.2	3303	3075.29	0	0
XM_005248569.4	3869	3641.29	305.414	3.77464
XM_005248601.3	11031	10803.3	12.3229	0.0513333
XM_005248606.6	4561	4333.29	0	0
XM_005248610.6	3255	3027.29	0	0
XM_005248611.6	3264	3036.29	0	0
XM_005248612.4	2921	2693.29	18.9176	0.3161
XM_005248632.5	10933	10705.3	0	0
XM_005248635.5	6886	6658.29	926.245	6.26044
XM_005248637.3	2785	2557.29	148.364	2.6109
XM_005248662.5	4456	4228.29	0	0
XM_005248665.5	4613	4385.29	0	0
XM_005248674.5	5039	4811.29	18.4922	0.17297
XM_005248679.4	5223	4995.29	0.00328968	2.96371e-05
XM_005248681.3	5442	5214.29	46.8706	0.404527
XM_005248682.4	5145	4917.29	0	0
XM_005248683.4	5025	4797.29	0	0
XM_005248684.4	4743	4515.29	11.1486	0.111116
XM_005248697.5	12263	12035.3	0	0
XM_005248704.3	2508	2280.29	0.898458	0.0177317
XM_005248713.5	8144	7916.29	0	0
XM_005248715.6	7920	7692.29	9.42649	0.0551488
XM_005248721.5	8603	8375.29	0	0
XM_005248722.5	8588	8360.29	75.5167	0.406503
XM_005248724.5	8576	8348.29	0	0
XM_005248729.6	11923	11695.3	630.532	2.42627
XM_005248749.2	5621	5393.29	2.72517e-08	2.27396e-10
XM_005248756.6	36216	35988.3	54.4816	0.0681288
XM_005248760.6	934	706.293	0	0
XM_005248774.5	4683	4455.29	1	0.010101
XM_005248780.4	1750	1522.29	0.214973	0.00635519
XM_005248797.4	3701	3473.29	22.0939	0.286268
XM_005248798.5	3353	3125.29	50.0907	0.721288
XM_005248827.5	1603	1375.29	0	0
XM_005248832.5	1402	1174.29	8.40764	0.322211
XM_005248833.3	3367	3139.29	40.2399	0.576856
XM_005248834.5	3852	3624.29	88.0842	1.09375
XM_005248842.4	2664	2436.29	0	0
XM_005248843.5	2220	1992.29	1	0.0225886
XM_005248849.3	650	423.846	34.225	3.63394
XM_005248850.4	3239	3011.29	0	0
XM_005248853.3	2344	2116.29	0	0
XM_005248860.4	1467	1239.29	389.892	14.1583
XM_005248865.6	4508	4280.29	842.535	8.85843
XM_005248866.6	4503	4275.29	31.8412	0.33517
XM_005248870.5	657	430.76	0	0
XM_005248872.2	3594	3366.29	0	0
XM_005248873.3	3333	3105.29	0	0
XM_005248874.3	2820	2592.29	0	0
XM_005248876.6	2086	1858.29	464.243	11.2428
XM_005248878.5	2311	2083.29	0	0
XM_005248880.5	2193	1965.29	171.135	3.91881
XM_005248881.5	2066	1838.29	0	0
XM_005248882.5	2069	1841.29	26.0769	0.637345
XM_005248885.3	2555	2327.29	74.4766	1.44016
XM_005248886.3	2507	2279.29	39.7732	0.785294
XM_005248887.3	2450	2222.29	0.159624	0.00323251
XM_005248889.2	620	394.338	4.72378	0.539092
XM_005248892.4	5881	5653.29	0	0
XM_005248893.4	5861	5633.29	0	0
XM_005248894.5	5948	5720.29	0	0
XM_005248895.5	5945	5717.29	0	0
XM_005248904.5	3373	3145.29	0	0
XM_005248917.4	1306	1078.29	1300.14	54.2619
XM_005248925.3	4541	4313.29	72.6908	0.758426
XM_005248928.3	4106	3878.29	6.92458	0.0803517
XM_005248934.4	3120	2892.29	0	0
XM_005248940.6	5482	5254.29	159.07	1.36244
XM_005248943.2	7867	7639.29	7334.39	43.2069
XM_005248947.2	7705	7477.29	2872.55	17.2888
XM_005248951.5	2162	1934.29	0	0
XM_005248964.4	6413	6185.29	58.1763	0.423281
XM_005248966.4	5565	5337.29	48.2902	0.407174
XM_005248976.2	5400	5172.29	123.65	1.07586
XM_005248982.3	4292	4064.29	0	0
XM_005248988.6	2609	2381.29	0	0
XM_005248997.4	1728	1500.29	0	0
XM_005248999.3	4251	4023.29	0	0
XM_005249019.5	2732	2504.29	0	0
XM_005249032.2	2907	2679.29	6.16249	0.103509
XM_005249033.4	2881	2653.29	0	0
XM_005249034.5	1416	1188.29	0	0
XM_005249035.5	1380	1152.29	23.1684	0.904849
XM_005249039.5	649	422.846	0	0
XM_005249051.5	976	748.293	0	0
XM_005249078.5	6123	5895.29	22.6777	0.173115
XM_005249082.3	3868	3640.29	89.6145	1.10786
XM_005249095.4	5257	5029.29	0	0
XM_005249098.4	5037	4809.29	0	0
XM_005249117.4	1601	1373.29	0	0
XM_005249143.4	3746	3518.29	337.766	4.32043
XM_005249159.3	1843	1615.29	32.3736	0.90195
XM_005249161.6	1148	920.293	7.7609	0.379514
XM_005249171.5	3870	3642.29	0	0
XM_005249184.6	4985	4757.29	18.3868	0.173935
XM_005249193.2	3762	3534.29	157.855	2.01
XM_005249204.3	1526	1298.29	4.05304	0.140491
XM_005249205.2	1760	1532.29	363.916	10.6881
XM_005249206.4	2097	1869.29	142.868	3.43953
XM_005249213.5	3389	3161.29	91.6054	1.30406
XM_005249217.2	3472	3244.29	94.8364	1.31552
XM_005249218.2	5635	5407.29	0	0
XM_005249232.4	1550	1322.29	247.113	8.41027
XM_005249242.3	3825	3597.29	31.4598	0.393571
XM_005249245.4	4507	4279.29	110.023	1.15706
XM_005249260.5	3647	3419.29	0	0
XM_005249278.4	2649	2421.29	0	0
XM_005249295.2	2990	2762.29	0	0
XM_005249296.6	2926	2698.29	0	0
XM_005249298.4	1261	1033.29	110.767	4.82424
XM_005249308.6	2062	1834.29	13.219	0.324318
XM_005249349.2	1444	1216.29	0	0
XM_005249351.4	1433	1205.29	0	0
XM_005249353.5	1470	1242.29	0	0
XM_005249356.2	1464	1236.29	0	0
XM_005249362.3	4114	3886.29	0	0
XM_005249374.3	3407	3179.29	220.581	3.12234
XM_005249375.3	3392	3164.29	30.2718	0.430531
XM_005249376.3	3503	3275.29	25.9739	0.356885
XM_005249377.3	3282	3054.29	10.4874	0.154525
XM_005249378.3	3193	2965.29	50.7446	0.77013
XM_005249403.4	2797	2569.29	0	0
XM_005249408.5	1823	1595.29	0	0
XM_005249411.2	2264	2036.29	0	0
XM_005249423.4	5594	5366.29	63.9663	0.536437
XM_005249433.5	1620	1392.29	109.759	3.54773
XM_005249456.2	3774	3546.29	0	0
XM_005249476.6	3172	2944.29	0	0
XM_005249478.6	3016	2788.29	0	0
XM_005249480.6	1600	1372.29	0	0
XM_005249483.3	2759	2531.29	0	0
XM_005249490.5	6951	6723.29	35.9219	0.240447
XM_005249492.3	7331	7103.29	0	0
XM_005249494.6	6964	6736.29	0.00414527	2.76933e-05
XM_005249497.5	6761	6533.29	0	0
XM_005249498.5	6539	6311.29	0	0
XM_005249503.4	5317	5089.29	141.074	1.24747
XM_005249515.4	5750	5522.29	111.935	0.912197
XM_005249516.3	5868	5640.29	8.47097	0.0675887
XM_005249522.6	1982	1754.29	0	0
XM_005249547.4	3908	3680.29	1086.69	13.2882
XM_005249558.3	6182	5954.29	0	0
XM_005249564.5	5139	4911.29	298.943	2.73927
XM_005249568.2	4593	4365.29	54.0689	0.557412
XM_005249572.1	4414	4186.29	0	0
XM_005249576.1	3313	3085.29	58.7967	0.857628
XM_005249578.4	2697	2469.29	0.0529627	0.00096525
XM_005249581.5	1679	1451.29	0	0
XM_005249584.4	12532	12304.3	1.70922e-07	6.25149e-10
XM_005249585.3	2173	1945.29	1.4965	0.0346205
XM_005249611.5	2844	2616.29	607.987	10.458
XM_005249618.6	6468	6240.29	9	0.0649052
XM_005249652.4	4371	4143.29	104.367	1.1336
XM_005249659.5	3496	3268.29	0	0
XM_005249668.3	6999	6771.29	198.344	1.31823
XM_005249669.3	6945	6717.29	64.5638	0.432551
XM_005249670.3	6705	6477.29	35.9709	0.249919
XM_005249671.5	3062	2834.29	27.4963	0.436588
XM_005249673.6	2732	2504.29	23.0641	0.414471
XM_005249689.4	4674	4446.29	0	0
XM_005249690.5	3773	3545.29	0	0
XM_005249696.3	3692	3464.29	12.0571	0.156628
XM_005249698.4	6550	6322.29	0	0
XM_005249729.2	1588	1360.29	5617.94	185.86
XM_005249745.6	2058	1830.29	31.4249	0.772672
XM_005249759.6	4238	4010.29	94.5703	1.06126
XM_005249775.6	8103	7875.29	13.8176	0.0789602
XM_005249784.5	1904	1676.29	107.402	2.8834
XM_005249785.3	6732	6504.29	0	0
XM_005249796.4	1797	1569.29	0	0
XM_005249817.5	632	406.137	0	0
XM_005249829.5	17478	17250.3	6.99106	0.0182385
XM_005249833.5	2308	2080.29	4.96301	0.107365
XM_005249845.6	2239	2011.29	50.7976	1.13661
XM_005249847.4	2934	2706.29	24.815	0.41265
XM_005249851.3	3437	3209.29	0	0
XM_005249862.4	4128	3900.29	0	0
XM_005249864.4	4029	3801.29	0	0
XM_005249866.3	5171	4943.29	0	0
XM_005249867.6	4068	3840.29	522.623	6.12444
XM_005249869.3	5144	4916.29	0	0
XM_005249870.3	5093	4865.29	0	0
XM_005249871.3	5075	4847.29	0	0
XM_005249872.3	5066	4838.29	468.23	4.35521
XM_005249873.3	5048	4820.29	0	0
XM_005249883.6	3001	2773.29	21.3927	0.347146
XM_005249897.3	2029	1801.29	0	0
XM_005249906.2	8195	7967.29	28.6215	0.161668
XM_005249919.4	5188	4960.29	0	0
XM_005249932.2	1907	1679.29	1346.08	36.0733
XM_005249947.4	965	737.293	0	0
XM_005249950.5	4055	3827.29	0	0
XM_005249959.5	2454	2226.29	0	0
XM_005249960.6	2420	2192.29	0	0
XM_005249961.6	2427	2199.29	0	0
XM_005249962.5	2872	2644.29	0	0
XM_005249963.5	12360	12132.3	0	0
XM_005249964.5	12234	12006.3	0	0
XM_005249970.2	2459	2231.29	0	0
XM_005249980.4	3483	3255.29	469.025	6.48407
XM_005249989.5	1902	1674.29	0	0
XM_005249990.6	1540	1312.29	0	0
XM_005249993.2	2398	2170.29	3.71036e-05	7.69379e-07
XM_005249996.4	2644	2416.29	1.37465e-08	2.56027e-10
XM_005249997.4	2625	2397.29	0.000689662	1.29467e-05
XM_005249998.4	2619	2391.29	0.0214156	0.000403031
XM_005250038.4	3092	2864.29	30.0189	0.47165
XM_005250039.5	1476	1248.29	0	0
XM_005250040.5	1439	1211.29	15.9283	0.591784
XM_005250043.5	1679	1451.29	1.07072	0.0332019
XM_005250048.6	2252	2024.29	11.0269	0.245144
XM_005250049.6	2382	2154.29	14.4564	0.301994
XM_005250050.6	2454	2226.29	20.5449	0.415303
XM_005250051.6	2472	2244.29	11.7977	0.23657
XM_005250074.5	5688	5460.29	0	0
XM_005250075.4	5699	5471.29	0	0
XM_005250076.5	5655	5427.29	0	0
XM_005250077.3	5832	5604.29	0	0
XM_005250088.6	1328	1100.29	0	0
XM_005250108.2	2635	2407.29	0	0
XM_005250110.4	8421	8193.29	127.392	0.699722
XM_005250141.5	1043	815.293	0	0
XM_005250146.5	4669	4441.29	0	0
XM_005250150.4	13720	13492.3	45.4049	0.151447
XM_005250154.4	2886	2658.29	23.8562	0.403869
XM_005250161.4	3622	3394.29	0.0352736	0.000467673
XM_005250162.6	6646	6418.29	0	0
XM_005250181.5	4468	4240.29	122.374	1.29878
XM_005250185.4	959	731.293	0	0
XM_005250187.3	3361	3133.29	342.017	4.91235
XM_005250188.2	3355	3127.29	803.783	11.5668
XM_005250207.5	4558	4330.29	0	0
XM_005250208.5	4522	4294.29	0	0
XM_005250233.6	6311	6083.29	986.55	7.29831
XM_005250237.2	4811	4583.29	4.44047	0.0436007
XM_005250239.4	2531	2303.29	0	0
XM_005250249.5	14689	14461.3	0.000326384	1.0157e-06
XM_005250250.4	1295	1067.29	24.4461	1.03079
XM_005250253.5	6520	6292.29	409.499	2.92878
XM_005250257.3	5107	4879.29	307.682	2.83783
XM_005250259.5	1932	1704.29	0	0
XM_005250266.4	3156	2928.29	0	0
XM_005250297.5	2046	1818.29	591.367	14.6364
XM_005250306.3	4852	4624.29	67.2937	0.654895
XM_005250309.4	1393	1165.29	0	0
XM_005250311.4	2054	1826.29	2	0.0492835
XM_005250337.4	2735	2507.29	0	0
XM_005250340.6	3424	3196.29	3.91752	0.0551577
XM_005250348.4	2650	2422.29	1.98317	0.0368447
XM_005250396.6	4276	4048.29	0	0
XM_005250403.4	1643	1415.29	44.4324	1.41285
XM_005250405.3	2861	2633.29	94.1541	1.6091
XM_005250406.3	2858	2630.29	75.2227	1.28703
XM_005250407.3	2860	2632.29	0.0433355	0.000740887
XM_005250408.2	2856	2628.29	0.0567901	0.000972392
XM_005250443.4	7080	6852.29	1.57137e-08	1.03201e-10
XM_005250445.5	9290	9062.29	0	0
XM_005250451.3	3113	2885.29	26.1441	0.40778
XM_005250453.2	1421	1193.29	18.0685	0.681424
XM_005250462.5	3545	3317.29	0	0
XM_005250464.4	2001	1773.29	31.2425	0.79288
XM_005250473.4	3807	3579.29	0	0
XM_005250480.4	2072	1844.29	0	0
XM_005250493.2	7708	7480.29	1392.45	8.37726
XM_005250509.5	5030	4802.29	0	0
XM_005250523.6	1847	1619.29	8.29495	0.230532
XM_005250524.5	1986	1758.29	0	0
XM_005250561.6	2939	2711.29	11.3454	0.188315
XM_005250568.5	3173	2945.29	0	0
XM_005250572.4	7706	7478.29	0.0232978	0.000140202
XM_005250573.4	7700	7472.29	1411.83	8.503
XM_005250574.4	7685	7457.29	1652.96	9.97523
XM_005250586.4	887	659.427	12.7443	0.869745
XM_005250587.5	1031	803.293	9.25204e-05	5.18329e-06
XM_005250593.4	3955	3727.29	41.5979	0.50225
XM_005250600.4	2056	1828.29	0	0
XM_005250628.4	818	590.487	44.6599	3.40369
XM_005250636.6	2493	2265.29	98.64	1.95962
XM_005250642.4	1748	1520.29	45.0425	1.33333
XM_005250670.6	1553	1325.29	2.06375	0.0700788
XM_005250671.6	1312	1084.29	0.213305	0.00885311
XM_005250689.5	3639	3411.29	16.5282	0.218047
XM_005250690.5	3387	3159.29	11.9367	0.170034
XM_005250696.6	5795	5567.29	0	0
XM_005250697.6	5795	5567.29	0	0
XM_005250699.6	5783	5555.29	0	0
XM_005250701.6	5774	5546.29	0	0
XM_005250702.6	5759	5531.29	0	0
XM_005250704.6	5675	5447.29	0	0
XM_005250706.6	5660	5432.29	0	0
XM_005250707.6	5654	5426.29	0	0
XM_005250710.2	1971	1743.29	0	0
XM_005250712.2	1913	1685.29	0	0
XM_005250715.6	5000	4772.29	3.61945	0.0341317
XM_005250717.4	2402	2174.29	10.3415	0.214046
XM_005250756.4	3066	2838.29	0	0
XM_005250757.4	1630	1402.29	0	0
XM_005250758.4	1919	1691.29	0	0
XM_005250760.5	4784	4556.29	454.691	4.49104
XM_005250761.5	4874	4646.29	179.873	1.74221
XM_005250764.3	3159	2931.29	0	0
XM_005250769.4	4331	4103.29	0	0
XM_005250772.4	3854	3626.29	0	0
XM_005250773.4	3851	3623.29	0	0
XM_005250778.5	2001	1773.29	64.0147	1.62458
XM_005250781.5	2285	2057.29	8.97405	0.196306
XM_005250808.6	2557	2329.29	51.3041	0.991221
XM_005250818.4	2230	2002.29	0	0
XM_005250823.1	2076	1848.29	87.7014	2.13539
XM_005250836.6	4866	4638.29	0	0
XM_005250840.6	3859	3631.29	0	0
XM_005250841.5	5371	5143.29	0	0
XM_005250842.5	3781	3553.29	0	0
XM_005250856.4	4070	3842.29	0	0
XM_005250857.4	4070	3842.29	0	0
XM_005250858.4	4067	3839.29	0	0
XM_005250860.4	2670	2442.29	0	0
XM_005250861.4	2878	2650.29	486.937	8.2684
XM_005250894.5	6419	6191.29	35.3281	0.256792
XM_005250920.3	3719	3491.29	19.7741	0.25489
XM_005250944.4	1528	1300.29	3.59872e-06	1.24551e-07
XM_005250947.4	1438	1210.29	0	0
XM_005250948.4	1449	1221.29	1.85381e-07	6.83105e-09
XM_005250962.6	6020	5792.29	520.084	4.04078
XM_005250976.5	15314	15086.3	94.8479	0.282935
XM_005250978.4	14804	14576.3	106.988	0.330316
XM_005250979.5	14778	14550.3	6.64661e-05	2.05575e-07
XM_005250980.5	14819	14591.3	0.00869348	2.68128e-05
XM_005250981.4	14698	14470.3	0.0358748	0.000111572
XM_005250982.5	14680	14452.3	248.824	0.774815
XM_005250983.3	14647	14419.3	3718.32	11.605
XM_005250984.6	14694	14466.3	0.211154	0.000656876
XM_005250989.6	972	744.293	589.586	35.6489
XM_005250990.6	1598	1370.29	669.9	22.0008
XM_005250991.4	3658	3430.29	0	0
XM_005251025.6	6495	6267.29	0	0
XM_005251038.5	8263	8035.29	0	0
XM_005251040.5	7692	7464.29	2.00339	0.0120787
XM_005251042.5	7599	7371.29	9	0.0549466
XM_005251061.4	5438	5210.29	3871.45	33.4391
XM_005251063.4	5484	5256.29	349.282	2.99047
XM_005251065.5	2063	1835.29	50.642	1.24179
XM_005251087.4	4359	4131.29	0	0
XM_005251093.5	4819	4591.29	96.6933	0.947771
XM_005251104.2	3241	3013.29	0	0
XM_005251106.4	9276	9048.29	0	0
XM_005251107.4	9210	8982.29	0	0
XM_005251111.3	5333	5105.29	0	0
XM_005251113.3	5138	4910.29	0	0
XM_005251121.2	2084	1856.29	0	0
XM_005251122.3	2028	1800.29	0	0
XM_005251142.3	1830	1602.29	0	0
XM_005251168.4	2954	2726.29	1	0.0165071
XM_005251174.3	4958	4730.29	0	0
XM_005251244.2	5101	4873.29	0	0
XM_005251264.3	2883	2655.29	6.49335	0.110052
XM_005251282.5	3022	2794.29	43.9335	0.707565
XM_005251303.2	2066	1838.29	0	0
XM_005251305.5	4823	4595.29	0	0
XM_005251316.5	2676	2448.29	0	0
XM_005251334.5	5067	4839.29	0	0
XM_005251366.4	4924	4696.29	0	0
XM_005251367.4	4822	4594.29	9.49023e-07	9.29609e-09
XM_005251375.3	2059	1831.29	0.000650895	1.59954e-05
XM_005251385.4	7579	7351.29	198.185	1.21324
XM_005251386.5	7198	6970.29	454.899	2.93702
XM_005251393.4	4293	4065.29	0	0
XM_005251397.3	6395	6167.29	22.0126	0.160627
XM_005251398.5	6579	6351.29	0	0
XM_005251399.5	6639	6411.29	0	0
XM_005251403.6	915	687.293	184.755	12.0975
XM_005251439.6	2249	2021.29	40.4843	0.901363
XM_005251443.4	1387	1159.29	146.837	5.70013
XM_005251483.5	5391	5163.29	0	0
XM_005251496.3	4390	4162.29	89.0812	0.963154
XM_005251503.6	6983	6755.29	45.5521	0.303463
XM_005251510.6	1009	781.293	34.3302	1.97745
XM_005251512.5	789	561.487	2.5993	0.208334
XM_005251515.2	1761	1533.29	16.0864	0.472146
XM_005251517.6	5071	4843.29	0	0
XM_005251523.4	6783	6555.29	253.987	1.74366
XM_005251526.6	3563	3335.29	28.6511	0.386589
XM_005251577.5	7795	7567.29	546.537	3.25028
XM_005251578.5	7708	7480.29	221.426	1.33215
XM_005251588.2	3132	2904.29	855.001	13.2485
XM_005251590.2	3030	2802.29	0	0
XM_005251591.2	3059	2831.29	0	0
XM_005251600.4	2436	2208.29	38.5159	0.784921
XM_005251608.5	3633	3405.29	68.8803	0.910296
XM_005251612.4	2655	2427.29	0	0
XM_005251618.5	700	472.947	0	0
XM_005251619.4	3706	3478.29	452.956	5.86047
XM_005251631.2	929	701.293	51.2854	3.29106
XM_005251634.3	5981	5753.29	60.2981	0.471661
XM_005251640.6	1549	1321.29	0	0
XM_005251641.5	1404	1176.29	0	0
XM_005251642.5	1395	1167.29	12.2779	0.473353
XM_005251644.5	1244	1016.29	35.821	1.58621
XM_005251683.6	2215	1987.29	0	0
XM_005251692.4	9468	9240.29	0	0
XM_005251699.4	9120	8892.29	177.78	0.89973
XM_005251708.5	2938	2710.29	17.3086	0.2874
XM_005251727.4	1392	1164.29	21.5792	0.834095
XM_005251730.5	5516	5288.29	0	0
XM_005251731.5	6057	5829.29	4.87849e-07	3.76627e-09
XM_005251745.2	12624	12396.3	0	0
XM_005251746.2	12621	12393.3	0	0
XM_005251748.2	12618	12390.3	0	0
XM_005251750.2	12612	12384.3	0	0
XM_005251751.2	12573	12345.3	0.00853818	3.11248e-05
XM_005251754.3	12528	12300.3	0	0
XM_005251757.5	2937	2709.29	1.23083	0.0204448
XM_005251760.6	6318	6090.29	5.61144	0.0414647
XM_005251783.4	2767	2539.29	205.953	3.65005
XM_005251784.5	2737	2509.29	12.7591	0.228828
XM_005251802.4	4057	3829.29	0	0
XM_005251808.3	6504	6276.29	72.5266	0.52004
XM_005251812.4	2488	2260.29	24.3917	0.485645
XM_005251815.4	2694	2466.29	0	0
XM_005251820.4	2640	2412.29	0.000244092	4.55372e-06
XM_005251821.4	2637	2409.29	52.6618	0.983667
XM_005251822.4	2625	2397.29	47.7111	0.895656
XM_005251823.4	2622	2394.29	307.983	5.78883
XM_005251824.3	5405	5177.29	415.131	3.60848
XM_005251825.4	2607	2379.29	5.63843	0.106648
XM_005251826.3	5390	5162.29	71.7067	0.625114
XM_005251827.4	2595	2367.29	8.91026	0.169387
XM_005251828.4	2592	2364.29	63.9848	1.21792
XM_005251830.4	2538	2310.29	0	0
XM_005251831.4	2457	2229.29	0	0
XM_005251833.4	2439	2211.29	12.015	0.244522
XM_005251834.3	5222	4994.29	109.078	0.982894
XM_005251835.4	6378	6150.29	1.03562	0.00757787
XM_005251837.3	5904	5676.29	339.331	2.6903
XM_005251838.3	5877	5649.29	41.1513	0.327817
XM_005251839.3	5835	5607.29	124.356	0.99806
XM_005251842.6	5157	4929.29	1656.44	15.1228
XM_005251848.3	4966	4738.29	14.252	0.135361
XM_005251853.4	7020	6792.29	49.0204	0.32479
XM_005251855.5	2378	2150.29	415.305	8.69183
XM_005251864.5	1849	1621.29	110.294	3.06149
XM_005251869.5	6090	5862.29	1.10137e-07	8.45491e-10
XM_005251885.4	1476	1248.29	14.1803	0.511225
XM_005251904.4	8978	8750.29	24.3752	0.125363
XM_005251906.4	4259	4031.29	72.095	0.804828
XM_005251916.4	987	759.293	0	0
XM_005251918.6	6858	6630.29	0	0
XM_005251927.4	1853	1625.29	127.191	3.52181
XM_005251929.5	4935	4707.29	72.1063	0.689357
XM_005251933.5	14915	14687.3	2.00151	0.00613278
XM_005251934.4	4663	4435.29	2	0.0202932
XM_005251944.2	2560	2332.29	56.9459	1.09881
XM_005251946.4	4229	4001.29	49.2626	0.554063
XM_005251948.4	2651	2423.29	111.65	2.07345
XM_005251960.3	2923	2695.29	2187.92	36.5316
XM_005251963.5	2867	2639.29	800.556	13.6504
XM_005251965.4	2851	2623.29	14.9731	0.256866
XM_005251968.4	6564	6336.29	656.905	4.66562
XM_005251972.5	8227	7999.29	19805.5	111.423
XM_005251973.5	7408	7180.29	396.06	2.48234
XM_005251974.5	6862	6634.29	1881.92	12.7658
XM_005251975.5	6589	6361.29	9217.89	65.2121
XM_005251980.6	9794	9566.29	64.2388	0.302201
XM_005251987.5	1187	959.293	0	0
XM_005251994.4	8324	8096.29	0	0
XM_005251995.4	8300	8072.29	0	0
XM_005251996.4	8270	8042.29	0	0
XM_005252001.4	8892	8664.29	0	0
XM_005252003.4	8859	8631.29	0	0
XM_005252004.3	8770	8542.29	0	0
XM_005252008.5	3918	3690.29	1.55102e-07	1.89147e-09
XM_005252009.4	2798	2570.29	0.902841	0.0158078
XM_005252051.3	5395	5167.29	761.338	6.63066
XM_005252060.3	3814	3586.29	144.679	1.81552
XM_005252066.4	1604	1376.29	12.4049	0.405625
XM_005252067.5	1556	1328.29	1.41437	0.0479193
XM_005252069.5	1500	1272.29	0.499127	0.0176549
XM_005252072.3	8272	8044.29	453.552	2.53736
XM_005252075.3	3999	3771.29	0	0
XM_005252095.3	4437	4209.29	15.791	0.168827
XM_005252096.5	6971	6743.29	34.1926	0.228193
XM_005252098.3	3028	2800.29	0	0
XM_005252101.4	2742	2514.29	17.9496	0.321278
XM_005252111.5	5856	5628.29	17.3046	0.138365
XM_005252113.6	4437	4209.29	20.8845	0.223284
XM_005252127.5	5945	5717.29	298.866	2.3525
XM_005252135.3	4079	3851.29	561.222	6.55798
XM_005252137.4	8213	7985.29	0	0
XM_005252140.3	8058	7830.29	0	0
XM_005252144.3	7241	7013.29	0	0
XM_005252147.5	5119	4891.29	0	0
XM_005252151.2	4267	4039.29	0.296543	0.00330388
XM_005252152.2	4264	4036.29	0.821241	0.00915652
XM_005252153.2	4237	4009.29	1.64309	0.0184431
XM_005252154.2	4234	4006.29	0.122934	0.00138093
XM_005252156.4	4162	3934.29	20.7065	0.236854
XM_005252162.2	4015	3787.29	0.0366393	0.000435372
XM_005252163.3	3913	3685.29	21.8279	0.266552
XM_005252207.4	5667	5439.29	322.734	2.67021
XM_005252208.3	4412	4184.29	17.0574	0.183456
XM_005252241.3	1800	1572.29	0	0
XM_005252244.3	7526	7298.29	0	0
XM_005252245.2	7418	7190.29	7.3328	0.045895
XM_005252247.6	7537	7309.29	6.50098	0.0400263
XM_005252248.4	7358	7130.29	9.82618	0.0620183
XM_005252254.3	7763	7535.29	0	0
XM_005252262.6	2682	2454.29	0	0
XM_005252267.4	3715	3487.29	0	0
XM_005252268.3	3624	3396.29	0	0
XM_005252271.5	1031	803.293	9.50953	0.532755
XM_005252291.5	2448	2220.29	190.87	3.86874
XM_005252297.1	4858	4630.29	0	0
XM_005252316.6	4794	4566.29	196.702	1.9386
XM_005252317.3	2956	2728.29	0	0
XM_005252320.5	3174	2946.29	0	0
XM_005252332.5	3581	3353.29	0	0
XM_005252342.6	8823	8595.29	0	0
XM_005252343.6	8682	8454.29	0	0
XM_005252374.5	2979	2751.29	12.0819	0.197625
XM_005252380.4	3523	3295.29	0	0
XM_005252381.3	3600	3372.29	0	0
XM_005252400.2	7086	6858.29	84.9686	0.557551
XM_005252401.5	7083	6855.29	0	0
XM_005252402.6	2735	2507.29	0	0
XM_005252426.4	8053	7825.29	854.448	4.91391
XM_005252427.5	7915	7687.29	466.646	2.73185
XM_005252428.5	8083	7855.29	248.534	1.42386
XM_005252430.4	5897	5669.29	0	0
XM_005252442.3	4607	4379.29	0	0
XM_005252443.6	3062	2834.29	0.189698	0.00301204
XM_005252464.2	4308	4080.29	605.529	6.6786
XM_005252466.5	2629	2401.29	553.173	10.3671
XM_005252496.5	3385	3157.29	0	0
XM_005252497.5	2478	2250.29	0	0
XM_005252586.5	7432	7204.29	237.252	1.48204
XM_005252591.4	5072	4844.29	22.074	0.205065
XM_005252597.4	3834	3606.29	102.9	1.28409
XM_005252600.3	2284	2056.29	40.8096	0.89314
XM_005252616.5	3206	2978.29	51.0847	0.771909
XM_005252627.4	741	513.753	0	0
XM_005252631.5	4018	3790.29	14.1177	0.167623
XM_005252632.5	3916	3688.29	18.8911	0.230502
XM_005252638.5	1225	997.293	98.4655	4.44328
XM_005252641.5	2126	1898.29	5.67364	0.134506
XM_005252642.6	2556	2328.29	1105.78	21.3733
XM_005252644.3	4949	4721.29	0.736556	0.00702081
XM_005252646.3	2394	2166.29	0	0
XM_005252667.3	5079	4851.29	2.61934e-06	2.42984e-08
XM_005252669.3	4966	4738.29	154.917	1.47136
XM_005252674.6	6313	6085.29	0	0
XM_005252676.6	6097	5869.29	1.12756e-07	8.64562e-10
XM_005252691.3	5175	4947.29	0	0
XM_005252694.5	4447	4219.29	0	0
XM_005252706.2	1888	1660.29	0	0
XM_005252719.5	1655	1427.29	0	0
XM_005252720.5	1492	1264.29	9.20987e-06	3.27829e-07
XM_005252775.3	2768	2540.29	0	0
XM_005252776.3	2591	2363.29	0	0
XM_005252779.4	1432	1204.29	0	0
XM_005252787.2	1857	1629.29	0	0
XM_005252792.5	2799	2571.29	215.304	3.76828
XM_005252804.4	544	321.029	0	0
XM_005252805.5	1875	1647.29	5.58297e-05	1.52524e-06
XM_005252812.4	910	682.293	4.52315	0.298341
XM_005252822.5	6548	6320.29	0.342783	0.00244076
XM_005252847.4	12177	11949.3	412.458	1.55339
XM_005252848.4	12948	12720.3	1009.32	3.57087
XM_005252861.2	5281	5053.29	0.000847308	7.54586e-06
XM_005252904.6	1768	1540.29	43.4549	1.26963
XM_005252907.4	2005	1777.29	0	0
XM_005252909.4	1921	1693.29	0	0
XM_005252916.3	1621	1393.29	15.0767	0.486975
XM_005252965.5	6984	6756.29	66.9677	0.446066
XM_005252996.3	2401	2173.29	10.6724	0.220997
XM_005253005.6	4010	3782.29	0.00238928	2.84285e-05
XM_005253006.6	3119	2891.29	10.6435	0.165667
XM_005253015.4	8713	8485.29	674.685	3.5783
XM_005253025.6	5536	5308.29	0	0
XM_005253027.4	5530	5302.29	0	0
XM_005253034.5	4604	4376.29	9.1522e-06	9.41156e-08
XM_005253035.5	3155	2927.29	27.7579	0.42674
XM_005253036.5	4400	4172.29	16.148	0.174175
XM_005253037.5	4262	4034.29	13.823	0.154198
XM_005253042.4	1568	1340.29	0	0
XM_005253043.4	1499	1271.29	0	0
XM_005253045.1	1928	1700.29	27.5429	0.729
XM_005253046.2	1959	1731.29	0	0
XM_005253102.2	1297	1069.29	52.3235	2.20213
XM_005253108.5	1576	1348.29	61.2145	2.04321
XM_005253109.4	6407	6179.29	0	0
XM_005253111.3	2507	2279.29	0	0
XM_005253114.5	2684	2456.29	0	0
XM_005253121.2	2896	2668.29	25.5641	0.431161
XM_005253122.2	2893	2665.29	55.4236	0.935819
XM_005253166.3	2890	2662.29	2.45935e-08	4.15725e-10
XM_005253167.2	2857	2629.29	0	0
XM_005253170.4	2978	2750.29	0	0
XM_005253172.2	1622	1394.29	0	0
XM_005253177.4	4253	4025.29	0	0
XM_005253183.4	3216	2988.29	198.849	2.99463
XM_005253184.4	2109	1881.29	13.1877	0.315468
XM_005253214.5	7806	7578.29	382.39	2.27079
XM_005253217.4	4634	4406.29	1.90746e-06	1.94816e-08
XM_005253218.4	4480	4252.29	0	0
XM_005253227.4	3460	3232.29	207.821	2.89348
XM_005253229.2	1044	816.293	70.2936	3.87536
XM_005253231.4	5434	5206.29	0	0
XM_005253232.4	5431	5203.29	0	0
XM_005253235.4	5305	5077.29	7.59941e-08	6.73581e-10
XM_005253238.4	4945	4717.29	956.361	9.1237
XM_005253239.4	4939	4711.29	27.9782	0.267252
XM_005253240.4	4810	4582.29	292	2.86776
XM_005253288.5	8552	8324.29	80.6306	0.435908
XM_005253289.5	8629	8401.29	5.60182e-05	3.00072e-07
XM_005253290.5	8527	8299.29	7.27767e-08	3.94633e-10
XM_005253310.5	7150	6922.29	4.67425e-08	3.03881e-10
XM_005253319.5	1246	1018.29	56.046	2.47693
XM_005253320.5	1350	1122.29	14.2244	0.570387
XM_005253322.5	1553	1325.29	5.342	0.181399
XM_005253324.3	1448	1220.29	0	0
XM_005253326.3	9683	9455.29	0	0
XM_005253327.4	9617	9389.29	0	0
XM_005253330.4	9152	8924.29	0	0
XM_005253331.5	4090	3862.29	0.279466	0.00325631
XM_005253333.5	4095	3867.29	20.1022	0.233926
XM_005253351.3	27807	27579.3	3.41835	0.00557797
XM_005253391.5	4162	3934.29	53.142	0.607874
XM_005253405.4	6066	5838.29	229.608	1.76988
XM_005253406.2	2700	2472.29	0	0
XM_005253415.1	2477	2249.29	0	0
XM_005253417.3	2645	2417.29	13.0008	0.242037
XM_005253420.5	1065	837.293	14.5424	0.781628
XM_005253422.5	2463	2235.29	151.893	3.05806
XM_005253461.4	3655	3427.29	1089.66	14.3081
XM_005253462.6	3498	3270.29	871.404	11.9915
XM_005253463.5	3502	3274.29	271.232	3.72791
XM_005253464.5	3452	3224.29	554.108	7.73396
XM_005253538.3	4405	4177.29	0	0
XM_005253539.4	3286	3058.29	0	0
XM_005253566.2	5210	4982.29	15.836	0.143041
XM_005253590.4	3672	3444.29	55.5874	0.726305
XM_005253593.4	5984	5756.29	0	0
XM_005253601.3	3464	3236.29	16.6262	0.2312
XM_005253602.3	3397	3169.29	3.80057e-05	5.3967e-07
XM_005253624.3	17623	17395.3	153.677	0.397576
XM_005253694.3	1789	1561.29	76.2627	2.19821
XM_005253720.6	3999	3771.29	16.2461	0.193865
XM_005253721.3	3222	2994.29	29.4428	0.442514
XM_005253747.5	2273	2045.29	0	0
XM_005253748.4	3884	3656.29	0	0
XM_005253814.5	1387	1159.29	15.7246	0.61042
XM_005253818.5	5551	5323.29	67.0049	0.566459
XM_005253819.5	5434	5206.29	1414.57	12.2275
XM_005253822.3	4776	4548.29	6.51459	0.0644586
XM_005253823.1	2269	2041.29	109.324	2.4102
XM_005253824.3	4733	4505.29	605.539	6.04869
XM_005253831.6	1361	1133.29	0	0
XM_005253833.5	1920	1692.29	0	0
XM_005253834.5	1127	899.293	0	0
XM_005253835.6	1077	849.293	0.00399469	0.000211674
XM_005253836.2	981	753.293	51.8395	3.09698
XM_005253849.6	3957	3729.29	5.22624	0.0630675
XM_005253875.6	1026	798.293	0	0
XM_005253880.4	1916	1688.29	15.1973	0.405098
XM_005253881.4	2840	2612.29	21.7309	0.374367
XM_005253908.5	4355	4127.29	60.4074	0.658669
XM_005253909.2	2210	1982.29	46.4006	1.05341
XM_005253934.5	1706	1478.29	0	0
XM_005253935.5	1691	1463.29	19.6229	0.603497
XM_005253944.5	4119	3891.29	0	0
XM_005253948.3	1892	1664.29	0	0
XM_005253950.5	3388	3160.29	0	0
XM_005253955.5	5304	5076.29	83.8897	0.743711
XM_005253956.5	5125	4897.29	251.672	2.31271
XM_005253961.6	3690	3462.29	490.117	6.37057
XM_005253962.4	3746	3518.29	12.2928	0.157239
XM_005253965.5	3566	3338.29	20.0255	0.269962
XM_005253980.4	4244	4016.29	2.85445e-07	3.19845e-09
XM_005253981.4	4241	4013.29	94.5378	1.0601
XM_005253982.4	4238	4010.29	985.724	11.0617
XM_005253984.2	3996	3768.29	659.63	7.87767
XM_005253987.3	5397	5169.29	93.3833	0.812981
XM_005253997.5	5595	5367.29	278.95	2.33891
XM_005254032.1	3660	3432.29	0	0
XM_005254034.4	7822	7594.29	139.468	0.826477
XM_005254035.4	7729	7501.29	535.351	3.21177
XM_005254052.4	5922	5694.29	0	0
XM_005254070.3	5610	5382.29	0.846365	0.00707673
XM_005254075.4	1921	1693.29	105.185	2.79554
XM_005254097.4	1563	1335.29	5.26435	0.177423
XM_005254120.6	8758	8530.29	0.000492306	2.59725e-06
XM_005254126.4	1262	1034.29	0	0
XM_005254146.5	4820	4592.29	52.3088	0.512611
XM_005254150.5	990	762.293	0	0
XM_005254157.4	4274	4046.29	0	0
XM_005254158.6	2899	2671.29	0	0
XM_005254159.6	923	695.293	0	0
XM_005254160.4	1954	1726.29	2	0.0521384
XM_005254166.3	3429	3201.29	0	0
XM_005254171.6	11739	11511.3	199.123	0.778465
XM_005254173.6	11060	10832.3	0	0
XM_005254176.6	4660	4432.29	531.433	5.39588
XM_005254202.4	7306	7078.29	97.774	0.621637
XM_005254213.4	3460	3232.29	0	0
XM_005254214.4	3391	3163.29	0	0
XM_005254215.4	3424	3196.29	0	0
XM_005254216.4	3358	3130.29	0	0
XM_005254225.2	2239	2011.29	0	0
XM_005254228.4	13861	13633.3	190.492	0.628807
XM_005254243.4	12196	11968.3	0	0
XM_005254246.4	12150	11922.3	0	0
XM_005254249.4	12049	11821.3	0	0
XM_005254252.4	11719	11491.3	0	0
XM_005254253.4	11569	11341.3	0	0
XM_005254254.5	7644	7416.29	0.000648166	3.93316e-06
XM_005254264.5	7649	7421.29	31.6749	0.192078
XM_005254274.5	4590	4362.29	0	0
XM_005254287.3	3118	2890.29	33.2941	0.518403
XM_005254289.3	2716	2488.29	3.73106e-06	6.74797e-08
XM_005254297.2	4969	4741.29	28.092	0.266642
XM_005254359.6	1314	1086.29	10.2852	0.426098
XM_005254375.4	3710	3482.29	0	0
XM_005254422.5	10086	9858.29	0	0
XM_005254424.5	10014	9786.29	0	0
XM_005254425.5	10085	9857.29	0	0
XM_005254427.5	1815	1587.29	9.1413	0.259175
XM_005254428.4	2278	2050.29	2.43292e-08	5.34016e-10
XM_005254430.6	2215	1987.29	641.629	14.53
XM_005254431.4	2161	1933.29	0	0
XM_005254434.5	746	518.701	0	0
XM_005254441.3	6554	6326.29	49.6578	0.353249
XM_005254443.2	4654	4426.29	0	0
XM_005254445.6	2372	2144.29	885.095	18.5758
XM_005254495.5	5053	4825.29	0	0
XM_005254505.1	5987	5759.29	0	0
XM_005254509.4	1024	796.293	14.0235	0.792547
XM_005254510.4	958	730.293	0	0
XM_005254529.5	7048	6820.29	1.67476	0.0110507
XM_005254537.4	5986	5758.29	248.879	1.94507
XM_005254538.3	5344	5116.29	122	1.07312
XM_005254549.4	977	749.293	63.1773	3.79447
XM_005254576.6	3327	3099.29	73.9663	1.07402
XM_005254619.4	7784	7556.29	0	0
XM_005254620.4	7724	7496.29	0	0
XM_005254622.6	5766	5538.29	0.205371	0.00166881
XM_005254623.5	5751	5523.29	0.167166	0.00136204
XM_005254625.5	5739	5511.29	0	0
XM_005254628.5	5724	5496.29	0.0177354	0.000145216
XM_005254633.4	5694	5466.29	101.856	0.838561
XM_005254668.5	1326	1098.29	470.416	19.2755
XM_005254675.5	11720	11492.3	112.594	0.440909
XM_005254677.4	799	571.487	0	0
XM_005254692.2	2872	2644.29	0	0
XM_005254700.5	3802	3574.29	476.458	5.99897
XM_005254722.4	7324	7096.29	923.652	5.85759
XM_005254726.5	7217	6989.29	22.6535	0.145863
XM_005254727.6	15595	15367.3	26.565	0.0777955
XM_005254750.4	3706	3478.29	0	0
XM_005254781.5	2545	2317.29	8.51219	0.165311
XM_005254787.3	2756	2528.29	0	0
XM_005254788.3	2731	2503.29	36.4441	0.655176
XM_005254795.6	1656	1428.29	15.832	0.49884
XM_005254797.4	3580	3352.29	270.004	3.62469
XM_005254798.4	3410	3182.29	37.6702	0.532722
XM_005254799.4	3350	3122.29	4546.61	65.5324
XM_005254804.1	5630	5402.29	0	0
XM_005254872.4	6410	6182.29	2.36218e-07	1.71951e-09
XM_005254880.2	2563	2335.29	16.0116	0.308557
XM_005254882.3	2527	2299.29	99.4352	1.9462
XM_005254887.2	2642	2414.29	16.607	0.309559
XM_005254906.5	2243	2015.29	0	0
XM_005254907.5	2386	2158.29	0	0
XM_005254910.4	6489	6261.29	0	0
XM_005254941.3	4759	4531.29	16.6823	0.165682
XM_005254943.3	4647	4419.29	0	0
XM_005254960.2	6692	6464.29	0	0
XM_005254966.2	3353	3125.29	48.0501	0.691904
XM_005254987.4	2953	2725.29	4334.15	71.5704
XM_005254996.4	8057	7829.29	244.231	1.40385
XM_005254998.4	12621	12393.3	0	0
XM_005255027.4	2151	1923.29	45.0659	1.0545
XM_005255041.3	1579	1351.29	18.3424	0.61087
XM_005255048.3	2435	2207.29	263.403	5.37035
XM_005255049.5	3900	3672.29	549.028	6.72821
XM_005255074.2	3872	3644.29	5.00358	0.0617889
XM_005255078.6	906	678.293	51.9038	3.44369
XM_005255079.4	8037	7809.29	355.874	2.05082
XM_005255123.2	1043	815.293	0	0
XM_005255124.5	10745	10517.3	496.583	2.12486
XM_005255125.5	10373	10145.3	227.744	1.01024
XM_005255129.5	815	587.487	1	0.0766027
XM_005255135.5	2016	1788.29	1.01124e-06	2.54482e-08
XM_005255139.3	1028	800.293	10.3502	0.582028
XM_005255140.3	960	732.293	8.4519	0.519411
XM_005255143.4	1248	1020.29	2	0.088216
XM_005255144.4	2277	2049.29	0	0
XM_005255155.2	2707	2479.29	74.9045	1.35964
XM_005255156.2	2704	2476.29	22.2915	0.405116
XM_005255157.5	2316	2088.29	43.7256	0.942294
XM_005255158.5	2471	2243.29	61.0161	1.22405
XM_005255182.4	16146	15918.3	0	0
XM_005255183.5	16204	15976.3	794.9	2.23913
XM_005255184.5	15990	15762.3	0	0
XM_005255190.3	5641	5413.29	225.384	1.87372
XM_005255201.4	6782	6554.29	0	0
XM_005255202.4	6728	6500.29	329.161	2.27886
XM_005255203.4	6653	6425.29	0	0
XM_005255206.4	3835	3607.29	0	0
XM_005255208.3	5496	5268.29	0	0
XM_005255211.3	6764	6536.29	14.0677	0.0968578
XM_005255213.3	6758	6530.29	452.407	3.11773
XM_005255214.3	6647	6419.29	1.41622	0.00992856
XM_005255215.5	3053	2825.29	0	0
XM_005255216.3	2944	2716.29	0	0
XM_005255223.4	2203	1975.29	20.4216	0.465264
XM_005255243.5	5846	5618.29	137.596	1.10216
XM_005255257.5	7829	7601.29	42.8484	0.253682
XM_005255277.5	4502	4274.29	233.432	2.45775
XM_005255278.4	3786	3558.29	0	0
XM_005255279.5	4355	4127.29	32.3125	0.352329
XM_005255298.4	3957	3729.29	0	0
XM_005255301.4	3852	3624.29	0	0
XM_005255308.2	2627	2399.29	0	0
XM_005255313.1	5126	4898.29	0	0
XM_005255315.5	5032	4804.29	0	0
XM_005255318.2	3989	3761.29	0	0
XM_005255332.5	840	612.427	0	0
XM_005255350.3	2698	2470.29	46.376	0.844865
XM_005255354.5	1124	896.293	317.542	15.9438
XM_005255370.4	11058	10830.3	2883.6	11.9822
XM_005255386.5	2656	2428.29	0	0
XM_005255387.5	1632	1404.29	0	0
XM_005255391.5	1639	1411.29	0	0
XM_005255396.6	1299	1071.29	0	0
XM_005255427.4	1504	1276.29	0.00175375	6.18384e-05
XM_005255452.4	8978	8750.29	0.0984309	0.000506234
XM_005255471.4	3176	2948.29	232.418	3.54765
XM_005255475.4	2022	1794.29	0	0
XM_005255479.3	1659	1431.29	0.00440356	0.000138458
XM_005255485.4	1722	1494.29	0	0
XM_005255492.4	1722	1494.29	0	0
XM_005255521.2	1503	1275.29	216.526	7.64088
XM_005255539.4	6701	6473.29	21.8017	0.151568
XM_005255540.3	4864	4636.29	101.534	0.985561
XM_005255558.3	2236	2008.29	36.0716	0.808316
XM_005255570.5	1738	1510.29	149.758	4.46243
XM_005255571.4	4805	4577.29	8.6454	0.085
XM_005255601.4	2167	1939.29	385.919	8.9556
XM_005255604.3	2707	2479.29	0	0
XM_005255613.4	2141	1913.29	6.36746	0.149771
XM_005255614.4	2081	1853.29	0	0
XM_005255622.2	2961	2733.29	45.4026	0.747544
XM_005255623.4	2882	2654.29	174.107	2.95196
XM_005255627.6	3677	3449.29	265.409	3.46281
XM_005255632.2	1485	1257.29	5.9277	0.212174
XM_005255633.6	2185	1957.29	20.4731	0.470728
XM_005255652.5	8201	7973.29	0.053586	0.000302452
XM_005255673.6	1700	1472.29	7.67714	0.234664
XM_005255682.5	8353	8125.29	3.40965e-07	1.88848e-09
XM_005255683.5	2043	1815.29	0	0
XM_005255702.5	1306	1078.29	244.211	10.1923
XM_005255704.2	7733	7505.29	277.44	1.66358
XM_005255706.3	7727	7499.29	283.027	1.69844
XM_005255707.3	7703	7475.29	142.086	0.855391
XM_005255710.5	7022	6794.29	103.745	0.687171
XM_005255711.5	6981	6753.29	71.315	0.475234
XM_005255712.5	7051	6823.29	141.459	0.932996
XM_005255714.2	3797	3569.29	0.0746378	0.000941064
XM_005255715.6	3850	3622.29	0	0
XM_005255717.4	4490	4262.29	7.91325	0.0835514
XM_005255718.4	4355	4127.29	56.8643	0.620035
XM_005255723.1	5935	5707.29	286.325	2.25773
XM_005255725.6	3260	3032.29	35.7838	0.531077
XM_005255726.5	3822	3594.29	0.00210813	2.63953e-05
XM_005255741.5	2579	2351.29	0	0
XM_005255760.5	3276	3048.29	0	0
XM_005255770.3	2449	2221.29	0	0
XM_005255774.3	1943	1715.29	28.6387	0.751376
XM_005255775.4	3816	3588.29	331.431	4.15668
XM_005255792.3	1971	1743.29	14.6609	0.37847
XM_005255801.4	1473	1245.29	151.289	5.46738
XM_005255804.3	4576	4348.29	82.8804	0.857779
XM_005255829.5	4342	4114.29	21.6673	0.237001
XM_005255834.5	2337	2109.29	165.781	3.53704
XM_005255842.5	2750	2522.29	0	0
XM_005255856.5	8382	8154.29	0	0
XM_005255858.4	4092	3864.29	82.3826	0.959418
XM_005255859.6	9716	9488.29	1139.19	5.40321
XM_005255860.4	9602	9374.29	38.0695	0.18276
XM_005255861.6	9497	9269.29	1079.64	5.24171
XM_005255863.5	7685	7457.29	1.1305	0.0068223
XM_005255864.5	7985	7757.29	453.297	2.62975
XM_005255865.5	7766	7538.29	430.383	2.56936
XM_005255868.3	7809	7581.29	0	0
XM_005255890.5	4199	3971.29	4.02768	0.0456421
XM_005255892.4	4957	4729.29	0	0
XM_005255921.3	4151	3923.29	4.70533	0.0539736
XM_005255937.2	3680	3452.29	0	0
XM_005255952.6	1293	1065.29	1.53415	0.06481
XM_005255977.4	1280	1052.29	0	0
XM_005256006.4	1154	926.293	207.595	10.0858
XM_005256015.3	8439	8211.29	224.299	1.2293
XM_005256016.4	9837	9609.29	79.8635	0.374024
XM_005256022.5	7401	7173.29	152.564	0.957143
XM_005256025.3	2313	2085.29	0	0
XM_005256026.3	1987	1759.29	0	0
XM_005256027.3	2167	1939.29	0	0
XM_005256028.2	2300	2072.29	0	0
XM_005256032.4	5413	5185.29	0	0
XM_005256038.5	7055	6827.29	456.375	3.00826
XM_005256045.4	6626	6398.29	94.5578	0.665083
XM_005256049.5	2364	2136.29	0	0
XM_005256075.3	5203	4975.29	83.1982	0.752554
XM_005256090.5	1623	1395.29	0	0
XM_005256095.6	2834	2606.29	43.7419	0.755296
XM_005256096.6	2412	2184.29	37.6015	0.774704
XM_005256097.6	2416	2188.29	6.22569	0.128034
XM_005256098.6	2408	2180.29	107.387	2.21656
XM_005256101.2	3152	2924.29	0	0
XM_005256121.4	3005	2777.29	0	0
XM_005256122.4	3002	2774.29	0	0
XM_005256123.4	2993	2765.29	150.653	2.45177
XM_005256124.5	2762	2534.29	6.82672	0.121226
XM_005256134.5	1043	815.293	0	0
XM_005256137.4	2678	2450.29	0	0
XM_005256139.4	2821	2593.29	524.446	9.10105
XM_005256146.4	5935	5707.29	0	0
XM_005256149.3	7503	7275.29	0.00760207	4.70244e-05
XM_005256153.6	3426	3198.29	0	0
XM_005256168.5	11550	11322.3	11.7782	0.0468152
XM_005256179.6	4104	3876.29	126.792	1.47204
XM_005256181.3	4099	3871.29	96.0831	1.11695
XM_005256182.1	3845	3617.29	616.968	7.67575
XM_005256189.4	4585	4357.29	0	0
XM_005256190.2	4842	4614.29	103.917	1.0135
XM_005256205.4	1776	1548.29	0	0
XM_005256220.3	3837	3609.29	283.532	3.53527
XM_005256226.4	3854	3626.29	118.33	1.4685
XM_005256227.4	3764	3536.29	0	0
XM_005256236.6	4874	4646.29	855.376	8.285
XM_005256237.3	4290	4062.29	4.03108	0.0446573
XM_005256238.3	4408	4180.29	0	0
XM_005256239.3	4414	4186.29	0	0
XM_005256240.5	4208	3980.29	0	0
XM_005256241.5	4240	4012.29	0	0
XM_005256242.5	4261	4033.29	0	0
XM_005256244.4	4296	4068.29	0	0
XM_005256245.3	4316	4088.29	0	0
XM_005256246.3	4399	4171.29	0	0
XM_005256248.3	4281	4053.29	0	0
XM_005256252.3	4225	3997.29	0	0
XM_005256254.3	4301	4073.29	10.4482	0.115435
XM_005256255.3	4375	4147.29	119.609	1.2979
XM_005256257.5	11776	11548.3	0	0
XM_005256263.4	8277	8049.29	0	0
XM_005256279.6	2468	2240.29	39.549	0.794461
XM_005256301.4	5236	5008.29	165.551	1.48759
XM_005256318.4	3569	3341.29	76.0865	1.02479
XM_005256321.5	2690	2462.29	543.482	9.93317
XM_005256323.6	4405	4177.29	0	0
XM_005256324.4	4577	4349.29	0	0
XM_005256329.6	2663	2435.29	59.5527	1.10051
XM_005256336.5	3919	3691.29	352.033	4.29187
XM_005256340.5	4044	3816.29	0	0
XM_005256350.2	2135	1907.29	0.739141	0.0174402
XM_005256353.2	2123	1895.29	1.87209	0.0444521
XM_005256359.3	1931	1703.29	13.7289	0.362734
XM_005256360.5	1919	1691.29	52.3205	1.39218
XM_005256377.6	2394	2166.29	155.371	3.2277
XM_005256381.3	1889	1661.29	570.408	15.4519
XM_005256386.5	5285	5057.29	1.79207	0.015947
XM_005256387.4	5281	5053.29	0	0
XM_005256392.4	2074	1846.29	16.3501	0.398531
XM_005256393.3	2597	2369.29	515.512	9.7918
XM_005256394.3	2225	1997.29	161.944	3.64892
XM_005256399.6	5959	5731.29	0	0
XM_005256404.5	6022	5794.29	0	0
XM_005256424.3	7951	7723.29	1351.35	7.87421
XM_005256427.5	7410	7182.29	171.613	1.0753
XM_005256428.5	7305	7077.29	273.01	1.73602
XM_005256429.5	7364	7136.29	552.239	3.48254
XM_005256431.5	3651	3423.29	95.838	1.2599
XM_005256438.4	3979	3751.29	51.2042	0.614281
XM_005256462.2	5687	5459.29	7.2513	0.0597753
XM_005256466.2	5528	5300.29	1.00578	0.00853977
XM_005256499.4	1963	1735.29	20.489	0.531362
XM_005256500.3	1752	1524.29	24.2267	0.715267
XM_005256502.3	2977	2749.29	174.401	2.85477
XM_005256555.5	4241	4013.29	122.539	1.3741
XM_005256556.5	4238	4010.29	40.6482	0.456149
XM_005256558.4	4178	3950.29	2026.29	23.0841
XM_005256561.3	11469	11241.3	2423.64	9.70273
XM_005256563.5	15065	14837.3	0	0
XM_005256564.5	11144	10916.3	223.99	0.923413
XM_005256569.5	6159	5931.29	439.439	3.3342
XM_005256570.4	2891	2663.29	16.7016	0.282216
XM_005256571.6	5232	5004.29	7.50304	0.067474
XM_005256572.2	5900	5672.29	5.82059e-05	4.61796e-07
XM_005256575.3	4941	4713.29	342.491	3.27014
XM_005256610.3	2138	1910.29	2.4992	0.0588767
XM_005256625.6	5113	4885.29	0	0
XM_005256628.6	1313	1085.29	0	0
XM_005256641.4	1787	1559.29	18.3651	0.530039
XM_005256670.6	3788	3560.29	12.5028	0.158039
XM_005256676.3	2776	2548.29	991.339	17.5071
XM_005256677.3	2377	2149.29	144.504	3.0257
XM_005256678.6	2487	2259.29	75.6051	1.50599
XM_005256701.5	2468	2240.29	0	0
XM_005256731.4	1656	1428.29	0	0
XM_005256732.4	1599	1371.29	22.3387	0.73311
XM_005256753.4	3611	3383.29	0	0
XM_005256756.5	2865	2637.29	52.9227	0.903079
XM_005256758.4	3599	3371.29	0	0
XM_005256767.4	2666	2438.29	34.4778	0.636349
XM_005256769.2	1712	1484.29	0	0
XM_005256770.2	1616	1388.29	0	0
XM_005256797.3	2858	2630.29	29.8946	0.511483
XM_005256800.2	3991	3763.29	64.1748	0.767429
XM_005256827.4	5179	4951.29	73.2244	0.665548
XM_005256831.5	8221	7993.29	0	0
XM_005256832.5	7974	7746.29	21.5802	0.125373
XM_005256848.5	1246	1018.29	45.3318	2.00342
XM_005256856.4	916	688.293	3.38146	0.221092
XM_005256863.1	8436	8208.29	0	0
XM_005256866.6	10957	10729.3	629.631	2.64093
XM_005256868.6	10954	10726.3	29.2503	0.122722
XM_005256871.6	10930	10702.3	215.64	0.906766
XM_005256872.6	10927	10699.3	9.87474	0.0415349
XM_005256873.6	10909	10681.3	251.355	1.05903
XM_005256874.6	10783	10555.3	747.197	3.18572
XM_005256875.5	10729	10501.3	61.389	0.263082
XM_005256891.3	4030	3802.29	0	0
XM_005256955.4	8688	8460.29	0	0
XM_005256964.4	1990	1762.29	2	0.0510733
XM_005256977.4	1501	1273.29	458.985	16.2223
XM_005256980.6	8444	8216.29	80.5439	0.441163
XM_005256990.4	1534	1306.29	0	0
XM_005256991.6	1496	1268.29	0	0
XM_005257005.4	2110	1882.29	79.2692	1.89522
XM_005257015.4	6360	6132.29	37.5405	0.275499
XM_005257019.2	4515	4287.29	214.509	2.25167
XM_005257027.4	904	676.361	0	0
XM_005257029.2	3632	3404.29	0	0
XM_005257030.2	3506	3278.29	0	0
XM_005257033.6	1177	949.293	0	0
XM_005257034.6	1140	912.293	0	0
XM_005257035.5	1055	827.293	0	0
XM_005257036.3	1012	784.293	0	0
XM_005257052.4	2303	2075.29	41.1814	0.893026
XM_005257058.5	5644	5416.29	3950.26	32.8221
XM_005257059.5	4996	4768.29	704.329	6.64745
XM_005257066.2	3085	2857.29	36.8294	0.580072
XM_005257075.4	2735	2507.29	0	0
XM_005257076.4	2633	2405.29	0	0
XM_005257078.5	5289	5061.29	53.7551	0.47797
XM_005257081.4	1859	1631.29	0	0
XM_005257083.3	7517	7289.29	23.5635	0.145478
XM_005257084.3	7553	7325.29	0	0
XM_005257095.4	3142	2914.29	0	0
XM_005257096.3	3115	2887.29	0	0
XM_005257097.3	3263	3035.29	0	0
XM_005257098.4	3139	2911.29	0	0
XM_005257100.4	3028	2800.29	0	0
XM_005257102.4	3025	2797.29	0	0
XM_005257103.3	3257	3029.29	0	0
XM_005257106.4	2822	2594.29	0	0
XM_005257119.6	3547	3319.29	23.1189	0.313447
XM_005257125.4	2529	2301.29	0	0
XM_005257126.5	2194	1966.29	14.3912	0.329375
XM_005257145.3	4422	4194.29	0	0
XM_005257150.4	11789	11561.3	0	0
XM_005257151.4	11786	11558.3	0	0
XM_005257152.4	9989	9761.29	0.482104	0.00222268
XM_005257153.4	11627	11399.3	0	0
XM_005257154.4	11615	11387.3	0	0
XM_005257155.4	11600	11372.3	0.000154145	6.09992e-07
XM_005257156.4	11600	11372.3	6.23447e-07	2.46714e-09
XM_005257157.4	11597	11369.3	16.9549	0.0671128
XM_005257158.4	11411	11183.3	0	0
XM_005257159.3	11360	11132.3	0	0
XM_005257160.3	11198	10970.3	0	0
XM_005257161.4	11186	10958.3	0	0
XM_005257163.3	3885	3657.29	600.679	7.39137
XM_005257182.3	4110	3882.29	128.452	1.48901
XM_005257200.6	1463	1235.29	0	0
XM_005257212.5	1818	1590.29	0.000287947	8.1485e-06
XM_005257224.6	4124	3896.29	0	0
XM_005257226.3	3295	3067.29	0	0
XM_005257236.4	3041	2813.29	7.80326	0.124826
XM_005257242.5	2984	2756.29	45.1708	0.737521
XM_005257246.4	1068	840.293	1.86085	0.0996603
XM_005257260.4	2992	2764.29	28.1803	0.458779
XM_005257262.4	3019	2791.29	26.791	0.431943
XM_005257267.6	9430	9202.29	2.63986e-07	1.291e-09
XM_005257269.3	5602	5374.29	4	0.0334951
XM_005257275.5	1790	1562.29	470.544	13.5544
XM_005257308.3	4484	4256.29	41.4198	0.437944
XM_005257309.3	6006	5778.29	0	0
XM_005257311.5	6055	5827.29	0	0
XM_005257337.5	3877	3649.29	0	0
XM_005257362.5	6902	6674.29	0	0
XM_005257365.5	6809	6581.29	0	0
XM_005257366.4	6728	6500.29	0	0
XM_005257367.5	6704	6476.29	0	0
XM_005257368.5	6611	6383.29	0	0
XM_005257369.5	5837	5609.29	0	0
XM_005257370.5	5750	5522.29	0	0
XM_005257371.5	5663	5435.29	0	0
XM_005257373.5	5113	4885.29	1.04198	0.00959866
XM_005257378.3	4667	4439.29	233.299	2.36506
XM_005257385.2	3610	3382.29	24.4159	0.324865
XM_005257391.6	878	650.427	0	0
XM_005257395.2	4414	4186.29	0	0
XM_005257410.5	4819	4591.29	890.48	8.72834
XM_005257411.5	4786	4558.29	63.7748	0.629635
XM_005257412.5	4729	4501.29	2464.81	24.6427
XM_005257415.5	4696	4468.29	165.584	1.6677
XM_005257429.3	1650	1422.29	0	0
XM_005257439.6	1857	1629.29	12.2145	0.33738
XM_005257449.3	2027	1799.29	339.597	8.49384
XM_005257452.2	6741	6513.29	7.76464	0.0536492
XM_005257456.5	8284	8056.29	377.29	2.10757
XM_005257467.6	5307	5079.29	0	0
XM_005257468.6	5301	5073.29	3.6138	0.0320565
XM_005257485.5	1961	1733.29	26.3807	0.684945
XM_005257516.3	13155	12927.3	0	0
XM_005257527.3	3918	3690.29	103.683	1.26441
XM_005257552.6	2854	2626.29	0	0
XM_005257553.2	3228	3000.29	0	0
XM_005257554.2	5965	5737.29	3.96383	0.0310921
XM_005257557.4	1807	1579.29	27.0837	0.771769
XM_005257559.5	1744	1516.29	6.80101	0.201852
XM_005257560.3	1895	1667.29	0	0
XM_005257561.5	1634	1406.29	13.9684	0.447005
XM_005257562.3	1879	1651.29	0	0
XM_005257567.2	5380	5152.29	327.744	2.86271
XM_005257572.5	3915	3687.29	128.714	1.57094
XM_005257585.4	6201	5973.29	1297.11	9.77247
XM_005257593.6	4738	4510.29	1.60955	0.0160598
XM_005257626.5	1698	1470.29	0	0
XM_005257632.2	5670	5442.29	68.4747	0.566227
XM_005257639.4	1195	967.293	0	0
XM_005257643.2	4648	4420.29	542.153	5.51967
XM_005257645.3	3846	3618.29	28.4207	0.353487
XM_005257646.4	1729	1501.29	43.303	1.29806
XM_005257658.4	1422	1194.29	2.63993	0.0994774
XM_005257663.5	1527	1299.29	0	0
XM_005257664.2	1304	1076.29	0.5	0.0209065
XM_005257665.1	1304	1076.29	0.5	0.0209065
XM_005257666.5	1607	1379.29	0	0
XM_005257668.1	872	644.427	78.7568	5.49992
XM_005257669.4	4018	3790.29	0	0
XM_005257688.3	696	468.994	24.3733	2.33878
XM_005257689.4	2822	2594.29	584.794	10.1444
XM_005257694.6	1216	988.293	8.38758	0.381938
XM_005257703.2	3421	3193.29	95.915	1.35173
XM_005257705.5	3270	3042.29	29.0806	0.430175
XM_005257726.3	3180	2952.29	0	0
XM_005257744.2	4084	3856.29	4.13006	0.0481979
XM_005257755.5	1502	1274.29	0	0
XM_005257759.4	1907	1679.29	128.69	3.44874
XM_005257760.5	1968	1740.29	93.8837	2.42778
XM_005257768.3	8315	8087.29	2480.44	13.8028
XM_005257771.4	8273	8045.29	7370.73	41.2298
XM_005257774.5	7811	7583.29	0.149832	0.000889178
XM_005257776.6	1519	1291.29	12.0019	0.418282
XM_005257779.4	3244	3016.29	0	0
XM_005257786.6	6927	6699.29	16.6716	0.111993
XM_005257787.5	2292	2064.29	74.0023	1.6133
XM_005257788.6	1665	1437.29	15.1477	0.47429
XM_005257790.2	1856	1628.29	0	0
XM_005257805.4	1119	891.293	0	0
XM_005257818.5	3732	3504.29	69.9798	0.8987
XM_005257822.5	5722	5494.29	3.99049	0.0326856
XM_005257860.5	4263	4035.29	87.3232	0.97386
XM_005257861.5	3822	3594.29	28.8924	0.361753
XM_005257864.3	5384	5156.29	0	0
XM_005257888.6	13898	13670.3	0	0
XM_005257920.6	3583	3355.29	0	0
XM_005257922.3	8847	8619.29	0	0
XM_005257937.5	5869	5641.29	637.887	5.08871
XM_005257938.4	5935	5707.29	174.159	1.37328
XM_005257941.4	2476	2248.29	385.172	7.70982
XM_005257949.3	1664	1436.29	149.224	4.67561
XM_005257963.5	4936	4708.29	128	1.22346
XM_005257970.5	8357	8129.29	68.2315	0.377724
XM_005257980.5	2303	2075.29	0	0
XM_005257988.3	3439	3211.29	22.8478	0.320189
XM_005257995.6	2533	2305.29	192.478	3.75748
XM_005258022.5	4568	4340.29	9.69469	0.100521
XM_005258058.4	9366	9138.29	3.16256	0.0155746
XM_005258059.3	9351	9123.29	3.4387	0.0169623
XM_005258060.4	8107	7879.29	0	0
XM_005258070.6	6522	6294.29	0	0
XM_005258071.6	6516	6288.29	62.6916	0.448661
XM_005258072.4	6015	5787.29	15.2144	0.11831
XM_005258081.5	3517	3289.29	0	0
XM_005258093.5	11415	11187.3	251.404	1.01132
XM_005258095.4	11278	11050.3	0.116208	0.000473266
XM_005258096.4	11209	10981.3	1.94976	0.00799043
XM_005258107.4	7963	7735.29	174.463	1.015
XM_005258109.4	7753	7525.29	43.3891	0.259478
XM_005258122.5	5770	5542.29	65.1139	0.528721
XM_005258132.5	3485	3257.29	39.6457	0.547748
XM_005258133.4	2993	2765.29	79.4951	1.29372
XM_005258139.5	4473	4245.29	19.7252	0.209101
XM_005258146.3	5780	5552.29	0	0
XM_005258149.6	2344	2116.29	150.074	3.19134
XM_005258152.5	1704	1476.29	0.515621	0.0157181
XM_005258177.5	6179	5951.29	0	0
XM_005258183.5	4075	3847.29	239.564	2.80226
XM_005258192.5	6735	6507.29	31.973	0.221119
XM_005258196.6	786	558.487	0	0
XM_005258233.4	6233	6005.29	214.488	1.60736
XM_005258234.4	6143	5915.29	9.06595	0.068973
XM_005258235.4	5105	4877.29	0.539678	0.00497964
XM_005258242.5	1334	1106.29	0	0
XM_005258247.2	1251	1023.29	0	0
XM_005258271.4	4659	4431.29	148.109	1.50415
XM_005258277.1	4427	4199.29	8.43587	0.0904057
XM_005258278.6	4811	4583.29	235.356	2.31095
XM_005258279.3	4376	4148.29	99.5287	1.07975
XM_005258285.2	3364	3136.29	19.3634	0.277848
XM_005258286.3	3269	3041.29	0	0
XM_005258299.4	4851	4623.29	2	0.019468
XM_005258315.6	4961	4733.29	0	0
XM_005258317.4	5255	5027.29	0	0
XM_005258318.6	5204	4976.29	0	0
XM_005258325.4	3205	2977.29	122.585	1.85292
XM_005258329.2	1675	1447.29	0	0
XM_005258333.2	3491	3263.29	0	0
XM_005258339.4	5812	5584.29	9.5796	0.0772008
XM_005258349.2	5493	5265.29	0	0
XM_005258354.2	5043	4815.29	0	0
XM_005258355.3	5019	4791.29	549.026	5.15683
XM_005258356.2	11763	11535.3	0.678381	0.00264659
XM_005258361.4	2635	2407.29	0	0
XM_005258362.5	11091	10863.3	2.90156e-06	1.20202e-08
XM_005258364.6	1003	775.293	23.8125	1.38223
XM_005258371.5	5186	4958.29	35.4598	0.321845
XM_005258387.5	4550	4322.29	0	0
XM_005258392.5	5681	5453.29	0	0
XM_005258411.5	2652	2424.29	73.2409	1.3596
XM_005258439.4	864	636.427	0	0
XM_005258459.5	3955	3727.29	1456.97	17.5913
XM_005258461.6	3791	3563.29	78.3476	0.989501
XM_005258463.5	3849	3621.29	324.538	4.03315
XM_005258464.5	3554	3326.29	52.2304	0.706651
XM_005258465.6	3569	3341.29	220.819	2.97416
XM_005258476.4	3125	2897.29	0	0
XM_005258477.4	1537	1309.29	0	0
XM_005258520.3	3625	3397.29	0	0
XM_005258543.3	1054	826.293	0	0
XM_005258549.4	2278	2050.29	0	0
XM_005258558.2	4709	4481.29	0	0
XM_005258590.5	8939	8711.29	0	0
XM_005258591.6	8690	8462.29	19.3625	0.102971
XM_005258592.4	8847	8619.29	0	0
XM_005258593.3	8936	8708.29	2.02806e-05	1.04807e-07
XM_005258595.4	8778	8550.29	0	0
XM_005258619.5	2383	2155.29	19.7866	0.41315
XM_005258620.3	2060	1832.29	0	0
XM_005258628.6	2284	2056.29	128.521	2.81274
XM_005258630.6	2430	2202.29	0	0
XM_005258651.3	1122	894.293	185.371	9.32834
XM_005258652.3	1571	1343.29	0	0
XM_005258673.3	5662	5434.29	59.1479	0.489822
XM_005258674.3	5662	5434.29	175.318	1.45186
XM_005258675.3	5659	5431.29	36.9511	0.306172
XM_005258676.4	8966	8738.29	11.701	0.0602612
XM_005258677.5	6093	5865.29	420.449	3.22601
XM_005258678.3	6031	5803.29	1295.77	10.0484
XM_005258687.5	1080	852.293	13.675	0.722072
XM_005258693.4	973	745.293	0	0
XM_005258694.2	961	733.293	0	0
XM_005258696.4	1438	1210.29	0	0
XM_005258701.4	1718	1490.29	52.2426	1.57759
XM_005258713.5	6058	5830.29	65.6948	0.507088
XM_005258716.3	3449	3221.29	102.632	1.43383
XM_005258719.6	6233	6005.29	60.7422	0.455196
XM_005258720.6	6056	5828.29	1.77287	0.0136892
XM_005258721.6	6050	5822.29	0	0
XM_005258746.3	1023	795.293	96.0194	5.43343
XM_005258747.4	1146	918.293	0.0186116	0.000912106
XM_005258748.5	1473	1245.29	0	0
XM_005258773.4	3665	3437.29	0	0
XM_005258776.6	3292	3064.29	0	0
XM_005258779.5	1368	1140.29	0	0
XM_005258784.4	5768	5540.29	10.8967	0.0885124
XM_005258785.4	5562	5334.29	0	0
XM_005258786.4	5727	5499.29	9.4495	0.0773293
XM_005258809.3	4616	4388.29	312.419	3.20394
XM_005258812.5	1106	878.293	0	0
XM_005258820.4	3001	2773.29	0	0
XM_005258849.3	5183	4955.29	51.9659	0.471945
XM_005258850.3	5180	4952.29	107.521	0.977074
XM_005258851.4	5171	4943.29	24.841	0.226149
XM_005258876.4	4855	4627.29	217.997	2.12014
XM_005258882.3	1860	1632.29	26.6483	0.734705
XM_005258883.3	1952	1724.29	0	0
XM_005258903.6	3053	2825.29	0	0
XM_005258909.5	3458	3230.29	27.7821	0.387049
XM_005258915.5	3058	2830.29	22.8057	0.362623
XM_005258918.5	3017	2789.29	0	0
XM_005258937.4	3540	3312.29	0	0
XM_005258939.4	2830	2602.29	0	0
XM_005258944.5	5126	4898.29	31.7958	0.292124
XM_005258945.2	4103	3875.29	379.736	4.4098
XM_005258955.4	669	442.629	0	0
XM_005258964.6	1241	1013.29	83.5452	3.71047
XM_005258969.5	953	725.293	16.6622	1.03386
XM_005258971.4	1844	1616.29	311.98	8.68657
XM_005258972.5	1694	1466.29	70.0894	2.15117
XM_005258980.3	1929	1701.29	0	0
XM_005259008.5	3392	3164.29	332.189	4.72445
XM_005259013.5	2994	2766.29	1161.4	18.8941
XM_005259020.3	2665	2437.29	0	0
XM_005259034.3	2054	1826.29	84.0099	2.07015
XM_005259035.2	2102	1874.29	21.9739	0.52761
XM_005259036.2	1969	1741.29	0	0
XM_005259057.4	2866	2638.29	847.377	14.4543
XM_005259058.4	1654	1426.29	0	0
XM_005259061.4	2987	2759.29	0	0
XM_005259062.4	2952	2724.29	0.000121289	2.00359e-06
XM_005259065.4	1993	1765.29	1.67283	0.0426459
XM_005259093.4	2787	2559.29	210.086	3.69419
XM_005259095.5	2040	1812.29	54.4161	1.35127
XM_005259107.3	2998	2770.29	1.42194	0.0230993
XM_005259122.6	4686	4458.29	520.837	5.25746
XM_005259128.3	2042	1814.29	18.7109	0.46412
XM_005259152.5	5988	5760.29	0.00840381	6.5656e-05
XM_005259153.4	2333	2105.29	0	0
XM_005259156.5	1854	1626.29	0	0
XM_005259159.4	4697	4469.29	47.467	0.477964
XM_005259169.5	2387	2159.29	0	0
XM_005259170.5	2285	2057.29	0	0
XM_005259171.5	2257	2029.29	15.4533	0.342703
XM_005259174.6	2564	2336.29	10.302	0.198443
XM_005259197.5	1838	1610.29	156.997	4.3876
XM_005259199.3	2239	2011.29	439.512	9.83416
XM_005259200.3	2239	2011.29	281.808	6.30551
XM_005259204.4	2836	2608.29	21.782	0.375822
XM_005259208.4	1675	1447.29	30.4412	0.946559
XM_005259209.4	1521	1293.29	10.0689	0.350369
XM_005259211.2	3310	3082.29	1.15027e-08	1.67946e-10
XM_005259214.4	3306	3078.29	152.885	2.2351
XM_005259223.4	4030	3802.29	10.9221	0.129271
XM_005259232.4	3227	2999.29	0.444726	0.00667292
XM_005259247.3	3535	3307.29	7.95223e-06	1.08208e-07
XM_005259248.3	3483	3255.29	151.532	2.09486
XM_005259249.5	3472	3244.29	67.827	0.940859
XM_005259256.4	1989	1761.29	22.2752	0.569157
XM_005259263.6	1608	1380.29	10.3639	0.337905
XM_005259267.5	2530	2302.29	51.8574	1.01366
XM_005259281.6	4409	4181.29	938.833	10.1046
XM_005259289.3	2250	2022.29	8.28637	0.184401
XM_005259292.6	2272	2044.29	0	0
XM_005259295.2	1604	1376.29	29.3878	0.960943
XM_005259296.2	1601	1373.29	13.2002	0.432575
XM_005259303.4	1052	824.293	0	0
XM_005259311.6	5802	5574.29	0	0
XM_005259314.5	3880	3652.29	0	0
XM_005259328.6	5048	4820.29	10.8546	0.101341
XM_005259329.5	5090	4862.29	0	0
XM_005259332.4	613	387.495	0	0
XM_005259334.5	3407	3179.29	21.8256	0.308943
XM_005259344.4	5601	5373.29	14.2129	0.119038
XM_005259352.5	3624	3396.29	50.9306	0.674863
XM_005259354.3	5154	4926.29	0	0
XM_005259362.3	3132	2904.29	2.74815e-08	4.25836e-10
XM_005259363.5	2811	2583.29	141.917	2.47231
XM_005259366.6	2964	2736.29	0	0
XM_005259367.5	2790	2562.29	0	0
XM_005259382.3	3423	3195.29	4.02822	0.0567342
XM_005259383.4	3475	3247.29	0	0
XM_005259392.6	1329	1101.29	77.5318	3.16825
XM_005259393.4	2255	2027.29	30.6701	0.680834
XM_005259398.5	2564	2336.29	18.1579	0.349769
XM_005259429.6	3483	3255.29	0	0
XM_005259435.4	1852	1624.29	0	0
XM_005259443.4	4947	4719.29	71.5209	0.682022
XM_005259449.4	4281	4053.29	82.2838	0.913584
XM_005259467.2	2368	2140.29	0	0
XM_005259472.3	2018	1790.29	9.04082	0.227262
XM_005259475.3	10073	9845.29	1.31251e-05	5.99954e-08
XM_005259487.4	3751	3523.29	0	0
XM_005259490.5	1715	1487.29	63.0621	1.90816
XM_005259498.2	2985	2757.29	259.307	4.23227
XM_005259499.4	2793	2565.29	64.4174	1.13008
XM_005259500.2	2970	2742.29	60.3578	0.990517
XM_005259501.2	3367	3139.29	2.48456	0.0356172
XM_005259513.6	6055	5827.29	0	0
XM_005259514.5	6086	5858.29	632.752	4.86077
XM_005259521.5	5706	5478.29	1922.68	15.7945
XM_005259545.6	1511	1283.29	0	0
XM_005259565.5	2889	2661.29	0	0
XM_005259566.5	3056	2828.29	0	0
XM_005259570.6	6367	6139.29	121.292	0.889114
XM_005259571.5	7253	7025.29	218.49	1.39962
XM_005259573.6	5187	4959.29	0	0
XM_005259598.3	3691	3463.29	0	0
XM_005259600.3	7273	7045.29	0	0
XM_005259607.3	7186	6958.29	796.741	5.15296
XM_005259610.2	5959	5731.29	70.0568	0.550098
XM_005259616.3	1609	1381.29	0	0
XM_005259642.2	2777	2549.29	0.999962	0.0176525
XM_005259645.3	1986	1758.29	0	0
XM_005259653.4	2070	1842.29	0	0
XM_005259658.5	952	724.293	27.9374	1.73586
XM_005259672.4	3889	3661.29	292.359	3.59356
XM_005259675.4	2810	2582.29	0	0
XM_005259676.4	2792	2564.29	206.925	3.63151
XM_005259677.4	2759	2531.29	0	0
XM_005259678.4	2705	2477.29	0	0
XM_005259683.3	1166	938.293	434.449	20.8373
XM_005259690.4	1028	800.293	103.499	5.82009
XM_005259697.5	1984	1756.29	26.6336	0.682456
XM_005259717.5	2581	2353.29	264.763	5.06319
XM_005259721.4	4555	4327.29	409.199	4.2556
XM_005259730.5	2762	2534.29	7.99438	0.141961
XM_005259731.5	4224	3996.29	51.4987	0.579938
XM_005259739.5	1947	1719.29	2	0.0523507
XM_005259741.3	1396	1168.29	65.716	2.5314
XM_005259750.5	2177	1949.29	0	0
XM_005259753.4	2152	1924.29	0	0
XM_005259790.4	1685	1457.29	0	0
XM_005259818.4	7892	7664.29	0	0
XM_005259837.4	4842	4614.29	753.053	7.34451
XM_005259838.5	4761	4533.29	0	0
XM_005259846.6	1428	1200.29	0	0
XM_005259847.6	1270	1042.29	0	0
XM_005259899.3	986	758.293	0	0
XM_005259903.5	1351	1123.29	0	0
XM_005259913.3	3188	2960.29	223.137	3.39218
XM_005259917.5	5610	5382.29	0.168837	0.0014117
XM_005259924.5	8524	8296.29	1111.61	6.02992
XM_005259927.3	3519	3291.29	1.5487	0.0211759
XM_005259938.2	1727	1499.29	0	0
XM_005260000.3	6628	6400.29	19.9711	0.140425
XM_005260005.5	8816	8588.29	86.6385	0.45399
XM_005260006.5	8588	8360.29	2.07504e-05	1.11699e-07
XM_005260007.5	8417	8189.29	50.4322	0.277143
XM_005260008.4	6776	6548.29	0	0
XM_005260010.4	6098	5870.29	251.849	1.93073
XM_005260011.4	6206	5978.29	0	0
XM_005260052.3	623	397.299	2644.6	299.561
XM_005260053.4	601	375.763	3342.37	400.297
XM_005260054.2	584	359.207	0	0
XM_005260073.5	396	188.639	245.517	58.5722
XM_005260080.5	3939	3711.29	51.6239	0.62599
XM_005260084.2	4349	4121.29	1.67156	0.0182529
XM_005260086.5	1904	1676.29	14.5753	0.3913
XM_005260096.5	1587	1359.29	13.9563	0.46206
XM_005260134.6	1507	1279.29	0.712015	0.0250473
XM_005260137.5	1504	1276.29	2.67214	0.0942216
XM_005260150.3	4663	4435.29	0	0
XM_005260157.4	2136	1908.29	483.566	11.4039
XM_005260182.4	1521	1293.29	0	0
XM_005260183.3	1388	1160.29	128.165	4.97099
XM_005260185.5	2622	2394.29	0	0
XM_005260192.3	1268	1040.29	0	0
XM_005260195.5	5271	5043.29	0	0
XM_005260197.5	7010	6782.29	0.00230996	1.53275e-05
XM_005260198.5	5196	4968.29	0	0
XM_005260199.5	2295	2067.29	5.31493	0.115701
XM_005260202.5	4537	4309.29	9.52863	0.09951
XM_005260203.4	7472	7244.29	0	0
XM_005260216.3	1862	1634.29	0.764129	0.0210416
XM_005260229.5	1412	1184.29	0	0
XM_005260239.4	1020	792.293	0.161244	0.00915883
XM_005260262.5	15358	15130.3	0	0
XM_005260263.5	7990	7762.29	6.8017e-07	3.94339e-09
XM_005260264.5	15127	14899.3	0	0
XM_005260266.4	2089	1861.29	0	0
XM_005260273.4	12416	12188.3	1	0.00369232
XM_005260298.5	704	476.947	0	0
XM_005260299.5	1160	932.293	30.228	1.45915
XM_005260300.5	1157	929.293	6.54448e-06	3.16931e-07
XM_005260302.4	2693	2465.29	1153.82	21.0626
XM_005260327.3	2237	2009.29	60.0774	1.34558
XM_005260334.6	6130	5902.29	0	0
XM_005260336.6	6082	5854.29	0	0
XM_005260341.5	9780	9552.29	6.10902e-05	2.8781e-07
XM_005260379.4	1822	1594.29	0	0
XM_005260380.4	1816	1588.29	0	0
XM_005260381.4	1783	1555.29	0	0
XM_005260382.5	1680	1452.29	0	0
XM_005260383.3	695	468.041	0	0
XM_005260389.4	2890	2662.29	16.9455	0.286444
XM_005260404.1	1684	1456.29	0	0
XM_005260421.4	6697	6469.29	0	0
XM_005260436.4	7156	6928.29	19.562	0.127066
XM_005260438.3	7209	6981.29	61.0192	0.393345
XM_005260446.5	2434	2206.29	0	0
XM_005260449.2	2683	2455.29	0	0
XM_005260455.3	2954	2726.29	0	0
XM_005260456.3	2915	2687.29	17.202	0.288076
XM_005260462.4	8445	8217.29	0	0
XM_005260465.4	8409	8181.29	0.000132641	7.2962e-07
XM_005260496.4	3637	3409.29	522.3	6.89443
XM_005260504.5	4800	4572.29	111.102	1.09353
XM_005260510.1	1853	1625.29	30.8746	0.854894
XM_005260516.3	1688	1460.29	17.5611	0.541195
XM_005260520.5	1158	930.293	193.842	9.37712
XM_005260527.1	3588	3360.29	0	0
XM_005260532.5	10455	10227.3	18.0464	0.0794094
XM_005260545.5	5819	5591.29	250.092	2.01294
XM_005260576.5	6705	6477.29	0	0
XM_005260579.5	695	468.041	0	0
XM_005260580.5	576	351.35	0	0
XM_005260581.4	537	314.382	0	0
XM_005260582.3	2321	2093.29	0	0
XM_005260583.3	2246	2018.29	0	0
XM_005260589.4	3396	3168.29	0	0
XM_005260590.4	3372	3144.29	0	0
XM_005260591.4	3330	3102.29	0	0
XM_005260594.4	3204	2976.29	0	0
XM_005260595.4	3162	2934.29	0	0
XM_005260608.5	3617	3389.29	258.026	3.42607
XM_005260610.6	2926	2698.29	34.495	0.575319
XM_005260611.5	3004	2776.29	0	0
XM_005260641.4	5374	5146.29	5.45306	0.0476857
XM_005260660.5	3209	2981.29	0	0
XM_005260668.4	969	741.293	0	0
XM_005260670.4	4615	4387.29	6.93837	0.071171
XM_005260682.5	5531	5303.29	0	0
XM_005260684.5	6909	6681.29	128.092	0.862786
XM_005260687.6	5440	5212.29	11.7412	0.101374
XM_005260702.4	4141	3913.29	13.3613	0.153655
XM_005260708.5	2015	1787.29	0	0
XM_005260709.4	1721	1493.29	0	0
XM_005260724.3	5724	5496.29	26.1552	0.214156
XM_005260738.5	3646	3418.29	0	0
XM_005260749.5	1398	1170.29	0	0
XM_005260750.4	6043	5815.29	0	0
XM_005260751.5	6010	5782.29	16.7124	0.130071
XM_005260753.4	5309	5081.29	0	0
XM_005260754.4	5219	4991.29	0	0
XM_005260755.4	5156	4928.29	0	0
XM_005260763.4	2009	1781.29	352.423	8.90371
XM_005260768.3	9505	9277.29	0	0
XM_005260793.2	591	366.025	0	0
XM_005260800.4	4788	4560.29	144.996	1.43089
XM_005260802.5	4676	4448.29	16.7248	0.169204
XM_005260804.3	1820	1592.29	289.193	8.17349
XM_005260805.4	1826	1598.29	84.6353	2.38307
XM_005260806.5	1703	1475.29	11.6583	0.355629
XM_005260843.2	3475	3247.29	20.9805	0.290761
XM_005260863.5	1127	899.293	0	0
XM_005260864.5	1280	1052.29	0	0
XM_005260865.5	1199	971.293	0	0
XM_005260867.4	2749	2521.29	229.841	4.10248
XM_005260870.5	2098	1870.29	110.695	2.66354
XM_005260889.4	5115	4887.29	49.943	0.459884
XM_005260895.4	5632	5404.29	0	0
XM_005260908.2	2610	2382.29	0	0
XM_005260935.2	4356	4128.29	23.1378	0.252228
XM_005260938.6	5033	4805.29	120.855	1.13185
XM_005260941.3	3349	3121.29	244.164	3.52038
XM_005260949.5	3849	3621.29	0	0
XM_005260978.5	2912	2684.29	0	0
XM_005260980.3	2797	2569.29	0	0
XM_005260981.3	2679	2451.29	34.0671	0.625435
XM_005260982.3	2698	2470.29	0	0
XM_005260983.6	3956	3728.29	0	0
XM_005260984.2	3706	3478.29	0	0
XM_005260997.6	1651	1423.29	0	0
XM_005261017.4	4092	3864.29	8.4516	0.0984263
XM_005261019.5	1500	1272.29	3.26996	0.115664
XM_005261040.3	7150	6922.29	144.635	0.940299
XM_005261063.4	7628	7400.29	641.328	3.90008
XM_005261065.4	7548	7320.29	295.644	1.81753
XM_005261068.4	5764	5536.29	0.0634137	0.000515474
XM_005261069.5	5779	5551.29	100.287	0.813002
XM_005261109.5	5859	5631.29	1.41256e-07	1.12886e-09
XM_005261111.5	2349	2121.29	190.765	4.04706
XM_005261121.4	7865	7637.29	0	0
XM_005261135.4	2976	2748.29	25.1747	0.412233
XM_005261137.5	2788	2560.29	71.0136	1.24823
XM_005261148.6	2687	2459.29	57.2636	1.04788
XM_005261156.5	610	384.573	8.51238	0.996127
XM_005261160.5	6679	6451.29	20.7586	0.144808
XM_005261168.5	6863	6635.29	23.8839	0.16199
XM_005261188.6	1379	1151.29	0	0
XM_005261195.3	7525	7297.29	0	0
XM_005261196.4	7217	6989.29	9.21064	0.0593061
XM_005261199.3	7106	6878.29	11.0821	0.0725079
XM_005261203.5	6753	6525.29	3672.51	25.3283
XM_005261204.6	6649	6421.29	1546.22	10.8366
XM_005261205.5	6301	6073.29	0.316004	0.00234159
XM_005261208.3	1093	865.293	1	0.0520091
XM_005261236.5	1472	1244.29	30.7883	1.11354
XM_005261238.4	1426	1198.29	0	0
XM_005261239.4	1369	1141.29	0	0
XM_005261241.4	1318	1090.29	5.43628	0.224388
XM_005261242.4	5146	4918.29	11.2326	0.102779
XM_005261244.5	3918	3690.29	0	0
XM_005261282.5	5362	5134.29	0	0
XM_005261315.3	4341	4113.29	306.578	3.35423
XM_005261329.4	2050	1822.29	0	0
XM_005261359.5	1155	927.293	17.2732	0.838296
XM_005261368.6	3835	3607.29	104.729	1.30656
XM_005261389.5	2439	2211.29	410.684	8.35803
XM_005261390.5	2271	2043.29	25.9905	0.572435
XM_005261396.4	4523	4295.29	328.166	3.4383
XM_005261409.5	1593	1365.29	5.41878	0.178615
XM_005261410.5	1551	1323.29	59.0506	2.00822
XM_005261411.3	1515	1287.29	24.5961	0.859868
XM_005261415.4	7633	7405.29	0	0
XM_005261416.4	7618	7390.29	0	0
XM_005261417.4	7543	7315.29	47.5671	0.292629
XM_005261419.3	7203	6975.29	0	0
XM_005261428.3	7244	7016.29	0	0
XM_005261429.3	7241	7013.29	0.071116	0.000456339
XM_005261430.3	7215	6987.29	1.10163e-06	7.09529e-09
XM_005261491.3	865	637.427	0	0
XM_005261518.3	2845	2617.29	35.2438	0.606
XM_005261524.5	1316	1088.29	3.8545	0.159391
XM_005261525.5	2596	2368.29	859.128	16.3254
XM_005261557.4	2590	2362.29	0	0
XM_005261558.4	2587	2359.29	3.96234	0.075581
XM_005261600.4	663	436.717	0	0
XM_005261635.2	5923	5695.29	0	0
XM_005261638.5	1150	922.293	100.005	4.87972
XM_005261644.3	2437	2209.29	147.38	3.00211
XM_005261646.5	2592	2364.29	64.9137	1.2356
XM_005261647.4	2008	1780.29	247.09	6.24607
XM_005261648.5	2071	1843.29	16.8464	0.411297
XM_005261686.4	3650	3422.29	59.8734	0.787334
XM_005261687.4	3667	3439.29	1.39033	0.0181925
XM_005261688.4	7165	6937.29	11.2075	0.0727042
XM_005261695.2	4270	4042.29	0	0
XM_005261696.2	3813	3585.29	222.906	2.79794
XM_005261704.3	5121	4893.29	0	0
XM_005261721.5	3745	3517.29	1.05762	0.0135321
XM_005261722.4	9424	9196.29	21.7091	0.106236
XM_005261737.4	1578	1350.29	83.2847	2.77574
XM_005261738.6	2156	1928.29	17.1883	0.401145
XM_005261742.4	1789	1561.29	12.1807	0.351098
XM_005261743.4	1717	1489.29	218.686	6.60819
XM_005261744.3	1597	1369.29	63.4996	2.08697
XM_005261751.5	2158	1930.29	0	0
XM_005261761.3	3286	3058.29	0	0
XM_005261781.2	1433	1205.29	0	0
XM_005261782.4	1331	1103.29	196.611	8.01972
XM_005261783.3	1370	1142.29	9.29739e-08	3.66291e-09
XM_005261784.4	1879	1651.29	0	0
XM_005261790.4	6872	6644.29	380.435	2.57676
XM_005261792.4	4731	4503.29	7.35478	0.0734991
XM_005261797.2	4761	4533.29	295.125	2.92977
XM_005261798.2	4877	4649.29	167.337	1.61975
XM_005261799.2	4882	4654.29	0	0
XM_005261801.5	3776	3548.29	16.3391	0.20723
XM_005261878.4	4037	3809.29	41.7112	0.492777
XM_005261912.5	3395	3167.29	22.0965	0.313962
XM_005261914.5	5038	4810.29	2.05418e-05	1.9218e-07
XM_005261923.5	4284	4056.29	0	0
XM_005261925.5	1634	1406.29	0	0
XM_005261965.5	14763	14535.3	434.87	1.34641
XM_005261985.4	2062	1834.29	0	0
XM_005261986.5	9071	8843.29	2.45506	0.0124937
XM_005261987.5	1585	1357.29	0	0
XM_005261988.5	1622	1394.29	0	0
XM_005261990.5	1143	915.293	0	0
XM_005261996.2	4650	4422.29	0	0
XM_005261999.2	5906	5678.29	10.0863	0.0799389
XM_005262000.2	4502	4274.29	0	0
XM_005262008.6	1421	1193.29	15.3662	0.579512
XM_005262009.6	1418	1190.29	21.3801	0.808346
XM_005262010.3	1256	1028.29	8.52666	0.373168
XM_005262016.5	1047	819.293	0	0
XM_005262017.5	965	737.293	0	0
XM_005262019.4	10926	10698.3	63.4989	0.267112
XM_005262079.4	7495	7267.29	287.974	1.7833
XM_005262086.5	2104	1876.29	0	0
XM_005262090.1	6187	5959.29	4.62335	0.0349143
XM_005262109.3	5129	4901.29	959.566	8.81062
XM_005262111.3	5570	5342.29	869.316	7.32305
XM_005262113.4	12771	12543.3	114.5	0.410806
XM_005262127.5	3219	2991.29	0	0
XM_005262129.6	2942	2714.29	0	0
XM_005262132.3	2776	2548.29	0	0
XM_005262133.4	2731	2503.29	0	0
XM_005262141.4	3502	3274.29	283.28	3.8935
XM_005262152.2	2183	1955.29	2.59876	0.0598132
XM_005262153.6	11162	10934.3	734.412	3.02268
XM_005262154.6	11078	10850.3	60.6546	0.251573
XM_005262156.5	11052	10824.3	412.009	1.71297
XM_005262157.6	10961	10733.3	33.04	0.138532
XM_005262180.5	1426	1198.29	0	0
XM_005262187.2	4443	4215.29	0	0
XM_005262188.2	4300	4072.29	0	0
XM_005262196.3	3064	2836.29	51.2924	0.81385
XM_005262201.3	2691	2463.29	11.4955	0.210017
XM_005262203.5	3818	3590.29	1	0.0125347
XM_005262205.5	5548	5320.29	117.463	0.993589
XM_005262208.6	5017	4789.29	21.5524	0.202519
XM_005262212.5	3396	3168.29	0	0
XM_005262213.5	3393	3165.29	0	0
XM_005262216.5	3206	2978.29	0	0
XM_005262222.3	3915	3687.29	3.35793	0.0409832
XM_005262244.5	765	537.541	0	0
XM_005262248.5	4871	4643.29	30.1555	0.292269
XM_005262256.4	1722	1494.29	0	0
XM_005262257.4	1385	1157.29	0	0
XM_005262269.3	3996	3768.29	499.711	5.96783
XM_005262270.2	7245	7017.29	54.9901	0.352661
XM_005262300.3	3073	2845.29	0	0
XM_005262309.5	6056	5828.29	37.9555	0.293073
XM_005262310.4	5500	5272.29	247.171	2.10979
XM_005262314.5	4955	4727.29	123.993	1.1804
XM_005262315.4	4847	4619.29	0.000985362	9.59981e-06
XM_005262334.4	1852	1624.29	0	0
XM_005262335.4	1727	1499.29	0	0
XM_005262342.4	9026	8798.29	0	0
XM_005262343.4	9036	8808.29	0	0
XM_005262344.4	5000	4772.29	2.00542	0.0189113
XM_005262345.4	8877	8649.29	0	0
XM_005262349.5	3575	3347.29	75.9093	1.02057
XM_005262365.5	8494	8266.29	0	0
XM_005262368.5	6758	6530.29	379.375	2.61444
XM_005262369.6	11935	11707.3	5.20952	0.0200255
XM_005262382.2	1721	1493.29	0	0
XM_005262383.3	1477	1249.29	0	0
XM_005262384.5	1473	1245.29	0	0
XM_005262386.4	1380	1152.29	0	0
XM_005262389.4	5486	5258.29	0	0
XM_005262397.5	2671	2443.29	0	0
XM_005262400.5	4512	4284.29	0	0
XM_005262413.5	3904	3676.29	0	0
XM_005262425.5	948	720.293	0	0
XM_005262453.5	7493	7265.29	37.0683	0.22961
XM_005262455.5	7408	7180.29	84.5139	0.529698
XM_005262456.5	7382	7154.29	11.2593	0.0708251
XM_005262471.4	2429	2201.29	44.1625	0.902855
XM_005262476.3	3268	3040.29	0	0
XM_005262489.6	1126	898.293	0	0
XM_005262499.4	4713	4485.29	0	0
XM_005262508.5	1337	1109.29	0	0
XM_005262560.4	6690	6462.29	0	0
XM_005262561.4	6594	6366.29	0	0
XM_005262569.5	1177	949.293	0	0
XM_005262607.2	6361	6133.29	318.726	2.33865
XM_005262609.2	6124	5896.29	6.5173	0.0497429
XM_005262613.5	9954	9726.29	86.4903	0.400186
XM_005262620.5	3072	2844.29	19.3758	0.306568
XM_005262621.3	2924	2696.29	43.4435	0.725103
XM_005262622.3	3038	2810.29	85.335	1.36653
XM_005262637.6	6934	6706.29	17.7763	0.119289
XM_005262646.4	6024	5796.29	0	0
XM_005262649.4	5487	5259.29	0	0
XM_005262662.6	3380	3152.29	0	0
XM_005262667.4	3267	3039.29	116.056	1.71846
XM_005262680.2	3200	2972.29	584.995	8.85732
XM_005262683.4	5782	5554.29	188.28	1.52552
XM_005262687.4	4189	3961.29	0	0
XM_005262701.4	3736	3508.29	370.751	4.75586
XM_005262708.4	1242	1014.29	96.7289	4.29176
XM_005262717.2	4822	4594.29	18.8576	0.184719
XM_005262720.2	4132	3904.29	0	0
XM_005262726.4	6258	6030.29	19.5601	0.145973
XM_005262741.3	1951	1723.29	0	0
XM_005262743.4	1889	1661.29	0	0
XM_005262744.4	1918	1690.29	0	0
XM_005262745.4	1882	1654.29	0	0
XM_005262750.5	5931	5703.29	991.612	7.82454
XM_005262759.2	3413	3185.29	2	0.0282568
XM_005262769.6	1300	1072.29	0	0
XM_005262772.4	3449	3221.29	49.583	0.692699
XM_005262774.5	669	442.629	22.1626	2.25332
XM_005262775.5	2607	2379.29	3.87652	0.0733223
XM_005262778.4	2791	2563.29	106.735	1.87392
XM_005262785.4	4123	3895.29	0	0
XM_005262805.3	3925	3697.29	66.3539	0.807653
XM_005262807.5	2527	2299.29	0	0
XM_005262821.5	3056	2828.29	0	0
XM_005262822.5	2960	2732.29	0	0
XM_005262823.5	2786	2558.29	0	0
XM_005262834.4	14962	14734.3	6582.7	20.1056
XM_005262835.3	14812	14584.3	2933.34	9.05149
XM_005262858.6	14702	14474.3	0.000102935	3.20042e-07
XM_005262885.4	4736	4508.29	0	0
XM_005262888.5	4702	4474.29	0	0
XM_005262891.4	2585	2357.29	0	0
XM_005262898.4	1330	1102.29	47.7397	1.94906
XM_005262921.5	1739	1511.29	27.9716	0.832935
XM_005262923.4	1741	1513.29	43.6259	1.29737
XM_005262924.4	1712	1484.29	15.3243	0.464626
XM_005262932.4	1503	1275.29	0	0
XM_005262935.5	4654	4426.29	16.7779	0.170585
XM_005262936.4	14006	13778.3	2.86511	0.00935812
XM_005262937.5	14060	13832.3	0.0134319	4.37003e-05
XM_005262938.4	1256	1028.29	0	0
XM_005262939.4	1216	988.293	0	0
XM_005262940.5	14099	13871.3	5.4486	0.0176771
XM_005262956.4	9120	8892.29	0	0
XM_005262957.4	9375	9147.29	0	0
XM_005262974.5	3766	3538.29	0	0
XM_005263007.4	10502	10274.3	77.5775	0.339802
XM_005263009.5	9258	9030.29	71.1665	0.354663
XM_005263013.5	3516	3288.29	61.6367	0.843551
XM_005263031.5	3032	2804.29	0	0
XM_005263038.4	2362	2134.29	0	0
XM_005263046.4	3534	3306.29	0	0
XM_005263047.1	2186	1958.29	0	0
XM_005263048.1	2102	1874.29	0	0
XM_005263075.4	6359	6131.29	9.92405	0.0728415
XM_005263077.5	6412	6184.29	3.32744	0.0242138
XM_005263082.4	9443	9215.29	168.782	0.824252
XM_005263083.5	3812	3584.29	0	0
XM_005263102.5	3059	2831.29	127.043	2.01933
XM_005263106.5	3843	3615.29	158.337	1.97098
XM_005263110.3	3370	3142.29	0	0
XM_005263115.5	6804	6576.29	0	0
XM_005263140.4	2806	2578.29	0.011209	0.000195648
XM_005263148.6	2275	2047.29	32.3991	0.712189
XM_005263150.6	10498	10270.3	0.00131721	5.77183e-06
XM_005263158.3	7128	6900.29	294.938	1.92356
XM_005263160.4	9027	8799.29	0	0
XM_005263176.3	2409	2181.29	54.228	1.1188
XM_005263178.6	9111	8883.29	658.969	3.33836
XM_005263199.2	11392	11164.3	0	0
XM_005263206.4	1618	1390.29	0	0
XM_005263215.4	3117	2889.29	398.741	6.21071
XM_005263218.5	3212	2984.29	0	0
XM_005263270.2	2252	2024.29	0	0
XM_005263275.3	923	695.293	57.3549	3.71232
XM_005263282.2	15961	15733.3	1.67439e-05	4.78937e-08
XM_005263287.2	15898	15670.3	0	0
XM_005263315.4	847	619.427	89.4077	6.49571
XM_005263318.5	2152	1924.29	214.268	5.01104
XM_005263321.4	9699	9471.29	28	0.133043
XM_005263341.5	6748	6520.29	15.1796	0.10477
XM_005263343.3	6944	6716.29	33.1879	0.222378
XM_005263366.4	6220	5992.29	0	0
XM_005263372.4	10196	9968.29	0	0
XM_005263373.4	10368	10140.3	0	0
XM_005263374.4	10163	9935.29	0	0
XM_005263396.4	8051	7823.29	0	0
XM_005263403.4	1434	1206.29	0	0
XM_005263411.3	4772	4544.29	0.0188825	0.000186997
XM_005263424.4	1415	1187.29	32.669	1.23828
XM_005263448.6	1612	1384.29	0	0
XM_005263449.6	1438	1210.29	0	0
XM_005263451.6	1489	1261.29	0	0
XM_005263462.5	7015	6787.29	16.1305	0.106953
XM_005263463.5	6798	6570.29	28.2705	0.193639
XM_005263475.3	2811	2583.29	19.2112	0.334675
XM_005263477.4	2960	2732.29	156.11	2.57125
XM_005263479.4	7795	7567.29	0	0
XM_005263487.5	1722	1494.29	68.2358	2.05503
XM_005263493.5	5905	5677.29	12.773	0.10125
XM_005263496.6	5158	4930.29	18.2918	0.166965
XM_005263497.6	5002	4774.29	356.727	3.36256
XM_005263506.3	1065	837.293	111.046	5.96856
XM_005263514.4	3833	3605.29	231.745	2.89276
XM_005263524.5	6411	6183.29	46.5425	0.338744
XM_005263536.5	3271	3043.29	0	0
XM_005263537.2	2998	2770.29	0	0
XM_005263540.6	9002	8774.29	2.64078e-05	1.35445e-07
XM_005263543.4	4475	4247.29	187.881	1.99073
XM_005263545.4	4403	4175.29	512.866	5.52789
XM_005263548.4	4471	4243.29	72.7426	0.771486
XM_005263552.5	3408	3180.29	0	0
XM_005263553.4	4973	4745.29	0.479169	0.00454431
XM_005263555.5	3256	3028.29	0	0
XM_005263556.4	3534	3306.29	0	0
XM_005263557.5	3617	3389.29	2.75655	0.0366016
XM_005263559.4	4821	4593.29	1.12394e-05	1.10119e-07
XM_005263586.5	1105	877.293	0	0
XM_005263588.5	1202	974.293	0	0
XM_005263590.5	1028	800.293	1.65129	0.0928573
XM_005263599.4	1327	1099.29	580.608	23.769
XM_005263604.3	1683	1455.29	0	0
XM_005263639.3	1092	864.293	0	0
XM_005263659.5	7407	7179.29	13.1491	0.0824243
XM_005263660.5	7380	7152.29	0	0
XM_005263669.6	8496	8268.29	1456.86	7.92945
XM_005263676.2	2627	2399.29	0.00823254	0.000154416
XM_005263677.2	2624	2396.29	0.0105972	0.000199019
XM_005263697.4	9051	8823.29	74.3964	0.379458
XM_005263707.4	3359	3131.29	0	0
XM_005263710.3	2227	1999.29	80.5268	1.81262
XM_005263728.2	2792	2564.29	70.9572	1.24529
XM_005263742.4	1071	843.293	50.4567	2.69267
XM_005263747.6	7454	7226.29	91.0466	0.567009
XM_005263767.4	4176	3948.29	15.9531	0.181835
XM_005263769.4	4013	3785.29	45.1998	0.537377
XM_005263806.6	4716	4488.29	0.0352941	0.000353886
XM_005263824.5	2553	2325.29	22.6966	0.439264
XM_005263827.3	5159	4931.29	1200.75	10.9581
XM_005263836.5	1991	1763.29	51.7396	1.32051
XM_005263840.3	1653	1425.29	0	0
XM_005263842.3	1455	1227.29	0	0
XM_005263853.5	1405	1177.29	0	0
XM_005263854.6	2128	1900.29	26.7267	0.632945
XM_005263876.4	1357	1129.29	0	0
XM_005263897.3	4263	4035.29	0	0
XM_005263908.5	6043	5815.29	631.553	4.88743
XM_005263909.2	6752	6524.29	0	0
XM_005263910.2	6749	6521.29	0	0
XM_005263914.5	4846	4618.29	0	0
XM_005263915.5	4871	4643.29	57.0717	0.553142
XM_005263920.4	5495	5267.29	129.57	1.10703
XM_005263921.5	2540	2312.29	115.824	2.25423
XM_005263923.4	3884	3656.29	0	0
XM_005263924.4	3881	3653.29	0	0
XM_005263926.4	3876	3648.29	0	0
XM_005263930.4	5015	4787.29	0	0
XM_005263934.5	5284	5056.29	172.423	1.53464
XM_005263943.5	9881	9653.29	3.26278	0.0152109
XM_005263945.5	9084	8856.29	0	0
XM_005263953.3	3789	3561.29	0	0
XM_005263959.3	2619	2391.29	0	0
XM_005263960.3	3480	3252.29	0	0
XM_005263961.5	3655	3427.29	64.0314	0.840783
XM_005263987.2	5150	4922.29	50.4228	0.461001
XM_005263995.6	4544	4316.29	0	0
XM_005264002.4	11810	11582.3	3.26895e-08	1.27015e-10
XM_005264007.4	8882	8654.29	0	0
XM_005264013.5	2545	2317.29	0	0
XM_005264023.2	3647	3419.29	0	0
XM_005264084.3	686	459.134	0	0
XM_005264085.3	605	379.687	0	0
XM_005264100.4	2212	1984.29	90.1541	2.04466
XM_005264135.3	1077	849.293	0	0
XM_005264143.4	1541	1313.29	118.448	4.05889
XM_005264144.1	1526	1298.29	0	0
XM_005264145.1	1412	1184.29	0	0
XM_005264152.4	1685	1457.29	9.41211	0.290658
XM_005264158.4	5935	5707.29	22.4635	0.177129
XM_005264159.6	1381	1153.29	0	0
XM_005264166.6	6174	5946.29	60.4833	0.457753
XM_005264167.6	5958	5730.29	101.901	0.800281
XM_005264168.6	6311	6083.29	14.1381	0.104591
XM_005264169.5	6008	5780.29	34.9083	0.271782
XM_005264175.6	11679	11451.3	8.93565	0.0351167
XM_005264188.4	745	517.701	0	0
XM_005264200.6	2503	2275.29	0	0
XM_005264202.6	2413	2185.29	12.5655	0.258769
XM_005264205.5	2468	2240.29	292.055	5.86682
XM_005264224.2	5206	4978.29	0	0
XM_005264226.4	5420	5192.29	0.00845508	7.32826e-05
XM_005264227.2	5213	4985.29	737.653	6.65891
XM_005264229.3	4519	4291.29	67.3239	0.70603
XM_005264231.5	6816	6588.29	243.153	1.66092
XM_005264237.5	6210	5982.29	273.803	2.05974
XM_005264238.4	5213	4985.29	1038.18	9.37185
XM_005264244.2	5050	4822.29	42.5584	0.397168
XM_005264245.4	4900	4672.29	51.8979	0.499876
XM_005264259.6	7550	7322.29	19.9381	0.12254
XM_005264268.4	2632	2404.29	47.2642	0.884682
XM_005264280.3	5689	5461.29	131.088	1.08021
XM_005264283.3	5622	5394.29	2.19922	0.0183475
XM_005264292.3	1475	1247.29	3.74506	0.135124
XM_005264293.3	9206	8978.29	0	0
XM_005264294.5	2535	2307.29	0	0
XM_005264296.5	2400	2172.29	0	0
XM_005264298.5	2145	1917.29	0	0
XM_005264299.4	5339	5111.29	222.485	1.9589
XM_005264305.5	651	424.846	6.09446	0.645574
XM_005264309.4	2807	2579.29	0	0
XM_005264310.5	6242	6014.29	0	0
XM_005264311.5	6186	5958.29	0	0
XM_005264318.4	6217	5989.29	0	0
XM_005264326.5	1064	836.293	15.3478	0.825903
XM_005264348.5	4814	4586.29	0	0
XM_005264357.6	5886	5658.29	1892.39	15.0511
XM_005264359.5	726	498.753	22.7698	2.05455
XM_005264369.4	1418	1190.29	54.5352	2.06189
XM_005264372.5	8154	7926.29	0	0
XM_005264381.4	3170	2942.29	1.72765	0.0264249
XM_005264382.4	3056	2828.29	73.5191	1.16982
XM_005264383.3	2085	1857.29	125.715	3.04613
XM_005264393.4	1817	1589.29	66.676	1.88803
XM_005264395.5	2020	1792.29	284.547	7.14476
XM_005264401.6	2636	2408.29	0	0
XM_005264402.4	4162	3934.29	1.99695e-05	2.28424e-07
XM_005264407.4	5702	5474.29	65.8394	0.541253
XM_005264410.3	2128	1900.29	0	0
XM_005264416.3	2765	2537.29	0.0151688	0.000269044
XM_005264428.2	5945	5717.29	262.858	2.06906
XM_005264431.5	10326	10098.3	14.6881	0.0654576
XM_005264433.5	4992	4764.29	14.979	0.14149
XM_005264442.4	5485	5257.29	170.867	1.46265
XM_005264444.4	5347	5119.29	294.939	2.59277
XM_005264445.4	5326	5098.29	1.34958	0.0119128
XM_005264446.4	5230	5002.29	4.01569e-08	3.61272e-10
XM_005264447.4	4882	4654.29	254.603	2.4618
XM_005264450.5	15756	15528.3	260.364	0.754569
XM_005264451.5	15741	15513.3	1.83629	0.00532695
XM_005264452.5	15726	15498.3	38.3846	0.111459
XM_005264453.5	15699	15471.3	6.72168	0.0195521
XM_005264455.5	15636	15408.3	7.09903	0.0207342
XM_005264468.3	2352	2124.29	120.666	2.55631
XM_005264477.4	3054	2826.29	142.599	2.27061
XM_005264479.5	2593	2365.29	73.8628	1.40535
XM_005264480.5	2647	2419.29	0	0
XM_005264485.3	2444	2216.29	25.5112	0.51802
XM_005264488.5	2129	1901.29	0	0
XM_005264490.5	1269	1041.29	0	0
XM_005264499.5	1487	1259.29	69.5971	2.48718
XM_005264500.5	7282	7054.29	19.9257	0.127117
XM_005264501.3	7202	6974.29	117.979	0.761282
XM_005264504.2	3888	3660.29	0	0
XM_005264517.3	10160	9932.29	80.22	0.363476
XM_005264518.3	10329	10101.3	0	0
XM_005264519.6	14063	13835.3	39.7282	0.129227
XM_005264520.5	4391	4163.29	0	0
XM_005264528.6	4537	4309.29	0.0228124	0.000238236
XM_005264540.5	2082	1854.29	17.5203	0.425212
XM_005264544.3	4943	4715.29	39.2759	0.374852
XM_005264546.3	4086	3858.29	414.102	4.83008
XM_005264547.3	2782	2554.29	3.10233	0.0546588
XM_005264548.4	2789	2561.29	0	0
XM_005264562.3	4270	4042.29	0	0
XM_005264563.2	5027	4799.29	0	0
XM_005264572.6	4841	4613.29	15.9436	0.155531
XM_005264573.6	4838	4610.29	1.06164	0.0103631
XM_005264599.4	1144	916.293	507.949	24.9475
XM_005264613.3	662	435.717	9.47371	0.978492
XM_005264629.3	4545	4317.29	219.801	2.29119
XM_005264639.5	4238	4010.29	0	0
XM_005264640.4	3982	3754.29	0	0
XM_005264672.5	4514	4286.29	0.213716	0.00224387
XM_005264707.4	6745	6517.29	4860.54	33.5629
XM_005264711.5	4025	3797.29	27.7345	0.328691
XM_005264715.4	5709	5481.29	4.7545	0.0390359
XM_005264722.2	6166	5938.29	11.7239	0.0888493
XM_005264743.3	4590	4362.29	0.543907	0.00561116
XM_005264745.6	2411	2183.29	168.388	3.4709
XM_005264751.4	3393	3165.29	0	0
XM_005264771.4	4469	4241.29	53.8051	0.57091
XM_005264823.4	4761	4533.29	25.8591	0.256709
XM_005264824.3	5049	4821.29	2.28515	0.0213301
XM_005264827.3	4716	4488.29	8.85204	0.0887574
XM_005264843.5	4289	4061.29	5.04895e-05	5.59473e-07
XM_005264844.6	4097	3869.29	1.46687e-06	1.70609e-08
XM_005264845.2	2893	2665.29	5.34203	0.0901994
XM_005264852.6	6466	6238.29	6.21558	0.0448392
XM_005264862.5	1290	1062.29	0	0
XM_005264863.5	1242	1014.29	0	0
XM_005264864.5	1287	1059.29	0	0
XM_005264867.5	4046	3818.29	30.2564	0.356608
XM_005264875.5	1367	1139.29	8.83723	0.349078
XM_005264879.3	2256	2028.29	96.4378	2.13973
XM_005264880.4	1976	1748.29	122.513	3.15362
XM_005264881.2	2089	1861.29	77.8429	1.88212
XM_005264889.3	2838	2610.29	0	0
XM_005264898.4	5333	5105.29	0	0
XM_005264899.5	1578	1350.29	7	0.233299
XM_005264909.4	6385	6157.29	0	0
XM_005264914.4	9192	8964.29	0	0
XM_005264915.4	9174	8946.29	0	0
XM_005264916.5	9165	8937.29	0	0
XM_005264917.4	9150	8922.29	0	0
XM_005264918.5	9045	8817.29	0	0
XM_005264921.6	4254	4026.29	0	0
XM_005264922.6	4239	4011.29	0	0
XM_005264924.6	4143	3915.29	6.96888	0.0801016
XM_005264925.6	4131	3903.29	0	0
XM_005264926.6	3900	3672.29	5.38109	0.065944
XM_005264927.5	3627	3399.29	3.38879	0.044864
XM_005264929.3	3252	3024.29	0	0
XM_005264937.3	3798	3570.29	36.5711	0.460974
XM_005264938.4	1993	1765.29	49.9949	1.27453
XM_005264962.4	3508	3280.29	0.000160358	2.19999e-06
XM_005264963.4	3445	3217.29	191.492	2.67856
XM_005264967.3	4251	4023.29	1979.48	22.1417
XM_005264973.4	8003	7775.29	0	0
XM_005264974.2	7925	7697.29	0	0
XM_005264985.2	2989	2761.29	304.189	4.95762
XM_005264986.3	2861	2633.29	15.1363	0.25868
XM_005264994.4	3289	3061.29	0	0
XM_005265001.4	4652	4424.29	0	0
XM_005265002.6	4637	4409.29	266.245	2.71741
XM_005265003.4	4637	4409.29	0	0
XM_005265011.5	3353	3125.29	0	0
XM_005265012.5	3278	3050.29	0	0
XM_005265021.5	4152	3924.29	280.847	3.2207
XM_005265022.5	4355	4127.29	52.1052	0.568144
XM_005265023.4	3939	3711.29	222.017	2.69218
XM_005265031.3	5207	4979.29	290.242	2.62322
XM_005265034.4	4413	4185.29	59.0599	0.635052
XM_005265061.3	8407	8179.29	1.55673e-05	8.56525e-08
XM_005265062.2	1871	1643.29	57.7964	1.58281
XM_005265063.3	7830	7602.29	0	0
XM_005265065.6	7569	7341.29	36.2043	0.221937
XM_005265069.4	7971	7743.29	2.74557e-05	1.59569e-07
XM_005265070.4	7908	7680.29	4.67799e-06	2.7411e-08
XM_005265071.4	7950	7722.29	1.58584e-05	9.24175e-08
XM_005265072.4	7923	7695.29	1.52276e-07	8.90528e-10
XM_005265074.2	7851	7623.29	2.41745e-07	1.42711e-09
XM_005265079.5	8343	8115.29	0	0
XM_005265080.5	8262	8034.29	422.567	2.36696
XM_005265082.5	3150	2922.29	0.00012515	1.9273e-06
XM_005265083.5	3042	2814.29	8.88192	0.14203
XM_005265097.3	2741	2513.29	133.882	2.39729
XM_005265127.5	5606	5378.29	1748.01	14.6266
XM_005265161.3	2287	2059.29	8.54088	0.186649
XM_005265170.5	4775	4547.29	0	0
XM_005265179.6	9144	8916.29	0	0
XM_005265202.5	2080	1852.29	6.07293	0.147547
XM_005265216.4	1665	1437.29	0	0
XM_005265218.4	16837	16609.3	0	0
XM_005265238.5	8933	8705.29	14.5441	0.0751877
XM_005265245.4	5238	5010.29	123.633	1.11049
XM_005265301.2	6988	6760.29	383.485	2.55285
XM_005265315.5	6350	6122.29	289.826	2.13042
XM_005265316.1	2369	2141.29	55.5636	1.16777
XM_005265317.1	2191	1963.29	32.7892	0.751602
XM_005265321.4	1192	964.293	642.87	30.0024
XM_005265331.4	2107	1879.29	0	0
XM_005265334.5	2201	1973.29	57.261	1.3059
XM_005265335.4	2136	1908.29	33.9404	0.800413
XM_005265346.5	4546	4318.29	0	0
XM_005265371.4	6422	6194.29	0	0
XM_005265381.5	4152	3924.29	186.494	2.13868
XM_005265382.5	3514	3286.29	218.042	2.9859
XM_005265384.5	6661	6433.29	227.832	1.59376
XM_005265385.5	6505	6277.29	35.0766	0.251471
XM_005265389.5	3138	2910.29	0	0
XM_005265392.4	4488	4260.29	90.1146	0.951915
XM_005265411.6	6779	6551.29	0	0
XM_005265431.6	1749	1521.29	75.3117	2.22788
XM_005265437.3	2751	2523.29	0	0
XM_005265439.3	2648	2420.29	0	0
XM_005265448.4	9324	9096.29	0	0
XM_005265449.2	4824	4596.29	215.193	2.10699
XM_005265456.5	6307	6079.29	0	0
XM_005265459.5	6256	6028.29	0	0
XM_005265460.5	6256	6028.29	0	0
XM_005265462.5	6244	6016.29	0	0
XM_005265465.5	6205	5977.29	0	0
XM_005265467.5	6193	5965.29	0	0
XM_005265468.5	6184	5956.29	0	0
XM_005265470.5	6142	5914.29	0	0
XM_005265472.5	6070	5842.29	0	0
XM_005265505.2	2340	2112.29	24.3319	0.518398
XM_005265510.5	3145	2917.29	1	0.0154263
XM_005265515.4	2669	2441.29	0	0
XM_005265516.3	1560	1332.29	61.9114	2.09128
XM_005265517.4	1428	1200.29	6.04717	0.226729
XM_005265524.3	2088	1860.29	0	0
XM_005265525.3	2381	2153.29	200.624	4.19298
XM_005265526.5	2347	2119.29	4.22589	0.0897367
XM_005265528.5	4325	4097.29	64.0855	0.703891
XM_005265537.5	1209	981.293	633.088	29.034
XM_005265539.3	4056	3828.29	0	0
XM_005265540.2	4099	3871.29	28.7217	0.333885
XM_005265551.2	3271	3043.29	0	0
XM_005265559.5	3650	3422.29	3.06754	0.0403381
XM_005265583.4	11556	11328.3	2.53261	0.0100611
XM_005265587.6	7999	7771.29	448.917	2.59965
XM_005265598.6	7517	7289.29	0.000312291	1.92804e-06
XM_005265600.6	7478	7250.29	3.07033e-05	1.90578e-07
XM_005265619.2	1223	995.293	42.1853	1.90745
XM_005265653.5	7919	7691.29	0	0
XM_005265656.4	9449	9221.29	60.9502	0.297458
XM_005265658.3	3829	3601.29	426.134	5.32513
XM_005265662.6	3526	3298.29	7.22735e-08	9.86125e-10
XM_005265664.4	1781	1553.29	0	0
XM_005265665.5	3525	3297.29	1.09529e-07	1.49491e-09
XM_005265671.5	10041	9813.29	225.384	1.0336
XM_005265672.5	5020	4792.29	161.062	1.51249
XM_005265673.5	6386	6158.29	217.163	1.58696
XM_005265680.6	6828	6600.29	39.8601	0.27178
XM_005265708.4	6203	5975.29	29.6689	0.223452
XM_005265709.3	7102	6874.29	123.746	0.810115
XM_005265717.3	3887	3659.29	1.98811e-05	2.44504e-07
XM_005265720.5	1227	999.293	0	0
XM_005265728.4	691	464.041	0	0
XM_005265731.4	4166	3938.29	106.944	1.22205
XM_005265743.2	6995	6767.29	453.247	3.01413
XM_005265747.4	3646	3418.29	31.1435	0.410015
XM_005265748.2	3490	3262.29	4.52675	0.0624462
XM_005265750.4	3547	3319.29	1454.82	19.7246
XM_005265752.3	6905	6677.29	0	0
XM_005265755.3	6403	6175.29	0.276441	0.00201459
XM_005265756.3	6400	6172.29	0.538184	0.00392397
XM_005265767.4	3728	3500.29	5.53429	0.0711541
XM_005265779.5	3182	2954.29	3.02131	0.046024
XM_005265785.6	4189	3961.29	0	0
XM_005265787.3	10477	10249.3	841.943	3.69684
XM_005265788.5	4476	4248.29	22.852	0.242076
XM_005265798.2	4556	4328.29	0	0
XM_005265799.2	4721	4493.29	0	0
XM_005265811.4	2846	2618.29	10.8761	0.186938
XM_005265812.4	3443	3215.29	35.3802	0.495201
XM_005265818.4	2520	2292.29	0	0
XM_005265819.3	2521	2293.29	0	0
XM_005265821.4	7792	7564.29	26.0458	0.154957
XM_005265830.5	3036	2808.29	0	0
XM_005265840.3	3858	3630.29	31.8083	0.394313
XM_005265841.5	3845	3617.29	51.6621	0.642733
XM_005265843.3	3496	3268.29	125.112	1.72275
XM_005265844.4	3539	3311.29	0	0
XM_005265850.2	7169	6941.29	1.33142	0.00863214
XM_005265853.3	7133	6905.29	95.4333	0.621957
XM_005265857.2	4136	3908.29	0	0
XM_005265864.4	4203	3975.29	0	0
XM_005265872.2	3029	2801.29	1	0.0160651
XM_005265889.4	4309	4081.29	0	0
XM_005265930.3	2701	2473.29	8.05918	0.146642
XM_005265932.4	1747	1519.29	2.16831e-05	6.42275e-07
XM_005265933.3	1858	1630.29	208.704	5.76113
XM_005265946.5	2741	2513.29	93.5124	1.67443
XM_005265950.3	10329	10101.3	0	0
XM_005265952.3	9014	8786.29	0	0
XM_005265966.6	9616	9388.29	0	0
XM_005265967.3	684	457.134	1.90645	0.187683
XM_005265969.5	3771	3543.29	50.4618	0.640911
XM_005265972.4	3693	3465.29	18.644	0.242125
XM_005265993.5	2154	1926.29	0	0
XM_005266021.5	7124	6896.29	16.2273	0.105894
XM_005266022.2	7314	7086.29	33.4908	0.212691
XM_005266023.2	7106	6878.29	24.2397	0.158595
XM_005266041.5	5651	5423.29	127.019	1.05402
XM_005266050.5	2364	2136.29	0	0
XM_005266051.4	2241	2013.29	152.728	3.41393
XM_005266052.5	1879	1651.29	178.652	4.86886
XM_005266059.4	2522	2294.29	49.6341	0.973584
XM_005266061.6	3553	3325.29	136.434	1.84644
XM_005266062.6	3484	3256.29	55.2617	0.763735
XM_005266071.4	4016	3788.29	0	0
XM_005266072.4	4331	4103.29	0	0
XM_005266073.5	4442	4214.29	0	0
XM_005266089.3	2392	2164.29	462.675	9.62059
XM_005266110.2	5031	4803.29	0.0240003	0.000224864
XM_005266119.2	1680	1452.29	4.39697	0.136252
XM_005266134.3	8962	8734.29	851.727	4.38849
XM_005266154.5	1996	1768.29	0	0
XM_005266155.6	1648	1420.29	0	0
XM_005266156.6	1750	1522.29	0	0
XM_005266159.4	4454	4226.29	368.33	3.92211
XM_005266167.5	8265	8037.29	80.3803	0.450072
XM_005266171.5	5088	4860.29	0	0
XM_005266173.5	5082	4854.29	42.4899	0.393915
XM_005266175.5	5019	4791.29	25.2194	0.236877
XM_005266176.5	4965	4737.29	0	0
XM_005266177.5	4962	4734.29	179.109	1.70257
XM_005266185.2	6989	6761.29	327.888	2.18242
XM_005266186.2	6949	6721.29	8.72711e-08	5.84332e-10
XM_005266206.3	2240	2012.29	71.6346	1.60204
XM_005266236.3	5090	4862.29	1.57356	0.0145641
XM_005266245.3	2336	2108.29	0	0
XM_005266247.2	9831	9603.29	2276.13	10.6664
XM_005266248.4	9780	9552.29	37.2105	0.175307
XM_005266249.4	9754	9526.29	0	0
XM_005266250.4	9670	9442.29	452.534	2.15683
XM_005266278.4	1086	858.293	11.8258	0.620064
XM_005266279.5	10296	10068.3	0	0
XM_005266280.5	10327	10099.3	0	0
XM_005266282.3	4333	4105.29	63.8329	0.699749
XM_005266288.5	2807	2579.29	314.055	5.47959
XM_005266298.5	7475	7247.29	0.993693	0.00617047
XM_005266302.4	7814	7586.29	68.0204	0.403508
XM_005266303.4	8166	7938.29	55.0947	0.312338
XM_005266304.4	8105	7877.29	37.6538	0.215117
XM_005266305.4	8163	7935.29	9.80499	0.0556066
XM_005266306.4	7811	7583.29	34.2854	0.203467
XM_005266313.6	4885	4657.29	236.041	2.28084
XM_005266314.4	4965	4737.29	166.384	1.58061
XM_005266315.4	4852	4624.29	97.5112	0.948968
XM_005266317.4	4780	4552.29	35.3468	0.349432
XM_005266321.3	3885	3657.29	94.9855	1.1688
XM_005266322.2	1060	832.293	0	0
XM_005266332.4	5587	5359.29	38.525	0.323502
XM_005266333.4	5428	5200.29	411.531	3.56137
XM_005266336.2	3321	3093.29	39.7178	0.577838
XM_005266338.3	15662	15434.3	3.9425	0.0114955
XM_005266342.1	5581	5353.29	18.6506	0.156789
XM_005266344.5	3660	3432.29	0	0
XM_005266346.5	11122	10894.3	7.40136e-06	3.05742e-08
XM_005266357.3	9830	9602.29	0	0
XM_005266360.3	4447	4219.29	0	0
XM_005266361.3	2512	2284.29	0	0
XM_005266374.3	17291	17063.3	1.25236	0.003303
XM_005266403.4	8998	8770.29	5.54115	0.0284333
XM_005266404.4	8887	8659.29	0	0
XM_005266408.5	6550	6322.29	443.772	3.15884
XM_005266416.6	1367	1139.29	3.09278	0.122167
XM_005266419.2	9424	9196.29	0	0
XM_005266444.4	5574	5346.29	0	0
XM_005266446.3	4032	3804.29	14.1754	0.167689
XM_005266447.3	3163	2935.29	48.8093	0.748331
XM_005266449.5	3242	3014.29	53.9024	0.804758
XM_005266451.5	3160	2932.29	156.222	2.3976
XM_005266454.5	3127	2899.29	2.66897	0.0414281
XM_005266455.3	3127	2899.29	0.00136894	2.12488e-05
XM_005266456.5	3206	2978.29	18.3708	0.27759
XM_005266457.5	3124	2896.29	5.26268	0.0817725
XM_005266458.5	3203	2975.29	75.0543	1.13524
XM_005266460.3	3059	2831.29	107.66	1.71125
XM_005266461.4	3023	2795.29	0.000247522	3.98501e-06
XM_005266462.5	2926	2698.29	23.5942	0.393513
XM_005266464.4	2890	2662.29	26.7468	0.452125
XM_005266465.4	2819	2591.29	202.675	3.51987
XM_005266467.4	2786	2558.29	6.29786	0.110786
XM_005266485.4	3688	3460.29	279.97	3.64117
XM_005266486.3	3406	3178.29	22.2258	0.314707
XM_005266497.3	6627	6399.29	6.31087	0.0443813
XM_005266504.5	9417	9189.29	21.8669	0.107089
XM_005266507.4	7138	6910.29	0.00405206	2.63889e-05
XM_005266520.4	7426	7198.29	80.1647	0.501182
XM_005266556.5	2808	2580.29	96.3901	1.68115
XM_005266560.3	3172	2944.29	0	0
XM_005266574.4	7541	7313.29	105.003	0.646148
XM_005266578.2	3125	2897.29	0	0
XM_005266594.4	3215	2987.29	45.6261	0.68735
XM_005266596.2	3138	2910.29	58.5843	0.905914
XM_005266603.3	7513	7285.29	0	0
XM_005266642.4	12222	11994.3	0.000645416	2.42163e-06
XM_005266650.4	9002	8774.29	20.1096	0.103141
XM_005266652.4	8795	8567.29	63.3433	0.332736
XM_005266658.5	9215	8987.29	0	0
XM_005266660.5	9161	8933.29	0	0
XM_005266663.5	9101	8873.29	0	0
XM_005266689.5	3101	2873.29	184.417	2.88844
XM_005266700.3	2759	2531.29	1584.33	28.1673
XM_005266778.4	3689	3461.29	0	0
XM_005266783.5	5857	5629.29	210.446	1.6824
XM_005266804.3	1739	1511.29	0	0
XM_005266813.6	3214	2986.29	0	0
XM_005266816.4	3140	2912.29	231.05	3.57038
XM_005266822.5	6391	6163.29	9.22826	0.0673828
XM_005266825.6	1064	836.293	0	0
XM_005266826.6	1445	1217.29	0	0
XM_005266836.2	4991	4763.29	0.000817013	7.71906e-06
XM_005266838.3	1878	1650.29	0	0
XM_005266851.6	5719	5491.29	0	0
XM_005266871.4	5842	5614.29	0	0
XM_005266880.5	13234	13006.3	0	0
XM_005266881.3	13237	13009.3	0	0
XM_005266883.3	2441	2213.29	0	0
XM_005266885.4	7010	6782.29	0	0
XM_005266892.5	3463	3235.29	39.958	0.555817
XM_005266907.6	3094	2866.29	0	0
XM_005266911.6	2968	2740.29	4.99859	0.0820905
XM_005266912.5	4797	4569.29	68.3353	0.673036
XM_005266930.4	7986	7758.29	55.0349	0.319238
XM_005266934.5	3182	2954.29	0	0
XM_005266946.5	4677	4449.29	0	0
XM_005266960.6	5100	4872.29	312.965	2.89071
XM_005266962.5	1975	1747.29	41.7312	1.07482
XM_005266970.2	7446	7218.29	0	0
XM_005266971.2	7268	7040.29	57.8389	0.369719
XM_005266972.5	11407	11179.3	8.43746	0.0339657
XM_005266983.5	7245	7017.29	457.146	2.93176
XM_005266984.5	7248	7020.29	404.912	2.59566
XM_005266986.5	4877	4649.29	108.471	1.04995
XM_005266997.3	8129	7901.29	0	0
XM_005267018.5	1082	854.293	17.6589	0.930246
XM_005267044.4	2361	2133.29	892.665	18.8313
XM_005267047.4	2377	2149.29	45.2498	0.947464
XM_005267061.4	6871	6643.29	14.2713	0.0966767
XM_005267076.4	3118	2890.29	88.1927	1.3732
XM_005267080.5	6573	6345.29	9.77322	0.0693152
XM_005267103.3	2010	1782.29	0	0
XM_005267106.6	3444	3216.29	10.6632	0.149202
XM_005267107.4	6323	6095.29	4.67789	0.0345381
XM_005267119.1	4455	4227.29	0	0
XM_005267135.4	1574	1346.29	0.911733	0.0304769
XM_005267147.4	4563	4335.29	25.2775	0.262396
XM_005267154.5	4009	3781.29	0	0
XM_005267155.3	3748	3520.29	3.63848	0.0465139
XM_005267161.5	4520	4292.29	3.54948	0.037215
XM_005267170.5	8017	7789.29	5.61995	0.0324696
XM_005267177.5	4530	4302.29	0.491936	0.00514578
XM_005267178.6	4427	4199.29	6.25687	0.0670538
XM_005267179.5	4449	4221.29	105.857	1.12854
XM_005267198.5	6460	6232.29	56.8626	0.410602
XM_005267200.2	6838	6610.29	295.351	2.01076
XM_005267222.5	1575	1347.29	32.8413	1.09698
XM_005267229.5	2938	2710.29	0	0
XM_005267247.4	1741	1513.29	0.179226	0.0053299
XM_005267249.1	1388	1160.29	0	0
XM_005267256.3	2563	2335.29	51.0645	0.984057
XM_005267262.2	3915	3687.29	480.477	5.86418
XM_005267272.4	10600	10372.3	678.404	2.94344
XM_005267274.6	1741	1513.29	0	0
XM_005267285.4	3319	3091.29	262.362	3.81947
XM_005267287.4	6327	6099.29	2.00679e-07	1.48069e-09
XM_005267293.6	2182	1954.29	0	0
XM_005267309.5	4632	4404.29	0	0
XM_005267318.5	3514	3286.29	8.95052	0.12257
XM_005267325.6	1121	893.293	12.1541	0.612309
XM_005267330.5	1760	1532.29	0	0
XM_005267332.5	7957	7729.29	36.0393	0.209835
XM_005267342.2	2307	2079.29	0	0
XM_005267354.5	1335	1107.29	0	0
XM_005267355.5	1284	1056.29	0	0
XM_005267383.4	1861	1633.29	0	0
XM_005267385.2	7431	7203.29	144.836	0.904871
XM_005267397.2	4517	4289.29	15.7135	0.164866
XM_005267398.3	4525	4297.29	0	0
XM_005267399.4	4564	4336.29	0	0
XM_005267405.5	4951	4723.29	1173.26	11.1787
XM_005267406.5	4807	4579.29	538.761	5.29468
XM_005267407.5	4726	4498.29	2047.5	20.4842
XM_005267410.2	3930	3702.29	2.28291e-05	2.77498e-07
XM_005267415.5	4935	4707.29	0	0
XM_005267416.5	4902	4674.29	0	0
XM_005267418.2	2758	2530.29	958.71	17.0513
XM_005267420.5	12889	12661.3	5.61311e-05	1.99511e-07
XM_005267421.5	12886	12658.3	5.3859e-06	1.91481e-08
XM_005267422.5	12874	12646.3	6.74695e-06	2.40097e-08
XM_005267423.5	12850	12622.3	219.082	0.781108
XM_005267424.4	25021	24793.3	0.0082233	1.49264e-05
XM_005267425.5	12571	12343.3	2.09569e-05	7.64079e-08
XM_005267427.5	5013	4785.29	207.574	1.95212
XM_005267430.3	5922	5694.29	0	0
XM_005267431.2	6068	5840.29	0	0
XM_005267454.2	21883	21655.3	0.000153018	3.17994e-07
XM_005267456.2	21880	21652.3	0.00236666	4.91897e-06
XM_005267457.2	21841	21613.3	5.09779	0.0106146
XM_005267458.2	21814	21586.3	1.19913e-07	2.49994e-10
XM_005267459.2	21769	21541.3	0.067053	0.000140084
XM_005267469.3	2253	2025.29	181.905	4.04202
XM_005267474.6	7174	6946.29	810.721	5.25243
XM_005267487.6	5766	5538.29	0	0
XM_005267492.5	8039	7811.29	0	0
XM_005267498.5	6736	6508.29	33.9751	0.234928
XM_005267502.4	9070	8842.29	366.952	1.86761
XM_005267510.2	6916	6688.29	162.08	1.09058
XM_005267516.5	8396	8168.29	2.05553e-08	1.13249e-10
XM_005267532.6	7715	7487.29	70.8855	0.426064
XM_005267533.6	7643	7415.29	0.235548	0.00142953
XM_005267534.4	4088	3860.29	0.00235448	2.74484e-05
XM_005267537.5	3656	3428.29	22.1309	0.290512
XM_005267543.5	2227	1999.29	0	0
XM_005267550.5	6832	6604.29	1833.07	12.4909
XM_005267561.5	3668	3440.29	95.2697	1.24624
XM_005267563.5	2949	2721.29	32.9933	0.545623
XM_005267569.5	4084	3856.29	245.782	2.86829
XM_005267570.5	4054	3826.29	101.472	1.19347
XM_005267590.5	1976	1748.29	0	0
XM_005267638.4	1885	1657.29	0	0
XM_005267641.6	3436	3208.29	1354.05	18.9935
XM_005267642.6	3433	3205.29	548.676	7.70355
XM_005267643.6	3151	2923.29	89.5551	1.37867
XM_005267683.6	11442	11214.3	5.12877	0.0205818
XM_005267688.4	1033	805.293	504.295	28.1821
XM_005267721.6	959	731.293	203.118	12.4997
XM_005267733.6	5144	4916.29	0	0
XM_005267749.4	2050	1822.29	0	0
XM_005267754.5	1537	1309.29	1.52039e-06	5.22588e-08
XM_005267756.6	1502	1274.29	15.1172	0.533881
XM_005267758.4	2659	2431.29	0	0
XM_005267759.3	6283	6055.29	256.493	1.90626
XM_005267770.5	6771	6543.29	104.78	0.72065
XM_005267782.5	1699	1471.29	688.145	21.0486
XM_005267811.4	2765	2537.29	1.00242	0.0177795
XM_005267817.5	4496	4268.29	13.0387	0.137475
XM_005267819.2	4587	4359.29	0	0
XM_005267824.2	4397	4169.29	0	0
XM_005267826.2	4521	4293.29	0	0
XM_005267827.2	4480	4252.29	0.000626723	6.63277e-06
XM_005267833.6	4685	4457.29	664.565	6.70979
XM_005267842.3	3836	3608.29	0	0
XM_005267844.4	5749	5521.29	120.993	0.986189
XM_005267848.4	3807	3579.29	0	0
XM_005267851.2	2003	1775.29	3.81846	0.0967967
XM_005267852.3	1907	1679.29	1.25706	0.0336878
XM_005267860.4	7398	7170.29	294.375	1.8476
XM_005267862.4	1809	1581.29	120.227	3.42161
XM_005267863.4	1741	1513.29	102.139	3.03747
XM_005267864.4	6014	5786.29	154	1.19774
XM_005267866.3	6002	5774.29	233.393	1.819
XM_005267879.2	2941	2713.29	0	0
XM_005267880.2	2908	2680.29	0	0
XM_005267881.3	2436	2208.29	0	0
XM_005267890.6	1583	1355.29	2.3136	0.0768241
XM_005267891.5	6169	5941.29	11.672	0.0884109
XM_005267942.5	2783	2555.29	0	0
XM_005267964.3	5924	5696.29	3.69266e-06	2.91736e-08
XM_005267965.3	5717	5489.29	1.07184e-07	8.78729e-10
XM_005267971.2	3320	3092.29	0	0
XM_005267972.3	3198	2970.29	5.77735	0.087533
XM_005267988.4	7856	7628.29	612.024	3.61063
XM_005267989.5	7850	7622.29	297.1	1.75412
XM_005267991.4	6035	5807.29	0	0
XM_005267992.4	6017	5789.29	0	0
XM_005267999.3	1493	1265.29	263.117	9.35835
XM_005268000.3	1489	1261.29	96.3228	3.43681
XM_005268003.2	5449	5221.29	24.3553	0.209922
XM_005268012.4	3906	3678.29	431.786	5.28281
XM_005268027.6	10809	10581.3	186.242	0.792104
XM_005268046.3	2604	2376.29	185.898	3.5206
XM_005268060.5	4144	3916.29	0	0
XM_005268062.4	4099	3871.29	0	0
XM_005268092.4	2214	1986.29	0	0
XM_005268102.3	13043	12815.3	289.314	1.01598
XM_005268103.3	12962	12734.3	0	0
XM_005268105.3	12812	12584.3	163.341	0.58413
XM_005268110.5	2918	2690.29	197.65	3.30627
XM_005268111.4	2885	2657.29	0.00677572	0.000114751
XM_005268112.4	2710	2482.29	112.681	2.04286
XM_005268128.2	2658	2430.29	12.9375	0.239571
XM_005268135.4	6320	6092.29	0	0
XM_005268151.4	26401	26173.3	41.4232	0.0712243
XM_005268154.5	3659	3431.29	361.74	4.74439
XM_005268160.5	6418	6190.29	9.25847	0.0673085
XM_005268167.4	2769	2541.29	0	0
XM_005268168.6	2911	2683.29	0	0
XM_005268169.4	3057	2829.29	0	0
XM_005268170.4	2765	2537.29	0	0
XM_005268172.4	2886	2658.29	0	0
XM_005268173.4	2594	2366.29	1.7574	0.0334229
XM_005268206.1	7577	7349.29	0	0
XM_005268209.4	8112	7884.29	26.1999	0.149547
XM_005268218.4	12387	12159.3	0	0
XM_005268227.2	6895	6667.29	0	0
XM_005268228.2	6817	6589.29	0	0
XM_005268230.5	4936	4708.29	10.2556	0.0980259
XM_005268244.4	5190	4962.29	113.056	1.0253
XM_005268258.3	2788	2560.29	0	0
XM_005268261.5	5309	5081.29	0	0
XM_005268276.6	15476	15248.3	0	0
XM_005268284.6	7079	6851.29	0	0
XM_005268285.6	7010	6782.29	0.00087392	5.79879e-06
XM_005268293.3	2755	2527.29	150.478	2.67954
XM_005268303.5	3869	3641.29	153.101	1.89219
XM_005268305.5	3874	3646.29	33.4856	0.413285
XM_005268325.5	3158	2930.29	133.356	2.04806
XM_005268327.2	2546	2318.29	496.649	9.64102
XM_005268328.3	2706	2478.29	319.104	5.79457
XM_005268348.2	2593	2365.29	69.234	1.31728
XM_005268355.3	2813	2585.29	26.1658	0.455477
XM_005268360.6	4556	4328.29	172.845	1.79715
XM_005268361.6	4444	4216.29	65.4567	0.69866
XM_005268371.2	5289	5061.29	1392.89	12.3851
XM_005268372.4	10821	10593.3	0	0
XM_005268377.5	1561	1333.29	0	0
XM_005268381.4	621	395.338	0	0
XM_005268394.3	4253	4025.29	39.6082	0.442823
XM_005268398.6	9005	8777.29	0	0
XM_005268399.6	8840	8612.29	0	0
XM_005268402.5	9119	8891.29	0	0
XM_005268408.4	6785	6557.29	52.8029	0.362389
XM_005268414.5	2449	2221.29	0	0
XM_005268446.4	4650	4422.29	0	0
XM_005268447.4	4840	4612.29	0	0
XM_005268448.2	4746	4518.29	0	0
XM_005268452.4	4737	4509.29	0	0
XM_005268454.6	4776	4548.29	0	0
XM_005268465.5	4580	4352.29	4.2874	0.044332
XM_005268469.4	2274	2046.29	164.484	3.61742
XM_005268477.2	1868	1640.29	67.6701	1.8566
XM_005268493.3	13344	13116.3	17.7759	0.0609907
XM_005268498.3	5496	5268.29	1.31772	0.0112563
XM_005268499.2	5226	4998.29	234.871	2.1147
XM_005268500.5	3515	3287.29	21.3907	0.29284
XM_005268502.5	5137	4909.29	98.2638	0.900776
XM_005268503.5	5134	4906.29	0.844545	0.0077466
XM_005268504.5	5134	4906.29	47.5009	0.435703
XM_005268506.5	5023	4795.29	223.846	2.10076
XM_005268507.5	4906	4678.29	28.4528	0.273704
XM_005268521.4	3340	3112.29	0	0
XM_005268524.6	4313	4085.29	340.412	3.74994
XM_005268531.2	1698	1470.29	0	0
XM_005268533.5	2636	2408.29	0	0
XM_005268547.5	2921	2693.29	924.448	15.4469
XM_005268552.3	4747	4519.29	91.3261	0.909425
XM_005268556.3	4803	4575.29	1979.13	19.467
XM_005268571.4	4788	4560.29	0	0
XM_005268572.3	2041	1813.29	48.8332	1.21196
XM_005268576.6	2646	2418.29	152.77	2.84296
XM_005268588.4	6698	6470.29	0	0
XM_005268590.4	6587	6359.29	229.591	1.62475
XM_005268593.2	4203	3975.29	97.0563	1.09875
XM_005268607.2	5294	5066.29	324.662	2.88392
XM_005268617.3	4205	3977.29	432.614	4.89503
XM_005268618.2	4102	3874.29	0	0
XM_005268620.4	3241	3013.29	0	0
XM_005268621.6	7320	7092.29	0	0
XM_005268625.4	6806	6578.29	0	0
XM_005268626.3	5452	5224.29	0.0623359	0.000536974
XM_005268629.5	9221	8993.29	9.95605	0.0498208
XM_005268636.4	782	554.487	0	0
XM_005268637.4	7239	7011.29	38.0178	0.244023
XM_005268638.5	7691	7463.29	13.0809	0.0788768
XM_005268640.6	3295	3067.29	0	0
XM_005268644.3	3783	3555.29	288.902	3.65694
XM_005268645.4	4591	4363.29	0	0
XM_005268651.3	5631	5403.29	0	0
XM_005268665.5	9842	9614.29	0.0782617	0.000366332
XM_005268669.5	1068	840.293	0	0
XM_005268676.4	3917	3689.29	50.3996	0.614789
XM_005268691.4	2571	2343.29	16.9556	0.325634
XM_005268692.5	1628	1400.29	0	0
XM_005268697.2	2236	2008.29	0	0
XM_005268698.2	2009	1781.29	33.5298	0.847106
XM_005268700.2	1889	1661.29	0	0
XM_005268703.2	1908	1680.29	10.6236	0.28453
XM_005268707.5	5918	5690.29	634.87	5.02102
XM_005268730.4	5382	5154.29	0	0
XM_005268739.5	5015	4787.29	48.164	0.452767
XM_005268754.5	5209	4981.29	0	0
XM_005268757.5	5128	4900.29	0	0
XM_005268767.6	2416	2188.29	19.2794	0.396489
XM_005268768.5	2590	2362.29	28.4188	0.541396
XM_005268773.6	5334	5106.29	0	0
XM_005268783.5	2378	2150.29	0	0
XM_005268797.1	2267	2039.29	0	0
XM_005268802.4	10674	10446.3	36	0.15509
XM_005268803.3	1881	1653.29	0	0
XM_005268804.4	5812	5584.29	842.163	6.78688
XM_005268806.4	2637	2409.29	0	0
XM_005268809.2	3230	3002.29	0	0
XM_005268810.2	3473	3245.29	17.2752	0.239558
XM_005268819.6	9182	8954.29	18.0308	0.0906202
XM_005268822.4	2777	2549.29	169.186	2.98666
XM_005268824.4	2557	2329.29	53.0055	1.02409
XM_005268838.3	1529	1301.29	0	0
XM_005268840.3	4240	4012.29	0	0
XM_005268841.3	4371	4143.29	0	0
XM_005268844.2	3992	3764.29	0	0
XM_005268848.2	3774	3546.29	9.9773	0.126614
XM_005268866.5	2345	2117.29	34.3345	0.72978
XM_005268873.3	1504	1276.29	50.9492	1.79651
XM_005268876.5	3944	3716.29	0	0
XM_005268910.5	4305	4077.29	0	0
XM_005268922.6	1243	1015.29	0	0
XM_005268924.2	1247	1019.29	0	0
XM_005268926.5	1313	1085.29	0	0
XM_005268927.3	1232	1004.29	0	0
XM_005268943.4	4468	4240.29	0.805479	0.00854871
XM_005268944.5	4998	4770.29	0	0
XM_005268945.5	4860	4632.29	0	0
XM_005268974.2	3423	3195.29	0	0
XM_005268976.4	3572	3344.29	0	0
XM_005268984.5	17345	17117.3	234.151	0.615606
XM_005268985.3	12930	12702.3	209.397	0.741875
XM_005268995.5	1672	1444.29	0	0
XM_005268997.3	3801	3573.29	0	0
XM_005269004.3	3186	2958.29	36.3274	0.552632
XM_005269005.3	3042	2814.29	92.945	1.48627
XM_005269009.4	6353	6125.29	0	0
XM_005269011.4	6320	6092.29	0	0
XM_005269012.4	6245	6017.29	0	0
XM_005269013.4	6230	6002.29	0	0
XM_005269014.4	6191	5963.29	0	0
XM_005269016.4	3047	2819.29	25.8323	0.412349
XM_005269020.3	1582	1354.29	36.5355	1.21407
XM_005269029.6	6235	6007.29	0	0
XM_005269037.5	6153	5925.29	19.5158	0.148224
XM_005269050.4	4961	4733.29	271.359	2.58002
XM_005269059.6	8483	8255.29	89.2921	0.486769
XM_005269060.6	8396	8168.29	93.5841	0.5156
XM_005269066.5	2751	2523.29	15.904	0.283649
XM_005269083.3	2046	1818.29	0	0
XM_005269089.3	5963	5735.29	5.53294	0.0434153
XM_005269102.3	5087	4859.29	23.7794	0.220227
XM_005269103.3	4994	4766.29	150.399	1.42006
XM_005269104.2	4808	4580.29	1.98293	0.0194831
XM_005269107.5	3160	2932.29	291.043	4.46675
XM_005269115.2	1449	1221.29	0	0
XM_005269126.5	3161	2933.29	9.73667e-05	1.49382e-06
XM_005269132.5	3937	3709.29	344.382	4.17822
XM_005269133.3	4043	3815.29	54.2591	0.640011
XM_005269138.5	5468	5240.29	16.4018	0.140857
XM_005269140.3	1446	1218.29	70.2914	2.59652
XM_005269147.4	1480	1252.29	18.055	0.648835
XM_005269149.6	1485	1257.29	11.6119	0.415633
XM_005269151.6	1520	1292.29	18.7257	0.652107
XM_005269152.4	3137	2909.29	55.2497	0.854644
XM_005269172.2	4101	3873.29	0	0
XM_005269173.2	4152	3924.29	0	0
XM_005269174.2	3928	3700.29	0	0
XM_005269179.2	8739	8511.29	2.30482	0.0121867
XM_005269186.6	1796	1568.29	9.53388	0.27358
XM_005269197.2	2348	2120.29	8.89048	0.1887
XM_005269198.5	1685	1457.29	106.314	3.2831
XM_005269208.2	1520	1292.29	1.42538e-05	4.96376e-07
XM_005269215.5	10132	9904.29	0	0
XM_005269220.3	2653	2425.29	43.3289	0.804
XM_005269224.6	2046	1818.29	0	0
XM_005269230.3	7505	7277.29	0	0
XM_005269231.4	11699	11471.3	0.000177138	6.94931e-07
XM_005269280.5	3095	2867.29	13.9793	0.21941
XM_005269286.6	5104	4876.29	10.0306	0.0925719
XM_005269289.5	5338	5110.29	0.110117	0.000969731
XM_005269310.4	6160	5932.29	0	0
XM_005269352.4	3314	3086.29	0	0
XM_005269357.4	10406	10178.3	17.0488	0.075381
XM_005269367.4	10006	9778.29	86.4872	0.398044
XM_005269374.4	9300	9072.29	0	0
XM_005269379.3	2258	2030.29	280.537	6.21833
XM_005269388.1	9610	9382.29	0	0
XM_005269390.1	9553	9325.29	0	0
XM_005269392.1	9520	9292.29	0	0
XM_005269393.1	9517	9289.29	0	0
XM_005269396.1	9379	9151.29	0	0
XM_005269399.1	9151	8923.29	0	0
XM_005269458.4	5024	4796.29	11.9009	0.111665
XM_005269459.4	4953	4725.29	4.80459	0.0457583
XM_005269476.5	5351	5123.29	0	0
XM_005269477.4	5314	5086.29	0	0
XM_005269478.5	5298	5070.29	0	0
XM_005269499.2	4292	4064.29	14.3053	0.158399
XM_005269518.5	9549	9321.29	100.978	0.487521
XM_005269521.4	1952	1724.29	36.0875	0.941864
XM_005269525.6	1529	1301.29	0	0
XM_005269526.3	1434	1206.29	41.0314	1.53075
XM_005269528.4	3629	3401.29	20.512	0.271398
XM_005269541.6	6817	6589.29	1123.23	7.67138
XM_005269542.3	929	701.293	0	0
XM_005269549.5	2919	2691.29	0	0
XM_005269550.5	3278	3050.29	0	0
XM_005269567.4	7016	6788.29	0	0
XM_005269592.3	3287	3059.29	20.9425	0.30807
XM_005269598.4	1677	1449.29	0	0
XM_005269606.3	1419	1191.29	0	0
XM_005269608.4	1005	777.293	3	0.173692
XM_005269618.5	3329	3101.29	0	0
XM_005269619.5	3035	2807.29	2.09427	0.0335728
XM_005269630.5	7739	7511.29	42.1693	0.252653
XM_005269637.6	3795	3567.29	0	0
XM_005269647.4	6480	6252.29	770.798	5.54809
XM_005269648.3	6008	5780.29	6.52333	0.0507881
XM_005269655.4	5950	5722.29	184.708	1.45264
XM_005269664.3	8553	8325.29	4.07328	0.0220185
XM_005269666.5	2562	2334.29	0	0
XM_005269673.6	6322	6094.29	22.5087	0.166215
XM_005269675.2	3362	3134.29	1326.56	19.0472
XM_005269690.3	2437	2209.29	241.686	4.92311
XM_005269693.5	6917	6689.29	496.633	3.34116
XM_005269694.6	6878	6650.29	6.4996	0.0439833
XM_005269718.3	9338	9110.29	0	0
XM_005269729.3	2240	2012.29	0	0
XM_005269730.3	2144	1916.29	0	0
XM_005269741.5	8359	8131.29	3.91511	0.0216684
XM_005269742.2	2307	2079.29	863.95	18.6989
XM_005269744.3	1933	1705.29	26.9641	0.711588
XM_005269757.5	3712	3484.29	17.1002	0.220865
XM_005269776.5	12077	11849.3	0	0
XM_005269778.3	12153	11925.3	0	0
XM_005269781.3	12144	11916.3	0	0
XM_005269787.5	11996	11768.3	0	0
XM_005269789.3	12063	11835.3	0	0
XM_005269792.3	12057	11829.3	76.1116	0.289557
XM_005269806.4	4570	4342.29	26.275	0.272311
XM_005269807.4	4555	4327.29	470.092	4.88887
XM_005269810.4	2797	2569.29	30.6702	0.537211
XM_005269811.4	645	418.93	0	0
XM_005269815.4	1624	1396.29	6.56612	0.211629
XM_005269817.5	1409	1181.29	0	0
XM_005269864.3	5395	5167.29	0	0
XM_005269865.3	5392	5164.29	0	0
XM_005269867.3	5188	4960.29	0	0
XM_005269892.5	5491	5263.29	1.5735	0.013454
XM_005269893.4	6241	6013.29	19.2505	0.144069
XM_005269905.5	7786	7558.29	0	0
XM_005269921.4	3613	3385.29	15.3712	0.20434
XM_005269929.5	1131	903.293	94.2477	4.69553
XM_005269930.5	1463	1235.29	102.836	3.74642
XM_005269944.2	3489	3261.29	567.938	7.83707
XM_005269947.3	2233	2005.29	9.67131	0.217045
XM_005269948.4	2160	1932.29	29.9371	0.697236
XM_005269949.6	3128	2900.29	8.91904	0.138394
XM_005269953.5	4599	4371.29	14.4966	0.149245
XM_005269955.5	4198	3970.29	0.00335363	3.80132e-05
XM_005269956.5	4533	4305.29	0	0
XM_005269957.6	4167	3939.29	217.671	2.48671
XM_005269963.3	4566	4338.29	195.448	2.02747
XM_005269965.3	6889	6661.29	411.975	2.78326
XM_005269988.4	7633	7405.29	1722.38	10.4671
XM_005269998.2	6523	6295.29	315.113	2.25265
XM_005270014.4	2455	2227.29	53.8037	1.08712
XM_005270024.2	14077	13849.3	42.6788	0.138684
XM_005270026.4	1749	1521.29	0	0
XM_005270028.5	2591	2363.29	136.139	2.59243
XM_005270049.4	2873	2645.29	0	0
XM_005270062.6	2312	2084.29	0	0
XM_005270128.4	2241	2013.29	0	0
XM_005270132.4	2171	1943.29	0	0
XM_005270140.6	3785	3557.29	326.599	4.13178
XM_005270157.5	4057	3829.29	19.8867	0.233715
XM_005270163.3	4112	3884.29	0	0
XM_005270165.4	2000	1772.29	0	0
XM_005270169.6	14158	13930.3	8.11951	0.0262308
XM_005270194.5	993	765.293	61.6828	3.62726
XM_005270198.2	3803	3575.29	5.56342	0.0700281
XM_005270205.2	3662	3434.29	45.1415	0.591535
XM_005270211.6	1155	927.293	245.621	11.9204
XM_005270216.3	3600	3372.29	56.2532	0.750696
XM_005270231.3	885	657.427	89.1041	6.09947
XM_005270233.5	3578	3350.29	0	0
XM_005270237.6	3524	3296.29	0	0
XM_005270252.6	4449	4221.29	0	0
XM_005270257.3	6369	6141.29	34.9682	0.256245
XM_005270263.2	5812	5584.29	97.1007	0.782522
XM_005270273.3	3756	3528.29	459.631	5.86256
XM_005270276.5	7632	7404.29	619.055	3.7626
XM_005270287.2	2558	2330.29	1075.95	20.7789
XM_005270303.4	1987	1759.29	430.405	11.0098
XM_005270336.3	2922	2694.29	48.6349	0.812355
XM_005270347.3	4271	4043.29	0	0
XM_005270350.4	2896	2668.29	0	0
XM_005270360.3	5470	5242.29	0	0
XM_005270361.2	2722	2494.29	0	0
XM_005270362.2	1605	1377.29	63.5451	2.07634
XM_005270401.4	1880	1652.29	22.7486	0.619597
XM_005270403.5	6247	6019.29	1.90404	0.0142355
XM_005270411.2	1563	1335.29	11.0769	0.373322
XM_005270412.5	1905	1677.29	0.51143	0.0137221
XM_005270413.6	2125	1897.29	61.1259	1.44988
XM_005270427.3	5969	5741.29	362.875	2.84439
XM_005270428.3	5733	5505.29	3.04688e-07	2.49068e-09
XM_005270429.3	5966	5738.29	255.881	2.00677
XM_005270440.3	2286	2058.29	2.05033e-05	4.48289e-07
XM_005270441.3	2383	2155.29	0	0
XM_005270442.3	2145	1917.29	0	0
XM_005270457.4	3192	2964.29	27.7597	0.42144
XM_005270462.2	1345	1117.29	5.60302	0.225682
XM_005270463.4	805	577.487	0	0
XM_005270465.4	2749	2521.29	0	0
XM_005270467.5	2257	2029.29	0	0
XM_005270472.2	2468	2240.29	0	0
XM_005270481.2	5370	5142.29	3147.36	27.5443
XM_005270493.1	3406	3178.29	0	0
XM_005270507.3	3061	2833.29	627.388	9.96522
XM_005270508.6	3935	3707.29	10.2754	0.124734
XM_005270510.4	2286	2058.29	2.18561	0.0477868
XM_005270539.1	1117	889.293	0	0
XM_005270557.3	7883	7655.29	22.6857	0.133362
XM_005270562.3	4232	4004.29	49.1036	0.551861
XM_005270575.5	19617	19389.3	87.2706	0.202558
XM_005270576.5	19922	19694.3	35.6475	0.0814574
XM_005270578.4	6940	6712.29	187.332	1.25598
XM_005270579.4	6757	6529.29	438.02	3.01905
XM_005270582.5	5592	5364.29	1.49673	0.0125566
XM_005270584.4	2859	2631.29	0	0
XM_005270586.5	844	616.427	0	0
XM_005270598.2	2046	1818.29	0	0
XM_005270599.3	2024	1796.29	0	0
XM_005270610.6	8198	7970.29	0	0
XM_005270611.6	8126	7898.29	18.3697	0.104667
XM_005270621.2	3047	2819.29	0	0
XM_005270632.5	5139	4911.29	0	0
XM_005270644.3	2763	2535.29	0	0
XM_005270655.4	5457	5229.29	0	0
XM_005270656.6	5299	5071.29	0.000300974	2.67087e-06
XM_005270666.5	8055	7827.29	19.0366	0.109451
XM_005270668.3	7365	7137.29	0.13782	0.000869003
XM_005270676.3	5764	5536.29	53.9501	0.438546
XM_005270678.3	5790	5562.29	12.5301	0.101378
XM_005270679.3	5749	5521.29	94.3384	0.768936
XM_005270680.4	5838	5610.29	385.888	3.09541
XM_005270681.3	5650	5422.29	7.59602	0.0630442
XM_005270682.3	5431	5203.29	0	0
XM_005270690.4	8845	8617.29	562.224	2.93617
XM_005270691.6	14420	14192.3	1173.49	3.72108
XM_005270707.3	3739	3511.29	836.855	10.7257
XM_005270710.3	3882	3654.29	40.7999	0.502457
XM_005270711.4	7992	7764.29	0	0
XM_005270719.4	2832	2604.29	0	0
XM_005270729.5	4856	4628.29	4.5911	0.0446414
XM_005270737.4	6965	6737.29	188.146	1.25676
XM_005270739.6	3208	2980.29	202.083	3.0515
XM_005270745.4	4083	3855.29	0	0
XM_005270749.4	6008	5780.29	0	0
XM_005270750.3	1716	1488.29	0	0
XM_005270751.4	1352	1124.29	0.974752	0.0390173
XM_005270753.3	1871	1643.29	0	0
XM_005270767.4	2241	2013.29	3	0.0670589
XM_005270770.4	922	694.293	0	0
XM_005270782.6	1217	989.293	0	0
XM_005270784.5	1596	1368.29	76.2285	2.50715
XM_005270785.5	1311	1083.29	4.95545	0.205864
XM_005270792.4	1511	1283.29	0	0
XM_005270794.5	6536	6308.29	0	0
XM_005270809.5	2819	2591.29	0	0
XM_005270827.3	5948	5720.29	0	0
XM_005270828.4	5860	5632.29	0	0
XM_005270875.6	584	359.207	0	0
XM_005270876.5	2739	2511.29	1.42439	0.0255255
XM_005270888.4	3298	3070.29	111.556	1.63514
XM_005270889.4	2281	2053.29	164.467	3.60471
XM_005270895.5	2726	2498.29	0	0
XM_005270924.4	3804	3576.29	0	0
XM_005270925.3	3772	3544.29	0	0
XM_005270936.5	8441	8213.29	97.7302	0.535493
XM_005270937.5	8390	8162.29	43.0579	0.237401
XM_005270938.3	1664	1436.29	3.12686	0.0979732
XM_005270980.1	2371	2143.29	3.70691e-06	7.78346e-08
XM_005270988.3	2037	1809.29	19.6329	0.488336
XM_005271003.2	2845	2617.29	0	0
XM_005271004.4	3202	2974.29	12.1936	0.184498
XM_005271010.2	2342	2114.29	128.04	2.72535
XM_005271020.3	1956	1728.29	0	0
XM_005271029.5	3310	3082.29	52.2716	0.763192
XM_005271079.4	7765	7537.29	0.0042239	2.52197e-05
XM_005271080.4	7753	7525.29	0.139725	0.000835591
XM_005271081.4	7726	7498.29	31.7757	0.190711
XM_005271082.4	7387	7159.29	15.2284	0.0957255
XM_005271100.3	6987	6759.29	99.6927	0.66375
XM_005271101.4	6767	6539.29	0	0
XM_005271103.5	2629	2401.29	0	0
XM_005271106.4	2083	1855.29	44.3173	1.07499
XM_005271107.2	1882	1654.29	45.1988	1.22958
XM_005271112.6	5765	5537.29	88.1613	0.716511
XM_005271115.5	2303	2075.29	1310.52	28.4188
XM_005271136.2	2152	1924.29	63.6071	1.48757
XM_005271149.5	1904	1676.29	0	0
XM_005271155.5	3408	3180.29	0	0
XM_005271156.2	3297	3069.29	0	0
XM_005271161.5	4141	3913.29	0	0
XM_005271163.3	3764	3536.29	23.5634	0.29987
XM_005271186.3	1633	1405.29	2.73624e-07	8.76252e-09
XM_005271212.4	3622	3394.29	0	0
XM_005271234.4	5557	5329.29	45.4612	0.383896
XM_005271235.4	5458	5230.29	30.4809	0.262267
XM_005271241.3	3144	2916.29	352.034	5.43245
XM_005271244.4	3119	2891.29	32.4183	0.504592
XM_005271257.6	6229	6001.29	19.0198	0.142627
XM_005271260.6	5965	5737.29	35.0782	0.275152
XM_005271270.5	10344	10116.3	10.1657	0.0452228
XM_005271283.4	1704	1476.29	116.86	3.56235
XM_005271315.4	5199	4971.29	1329.84	12.0385
XM_005271317.6	2697	2469.29	0.00544805	9.92912e-05
XM_005271322.5	3201	2973.29	0	0
XM_005271323.5	3159	2931.29	356.075	5.46669
XM_005271324.6	3009	2781.29	0	0
XM_005271325.5	2979	2751.29	166.614	2.72532
XM_005271327.5	2784	2556.29	78.1287	1.37544
XM_005271331.3	6611	6383.29	81.4311	0.5741
XM_005271369.3	11245	11017.3	0	0
XM_005271378.4	5419	5191.29	118.525	1.02749
XM_005271380.4	5407	5179.29	1023.47	8.89295
XM_005271381.4	5371	5143.29	0.0732927	0.0006413
XM_005271383.4	5359	5131.29	1046.09	9.17452
XM_005271392.5	4468	4240.29	555.918	5.90007
XM_005271393.4	4546	4318.29	2.50155	0.0260699
XM_005271394.4	4816	4588.29	1.91434e-05	1.87763e-07
XM_005271412.4	1222	994.293	0	0
XM_005271413.4	1183	955.293	0	0
XM_005271419.5	4975	4747.29	0	0
XM_005271422.4	1991	1763.29	139.805	3.56813
XM_005271449.3	3222	2994.29	1.60142	0.0240687
XM_005271453.2	7619	7391.29	0	0
XM_005271456.2	5933	5705.29	0	0
XM_005271457.2	5918	5690.29	0	0
XM_005271468.4	6229	6001.29	0	0
XM_005271469.4	6196	5968.29	0	0
XM_005271470.4	6184	5956.29	0	0
XM_005271471.4	6151	5923.29	0	0
XM_005271472.4	6088	5860.29	0	0
XM_005271473.4	6043	5815.29	0	0
XM_005271474.6	6900	6672.29	241.667	1.62999
XM_005271475.4	3407	3179.29	0	0
XM_005271482.5	6220	5992.29	239.691	1.80011
XM_005271484.4	6040	5812.29	4.28542	0.0331809
XM_005271485.4	4727	4499.29	31.4069	0.31414
XM_005271490.2	2241	2013.29	7	0.156471
XM_005271494.4	8537	8309.29	0.0255574	0.000138419
XM_005271505.5	874	646.427	66.4258	4.62444
XM_005271513.4	7442	7214.29	1270.34	7.92443
XM_005271518.4	5506	5278.29	0	0
XM_005271562.6	13157	12929.3	15.7788	0.0549214
XM_005271593.3	3288	3060.29	0	0
XM_005271613.5	1738	1510.29	0	0
XM_005271614.4	1732	1504.29	0	0
XM_005271615.4	1618	1390.29	0	0
XM_005271619.5	3572	3344.29	0	0
XM_005271628.4	5062	4834.29	0	0
XM_005271658.6	2677	2449.29	3	0.0551217
XM_005271659.2	4475	4247.29	86.6237	0.917839
XM_005271660.2	4499	4271.29	0	0
XM_005271661.2	4359	4131.29	33.8451	0.368683
XM_005271669.2	3871	3643.29	197.564	2.44037
XM_005271682.3	5994	5766.29	19.7104	0.15383
XM_005271688.5	1383	1155.29	40.7342	1.58675
XM_005271703.2	1416	1188.29	0.13608	0.00515364
XM_005271709.5	4703	4475.29	27.3851	0.275382
XM_005271712.4	13060	12832.3	8.04235	0.0282047
XM_005271713.5	2126	1898.29	16.7626	0.397393
XM_005271721.6	3540	3312.29	7.08942	0.0963217
XM_005271722.3	6323	6095.29	0	0
XM_005271724.5	1455	1227.29	0	0
XM_005271734.3	4601	4373.29	44.3199	0.456071
XM_005271735.3	4868	4640.29	7.7967	0.075615
XM_005271745.5	1898	1670.29	0	0
XM_005271750.1	5517	5289.29	0	0
XM_005271751.1	5472	5244.29	0	0
XM_005271772.6	1840	1612.29	9.25952	0.258456
XM_005271793.4	1766	1538.29	0	0
XM_005271809.4	3103	2875.29	0	0
XM_005271846.4	7927	7699.29	0	0
XM_005271874.4	2514	2286.29	0	0
XM_005271885.5	4987	4759.29	10.2305	0.0967383
XM_005271886.4	6443	6215.29	157.236	1.1385
XM_005271889.4	5734	5506.29	164.822	1.34709
XM_005271892.4	4662	4434.29	47.2757	0.479795
XM_005271895.4	4569	4341.29	338.381	3.50775
XM_005271903.2	1383	1155.29	0	0
XM_005271909.5	11355	11127.3	0	0
XM_005271910.6	11589	11361.3	0	0
XM_005271912.3	11776	11548.3	36.6226	0.142716
XM_005271916.5	4973	4745.29	71.7272	0.680242
XM_005271927.4	2748	2520.29	0	0
XM_005271928.4	2745	2517.29	1.75997	0.031464
XM_005271931.4	4837	4609.29	4.63039	0.045209
XM_005271957.6	1799	1571.29	0	0
XM_005271963.6	9628	9400.29	1596.03	7.64088
XM_005271964.5	8282	8054.29	0	0
XM_005271972.6	2232	2004.29	0	0
XM_005271982.5	2904	2676.29	12.1278	0.203935
XM_005271983.5	11411	11183.3	10.015	0.0403018
XM_005271988.5	937	709.293	0	0
XM_005272015.6	8210	7982.29	48.5194	0.273546
XM_005272016.5	3551	3323.29	6.01031	0.0813899
XM_005272018.5	6124	5896.29	43.9751	0.335637
XM_005272020.4	9438	9210.29	17.5783	0.0858905
XM_005272042.5	6663	6435.29	0	0
XM_005272048.5	20767	20539.3	10.943	0.0239769
XM_005272050.5	4016	3788.29	33.172	0.394067
XM_005272057.5	2882	2654.29	0	0
XM_005272058.5	2879	2651.29	0	0
XM_005272078.4	1522	1294.29	2.57804	0.0896395
XM_005272082.6	6351	6123.29	0	0
XM_005272095.2	3484	3256.29	64.3813	0.889771
XM_005272097.4	3430	3202.29	32.3972	0.45529
XM_005272099.3	892	664.361	0	0
XM_005272103.5	1540	1312.29	0	0
XM_005272105.5	4528	4300.29	0.0213569	0.000223502
XM_005272106.5	4501	4273.29	13.3481	0.140572
XM_005272109.6	1470	1242.29	0.258846	0.0093769
XM_005272110.4	4377	4149.29	41.2007	0.446862
XM_005272111.6	5568	5340.29	4.83348	0.0407322
XM_005272134.5	1251	1023.29	33.5618	1.476
XM_005272135.5	1248	1020.29	82.8642	3.65497
XM_005272138.5	3648	3420.29	1.32709	0.0174614
XM_005272139.2	3679	3451.29	0	0
XM_005272145.4	2167	1939.29	0	0
XM_005272148.4	3339	3111.29	0	0
XM_005272149.5	3327	3099.29	0	0
XM_005272169.3	1615	1387.29	0	0
XM_005272172.4	11304	11076.3	0	0
XM_005272173.4	11324	11096.3	57.5844	0.233544
XM_005272176.3	1868	1640.29	60.9132	1.67121
XM_005272186.5	6763	6535.29	0	0
XM_005272204.5	2776	2548.29	0	0
XM_005272230.5	932	704.293	30.3614	1.94004
XM_005272232.3	3081	2853.29	1191.32	18.7899
XM_005272236.4	4916	4688.29	163.219	1.56674
XM_005272238.4	3578	3350.29	0	0
XM_005272239.3	3726	3498.29	0	0
XM_005272268.3	4428	4200.29	1273.31	13.6425
XM_005272270.3	4236	4008.29	132.104	1.48319
XM_005272301.3	1703	1475.29	76.3853	2.3301
XM_005272307.6	1537	1309.29	60.4726	2.07857
XM_005272315.4	2218	1990.29	176.849	3.99878
XM_005272316.4	2210	1982.29	0	0
XM_005272317.3	1201	973.293	0	0
XM_005272324.4	897	669.361	0	0
XM_005272356.5	1189	961.293	0	0
XM_005272358.6	5251	5023.29	179.991	1.61252
XM_005272359.6	5318	5090.29	23.6945	0.209482
XM_005272372.5	1025	797.293	0	0
XM_005272392.6	381	176.619	0	0
XM_005272398.6	4461	4233.29	0	0
XM_005272401.4	4903	4675.29	0	0
XM_005272421.5	4641	4413.29	0	0
XM_005272423.5	4625	4397.29	84.8198	0.868069
XM_005272425.6	6535	6307.29	0	0
XM_005272449.5	1837	1609.29	0.000126828	3.54669e-06
XM_005272460.4	1976	1748.29	0	0
XM_005272462.5	1577	1349.29	0	0
XM_005272464.5	6264	6036.29	0	0
XM_005272478.4	2432	2204.29	106.671	2.17781
XM_005272479.3	2423	2195.29	2134.27	43.7521
XM_005272480.3	2315	2087.29	0.00473204	0.000102025
XM_005272484.4	1926	1698.29	15.0018	0.397532
XM_005272485.4	1812	1584.29	20.3431	0.577861
XM_005272502.3	2306	2078.29	0	0
XM_005272506.3	1015	787.293	7.9241	0.452956
XM_005272515.6	4248	4020.29	0	0
XM_005272546.4	3480	3252.29	6.32283e-05	8.74912e-07
XM_005272547.5	3253	3025.29	1.8034	0.0268266
XM_005272548.4	3091	2863.29	247.699	3.89315
XM_005272550.4	3344	3116.29	0.0704494	0.00101738
XM_005272552.5	3222	2994.29	237.344	3.56718
XM_005272553.6	2995	2767.29	21.6179	0.351561
XM_005272571.4	1025	797.293	28.2244	1.59312
XM_005272572.5	675	448.496	20.1822	2.02513
XM_005272589.4	2658	2430.29	27.2869	0.505287
XM_005272595.3	1907	1679.29	176.512	4.73031
XM_005272597.5	1923	1695.29	0	0
XM_005272599.5	2307	2079.29	93.6073	2.02598
XM_005272616.2	6494	6266.29	0.000380827	2.73501e-06
XM_005272618.4	6199	5971.29	112.036	0.844371
XM_005272619.5	6861	6633.29	48.6123	0.329807
XM_005272620.5	6759	6531.29	89.3262	0.615491
XM_005272622.5	2709	2481.29	196.296	3.56021
XM_005272649.2	3650	3422.29	331.911	4.36462
XM_005272670.1	4457	4229.29	0	0
XM_005272675.5	12606	12378.3	185.585	0.67472
XM_005272676.5	12558	12330.3	2135.92	7.79567
XM_005272677.5	3425	3197.29	122.631	1.72607
XM_005272678.5	3197	2969.29	46.2367	0.700771
XM_005272679.5	3194	2966.29	64.5769	0.979728
XM_005272681.5	9434	9206.29	137.604	0.672649
XM_005272682.5	9418	9190.29	4.16348	0.0203877
XM_005272687.4	3474	3246.29	17.3	0.239828
XM_005272694.4	1811	1583.29	50.2693	1.42884
XM_005272695.5	2154	1926.29	0	0
XM_005272697.3	1651	1423.29	627.233	19.8325
XM_005272698.6	1600	1372.29	332.972	10.9195
XM_005272742.5	1172	944.293	0	0
XM_005272743.5	1190	962.293	0	0
XM_005272744.5	1172	944.293	0	0
XM_005272751.2	1575	1347.29	56.5074	1.88749
XM_005272929.4	3691	3463.29	0	0
XM_005272946.6	2326	2098.29	1.63305	0.0350248
XM_005272947.6	3834	3606.29	0.569273	0.00710398
XM_005272948.6	2333	2105.29	11.6607	0.249261
XM_005272998.4	2445	2217.29	52.9291	1.07427
XM_005272999.6	2487	2259.29	0	0
XM_005273000.6	2442	2214.29	46.709	0.94931
XM_005273004.4	2202	1974.29	12.9292	0.294714
XM_005273005.5	2244	2016.29	0.0019089	4.26061e-05
XM_005273006.3	3881	3653.29	0	0
XM_005273059.4	1256	1028.29	112.142	4.90788
XM_005273061.6	741	513.753	18.5033	1.62083
XM_005273062.4	629	403.218	11.3791	1.27002
XM_005273063.6	776	548.487	24.578	2.01662
XM_005273069.6	3987	3759.29	142.208	1.70239
XM_005273081.4	5041	4813.29	0	0
XM_005273099.5	2982	2754.29	214.726	3.50846
XM_005273104.6	1308	1080.29	0	0
XM_005273124.5	5295	5067.29	18.1676	0.161348
XM_005273125.4	3622	3394.29	76.2906	1.0115
XM_005273134.6	5328	5100.29	0	0
XM_005273139.4	1220	992.293	8.58015	0.389132
XM_005273141.6	10555	10327.3	392.098	1.70864
XM_005273146.2	2281	2053.29	7.74865	0.169831
XM_005273158.3	3440	3212.29	157.339	2.20426
XM_005273162.4	6450	6222.29	1.23842	0.00895696
XM_005273164.4	11703	11475.3	0	0
XM_005273165.5	7214	6986.29	183.33	1.18094
XM_005273169.2	3087	2859.29	0	0
XM_005273191.6	4477	4249.29	46.719	0.494788
XM_005273194.3	8214	7986.29	4.00048	0.0225429
XM_005273195.5	7810	7582.29	0	0
XM_005273199.5	2106	1878.29	0	0
XM_005273201.2	2849	2621.29	0	0
XM_005273213.5	6865	6637.29	0	0
XM_005273234.4	5203	4975.29	202.858	1.83492
XM_005273241.5	4213	3985.29	0	0
XM_005273242.5	4329	4101.29	0	0
XM_005273243.5	4119	3891.29	3	0.0346952
XM_005273251.3	2275	2047.29	0	0
XM_005273252.5	2374	2146.29	0	0
XM_005273254.6	1223	995.293	0	0
XM_005273255.3	1665	1437.29	0	0
XM_005273259.2	5137	4909.29	3	0.0275007
XM_005273264.3	3048	2820.29	9.70857	0.154919
XM_005273279.6	1212	984.293	2.94947	0.134853
XM_005273313.5	2638	2410.29	109.358	2.04184
XM_005273315.5	8323	8095.29	0	0
XM_005273317.5	11212	10984.3	0	0
XM_005273318.5	11203	10975.3	0	0
XM_005273320.5	11098	10870.3	0	0
XM_005273321.5	11059	10831.3	0	0
XM_005273343.5	3103	2875.29	80.9882	1.2676
XM_005273344.2	4529	4301.29	452.525	4.73462
XM_005273345.2	4536	4308.29	45.9314	0.479785
XM_005273346.3	4504	4276.29	109.933	1.15691
XM_005273347.4	4391	4163.29	229.639	2.48228
XM_005273353.4	3138	2910.29	164.178	2.53875
XM_005273356.3	3236	3008.29	32.442	0.485321
XM_005273360.3	5490	5262.29	99.4199	0.850239
XM_005273380.5	6960	6732.29	0	0
XM_005273382.2	2017	1789.29	0	0
XM_005273399.4	1370	1142.29	0	0
XM_005273409.2	5338	5110.29	206.009	1.81419
XM_005273411.2	5146	4918.29	16.9309	0.15492
XM_005273412.5	3010	2782.29	52.0966	0.842653
XM_005273425.4	4273	4045.29	8.68051	0.0965689
XM_005273447.5	4080	3852.29	0	0
XM_005273458.2	8680	8452.29	146.904	0.78217
XM_005273468.1	2520	2292.29	0	0
XM_005273481.4	7205	6977.29	0	0
XM_005273504.4	2843	2615.29	20.9908	0.361203
XM_005273532.3	1002	774.293	0	0
XM_005273535.5	1395	1167.29	0	0
XM_005273536.5	1308	1080.29	0	0
XM_005273537.5	1203	975.293	31.1151	1.43575
XM_005273538.3	1337	1109.29	15.5773	0.631959
XM_005273539.3	1232	1004.29	152.661	6.84084
XM_005273540.5	1048	820.293	3.55961	0.195288
XM_005273551.5	2700	2472.29	15.1848	0.276408
XM_005273559.2	3920	3692.29	253.674	3.09187
XM_005273602.5	2134	1906.29	220.891	5.21471
XM_005273611.5	7533	7305.29	8.90859	0.05488
XM_005273612.5	7612	7384.29	3.51142e-06	2.14001e-08
XM_005273613.4	3725	3497.29	1705.72	21.9492
XM_005273625.5	7575	7347.29	0	0
XM_005273628.2	7433	7205.29	0.0572089	0.000357318
XM_005273629.2	7489	7261.29	0	0
XM_005273652.5	1352	1124.29	0	0
XM_005273659.5	3762	3534.29	356.134	4.53475
XM_005273675.2	2704	2476.29	0	0
XM_005273682.2	2936	2708.29	36.9842	0.614558
XM_005273683.2	3073	2845.29	7.74026	0.122425
XM_005273714.3	1996	1768.29	63.5628	1.61767
XM_005273716.1	1840	1612.29	139.37	3.89017
XM_005273726.5	3269	3041.29	677.049	10.0185
XM_005273733.5	1492	1264.29	0	0
XM_005273734.5	1414	1186.29	0	0
XM_005273770.3	4763	4535.29	5.12514e-05	5.08561e-07
XM_005273776.5	4177	3949.29	71.7366	0.817454
XM_005273782.4	3736	3508.29	0	0
XM_005273798.5	9099	8871.29	21.722	0.110193
XM_005273801.5	8731	8503.29	171.597	0.908165
XM_005273802.2	2705	2477.29	0	0
XM_005273810.5	7345	7117.29	0	0
XM_005273823.5	2157	1929.29	54.6027	1.27367
XM_005273846.5	3965	3737.29	0	0
XM_005273856.5	1128	900.293	0	0
XM_005273867.4	3580	3352.29	26.6753	0.358104
XM_005273868.4	3406	3178.29	0	0
XM_005273869.4	3106	2878.29	3.62616	0.0566962
XM_005273870.4	2932	2704.29	0	0
XM_005273874.5	763	535.541	8.25426	0.693629
XM_005273918.3	1356	1128.29	0	0
XM_005273940.3	1053	825.293	21.5631	1.17583
XM_005273975.4	3870	3642.29	140.45	1.73536
XM_005273976.3	2085	1857.29	73.5265	1.78158
XM_005273979.5	4909	4681.29	0	0
XM_005273984.4	1000	772.293	0	0
XM_005273987.6	7138	6910.29	121.978	0.794376
XM_005273990.6	3801	3573.29	9.52711	0.119987
XM_005273994.3	5291	5063.29	18.7052	0.166254
XM_005274005.4	437	223.004	0	0
XM_005274008.4	6456	6228.29	0	0
XM_005274022.4	2275	2047.29	4.08436	0.0897814
XM_005274031.5	4103	3875.29	0	0
XM_005274032.5	5268	5040.29	3.52793	0.0314997
XM_005274035.5	5731	5503.29	377.256	3.08501
XM_005274036.5	5662	5434.29	3.60126	0.0298231
XM_005274040.4	4139	3911.29	0.00108166	1.24455e-05
XM_005274051.3	11233	11005.3	310.32	1.26897
XM_005274053.5	2282	2054.29	1204.92	26.396
XM_005274077.4	2827	2599.29	0	0
XM_005274093.2	3345	3117.29	10.6584	0.153872
XM_005274100.3	1785	1557.29	3.79285	0.109607
XM_005274102.3	1501	1273.29	0.575879	0.0203538
XM_005274104.3	1458	1230.29	0	0
XM_005274112.6	6854	6626.29	22.1446	0.150397
XM_005274114.4	660	433.717	0	0
XM_005274140.6	2359	2131.29	0	0
XM_005274156.4	3902	3674.29	114.371	1.40083
XM_005274177.4	1636	1408.29	0	0
XM_005274183.2	2849	2621.29	157.952	2.71176
XM_005274184.1	2655	2427.29	30.843	0.571842
XM_005274189.3	3573	3345.29	19.6406	0.264218
XM_005274193.4	11045	10817.3	0	0
XM_005274195.5	3059	2831.29	334.283	5.3134
XM_005274198.4	3138	2910.29	0	0
XM_005274210.5	5004	4776.29	0	0
XM_005274221.5	4618	4390.29	17.6338	0.180757
XM_005274222.2	5943	5715.29	0	0
XM_005274223.2	5928	5700.29	3.42084e-08	2.70071e-10
XM_005274224.2	5925	5697.29	7.04006e-08	5.56097e-10
XM_005274225.2	5862	5634.29	0	0
XM_005274226.2	5859	5631.29	0	0
XM_005274227.2	5847	5619.29	11.3654	0.0910218
XM_005274228.2	5790	5562.29	0	0
XM_005274231.2	2186	1958.29	71.1218	1.63443
XM_005274232.6	2348	2120.29	83.1254	1.76433
XM_005274247.4	2421	2193.29	0	0
XM_005274292.4	2591	2363.29	0	0
XM_005274298.5	3644	3416.29	0	0
XM_005274299.5	3587	3359.29	48.6863	0.65223
XM_005274320.2	9966	9738.29	0	0
XM_005274322.4	4261	4033.29	11.3063	0.126155
XM_005274326.4	4158	3930.29	1623.93	18.5945
XM_005274328.4	4143	3915.29	744.637	8.559
XM_005274329.5	4119	3891.29	1.35312	0.015649
XM_005274334.4	4059	3831.29	9.96388	0.117038
XM_005274336.4	3993	3765.29	4848.95	57.9551
XM_005274337.4	3969	3741.29	14.7019	0.176846
XM_005274340.4	3819	3591.29	34.1364	0.427769
XM_005274345.5	988	760.293	0	0
XM_005274346.5	940	712.293	8.22439	0.519622
XM_005274347.5	904	676.361	3.28045e-08	2.18271e-09
XM_005274358.6	2616	2388.29	0	0
XM_005274366.2	8056	7828.29	202.226	1.16255
XM_005274367.3	8053	7825.29	210.212	1.20892
XM_005274368.3	7909	7681.29	159.903	0.936837
XM_005274376.6	2931	2703.29	6.62846e-08	1.10347e-09
XM_005274380.2	2963	2735.29	317.914	5.23055
XM_005274384.3	7098	6870.29	0	0
XM_005274385.5	7005	6777.29	22.4514	0.149084
XM_005274387.5	9145	8917.29	24.5052	0.123671
XM_005274429.4	4190	3962.29	0	0
XM_005274431.6	1538	1310.29	0	0
XM_005274432.2	1538	1310.29	0.118511	0.00407035
XM_005274460.4	3140	2912.29	0	0
XM_005274473.4	7137	6909.29	0	0
XM_005274475.4	7047	6819.29	0	0
XM_005274478.4	4014	3786.29	0	0
XM_005274479.3	3981	3753.29	0	0
XM_005274480.4	3915	3687.29	7.0743	0.0863413
XM_005274489.6	2998	2770.29	0	0
XM_005274500.5	7471	7243.29	0	0
XM_005274501.5	1715	1487.29	0	0
XM_005274514.3	5010	4782.29	0	0
XM_005274515.3	5497	5269.29	26.2074	0.223828
XM_005274519.5	2267	2039.29	5.69635	0.125707
XM_005274521.5	2057	1829.29	0	0
XM_005274541.4	1714	1486.29	0	0
XM_005274548.6	5023	4795.29	7.2846e-06	6.83649e-08
XM_005274550.6	4993	4765.29	125.618	1.18633
XM_005274555.4	5700	5472.29	140.322	1.15398
XM_005274564.4	5918	5690.29	0	0
XM_005274565.3	5799	5571.29	0	0
XM_005274566.5	5661	5433.29	1.99865	0.0165545
XM_005274573.3	7984	7756.29	338.176	1.96215
XM_005274577.4	7729	7501.29	0	0
XM_005274578.3	2890	2662.29	1.74945	0.0295725
XM_005274579.3	2803	2575.29	37.6289	0.657562
XM_005274582.3	1672	1444.29	30.5258	0.951159
XM_005274587.5	2946	2718.29	238.08	3.94156
XM_005274591.5	7502	7274.29	39.3722	0.24358
XM_005274592.4	7597	7369.29	47.1233	0.287774
XM_005274594.6	8203	7975.29	48.6556	0.274555
XM_005274625.4	7795	7567.29	0	0
XM_005274626.4	7792	7564.29	22.0269	0.131047
XM_005274632.4	8018	7790.29	0	0
XM_005274648.2	2316	2088.29	0	0
XM_005274676.4	1746	1518.29	0	0
XM_005274689.4	6861	6633.29	0	0
XM_005274691.4	6732	6504.29	0	0
XM_005274698.3	1352	1124.29	81.9657	3.28091
XM_005274699.3	1384	1156.29	127.96	4.9802
XM_005274700.3	1530	1302.29	8.52254	0.294512
XM_005274701.4	1893	1665.29	8.13487	0.219838
XM_005274702.4	1130	902.293	21.3828	1.0665
XM_005274738.3	4495	4267.29	0.00220032	2.32047e-05
XM_005274740.3	4408	4180.29	14.2389	0.15329
XM_005274741.3	4408	4180.29	0	0
XM_005274742.3	4405	4177.29	18.1329	0.195351
XM_005274744.3	4321	4093.29	8.94302	0.0983227
XM_005274745.3	4318	4090.29	6.5368	0.0719205
XM_005274746.4	4237	4009.29	6.87322	0.0771498
XM_005274751.5	2847	2619.29	150.073	2.57847
XM_005274765.4	4614	4386.29	2.11103e-06	2.16591e-08
XM_005274766.4	4563	4335.29	0	0
XM_005274778.4	4694	4466.29	0	0
XM_005274780.6	1538	1310.29	0	0
XM_005274781.2	1538	1310.29	0.118511	0.00407035
XM_005275640.4	4943	4715.29	5.00052	0.0477253
XM_005276753.6	5467	5239.29	0	0
XM_005276755.6	5574	5346.29	0	0
XM_005276880.2	6790	6562.29	0	0
XM_005276881.2	6756	6528.29	0	0
XM_005276882.2	6750	6522.29	0	0
XM_005276883.3	6727	6499.29	0	0
XM_005276914.4	9235	9007.29	69.8718	0.3491
XM_005276919.4	2614	2386.29	0	0
XM_005276965.6	839	611.427	0	0
XM_005277402.5	2290	2062.29	43.6947	0.953499
XM_005277421.5	6596	6368.29	729.417	5.15461
XM_005277422.5	5850	5622.29	2.76675e-07	2.21462e-09
XM_005277509.4	1861	1633.29	40.792	1.12397
XM_005277534.3	15414	15186.3	0	0
XM_005277535.3	15411	15183.3	0	0
XM_005277536.3	15351	15123.3	0	0
XM_005277539.3	15231	15003.3	0	0
XM_005277541.3	15057	14829.3	0.752937	0.00228497
XM_005277604.6	1318	1090.29	207.715	8.57365
XM_005277680.4	6670	6442.29	0	0
XM_005277723.6	5851	5623.29	0	0
XM_005277786.4	6251	6023.29	49.2062	0.367645
XM_005277829.5	3159	2931.29	0	0
XM_005277879.5	1645	1417.29	86.5139	2.74706
XM_005277913.6	2577	2349.29	26.81	0.513573
XM_005278039.5	2680	2452.29	0.0125218	0.000229792
XM_005278042.4	2243	2015.29	2.39056	0.0533831
XM_005278109.2	2830	2602.29	169.856	2.93743
XM_005278110.2	2863	2635.29	215.412	3.67861
XM_005278111.2	2832	2604.29	107.943	1.8653
XM_005278113.2	2807	2579.29	325.228	5.67453
XM_005278114.2	2851	2623.29	0	0
XM_005278115.2	2820	2592.29	38.75	0.672713
XM_005278116.2	2818	2590.29	30.1795	0.524331
XM_005278117.2	2788	2560.29	0	0
XM_005278141.5	858	630.427	0	0
XM_005278192.4	1851	1623.29	0	0
XM_005278193.4	1727	1499.29	0	0
XM_005278233.3	1934	1706.29	0	0
XM_005278250.6	5805	5577.29	0	0
XM_005278252.6	5791	5563.29	4.11405	0.0332797
XM_005278261.2	653	426.803	33.9486	3.57962
XM_005278279.3	2872	2644.29	28.9834	0.493268
XM_005278280.3	2875	2647.29	15.6457	0.265971
XM_005278281.3	2869	2641.29	101.942	1.73691
XM_005278282.4	2821	2593.29	330.588	5.73691
XM_005278383.6	2075	1847.29	0	0
XM_005278385.6	2737	2509.29	0	0
XM_005278387.6	2071	1843.29	0	0
XM_005278388.5	1849	1621.29	1	0.0277575
XM_005278397.5	1411	1183.29	0	0
XM_006709930.4	1311	1083.29	0	0
XM_006710278.5	4708	4480.29	0	0
XM_006710290.5	4300	4072.29	0.00316889	3.50195e-05
XM_006710295.2	2541	2313.29	0	0
XM_006710302.4	8264	8036.29	190.627	1.06751
XM_006710304.5	5173	4945.29	0	0
XM_006710309.3	1746	1518.29	11.6649	0.345755
XM_006710313.5	3722	3494.29	61.6726	0.794283
XM_006710314.4	7748	7520.29	138.407	0.828259
XM_006710328.5	1850	1622.29	219.888	6.0998
XM_006710331.3	5887	5659.29	49.4588	0.3933
XM_006710333.4	3073	2845.29	161.318	2.55152
XM_006710347.3	1304	1076.29	77.1984	3.2279
XM_006710354.4	2767	2539.29	26.9508	0.47764
XM_006710356.3	7601	7373.29	57.9433	0.353658
XM_006710357.4	2548	2320.29	4.80762	0.0932458
XM_006710358.4	2730	2502.29	12.676	0.227975
XM_006710360.4	8368	8140.29	0	0
XM_006710372.2	3140	2912.29	5.04022	0.0778855
XM_006710379.4	1291	1063.29	0	0
XM_006710383.2	4154	3926.29	0	0
XM_006710386.4	3028	2800.29	63.4579	1.01982
XM_006710394.5	4616	4388.29	0	0
XM_006710397.4	3097	2869.29	0	0
XM_006710398.3	5244	5016.29	0	0
XM_006710411.4	3991	3763.29	0	0
XM_006710417.4	3743	3515.29	0	0
XM_006710426.4	7089	6861.29	0	0
XM_006710427.4	7008	6780.29	0	0
XM_006710428.4	5269	5041.29	0	0
XM_006710441.5	11164	10936.3	0	0
XM_006710442.5	10946	10718.3	0	0
XM_006710443.5	8099	7871.29	0	0
XM_006710445.4	3077	2849.29	0	0
XM_006710449.4	6005	5777.29	14.3019	0.111407
XM_006710458.5	5160	4932.29	57.1399	0.521354
XM_006710459.4	5037	4809.29	0	0
XM_006710460.5	4235	4007.29	35.7522	0.401508
XM_006710471.3	2868	2640.29	0	0
XM_006710473.4	3820	3592.29	16.6905	0.209093
XM_006710477.4	5262	5034.29	0	0
XM_006710478.3	5949	5721.29	17.4921	0.137591
XM_006710485.4	8070	7842.29	30.7965	0.176726
XM_006710488.3	7417	7189.29	0.0299155	0.000187263
XM_006710489.4	7442	7214.29	0.513612	0.00320393
XM_006710512.2	3808	3580.29	5.86355	0.0737029
XM_006710513.2	3784	3556.29	6.00858e-06	7.60355e-08
XM_006710555.4	1928	1700.29	0	0
XM_006710559.5	1692	1464.29	0.570954	0.0175475
XM_006710560.5	1165	937.293	22.6756	1.08874
XM_006710561.5	1107	879.293	0	0
XM_006710563.4	4942	4714.29	52.1324	0.497661
XM_006710572.4	3022	2794.29	0	0
XM_006710574.4	2956	2728.29	0.0112901	0.00018623
XM_006710583.5	2812	2584.29	0	0
XM_006710585.4	10461	10233.3	0	0
XM_006710589.4	6848	6620.29	517.408	3.51721
XM_006710593.4	6599	6371.29	0	0
XM_006710600.4	2591	2363.29	465.168	8.85797
XM_006710601.4	1418	1190.29	139.778	5.28478
XM_006710603.3	1975	1747.29	2.93663	0.0756354
XM_006710604.3	1963	1735.29	0	0
XM_006710605.4	2799	2571.29	0	0
XM_006710606.4	2816	2588.29	65.8395	1.14476
XM_006710616.4	1207	979.293	0	0
XM_006710617.3	5694	5466.29	0	0
XM_006710618.4	1049	821.293	0	0
XM_006710623.5	2896	2668.29	77.6583	1.30977
XM_006710625.5	3121	2893.29	0	0
XM_006710629.5	7694	7466.29	0	0
XM_006710632.4	1790	1562.29	0	0
XM_006710640.5	7629	7401.29	0	0
XM_006710647.4	2076	1848.29	0	0
XM_006710658.4	3708	3480.29	4.34262	0.0561537
XM_006710660.4	2060	1832.29	0	0
XM_006710661.3	2267	2039.29	170.509	3.76278
XM_006710663.4	937	709.293	117.948	7.48352
XM_006710670.4	3545	3317.29	58.7834	0.797467
XM_006710671.5	1696	1468.29	37.0577	1.13582
XM_006710672.3	6482	6254.29	2.31278	0.0166417
XM_006710673.3	6340	6112.29	16.3318	0.120246
XM_006710675.5	2434	2206.29	55.6532	1.13519
XM_006710676.2	1875	1647.29	0	0
XM_006710677.3	1583	1355.29	147.649	4.90273
XM_006710680.4	3611	3383.29	0.00325607	4.33108e-05
XM_006710687.3	5518	5290.29	951.119	8.09091
XM_006710689.3	5307	5079.29	0	0
XM_006710699.4	1762	1534.29	15.9269	0.46716
XM_006710701.5	1251	1023.29	0	0
XM_006710704.4	1589	1361.29	0	0
XM_006710705.2	1615	1387.29	0	0
XM_006710724.3	2094	1866.29	26.8327	0.647034
XM_006710725.5	3137	2909.29	53.7692	0.831742
XM_006710728.1	4535	4307.29	0	0
XM_006710729.2	4523	4295.29	0	0
XM_006710731.1	4532	4304.29	0	0
XM_006710735.5	1904	1676.29	33.4168	0.897135
XM_006710755.2	2391	2163.29	0.565547	0.0117651
XM_006710756.2	2432	2204.29	61.8771	1.26329
XM_006710795.4	7766	7538.29	0	0
XM_006710796.4	7738	7510.29	1.02215	0.00612492
XM_006710797.4	7732	7504.29	0.98509	0.00590756
XM_006710798.4	7705	7477.29	223.33	1.34414
XM_006710799.4	7459	7231.29	0.00221815	1.38044e-05
XM_006710800.4	7432	7204.29	0.00141097	8.81391e-06
XM_006710801.4	7186	6958.29	0	0
XM_006710802.3	3676	3448.29	156.837	2.04685
XM_006710810.4	6076	5848.29	30.3353	0.233433
XM_006710834.4	5093	4865.29	38.107	0.352483
XM_006710855.5	3784	3556.29	0	0
XM_006710856.5	3753	3525.29	0	0
XM_006710859.2	3499	3271.29	0	0
XM_006710864.3	1792	1564.29	9.24315	0.265916
XM_006710867.3	6187	5959.29	292.573	2.20944
XM_006710898.5	8024	7796.29	0.000368872	2.12927e-06
XM_006710909.3	4692	4464.29	179.221	1.80666
XM_006710921.3	3319	3091.29	0	0
XM_006710929.4	4025	3797.29	1294.87	15.346
XM_006710937.4	1420	1192.29	60.6513	2.28928
XM_006710938.5	1782	1554.29	1.13988	0.0330043
XM_006710946.4	4718	4490.29	34.3843	0.344609
XM_006710955.5	4221	3993.29	140.978	1.58877
XM_006710957.2	3656	3428.29	10.4121	0.136679
XM_006710960.5	13954	13726.3	0	0
XM_006710961.3	10755	10527.3	0	0
XM_006710971.3	10254	10026.3	0	0
XM_006710973.3	10230	10002.3	0	0
XM_006710976.4	2113	1885.29	0	0
XM_006710977.2	2163	1935.29	11.1172	0.258518
XM_006710990.2	2117	1889.29	0	0
XM_006710995.3	2399	2171.29	157.645	3.26742
XM_006711002.4	9873	9645.29	33.7768	0.157596
XM_006711019.3	1598	1370.29	0	0
XM_006711033.4	2290	2062.29	0.08459	0.00184591
XM_006711036.3	1842	1614.29	17.2504	0.480905
XM_006711043.4	1583	1355.29	0	0
XM_006711045.4	1612	1384.29	0	0
XM_006711050.2	2278	2050.29	0	0
XM_006711052.5	9139	8911.29	1416.3	7.15248
XM_006711058.4	6429	6201.29	0.77747	0.00564213
XM_006711065.5	3001	2773.29	0	0
XM_006711114.4	2337	2109.29	0	0
XM_006711137.2	3107	2879.29	171.497	2.68048
XM_006711145.2	4627	4399.29	0	0
XM_006711172.3	1709	1481.29	0	0
XM_006711173.5	4184	3956.29	0	0
XM_006711185.4	2068	1840.29	0	0
XM_006711186.4	1955	1727.29	0	0
XM_006711187.4	1952	1724.29	0	0
XM_006711194.4	18423	18195.3	28.7557	0.0711225
XM_006711196.4	1544	1316.29	5.84584e-07	1.99865e-08
XM_006711210.3	5279	5051.29	101.186	0.901487
XM_006711215.4	3827	3599.29	0	0
XM_006711219.4	3740	3512.29	0	0
XM_006711221.4	3920	3692.29	0	0
XM_006711238.5	10618	10390.3	0	0
XM_006711241.5	2064	1836.29	0	0
XM_006711242.5	1967	1739.29	0	0
XM_006711243.4	1772	1544.29	0	0
XM_006711244.5	2854	2626.29	5.24776	0.0899235
XM_006711254.3	3851	3623.29	162.339	2.01633
XM_006711256.3	3533	3305.29	0	0
XM_006711257.2	1916	1688.29	826.762	22.0381
XM_006711259.4	1700	1472.29	0	0
XM_006711261.4	1669	1441.29	0	0
XM_006711262.3	13268	13040.3	0	0
XM_006711266.4	2371	2143.29	9.21915	0.193576
XM_006711275.4	8122	7894.29	68.0788	0.388098
XM_006711288.5	1143	915.293	22.397	1.10121
XM_006711294.4	6005	5777.29	0	0
XM_006711295.4	5933	5705.29	0.0133816	0.000105554
XM_006711304.5	8021	7793.29	6.93565	0.0400506
XM_006711326.5	4588	4360.29	0	0
XM_006711330.4	5668	5440.29	0	0
XM_006711332.4	5909	5681.29	41.9586	0.332366
XM_006711333.3	5891	5663.29	1159.94	9.21744
XM_006711334.4	5888	5660.29	52.1819	0.414881
XM_006711348.4	949	721.293	3.47538	0.216836
XM_006711356.4	4097	3869.29	0	0
XM_006711359.3	3726	3498.29	41.9027	0.539048
XM_006711367.5	5343	5115.29	122.232	1.07537
XM_006711369.4	2220	1992.29	4.81354e-07	1.08731e-08
XM_006711370.5	5306	5078.29	1.63555e-05	1.4494e-07
XM_006711371.4	5137	4909.29	1.92455e-05	1.76422e-07
XM_006711374.3	5604	5376.29	1583.14	13.2519
XM_006711375.3	5514	5286.29	248.164	2.11266
XM_006711376.2	5493	5265.29	540.867	4.62286
XM_006711386.5	2905	2677.29	0	0
XM_006711388.4	4043	3815.29	967.781	11.4154
XM_006711393.4	11894	11666.3	263.881	1.01793
XM_006711394.5	11300	11072.3	22.0509	0.0896256
XM_006711397.4	3138	2910.29	0	0
XM_006711404.5	1521	1293.29	0	0
XM_006711410.4	7396	7168.29	2.44902e-08	1.53751e-10
XM_006711428.3	4386	4158.29	0	0
XM_006711441.4	3759	3531.29	0.0011397	1.45244e-05
XM_006711442.3	4235	4007.29	74.0397	0.831488
XM_006711449.5	5153	4925.29	0	0
XM_006711450.4	11517	11289.3	1197.38	4.77319
XM_006711451.4	11592	11364.3	449.457	1.77987
XM_006711453.3	1316	1088.29	0.590723	0.0244276
XM_006711465.2	6782	6554.29	33.3505	0.228991
XM_006711472.5	5213	4985.29	0	0
XM_006711473.4	5159	4931.29	0	0
XM_006711474.4	5015	4787.29	0	0
XM_006711484.5	3201	2973.29	0	0
XM_006711487.4	2757	2529.29	54.5933	0.971364
XM_006711492.5	2000	1772.29	0	0
XM_006711495.5	8357	8129.29	211.086	1.16855
XM_006711496.4	8706	8478.29	0.000446775	2.3715e-06
XM_006711497.4	8640	8412.29	0.00131384	7.02861e-06
XM_006711504.4	4127	3899.29	0	0
XM_006711505.4	4033	3805.29	0	0
XM_006711506.4	3850	3622.29	0	0
XM_006711530.2	5373	5145.29	0	0
XM_006711535.4	1031	803.293	0	0
XM_006711537.5	1536	1308.29	330.665	11.3743
XM_006711555.3	2625	2397.29	0	0
XM_006711563.5	3836	3608.29	0	0
XM_006711564.5	3800	3572.29	0	0
XM_006711567.5	3868	3640.29	0	0
XM_006711568.5	3608	3380.29	0	0
XM_006711572.3	2669	2441.29	214.763	3.95897
XM_006711578.5	18990	18762.3	0.129872	0.000311511
XM_006711581.4	1839	1611.29	0	0
XM_006711583.2	1748	1520.29	0	0
XM_006711592.3	4843	4615.29	0	0
XM_006711594.4	4878	4650.29	0	0
XM_006711605.4	2953	2725.29	0	0
XM_006711606.4	2925	2697.29	20.1493	0.336183
XM_006711612.2	1796	1568.29	0.0321194	0.000921685
XM_006711615.3	1662	1434.29	0	0
XM_006711618.4	10577	10349.3	54.1299	0.23538
XM_006711627.4	2200	1972.29	2.42719	0.0553828
XM_006711630.3	771	543.487	0	0
XM_006711659.4	7312	7084.29	0.206427	0.00131133
XM_006711660.5	7309	7081.29	1.44518	0.00918439
XM_006711661.4	7282	7054.29	0	0
XM_006711662.4	7279	7051.29	0	0
XM_006711665.5	7189	6961.29	1.86761	0.0120737
XM_006711734.3	2168	1940.29	0	0
XM_006711735.4	13993	13765.3	0	0
XM_006711749.4	3372	3144.29	16.7372	0.239554
XM_006711761.3	4733	4505.29	7.80685e-07	7.79821e-09
XM_006711767.5	3664	3436.29	13.2972	0.174146
XM_006711779.4	2216	1988.29	0	0
XM_006711781.4	5914	5686.29	249.032	1.97092
XM_006711802.4	16637	16409.3	0	0
XM_006711803.4	16634	16406.3	0	0
XM_006711804.4	16613	16385.3	0	0
XM_006711805.4	16607	16379.3	0	0
XM_006711806.4	16601	16373.3	0	0
XM_006711807.4	16577	16349.3	0	0
XM_006711808.4	16400	16172.3	0	0
XM_006711810.4	16544	16316.3	0	0
XM_006711814.3	3039	2811.29	0	0
XM_006711816.4	4533	4305.29	75.7099	0.791393
XM_006711818.4	3094	2866.29	79.6441	1.25048
XM_006711834.5	11164	10936.3	0	0
XM_006711835.5	11107	10879.3	0	0
XM_006711840.3	3452	3224.29	628.302	8.76953
XM_006711843.5	7268	7040.29	0	0
XM_006711857.3	938	710.293	0	0
XM_006711858.3	1019	791.293	4.25299	0.241879
XM_006711876.5	1542	1314.29	0	0
XM_006711877.4	1533	1305.29	0	0
XM_006711882.4	3604	3376.29	4.72229	0.062944
XM_006711893.3	1366	1138.29	0	0
XM_006711894.5	2355	2127.29	0	0
XM_006711897.4	1405	1177.29	0.286469	0.0109505
XM_006711898.2	5674	5446.29	0	0
XM_006711901.4	5368	5140.29	0	0
XM_006711902.2	5539	5311.29	0	0
XM_006711903.4	4372	4144.29	21.7801	0.236511
XM_006711915.3	6628	6400.29	0	0
XM_006711916.4	3223	2995.29	240.6	3.61492
XM_006711922.3	2126	1898.29	109.164	2.58798
XM_006711924.3	4218	3990.29	264.992	2.98861
XM_006711925.2	5019	4791.29	11.6047	0.108999
XM_006711929.4	21326	21098.3	6.92256	0.014766
XM_006711930.4	1721	1493.29	0	0
XM_006711931.4	1560	1332.29	0	0
XM_006711942.5	2763	2535.29	91.4298	1.62294
XM_006711946.4	3534	3306.29	3.88127	0.0528292
XM_006711951.5	3765	3537.29	5.02226	0.0638955
XM_006711956.3	12993	12765.3	0	0
XM_006711971.4	5210	4982.29	0.521289	0.0047086
XM_006711974.3	6192	5964.29	8.58753	0.0647965
XM_006711976.4	6764	6536.29	146.171	1.0064
XM_006711977.4	5850	5622.29	195.457	1.56452
XM_006711986.4	5479	5251.29	0	0
XM_006711987.2	5296	5068.29	41.071	0.364683
XM_006711991.2	5405	5177.29	0	0
XM_006711992.3	5733	5505.29	16.791	0.137259
XM_006711995.4	1985	1757.29	0	0
XM_006712005.4	9845	9617.29	30.2303	0.141459
XM_006712007.5	1347	1119.29	0	0
XM_006712008.5	1619	1391.29	0	0
XM_006712009.5	1616	1388.29	0	0
XM_006712010.5	1484	1256.29	0	0
XM_006712011.5	1481	1253.29	0	0
XM_006712012.5	1481	1253.29	0	0
XM_006712013.5	1346	1118.29	0	0
XM_006712014.5	1229	1001.29	0	0
XM_006712015.4	6764	6536.29	0	0
XM_006712030.5	17882	17654.3	104.486	0.266349
XM_006712031.5	3937	3709.29	0	0
XM_006712034.3	6934	6706.29	108.591	0.728708
XM_006712035.5	6901	6673.29	24.4336	0.164775
XM_006712037.4	1550	1322.29	23.0226	0.783554
XM_006712041.4	4729	4501.29	0	0
XM_006712042.4	4159	3931.29	5.68278e-05	6.50531e-07
XM_006712043.3	4146	3918.29	0	0
XM_006712044.4	4337	4109.29	0	0
XM_006712050.4	4890	4662.29	0	0
XM_006712051.5	2684	2456.29	280.216	5.13398
XM_006712052.4	7583	7355.29	204.078	1.24864
XM_006712054.4	15750	15522.3	1.83089	0.00530821
XM_006712055.4	15708	15480.3	2.21477	0.00643861
XM_006712056.4	15669	15441.3	20.9044	0.0609252
XM_006712073.4	2123	1895.29	1	0.0237447
XM_006712074.4	1358	1130.29	0	0
XM_006712087.4	10122	9894.29	406.312	1.84807
XM_006712090.5	1866	1638.29	102.256	2.80891
XM_006712091.5	1871	1643.29	0	0
XM_006712094.4	5109	4881.29	268.063	2.47141
XM_006712101.4	7148	6920.29	0	0
XM_006712104.3	4190	3962.29	47.735	0.542166
XM_006712109.3	2988	2760.29	24.516	0.399703
XM_006712117.5	522	300.222	8.90232	1.33445
XM_006712118.4	1703	1475.29	9.83943	0.300147
XM_006712122.4	1501	1273.29	334.4	11.819
XM_006712128.3	3200	2972.29	29.8287	0.451632
XM_006712129.2	3333	3105.29	363.14	5.26277
XM_006712130.2	3144	2916.29	325.636	5.02508
XM_006712150.3	1057	829.293	84.7557	4.59942
XM_006712169.3	6931	6703.29	162.737	1.09255
XM_006712180.4	6384	6156.29	3.04196e-05	2.2237e-07
XM_006712181.4	6297	6069.29	4.45959e-05	3.30674e-07
XM_006712182.4	6294	6066.29	0	0
XM_006712189.4	10343	10115.3	0.405681	0.00180488
XM_006712193.4	8321	8093.29	46.4503	0.258289
XM_006712195.4	3124	2896.29	3.97941	0.0618327
XM_006712196.4	1564	1336.29	0	0
XM_006712200.4	20344	20116.3	0	0
XM_006712201.4	20326	20098.3	149.874	0.33559
XM_006712204.2	4158	3930.29	0	0
XM_006712205.4	4131	3903.29	0	0
XM_006712223.4	4907	4679.29	5.87841	0.0565356
XM_006712233.4	1812	1584.29	0	0
XM_006712243.3	3658	3430.29	8.56885e-08	1.12417e-09
XM_006712245.4	3759	3531.29	0	0
XM_006712246.4	9795	9567.29	0	0
XM_006712254.4	1603	1375.29	0	0
XM_006712260.3	6433	6205.29	25.4111	0.184291
XM_006712281.5	1323	1095.29	0	0
XM_006712285.2	1125	897.293	3.5742	0.179262
XM_006712286.4	1128	900.293	23.0596	1.15268
XM_006712287.2	1083	855.293	0	0
XM_006712288.4	2010	1782.29	14.5973	0.368583
XM_006712299.5	6122	5894.29	0	0
XM_006712300.4	1794	1566.29	0	0
XM_006712301.3	3704	3476.29	0	0
XM_006712317.3	3172	2944.29	0	0
XM_006712320.4	3158	2930.29	0	0
XM_006712327.4	2747	2519.29	0	0
XM_006712331.4	2114	1886.29	0	0
XM_006712332.4	2039	1811.29	0	0
XM_006712333.4	1995	1767.29	0	0
XM_006712334.4	1537	1309.29	0	0
XM_006712335.5	1920	1692.29	0	0
XM_006712336.4	1692	1464.29	1.01829	0.0312956
XM_006712353.4	2799	2571.29	0	0
XM_006712359.4	2684	2456.29	0	0
XM_006712364.4	12142	11914.3	0	0
XM_006712381.2	7874	7646.29	238.254	1.40227
XM_006712382.2	7850	7622.29	1116.31	6.59085
XM_006712383.2	7826	7598.29	1244.23	7.36931
XM_006712388.5	5937	5709.29	151.319	1.19276
XM_006712398.5	1377	1149.29	0	0
XM_006712400.5	1435	1207.29	0	0
XM_006712403.4	1268	1040.29	2.15353	0.0931616
XM_006712414.3	4001	3773.29	51.6258	0.615727
XM_006712416.5	1850	1622.29	0.335206	0.00929876
XM_006712417.2	2171	1943.29	2.54303	0.0588919
XM_006712435.1	4776	4548.29	23.5057	0.232578
XM_006712438.4	3539	3311.29	0	0
XM_006712443.4	9561	9333.29	0	0
XM_006712482.4	1699	1471.29	0	0
XM_006712499.4	3443	3215.29	0	0
XM_006712500.4	3440	3212.29	0	0
XM_006712501.4	3425	3197.29	0.563235	0.00792774
XM_006712502.4	3410	3182.29	0	0
XM_006712503.4	10114	9886.29	0	0
XM_006712505.4	7104	6876.29	0	0
XM_006712506.4	3293	3065.29	0	0
XM_006712514.4	11507	11279.3	8.04093e-08	3.20824e-10
XM_006712519.4	9845	9617.29	0	0
XM_006712521.5	2768	2540.29	0	0
XM_006712534.4	8945	8717.29	57.2915	0.295768
XM_006712541.3	25726	25498.3	0	0
XM_006712542.3	25726	25498.3	2.15931	0.00381106
XM_006712551.2	2795	2567.29	0	0
XM_006712552.3	1530	1302.29	42.8846	1.48196
XM_006712553.5	3273	3045.29	6.84091	0.101094
XM_006712555.5	4404	4176.29	38.1795	0.411416
XM_006712573.3	736	508.753	0	0
XM_006712580.5	3511	3283.29	0	0
XM_006712582.2	3572	3344.29	0	0
XM_006712583.5	3705	3477.29	0	0
XM_006712584.5	3579	3351.29	0	0
XM_006712589.4	1967	1739.29	7.51766	0.194515
XM_006712594.3	1713	1485.29	0	0
XM_006712596.2	2981	2753.29	13.5444	0.221386
XM_006712600.3	3357	3129.29	0	0
XM_006712606.4	1965	1737.29	0	0
XM_006712608.4	3097	2869.29	13.6175	0.213581
XM_006712617.5	7366	7138.29	0.3525	0.00222232
XM_006712626.4	3472	3244.29	0	0
XM_006712627.5	2039	1811.29	23.9461	0.594961
XM_006712628.4	891	663.427	20.6964	1.40392
XM_006712634.4	10743	10515.3	936.27	4.00703
XM_006712635.5	10737	10509.3	67.3834	0.28855
XM_006712636.4	10728	10500.3	996.557	4.27113
XM_006712637.3	1887	1659.29	351.81	9.54173
XM_006712646.4	12027	11799.3	144.97	0.552924
XM_006712648.5	12019	11791.3	0	0
XM_006712651.2	6577	6349.29	0	0
XM_006712653.2	6343	6115.29	0	0
XM_006712654.4	7573	7345.29	108.439	0.664382
XM_006712655.4	4649	4421.29	0	0
XM_006712677.5	3211	2983.29	12.0624	0.181961
XM_006712680.3	7352	7124.29	1.8739e-05	1.18372e-07
XM_006712682.4	7590	7362.29	0	0
XM_006712689.3	1537	1309.29	0	0
XM_006712693.3	2700	2472.29	0	0
XM_006712695.4	10612	10384.3	16.3819	0.0709952
XM_006712698.5	8759	8531.29	0	0
XM_006712711.5	3342	3114.29	0	0
XM_006712715.5	1094	866.293	0	0
XM_006712718.2	3962	3734.29	318.239	3.83519
XM_006712719.4	2856	2628.29	0	0
XM_006712734.4	1447	1219.29	0	0
XM_006712736.4	1484	1256.29	0	0
XM_006712737.2	3624	3396.29	29.1676	0.38649
XM_006712739.2	3588	3360.29	178.035	2.38435
XM_006712740.2	3540	3312.29	1.55003e-07	2.10598e-09
XM_006712746.4	1013	785.293	16.7114	0.957689
XM_006712748.4	4176	3948.29	3.53691	0.0403141
XM_006712749.4	4071	3843.29	1.08348	0.012687
XM_006712750.5	4131	3903.29	30.9567	0.356916
XM_006712751.5	4358	4130.29	45.5761	0.496591
XM_006712761.2	5567	5339.29	114.093	0.961655
XM_006712768.2	5597	5369.29	52.7925	0.442483
XM_006712777.4	7033	6805.29	0	0
XM_006712778.5	6946	6718.29	0	0
XM_006712781.3	3667	3439.29	0	0
XM_006712783.3	7743	7515.29	44.1584	0.26443
XM_006712784.2	1237	1009.29	51.1327	2.27994
XM_006712794.5	7189	6961.29	0.0665544	0.000430258
XM_006712797.4	3173	2945.29	0	0
XM_006712799.4	852	624.427	0	0
XM_006712800.3	6479	6251.29	0	0
XM_006712802.2	7026	6798.29	0	0
XM_006712808.4	1830	1602.29	15.1407	0.425253
XM_006712810.4	7391	7163.29	0	0
XM_006712814.4	7015	6787.29	0	0
XM_006712817.4	4181	3953.29	0	0
XM_006712819.4	5525	5297.29	0	0
XM_006712822.4	6049	5821.29	14.3974	0.111303
XM_006712824.5	6272	6044.29	361.268	2.68984
XM_006712833.3	1665	1437.29	0	0
XM_006712834.4	1539	1311.29	0	0
XM_006712835.3	1467	1239.29	0	0
XM_006712837.3	1341	1113.29	0	0
XM_006712838.4	7588	7360.29	0	0
XM_006712839.4	2336	2108.29	0	0
XM_006712856.2	2524	2296.29	0	0
XM_006712870.4	6918	6690.29	0	0
XM_006712871.2	6833	6605.29	0	0
XM_006712872.4	3723	3495.29	0	0
XM_006712875.3	9218	8990.29	73.4909	0.367876
XM_006712877.4	8835	8607.29	0	0
XM_006712880.4	8315	8087.29	0	0
XM_006712884.4	1334	1106.29	0	0
XM_006712887.4	1287	1059.29	0	0
XM_006712916.2	3651	3423.29	0.279313	0.00367188
XM_006712917.3	3000	2772.29	299.302	4.85862
XM_006712931.5	11473	11245.3	1.19017	0.004763
XM_006712932.5	11719	11491.3	1.63574e-07	6.40601e-10
XM_006712938.2	7617	7389.29	21.0228	0.128035
XM_006712939.4	7776	7548.29	0	0
XM_006712940.4	7679	7451.29	0	0
XM_006712946.4	4758	4530.29	0.00330231	3.28046e-05
XM_006712947.3	4707	4479.29	36.0172	0.361862
XM_006712954.4	5082	4854.29	2	0.0185416
XM_006712955.4	5389	5161.29	880.477	7.67718
XM_006712960.4	1827	1599.29	0	0
XM_006712965.4	1087	859.293	0	0
XM_006712967.4	1134	906.293	0	0
XM_006712970.5	2668	2440.29	0	0
XM_006712972.5	3797	3569.29	0	0
XM_006712976.2	2668	2440.29	0	0
XM_006712979.5	1970	1742.29	0	0
XM_006712980.5	1967	1739.29	0	0
XM_006712985.2	3074	2846.29	132.987	2.10268
XM_006712998.3	3779	3551.29	0	0
XM_006712999.4	6025	5797.29	0	0
XM_006713001.4	8372	8144.29	0	0
XM_006713004.5	5074	4846.29	0	0
XM_006713008.4	9129	8901.29	0	0
XM_006713009.4	9105	8877.29	0	0
XM_006713010.4	8986	8758.29	0	0
XM_006713011.5	4227	3999.29	0	0
XM_006713015.4	2023	1795.29	161.847	4.05706
XM_006713016.4	2002	1774.29	89.0048	2.25751
XM_006713019.4	4643	4415.29	36.3994	0.371003
XM_006713029.3	2179	1951.29	0	0
XM_006713030.3	2116	1888.29	0	0
XM_006713031.5	2065	1837.29	2.76199	0.0676528
XM_006713033.2	3759	3531.29	69.4127	0.884602
XM_006713040.2	7300	7072.29	0	0
XM_006713041.2	7297	7069.29	0	0
XM_006713042.2	7276	7048.29	0	0
XM_006713048.2	7237	7009.29	0.0307154	0.000197208
XM_006713050.2	7213	6985.29	4.82209	0.0310665
XM_006713052.2	7183	6955.29	0.189107	0.00122359
XM_006713053.2	7162	6934.29	6.31505	0.0409842
XM_006713065.1	5045	4817.29	0	0
XM_006713068.3	3806	3578.29	0	0
XM_006713069.2	2864	2636.29	0	0
XM_006713072.4	8761	8533.29	41.8617	0.220771
XM_006713073.4	4448	4220.29	0	0
XM_006713084.4	2761	2533.29	0	0
XM_006713085.4	2728	2500.29	0	0
XM_006713086.4	4394	4166.29	102.92	1.11171
XM_006713110.3	7866	7638.29	2.10001e-06	1.23728e-08
XM_006713112.3	4838	4610.29	0	0
XM_006713113.4	4684	4456.29	0	0
XM_006713114.5	8107	7879.29	0	0
XM_006713122.1	1519	1291.29	38.6526	1.34709
XM_006713124.4	2874	2646.29	0	0
XM_006713138.5	10435	10207.3	321.347	1.41679
XM_006713171.3	7187	6959.29	2.05407	0.0132829
XM_006713175.5	9030	8802.29	0	0
XM_006713195.4	1305	1077.29	0	0
XM_006713197.5	1385	1157.29	61.9105	2.40748
XM_006713198.2	1372	1144.29	21.2913	0.837351
XM_006713199.5	1885	1657.29	0	0
XM_006713200.2	1882	1654.29	0	0
XM_006713201.3	1959	1731.29	0	0
XM_006713202.3	1956	1728.29	1.40399	0.0365584
XM_006713216.5	2175	1947.29	69.193	1.59909
XM_006713217.5	1721	1493.29	19.3541	0.583269
XM_006713219.3	2477	2249.29	0	0
XM_006713264.4	3687	3459.29	5.63294e-08	7.32807e-10
XM_006713269.2	2114	1886.29	0.0325763	0.000777204
XM_006713274.3	1798	1570.29	0	0
XM_006713275.3	1641	1413.29	0	0
XM_006713277.4	7520	7292.29	168.878	1.0422
XM_006713289.4	3134	2906.29	0	0
XM_006713290.4	1759	1531.29	6.66459	0.195865
XM_006713291.4	3108	2880.29	0	0
XM_006713292.4	1425	1197.29	0	0
XM_006713301.5	3999	3771.29	57.7199	0.688775
XM_006713303.4	1757	1529.29	199.751	5.87814
XM_006713307.3	6588	6360.29	15.6242	0.110551
XM_006713311.4	3115	2887.29	0	0
XM_006713312.5	3662	3434.29	0	0
XM_006713313.3	2688	2460.29	5.45988	0.0998708
XM_006713326.4	6076	5848.29	0	0
XM_006713339.4	965	737.293	44.909	2.74116
XM_006713340.4	1927	1699.29	11.5994	0.307192
XM_006713341.3	3415	3187.29	0	0
XM_006713342.2	3310	3082.29	0	0
XM_006713343.3	2547	2319.29	0	0
XM_006713345.5	1989	1761.29	8.86094	0.226407
XM_006713378.4	5333	5105.29	4.44782e-07	3.92074e-09
XM_006713384.4	3157	2929.29	24.3218	0.373659
XM_006713385.2	3811	3583.29	0	0
XM_006713387.2	3769	3541.29	0	0
XM_006713388.2	3766	3538.29	0	0
XM_006713389.2	3763	3535.29	0	0
XM_006713390.2	3806	3578.29	0	0
XM_006713392.2	3742	3514.29	0	0
XM_006713393.2	3724	3496.29	0	0
XM_006713395.2	3721	3493.29	0	0
XM_006713396.2	3706	3478.29	17.3067	0.223919
XM_006713397.2	3598	3370.29	0	0
XM_006713416.4	5733	5505.29	0	0
XM_006713417.4	5700	5472.29	0	0
XM_006713418.5	5620	5392.29	0	0
XM_006713421.4	8067	7839.29	1.86249	0.010692
XM_006713438.4	5719	5491.29	0	0
XM_006713439.4	4767	4539.29	0	0
XM_006713440.4	4424	4196.29	0	0
XM_006713451.4	5020	4792.29	148.217	1.39187
XM_006713459.5	4882	4654.29	194.925	1.88476
XM_006713469.4	4373	4145.29	0	0
XM_006713472.2	2010	1782.29	70.0817	1.76957
XM_006713477.5	3637	3409.29	9.53875	0.125913
XM_006713481.4	3039	2811.29	0	0
XM_006713483.2	5195	4967.29	0	0
XM_006713484.2	5292	5064.29	0	0
XM_006713485.5	2272	2044.29	5.90637	0.130023
XM_006713489.2	3139	2911.29	19.0744	0.294854
XM_006713493.3	1302	1074.29	0	0
XM_006713494.3	1230	1002.29	0	0
XM_006713496.4	3625	3397.29	84.3386	1.11721
XM_006713499.4	3785	3557.29	0	0
XM_006713500.5	4464	4236.29	0	0
XM_006713501.4	5511	5283.29	0	0
XM_006713508.5	2329	2101.29	0	0
XM_006713513.4	1167	939.293	0	0
XM_006713524.5	3440	3212.29	202.587	2.83817
XM_006713527.4	2726	2498.29	0	0
XM_006713529.5	3911	3683.29	0.05181	0.000633023
XM_006713532.4	4108	3880.29	89.9458	1.04318
XM_006713538.4	5243	5015.29	0.00117209	1.05174e-05
XM_006713556.5	3223	2995.29	100.703	1.51302
XM_006713557.4	7114	6886.29	148.102	0.967873
XM_006713560.4	9916	9688.29	82.2197	0.381919
XM_006713562.4	2812	2584.29	1.82089	0.0317092
XM_006713565.3	4956	4728.29	0	0
XM_006713566.5	4749	4521.29	67.3673	0.670546
XM_006713569.4	6584	6356.29	0	0
XM_006713571.4	6521	6293.29	0	0
XM_006713572.4	6515	6287.29	72.1398	0.516361
XM_006713588.3	11186	10958.3	72.7557	0.29879
XM_006713589.3	11183	10955.3	97.7747	0.401647
XM_006713591.3	10961	10733.3	70.7948	0.296832
XM_006713592.4	16302	16074.3	0	0
XM_006713610.4	7683	7455.29	0	0
XM_006713613.5	2236	2008.29	2.45213	0.0549488
XM_006713630.4	4305	4077.29	951.401	10.5011
XM_006713643.4	4042	3814.29	55.3815	0.653421
XM_006713647.5	9007	8779.29	55.0514	0.282196
XM_006713658.5	9106	8878.29	61.9372	0.313953
XM_006713659.4	6154	5926.29	32.3534	0.245685
XM_006713660.4	4007	3779.29	0	0
XM_006713664.1	1926	1698.29	0	0
XM_006713665.5	2832	2604.29	0	0
XM_006713666.4	1871	1643.29	0	0
XM_006713667.3	1628	1400.29	0	0
XM_006713673.3	2999	2771.29	12.046	0.195615
XM_006713681.4	1672	1444.29	0.579575	0.0180591
XM_006713686.5	7252	7024.29	245.451	1.57255
XM_006713687.3	4809	4581.29	268.271	2.63529
XM_006713691.4	4024	3796.29	0.000640616	7.59417e-06
XM_006713695.4	3217	2989.29	0.000103055	1.55146e-06
XM_006713705.4	3060	2832.29	0	0
XM_006713710.5	2223	1995.29	68.6318	1.54796
XM_006713714.4	9247	9019.29	126.788	0.632626
XM_006713716.4	4063	3835.29	238.347	2.79675
XM_006713721.3	6428	6200.29	87.5015	0.635105
XM_006713727.4	3550	3322.29	105.595	1.43036
XM_006713728.4	3262	3034.29	271.839	4.03177
XM_006713730.3	1380	1152.29	26.9513	1.05259
XM_006713731.4	3702	3474.29	0	0
XM_006713733.4	3225	2997.29	0	0
XM_006713735.2	7262	7034.29	133.45	0.853771
XM_006713736.4	2247	2019.29	0	0
XM_006713741.3	3110	2882.29	28.3831	0.443163
XM_006713753.3	12715	12487.3	27.1569	0.0978711
XM_006713754.5	12924	12696.3	37.5924	0.133249
XM_006713756.4	12442	12214.3	2.80605	0.0103388
XM_006713757.5	1881	1653.29	45.8246	1.24736
XM_006713760.5	5734	5506.29	0	0
XM_006713769.4	2008	1780.29	12.2951	0.310801
XM_006713773.5	6219	5991.29	0.377852	0.0028382
XM_006713778.4	1938	1710.29	0	0
XM_006713789.4	10120	9892.29	0	0
XM_006713798.4	2404	2176.29	46.3965	0.959423
XM_006713799.4	2449	2221.29	7.83504	0.158737
XM_006713800.3	2335	2107.29	71.6801	1.53079
XM_006713801.4	2487	2259.29	0.558338	0.0111216
XM_006713810.4	16194	15966.3	0	0
XM_006713811.4	16167	15939.3	3.74822e-08	1.05827e-10
XM_006713812.4	16155	15927.3	0	0
XM_006713813.4	16128	15900.3	0.266915	0.000755458
XM_006713814.4	16098	15870.3	0	0
XM_006713825.4	9748	9520.29	0	0
XM_006713827.4	9375	9147.29	0	0
XM_006713828.4	9330	9102.29	1.1095e-07	5.48554e-10
XM_006713831.5	9523	9295.29	34.1987	0.165573
XM_006713849.3	1567	1339.29	0	0
XM_006713850.3	1746	1518.29	0	0
XM_006713868.2	4316	4088.29	0	0
XM_006713869.2	4313	4085.29	37.4892	0.412976
XM_006713870.2	4313	4085.29	0	0
XM_006713871.2	4310	4082.29	0	0
XM_006713873.2	4304	4076.29	0	0
XM_006713884.2	5368	5140.29	331.967	2.90636
XM_006713889.3	3838	3610.29	0	0
XM_006713891.4	3409	3181.29	4.7369	0.067009
XM_006713895.4	5173	4945.29	0	0
XM_006713909.4	7445	7217.29	31.3528	0.195499
XM_006713918.2	1830	1602.29	0	0
XM_006713923.5	3738	3510.29	0	0
XM_006713924.5	3735	3507.29	0	0
XM_006713925.4	3618	3390.29	0	0
XM_006713927.4	3363	3135.29	0	0
XM_006713932.4	5594	5366.29	146.345	1.22729
XM_006713958.4	10750	10522.3	0	0
XM_006713959.4	3934	3706.29	104.085	1.26384
XM_006713968.5	7981	7753.29	132.623	0.769797
XM_006713974.4	3574	3346.29	0	0
XM_006713975.5	2498	2270.29	0.279656	0.00554351
XM_006713976.5	2495	2267.29	5.15776	0.102375
XM_006713977.5	2492	2264.29	0.416885	0.00828564
XM_006713982.5	2756	2528.29	1.70675e-05	3.03798e-07
XM_006713983.5	2750	2522.29	0.754989	0.0134706
XM_006713986.3	7993	7765.29	466.321	2.70252
XM_006713996.2	7696	7468.29	0	0
XM_006714005.5	8905	8677.29	0	0
XM_006714008.5	8807	8579.29	0	0
XM_006714010.5	8902	8674.29	0	0
XM_006714011.5	8842	8614.29	0	0
XM_006714012.5	8839	8611.29	0	0
XM_006714037.5	1025	797.293	24.7489	1.39695
XM_006714041.4	2934	2706.29	0.729339	0.0121282
XM_006714045.3	6392	6164.29	3.18538	0.0232552
XM_006714055.4	5563	5335.29	123.278	1.03985
XM_006714057.4	5153	4925.29	8.57509	0.0783518
XM_006714081.4	5869	5641.29	0	0
XM_006714089.3	995	767.293	0	0
XM_006714090.3	974	746.293	0	0
XM_006714091.3	971	743.293	0	0
XM_006714109.5	3039	2811.29	20.3738	0.326144
XM_006714111.5	6604	6376.29	0	0
XM_006714120.2	3624	3396.29	0	0
XM_006714137.4	3008	2780.29	0	0
XM_006714139.4	14926	14698.3	3199.87	9.79734
XM_006714157.2	6767	6539.29	0	0
XM_006714158.2	6764	6536.29	0	0
XM_006714165.4	11406	11178.3	4.87586	0.0196299
XM_006714167.5	7628	7400.29	0	0
XM_006714168.5	20557	20329.3	0	0
XM_006714172.3	2954	2726.29	12.6566	0.208923
XM_006714177.3	1556	1328.29	0	0
XM_006714180.4	1761	1533.29	0	0
XM_006714207.4	1729	1501.29	0	0
XM_006714210.5	2274	2046.29	0	0
XM_006714231.3	2246	2018.29	0	0
XM_006714233.2	2438	2210.29	0	0
XM_006714234.5	1456	1228.29	3.69913	0.135531
XM_006714239.4	5150	4922.29	971.927	8.88605
XM_006714242.4	9289	9061.29	36.7121	0.182331
XM_006714244.4	4817	4589.29	0	0
XM_006714246.4	2811	2583.29	17.9908	0.313414
XM_006714274.4	2962	2734.29	0.0392563	0.000646111
XM_006714288.5	9107	8879.29	602.705	3.0547
XM_006714291.4	5988	5760.29	7	0.0546885
XM_006714335.2	2276	2048.29	0	0
XM_006714336.2	2249	2021.29	0	0
XM_006714339.3	2093	1865.29	0	0
XM_006714344.2	15895	15667.3	0	0
XM_006714391.2	3470	3242.29	46.7857	0.649386
XM_006714396.5	4144	3916.29	227.011	2.60864
XM_006714397.4	4135	3907.29	60.4107	0.695793
XM_006714406.3	2894	2666.29	0	0
XM_006714408.3	6887	6659.29	98.9715	0.668843
XM_006714416.4	6289	6061.29	0	0
XM_006714435.5	4656	4428.29	0	0
XM_006714444.4	953	725.293	1	0.0620481
XM_006714445.4	953	725.293	0	0
XM_006714452.5	3774	3546.29	0	0
XM_006714453.5	3714	3486.29	0	0
XM_006714455.5	3639	3411.29	3.00377	0.0396269
XM_006714460.3	10726	10498.3	12.2739	0.0526145
XM_006714461.5	6100	5872.29	81.9152	0.627768
XM_006714463.4	9419	9191.29	0.00214324	1.04939e-05
XM_006714464.4	4834	4606.29	0	0
XM_006714467.3	10278	10050.3	21.5423	0.0964619
XM_006714468.3	10227	9999.29	0	0
XM_006714469.3	4947	4719.29	0	0
XM_006714475.4	11373	11145.3	287.128	1.15938
XM_006714479.3	3309	3081.29	22.8991	0.334447
XM_006714480.4	2972	2744.29	49.428	0.810559
XM_006714484.3	11638	11410.3	0	0
XM_006714491.4	11296	11068.3	0.0258448	0.000105083
XM_006714494.4	1254	1026.29	44.2419	1.94001
XM_006714496.5	3867	3639.29	0	0
XM_006714498.2	2342	2114.29	17.5784	0.374159
XM_006714504.4	1236	1008.29	0	0
XM_006714506.4	11900	11672.3	116.999	0.451096
XM_006714507.4	11435	11207.3	0	0
XM_006714515.3	4872	4644.29	209.257	2.02769
XM_006714523.3	6215	5987.29	153.563	1.15425
XM_006714526.5	3180	2952.29	2.88139	0.0439222
XM_006714532.3	1242	1014.29	0	0
XM_006714534.3	2836	2608.29	29.2008	0.503825
XM_006714539.4	2692	2464.29	22.3973	0.409021
XM_006714544.2	1521	1293.29	0	0
XM_006714550.2	1604	1376.29	0	0
XM_006714552.3	995	767.293	0	0
XM_006714553.2	2653	2425.29	97.6128	1.81128
XM_006714564.4	1616	1388.29	0	0
XM_006714570.5	4052	3824.29	0	0
XM_006714576.3	15294	15066.3	0	0
XM_006714577.3	15120	14892.3	0.755041	0.00228166
XM_006714587.5	9449	9221.29	306.684	1.49673
XM_006714592.5	2168	1940.29	108.148	2.50837
XM_006714597.3	3331	3103.29	4.01025	0.0581555
XM_006714599.4	3700	3472.29	0	0
XM_006714600.2	1345	1117.29	35.98	1.44923
XM_006714606.4	9911	9683.29	0.844699	0.00392574
XM_006714631.3	3734	3506.29	491.909	6.31362
XM_006714648.2	5582	5354.29	0	0
XM_006714663.3	6894	6666.29	0	0
XM_006714670.4	3588	3360.29	0	0
XM_006714672.5	3863	3635.29	189.713	2.34855
XM_006714675.5	2130	1902.29	32.1358	0.760246
XM_006714678.4	4808	4580.29	0.285902	0.0028091
XM_006714679.4	4715	4487.29	17.6531	0.177043
XM_006714682.3	3404	3176.29	1.03272	0.014632
XM_006714684.3	3311	3083.29	311.677	4.54917
XM_006714685.5	4328	4100.29	6.44474	0.0707348
XM_006714686.5	4235	4007.29	2.44484	0.0274563
XM_006714695.5	3913	3685.29	0	0
XM_006714717.4	5007	4779.29	0	0
XM_006714718.4	5327	5099.29	31.9328	0.281818
XM_006714724.4	1390	1162.29	77.8696	3.01505
XM_006714734.3	3873	3645.29	0	0
XM_006714739.4	2041	1813.29	23.387	0.580429
XM_006714741.3	3245	3017.29	0	0
XM_006714747.2	2319	2091.29	20.0971	0.432476
XM_006714752.4	2604	2376.29	0	0
XM_006714753.3	3324	3096.29	10.6636	0.15499
XM_006714755.4	5942	5714.29	4.1667	0.032815
XM_006714757.2	5763	5535.29	0	0
XM_006714759.5	5460	5232.29	18.6422	0.160342
XM_006714774.5	2066	1838.29	0	0
XM_006714784.4	5060	4832.29	2.18522	0.0203509
XM_006714797.3	4275	4047.29	133.65	1.4861
XM_006714803.5	4190	3962.29	0	0
XM_006714810.4	1605	1377.29	0.00448473	0.000146539
XM_006714812.4	4297	4069.29	124.691	1.37898
XM_006714816.5	1307	1079.29	22.2604	0.928189
XM_006714821.4	4908	4680.29	26.9532	0.259167
XM_006714822.5	7953	7725.29	52.5528	0.306142
XM_006714823.5	3436	3208.29	0	0
XM_006714824.5	3436	3208.29	0	0
XM_006714831.3	3849	3621.29	26.1368	0.324812
XM_006714832.3	3717	3489.29	0	0
XM_006714849.4	4667	4439.29	0	0
XM_006714858.4	2701	2473.29	26.3954	0.480281
XM_006714859.3	2576	2348.29	0	0
XM_006714865.4	2676	2448.29	0	0
XM_006714871.3	2584	2356.29	113.611	2.16988
XM_006714879.4	3777	3549.29	0	0
XM_006714880.3	3716	3488.29	13.1687	0.169892
XM_006714914.4	800	572.487	0	0
XM_006714915.4	703	475.947	1.63688	0.154774
XM_006714917.5	6332	6104.29	0	0
XM_006714921.4	2570	2342.29	39.9191	0.766975
XM_006714925.3	1955	1727.29	1.60278e-05	4.1759e-07
XM_006714927.2	3034	2806.29	0	0
XM_006714928.2	3901	3673.29	0	0
XM_006714929.3	3069	2841.29	0.0279461	0.000442636
XM_006714930.3	3063	2835.29	0	0
XM_006714931.4	2701	2473.29	40.8396	0.743102
XM_006714932.4	2711	2483.29	32.3807	0.586814
XM_006714933.4	2977	2749.29	0	0
XM_006714934.4	2950	2722.29	0	0
XM_006714935.4	2941	2713.29	0	0
XM_006714936.4	2914	2686.29	0	0
XM_006714947.4	1707	1479.29	24.6698	0.750504
XM_006714949.4	2235	2007.29	0	0
XM_006714950.3	2124	1896.29	0	0
XM_006714951.2	2385	2157.29	0	0
XM_006714955.4	3930	3702.29	35.4694	0.431147
XM_006714966.4	1215	987.293	1.29623	0.0590851
XM_006714974.2	4646	4418.29	0	0
XM_006714975.2	4544	4316.29	0	0
XM_006714979.5	3791	3563.29	0	0
XM_006714980.5	1618	1390.29	0	0
XM_006714984.2	2721	2493.29	0	0
XM_006714985.2	2662	2434.29	2.53682	0.0468986
XM_006714987.2	2087	1859.29	0	0
XM_006714991.4	5991	5763.29	163.807	1.2791
XM_006714997.3	3034	2806.29	0	0
XM_006714998.4	3829	3601.29	114.45	1.4302
XM_006714999.3	4057	3829.29	121.563	1.42865
XM_006715000.5	1621	1393.29	25.1216	0.811422
XM_006715005.4	1513	1285.29	0	0
XM_006715009.4	2800	2572.29	0	0
XM_006715022.4	6567	6339.29	0	0
XM_006715023.3	5390	5162.29	28.9524	0.252397
XM_006715025.4	1997	1769.29	0	0
XM_006715026.4	2412	2184.29	0	0
XM_006715036.3	6416	6188.29	7.79663	0.0566994
XM_006715039.4	6853	6625.29	0	0
XM_006715040.4	6825	6597.29	0	0
XM_006715043.3	6212	5984.29	0	0
XM_006715045.4	7440	7212.29	13.8246	0.0862627
XM_006715046.5	6286	6058.29	0	0
XM_006715047.5	4084	3856.29	0	0
XM_006715049.4	973	745.293	0	0
XM_006715052.4	4682	4454.29	0	0
XM_006715056.4	4587	4359.29	205.569	2.12219
XM_006715062.3	1707	1479.29	0	0
XM_006715066.4	1871	1643.29	16.2727	0.445643
XM_006715067.4	2881	2653.29	0	0
XM_006715072.5	748	520.701	0	0
XM_006715079.5	1272	1044.29	2.14017	0.0922291
XM_006715082.4	5606	5378.29	0	0
XM_006715086.3	4248	4020.29	0	0
XM_006715090.3	5206	4978.29	3.69994	0.033447
XM_006715103.4	3542	3314.29	0	0
XM_006715106.4	1884	1656.29	178.946	4.86215
XM_006715107.4	1674	1446.29	158.218	4.92314
XM_006715123.2	3650	3422.29	201.555	2.65045
XM_006715134.4	1385	1157.29	24.2228	0.94194
XM_006715135.2	3425	3197.29	94.3935	1.32862
XM_006715150.4	768	540.541	0.999385	0.0832044
XM_006715180.3	3408	3180.29	0	0
XM_006715204.2	3168	2940.29	0	0
XM_006715205.4	1430	1202.29	72.8595	2.72721
XM_006715206.4	687	460.134	0	0
XM_006715209.4	594	368.988	0	0
XM_006715210.4	643	416.972	0	0
XM_006715212.5	2250	2022.29	0	0
XM_006715215.3	4653	4425.29	0	0
XM_006715218.4	4183	3955.29	0	0
XM_006715223.2	4137	3909.29	0	0
XM_006715235.2	3046	2818.29	2	0.0319364
XM_006715237.4	3158	2930.29	9.36189	0.143779
XM_006715245.4	3183	2955.29	0	0
XM_006715250.5	2762	2534.29	0	0
XM_006715251.4	2754	2526.29	0	0
XM_006715254.5	2652	2424.29	0	0
XM_006715257.3	2704	2476.29	0	0
XM_006715261.2	2553	2325.29	0	0
XM_006715262.3	2725	2497.29	0	0
XM_006715263.3	2608	2380.29	0	0
XM_006715265.2	2619	2391.29	0.00157464	2.96341e-05
XM_006715266.2	2526	2298.29	87.0733	1.70499
XM_006715275.3	5490	5262.29	0	0
XM_006715279.3	5492	5264.29	0	0
XM_006715281.4	2370	2142.29	0	0
XM_006715321.5	8309	8081.29	0	0
XM_006715329.3	2502	2274.29	0	0
XM_006715336.4	1337	1109.29	0	0
XM_006715340.5	6413	6185.29	19.2806	0.140282
XM_006715344.5	1460	1232.29	0	0
XM_006715345.5	6562	6334.29	10.0009	0.0710528
XM_006715349.5	3201	2973.29	3.93059	0.0594924
XM_006715376.4	7209	6981.29	0	0
XM_006715378.4	1690	1462.29	115.703	3.56084
XM_006715407.2	27766	27538.3	0	0
XM_006715408.3	27754	27526.3	5.29059e-08	8.64966e-11
XM_006715409.2	27745	27517.3	0.0020128	3.29183e-06
XM_006715410.3	27724	27496.3	0.00147899	2.42066e-06
XM_006715411.2	27715	27487.3	0.000181949	2.97893e-07
XM_006715412.3	27709	27481.3	952.08	1.55912
XM_006715413.3	27697	27469.3	0	0
XM_006715414.2	27694	27466.3	206.36	0.338118
XM_006715415.3	27655	27427.3	7.23799e-07	1.18762e-09
XM_006715416.3	27640	27412.3	0.517233	0.000849147
XM_006715417.3	27625	27397.3	3.68334e-07	6.05029e-10
XM_006715420.3	27613	27385.3	4.08621e-05	6.715e-08
XM_006715421.3	27610	27382.3	356.826	0.586447
XM_006715422.2	27607	27379.3	0	0
XM_006715423.3	27707	27479.3	0	0
XM_006715424.3	27665	27437.3	1.57787e-07	2.58805e-10
XM_006715425.3	27596	27368.3	0	0
XM_006715432.4	2365	2137.29	66.6716	1.40385
XM_006715439.5	11496	11268.3	25.9079	0.103471
XM_006715443.5	4853	4625.29	0	0
XM_006715470.4	2568	2340.29	0	0
XM_006715472.4	4633	4405.29	0	0
XM_006715477.3	5432	5204.29	0	0
XM_006715491.3	7964	7736.29	0	0
XM_006715500.4	1448	1220.29	19.3767	0.714591
XM_006715502.3	1160	932.293	35.4112	1.70935
XM_006715516.3	6825	6597.29	0	0
XM_006715517.3	6560	6332.29	0	0
XM_006715518.3	6741	6513.29	0	0
XM_006715548.5	8454	8226.29	1.02085e-08	5.58472e-11
XM_006715549.4	5916	5688.29	24.531	0.194077
XM_006715550.4	4936	4708.29	0	0
XM_006715552.3	1709	1481.29	1	0.0303809
XM_006715553.4	4497	4269.29	86.2016	0.908661
XM_006715554.4	1020	792.293	0	0
XM_006715562.5	1577	1349.29	0.0431073	0.00143776
XM_006715570.5	16638	16410.3	6.09851	0.0167244
XM_006715573.3	3846	3618.29	10.0949	0.125557
XM_006715574.3	3176	2948.29	0	0
XM_006715576.4	4311	4083.29	0	0
XM_006715578.4	4265	4037.29	0.0048703	5.42885e-05
XM_006715582.3	10716	10488.3	0	0
XM_006715586.4	3899	3671.29	118.749	1.45564
XM_006715593.4	2114	1886.29	0	0
XM_006715603.4	3233	3005.29	112.526	1.68503
XM_006715606.4	2965	2737.29	8.94495	0.147061
XM_006715611.4	2567	2339.29	46.1434	0.887701
XM_006715612.4	2522	2294.29	17.0341	0.334128
XM_006715631.4	1656	1428.29	0	0
XM_006715633.3	4644	4416.29	24.9973	0.254728
XM_006715645.4	6723	6495.29	0	0
XM_006715650.4	1946	1718.29	0	0
XM_006715659.2	10567	10339.3	0	0
XM_006715660.2	10361	10133.3	1.28142e-05	5.69092e-08
XM_006715662.2	10273	10045.3	1.99999	0.00895998
XM_006715665.4	7709	7481.29	0	0
XM_006715666.4	3187	2959.29	0	0
XM_006715670.4	9163	8935.29	0	0
XM_006715671.4	9160	8932.29	0	0
XM_006715673.4	9058	8830.29	0	0
XM_006715674.4	4197	3969.29	54.5537	0.61852
XM_006715676.3	2273	2045.29	17.046	0.375067
XM_006715681.4	6659	6431.29	588.5	4.11804
XM_006715682.4	6644	6416.29	201.667	1.41447
XM_006715683.4	6551	6323.29	103.823	0.73891
XM_006715685.2	4323	4095.29	49.3379	0.542173
XM_006715689.5	4814	4586.29	15.0865	0.148036
XM_006715690.5	3596	3368.29	0	0
XM_006715691.5	1600	1372.29	3.67506	0.12052
XM_006715707.2	2737	2509.29	0	0
XM_006715708.2	1795	1567.29	0	0
XM_006715712.3	3540	3312.29	0	0
XM_006715725.4	3912	3684.29	598.565	7.31138
XM_006715727.4	4145	3917.29	0	0
XM_006715730.1	1764	1536.29	0	0
XM_006715731.3	5270	5042.29	1.38145	0.0123296
XM_006715734.4	3569	3341.29	0	0
XM_006715738.4	8466	8238.29	67.9912	0.371413
XM_006715739.4	8343	8115.29	0	0
XM_006715740.4	8340	8112.29	0	0
XM_006715746.3	4785	4557.29	2211.83	21.8417
XM_006715747.5	4674	4446.29	434.547	4.39826
XM_006715757.5	1740	1512.29	14.1611	0.421408
XM_006715758.5	2740	2512.29	0	0
XM_006715761.3	1887	1659.29	0	0
XM_006715765.3	2692	2464.29	16.0274	0.292693
XM_006715766.3	3259	3031.29	0	0
XM_006715773.3	4194	3966.29	359.06	4.07404
XM_006715775.4	1695	1467.29	1.63524	0.0501541
XM_006715781.3	4425	4197.29	0	0
XM_006715784.3	4101	3873.29	0	0
XM_006715785.5	1708	1480.29	14.1078	0.428896
XM_006715786.4	1609	1381.29	0	0
XM_006715791.2	5529	5301.29	0	0
XM_006715805.2	4940	4712.29	0	0
XM_006715806.4	4317	4089.29	78.6115	0.865127
XM_006715823.3	2282	2054.29	49.2548	1.07902
XM_006715847.2	1298	1070.29	42.411	1.78327
XM_006715854.3	13657	13429.3	5.71963	0.0191671
XM_006715862.5	1767	1539.29	0	0
XM_006715864.5	2955	2727.29	0	0
XM_006715867.5	7886	7658.29	151.653	0.89117
XM_006715868.5	7881	7653.29	67.3438	0.395997
XM_006715869.5	7790	7562.29	45.5635	0.271148
XM_006715894.4	6557	6329.29	0	0
XM_006715898.4	4038	3810.29	0	0
XM_006715916.5	14590	14362.3	0	0
XM_006715921.5	7043	6815.29	34.7301	0.229332
XM_006715923.5	4952	4724.29	64.2254	0.611804
XM_006715933.5	1012	784.293	7.85948e-07	4.5098e-08
XM_006715960.4	2948	2720.29	0	0
XM_006715966.4	3968	3740.29	9.15795	0.110188
XM_006715974.3	2805	2577.29	0	0
XM_006715993.4	11060	10832.3	53.5088	0.222304
XM_006716003.3	6713	6485.29	0	0
XM_006716012.3	6434	6206.29	0	0
XM_006716014.3	6398	6170.29	0	0
XM_006716021.3	6094	5866.29	0	0
XM_006716028.5	9488	9260.29	0	0
XM_006716029.5	9166	8938.29	0.000947547	4.77077e-06
XM_006716035.5	2367	2139.29	0	0
XM_006716036.4	2384	2156.29	0	0
XM_006716038.5	2364	2136.29	0	0
XM_006716040.5	2286	2058.29	0	0
XM_006716041.3	3798	3570.29	0	0
XM_006716069.4	4911	4683.29	0	0
XM_006716073.5	3288	3060.29	168.64	2.47993
XM_006716083.3	2596	2368.29	0	0
XM_006716084.3	2598	2370.29	0	0
XM_006716085.4	6917	6689.29	28.7542	0.193448
XM_006716093.4	2102	1874.29	2.63858	0.0633541
XM_006716098.4	3805	3577.29	6.37927	0.0802526
XM_006716113.4	3004	2776.29	30.6603	0.496996
XM_006716118.4	7778	7550.29	8.73351e-05	5.20556e-07
XM_006716120.4	7324	7096.29	0.000165351	1.04862e-06
XM_006716121.3	6586	6358.29	17.1335	0.121268
XM_006716126.4	3958	3730.29	26.1979	0.316057
XM_006716149.5	2606	2378.29	207.86	3.93321
XM_006716151.5	3654	3426.29	283.504	3.72373
XM_006716170.5	2322	2094.29	0	0
XM_006716171.5	13049	12821.3	424.49	1.48997
XM_006716175.5	1594	1366.29	23.4868	0.773609
XM_006716176.4	962	734.293	12.0875	0.740811
XM_006716181.5	2160	1932.29	0	0
XM_006716182.4	4157	3929.29	74.6615	0.855116
XM_006716189.3	8239	8011.29	12.7918	0.0718575
XM_006716191.3	5641	5413.29	16.3341	0.135793
XM_006716234.5	7519	7291.29	0	0
XM_006716253.4	5518	5290.29	325.57	2.76953
XM_006716256.5	2556	2328.29	0	0
XM_006716257.5	2617	2389.29	0	0
XM_006716260.5	2373	2145.29	12.4414	0.26099
XM_006716266.2	3396	3168.29	0	0
XM_006716273.4	6995	6767.29	0	0
XM_006716274.2	2368	2140.29	0	0
XM_006716285.4	1280	1052.29	0	0
XM_006716293.5	5263	5035.29	0	0
XM_006716298.4	2485	2257.29	0	0
XM_006716299.3	2206	1978.29	0	0
XM_006716324.4	4751	4523.29	191.374	1.90402
XM_006716327.4	4389	4161.29	0	0
XM_006716333.4	1042	814.293	0	0
XM_006716352.4	1190	962.293	87.1761	4.07692
XM_006716357.5	3974	3746.29	35.9414	0.431753
XM_006716360.4	4150	3922.29	11.8253	0.13568
XM_006716363.1	3922	3694.29	0	0
XM_006716364.4	3756	3528.29	0	0
XM_006716381.4	4346	4118.29	225.541	2.46462
XM_006716390.5	3584	3356.29	101.561	1.36179
XM_006716398.3	1377	1149.29	9.07391	0.355309
XM_006716404.3	3876	3648.29	27.3014	0.336773
XM_006716405.4	3614	3386.29	0	0
XM_006716408.5	3729	3501.29	43.499	0.559104
XM_006716410.4	2379	2151.29	4.70536	0.0984319
XM_006716412.2	2837	2609.29	1.37201	0.0236634
XM_006716413.4	2819	2591.29	128.4	2.22992
XM_006716414.4	5660	5432.29	0	0
XM_006716427.4	5020	4792.29	0	0
XM_006716429.3	4993	4765.29	0	0
XM_006716441.1	4309	4081.29	0	0
XM_006716442.1	4343	4115.29	0	0
XM_006716455.4	2229	2001.29	1.70517	0.0383441
XM_006716465.4	687	460.134	0	0
XM_006716474.4	4670	4442.29	0	0
XM_006716477.4	4292	4064.29	0	0
XM_006716484.3	8753	8525.29	0	0
XM_006716485.3	4245	4017.29	28.8226	0.322881
XM_006716500.4	2777	2549.29	0	0
XM_006716501.4	4223	3995.29	0	0
XM_006716518.4	2071	1843.29	0	0
XM_006716519.5	6988	6760.29	0	0
XM_006716520.5	6919	6691.29	0	0
XM_006716522.2	5796	5568.29	32.3286	0.26128
XM_006716524.2	6800	6572.29	175.792	1.20372
XM_006716525.2	1451	1223.29	19.06	0.701187
XM_006716527.3	1729	1501.29	5.28343	0.158377
XM_006716538.4	4059	3831.29	0	0
XM_006716548.3	4471	4243.29	41.8959	0.444335
XM_006716565.3	6069	5841.29	17.9576	0.138351
XM_006716584.2	3317	3089.29	108.326	1.57803
XM_006716585.2	3305	3077.29	10.3443	0.151277
XM_006716587.2	3230	3002.29	955.017	14.3153
XM_006716588.4	14813	14585.3	0.00481461	1.48555e-05
XM_006716589.3	14662	14434.3	0.0186179	5.80468e-05
XM_006716590.4	14680	14452.3	1.39673	0.00434927
XM_006716595.3	4396	4168.29	0	0
XM_006716597.4	780	552.487	0	0
XM_006716615.3	2263	2035.29	0	0
XM_006716617.3	6838	6610.29	200.157	1.36268
XM_006716618.4	5970	5742.29	0	0
XM_006716621.4	5183	4955.29	140.762	1.27837
XM_006716622.4	8392	8164.29	0	0
XM_006716654.4	2585	2357.29	0	0
XM_006716666.5	1238	1010.29	2.91976	0.130059
XM_006716669.4	1106	878.293	12.154	0.622761
XM_006716677.5	10524	10296.3	70.5644	0.308423
XM_006716678.5	10226	9998.29	599.591	2.6988
XM_006716686.5	4589	4361.29	81.2055	0.837939
XM_006716698.4	5316	5088.29	0	0
XM_006716700.3	5330	5102.29	0	0
XM_006716701.3	5321	5093.29	0.22789	0.00201358
XM_006716702.3	5282	5054.29	0	0
XM_006716703.3	5087	4859.29	0	0
XM_006716704.3	5003	4775.29	0	0
XM_006716705.3	4955	4727.29	0	0
XM_006716706.3	4760	4532.29	0	0
XM_006716708.4	4022	3794.29	7.89646	0.0936578
XM_006716714.5	766	538.541	0	0
XM_006716721.4	4774	4546.29	0	0
XM_006716729.4	2493	2265.29	0	0
XM_006716732.2	2218	1990.29	0	0
XM_006716764.4	4831	4603.29	38.6694	0.378043
XM_006716768.4	2047	1819.29	2.00247	0.0495343
XM_006716779.5	2531	2303.29	0	0
XM_006716793.5	5329	5101.29	107.359	0.947112
XM_006716809.5	3629	3401.29	29.2549	0.387077
XM_006716817.5	10125	9897.29	0	0
XM_006716823.4	10077	9849.29	0	0
XM_006716825.5	10074	9846.29	0	0
XM_006716827.5	10017	9789.29	0	0
XM_006716840.3	10588	10360.3	0	0
XM_006716843.3	9252	9024.29	0	0
XM_006716844.3	9505	9277.29	0	0
XM_006716847.3	8367	8139.29	0	0
XM_006716886.4	7855	7627.29	0.043679	0.000257718
XM_006716888.4	7570	7342.29	0.0281968	0.000172827
XM_006716893.3	1379	1151.29	0	0
XM_006716914.2	1532	1304.29	19.7161	0.680282
XM_006716921.3	3995	3767.29	8.55685	0.102218
XM_006716933.4	5899	5671.29	1146.22	9.09551
XM_006716940.4	7578	7350.29	0	0
XM_006716945.5	2627	2399.29	168.924	3.16848
XM_006716947.3	2273	2045.29	0	0
XM_006716965.3	1416	1188.29	0	0
XM_006716975.3	5095	4867.29	0	0
XM_006716982.2	12660	12432.3	0	0
XM_006716983.2	12657	12429.3	0	0
XM_006716984.3	12707	12479.3	0	0
XM_006716985.2	12651	12423.3	0	0
XM_006716986.2	12648	12420.3	0	0
XM_006716989.3	6459	6231.29	0.652212	0.00471035
XM_006717001.4	4427	4199.29	101.692	1.08981
XM_006717002.5	1784	1556.29	38.1239	1.10242
XM_006717004.4	1449	1221.29	47.4513	1.74852
XM_006717005.5	1315	1087.29	0	0
XM_006717014.3	6972	6744.29	325.602	2.17267
XM_006717015.5	1355	1127.29	0	0
XM_006717016.4	2637	2409.29	0	0
XM_006717018.3	8233	8005.29	856.694	4.81605
XM_006717019.2	8147	7919.29	167.798	0.953546
XM_006717023.3	1778	1550.29	0	0
XM_006717027.4	2256	2028.29	0	0
XM_006717028.4	25801	25573.3	27.4106	0.0482363
XM_006717029.4	2270	2042.29	0	0
XM_006717030.5	6066	5838.29	322.405	2.48518
XM_006717049.4	9398	9170.29	70.1493	0.344257
XM_006717051.3	9209	8981.29	0	0
XM_006717053.4	1357	1129.29	36.3159	1.44721
XM_006717055.4	1301	1073.29	95.2972	3.9958
XM_006717060.4	3454	3226.29	477.526	6.66095
XM_006717062.5	5008	4780.29	280.954	2.64499
XM_006717063.5	4873	4645.29	32.8653	0.318395
XM_006717064.5	1797	1569.29	3.47089	0.0995356
XM_006717065.4	3313	3085.29	0	0
XM_006717067.4	6735	6507.29	0	0
XM_006717072.4	6621	6393.29	0	0
XM_006717074.4	6225	5997.29	0	0
XM_006717080.4	3569	3341.29	0	0
XM_006717084.4	1591	1363.29	0	0
XM_006717086.4	773	545.487	0	0
XM_006717096.5	8776	8548.29	779.212	4.10222
XM_006717097.5	8227	7999.29	401.316	2.25775
XM_006717098.5	7954	7726.29	2714.4	15.8105
XM_006717101.5	6862	6634.29	298.916	2.02767
XM_006717102.2	4678	4450.29	0	0
XM_006717109.5	3353	3125.29	0	0
XM_006717110.4	1375	1147.29	1.09469	0.0429398
XM_006717111.5	5173	4945.29	2.58987	0.0235683
XM_006717121.4	4715	4487.29	0	0
XM_006717129.4	8591	8363.29	484.411	2.60663
XM_006717134.4	1085	857.293	0	0
XM_006717141.4	1144	916.293	9.61293	0.472132
XM_006717143.3	5290	5062.29	121.372	1.07898
XM_006717149.4	2325	2097.29	0	0
XM_006717150.4	1517	1289.29	0	0
XM_006717163.3	1972	1744.29	0	0
XM_006717166.5	4201	3973.29	133.219	1.50889
XM_006717167.4	4063	3835.29	25.9546	0.30455
XM_006717185.2	5545	5317.29	90.1276	0.762798
XM_006717186.3	4703	4475.29	0	0
XM_006717188.3	3112	2884.29	0	0
XM_006717189.3	3100	2872.29	0	0
XM_006717190.2	3097	2869.29	0	0
XM_006717191.2	3025	2797.29	0	0
XM_006717195.5	5986	5758.29	0.277085	0.00216552
XM_006717199.4	6889	6661.29	0	0
XM_006717202.4	6413	6185.29	0	0
XM_006717203.5	6372	6144.29	0	0
XM_006717209.5	10528	10300.3	48.9959	0.214069
XM_006717211.5	10658	10430.3	0	0
XM_006717212.5	10394	10166.3	0	0
XM_006717215.5	12902	12674.3	9.65085	0.0342676
XM_006717216.5	12722	12494.3	66.0722	0.237985
XM_006717233.4	3068	2840.29	0	0
XM_006717242.5	5874	5646.29	0	0
XM_006717244.3	2951	2723.29	9.59034	0.158483
XM_006717251.3	7878	7650.29	0	0
XM_006717258.2	4264	4036.29	0	0
XM_006717259.5	4099	3871.29	9.99971	0.116245
XM_006717260.2	4045	3817.29	0.0188997	0.000222813
XM_006717261.3	2820	2592.29	0	0
XM_006717262.2	4132	3904.29	112.753	1.29966
XM_006717263.2	4129	3901.29	9.06189	0.104533
XM_006717264.2	5108	4880.29	0	0
XM_006717268.2	5012	4784.29	0	0
XM_006717273.5	3658	3430.29	31.1862	0.409141
XM_006717278.2	1147	919.293	21.6505	1.05988
XM_006717279.4	2294	2066.29	0	0
XM_006717280.5	3328	3100.29	33.9835	0.493296
XM_006717283.2	5741	5513.29	79.7503	0.650974
XM_006717287.1	2551	2323.29	13.6664	0.264724
XM_006717291.4	5801	5573.29	46.621	0.376454
XM_006717294.2	7364	7136.29	0	0
XM_006717297.4	2258	2030.29	0	0
XM_006717299.4	4784	4556.29	0	0
XM_006717304.4	5000	4772.29	0	0
XM_006717308.3	7759	7531.29	237.372	1.41841
XM_006717310.4	5169	4941.29	646.353	5.8867
XM_006717317.4	2013	1785.29	0	0
XM_006717320.5	2003	1775.29	28.0146	0.71016
XM_006717321.5	1930	1702.29	49.3591	1.30489
XM_006717322.5	1952	1724.29	2.17627e-07	5.67994e-09
XM_006717323.4	2445	2217.29	0	0
XM_006717363.3	1517	1289.29	0	0
XM_006717364.5	997	769.293	20.9258	1.22414
XM_006717382.4	2271	2043.29	0	0
XM_006717387.4	2898	2670.29	0	0
XM_006717399.4	3197	2969.29	26.8891	0.407536
XM_006717423.3	7861	7633.29	0	0
XM_006717425.5	9532	9304.29	0	0
XM_006717434.5	4920	4692.29	3.79545	0.0364016
XM_006717435.5	4825	4597.29	14.7136	0.144032
XM_006717449.2	2823	2595.29	3.54232	0.0614248
XM_006717450.3	3667	3439.29	293.293	3.83774
XM_006717482.4	8045	7817.29	32.2579	0.185704
XM_006717483.5	8092	7864.29	17.1792	0.0983073
XM_006717490.2	7797	7569.29	0	0
XM_006717502.4	5929	5701.29	8.19653	0.0646992
XM_006717505.1	4613	4385.29	0	0
XM_006717506.1	4505	4277.29	0	0
XM_006717508.3	2283	2055.29	0.000281283	6.15902e-06
XM_006717519.5	4045	3817.29	0	0
XM_006717520.5	2510	2282.29	949.174	18.7162
XM_006717521.3	5643	5415.29	984.394	8.18067
XM_006717522.3	5592	5364.29	5.70836	0.0478896
XM_006717524.3	5538	5310.29	0.477939	0.00405038
XM_006717525.3	5535	5307.29	1073.27	9.10078
XM_006717526.3	2607	2379.29	185.063	3.50037
XM_006717539.5	4832	4604.29	188.896	1.8463
XM_006717542.4	4793	4565.29	22.0153	0.21702
XM_006717545.4	1877	1649.29	9.67064	0.263876
XM_006717548.1	9505	9277.29	0	0
XM_006717552.1	9322	9094.29	0	0
XM_006717553.1	9286	9058.29	0	0
XM_006717554.1	9274	9046.29	1.7085	0.00849938
XM_006717589.3	6484	6256.29	0	0
XM_006717604.3	7176	6948.29	0	0
XM_006717605.3	3650	3422.29	0	0
XM_006717610.3	6864	6636.29	0	0
XM_006717611.5	3603	3375.29	0	0
XM_006717617.4	3595	3367.29	0	0
XM_006717630.4	7339	7111.29	102.077	0.645984
XM_006717631.5	3030	2802.29	0	0
XM_006717634.4	3273	3045.29	2.89663	0.0428062
XM_006717635.4	2502	2274.29	0	0
XM_006717656.5	2819	2591.29	1072.14	18.62
XM_006717680.3	4647	4419.29	49.1762	0.500777
XM_006717684.4	2117	1889.29	0	0
XM_006717686.5	880	652.427	259.597	17.9065
XM_006717702.4	3378	3150.29	0	0
XM_006717708.4	4637	4409.29	0	0
XM_006717710.5	4733	4505.29	0	0
XM_006717715.4	7832	7604.29	1.78595e-06	1.05695e-08
XM_006717720.5	3384	3156.29	170.457	2.43042
XM_006717725.4	6037	5809.29	381.706	2.95698
XM_006717731.4	3698	3470.29	89.1145	1.15565
XM_006717732.5	5556	5328.29	76.2855	0.644312
XM_006717740.3	5103	4875.29	102.467	0.94586
XM_006717741.4	2361	2133.29	169.158	3.56849
XM_006717744.3	4809	4581.29	157.721	1.54933
XM_006717775.3	2462	2234.29	48.9903	0.986762
XM_006717777.3	2420	2192.29	35.4695	0.728113
XM_006717812.3	2294	2066.29	0	0
XM_006717813.3	2356	2128.29	4321.07	91.3696
XM_006717819.4	12996	12768.3	9.67926	0.0341155
XM_006717820.5	1643	1415.29	0	0
XM_006717826.3	6168	5940.29	0	0
XM_006717831.4	4489	4261.29	52.5224	0.554684
XM_006717832.4	4354	4126.29	0.12723	0.00138763
XM_006717835.4	2668	2440.29	0	0
XM_006717837.3	8167	7939.29	0	0
XM_006717846.4	7078	6850.29	0	0
XM_006717849.5	2461	2233.29	369.524	7.44627
XM_006717864.4	10567	10339.3	1388.28	6.04266
XM_006717870.3	5395	5167.29	0	0
XM_006717880.3	1830	1602.29	213.39	5.99341
XM_006717883.3	1711	1483.29	134.299	4.07463
XM_006717884.5	2499	2271.29	4.65265	0.092187
XM_006717885.5	12523	12295.3	0	0
XM_006717888.5	12520	12292.3	0	0
XM_006717890.4	10976	10748.3	0	0
XM_006717891.5	5297	5069.29	0	0
XM_006717894.2	5861	5633.29	0	0
XM_006717895.2	5824	5596.29	0	0
XM_006717905.4	3669	3441.29	0	0
XM_006717907.3	5914	5686.29	450.156	3.56268
XM_006717914.4	3130	2902.29	759.718	11.7802
XM_006717923.4	7630	7402.29	148.584	0.903334
XM_006717924.4	7552	7324.29	32.0715	0.197059
XM_006717925.4	7372	7144.29	857.151	5.39934
XM_006717930.4	2262	2034.29	12.8503	0.284277
XM_006717944.5	3496	3268.29	231.485	3.18746
XM_006717947.5	4628	4400.29	0	0
XM_006717949.5	2008	1780.29	25.9172	0.655146
XM_006717951.4	1934	1706.29	55.426	1.46185
XM_006717953.3	2219	1991.29	0	0
XM_006717969.1	3889	3661.29	87.2471	1.07241
XM_006717973.4	2988	2760.29	0	0
XM_006717974.4	2746	2518.29	0	0
XM_006717978.3	2434	2206.29	0	0
XM_006717984.4	1684	1456.29	65.032	2.00965
XM_006717996.2	3815	3587.29	8.8513	0.111041
XM_006717998.2	3722	3494.29	0	0
XM_006718001.3	2048	1820.29	0	0
XM_006718003.4	2076	1848.29	6.14703	0.149671
XM_006718005.5	1172	944.293	0	0
XM_006718006.4	718	490.852	21.4298	1.96476
XM_006718011.3	5010	4782.29	18.5703	0.174753
XM_006718017.4	2386	2158.29	0	0
XM_006718020.2	3792	3564.29	20.4388	0.258062
XM_006718024.2	1743	1515.29	147.018	4.36632
XM_006718030.2	7052	6824.29	4.73377e-05	3.1217e-07
XM_006718047.3	6502	6274.29	0	0
XM_006718049.3	6490	6262.29	0	0
XM_006718054.3	6405	6177.29	0	0
XM_006718056.4	6624	6396.29	543.958	3.82719
XM_006718057.4	4406	4178.29	12.7567	0.137398
XM_006718075.5	6769	6541.29	967.633	6.65717
XM_006718078.4	2336	2108.29	7.10036	0.151562
XM_006718085.2	4343	4115.29	0	0
XM_006718090.2	4456	4228.29	0	0
XM_006718118.3	2821	2593.29	169.19	2.93607
XM_006718132.3	2843	2615.29	0	0
XM_006718133.3	2477	2249.29	0	0
XM_006718136.5	1256	1028.29	0	0
XM_006718138.5	962	734.293	3.35024	0.205328
XM_006718140.2	2459	2231.29	0	0
XM_006718141.5	2060	1832.29	0	0
XM_006718155.4	5952	5724.29	0	0
XM_006718156.4	2315	2087.29	0	0
XM_006718172.3	2454	2226.29	66.7747	1.34981
XM_006718178.3	2609	2381.29	64.7023	1.22278
XM_006718181.4	2690	2462.29	2.28479	0.0417589
XM_006718185.3	1784	1556.29	2.35397e-06	6.80694e-08
XM_006718206.4	770	542.487	58.8252	4.87996
XM_006718208.4	3073	2845.29	39.6422	0.627008
XM_006718225.4	4939	4711.29	112.101	1.07081
XM_006718227.3	3007	2779.29	10.9207	0.176831
XM_006718228.4	2340	2112.29	0	0
XM_006718249.4	2606	2378.29	0	0
XM_006718251.4	1268	1040.29	0	0
XM_006718253.4	3119	2891.29	0	0
XM_006718254.2	12754	12526.3	33.5554	0.120554
XM_006718263.2	4559	4331.29	0	0
XM_006718294.4	1074	846.293	0	0
XM_006718299.3	1038	810.293	0	0
XM_006718300.4	1026	798.293	8.60861	0.485303
XM_006718309.5	4884	4656.29	0	0
XM_006718313.4	5410	5182.29	11.2158	0.0973981
XM_006718314.4	5370	5142.29	0	0
XM_006718317.5	2729	2501.29	0	0
XM_006718318.5	2642	2414.29	0	0
XM_006718321.5	6397	6169.29	24.4877	0.17863
XM_006718343.4	3359	3131.29	12.5505	0.180377
XM_006718346.3	2848	2620.29	203.436	3.49398
XM_006718348.3	1512	1284.29	0	0
XM_006718349.4	4286	4058.29	0	0
XM_006718352.3	4414	4186.29	0	0
XM_006718353.3	3923	3695.29	0	0
XM_006718356.5	2077	1849.29	45.7587	1.11355
XM_006718358.4	3263	3035.29	2.77176e-05	4.10958e-07
XM_006718359.5	6913	6685.29	947.37	6.37737
XM_006718364.5	11600	11372.3	0.000432048	1.70972e-06
XM_006718365.5	11570	11342.3	0	0
XM_006718366.5	10641	10413.3	0	0
XM_006718372.4	4595	4367.29	0	0
XM_006718374.3	4594	4366.29	0	0
XM_006718376.3	4265	4037.29	0	0
XM_006718381.4	2311	2083.29	120.389	2.60063
XM_006718383.4	2201	1973.29	3.14315e-08	7.16829e-10
XM_006718384.3	1098	870.293	0	0
XM_006718388.3	5428	5200.29	0	0
XM_006718390.5	1605	1377.29	116.945	3.82117
XM_006718398.4	10622	10394.3	0	0
XM_006718421.4	2008	1780.29	0	0
XM_006718430.5	2867	2639.29	0	0
XM_006718431.5	2756	2528.29	0	0
XM_006718437.2	2012	1784.29	7.47887	0.188631
XM_006718447.4	3027	2799.29	8.09814	0.13019
XM_006718448.5	1601	1373.29	42.1299	1.38061
XM_006718459.5	1708	1480.29	0	0
XM_006718460.1	3512	3284.29	0	0
XM_006718462.1	3356	3128.29	0	0
XM_006718470.4	1415	1187.29	64.8732	2.45895
XM_006718480.4	6823	6595.29	173.613	1.18465
XM_006718486.4	5206	4978.29	0	0
XM_006718487.5	3596	3368.29	103.887	1.38802
XM_006718489.5	2991	2763.29	0	0
XM_006718490.5	3101	2873.29	25.6238	0.401335
XM_006718491.5	3098	2870.29	35.5264	0.557016
XM_006718493.2	6842	6614.29	343.04	2.33401
XM_006718500.3	933	705.293	0	0
XM_006718517.3	3636	3408.29	29.1919	0.38545
XM_006718518.4	3438	3210.29	76.3865	1.07081
XM_006718521.4	1433	1205.29	18.7658	0.700673
XM_006718522.3	910	682.293	2.95209	0.194716
XM_006718533.4	4126	3898.29	1590.42	18.3602
XM_006718538.5	1788	1560.29	0	0
XM_006718539.5	1771	1543.29	0	0
XM_006718549.5	7123	6895.29	291.618	1.90328
XM_006718556.5	2920	2692.29	0	0
XM_006718564.3	7222	6994.29	1318.53	8.48373
XM_006718571.4	2361	2133.29	6.11822	0.129068
XM_006718578.4	4078	3850.29	0	0
XM_006718579.4	2897	2669.29	203.499	3.43089
XM_006718581.2	5670	5442.29	36.7831	0.304165
XM_006718586.3	1174	946.293	274.501	13.0545
XM_006718602.3	4570	4342.29	0	0
XM_006718608.4	5229	5001.29	55.3322	0.497895
XM_006718612.4	5211	4983.29	6.62463	0.0598256
XM_006718614.3	5181	4953.29	108.254	0.98354
XM_006718621.3	5061	4833.29	12.6565	0.117845
XM_006718623.4	4967	4739.29	0	0
XM_006718624.3	4959	4731.29	0	0
XM_006718627.4	5688	5460.29	102.733	0.846714
XM_006718629.2	2174	1946.29	0	0
XM_006718632.2	2019	1791.29	9.90684	0.248892
XM_006718637.5	6686	6458.29	0	0
XM_006718638.5	6965	6737.29	35.292	0.23574
XM_006718642.4	4972	4744.29	348.744	3.3081
XM_006718647.5	2356	2128.29	0	0
XM_006718652.4	2334	2106.29	71.8666	1.5355
XM_006718656.4	1361	1133.29	149.736	5.94603
XM_006718660.3	1548	1320.29	0	0
XM_006718661.3	1432	1204.29	0	0
XM_006718671.5	10775	10547.3	0	0
XM_006718689.4	3559	3331.29	12.2044	0.164872
XM_006718697.4	3806	3578.29	149.968	1.8861
XM_006718698.3	3276	3048.29	17.5315	0.258824
XM_006718707.4	898	670.361	14.6518	0.983611
XM_006718716.4	5552	5324.29	0	0
XM_006718725.4	5799	5571.29	439.09	3.54682
XM_006718732.3	2077	1849.29	45.3181	1.10283
XM_006718733.4	1161	933.293	34.8145	1.67874
XM_006718737.5	4349	4121.29	0	0
XM_006718738.3	3156	2928.29	0	0
XM_006718739.3	3129	2901.29	0	0
XM_006718740.3	3126	2898.29	0	0
XM_006718767.4	3843	3615.29	0	0
XM_006718769.5	2579	2351.29	224.937	4.30523
XM_006718772.4	2296	2068.29	0	0
XM_006718775.3	4399	4171.29	0	0
XM_006718780.4	3961	3733.29	12.8222	0.154565
XM_006718788.2	7628	7400.29	0	0
XM_006718794.2	5855	5627.29	0	0
XM_006718797.4	6529	6301.29	0.0397355	0.000283787
XM_006718798.4	6358	6130.29	0	0
XM_006718799.4	6313	6085.29	0	0
XM_006718800.4	6280	6052.29	0	0
XM_006718801.4	6217	5989.29	0	0
XM_006718802.4	6172	5944.29	0	0
XM_006718803.4	6139	5911.29	0	0
XM_006718805.4	10251	10023.3	7.34683	0.0329862
XM_006718815.4	7544	7316.29	105.406	0.64836
XM_006718823.3	5558	5330.29	0	0
XM_006718825.5	9713	9485.29	7.54438e-05	3.57944e-07
XM_006718826.5	9496	9268.29	110.042	0.534319
XM_006718839.4	14083	13855.3	198.693	0.645371
XM_006718842.4	6945	6717.29	77.7893	0.521156
XM_006718843.5	13865	13637.3	2.64576e-05	8.731e-08
XM_006718845.3	8791	8563.29	648.147	3.40624
XM_006718846.4	6403	6175.29	0	0
XM_006718858.4	3229	3001.29	0	0
XM_006718859.2	2954	2726.29	0	0
XM_006718860.5	5146	4918.29	0	0
XM_006718861.3	4180	3952.29	0	0
XM_006718865.4	1156	928.293	0	0
XM_006718879.4	1710	1482.29	55.9097	1.69744
XM_006718892.4	3427	3199.29	0	0
XM_006718901.3	4609	4381.29	0	0
XM_006718903.3	13662	13434.3	0	0
XM_006718904.2	3428	3200.29	17.9834	0.252885
XM_006718913.4	6221	5993.29	0	0
XM_006718926.3	1419	1191.29	0.0570865	0.00215654
XM_006718940.5	3316	3088.29	121.303	1.76764
XM_006718941.4	2551	2323.29	6.24862	0.121038
XM_006718945.4	3024	2796.29	9.6779	0.155754
XM_006718946.4	2955	2727.29	33.0017	0.544561
XM_006718948.5	4699	4471.29	1.07792	0.0108491
XM_006718969.4	2438	2210.29	11.2433	0.228922
XM_006718975.5	3224	2996.29	0	0
XM_006718976.5	3218	2990.29	0	0
XM_006718985.4	2927	2699.29	0	0
XM_006718992.4	1551	1323.29	63.8008	2.16976
XM_006719003.3	10793	10565.3	0.217096	0.000924725
XM_006719005.4	2411	2183.29	0	0
XM_006719008.4	1687	1459.29	0	0
XM_006719017.3	13541	13313.3	0	0
XM_006719018.3	4068	3840.29	77.8009	0.911722
XM_006719021.4	2707	2479.29	200.097	3.63208
XM_006719027.3	5415	5187.29	886.262	7.68889
XM_006719028.1	5809	5581.29	13.9596	0.112559
XM_006719033.4	1422	1194.29	0	0
XM_006719035.4	961	733.293	0	0
XM_006719036.4	1411	1183.29	0	0
XM_006719040.4	9572	9344.29	268.156	1.29147
XM_006719050.5	4170	3942.29	0.00201202	2.29681e-05
XM_006719054.4	7984	7756.29	19.0563	0.110568
XM_006719056.4	4953	4725.29	48.5155	0.462055
XM_006719063.4	2745	2517.29	0	0
XM_006719074.3	1175	947.293	11.3223	0.537889
XM_006719091.2	4542	4314.29	0	0
XM_006719093.2	4404	4176.29	0.522021	0.00562521
XM_006719099.4	5559	5331.29	130.62	1.1026
XM_006719101.2	2382	2154.29	0	0
XM_006719110.5	3572	3344.29	3.24383	0.0436512
XM_006719111.3	3737	3509.29	0	0
XM_006719114.3	6574	6346.29	17.7891	0.126146
XM_006719135.4	2510	2282.29	0	0
XM_006719144.4	4669	4441.29	3.63645e-05	3.68477e-07
XM_006719147.4	4902	4674.29	0	0
XM_006719153.4	1074	846.293	63.791	3.3922
XM_006719155.3	6030	5802.29	34.0448	0.264054
XM_006719159.5	5771	5543.29	27.9143	0.226622
XM_006719180.5	5509	5281.29	138.623	1.18124
XM_006719185.4	4157	3929.29	0	0
XM_006719186.5	7453	7225.29	0	0
XM_006719194.4	1538	1310.29	143.097	4.91478
XM_006719199.3	2556	2328.29	3.05103e-05	5.89726e-07
XM_006719206.3	8691	8463.29	152.685	0.811892
XM_006719210.5	7056	6828.29	8.13274	0.0536003
XM_006719214.3	5172	4944.29	85.4226	0.777519
XM_006719217.2	4046	3818.29	37.4274	0.441126
XM_006719218.2	4050	3822.29	0	0
XM_006719226.4	9378	9150.29	0	0
XM_006719237.5	3544	3316.29	47.2364	0.641011
XM_006719239.4	1183	955.293	0	0
XM_006719241.3	8784	8556.29	0	0
XM_006719257.4	3508	3280.29	20.0831	0.275524
XM_006719263.3	2051	1823.29	0	0
XM_006719290.5	8505	8277.29	68.2695	0.371177
XM_006719291.5	8502	8274.29	274.192	1.49131
XM_006719292.5	8393	8165.29	462.839	2.55094
XM_006719293.4	2297	2069.29	64.0725	1.39345
XM_006719309.5	2674	2446.29	3.35006	0.0616292
XM_006719319.4	2803	2575.29	0	0
XM_006719324.5	3464	3236.29	7.40925e-07	1.03031e-08
XM_006719325.5	3461	3233.29	8.79126e-07	1.22362e-08
XM_006719359.2	3127	2899.29	194.693	3.02205
XM_006719361.4	4995	4767.29	395.271	3.73134
XM_006719383.5	4202	3974.29	0	0
XM_006719390.5	1125	897.293	0	0
XM_006719404.4	3962	3734.29	0	0
XM_006719405.5	4034	3806.29	0	0
XM_006719406.5	4136	3908.29	0	0
XM_006719407.4	3998	3770.29	0	0
XM_006719409.4	3959	3731.29	0	0
XM_006719410.5	4077	3849.29	0	0
XM_006719411.4	4061	3833.29	0	0
XM_006719433.5	2533	2305.29	71.336	1.3926
XM_006719438.4	4908	4680.29	31.6117	0.30396
XM_006719467.3	4706	4478.29	97.457	0.979361
XM_006719468.2	4095	3867.29	80.7056	0.939159
XM_006719471.5	1608	1380.29	0	0
XM_006719472.2	3048	2820.29	1.21069	0.0193188
XM_006719478.3	4432	4204.29	1.67903	0.0179724
XM_006719483.5	4981	4753.29	0	0
XM_006719493.4	6314	6086.29	0	0
XM_006719494.4	6242	6014.29	0	0
XM_006719504.5	6319	6091.29	0	0
XM_006719505.5	6319	6091.29	0	0
XM_006719507.5	5295	5067.29	0	0
XM_006719508.5	7551	7323.29	7.14876e-06	4.39306e-08
XM_006719510.5	7476	7248.29	9.62762	0.0597758
XM_006719512.5	6067	5839.29	0	0
XM_006719513.5	6064	5836.29	0	0
XM_006719514.5	5028	4800.29	0	0
XM_006719525.3	4852	4624.29	124.055	1.20729
XM_006719528.2	6841	6613.29	0	0
XM_006719529.5	6363	6135.29	299.145	2.19426
XM_006719532.3	5358	5130.29	0	0
XM_006719541.5	7752	7524.29	1.14049e-07	6.82131e-10
XM_006719542.5	7665	7437.29	44.5634	0.269653
XM_006719552.5	5951	5723.29	0	0
XM_006719564.3	3247	3019.29	0	0
XM_006719584.3	3920	3692.29	10.3073	0.12563
XM_006719585.3	4096	3868.29	47.9034	0.5573
XM_006719588.5	4285	4057.29	0	0
XM_006719593.4	4070	3842.29	54.2427	0.63532
XM_006719594.4	2283	2055.29	0	0
XM_006719595.4	2379	2151.29	4.38515	0.0917333
XM_006719597.5	2101	1873.29	20.753	0.498559
XM_006719598.4	1928	1700.29	0	0
XM_006719600.4	1775	1547.29	17.4392	0.50722
XM_006719602.5	2852	2624.29	81.9483	1.4053
XM_006719606.3	5833	5605.29	32.3031	0.259351
XM_006719623.3	13204	12976.3	24.4783	0.084893
XM_006719625.3	3124	2896.29	2.64253	0.0410601
XM_006719626.3	2933	2705.29	0	0
XM_006719627.4	3033	2805.29	6.54676e-08	1.05024e-09
XM_006719639.3	1596	1368.29	58.6048	1.92751
XM_006719641.4	3284	3056.29	0	0
XM_006719642.4	3368	3140.29	0	0
XM_006719643.3	2998	2770.29	0	0
XM_006719644.3	3207	2979.29	3.85919	0.0582942
XM_006719672.2	1515	1287.29	0.00289816	0.000101318
XM_006719681.4	6376	6148.29	43.8097	0.32067
XM_006719682.3	6373	6145.29	41.5863	0.304544
XM_006719694.4	3845	3617.29	0	0
XM_006719696.4	3701	3473.29	0	0
XM_006719697.4	3482	3254.29	0.025432	0.000351695
XM_006719700.2	2945	2717.29	26.1075	0.432386
XM_006719705.4	6647	6419.29	777.785	5.45274
XM_006719706.3	6943	6715.29	2548.11	17.0763
XM_006719707.5	5553	5325.29	81.137	0.685674
XM_006719708.5	5463	5235.29	35.5137	0.305279
XM_006719709.5	5448	5220.29	358.024	3.08645
XM_006719712.5	5109	4881.29	67.5139	0.622445
XM_006719713.5	3016	2788.29	8.06983	0.130247
XM_006719715.4	4511	4283.29	0	0
XM_006719719.3	987	759.293	0	0
XM_006719735.2	3998	3770.29	82.2898	0.98223
XM_006719743.5	2145	1917.29	0	0
XM_006719749.4	12966	12738.3	61.1929	0.216188
XM_006719751.5	4876	4648.29	25.1386	0.243383
XM_006719768.4	4088	3860.29	0	0
XM_006719771.4	1507	1279.29	0	0
XM_006719772.5	976	748.293	71.8453	4.32085
XM_006719793.5	3954	3726.29	23.9969	0.289815
XM_006719794.3	4017	3789.29	3.95268	0.0469436
XM_006719796.2	5352	5124.29	68.2518	0.599408
XM_006719797.2	5277	5049.29	2581.14	23.0051
XM_006719803.4	11185	10957.3	0.000793375	3.2585e-06
XM_006719805.4	11113	10885.3	2.29827e-05	9.50176e-08
XM_006719806.4	11128	10900.3	57.1136	0.2358
XM_006719808.5	2015	1787.29	0	0
XM_006719827.4	9353	9125.29	0	0
XM_006719846.4	5309	5081.29	0	0
XM_006719849.3	5249	5021.29	0	0
XM_006719857.3	6624	6396.29	1.72331	0.0121249
XM_006719866.4	4105	3877.29	100.597	1.16761
XM_006719867.5	1355	1127.29	0	0
XM_006719870.4	2860	2632.29	0	0
XM_006719871.4	3130	2902.29	25.1856	0.390529
XM_006719876.1	3953	3725.29	0	0
XM_006719882.2	3134	2906.29	0	0
XM_006719884.2	3128	2900.29	0	0
XM_006719885.2	3074	2846.29	0	0
XM_006719894.4	3598	3370.29	0.272722	0.00364162
XM_006719895.3	4248	4020.29	4.51575	0.0505492
XM_006719896.5	1006	778.293	164.589	9.51702
XM_006719903.4	14429	14201.3	11.9679	0.0379257
XM_006719916.1	3675	3447.29	0	0
XM_006719917.3	7629	7401.29	8.80794e-07	5.35561e-09
XM_006719918.1	3615	3387.29	0	0
XM_006719920.1	3537	3309.29	564.645	7.67861
XM_006719922.2	7800	7572.29	0	0
XM_006719924.3	7933	7705.29	0	0
XM_006719925.2	7742	7514.29	0	0
XM_006719931.4	7864	7636.29	0	0
XM_006719932.2	7673	7445.29	0	0
XM_006719936.2	7662	7434.29	0	0
XM_006719937.4	7795	7567.29	0	0
XM_006719953.4	1977	1749.29	33.5297	0.862599
XM_006719956.4	5977	5749.29	0	0
XM_006719963.4	2922	2694.29	0	0
XM_006719969.2	2844	2616.29	313.882	5.3991
XM_006719995.4	961	733.293	0	0
XM_006720001.4	1376	1148.29	0	0
XM_006720008.4	3364	3136.29	4.97381	0.0713698
XM_006720009.4	3340	3112.29	1.57861	0.0228264
XM_006720010.4	3331	3103.29	217.626	3.15595
XM_006720012.2	6013	5785.29	117.972	0.91769
XM_006720013.5	4256	4028.29	24.3441	0.271967
XM_006720019.4	4861	4633.29	0	0
XM_006720020.4	4707	4479.29	3.09672e-07	3.11124e-09
XM_006720021.3	3630	3402.29	0	0
XM_006720022.3	3552	3324.29	0	0
XM_006720026.4	1741	1513.29	7.72895	0.229847
XM_006720029.2	5021	4793.29	1064.93	9.99839
XM_006720030.2	4997	4769.29	386.973	3.65148
XM_006720039.5	2408	2180.29	0	0
XM_006720043.4	3879	3651.29	4.21828e-08	5.19913e-10
XM_006720052.2	1029	801.293	0	0
XM_006720081.5	4109	3881.29	0	0
XM_006720082.4	9825	9597.29	0	0
XM_006720090.3	6364	6136.29	15.6397	0.1147
XM_006720091.3	6331	6103.29	12.3678	0.0911949
XM_006720092.4	6292	6064.29	8.47623	0.0629021
XM_006720094.5	2219	1991.29	974.952	22.0338
XM_006720098.4	9419	9191.29	0	0
XM_006720099.4	9416	9188.29	0	0
XM_006720100.5	9278	9050.29	0	0
XM_006720101.4	9450	9222.29	0	0
XM_006720104.5	5370	5142.29	9.32988	0.081651
XM_006720116.5	7761	7533.29	0.095693	0.00057166
XM_006720121.5	4152	3924.29	0	0
XM_006720125.4	3875	3647.29	6.60875	0.0815439
XM_006720158.3	1847	1619.29	9.76533	0.271396
XM_006720174.4	1624	1396.29	0.000158962	5.12342e-06
XM_006720185.4	3307	3079.29	39.7322	0.580675
XM_006720197.5	4030	3802.29	17.9475	0.212422
XM_006720203.4	5133	4905.29	160.577	1.4732
XM_006720204.2	8366	8138.29	28.3102	0.15655
XM_006720205.2	1950	1722.29	0.0402568	0.0010519
XM_006720206.5	1145	917.293	10.8482	0.532221
XM_006720211.4	9456	9228.29	0	0
XM_006720213.3	917	689.293	80.3555	5.24631
XM_006720226.4	1884	1656.29	0.34157	0.00928078
XM_006720231.2	2886	2658.29	2.97036	0.0502861
XM_006720232.3	2881	2653.29	0	0
XM_006720234.4	2806	2578.29	9.97778	0.174158
XM_006720238.4	4337	4109.29	73.8608	0.80889
XM_006720240.4	2985	2757.29	0	0
XM_006720277.4	7343	7115.29	0	0
XM_006720297.3	6129	5901.29	0	0
XM_006720298.3	6126	5898.29	0	0
XM_006720299.4	5872	5644.29	135.866	1.08329
XM_006720301.4	2907	2679.29	0	0
XM_006720308.2	1620	1392.29	12.7731	0.412866
XM_006720310.2	2129	1901.29	0	0
XM_006720322.3	12384	12156.3	0	0
XM_006720344.4	5387	5159.29	106.548	0.929391
XM_006720354.4	1181	953.293	0	0
XM_006720364.3	3354	3126.29	6.39204	0.0920135
XM_006720367.2	3423	3195.29	0	0
XM_006720375.3	885	657.427	170.531	11.6734
XM_006720382.4	3358	3130.29	0	0
XM_006720389.5	5076	4848.29	57.9929	0.538304
XM_006720398.4	3668	3440.29	4.70651e-07	6.15667e-09
XM_006720402.5	10853	10625.3	0	0
XM_006720403.5	10829	10601.3	31.1163	0.132091
XM_006720408.3	1732	1504.29	0	0
XM_006720409.5	1450	1222.29	0	0
XM_006720410.5	1344	1116.29	0	0
XM_006720411.4	1188	960.293	0	0
XM_006720414.4	1183	955.293	0	0
XM_006720420.2	3567	3339.29	0	0
XM_006720421.2	3447	3219.29	0	0
XM_006720423.4	3448	3220.29	13.9878	0.195477
XM_006720426.3	3319	3091.29	0	0
XM_006720437.4	5827	5599.29	0	0
XM_006720443.5	12172	11944.3	0	0
XM_006720445.5	11019	10791.3	0	0
XM_006720447.5	6932	6704.29	14.7422	0.0989581
XM_006720454.2	1459	1231.29	104.509	3.81974
XM_006720459.3	2763	2535.29	0	0
XM_006720461.5	2564	2336.29	48.7611	0.939266
XM_006720465.4	6483	6255.29	815.36	5.86603
XM_006720466.4	6821	6593.29	283.494	1.93502
XM_006720468.3	2965	2737.29	378.999	6.23101
XM_006720495.4	1524	1296.29	42.5384	1.4768
XM_006720504.3	2581	2353.29	0	0
XM_006720539.4	12691	12463.3	323.324	1.16748
XM_006720545.5	2458	2230.29	0.29108	0.00587343
XM_006720548.5	2808	2580.29	0	0
XM_006720549.5	1598	1370.29	0	0
XM_006720550.5	1574	1346.29	2.59268	0.0866664
XM_006720554.5	4019	3791.29	112.082	1.33043
XM_006720555.4	1206	978.293	209.143	9.62094
XM_006720559.4	2281	2053.29	143.766	3.151
XM_006720560.5	2278	2050.29	0	0
XM_006720561.4	2236	2008.29	44.7551	1.0029
XM_006720562.4	2164	1936.29	41.9898	0.975923
XM_006720563.4	2143	1915.29	61.9034	1.45453
XM_006720565.3	6353	6125.29	372.997	2.74045
XM_006720575.4	6129	5901.29	16.6759	0.12717
XM_006720589.4	1732	1504.29	0	0
XM_006720590.4	1729	1501.29	0	0
XM_006720592.4	2680	2452.29	0	0
XM_006720614.2	2331	2103.29	0	0
XM_006720615.2	2244	2016.29	0	0
XM_006720618.2	1585	1357.29	0	0
XM_006720632.3	4482	4254.29	3.40855	0.0360565
XM_006720645.4	3075	2847.29	274.547	4.33937
XM_006720651.4	5131	4903.29	0	0
XM_006720654.4	5315	5087.29	0	0
XM_006720665.5	5718	5490.29	125.236	1.02654
XM_006720686.4	3922	3694.29	98.4155	1.19888
XM_006720701.4	4871	4643.29	22.4422	0.217511
XM_006720725.4	2343	2115.29	4.20876	0.0895419
XM_006720726.4	15349	15121.3	0	0
XM_006720727.4	15106	14878.3	0	0
XM_006720737.4	1333	1105.29	0	0
XM_006720743.4	3446	3218.29	0	0
XM_006720745.2	3336	3108.29	0	0
XM_006720746.2	3307	3079.29	0	0
XM_006720747.4	3357	3129.29	0	0
XM_006720751.4	2858	2630.29	0	0
XM_006720752.4	2829	2601.29	0	0
XM_006720759.3	2995	2767.29	830.8	13.5109
XM_006720760.3	2404	2176.29	552.831	11.4319
XM_006720770.3	2519	2291.29	0	0
XM_006720775.4	7765	7537.29	50.165	0.299521
XM_006720776.5	1870	1642.29	20.3601	0.55792
XM_006720786.3	5504	5276.29	0	0
XM_006720793.5	7739	7511.29	119.735	0.717379
XM_006720838.2	1879	1651.29	0	0
XM_006720843.5	1657	1429.29	0	0
XM_006720846.3	1719	1491.29	0	0
XM_006720848.4	10529	10301.3	23.7033	0.103552
XM_006720858.2	2545	2317.29	220.135	4.27513
XM_006720865.3	4392	4164.29	0.0820389	0.000886585
XM_006720870.5	2234	2006.29	0	0
XM_006720877.3	4442	4214.29	0	0
XM_006720880.4	5012	4784.29	0	0
XM_006720897.5	1795	1567.29	0	0
XM_006720900.5	1284	1056.29	49.2973	2.1003
XM_006720902.5	6438	6210.29	0	0
XM_006720909.5	9013	8785.29	0.000413324	2.11727e-06
XM_006720914.3	8828	8600.29	0.00242769	1.27034e-05
XM_006720917.5	1489	1261.29	0	0
XM_006720921.2	3061	2833.29	329.813	5.23864
XM_006720941.3	2883	2655.29	21.8843	0.370904
XM_006720947.5	1439	1211.29	87.0505	3.23418
XM_006720953.4	3722	3494.29	5.47617	0.0705277
XM_006720954.5	1300	1072.29	5.15247	0.216244
XM_006720957.2	2882	2654.29	120.646	2.04554
XM_006720962.4	5190	4962.29	0	0
XM_006720963.4	8234	8006.29	0.000186128	1.04622e-06
XM_006720964.4	8186	7958.29	0.70836	0.00400568
XM_006720965.4	8168	7940.29	15.7939	0.089515
XM_006720967.4	5362	5134.29	0	0
XM_006720968.4	5344	5116.29	0	0
XM_006720981.2	3744	3516.29	0	0
XM_006720982.4	2439	2211.29	230.341	4.68778
XM_006720983.5	2427	2199.29	122.182	2.50015
XM_006720984.5	3993	3765.29	0	0
XM_006720990.4	5222	4994.29	0.0634784	0.000571997
XM_006720991.4	6238	6010.29	0.00831174	6.22356e-05
XM_006720992.4	5746	5518.29	36.1854	0.295101
XM_006720996.4	1559	1331.29	508.323	17.1834
XM_006721011.2	4151	3923.29	0	0
XM_006721012.5	3909	3681.29	0.96648	0.011815
XM_006721016.4	1951	1723.29	0	0
XM_006721017.4	1870	1642.29	0	0
XM_006721018.3	1588	1360.29	0	0
XM_006721023.5	1254	1026.29	33.0139	1.44766
XM_006721025.4	6521	6293.29	0	0
XM_006721044.2	4880	4652.29	0	0
XM_006721045.1	1932	1704.29	0	0
XM_006721061.5	1306	1078.29	0	0
XM_006721066.3	1896	1668.29	3.98356e-08	1.07459e-09
XM_006721067.5	890	662.427	3.27784	0.222686
XM_006721069.4	1757	1529.29	0	0
XM_006721072.5	2345	2117.29	0	0
XM_006721091.4	3646	3418.29	0	0
XM_006721096.5	1812	1584.29	0.933067	0.0265045
XM_006721106.4	5882	5654.29	73.7634	0.58709
XM_006721124.4	1118	890.293	0	0
XM_006721129.4	2396	2168.29	0	0
XM_006721133.3	1256	1028.29	53.6101	2.34624
XM_006721170.5	1950	1722.29	0	0
XM_006721171.5	8101	7873.29	0	0
XM_006721175.4	3159	2931.29	33.5083	0.514441
XM_006721185.3	2272	2044.29	0	0
XM_006721188.2	3758	3530.29	0.0029423	3.75075e-05
XM_006721224.3	8256	8028.29	7.04489e-07	3.94906e-09
XM_006721225.4	8199	7971.29	0.00156771	8.85075e-06
XM_006721228.4	4893	4665.29	42.2089	0.407162
XM_006721236.5	4096	3868.29	0	0
XM_006721238.5	5094	4866.29	0.00217411	2.0106e-05
XM_006721242.5	4279	4051.29	0	0
XM_006721243.5	2920	2692.29	0	0
XM_006721246.3	2093	1865.29	0	0
XM_006721253.4	3437	3209.29	0	0
XM_006721256.4	3394	3166.29	0	0
XM_006721263.2	2957	2729.29	0	0
XM_006721273.5	3462	3234.29	0	0
XM_006721281.3	11510	11282.3	70.7665	0.282275
XM_006721283.4	11750	11522.3	1.05685e-07	4.12779e-10
XM_006721284.4	3094	2866.29	0.0105743	0.000166025
XM_006721288.5	1831	1603.29	22.5416	0.632724
XM_006721289.2	7315	7087.29	160.054	1.01632
XM_006721291.2	7294	7066.29	0.146607	0.000933698
XM_006721292.2	1363	1135.29	276.899	10.9763
XM_006721295.4	854	626.427	0	0
XM_006721300.3	4268	4040.29	0	0
XM_006721308.4	1749	1521.29	12.04	0.356168
XM_006721310.4	1633	1405.29	0	0
XM_006721325.4	3958	3730.29	211.983	2.55741
XM_006721326.4	3880	3652.29	102.282	1.26031
XM_006721332.2	3381	3153.29	215.044	3.06906
XM_006721338.3	4412	4184.29	0	0
XM_006721339.5	4326	4098.29	0	0
XM_006721340.4	4379	4151.29	0	0
XM_006721342.3	4397	4169.29	6.45629	0.0696887
XM_006721347.3	4390	4162.29	0	0
XM_006721418.5	1233	1005.29	0	0
XM_006721423.4	7407	7179.29	606.859	3.80407
XM_006721424.4	7398	7170.29	158.436	0.994396
XM_006721428.4	7259	7031.29	889.803	5.69509
XM_006721447.4	3121	2893.29	18.1854	0.28286
XM_006721463.4	4046	3818.29	0	0
XM_006721471.4	1561	1333.29	0.5	0.0168767
XM_006721478.5	4530	4302.29	498.776	5.21732
XM_006721482.4	3887	3659.29	5.16107e-05	6.34723e-07
XM_006721516.4	2205	1977.29	458	10.4241
XM_006721524.3	1267	1039.29	0	0
XM_006721526.3	1472	1244.29	0	0
XM_006721529.3	2611	2383.29	0	0
XM_006721531.2	5104	4876.29	68.7968	0.634922
XM_006721532.2	5101	4873.29	40.5905	0.374838
XM_006721536.2	4993	4765.29	6.16045	0.0581788
XM_006721541.5	2791	2563.29	105.801	1.85752
XM_006721543.5	2666	2438.29	0.0200321	0.000369728
XM_006721546.4	3226	2998.29	123.882	1.85942
XM_006721557.4	2920	2692.29	19.6017	0.327653
XM_006721558.4	3139	2911.29	214.86	3.32133
XM_006721559.4	2832	2604.29	9.56854	0.165348
XM_006721562.5	4437	4209.29	57.6513	0.616371
XM_006721563.4	6040	5812.29	0	0
XM_006721564.3	5933	5705.29	0.000132593	1.04589e-06
XM_006721565.4	2518	2290.29	14.4101	0.283151
XM_006721566.4	2508	2280.29	7.30311	0.144132
XM_006721571.5	3198	2970.29	0	0
XM_006721572.5	3195	2967.29	0	0
XM_006721573.3	2993	2765.29	0	0
XM_006721577.4	6910	6682.29	0	0
XM_006721595.4	6060	5832.29	28.956	0.22343
XM_006721597.3	1502	1274.29	28.2797	0.998729
XM_006721598.4	1764	1536.29	179.873	5.26908
XM_006721601.5	11076	10848.3	573.046	2.37723
XM_006721602.5	11073	10845.3	27.5068	0.114141
XM_006721603.5	10918	10690.3	110.18	0.463827
XM_006721604.5	10753	10525.3	10.9348	0.0467539
XM_006721632.4	1717	1489.29	139.216	4.20679
XM_006721640.5	2207	1979.29	0.415914	0.00945662
XM_006721663.1	2840	2612.29	0	0
XM_006721664.2	3382	3154.29	25.4706	0.363396
XM_006721666.2	2998	2770.29	28.7824	0.467567
XM_006721671.5	831	603.427	19.6964	1.46894
XM_006721687.5	1909	1681.29	0	0
XM_006721694.4	7511	7283.29	663.762	4.10135
XM_006721707.4	4412	4184.29	3.65375	0.039297
XM_006721709.4	2461	2233.29	20.9643	0.422452
XM_006721721.4	2888	2660.29	0	0
XM_006721722.4	2786	2558.29	0	0
XM_006721723.4	1675	1447.29	0	0
XM_006721728.4	9227	8999.29	0	0
XM_006721734.4	5030	4802.29	0	0
XM_006721737.4	3131	2903.29	0	0
XM_006721744.4	3028	2800.29	4.75576	0.0764292
XM_006721750.5	2745	2517.29	2.46368	0.0440445
XM_006721755.3	3046	2818.29	1.51062	0.0241218
XM_006721756.4	2540	2312.29	25.1458	0.489401
XM_006721757.3	2582	2354.29	7.38695	0.141204
XM_006721758.5	2990	2762.29	4.90302	0.0798797
XM_006721759.2	1024	796.293	0	0
XM_006721760.4	3423	3195.29	106.139	1.49488
XM_006721761.4	3357	3129.29	36.5288	0.525329
XM_006721788.5	4797	4569.29	0	0
XM_006721794.4	4383	4155.29	133.272	1.44338
XM_006721797.5	1217	989.293	19.2283	0.874696
XM_006721802.4	1451	1223.29	0	0
XM_006721807.4	12481	12253.3	192.237	0.706034
XM_006721810.4	12410	12182.3	0	0
XM_006721811.5	12380	12152.3	0	0
XM_006721813.4	2277	2049.29	47.0124	1.03241
XM_006721818.5	2170	1942.29	226.553	5.24925
XM_006721832.4	2116	1888.29	3.12856	0.074562
XM_006721833.3	2960	2732.29	80.5946	1.32746
XM_006721837.4	1203	975.293	0.00145899	6.73224e-05
XM_006721846.5	4126	3898.29	4.23596	0.0489012
XM_006721852.3	3509	3281.29	148.303	2.03398
XM_006721853.2	9989	9761.29	215.173	0.992027
XM_006721866.4	6145	5917.29	0	0
XM_006721867.4	5986	5758.29	0	0
XM_006721868.4	5935	5707.29	0	0
XM_006721870.4	5776	5548.29	0	0
XM_006721874.4	3230	3002.29	0	0
XM_006721875.2	3293	3065.29	0	0
XM_006721886.4	4155	3927.29	0	0
XM_006721887.4	4148	3920.29	0	0
XM_006721892.4	1592	1364.29	0	0
XM_006721893.4	1561	1333.29	0	0
XM_006721895.5	1429	1201.29	0	0
XM_006721896.4	3045	2817.29	30.2683	0.483501
XM_006721903.3	4403	4175.29	196.534	2.11833
XM_006721904.2	3571	3343.29	0	0
XM_006721905.2	3505	3277.29	0	0
XM_006721907.4	3322	3094.29	0	0
XM_006721908.2	2710	2482.29	0	0
XM_006721915.3	2965	2737.29	27.518	0.452416
XM_006721930.4	1699	1471.29	10.3652	0.317046
XM_006721938.4	3112	2884.29	28.4376	0.443706
XM_006721943.3	6770	6542.29	244.243	1.6801
XM_006721946.3	566	341.699	0	0
XM_006721947.5	466	248.539	0	0
XM_006721948.4	529	306.759	0	0
XM_006721949.4	1719	1491.29	0	0
XM_006721950.5	1422	1194.29	0	0
XM_006721952.4	1350	1122.29	5.46416	0.219109
XM_006721955.4	1499	1271.29	0	0
XM_006721957.3	2766	2538.29	20.5682	0.364667
XM_006721959.4	3681	3453.29	33.1086	0.431469
XM_006721963.3	4700	4472.29	87.1803	0.877265
XM_006721975.4	13369	13141.3	0	0
XM_006721991.2	5951	5723.29	0	0
XM_006721992.4	5662	5434.29	302.342	2.50379
XM_006721993.4	5814	5586.29	1257.81	10.1329
XM_006721996.5	9847	9619.29	29.0708	0.136005
XM_006721997.5	9697	9469.29	19.6603	0.0934363
XM_006722001.5	2565	2337.29	0	0
XM_006722002.5	2501	2273.29	11.3152	0.224
XM_006722004.4	2491	2263.29	32.4787	0.645803
XM_006722007.3	1899	1671.29	12.6135	0.339646
XM_006722018.4	4394	4166.29	118.399	1.27891
XM_006722019.4	1368	1140.29	32.2769	1.27385
XM_006722023.3	4084	3856.29	0	0
XM_006722025.3	4264	4036.29	18.3909	0.205052
XM_006722027.3	4151	3923.29	15.4869	0.177646
XM_006722055.3	3523	3295.29	0	0
XM_006722056.3	3457	3229.29	0	0
XM_006722072.3	3550	3322.29	0	0
XM_006722083.4	3494	3266.29	17.4916	0.240999
XM_006722084.3	1283	1055.29	50.4956	2.15339
XM_006722085.3	2221	1993.29	3.3492	0.0756158
XM_006722098.4	3427	3199.29	308.909	4.34529
XM_006722110.5	1397	1169.29	0	0
XM_006722111.3	3183	2955.29	97.8048	1.48937
XM_006722115.4	3762	3534.29	13.2917	0.169247
XM_006722116.5	2198	1970.29	17.231	0.39357
XM_006722124.3	3258	3030.29	16.9558	0.251812
XM_006722136.4	2489	2261.29	8.21346	0.16346
XM_006722148.3	3413	3185.29	71.7592	1.01384
XM_006722149.5	9121	8893.29	0	0
XM_006722154.4	5903	5675.29	131.243	1.04071
XM_006722160.5	8275	8047.29	0	0
XM_006722161.5	8203	7975.29	0	0
XM_006722168.5	6706	6478.29	32.9008	0.228554
XM_006722186.2	2465	2237.29	0	0
XM_006722190.5	6129	5901.29	5.62637	0.0429065
XM_006722201.5	5083	4855.29	15.5913	0.144514
XM_006722214.5	13901	13673.3	0	0
XM_006722223.4	2305	2077.29	0	0
XM_006722224.4	3584	3356.29	0	0
XM_006722226.4	3518	3290.29	0	0
XM_006722236.2	2305	2077.29	0	0
XM_006722237.3	4429	4201.29	0	0
XM_006722239.3	4363	4135.29	0	0
XM_006722243.3	3622	3394.29	16.4743	0.218424
XM_006722247.3	2731	2503.29	0	0
XM_006722248.2	3571	3343.29	0	0
XM_006722249.2	3505	3277.29	0	0
XM_006722252.4	3322	3094.29	0	0
XM_006722253.2	2710	2482.29	17.2612	0.312939
XM_006722254.3	2065	1837.29	3.58128	0.0877206
XM_006722271.4	2415	2187.29	136.506	2.80859
XM_006722274.3	1283	1055.29	16.0933	0.686302
XM_006722277.2	2014	1786.29	0	0
XM_006722278.5	3679	3451.29	0	0
XM_006722280.3	1790	1562.29	11.6351	0.33516
XM_006722287.5	5077	4849.29	18.6275	0.17287
XM_006722288.3	2546	2318.29	42.6	0.826958
XM_006722289.3	2182	1954.29	64.625	1.48817
XM_006722291.5	6041	5813.29	15.0085	0.116187
XM_006722300.4	1790	1562.29	203.43	5.85995
XM_006722324.4	1659	1431.29	0	0
XM_006722326.4	8108	7880.29	18.6418	0.10646
XM_006722327.4	7750	7522.29	147.254	0.880964
XM_006722330.4	6946	6718.29	22.7591	0.152454
XM_006722340.4	3333	3105.29	6.49246	0.0940911
XM_006722341.5	3644	3416.29	0	0
XM_006722342.5	3428	3200.29	3.19745	0.0449631
XM_006722343.4	3549	3321.29	0	0
XM_006722345.5	3226	2998.29	1.77147	0.026589
XM_006722346.4	3223	2995.29	18.8353	0.282993
XM_006722348.3	1251	1023.29	189.538	8.33564
XM_006722353.2	8770	8542.29	0	0
XM_006722354.2	8544	8316.29	13.4042	0.0725358
XM_006722364.3	3022	2794.29	3.16953	0.0510465
XM_006722374.4	11851	11623.3	0	0
XM_006722388.4	3948	3720.29	0	0
XM_006722391.4	3762	3534.29	0	0
XM_006722392.4	1388	1160.29	16.0898	0.62406
XM_006722394.4	3276	3048.29	0	0
XM_006722420.5	9147	8919.29	16.012	0.0807899
XM_006722421.5	9155	8927.29	0	0
XM_006722424.4	8705	8477.29	0	0
XM_006722425.4	8651	8423.29	0	0
XM_006722426.5	8766	8538.29	0	0
XM_006722428.5	8688	8460.29	0	0
XM_006722430.5	8460	8232.29	0	0
XM_006722432.4	4426	4198.29	0	0
XM_006722434.4	7833	7605.29	0	0
XM_006722435.4	8425	8197.29	61.7579	0.33905
XM_006722479.4	5284	5056.29	27.3916	0.243797
XM_006722483.4	2186	1958.29	0	0
XM_006722492.5	2671	2443.29	0	0
XM_006722500.5	7589	7361.29	5.4719	0.0334524
XM_006722518.2	3770	3542.29	0	0
XM_006722519.3	3327	3099.29	0	0
XM_006722520.3	3261	3033.29	0	0
XM_006722521.3	3870	3642.29	115.845	1.43135
XM_006722526.4	4052	3824.29	0	0
XM_006722547.4	9476	9248.29	0	0
XM_006722552.4	4238	4010.29	0	0
XM_006722555.5	586	361.171	0	0
XM_006722558.3	5316	5088.29	22.7628	0.201324
XM_006722563.4	4793	4565.29	0	0
XM_006722573.3	4557	4329.29	0	0
XM_006722578.4	4558	4330.29	0	0
XM_006722579.5	4779	4551.29	0	0
XM_006722583.4	5819	5591.29	5.18322	0.0417186
XM_006722586.4	5887	5659.29	0	0
XM_006722587.4	5771	5543.29	399.657	3.2446
XM_006722588.5	5824	5596.29	9.53159	0.0766491
XM_006722597.5	2873	2645.29	12.6108	0.214542
XM_006722602.2	2008	1780.29	0	0
XM_006722607.3	10070	9842.29	1.99326e-05	9.11402e-08
XM_006722608.4	10171	9943.29	0	0
XM_006722609.4	10079	9851.29	5.69312e-06	2.60075e-08
XM_006722610.4	10168	9940.29	0	0
XM_006722616.2	6761	6533.29	0	0
XM_006722617.3	5196	4968.29	11.3457	0.10277
XM_006722620.2	3519	3291.29	2.82709e-07	3.86559e-09
XM_006722623.4	3202	2974.29	48.2431	0.729951
XM_006722631.4	1558	1330.29	20.4644	0.6923
XM_006722635.4	3385	3157.29	0	0
XM_006722637.2	1394	1166.29	0.0236911	0.000914154
XM_006722639.4	1035	807.293	0	0
XM_006722643.2	1167	939.293	1.96968	0.0943707
XM_006722651.4	1503	1275.29	36.5057	1.28823
XM_006722653.4	2266	2038.29	37.7916	0.834394
XM_006722661.4	2244	2016.29	0	0
XM_006722664.2	1740	1512.29	17.1779	0.511182
XM_006722665.5	1800	1572.29	0	0
XM_006722666.3	1840	1612.29	363.923	10.158
XM_006722668.3	1774	1546.29	976.901	28.4316
XM_006722699.3	6278	6050.29	0	0
XM_006722704.2	4460	4232.29	84.8573	0.90231
XM_006722706.4	6844	6616.29	0	0
XM_006722711.3	1588	1360.29	61.7099	2.04157
XM_006722718.5	2961	2733.29	0	0
XM_006722725.4	993	765.293	0	0
XM_006722733.3	2157	1929.29	5.79864	0.13526
XM_006722741.4	2916	2688.29	0	0
XM_006722769.5	3390	3162.29	11.8866	0.16916
XM_006722782.5	5925	5697.29	254.232	2.00819
XM_006722799.3	1448	1220.29	98.7577	3.64208
XM_006722800.3	3444	3216.29	138.721	1.94101
XM_006722804.4	3783	3555.29	27.7051	0.350692
XM_006722832.2	3610	3382.29	0	0
XM_006722833.2	3607	3379.29	0	0
XM_006722836.3	3283	3055.29	0	0
XM_006722837.5	3613	3385.29	0	0
XM_006722838.5	3383	3155.29	0	0
XM_006722846.3	5945	5717.29	0.259012	0.00203879
XM_006722850.4	1356	1128.29	0	0
XM_006722855.5	4479	4251.29	15.1365	0.160231
XM_006722864.3	2738	2510.29	0	0
XM_006722871.3	1321	1093.29	271.559	11.1781
XM_006722873.5	2450	2222.29	0	0
XM_006722874.4	1789	1561.29	0	0
XM_006722883.3	1194	966.293	117.329	5.46436
XM_006722899.5	905	677.361	17.8379	1.18513
XM_006722902.2	2376	2148.29	14.5681	0.305176
XM_006722903.2	2244	2016.29	21.0702	0.47028
XM_006722905.4	4296	4068.29	0	0
XM_006722906.4	2734	2506.29	0	0
XM_006722908.4	5764	5536.29	17.2332	0.140084
XM_006722911.4	1459	1231.29	0	0
XM_006722920.5	3250	3022.29	0.561836	0.00836595
XM_006722926.3	1527	1299.29	8.81588	0.305352
XM_006722927.2	1621	1393.29	63.8598	2.06266
XM_006722938.4	4516	4288.29	58.2093	0.610872
XM_006722940.2	2186	1958.29	39.8987	0.916902
XM_006722945.3	1272	1044.29	0	0
XM_006722950.5	2280	2052.29	0	0
XM_006722951.4	1557	1329.29	14.8608	0.50311
XM_006722952.3	1414	1186.29	87.5721	3.32213
XM_006722962.3	3921	3693.29	75.5507	0.920591
XM_006722974.4	4939	4711.29	0	0
XM_006722997.5	5698	5470.29	7.0921	0.0583454
XM_006722999.3	4385	4157.29	0	0
XM_006723003.2	2930	2702.29	0.56273	0.00937152
XM_006723014.5	1502	1274.29	233.272	8.23827
XM_006723015.4	3138	2910.29	0	0
XM_006723035.3	942	714.293	0	0
XM_006723038.4	2556	2328.29	0	0
XM_006723045.2	5314	5086.29	110.106	0.974206
XM_006723046.3	4372	4144.29	8.18795	0.0889134
XM_006723047.5	4306	4078.29	0	0
XM_006723048.5	4230	4002.29	25.6363	0.288263
XM_006723072.5	8851	8623.29	0	0
XM_006723113.4	7149	6921.29	52.5761	0.341856
XM_006723116.4	666	439.629	0	0
XM_006723120.4	2094	1866.29	0	0
XM_006723137.5	1863	1635.29	38.2783	1.05341
XM_006723141.4	1654	1426.29	8.5098	0.268505
XM_006723142.3	877	649.427	0	0
XM_006723149.3	5538	5310.29	0	0
XM_006723150.5	3483	3255.29	23.533	0.325334
XM_006723152.4	1730	1502.29	0.638808	0.0191363
XM_006723153.4	1727	1499.29	9.89867	0.29712
XM_006723154.4	1406	1178.29	0	0
XM_006723168.4	2946	2718.29	3.07082	0.0508394
XM_006723171.3	3242	3014.29	0.00717525	0.000107126
XM_006723172.3	3221	2993.29	0.0336216	0.000505488
XM_006723179.4	1466	1238.29	120.205	4.36858
XM_006723183.4	5433	5205.29	0	0
XM_006723184.4	5168	4940.29	10.9908	0.10012
XM_006723192.4	4924	4696.29	4.62758	0.0443446
XM_006723197.1	1607	1379.29	4.61805e-06	1.50676e-07
XM_006723198.2	1570	1342.29	6.33729e-07	2.1247e-08
XM_006723200.2	1295	1067.29	29.0158	1.22347
XM_006723201.2	1438	1210.29	0	0
XM_006723204.4	3914	3686.29	15.6724	0.191332
XM_006723205.3	3596	3368.29	198.891	2.65734
XM_006723213.4	7329	7101.29	10.5892	0.0671073
XM_006723218.4	2931	2703.29	0	0
XM_006723226.3	1136	908.293	0.254811	0.0126251
XM_006723227.4	967	739.293	0	0
XM_006723228.4	627	401.259	1	0.112155
XM_006723230.4	8229	8001.29	1.92702e-08	1.08385e-10
XM_006723237.4	2275	2047.29	12.1695	0.267507
XM_006723238.5	1905	1677.29	0	0
XM_006723255.5	1911	1683.29	3.57595	0.0956035
XM_006723267.2	2626	2398.29	0	0
XM_006723283.4	1578	1350.29	0	0
XM_006723284.3	1709	1481.29	1.00409	0.0305053
XM_006723286.2	1392	1164.29	0.000470771	1.81966e-05
XM_006723287.5	2949	2721.29	0.000549361	9.085e-06
XM_006723289.4	2943	2715.29	0.0113267	0.000187728
XM_006723302.5	5241	5013.29	28.2829	0.253888
XM_006723307.5	4950	4722.29	123.063	1.17278
XM_006723317.3	15382	15154.3	0.00379282	1.12634e-05
XM_006723319.3	15367	15139.3	0.0147438	4.38275e-05
XM_006723323.4	674	447.496	15.7094	1.57984
XM_006723335.3	2612	2384.29	53.3071	1.00616
XM_006723339.4	3564	3336.29	36.0442	0.486199
XM_006723341.4	3583	3355.29	0	0
XM_006723362.5	3413	3185.29	0.000143109	2.0219e-06
XM_006723363.4	3909	3681.29	13.8741	0.169608
XM_006723367.4	2767	2539.29	0	0
XM_006723368.4	2653	2425.29	37.8879	0.703038
XM_006723371.1	2965	2737.29	0.0258021	0.000424206
XM_006723372.5	4512	4284.29	0	0
XM_006723381.3	3407	3179.29	119.946	1.69784
XM_006723382.4	3438	3210.29	17.5796	0.246438
XM_006723383.4	3558	3330.29	2.39729e-05	3.23952e-07
XM_006723384.4	3634	3406.29	16.9434	0.223852
XM_006723403.5	7951	7723.29	105.973	0.617496
XM_006723407.3	2359	2131.29	21.3268	0.450324
XM_006723408.4	2353	2125.29	0	0
XM_006723409.3	1904	1676.29	0	0
XM_006723410.2	1897	1669.29	0	0
XM_006723418.3	4087	3859.29	22.0684	0.257339
XM_006723428.4	3476	3248.29	26.183	0.362749
XM_006723429.2	1649	1421.29	30.9196	0.979022
XM_006723435.5	4016	3788.29	3.02262	0.0359073
XM_006723442.4	2040	1812.29	9.27487	0.230315
XM_006723445.4	2393	2165.29	120.828	2.51126
XM_006723447.3	5265	5037.29	72.2672	0.645634
XM_006723472.3	4690	4462.29	0	0
XM_006723474.3	2371	2143.29	21.7907	0.457543
XM_006723475.3	2368	2140.29	1.15455	0.0242762
XM_006723477.2	1124	896.293	0	0
XM_006723484.2	1034	806.293	0	0
XM_006723489.1	1116	888.293	0	0
XM_006723506.4	3466	3238.29	0	0
XM_006723558.5	9496	9268.29	197.184	0.957446
XM_006723565.4	961	733.293	4.0258	0.247068
XM_006723569.3	5866	5638.29	0	0
XM_006723577.2	4317	4089.29	1574.76	17.3304
XM_006723584.3	3177	2949.29	14.678	0.22397
XM_006723588.4	5186	4958.29	0	0
XM_006723593.4	2534	2306.29	0	0
XM_006723598.2	9646	9418.29	0	0
XM_006723599.2	9686	9458.29	0	0
XM_006723600.2	2811	2583.29	0	0
XM_006723602.3	3243	3015.29	0	0
XM_006723603.3	3501	3273.29	0	0
XM_006723604.3	3240	3012.29	0	0
XM_006723605.4	3219	2991.29	0	0
XM_006723624.3	5479	5251.29	11.3885	0.0975987
XM_006723640.2	3466	3238.29	82.8278	1.15107
XM_006723644.3	1565	1337.29	0	0
XM_006723646.4	2232	2004.29	0	0
XM_006723648.4	2175	1947.29	0	0
XM_006723650.3	2212	1984.29	0	0
XM_006723651.3	2059	1831.29	0	0
XM_006723652.4	1893	1665.29	0	0
XM_006723654.5	1254	1026.29	0	0
XM_006723659.2	3017	2789.29	35.0547	0.565581
XM_006723660.3	1310	1082.29	246.005	10.2292
XM_006723663.5	2143	1915.29	0.00272446	6.40159e-05
XM_006723690.5	15353	15125.3	0	0
XM_006723691.2	15632	15404.3	0.0100869	2.94685e-05
XM_006723692.5	15287	15059.3	0	0
XM_006723693.5	15282	15054.3	0	0
XM_006723698.4	9775	9547.29	0	0
XM_006723699.3	2615	2387.29	0	0
XM_006723700.4	5144	4916.29	0	0
XM_006723705.4	2278	2050.29	0	0
XM_006723713.5	4376	4148.29	0	0
XM_006723727.4	7049	6821.29	0	0
XM_006723728.4	6820	6592.29	0	0
XM_006723730.5	6920	6692.29	55.7274	0.374745
XM_006723733.2	7723	7495.29	628.201	3.77183
XM_006723755.4	6379	6151.29	73.7437	0.539512
XM_006723756.2	6246	6018.29	0	0
XM_006723769.4	2828	2600.29	26.2882	0.454967
XM_006723770.4	2852	2624.29	42.5402	0.729507
XM_006723776.3	3932	3704.29	36.6175	0.444862
XM_006723785.4	2584	2356.29	0	0
XM_006723796.4	11441	11213.3	84.5965	0.339517
XM_006723798.4	7059	6831.29	7.1019	0.0467858
XM_006723806.3	1868	1640.29	0	0
XM_006723807.3	1865	1637.29	0	0
XM_006723809.2	1844	1616.29	0	0
XM_006723822.3	2357	2129.29	29.4726	0.622911
XM_006723823.3	3244	3016.29	14.3925	0.214736
XM_006723831.4	4135	3907.29	0	0
XM_006723833.5	11676	11448.3	39.1122	0.15375
XM_006723837.5	3010	2782.29	52.1193	0.843021
XM_006723838.5	2997	2769.29	0	0
XM_006723840.4	6238	6010.29	0	0
XM_006723848.4	2211	1983.29	10.3121	0.233993
XM_006723851.4	2227	1999.29	0	0
XM_006723852.4	2179	1951.29	2.07148	0.0477749
XM_006723854.4	3591	3363.29	165.195	2.21042
XM_006723863.3	1734	1506.29	0	0
XM_006723865.2	3792	3564.29	0.00908065	0.000114653
XM_006723876.3	2128	1900.29	20.0563	0.474976
XM_006723884.1	2495	2267.29	0	0
XM_006723891.5	5348	5120.29	94.4669	0.830285
XM_006723894.2	4168	3940.29	19.6581	0.22452
XM_006723899.3	8276	8048.29	0	0
XM_006723918.5	439	224.747	0	0
XM_006723946.3	4929	4701.29	0	0
XM_006723965.4	1334	1106.29	0	0
XM_006723981.5	2921	2693.29	221.577	3.70239
XM_006723989.3	3518	3290.29	94.7089	1.29538
XM_006723990.3	3467	3239.29	0	0
XM_006723997.4	1711	1483.29	0	0
XM_006723998.5	1911	1683.29	24.7856	0.662646
XM_006723999.4	1207	979.293	340.622	15.6532
XM_006724000.4	1739	1511.29	204.001	6.07471
XM_006724001.3	2852	2624.29	0	0
XM_006724011.2	3454	3226.29	2.41517e-06	3.36888e-08
XM_006724018.5	2310	2082.29	95.7426	2.06921
XM_006724026.5	1155	927.293	22.5581	1.09478
XM_006724030.4	6455	6227.29	0	0
XM_006724031.4	6390	6162.29	0.0114644	8.37244e-05
XM_006724035.4	4257	4029.29	32.1098	0.358633
XM_006724036.4	4191	3963.29	24.9836	0.283688
XM_006724038.4	1668	1440.29	6.05984	0.189344
XM_006724039.3	6453	6225.29	0	0
XM_006724040.3	6393	6165.29	37.2942	0.272226
XM_006724051.4	2364	2136.29	3.71682	0.0782984
XM_006724066.3	3787	3559.29	27.6794	0.349974
XM_006724074.4	1629	1401.29	14.591	0.468595
XM_006724079.4	8568	8340.29	3.1415	0.0169511
XM_006724101.5	3873	3645.29	68.6454	0.847464
XM_006724103.2	4930	4702.29	31.4298	0.300798
XM_006724105.4	5075	4847.29	43.0301	0.399498
XM_006724114.4	1327	1099.29	0	0
XM_006724116.3	1271	1043.29	0	0
XM_006724136.2	1971	1743.29	26.8558	0.693282
XM_006724140.4	1260	1032.29	2	0.0871905
XM_006724141.4	1921	1693.29	1.47019	0.0390736
XM_006724149.4	3391	3163.29	0	0
XM_006724150.4	2371	2143.29	0	0
XM_006724153.4	1548	1320.29	0	0
XM_006724159.3	2371	2143.29	0	0
XM_006724169.2	4655	4427.29	0	0
XM_006724170.5	4498	4270.29	15.8354	0.166884
XM_006724179.3	7546	7318.29	0	0
XM_006724180.3	7456	7228.29	12.0787	0.0752014
XM_006724181.3	7441	7213.29	103.081	0.643115
XM_006724185.3	7256	7028.29	4.95812e-07	3.17475e-09
XM_006724186.3	7253	7025.29	12.5494	0.0803899
XM_006724187.3	7227	6999.29	0	0
XM_006724188.3	7184	6956.29	4.69112e-06	3.03488e-08
XM_006724189.4	6739	6511.29	0	0
XM_006724191.2	6893	6665.29	13.9992	0.0945206
XM_006724192.3	6854	6626.29	0.000373336	2.53555e-06
XM_006724193.4	1685	1457.29	570.112	17.6058
XM_006724224.5	1413	1185.29	19.8585	0.753984
XM_006724226.2	1757	1529.29	124.061	3.65079
XM_006724229.2	3013	2785.29	0	0
XM_006724239.3	2856	2628.29	665.611	11.397
XM_006724242.5	2908	2680.29	649.077	10.8982
XM_006724243.4	5164	4936.29	0	0
XM_006724245.4	3936	3708.29	0	0
XM_006724246.5	7978	7750.29	2.1561	0.0125196
XM_006724256.5	1988	1760.29	0	0
XM_006724260.5	2588	2360.29	61.9384	1.18096
XM_006724265.4	2381	2153.29	15.8931	0.332161
XM_006724266.4	2468	2240.29	49.9293	1.00298
XM_006724268.4	3150	2922.29	113.256	1.74414
XM_006724278.5	4882	4654.29	0	0
XM_006724279.5	4816	4588.29	0	0
XM_006724280.5	4676	4448.29	0	0
XM_006724281.5	3910	3682.29	25.4545	0.311092
XM_006724286.4	774	546.487	0	0
XM_006724289.5	3728	3500.29	237.944	3.05923
XM_006724291.3	2975	2747.29	0	0
XM_006724292.3	2963	2735.29	0	0
XM_006724308.4	2289	2061.29	0	0
XM_006724311.4	4401	4173.29	0	0
XM_006724312.3	2262	2034.29	0	0
XM_006724321.5	1980	1752.29	0	0
XM_006724329.4	5585	5357.29	154.041	1.29399
XM_006724346.3	10865	10637.3	1.05842e-06	4.47783e-09
XM_006724347.2	4998	4770.29	0	0
XM_006724381.5	5195	4967.29	0	0
XM_006724423.4	1705	1477.29	25.1707	0.766779
XM_006724426.4	3054	2826.29	445.227	7.08935
XM_006724431.4	4244	4016.29	0	0
XM_006724455.3	4711	4483.29	0	0
XM_006724458.1	4010	3782.29	89.1394	1.06061
XM_006724459.3	2527	2299.29	0	0
XM_006724460.2	2330	2102.29	2.59592	0.0555701
XM_006724468.3	13960	13732.3	0	0
XM_006724469.4	13822	13594.3	0	0
XM_006724470.4	13921	13693.3	0	0
XM_006724473.3	13822	13594.3	0	0
XM_006724474.4	13630	13402.3	0	0
XM_006724475.3	13662	13434.3	0	0
XM_006724481.3	4161	3933.29	0	0
XM_006724482.3	4038	3810.29	0	0
XM_006724483.3	4581	4353.29	0.0242584	0.000250776
XM_006724487.4	3346	3118.29	0	0
XM_006724496.5	5101	4873.29	0	0
XM_006724503.4	3907	3679.29	0	0
XM_006724504.3	5795	5567.29	0	0
XM_006724508.5	9277	9049.29	0.0027854	1.38521e-05
XM_006724509.5	9193	8965.29	0.198125	0.000994526
XM_006724513.4	7729	7501.29	21.8839	0.13129
XM_006724527.5	4064	3836.29	1.17069e-05	1.37332e-07
XM_006724528.3	4109	3881.29	45.3278	0.52557
XM_006724536.4	6640	6412.29	0	0
XM_006724537.4	2677	2449.29	0.38112	0.00700266
XM_006724550.4	5101	4873.29	6.21956	0.0574354
XM_006724555.4	5057	4829.29	0	0
XM_006724559.1	4379	4151.29	6.04141	0.0654934
XM_006724562.3	2976	2748.29	2	0.0327498
XM_006724566.4	8190	7962.29	14.6769	0.0829544
XM_006724567.3	1332	1104.29	2.1376	0.0871133
XM_006724568.3	1200	972.293	0	0
XM_006724569.4	1720	1492.29	29.6114	0.892991
XM_006724575.3	8956	8728.29	6.69346	0.0345115
XM_006724577.4	4419	4191.29	36.4112	0.390957
XM_006724578.4	4380	4152.29	0	0
XM_006724579.4	6133	5905.29	0	0
XM_006724580.4	5258	5030.29	0.0186225	0.000166604
XM_006724581.5	7800	7572.29	0	0
XM_006724582.5	5877	5649.29	0	0
XM_006724583.5	7750	7522.29	0	0
XM_006724584.4	6083	5855.29	0	0
XM_006724589.5	3036	2808.29	18.0917	0.28992
XM_006724592.5	3506	3278.29	0	0
XM_006724617.4	6600	6372.29	0	0
XM_006724624.5	2059	1831.29	2.58928	0.0636303
XM_006724625.3	6138	5910.29	6.7882	0.0516878
XM_006724626.3	6084	5856.29	0	0
XM_006724630.3	5226	4998.29	61.7556	0.556029
XM_006724632.4	8042	7814.29	0	0
XM_006724633.4	7922	7694.29	0	0
XM_006724634.5	7898	7670.29	3.38493	0.01986
XM_006724635.3	4838	4610.29	615.904	6.01211
XM_006724639.4	4391	4163.29	0	0
XM_006724641.4	3148	2920.29	5.93151	0.0914073
XM_006724653.3	7527	7299.29	93.357	0.575584
XM_006724654.3	2628	2400.29	0	0
XM_006724655.3	2561	2333.29	0	0
XM_006724661.3	6109	5881.29	0	0
XM_006724662.5	3797	3569.29	0	0
XM_006724663.5	3540	3312.29	0	0
XM_006724664.2	2366	2138.29	8.63809	0.1818
XM_006724666.5	11048	10820.3	485.703	2.02011
XM_006724668.4	6044	5816.29	386.252	2.98859
XM_006724669.2	5579	5351.29	26.113	0.219604
XM_006724670.5	5551	5323.29	72.7962	0.615419
XM_006724683.3	1395	1167.29	0	0
XM_006724693.4	4074	3846.29	55.9235	0.654326
XM_006724697.4	4081	3853.29	4.39746e-08	5.13585e-10
XM_006724698.4	4206	3978.29	0	0
XM_006724709.4	6805	6577.29	56.6605	0.387682
XM_006724711.4	2959	2731.29	0	0
XM_006724713.4	15937	15709.3	1.00238	0.00287155
XM_006724724.4	4932	4704.29	60.4658	0.578439
XM_006724727.2	6283	6055.29	0	0
XM_006724740.3	3228	3000.29	0	0
XM_006724741.5	3772	3544.29	0.00263115	3.34086e-05
XM_006724743.3	2491	2263.29	129.432	2.57361
XM_006724746.4	2441	2213.29	3.73574	0.0759591
XM_006724763.1	2811	2583.29	0	0
XM_006724765.4	4491	4263.29	28.2036	0.297716
XM_006724775.3	3936	3708.29	47.2766	0.57374
XM_006724776.4	7557	7329.29	84.5208	0.518972
XM_006724777.4	7413	7185.29	39.6356	0.248246
XM_006724783.3	1170	942.293	0	0
XM_006724796.3	1295	1067.29	0	0
XM_006724799.2	937	709.293	0	0
XM_006724804.2	3489	3261.29	0	0
XM_006724811.4	3457	3229.29	0	0
XM_006724816.4	9008	8780.29	656.308	3.36388
XM_006724818.3	1927	1699.29	0	0
XM_006724826.4	1149	921.293	5.68454	0.277677
XM_006724832.4	1720	1492.29	20.8422	0.628537
XM_006724836.2	1960	1732.29	2.33002	0.0605315
XM_006724837.2	1945	1717.29	4.43003e-08	1.16093e-09
XM_006724839.2	1828	1600.29	0	0
XM_006724847.4	2097	1869.29	3.96098	0.0953602
XM_006724848.4	2011	1783.29	2.21943	0.0560095
XM_006724855.4	4512	4284.29	843.681	8.86219
XM_006724874.3	7327	7099.29	0	0
XM_006724901.3	1406	1178.29	0	0
XM_006724904.4	458	241.399	0	0
XM_006724921.5	2652	2424.29	0	0
XM_006724924.5	2494	2266.29	0	0
XM_006724928.4	1696	1468.29	0	0
XM_006724929.3	1045	817.293	0	0
XM_006725284.4	5418	5190.29	62.0605	0.538103
XM_006725288.4	553	329.241	2.71439	0.371023
XM_006725534.3	1835	1607.29	0	0
XM_006726278.3	2196	1968.29	0	0
XM_006726280.3	2193	1965.29	0	0
XM_006726313.5	2234	2006.29	0	0
XM_006726314.5	2830	2602.29	5.0082	0.0866099
XM_011509061.3	6454	6226.29	901.285	6.51441
XM_011509062.2	6502	6274.29	64.8962	0.465475
XM_011509063.3	2317	2089.29	0	0
XM_011509065.4	1363	1135.29	26.3362	1.04397
XM_011509078.4	1554	1326.29	34.9478	1.18583
XM_011509082.4	10113	9885.29	21.8655	0.0995431
XM_011509090.4	9403	9175.29	41.7699	0.204874
XM_011509091.3	9127	8899.29	272.44	1.37771
XM_011509099.4	1582	1354.29	30.404	1.01032
XM_011509101.3	1833	1605.29	9.37909	0.262935
XM_011509104.3	3797	3569.29	7.71984	0.0973349
XM_011509117.4	1340	1112.29	30.4639	1.23256
XM_011509118.2	2325	2097.29	0	0
XM_011509120.3	2126	1898.29	1.00125	0.0237368
XM_011509121.3	4648	4420.29	0	0
XM_011509122.3	4347	4119.29	1	0.010925
XM_011509124.3	1619	1391.29	0	0
XM_011509125.2	3067	2839.29	0	0
XM_011509126.2	3064	2836.29	0	0
XM_011509127.3	3048	2820.29	0	0
XM_011509128.2	3071	2843.29	0	0
XM_011509129.2	3068	2840.29	0	0
XM_011509130.2	3056	2828.29	0	0
XM_011509133.3	2954	2726.29	0	0
XM_011509134.3	2933	2705.29	0	0
XM_011509135.3	2802	2574.29	7.96267e-05	1.39201e-06
XM_011509136.2	1077	849.293	0	0
XM_011509143.2	2151	1923.29	122.444	2.86507
XM_011509152.3	2646	2418.29	0	0
XM_011509153.3	2537	2309.29	0	0
XM_011509154.3	2604	2376.29	0	0
XM_011509155.3	2448	2220.29	0	0
XM_011509156.3	2571	2343.29	0	0
XM_011509157.3	2373	2145.29	0	0
XM_011509158.2	1633	1405.29	0	0
XM_011509159.4	1625	1397.29	0	0
XM_011509160.2	1669	1441.29	0	0
XM_011509161.1	1637	1409.29	0	0
XM_011509163.4	2860	2632.29	2.07863	0.0355373
XM_011509165.2	3397	3169.29	0	0
XM_011509166.4	3408	3180.29	0	0
XM_011509167.4	3523	3295.29	0	0
XM_011509168.2	3644	3416.29	0	0
XM_011509169.2	3441	3213.29	0	0
XM_011509170.2	3289	3061.29	0	0
XM_011509171.2	3194	2966.29	0	0
XM_011509174.2	3175	2947.29	0	0
XM_011509175.2	3169	2941.29	0	0
XM_011509176.2	3100	2872.29	0	0
XM_011509178.3	2679	2451.29	3.75176	0.0688783
XM_011509179.2	2735	2507.29	0	0
XM_011509180.2	2618	2390.29	0	0
XM_011509181.3	2245	2017.29	0	0
XM_011509188.3	1882	1654.29	0	0
XM_011509189.3	2105	1877.29	2.22031	0.053226
XM_011509192.3	7644	7416.29	0	0
XM_011509194.4	662	435.717	4.9207	0.508234
XM_011509198.4	6028	5800.29	70.28	0.545286
XM_011509200.3	5216	4988.29	78.7901	0.710824
XM_011509201.2	4610	4382.29	187.82	1.92878
XM_011509209.2	3688	3460.29	171.043	2.22451
XM_011509214.4	4229	4001.29	58.1166	0.653645
XM_011509232.3	2259	2031.29	0	0
XM_011509233.3	2278	2050.29	0	0
XM_011509234.3	2021	1793.29	0	0
XM_011509239.3	1491	1263.29	0	0
XM_011509240.4	1474	1246.29	2.07372	0.074881
XM_011509241.3	1307	1079.29	2.95685	0.123291
XM_011509242.3	4434	4206.29	0	0
XM_011509243.3	3632	3404.29	3.34033	0.0441576
XM_011509244.2	2229	2001.29	0	0
XM_011509245.2	2087	1859.29	0	0
XM_011509246.3	8615	8387.29	0	0
XM_011509247.2	8555	8327.29	0	0
XM_011509248.3	8184	7956.29	0	0
XM_011509249.3	8589	8361.29	4.46057e-05	2.40082e-07
XM_011509251.4	4203	3975.29	0	0
XM_011509253.3	3243	3015.29	0	0
XM_011509254.3	3240	3012.29	0	0
XM_011509255.3	3129	2901.29	0	0
XM_011509257.3	13824	13596.3	36.7868	0.121763
XM_011509260.3	1263	1035.29	23.088	1.00361
XM_011509265.4	6999	6771.29	0	0
XM_011509266.4	14135	13907.3	0	0
XM_011509267.1	5644	5416.29	0	0
XM_011509268.3	5468	5240.29	0	0
XM_011509269.3	5299	5071.29	0	0
XM_011509271.3	5352	5124.29	0	0
XM_011509283.3	3626	3398.29	0	0
XM_011509284.3	3623	3395.29	0	0
XM_011509286.3	3647	3419.29	0	0
XM_011509290.3	1195	967.293	0	0
XM_011509291.2	2608	2380.29	0	0
XM_011509297.4	4405	4177.29	0	0
XM_011509298.4	3788	3560.29	0	0
XM_011509299.4	3905	3677.29	0	0
XM_011509304.4	3784	3556.29	4.09883	0.0518686
XM_011509308.1	7527	7299.29	0	0
XM_011509309.1	7524	7296.29	0	0
XM_011509310.3	2187	1959.29	575.445	13.2174
XM_011509311.3	10771	10543.3	0	0
XM_011509312.1	10768	10540.3	0	0
XM_011509314.1	10717	10489.3	0	0
XM_011509316.2	10708	10480.3	0	0
XM_011509318.2	10690	10462.3	0	0
XM_011509320.2	10639	10411.3	1.03721e-07	4.48338e-10
XM_011509321.3	10549	10321.3	69.6877	0.303854
XM_011509322.3	10516	10288.3	0	0
XM_011509323.3	10465	10237.3	0	0
XM_011509325.3	10264	10036.3	0	0
XM_011509326.3	9958	9730.29	0	0
XM_011509327.3	9943	9715.29	0	0
XM_011509328.3	9907	9679.29	0	0
XM_011509339.4	5187	4959.29	63.9862	0.580643
XM_011509341.2	4822	4594.29	8.70426	0.0852619
XM_011509342.3	2365	2137.29	28.9594	0.609771
XM_011509347.3	2919	2691.29	5.69517	0.0952331
XM_011509348.3	1974	1746.29	0	0
XM_011509350.4	2341	2113.29	0	0
XM_011509351.4	2142	1914.29	0	0
XM_011509354.3	6923	6695.29	91.3038	0.613708
XM_011509355.3	6920	6692.29	37.354	0.251191
XM_011509365.3	4556	4328.29	2	0.0207948
XM_011509367.2	4831	4603.29	0	0
XM_011509369.3	3717	3489.29	0	0
XM_011509379.4	1746	1518.29	0	0
XM_011509381.4	6515	6287.29	0	0
XM_011509384.3	4932	4704.29	0	0
XM_011509385.3	1815	1587.29	13.3956	0.379795
XM_011509386.3	1557	1329.29	0	0
XM_011509387.3	1601	1373.29	0	0
XM_011509391.3	4239	4011.29	0	0
XM_011509392.3	7983	7755.29	82.3114	0.477644
XM_011509394.3	7621	7393.29	316.279	1.9252
XM_011509398.3	4181	3953.29	45.7544	0.520854
XM_011509417.3	5084	4856.29	0	0
XM_011509421.2	1036	808.293	0	0
XM_011509426.3	4448	4220.29	0	0
XM_011509447.3	1408	1180.29	4.33329	0.165223
XM_011509448.2	1405	1177.29	0	0
XM_011509449.2	1204	976.293	0	0
XM_011509450.3	1437	1209.29	0	0
XM_011509451.3	2224	1996.29	44.2453	0.997436
XM_011509452.4	2243	2015.29	147.59	3.2958
XM_011509453.3	2163	1935.29	29.1671	0.678249
XM_011509454.3	2905	2677.29	42.1661	0.708777
XM_011509455.3	2051	1823.29	18.9235	0.467076
XM_011509458.3	1486	1258.29	0	0
XM_011509459.3	1517	1289.29	0	0
XM_011509460.3	1291	1063.29	0	0
XM_011509463.3	7637	7409.29	26.9311	0.163576
XM_011509470.3	3406	3178.29	0	0
XM_011509472.3	3151	2923.29	0	0
XM_011509475.3	2886	2658.29	0	0
XM_011509476.3	2935	2707.29	0	0
XM_011509483.4	2495	2267.29	0	0
XM_011509494.3	3151	2923.29	0	0
XM_011509500.2	2454	2226.29	0	0
XM_011509507.4	2590	2362.29	0	0
XM_011509510.3	4972	4744.29	850.199	8.06476
XM_011509511.3	4928	4700.29	0	0
XM_011509513.4	5510	5282.29	101.217	0.862325
XM_011509522.3	3241	3013.29	65.8847	0.983977
XM_011509524.3	3522	3294.29	70.7553	0.966582
XM_011509538.4	3013	2785.29	0	0
XM_011509540.3	1327	1099.29	0.504376	0.0206483
XM_011509543.4	4779	4551.29	0	0
XM_011509546.3	4597	4369.29	9.11756e-08	9.39095e-10
XM_011509549.2	2587	2359.29	0	0
XM_011509556.2	2317	2089.29	0	0
XM_011509560.2	2275	2047.29	0	0
XM_011509561.4	5322	5094.29	0	0
XM_011509562.4	4452	4224.29	0	0
XM_011509563.3	3258	3030.29	48.3748	0.718417
XM_011509569.4	6231	6003.29	0.535248	0.00401243
XM_011509579.2	1915	1687.29	0	0
XM_011509580.2	2459	2231.29	30.7765	0.620732
XM_011509581.2	2238	2010.29	0	0
XM_011509582.2	3318	3090.29	0	0
XM_011509587.3	10117	9889.29	54.7297	0.249058
XM_011509588.4	2404	2176.29	159.888	3.30628
XM_011509590.3	3513	3285.29	0	0
XM_011509592.3	3400	3172.29	5.76133	0.0817319
XM_011509597.4	5948	5720.29	44.5575	0.350546
XM_011509599.3	4076	3848.29	41.601	0.486495
XM_011509600.2	1615	1387.29	0	0
XM_011509601.4	3027	2799.29	27.4948	0.442023
XM_011509602.4	2958	2730.29	4	0.0659314
XM_011509604.3	2298	2070.29	4.51774	0.0982045
XM_011509607.3	5190	4962.29	0.000116891	1.06009e-06
XM_011509614.2	4309	4081.29	0	0
XM_011509621.3	1322	1094.29	0	0
XM_011509622.3	1371	1143.29	0	0
XM_011509623.4	1901	1673.29	0	0
XM_011509624.4	647	420.888	44.9122	4.8022
XM_011509629.2	4343	4115.29	0	0
XM_011509634.2	4216	3988.29	0	0
XM_011509640.4	2957	2729.29	0	0
XM_011509642.3	2894	2666.29	98.1342	1.65636
XM_011509644.4	4299	4071.29	0	0
XM_011509648.4	4211	3983.29	0	0
XM_011509649.4	3242	3014.29	0	0
XM_011509650.4	3238	3010.29	0	0
XM_011509651.3	3036	2808.29	65.0073	1.04175
XM_011509652.3	2742	2514.29	0	0
XM_011509653.2	13852	13624.3	0	0
XM_011509654.4	13794	13566.3	0	0
XM_011509655.2	15490	15262.3	0	0
XM_011509656.3	822	594.427	0	0
XM_011509657.2	3859	3631.29	0	0
XM_011509660.3	2810	2582.29	121.368	2.11516
XM_011509663.3	2367	2139.29	0	0
XM_011509664.2	2351	2123.29	0	0
XM_011509665.3	2754	2526.29	3.7909	0.0675307
XM_011509667.3	2295	2067.29	0	0
XM_011509668.3	2150	1922.29	0	0
XM_011509670.3	2256	2028.29	0	0
XM_011509671.2	1794	1566.29	0	0
XM_011509672.4	1409	1181.29	0	0
XM_011509673.3	2105	1877.29	0	0
XM_011509674.3	2083	1855.29	0	0
XM_011509678.2	1945	1717.29	0	0
XM_011509684.2	849	621.427	0	0
XM_011509685.2	2900	2672.29	0	0
XM_011509689.4	5928	5700.29	44.8559	0.354131
XM_011509690.4	5817	5589.29	0	0
XM_011509694.4	1339	1111.29	0.00047703	1.93179e-05
XM_011509718.4	2342	2114.29	0	0
XM_011509729.3	5380	5152.29	176.211	1.53913
XM_011509747.2	3437	3209.29	0	0
XM_011509748.3	4399	4171.29	5.04664	0.054447
XM_011509760.4	5482	5254.29	0	0
XM_011509762.4	5198	4970.29	0	0
XM_011509763.4	5180	4952.29	0	0
XM_011509766.4	4142	3914.29	0	0
XM_011509769.4	5575	5347.29	1.0742e-07	9.0405e-10
XM_011509770.4	6292	6064.29	296.636	2.20134
XM_011509771.2	8320	8092.29	5.63993e-08	3.1365e-10
XM_011509772.3	7767	7539.29	0	0
XM_011509773.3	7876	7648.29	0	0
XM_011509775.3	1239	1011.29	0	0
XM_011509776.3	1221	993.293	0	0
XM_011509777.4	3947	3719.29	0	0
XM_011509778.3	1110	882.293	0	0
XM_011509779.3	912	684.293	0	0
XM_011509781.3	8036	7808.29	0	0
XM_011509782.2	8949	8721.29	0	0
XM_011509784.4	8711	8483.29	0	0
XM_011509785.3	12494	12266.3	0	0
XM_011509788.3	8385	8157.29	0	0
XM_011509789.3	2138	1910.29	0	0
XM_011509790.1	1607	1379.29	0	0
XM_011509791.3	2117	1889.29	0	0
XM_011509792.1	1821	1593.29	0	0
XM_011509793.2	1817	1589.29	2	0.0566328
XM_011509801.2	6623	6395.29	0	0
XM_011509802.2	6225	5997.29	21.389	0.160501
XM_011509804.2	5203	4975.29	0	0
XM_011509805.4	1444	1216.29	0	0
XM_011509811.3	4702	4474.29	52.2967	0.526008
XM_011509812.3	4926	4698.29	0	0
XM_011509813.3	4771	4543.29	33.8661	0.335457
XM_011509814.3	6274	6046.29	0	0
XM_011509815.3	5697	5469.29	562.077	4.62495
XM_011509816.4	4758	4530.29	0	0
XM_011509817.3	3676	3448.29	26.9976	0.352341
XM_011509818.2	3104	2876.29	8.99823	0.140788
XM_011509819.2	3910	3682.29	0	0
XM_011509820.3	2955	2727.29	0	0
XM_011509823.2	1795	1567.29	0	0
XM_011509828.1	2746	2518.29	0	0
XM_011509829.1	2642	2414.29	0	0
XM_011509832.3	2729	2501.29	28.6864	0.516123
XM_011509833.4	4364	4136.29	78.9404	0.858875
XM_011509835.3	3335	3107.29	0	0
XM_011509836.3	3148	2920.29	0	0
XM_011509837.3	3032	2804.29	0	0
XM_011509838.3	3333	3105.29	0	0
XM_011509839.3	3333	3105.29	0	0
XM_011509840.3	3189	2961.29	0	0
XM_011509841.3	4044	3816.29	4.80375	0.0566475
XM_011509842.3	4344	4116.29	0	0
XM_011509843.3	3204	2976.29	0	0
XM_011509844.3	2708	2480.29	0	0
XM_011509846.3	3127	2899.29	0	0
XM_011509851.4	4344	4116.29	10.2688	0.112268
XM_011509852.3	3857	3629.29	10.1121	0.125389
XM_011509853.3	1609	1381.29	0	0
XM_011509857.1	9604	9376.29	41.7706	0.200485
XM_011509862.4	1399	1171.29	0	0
XM_011509866.1	3293	3065.29	0	0
XM_011509871.4	2979	2751.29	8.96335e-06	1.46614e-07
XM_011509872.3	3446	3218.29	0	0
XM_011509874.3	3074	2846.29	0	0
XM_011509875.4	3065	2837.29	0	0
XM_011509878.3	3089	2861.29	0	0
XM_011509881.3	2880	2652.29	0	0
XM_011509892.4	3508	3280.29	24.6424	0.338074
XM_011509893.4	3505	3277.29	0.643622	0.00883807
XM_011509894.4	3454	3226.29	97.7029	1.36284
XM_011509897.2	3035	2807.29	127.185	2.03888
XM_011509898.3	1511	1283.29	53.5445	1.87772
XM_011509900.4	7338	7110.29	0	0
XM_011509903.4	7929	7701.29	0	0
XM_011509904.4	7135	6907.29	0	0
XM_011509908.3	2167	1939.29	0	0
XM_011509909.3	1994	1766.29	0	0
XM_011509911.2	7305	7077.29	56.8162	0.361283
XM_011509912.2	1227	999.293	888.914	40.0322
XM_011509916.3	7901	7673.29	0	0
XM_011509917.4	8000	7772.29	0	0
XM_011509918.4	6419	6191.29	0	0
XM_011509919.4	5386	5158.29	0	0
XM_011509922.3	8039	7811.29	71.6615	0.412862
XM_011509926.3	3981	3753.29	0	0
XM_011509927.3	3954	3726.29	0	0
XM_011509928.3	3888	3660.29	31.1358	0.382813
XM_011509930.3	3841	3613.29	0	0
XM_011509931.2	3327	3099.29	0	0
XM_011509932.3	3095	2867.29	0	0
XM_011509936.2	2563	2335.29	0	0
XM_011509937.3	4243	4015.29	0	0
XM_011509938.3	1156	928.293	0	0
XM_011509939.2	1162	934.293	0	0
XM_011509940.3	1162	934.293	0	0
XM_011509941.3	1159	931.293	0	0
XM_011509943.3	1111	883.293	0	0
XM_011509944.3	1117	889.293	0	0
XM_011509946.2	1171	943.293	0	0
XM_011509957.4	2955	2727.29	0	0
XM_011509959.4	2960	2732.29	0.000826552	1.3614e-05
XM_011509960.4	2940	2712.29	19.5737	0.324772
XM_011509961.3	2930	2702.29	6.59386	0.109812
XM_011509962.4	1941	1713.29	0	0
XM_011509963.4	2683	2455.29	45.7288	0.838163
XM_011509964.3	4281	4053.29	3.711	0.0412027
XM_011509966.4	2628	2400.29	18.694	0.350494
XM_011509973.3	5187	4959.29	2.77718e-06	2.52015e-08
XM_011509974.4	2615	2387.29	0	0
XM_011509975.4	2549	2321.29	0	0
XM_011509976.3	2523	2295.29	0	0
XM_011509981.3	964	736.293	77.5416	4.73943
XM_011509982.3	2343	2115.29	46.8803	0.997384
XM_011509986.2	2069	1841.29	2.48543	0.0607466
XM_011510005.3	2952	2724.29	0	0
XM_011510006.3	2928	2700.29	0	0
XM_011510007.3	2117	1889.29	0	0
XM_011510012.2	6794	6566.29	282.422	1.93562
XM_011510018.4	4548	4320.29	3.07474	0.0320286
XM_011510019.3	1494	1266.29	0	0
XM_011510020.3	2728	2500.29	0	0
XM_011510021.3	3461	3233.29	0	0
XM_011510022.3	3386	3158.29	0	0
XM_011510024.3	6138	5910.29	54.3249	0.413649
XM_011510025.3	6078	5850.29	0	0
XM_011510030.3	5130	4902.29	0	0
XM_011510031.3	5106	4878.29	0	0
XM_011510032.3	5106	4878.29	0	0
XM_011510033.3	2753	2525.29	0	0
XM_011510034.2	3463	3235.29	0	0
XM_011510036.2	1775	1547.29	133.158	3.87291
XM_011510038.4	18017	17789.3	1350.42	3.41627
XM_011510041.4	9878	9650.29	5.54567	0.0258616
XM_011510043.4	3572	3344.29	0	0
XM_011510045.4	3903	3675.29	0	0
XM_011510046.4	3867	3639.29	52.3791	0.647714
XM_011510049.4	3865	3637.29	0	0
XM_011510051.3	2535	2307.29	0	0
XM_011510052.3	2308	2080.29	0	0
XM_011510054.3	1454	1226.29	0	0
XM_011510057.3	2474	2246.29	0	0
XM_011510058.4	1428	1200.29	0	0
XM_011510061.3	7945	7717.29	14.3223	0.0835201
XM_011510062.4	19083	18855.3	0	0
XM_011510065.2	1821	1593.29	0	0
XM_011510067.2	1728	1500.29	0	0
XM_011510068.2	1692	1464.29	0	0
XM_011510072.3	4768	4540.29	1.43861e-08	1.42594e-10
XM_011510073.3	4717	4489.29	107.289	1.07553
XM_011510074.3	4796	4568.29	0	0
XM_011510075.3	4745	4517.29	0	0
XM_011510083.2	4700	4472.29	0	0
XM_011510084.1	3697	3469.29	24.9547	0.323708
XM_011510089.4	5747	5519.29	0	0
XM_011510093.3	2369	2141.29	0	0
XM_011510095.3	7895	7667.29	0	0
XM_011510104.3	1817	1589.29	0	0
XM_011510105.3	6041	5813.29	0	0
XM_011510106.4	5660	5432.29	0	0
XM_011510108.3	5444	5216.29	11.0555	0.0953802
XM_011510119.4	1226	998.293	0	0
XM_011510122.2	5752	5524.29	0	0
XM_011510123.2	5725	5497.29	0	0
XM_011510124.2	5433	5205.29	0	0
XM_011510130.4	1930	1702.29	39.8799	1.0543
XM_011510131.4	1573	1345.29	17.798	0.595384
XM_011510132.4	1570	1342.29	3.14854e-05	1.05561e-06
XM_011510133.4	1754	1526.29	0	0
XM_011510144.3	1745	1517.29	0	0
XM_011510145.2	1742	1514.29	0	0
XM_011510146.3	4044	3816.29	0	0
XM_011510152.3	1069	841.293	0	0
XM_011510153.3	1032	804.293	0	0
XM_011510154.3	902	674.361	0	0
XM_011510156.3	811	583.487	1	0.0771279
XM_011510160.3	1015	787.293	0	0
XM_011510162.3	997	769.293	0	0
XM_011510163.3	892	664.361	0	0
XM_011510166.3	9895	9667.29	10.124	0.0471291
XM_011510167.3	9864	9636.29	422.051	1.97105
XM_011510180.2	4381	4153.29	7.34632	0.0796012
XM_011510181.3	4220	3992.29	0	0
XM_011510185.4	7297	7069.29	35.251	0.224408
XM_011510186.4	7192	6964.29	0.261359	0.0016889
XM_011510187.4	5973	5745.29	34.8285	0.272813
XM_011510189.4	5390	5162.29	3.47714	0.0303125
XM_011510205.4	6248	6020.29	0	0
XM_011510206.4	6110	5882.29	0	0
XM_011510207.4	5972	5744.29	1.54046e-05	1.20686e-07
XM_011510215.4	4064	3836.29	96.1057	1.1274
XM_011510219.2	5169	4941.29	0.000244613	2.22783e-06
XM_011510220.3	5140	4912.29	404.781	3.70833
XM_011510221.4	4849	4621.29	0	0
XM_011510222.2	3029	2801.29	12.9897	0.208681
XM_011510223.3	8721	8493.29	0	0
XM_011510229.4	8459	8231.29	1.90827e-06	1.04331e-08
XM_011510231.3	7417	7189.29	434.797	2.72171
XM_011510232.3	6993	6765.29	1845.16	12.2741
XM_011510233.3	7210	6982.29	2.51049e-08	1.61809e-10
XM_011510235.3	6922	6694.29	0	0
XM_011510308.2	2182	1954.29	10.2846	0.236831
XM_011510315.3	1554	1326.29	8.36758	0.283924
XM_011510318.2	7213	6985.29	0	0
XM_011510319.2	7180	6952.29	0	0
XM_011510320.4	7262	7034.29	0	0
XM_011510321.3	7079	6851.29	0	0
XM_011510322.3	7097	6869.29	0	0
XM_011510323.1	7036	6808.29	0	0
XM_011510324.3	7207	6979.29	0	0
XM_011510326.2	7150	6922.29	0	0
XM_011510327.2	6445	6217.29	0	0
XM_011510328.3	6439	6211.29	0	0
XM_011510331.3	3813	3585.29	0	0
XM_011510332.3	3750	3522.29	0	0
XM_011510340.4	3151	2923.29	0	0
XM_011510341.3	885	657.427	0	0
XM_011510343.3	3605	3377.29	0	0
XM_011510347.2	2019	1791.29	0	0
XM_011510348.2	14452	14224.3	6.28309	0.0198786
XM_011510349.3	1838	1610.29	0	0
XM_011510350.3	2385	2157.29	16.3325	0.34071
XM_011510352.3	3819	3591.29	105.265	1.3191
XM_011510353.3	2385	2157.29	6.03345	0.125863
XM_011510354.3	2691	2463.29	82.0204	1.49847
XM_011510355.3	1595	1367.29	24.2597	0.798483
XM_011510356.2	1359	1131.29	0	0
XM_011510357.3	7149	6921.29	263.099	1.7107
XM_011510358.3	7149	6921.29	268.124	1.74337
XM_011510360.3	5113	4885.29	4.11026e-08	3.78635e-10
XM_011510361.3	5104	4876.29	1.08657e-06	1.00279e-08
XM_011510369.3	1457	1229.29	0	0
XM_011510372.3	3936	3708.29	0	0
XM_011510380.4	4133	3905.29	0	0
XM_011510383.4	1879	1651.29	0	0
XM_011510385.3	1770	1542.29	0	0
XM_011510396.2	6655	6427.29	111.21	0.778677
XM_011510400.3	1951	1723.29	11.4186	0.298191
XM_011510402.3	3289	3061.29	8.83139	0.129827
XM_011510403.4	5707	5479.29	0	0
XM_011510404.3	5698	5470.29	39.6263	0.325998
XM_011510405.4	5632	5404.29	0	0
XM_011510406.3	5767	5539.29	36.0612	0.292974
XM_011510407.3	5572	5344.29	0	0
XM_011510408.4	3816	3588.29	0	0
XM_011510409.1	5366	5138.29	0	0
XM_011510410.3	2698	2470.29	16.5508	0.301518
XM_011510417.3	7972	7744.29	0	0
XM_011510418.4	8632	8404.29	0	0
XM_011510419.4	8632	8404.29	0	0
XM_011510422.2	5654	5426.29	0	0
XM_011510423.4	2547	2319.29	0	0
XM_011510458.4	2677	2449.29	58.0604	1.0668
XM_011510459.4	6260	6032.29	0.622373	0.00464313
XM_011510461.4	894	666.361	0	0
XM_011510464.4	776	548.487	0	0
XM_011510466.3	6798	6570.29	30.7714	0.210768
XM_011510475.2	2087	1859.29	0	0
XM_011510479.3	10812	10584.3	0	0
XM_011510487.4	3225	2997.29	0.690672	0.0103701
XM_011510488.3	1553	1325.29	0	0
XM_011510489.3	5113	4885.29	0	0
XM_011510493.4	2228	2000.29	138.469	3.1153
XM_011510494.3	4403	4175.29	117.792	1.26961
XM_011510495.3	4543	4315.29	0	0
XM_011510496.4	2117	1889.29	28.307	0.674274
XM_011510499.3	6032	5804.29	12.9272	0.10023
XM_011510509.2	2179	1951.29	0	0
XM_011510515.2	3226	2998.29	0	0
XM_011510516.2	3217	2989.29	0	0
XM_011510517.4	3434	3206.29	0	0
XM_011510518.3	3382	3154.29	0	0
XM_011510519.2	3163	2935.29	0	0
XM_011510520.2	3157	2929.29	0	0
XM_011510526.2	3955	3727.29	70.0217	0.845437
XM_011510527.4	3429	3201.29	0	0
XM_011510528.3	2558	2330.29	90.9137	1.75574
XM_011510529.2	2453	2225.29	106.953	2.16296
XM_011510530.2	5651	5423.29	0	0
XM_011510531.2	5745	5517.29	0	0
XM_011510533.4	5698	5470.29	0	0
XM_011510534.2	5582	5354.29	0	0
XM_011510535.3	5498	5270.29	0	0
XM_011510536.4	4606	4378.29	190.429	1.95736
XM_011510538.3	1607	1379.29	0	0
XM_011510539.3	10634	10406.3	4.56146e-07	1.97265e-09
XM_011510540.3	1625	1397.29	4.34751	0.140022
XM_011510543.3	1697	1469.29	0	0
XM_011510552.3	8519	8291.29	0	0
XM_011510553.3	8245	8017.29	0	0
XM_011510554.3	3795	3567.29	0	0
XM_011510555.2	5012	4784.29	0	0
XM_011510557.3	9903	9675.29	0	0
XM_011510558.3	9876	9648.29	0	0
XM_011510559.3	6050	5822.29	0	0
XM_011510560.3	6027	5799.29	0	0
XM_011510561.3	5688	5460.29	0	0
XM_011510562.3	8448	8220.29	0	0
XM_011510565.3	7788	7560.29	2.03913	0.0121381
XM_011510566.3	5457	5229.29	0	0
XM_011510567.3	5434	5206.29	0	0
XM_011510568.3	4674	4446.29	0	0
XM_011510569.3	5095	4867.29	0	0
XM_011510570.3	7855	7627.29	1.13774e-05	6.71299e-08
XM_011510572.4	8237	8009.29	6	0.0337132
XM_011510573.4	7124	6896.29	0	0
XM_011510576.4	1864	1636.29	0	0
XM_011510577.3	2061	1833.29	0	0
XM_011510580.2	1089	861.293	14.5695	0.761264
XM_011510581.4	973	745.293	46.9095	2.83254
XM_011510585.2	6200	5972.29	0.0210656	0.000158736
XM_011510587.3	6107	5879.29	103.704	0.793802
XM_011510590.2	2101	1873.29	6	0.144141
XM_011510592.3	1315	1087.29	0	0
XM_011510594.4	9455	9227.29	67.3051	0.328258
XM_011510595.4	5449	5221.29	0	0
XM_011510596.4	5446	5218.29	0	0
XM_011510597.4	5416	5188.29	0	0
XM_011510598.4	5398	5170.29	0	0
XM_011510600.4	3848	3620.29	0	0
XM_011510606.4	2079	1851.29	0	0
XM_011510610.4	1577	1349.29	2.43655	0.0812665
XM_011510612.4	1284	1056.29	0	0
XM_011510620.3	1424	1196.29	0	0
XM_011510623.3	1411	1183.29	0	0
XM_011510646.4	10223	9995.29	12.1619	0.0547582
XM_011510648.4	5789	5561.29	1.27525	0.0103196
XM_011510650.4	9976	9748.29	0	0
XM_011510654.4	6230	6002.29	0	0
XM_011510655.4	6041	5813.29	0	0
XM_011510656.4	5586	5358.29	0	0
XM_011510657.4	5430	5202.29	0	0
XM_011510659.3	1705	1477.29	0	0
XM_011510665.3	14123	13895.3	1115.24	3.61195
XM_011510666.3	4656	4428.29	207.625	2.11002
XM_011510667.2	1697	1469.29	21.5526	0.660137
XM_011510670.3	1635	1407.29	0	0
XM_011510672.3	1781	1553.29	0	0
XM_011510673.3	4557	4329.29	0	0
XM_011510675.3	4452	4224.29	23.1006	0.2461
XM_011510676.3	4585	4357.29	5.34022	0.0551549
XM_011510677.3	4508	4280.29	0	0
XM_011510679.3	4128	3900.29	0	0
XM_011510680.2	4357	4129.29	0	0
XM_011510681.2	4173	3945.29	0	0
XM_011510682.3	4308	4080.29	0	0
XM_011510685.3	4113	3885.29	0	0
XM_011510686.3	4050	3822.29	0	0
XM_011510688.2	3812	3584.29	0	0
XM_011510698.3	3175	2947.29	0	0
XM_011510699.3	3028	2800.29	0.0296412	0.00047636
XM_011510700.3	3101	2873.29	0.00657625	0.000103001
XM_011510701.4	2783	2555.29	4.51742e-05	7.95596e-07
XM_011510702.3	2596	2368.29	0.000769982	1.46314e-05
XM_011510703.3	3484	3256.29	0.00647369	8.94686e-05
XM_011510704.4	4606	4378.29	51.9419	0.533895
XM_011510706.4	4650	4422.29	86.4466	0.879717
XM_011510709.3	2557	2329.29	5.48037	0.105883
XM_011510710.3	3340	3112.29	1.43179	0.0207033
XM_011510724.3	2461	2233.29	0	0
XM_011510725.3	2407	2179.29	0	0
XM_011510728.4	896	668.361	0	0
XM_011510736.3	1309	1081.29	12.2147	0.508371
XM_011510743.1	2492	2264.29	3.64621	0.0724687
XM_011510745.3	5057	4829.29	0	0
XM_011510746.3	5167	4939.29	0	0
XM_011510747.4	4931	4703.29	0	0
XM_011510748.3	1732	1504.29	0	0
XM_011510750.3	885	657.427	0	0
XM_011510751.4	4141	3913.29	0	0
XM_011510752.3	2163	1935.29	0	0
XM_011510757.3	2403	2175.29	0	0
XM_011510760.3	2289	2061.29	0	0
XM_011510761.3	2229	2001.29	0	0
XM_011510770.2	5013	4785.29	0	0
XM_011510771.3	4137	3909.29	0	0
XM_011510772.2	4926	4698.29	0	0
XM_011510774.1	2953	2725.29	0	0
XM_011510775.3	2281	2053.29	0	0
XM_011510777.3	1788	1560.29	22.6289	0.652679
XM_011510778.4	9944	9716.29	49.7825	0.230578
XM_011510779.3	10001	9773.29	1.35387e-08	6.23417e-11
XM_011510780.3	9941	9713.29	23.1266	0.107149
XM_011510781.4	9926	9698.29	51.2514	0.237822
XM_011510782.4	9779	9551.29	1.69831	0.00800196
XM_011510783.4	9776	9548.29	94.1739	0.443861
XM_011510784.3	9773	9545.29	43.2273	0.203803
XM_011510785.4	9758	9530.29	19.4955	0.0920598
XM_011510786.4	9653	9425.29	19.3062	0.0921818
XM_011510787.2	9650	9422.29	0	0
XM_011510788.2	9617	9389.29	21.2295	0.101753
XM_011510789.3	9467	9239.29	27.5005	0.13395
XM_011510792.4	4277	4049.29	0	0
XM_011510793.3	6213	5985.29	0	0
XM_011510794.3	2736	2508.29	216.48	3.88403
XM_011510795.2	2503	2275.29	58.817	1.16334
XM_011510796.4	2866	2638.29	0	0
XM_011510797.4	2570	2342.29	100.656	1.93393
XM_011510802.4	9528	9300.29	0	0
XM_011510803.4	9398	9170.29	0	0
XM_011510804.4	9390	9162.29	0	0
XM_011510805.4	9659	9431.29	7.02708e-05	3.35309e-07
XM_011510807.4	9565	9337.29	0	0
XM_011510808.4	9435	9207.29	0	0
XM_011510809.4	9696	9468.29	3.27684e-07	1.55749e-09
XM_011510810.4	9427	9199.29	0	0
XM_011510811.4	9461	9233.29	0	0
XM_011510812.4	9592	9364.29	1.23516	0.00593596
XM_011510815.4	9440	9212.29	0	0
XM_011510816.4	9755	9527.29	0	0
XM_011510817.4	9374	9146.29	0	0
XM_011510818.4	59349	59121.3	36.5345	0.02781
XM_011510819.4	9293	9065.29	1.95461e-08	9.7033e-11
XM_011510820.4	8551	8323.29	43.6084	0.235786
XM_011510823.4	3220	2992.29	1585.28	23.8421
XM_011510825.4	3485	3257.29	134.19	1.85398
XM_011510834.2	4319	4091.29	55.2737	0.607995
XM_011510848.2	7946	7718.29	0	0
XM_011510849.2	7922	7694.29	53.2239	0.311301
XM_011510857.3	8306	8078.29	4.96864e-07	2.76796e-09
XM_011510863.4	4954	4726.29	3.12986e-08	2.98021e-10
XM_011510864.3	5663	5435.29	0	0
XM_011510865.3	4901	4673.29	0	0
XM_011510866.3	5387	5159.29	5.20304e-07	4.53846e-09
XM_011510869.2	6566	6338.29	0	0
XM_011510890.4	2772	2544.29	0	0
XM_011510893.2	5117	4889.29	0	0
XM_011510903.2	6110	5882.29	0	0
XM_011510904.3	6080	5852.29	0	0
XM_011510908.2	6026	5798.29	0	0
XM_011510909.2	6056	5828.29	0	0
XM_011510910.2	6065	5837.29	0	0
XM_011510911.2	5950	5722.29	0	0
XM_011510912.2	6004	5776.29	0	0
XM_011510914.2	5901	5673.29	0	0
XM_011510915.2	5871	5643.29	0	0
XM_011510916.2	5831	5603.29	0	0
XM_011510922.1	3330	3102.29	0	0
XM_011510923.4	3453	3225.29	0	0
XM_011510924.2	2275	2047.29	0	0
XM_011510925.2	2279	2051.29	0	0
XM_011510926.3	1058	830.293	0	0
XM_011510928.3	987	759.293	0	0
XM_011510929.2	3407	3179.29	0.0113238	0.000160289
XM_011510931.3	8254	8026.29	0	0
XM_011510932.3	8155	7927.29	0	0
XM_011510934.4	3984	3756.29	0	0
XM_011510937.3	2810	2582.29	52.4949	0.914859
XM_011510938.2	6526	6298.29	23.5543	0.168302
XM_011510941.3	3877	3649.29	0	0
XM_011510943.4	3550	3322.29	24.5573	0.332649
XM_011510944.3	4304	4076.29	0	0
XM_011510945.3	4265	4037.29	0	0
XM_011510946.3	4232	4004.29	0	0
XM_011510948.3	4106	3878.29	13.6057	0.157878
XM_011510950.3	3279	3051.29	3.02547	0.0446222
XM_011510951.3	9307	9079.29	0	0
XM_011510953.3	1423	1195.29	466.857	17.5773
XM_011510954.2	2058	1830.29	0	0
XM_011510956.4	1641	1413.29	0	0
XM_011510957.4	2592	2364.29	49.1693	0.935912
XM_011510959.3	4848	4620.29	40.8247	0.397645
XM_011510962.1	1201	973.293	0	0
XM_011510965.2	1804	1576.29	1	0.0285499
XM_011510969.3	6730	6502.29	53.2547	0.368581
XM_011510971.3	6705	6477.29	259.197	1.80086
XM_011510977.3	5797	5569.29	151.575	1.22481
XM_011510987.3	2606	2378.29	0	0
XM_011510988.3	2223	1995.29	72.9224	1.64474
XM_011510991.4	9422	9194.29	0.00957672	4.68749e-05
XM_011510992.4	8864	8636.29	0	0
XM_011511001.3	1865	1637.29	7.62186	0.209497
XM_011511017.4	5347	5119.29	17.9762	0.158026
XM_011511018.4	5248	5020.29	0	0
XM_011511019.4	5170	4942.29	0	0
XM_011511020.4	5250	5022.29	0	0
XM_011511022.2	1241	1013.29	30.4508	1.3524
XM_011511023.2	808	580.487	0.0132698	0.00102876
XM_011511038.3	6895	6667.29	0	0
XM_011511042.1	6796	6568.29	0	0
XM_011511043.1	6766	6538.29	0	0
XM_011511044.1	7825	7597.29	80.9031	0.479235
XM_011511045.1	6706	6478.29	0	0
XM_011511050.1	6601	6373.29	0	0
XM_011511051.1	7714	7486.29	130.557	0.784833
XM_011511052.1	6505	6277.29	0	0
XM_011511056.2	4543	4315.29	0	0
XM_011511058.4	6569	6341.29	53.2123	0.377639
XM_011511060.4	6417	6189.29	74.0995	0.538786
XM_011511062.2	4248	4020.29	0	0
XM_011511064.3	3079	2851.29	0	0
XM_011511065.4	2502	2274.29	0	0
XM_011511066.4	2770	2542.29	0	0
XM_011511068.3	2644	2416.29	8.56852	0.159587
XM_011511069.3	2173	1945.29	0	0
XM_011511076.3	5514	5286.29	0	0
XM_011511086.3	4251	4023.29	1	0.0111856
XM_011511087.2	3481	3253.29	0	0
XM_011511090.4	6191	5963.29	0	0
XM_011511091.4	6122	5894.29	0	0
XM_011511092.4	6122	5894.29	0	0
XM_011511093.2	4216	3988.29	0	0
XM_011511094.2	4114	3886.29	0	0
XM_011511095.2	3679	3451.29	0	0
XM_011511096.1	3289	3061.29	0	0
XM_011511097.4	7595	7367.29	0	0
XM_011511099.4	7448	7220.29	0	0
XM_011511100.4	7390	7162.29	14.937	0.0938539
XM_011511102.3	7297	7069.29	0	0
XM_011511104.1	7024	6796.29	0	0
XM_011511105.2	7815	7587.29	0	0
XM_011511109.3	8331	8103.29	7.87671	0.0437447
XM_011511110.3	5413	5185.29	0	0
XM_011511115.3	5150	4922.29	28.1184	0.257079
XM_011511116.2	4962	4734.29	0.0370402	0.000352095
XM_011511118.3	5180	4952.29	378.774	3.44204
XM_011511121.2	2276	2048.29	0	0
XM_011511122.3	3398	3170.29	0	0
XM_011511123.3	3441	3213.29	0	0
XM_011511124.3	9979	9751.29	32.9177	0.151918
XM_011511125.3	3781	3553.29	8.60771	0.109018
XM_011511127.3	2123	1895.29	0	0
XM_011511148.3	1187	959.293	0	0
XM_011511149.3	1118	890.293	0	0
XM_011511150.3	1079	851.293	0	0
XM_011511152.3	2633	2405.29	0	0
XM_011511153.3	2557	2329.29	2.81302	0.054349
XM_011511155.2	1789	1561.29	0.137696	0.00396898
XM_011511157.3	5935	5707.29	2	0.0157704
XM_011511158.2	4128	3900.29	1.33753	0.015433
XM_011511160.3	9994	9766.29	18.0761	0.0832947
XM_011511163.3	3676	3448.29	5.74428	0.0749677
XM_011511169.4	14187	13959.3	1.55721	0.00502025
XM_011511170.3	10155	9927.29	0	0
XM_011511171.4	14141	13913.3	0	0
XM_011511174.4	9956	9728.29	2.24193	0.0103712
XM_011511178.4	8660	8432.29	1.52948e-05	8.16285e-08
XM_011511179.4	8657	8429.29	2.49125e-05	1.33005e-07
XM_011511183.4	15528	15300.3	0	0
XM_011511184.3	13248	13020.3	6.02731	0.0208327
XM_011511195.3	9911	9683.29	0	0
XM_011511196.4	9771	9543.29	0	0
XM_011511197.4	9768	9540.29	0	0
XM_011511199.3	9163	8935.29	208.591	1.05058
XM_011511201.3	8268	8040.29	121.215	0.678461
XM_011511202.3	8246	8018.29	0.0961574	0.000539688
XM_011511205.3	3137	2909.29	0	0
XM_011511207.3	3083	2855.29	0	0
XM_011511208.3	2982	2754.29	0	0
XM_011511218.3	6919	6691.29	0	0
XM_011511219.4	4351	4123.29	128.269	1.39998
XM_011511225.3	25447	25219.3	0	0
XM_011511226.3	24004	23776.3	0	0
XM_011511227.3	21817	21589.3	9.47795	0.0197569
XM_011511230.4	576	351.35	46.2973	5.93003
XM_011511242.3	3930	3702.29	0	0
XM_011511243.3	5027	4799.29	44.8504	0.420563
XM_011511244.2	2937	2709.29	8.61654	0.143126
XM_011511245.4	3205	2977.29	0	0
XM_011511246.3	3244	3016.29	0	0
XM_011511252.4	4348	4120.29	134.634	1.47051
XM_011511253.4	4300	4072.29	4.11773e-07	4.55052e-09
XM_011511255.3	6726	6498.29	0	0
XM_011511263.3	3760	3532.29	0	0
XM_011511267.3	3414	3186.29	0	0
XM_011511283.3	3594	3366.29	5.91183e-06	7.90336e-08
XM_011511284.3	3714	3486.29	0.000160794	2.07562e-06
XM_011511285.3	3591	3363.29	3.44025e-06	4.60328e-08
XM_011511286.3	3468	3240.29	7.78902	0.108178
XM_011511287.3	3588	3360.29	0	0
XM_011511288.3	5800	5572.29	0	0
XM_011511290.3	2980	2752.29	0	0
XM_011511291.3	2154	1926.29	1.62458	0.0379544
XM_011511323.3	5796	5568.29	0	0
XM_011511324.4	1833	1605.29	0	0
XM_011511325.4	6060	5832.29	12.8089	0.098836
XM_011511326.3	5734	5506.29	0	0
XM_011511329.2	2632	2404.29	0	0
XM_011511331.2	3258	3030.29	0	0
XM_011511333.2	3381	3153.29	0	0
XM_011511335.3	1829	1601.29	2.18892e-05	6.15178e-07
XM_011511341.3	3387	3159.29	0	0
XM_011511343.3	14222	13994.3	0.21851	0.000702687
XM_011511344.3	13961	13733.3	7.09717e-05	2.3257e-07
XM_011511345.4	14162	13934.3	37.4579	0.120976
XM_011511347.3	14206	13978.3	0	0
XM_011511348.4	2724	2496.29	205.112	3.69776
XM_011511349.4	2721	2493.29	49.0949	0.886146
XM_011511358.3	1387	1159.29	72.4217	2.81137
XM_011511359.2	6830	6602.29	103.632	0.706388
XM_011511361.1	6680	6452.29	17.3126	0.120751
XM_011511363.3	3360	3132.29	33.9227	0.487383
XM_011511368.1	4862	4634.29	0	0
XM_011511369.4	13885	13657.3	120.847	0.398211
XM_011511370.3	13995	13767.3	28.6186	0.0935498
XM_011511371.3	13973	13745.3	89.8267	0.294099
XM_011511375.3	14037	13809.3	0	0
XM_011511376.2	13841	13613.3	0	0
XM_011511378.3	3684	3456.29	232.904	3.03256
XM_011511379.3	3681	3453.29	190.439	2.48179
XM_011511380.2	3559	3331.29	69.1423	0.934057
XM_011511381.2	3655	3427.29	32.0479	0.420814
XM_011511382.4	3631	3403.29	188.198	2.48862
XM_011511383.2	3634	3406.29	52.5724	0.694574
XM_011511385.4	3878	3650.29	109.037	1.34427
XM_011511386.3	3875	3647.29	35.8881	0.442814
XM_011511388.3	1978	1750.29	15.7916	0.40603
XM_011511392.4	2537	2309.29	0	0
XM_011511397.3	5707	5479.29	237.797	1.9531
XM_011511398.4	3564	3336.29	0	0
XM_011511399.3	5434	5206.29	7.2044	0.0622747
XM_011511401.3	2427	2199.29	14.4141	0.294949
XM_011511403.2	4327	4099.29	19.5132	0.214221
XM_011511404.4	2789	2561.29	0	0
XM_011511405.4	2759	2531.29	0	0
XM_011511406.4	2814	2586.29	0	0
XM_011511407.4	2867	2639.29	6	0.102307
XM_011511409.2	3455	3227.29	0	0
XM_011511411.4	2672	2444.29	0	0
XM_011511413.2	6292	6064.29	0	0
XM_011511414.4	2630	2402.29	0	0
XM_011511415.3	3771	3543.29	0	0
XM_011511419.3	2624	2396.29	1.04962	0.0197122
XM_011511421.3	3700	3472.29	0	0
XM_011511422.2	1860	1632.29	0	0
XM_011511423.2	2643	2415.29	2.08274e-05	3.88068e-07
XM_011511427.3	7543	7315.29	0	0
XM_011511428.4	2033	1805.29	0	0
XM_011511429.3	7003	6775.29	0	0
XM_011511432.4	2656	2428.29	0	0
XM_011511434.4	1958	1730.29	0	0
XM_011511436.2	9753	9525.29	113.163	0.534651
XM_011511443.3	3999	3771.29	0	0
XM_011511444.4	3912	3684.29	40.486	0.494531
XM_011511447.4	4675	4447.29	1142.66	11.5628
XM_011511450.2	3071	2843.29	0	0
XM_011511453.2	2035	1807.29	0	0
XM_011511454.4	3247	3019.29	0	0
XM_011511455.4	3270	3042.29	27.4577	0.406168
XM_011511456.4	3260	3032.29	0	0
XM_011511457.4	3303	3075.29	0	0
XM_011511458.4	3241	3013.29	0	0
XM_011511459.4	3172	2944.29	0	0
XM_011511460.4	3169	2941.29	0	0
XM_011511461.4	3163	2935.29	0	0
XM_011511462.4	3076	2848.29	0	0
XM_011511470.3	10830	10602.3	1.58663e-07	6.7347e-10
XM_011511472.3	10146	9918.29	0	0
XM_011511482.3	1344	1116.29	0	0
XM_011511483.1	1389	1161.29	1	0.0387526
XM_011511484.2	1341	1113.29	0	0
XM_011511486.4	935	707.293	0	0
XM_011511488.4	12299	12071.3	2.2778e-07	8.49188e-10
XM_011511489.3	12356	12128.3	0	0
XM_011511490.4	12194	11966.3	0.0362499	0.000136329
XM_011511491.4	9229	9001.29	0	0
XM_011511492.4	9188	8960.29	0	0
XM_011511493.4	9062	8834.29	0	0
XM_011511494.4	8999	8771.29	0	0
XM_011511495.4	8661	8433.29	0	0
XM_011511497.3	6790	6562.29	0	0
XM_011511500.2	2069	1841.29	0	0
XM_011511504.3	5228	5000.29	174.935	1.57443
XM_011511507.3	6291	6063.29	171.114	1.27004
XM_011511509.4	5536	5308.29	0	0
XM_011511512.4	5446	5218.29	0	0
XM_011511513.3	5714	5486.29	0	0
XM_011511516.3	4553	4325.29	22.8794	0.238052
XM_011511532.4	10362	10134.3	0	0
XM_011511533.3	10148	9920.29	0	0
XM_011511534.3	10071	9843.29	0.00151591	6.93067e-06
XM_011511535.4	10172	9944.29	54.0335	0.24453
XM_011511555.3	3991	3763.29	7.48648	0.0895266
XM_011511556.3	3680	3452.29	7.4579	0.097219
XM_011511557.4	3141	2913.29	25.848	0.399287
XM_011511558.3	3638	3410.29	0	0
XM_011511564.4	2802	2574.29	1	0.0174817
XM_011511565.4	2920	2692.29	0	0
XM_011511569.3	2786	2558.29	0	0
XM_011511570.2	2781	2553.29	149.1	2.62796
XM_011511575.3	11807	11579.3	0	0
XM_011511576.4	11633	11405.3	48.283	0.190515
XM_011511578.3	8879	8651.29	0	0
XM_011511580.3	4728	4500.29	0	0
XM_011511593.4	1472	1244.29	0	0
XM_011511594.1	1062	834.293	0	0
XM_011511596.2	1302	1074.29	0	0
XM_011511610.4	9242	9014.29	0	0
XM_011511613.4	6822	6594.29	2.01118	0.0137254
XM_011511615.3	7536	7308.29	0	0
XM_011511616.4	9714	9486.29	0	0
XM_011511617.3	9795	9567.29	12.2725	0.0577277
XM_011511618.3	9762	9534.29	19.8515	0.0937016
XM_011511619.3	9524	9296.29	36.4792	0.176595
XM_011511621.3	1869	1641.29	0	0
XM_011511633.3	7774	7546.29	0	0
XM_011511634.3	7894	7666.29	229.6	1.34781
XM_011511638.3	4744	4516.29	137.577	1.3709
XM_011511644.3	1222	994.293	0	0
XM_011511646.4	9936	9708.29	3.1943e-07	1.48073e-09
XM_011511650.3	1753	1525.29	0	0
XM_011511652.2	3530	3302.29	23.9707	0.326668
XM_011511654.3	1773	1545.29	4.13529	0.120431
XM_011511655.3	3270	3042.29	0	0
XM_011511656.3	3227	2999.29	0	0
XM_011511657.3	3170	2942.29	0	0
XM_011511658.4	8752	8524.29	0	0
XM_011511659.3	8798	8570.29	7.18783	0.0377437
XM_011511660.3	8115	7887.29	0	0
XM_011511662.3	7451	7223.29	0	0
XM_011511663.4	7673	7445.29	74.3656	0.449503
XM_011511665.3	4116	3888.29	29.7264	0.344053
XM_011511667.3	2585	2357.29	0	0
XM_011511668.3	1711	1483.29	0	0
XM_011511669.2	1571	1343.29	0	0
XM_011511673.3	1722	1494.29	0	0
XM_011511676.3	1463	1235.29	0	0
XM_011511677.3	1622	1394.29	0	0
XM_011511678.3	1220	992.293	0	0
XM_011511687.2	12065	11837.3	127.012	0.482874
XM_011511692.4	2822	2594.29	0	0
XM_011511693.4	1160	932.293	0	0
XM_011511694.3	2862	2634.29	0	0
XM_011511696.3	2721	2493.29	59.6598	1.07684
XM_011511697.4	2462	2234.29	163.491	3.29303
XM_011511698.3	1301	1073.29	6	0.251579
XM_011511699.4	841	613.427	0	0
XM_011511700.4	1626	1398.29	0	0
XM_011511701.4	3303	3075.29	0	0
XM_011511702.4	2938	2710.29	3.87365	0.0643201
XM_011511733.3	6096	5868.29	0	0
XM_011511738.4	1685	1457.29	0	0
XM_011511739.3	1619	1391.29	3.59329	0.116229
XM_011511740.4	1790	1562.29	0	0
XM_011511741.4	1587	1359.29	0	0
XM_011511743.3	1601	1373.29	0	0
XM_011511746.4	2724	2496.29	62.3426	1.12391
XM_011511747.4	1521	1293.29	0	0
XM_011511750.4	2478	2250.29	31.4805	0.62957
XM_011511752.3	1329	1101.29	0	0
XM_011511756.3	2113	1885.29	13.8256	0.330025
XM_011511757.4	1331	1103.29	0.00143785	5.86495e-05
XM_011511758.4	1249	1021.29	0	0
XM_011511759.4	1245	1017.29	0	0
XM_011511760.4	1483	1255.29	0	0
XM_011511769.3	5961	5733.29	0	0
XM_011511770.3	5883	5655.29	0	0
XM_011511771.3	2202	1974.29	73.6607	1.67906
XM_011511773.2	1614	1386.29	0	0
XM_011511777.3	2272	2044.29	481.751	10.6053
XM_011511778.2	1609	1381.29	0	0
XM_011511786.3	11120	10892.3	0	0
XM_011511788.3	11019	10791.3	0.000124594	5.19596e-07
XM_011511796.3	8741	8513.29	6.68509	0.0353388
XM_011511797.4	7755	7527.29	0	0
XM_011511801.3	1529	1301.29	0	0
XM_011511804.4	1466	1238.29	0	0
XM_011511805.4	2410	2182.29	0	0
XM_011511807.2	1446	1218.29	0	0
XM_011511808.3	1233	1005.29	3	0.134298
XM_011511810.3	5553	5325.29	0	0
XM_011511812.2	8542	8314.29	127.002	0.68743
XM_011511814.2	2187	1959.29	1.63192	0.0374836
XM_011511815.3	1814	1586.29	0	0
XM_011511816.4	1903	1675.29	0	0
XM_011511817.3	1784	1556.29	0	0
XM_011511818.3	1769	1541.29	0	0
XM_011511819.3	2887	2659.29	0	0
XM_011511820.3	1916	1688.29	0	0
XM_011511823.4	2790	2562.29	0	0
XM_011511824.3	1598	1370.29	0	0
XM_011511827.3	5955	5727.29	25.8239	0.202915
XM_011511828.3	1133	905.293	0	0
XM_011511829.3	4194	3966.29	1.24687	0.0141475
XM_011511831.3	1106	878.293	0	0
XM_011511832.3	2271	2043.29	0	0
XM_011511837.4	4073	3845.29	49.7017	0.58168
XM_011511838.4	2524	2296.29	199.498	3.9098
XM_011511855.4	10717	10489.3	0	0
XM_011511856.4	10492	10264.3	0	0
XM_011511864.3	3059	2831.29	0	0
XM_011511865.4	3218	2990.29	0	0
XM_011511866.2	2939	2711.29	0	0
XM_011511871.4	8725	8497.29	13.0121	0.0689144
XM_011511872.3	2906	2678.29	125.214	2.10396
XM_011511876.3	2438	2210.29	9.47431e-07	1.92904e-08
XM_011511877.2	2467	2239.29	0	0
XM_011511881.2	5820	5592.29	34.738	0.279549
XM_011511882.2	5790	5562.29	38.1019	0.308273
XM_011511891.3	4517	4289.29	0	0
XM_011511896.4	4358	4130.29	0	0
XM_011511897.4	4438	4210.29	0	0
XM_011511902.3	3003	2775.29	5.07304	0.0822624
XM_011511903.3	2988	2760.29	4.97954	0.0811851
XM_011511925.3	7152	6924.29	0	0
XM_011511929.3	1982	1754.29	0	0
XM_011511930.2	1675	1447.29	0	0
XM_011511934.1	3674	3446.29	0	0
XM_011511935.4	3458	3230.29	0	0
XM_011511956.4	898	670.361	8.84094	0.593515
XM_011511969.3	2236	2008.29	0	0
XM_011511983.2	4341	4113.29	0	0
XM_011511991.4	2663	2435.29	86.3952	1.59654
XM_011511992.3	1584	1356.29	0	0
XM_011511993.3	770	542.487	0	0
XM_011511995.2	6375	6147.29	0	0
XM_011511996.3	6462	6234.29	9.01472	0.0650739
XM_011511999.3	6836	6608.29	0	0
XM_011512000.3	2091	1863.29	0	0
XM_011512001.3	1599	1371.29	1.00467	0.0329713
XM_011512005.3	5426	5198.29	0	0
XM_011512007.3	4890	4662.29	0	0
XM_011512012.2	3266	3038.29	0	0
XM_011512028.4	6350	6122.29	0	0
XM_011512029.4	6219	5991.29	0	0
XM_011512030.3	6397	6169.29	0	0
XM_011512031.4	6235	6007.29	0	0
XM_011512032.4	6193	5965.29	0	0
XM_011512033.4	3562	3334.29	26.5713	0.358634
XM_011512035.2	6937	6709.29	0	0
XM_011512039.3	3137	2909.29	48.7604	0.754261
XM_011512041.3	7426	7198.29	321.936	2.01272
XM_011512053.3	7445	7217.29	0	0
XM_011512059.3	6992	6764.29	44.3816	0.295272
XM_011512063.3	1609	1381.29	79.3329	2.5847
XM_011512075.3	1477	1249.29	0	0
XM_011512078.3	4974	4746.29	0	0
XM_011512080.3	3053	2825.29	0	0
XM_011512082.3	1810	1582.29	0	0
XM_011512083.4	1447	1219.29	0	0
XM_011512085.3	5866	5638.29	0.223203	0.00178154
XM_011512088.3	1901	1673.29	0	0
XM_011512091.2	6476	6248.29	0	0
XM_011512092.2	2147	1919.29	0	0
XM_011512093.2	6404	6176.29	0	0
XM_011512094.2	6444	6216.29	105.508	0.763831
XM_011512096.2	6317	6089.29	24.2562	0.179266
XM_011512109.4	4286	4058.29	0	0
XM_011512110.3	6465	6237.29	0	0
XM_011512111.3	6462	6234.29	0	0
XM_011512113.3	6459	6231.29	0	0
XM_011512114.3	6435	6207.29	0	0
XM_011512115.3	6396	6168.29	0	0
XM_011512116.3	6378	6150.29	0	0
XM_011512117.3	6360	6132.29	0	0
XM_011512118.3	6345	6117.29	0	0
XM_011512119.3	6303	6075.29	0	0
XM_011512120.3	6373	6145.29	1.56546	0.0114642
XM_011512122.3	6317	6089.29	0	0
XM_011512124.3	6093	5865.29	0	0
XM_011512125.3	4507	4279.29	0	0
XM_011512126.3	4271	4043.29	4.43454	0.0493578
XM_011512127.3	4001	3773.29	0	0
XM_011512128.4	3976	3748.29	0	0
XM_011512141.3	10167	9939.29	0	0
XM_011512142.3	1800	1572.29	0	0
XM_011512147.2	1008	780.293	26.7749	1.54423
XM_011512151.2	3865	3637.29	0	0
XM_011512169.2	5285	5057.29	0	0
XM_011512170.2	5444	5216.29	0	0
XM_011512171.3	4802	4574.29	36.5002	0.359099
XM_011512173.3	3915	3687.29	12.3289	0.150473
XM_011512175.4	4196	3968.29	0	0
XM_011512176.3	3843	3615.29	5.34306	0.0665102
XM_011512178.3	1926	1698.29	0	0
XM_011512179.3	1750	1522.29	0	0
XM_011512190.4	1599	1371.29	0	0
XM_011512191.2	1218	990.293	0	0
XM_011512207.3	2970	2742.29	28.5377	0.468326
XM_011512208.2	3716	3488.29	0	0
XM_011512210.2	2972	2744.29	0	0
XM_011512211.2	2796	2568.29	6.18003e-07	1.0829e-08
XM_011512217.3	8850	8622.29	0	0
XM_011512218.3	8835	8607.29	0	0
XM_011512219.3	8820	8592.29	0	0
XM_011512220.3	9255	9027.29	31.5261	0.157165
XM_011512222.4	9062	8834.29	18.9819	0.0966964
XM_011512223.3	8747	8519.29	180.148	0.951629
XM_011512224.3	8542	8314.29	0	0
XM_011512225.3	8527	8299.29	0	0
XM_011512226.3	8389	8161.29	0	0
XM_011512227.3	13045	12817.3	7.58004	0.0266144
XM_011512233.1	4030	3802.29	0	0
XM_011512234.2	4011	3783.29	0	0
XM_011512236.2	3744	3516.29	12.5567	0.160707
XM_011512238.4	5534	5306.29	107.485	0.911592
XM_011512262.3	1911	1683.29	0	0
XM_011512265.3	1390	1162.29	8.63117	0.334192
XM_011512269.2	793	565.487	0	0
XM_011512270.2	775	547.487	0	0
XM_011512271.2	739	511.753	0	0
XM_011512272.2	837	609.427	0	0
XM_011512273.2	709	481.852	0	0
XM_011512276.2	830	602.427	0	0
XM_011512277.3	635	409.096	0	0
XM_011512278.2	749	521.701	0	0
XM_011512279.2	731	503.753	0	0
XM_011512311.3	5338	5110.29	2289.4	20.1613
XM_011512312.3	4972	4744.29	492.831	4.67487
XM_011512314.3	6309	6081.29	0	0
XM_011512315.2	4466	4238.29	11.0495	0.117325
XM_011512317.4	4409	4181.29	0	0
XM_011512318.3	4392	4164.29	0	0
XM_011512321.2	3858	3630.29	0	0
XM_011512325.3	2620	2392.29	0	0
XM_011512334.2	2052	1824.29	0.630078	0.0155432
XM_011512355.2	3033	2805.29	0	0
XM_011512357.4	3718	3490.29	31.9037	0.41136
XM_011512359.3	6057	5829.29	0	0
XM_011512360.3	5256	5028.29	0	0
XM_011512361.2	5181	4953.29	0	0
XM_011512362.3	3195	2967.29	0	0
XM_011512363.3	3108	2880.29	0	0
XM_011512364.3	3117	2889.29	0	0
XM_011512367.4	2390	2162.29	0	0
XM_011512368.4	2057	1829.29	0	0
XM_011512369.4	2062	1834.29	0	0
XM_011512371.3	3522	3294.29	17.8527	0.243885
XM_011512373.3	3021	2793.29	32.6708	0.526364
XM_011512394.3	7125	6897.29	0	0
XM_011512399.4	4189	3961.29	0	0
XM_011512401.2	6968	6740.29	46.6279	0.311322
XM_011512408.3	3167	2939.29	0	0
XM_011512417.2	1186	958.293	1	0.0469617
XM_011512419.3	5900	5672.29	876.733	6.95586
XM_011512424.3	8689	8461.29	12.0597	0.0641419
XM_011512426.4	8873	8645.29	0	0
XM_011512431.3	5588	5360.29	0	0
XM_011512432.3	7820	7592.29	174.814	1.0362
XM_011512435.3	3797	3569.29	1.01107	0.012748
XM_011512440.4	1937	1709.29	0	0
XM_011512442.3	2380	2152.29	0	0
XM_011512443.2	1390	1162.29	0	0
XM_011512444.4	1330	1102.29	0	0
XM_011512445.3	1263	1035.29	0	0
XM_011512447.4	3195	2967.29	0	0
XM_011512455.3	700	472.947	0	0
XM_011512457.3	1469	1241.29	0	0
XM_011512460.2	1408	1180.29	317.121	12.0914
XM_011512475.4	4882	4654.29	0	0
XM_011512476.4	4852	4624.29	0	0
XM_011512477.4	4624	4396.29	0	0
XM_011512479.4	4310	4082.29	0	0
XM_011512480.4	1370	1142.29	0	0
XM_011512487.2	4098	3870.29	0	0
XM_011512488.3	3160	2932.29	0	0
XM_011512502.4	5272	5044.29	0.0378308	0.00033751
XM_011512518.3	2505	2277.29	0	0
XM_011512524.3	2364	2136.29	0	0
XM_011512528.4	1575	1347.29	0	0
XM_011512530.4	4105	3877.29	0	0
XM_011512532.3	4026	3798.29	134.291	1.59112
XM_011512533.3	4066	3838.29	1.3513	0.0158437
XM_011512535.3	4011	3783.29	36.5857	0.435195
XM_011512537.4	3769	3541.29	0	0
XM_011512543.3	4026	3798.29	23.7948	0.281926
XM_011512546.3	4832	4604.29	0	0
XM_011512553.3	15014	14786.3	0	0
XM_011512559.3	8806	8578.29	756.818	3.97039
XM_011512560.4	6450	6222.29	0	0
XM_011512561.3	6655	6427.29	0	0
XM_011512562.4	6601	6373.29	0	0
XM_011512565.3	6964	6736.29	0	0
XM_011512566.3	6607	6379.29	0	0
XM_011512585.3	4413	4185.29	8.50949	0.0914998
XM_011512588.3	6955	6727.29	829.707	5.55043
XM_011512589.2	6523	6295.29	83.0659	0.593812
XM_011512590.3	4545	4317.29	128.725	1.34182
XM_011512592.1	4059	3831.29	1375.74	16.1597
XM_011512593.3	3851	3623.29	0	0
XM_011512594.3	3764	3536.29	504.473	6.41996
XM_011512597.3	6889	6661.29	37.9107	0.256121
XM_011512599.3	3388	3160.29	0	0
XM_011512600.4	3168	2940.29	31.4615	0.481539
XM_011512602.3	7219	6991.29	0	0
XM_011512603.3	7198	6970.29	0	0
XM_011512612.4	23637	23409.3	0	0
XM_011512613.3	14447	14219.3	0	0
XM_011512615.4	23493	23265.3	0	0
XM_011512616.3	10696	10468.3	0	0
XM_011512617.4	17069	16841.3	15.9677	0.0426686
XM_011512618.3	6375	6147.29	0	0
XM_011512619.2	5476	5248.29	0	0
XM_011512627.4	1602	1374.29	0	0
XM_011512629.3	2051	1823.29	0	0
XM_011512630.3	2057	1829.29	0	0
XM_011512631.3	2224	1996.29	7.0144	0.158128
XM_011512632.2	4825	4597.29	196.644	1.92496
XM_011512638.3	4298	4070.29	55.4109	0.612649
XM_011512639.3	6677	6449.29	40.8096	0.284769
XM_011512640.3	6671	6443.29	4.67271e-05	3.26365e-07
XM_011512641.3	6662	6434.29	14.3577	0.100421
XM_011512643.3	6656	6428.29	46.8377	0.3279
XM_011512644.3	6653	6425.29	0	0
XM_011512645.3	6653	6425.29	0	0
XM_011512646.3	6644	6416.29	35.6363	0.249949
XM_011512647.3	6602	6374.29	0	0
XM_011512648.3	6599	6371.29	22.3622	0.157953
XM_011512649.3	6593	6365.29	0	0
XM_011512651.3	6536	6308.29	11.6202	0.0828982
XM_011512663.2	5290	5062.29	0	0
XM_011512671.3	10373	10145.3	38.3786	0.170242
XM_011512672.2	5059	4831.29	0	0
XM_011512673.4	5082	4854.29	4.66037	0.0432053
XM_011512675.4	3647	3419.29	0	0
XM_011512676.4	3549	3321.29	6.03629	0.0817909
XM_011512686.3	2532	2304.29	46.6388	0.910861
XM_011512688.3	1159	931.293	2.90228	0.140248
XM_011512689.3	5571	5343.29	11.9687	0.100805
XM_011512690.3	5431	5203.29	138.759	1.20013
XM_011512691.2	3843	3615.29	0	0
XM_011512692.2	3753	3525.29	0	0
XM_011512693.2	3648	3420.29	0	0
XM_011512694.1	3563	3335.29	0	0
XM_011512696.2	3263	3035.29	0	0
XM_011512697.3	3432	3204.29	0	0
XM_011512699.4	11212	10984.3	10.8575	0.0444838
XM_011512703.4	2939	2711.29	0	0
XM_011512704.4	3008	2780.29	23.1282	0.374364
XM_011512705.3	1452	1224.29	0	0
XM_011512706.3	1405	1177.29	0	0
XM_011512707.3	1805	1577.29	1	0.0285318
XM_011512708.3	8879	8651.29	0	0
XM_011512709.3	8897	8669.29	0	0
XM_011512710.3	1751	1523.29	0	0
XM_011512718.2	3957	3729.29	0	0
XM_011512719.2	3948	3720.29	0	0
XM_011512724.2	2895	2667.29	0	0
XM_011512725.2	2710	2482.29	1	0.0181296
XM_011512726.3	2046	1818.29	0	0
XM_011512727.3	2090	1862.29	0	0
XM_011512732.3	14689	14461.3	8.33965	0.0259527
XM_011512734.4	4839	4611.29	0	0
XM_011512735.4	9140	8912.29	0	0
XM_011512736.4	6103	5875.29	2.15034	0.016471
XM_011512738.3	2814	2586.29	0	0
XM_011512740.4	2578	2350.29	0	0
XM_011512743.3	2702	2474.29	0	0
XM_011512746.3	1265	1037.29	0	0
XM_011512748.2	1935	1707.29	0	0
XM_011512749.2	1859	1631.29	0	0
XM_011512754.2	2720	2492.29	0	0
XM_011512770.3	3024	2796.29	0	0
XM_011512798.2	2179	1951.29	0	0
XM_011512799.2	1987	1759.29	0	0
XM_011512801.2	1644	1416.29	0	0
XM_011512817.1	777	549.487	0	0
XM_011512823.3	18362	18134.3	0	0
XM_011512840.4	2548	2320.29	0	0
XM_011512842.3	1209	981.293	0	0
XM_011512850.3	4045	3817.29	1.0507	0.012387
XM_011512856.3	5730	5502.29	44.1356	0.360984
XM_011512857.3	5814	5586.29	16.6616	0.134225
XM_011512860.4	9955	9727.29	2.53336	0.0117206
XM_011512861.4	9754	9526.29	0.493445	0.00233108
XM_011512870.3	5954	5726.29	270.963	2.1295
XM_011512873.2	1215	987.293	12.9514	0.590356
XM_011512888.3	8899	8671.29	0.000283755	1.47266e-06
XM_011512891.3	9392	9164.29	0	0
XM_011512895.3	6326	6098.29	0	0
XM_011512897.2	3214	2986.29	0	0
XM_011512898.2	3199	2971.29	2.16619	0.032809
XM_011512899.3	5180	4952.29	9.04509	0.0821957
XM_011512900.3	4129	3901.29	0	0
XM_011512901.2	3985	3757.29	0	0
XM_011512903.3	3812	3584.29	0	0
XM_011512910.4	1877	1649.29	0	0
XM_011512911.3	2064	1836.29	0	0
XM_011512912.3	3131	2903.29	0	0
XM_011512914.2	3177	2949.29	0	0
XM_011512915.3	3278	3050.29	0	0
XM_011512916.3	3206	2978.29	0	0
XM_011512919.3	10118	9890.29	220.471	1.00319
XM_011512920.3	10004	9776.29	2.01069e-06	9.25576e-09
XM_011512924.2	8164	7936.29	5.13948e-06	2.91436e-08
XM_011512925.2	7972	7744.29	3.72467e-07	2.16445e-09
XM_011512929.3	3872	3644.29	6.79322	0.083889
XM_011512930.2	3746	3518.29	0	0
XM_011512931.2	3515	3287.29	4.26859	0.058437
XM_011512939.4	4821	4593.29	0	0
XM_011512941.4	4719	4491.29	0	0
XM_011512945.2	2114	1886.29	0	0
XM_011512946.2	1229	1001.29	1.48351	0.0666763
XM_011512947.3	1688	1460.29	0	0
XM_011512949.3	3845	3617.29	2.51739	0.0313191
XM_011512950.4	1520	1292.29	0	0
XM_011512954.4	3092	2864.29	0	0
XM_011512956.4	7045	6817.29	219.424	1.44849
XM_011512958.4	2137	1909.29	247.985	5.84515
XM_011512961.4	4098	3870.29	402.317	4.67807
XM_011512962.3	2927	2699.29	0.0726205	0.00121074
XM_011512963.4	5997	5769.29	13.4721	0.105088
XM_011512965.2	6367	6139.29	0	0
XM_011512966.2	3691	3463.29	20.1695	0.262089
XM_011512972.4	3779	3551.29	0	0
XM_011512992.3	3065	2837.29	14.2472	0.225979
XM_011513000.3	8875	8647.29	0	0
XM_011513001.3	9027	8799.29	70.996	0.363102
XM_011513011.4	2142	1914.29	15.3417	0.360668
XM_011513022.4	1049	821.293	0	0
XM_011513023.4	1442	1214.29	0	0
XM_011513031.3	3190	2962.29	4.55347	0.0691762
XM_011513034.2	3372	3144.29	0	0
XM_011513035.3	1279	1051.29	0	0
XM_011513038.4	4976	4748.29	0	0
XM_011513040.4	4781	4553.29	0	0
XM_011513041.4	4778	4550.29	0	0
XM_011513042.4	4583	4355.29	0	0
XM_011513045.4	2341	2113.29	0	0
XM_011513050.3	4063	3835.29	0	0
XM_011513052.3	3790	3562.29	5.56421	0.0702937
XM_011513054.3	3882	3654.29	0	0
XM_011513057.3	3154	2926.29	0	0
XM_011513059.3	9852	9624.29	4.39063	0.0205305
XM_011513062.4	3142	2914.29	124.931	1.92921
XM_011513067.4	7264	7036.29	26.7496	0.171087
XM_011513073.3	9057	8829.29	133.922	0.682604
XM_011513074.1	1179	951.293	109.853	5.19683
XM_011513078.3	5936	5708.29	0	0
XM_011513081.3	2131	1903.29	0	0
XM_011513087.3	3165	2937.29	0	0
XM_011513091.3	5332	5104.29	339.374	2.99216
XM_011513092.3	4495	4267.29	19.3932	0.204522
XM_011513093.3	5329	5101.29	204.679	1.80566
XM_011513107.3	2119	1891.29	0.000853484	2.03085e-05
XM_011513114.4	6623	6395.29	27.236	0.191657
XM_011513115.4	10085	9857.29	0	0
XM_011513116.4	3492	3264.29	0	0
XM_011513117.4	3319	3091.29	133.929	1.94974
XM_011513119.3	3206	2978.29	13.1248	0.198321
XM_011513121.2	7561	7333.29	0	0
XM_011513123.3	7448	7220.29	627.632	3.91194
XM_011513124.4	4845	4617.29	98.8858	0.963804
XM_011513134.3	3996	3768.29	32.4725	0.387805
XM_011513135.3	3861	3633.29	37.6173	0.46594
XM_011513142.3	8225	7997.29	26.4617	0.148908
XM_011513145.4	3009	2781.29	0	0
XM_011513148.3	3088	2860.29	0	0
XM_011513152.2	2410	2182.29	0	0
XM_011513153.3	2083	1855.29	0	0
XM_011513155.2	1865	1637.29	0	0
XM_011513156.2	1872	1644.29	0	0
XM_011513158.3	2429	2201.29	0	0
XM_011513159.3	2429	2201.29	0	0
XM_011513160.4	2449	2221.29	0	0
XM_011513161.3	2136	1908.29	0	0
XM_011513163.4	1387	1159.29	0	0
XM_011513164.3	2765	2537.29	0	0
XM_011513174.2	2899	2671.29	0	0
XM_011513175.2	2741	2513.29	0	0
XM_011513188.4	12541	12313.3	4.03119	0.0147334
XM_011513189.4	2620	2392.29	1.60221e-07	3.01402e-09
XM_011513192.3	2822	2594.29	0	0
XM_011513209.4	4072	3844.29	23.4347	0.274337
XM_011513214.3	2395	2167.29	0	0
XM_011513224.3	3750	3522.29	57.0647	0.729095
XM_011513227.3	4221	3993.29	0	0
XM_011513228.3	4198	3970.29	0	0
XM_011513242.4	3068	2840.29	9.71178	0.153878
XM_011513244.4	4603	4375.29	94.8878	0.97599
XM_011513248.3	1750	1522.29	7.14572	0.211247
XM_011513249.4	1643	1415.29	375.333	11.9347
XM_011513254.2	4186	3958.29	0	0
XM_011513257.2	6497	6269.29	100.539	0.721706
XM_011513259.4	4179	3951.29	222.309	2.53198
XM_011513260.1	2416	2188.29	0	0
XM_011513263.3	8443	8215.29	0	0
XM_011513265.1	1813	1585.29	97.6556	2.77223
XM_011513266.4	1826	1598.29	51.7755	1.45784
XM_011513269.2	8011	7783.29	351.07	2.02989
XM_011513273.4	5989	5761.29	1.00021	0.00781289
XM_011513274.4	7693	7465.29	0	0
XM_011513279.3	16191	15963.3	0	0
XM_011513280.3	16191	15963.3	0	0
XM_011513281.4	15920	15692.3	0	0
XM_011513283.3	7685	7457.29	0	0
XM_011513310.3	9692	9464.29	4.35291e-05	2.06983e-07
XM_011513311.4	8963	8735.29	0.259575	0.0013373
XM_011513331.3	5116	4888.29	2.6028	0.0239622
XM_011513332.2	7842	7614.29	9.3972	0.0555407
XM_011513333.4	2592	2364.29	0	0
XM_011513334.3	710	482.852	0	0
XM_011513337.4	3313	3085.29	0.000416339	6.07286e-06
XM_011513340.4	2480	2252.29	0	0
XM_011513352.4	845	617.427	0	0
XM_011513353.4	794	566.487	0	0
XM_011513355.4	1042	814.293	0	0
XM_011513356.4	744	516.753	0	0
XM_011513386.4	2440	2212.29	27.5848	0.561137
XM_011513391.2	2072	1844.29	0	0
XM_011513402.3	3757	3529.29	2.59699	0.033115
XM_011513405.2	3658	3430.29	0	0
XM_011513406.3	3494	3266.29	42.3123	0.58298
XM_011513407.3	3116	2888.29	53.3001	0.830479
XM_011513408.2	3052	2824.29	0	0
XM_011513409.4	3023	2795.29	0	0
XM_011513410.3	2993	2765.29	10.9818	0.17872
XM_011513411.2	4649	4421.29	0	0
XM_011513412.2	2068	1840.29	0	0
XM_011513414.3	1904	1676.29	0	0
XM_011513415.2	1662	1434.29	0	0
XM_011513416.2	2520	2292.29	13.3566	0.262221
XM_011513419.3	2245	2017.29	35.4647	0.791168
XM_011513420.2	4310	4082.29	0.81011	0.00893063
XM_011513422.2	4307	4079.29	0	0
XM_011513425.3	4593	4365.29	0	0
XM_011513426.3	4560	4332.29	0	0
XM_011513427.3	4503	4275.29	0	0
XM_011513428.3	4446	4218.29	0	0
XM_011513429.3	4929	4701.29	0	0
XM_011513430.2	4356	4128.29	0	0
XM_011513431.3	4344	4116.29	44.4685	0.48617
XM_011513432.3	4579	4351.29	0	0
XM_011513434.3	4418	4190.29	50.4451	0.541773
XM_011513435.3	2376	2148.29	0	0
XM_011513439.2	2602	2374.29	2.475e-07	4.69119e-09
XM_011513445.3	2126	1898.29	0	0
XM_011513446.2	903	675.361	0	0
XM_011513447.3	2489	2261.29	0	0
XM_011513448.3	2662	2434.29	0	0
XM_011513449.3	2393	2165.29	0	0
XM_011513450.3	2351	2123.29	0	0
XM_011513451.3	2351	2123.29	0	0
XM_011513452.3	2525	2297.29	0	0
XM_011513453.3	2213	1985.29	0	0
XM_011513454.3	2213	1985.29	0	0
XM_011513455.3	2075	1847.29	0	0
XM_011513456.3	1776	1548.29	0	0
XM_011513457.3	1651	1423.29	6.71365	0.212279
XM_011513461.3	4404	4176.29	33.5802	0.361855
XM_011513467.4	1273	1045.29	0	0
XM_011513469.4	555	331.174	0	0
XM_011513471.3	415	204.487	0	0
XM_011513473.4	3229	3001.29	0	0
XM_011513488.1	4326	4098.29	0	0
XM_011513490.4	5655	5427.29	90.3282	0.749001
XM_011513492.2	2803	2575.29	0	0
XM_011513494.4	2576	2348.29	0	0
XM_011513496.2	4203	3975.29	0	0
XM_011513505.2	1987	1759.29	6.1776	0.158024
XM_011513506.4	1500	1272.29	38.9402	1.37738
XM_011513507.4	5049	4821.29	0	0
XM_011513508.2	4963	4735.29	25.612	0.24341
XM_011513513.3	4204	3976.29	23.458	0.265494
XM_011513514.3	6194	5966.29	190.631	1.43791
XM_011513515.3	6235	6007.29	0	0
XM_011513516.3	6155	5927.29	0.00246817	1.87396e-05
XM_011513543.3	2771	2543.29	0.307333	0.00543821
XM_011513544.4	7606	7378.29	164.849	1.00548
XM_011513560.3	5139	4911.29	146.163	1.33932
XM_011513562.4	16134	15906.3	0	0
XM_011513565.3	2841	2613.29	0	0
XM_011513566.2	2651	2423.29	32.9844	0.612554
XM_011513572.3	1629	1401.29	0	0
XM_011513586.4	2071	1843.29	0	0
XM_011513590.3	5672	5444.29	112.873	0.93302
XM_011513596.4	1980	1752.29	0	0
XM_011513598.4	7574	7346.29	0	0
XM_011513613.4	7242	7014.29	0	0
XM_011513615.2	8291	8063.29	0	0
XM_011513616.3	8291	8063.29	0	0
XM_011513623.3	2818	2590.29	0	0
XM_011513630.3	890	662.427	0	0
XM_011513631.3	914	686.293	0	0
XM_011513632.3	814	586.487	0	0
XM_011513633.3	675	448.496	0	0
XM_011513634.3	771	543.487	0	0
XM_011513635.3	751	523.701	0	0
XM_011513638.3	632	406.137	0	0
XM_011513642.2	7861	7633.29	0	0
XM_011513643.2	7858	7630.29	0	0
XM_011513644.2	7852	7624.29	0	0
XM_011513645.2	7777	7549.29	0	0
XM_011513646.2	7774	7546.29	0	0
XM_011513653.2	6229	6001.29	0	0
XM_011513654.2	6193	5965.29	0	0
XM_011513655.2	5870	5642.29	0	0
XM_011513659.3	6084	5856.29	0	0
XM_011513660.4	6045	5817.29	0	0
XM_011513662.4	5964	5736.29	0	0
XM_011513663.4	5925	5697.29	0	0
XM_011513664.4	5922	5694.29	0	0
XM_011513665.4	5802	5574.29	0	0
XM_011513666.4	5763	5535.29	0	0
XM_011513668.3	2945	2717.29	0	0
XM_011513670.4	6381	6153.29	5.03511	0.0368251
XM_011513672.3	6696	6468.29	1387.92	9.65641
XM_011513675.2	8488	8260.29	0	0
XM_011513679.3	1284	1056.29	0	0
XM_011513680.4	11510	11282.3	0	0
XM_011513681.4	11495	11267.3	0.0205231	8.19719e-05
XM_011513682.4	11450	11222.3	201.238	0.806996
XM_011513683.4	11614	11386.3	0.00950557	3.75697e-05
XM_011513684.4	8413	8185.29	0.0472585	0.000259829
XM_011513685.4	5143	4915.29	10.272	0.0940473
XM_011513687.4	8836	8608.29	0	0
XM_011513690.4	2679	2451.29	0	0
XM_011513692.2	4252	4024.29	0	0
XM_011513693.3	6578	6350.29	0	0
XM_011513694.3	6515	6287.29	0	0
XM_011513695.3	6389	6161.29	0	0
XM_011513696.3	5962	5734.29	0	0
XM_011513700.3	10373	10145.3	1.14624e-07	5.08454e-10
XM_011513701.3	3175	2947.29	108.819	1.66159
XM_011513707.3	5233	5005.29	0	0
XM_011513708.3	4800	4572.29	0	0
XM_011513712.3	3702	3474.29	0	0
XM_011513713.3	4103	3875.29	0	0
XM_011513716.3	5686	5458.29	0	0
XM_011513720.1	9385	9157.29	69.6812	0.342445
XM_011513721.1	9294	9066.29	0.0660387	0.000327802
XM_011513724.2	4407	4179.29	53.6641	0.577861
XM_011513725.3	4341	4113.29	1.54961	0.0169541
XM_011513731.2	4363	4135.29	27.8038	0.30258
XM_011513737.3	3600	3372.29	0	0
XM_011513741.2	2216	1988.29	0	0
XM_011513742.4	3303	3075.29	0	0
XM_011513745.4	3211	2983.29	0	0
XM_011513747.4	3366	3138.29	0	0
XM_011513748.4	2201	1973.29	0	0
XM_011513753.3	1839	1611.29	0	0
XM_011513754.3	2205	1977.29	0	0
XM_011513755.2	2501	2273.29	0	0
XM_011513756.4	2562	2334.29	0	0
XM_011513757.3	2450	2222.29	0	0
XM_011513758.2	2243	2015.29	0	0
XM_011513759.1	1925	1697.29	0	0
XM_011513760.3	3388	3160.29	2.08286	0.0296603
XM_011513762.3	3772	3544.29	0	0
XM_011513768.2	6273	6045.29	0	0
XM_011513769.3	5565	5337.29	2.7045	0.0228038
XM_011513771.2	6121	5893.29	0	0
XM_011513772.2	4420	4192.29	0	0
XM_011513773.2	4424	4196.29	0	0
XM_011513775.3	5720	5492.29	0	0
XM_011513777.4	7054	6826.29	0	0
XM_011513778.4	2469	2241.29	0	0
XM_011513779.3	3356	3128.29	0	0
XM_011513784.2	6450	6222.29	0	0
XM_011513786.4	6517	6289.29	0	0
XM_011513804.2	6083	5855.29	3.15826	0.024274
XM_011513805.4	6019	5791.29	0	0
XM_011513811.3	3645	3417.29	134.485	1.77106
XM_011513812.4	4386	4158.29	0	0
XM_011513816.4	4390	4162.29	0	0
XM_011513817.4	3963	3735.29	0	0
XM_011513819.3	4380	4152.29	44.1397	0.478392
XM_011513827.3	10753	10525.3	2.76444e-08	1.18199e-10
XM_011513829.3	10612	10384.3	0	0
XM_011513830.4	10129	9901.29	64.6883	0.29402
XM_011513831.3	3866	3638.29	15.0748	0.186464
XM_011513833.3	3272	3044.29	20.44	0.30216
XM_011513835.3	2842	2614.29	0	0
XM_011513838.2	2383	2155.29	0	0
XM_011513840.4	6395	6167.29	96.3325	0.702944
XM_011513846.3	5640	5412.29	0	0
XM_011513847.3	5944	5716.29	22.9855	0.18096
XM_011513848.2	5327	5099.29	0	0
XM_011513850.3	2120	1892.29	1.92224	0.0457154
XM_011513852.3	2043	1815.29	2.50506	0.0621033
XM_011513856.4	1931	1703.29	0	0
XM_011513858.2	1914	1686.29	0	0
XM_011513859.4	3130	2902.29	0	0
XM_011513860.4	3127	2899.29	0	0
XM_011513861.4	2946	2718.29	0	0
XM_011513864.3	1477	1249.29	0	0
XM_011513865.3	13122	12894.3	26.4839	0.092433
XM_011513866.3	13296	13068.3	0	0
XM_011513867.4	4799	4571.29	1.30139	0.0128118
XM_011513872.4	3362	3134.29	24.4703	0.351352
XM_011513874.3	1559	1331.29	0	0
XM_011513878.4	998	770.293	0	0
XM_011513879.3	983	755.293	128.235	7.64072
XM_011513881.3	1805	1577.29	0	0
XM_011513885.4	4333	4105.29	0	0
XM_011513893.3	4040	3812.29	0	0
XM_011513894.4	4080	3852.29	0	0
XM_011513895.3	4161	3933.29	0	0
XM_011513897.4	4012	3784.29	0	0
XM_011513900.3	3952	3724.29	0	0
XM_011513902.3	3928	3700.29	0	0
XM_011513903.3	3603	3375.29	0	0
XM_011513906.4	6843	6615.29	0	0
XM_011513907.4	6716	6488.29	0	0
XM_011513908.3	6501	6273.29	0	0
XM_011513909.3	6121	5893.29	65.7564	0.502137
XM_011513910.2	6945	6717.29	3.68348	0.0246778
XM_011513913.4	11867	11639.3	0	0
XM_011513921.4	8795	8567.29	71.597	0.376092
XM_011513923.3	3495	3267.29	0	0
XM_011513930.4	2260	2032.29	0	0
XM_011513932.3	10569	10341.3	25.0862	0.10917
XM_011513934.3	3439	3211.29	44.2598	0.620257
XM_011513936.4	2253	2025.29	47.3233	1.05155
XM_011513939.4	5306	5078.29	0	0
XM_011513940.3	5998	5770.29	0	0
XM_011513941.3	5345	5117.29	0	0
XM_011513942.3	6507	6279.29	0	0
XM_011513944.4	3805	3577.29	22.3425	0.281074
XM_011513952.2	5391	5163.29	0	0
XM_011513953.2	5218	4990.29	0	0
XM_011513957.3	4713	4485.29	0	0
XM_011513958.3	4816	4588.29	0	0
XM_011513959.3	4820	4592.29	0	0
XM_011513963.3	1936	1708.29	0	0
XM_011513964.2	1845	1617.29	299.227	8.32635
XM_011513965.3	6281	6053.29	0	0
XM_011513966.3	3535	3307.29	0	0
XM_011513967.3	5528	5300.29	0	0
XM_011513979.3	2883	2655.29	30.7224	0.520697
XM_011513984.4	2428	2200.29	0	0
XM_011513985.3	1302	1074.29	0	0
XM_011513987.4	3524	3296.29	0	0
XM_011513988.2	2423	2195.29	0	0
XM_011513992.3	11914	11686.3	0	0
XM_011513993.3	11832	11604.3	0	0
XM_011513994.3	11878	11650.3	0	0
XM_011513996.3	11638	11410.3	0	0
XM_011513998.2	4123	3895.29	83.5128	0.96484
XM_011513999.3	7996	7768.29	72.1682	0.418083
XM_011514001.4	7797	7569.29	9.85039	0.0585653
XM_011514003.4	5504	5276.29	0	0
XM_011514005.3	9491	9263.29	126.707	0.615571
XM_011514006.4	9411	9183.29	79.0608	0.38744
XM_011514008.3	5270	5042.29	0	0
XM_011514009.1	5203	4975.29	0	0
XM_011514010.2	4925	4697.29	0	0
XM_011514011.3	4651	4423.29	0.999996	0.0101741
XM_011514012.4	2272	2044.29	0	0
XM_011514013.4	1989	1761.29	0	0
XM_011514015.2	7895	7667.29	1004.92	5.89836
XM_011514016.3	4874	4646.29	0	0
XM_011514017.3	5078	4850.29	0	0
XM_011514018.2	5107	4879.29	0	0
XM_011514019.2	5100	4872.29	0	0
XM_011514020.2	5050	4822.29	0	0
XM_011514021.3	6657	6429.29	5.47219	0.0383036
XM_011514022.2	4895	4667.29	56.5488	0.545256
XM_011514025.3	4787	4559.29	0	0
XM_011514026.4	1416	1188.29	2.47234	0.0936326
XM_011514027.3	3185	2957.29	52.1731	0.793952
XM_011514032.3	5369	5141.29	15.2433	0.133429
XM_011514038.4	4339	4111.29	63.9212	0.699695
XM_011514042.4	10614	10386.3	111.442	0.482869
XM_011514046.3	9086	8858.29	0	0
XM_011514053.4	3328	3100.29	0	0
XM_011514054.3	3265	3037.29	0	0
XM_011514055.4	3298	3070.29	0	0
XM_011514061.3	2164	1936.29	0	0
XM_011514062.4	3665	3437.29	50.0651	0.655483
XM_011514063.2	13667	13439.3	0	0
XM_011514064.3	16244	16016.3	0	0
XM_011514067.2	1488	1260.29	1269.48	45.3312
XM_011514068.3	11589	11361.3	0	0
XM_011514072.3	2926	2698.29	231.267	3.85716
XM_011514073.3	2683	2455.29	71.6407	1.3131
XM_011514075.4	3162	2934.29	38.715	0.593769
XM_011514079.2	848	620.427	7.02946	0.509886
XM_011514080.3	664	437.717	12.8488	1.32103
XM_011514085.4	11701	11473.3	6.59169	0.0258554
XM_011514086.4	11345	11117.3	0.0590866	0.000239184
XM_011514087.3	11248	11020.3	1.07819e-07	4.40297e-10
XM_011514088.3	11194	10966.3	0.114007	0.000467858
XM_011514090.4	11221	10993.3	2.26978e-08	9.29178e-11
XM_011514107.3	31153	30925.3	50.7592	0.0738657
XM_011514108.2	11135	10907.3	4040.27	16.67
XM_011514109.4	38102	37874.3	60.0475	0.0713497
XM_011514110.4	11588	11360.3	975.26	3.86343
XM_011514114.4	3894	3666.29	0	0
XM_011514115.4	3775	3547.29	0	0
XM_011514116.4	3913	3685.29	0	0
XM_011514117.4	3932	3704.29	0	0
XM_011514118.4	3790	3562.29	0	0
XM_011514119.4	3837	3609.29	0	0
XM_011514132.2	4130	3902.29	0	0
XM_011514134.2	3764	3536.29	0.000174896	2.22574e-06
XM_011514135.4	6740	6512.29	0	0
XM_011514136.4	6484	6256.29	0	0
XM_011514137.4	6725	6497.29	0	0
XM_011514138.4	6716	6488.29	0	0
XM_011514139.4	6665	6437.29	0	0
XM_011514140.3	6569	6341.29	0	0
XM_011514144.3	2489	2261.29	449.045	8.93667
XM_011514150.4	1372	1144.29	0	0
XM_011514151.3	5017	4789.29	233.142	2.19075
XM_011514154.3	7699	7471.29	72.0664	0.434089
XM_011514155.3	12023	11795.3	363.766	1.38789
XM_011514156.3	11973	11745.3	547.346	2.0972
XM_011514157.3	11828	11600.3	185.557	0.719865
XM_011514158.3	11658	11430.3	114.192	0.449592
XM_011514159.3	14445	14217.3	0	0
XM_011514161.3	4138	3910.29	0.264986	0.00304969
XM_011514162.3	8584	8356.29	25.9738	0.139882
XM_011514163.2	1791	1563.29	27.3503	0.787344
XM_011514165.4	2907	2679.29	0	0
XM_011514205.3	3114	2886.29	128.148	1.99808
XM_011514211.2	3663	3435.29	0	0
XM_011514218.3	2952	2724.29	0	0
XM_011514219.3	2934	2706.29	0	0
XM_011514221.2	4008	3780.29	0	0
XM_011514222.3	4249	4021.29	0	0
XM_011514223.3	4130	3902.29	0	0
XM_011514226.2	3380	3152.29	0	0
XM_011514228.3	3699	3471.29	0	0
XM_011514231.4	3071	2843.29	0	0
XM_011514247.4	3449	3221.29	4.53016	0.0632886
XM_011514248.4	1714	1486.29	0	0
XM_011514249.3	25431	25203.3	15.3982	0.027495
XM_011514251.4	1600	1372.29	2.38406	0.0781831
XM_011514253.3	6125	5897.29	1.7007	0.0129783
XM_011514254.2	3032	2804.29	27.3429	0.438798
XM_011514256.4	2745	2517.29	0	0
XM_011514257.4	2736	2508.29	0	0
XM_011514262.4	1264	1036.29	0	0
XM_011514264.2	2024	1796.29	0	0
XM_011514265.2	1684	1456.29	0	0
XM_011514266.1	990	762.293	0	0
XM_011514274.2	2856	2628.29	0	0
XM_011514275.1	2853	2625.29	0	0
XM_011514276.1	879	651.427	0	0
XM_011514279.4	8849	8621.29	0	0
XM_011514280.4	3871	3643.29	0	0
XM_011514281.4	1348	1120.29	30.9375	1.24278
XM_011514282.4	3819	3591.29	4.84032	0.0606549
XM_011514287.3	5112	4884.29	0	0
XM_011514288.3	4869	4641.29	7.051	0.0683681
XM_011514289.3	6015	5787.29	0.000431199	3.35309e-06
XM_011514290.3	6009	5781.29	5.96188e-05	4.64088e-07
XM_011514291.4	5979	5751.29	0.000898418	7.03e-06
XM_011514292.4	5919	5691.29	4.51356e-06	3.56903e-08
XM_011514293.4	5330	5102.29	0	0
XM_011514294.4	3359	3131.29	0	0
XM_011514295.4	3764	3536.29	0	0
XM_011514299.3	5780	5552.29	0	0
XM_011514300.3	5600	5372.29	0	0
XM_011514302.3	5737	5509.29	0	0
XM_011514306.2	2234	2006.29	0	0
XM_011514309.2	2345	2117.29	0	0
XM_011514310.4	4448	4220.29	0	0
XM_011514312.4	4111	3883.29	0	0
XM_011514313.4	1600	1372.29	18.8779	0.619084
XM_011514315.4	1017	789.293	0	0
XM_011514318.3	14600	14372.3	0	0
XM_011514319.3	14555	14327.3	0	0
XM_011514320.3	14426	14198.3	0	0
XM_011514324.4	5018	4790.29	68.3752	0.64236
XM_011514328.4	13485	13257.3	47.959	0.162801
XM_011514333.2	2736	2508.29	1.24098	0.0222653
XM_011514334.3	2691	2463.29	47.6369	0.870301
XM_011514335.3	2546	2318.29	5.14759	0.0999259
XM_011514338.3	3573	3345.29	0	0
XM_011514339.3	2833	2605.29	0	0
XM_011514341.3	2307	2079.29	6.90567	0.149463
XM_011514343.3	2265	2037.29	42.3963	0.936518
XM_011514357.4	3322	3094.29	0	0
XM_011514358.4	3240	3012.29	0	0
XM_011514361.3	1690	1462.29	2.49175	0.0766853
XM_011514372.3	3617	3389.29	0	0
XM_011514373.3	3646	3418.29	0	0
XM_011514375.4	2029	1801.29	3495.89	87.3406
XM_011514381.3	1584	1356.29	0	0
XM_011514382.3	1337	1109.29	0	0
XM_011514384.3	1580	1352.29	1.67839	0.0558554
XM_011514385.3	4145	3917.29	0.0465776	0.000535098
XM_011514386.3	4142	3914.29	0.694413	0.00798375
XM_011514387.3	2656	2428.29	0	0
XM_011514388.3	2837	2609.29	0	0
XM_011514393.4	1718	1490.29	66.8464	2.01859
XM_011514394.3	6286	6058.29	7.20914e-05	5.35519e-07
XM_011514395.3	8908	8680.29	0	0
XM_011514396.3	775	547.487	0	0
XM_011514397.3	812	584.487	0	0
XM_011514398.4	5497	5269.29	0.00112305	9.59159e-06
XM_011514400.3	1953	1725.29	1	0.0260843
XM_011514414.4	1983	1755.29	0	0
XM_011514415.2	2029	1801.29	0	0
XM_011514416.3	2398	2170.29	0	0
XM_011514417.3	2068	1840.29	0	0
XM_011514422.2	7906	7678.29	0	0
XM_011514423.3	8003	7775.29	0	0
XM_011514424.2	7825	7597.29	0	0
XM_011514425.2	7576	7348.29	0	0
XM_011514426.2	7145	6917.29	0	0
XM_011514427.1	6546	6318.29	21.8567	0.155678
XM_011514428.2	5745	5517.29	15.7611	0.128559
XM_011514430.2	4373	4145.29	0	0
XM_011514431.4	3692	3464.29	0	0
XM_011514432.4	3680	3452.29	0	0
XM_011514433.2	5165	4937.29	4.73181	0.0431301
XM_011514434.4	3621	3393.29	0	0
XM_011514435.4	3616	3388.29	0	0
XM_011514438.3	8025	7797.29	0	0
XM_011514440.2	6196	5968.29	9.5316e-06	7.18717e-08
XM_011514441.3	6109	5881.29	3.04125e-05	2.32713e-07
XM_011514448.3	1236	1008.29	7.86172	0.350892
XM_011514449.3	4922	4694.29	0.00279121	2.67587e-05
XM_011514453.4	4062	3834.29	8.24143	0.0967297
XM_011514455.2	3449	3221.29	17.0574	0.2383
XM_011514457.4	1866	1638.29	0.0676935	0.00185951
XM_011514459.3	988	760.293	0	0
XM_011514460.3	5004	4776.29	0	0
XM_011514461.3	7113	6885.29	93.2401	0.609428
XM_011514462.4	3044	2816.29	49.2237	0.786572
XM_011514463.3	9282	9054.29	0	0
XM_011514468.4	1890	1662.29	1	0.0270729
XM_011514490.2	6427	6199.29	289.331	2.10037
XM_011514491.2	5705	5477.29	69.9827	0.574999
XM_011514492.2	2750	2522.29	18.4188	0.32863
XM_011514497.3	1608	1380.29	2	0.065208
XM_011514500.2	1624	1396.29	0	0
XM_011514502.4	1810	1582.29	16.874	0.479926
XM_011514503.4	5024	4796.29	0	0
XM_011514505.3	2087	1859.29	0	0
XM_011514506.3	2050	1822.29	1.51511	0.0374168
XM_011514507.3	949	721.293	14.1777	0.884577
XM_011514510.3	3866	3638.29	1.36589e-06	1.68951e-08
XM_011514511.3	3557	3329.29	0	0
XM_011514512.3	3842	3614.29	0	0
XM_011514513.3	3839	3611.29	0	0
XM_011514514.3	3791	3563.29	6.48529e-07	8.19069e-09
XM_011514516.3	2537	2309.29	0	0
XM_011514517.3	2131	1903.29	1.17204	0.0277126
XM_011514520.3	3677	3449.29	0	0
XM_011514533.3	735	507.753	0	0
XM_011514534.4	1188	960.293	37.9546	1.7787
XM_011514535.4	1328	1100.29	2.12237	0.086807
XM_011514541.2	4223	3995.29	0.0935819	0.00105411
XM_011514548.3	9266	9038.29	26.1674	0.130292
XM_011514552.3	8855	8627.29	512.827	2.67509
XM_011514553.2	8933	8705.29	0	0
XM_011514555.4	8757	8529.29	0	0
XM_011514560.3	1188	960.293	0	0
XM_011514561.4	1077	849.293	0	0
XM_011514562.3	1267	1039.29	0	0
XM_011514564.2	1257	1029.29	0	0
XM_011514569.2	4114	3886.29	13.559	0.157012
XM_011514572.3	779	551.487	1.25957	0.102785
XM_011514574.3	645	418.93	0	0
XM_011514577.4	8663	8435.29	1328.81	7.08935
XM_011514579.4	6192	5964.29	8.3364e-07	6.29016e-09
XM_011514585.2	2455	2227.29	0.210811	0.0042595
XM_011514587.3	1611	1383.29	0.00325577	0.000105921
XM_011514588.4	5259	5031.29	18.0689	0.16162
XM_011514589.3	4698	4470.29	0	0
XM_011514591.4	1478	1250.29	0	0
XM_011514594.4	478	259.941	7.83088	1.35575
XM_011514595.3	830	602.427	0	0
XM_011514596.3	4584	4356.29	0	0
XM_011514597.3	3732	3504.29	0	0
XM_011514598.3	3121	2893.29	0	0
XM_011514619.3	4103	3875.29	0	0
XM_011514620.3	3924	3696.29	0	0
XM_011514622.4	3747	3519.29	0	0
XM_011514624.3	3000	2772.29	9.62084	0.156177
XM_011514625.3	1908	1680.29	0	0
XM_011514626.3	1730	1502.29	2.07502	0.0621597
XM_011514628.2	2977	2749.29	0	0
XM_011514629.3	2539	2311.29	0	0
XM_011514639.3	23894	23666.3	4.15773	0.0079062
XM_011514648.2	3656	3428.29	9.52513	0.125036
XM_011514651.3	968	740.293	67.0437	4.07565
XM_011514659.2	1591	1363.29	0	0
XM_011514661.3	3360	3132.29	22.2733	0.320011
XM_011514662.2	2259	2031.29	0	0
XM_011514663.2	2256	2028.29	0	0
XM_011514664.2	2163	1935.29	0	0
XM_011514665.2	2279	2051.29	0	0
XM_011514666.2	2276	2048.29	0	0
XM_011514669.2	2069	1841.29	0	0
XM_011514670.3	1524	1296.29	0	0
XM_011514672.2	1641	1413.29	0.0276472	0.000880362
XM_011514678.3	4073	3845.29	0	0
XM_011514680.4	16630	16402.3	0	0
XM_011514682.4	16133	15905.3	0	0
XM_011514683.4	15629	15401.3	0	0
XM_011514684.4	15393	15165.3	0	0
XM_011514685.2	11772	11544.3	0	0
XM_011514686.3	13091	12863.3	0	0
XM_011514687.2	10547	10319.3	0	0
XM_011514688.3	10175	9947.29	0	0
XM_011514690.4	10169	9941.29	1	0.00452688
XM_011514691.4	16191	15963.3	0	0
XM_011514692.4	2323	2095.29	0	0
XM_011514694.4	1282	1054.29	0	0
XM_011514696.3	1330	1102.29	37.7945	1.54303
XM_011514697.1	612	386.495	34.6463	4.03418
XM_011514702.3	2890	2662.29	0	0
XM_011514705.2	2632	2404.29	0	0
XM_011514707.2	4497	4269.29	19.5355	0.205926
XM_011514710.2	3824	3596.29	62.1181	0.777329
XM_011514716.4	21082	20854.3	0	0
XM_011514717.4	20485	20257.3	0	0
XM_011514718.1	3209	2981.29	38.5097	0.581309
XM_011514719.3	1793	1565.29	24.4268	0.702285
XM_011514721.1	1590	1362.29	3.54985	0.117269
XM_011514722.2	4565	4337.29	14.7612	0.15316
XM_011514724.4	2130	1902.29	17.7855	0.420756
XM_011514725.4	2127	1899.29	10.4933	0.248634
XM_011514727.3	2975	2747.29	0	0
XM_011514738.4	2283	2055.29	10.2344	0.224094
XM_011514739.3	1407	1179.29	50.2894	1.9191
XM_011514753.3	1016	788.293	0	0
XM_011514754.3	1029	801.293	0	0
XM_011514757.3	2910	2682.29	0	0
XM_011514762.3	2834	2606.29	0	0
XM_011514765.3	4021	3793.29	7.50505	0.0890388
XM_011514766.3	3751	3523.29	2.01198	0.0256991
XM_011514767.3	3892	3664.29	182.268	2.23853
XM_011514768.2	2119	1891.29	0	0
XM_011514769.2	2068	1840.29	0	0
XM_011514770.2	2206	1978.29	0	0
XM_011514771.3	2074	1846.29	3.15919	0.0770047
XM_011514772.1	1744	1516.29	0	0
XM_011514773.3	1549	1321.29	0	0
XM_011514779.4	2281	2053.29	34.726	0.761107
XM_011514780.2	1850	1622.29	38.5316	1.06888
XM_011514785.4	1963	1735.29	10.2291	0.265282
XM_011514786.4	3709	3481.29	0	0
XM_011514788.2	1062	834.293	4.00196	0.215872
XM_011514790.3	2970	2742.29	44.2012	0.725375
XM_011514797.2	2889	2661.29	0	0
XM_011514798.3	2784	2556.29	0	0
XM_011514799.2	2659	2431.29	0	0
XM_011514801.3	6706	6478.29	0	0
XM_011514802.2	3117	2889.29	239.957	3.73752
XM_011514808.4	2772	2544.29	0	0
XM_011514809.2	3538	3310.29	0	0
XM_011514812.3	2986	2758.29	4.3187	0.070462
XM_011514815.4	3218	2990.29	0	0
XM_011514817.4	8314	8086.29	0	0
XM_011514818.3	1591	1363.29	0	0
XM_011514819.3	2073	1845.29	0	0
XM_011514820.3	1998	1770.29	0	0
XM_011514821.3	1903	1675.29	0	0
XM_011514823.4	1626	1398.29	0	0
XM_011514827.3	4223	3995.29	152.672	1.71971
XM_011514828.4	3325	3097.29	0	0
XM_011514830.3	1874	1646.29	0	0
XM_011514832.2	1484	1256.29	0	0
XM_011514837.3	5658	5430.29	0	0
XM_011514841.2	1848	1620.29	0	0
XM_011514843.4	1268	1040.29	0	0
XM_011514856.4	2108	1880.29	0	0
XM_011514859.2	3176	2948.29	7.2409	0.110526
XM_011514862.3	2925	2697.29	47.3921	0.790715
XM_011514864.2	2838	2610.29	0	0
XM_011514870.3	7416	7188.29	76.1513	0.476754
XM_011514874.3	6910	6682.29	3.51851e-06	2.3696e-08
XM_011514875.3	2328	2100.29	31.2344	0.66926
XM_011514878.3	2299	2071.29	0	0
XM_011514884.2	4047	3819.29	0	0
XM_011514887.3	3818	3590.29	0	0
XM_011514909.2	3176	2948.29	0	0
XM_011514910.2	3173	2945.29	33.0003	0.504233
XM_011514913.4	1419	1191.29	39.251	1.48277
XM_011514914.3	757	529.648	0	0
XM_011514917.3	3464	3236.29	1.02247	0.0142183
XM_011514924.3	4137	3909.29	0	0
XM_011514925.4	4299	4071.29	0	0
XM_011514926.2	4121	3893.29	0	0
XM_011514927.1	3998	3770.29	0	0
XM_011514933.4	2480	2252.29	7.54529	0.150763
XM_011514937.3	983	755.293	0	0
XM_011514938.3	3494	3266.29	0	0
XM_011514939.3	2718	2490.29	0	0
XM_011514941.4	1745	1517.29	0	0
XM_011514947.3	7157	6929.29	0	0
XM_011514948.3	5921	5693.29	0.00428624	3.38809e-05
XM_011514949.4	4281	4053.29	0	0
XM_011514952.3	14402	14174.3	0	0
XM_011514953.4	4274	4046.29	0	0
XM_011514954.4	4296	4068.29	0	0
XM_011514956.2	1798	1570.29	0	0
XM_011514958.3	3228	3000.29	98.934	1.48397
XM_011514959.2	1512	1284.29	27.6089	0.967447
XM_011514970.4	3292	3064.29	83.7678	1.23024
XM_011514971.3	1908	1680.29	201.194	5.38856
XM_011514974.4	4931	4703.29	0	0
XM_011514985.4	3231	3003.29	125.847	1.88577
XM_011514986.4	2945	2717.29	6.62553	0.10973
XM_011514987.2	1483	1255.29	0	0
XM_011514988.3	1217	989.293	0	0
XM_011514995.2	2759	2531.29	0	0
XM_011514999.4	6863	6635.29	0	0
XM_011515003.4	7175	6947.29	0	0
XM_011515004.4	6633	6405.29	0	0
XM_011515005.3	6910	6682.29	117.829	0.793538
XM_011515012.2	5640	5412.29	0	0
XM_011515019.3	5425	5197.29	8.31302	0.071982
XM_011515020.3	5329	5101.29	34.1939	0.301655
XM_011515021.2	3146	2918.29	6.86445	0.105857
XM_011515048.2	1208	980.293	1	0.0459078
XM_011515052.2	1565	1337.29	0	0
XM_011515053.3	1429	1201.29	0	0
XM_011515057.2	1164	936.293	0	0
XM_011515058.3	6194	5966.29	0	0
XM_011515059.4	6164	5936.29	0	0
XM_011515060.3	6273	6045.29	0	0
XM_011515061.4	6134	5906.29	0	0
XM_011515062.3	6315	6087.29	0	0
XM_011515063.3	6404	6176.29	0	0
XM_011515064.4	6315	6087.29	0	0
XM_011515065.3	6159	5931.29	0	0
XM_011515067.4	6068	5840.29	0	0
XM_011515070.3	6008	5780.29	0	0
XM_011515071.3	5933	5705.29	0	0
XM_011515072.3	5873	5645.29	0	0
XM_011515073.3	6054	5826.29	0	0
XM_011515074.3	5843	5615.29	0	0
XM_011515077.3	5747	5519.29	0	0
XM_011515078.3	5717	5489.29	0	0
XM_011515079.1	4734	4506.29	2.0137e-05	2.01102e-07
XM_011515083.2	4545	4317.29	1.61049e-06	1.67876e-08
XM_011515084.2	4509	4281.29	17.0105	0.178807
XM_011515085.2	4341	4113.29	13.3392	0.145942
XM_011515087.2	3799	3571.29	0	0
XM_011515088.3	2972	2744.29	0	0
XM_011515089.3	4289	4061.29	0	0
XM_011515090.4	3676	3448.29	74.6337	0.974032
XM_011515092.3	3800	3572.29	0	0
XM_011515093.3	3717	3489.29	9.99534	0.128915
XM_011515094.3	1568	1340.29	0	0
XM_011515095.3	1197	969.293	0	0
XM_011515096.3	1194	966.293	0	0
XM_011515097.2	1304	1076.29	0	0
XM_011515100.3	1071	843.293	0	0
XM_011515101.4	1044	816.293	0	0
XM_011515102.3	1177	949.293	0	0
XM_011515103.2	1017	789.293	0	0
XM_011515105.3	3296	3068.29	0	0
XM_011515106.3	3257	3029.29	0	0
XM_011515107.3	3245	3017.29	0	0
XM_011515115.4	3771	3543.29	203.203	2.58087
XM_011515116.4	2212	1984.29	0	0
XM_011515121.3	2017	1789.29	0	0
XM_011515122.4	1970	1742.29	0	0
XM_011515125.3	2522	2294.29	0	0
XM_011515130.3	17191	16963.3	0	0
XM_011515131.3	17098	16870.3	0	0
XM_011515132.3	17098	16870.3	0	0
XM_011515133.3	17053	16825.3	0	0
XM_011515134.3	15906	15678.3	0	0
XM_011515136.2	16586	16358.3	11.5342	0.0317316
XM_011515137.4	13911	13683.3	0	0
XM_011515138.3	13531	13303.3	0	0
XM_011515139.3	13498	13270.3	0	0
XM_011515141.3	13043	12815.3	0	0
XM_011515142.3	12950	12722.3	0	0
XM_011515143.3	14378	14150.3	2.33488	0.00742577
XM_011515144.3	12198	11970.3	0	0
XM_011515145.3	13162	12934.3	0	0
XM_011515146.3	11413	11185.3	0	0
XM_011515147.3	11391	11163.3	1.75079	0.00705803
XM_011515148.3	10356	10128.3	0	0
XM_011515149.3	10262	10034.3	0	0
XM_011515151.4	1573	1345.29	0	0
XM_011515152.3	753	525.701	0	0
XM_011515154.3	6847	6619.29	0	0
XM_011515162.2	4019	3791.29	623.334	7.39905
XM_011515167.4	6230	6002.29	38.8395	0.291205
XM_011515168.4	6256	6028.29	22.8965	0.170929
XM_011515170.4	6096	5868.29	53.4091	0.409587
XM_011515177.3	3043	2815.29	36.6487	0.585837
XM_011515178.2	3489	3261.29	62.8731	0.867596
XM_011515179.3	3040	2812.29	1.96178	0.0313929
XM_011515181.3	2863	2635.29	65.2784	1.11476
XM_011515184.4	3064	2836.29	0.000203476	3.22852e-06
XM_011515186.3	2690	2462.29	10.7963	0.197323
XM_011515198.2	1325	1097.29	4.83033	0.198106
XM_011515199.2	1939	1711.29	5.86192	0.154155
XM_011515203.1	3213	2985.29	0	0
XM_011515204.3	3283	3055.29	0	0
XM_011515207.1	3093	2865.29	0	0
XM_011515208.4	3324	3096.29	0	0
XM_011515209.4	3302	3074.29	0	0
XM_011515210.1	2375	2147.29	0.000165537	3.46934e-06
XM_011515212.4	2430	2202.29	0	0
XM_011515213.3	6949	6721.29	0	0
XM_011515220.3	9075	8847.29	0	0
XM_011515222.3	9220	8992.29	22.2459	0.111332
XM_011515223.3	9017	8789.29	0	0
XM_011515224.3	9484	9256.29	0	0
XM_011515225.2	8533	8305.29	0	0
XM_011515226.4	8460	8232.29	0	0
XM_011515227.3	6827	6599.29	0.0183892	0.000125403
XM_011515229.3	6228	6000.29	9.46302e-08	7.0974e-10
XM_011515234.1	5592	5364.29	0	0
XM_011515236.1	5451	5223.29	0	0
XM_011515237.1	5421	5193.29	0	0
XM_011515238.1	5328	5100.29	0	0
XM_011515239.1	5280	5052.29	0	0
XM_011515240.1	5235	5007.29	0	0
XM_011515241.1	4596	4368.29	0	0
XM_011515242.2	2365	2137.29	0	0
XM_011515244.4	1803	1575.29	25.2374	0.720984
XM_011515246.4	4943	4715.29	230.125	2.19633
XM_011515247.3	1199	971.293	769.545	35.6554
XM_011515254.4	2165	1937.29	49.2497	1.14407
XM_011515256.3	3461	3233.29	149.473	2.08046
XM_011515258.3	6640	6412.29	0	0
XM_011515260.2	7011	6783.29	183.43	1.21695
XM_011515262.3	3960	3732.29	217.528	2.6229
XM_011515271.4	3722	3494.29	0	0
XM_011515274.3	8101	7873.29	0	0
XM_011515326.4	4787	4559.29	0	0
XM_011515328.3	4401	4173.29	0	0
XM_011515329.3	4857	4629.29	19.801	0.192493
XM_011515330.3	4742	4514.29	12.8928	0.128528
XM_011515333.3	2429	2201.29	0	0
XM_011515334.3	2408	2180.29	0	0
XM_011515335.3	2588	2360.29	0	0
XM_011515336.3	2506	2278.29	0	0
XM_011515338.3	1969	1741.29	0	0
XM_011515339.3	2045	1817.29	0	0
XM_011515340.3	2916	2688.29	1	0.0167404
XM_011515341.3	3935	3707.29	1.10032	0.0133568
XM_011515342.3	1459	1231.29	0	0
XM_011515347.4	2525	2297.29	0	0
XM_011515348.2	2366	2138.29	0	0
XM_011515349.2	2408	2180.29	0	0
XM_011515351.2	2470	2242.29	0	0
XM_011515353.3	2363	2135.29	0	0
XM_011515354.2	2058	1830.29	0	0
XM_011515355.4	1791	1563.29	0	0
XM_011515356.4	1926	1698.29	0	0
XM_011515357.3	1759	1531.29	0	0
XM_011515358.4	10906	10678.3	4.7115	0.0198564
XM_011515359.2	4256	4028.29	0	0
XM_011515360.3	4361	4133.29	6.01725	0.0655155
XM_011515362.2	3058	2830.29	0.884595	0.0140655
XM_011515363.3	2994	2766.29	0	0
XM_011515364.3	4326	4098.29	0	0
XM_011515365.3	2125	1897.29	0	0
XM_011515366.3	2569	2341.29	0	0
XM_011515369.3	1505	1277.29	0	0
XM_011515370.3	1400	1172.29	0	0
XM_011515371.3	1292	1064.29	0	0
XM_011515372.3	1426	1198.29	0	0
XM_011515374.4	3997	3769.29	0	0
XM_011515375.4	3961	3733.29	0	0
XM_011515383.4	3548	3320.29	0	0
XM_011515385.3	9387	9159.29	0	0
XM_011515386.3	3611	3383.29	0	0
XM_011515388.3	3501	3273.29	1.18784	0.0163311
XM_011515389.3	3594	3366.29	0	0
XM_011515393.3	8628	8400.29	0	0
XM_011515394.3	8230	8002.29	1.26318e-08	7.10385e-11
XM_011515398.3	4028	3800.29	0	0
XM_011515401.3	4106	3878.29	0	0
XM_011515402.4	2492	2264.29	0	0
XM_011515408.3	4349	4121.29	2.00344	0.0218769
XM_011515415.2	2333	2105.29	0	0
XM_011515416.2	2337	2109.29	0	0
XM_011515418.2	2268	2040.29	0	0
XM_011515419.4	2009	1781.29	1.84441e-08	4.65977e-10
XM_011515425.3	8349	8121.29	294.129	1.62988
XM_011515437.2	2994	2766.29	0	0
XM_011515438.4	3942	3714.29	3.45384	0.0418474
XM_011515439.4	3947	3719.29	0.546159	0.00660847
XM_011515440.4	1905	1677.29	1	0.0268308
XM_011515441.4	2069	1841.29	0	0
XM_011515443.3	2967	2739.29	30.9611	0.508651
XM_011515444.3	2741	2513.29	707.869	12.6751
XM_011515446.3	2470	2242.29	0	0
XM_011515449.4	3249	3021.29	0	0
XM_011515450.2	3545	3317.29	0	0
XM_011515452.4	2778	2550.29	0	0
XM_011515456.3	6145	5917.29	169.193	1.28677
XM_011515463.3	780	552.487	0	0
XM_011515464.3	711	483.852	0	0
XM_011515468.4	1146	918.293	4.75271	0.232918
XM_011515470.4	3548	3320.29	44.4311	0.602216
XM_011515474.3	1114	886.293	0	0
XM_011515478.3	7694	7466.29	0	0
XM_011515479.3	7582	7354.29	0	0
XM_011515480.4	7653	7425.29	1.11858e-07	6.77945e-10
XM_011515481.3	7413	7185.29	6.46178e-06	4.04716e-08
XM_011515483.3	7702	7474.29	0	0
XM_011515484.4	6582	6354.29	460.679	3.26267
XM_011515486.3	2410	2182.29	0	0
XM_011515487.3	1959	1731.29	0	0
XM_011515491.2	3150	2922.29	0	0
XM_011515493.2	3083	2855.29	0	0
XM_011515512.3	1668	1440.29	4.30493	0.134511
XM_011515513.3	1487	1259.29	21.5748	0.771015
XM_011515514.3	1425	1197.29	0	0
XM_011515518.4	2078	1850.29	0	0
XM_011515525.4	1773	1545.29	0	0
XM_011515526.2	1798	1570.29	0	0
XM_011515527.4	1629	1401.29	0	0
XM_011515529.4	1551	1323.29	7.81099	0.265639
XM_011515530.4	1090	862.293	0	0
XM_011515539.2	1717	1489.29	8.52741	0.257679
XM_011515540.3	1540	1312.29	1.82057e-06	6.24337e-08
XM_011515541.3	1701	1473.29	0	0
XM_011515546.3	1599	1371.29	5.38676	0.176783
XM_011515547.2	4674	4446.29	0	0
XM_011515549.2	4629	4401.29	0	0
XM_011515550.2	4602	4374.29	0	0
XM_011515551.2	4602	4374.29	0	0
XM_011515552.2	4599	4371.29	0	0
XM_011515553.2	4560	4332.29	0	0
XM_011515554.2	4554	4326.29	0	0
XM_011515555.2	4545	4317.29	0	0
XM_011515556.2	4530	4302.29	0	0
XM_011515557.2	4527	4299.29	0	0
XM_011515558.3	2104	1876.29	1.28622	0.03085
XM_011515559.3	4515	4287.29	0	0
XM_011515561.3	2005	1777.29	0	0
XM_011515563.4	1831	1603.29	0	0
XM_011515566.2	4238	4010.29	147.696	1.65742
XM_011515572.2	1679	1451.29	0	0
XM_011515573.2	5431	5203.29	0	0
XM_011515589.3	13050	12822.3	60.0024	0.210594
XM_011515590.3	1501	1273.29	860.432	30.411
XM_011515592.4	14966	14738.3	44.2298	0.135055
XM_011515596.3	7121	6893.29	2.6574e-08	1.73489e-10
XM_011515597.4	3966	3738.29	119.271	1.43583
XM_011515599.2	3532	3304.29	0	0
XM_011515604.4	693	466.041	4.79171	0.46271
XM_011515652.3	21237	21009.3	0	0
XM_011515654.3	6335	6107.29	0	0
XM_011515656.3	1551	1323.29	158.487	5.38989
XM_011515661.3	1491	1263.29	929.402	33.1087
XM_011515664.3	726	498.753	0	0
XM_011515691.3	1449	1221.29	0	0
XM_011515692.3	1446	1218.29	0	0
XM_011515694.3	1437	1209.29	0	0
XM_011515695.3	1440	1212.29	0	0
XM_011515696.3	1424	1196.29	0	0
XM_011515697.2	1432	1204.29	0	0
XM_011515699.3	1320	1092.29	0	0
XM_011515701.3	4364	4136.29	0	0
XM_011515702.4	2783	2555.29	45.0091	0.792687
XM_011515704.2	5685	5457.29	9.13898	0.0753638
XM_011515705.3	1799	1571.29	0	0
XM_011515725.3	5729	5501.29	63.5809	0.520121
XM_011515736.3	2515	2287.29	91.1977	1.79434
XM_011515737.3	2608	2380.29	14.0192	0.265054
XM_011515739.3	996	768.293	85.548	5.01101
XM_011515755.4	1838	1610.29	34.8395	0.973665
XM_011515756.4	1763	1535.29	38.0323	1.11482
XM_011515757.3	1760	1532.29	38.0455	1.11739
XM_011515761.4	1679	1451.29	63.7504	1.97683
XM_011515762.4	1543	1315.29	0	0
XM_011515763.2	1290	1062.29	32.2743	1.36727
XM_011515768.4	2576	2348.29	16.3844	0.313994
XM_011515774.2	2597	2369.29	41.4746	0.787782
XM_011515778.2	1239	1011.29	1.15149	0.0512421
XM_011515779.3	1142	914.293	4.04018	0.198864
XM_011515780.3	3180	2952.29	11.3998	0.173772
XM_011515785.3	785	557.487	0	0
XM_011515787.2	2137	1909.29	0	0
XM_011515788.3	1655	1427.29	0	0
XM_011515789.2	1975	1747.29	0	0
XM_011515794.3	1065	837.293	0	0
XM_011515795.3	1002	774.293	0	0
XM_011515797.3	1495	1267.29	0	0
XM_011515804.4	1790	1562.29	0	0
XM_011515805.4	1983	1755.29	0.531039	0.013615
XM_011515806.4	1823	1595.29	2.24899	0.0634438
XM_011515807.4	1713	1485.29	0	0
XM_011515808.4	2076	1848.29	0	0
XM_011515809.4	1903	1675.29	4.47966	0.120336
XM_011515810.3	1694	1466.29	0	0
XM_011515811.3	1689	1461.29	0	0
XM_011515812.4	1751	1523.29	0	0
XM_011515813.3	1640	1412.29	0	0
XM_011515816.3	4363	4135.29	0	0
XM_011515817.3	4730	4502.29	0	0
XM_011515818.3	4786	4558.29	0	0
XM_011515819.3	4717	4489.29	0	0
XM_011515820.3	4544	4316.29	0	0
XM_011515821.3	4204	3976.29	0	0
XM_011515825.3	13460	13232.3	49.9991	0.170047
XM_011515831.3	5717	5489.29	0	0
XM_011515833.3	3031	2803.29	0	0
XM_011515834.4	3335	3107.29	0	0
XM_011515849.4	1416	1188.29	0	0
XM_011515853.3	1312	1084.29	0	0
XM_011515857.4	2732	2504.29	0	0
XM_011515859.4	7687	7459.29	8.68721e-05	5.24113e-07
XM_011515868.3	3412	3184.29	186.702	2.63863
XM_011515869.2	3382	3154.29	14.7091	0.209858
XM_011515870.2	3376	3148.29	0	0
XM_011515871.3	3370	3142.29	105.29	1.50793
XM_011515872.3	3358	3130.29	2.84228	0.0408624
XM_011515873.3	3355	3127.29	123.935	1.78347
XM_011515874.2	3346	3118.29	0	0
XM_011515875.3	3331	3103.29	29.1845	0.423226
XM_011515876.3	3313	3085.29	29.4207	0.42914
XM_011515877.3	3301	3073.29	15.8208	0.231668
XM_011515879.2	4038	3810.29	5.13319e-06	6.06277e-08
XM_011515880.2	4016	3788.29	0.0143944	0.000170998
XM_011515881.4	3996	3768.29	0	0
XM_011515882.3	3906	3678.29	0	0
XM_011515883.3	2687	2459.29	0.000139849	2.55912e-06
XM_011515885.3	12375	12147.3	0	0
XM_011515887.4	2627	2399.29	15.0004	0.28136
XM_011515889.3	2609	2381.29	0	0
XM_011515890.3	12285	12057.3	0	0
XM_011515892.3	12276	12048.3	0	0
XM_011515893.3	12270	12042.3	0	0
XM_011515894.3	2537	2309.29	19.8367	0.386575
XM_011515895.3	12258	12030.3	0	0
XM_011515896.3	12144	11916.3	0	0
XM_011515899.4	11790	11562.3	0	0
XM_011515901.4	11236	11008.3	41.6443	0.170247
XM_011515905.3	4325	4097.29	102.794	1.12905
XM_011515907.3	4267	4039.29	14.6434	0.163147
XM_011515909.3	4582	4354.29	69.7032	0.720406
XM_011515910.3	1591	1363.29	0	0
XM_011515914.2	767	539.541	2.89688	0.241629
XM_011515918.3	6631	6403.29	0	0
XM_011515921.2	6675	6447.29	0	0
XM_011515928.4	4573	4345.29	0	0
XM_011515929.4	6765	6537.29	3.80827	0.0262163
XM_011515930.3	4658	4430.29	0	0
XM_011515932.4	1961	1733.29	0	0
XM_011515961.3	6156	5928.29	1.79963	0.0136614
XM_011515963.2	6888	6660.29	0	0
XM_011515964.3	6917	6689.29	0	0
XM_011515965.3	6925	6697.29	0	0
XM_011515969.2	6831	6603.29	0	0
XM_011515970.2	6801	6573.29	0	0
XM_011515975.2	6421	6193.29	0	0
XM_011515978.2	5581	5353.29	0	0
XM_011515979.3	5687	5459.29	3	0.0247302
XM_011515980.3	4871	4643.29	0	0
XM_011515981.4	8968	8740.29	78.582	0.404612
XM_011515982.4	3844	3616.29	49.7655	0.619308
XM_011515987.3	4782	4554.29	0	0
XM_011515988.3	4749	4521.29	0	0
XM_011515990.2	2486	2258.29	6	0.119568
XM_011515995.3	3373	3145.29	0	0
XM_011515996.3	2965	2737.29	20.7861	0.341739
XM_011515997.4	2811	2583.29	92.3539	1.60888
XM_011515998.2	2900	2672.29	0	0
XM_011516001.3	2116	1888.29	0	0
XM_011516002.4	14641	14413.3	86.3062	0.269476
XM_011516003.3	5108	4880.29	14.3343	0.132182
XM_011516010.3	7490	7262.29	12.0937	0.0749427
XM_011516011.3	7487	7259.29	34.4988	0.213871
XM_011516012.3	7424	7196.29	16.0395	0.100306
XM_011516013.3	7418	7190.29	179.936	1.12619
XM_011516014.3	7388	7160.29	111.313	0.69961
XM_011516017.3	6124	5896.29	0	0
XM_011516018.3	6056	5828.29	391.823	3.02545
XM_011516022.1	1986	1758.29	0	0
XM_011516024.4	2768	2540.29	7.78794	0.137969
XM_011516030.3	1656	1428.29	0	0
XM_011516031.2	2517	2289.29	0	0
XM_011516032.3	2667	2439.29	0	0
XM_011516033.3	2520	2292.29	0	0
XM_011516034.3	2635	2407.29	0	0
XM_011516037.3	2483	2255.29	0	0
XM_011516039.3	2420	2192.29	27.0424	0.555122
XM_011516040.3	9107	8879.29	2.14653	0.0108793
XM_011516043.2	2370	2142.29	0	0
XM_011516046.2	653	426.803	0	0
XM_011516047.3	3187	2959.29	0	0
XM_011516048.1	2155	1927.29	0	0
XM_011516056.4	3067	2839.29	0	0
XM_011516065.3	3482	3254.29	1.37548	0.0190213
XM_011516074.3	4817	4589.29	7.23179	0.0709157
XM_011516075.3	3268	3040.29	0	0
XM_011516076.3	3042	2814.29	0	0
XM_011516077.4	16529	16301.3	15.0082	0.0414333
XM_011516078.4	16526	16298.3	1.13503	0.00313405
XM_011516079.4	16448	16220.3	6.22918	0.0172828
XM_011516080.4	16445	16217.3	0.939172	0.00260621
XM_011516081.3	22053	21825.3	11.4198	0.0235474
XM_011516116.3	7592	7364.29	179.226	1.09525
XM_011516122.4	1654	1426.29	0.258737	0.00816378
XM_011516137.3	2836	2608.29	0	0
XM_011516140.3	1344	1116.29	0	0
XM_011516141.3	1501	1273.29	1	0.0353438
XM_011516144.4	4155	3927.29	0	0
XM_011516145.4	4026	3798.29	0	0
XM_011516146.4	1669	1441.29	0	0
XM_011516147.4	3955	3727.29	0	0
XM_011516148.2	1610	1382.29	0	0
XM_011516150.2	1542	1314.29	0	0
XM_011516151.4	3826	3598.29	0	0
XM_011516152.3	1464	1236.29	0	0
XM_011516158.4	2982	2754.29	0	0
XM_011516159.4	5042	4814.29	0	0
XM_011516160.2	3579	3351.29	0	0
XM_011516170.4	3469	3241.29	0	0
XM_011516185.3	3599	3371.29	0	0
XM_011516187.4	1258	1030.29	0	0
XM_011516189.3	1286	1058.29	0	0
XM_011516190.3	744	516.753	0	0
XM_011516202.3	2585	2357.29	0	0
XM_011516215.3	1777	1549.29	0	0
XM_011516222.3	2544	2316.29	11.0407	0.214509
XM_011516223.2	6872	6644.29	1129.17	7.64807
XM_011516224.4	1510	1282.29	307.752	10.8008
XM_011516237.4	5867	5639.29	11.9072	0.0950229
XM_011516253.3	6722	6494.29	0	0
XM_011516255.2	6476	6248.29	0	0
XM_011516257.3	6704	6476.29	0	0
XM_011516258.2	6458	6230.29	0	0
XM_011516259.3	6692	6464.29	0	0
XM_011516261.3	6674	6446.29	0	0
XM_011516262.3	6665	6437.29	0	0
XM_011516265.4	4270	4042.29	0	0
XM_011516267.3	6443	6215.29	0	0
XM_011516268.3	6492	6264.29	0	0
XM_011516269.3	6407	6179.29	0	0
XM_011516270.3	6395	6167.29	0	0
XM_011516273.4	4548	4320.29	35.1561	0.366209
XM_011516274.4	4442	4214.29	0	0
XM_011516275.4	4256	4028.29	0	0
XM_011516277.2	3447	3219.29	0	0
XM_011516278.2	3444	3216.29	0	0
XM_011516279.2	3393	3165.29	0	0
XM_011516282.2	6091	5863.29	0	0
XM_011516283.2	2803	2575.29	0	0
XM_011516284.2	2800	2572.29	0	0
XM_011516286.3	5522	5294.29	0	0
XM_011516288.4	1814	1586.29	33.6362	0.954259
XM_011516290.3	3760	3532.29	20.2122	0.257513
XM_011516293.4	1263	1035.29	123.554	5.37077
XM_011516308.4	4374	4146.29	0	0
XM_011516309.4	4353	4125.29	0	0
XM_011516316.2	3334	3106.29	0	0
XM_011516317.2	2946	2718.29	0	0
XM_011516318.3	9619	9391.29	0	0
XM_011516319.4	9616	9388.29	0	0
XM_011516320.4	9401	9173.29	0	0
XM_011516321.4	9377	9149.29	0	0
XM_011516322.3	9532	9304.29	0	0
XM_011516323.3	9424	9196.29	0	0
XM_011516324.3	9291	9063.29	0	0
XM_011516325.3	3254	3026.29	0	0
XM_011516327.3	3154	2926.29	0	0
XM_011516330.3	2757	2529.29	3.60566	0.0641546
XM_011516331.4	1799	1571.29	0	0
XM_011516332.4	1795	1567.29	0	0
XM_011516336.4	3443	3215.29	0	0
XM_011516337.4	4493	4265.29	41.1386	0.434053
XM_011516357.3	3677	3449.29	177.084	2.31042
XM_011516358.4	2943	2715.29	224.507	3.72096
XM_011516362.2	2447	2219.29	16.6535	0.337701
XM_011516367.3	3717	3489.29	0	0
XM_011516369.3	3780	3552.29	15.4972	0.19633
XM_011516372.4	3670	3442.29	4.73733	0.0619338
XM_011516376.4	1173	945.293	0	0
XM_011516378.3	1062	834.293	0	0
XM_011516381.2	10625	10397.3	0	0
XM_011516389.2	10496	10268.3	0	0
XM_011516395.3	5539	5311.29	0	0
XM_011516396.4	2639	2411.29	52.3914	0.977806
XM_011516397.4	7237	7009.29	30.5792	0.196333
XM_011516400.3	7923	7695.29	131.49	0.76897
XM_011516416.2	1502	1274.29	3.92952	0.138775
XM_011516417.3	1797	1569.29	1.67757	0.0481083
XM_011516422.4	4984	4756.29	0	0
XM_011516423.4	4897	4669.29	0	0
XM_011516424.3	5524	5296.29	15.6978	0.133386
XM_011516432.2	4763	4535.29	50.1668	0.497798
XM_011516435.2	1798	1570.29	8.48279	0.243109
XM_011516439.3	5327	5099.29	0	0
XM_011516440.3	5977	5749.29	6.36859	0.0498507
XM_011516446.2	3572	3344.29	0	0
XM_011516447.3	5792	5564.29	0	0
XM_011516448.4	2252	2024.29	0	0
XM_011516449.3	2728	2500.29	22.1957	0.399504
XM_011516457.3	2138	1910.29	97.4381	2.29547
XM_011516458.4	2129	1901.29	0	0
XM_011516460.3	1674	1446.29	0	0
XM_011516461.4	3868	3640.29	78.1546	0.966186
XM_011516463.1	7778	7550.29	0	0
XM_011516464.2	12201	11973.3	273.197	1.02684
XM_011516465.3	5826	5598.29	19.0914	0.15347
XM_011516466.3	5665	5437.29	0	0
XM_011516467.4	4765	4537.29	7.66157	0.0759911
XM_011516469.4	3762	3534.29	7.15944	0.091163
XM_011516479.3	4309	4081.29	0	0
XM_011516480.3	4607	4379.29	0	0
XM_011516483.2	3973	3745.29	0	0
XM_011516484.2	3792	3564.29	0	0
XM_011516485.2	3970	3742.29	0	0
XM_011516486.2	3937	3709.29	0	0
XM_011516487.3	3745	3517.29	0	0
XM_011516488.3	5374	5146.29	0	0
XM_011516489.2	3373	3145.29	0	0
XM_011516490.3	2477	2249.29	27.3324	0.546858
XM_011516495.3	5260	5032.29	20.0518	0.17932
XM_011516506.4	2400	2172.29	0.380111	0.00787471
XM_011516507.3	3147	2919.29	2.0679	0.0318782
XM_011516508.3	879	651.427	0	0
XM_011516511.4	1835	1607.29	28.7124	0.803927
XM_011516515.4	3966	3738.29	0	0
XM_011516516.4	3864	3636.29	0	0
XM_011516517.3	4122	3894.29	0	0
XM_011516518.4	2651	2423.29	0	0
XM_011516519.4	1368	1140.29	0	0
XM_011516527.3	1722	1494.29	0	0
XM_011516536.4	3788	3560.29	0	0
XM_011516538.3	3669	3441.29	0	0
XM_011516543.4	2692	2464.29	0.0655941	0.00119788
XM_011516544.4	2933	2705.29	0	0
XM_011516549.4	2482	2254.29	2.69906e-05	5.38821e-07
XM_011516558.2	2031	1803.29	0	0
XM_011516570.4	4217	3989.29	0	0
XM_011516571.4	7763	7535.29	5.39284e-05	3.22077e-07
XM_011516572.4	7742	7514.29	0.0109572	6.56227e-05
XM_011516577.3	5981	5753.29	0	0
XM_011516578.3	8038	7810.29	26.4416	0.152357
XM_011516579.2	1977	1749.29	3.50113	0.0900717
XM_011516580.4	3955	3727.29	59.9896	0.724311
XM_011516587.3	8212	7984.29	22.6793	0.127831
XM_011516589.4	10747	10519.3	0	0
XM_011516594.4	9263	9035.29	0	0
XM_011516596.3	9322	9094.29	0	0
XM_011516597.2	9889	9661.29	0	0
XM_011516601.4	2290	2062.29	0	0
XM_011516609.3	2111	1883.29	0	0
XM_011516615.4	8272	8044.29	0	0
XM_011516618.3	2964	2736.29	0	0
XM_011516634.4	1930	1702.29	13.293	0.351423
XM_011516635.4	3026	2798.29	0	0
XM_011516645.4	6620	6392.29	0	0
XM_011516670.3	9223	8995.29	0.00550198	2.75262e-05
XM_011516671.3	9271	9043.29	3.73029e-06	1.85634e-08
XM_011516672.3	9276	9048.29	1.74836e-06	8.69572e-09
XM_011516673.3	9164	8936.29	45.5742	0.229511
XM_011516674.3	4514	4286.29	0	0
XM_011516675.4	2478	2250.29	7.44688	0.148928
XM_011516676.3	8623	8395.29	4.79752	0.0257172
XM_011516688.4	2581	2353.29	367.099	7.0202
XM_011516692.3	7087	6859.29	0	0
XM_011516693.3	5352	5124.29	0	0
XM_011516694.3	4206	3978.29	0.5	0.00565608
XM_011516698.2	1612	1384.29	0	0
XM_011516703.2	1554	1326.29	0	0
XM_011516709.4	6406	6178.29	0	0
XM_011516713.2	3227	2999.29	107.747	1.61669
XM_011516718.3	7101	6873.29	0	0
XM_011516720.4	59224	58996.3	0	0
XM_011516728.2	5857	5629.29	0	0
XM_011516737.1	3841	3613.29	120.024	1.49489
XM_011516739.4	3579	3351.29	0.220161	0.00295645
XM_011516745.3	1252	1024.29	0	0
XM_011516797.3	1846	1618.29	0	0
XM_011516798.2	1836	1608.29	0	0
XM_011516799.2	4995	4767.29	1.21268	0.0114477
XM_011516801.3	1763	1535.29	199.464	5.84676
XM_011516803.2	15767	15539.3	0.219633	0.000636076
XM_011516805.2	2279	2051.29	0	0
XM_011516806.3	1544	1316.29	31.6663	1.08265
XM_011516807.3	2655	2427.29	2	0.0370809
XM_011516815.3	8628	8400.29	0	0
XM_011516816.3	12740	12512.3	0	0
XM_011516824.3	1023	795.293	118.293	6.69385
XM_011516825.3	1891	1663.29	0	0
XM_011516826.2	1514	1286.29	0	0
XM_011516827.3	1622	1394.29	28.0444	0.905179
XM_011516867.3	1839	1611.29	0	0
XM_011516880.4	2886	2658.29	85.7981	1.4525
XM_011516883.3	6334	6106.29	181.97	1.34111
XM_011516884.3	6295	6067.29	0	0
XM_011516885.3	6280	6052.29	0	0
XM_011516886.4	6247	6019.29	4.33482e-05	3.24092e-07
XM_011516887.2	5257	5029.29	0	0
XM_011516888.3	4873	4645.29	15.7943	0.153013
XM_011516889.3	4497	4269.29	0	0
XM_011516899.2	2617	2389.29	0	0
XM_011516903.4	3197	2969.29	0	0
XM_011516907.4	2711	2483.29	0	0
XM_011516909.2	1993	1765.29	8.22512	0.209685
XM_011516910.2	1804	1576.29	8.34859	0.238352
XM_011516912.3	4183	3955.29	4.50011	0.051202
XM_011516921.2	3722	3494.29	0	0
XM_011516924.2	2065	1837.29	0	0
XM_011516925.3	1949	1721.29	0	0
XM_011516926.3	2122	1894.29	0	0
XM_011516927.3	2086	1858.29	0	0
XM_011516928.3	1117	889.293	0	0
XM_011516932.4	5021	4793.29	0	0
XM_011516933.3	6630	6402.29	6.98374	0.0490902
XM_011516934.4	5806	5578.29	0	0
XM_011516937.3	3735	3507.29	0	0
XM_011516938.4	2988	2760.29	0	0
XM_011516939.4	2503	2275.29	0	0
XM_011516940.3	2491	2263.29	0	0
XM_011516943.3	2427	2199.29	2.68887e-08	5.5021e-10
XM_011516944.3	11080	10852.3	9.41884	0.0390587
XM_011516950.3	4337	4109.29	0	0
XM_011516959.4	2419	2191.29	0	0
XM_011516960.2	4242	4014.29	0	0
XM_011516962.3	2053	1825.29	9.51203	0.234522
XM_011516963.3	1620	1392.29	0	0
XM_011516965.3	14779	14551.3	35.4563	0.109657
XM_011516968.3	14567	14339.3	7.99949e-06	2.5106e-08
XM_011516974.3	1292	1064.29	7.88721	0.333507
XM_011516975.3	1130	902.293	45.9268	2.29066
XM_011516983.4	6098	5870.29	101.444	0.777692
XM_011516984.4	6071	5843.29	125.648	0.967698
XM_011516987.4	3389	3161.29	0	0
XM_011516990.2	2659	2431.29	9.9591e-08	1.84342e-09
XM_011516992.4	2630	2402.29	41.6475	0.780198
XM_011516994.4	5157	4929.29	24.3697	0.222488
XM_011516995.4	3021	2793.29	15.0462	0.242412
XM_011516996.4	3882	3654.29	32.9146	0.405348
XM_011517006.3	1378	1150.29	12.1969	0.47718
XM_011517017.4	3677	3449.29	0	0
XM_011517021.2	2275	2047.29	0	0
XM_011517022.3	2442	2214.29	0	0
XM_011517024.4	1902	1674.29	0	0
XM_011517025.3	2194	1966.29	0	0
XM_011517026.3	28673	28445.3	41.5313	0.0657064
XM_011517029.3	8413	8185.29	16.0776	0.0883951
XM_011517045.2	4593	4365.29	0	0
XM_011517046.2	1544	1316.29	254.481	8.70052
XM_011517048.3	3645	3417.29	93.0521	1.22542
XM_011517049.3	3609	3381.29	18.342	0.244121
XM_011517050.3	2971	2743.29	30.7896	0.505096
XM_011517052.3	6071	5843.29	0	0
XM_011517053.2	6278	6050.29	0	0
XM_011517054.3	1600	1372.29	43.6788	1.4324
XM_011517056.3	7079	6851.29	0	0
XM_011517058.3	6934	6706.29	0	0
XM_011517059.2	7275	7047.29	0	0
XM_011517060.3	7061	6833.29	0	0
XM_011517061.3	7558	7330.29	0	0
XM_011517062.2	7413	7185.29	0	0
XM_011517063.3	6916	6688.29	0	0
XM_011517065.2	7038	6810.29	0	0
XM_011517069.3	6948	6720.29	0	0
XM_011517070.3	4025	3797.29	0	0
XM_011517072.3	6219	5991.29	0	0
XM_011517073.3	6223	5995.29	0	0
XM_011517074.2	6089	5861.29	0	0
XM_011517075.1	6251	6023.29	1.07444	0.00802771
XM_011517076.1	6247	6019.29	1.10705	0.00827685
XM_011517077.1	6248	6020.29	0.282458	0.00211144
XM_011517078.1	6239	6011.29	0.0733409	0.000549061
XM_011517079.1	6236	6008.29	1.71379	0.0128366
XM_011517080.1	6161	5933.29	5.46299	0.0414359
XM_011517081.1	6158	5930.29	7.27537	0.0552105
XM_011517088.1	2071	1843.29	0.162107	0.00395775
XM_011517090.4	1637	1409.29	0	0
XM_011517091.3	1531	1303.29	0	0
XM_011517092.3	1480	1252.29	0	0
XM_011517093.3	3012	2784.29	0	0
XM_011517094.3	1133	905.293	0	0
XM_011517095.3	1444	1216.29	0	0
XM_011517096.3	2973	2745.29	0	0
XM_011517097.3	2922	2694.29	0	0
XM_011517098.3	2883	2655.29	0	0
XM_011517121.4	3869	3641.29	0	0
XM_011517129.3	3099	2871.29	0	0
XM_011517130.3	14792	14564.3	57.0026	0.176136
XM_011517131.3	14665	14437.3	1327.42	4.13776
XM_011517132.3	11423	11195.3	0.811214	0.00326094
XM_011517134.4	789	561.487	0	0
XM_011517138.3	3747	3519.29	0	0
XM_011517154.3	2588	2360.29	0	0
XM_011517158.3	2423	2195.29	0	0
XM_011517159.3	2393	2165.29	0	0
XM_011517161.3	2082	1854.29	0	0
XM_011517162.3	2503	2275.29	0	0
XM_011517163.3	1682	1454.29	0	0
XM_011517165.1	1193	965.293	0	0
XM_011517166.4	2873	2645.29	0	0
XM_011517167.3	1535	1307.29	0	0
XM_011517168.3	1506	1278.29	0	0
XM_011517171.3	7312	7084.29	18.2677	0.116046
XM_011517172.3	8333	8105.29	2.4752e-06	1.37431e-08
XM_011517173.3	3218	2990.29	0	0
XM_011517174.3	6980	6752.29	0	0
XM_011517177.3	5915	5687.29	1.80767	0.0143039
XM_011517179.3	6777	6549.29	2.21227e-05	1.52015e-07
XM_011517202.3	4241	4013.29	0	0
XM_011517204.3	4269	4041.29	0	0
XM_011517206.2	3613	3385.29	0	0
XM_011517212.4	2998	2770.29	65.0013	1.05594
XM_011517213.3	4957	4729.29	236.091	2.2466
XM_011517214.2	2641	2413.29	0	0
XM_011517215.2	2638	2410.29	0	0
XM_011517216.3	2573	2345.29	0	0
XM_011517217.2	2507	2279.29	0	0
XM_011517220.2	2223	1995.29	0	0
XM_011517221.3	2159	1931.29	0	0
XM_011517222.2	2338	2110.29	0	0
XM_011517223.2	2272	2044.29	0	0
XM_011517231.3	6009	5781.29	0	0
XM_011517232.4	6037	5809.29	0	0
XM_011517233.4	5998	5770.29	0	0
XM_011517235.4	4585	4357.29	0	0
XM_011517236.3	3746	3518.29	0	0
XM_011517239.3	1542	1314.29	18.4253	0.630907
XM_011517240.3	3593	3365.29	12.4478	0.166461
XM_011517241.3	3581	3353.29	16.8011	0.225481
XM_011517243.3	4118	3890.29	0	0
XM_011517245.3	1671	1443.29	2.44505	0.0762388
XM_011517246.3	3339	3111.29	16.3403	0.236353
XM_011517248.3	3080	2852.29	10.2242	0.161315
XM_011517251.3	5208	4980.29	0	0
XM_011517252.4	2747	2519.29	0	0
XM_011517257.3	5190	4962.29	0	0
XM_011517259.3	5072	4844.29	1.96226	0.0182292
XM_011517270.3	5375	5147.29	0	0
XM_011517271.3	5388	5160.29	0	0
XM_011517273.3	5321	5093.29	0	0
XM_011517274.3	5294	5066.29	0	0
XM_011517286.3	1822	1594.29	0	0
XM_011517287.4	3985	3757.29	0	0
XM_011517288.4	3948	3720.29	4.49671	0.0543951
XM_011517292.4	3237	3009.29	0	0
XM_011517293.3	3204	2976.29	0	0
XM_011517294.3	3480	3252.29	0.00170027	2.35272e-05
XM_011517296.4	3201	2973.29	0	0
XM_011517302.4	3609	3381.29	1.58557	0.0211031
XM_011517306.4	5029	4801.29	0	0
XM_011517307.4	5269	5041.29	30.6593	0.273692
XM_011517308.2	4792	4564.29	0	0
XM_011517312.2	5488	5260.29	0	0
XM_011517314.3	4249	4021.29	0	0
XM_011517318.3	4253	4025.29	11.8321	0.132284
XM_011517326.3	7065	6837.29	0	0
XM_011517328.3	4047	3819.29	0	0
XM_011517330.3	5456	5228.29	0	0
XM_011517331.4	1078	850.293	5.20889	0.275688
XM_011517336.4	4046	3818.29	10.8203	0.12753
XM_011517338.3	3579	3351.29	2.95906	0.039736
XM_011517351.3	7522	7294.29	0	0
XM_011517355.3	10269	10041.3	124.728	0.559007
XM_011517356.4	3874	3646.29	0.000135453	1.67178e-06
XM_011517357.3	1889	1661.29	7.09379	0.192165
XM_011517361.3	1143	915.293	94.2837	4.63573
XM_011517362.3	2028	1800.29	2.90147	0.0725299
XM_011517363.4	3796	3568.29	0	0
XM_011517366.3	1085	857.293	102.066	5.35788
XM_011517368.3	7686	7458.29	0.0442147	0.00026679
XM_011517369.4	7611	7383.29	58.4368	0.356187
XM_011517370.4	7521	7293.29	198.697	1.22605
XM_011517371.3	19415	19187.3	0	0
XM_011517379.3	3229	3001.29	32.1895	0.482667
XM_011517386.3	8211	7983.29	10.7126	0.0603889
XM_011517395.4	9684	9456.29	0	0
XM_011517403.2	5041	4813.29	0	0
XM_011517409.2	4342	4114.29	32.659	0.357231
XM_011517449.3	1932	1704.29	0	0
XM_011517450.3	3001	2773.29	0	0
XM_011517458.3	4481	4253.29	0	0
XM_011517462.4	3022	2794.29	0	0
XM_011517467.4	2492	2264.29	5.57437	0.110791
XM_011517468.3	4948	4720.29	0	0
XM_011517469.3	2138	1910.29	0	0
XM_011517484.4	4061	3833.29	0	0
XM_011517497.4	3816	3588.29	98.8537	1.23979
XM_011517508.3	775	547.487	22.4795	1.8478
XM_011517509.4	5154	4926.29	0	0
XM_011517510.4	4922	4694.29	0	0
XM_011517512.3	10250	10022.3	2.29476	0.0103042
XM_011517522.4	2862	2634.29	13.3168	0.227498
XM_011517523.4	2016	1788.29	1.53474	0.0386222
XM_011517524.4	3205	2977.29	0	0
XM_011517525.3	3656	3428.29	5.24365	0.0688332
XM_011517526.4	1205	977.293	5.79615	0.266905
XM_011517527.4	1502	1274.29	0	0
XM_011517528.4	925	697.293	23.8812	1.54128
XM_011517529.4	5735	5507.29	0	0
XM_011517533.4	5176	4948.29	0.00214345	1.9494e-05
XM_011517535.4	4996	4768.29	0.00195492	1.84505e-05
XM_011517539.4	6364	6136.29	63.0227	0.462203
XM_011517540.4	7058	6830.29	0	0
XM_011517542.2	1368	1140.29	0	0
XM_011517553.3	11696	11468.3	0	0
XM_011517554.4	11650	11422.3	25.0979	0.0988842
XM_011517555.3	11693	11465.3	0	0
XM_011517560.3	5470	5242.29	0	0
XM_011517574.3	2539	2311.29	0	0
XM_011517577.3	759	531.648	0	0
XM_011517581.3	2050	1822.29	46.9937	1.16055
XM_011517583.4	4470	4242.29	21.8396	0.231679
XM_011517589.2	1430	1202.29	0	0
XM_011517591.3	2270	2042.29	0	0
XM_011517598.3	4865	4637.29	0	0
XM_011517599.3	4841	4613.29	0	0
XM_011517601.3	4760	4532.29	0	0
XM_011517611.4	3303	3075.29	0	0
XM_011517617.3	2662	2434.29	4.56353	0.0843666
XM_011517620.3	1013	785.293	0	0
XM_011517624.3	5131	4903.29	4.16394e-05	3.82172e-07
XM_011517625.3	5291	5063.29	0	0
XM_011517626.3	8716	8488.29	0	0
XM_011517627.4	8980	8752.29	0	0
XM_011517628.3	8627	8399.29	0	0
XM_011517643.2	6856	6628.29	59.1872	0.401854
XM_011517644.4	6504	6276.29	55.9666	0.401299
XM_011517645.3	6495	6267.29	82.1654	0.589999
XM_011517647.4	5408	5180.29	28.365	0.246417
XM_011517649.4	5522	5294.29	21.1323	0.179631
XM_011517651.4	1701	1473.29	0	0
XM_011517659.3	1734	1506.29	0	0
XM_011517660.3	1731	1503.29	0	0
XM_011517662.4	3267	3039.29	26.927	0.39871
XM_011517664.4	7512	7284.29	8.27444	0.0511203
XM_011517665.3	1639	1411.29	0	0
XM_011517666.3	1632	1404.29	0	0
XM_011517675.3	1186	958.293	0	0
XM_011517676.3	700	472.947	0	0
XM_011517686.3	5417	5189.29	0.726619	0.00630145
XM_011517702.4	871	643.427	0	0
XM_011517704.3	3254	3026.29	74.966	1.1148
XM_011517705.3	2724	2496.29	197.06	3.5526
XM_011517712.3	5070	4842.29	0	0
XM_011517713.3	4998	4770.29	26.7607	0.252461
XM_011517724.3	17425	17197.3	0	0
XM_011517728.3	17204	16976.3	0	0
XM_011517732.3	10704	10476.3	32.8544	0.141133
XM_011517735.4	2638	2410.29	0	0
XM_011517736.4	2611	2383.29	0	0
XM_011517738.3	2404	2176.29	0	0
XM_011517739.4	2377	2149.29	0	0
XM_011517742.2	973	745.293	0	0
XM_011517744.2	2200	1972.29	0	0
XM_011517745.3	2192	1964.29	0	0
XM_011517746.3	2400	2172.29	0	0
XM_011517747.3	1772	1544.29	0	0
XM_011517758.3	3376	3148.29	0	0
XM_011517759.4	11190	10962.3	55.6008	0.228256
XM_011517760.4	7658	7430.29	0	0
XM_011517761.3	5032	4804.29	83.8207	0.785171
XM_011517763.3	7340	7112.29	0	0
XM_011517764.3	7350	7122.29	20.3177	0.12838
XM_011517766.3	7740	7512.29	0	0
XM_011517770.2	1964	1736.29	0	0
XM_011517771.2	1961	1733.29	0	0
XM_011517773.4	1989	1761.29	0	0
XM_011517778.3	3735	3507.29	0	0
XM_011517779.4	3712	3484.29	0	0
XM_011517780.4	4384	4156.29	0	0
XM_011517786.3	4290	4062.29	0	0
XM_011517788.3	6459	6231.29	0	0
XM_011517791.4	6447	6219.29	0	0
XM_011517796.4	6052	5824.29	0	0
XM_011517802.3	4786	4558.29	9.3834	0.0926403
XM_011517805.3	4710	4482.29	0.00587534	5.89896e-05
XM_011517806.3	5923	5695.29	0	0
XM_011517839.4	3409	3181.29	0	0
XM_011517858.2	814	586.487	0	0
XM_011517859.3	2748	2520.29	0	0
XM_011517861.3	6479	6251.29	28.6692	0.206389
XM_011517863.4	8236	8008.29	132.406	0.744063
XM_011517871.4	4221	3993.29	0.0827627	0.000932708
XM_011517898.2	2536	2308.29	10.8145	0.210843
XM_011517901.3	5469	5241.29	0	0
XM_011517902.3	14748	14520.3	1.11778	0.00346435
XM_011517903.3	4998	4770.29	0	0
XM_011517905.2	2657	2429.29	2.13167e-07	3.94896e-09
XM_011517910.4	4514	4286.29	27.3798	0.287468
XM_011517912.3	5399	5171.29	24.8708	0.216438
XM_011517913.3	5173	4945.29	18.1909	0.16554
XM_011517914.3	4424	4196.29	0	0
XM_011517920.2	1717	1489.29	0	0
XM_011517935.3	5285	5057.29	32.483	0.289055
XM_011517941.3	3295	3067.29	5.24183	0.0769078
XM_011517949.2	4342	4114.29	116.017	1.26902
XM_011517959.4	5035	4807.29	0	0
XM_011517960.3	1138	910.293	24.3451	1.20358
XM_011517964.4	4984	4756.29	283.439	2.68184
XM_011517965.2	911	683.293	17.2649	1.1371
XM_011517966.4	6442	6214.29	0	0
XM_011517967.3	5772	5544.29	9.87182e-09	8.01297e-11
XM_011517968.3	5109	4881.29	1.19355e-07	1.10039e-09
XM_011517998.3	9249	9021.29	0	0
XM_011518005.4	4912	4684.29	0	0
XM_011518007.2	3767	3539.29	0	0
XM_011518008.4	3799	3571.29	0	0
XM_011518009.4	4631	4403.29	20.7817	0.212396
XM_011518010.2	3557	3329.29	149.447	2.02012
XM_011518028.3	1177	949.293	0	0
XM_011518037.2	3003	2775.29	139.931	2.26906
XM_011518045.4	7247	7019.29	0	0
XM_011518046.3	7350	7122.29	0	0
XM_011518050.3	2590	2362.29	0	0
XM_011518051.3	13161	12933.3	21.8679	0.0760923
XM_011518055.3	967	739.293	0	0
XM_011518063.3	8005	7777.29	0	0
XM_011518064.4	8038	7810.29	0	0
XM_011518067.1	6711	6483.29	106.386	0.738466
XM_011518072.4	2813	2585.29	45.6904	0.795349
XM_011518076.3	2643	2415.29	524.23	9.76774
XM_011518077.2	2535	2307.29	405.81	7.9152
XM_011518080.1	2365	2137.29	57.3783	1.20816
XM_011518081.3	2449	2221.29	232.738	4.71524
XM_011518082.3	2557	2329.29	91.5517	1.76882
XM_011518085.2	2270	2042.29	240.936	5.30915
XM_011518121.2	7473	7245.29	0.333917	0.00207408
XM_011518123.3	4851	4623.29	0	0
XM_011518124.3	4975	4747.29	0	0
XM_011518125.2	4700	4472.29	0	0
XM_011518127.3	4766	4538.29	0	0
XM_011518128.3	4691	4463.29	0	0
XM_011518129.2	4553	4325.29	0	0
XM_011518130.3	4581	4353.29	0	0
XM_011518131.3	4506	4278.29	0	0
XM_011518133.3	4628	4400.29	0	0
XM_011518134.3	4528	4300.29	0	0
XM_011518140.3	2976	2748.29	0	0
XM_011518141.3	2910	2682.29	97.5871	1.6373
XM_011518142.3	2824	2596.29	0	0
XM_011518143.3	2808	2580.29	0	0
XM_011518145.3	2717	2489.29	0	0
XM_011518148.3	5817	5589.29	0	0
XM_011518149.4	11449	11221.3	49.9541	0.200341
XM_011518150.3	5778	5550.29	33.6917	0.273181
XM_011518151.3	5749	5521.29	3.52335e-07	2.87182e-09
XM_011518153.2	5625	5397.29	0	0
XM_011518157.3	2161	1933.29	28.773	0.669777
XM_011518158.4	1527	1299.29	0	0
XM_011518159.2	1435	1207.29	1.58665	0.0591439
XM_011518163.3	964	736.293	15.2633	0.932912
XM_011518166.3	7764	7536.29	49.9185	0.298089
XM_011518167.1	7591	7363.29	201.897	1.23396
XM_011518168.3	7689	7461.29	14.4394	0.0870921
XM_011518170.3	7587	7359.29	0	0
XM_011518172.4	5629	5401.29	2.09723	0.0174739
XM_011518176.4	4643	4415.29	14.5426	0.148226
XM_011518178.3	3260	3032.29	0	0
XM_011518179.1	3303	3075.29	3.19152	0.0467039
XM_011518181.3	4497	4269.29	0	0
XM_011518184.2	3557	3329.29	3.2278	0.0436311
XM_011518185.3	4372	4144.29	6.60222	0.0716938
XM_011518189.4	2079	1851.29	0	0
XM_011518194.3	4796	4568.29	0	0
XM_011518200.3	9432	9204.29	0	0
XM_011518201.3	9408	9180.29	0	0
XM_011518203.4	9372	9144.29	0	0
XM_011518204.4	9312	9084.29	0	0
XM_011518211.3	3642	3414.29	0	0
XM_011518223.3	6882	6654.29	17.2404	0.116597
XM_011518229.3	916	688.293	0	0
XM_011518230.3	914	686.293	0	0
XM_011518231.3	656	429.76	0	0
XM_011518233.3	829	601.427	0	0
XM_011518234.4	807	579.487	0	0
XM_011518258.2	1958	1730.29	0.182725	0.00475248
XM_011518259.2	2064	1836.29	0	0
XM_011518260.2	1955	1727.29	1.97258	0.0513939
XM_011518272.2	7788	7560.29	0	0
XM_011518273.3	7626	7398.29	0	0
XM_011518274.2	7593	7365.29	217.481	1.32884
XM_011518276.3	1071	843.293	0.73538	0.0392442
XM_011518277.3	3527	3299.29	0	0
XM_011518278.3	1494	1266.29	0	0
XM_011518283.3	2739	2511.29	0	0
XM_011518284.3	2730	2502.29	0	0
XM_011518285.3	2589	2361.29	0	0
XM_011518288.3	2445	2217.29	0	0
XM_011518290.3	2353	2125.29	0	0
XM_011518292.3	2278	2050.29	0	0
XM_011518293.3	2202	1974.29	0	0
XM_011518294.3	2103	1875.29	0	0
XM_011518295.2	1938	1710.29	0	0
XM_011518297.2	1586	1358.29	0	0
XM_011518298.4	1379	1151.29	0	0
XM_011518300.3	15956	15728.3	24.9473	0.0713812
XM_011518302.3	5123	4895.29	0	0
XM_011518303.2	5036	4808.29	0	0
XM_011518306.2	4655	4427.29	0	0
XM_011518309.2	3456	3228.29	0	0
XM_011518311.3	25250	25022.3	120.865	0.217378
XM_011518315.3	4134	3906.29	0	0
XM_011518318.4	4387	4159.29	0	0
XM_011518320.3	4207	3979.29	0	0
XM_011518323.3	12615	12387.3	0	0
XM_011518326.3	12659	12431.3	0	0
XM_011518327.2	12585	12357.3	0	0
XM_011518328.3	12620	12392.3	27.5438	0.100026
XM_011518347.3	1272	1044.29	10.4601	0.450769
XM_011518350.2	4691	4463.29	0	0
XM_011518351.3	4647	4419.29	8.99765	0.091626
XM_011518352.2	4688	4460.29	0	0
XM_011518353.2	4580	4352.29	0	0
XM_011518354.2	4337	4109.29	3.28017e-06	3.59229e-08
XM_011518355.2	4334	4106.29	50.104	0.549117
XM_011518358.2	2408	2180.29	0	0
XM_011518359.2	2358	2130.29	0	0
XM_011518362.2	2244	2016.29	0	0
XM_011518364.3	3358	3130.29	27.7549	0.399022
XM_011518365.4	7672	7444.29	0	0
XM_011518366.4	2406	2178.29	0	0
XM_011518368.3	1845	1617.29	0	0
XM_011518369.3	1710	1482.29	0	0
XM_011518373.3	1791	1563.29	0	0
XM_011518374.3	1618	1390.29	0	0
XM_011518379.3	1508	1280.29	0	0
XM_011518391.3	7199	6971.29	0.314117	0.00202778
XM_011518392.4	1470	1242.29	0	0
XM_011518393.3	6213	5985.29	0	0
XM_011518394.3	1480	1252.29	70.4743	2.5326
XM_011518395.4	1483	1255.29	36.9573	1.32494
XM_011518399.4	2724	2496.29	0	0
XM_011518400.4	2721	2493.29	0	0
XM_011518401.2	5507	5279.29	0	0
XM_011518402.2	5504	5276.29	0	0
XM_011518404.4	11333	11105.3	0	0
XM_011518405.4	11468	11240.3	67.2059	0.269074
XM_011518406.3	8220	7992.29	39.564	0.222777
XM_011518407.2	9962	9734.29	219.437	1.01449
XM_011518408.4	6883	6655.29	81.9771	0.554329
XM_011518409.1	5987	5759.29	0	0
XM_011518411.3	9247	9019.29	44.9053	0.224062
XM_011518412.3	5244	5016.29	595.395	5.34151
XM_011518413.3	5241	5013.29	146.033	1.3109
XM_011518414.4	5241	5013.29	522.89	4.69385
XM_011518416.4	6841	6613.29	4.56106	0.0310378
XM_011518417.4	2061	1833.29	24.7385	0.607273
XM_011518418.3	6307	6079.29	9.69382	0.0717603
XM_011518420.3	8303	8075.29	27.129	0.151188
XM_011518421.3	2417	2189.29	0	0
XM_011518422.4	6830	6602.29	762.768	5.19924
XM_011518440.4	4981	4753.29	454.397	4.30213
XM_011518441.3	5082	4854.29	27.8858	0.258523
XM_011518444.3	2298	2070.29	0.0775786	0.00168637
XM_011518446.3	7996	7768.29	0.00153945	8.91831e-06
XM_011518447.2	7975	7747.29	2723.48	15.8204
XM_011518449.3	7882	7654.29	0	0
XM_011518451.2	7870	7642.29	41.866	0.246536
XM_011518452.3	7765	7537.29	40.4395	0.241453
XM_011518463.3	409	199.348	0	0
XM_011518465.3	15666	15438.3	0	0
XM_011518466.3	15657	15429.3	0	0
XM_011518467.3	15612	15384.3	0	0
XM_011518468.3	14945	14717.3	0	0
XM_011518469.3	10553	10325.3	0	0
XM_011518470.3	9110	8882.29	0	0
XM_011518477.2	1930	1702.29	0	0
XM_011518479.3	1753	1525.29	0	0
XM_011518485.2	3960	3732.29	0	0
XM_011518486.3	4100	3872.29	14.6034	0.169718
XM_011518487.3	3977	3749.29	24.6446	0.295811
XM_011518491.4	2349	2121.29	0	0
XM_011518492.3	2454	2226.29	7.45964	0.150792
XM_011518494.4	2499	2271.29	0	0
XM_011518496.4	3490	3262.29	0	0
XM_011518497.3	3122	2894.29	95.5223	1.48527
XM_011518499.3	9140	8912.29	28.1998	0.142396
XM_011518500.3	9257	9029.29	6.4179	0.0319876
XM_011518506.3	9077	8849.29	12.0103	0.0610783
XM_011518507.3	9059	8831.29	1.42698	0.00727172
XM_011518509.4	4533	4305.29	177.925	1.85985
XM_011518515.3	1439	1211.29	0	0
XM_011518516.3	1316	1088.29	10.1124	0.418167
XM_011518524.3	1377	1149.29	6.44838	0.2525
XM_011518525.4	1258	1030.29	33.3284	1.45578
XM_011518549.2	3525	3297.29	0	0
XM_011518550.2	3356	3128.29	0	0
XM_011518554.3	1497	1269.29	23.2093	0.822893
XM_011518556.4	5586	5358.29	0	0
XM_011518557.4	5614	5386.29	0	0
XM_011518558.4	6005	5777.29	0	0
XM_011518559.3	2097	1869.29	0	0
XM_011518560.3	3482	3254.29	0	0
XM_011518562.3	2883	2655.29	0	0
XM_011518568.4	3297	3069.29	0	0
XM_011518571.3	6703	6475.29	0	0
XM_011518572.3	6787	6559.29	0	0
XM_011518576.4	6408	6180.29	3.7032	0.0269656
XM_011518577.4	6405	6177.29	7.20562	0.0524947
XM_011518578.4	6342	6114.29	0	0
XM_011518579.4	6249	6021.29	0	0
XM_011518581.4	2436	2208.29	7.85147	0.160006
XM_011518582.4	4551	4323.29	8.68202	0.090375
XM_011518583.3	4031	3803.29	0	0
XM_011518585.2	2564	2336.29	0	0
XM_011518594.2	3383	3155.29	4.13092	0.0589182
XM_011518599.3	1667	1439.29	98.361	3.0755
XM_011518600.2	1572	1344.29	0	0
XM_011518602.3	2067	1839.29	3.93975	0.0963963
XM_011518603.4	1820	1592.29	0	0
XM_011518604.4	1742	1514.29	0	0
XM_011518617.3	6541	6313.29	98.7794	0.70413
XM_011518625.4	7954	7726.29	138.457	0.806466
XM_011518626.4	7684	7456.29	0	0
XM_011518628.4	7135	6907.29	570.631	3.71783
XM_011518629.4	7135	6907.29	37.1459	0.242017
XM_011518635.3	1606	1378.29	0	0
XM_011518637.3	1750	1522.29	0	0
XM_011518638.3	1305	1077.29	0	0
XM_011518639.2	10066	9838.29	0	0
XM_011518641.4	10092	9864.29	0	0
XM_011518646.4	5123	4895.29	34.6887	0.318898
XM_011518648.4	8386	8158.29	54.3266	0.299679
XM_011518655.2	1824	1596.29	5	0.140961
XM_011518656.2	1707	1479.29	0	0
XM_011518658.3	1608	1380.29	0	0
XM_011518664.3	2983	2755.29	0	0
XM_011518670.3	1217	989.293	0	0
XM_011518671.2	733	505.753	0	0
XM_011518672.2	723	495.802	0	0
XM_011518675.3	790	562.487	0	0
XM_011518681.3	3779	3551.29	0	0
XM_011518685.3	838	610.427	15.2038	1.12088
XM_011518689.2	920	692.293	6.7648e-05	4.39751e-06
XM_011518698.4	3428	3200.29	0	0
XM_011518699.4	6547	6319.29	0	0
XM_011518702.1	4336	4108.29	0	0
XM_011518708.3	7059	6831.29	3.00001	0.0197634
XM_011518716.2	1294	1066.29	3.57835	0.151025
XM_011518717.3	8598	8370.29	446.947	2.40302
XM_011518718.4	8844	8616.29	0	0
XM_011518745.3	1064	836.293	0	0
XM_011518746.3	1093	865.293	0	0
XM_011518747.2	904	676.361	0	0
XM_011518748.2	998	770.293	0	0
XM_011518749.2	832	604.427	0	0
XM_011518751.2	955	727.293	0	0
XM_011518752.3	881	653.427	0	0
XM_011518755.3	2868	2640.29	0	0
XM_011518763.4	3358	3130.29	322.723	4.63967
XM_011518767.1	1887	1659.29	0	0
XM_011518768.1	1884	1656.29	0	0
XM_011518769.4	10223	9995.29	0	0
XM_011518770.3	13071	12843.3	0	0
XM_011518776.4	2468	2240.29	10.8406	0.217765
XM_011518782.4	2522	2294.29	0	0
XM_011518783.4	2819	2591.29	0	0
XM_011518787.3	998	770.293	10.6187	0.620379
XM_011518788.3	741	513.753	14.3843	1.26002
XM_011518789.2	2338	2110.29	23.7525	0.506535
XM_011518790.2	6019	5791.29	0	0
XM_011518791.3	6010	5782.29	0	0
XM_011518794.3	5719	5491.29	0.261852	0.00214597
XM_011518798.3	2702	2474.29	52.692	0.958376
XM_011518800.4	8302	8074.29	0.102172	0.000569468
XM_011518803.3	593	367.988	6.00673	0.734594
XM_011518810.2	3246	3018.29	0.564263	0.00841322
XM_011518817.2	3910	3682.29	0	0
XM_011518820.4	8828	8600.29	23.112	0.120939
XM_011518821.4	7277	7049.29	0	0
XM_011518823.4	12958	12730.3	0	0
XM_011518824.4	3888	3660.29	18.9679	0.233209
XM_011518827.3	3919	3691.29	96.6034	1.17776
XM_011518831.3	844	616.427	14.7747	1.07865
XM_011518832.4	3272	3044.29	0	0
XM_011518834.3	6034	5806.29	198.294	1.53693
XM_011518836.3	5947	5719.29	12.5035	0.0983855
XM_011518838.3	2579	2351.29	0.186743	0.0035742
XM_011518839.2	5397	5169.29	10.3862	0.0904207
XM_011518843.3	3285	3057.29	58.4463	0.860324
XM_011518844.4	4532	4304.29	47.6739	0.498449
XM_011518847.4	4444	4216.29	8.13635	0.0868443
XM_011518848.4	7335	7107.29	0	0
XM_011518849.3	7442	7214.29	0	0
XM_011518850.3	7719	7491.29	0	0
XM_011518854.3	7647	7419.29	0	0
XM_011518856.3	4456	4228.29	8.96664	0.0954348
XM_011518857.3	6265	6037.29	0	0
XM_011518862.2	4324	4096.29	55.2869	0.607398
XM_011518863.2	4507	4279.29	10.3092	0.108416
XM_011518864.3	4426	4198.29	208.919	2.23948
XM_011518878.4	7193	6965.29	0	0
XM_011518879.4	7184	6956.29	0	0
XM_011518880.2	7033	6805.29	0	0
XM_011518881.4	8073	7845.29	0	0
XM_011518882.4	6041	5813.29	0	0
XM_011518885.4	4959	4731.29	0	0
XM_011518886.4	5911	5683.29	1.10172	0.00872397
XM_011518888.3	6805	6577.29	0	0
XM_011518905.3	5046	4818.29	0	0
XM_011518906.3	5242	5014.29	0	0
XM_011518907.3	4961	4733.29	0	0
XM_011518908.3	4884	4656.29	19.9179	0.192507
XM_011518909.3	1441	1213.29	0	0
XM_011518910.3	1389	1161.29	0	0
XM_011518912.3	3102	2874.29	0	0
XM_011518916.3	3054	2826.29	0	0
XM_011518921.4	3320	3092.29	9.06728	0.131959
XM_011518922.4	3129	2901.29	6.7913	0.105343
XM_011518925.2	4032	3804.29	628.456	7.43436
XM_011518944.3	3377	3149.29	12.1549	0.173693
XM_011518945.4	5637	5409.29	61.3712	0.510583
XM_011518946.4	5304	5076.29	0	0
XM_011518948.3	22990	22762.3	23.4645	0.0463915
XM_011518951.3	4132	3904.29	47.5423	0.548
XM_011518952.2	5183	4955.29	0	0
XM_011518953.3	4506	4278.29	0	0
XM_011518954.2	5138	4910.29	0	0
XM_011518955.2	5120	4892.29	0	0
XM_011518956.2	5099	4871.29	0	0
XM_011518957.2	5096	4868.29	0	0
XM_011518958.2	5087	4859.29	0	0
XM_011518959.2	5060	4832.29	0	0
XM_011518960.2	5057	4829.29	0	0
XM_011518961.2	4997	4769.29	0	0
XM_011518962.2	4994	4766.29	0	0
XM_011518963.2	4985	4757.29	0	0
XM_011518964.2	4982	4754.29	0	0
XM_011518965.2	4964	4736.29	0	0
XM_011518966.2	4961	4733.29	0	0
XM_011518967.2	4934	4706.29	0	0
XM_011518968.2	4922	4694.29	0	0
XM_011518969.2	4880	4652.29	0	0
XM_011518970.4	2865	2637.29	0	0
XM_011518972.4	3380	3152.29	3.83453	0.0547429
XM_011518976.4	2360	2132.29	0	0
XM_011518977.3	2263	2035.29	0	0
XM_011518979.3	8718	8490.29	0	0
XM_011518986.4	5634	5406.29	0	0
XM_011518998.4	3222	2994.29	13.984	0.210174
XM_011518999.4	10102	9874.29	163.59	0.745579
XM_011519000.3	9068	8840.29	0	0
XM_011519001.2	3495	3267.29	0	0
XM_011519002.2	3471	3243.29	0	0
XM_011519003.2	3468	3240.29	0	0
XM_011519011.3	8198	7970.29	451.717	2.55055
XM_011519012.3	8088	7860.29	0.000172678	9.88647e-07
XM_011519013.3	8728	8500.29	36.86	0.195148
XM_011519014.3	8621	8393.29	30.6989	0.164601
XM_011519015.2	6642	6414.29	0	0
XM_011519016.2	6504	6276.29	0	0
XM_011519018.3	3408	3180.29	0	0
XM_011519020.2	2117	1889.29	0	0
XM_011519021.4	5181	4953.29	0	0
XM_011519022.4	5565	5337.29	0	0
XM_011519023.4	5160	4932.29	0	0
XM_011519029.4	3722	3494.29	0	0
XM_011519030.4	4343	4115.29	0	0
XM_011519031.2	2754	2526.29	0	0
XM_011519050.2	1500	1272.29	24.6964	0.873554
XM_011519052.3	6013	5785.29	35.7078	0.277766
XM_011519058.3	1892	1664.29	0	0
XM_011519063.3	7067	6839.29	0	0
XM_011519064.3	4864	4636.29	44.6942	0.433833
XM_011519065.3	7031	6803.29	0	0
XM_011519066.4	3244	3016.29	0	0
XM_011519073.3	4899	4671.29	0	0
XM_011519074.3	4854	4626.29	0	0
XM_011519075.3	4829	4601.29	0	0
XM_011519077.3	7664	7436.29	0	0
XM_011519078.3	7634	7406.29	0	0
XM_011519079.3	7632	7404.29	0	0
XM_011519080.3	7106	6878.29	0	0
XM_011519082.3	7474	7246.29	5	0.0310525
XM_011519084.4	2826	2598.29	0	0
XM_011519086.4	3722	3494.29	0	0
XM_011519087.3	4871	4643.29	6.3384	0.0614322
XM_011519090.3	3378	3150.29	0	0
XM_011519091.4	938	710.293	50.778	3.21721
XM_011519094.3	5216	4988.29	0	0
XM_011519096.3	5065	4837.29	0	0
XM_011519097.4	5126	4898.29	0	0
XM_011519098.3	5166	4938.29	0	0
XM_011519099.3	5076	4848.29	0	0
XM_011519100.3	4991	4763.29	0	0
XM_011519102.3	5081	4853.29	0	0
XM_011519103.3	4880	4652.29	0	0
XM_011519104.4	4829	4601.29	0	0
XM_011519105.3	4965	4737.29	0	0
XM_011519106.3	5147	4919.29	0	0
XM_011519107.3	4898	4670.29	0	0
XM_011519108.3	2327	2099.29	0	0
XM_011519109.3	2258	2030.29	0	0
XM_011519110.3	2111	1883.29	0	0
XM_011519112.3	4091	3863.29	0	0
XM_011519113.3	4022	3794.29	0	0
XM_011519116.3	1289	1061.29	19.5578	0.829331
XM_011519118.2	3228	3000.29	24.2245	0.363357
XM_011519121.4	5521	5293.29	10.6164	0.0902597
XM_011519122.4	17470	17242.3	32.6455	0.0852061
XM_011519123.4	2596	2368.29	4.94612	0.0939877
XM_011519127.3	2121	1893.29	0	0
XM_011519130.3	2224	1996.29	0	0
XM_011519132.2	1817	1589.29	0	0
XM_011519134.4	21458	21230.3	5.12397	0.0108616
XM_011519138.3	7610	7382.29	34.4903	0.210256
XM_011519140.2	7759	7531.29	182.466	1.09032
XM_011519142.4	4721	4493.29	5.0755	0.0508342
XM_011519143.3	4739	4511.29	48.9621	0.488429
XM_011519144.3	4736	4508.29	8.19943	0.081849
XM_011519145.4	5047	4819.29	172.707	1.61276
XM_011519147.4	2317	2089.29	0	0
XM_011519148.4	5220	4992.29	0	0
XM_011519149.4	1662	1434.29	0	0
XM_011519151.4	2080	1852.29	0	0
XM_011519153.4	5103	4875.29	0	0
XM_011519156.4	5778	5550.29	0	0
XM_011519172.4	2629	2401.29	239.059	4.48025
XM_011519179.3	1845	1617.29	170.497	4.74428
XM_011519180.4	3904	3676.29	116.092	1.42113
XM_011519182.3	1628	1400.29	128.332	4.12436
XM_011519183.3	10248	10020.3	0	0
XM_011519185.4	9753	9525.29	0	0
XM_011519206.3	4812	4584.29	60.0956	0.589946
XM_011519207.3	4567	4339.29	1.06626e-07	1.10582e-09
XM_011519208.3	4570	4342.29	4.13389e-08	4.28432e-10
XM_011519209.3	4353	4125.29	0	0
XM_011519212.3	1888	1660.29	2	0.054211
XM_011519213.3	2100	1872.29	0	0
XM_011519215.3	3003	2775.29	0	0
XM_011519216.3	2033	1805.29	0	0
XM_011519217.3	5481	5253.29	0	0
XM_011519218.3	3285	3057.29	0	0
XM_011519219.2	3066	2838.29	0	0
XM_011519220.2	2952	2724.29	0	0
XM_011519222.3	3070	2842.29	0	0
XM_011519223.2	2522	2294.29	0	0
XM_011519233.2	6451	6223.29	0	0
XM_011519241.3	3758	3530.29	0	0
XM_011519242.4	3614	3386.29	3.63245	0.0482744
XM_011519244.3	4438	4210.29	26.7801	0.286248
XM_011519247.3	9133	8905.29	176.065	0.88975
XM_011519249.2	8953	8725.29	3.32732e-08	1.71616e-10
XM_011519252.2	8896	8668.29	1893.69	9.83147
XM_011519256.2	8827	8599.29	0.0244657	0.000128038
XM_011519257.2	8821	8593.29	449.95	2.35639
XM_011519259.3	8761	8533.29	262.922	1.3866
XM_011519260.3	9134	8906.29	3.04179e-06	1.537e-08
XM_011519262.2	8251	8023.29	3.22035e-05	1.80631e-07
XM_011519263.2	8125	7897.29	1248	7.11176
XM_011519265.2	8005	7777.29	11.9526	0.0691632
XM_011519284.2	926	698.293	2	0.128894
XM_011519289.3	2519	2291.29	92.4219	1.81525
XM_011519291.3	9208	8980.29	0	0
XM_011519293.3	1398	1170.29	0	0
XM_011519300.4	4263	4035.29	0.155393	0.001733
XM_011519306.3	730	502.753	0	0
XM_011519307.3	772	544.487	0	0
XM_011519324.3	2496	2268.29	0	0
XM_011519325.4	2489	2261.29	0	0
XM_011519330.3	2039	1811.29	0	0
XM_011519331.3	1941	1713.29	0	0
XM_011519332.3	1905	1677.29	0	0
XM_011519333.2	2056	1828.29	0	0
XM_011519335.3	1798	1570.29	0	0
XM_011519337.3	5089	4861.29	0	0
XM_011519338.3	5019	4791.29	3.45098e-06	3.24139e-08
XM_011519350.4	2166	1938.29	0	0
XM_011519351.3	2577	2349.29	0	0
XM_011519372.3	3300	3072.29	0	0
XM_011519373.4	3190	2962.29	0	0
XM_011519374.3	3375	3147.29	4.78568	0.0684303
XM_011519376.3	3376	3148.29	0	0
XM_011519377.3	3372	3144.29	0	0
XM_011519378.3	4615	4387.29	24.5563	0.251889
XM_011519383.2	2175	1947.29	0	0
XM_011519384.2	2195	1967.29	0	0
XM_011519385.2	1966	1738.29	0	0
XM_011519386.3	1916	1688.29	0	0
XM_011519387.3	2022	1794.29	0	0
XM_011519390.3	2604	2376.29	0	0
XM_011519391.3	2771	2543.29	0	0
XM_011519392.3	2732	2504.29	0	0
XM_011519393.4	2690	2462.29	0	0
XM_011519395.3	2881	2653.29	0	0
XM_011519396.3	2972	2744.29	0	0
XM_011519398.3	2221	1993.29	0	0
XM_011519399.3	2218	1990.29	0	0
XM_011519400.3	4073	3845.29	3.82781	0.0447984
XM_011519402.3	4374	4146.29	0.00156415	1.6977e-05
XM_011519403.3	4371	4143.29	0.148371	0.00161156
XM_011519404.4	6230	6002.29	4.38569	0.0328824
XM_011519407.2	6227	5999.29	99.4816	0.746251
XM_011519411.3	2417	2189.29	0	0
XM_011519412.2	1598	1370.29	12.9266	0.424534
XM_011519416.3	7036	6808.29	20.568	0.135956
XM_011519426.3	732	504.753	41.0077	3.6562
XM_011519429.4	9039	8811.29	6.79254	0.0346924
XM_011519431.3	8871	8643.29	0	0
XM_011519432.3	13321	13093.3	16.1367	0.0554636
XM_011519433.4	6012	5784.29	0	0
XM_011519437.4	1366	1138.29	0	0
XM_011519438.3	3637	3409.29	13.7533	0.181545
XM_011519440.2	1398	1170.29	0	0
XM_011519441.2	1587	1359.29	0	0
XM_011519442.3	2061	1833.29	0	0
XM_011519443.2	3186	2958.29	0	0
XM_011519445.3	778	550.487	0	0
XM_011519446.2	895	667.361	2.66731	0.179868
XM_011519449.4	2776	2548.29	13.4121	0.236858
XM_011519453.3	7529	7301.29	0	0
XM_011519454.2	6748	6520.29	0	0
XM_011519455.3	7355	7127.29	0	0
XM_011519461.3	1653	1425.29	0	0
XM_011519462.3	1305	1077.29	0	0
XM_011519463.3	1554	1326.29	0	0
XM_011519464.3	1500	1272.29	0	0
XM_011519465.2	2148	1920.29	0	0
XM_011519466.3	2268	2040.29	0	0
XM_011519467.3	1152	924.293	0	0
XM_011519468.2	1555	1327.29	0	0
XM_011519469.2	2049	1821.29	0	0
XM_011519470.3	1053	825.293	0	0
XM_011519471.3	1305	1077.29	0	0
XM_011519472.3	957	729.293	0	0
XM_011519474.3	1206	978.293	0	0
XM_011519475.3	858	630.427	0	0
XM_011519476.3	1353	1125.29	16.8052	0.672079
XM_011519477.3	1473	1245.29	0	0
XM_011519488.3	1417	1189.29	6.92886	0.262189
XM_011519493.2	4203	3975.29	44.7071	0.506115
XM_011519498.3	5822	5594.29	0	0
XM_011519499.2	5929	5701.29	0	0
XM_011519500.3	5681	5453.29	0	0
XM_011519502.1	5362	5134.29	0	0
XM_011519503.2	5480	5252.29	0	0
XM_011519505.2	5372	5144.29	0	0
XM_011519506.3	5488	5260.29	0	0
XM_011519508.2	5034	4806.29	0	0
XM_011519510.2	3709	3481.29	0	0
XM_011519511.3	3751	3523.29	2	0.025546
XM_011519512.2	3628	3400.29	0	0
XM_011519513.3	3980	3752.29	0	0
XM_011519514.3	2489	2261.29	37.5382	0.747065
XM_011519527.2	3672	3444.29	0	0
XM_011519538.3	5171	4943.29	7.22934	0.065815
XM_011519591.4	7800	7572.29	0	0
XM_011519592.4	8726	8498.29	0	0
XM_011519593.4	8774	8546.29	0	0
XM_011519595.4	7656	7428.29	0	0
XM_011519599.2	3034	2806.29	1.72982e-07	2.77402e-09
XM_011519602.3	7483	7255.29	0	0
XM_011519603.4	7420	7192.29	0	0
XM_011519604.3	7222	6994.29	0	0
XM_011519605.3	7453	7225.29	57.3293	0.357078
XM_011519606.3	8889	8661.29	0	0
XM_011519607.3	7377	7149.29	0	0
XM_011519614.4	1602	1374.29	10.9245	0.357739
XM_011519620.4	8296	8068.29	161.54	0.901032
XM_011519621.3	1429	1201.29	19.0962	0.715385
XM_011519650.3	6204	5976.29	0	0
XM_011519651.3	6169	5941.29	0	0
XM_011519654.3	5831	5603.29	0	0
XM_011519656.3	8224	7996.29	0	0
XM_011519657.3	8048	7820.29	8.79782e-05	5.06284e-07
XM_011519658.4	7750	7522.29	4.30152e-06	2.57344e-08
XM_011519659.3	5800	5572.29	0	0
XM_011519662.3	3640	3412.29	54.1654	0.714362
XM_011519664.1	4460	4232.29	0	0
XM_011519666.1	4742	4514.29	0	0
XM_011519667.1	4742	4514.29	0	0
XM_011519668.1	4736	4508.29	0	0
XM_011519669.1	4724	4496.29	0	0
XM_011519670.1	4718	4490.29	0	0
XM_011519671.1	4718	4490.29	0	0
XM_011519672.1	4715	4487.29	0	0
XM_011519673.1	4712	4484.29	0	0
XM_011519674.1	4634	4406.29	0	0
XM_011519675.1	4616	4388.29	0	0
XM_011519676.1	4604	4376.29	0	0
XM_011519677.1	4604	4376.29	0	0
XM_011519678.1	4601	4373.29	0	0
XM_011519679.1	4295	4067.29	0	0
XM_011519680.3	3967	3739.29	0	0
XM_011519683.2	3635	3407.29	0	0
XM_011519684.4	3625	3397.29	0	0
XM_011519686.3	7338	7110.29	12.231	0.0774134
XM_011519687.1	2750	2522.29	0	0
XM_011519688.3	2466	2238.29	0	0
XM_011519689.1	1432	1204.29	0	0
XM_011519690.3	2514	2286.29	3.66437	0.072129
XM_011519691.3	5550	5322.29	132.742	1.12241
XM_011519694.2	2428	2200.29	9.93171	0.203136
XM_011519695.4	4216	3988.29	102.087	1.15193
XM_011519708.3	8890	8662.29	0	0
XM_011519709.3	7953	7725.29	0	0
XM_011519710.3	7932	7704.29	0	0
XM_011519711.4	7911	7683.29	79.5378	0.465874
XM_011519713.4	6791	6563.29	0	0
XM_011519714.4	3175	2947.29	0	0
XM_011519715.3	1522	1294.29	7.70212	0.267806
XM_011519741.2	4872	4644.29	139.695	1.35364
XM_011519743.1	4387	4159.29	0	0
XM_011519744.1	4269	4041.29	0	0
XM_011519745.2	4428	4200.29	7.21956	0.0773523
XM_011519747.2	4289	4061.29	441.484	4.89207
XM_011519750.3	5141	4913.29	11.8723	0.108744
XM_011519751.3	3177	2949.29	0	0
XM_011519752.3	2783	2555.29	11.84	0.208522
XM_011519755.4	2586	2358.29	42.8715	0.818113
XM_011519756.3	2502	2274.29	0	0
XM_011519757.4	6440	6212.29	0	0
XM_011519758.3	3830	3602.29	0	0
XM_011519761.3	4883	4655.29	62.1062	0.600385
XM_011519762.3	5012	4784.29	0	0
XM_011519763.3	4426	4198.29	21.2791	0.228099
XM_011519770.3	1706	1478.29	0	0
XM_011519802.3	949	721.293	0	0
XM_011519803.3	286	108.57	0	0
XM_011519805.3	1823	1595.29	0	0
XM_011519806.2	1592	1364.29	0	0
XM_011519807.2	1505	1277.29	0	0
XM_011519808.3	1287	1059.29	10.7741	0.457728
XM_011519815.4	1580	1352.29	0	0
XM_011519818.4	1305	1077.29	0	0
XM_011519819.2	1542	1314.29	1	0.0342413
XM_011519822.2	1198	970.293	0	0
XM_011519830.4	1644	1416.29	0	0
XM_011519832.4	2385	2157.29	0	0
XM_011519834.3	1604	1376.29	0	0
XM_011519836.3	2715	2487.29	0	0
XM_011519842.4	2261	2033.29	0	0
XM_011519857.2	7948	7720.29	0	0
XM_011519862.2	4980	4752.29	3.61225	0.0342071
XM_011519863.2	4849	4621.29	2.04691e-07	1.99332e-09
XM_011519864.2	4827	4599.29	1.59031	0.0155608
XM_011519865.2	4869	4641.29	0.03076	0.000298256
XM_011519867.2	4692	4464.29	0	0
XM_011519868.4	4670	4442.29	11.9638	0.1212
XM_011519873.4	6758	6530.29	37.7665	0.260266
XM_011519875.3	2988	2760.29	0	0
XM_011519876.2	2839	2611.29	0	0
XM_011519877.3	2725	2497.29	0	0
XM_011519879.4	1435	1207.29	0	0
XM_011519885.4	953	725.293	6.90176	0.428241
XM_011519886.2	2597	2369.29	0	0
XM_011519888.2	2467	2239.29	0	0
XM_011519889.2	2504	2276.29	0	0
XM_011519890.2	2422	2194.29	0	0
XM_011519891.2	2356	2128.29	0	0
XM_011519892.3	2650	2422.29	0	0
XM_011519893.2	2226	1998.29	0	0
XM_011519900.3	1987	1759.29	0	0
XM_011519901.3	4153	3925.29	0	0
XM_011519902.3	1698	1470.29	0	0
XM_011519904.3	15299	15071.3	6.64647	0.0198465
XM_011519906.3	4280	4052.29	0	0
XM_011519907.3	2875	2647.29	0	0
XM_011519920.3	5765	5537.29	1	0.00812727
XM_011519921.3	2319	2091.29	0	0
XM_011519922.3	1932	1704.29	0	0
XM_011519923.3	2016	1788.29	0	0
XM_011519924.3	1873	1645.29	0.000295263	8.07622e-06
XM_011519925.2	1860	1632.29	15.6129	0.430455
XM_011519929.2	4444	4216.29	0	0
XM_011519930.4	2203	1975.29	837.737	19.0861
XM_011519932.3	7457	7229.29	0	0
XM_011519933.3	4539	4311.29	6.42795e-08	6.70976e-10
XM_011519940.4	4029	3801.29	0	0
XM_011519941.3	3972	3744.29	10.1697	0.12223
XM_011519942.2	854	626.427	6.93994	0.498572
XM_011519943.3	968	740.293	17.344	1.05436
XM_011519945.3	791	563.487	13.0986	1.04612
XM_011519946.3	836	608.427	0	0
XM_011519947.3	773	545.487	16.7663	1.38324
XM_011519949.3	6649	6421.29	0	0
XM_011519950.2	10026	9798.29	0	0
XM_011519956.3	4456	4228.29	77.3705	0.82348
XM_011519957.3	4285	4057.29	9.4323	0.104622
XM_011519958.4	1893	1665.29	2	0.0540482
XM_011519959.3	2857	2629.29	0	0
XM_011519960.4	2830	2602.29	0	0
XM_011519961.3	2789	2561.29	0	0
XM_011519965.3	3408	3180.29	0	0
XM_011519967.3	3288	3060.29	0	0
XM_011519971.4	2344	2116.29	0	0
XM_011519972.4	4447	4219.29	8.24679	0.0879605
XM_011519975.2	1082	854.293	0	0
XM_011519980.2	1648	1420.29	23.6205	0.748434
XM_011519981.3	3303	3075.29	298.459	4.36758
XM_011519990.3	1971	1743.29	0	0
XM_011519991.3	1959	1731.29	0	0
XM_011519992.2	2190	1962.29	0	0
XM_011519996.2	2142	1914.29	0	0
XM_011519998.3	2229	2001.29	0	0
XM_011519999.2	2104	1876.29	18.8775	0.452779
XM_011520002.2	1776	1548.29	0.523727	0.0152228
XM_011520004.3	2096	1868.29	0	0
XM_011520011.2	2600	2372.29	0	0
XM_011520019.2	2409	2181.29	0	0
XM_011520025.2	2051	1823.29	0	0
XM_011520027.2	2275	2047.29	0	0
XM_011520028.4	2281	2053.29	0	0
XM_011520029.3	2277	2049.29	0	0
XM_011520044.2	5393	5165.29	0	0
XM_011520064.3	4560	4332.29	7.09094	0.0736595
XM_011520065.2	1814	1586.29	50.3638	1.42882
XM_011520066.4	1920	1692.29	0	0
XM_011520067.3	1984	1756.29	0	0
XM_011520069.4	2210	1982.29	2.81481	0.0639033
XM_011520070.4	1992	1764.29	0	0
XM_011520071.4	4234	4006.29	19.4605	0.218602
XM_011520074.4	6797	6569.29	12.4453	0.0852566
XM_011520075.4	6632	6404.29	32.4894	0.228303
XM_011520085.2	3770	3542.29	3.31955	0.0421732
XM_011520086.2	2972	2744.29	0	0
XM_011520098.3	1928	1700.29	0	0
XM_011520099.3	846	618.427	0	0
XM_011520100.2	1394	1166.29	0	0
XM_011520103.3	7297	7069.29	115.615	0.736004
XM_011520104.3	7706	7478.29	7.58326	0.0456347
XM_011520105.4	2905	2677.29	0	0
XM_011520107.4	2890	2662.29	0	0
XM_011520109.2	2621	2393.29	1.58123	0.0297331
XM_011520114.4	1467	1239.29	0	0
XM_011520141.3	3369	3141.29	13.4916	0.193284
XM_011520142.3	3348	3120.29	0	0
XM_011520145.3	1920	1692.29	0	0
XM_011520154.4	1341	1113.29	17.1913	0.694932
XM_011520156.2	2168	1940.29	122.609	2.8438
XM_011520157.3	7360	7132.29	0	0
XM_011520158.3	7472	7244.29	0	0
XM_011520174.3	7096	6868.29	6.62555e-08	4.34126e-10
XM_011520175.3	7093	6865.29	0	0
XM_011520179.4	7310	7082.29	0.0305614	0.000194197
XM_011520184.3	1209	981.293	137.034	6.28452
XM_011520185.4	940	712.293	8.37492	0.529132
XM_011520188.3	3026	2798.29	0	0
XM_011520189.3	2933	2705.29	0	0
XM_011520190.3	2692	2464.29	0	0
XM_011520194.3	1792	1564.29	11.1285	0.320154
XM_011520195.2	2334	2106.29	0	0
XM_011520196.2	12304	12076.3	193.618	0.721531
XM_011520202.3	2676	2448.29	29.1988	0.536716
XM_011520203.4	1404	1176.29	74.3421	2.84421
XM_011520204.3	2648	2420.29	0	0
XM_011520205.3	2840	2612.29	0	0
XM_011520206.3	2655	2427.29	0.0115781	0.000214663
XM_011520207.3	3072	2844.29	58.5446	0.926307
XM_011520209.4	3435	3207.29	28.0097	0.393018
XM_011520210.4	3938	3710.29	80.2166	0.972967
XM_011520212.3	2782	2554.29	7.33129e-06	1.29167e-07
XM_011520213.3	2295	2067.29	0	0
XM_011520218.3	4950	4722.29	24.6807	0.235205
XM_011520219.3	1344	1116.29	0	0
XM_011520222.3	10622	10394.3	7.20395	0.0311902
XM_011520224.4	10617	10389.3	13.9333	0.0603548
XM_011520225.3	10724	10496.3	1.10452e-05	4.73565e-08
XM_011520226.3	10032	9804.29	0	0
XM_011520228.4	9995	9767.29	6.29292	0.0289948
XM_011520235.4	1391	1163.29	111.461	4.31199
XM_011520236.4	5533	5305.29	0	0
XM_011520237.4	5419	5191.29	0	0
XM_011520238.4	3023	2795.29	0	0
XM_011520239.4	3089	2861.29	0	0
XM_011520240.4	2943	2715.29	0	0
XM_011520241.4	3207	2979.29	0	0
XM_011520242.4	3193	2965.29	0	0
XM_011520243.4	2970	2742.29	0	0
XM_011520244.4	2890	2662.29	0	0
XM_011520246.3	4529	4301.29	0	0
XM_011520247.3	4523	4295.29	0	0
XM_011520248.3	2258	2030.29	0	0
XM_011520252.1	1707	1479.29	0	0
XM_011520255.2	1957	1729.29	116.818	3.04008
XM_011520259.4	1699	1471.29	1382.78	42.2957
XM_011520260.3	1889	1661.29	74.0584	2.00618
XM_011520261.3	1919	1691.29	0	0
XM_011520263.2	1631	1403.29	128.184	4.11082
XM_011520273.2	3317	3089.29	0	0
XM_011520282.4	4550	4322.29	0	0
XM_011520285.2	11520	11292.3	0.000298578	1.18992e-06
XM_011520290.3	2759	2531.29	0	0
XM_011520297.3	2329	2101.29	0	0
XM_011520299.3	3686	3458.29	0	0
XM_011520300.3	3593	3365.29	0	0
XM_011520301.4	1881	1653.29	10.1005	0.274938
XM_011520302.4	3106	2878.29	0	0
XM_011520304.3	2298	2070.29	43.4187	0.943816
XM_011520335.3	1839	1611.29	7.08086e-05	1.97767e-06
XM_011520337.3	1317	1089.29	42.4859	1.75526
XM_011520338.2	1340	1112.29	15.612	0.631657
XM_011520339.3	1205	977.293	454.851	20.9453
XM_011520340.3	1409	1181.29	0	0
XM_011520341.3	1345	1117.29	43.0094	1.73236
XM_011520343.3	1296	1068.29	0	0
XM_011520344.3	7296	7068.29	0	0
XM_011520349.3	3764	3536.29	21.5351	0.274057
XM_011520357.4	4663	4435.29	0	0
XM_011520367.2	3391	3163.29	4.13811	0.0588715
XM_011520370.3	2766	2538.29	12.2761	0.21765
XM_011520384.3	3654	3426.29	0	0
XM_011520385.4	1712	1484.29	0	0
XM_011520386.3	1595	1367.29	27.6842	0.911199
XM_011520387.3	1577	1349.29	0	0
XM_011520390.2	2321	2093.29	70.7423	1.52087
XM_011520395.4	4245	4017.29	0	0
XM_011520396.4	5964	5736.29	45.6428	0.358082
XM_011520397.3	7852	7624.29	1.55042	0.00915149
XM_011520398.4	3515	3287.29	22.8812	0.313244
XM_011520400.3	5275	5047.29	238.462	2.12619
XM_011520402.2	2186	1958.29	0	0
XM_011520406.3	2824	2596.29	0	0
XM_011520407.1	1887	1659.29	0	0
XM_011520413.3	4442	4214.29	0	0
XM_011520414.3	4248	4020.29	3.86093	0.0432192
XM_011520415.4	3555	3327.29	0	0
XM_011520416.4	4236	4008.29	0	0
XM_011520417.3	4932	4704.29	0	0
XM_011520418.3	3940	3712.29	0	0
XM_011520426.4	2008	1780.29	4.77447	0.120691
XM_011520444.4	11660	11432.3	0	0
XM_011520445.4	11603	11375.3	0	0
XM_011520446.4	11561	11333.3	0	0
XM_011520447.4	11558	11330.3	0	0
XM_011520448.4	11540	11312.3	0	0
XM_011520449.4	11495	11267.3	0	0
XM_011520450.4	11459	11231.3	0	0
XM_011520455.2	1379	1151.29	0	0
XM_011520456.3	1245	1017.29	0	0
XM_011520459.4	4566	4338.29	25.0179	0.259522
XM_011520461.3	4199	3971.29	0	0
XM_011520462.3	4151	3923.29	0	0
XM_011520466.2	2332	2104.29	7.79581	0.166724
XM_011520467.2	2515	2287.29	0	0
XM_011520469.1	2222	1994.29	2.27569e-08	5.13531e-10
XM_011520470.2	2222	1994.29	56.0748	1.26538
XM_011520476.3	3441	3213.29	0	0
XM_011520477.2	3512	3284.29	0	0
XM_011520478.2	3421	3193.29	35.3213	0.497784
XM_011520482.3	5230	5002.29	0	0
XM_011520483.3	5179	4951.29	0	0
XM_011520484.3	5176	4948.29	0	0
XM_011520485.3	5173	4945.29	0	0
XM_011520486.3	4816	4588.29	64.5531	0.633152
XM_011520487.4	1681	1453.29	0	0
XM_011520488.3	4480	4252.29	98.2819	1.04014
XM_011520489.4	1549	1321.29	0	0
XM_011520504.1	10731	10503.3	0	0
XM_011520507.4	10628	10400.3	0	0
XM_011520508.3	10738	10510.3	9.41043	0.0402937
XM_011520509.2	10620	10392.3	0	0
XM_011520510.2	10611	10383.3	0	0
XM_011520512.1	9952	9724.29	0	0
XM_011520513.1	9950	9722.29	0	0
XM_011520514.3	11934	11706.3	0	0
XM_011520515.1	10119	9891.29	1.23032e-08	5.59768e-11
XM_011520516.1	10119	9891.29	1.23032e-08	5.59768e-11
XM_011520517.3	10763	10535.3	0	0
XM_011520519.1	9977	9749.29	3.86584	0.0178448
XM_011520522.3	10477	10249.3	0	0
XM_011520524.2	3843	3615.29	0	0
XM_011520525.2	3759	3531.29	0	0
XM_011520526.3	9002	8774.29	0	0
XM_011520527.2	8267	8039.29	0	0
XM_011520542.3	2708	2480.29	3	0.0544328
XM_011520543.4	4475	4247.29	13.6154	0.144265
XM_011520545.4	8724	8496.29	31.2205	0.165369
XM_011520551.3	6064	5836.29	14.3358	0.110542
XM_011520553.3	1284	1056.29	8.24623	0.351328
XM_011520558.3	7299	7071.29	0	0
XM_011520559.4	7139	6911.29	0	0
XM_011520560.2	1190	962.293	58.5309	2.73728
XM_011520566.3	5166	4938.29	0	0
XM_011520567.3	4885	4657.29	0	0
XM_011520568.3	2401	2173.29	0	0
XM_011520569.3	1615	1387.29	0	0
XM_011520570.1	1470	1242.29	0	0
XM_011520571.3	1318	1090.29	0	0
XM_011520573.3	957	729.293	0	0
XM_011520575.2	2497	2269.29	0	0
XM_011520576.3	3597	3369.29	0	0
XM_011520577.3	2101	1873.29	0	0
XM_011520578.3	1745	1517.29	0	0
XM_011520579.3	2155	1927.29	0	0
XM_011520582.2	2275	2047.29	0	0
XM_011520583.2	2144	1916.29	0	0
XM_011520584.3	1427	1199.29	0	0
XM_011520587.3	1082	854.293	0	0
XM_011520588.2	1001	773.293	0	0
XM_011520590.3	8800	8572.29	0	0
XM_011520592.4	4165	3937.29	0	0
XM_011520595.4	3945	3717.29	0	0
XM_011520597.4	2039	1811.29	0	0
XM_011520599.3	5417	5189.29	0	0
XM_011520600.3	5291	5063.29	0.00666563	5.92448e-05
XM_011520603.3	5441	5213.29	68.0535	0.587463
XM_011520612.3	5495	5267.29	1.18494e-06	1.0124e-08
XM_011520614.4	2008	1780.29	0.000375873	9.5015e-06
XM_011520616.2	4487	4259.29	0	0
XM_011520617.3	4592	4364.29	3	0.030935
XM_011520618.4	3907	3679.29	0	0
XM_011520619.2	4103	3875.29	0	0
XM_011520620.2	4057	3829.29	0	0
XM_011520621.4	2594	2366.29	0	0
XM_011520623.4	3101	2873.29	17.2888	0.270787
XM_011520624.3	4795	4567.29	5.04173	0.0496779
XM_011520631.3	3716	3488.29	3	0.0387035
XM_011520632.3	1894	1666.29	0	0
XM_011520636.3	686	459.134	0	0
XM_011520638.3	4014	3786.29	0	0
XM_011520640.3	4995	4767.29	8.11857	0.076639
XM_011520641.3	2573	2345.29	0	0
XM_011520642.3	2126	1898.29	0	0
XM_011520644.4	3735	3507.29	0	0
XM_011520651.4	1080	852.293	0.31717	0.0167473
XM_011520654.3	748	520.701	0	0
XM_011520657.3	6395	6167.29	0	0
XM_011520658.3	1276	1048.29	0	0
XM_011520679.3	1063	835.293	0	0
XM_011520684.3	2547	2319.29	8.99577	0.174552
XM_011520685.3	1244	1016.29	0	0
XM_011520687.3	2766	2538.29	0	0
XM_011520697.3	5490	5262.29	0	0
XM_011520701.3	5960	5732.29	0	0
XM_011520715.2	4662	4434.29	0	0
XM_011520719.2	2538	2310.29	0	0
XM_011520722.2	6643	6415.29	0.0978438	0.000686371
XM_011520723.2	3048	2820.29	1	0.0159569
XM_011520726.2	1913	1685.29	0	0
XM_011520727.2	1738	1510.29	0	0
XM_011520735.2	2369	2141.29	21.5776	0.453492
XM_011520736.2	2836	2608.29	6.91975	0.119392
XM_011520737.2	2851	2623.29	5.07948	0.0871395
XM_011520738.3	3221	2993.29	0	0
XM_011520747.3	14024	13796.3	0	0
XM_011520748.4	14814	14586.3	111.901	0.345247
XM_011520750.3	2531	2303.29	0	0
XM_011520751.4	2481	2253.29	0	0
XM_011520752.4	2427	2199.29	0	0
XM_011520753.3	1692	1464.29	59.2896	1.82219
XM_011520756.4	3969	3741.29	9.49225	0.11418
XM_011520760.3	5615	5387.29	152.181	1.27126
XM_011520761.3	5726	5498.29	5.58538	0.0457159
XM_011520762.2	3522	3294.29	1.63737	0.022368
XM_011520768.3	6842	6614.29	0	0
XM_011520769.3	6833	6605.29	0.238502	0.00162496
XM_011520793.3	3512	3284.29	0	0
XM_011520795.2	3748	3520.29	0	0
XM_011520803.3	3030	2802.29	9.08659	0.145925
XM_011520806.2	3280	3052.29	0	0
XM_011520807.3	2628	2400.29	0	0
XM_011520813.3	3652	3424.29	50.8326	0.668057
XM_011520814.4	9429	9201.29	0	0
XM_011520819.2	7251	7023.29	0	0
XM_011520832.3	7605	7377.29	0	0
XM_011520833.3	7031	6803.29	0	0
XM_011520835.3	7387	7159.29	0	0
XM_011520837.3	7114	6886.29	0	0
XM_011520853.4	4316	4088.29	11.6273	0.127991
XM_011520854.3	4464	4236.29	0	0
XM_011520855.2	4199	3971.29	0	0
XM_011520856.2	6154	5926.29	135.821	1.0314
XM_011520858.2	2712	2484.29	0	0
XM_011520860.2	2836	2608.29	0	0
XM_011520861.3	2571	2343.29	0	0
XM_011520862.2	2764	2536.29	0	0
XM_011520863.3	2695	2467.29	0	0
XM_011520871.4	1223	995.293	197.245	8.91863
XM_011520912.4	4461	4233.29	10.2528	0.108995
XM_011520917.3	4052	3824.29	0	0
XM_011520919.3	3802	3574.29	0	0
XM_011520922.1	3286	3058.29	11.809	0.173771
XM_011520926.4	1341	1113.29	0	0
XM_011520932.2	3589	3361.29	0.000808159	1.08201e-05
XM_011520947.4	3491	3263.29	384.525	5.30287
XM_011520948.4	3488	3260.29	35.6812	0.492522
XM_011520949.4	3482	3254.29	88.7761	1.22767
XM_011520953.4	2646	2418.29	42.4665	0.790278
XM_011520958.3	7070	6842.29	12.7529	0.0838784
XM_011520960.2	3399	3171.29	0	0
XM_011520961.2	6137	5909.29	0.632768	0.00481894
XM_011520963.3	1170	942.293	0	0
XM_011520964.3	1587	1359.29	0	0
XM_011520965.4	1679	1451.29	10.1423	0.314503
XM_011520967.3	2853	2625.29	0	0
XM_011520988.2	2150	1922.29	1.52632	0.035733
XM_011520990.3	3099	2871.29	0	0
XM_011520991.3	3019	2791.29	15.2456	0.245799
XM_011520995.4	2658	2430.29	49.0258	0.907838
XM_011520997.4	12035	11807.3	39.3879	0.150126
XM_011520998.3	12032	11804.3	8.87705e-08	3.38432e-10
XM_011520999.3	12032	11804.3	4.96878	0.0189431
XM_011521000.3	11840	11612.3	0.469568	0.00181979
XM_011521001.3	11756	11528.3	24.6919	0.0963898
XM_011521002.3	11573	11345.3	2.12592e-07	8.43283e-10
XM_011521003.3	11297	11069.3	27.0726	0.110066
XM_011521006.3	10712	10484.3	20.1148	0.0863414
XM_011521007.3	10709	10481.3	0.278169	0.00119436
XM_011521008.3	9974	9746.29	1810.61	8.36042
XM_011521009.3	9971	9743.29	671.918	3.10351
XM_011521010.2	3387	3159.29	0	0
XM_011521015.2	3874	3646.29	0	0
XM_011521020.3	13616	13388.3	0	0
XM_011521023.4	13819	13591.3	294.972	0.976702
XM_011521024.2	4090	3862.29	50.0414	0.583078
XM_011521034.4	2438	2210.29	21.9155	0.446214
XM_011521036.4	9109	8881.29	2.5979	0.013164
XM_011521037.3	1643	1415.29	0	0
XM_011521038.3	1640	1412.29	8.6059	0.274229
XM_011521041.3	3615	3387.29	0.0302057	0.000401308
XM_011521042.4	1476	1248.29	5.59365	0.201661
XM_011521049.3	4839	4611.29	0	0
XM_011521054.4	2192	1964.29	0	0
XM_011521055.4	5451	5223.29	0	0
XM_011521056.4	5378	5150.29	0	0
XM_011521057.4	5336	5108.29	0	0
XM_011521058.3	3385	3157.29	0	0
XM_011521059.3	3063	2835.29	0	0
XM_011521060.3	3305	3077.29	0	0
XM_011521062.2	6993	6765.29	0	0
XM_011521065.3	1801	1573.29	46.7095	1.3361
XM_011521066.3	1807	1579.29	0	0
XM_011521067.3	6838	6610.29	0	0
XM_011521069.3	6751	6523.29	0	0
XM_011521082.3	2029	1801.29	52.5322	1.31245
XM_011521083.3	2168	1940.29	43.7611	1.01499
XM_011521087.3	6059	5831.29	0	0
XM_011521088.3	6125	5897.29	0	0
XM_011521089.3	6182	5954.29	0	0
XM_011521093.2	2146	1918.29	0	0
XM_011521094.2	5550	5322.29	0	0
XM_011521095.2	5469	5241.29	0.00249795	2.1448e-05
XM_011521096.2	5418	5190.29	0	0
XM_011521097.2	4931	4703.29	0	0
XM_011521099.3	4520	4292.29	140.785	1.47608
XM_011521100.3	3391	3163.29	7.5786	0.107818
XM_011521102.3	3877	3649.29	0	0
XM_011521103.3	3573	3345.29	13.989	0.18819
XM_011521104.3	5677	5449.29	52.5652	0.434111
XM_011521106.2	21350	21122.3	19.9915	0.0425939
XM_011521118.4	1695	1467.29	0	0
XM_011521122.4	4169	3941.29	0.210968	0.00240891
XM_011521128.4	5253	5025.29	21.2462	0.190266
XM_011521129.4	7993	7765.29	25.3463	0.146892
XM_011521133.3	3001	2773.29	0	0
XM_011521136.3	1165	937.293	5.21997	0.250631
XM_011521148.3	5445	5217.29	0	0
XM_011521149.4	2118	1890.29	0	0
XM_011521156.4	4610	4382.29	35.845	0.368103
XM_011521158.4	3946	3718.29	2.54292	0.0307774
XM_011521161.2	971	743.293	3.98967	0.241556
XM_011521162.4	9162	8934.29	26.5451	0.133711
XM_011521164.4	4653	4425.29	15.6459	0.159111
XM_011521166.3	3611	3383.29	31.3628	0.417175
XM_011521167.4	4179	3951.29	158.467	1.80486
XM_011521176.4	6498	6270.29	0	0
XM_011521177.3	6123	5895.29	0	0
XM_011521178.4	6039	5811.29	0	0
XM_011521186.3	3959	3731.29	0	0
XM_011521187.3	3865	3637.29	1.61805	0.0200197
XM_011521190.3	2800	2572.29	0	0
XM_011521191.3	2447	2219.29	0	0
XM_011521192.3	2397	2169.29	0	0
XM_011521194.2	2069	1841.29	0	0
XM_011521195.3	2006	1778.29	0	0
XM_011521196.2	1931	1703.29	0	0
XM_011521217.3	4136	3908.29	0	0
XM_011521218.3	6067	5839.29	0	0
XM_011521220.3	2860	2632.29	50.5556	0.864326
XM_011521221.4	6821	6593.29	0	0
XM_011521227.4	6163	5935.29	0	0
XM_011521228.4	3301	3073.29	0	0
XM_011521230.4	2287	2059.29	0	0
XM_011521232.4	4892	4664.29	93.3452	0.900635
XM_011521235.4	6304	6076.29	1.09789	0.00813134
XM_011521238.2	4497	4269.29	0	0
XM_011521239.2	3625	3397.29	1.0002	0.0132494
XM_011521240.3	513	291.914	0	0
XM_011521241.2	2484	2256.29	0	0
XM_011521242.4	1733	1505.29	1.79624	0.0537013
XM_011521243.4	2083	1855.29	0	0
XM_011521245.4	2629	2401.29	4.21879	0.0790651
XM_011521247.3	3639	3411.29	0	0
XM_011521248.3	3534	3306.29	0	0
XM_011521249.3	3627	3399.29	6.47537	0.0857271
XM_011521250.3	3499	3271.29	0	0
XM_011521261.2	1977	1749.29	0	0
XM_011521262.3	1789	1561.29	0	0
XM_011521270.3	4684	4456.29	17.6319	0.178061
XM_011521271.3	4681	4453.29	0.00113144	1.14339e-05
XM_011521274.3	3734	3506.29	64.4443	0.82714
XM_011521281.4	1498	1270.29	5.77795	0.204697
XM_011521282.3	1175	947.293	0	0
XM_011521283.3	1169	941.293	1.22205	0.0584259
XM_011521284.4	1190	962.293	0	0
XM_011521291.3	4144	3916.29	19.9031	0.228711
XM_011521298.3	3167	2939.29	0.999768	0.0153073
XM_011521300.3	2743	2515.29	0	0
XM_011521301.3	2981	2753.29	0	0
XM_011521302.3	2558	2330.29	0	0
XM_011521305.4	4832	4604.29	1.803	0.0176228
XM_011521306.3	3102	2874.29	0	0
XM_011521309.4	1762	1534.29	0	0
XM_011521311.4	3376	3148.29	2.31805	0.0331352
XM_011521312.3	6479	6251.29	0	0
XM_011521320.2	2946	2718.29	5.94397	0.0984063
XM_011521321.3	1687	1459.29	0	0
XM_011521322.2	2910	2682.29	0	0
XM_011521324.2	1587	1359.29	0	0
XM_011521325.4	13702	13474.3	18.5832	0.0620666
XM_011521336.3	2674	2446.29	0	0
XM_011521337.3	2819	2591.29	0	0
XM_011521338.4	2312	2084.29	0	0
XM_011521339.4	2193	1965.29	0	0
XM_011521341.2	1978	1750.29	0	0
XM_011521342.3	1809	1581.29	0	0
XM_011521343.4	2144	1916.29	0	0
XM_011521344.4	1659	1431.29	0	0
XM_011521345.4	2106	1878.29	0	0
XM_011521346.3	2392	2164.29	0	0
XM_011521350.3	2882	2654.29	0	0
XM_011521351.3	2744	2516.29	0	0
XM_011521352.3	2398	2170.29	0	0
XM_011521353.3	2329	2101.29	0	0
XM_011521354.2	1855	1627.29	0	0
XM_011521355.3	4126	3898.29	0	0
XM_011521357.3	4000	3772.29	0	0
XM_011521363.3	9984	9756.29	49.3697	0.227729
XM_011521364.3	4746	4518.29	79.556	0.792394
XM_011521366.3	6657	6429.29	3.25336	0.0227725
XM_011521367.4	6655	6427.29	2.1546	0.0150862
XM_011521368.3	6648	6420.29	3.94001	0.0276175
XM_011521369.4	4708	4480.29	0	0
XM_011521370.3	3555	3327.29	0	0
XM_011521372.3	2016	1788.29	53.5889	1.34858
XM_011521373.4	5530	5302.29	21.4197	0.181799
XM_011521374.4	4442	4214.29	279.481	2.98449
XM_011521375.4	11819	11591.3	16.1931	0.0628697
XM_011521379.4	5456	5228.29	45.8759	0.394882
XM_011521381.3	4550	4322.29	46.3807	0.482909
XM_011521387.3	6015	5787.29	57.88	0.450085
XM_011521390.4	6171	5943.29	9.37059	0.0709549
XM_011521391.3	10650	10422.3	0	0
XM_011521392.2	8168	7940.29	0	0
XM_011521393.4	9409	9181.29	3.33999	0.0163713
XM_011521395.3	7972	7744.29	0	0
XM_011521396.3	6840	6612.29	0	0
XM_011521397.4	11866	11638.3	0	0
XM_011521398.4	11863	11635.3	48.0901	0.186003
XM_011521399.4	7531	7303.29	106.127	0.653958
XM_011521403.3	4935	4707.29	0	0
XM_011521404.3	4902	4674.29	112.922	1.08719
XM_011521407.3	5191	4963.29	0	0
XM_011521423.4	976	748.293	160.63	9.66046
XM_011521424.4	2584	2356.29	12.9719	0.247752
XM_011521426.4	4606	4378.29	78.3476	0.80531
XM_011521428.4	5523	5295.29	0	0
XM_011521436.3	7292	7064.29	0	0
XM_011521443.4	3057	2829.29	0	0
XM_011521444.4	1270	1042.29	90.2367	3.89615
XM_011521449.3	2104	1876.29	19.9461	0.47841
XM_011521454.4	6698	6470.29	0.104068	0.000723827
XM_011521455.3	6474	6246.29	34.2017	0.246416
XM_011521459.3	3563	3335.29	0	0
XM_011521460.3	3541	3313.29	10.2333	0.138995
XM_011521488.4	3699	3471.29	0	0
XM_011521489.3	4131	3903.29	0	0
XM_011521490.3	4100	3872.29	0	0
XM_011521491.2	3640	3412.29	0	0
XM_011521492.3	3905	3677.29	0	0
XM_011521497.3	1326	1098.29	0	0
XM_011521499.3	1132	904.293	0	0
XM_011521501.3	11197	10969.3	11.0247	0.0452305
XM_011521504.4	13362	13134.3	0	0
XM_011521505.3	4645	4417.29	0	0
XM_011521507.3	15732	15504.3	2.43033	0.00705431
XM_011521509.4	11513	11285.3	39.3455	0.156901
XM_011521511.4	11631	11403.3	0	0
XM_011521516.3	47088	46860.3	49.7254	0.0477546
XM_011521517.3	10769	10541.3	11.8972	0.0507919
XM_011521530.4	1397	1169.29	4.87228	0.187521
XM_011521531.3	4624	4396.29	73.5915	0.753327
XM_011521542.4	2208	1980.29	0	0
XM_011521543.4	9561	9333.29	476.937	2.29969
XM_011521547.4	1844	1616.29	0	0
XM_011521555.3	1744	1516.29	0	0
XM_011521557.3	2952	2724.29	0	0
XM_011521561.3	6635	6407.29	1207.89	8.48391
XM_011521572.3	5730	5502.29	1.74203e-08	1.4248e-10
XM_011521573.3	5594	5366.29	0	0
XM_011521577.3	5612	5384.29	0	0
XM_011521579.3	5648	5420.29	0	0
XM_011521582.3	5803	5575.29	124.972	1.00876
XM_011521585.3	5394	5166.29	0	0
XM_011521601.3	4245	4017.29	0	0
XM_011521613.4	12748	12520.3	0.501555	0.0018028
XM_011521614.4	12793	12565.3	0.0660038	0.000236395
XM_011521615.4	12551	12323.3	0	0
XM_011521616.4	12345	12117.3	0.977251	0.00362947
XM_011521617.4	12745	12517.3	3.3552	0.0120629
XM_011521618.4	12694	12466.3	51.5366	0.186046
XM_011521619.4	12691	12463.3	0.399694	0.00144323
XM_011521620.4	12688	12460.3	2.70475	0.00976881
XM_011521621.4	12628	12400.3	0.131075	0.000475695
XM_011521622.4	12532	12304.3	1.16922	0.00427644
XM_011521624.4	5666	5438.29	79.1608	0.655073
XM_011521625.4	5815	5587.29	435.95	3.51138
XM_011521626.2	5594	5366.29	2.52846e-05	2.12043e-07
XM_011521628.3	7239	7011.29	0	0
XM_011521629.3	7206	6978.29	0	0
XM_011521630.3	7191	6963.29	0	0
XM_011521632.3	7137	6909.29	0	0
XM_011521633.4	7080	6852.29	0	0
XM_011521638.4	1906	1678.29	0	0
XM_011521640.3	3185	2957.29	0	0
XM_011521653.4	4933	4705.29	4.94302e-07	4.72768e-09
XM_011521656.4	3176	2948.29	0	0
XM_011521657.3	9691	9463.29	1.94286e-06	9.23936e-09
XM_011521658.2	1393	1165.29	31.0522	1.19922
XM_011521659.4	1496	1268.29	37.2841	1.32296
XM_011521660.4	2454	2226.29	0	0
XM_011521665.3	6430	6202.29	71.6154	0.519632
XM_011521668.3	3671	3443.29	82.5242	1.07857
XM_011521669.4	4666	4438.29	7.93854	0.0804946
XM_011521670.2	2525	2297.29	389.015	7.62066
XM_011521679.3	1158	930.293	0	0
XM_011521681.3	5376	5148.29	23.616	0.206436
XM_011521682.2	4286	4058.29	1.38398	0.0153471
XM_011521684.3	1723	1495.29	19.3986	0.583829
XM_011521685.4	4075	3847.29	8.88139	0.103889
XM_011521686.4	4178	3950.29	114.239	1.30145
XM_011521687.3	9304	9076.29	15.0347	0.0745466
XM_011521688.3	9301	9073.29	8.51804	0.0422491
XM_011521689.3	9202	8974.29	8.2202e-06	4.12216e-08
XM_011521690.3	9148	8920.29	0	0
XM_011521713.4	9326	9098.29	0	0
XM_011521714.3	8132	7904.29	0	0
XM_011521720.3	5478	5250.29	60.3285	0.517108
XM_011521725.3	5039	4811.29	35.3827	0.330957
XM_011521727.3	5230	5002.29	0	0
XM_011521730.3	8982	8754.29	0	0
XM_011521731.3	8937	8709.29	0	0
XM_011521732.4	8999	8771.29	0	0
XM_011521734.3	8811	8583.29	0	0
XM_011521737.4	2878	2650.29	2.90667	0.0493564
XM_011521738.4	5074	4846.29	39.0698	0.362806
XM_011521739.3	1033	805.293	0	0
XM_011521740.2	967	739.293	19.3612	1.17857
XM_011521741.3	856	628.427	0	0
XM_011521742.4	2599	2371.29	0.781363	0.0148289
XM_011521744.4	5322	5094.29	97.0476	0.85732
XM_011521752.4	7188	6960.29	11.3174	0.0731745
XM_011521753.3	7155	6927.29	1.38332	0.00898672
XM_011521755.3	1647	1419.29	50.1931	1.59153
XM_011521756.3	4895	4667.29	859.179	8.2844
XM_011521764.3	4715	4487.29	53.3798	0.535346
XM_011521774.3	2369	2141.29	9.20516	0.193463
XM_011521781.4	6893	6665.29	0	0
XM_011521782.2	5410	5182.29	423.66	3.67907
XM_011521783.4	2100	1872.29	0.286756	0.00689258
XM_011521787.4	10750	10522.3	21.0663	0.0900991
XM_011521788.4	3908	3680.29	24.4171	0.298576
XM_011521794.3	2350	2122.29	0	0
XM_011521795.2	2358	2130.29	0	0
XM_011521796.3	2257	2029.29	0	0
XM_011521802.2	1224	996.293	0	0
XM_011521805.3	2069	1841.29	8.75033	0.213867
XM_011521815.3	3152	2924.29	485.961	7.47864
XM_011521818.3	1763	1535.29	0	0
XM_011521820.1	1232	1004.29	161.116	7.21974
XM_011521822.3	7380	7152.29	0	0
XM_011521823.3	7397	7169.29	0	0
XM_011521824.3	7317	7089.29	0	0
XM_011521825.3	4503	4275.29	2.79412	0.0294118
XM_011521826.3	5578	5350.29	295.168	2.48275
XM_011521828.3	5649	5421.29	169.216	1.40469
XM_011521829.3	4368	4140.29	40.8122	0.44361
XM_011521831.4	15652	15424.3	113.177	0.330213
XM_011521832.3	15649	15421.3	0.00031365	9.15306e-07
XM_011521833.3	15619	15391.3	0	0
XM_011521834.4	15589	15361.3	0.00698204	2.04549e-05
XM_011521835.4	15511	15283.3	0.0153613	4.52329e-05
XM_011521836.3	15917	15689.3	0	0
XM_011521837.4	15465	15237.3	0	0
XM_011521840.4	4696	4468.29	13.7921	0.13891
XM_011521841.2	4441	4213.29	26.9817	0.288197
XM_011521843.3	3427	3199.29	0	0
XM_011521845.4	6656	6428.29	0	0
XM_011521846.4	6366	6138.29	3.38448	0.0248134
XM_011521852.1	3663	3435.29	0	0
XM_011521854.1	3536	3308.29	45.774	0.62267
XM_011521855.4	3550	3322.29	7.42169	0.100533
XM_011521856.3	3326	3098.29	0	0
XM_011521857.3	2272	2044.29	0	0
XM_011521858.3	2279	2051.29	0	0
XM_011521859.3	2416	2188.29	5.07565	0.104383
XM_011521860.3	2332	2104.29	6.82506	0.145963
XM_011521861.3	2150	1922.29	0	0
XM_011521866.4	8428	8200.29	0.00131936	7.24061e-06
XM_011521870.3	1579	1351.29	0	0
XM_011521874.2	10839	10611.3	43.4302	0.18419
XM_011521875.3	10910	10682.3	0	0
XM_011521877.4	11982	11754.3	21.6117	0.0827435
XM_011521879.4	10387	10159.3	143.445	0.635426
XM_011521880.3	15535	15307.3	0	0
XM_011521882.4	2843	2615.29	0	0
XM_011521883.1	2766	2538.29	0	0
XM_011521885.3	1726	1498.29	3.44302	0.103415
XM_011521889.2	1970	1742.29	0	0
XM_011521892.3	4826	4598.29	0	0
XM_011521893.2	5439	5211.29	113.122	0.976888
XM_011521894.1	4449	4221.29	0	0
XM_011521927.3	3802	3574.29	23.4367	0.295086
XM_011521935.2	3810	3582.29	75.1482	0.94406
XM_011521936.2	3526	3298.29	0	0
XM_011521939.2	3564	3336.29	0	0
XM_011521950.3	1618	1390.29	0	0
XM_011521951.4	5501	5273.29	0	0
XM_011521952.4	3486	3258.29	0	0
XM_011521953.4	3285	3057.29	4.83528	0.0711749
XM_011521959.4	6150	5922.29	1.93117	0.0146749
XM_011521960.4	2935	2707.29	4.77493e-05	7.93732e-07
XM_011521961.4	6147	5919.29	1.31793	0.0100199
XM_011521962.4	6078	5850.29	56.0918	0.431483
XM_011521963.4	6075	5847.29	10.7593	0.0828076
XM_011521966.3	5271	5043.29	0.589204	0.00525768
XM_011521969.2	5336	5108.29	240.002	2.11438
XM_011521971.3	7615	7387.29	349.183	2.12721
XM_011521972.3	7985	7757.29	0	0
XM_011521976.4	5775	5547.29	0	0
XM_011521977.4	5772	5544.29	49.4418	0.40132
XM_011521978.4	5760	5532.29	3.16489e-07	2.57452e-09
XM_011521979.4	4584	4356.29	164.72	1.70166
XM_011521980.4	5742	5514.29	0	0
XM_011521981.3	3497	3269.29	277.837	3.82454
XM_011521982.4	5523	5295.29	0	0
XM_011521983.4	5508	5280.29	6.97335e-06	5.94327e-08
XM_011521988.4	5120	4892.29	0	0
XM_011521989.4	1530	1302.29	1.92859	0.0666459
XM_011521995.4	8662	8434.29	0	0
XM_011522009.3	7137	6909.29	2.71844	0.0177063
XM_011522022.2	4189	3961.29	0	0
XM_011522023.2	4135	3907.29	0	0
XM_011522024.2	4039	3811.29	0	0
XM_011522027.2	3943	3715.29	0	0
XM_011522028.2	3889	3661.29	0	0
XM_011522029.3	4176	3948.29	0	0
XM_011522030.3	2718	2490.29	29.8816	0.540003
XM_011522031.3	3834	3606.29	0	0
XM_011522034.3	12293	12065.3	0	0
XM_011522035.3	12444	12216.3	0	0
XM_011522036.3	12348	12120.3	65.7004	0.243948
XM_011522037.3	12389	12161.3	59.3296	0.21955
XM_011522038.3	12240	12012.3	1.71899e-07	6.44004e-10
XM_011522039.3	12336	12108.3	0	0
XM_011522042.3	8264	8036.29	0.000511415	2.86391e-06
XM_011522043.4	9911	9683.29	75.5375	0.35106
XM_011522044.3	8523	8295.29	0	0
XM_011522046.3	5935	5707.29	0	0
XM_011522047.3	5728	5500.29	0	0
XM_011522048.2	5772	5544.29	0	0
XM_011522049.3	5843	5615.29	0	0
XM_011522052.4	6048	5820.29	0	0
XM_011522053.2	5741	5513.29	0	0
XM_011522056.4	5884	5656.29	0	0
XM_011522058.4	5383	5155.29	0	0
XM_011522059.1	5356	5128.29	0	0
XM_011522060.1	5591	5363.29	0	0
XM_011522061.1	5506	5278.29	0	0
XM_011522062.1	5345	5117.29	0	0
XM_011522063.1	5327	5099.29	0	0
XM_011522069.2	4849	4621.29	0	0
XM_011522070.2	4268	4040.29	18.7185	0.208498
XM_011522083.3	2692	2464.29	46.9172	0.856804
XM_011522084.3	2788	2560.29	0	0
XM_011522085.4	3203	2975.29	0	0
XM_011522086.1	2602	2374.29	6.5	0.123203
XM_011522087.2	2740	2512.29	0	0
XM_011522089.4	1893	1665.29	0	0
XM_011522092.4	3423	3195.29	0	0
XM_011522094.3	1270	1042.29	101.366	4.37667
XM_011522095.3	3902	3674.29	160.736	1.96871
XM_011522104.4	2678	2450.29	51.7795	0.951003
XM_011522105.4	1087	859.293	27.5413	1.4424
XM_011522118.3	2972	2744.29	9.56576	0.156867
XM_011522120.2	7271	7043.29	0.00059232	3.78463e-06
XM_011522121.3	7815	7587.29	0	0
XM_011522124.3	1668	1440.29	0	0
XM_011522126.3	9084	8856.29	0	0
XM_011522127.3	8600	8372.29	0	0
XM_011522153.3	3277	3049.29	0	0
XM_011522155.4	3422	3194.29	7.91993	0.111581
XM_011522160.3	9928	9700.29	0	0
XM_011522163.3	2046	1818.29	0	0
XM_011522165.3	1613	1385.29	0	0
XM_011522166.2	1617	1389.29	0	0
XM_011522167.2	1492	1264.29	0	0
XM_011522168.4	2055	1827.29	0	0
XM_011522169.2	1395	1167.29	0	0
XM_011522178.3	1247	1019.29	0	0
XM_011522181.3	3474	3246.29	0	0
XM_011522183.3	3210	2982.29	0	0
XM_011522186.3	790	562.487	0	0
XM_011522187.3	2523	2295.29	0.000117033	2.29462e-06
XM_011522188.4	2481	2253.29	449.15	8.97048
XM_011522189.3	2412	2184.29	0	0
XM_011522190.4	2352	2124.29	6.6029e-08	1.39882e-09
XM_011522191.4	1921	1693.29	1179.24	31.3409
XM_011522192.3	2202	1974.29	0	0
XM_011522203.3	2466	2238.29	0	0
XM_011522204.4	2667	2439.29	0	0
XM_011522205.4	2551	2323.29	0	0
XM_011522206.4	2350	2122.29	0	0
XM_011522208.4	2261	2033.29	0	0
XM_011522209.3	2388	2160.29	0	0
XM_011522210.3	2254	2026.29	0	0
XM_011522212.2	1940	1712.29	0	0
XM_011522214.3	2099	1871.29	0	0
XM_011522215.3	1968	1740.29	0	0
XM_011522216.2	2206	1978.29	0	0
XM_011522217.2	2272	2044.29	0	0
XM_011522218.3	1541	1313.29	0	0
XM_011522219.2	6261	6033.29	12.2978	0.091731
XM_011522221.4	5652	5424.29	0	0
XM_011522222.4	3681	3453.29	0	0
XM_011522226.4	2458	2230.29	0	0
XM_011522228.3	892	664.361	0	0
XM_011522230.3	1967	1739.29	0	0
XM_011522232.3	4733	4505.29	0	0
XM_011522233.4	1836	1608.29	0	0
XM_011522235.4	1865	1637.29	12.7924	0.351617
XM_011522236.4	1805	1577.29	8.82223	0.251714
XM_011522237.3	1711	1483.29	6.30033	0.191152
XM_011522241.3	4438	4210.29	0	0
XM_011522243.1	4005	3777.29	0	0
XM_011522244.2	4289	4061.29	0	0
XM_011522246.3	8412	8184.29	38.1604	0.209833
XM_011522247.3	8267	8039.29	0.00573248	3.20898e-05
XM_011522249.1	5843	5615.29	0	0
XM_011522250.2	5823	5595.29	0.000864588	6.9539e-06
XM_011522252.2	5838	5610.29	0	0
XM_011522254.2	5749	5521.29	0	0
XM_011522258.2	4992	4764.29	0	0
XM_011522269.4	2483	2255.29	17.5406	0.350013
XM_011522329.4	1379	1151.29	0	0
XM_011522336.4	1747	1519.29	0	0
XM_011522337.1	892	664.361	30.0906	2.03831
XM_011522338.3	1322	1094.29	21.1705	0.870644
XM_011522345.3	2137	1909.29	0	0
XM_011522351.3	1538	1310.29	123.216	4.23196
XM_011522353.3	3853	3625.29	0	0
XM_011522354.2	4113	3885.29	0	0
XM_011522355.3	1044	816.293	29.7491	1.6401
XM_011522356.2	2104	1876.29	0	0
XM_011522357.2	2092	1864.29	0	0
XM_011522358.3	2080	1852.29	0	0
XM_011522359.2	2071	1843.29	0	0
XM_011522360.2	2059	1831.29	0	0
XM_011522361.2	2032	1804.29	0	0
XM_011522362.2	2160	1932.29	0	0
XM_011522363.2	2028	1800.29	0	0
XM_011522364.2	2004	1776.29	0	0
XM_011522365.2	1891	1663.29	0	0
XM_011522366.2	1882	1654.29	0	0
XM_011522367.2	1723	1495.29	0	0
XM_011522368.2	1711	1483.29	0	0
XM_011522369.2	1669	1441.29	0	0
XM_011522370.2	1501	1273.29	0	0
XM_011522372.2	2593	2365.29	0	0
XM_011522373.2	2486	2258.29	329.3	6.56226
XM_011522379.4	1263	1035.29	0	0
XM_011522381.3	10713	10485.3	37.315	0.160157
XM_011522382.4	4752	4524.29	227.556	2.26349
XM_011522391.3	3353	3125.29	10.5542	0.151977
XM_011522392.3	1237	1009.29	0	0
XM_011522402.2	2677	2449.29	2.23303	0.0410294
XM_011522404.3	2390	2162.29	0	0
XM_011522424.4	6902	6674.29	69.3461	0.467583
XM_011522427.2	5739	5511.29	0	0
XM_011522429.3	5710	5482.29	0	0
XM_011522430.3	5692	5464.29	0	0
XM_011522434.3	6683	6455.29	0	0
XM_011522436.4	4010	3782.29	0	0
XM_011522437.4	4007	3779.29	0	0
XM_011522438.4	3224	2996.29	0.00115407	1.73337e-05
XM_011522439.4	3900	3672.29	0.0279447	0.000342455
XM_011522440.4	3897	3669.29	0	0
XM_011522444.3	2861	2633.29	31.4186	0.536946
XM_011522453.3	3513	3285.29	2.11043	0.0289095
XM_011522462.4	5795	5567.29	1120.2	9.0551
XM_011522463.3	4002	3774.29	211.156	2.51773
XM_011522464.3	3598	3370.29	50.0159	0.667855
XM_011522465.3	6112	5884.29	59.7364	0.456864
XM_011522467.3	2662	2434.29	105.146	1.94385
XM_011522470.4	1474	1246.29	0	0
XM_011522484.4	16250	16022.3	0	0
XM_011522485.3	5569	5341.29	0	0
XM_011522486.3	3627	3399.29	0	0
XM_011522490.3	4718	4490.29	0	0
XM_011522491.3	3935	3707.29	1.27287	0.0154514
XM_011522497.2	6359	6131.29	1.04375e-08	7.66105e-11
XM_011522500.3	1165	937.293	0	0
XM_011522501.3	796	568.487	0	0
XM_011522503.3	851	623.427	43.0183	3.10535
XM_011522504.3	859	631.427	3.74004	0.26656
XM_011522507.4	3130	2902.29	17.1089	0.265292
XM_011522514.3	1595	1367.29	20.0451	0.659763
XM_011522515.3	3236	3008.29	76.9364	1.15094
XM_011522521.4	10936	10708.3	0	0
XM_011522523.4	10560	10332.3	0	0
XM_011522528.4	14174	13946.3	61.049	0.196998
XM_011522529.3	14171	13943.3	111.234	0.359018
XM_011522537.2	11098	10870.3	0.00320493	1.32684e-05
XM_011522559.4	614	388.495	9.04491	1.04776
XM_011522561.3	1335	1107.29	30.3111	1.23192
XM_011522568.3	8851	8623.29	0.00375876	1.96161e-05
XM_011522569.3	10817	10589.3	0	0
XM_011522571.3	2160	1932.29	0	0
XM_011522572.2	3095	2867.29	81.2456	1.27518
XM_011522576.3	1363	1135.29	0	0
XM_011522578.3	1198	970.293	0	0
XM_011522580.3	1129	901.293	0	0
XM_011522581.2	1462	1234.29	0	0
XM_011522583.4	1316	1088.29	1.688	0.069802
XM_011522584.3	1081	853.293	12.9889	0.685041
XM_011522585.1	976	748.293	1.30652	0.0785754
XM_011522593.2	1634	1406.29	0	0
XM_011522594.4	1048	820.293	0	0
XM_011522595.3	1254	1026.29	0	0
XM_011522596.1	976	748.293	1.30652	0.0785754
XM_011522605.3	2832	2604.29	0	0
XM_011522608.3	882	654.427	0	0
XM_011522609.2	2851	2623.29	0	0
XM_011522610.2	5310	5082.29	0	0
XM_011522611.2	5160	4932.29	0	0
XM_011522612.2	5100	4872.29	0	0
XM_011522613.2	1251	1023.29	0	0
XM_011522625.3	5077	4849.29	127.61	1.18426
XM_011522628.4	5383	5155.29	0	0
XM_011522629.4	5246	5018.29	66.8597	0.599585
XM_011522631.3	4798	4570.29	0	0
XM_011522633.4	2276	2048.29	17.3552	0.381312
XM_011522635.4	1954	1726.29	0	0
XM_011522636.3	6469	6241.29	39.0027	0.28123
XM_011522637.3	6466	6238.29	15.6779	0.1131
XM_011522638.3	6358	6130.29	0	0
XM_011522639.3	6340	6112.29	70.5926	0.519754
XM_011522642.3	1998	1770.29	0	0
XM_011522644.3	5121	4893.29	1.00417	0.00923526
XM_011522645.2	4994	4766.29	2.90745	0.027452
XM_011522646.4	2748	2520.29	0	0
XM_011522647.3	2269	2041.29	68.6878	1.51432
XM_011522652.4	3364	3136.29	104.293	1.49651
XM_011522654.4	1091	863.293	0	0
XM_011522666.3	2428	2200.29	3.00048	0.0613696
XM_011522667.2	1534	1306.29	111.696	3.84804
XM_011522682.3	3722	3494.29	0	0
XM_011522683.3	3614	3386.29	0	0
XM_011522686.1	2443	2215.29	0	0
XM_011522689.3	1190	962.293	0	0
XM_011522691.2	2959	2731.29	0	0
XM_011522692.2	2939	2711.29	11.8794	0.197179
XM_011522695.4	2535	2307.29	0	0
XM_011522696.4	2320	2092.29	2.43522	0.0523791
XM_011522697.3	2216	1988.29	0	0
XM_011522698.3	2195	1967.29	0	0
XM_011522700.2	3602	3374.29	141.941	1.89307
XM_011522701.3	5577	5349.29	0	0
XM_011522703.3	5671	5443.29	0	0
XM_011522704.3	5574	5346.29	0	0
XM_011522705.3	5334	5106.29	0	0
XM_011522707.3	2400	2172.29	0	0
XM_011522712.2	1509	1281.29	0	0
XM_011522713.3	998	770.293	92.1402	5.38314
XM_011522714.3	823	595.427	32.3747	2.44691
XM_011522715.4	7312	7084.29	0	0
XM_011522719.3	2495	2267.29	0	0
XM_011522720.3	2506	2278.29	0	0
XM_011522721.2	1230	1002.29	0	0
XM_011522722.2	1177	949.293	0	0
XM_011522723.2	1081	853.293	0	0
XM_011522724.3	7394	7166.29	5.76626	0.0362111
XM_011522727.4	4569	4341.29	0	0
XM_011522728.2	4730	4502.29	0	0
XM_011522729.2	4637	4409.29	0	0
XM_011522730.3	4666	4438.29	0	0
XM_011522734.4	2085	1857.29	123.192	2.985
XM_011522735.4	1901	1673.29	105.157	2.8282
XM_011522738.4	10120	9892.29	8.02897e-07	3.65263e-09
XM_011522741.4	8507	8279.29	0	0
XM_011522743.4	3284	3056.29	12.4926	0.18395
XM_011522744.4	3426	3198.29	0	0
XM_011522754.4	2948	2720.29	0	0
XM_011522764.3	4004	3776.29	0	0
XM_011522765.3	3655	3427.29	186.699	2.4515
XM_011522767.2	3988	3760.29	0	0
XM_011522769.4	3598	3370.29	32.0131	0.427466
XM_011522771.4	3876	3648.29	9.62002	0.118667
XM_011522772.4	6864	6636.29	131.958	0.894854
XM_011522773.4	3500	3272.29	89.7692	1.23457
XM_011522774.3	3752	3524.29	0	0
XM_011522775.4	3465	3237.29	18.6135	0.258755
XM_011522776.3	3572	3344.29	0	0
XM_011522777.4	2513	2285.29	0	0
XM_011522778.4	2497	2269.29	115.971	2.29986
XM_011522790.4	2410	2182.29	1.20458	0.0248407
XM_011522800.4	3508	3280.29	2.00032	0.0274428
XM_011522801.3	4084	3856.29	0.000131068	1.52957e-06
XM_011522804.4	7659	7431.29	0	0
XM_011522807.2	2666	2438.29	0	0
XM_011522808.4	1390	1162.29	7.41436	0.287078
XM_011522809.1	2507	2279.29	3.73327	0.0737108
XM_011522813.4	794	566.487	11.8901	0.944577
XM_011522814.3	1169	941.293	41.7533	1.99622
XM_011522815.3	933	705.293	66.0031	4.2115
XM_011522817.4	13232	13004.3	766.814	2.65366
XM_011522820.4	12436	12208.3	230.924	0.851248
XM_011522822.4	12384	12156.3	0.00467327	1.73006e-05
XM_011522823.3	4587	4359.29	39.8202	0.411083
XM_011522825.2	4483	4255.29	35.0971	0.37118
XM_011522826.4	4408	4180.29	0	0
XM_011522829.2	3110	2882.29	0	0
XM_011522831.4	803	575.487	0	0
XM_011522835.3	6227	5999.29	0	0
XM_011522836.3	6289	6061.29	32.1997	0.239072
XM_011522837.4	6193	5965.29	65.2486	0.492246
XM_011522838.3	6342	6114.29	0	0
XM_011522839.3	6257	6029.29	0	0
XM_011522840.4	6196	5968.29	12.415	0.0936136
XM_011522842.3	6319	6091.29	4.54325	0.033566
XM_011522845.3	2203	1975.29	23.1546	0.527532
XM_011522847.2	850	622.427	0	0
XM_011522848.3	1763	1535.29	0	0
XM_011522849.3	1641	1413.29	0	0
XM_011522853.4	2531	2303.29	0	0
XM_011522854.4	2444	2216.29	0	0
XM_011522855.4	2438	2210.29	0	0
XM_011522857.4	2164	1936.29	0	0
XM_011522858.4	2158	1930.29	0	0
XM_011522863.2	3390	3162.29	0.133528	0.00190026
XM_011522866.2	8113	7885.29	0.000262839	1.50008e-06
XM_011522867.3	8664	8436.29	0	0
XM_011522869.3	5105	4877.29	0	0
XM_011522874.2	4288	4060.29	1.50125	0.0166395
XM_011522875.3	4387	4159.29	0.139854	0.00151321
XM_011522882.2	8066	7838.29	6.47436e-05	3.71721e-07
XM_011522883.2	3011	2783.29	0	0
XM_011522884.2	3316	3088.29	0	0
XM_011522885.4	3112	2884.29	0	0
XM_011522894.2	1483	1255.29	0	0
XM_011522905.4	2550	2322.29	88.5485	1.71596
XM_011522912.3	8955	8727.29	2.17488	0.011215
XM_011522914.3	5203	4975.29	38.1588	0.345159
XM_011522917.3	4893	4665.29	13.2671	0.12798
XM_011522921.3	4120	3892.29	0	0
XM_011522936.3	1407	1179.29	0	0
XM_011522949.3	3430	3202.29	0	0
XM_011522950.3	3457	3229.29	0	0
XM_011522953.4	2234	2006.29	0	0
XM_011522954.3	1837	1609.29	0	0
XM_011522965.4	7457	7229.29	220.709	1.37394
XM_011522966.4	7383	7155.29	74.7165	0.469928
XM_011522970.3	4788	4560.29	2.83819	0.0280086
XM_011522971.4	6456	6228.29	0	0
XM_011522973.4	4486	4258.29	0	0
XM_011522978.4	718	490.852	155.024	14.2132
XM_011522979.3	2790	2562.29	0.0124839	0.000219263
XM_011522980.4	2665	2437.29	77.2963	1.42723
XM_011522982.3	5406	5178.29	22.6411	0.196767
XM_011522985.3	4547	4319.29	86.4045	0.900256
XM_011522986.3	4675	4447.29	0	0
XM_011522987.3	4833	4605.29	52.6705	0.514698
XM_011522988.3	4674	4446.29	168.098	1.7014
XM_011522992.3	3207	2979.29	0	0
XM_011523000.2	2536	2308.29	0	0
XM_011523001.4	2294	2066.29	149.484	3.25571
XM_011523002.3	5472	5244.29	0	0
XM_011523003.4	2708	2480.29	3.86507	0.0701288
XM_011523005.3	2820	2592.29	0	0
XM_011523008.3	2652	2424.29	0	0
XM_011523009.3	2594	2366.29	0	0
XM_011523012.3	2593	2365.29	0	0
XM_011523021.3	3277	3049.29	0	0
XM_011523023.3	3265	3037.29	0	0
XM_011523025.3	3196	2968.29	0	0
XM_011523026.3	3157	2929.29	0	0
XM_011523027.3	3148	2920.29	2.61494	0.0402974
XM_011523028.3	3165	2937.29	0	0
XM_011523029.3	3075	2847.29	0	0
XM_011523030.3	2935	2707.29	0	0
XM_011523043.3	4163	3935.29	0	0
XM_011523044.2	3729	3501.29	0	0
XM_011523046.4	5478	5250.29	0	0
XM_011523047.3	5475	5247.29	0	0
XM_011523048.3	5370	5142.29	0	0
XM_011523049.3	5367	5139.29	0	0
XM_011523050.4	5482	5254.29	48.9544	0.419295
XM_011523060.2	1892	1664.29	10.4616	0.282884
XM_011523061.3	4295	4067.29	28.2844	0.312957
XM_011523063.2	1368	1140.29	0	0
XM_011523075.2	3338	3110.29	0	0
XM_011523076.2	3367	3139.29	0	0
XM_011523077.2	3617	3389.29	0	0
XM_011523078.2	3177	2949.29	21.8035	0.332698
XM_011523079.2	3550	3322.29	0	0
XM_011523086.3	1901	1673.29	25.202	0.677807
XM_011523087.3	1971	1743.29	0	0
XM_011523088.3	1869	1641.29	21.121	0.579123
XM_011523089.3	2089	1861.29	31.1934	0.754206
XM_011523095.3	1277	1049.29	0	0
XM_011523098.2	1493	1265.29	50.1742	1.78456
XM_011523109.3	2228	2000.29	0	0
XM_011523112.4	3015	2787.29	0	0
XM_011523113.4	3150	2922.29	0	0
XM_011523115.4	3027	2799.29	0	0
XM_011523116.4	3012	2784.29	0	0
XM_011523121.4	2869	2641.29	0	0
XM_011523156.4	1634	1406.29	8.18338	0.261878
XM_011523157.4	1631	1403.29	3.5735	0.114601
XM_011523158.3	3614	3386.29	0	0
XM_011523159.4	1611	1383.29	0.201557	0.00655731
XM_011523160.4	1761	1533.29	0	0
XM_011523161.4	1759	1531.29	0.00242222	7.11864e-05
XM_011523162.4	1537	1309.29	16.2787	0.559532
XM_011523169.4	4618	4390.29	32.5851	0.334017
XM_011523190.4	2999	2771.29	2.27885	0.0370063
XM_011523191.4	4916	4688.29	0	0
XM_011523200.2	1914	1686.29	0	0
XM_011523202.3	1921	1693.29	0	0
XM_011523203.2	1810	1582.29	0	0
XM_011523206.4	2248	2020.29	0	0
XM_011523207.2	5428	5200.29	0	0
XM_011523210.3	2032	1804.29	0	0
XM_011523211.4	1708	1480.29	0	0
XM_011523212.4	1626	1398.29	0	0
XM_011523214.3	1846	1618.29	0	0
XM_011523222.3	1015	787.293	18.7934	1.07427
XM_011523225.4	15579	15351.3	71.5252	0.20968
XM_011523227.4	7593	7365.29	88.1392	0.538545
XM_011523228.2	5197	4969.29	3.03574	0.0274924
XM_011523229.2	5247	5019.29	43.9529	0.394083
XM_011523230.3	2571	2343.29	0	0
XM_011523231.3	2550	2322.29	0	0
XM_011523232.3	2523	2295.29	0	0
XM_011523233.3	2496	2268.29	0	0
XM_011523234.3	2439	2211.29	0	0
XM_011523236.4	2364	2136.29	0	0
XM_011523237.3	2331	2103.29	0	0
XM_011523238.2	2237	2009.29	0	0
XM_011523239.2	2280	2052.29	0	0
XM_011523247.4	4824	4596.29	21.0734	0.206333
XM_011523253.3	4350	4122.29	38.8342	0.423953
XM_011523256.3	970	742.293	0	0
XM_011523260.4	2948	2720.29	0	0
XM_011523261.3	3283	3055.29	0	0
XM_011523266.2	1771	1543.29	0	0
XM_011523268.3	1774	1546.29	0	0
XM_011523271.3	1538	1310.29	0	0
XM_011523273.4	1398	1170.29	0	0
XM_011523274.4	1126	898.293	0	0
XM_011523275.4	8124	7896.29	90.9034	0.518083
XM_011523276.3	7983	7755.29	36.7186	0.213074
XM_011523278.3	7608	7380.29	0	0
XM_011523280.3	3155	2927.29	0	0
XM_011523282.3	2859	2631.29	23.7215	0.405709
XM_011523283.3	4705	4477.29	11.1964	0.11254
XM_011523284.3	4705	4477.29	12.2447	0.123077
XM_011523290.4	3582	3354.29	0	0
XM_011523291.4	3546	3318.29	0	0
XM_011523293.3	3492	3264.29	0	0
XM_011523295.3	3040	2812.29	0	0
XM_011523299.3	5440	5212.29	1	0.00863403
XM_011523300.3	6513	6285.29	0	0
XM_011523314.4	60005	59777.3	0.0439465	3.30849e-05
XM_011523315.4	2258	2030.29	0	0
XM_011523316.4	17298	17070.3	0	0
XM_011523317.4	2977	2749.29	0	0
XM_011523319.3	2115	1887.29	0	0
XM_011523321.2	4504	4276.29	1.57315	0.0165556
XM_011523322.2	5063	4835.29	8.7932	0.0818402
XM_011523324.4	4169	3941.29	10.2315	0.116827
XM_011523325.3	4119	3891.29	124.475	1.43957
XM_011523327.4	3069	2841.29	33.5362	0.531178
XM_011523335.4	2354	2126.29	74.932	1.58594
XM_011523336.2	903	675.361	0	0
XM_011523347.3	11606	11378.3	0.0230808	9.12883e-05
XM_011523350.4	3031	2803.29	0	0
XM_011523352.2	4671	4443.29	473.887	4.79968
XM_011523357.4	3618	3390.29	0	0
XM_011523358.4	3710	3482.29	0	0
XM_011523360.4	3800	3572.29	0	0
XM_011523361.4	4153	3925.29	0	0
XM_011523362.4	3463	3235.29	0	0
XM_011523372.4	831	603.427	58.8747	4.39082
XM_011523392.2	1172	944.293	91.7209	4.37123
XM_011523398.4	3934	3706.29	0	0
XM_011523403.3	5971	5743.29	0	0
XM_011523405.4	1863	1635.29	0	0
XM_011523406.4	1845	1617.29	0	0
XM_011523407.4	1729	1501.29	6.89946	0.20682
XM_011523408.4	1711	1483.29	0	0
XM_011523410.3	1825	1597.29	0	0
XM_011523413.3	1813	1585.29	43.8678	1.24531
XM_011523415.3	1790	1562.29	0	0
XM_011523417.4	825	597.427	144.819	10.9089
XM_011523419.4	2655	2427.29	0	0
XM_011523427.3	3596	3368.29	0.0101456	0.000135553
XM_011523428.3	3930	3702.29	105.561	1.28314
XM_011523430.2	3574	3346.29	0.000559746	7.52783e-06
XM_011523443.2	3573	3345.29	9.20505	0.123832
XM_011523449.4	2626	2398.29	5.33281	0.100068
XM_011523450.3	5202	4974.29	35.2202	0.318642
XM_011523453.4	5036	4808.29	2.59341	0.0242729
XM_011523454.4	5027	4799.29	6.8653	0.0643761
XM_011523458.3	4421	4193.29	0	0
XM_011523462.3	4362	4134.29	0	0
XM_011523466.3	4347	4119.29	2.86947	0.0313488
XM_011523468.3	4177	3949.29	0	0
XM_011523469.3	2417	2189.29	0	0
XM_011523471.4	11580	11352.3	0.0758863	0.000300831
XM_011523476.4	2660	2432.29	28.9103	0.534907
XM_011523482.2	6969	6741.29	18.2497	0.12183
XM_011523484.3	4228	4000.29	19.6382	0.220928
XM_011523486.3	3564	3336.29	0	0
XM_011523487.3	2608	2380.29	9.13103	0.172636
XM_011523528.3	2738	2510.29	0	0
XM_011523538.3	8459	8231.29	658.366	3.5995
XM_011523539.2	1807	1579.29	0	0
XM_011523541.3	4107	3879.29	9.19857	0.106711
XM_011523548.4	3895	3667.29	10.2199	0.125413
XM_011523549.4	3706	3478.29	0	0
XM_011523551.4	3908	3680.29	0	0
XM_011523555.4	4819	4591.29	0	0
XM_011523557.4	2678	2450.29	51.7986	0.951354
XM_011523560.3	1759	1531.29	0	0
XM_011523571.3	1364	1136.29	0	0
XM_011523572.3	1262	1034.29	0	0
XM_011523574.2	2294	2066.29	0.0718989	0.00156593
XM_011523580.2	1620	1392.29	128.45	4.15188
XM_011523583.3	2013	1785.29	72.4408	1.82606
XM_011523584.4	1903	1675.29	21.779	0.585046
XM_011523585.3	1787	1559.29	8.28833	0.239211
XM_011523587.3	1524	1296.29	316.155	10.9759
XM_011523589.3	6700	6472.29	34.398	0.239176
XM_011523590.2	6802	6574.29	0.182102	0.00124654
XM_011523591.3	6619	6391.29	0	0
XM_011523593.3	6292	6064.29	77.9486	0.578456
XM_011523594.3	6246	6018.29	8.4994	0.0635561
XM_011523595.4	6173	5945.29	0	0
XM_011523597.3	5827	5599.29	201.935	1.62301
XM_011523598.2	5551	5323.29	48.6599	0.411371
XM_011523599.3	5604	5376.29	1.78112e-05	1.49092e-07
XM_011523600.4	5645	5417.29	0	0
XM_011523606.4	707	479.9	38.6808	3.62733
XM_011523613.2	1750	1522.29	0	0
XM_011523615.2	1738	1510.29	0	0
XM_011523616.3	3850	3622.29	0	0
XM_011523625.3	2895	2667.29	0	0
XM_011523632.3	2282	2054.29	0	0
XM_011523633.3	2304	2076.29	16.9372	0.36711
XM_011523639.3	4092	3864.29	0	0
XM_011523651.3	3779	3551.29	57.656	0.730635
XM_011523659.4	1784	1556.29	2.18691	0.0632385
XM_011523661.3	1409	1181.29	2.55656	0.0973957
XM_011523662.2	5672	5444.29	4.38687	0.0362623
XM_011523663.2	13841	13613.3	0	0
XM_011523667.3	13731	13503.3	0	0
XM_011523670.3	10868	10640.3	0	0
XM_011523677.3	2937	2709.29	0	0
XM_011523678.3	2925	2697.29	0	0
XM_011523680.3	2817	2589.29	0	0
XM_011523683.3	2634	2406.29	0	0
XM_011523686.3	2089	1861.29	0	0
XM_011523691.3	3929	3701.29	30.7507	0.37389
XM_011523692.3	3793	3565.29	0	0
XM_011523703.3	13756	13528.3	0	0
XM_011523704.3	1947	1719.29	0	0
XM_011523710.3	1542	1314.29	0	0
XM_011523711.3	1600	1372.29	4.70474e-06	1.54288e-07
XM_011523712.4	1547	1319.29	0	0
XM_011523713.3	1542	1314.29	0	0
XM_011523714.4	3721	3493.29	18.8836	0.243272
XM_011523718.4	3632	3404.29	0.551499	0.00729055
XM_011523721.4	3486	3258.29	0	0
XM_011523723.1	1811	1583.29	0	0
XM_011523724.1	1778	1550.29	0	0
XM_011523725.1	1724	1496.29	0	0
XM_011523728.3	1823	1595.29	0	0
XM_011523729.2	1973	1745.29	172.107	4.43785
XM_011523731.3	2848	2620.29	1.00008	0.0171762
XM_011523734.3	4241	4013.29	0	0
XM_011523735.2	4180	3952.29	0	0
XM_011523736.3	4192	3964.29	0	0
XM_011523737.2	3236	3008.29	0	0
XM_011523739.3	6724	6496.29	0	0
XM_011523741.3	6578	6350.29	0	0
XM_011523742.3	6511	6283.29	0	0
XM_011523743.2	6536	6308.29	0	0
XM_011523744.3	6092	5864.29	61.7315	0.473733
XM_011523745.3	5655	5427.29	0.0100572	8.33945e-05
XM_011523746.4	4955	4727.29	0	0
XM_011523747.4	4940	4712.29	0	0
XM_011523748.4	4934	4706.29	0.15183	0.00145185
XM_011523749.4	4919	4691.29	0.235386	0.00225804
XM_011523759.3	5438	5210.29	0	0
XM_011523763.3	15305	15077.3	916.145	2.73453
XM_011523764.3	15299	15071.3	55.7693	0.166528
XM_011523766.3	11612	11384.3	316.77	1.25222
XM_011523768.4	5201	4973.29	90.8486	0.822085
XM_011523769.3	6121	5893.29	123.73	0.944839
XM_011523772.3	4952	4724.29	20.8291	0.198415
XM_011523774.3	3943	3715.29	3.33251	0.0403664
XM_011523775.3	3508	3280.29	0	0
XM_011523779.3	1411	1183.29	2.91082	0.110704
XM_011523780.3	2185	1957.29	0	0
XM_011523783.4	899	671.361	0	0
XM_011523786.3	1386	1158.29	0.56669	0.0220176
XM_011523795.4	1957	1729.29	0	0
XM_011523816.2	6660	6432.29	8.00795	0.0560271
XM_011523829.3	2103	1875.29	28.4961	0.683847
XM_011523830.3	2082	1854.29	203.571	4.94061
XM_011523831.3	4998	4770.29	0	0
XM_011523835.3	2753	2525.29	39.0152	0.695287
XM_011523849.3	4192	3964.29	10.8818	0.123531
XM_011523850.3	4189	3961.29	5.8834	0.0668396
XM_011523851.3	4186	3958.29	0.875381	0.00995249
XM_011523852.3	4186	3958.29	0.0829905	0.000943545
XM_011523853.3	4132	3904.29	70.6228	0.814039
XM_011523854.3	4272	4044.29	86.9203	0.96721
XM_011523855.3	4206	3978.29	147.823	1.6722
XM_011523856.2	4120	3892.29	0	0
XM_011523857.4	3592	3364.29	2.00039	0.0267585
XM_011523858.3	1796	1568.29	0	0
XM_011523861.3	1355	1127.29	0	0
XM_011523862.4	1544	1316.29	0	0
XM_011523863.4	1420	1192.29	0	0
XM_011523864.4	1565	1337.29	0	0
XM_011523868.3	4805	4577.29	0	0
XM_011523869.3	5074	4846.29	0	0
XM_011523870.4	6159	5931.29	0	0
XM_011523871.3	6085	5857.29	0.000183451	1.4095e-06
XM_011523881.3	4367	4139.29	0	0
XM_011523882.3	3873	3645.29	0	0
XM_011523884.4	3828	3600.29	0	0
XM_011523885.2	4780	4552.29	0	0
XM_011523888.3	4793	4565.29	0	0
XM_011523889.2	3284	3056.29	0	0
XM_011523892.3	1865	1637.29	0	0
XM_011523897.3	2722	2494.29	0	0
XM_011523898.4	3374	3146.29	0	0
XM_011523899.4	3365	3137.29	0	0
XM_011523900.4	1954	1726.29	0	0
XM_011523901.3	5643	5415.29	83.0897	0.690506
XM_011523902.4	5933	5705.29	8.68909	0.0685391
XM_011523903.3	5413	5185.29	0.000318391	2.76331e-06
XM_011523906.1	5008	4780.29	147.472	1.38834
XM_011523910.3	4322	4094.29	99.9646	1.09878
XM_011523911.3	3884	3656.29	0	0
XM_011523912.3	3738	3510.29	30.1705	0.386796
XM_011523913.3	3926	3698.29	23.2054	0.282377
XM_011523918.3	6547	6319.29	0	0
XM_011523922.3	2699	2471.29	135.038	2.45908
XM_011523923.3	2261	2033.29	0	0
XM_011523925.3	1229	1001.29	0	0
XM_011523926.2	7714	7486.29	4.30123	0.0258564
XM_011523934.2	2954	2726.29	0	0
XM_011523948.2	908	680.293	0	0
XM_011523949.3	1002	774.293	21.8081	1.26752
XM_011523951.3	2371	2143.29	10.1134	0.212353
XM_011523957.4	2411	2183.29	79.9238	1.64743
XM_011523958.3	1990	1762.29	0	0
XM_011523959.3	2281	2053.29	0	0
XM_011523962.3	1681	1453.29	1.51036	0.0467703
XM_011523964.2	1414	1186.29	6.48951	0.246185
XM_011523966.2	685	458.134	6.51863	0.640334
XM_011523967.3	1692	1464.29	0	0
XM_011523970.3	4235	4007.29	0	0
XM_011523974.4	5932	5704.29	118.253	0.932936
XM_011523976.3	1272	1044.29	4.41055	0.19007
XM_011523978.4	3038	2810.29	0	0
XM_011523980.4	2930	2702.29	0	0
XM_011523981.4	2872	2644.29	2.01496	0.0342924
XM_011523982.3	1970	1742.29	0	0
XM_011523983.3	1154	926.293	0	0
XM_011523985.3	1883	1655.29	0	0
XM_011523986.3	885	657.427	0	0
XM_011523987.3	845	617.427	0	0
XM_011523988.3	1679	1451.29	0	0
XM_011523989.2	1706	1478.29	0	0
XM_011523990.3	1489	1261.29	0	0
XM_011523992.4	2287	2059.29	36.7658	0.803466
XM_011523993.2	1619	1391.29	0	0
XM_011523994.2	1583	1355.29	0	0
XM_011523995.2	1627	1399.29	0	0
XM_011523996.1	1623	1395.29	0	0
XM_011523997.1	1357	1129.29	1.5	0.059776
XM_011524002.4	2594	2366.29	0	0
XM_011524006.4	1446	1218.29	23.9855	0.886011
XM_011524008.2	1238	1010.29	4.90043	0.218288
XM_011524010.3	6934	6706.29	37.8196	0.253791
XM_011524011.3	6465	6237.29	0	0
XM_011524015.4	3039	2811.29	7.87379	0.126043
XM_011524016.4	3890	3662.29	0	0
XM_011524017.4	1869	1641.29	0	0
XM_011524018.3	2197	1969.29	0	0
XM_011524020.3	2273	2045.29	0	0
XM_011524021.3	2140	1912.29	0	0
XM_011524022.3	2270	2042.29	0	0
XM_011524023.3	1861	1633.29	0	0
XM_011524026.3	1280	1052.29	0	0
XM_011524027.4	3192	2964.29	0	0
XM_011524044.4	8023	7795.29	0	0
XM_011524045.3	3436	3208.29	1.9097	0.0267876
XM_011524046.4	2755	2527.29	0	0
XM_011524047.4	2462	2234.29	0	0
XM_011524048.2	2596	2368.29	2.5903	0.0492218
XM_011524050.2	9035	8807.29	0	0
XM_011524051.3	8130	7902.29	0	0
XM_011524052.3	7882	7654.29	0	0
XM_011524053.3	8157	7929.29	0	0
XM_011524054.3	8124	7896.29	1.42558	0.00812479
XM_011524055.3	8051	7823.29	0	0
XM_011524056.3	6503	6275.29	0	0
XM_011524058.3	5118	4890.29	0	0
XM_011524059.3	4474	4246.29	2.37681	0.0251899
XM_011524060.3	5975	5747.29	221.087	1.73118
XM_011524065.2	2089	1861.29	48.1651	1.16455
XM_011524068.2	2316	2088.29	0	0
XM_011524072.4	1234	1006.29	152.431	6.81697
XM_011524077.4	4271	4043.29	0	0
XM_011524079.2	1035	807.293	5.11969	0.285401
XM_011524080.3	772	544.487	22.2746	1.84104
XM_011524084.4	10954	10726.3	87.5089	0.367151
XM_011524085.4	10600	10372.3	0	0
XM_011524086.4	10396	10168.3	0	0
XM_011524090.4	4713	4485.29	0	0
XM_011524091.3	4754	4526.29	27.7285	0.275693
XM_011524095.3	4660	4432.29	0	0
XM_011524096.3	3130	2902.29	0	0
XM_011524099.3	3850	3622.29	14.4868	0.179983
XM_011524100.4	3831	3603.29	11.2901	0.141007
XM_011524101.4	4265	4037.29	0	0
XM_011524102.4	5016	4788.29	0	0
XM_011524103.4	4245	4017.29	0	0
XM_011524104.3	5705	5477.29	23.7344	0.195009
XM_011524105.4	4130	3902.29	0	0
XM_011524106.2	4127	3899.29	0	0
XM_011524107.4	4082	3854.29	0	0
XM_011524108.2	3992	3764.29	0	0
XM_011524109.4	1874	1646.29	13.9192	0.380495
XM_011524110.4	1861	1633.29	10.8281	0.298352
XM_011524114.4	10320	10092.3	127.004	0.566331
XM_011524149.3	5295	5067.29	0	0
XM_011524152.3	1564	1336.29	0	0
XM_011524172.2	4546	4318.29	0	0
XM_011524174.2	3751	3523.29	35.8991	0.45854
XM_011524175.3	2260	2032.29	81.3688	1.80183
XM_011524176.3	2305	2077.29	0	0
XM_011524179.3	1486	1258.29	94.7633	3.38923
XM_011524180.3	1477	1249.29	50.7166	1.82696
XM_011524183.3	3701	3473.29	0	0
XM_011524185.3	2906	2678.29	0	0
XM_011524192.4	3501	3273.29	0	0
XM_011524193.2	3448	3220.29	0	0
XM_011524194.2	3406	3178.29	0	0
XM_011524195.2	3077	2849.29	0	0
XM_011524196.2	2800	2572.29	0	0
XM_011524201.3	8997	8769.29	0.000161877	8.30734e-07
XM_011524214.3	1716	1488.29	0	0
XM_011524215.3	5317	5089.29	0	0
XM_011524216.3	5508	5280.29	0	0
XM_011524218.3	5251	5023.29	20.4858	0.18353
XM_011524220.3	5221	4993.29	0	0
XM_011524221.3	5415	5187.29	0	0
XM_011524222.4	5707	5479.29	0	0
XM_011524223.4	5515	5287.29	0.833216	0.00709196
XM_011524226.3	5315	5087.29	26.9261	0.238193
XM_011524227.3	5246	5018.29	0	0
XM_011524231.2	1922	1694.29	423.346	11.2447
XM_011524233.4	5841	5613.29	11.466	0.0919256
XM_011524234.2	1796	1568.29	0	0
XM_011524253.4	1596	1368.29	355.98	11.7082
XM_011524256.2	7119	6891.29	0	0
XM_011524257.4	6279	6051.29	0	0
XM_011524273.4	1690	1462.29	0	0
XM_011524276.3	1207	979.293	43.5567	2.00163
XM_011524278.4	957	729.293	3.0581	0.188709
XM_011524283.2	4139	3911.29	0.000622699	7.16474e-06
XM_011524288.2	4536	4308.29	10.3835	0.108463
XM_011524289.2	4512	4284.29	244.509	2.56837
XM_011524290.2	3917	3689.29	284.961	3.47603
XM_011524296.2	3539	3311.29	0	0
XM_011524307.4	2320	2092.29	0	0
XM_011524308.4	2323	2095.29	0	0
XM_011524311.3	2846	2618.29	41.9046	0.720253
XM_011524314.3	1313	1085.29	0	0
XM_011524315.3	4087	3859.29	0.0143318	0.000167123
XM_011524317.4	4103	3875.29	4.93061e-05	5.72583e-07
XM_011524319.4	3378	3150.29	0	0
XM_011524320.3	1631	1403.29	0	0
XM_011524321.3	1631	1403.29	0	0
XM_011524339.3	3261	3033.29	1.01368	0.0150393
XM_011524340.3	5161	4933.29	14.0569	0.128232
XM_011524341.2	5716	5488.29	3293.35	27.0049
XM_011524342.4	10149	9921.29	319.753	1.4504
XM_011524344.2	1087	859.293	0	0
XM_011524346.3	907	679.293	0	0
XM_011524352.3	3629	3401.29	0	0
XM_011524354.4	2763	2535.29	2.21859	0.0393814
XM_011524355.1	3091	2863.29	75.0076	1.17891
XM_011524356.1	2887	2659.29	0.000107218	1.81444e-06
XM_011524357.2	2678	2450.29	0	0
XM_011524360.2	2506	2278.29	0	0
XM_011524366.3	2173	1945.29	0	0
XM_011524367.3	2083	1855.29	0	0
XM_011524380.2	1545	1317.29	0	0
XM_011524381.3	1575	1347.29	1	0.0334026
XM_011524383.3	7406	7178.29	14.6819	0.0920456
XM_011524384.4	1223	995.293	0	0
XM_011524385.3	4531	4303.29	0	0
XM_011524386.3	4124	3896.29	0	0
XM_011524387.3	4504	4276.29	247.506	2.60472
XM_011524388.3	4328	4100.29	0	0
XM_011524389.3	4758	4530.29	0	0
XM_011524390.2	4259	4031.29	0	0
XM_011524391.4	2051	1823.29	194.156	4.79222
XM_011524412.1	7375	7147.29	0	0
XM_011524414.2	1658	1430.29	0	0
XM_011524428.2	9232	9004.29	0	0
XM_011524429.3	9372	9144.29	0	0
XM_011524430.3	9317	9089.29	0	0
XM_011524431.3	9249	9021.29	0	0
XM_011524433.3	8532	8304.29	0	0
XM_011524434.2	8092	7864.29	0	0
XM_011524435.3	3139	2911.29	0	0
XM_011524436.2	3001	2773.29	0	0
XM_011524437.3	3189	2961.29	0	0
XM_011524438.2	1931	1703.29	5.69399	0.150442
XM_011524439.2	1962	1734.29	67.2337	1.74464
XM_011524448.3	5796	5568.29	55.9816	0.452444
XM_011524449.4	5965	5737.29	10.2091	0.0800794
XM_011524450.3	6031	5803.29	2.77837	0.0215455
XM_011524451.3	5754	5526.29	108.852	0.886431
XM_011524465.3	2868	2640.29	5.38112e-05	9.17198e-07
XM_011524466.3	2347	2119.29	0	0
XM_011524467.3	2189	1961.29	0	0
XM_011524468.2	4720	4492.29	0	0
XM_011524472.3	3815	3587.29	0	0
XM_011524473.3	2469	2241.29	0	0
XM_011524474.2	3730	3502.29	0	0
XM_011524491.4	1540	1312.29	15.0351	0.515605
XM_011524493.2	3162	2934.29	0	0
XM_011524494.2	2812	2584.29	0	0
XM_011524495.4	3442	3214.29	14.5594	0.203845
XM_011524496.3	1012	784.293	0.167987	0.00963918
XM_011524498.4	4685	4457.29	14.9706	0.15115
XM_011524499.3	2202	1974.29	0.589867	0.0134457
XM_011524500.3	1344	1116.29	0	0
XM_011524501.3	2136	1908.29	9.26861e-08	2.18581e-09
XM_011524502.3	1279	1051.29	0	0
XM_011524503.3	3182	2954.29	170.504	2.5973
XM_011524509.3	1001	773.293	4.00378e-08	2.33006e-09
XM_011524517.3	4515	4287.29	0	0
XM_011524520.3	11786	11558.3	76.9058	0.299439
XM_011524522.3	11408	11180.3	3.94128e-08	1.58645e-10
XM_011524523.3	11246	11018.3	1.25537e-07	5.12744e-10
XM_011524524.4	12504	12276.3	7.899e-05	2.89566e-07
XM_011524525.3	11072	10844.3	0.0851681	0.000353442
XM_011524526.3	10643	10415.3	26.9039	0.116248
XM_011524536.3	4552	4324.29	0	0
XM_011524537.2	4636	4408.29	0	0
XM_011524546.3	3419	3191.29	58.2262	0.821097
XM_011524548.3	3645	3417.29	188.084	2.47692
XM_011524550.3	3636	3408.29	8.49016	0.112104
XM_011524551.3	3643	3415.29	0.230387	0.00303579
XM_011524552.3	3546	3318.29	8.08473e-08	1.09646e-09
XM_011524553.3	3602	3374.29	15.415	0.20559
XM_011524555.3	3654	3426.29	98.5631	1.29459
XM_011524556.3	1661	1433.29	0	0
XM_011524557.2	6919	6691.29	0	0
XM_011524558.3	6862	6634.29	0	0
XM_011524559.3	6880	6652.29	22.8653	0.154685
XM_011524561.3	6765	6537.29	4.41778e-06	3.04123e-08
XM_011524587.3	3119	2891.29	0	0
XM_011524590.3	3631	3403.29	26	0.343808
XM_011524595.3	1331	1103.29	0	0
XM_011524597.3	12514	12286.3	0.0294516	0.000107877
XM_011524598.3	12484	12256.3	0.317726	0.00116664
XM_011524599.2	12052	11824.3	0.00366274	1.39403e-05
XM_011524600.3	12403	12175.3	0.388199	0.00143489
XM_011524601.3	12403	12175.3	0	0
XM_011524602.3	12292	12064.3	0.00357842	1.33485e-05
XM_011524607.3	1032	804.293	49.388	2.76344
XM_011524620.3	2235	2007.29	0	0
XM_011524628.4	5449	5221.29	5.28154	0.0455224
XM_011524637.3	1834	1606.29	0	0
XM_011524647.4	1833	1605.29	0	0
XM_011524648.4	1803	1575.29	0	0
XM_011524651.4	1757	1529.29	0	0
XM_011524655.2	1419	1191.29	0	0
XM_011524656.2	1385	1157.29	0	0
XM_011524657.2	1386	1158.29	0	0
XM_011524658.3	3036	2808.29	0	0
XM_011524660.1	1284	1056.29	0	0
XM_011524661.3	1251	1023.29	0	0
XM_011524662.2	1236	1008.29	0	0
XM_011524663.2	1202	974.293	0	0
XM_011524666.2	1953	1725.29	43.1687	1.12603
XM_011524667.3	1687	1459.29	0	0
XM_011524669.3	2853	2625.29	0	0
XM_011524670.2	2729	2501.29	0	0
XM_011524671.3	2696	2468.29	20.9086	0.381215
XM_011524684.3	3831	3603.29	10.156	0.126843
XM_011524685.3	3804	3576.29	50.2364	0.632161
XM_011524686.4	4213	3985.29	0	0
XM_011524687.4	4192	3964.29	0	0
XM_011524688.4	4153	3925.29	0.000329034	3.77234e-06
XM_011524689.3	4358	4130.29	0	0
XM_011524692.4	2855	2627.29	1.76371	0.0302107
XM_011524693.4	2581	2353.29	306.772	5.86654
XM_011524694.3	2533	2305.29	17.2369	0.336492
XM_011524697.3	3043	2815.29	0	0
XM_011524700.3	425	212.877	17.1422	3.62394
XM_011524701.2	9923	9695.29	55.9202	0.259567
XM_011524703.1	9541	9313.29	1.1639e-08	5.6241e-11
XM_011524704.3	9446	9218.29	83.9061	0.409624
XM_011524708.4	2621	2393.29	363.262	6.83071
XM_011524726.3	2818	2590.29	50.8321	0.883143
XM_011524727.4	2176	1948.29	244.623	5.65049
XM_011524737.2	1815	1587.29	0	0
XM_011524744.3	2304	2076.29	0	0
XM_011524747.2	503	282.705	0	0
XM_011524748.1	448	232.626	0	0
XM_011524749.2	3377	3149.29	0	0
XM_011524750.2	3362	3134.29	0	0
XM_011524751.3	5836	5608.29	7.24057	0.0581011
XM_011524752.3	4386	4158.29	4.75943	0.0515089
XM_011524758.2	3155	2927.29	3.706e-05	5.69747e-07
XM_011524759.2	5109	4881.29	0	0
XM_011524763.3	5214	4986.29	0	0
XM_011524765.2	4471	4243.29	0	0
XM_011524768.3	3295	3067.29	0	0
XM_011524781.3	4114	3886.29	0	0
XM_011524782.3	1534	1306.29	5.3091	0.182904
XM_011524784.4	1733	1505.29	0	0
XM_011524786.4	1020	792.293	0	0
XM_011524787.2	1223	995.293	0	0
XM_011524791.3	2256	2028.29	0	0
XM_011524793.3	1792	1564.29	0	0
XM_011524796.3	821	593.487	1.21802	0.0923602
XM_011524802.2	3532	3304.29	0	0
XM_011524808.3	2407	2179.29	0	0
XM_011524810.3	2455	2227.29	0	0
XM_011524812.3	3009	2781.29	95.5936	1.54676
XM_011524813.3	5059	4831.29	57.7122	0.537584
XM_011524814.3	2288	2060.29	0	0
XM_011524818.3	2685	2457.29	0	0
XM_011524827.3	4406	4178.29	0	0
XM_011524831.2	4900	4672.29	0	0
XM_011524832.3	6609	6381.29	0	0
XM_011524833.2	3380	3152.29	0	0
XM_011524834.2	3329	3101.29	0	0
XM_011524836.2	3965	3737.29	0	0
XM_011524839.3	1035	807.293	0	0
XM_011524841.4	5343	5115.29	0	0
XM_011524842.4	5310	5082.29	0	0
XM_011524843.4	5268	5040.29	13.5572	0.121048
XM_011524844.4	5262	5034.29	0	0
XM_011524846.4	5190	4962.29	1.93943e-06	1.75887e-08
XM_011524848.4	5115	4887.29	0	0
XM_011524849.3	3321	3093.29	0	0
XM_011524850.4	3204	2976.29	0	0
XM_011524865.3	2225	1997.29	0	0
XM_011524866.4	2132	1904.29	1	0.0236324
XM_011524867.3	1353	1125.29	0	0
XM_011524870.3	2187	1959.29	6.35009	0.145855
XM_011524871.4	2350	2122.29	48.1631	1.0213
XM_011524873.2	1647	1419.29	0	0
XM_011524874.3	836	608.427	120.962	8.94713
XM_011524876.4	908	680.293	0	0
XM_011524880.4	1599	1371.29	12.569	0.41249
XM_011524887.3	722	494.802	34.5388	3.14136
XM_011524891.3	450	234.286	3.01775	0.579668
XM_011524893.3	6241	6013.29	7.17602	0.0537049
XM_011524894.3	6191	5963.29	6.11851	0.0461744
XM_011524895.3	6436	6208.29	17.2136	0.124779
XM_011524897.3	6289	6061.29	21.5086	0.159694
XM_011524898.3	6224	5996.29	3.25546	0.0244327
XM_011524906.3	8581	8353.29	0.746768	0.00402319
XM_011524907.3	5823	5595.29	117.12	0.942001
XM_011524909.3	1139	911.293	0	0
XM_011524912.3	1466	1238.29	0	0
XM_011524914.3	11022	10794.3	0	0
XM_011524915.3	10750	10522.3	0.00186479	7.97556e-06
XM_011524916.4	4151	3923.29	0.800589	0.00918335
XM_011524918.4	2484	2256.29	81.1835	1.61925
XM_011524922.3	5499	5271.29	0	0
XM_011524923.3	5496	5268.29	8.30499e-06	7.09433e-08
XM_011524924.3	5493	5265.29	0	0
XM_011524925.2	5563	5335.29	0	0
XM_011524926.4	6187	5959.29	159.435	1.20402
XM_011524928.3	5696	5468.29	0	0
XM_011524930.2	5688	5460.29	8.23628	0.0678825
XM_011524931.3	5146	4918.29	15.4595	0.141457
XM_011524934.3	1611	1383.29	0	0
XM_011524935.4	1605	1377.29	6.57776	0.214928
XM_011524956.4	4843	4615.29	0	0
XM_011524957.3	2269	2041.29	0	0
XM_011524958.3	2352	2124.29	9.27156	0.196418
XM_011524960.3	1476	1248.29	3.63655	0.131104
XM_011524961.2	3758	3530.29	0	0
XM_011524962.3	3967	3739.29	3.88844	0.0467981
XM_011524969.3	2012	1784.29	0	0
XM_011524973.3	6812	6584.29	10.8445	0.0741211
XM_011524978.4	617	391.417	0	0
XM_011524979.2	2071	1843.29	341.546	8.33867
XM_011524980.2	4457	4229.29	0.00777442	8.27261e-05
XM_011524982.3	2058	1830.29	141.891	3.4888
XM_011524984.4	4354	4126.29	148.843	1.62335
XM_011524995.4	1870	1642.29	0	0
XM_011524996.3	2708	2480.29	2.0004	0.0362957
XM_011524997.4	4257	4029.29	52.8713	0.590519
XM_011524998.2	5298	5070.29	0	0
XM_011524999.2	5243	5015.29	0	0
XM_011525000.3	5259	5031.29	0	0
XM_011525027.4	13144	12916.3	0	0
XM_011525052.3	1469	1241.29	0	0
XM_011525054.3	1334	1106.29	6.81911	0.277396
XM_011525055.3	1211	983.293	0.000532408	2.43671e-05
XM_011525063.3	10795	10567.3	69.4701	0.295853
XM_011525065.3	5898	5670.29	0	0
XM_011525066.4	5875	5647.29	0	0
XM_011525068.2	5478	5250.29	21.2252	0.181932
XM_011525069.4	5301	5073.29	24.1788	0.21448
XM_011525071.4	2746	2518.29	25.3545	0.453097
XM_011525073.2	5859	5631.29	108.804	0.86952
XM_011525074.3	6073	5845.29	456.564	3.5151
XM_011525075.3	5622	5394.29	688.426	5.74335
XM_011525076.3	3688	3460.29	0.00121974	1.58634e-05
XM_011525077.3	3591	3363.29	0	0
XM_011525084.3	14712	14484.3	0	0
XM_011525086.3	14071	13843.3	18.9791	0.0616992
XM_011525087.4	12787	12559.3	0	0
XM_011525094.3	2541	2313.29	20.8804	0.406211
XM_011525095.2	3352	3124.29	0	0
XM_011525096.2	5376	5148.29	15.3657	0.134317
XM_011525099.4	2642	2414.29	2411.3	44.9473
XM_011525100.3	2496	2268.29	42.2506	0.838255
XM_011525102.4	1335	1107.29	385.88	15.6831
XM_011525106.3	1548	1320.29	101.09	3.44571
XM_011525115.3	2789	2561.29	3.58992	0.0630765
XM_011525119.3	843	615.427	1.1362	0.0830844
XM_011525125.3	2399	2171.29	0	0
XM_011525126.2	2936	2708.29	24.0901	0.400299
XM_011525129.3	4864	4636.29	0	0
XM_011525130.2	2550	2322.29	0	0
XM_011525136.3	5869	5641.29	0	0
XM_011525137.3	5797	5569.29	0.0516609	0.00041745
XM_011525138.3	5789	5561.29	0	0
XM_011525139.3	4128	3900.29	0	0
XM_011525140.3	4808	4580.29	9.29186	0.091296
XM_011525143.2	4197	3969.29	9.18342	0.10412
XM_011525154.3	4338	4110.29	78.3067	0.857371
XM_011525161.1	2595	2367.29	0	0
XM_011525162.3	1524	1296.29	0	0
XM_011525163.3	1561	1333.29	0	0
XM_011525164.1	2593	2365.29	0	0
XM_011525165.3	4328	4100.29	0	0
XM_011525167.4	2005	1777.29	95.6602	2.42222
XM_011525169.4	1817	1589.29	15.1864	0.430025
XM_011525172.3	3706	3478.29	0	0
XM_011525173.3	2260	2032.29	0	0
XM_011525174.3	3640	3412.29	0	0
XM_011525176.3	2845	2617.29	0	0
XM_011525178.3	5091	4863.29	1	0.00925362
XM_011525183.3	1840	1612.29	0	0
XM_011525187.3	2698	2470.29	3.78107e-07	6.88825e-09
XM_011525188.3	2617	2389.29	0	0
XM_011525189.3	2560	2332.29	0	0
XM_011525190.3	2557	2329.29	23.5457	0.454915
XM_011525191.4	2592	2364.29	0	0
XM_011525192.3	2506	2278.29	0	0
XM_011525193.3	2473	2245.29	3.96259	0.0794235
XM_011525194.3	1872	1644.29	8.00456	0.219079
XM_011525195.3	2377	2149.29	0	0
XM_011525197.3	1744	1516.29	34.0448	1.01044
XM_011525200.4	1932	1704.29	0	0
XM_011525201.3	2293	2065.29	0	0
XM_011525211.4	1973	1745.29	15.6349	0.403152
XM_011525213.2	4394	4166.29	0	0
XM_011525216.2	4196	3968.29	0	0
XM_011525218.2	4231	4003.29	0	0
XM_011525225.2	2237	2009.29	0	0
XM_011525226.3	2628	2400.29	0	0
XM_011525227.2	2275	2047.29	0	0
XM_011525229.3	2168	1940.29	0	0
XM_011525230.2	2328	2100.29	0	0
XM_011525231.2	1603	1375.29	0	0
XM_011525232.3	2384	2156.29	0	0
XM_011525233.3	1305	1077.29	6.01422	0.25124
XM_011525237.4	1607	1379.29	39.1418	1.2771
XM_011525238.4	1766	1538.29	23.2805	0.681075
XM_011525239.4	1682	1454.29	7.80319	0.24147
XM_011525241.4	1859	1631.29	15.8774	0.438015
XM_011525247.3	1356	1128.29	0	0
XM_011525249.3	3536	3308.29	0	0
XM_011525250.3	3619	3391.29	35.9285	0.476777
XM_011525251.3	3460	3232.29	0	0
XM_011525253.4	3392	3164.29	68.9437	0.980528
XM_011525259.3	1751	1523.29	4.47577	0.132229
XM_011525261.3	1713	1485.29	0	0
XM_011525262.3	2181	1953.29	9.38125	0.21614
XM_011525265.4	2623	2395.29	17.9443	0.337141
XM_011525266.3	2708	2480.29	0.00949465	0.000172273
XM_011525269.4	6876	6648.29	65.5139	0.443471
XM_011525270.4	6699	6471.29	5.47607	0.038082
XM_011525273.4	3601	3373.29	0	0
XM_011525274.4	4116	3888.29	32.617	0.377509
XM_011525275.3	3277	3049.29	0	0
XM_011525276.4	3177	2949.29	1.35626	0.020695
XM_011525281.3	3716	3488.29	188.041	2.42595
XM_011525286.3	4162	3934.29	0	0
XM_011525287.3	4156	3928.29	75.4465	0.864326
XM_011525290.4	4024	3796.29	0	0
XM_011525294.3	2159	1931.29	61.4346	1.43155
XM_011525297.1	1931	1703.29	0	0
XM_011525300.2	2343	2115.29	64.3072	1.36814
XM_011525308.3	2912	2684.29	0	0
XM_011525309.3	2943	2715.29	0	0
XM_011525310.3	3599	3371.29	1.822e-06	2.43217e-08
XM_011525311.2	3080	2852.29	0	0
XM_011525312.2	2978	2750.29	0	0
XM_011525313.2	3048	2820.29	0	0
XM_011525316.2	936	708.293	3.18597	0.202428
XM_011525317.3	755	527.701	0	0
XM_011525319.3	4414	4186.29	164.855	1.77221
XM_011525320.2	4425	4197.29	22.8933	0.245461
XM_011525321.3	4863	4635.29	0	0
XM_011525326.4	5464	5236.29	2.21254e-06	1.90156e-08
XM_011525327.3	5595	5367.29	6.76871	0.0567535
XM_011525330.2	5068	4840.29	55.8695	0.519452
XM_011525332.4	8242	8014.29	20.5525	0.11541
XM_011525333.4	8238	8010.29	13.5873	0.0763357
XM_011525334.3	9616	9388.29	1.71805	0.00823551
XM_011525335.4	8182	7954.29	0	0
XM_011525336.3	8122	7894.29	96.0385	0.547488
XM_011525339.4	2985	2757.29	0.00439503	7.17333e-05
XM_011525340.4	3157	2929.29	0.0127245	0.000195488
XM_011525341.4	2743	2515.29	36.5247	0.653492
XM_011525342.2	2567	2339.29	0	0
XM_011525343.2	1716	1488.29	1.48711	0.0449674
XM_011525344.3	5480	5252.29	0	0
XM_011525345.3	2443	2215.29	17.5497	0.356518
XM_011525358.2	3524	3296.29	0	0
XM_011525359.2	3519	3291.29	0	0
XM_011525362.2	3521	3293.29	0	0
XM_011525367.2	3426	3198.29	0	0
XM_011525368.3	2922	2694.29	0	0
XM_011525369.2	3206	2978.29	0	0
XM_011525370.2	3203	2975.29	0	0
XM_011525371.2	6898	6670.29	0	0
XM_011525372.2	6856	6628.29	0	0
XM_011525373.2	6979	6751.29	0.000276513	1.8432e-06
XM_011525374.2	6826	6598.29	0	0
XM_011525375.2	21261	21033.3	42.5039	0.0909419
XM_011525376.2	6813	6585.29	0	0
XM_011525378.2	6957	6729.29	7.31693e-06	4.8933e-08
XM_011525379.4	6283	6055.29	164.719	1.2242
XM_011525382.2	3970	3742.29	4.36928	0.0525429
XM_011525383.3	3885	3657.29	4.83003	0.0594336
XM_011525386.4	2511	2283.29	0	0
XM_011525387.4	2493	2265.29	0	0
XM_011525388.3	1434	1206.29	4.39881	0.164106
XM_011525389.4	1952	1724.29	45.2978	1.18225
XM_011525390.4	2372	2144.29	3.62049	0.0759846
XM_011525391.4	1828	1600.29	0	0
XM_011525394.4	8853	8625.29	0	0
XM_011525395.3	2046	1818.29	10.0309	0.248267
XM_011525396.3	1781	1553.29	0	0
XM_011525399.3	2511	2283.29	12.1465	0.239403
XM_011525400.2	3982	3754.29	78.4713	0.940643
XM_011525401.3	3005	2777.29	0	0
XM_011525404.3	9995	9767.29	14.9436	0.0688533
XM_011525407.1	9047	8819.29	0	0
XM_011525416.3	13737	13509.3	1.26194e-06	4.20386e-09
XM_011525419.3	4104	3876.29	0	0
XM_011525420.4	3974	3746.29	0	0
XM_011525427.4	1370	1142.29	2.91989	0.115035
XM_011525429.3	6011	5783.29	0	0
XM_011525431.3	2893	2665.29	5.08049	0.0857834
XM_011525441.3	4595	4367.29	23.3692	0.24081
XM_011525450.4	2510	2282.29	0	0
XM_011525452.2	2363	2135.29	0	0
XM_011525453.3	2291	2063.29	0	0
XM_011525454.4	1585	1357.29	0	0
XM_011525459.3	1548	1320.29	27.9249	0.951838
XM_011525460.4	7019	6791.29	0	0
XM_011525461.4	3741	3513.29	0	0
XM_011525462.2	1804	1576.29	0	0
XM_011525468.3	1178	950.293	1	0.047357
XM_011525469.2	3052	2824.29	0	0
XM_011525474.4	1816	1588.29	0	0
XM_011525475.4	4342	4114.29	0	0
XM_011525477.2	3237	3009.29	26.0043	0.388887
XM_011525478.3	3151	2923.29	0	0
XM_011525480.2	2482	2254.29	0	0
XM_011525484.2	2740	2512.29	0	0
XM_011525485.3	2696	2468.29	0	0
XM_011525486.3	2650	2422.29	0	0
XM_011525487.3	2728	2500.29	0	0
XM_011525488.3	2629	2401.29	0	0
XM_011525489.3	2025	1797.29	0	0
XM_011525490.3	3441	3213.29	0	0
XM_011525491.3	3438	3210.29	0	0
XM_011525495.3	1705	1477.29	0	0
XM_011525501.4	4504	4276.29	0	0
XM_011525502.4	784	556.487	330.356	26.7159
XM_011525504.4	2915	2687.29	0	0
XM_011525505.3	4615	4387.29	57.1813	0.586543
XM_011525506.4	4594	4366.29	121.028	1.24742
XM_011525507.3	3172	2944.29	0	0
XM_011525508.3	2889	2661.29	0	0
XM_011525514.3	5544	5316.29	22.9884	0.1946
XM_011525525.1	5057	4829.29	4.9387e-08	4.60226e-10
XM_011525528.3	3616	3388.29	0	0
XM_011525541.3	4684	4456.29	91.0654	0.919649
XM_011525542.2	4726	4498.29	0.898789	0.00899192
XM_011525543.2	3612	3384.29	858.849	11.4207
XM_011525544.2	14027	13799.3	0	0
XM_011525546.4	5845	5617.29	0	0
XM_011525547.4	2468	2240.29	1363.66	27.3933
XM_011525548.4	5700	5472.29	0	0
XM_011525549.3	5687	5459.29	0	0
XM_011525551.3	10302	10074.3	73.9482	0.330336
XM_011525552.3	6067	5839.29	133.451	1.0285
XM_011525553.4	9863	9635.29	140.851	0.657868
XM_011525569.3	1142	914.293	0	0
XM_011525601.4	2959	2731.29	77.2751	1.27325
XM_011525638.4	6869	6641.29	1308.58	8.86726
XM_011525640.4	7187	6959.29	0	0
XM_011525642.2	8936	8708.29	1.48716e-05	7.68543e-08
XM_011525648.4	1562	1334.29	0	0
XM_011525651.3	2054	1826.29	0	0
XM_011525659.4	1310	1082.29	0	0
XM_011525664.3	3799	3571.29	0	0
XM_011525665.3	3572	3344.29	0	0
XM_011525666.3	2904	2676.29	0	0
XM_011525673.3	7789	7561.29	33.5763	0.199838
XM_011525675.4	7693	7465.29	152.142	0.917158
XM_011525701.2	5812	5584.29	1.01254	0.0081599
XM_011525702.2	5259	5031.29	12.127	0.108472
XM_011525703.3	1813	1585.29	10.9275	0.310208
XM_011525708.3	5721	5493.29	0	0
XM_011525712.3	5646	5418.29	0	0
XM_011525723.4	10652	10424.3	0	0
XM_011525725.4	10562	10334.3	0	0
XM_011525726.4	10469	10241.3	0	0
XM_011525730.4	3310	3082.29	8.70938	0.127161
XM_011525731.4	3916	3688.29	0.142969	0.00174445
XM_011525732.3	2326	2098.29	0	0
XM_011525737.2	8572	8344.29	0	0
XM_011525741.3	5673	5445.29	84.9035	0.701692
XM_011525742.4	1911	1683.29	0.620433	0.0165874
XM_011525743.3	1764	1536.29	0	0
XM_011525744.2	3538	3310.29	41.5286	0.564577
XM_011525749.3	8964	8736.29	73.3284	0.377735
XM_011525750.3	4479	4251.29	18.0979	0.191579
XM_011525751.2	8835	8607.29	24.8911	0.130143
XM_011525753.3	3884	3656.29	49.3725	0.607696
XM_011525754.3	3791	3563.29	37.3369	0.471552
XM_011525756.3	3340	3112.29	21.336	0.308515
XM_011525757.2	3697	3469.29	0	0
XM_011525758.2	3656	3428.29	0	0
XM_011525759.2	3790	3562.29	0	0
XM_011525760.2	3670	3442.29	0	0
XM_011525762.3	11019	10791.3	0	0
XM_011525763.3	2102	1874.29	0	0
XM_011525767.3	2889	2661.29	0	0
XM_011525771.4	2315	2087.29	0.0836344	0.0018032
XM_011525772.4	2129	1901.29	0	0
XM_011525774.2	2712	2484.29	68.4205	1.23944
XM_011525775.4	6022	5794.29	0	0
XM_011525776.2	5971	5743.29	29.7118	0.232815
XM_011525779.4	5689	5461.29	0	0
XM_011525788.1	3997	3769.29	22.473	0.268314
XM_011525789.4	3336	3108.29	25.0914	0.363283
XM_011525794.2	1636	1408.29	23.5731	0.753295
XM_011525797.2	1587	1359.29	82.0419	2.71622
XM_011525798.2	4696	4468.29	124.248	1.25138
XM_011525799.4	4398	4170.29	14.737	0.159033
XM_011525804.3	5251	5023.29	0	0
XM_011525810.3	2499	2271.29	0	0
XM_011525811.3	2744	2516.29	0	0
XM_011525812.4	812	584.487	0	0
XM_011525814.4	4788	4560.29	11.4866	0.113355
XM_011525818.2	1877	1649.29	0	0
XM_011525822.3	5319	5091.29	12.9851	0.114778
XM_011525824.3	3279	3051.29	0	0
XM_011525830.3	3288	3060.29	20.1215	0.295896
XM_011525831.4	5737	5509.29	8.06177	0.0658532
XM_011525832.4	5855	5627.29	47.6781	0.381296
XM_011525835.3	1291	1063.29	85.5341	3.62017
XM_011525844.3	10050	9822.29	0	0
XM_011525847.4	1361	1133.29	26.4381	1.04986
XM_011525850.3	5576	5348.29	2.73423	0.0230071
XM_011525856.2	1465	1237.29	0	0
XM_011525858.2	3502	3274.29	0	0
XM_011525860.1	907	679.293	0	0
XM_011525864.3	5036	4808.29	0	0
XM_011525865.4	5276	5048.29	0	0
XM_011525878.3	9133	8905.29	54.7615	0.276739
XM_011525879.3	9313	9085.29	0	0
XM_011525881.2	7608	7380.29	1.42052	0.00866198
XM_011525883.3	5091	4863.29	0	0
XM_011525887.4	8523	8295.29	0	0
XM_011525888.3	4876	4648.29	0	0
XM_011525889.2	8053	7825.29	0	0
XM_011525890.2	8236	8008.29	0	0
XM_011525891.2	7874	7646.29	0	0
XM_011525892.2	7976	7748.29	0	0
XM_011525893.2	7927	7699.29	0	0
XM_011525894.2	7797	7569.29	0	0
XM_011525895.2	7850	7622.29	0	0
XM_011525896.2	7996	7768.29	0	0
XM_011525898.2	3206	2978.29	349.331	5.27852
XM_011525902.3	7593	7365.29	0	0
XM_011525903.3	7404	7176.29	0	0
XM_011525904.4	7616	7388.29	14.4301	0.0878957
XM_011525905.3	5449	5221.29	0	0
XM_011525906.3	6558	6330.29	0	0
XM_011525907.3	4941	4713.29	26.4808	0.252841
XM_011525909.4	4884	4656.29	26.4996	0.256118
XM_011525910.4	6774	6546.29	2.04397	0.0140515
XM_011525911.3	4983	4755.29	18.2911	0.173103
XM_011525917.4	1532	1304.29	26.2681	0.906348
XM_011525923.4	2191	1963.29	0	0
XM_011525930.3	742	514.753	3.17986	0.278004
XM_011525931.4	5647	5419.29	8.33634	0.0692269
XM_011525932.2	4136	3908.29	11.8627	0.136596
XM_011525933.3	761	533.648	0	0
XM_011525940.3	2418	2190.29	6.22264	0.127854
XM_011525942.4	7859	7631.29	0	0
XM_011525951.2	3289	3061.29	0	0
XM_011525954.3	1800	1572.29	0	0
XM_011525955.2	1737	1509.29	0	0
XM_011525963.3	4615	4387.29	0	0
XM_011525964.3	4439	4211.29	0.000495339	5.29333e-06
XM_011525966.3	4960	4732.29	0	0
XM_011525971.3	15701	15473.3	6.67976	0.0194277
XM_011525972.3	3799	3571.29	0	0
XM_011525973.3	3573	3345.29	0	0
XM_011525974.3	3595	3367.29	0	0
XM_011525978.3	10678	10450.3	0	0
XM_011525979.3	10669	10441.3	0	0
XM_011525980.3	10660	10432.3	2.03112e-08	8.7619e-11
XM_011525981.3	10546	10318.3	0	0
XM_011525982.3	10381	10153.3	0	0
XM_011526002.3	4596	4368.29	0	0
XM_011526007.3	4521	4293.29	258.725	2.712
XM_011526013.3	2078	1850.29	1	0.0243221
XM_011526014.3	1925	1697.29	0	0
XM_011526016.4	7706	7478.29	2.10204	0.0126497
XM_011526023.4	6047	5819.29	0.000115611	8.94071e-07
XM_011526027.2	2229	2001.29	0	0
XM_011526028.1	1925	1697.29	2.35451	0.062429
XM_011526029.4	3127	2899.29	0	0
XM_011526034.4	1936	1708.29	0	0
XM_011526035.4	2863	2635.29	94.323	1.61076
XM_011526036.3	10097	9869.29	1.48253	0.00676021
XM_011526037.2	10094	9866.29	1.75147	0.00798898
XM_011526038.3	10094	9866.29	2.58998	0.0118137
XM_011526039.3	2780	2552.29	93.4291	1.64738
XM_011526041.3	9914	9686.29	4.60342	0.0213878
XM_011526042.3	2803	2575.29	0.000425506	7.43568e-06
XM_011526045.4	898	670.361	0	0
XM_011526046.4	5465	5237.29	0.452462	0.00388793
XM_011526047.4	790	562.487	0	0
XM_011526067.3	2846	2618.29	32.8631	0.564849
XM_011526069.4	8151	7923.29	4.84084	0.0274952
XM_011526070.3	5662	5434.29	6.91761	0.0572869
XM_011526074.3	5033	4805.29	0	0
XM_011526075.4	5010	4782.29	0	0
XM_011526076.3	5104	4876.29	0	0
XM_011526077.2	5747	5519.29	0	0
XM_011526078.2	3852	3624.29	0	0
XM_011526098.2	9252	9024.29	40.3594	0.201267
XM_011526099.3	5167	4939.29	0	0
XM_011526100.4	1469	1241.29	0	0
XM_011526111.3	8641	8413.29	0	0
XM_011526112.3	8570	8342.29	0	0
XM_011526117.4	10729	10501.3	97.4064	0.417433
XM_011526122.2	13457	13229.3	334.675	1.13849
XM_011526132.3	3272	3044.29	0	0
XM_011526135.4	2984	2756.29	2.59955	0.0424438
XM_011526138.2	1726	1498.29	1.3034e-06	3.91493e-08
XM_011526142.2	5935	5707.29	7.33249	0.057818
XM_011526144.2	1308	1080.29	4.80954	0.200357
XM_011526145.2	3417	3189.29	37.6697	0.531545
XM_011526153.3	2393	2165.29	0	0
XM_011526165.4	10444	10216.3	162.274	0.714822
XM_011526166.3	9925	9697.29	0	0
XM_011526168.3	4915	4687.29	72.0214	0.691483
XM_011526169.4	4818	4590.29	120.634	1.18269
XM_011526179.4	9275	9047.29	0	0
XM_011526188.1	2155	1927.29	5.9957	0.140002
XM_011526189.2	5742	5514.29	0	0
XM_011526190.3	5718	5490.29	0	0
XM_011526192.2	5667	5439.29	0	0
XM_011526193.4	8781	8553.29	0	0
XM_011526195.2	5445	5217.29	0	0
XM_011526196.2	5217	4989.29	0	0
XM_011526197.2	5643	5415.29	0	0
XM_011526199.3	4043	3815.29	0	0
XM_011526200.3	4196	3968.29	0	0
XM_011526201.3	3991	3763.29	0	0
XM_011526202.2	4008	3780.29	0	0
XM_011526203.3	3944	3716.29	41.7535	0.505621
XM_011526204.4	1681	1453.29	0	0
XM_011526205.3	16786	16558.3	1.39188	0.00378293
XM_011526206.3	11368	11140.3	0	0
XM_011526209.2	11507	11279.3	0	0
XM_011526212.2	11504	11276.3	0	0
XM_011526219.4	2075	1847.29	0	0
XM_011526220.3	2559	2331.29	0	0
XM_011526221.4	5118	4890.29	44.4859	0.409383
XM_011526223.4	1928	1700.29	0	0
XM_011526226.4	4996	4768.29	0	0
XM_011526227.3	2247	2019.29	3.57873e-07	7.97575e-09
XM_011526228.4	2245	2017.29	39.8329	0.888618
XM_011526229.3	5405	5177.29	52.3217	0.454801
XM_011526230.3	5278	5050.29	4.9972	0.0445299
XM_011526231.3	5221	4993.29	22.0067	0.19834
XM_011526233.3	3096	2868.29	18.0028	0.282461
XM_011526237.3	4790	4562.29	0	0
XM_011526238.3	4402	4174.29	0	0
XM_011526239.4	3712	3484.29	0	0
XM_011526243.2	2735	2507.29	23.1562	0.415628
XM_011526244.3	8163	7935.29	0	0
XM_011526245.3	8232	8004.29	0	0
XM_011526246.2	3845	3617.29	0	0
XM_011526248.2	3663	3435.29	0	0
XM_011526249.1	3635	3407.29	0	0
XM_011526260.4	958	730.293	9.99192	0.615735
XM_011526261.2	5536	5308.29	5.78032	0.0490048
XM_011526269.3	8532	8304.29	164.017	0.888847
XM_011526270.4	8889	8661.29	51.6182	0.268202
XM_011526273.4	8564	8336.29	560.781	3.02735
XM_011526274.4	8579	8351.29	388.661	2.0944
XM_011526275.3	9474	9246.29	176.844	0.860724
XM_011526278.4	5400	5172.29	0	0
XM_011526279.3	5839	5611.29	140.852	1.12965
XM_011526288.3	2404	2176.29	0	0
XM_011526298.3	1361	1133.29	0	0
XM_011526304.3	3943	3715.29	3.02287	0.0366158
XM_011526316.2	6252	6024.29	78.961	0.58986
XM_011526317.3	6310	6082.29	0	0
XM_011526320.2	5793	5565.29	115.055	0.930382
XM_011526322.3	2967	2739.29	2.20999	0.0363073
XM_011526327.2	2681	2453.29	25.7028	0.471492
XM_011526328.3	1821	1593.29	116.582	3.29289
XM_011526340.3	1543	1315.29	0	0
XM_011526341.2	965	737.293	0	0
XM_011526342.2	967	739.293	0	0
XM_011526343.2	5633	5405.29	0	0
XM_011526350.3	1179	951.293	0	0
XM_011526352.2	5118	4890.29	0	0
XM_011526354.2	5429	5201.29	0	0
XM_011526364.3	2161	1933.29	1.32525	0.0308492
XM_011526369.2	1362	1134.29	0	0
XM_011526370.3	1251	1023.29	0	0
XM_011526371.3	1370	1142.29	0	0
XM_011526372.3	1283	1055.29	0	0
XM_011526373.2	1292	1064.29	0	0
XM_011526381.3	2796	2568.29	0	0
XM_011526382.3	2796	2568.29	0	0
XM_011526390.2	1277	1049.29	0	0
XM_011526391.2	980	752.293	0	0
XM_011526392.4	3733	3505.29	193.726	2.48717
XM_011526393.4	3546	3318.29	36.2349	0.491422
XM_011526394.4	3546	3318.29	41.4854	0.56263
XM_011526395.4	3546	3318.29	0	0
XM_011526396.2	2307	2079.29	79.0656	1.71125
XM_011526397.4	1691	1463.29	53.01	1.6303
XM_011526402.4	1689	1461.29	0	0
XM_011526404.2	2751	2523.29	0	0
XM_011526408.4	3910	3682.29	0	0
XM_011526410.2	2266	2038.29	202.667	4.47464
XM_011526411.3	5057	4829.29	0	0
XM_011526412.3	5024	4796.29	0	0
XM_011526414.4	5787	5559.29	359.458	2.90985
XM_011526415.4	3654	3426.29	3.013e-05	3.95746e-07
XM_011526416.2	4382	4154.29	40.0502	0.43386
XM_011526417.2	4355	4127.29	0	0
XM_011526418.2	4224	3996.29	0	0
XM_011526420.2	4287	4059.29	0	0
XM_011526421.3	3562	3334.29	0	0
XM_011526423.3	1094	866.293	4.70518	0.24443
XM_011526424.4	939	711.293	0	0
XM_011526428.3	1262	1034.29	14.3333	0.623655
XM_011526429.3	2040	1812.29	0	0
XM_011526430.3	2004	1776.29	0	0
XM_011526431.3	2123	1895.29	0	0
XM_011526432.3	1127	899.293	0	0
XM_011526436.3	785	557.487	0	0
XM_011526437.3	764	536.541	0	0
XM_011526441.1	2926	2698.29	0	0
XM_011526443.4	3159	2931.29	4.46882	0.0686082
XM_011526449.3	3061	2833.29	6.15423	0.0977517
XM_011526450.3	953	725.293	0	0
XM_011526452.4	5103	4875.29	0	0
XM_011526453.4	4322	4094.29	0	0
XM_011526454.4	3258	3030.29	0	0
XM_011526455.4	3042	2814.29	22.5619	0.360786
XM_011526460.3	3524	3296.29	0	0
XM_011526462.4	4090	3862.29	20.3497	0.237113
XM_011526463.4	4667	4439.29	9.28148	0.0940904
XM_011526473.4	6457	6229.29	66.4965	0.4804
XM_011526483.2	1222	994.293	0	0
XM_011526484.3	1124	896.293	0	0
XM_011526486.3	1900	1672.29	0.257735	0.0069359
XM_011526487.3	1572	1344.29	4.72709	0.15825
XM_011526488.3	2346	2118.29	0	0
XM_011526489.4	4357	4129.29	0	0
XM_011526490.3	2340	2112.29	0	0
XM_011526494.3	2401	2173.29	0	0
XM_011526495.3	2420	2192.29	0	0
XM_011526497.3	2336	2108.29	0	0
XM_011526499.3	3290	3062.29	0	0
XM_011526500.3	2587	2359.29	47.202	0.90037
XM_011526503.3	3682	3454.29	0	0
XM_011526504.3	3806	3578.29	0	0
XM_011526507.4	3634	3406.29	0	0
XM_011526508.3	3590	3362.29	1.15773	0.0154958
XM_011526510.3	3466	3238.29	0	0
XM_011526511.3	2052	1824.29	0	0
XM_011526512.3	3618	3390.29	42.0537	0.558225
XM_011526514.3	2097	1869.29	0	0
XM_011526517.3	6911	6683.29	17.8808	0.120403
XM_011526526.3	5993	5765.29	33.7137	0.263164
XM_011526528.2	4662	4434.29	0.580585	0.00589229
XM_011526529.4	4659	4431.29	0.0615612	0.0006252
XM_011526530.2	4641	4413.29	0.81508	0.00831151
XM_011526531.2	4629	4401.29	24.7549	0.253118
XM_011526532.2	4496	4268.29	0	0
XM_011526533.4	4857	4629.29	134.597	1.30847
XM_011526535.3	4362	4134.29	0.22622	0.00246248
XM_011526536.4	1015	787.293	36.8897	2.10868
XM_011526538.4	4131	3903.29	11.5224	0.132848
XM_011526539.4	3644	3416.29	0	0
XM_011526556.3	3529	3301.29	0.67864	0.00925119
XM_011526557.4	3463	3235.29	70.49	0.98052
XM_011526558.4	4080	3852.29	25.7003	0.300235
XM_011526559.4	3942	3714.29	0	0
XM_011526572.2	1927	1699.29	6.56063	0.173748
XM_011526593.3	8845	8617.29	106.004	0.553599
XM_011526603.3	2132	1904.29	0	0
XM_011526605.4	712	484.852	388.133	36.0259
XM_011526611.3	4030	3802.29	502.02	5.94179
XM_011526623.3	954	726.293	1360.56	84.3037
XM_011526624.3	1406	1178.29	0	0
XM_011526625.4	2539	2311.29	0	0
XM_011526629.4	2472	2244.29	141.045	2.82826
XM_011526655.2	1652	1424.29	23.8154	0.752491
XM_011526657.3	7985	7757.29	0	0
XM_011526662.3	8296	8068.29	128.577	0.717174
XM_011526664.3	8293	8065.29	110.229	0.615062
XM_011526665.3	8293	8065.29	268.92	1.50053
XM_011526666.3	8290	8062.29	188.376	1.0515
XM_011526667.3	6261	6033.29	0	0
XM_011526668.4	6117	5889.29	0	0
XM_011526669.4	6156	5928.29	0	0
XM_011526670.4	6373	6145.29	0	0
XM_011526675.3	871	643.427	2.03637	0.142429
XM_011526676.4	893	665.361	3.25065	0.219864
XM_011526677.3	855	627.427	0	0
XM_011526678.3	817	589.487	9.16448	0.699642
XM_011526680.3	596	370.951	0	0
XM_011526684.3	4133	3905.29	62.4803	0.719999
XM_011526686.3	878	650.427	0	0
XM_011526687.3	2621	2393.29	0	0
XM_011526688.3	1608	1380.29	0	0
XM_011526689.3	1473	1245.29	0	0
XM_011526690.3	1050	822.293	0	0
XM_011526691.2	1777	1549.29	42.7284	1.24115
XM_011526702.2	1324	1096.29	0	0
XM_011526703.3	1392	1164.29	0	0
XM_011526704.4	3061	2833.29	4.05361	0.0643862
XM_011526708.4	5873	5645.29	0	0
XM_011526709.3	3436	3208.29	0	0
XM_011526710.3	3517	3289.29	0	0
XM_011526713.3	3187	2959.29	9.80981	0.149181
XM_011526715.3	3030	2802.29	0	0
XM_011526716.3	1094	866.293	0	0
XM_011526721.4	1427	1199.29	0	0
XM_011526722.3	1705	1477.29	11.4752	0.349573
XM_011526725.2	856	628.427	0	0
XM_011526726.3	924	696.293	0	0
XM_011526732.4	2168	1940.29	1	0.023194
XM_011526734.3	2916	2688.29	0	0
XM_011526752.3	726	498.753	4888.8	441.123
XM_011526754.4	4450	4222.29	0	0
XM_011526761.2	4249	4021.29	0	0
XM_011526762.2	4514	4286.29	148.275	1.55678
XM_011526765.3	4348	4120.29	0	0
XM_011526766.3	4433	4205.29	18.7709	0.200878
XM_011526767.4	4736	4508.29	4.3527	0.04345
XM_011526771.4	3711	3483.29	0	0
XM_011526772.4	3723	3495.29	0	0
XM_011526774.4	2769	2541.29	0.000991852	1.75644e-05
XM_011526775.3	2515	2287.29	0	0
XM_011526776.4	2697	2469.29	0	0
XM_011526778.4	2580	2352.29	0	0
XM_011526779.4	2165	1937.29	0	0
XM_011526782.4	1661	1433.29	32.9824	1.0356
XM_011526783.4	2379	2151.29	0	0
XM_011526784.4	2092	1864.29	3.32981e-06	8.03799e-08
XM_011526785.4	1968	1740.29	13.4204	0.347044
XM_011526786.4	2711	2483.29	0	0
XM_011526787.2	1324	1096.29	0	0
XM_011526788.2	1235	1007.29	0	0
XM_011526789.3	1227	999.293	0	0
XM_011526790.3	1273	1045.29	0	0
XM_011526791.4	2256	2028.29	0	0
XM_011526792.2	1338	1110.29	7.10444	0.287962
XM_011526793.4	2378	2150.29	0	0
XM_011526799.3	6942	6714.29	0	0
XM_011526804.3	6504	6276.29	0	0
XM_011526805.3	4560	4332.29	9.00268	0.0935182
XM_011526807.3	1918	1690.29	0	0
XM_011526808.3	2047	1819.29	18.6394	0.461074
XM_011526809.3	1723	1495.29	0	0
XM_011526821.2	1621	1393.29	0	0
XM_011526840.3	3738	3510.29	0	0
XM_011526841.3	3360	3132.29	65.9914	0.948128
XM_011526842.2	3191	2963.29	178.117	2.70503
XM_011526843.2	2518	2290.29	0	0
XM_011526844.3	2514	2286.29	98.6972	1.94274
XM_011526845.2	1351	1123.29	0	0
XM_011526846.2	1261	1033.29	0	0
XM_011526847.2	1329	1101.29	0	0
XM_011526848.2	1168	940.293	0	0
XM_011526849.2	1057	829.293	0	0
XM_011526850.4	1580	1352.29	1	0.0332791
XM_011526854.4	1331	1103.29	0	0
XM_011526856.4	1282	1054.29	0	0
XM_011526857.3	906	678.293	0	0
XM_011526858.3	1985	1757.29	0	0
XM_011526859.4	2793	2565.29	0	0
XM_011526860.3	3343	3115.29	10.3649	0.14973
XM_011526861.4	2352	2124.29	0	0
XM_011526862.3	4497	4269.29	0	0
XM_011526865.2	4282	4054.29	0	0
XM_011526869.3	3194	2966.29	0	0
XM_011526870.3	3286	3058.29	0	0
XM_011526871.3	2565	2337.29	0	0
XM_011526872.2	5728	5500.29	881.154	7.20955
XM_011526874.3	510	289.15	0	0
XM_011526878.2	1626	1398.29	33.7761	1.08706
XM_011526884.3	1977	1749.29	128.138	3.29654
XM_011526888.3	1959	1731.29	50.083	1.30185
XM_011526902.3	2236	2008.29	0	0
XM_011526903.3	2206	1978.29	0	0
XM_011526905.3	1447	1219.29	0	0
XM_011526906.4	1014	786.293	0	0
XM_011526907.4	4370	4142.29	0	0
XM_011526908.4	4430	4202.29	8.66112	0.0927534
XM_011526915.4	2446	2218.29	0	0
XM_011526917.3	6079	5851.29	30.5325	0.23483
XM_011526929.3	1892	1664.29	0	0
XM_011526930.3	1892	1664.29	0	0
XM_011526931.3	1838	1610.29	0	0
XM_011526933.3	4778	4550.29	0	0
XM_011526936.3	3624	3396.29	0	0
XM_011526950.4	3134	2906.29	13.5861	0.210376
XM_011526953.3	643	416.972	0	0
XM_011526956.3	3956	3728.29	0	0
XM_011526961.3	629	403.218	0	0
XM_011526966.4	3015	2787.29	0	0
XM_011526967.4	2765	2537.29	3.83809	0.0680749
XM_011526969.3	2761	2533.29	0	0
XM_011526971.3	823	595.427	1.7128	0.129455
XM_011526973.3	1082	854.293	0	0
XM_011526980.4	5333	5105.29	18.0327	0.158958
XM_011526981.3	3778	3550.29	0	0
XM_011526982.4	3424	3196.29	23.1286	0.325645
XM_011526986.2	1752	1524.29	0	0
XM_011526990.3	2477	2249.29	0	0
XM_011526993.4	2515	2287.29	0.0124455	0.000244869
XM_011527008.3	994	766.293	0	0
XM_011527009.3	1967	1739.29	0.637638	0.0164985
XM_011527011.4	856	628.427	0	0
XM_011527012.3	723	495.802	0	0
XM_011527013.3	9660	9432.29	17.9493	0.085639
XM_011527014.3	9609	9381.29	75.0507	0.360027
XM_011527015.3	1333	1105.29	0.0691256	0.00281452
XM_011527017.3	1326	1098.29	7.53415	0.308715
XM_011527026.3	1785	1557.29	8.7545	0.25299
XM_011527038.2	3523	3295.29	191.737	2.61851
XM_011527041.4	6983	6755.29	6.69087e-06	4.45739e-08
XM_011527042.4	6935	6707.29	1.76518e-05	1.18436e-07
XM_011527045.3	2994	2766.29	635.994	10.3466
XM_011527048.4	753	525.701	0	0
XM_011527050.2	2309	2081.29	0	0
XM_011527051.4	1609	1381.29	0	0
XM_011527052.4	1949	1721.29	0	0
XM_011527057.3	2717	2489.29	0	0
XM_011527060.4	3119	2891.29	0	0
XM_011527062.3	2656	2428.29	8.97579	0.166347
XM_011527067.3	3755	3527.29	20.5014	0.261568
XM_011527076.4	5483	5255.29	0	0
XM_011527078.4	5082	4854.29	0.156989	0.00145541
XM_011527087.3	1102	874.293	0	0
XM_011527088.3	1220	992.293	0	0
XM_011527111.4	2846	2618.29	0	0
XM_011527113.2	2587	2359.29	0	0
XM_011527114.2	2609	2381.29	0	0
XM_011527115.2	2621	2393.29	0	0
XM_011527116.2	2773	2545.29	0	0
XM_011527118.4	1669	1441.29	0	0
XM_011527119.2	2357	2129.29	0	0
XM_011527120.2	2152	1924.29	0	0
XM_011527124.2	1384	1156.29	5.99953	0.233502
XM_011527125.2	1993	1765.29	0	0
XM_011527126.3	1594	1366.29	0	0
XM_011527127.3	1339	1111.29	3.03606	0.122949
XM_011527132.4	1290	1062.29	192.245	8.1443
XM_011527136.4	2166	1938.29	0	0
XM_011527145.3	4645	4417.29	0	0
XM_011527148.2	9319	9091.29	25.7951	0.127689
XM_011527149.3	2656	2428.29	0	0
XM_011527153.2	2892	2664.29	0	0
XM_011527155.2	2961	2733.29	42.8464	0.705456
XM_011527157.2	3085	2857.29	0.344585	0.0054273
XM_011527158.4	2977	2749.29	0.00485595	7.94869e-05
XM_011527159.2	2563	2335.29	0	0
XM_011527162.3	1627	1399.29	0	0
XM_011527164.4	5296	5068.29	0	0
XM_011527165.4	5084	4856.29	3.05903e-07	2.83479e-09
XM_011527183.2	3944	3716.29	0	0
XM_011527188.2	3920	3692.29	0	0
XM_011527190.2	3258	3030.29	0	0
XM_011527194.4	4249	4021.29	47.4462	0.53098
XM_011527198.4	1937	1709.29	49.4199	1.30115
XM_011527205.3	15313	15085.3	1.97783	0.00590034
XM_011527206.3	1163	935.293	0	0
XM_011527208.3	4398	4170.29	17.2218	0.185847
XM_011527216.3	773	545.487	0	0
XM_011527217.3	1185	957.293	0	0
XM_011527219.4	997	769.293	0	0
XM_011527222.1	2460	2232.29	0	0
XM_011527224.1	2594	2366.29	0	0
XM_011527227.3	2734	2506.29	0	0
XM_011527228.4	3356	3128.29	5.8449	0.0840837
XM_011527229.4	3031	2803.29	0	0
XM_011527230.4	2987	2759.29	0	0
XM_011527237.3	2557	2329.29	0	0
XM_011527238.2	2783	2555.29	7.51644	0.132377
XM_011527239.4	2724	2496.29	17.7697	0.320351
XM_011527240.3	1212	984.293	38.5974	1.76472
XM_011527241.3	1161	933.293	964.167	46.4918
XM_011527242.3	2783	2555.29	859.231	15.1325
XM_011527246.4	1051	823.293	0	0
XM_011527260.3	972	744.293	39.1636	2.368
XM_011527261.3	3651	3423.29	64.093	0.842575
XM_011527264.4	2712	2484.29	25.0722	0.454183
XM_011527267.2	4009	3781.29	23.6326	0.281263
XM_011527269.2	3922	3694.29	27.1565	0.330814
XM_011527271.2	3620	3392.29	26.7525	0.354906
XM_011527273.2	3839	3611.29	101.106	1.25995
XM_011527278.4	2687	2459.29	0	0
XM_011527285.3	4480	4252.29	9.75084	0.103196
XM_011527286.3	5149	4921.29	4.29448	0.0392712
XM_011527289.3	3332	3104.29	0	0
XM_011527290.1	3028	2800.29	33.6129	0.540188
XM_011527292.3	4938	4710.29	49.7734	0.475545
XM_011527294.4	2169	1941.29	8.10316	0.187848
XM_011527296.3	4194	3966.29	0	0
XM_011527297.3	4191	3963.29	0	0
XM_011527298.3	4034	3806.29	71.5759	0.846266
XM_011527299.4	2330	2102.29	0	0
XM_011527300.3	2441	2213.29	8.00587	0.162784
XM_011527306.3	3260	3032.29	157.911	2.3436
XM_011527307.2	3321	3093.29	26.08	0.379428
XM_011527309.4	3016	2788.29	7.42842	0.119895
XM_011527310.3	3871	3643.29	10.7981	0.133381
XM_011527311.3	3701	3473.29	0	0
XM_011527312.3	3445	3217.29	9.95344	0.139227
XM_011527313.3	3777	3549.29	30.9496	0.392424
XM_011527314.3	3757	3529.29	30.9483	0.394632
XM_011527316.3	3302	3074.29	26.8229	0.392647
XM_011527317.4	1829	1601.29	24.4761	0.687882
XM_011527325.4	4225	3997.29	0	0
XM_011527340.2	1594	1366.29	0	0
XM_011527341.3	1642	1414.29	2.88575	0.0918252
XM_011527343.2	1776	1548.29	32.966	0.958197
XM_011527346.2	1609	1381.29	10.5392	0.343373
XM_011527349.3	977	749.293	0	0
XM_011527350.3	915	687.293	5.90735	0.386805
XM_011527351.3	2160	1932.29	1	0.02329
XM_011527354.2	4205	3977.29	291.619	3.29967
XM_011527356.2	2280	2052.29	0	0
XM_011527357.3	2302	2074.29	0	0
XM_011527358.3	2372	2144.29	0	0
XM_011527359.2	1170	942.293	6271.08	299.501
XM_011527360.3	9009	8781.29	1.03148e-08	5.28623e-11
XM_011527362.2	3279	3051.29	0	0
XM_011527363.2	3270	3042.29	0	0
XM_011527365.2	2893	2665.29	0	0
XM_011527368.3	4901	4673.29	0	0
XM_011527369.3	4865	4637.29	0	0
XM_011527371.3	4717	4489.29	0	0
XM_011527372.4	5654	5426.29	0	0
XM_011527373.4	5644	5416.29	0	0
XM_011527374.4	5652	5424.29	0	0
XM_011527375.3	4199	3971.29	0	0
XM_011527394.3	4090	3862.29	33.6028	0.391537
XM_011527396.3	655	428.76	0	0
XM_011527397.3	580	355.279	0	0
XM_011527399.3	2144	1916.29	37.6224	0.88354
XM_011527400.3	2184	1956.29	2.69614	0.0620228
XM_011527401.1	2123	1895.29	0.0902055	0.0021419
XM_011527402.2	2125	1897.29	0.0212448	0.000503918
XM_011527403.2	2172	1944.29	3.61841	0.0837526
XM_011527404.3	2105	1877.29	3.80866	0.0913024
XM_011527405.4	1164	936.293	7.42243	0.35676
XM_011527406.4	1155	927.293	0	0
XM_011527415.4	3043	2815.29	33.8404	0.540946
XM_011527426.3	3382	3154.29	48.9468	0.698336
XM_011527428.2	5027	4799.29	0	0
XM_011527431.4	2432	2204.29	0	0
XM_011527432.4	1887	1659.29	7.27007	0.197178
XM_011527435.3	3097	2869.29	0	0
XM_011527436.2	1512	1284.29	0	0
XM_011527440.3	1945	1717.29	65.3986	1.71382
XM_011527443.3	3086	2858.29	3.38008	0.0532185
XM_011527444.2	2288	2060.29	0	0
XM_011527471.4	6627	6399.29	0	0
XM_011527473.4	6597	6369.29	0	0
XM_011527474.4	6507	6279.29	0	0
XM_011527475.3	6560	6332.29	0	0
XM_011527476.3	3917	3689.29	0	0
XM_011527479.2	3712	3484.29	0	0
XM_011527480.2	3712	3484.29	0	0
XM_011527482.2	3541	3313.29	0	0
XM_011527486.3	3613	3385.29	0	0
XM_011527491.4	5019	4791.29	0	0
XM_011527492.3	2020	1792.29	53.1809	1.33533
XM_011527493.3	2170	1942.29	41.8722	0.970183
XM_011527495.3	2145	1917.29	0	0
XM_011527497.3	2068	1840.29	0	0
XM_011527498.3	2103	1875.29	0	0
XM_011527500.3	2056	1828.29	0	0
XM_011527501.3	2050	1822.29	0	0
XM_011527520.4	4556	4328.29	3.00062	0.0311987
XM_011527522.3	12067	11839.3	0	0
XM_011527529.4	1093	865.293	0	0
XM_011527530.4	795	567.487	0	0
XM_011527531.3	2541	2313.29	0	0
XM_011527532.3	2478	2250.29	0	0
XM_011527533.4	3680	3452.29	0	0
XM_011527535.4	3647	3419.29	0	0
XM_011527536.4	3572	3344.29	0	0
XM_011527537.3	3539	3311.29	0	0
XM_011527538.4	3504	3276.29	0	0
XM_011527539.4	3165	2937.29	0	0
XM_011527542.4	1818	1590.29	2.68178	0.0758905
XM_011527543.4	1814	1586.29	0	0
XM_011527545.4	601	375.763	0	0
XM_011527550.3	7117	6889.29	0	0
XM_011527551.3	6404	6176.29	0	0
XM_011527554.3	7080	6852.29	0	0
XM_011527557.3	6987	6759.29	0	0
XM_011527558.3	6978	6750.29	0	0
XM_011527560.3	6900	6672.29	0	0
XM_011527561.3	8419	8191.29	38.7659	0.212981
XM_011527562.3	7935	7707.29	48.2146	0.281526
XM_011527571.3	2368	2140.29	0	0
XM_011527573.4	2540	2312.29	0	0
XM_011527574.3	2263	2035.29	1	0.0221114
XM_011527596.4	600	374.838	0	0
XM_011527598.4	3014	2786.29	0	0
XM_011527599.4	3031	2803.29	0	0
XM_011527603.3	1376	1148.29	0	0
XM_011527605.3	6619	6391.29	68.5806	0.482897
XM_011527607.3	3309	3081.29	80.7831	1.17986
XM_011527608.3	2798	2570.29	0	0
XM_011527609.3	2231	2003.29	0	0
XM_011527610.3	2754	2526.29	12.5141	0.222925
XM_011527613.3	2741	2513.29	0	0
XM_011527620.2	1550	1322.29	33.8643	1.15254
XM_011527626.3	2716	2488.29	1.6952e-06	3.06593e-08
XM_011527633.3	5207	4979.29	0	0
XM_011527634.2	4815	4587.29	0	0
XM_011527635.2	4814	4586.29	0	0
XM_011527638.3	3004	2776.29	121.006	1.96148
XM_011527644.1	3435	3207.29	0	0
XM_011527650.1	3773	3545.29	0	0
XM_011527651.3	2152	1924.29	201.127	4.70372
XM_011527656.2	1044	816.293	37.3949	2.06162
XM_011527667.4	665	438.717	0.747048	0.0766312
XM_011527668.1	1094	866.293	39.2862	2.04088
XM_011527673.3	1592	1364.29	0	0
XM_011527675.3	759	531.648	33.2221	2.81219
XM_011527678.3	1232	1004.29	10.0577	0.450693
XM_011527680.3	3812	3584.29	16.6291	0.208789
XM_011527682.3	1868	1640.29	17.5702	0.482057
XM_011527683.4	3421	3193.29	99.9365	1.40841
XM_011527684.3	2085	1857.29	394.29	9.55382
XM_011527685.3	2904	2676.29	0.000572542	9.62756e-06
XM_011527686.3	3188	2960.29	0	0
XM_011527692.3	2813	2585.29	0	0
XM_011527693.3	2713	2485.29	0	0
XM_011527694.2	2552	2324.29	0	0
XM_011527695.1	1844	1616.29	270.873	7.54203
XM_011527696.3	2831	2603.29	0	0
XM_011527697.3	2857	2629.29	0	0
XM_011527698.3	2849	2621.29	0	0
XM_011527699.3	2790	2562.29	0	0
XM_011527700.3	2561	2333.29	0	0
XM_011527703.3	4518	4290.29	47.1925	0.495026
XM_011527716.3	8530	8302.29	0	0
XM_011527725.3	2371	2143.29	0	0
XM_011527728.3	2398	2170.29	0	0
XM_011527729.3	2339	2111.29	0	0
XM_011527756.3	4060	3832.29	0	0
XM_011527758.3	3973	3745.29	0	0
XM_011527761.2	4170	3942.29	0	0
XM_011527764.4	3819	3591.29	0	0
XM_011527765.3	3989	3761.29	0	0
XM_011527768.3	2901	2673.29	6	0.101006
XM_011527778.3	4739	4511.29	0	0
XM_011527781.4	3774	3546.29	0	0
XM_011527786.3	2228	2000.29	0	0
XM_011527787.4	3483	3255.29	9.74725	0.134752
XM_011527789.2	1715	1487.29	0	0
XM_011527794.2	3388	3160.29	0	0
XM_011527796.3	7928	7700.29	0	0
XM_011527798.3	7913	7685.29	0	0
XM_011527801.3	7547	7319.29	20.4484	0.125728
XM_011527804.4	4902	4674.29	276.548	2.66254
XM_011527810.3	9955	9727.29	0.00438392	2.02821e-05
XM_011527811.3	9916	9688.29	1.08116	0.00502212
XM_011527814.3	5540	5312.29	208.296	1.76458
XM_011527817.3	4934	4706.29	29.9921	0.286794
XM_011527819.3	18442	18214.3	0.0733415	0.000181209
XM_011527820.3	18436	18208.3	0.115218	0.000284769
XM_011527821.3	18348	18120.3	88.3339	0.219384
XM_011527822.3	1180	952.293	46.8536	2.21419
XM_011527831.3	4769	4541.29	0	0
XM_011527836.3	7401	7173.29	0	0
XM_011527837.3	6508	6280.29	0	0
XM_011527839.3	6329	6101.29	0	0
XM_011527841.3	3484	3256.29	10.8418	0.149837
XM_011527844.3	5274	5046.29	26.2897	0.234453
XM_011527848.2	2245	2017.29	0	0
XM_011527849.2	2167	1939.29	75.6827	1.75629
XM_011527858.1	4204	3976.29	0	0
XM_011527861.2	908	680.293	0	0
XM_011527882.3	1245	1017.29	0	0
XM_011527884.2	3163	2935.29	0	0
XM_011527885.4	2754	2526.29	0	0
XM_011527886.4	2700	2472.29	0	0
XM_011527887.4	2625	2397.29	0	0
XM_011527888.4	2145	1917.29	0	0
XM_011527889.4	1953	1725.29	0	0
XM_011527890.4	1824	1596.29	0	0
XM_011527891.1	1802	1574.29	0	0
XM_011527892.1	1523	1295.29	0	0
XM_011527893.4	1891	1663.29	0	0
XM_011527894.3	1757	1529.29	0	0
XM_011527896.3	2293	2065.29	0	0
XM_011527901.2	918	690.293	0	0
XM_011527902.2	894	666.361	0	0
XM_011527903.4	889	661.427	0	0
XM_011527904.3	4155	3927.29	1.23571e-07	1.416e-09
XM_011527905.3	4152	3924.29	4.33698e-08	4.97357e-10
XM_011527906.3	4159	3931.29	0	0
XM_011527907.3	4129	3901.29	7.11679e-06	8.20953e-08
XM_011527909.4	3545	3317.29	0	0
XM_011527917.2	5947	5719.29	0	0
XM_011527918.2	6903	6675.29	0	0
XM_011527919.2	7081	6853.29	0	0
XM_011527920.3	8255	8027.29	3.68581e-05	2.06636e-07
XM_011527921.4	7007	6779.29	0	0
XM_011527922.2	5909	5681.29	0	0
XM_011527923.2	5607	5379.29	0	0
XM_011527924.3	8181	7953.29	12.047	0.0681668
XM_011527925.1	3833	3605.29	0	0
XM_011527926.1	1345	1117.29	1	0.0402787
XM_011527929.2	8103	7875.29	0	0
XM_011527930.3	8100	7872.29	0	0
XM_011527931.3	7880	7652.29	0	0
XM_011527934.1	6140	5912.29	2.00752	0.0152808
XM_011527942.2	3793	3565.29	0	0
XM_011527948.3	2783	2555.29	0	0
XM_011527949.3	2750	2522.29	0	0
XM_011527951.4	2636	2408.29	0	0
XM_011527952.4	2607	2379.29	0	0
XM_011527953.3	2503	2275.29	0	0
XM_011527954.4	3223	2995.29	3.44191	0.0517133
XM_011527955.3	2115	1887.29	10.2252	0.243822
XM_011527956.4	2169	1941.29	11.2632	0.261103
XM_011527961.2	2555	2327.29	36.7217	0.710091
XM_011527966.3	2936	2708.29	0	0
XM_011527967.3	2924	2696.29	0	0
XM_011527968.4	2915	2687.29	0	0
XM_011527969.3	2903	2675.29	0	0
XM_011527970.3	2949	2721.29	0	0
XM_011527971.4	2806	2578.29	0	0
XM_011527972.4	2793	2565.29	0	0
XM_011527975.3	2760	2532.29	0	0
XM_011527976.3	1970	1742.29	0	0
XM_011527977.3	1967	1739.29	0	0
XM_011527978.3	3714	3486.29	0	0
XM_011527980.1	2372	2144.29	37.2053	0.780841
XM_011527988.3	9460	9232.29	21.5528	0.10506
XM_011527989.4	9424	9196.29	15.2935	0.0748404
XM_011527991.3	2748	2520.29	10.1325	0.180929
XM_011527996.3	964	736.293	34.4444	2.10528
XM_011527997.2	1334	1106.29	0	0
XM_011527998.4	1978	1750.29	23.3948	0.601522
XM_011528000.2	3778	3550.29	24.5189	0.310799
XM_011528002.3	3630	3402.29	0.059988	0.000793478
XM_011528003.3	3742	3514.29	0	0
XM_011528004.2	3603	3375.29	3.64771e-05	4.86353e-07
XM_011528010.3	5095	4867.29	42.4093	0.392118
XM_011528014.4	4830	4602.29	11.9043	0.116405
XM_011528018.2	2363	2135.29	0	0
XM_011528021.1	4479	4251.29	34.6931	0.367252
XM_011528022.2	4422	4194.29	162.169	1.74001
XM_011528023.1	4353	4125.29	3.06094	0.033392
XM_011528024.3	4243	4015.29	16.229	0.181894
XM_011528027.3	4108	3880.29	0	0
XM_011528028.4	1911	1683.29	0	0
XM_011528039.4	433	219.537	10.3584	2.12337
XM_011528042.3	6204	5976.29	709.465	5.34246
XM_011528049.3	1745	1517.29	0	0
XM_011528050.3	1673	1445.29	0	0
XM_011528051.3	1541	1313.29	0	0
XM_011528052.3	1490	1262.29	0	0
XM_011528055.4	4932	4704.29	0	0
XM_011528059.3	2456	2228.29	6.76881	0.136704
XM_011528060.3	3568	3340.29	14.236	0.191798
XM_011528062.4	2750	2522.29	0	0
XM_011528066.3	10824	10596.3	36.256	0.153981
XM_011528068.3	1126	898.293	61.4587	3.07898
XM_011528069.3	1725	1497.29	0	0
XM_011528070.4	2857	2629.29	163.15	2.79249
XM_011528084.4	1798	1570.29	19.7235	0.565256
XM_011528085.3	2684	2456.29	0	0
XM_011528086.3	2657	2429.29	0	0
XM_011528087.3	2510	2282.29	0	0
XM_011528088.3	2582	2354.29	0	0
XM_011528089.3	2402	2174.29	0	0
XM_011528090.3	2321	2093.29	0	0
XM_011528091.3	2403	2175.29	0	0
XM_011528092.3	2635	2407.29	0	0
XM_011528093.3	2559	2331.29	0	0
XM_011528095.3	2421	2193.29	0	0
XM_011528122.2	746	518.701	7.12349	0.618043
XM_011528123.2	1511	1283.29	0	0
XM_011528136.2	1036	808.293	0	0
XM_011528138.3	3688	3460.29	52.983	0.689075
XM_011528139.3	3389	3161.29	22.3899	0.318735
XM_011528140.2	3156	2928.29	18.9473	0.291189
XM_011528144.2	4706	4478.29	5.18168	0.0520715
XM_011528146.3	4980	4752.29	39.6942	0.375895
XM_011528150.2	6568	6340.29	68.3864	0.485403
XM_011528151.2	6556	6328.29	13.2068	0.093919
XM_011528152.2	6463	6235.29	4.42443	0.0319333
XM_011528158.3	4755	4527.29	33.3967	0.331977
XM_011528160.3	1482	1254.29	6.28091	0.225354
XM_011528161.3	4510	4282.29	175.257	1.84179
XM_011528163.3	6174	5946.29	1018.95	7.71169
XM_011528166.3	4754	4526.29	0	0
XM_011528167.3	4554	4326.29	0	0
XM_011528169.3	4334	4106.29	24.6783	0.270463
XM_011528170.3	4183	3955.29	0	0
XM_011528173.2	3279	3051.29	0	0
XM_011528174.4	3383	3155.29	0	0
XM_011528178.4	2409	2181.29	42.7808	0.882627
XM_011528181.3	2768	2540.29	3.75245	0.0664772
XM_011528184.3	1440	1212.29	0	0
XM_011528186.2	3257	3029.29	0	0
XM_011528187.2	3211	2983.29	0	0
XM_011528190.3	2915	2687.29	316.854	5.30623
XM_011528192.3	3637	3409.29	0	0
XM_011528193.4	3145	2917.29	0	0
XM_011528194.4	3097	2869.29	0	0
XM_011528198.2	5749	5521.29	1.16331	0.00948194
XM_011528202.4	1302	1074.29	0	0
XM_011528204.3	1651	1423.29	0	0
XM_011528205.3	1216	988.293	0	0
XM_011528207.3	2559	2331.29	0	0
XM_011528208.3	1407	1179.29	0	0
XM_011528214.3	2760	2532.29	0	0
XM_011528225.3	4723	4495.29	399.929	4.00375
XM_011528226.3	4723	4495.29	372.757	3.73173
XM_011528228.3	6222	5994.29	244.94	1.83893
XM_011528230.2	2779	2551.29	0	0
XM_011528233.3	6685	6457.29	0.00025394	1.76979e-06
XM_011528246.4	3987	3759.29	21.4233	0.256462
XM_011528247.2	3694	3466.29	6.12881e-08	7.95707e-10
XM_011528249.3	2700	2472.29	88.7883	1.61621
XM_011528263.3	2468	2240.29	1.47627	0.0296555
XM_011528264.1	2652	2424.29	13.6665	0.253697
XM_011528270.3	2128	1900.29	100.204	2.37306
XM_011528271.3	2024	1796.29	224.096	5.61435
XM_011528272.3	2196	1968.29	15.687	0.358668
XM_011528274.3	2278	2050.29	1.90677e-07	4.18529e-09
XM_011528275.3	2137	1909.29	4.94103	0.116463
XM_011528276.3	2110	1882.29	0	0
XM_011528277.3	2184	1956.29	0	0
XM_011528278.3	2180	1952.29	0	0
XM_011528279.3	2002	1774.29	0	0
XM_011528280.3	1999	1771.29	1.2813e-08	3.25539e-10
XM_011528282.3	1915	1687.29	0	0
XM_011528283.3	2003	1775.29	0	0
XM_011528284.3	1911	1683.29	0	0
XM_011528285.3	3455	3227.29	0.00220902	3.08038e-05
XM_011528287.3	2583	2355.29	0	0
XM_011528290.3	1812	1584.29	0	0
XM_011528291.3	1967	1739.29	0	0
XM_011528297.3	3340	3112.29	259.253	3.74874
XM_011528299.4	2774	2546.29	78.825	1.39315
XM_011528300.3	1997	1769.29	0	0
XM_011528301.3	2222	1994.29	0	0
XM_011528308.1	2537	2309.29	39.5096	0.769956
XM_011528309.3	2457	2229.29	0	0
XM_011528310.3	2421	2193.29	4.70516	0.0965428
XM_011528311.2	2412	2184.29	16.2493	0.334784
XM_011528314.2	2401	2173.29	19.3068	0.399792
XM_011528317.4	2532	2304.29	0	0
XM_011528318.3	2730	2502.29	0	0
XM_011528319.3	4319	4091.29	9.85839	0.10844
XM_011528320.4	1546	1318.29	0	0
XM_011528322.2	1359	1131.29	0	0
XM_011528326.3	913	685.293	50.0847	3.28905
XM_011528329.2	1521	1293.29	0	0
XM_011528338.3	2476	2248.29	0.0314668	0.000629857
XM_011528341.3	1934	1706.29	25.672	0.677092
XM_011528348.4	2088	1860.29	6.13958	0.148525
XM_011528349.4	2584	2356.29	0	0
XM_011528351.4	1454	1226.29	0	0
XM_011528352.3	2320	2092.29	0	0
XM_011528353.3	2209	1981.29	0	0
XM_011528354.4	2705	2477.29	0.0289896	0.000526631
XM_011528356.3	3321	3093.29	53.7687	0.78226
XM_011528357.4	797	569.487	6.96928	0.55074
XM_011528359.3	9553	9325.29	83.1116	0.401089
XM_011528361.3	8894	8666.29	108.129	0.561501
XM_011528362.3	4747	4519.29	0	0
XM_011528371.3	5105	4877.29	32.9647	0.304167
XM_011528374.3	2298	2070.29	0	0
XM_011528376.4	2673	2445.29	1.51604	0.0279011
XM_011528377.4	2673	2445.29	7.75408	0.142706
XM_011528393.2	3040	2812.29	10.6564	0.170527
XM_011528394.2	2905	2677.29	0	0
XM_011528396.3	1297	1069.29	13.1752	0.5545
XM_011528397.3	613	387.495	25.2494	2.93242
XM_011528405.2	4435	4207.29	0	0
XM_011528416.3	869	641.427	78.3609	5.49787
XM_011528426.3	700	472.947	0	0
XM_011528427.3	622	396.338	0	0
XM_011528428.1	1340	1112.29	2.13919	0.086551
XM_011528429.3	1499	1271.29	0	0
XM_011528431.3	1244	1016.29	0	0
XM_011528432.2	832	604.427	0	0
XM_011528434.3	4650	4422.29	0	0
XM_011528441.4	1869	1641.29	28.9981	0.795108
XM_011528442.3	1148	920.293	4.47317	0.218741
XM_011528443.2	4351	4123.29	50.0888	0.546687
XM_011528448.4	4128	3900.29	0	0
XM_011528449.4	3172	2944.29	437.887	6.69304
XM_011528482.4	2447	2219.29	0	0
XM_011528483.2	2719	2491.29	34.4013	0.62143
XM_011528484.3	1447	1219.29	39.1559	1.44521
XM_011528485.3	1762	1534.29	11.8544	0.347706
XM_011528487.4	5562	5334.29	0	0
XM_011528488.3	5900	5672.29	0	0
XM_011528489.3	5879	5651.29	0	0
XM_011528490.4	5538	5310.29	0	0
XM_011528496.2	1107	879.293	12.2005	0.624436
XM_011528497.4	1944	1716.29	125.342	3.2866
XM_011528500.3	4109	3881.29	0	0
XM_011528501.2	1846	1618.29	10.2021	0.283711
XM_011528503.2	1377	1149.29	376.855	14.7566
XM_011528518.4	14745	14517.3	6.3259	0.01961
XM_011528519.3	14494	14266.3	24.821	0.0782979
XM_011528522.3	2407	2179.29	0	0
XM_011528525.3	2315	2087.29	0	0
XM_011528526.3	2526	2298.29	3	0.0587433
XM_011528527.3	1599	1371.29	0	0
XM_011528528.4	1810	1582.29	0	0
XM_011528529.4	2083	1855.29	0	0
XM_011528530.2	1885	1657.29	16.2395	0.440978
XM_011528534.3	11019	10791.3	0	0
XM_011528536.3	10559	10331.3	0	0
XM_011528537.3	9911	9683.29	0	0
XM_011528538.3	9511	9283.29	0	0
XM_011528540.3	5701	5473.29	0	0
XM_011528542.2	1123	895.293	5.06262	0.254479
XM_011528548.3	6974	6746.29	3.40772	0.0227322
XM_011528549.3	1725	1497.29	0	0
XM_011528553.3	1095	867.293	5.66181	0.293786
XM_011528565.3	2303	2075.29	0	0
XM_011528566.3	2677	2449.29	0	0
XM_011528567.4	2734	2506.29	0	0
XM_011528568.4	2827	2599.29	0	0
XM_011528573.2	1321	1093.29	0	0
XM_011528574.2	1177	949.293	0	0
XM_011528575.2	971	743.293	0	0
XM_011528576.2	893	665.361	0	0
XM_011528579.3	4494	4266.29	0	0
XM_011528584.4	2683	2455.29	0	0
XM_011528585.3	3726	3498.29	4.38056	0.0563528
XM_011528586.3	2294	2066.29	0	0
XM_011528590.3	2100	1872.29	0	0
XM_011528592.1	1795	1567.29	0	0
XM_011528593.3	1833	1605.29	0	0
XM_011528598.1	1295	1067.29	0	0
XM_011528600.2	4058	3830.29	8.57983	0.100807
XM_011528601.2	1506	1278.29	0	0
XM_011528604.4	1826	1598.29	3.71911	0.104719
XM_011528605.3	2879	2651.29	0	0
XM_011528606.4	2801	2573.29	65.8516	1.15165
XM_011528607.3	2801	2573.29	14.5751	0.254897
XM_011528608.3	2771	2543.29	0	0
XM_011528609.3	2654	2426.29	34.9133	0.647576
XM_011528611.4	2498	2270.29	61.4138	1.21738
XM_011528612.3	2601	2373.29	0	0
XM_011528613.3	2408	2180.29	0.075613	0.00156072
XM_011528648.4	6896	6668.29	175.788	1.18636
XM_011528655.3	2470	2242.29	0	0
XM_011528659.2	2056	1828.29	0	0
XM_011528685.1	5708	5480.29	0	0
XM_011528689.3	3321	3093.29	16.7336	0.243451
XM_011528695.4	6330	6102.29	65.0245	0.479542
XM_011528696.3	2628	2400.29	9.68745	0.18163
XM_011528697.3	3199	2971.29	419.968	6.36082
XM_011528699.3	3366	3138.29	1034.66	14.837
XM_011528700.4	3452	3224.29	1284.52	17.9288
XM_011528704.4	4160	3932.29	0	0
XM_011528721.4	7098	6870.29	32.4902	0.212824
XM_011528726.4	7065	6837.29	16.4672	0.108387
XM_011528727.4	7062	6834.29	14.5918	0.0960858
XM_011528736.3	6294	6066.29	0	0
XM_011528737.2	6210	5982.29	0	0
XM_011528738.3	6177	5949.29	0	0
XM_011528740.3	1885	1657.29	7.3002e-07	1.98234e-08
XM_011528741.3	6078	5850.29	0	0
XM_011528745.3	1104	876.293	14.8672	0.763524
XM_011528747.3	7531	7303.29	0	0
XM_011528748.3	6397	6169.29	72.0325	0.525455
XM_011528756.3	1708	1480.29	0	0
XM_011528757.3	1703	1475.29	0	0
XM_011528762.3	2573	2345.29	128.216	2.4603
XM_011528763.3	2781	2553.29	33.5835	0.591926
XM_011528767.2	4539	4311.29	0	0
XM_011528768.4	6861	6633.29	0	0
XM_011528779.3	3990	3762.29	78.3828	0.937584
XM_011528782.3	2054	1826.29	6.51671	0.160583
XM_011528783.4	1880	1652.29	54.7483	1.49117
XM_011528790.3	2338	2110.29	6.98368	0.148931
XM_011528792.4	7056	6828.29	7.02467	0.0462974
XM_011528795.1	1678	1450.29	7.3264e-08	2.27341e-09
XM_011528799.3	11971	11743.3	4.85464e-05	1.86042e-07
XM_011528800.3	2247	2019.29	459.73	10.2458
XM_011528801.2	2368	2140.29	159.247	3.34842
XM_011528802.3	2363	2135.29	92.2681	1.94463
XM_011528803.3	2579	2351.29	34.1687	0.65398
XM_011528804.2	2463	2235.29	48.0266	0.966918
XM_011528806.3	2405	2177.29	9.17775	0.189697
XM_011528811.3	9271	9043.29	0	0
XM_011528818.3	11303	11075.3	0	0
XM_011528819.3	11168	10940.3	0	0
XM_011528820.2	765	537.541	2	0.167441
XM_011528821.1	723	495.802	0	0
XM_011528824.3	9759	9531.29	0	0
XM_011528825.3	9689	9461.29	6.09637	0.0289977
XM_011528826.3	9175	8947.29	8.77565	0.0441398
XM_011528828.4	3235	3007.29	5.99585	0.0897257
XM_011528830.4	2969	2741.29	0	0
XM_011528844.3	5506	5278.29	0	0
XM_011528853.4	5520	5292.29	177.931	1.51304
XM_011528854.4	1995	1767.29	28.546	0.726906
XM_011528856.4	1667	1439.29	79.4705	2.48484
XM_011528857.3	1806	1578.29	9.92325	0.282949
XM_011528859.3	1794	1566.29	0	0
XM_011528864.3	5663	5435.29	0	0
XM_011528867.3	2928	2700.29	2.77403e-07	4.62319e-09
XM_011528877.2	2309	2081.29	27.5741	0.596225
XM_011528878.3	2171	1943.29	41.9924	0.972465
XM_011528879.2	2292	2064.29	16.4394	0.358391
XM_011528880.3	2458	2230.29	16.3639	0.330192
XM_011528881.4	2375	2147.29	0	0
XM_011528885.4	2625	2397.29	0	0
XM_011528886.3	1460	1232.29	4.44059	0.162169
XM_011528887.3	5971	5743.29	111.405	0.872944
XM_011528901.2	3280	3052.29	0	0
XM_011528904.2	1665	1437.29	472.39	14.791
XM_011528905.2	2993	2765.29	0	0
XM_011528906.2	2963	2735.29	0	0
XM_011528907.2	2954	2726.29	0.517027	0.00853459
XM_011528908.2	2924	2696.29	24.1189	0.402562
XM_011528909.3	2920	2692.29	0	0
XM_011528911.2	2881	2653.29	0	0
XM_011528917.3	1564	1336.29	0	0
XM_011528925.4	2913	2685.29	1.1467	0.0192177
XM_011528926.3	2874	2646.29	31.0383	0.52784
XM_011528927.4	2974	2746.29	2.21533	0.0363022
XM_011528928.4	2783	2555.29	0.248435	0.00437536
XM_011528930.3	6007	5779.29	0	0
XM_011528933.3	1682	1454.29	31.3572	0.970349
XM_011528934.2	5538	5310.29	0	0
XM_011528937.2	8098	7870.29	0.000190117	1.08711e-06
XM_011528938.2	4286	4058.29	0	0
XM_011528970.4	4282	4054.29	2	0.0222002
XM_011528972.3	3236	3008.29	54.318	0.812579
XM_011528974.2	1591	1363.29	0	0
XM_011528977.3	2474	2246.29	101.392	2.03132
XM_011528978.3	3223	2995.29	186.27	2.79864
XM_011528979.4	3250	3022.29	0	0
XM_011528980.4	2802	2574.29	140.928	2.46367
XM_011528981.4	2651	2423.29	13.4626	0.250015
XM_011528991.2	2980	2752.29	23.6914	0.38738
XM_011528992.3	720	492.802	11.3514	1.03662
XM_011528994.3	3852	3624.29	0	0
XM_011528996.3	4633	4405.29	12.6324	0.129049
XM_011528997.4	4763	4535.29	0	0
XM_011528998.4	4580	4352.29	17.1236	0.177059
XM_011528999.4	4710	4482.29	0	0
XM_011529000.3	4630	4402.29	34.319	0.350831
XM_011529001.3	4312	4084.29	24.7417	0.272618
XM_011529002.4	4248	4020.29	0.0110767	0.000123992
XM_011529003.2	2817	2589.29	0	0
XM_011529004.2	2536	2308.29	0	0
XM_011529005.3	2401	2173.29	20.6338	0.42727
XM_011529006.3	1690	1462.29	14.5958	0.449195
XM_011529008.2	2240	2012.29	52.5207	1.17458
XM_011529009.3	1291	1063.29	0	0
XM_011529018.4	10519	10291.3	0.0187751	8.21021e-05
XM_011529028.2	5074	4846.29	0	0
XM_011529031.3	670	443.585	4	0.405813
XM_011529036.2	5645	5417.29	0	0
XM_011529041.3	1868	1640.29	2	0.054872
XM_011529043.4	6361	6133.29	0	0
XM_011529044.4	7098	6870.29	41.2874	0.270449
XM_011529045.4	6113	5885.29	88.05	0.673292
XM_011529048.3	5684	5456.29	111.926	0.923154
XM_011529058.3	1296	1068.29	0	0
XM_011529060.3	4369	4141.29	0	0
XM_011529061.3	9109	8881.29	51.213	0.259505
XM_011529062.3	4282	4054.29	0	0
XM_011529063.3	2100	1872.29	23.4874	0.564552
XM_011529064.3	1778	1550.29	10.4489	0.30332
XM_011529065.3	4233	4005.29	0	0
XM_011529080.3	10886	10658.3	27.0248	0.114108
XM_011529082.3	8754	8526.29	31.3398	0.165417
XM_011529084.3	999	771.293	0	0
XM_011529085.3	1142	914.293	0	0
XM_011529087.3	1219	991.293	249.083	11.308
XM_011529088.3	2238	2010.29	0	0
XM_011529089.2	3295	3067.29	6.85802	0.10062
XM_011529090.4	3322	3094.29	0	0
XM_011529091.4	3270	3042.29	0	0
XM_011529095.3	3154	2926.29	165.028	2.53794
XM_011529096.3	826	598.427	26.3983	1.98521
XM_011529100.3	2919	2691.29	0	0
XM_011529109.3	955	727.293	5.68233	0.351608
XM_011529114.3	2781	2553.29	47.0735	0.829695
XM_011529123.2	1674	1446.29	5.5	0.171139
XM_011529128.3	1986	1758.29	0	0
XM_011529137.3	3875	3647.29	0	0
XM_011529138.2	3824	3596.29	45.3414	0.56739
XM_011529139.4	2042	1814.29	190.103	4.71545
XM_011529140.3	2135	1907.29	0	0
XM_011529146.3	7599	7371.29	107.802	0.658151
XM_011529151.3	2663	2435.29	25.8545	0.477778
XM_011529170.2	806	578.487	0	0
XM_011529171.4	609	383.573	0	0
XM_011529173.3	22035	21807.3	32.3896	0.0668415
XM_011529174.4	5719	5491.29	0	0
XM_011529177.3	1778	1550.29	0	0
XM_011529178.3	598	372.913	0	0
XM_011529180.3	573	348.421	0	0
XM_011529181.4	3942	3714.29	8.31365	0.10073
XM_011529182.3	715	487.852	1.17518	0.108407
XM_011529186.3	5482	5254.29	0	0
XM_011529187.3	5467	5239.29	0	0
XM_011529188.1	5207	4979.29	6.74918	0.0609994
XM_011529189.2	5207	4979.29	0	0
XM_011529191.1	4722	4494.29	0.000103239	1.03377e-06
XM_011529192.3	5069	4841.29	12.5502	0.116663
XM_011529194.3	5433	5205.29	0	0
XM_011529195.3	3775	3547.29	0	0
XM_011529198.1	3277	3049.29	0	0
XM_011529204.3	5668	5440.29	0	0
XM_011529205.3	5114	4886.29	0	0
XM_011529208.4	5239	5011.29	41.2569	0.370501
XM_011529214.3	2007	1779.29	114.387	2.89316
XM_011529219.3	4537	4309.29	0	0
XM_011529234.3	752	524.701	109.063	9.35423
XM_011529239.4	4536	4308.29	4.09622	0.0427878
XM_011529244.2	2467	2239.29	0	0
XM_011529245.1	2657	2429.29	0	0
XM_011529246.3	2474	2246.29	0	0
XM_011529247.1	2453	2225.29	0	0
XM_011529248.2	2789	2561.29	0	0
XM_011529249.3	3195	2967.29	0	0
XM_011529250.3	2396	2168.29	0	0
XM_011529254.3	7058	6830.29	20.6179	0.135846
XM_011529255.3	4354	4126.29	0.00682479	7.44341e-05
XM_011529259.3	4302	4074.29	2.49279	0.0275344
XM_011529261.3	2292	2064.29	0	0
XM_011529263.3	827	599.427	0	0
XM_011529266.4	1204	976.293	56.7409	2.61552
XM_011529268.3	3556	3328.29	0	0
XM_011529272.3	3552	3324.29	0	0
XM_011529277.3	6758	6530.29	5.90346	0.0406833
XM_011529279.2	1956	1728.29	1.90355	0.0495666
XM_011529280.2	5400	5172.29	10141.1	88.2354
XM_011529281.3	4033	3805.29	1.14751	0.013571
XM_011529286.3	1702	1474.29	0	0
XM_011529287.3	981	753.293	2.00226	0.119618
XM_011529296.4	2217	1989.29	14.0961	0.318892
XM_011529297.4	2163	1935.29	3.53512	0.0822053
XM_011529299.4	2054	1826.29	0	0
XM_011529300.3	2736	2508.29	0	0
XM_011529301.3	2730	2502.29	18.024	0.324157
XM_011529302.3	4910	4682.29	0.000880779	8.46547e-06
XM_011529309.2	6434	6206.29	0	0
XM_011529310.3	9482	9254.29	0	0
XM_011529311.3	10094	9866.29	0	0
XM_011529315.3	629	403.218	0.0803833	0.00897156
XM_011529317.3	3231	3003.29	0	0
XM_011529319.2	3180	2952.29	0	0
XM_011529320.3	2904	2676.29	0	0
XM_011529321.4	5310	5082.29	17.7649	0.157306
XM_011529322.3	4807	4579.29	0	0
XM_011529342.3	1025	797.293	0	0
XM_011529347.4	1858	1630.29	2.65106	0.0731805
XM_011529348.4	1702	1474.29	4.10944	0.125441
XM_011529350.2	2747	2519.29	2.2416	0.0400425
XM_011529351.2	2675	2447.29	0	0
XM_011529353.3	2094	1866.29	0	0
XM_011529354.3	1965	1737.29	0.0851804	0.00220652
XM_011529356.4	1136	908.293	0	0
XM_011529358.3	903	675.361	21.4332	1.42821
XM_011529366.2	3472	3244.29	167.588	2.32469
XM_011529367.2	3433	3205.29	92.3051	1.29599
XM_011529370.2	2011	1783.29	0	0
XM_011529371.3	1775	1547.29	0	0
XM_011529374.3	2172	1944.29	0	0
XM_011529375.3	2121	1893.29	0	0
XM_011529376.3	2064	1836.29	0	0
XM_011529378.3	1957	1729.29	0	0
XM_011529379.3	1973	1745.29	0	0
XM_011529381.3	2428	2200.29	33.9308	0.693994
XM_011529391.4	1048	820.293	0	0
XM_011529392.3	1138	910.293	2	0.098876
XM_011529393.3	985	757.293	0	0
XM_011529394.1	2240	2012.29	0	0
XM_011529402.3	5692	5464.29	0	0
XM_011529403.3	5664	5436.29	5.48143e-08	4.53767e-10
XM_011529404.3	5167	4939.29	0	0
XM_011529408.4	7204	6976.29	40.5456	0.261554
XM_011529409.4	4126	3898.29	7.8184e-05	9.0258e-07
XM_011529410.2	5396	5168.29	15.3297	0.133484
XM_011529411.2	5638	5410.29	0	0
XM_011529433.2	1799	1571.29	48.7043	1.39493
XM_011529441.2	1660	1432.29	0.0246468	0.000774409
XM_011529443.3	1826	1598.29	0	0
XM_011529447.3	1805	1577.29	0	0
XM_011529450.3	1239	1011.29	0	0
XM_011529453.3	2442	2214.29	0	0
XM_011529458.2	3138	2910.29	0	0
XM_011529459.2	2680	2452.29	0	0
XM_011529460.2	2820	2592.29	0	0
XM_011529461.2	2972	2744.29	0	0
XM_011529462.2	2613	2385.29	0	0
XM_011529463.3	2888	2660.29	3.1316e-07	5.2976e-09
XM_011529464.2	2649	2421.29	0	0
XM_011529465.2	2582	2354.29	0	0
XM_011529466.2	2857	2629.29	2.98416	0.0510771
XM_011529467.2	2884	2656.29	0	0
XM_011529468.2	2526	2298.29	0	0
XM_011529470.2	2459	2231.29	0.329584	0.0066474
XM_011529474.3	4600	4372.29	0	0
XM_011529476.3	4218	3990.29	0	0
XM_011529477.3	1301	1073.29	5	0.20965
XM_011529478.3	3956	3728.29	4.43036	0.0534775
XM_011529479.2	861	633.427	0	0
XM_011529501.2	4283	4055.29	0	0
XM_011529502.2	3203	2975.29	3.36175	0.0508485
XM_011529504.4	3056	2828.29	0	0
XM_011529507.4	2891	2663.29	69.9401	1.18182
XM_011529508.4	1094	866.293	15.5159	0.806033
XM_011529509.4	1167	939.293	25.1942	1.2071
XM_011529510.3	2985	2757.29	0	0
XM_011529511.4	869	641.427	0	0
XM_011529513.4	752	524.701	22.5373	1.933
XM_011529514.4	2288	2060.29	0	0
XM_011529516.4	2247	2019.29	0.997679	0.0222348
XM_011529522.3	6506	6278.29	248.409	1.78061
XM_011529523.3	6960	6732.29	705.389	4.71528
XM_011529526.3	3570	3342.29	33.2427	0.447603
XM_011529529.2	3278	3050.29	47.6397	0.702861
XM_011529535.3	2450	2222.29	0	0
XM_011529537.3	7632	7404.29	8.30221e-07	5.04606e-09
XM_011529540.3	5245	5017.29	5.51573	0.0494739
XM_011529550.3	2536	2308.29	0	0
XM_011529568.3	3324	3096.29	0	0
XM_011529570.4	3554	3326.29	6.5674	0.0888537
XM_011529572.3	3772	3544.29	0	0
XM_011529573.3	3273	3045.29	17.5799	0.259794
XM_011529575.4	8108	7880.29	0	0
XM_011529580.4	4094	3866.29	0	0
XM_011529581.4	5038	4810.29	0	0
XM_011529582.4	3919	3691.29	0	0
XM_011529585.3	7513	7285.29	0	0
XM_011529586.3	5788	5560.29	38.78	0.313872
XM_011529588.3	7666	7438.29	127.104	0.769006
XM_011529598.3	1921	1693.29	0	0
XM_011529600.3	1816	1588.29	0	0
XM_011529603.3	2590	2362.29	299.601	5.70758
XM_011529609.3	1619	1391.29	0	0
XM_011529611.2	9810	9582.29	34.8137	0.163502
XM_011529612.2	9004	8776.29	85.6074	0.438978
XM_011529613.2	6949	6721.29	42.5714	0.285041
XM_011529614.4	8289	8061.29	0	0
XM_011529615.3	9244	9016.29	0	0
XM_011529619.4	2468	2240.29	0	0
XM_011529620.4	2319	2091.29	7.81675	0.168211
XM_011529623.4	1927	1699.29	0	0
XM_011529624.3	1991	1763.29	10.3476	0.264093
XM_011529628.3	1776	1548.29	222.702	6.4731
XM_011529629.3	784	556.487	0	0
XM_011529630.3	1106	878.293	0	0
XM_011529631.3	754	526.701	2.52905	0.216091
XM_011529633.3	887	659.427	0	0
XM_011529634.3	758	530.648	0	0
XM_011529635.3	1112	884.293	0	0
XM_011529636.3	3040	2812.29	67.534	1.0807
XM_011529637.3	3105	2877.29	0.00228443	3.57302e-05
XM_011529638.3	3353	3125.29	45.6159	0.656852
XM_011529639.2	3107	2879.29	0	0
XM_011529640.4	3056	2828.29	35.8883	0.571046
XM_011529643.2	3085	2857.29	0.00398294	6.27324e-05
XM_011529644.2	3150	2922.29	0	0
XM_011529648.3	1253	1025.29	0	0
XM_011529649.3	1288	1060.29	0	0
XM_011529651.3	1154	926.293	3.85593	0.187336
XM_011529655.2	4115	3887.29	0	0
XM_011529656.3	4131	3903.29	0	0
XM_011529658.3	4130	3902.29	0	0
XM_011529661.3	6343	6115.29	0	0
XM_011529663.3	6321	6093.29	0	0
XM_011529669.4	10225	9997.29	30.6408	0.13793
XM_011529674.2	6483	6255.29	0	0
XM_011529675.2	6581	6353.29	0	0
XM_011529676.3	8994	8766.29	25.8995	0.132959
XM_011529677.3	6595	6367.29	0	0
XM_011529678.3	6532	6304.29	51.2987	0.366195
XM_011529679.3	6578	6350.29	0	0
XM_011529681.4	7500	7272.29	41.9398	0.259536
XM_011529683.2	7314	7086.29	21.8494	0.13876
XM_011529684.3	1915	1687.29	0	0
XM_011529685.1	1710	1482.29	0	0
XM_011529686.2	3761	3533.29	1.0022	0.0127648
XM_011529692.3	5079	4851.29	32.0567	0.297374
XM_011529693.4	3463	3235.29	179.236	2.49318
XM_011529694.2	4612	4384.29	0	0
XM_011529696.3	5581	5353.29	0	0
XM_011529698.3	5310	5082.29	16.2871	0.144221
XM_011529700.3	5202	4974.29	0	0
XM_011529702.3	4985	4757.29	34.8121	0.329315
XM_011529703.3	5020	4792.29	0	0
XM_011529706.4	5673	5445.29	5.74881	0.0475115
XM_011529714.3	7097	6869.29	0	0
XM_011529715.3	6974	6746.29	0	0
XM_011529716.3	6950	6722.29	0	0
XM_011529717.3	4187	3959.29	80.2691	0.912375
XM_011529718.3	4612	4384.29	0	0
XM_011529719.3	6653	6425.29	56.7763	0.397664
XM_011529720.3	3570	3342.29	130.779	1.76091
XM_011529721.3	6605	6377.29	0	0
XM_011529722.3	9490	9262.29	0	0
XM_011529723.3	6312	6084.29	19.5906	0.144904
XM_011529725.3	3427	3199.29	0	0
XM_011529726.3	3371	3143.29	39.3418	0.563264
XM_011529727.3	6326	6098.29	0	0
XM_011529730.3	3060	2832.29	0	0
XM_011529736.3	5509	5281.29	0	0
XM_011529743.4	854	626.427	0	0
XM_011529746.3	3202	2974.29	73.5607	1.11302
XM_011529747.2	7707	7479.29	0	0
XM_011529748.3	8308	8080.29	78.8157	0.438963
XM_011529749.3	7857	7629.29	16.641	0.0981606
XM_011529751.3	7832	7604.29	0	0
XM_011529752.2	7584	7356.29	0	0
XM_011529756.3	982	754.293	0	0
XM_011529761.2	7084	6856.29	0	0
XM_011529762.3	1850	1622.29	7.36789	0.204388
XM_011529766.3	6058	5830.29	0.00393457	3.03703e-05
XM_011529767.3	5932	5704.29	3.60822e-07	2.84665e-09
XM_011529768.3	5740	5512.29	0.00193169	1.57706e-05
XM_011529770.3	1417	1189.29	0	0
XM_011529772.3	732	504.753	50.2976	4.48447
XM_011529774.3	2544	2316.29	0	0
XM_011529777.2	2537	2309.29	37.6609	0.733928
XM_011529783.2	2670	2442.29	0	0
XM_011529786.2	1228	1000.29	0	0
XM_011529797.1	4871	4643.29	2	0.0193841
XM_011529804.4	4535	4307.29	42.2549	0.441484
XM_011529806.2	2996	2768.29	0	0
XM_011529807.4	3018	2790.29	0	0
XM_011529816.4	2221	1993.29	21.9371	0.495279
XM_011529818.3	2300	2072.29	0	0
XM_011529820.3	2202	1974.29	13.1926	0.300719
XM_011529822.1	1964	1736.29	1.05673	0.0273895
XM_011529823.2	1312	1084.29	10.9725	0.455408
XM_011529825.1	2475	2247.29	0.107705	0.00215684
XM_011529828.3	2521	2293.29	0	0
XM_011529833.2	5308	5080.29	0	0
XM_011529834.3	1409	1181.29	4.3772	0.166756
XM_011529835.3	1348	1120.29	0	0
XM_011529837.3	1244	1016.29	0	0
XM_011529838.2	1202	974.293	4.07756	0.188345
XM_011529839.3	3488	3260.29	18.2346	0.251699
XM_011529840.4	1921	1693.29	0	0
XM_011529842.3	1674	1446.29	0	0
XM_011529844.3	1374	1146.29	16.0617	0.630577
XM_011529845.3	1533	1305.29	69.2465	2.38744
XM_011529855.2	1357	1129.29	0	0
XM_011529857.3	5190	4962.29	0	0
XM_011529868.4	2185	1957.29	0	0
XM_011529869.4	2179	1951.29	0	0
XM_011529870.4	2094	1866.29	0	0
XM_011529871.4	2101	1873.29	0	0
XM_011529872.4	1902	1674.29	0	0
XM_011529873.4	1489	1261.29	0	0
XM_011529875.2	1663	1435.29	0	0
XM_011529876.2	1615	1387.29	0	0
XM_011529877.3	2332	2104.29	0.000122166	2.61268e-06
XM_011529882.3	1890	1662.29	0	0
XM_011529897.3	5744	5516.29	0	0
XM_011529899.4	1031	803.293	0	0
XM_011529903.3	4907	4679.29	0	0
XM_011529904.3	4889	4661.29	0	0
XM_011529908.3	1254	1026.29	0	0
XM_011529914.3	1356	1128.29	0	0
XM_011529921.4	3289	3061.29	29.0096	0.426461
XM_011529922.4	1832	1604.29	0	0
XM_011529927.3	2617	2389.29	0	0
XM_011529928.3	2437	2209.29	0	0
XM_011529930.3	1729	1501.29	0	0
XM_011529931.3	1161	933.293	0	0
XM_011529935.3	4025	3797.29	0	0
XM_011529936.3	4001	3773.29	0	0
XM_011529937.3	3956	3728.29	0	0
XM_011529938.3	3944	3716.29	0	0
XM_011529939.3	3929	3701.29	0	0
XM_011529940.3	3911	3683.29	0	0
XM_011529941.3	3884	3656.29	0	0
XM_011529942.4	4256	4028.29	0	0
XM_011529943.3	3785	3557.29	0	0
XM_011529944.3	3758	3530.29	4.59209	0.0585386
XM_011529945.4	4061	3833.29	0	0
XM_011529946.3	3629	3401.29	0	0
XM_011529947.3	3539	3311.29	0	0
XM_011529948.4	3480	3252.29	0	0
XM_011529949.3	3368	3140.29	0	0
XM_011529950.2	3006	2778.29	0	0
XM_011529952.3	2954	2726.29	0	0
XM_011529954.3	2809	2581.29	0	0
XM_011529955.2	2427	2199.29	0	0
XM_011529956.3	2435	2207.29	0	0
XM_011529960.3	1493	1265.29	34.1931	1.21616
XM_011529965.3	1852	1624.29	82.01	2.27219
XM_011529975.3	8623	8395.29	0	0
XM_011529984.3	2097	1869.29	0	0
XM_011529985.2	1789	1561.29	0	0
XM_011529989.3	2899	2671.29	0	0
XM_011529990.3	1145	917.293	0	0
XM_011529991.4	1142	914.293	0	0
XM_011529992.4	1120	892.293	0	0
XM_011529993.2	2712	2484.29	37.1943	0.673776
XM_011529995.4	2442	2214.29	19.5086	0.396492
XM_011529996.4	2439	2211.29	1.46354	0.0297853
XM_011529997.3	2403	2175.29	181.478	3.75446
XM_011529998.3	2400	2172.29	172.56	3.5749
XM_011529999.4	2391	2163.29	5.81912	0.121055
XM_011530000.3	2352	2124.29	3.08564	0.0653692
XM_011530001.3	2274	2046.29	0	0
XM_011530002.4	2223	1995.29	0	0
XM_011530004.3	5672	5444.29	0	0
XM_011530008.4	6735	6507.29	0	0
XM_011530009.2	8434	8206.29	22.7382	0.124696
XM_011530011.2	3959	3731.29	16.8763	0.203545
XM_011530012.2	4397	4169.29	0	0
XM_011530014.2	1559	1331.29	0	0
XM_011530018.4	11973	11745.3	0	0
XM_011530019.3	4635	4407.29	0	0
XM_011530020.2	4483	4255.29	8.06522	0.0852961
XM_011530021.4	4692	4464.29	0	0
XM_011530023.3	1384	1156.29	0.601918	0.0234267
XM_011530026.3	7438	7210.29	0	0
XM_011530034.4	2002	1774.29	0	0
XM_011530040.3	3804	3576.29	12.0783	0.15199
XM_011530041.4	3694	3466.29	0	0
XM_011530043.4	2672	2444.29	0	0
XM_011530046.4	2676	2448.29	393.955	7.24144
XM_011530049.3	3772	3544.29	108.008	1.37141
XM_011530052.3	2898	2670.29	0	0
XM_011530077.4	2734	2506.29	180.315	3.23774
XM_011530089.2	2120	1892.29	0	0
XM_011530090.2	2021	1793.29	0	0
XM_011530100.4	1434	1206.29	150.079	5.599
XM_011530101.4	1627	1399.29	46.9807	1.51096
XM_011530102.4	1318	1090.29	0	0
XM_011530112.3	3682	3454.29	0	0
XM_011530113.2	3623	3395.29	192.086	2.54601
XM_011530114.2	3662	3434.29	56.3131	0.737929
XM_011530115.4	3395	3167.29	0	0
XM_011530120.4	1579	1351.29	0	0
XM_011530121.2	2139	1911.29	0.000445233	1.04834e-05
XM_011530123.3	2896	2668.29	0	0
XM_011530126.3	1021	793.293	5.40407	0.30657
XM_011530128.3	2724	2496.29	1.02341	0.01845
XM_011530133.3	2605	2377.29	2.83051	0.0535826
XM_011530134.3	2512	2284.29	0.209917	0.00413559
XM_011530135.3	2509	2281.29	47.3757	0.934581
XM_011530136.3	2604	2376.29	9.00732	0.170584
XM_011530137.4	2405	2177.29	0	0
XM_011530139.4	2816	2588.29	11.2409	0.195448
XM_011530142.4	1849	1621.29	85.6591	2.37768
XM_011530144.3	4118	3890.29	0	0
XM_011530145.3	3465	3237.29	0	0
XM_011530149.3	1338	1110.29	0	0
XM_011530150.2	1321	1093.29	0	0
XM_011530151.3	1589	1361.29	1	0.0330591
XM_011530152.3	1519	1291.29	0	0
XM_011530154.3	1130	902.293	0	0
XM_011530155.3	1117	889.293	0	0
XM_011530165.3	1243	1015.29	0	0
XM_011530166.2	999	771.293	0	0
XM_011530171.3	1321	1093.29	0	0
XM_011530174.2	827	599.427	0	0
XM_011530175.2	829	601.427	0	0
XM_011530176.3	808	580.487	0	0
XM_011530177.2	822	594.427	0	0
XM_011530178.3	4066	3838.29	73.9907	0.867523
XM_011530179.4	5131	4903.29	0	0
XM_011530180.2	4418	4190.29	0	0
XM_011530181.2	2359	2131.29	0	0
XM_011530182.4	3762	3534.29	22.8034	0.290361
XM_011530200.3	3407	3179.29	10.1513	0.143692
XM_011530204.2	2944	2716.29	0	0
XM_011530205.2	2933	2705.29	0	0
XM_011530206.2	2013	1785.29	0	0
XM_011530208.3	3552	3324.29	0	0
XM_011530209.3	3444	3216.29	0	0
XM_011530210.3	3263	3035.29	10.1355	0.150276
XM_011530218.4	2669	2441.29	67.6705	1.24745
XM_011530219.3	4412	4184.29	318.015	3.42033
XM_011530223.3	1180	952.293	0	0
XM_011530226.2	4268	4040.29	27.2337	0.303345
XM_011530228.3	3984	3756.29	48.6013	0.582278
XM_011530229.3	1371	1143.29	16.8356	0.662695
XM_011530230.3	1351	1123.29	35.4896	1.42184
XM_011530231.4	1032	804.293	67.2975	3.76553
XM_011530232.2	1108	880.293	0	0
XM_011530233.3	3040	2812.29	188.156	3.01092
XM_011530239.3	10216	9988.29	33.4418	0.150675
XM_011530240.3	10219	9991.29	33.1192	0.149176
XM_011530256.2	893	665.361	0	0
XM_011530260.4	2238	2010.29	15.6158	0.34958
XM_011530263.4	4892	4664.29	0	0
XM_011530266.4	2524	2296.29	0	0
XM_011530267.4	2528	2300.29	0	0
XM_011530268.4	2266	2038.29	0	0
XM_011530269.3	3248	3020.29	42.2915	0.630154
XM_011530270.4	1886	1658.29	0	0
XM_011530272.3	1550	1322.29	84.3991	2.87245
XM_011530273.3	1467	1239.29	2.47372e-05	8.98293e-07
XM_011530280.3	7162	6934.29	39.2003	0.254407
XM_011530289.4	1468	1240.29	66.0495	2.39655
XM_011530290.3	1153	925.293	65.3107	3.17649
XM_011530297.2	1970	1742.29	783.558	20.2391
XM_011530308.4	2920	2692.29	0	0
XM_011530309.3	2515	2287.29	0	0
XM_011530310.2	2870	2642.29	0.0113674	0.000193607
XM_011530311.2	2852	2624.29	0	0
XM_011530312.3	2490	2262.29	0	0
XM_011530313.3	2441	2213.29	0	0
XM_011530316.2	5380	5152.29	3.35496	0.0293041
XM_011530317.4	4984	4756.29	4.17319	0.0394859
XM_011530318.4	5072	4844.29	0	0
XM_011530319.4	4772	4544.29	9.79663	0.0970181
XM_011530320.4	4849	4621.29	0	0
XM_011530321.4	4763	4535.29	0	0
XM_011530323.3	4509	4281.29	0	0
XM_011530325.3	4252	4024.29	0	0
XM_011530326.4	4215	3987.29	0	0
XM_011530327.3	4001	3773.29	0	0
XM_011530328.4	3325	3097.29	0	0
XM_011530330.4	2948	2720.29	8.85276	0.146455
XM_011530331.2	1422	1194.29	0	0
XM_011530336.3	3083	2855.29	0.00149924	2.36299e-05
XM_011530338.3	2990	2762.29	0.000727138	1.18465e-05
XM_011530339.3	3135	2907.29	0.00121157	1.87543e-05
XM_011530342.3	2407	2179.29	0	0
XM_011530343.3	1947	1719.29	0	0
XM_011530344.3	2068	1840.29	0	0
XM_011530347.3	4862	4634.29	53.1555	0.516187
XM_011530353.3	7591	7363.29	339.018	2.07201
XM_011530357.3	3961	3733.29	0	0
XM_011530358.3	3865	3637.29	0	0
XM_011530360.3	3772	3544.29	0	0
XM_011530368.3	1396	1168.29	15.1357	0.583033
XM_011530372.4	852	624.427	8.30184	0.598321
XM_011530374.3	2023	1795.29	193.996	4.86295
XM_011530379.4	2107	1879.29	208.38	4.99003
XM_011530380.4	2036	1808.29	0	0
XM_011530381.3	2028	1800.29	0	0
XM_011530382.3	2416	2188.29	0	0
XM_011530383.3	2354	2126.29	0	0
XM_011530384.3	2177	1949.29	0	0
XM_011530386.3	2334	2106.29	5.23222	0.111792
XM_011530387.4	1535	1307.29	4.46476e-08	1.53698e-09
XM_011530388.3	1518	1290.29	545.427	19.0235
XM_011530392.4	10182	9954.29	21.4885	0.0971491
XM_011530401.2	3749	3521.29	45.421	0.580493
XM_011530403.2	989	761.293	257.296	15.2098
XM_011530404.3	940	712.293	23.0578	1.4568
XM_011530405.4	8185	7957.29	44.4421	0.251346
XM_011530410.4	8096	7868.29	0	0
XM_011530416.2	1892	1664.29	0	0
XM_011530417.4	1948	1720.29	93.97	2.45827
XM_011530418.4	1945	1717.29	0	0
XM_011530429.3	6232	6004.29	397.131	2.97656
XM_011530430.3	5953	5725.29	13.1234	0.103155
XM_011530431.3	7557	7329.29	0	0
XM_011530442.4	2867	2639.29	5.34724	0.0911768
XM_011530443.3	2941	2713.29	0	0
XM_011530444.3	2988	2760.29	0.0783842	0.00127796
XM_011530445.3	2914	2686.29	0.660964	0.011073
XM_011530448.3	2708	2480.29	0.134296	0.0024367
XM_011530453.3	2893	2665.29	0.0560691	0.000946718
XM_011530454.3	2769	2541.29	0.111885	0.00198134
XM_011530455.3	2707	2479.29	0.241981	0.00439233
XM_011530458.3	8663	8435.29	0	0
XM_011530459.3	8688	8460.29	0	0
XM_011530460.3	8561	8333.29	0	0
XM_011530461.3	15286	15058.3	0	0
XM_011530464.3	8660	8432.29	0	0
XM_011530465.3	8475	8247.29	0	0
XM_011530466.3	6780	6552.29	0	0
XM_011530471.3	4908	4680.29	0	0
XM_011530472.3	4902	4674.29	0	0
XM_011530476.3	2350	2122.29	5.62713	0.119323
XM_011530486.3	5187	4959.29	28.4206	0.257903
XM_011530490.4	5144	4916.29	0.0169972	0.00015559
XM_011530495.3	4071	3843.29	0	0
XM_011530496.3	3955	3727.29	0	0
XM_011530497.1	1090	862.293	4.24059	0.221316
XM_011530498.3	2912	2684.29	0	0
XM_011530499.3	2840	2612.29	0	0
XM_011530500.3	2834	2606.29	0	0
XM_011530502.3	1068	840.293	1	0.0535564
XM_011530505.4	3090	2862.29	0	0
XM_011530509.3	611	385.534	16.207	1.89183
XM_011530513.3	7790	7562.29	9.97233	0.0593452
XM_011530517.4	2004	1776.29	0	0
XM_011530518.3	1669	1441.29	0	0
XM_011530522.3	1782	1554.29	0	0
XM_011530528.2	1731	1503.29	4.99998	0.149681
XM_011530537.3	7240	7012.29	0	0
XM_011530544.4	5191	4963.29	0	0
XM_011530545.3	1435	1207.29	0	0
XM_011530546.3	1415	1187.29	0	0
XM_011530547.3	5042	4814.29	0	0
XM_011530550.3	817	589.487	0	0
XM_011530552.3	5165	4937.29	0	0
XM_011530553.2	7248	7020.29	0	0
XM_011530554.3	7656	7428.29	0	0
XM_011530555.3	7743	7515.29	0	0
XM_011530557.3	6527	6299.29	0	0
XM_011530561.3	6293	6065.29	0	0
XM_011530562.3	6382	6154.29	0	0
XM_011530563.3	6254	6026.29	0	0
XM_011530565.3	4217	3989.29	0	0
XM_011530569.3	4325	4097.29	0	0
XM_011530661.3	980	752.293	0	0
XM_011530679.3	5703	5475.29	0	0
XM_011530680.3	5589	5361.29	0	0
XM_011530681.3	5568	5340.29	0	0
XM_011530682.3	6638	6410.29	0	0
XM_011530685.3	2811	2583.29	1.94295	0.0338478
XM_011530691.4	4191	3963.29	70.9568	0.805713
XM_011530692.4	5053	4825.29	0	0
XM_011530693.4	4906	4678.29	0	0
XM_011530696.2	4092	3864.29	0	0
XM_011530697.2	4419	4191.29	5.75991	0.0618457
XM_011530698.2	3951	3723.29	0	0
XM_011530699.2	4063	3835.29	0	0
XM_011530700.3	4437	4209.29	0	0
XM_011530701.1	3390	3162.29	0	0
XM_011530704.1	2236	2008.29	2.10587	0.0471896
XM_011530705.3	798	570.487	1.30215	0.102721
XM_011530712.3	1715	1487.29	0	0
XM_011530713.4	2315	2087.29	0	0
XM_011530715.3	1688	1460.29	0	0
XM_011530716.3	1717	1489.29	0.11417	0.00344996
XM_011530717.3	1742	1514.29	0.0785075	0.00233315
XM_011530718.3	1746	1518.29	0.000674012	1.99781e-05
XM_011530720.3	3906	3678.29	0	0
XM_011530721.3	3906	3678.29	0	0
XM_011530722.3	3903	3675.29	0	0
XM_011530723.3	3888	3660.29	0	0
XM_011530724.3	3885	3657.29	0	0
XM_011530726.3	3828	3600.29	0	0
XM_011530727.3	3825	3597.29	0	0
XM_011530728.3	3807	3579.29	0	0
XM_011530729.3	3804	3576.29	0	0
XM_011530730.3	3804	3576.29	0	0
XM_011530731.2	3801	3573.29	0	0
XM_011530732.3	4297	4069.29	0	0
XM_011530734.3	4171	3943.29	0	0
XM_011530736.4	4247	4019.29	0	0
XM_011530737.3	4396	4168.29	0	0
XM_011530739.3	3859	3631.29	0	0
XM_011530740.3	3615	3387.29	16.7284	0.222251
XM_011530747.2	14980	14752.3	774.95	2.36405
XM_011530751.3	14877	14649.3	304.318	0.934874
XM_011530767.4	2222	1994.29	5.9144	0.133464
XM_011530768.3	526	304.007	0	0
XM_011530769.3	632	406.137	0	0
XM_011530770.2	510	289.15	0	0
XM_011530773.3	5162	4934.29	8.42223	0.0768147
XM_011530774.4	4167	3939.29	0	0
XM_011530776.3	4615	4387.29	56.9007	0.583665
XM_011530777.3	4271	4043.29	0	0
XM_011530778.2	4708	4480.29	0	0
XM_011530785.3	740	512.753	0	0
XM_011530786.4	528	305.914	0	0
XM_011530787.3	554	330.174	0	0
XM_011530788.4	1048	820.293	0	0
XM_011530802.3	11130	10902.3	0	0
XM_011530809.2	4400	4172.29	0	0
XM_011530811.3	4816	4588.29	23.7165	0.232618
XM_011530812.2	4415	4187.29	0	0
XM_011530813.2	4492	4264.29	0	0
XM_011530817.2	2097	1869.29	0	0
XM_011530835.3	2689	2461.29	233.262	4.26504
XM_011530836.3	641	415.014	0	0
XM_011530842.2	2550	2322.29	0	0
XM_011530846.3	2447	2219.29	0	0
XM_011530847.4	1997	1769.29	0	0
XM_011530848.4	1967	1739.29	0	0
XM_011530849.3	6273	6045.29	0	0
XM_011530852.3	6528	6300.29	4.30226e-05	3.07311e-07
XM_011530853.4	7345	7117.29	0	0
XM_011530854.3	4390	4162.29	0	0
XM_011530856.2	4168	3940.29	0	0
XM_011530857.2	4109	3881.29	0	0
XM_011530863.3	6279	6051.29	78.4822	0.583667
XM_011530864.2	5505	5277.29	0	0
XM_011530867.4	2051	1823.29	0	0
XM_011530876.3	1162	934.293	0	0
XM_011530883.2	6096	5868.29	0.940958	0.00721607
XM_011530885.3	2080	1852.29	0	0
XM_011530887.4	7974	7746.29	6.61507	0.0384311
XM_011530888.3	5068	4840.29	28.8556	0.268288
XM_011530889.3	5015	4787.29	37.9255	0.35652
XM_011530895.3	5841	5613.29	181.585	1.45581
XM_011530905.3	1993	1765.29	0	0
XM_011530907.3	2003	1775.29	0	0
XM_011530908.3	5563	5335.29	0	0
XM_011530909.3	3049	2821.29	17.0072	0.271286
XM_011530910.1	8853	8625.29	0	0
XM_011530911.3	9076	8848.29	0	0
XM_011530914.3	8688	8460.29	0	0
XM_011530917.3	8787	8559.29	29.2954	0.15403
XM_011530919.3	8617	8389.29	26.3573	0.14139
XM_011530920.3	8154	7926.29	19.4711	0.110551
XM_011530922.3	851	623.427	0	0
XM_011530925.3	3159	2931.29	0.0342446	0.000525745
XM_011530926.4	3212	2984.29	0	0
XM_011530927.3	3309	3081.29	0	0
XM_011530928.2	3133	2905.29	0	0
XM_011530929.2	3168	2940.29	0	0
XM_011530931.3	3102	2874.29	0	0
XM_011530932.2	3540	3312.29	0	0
XM_011530933.2	3994	3766.29	10.384	0.124077
XM_011530934.3	13294	13066.3	142.286	0.490063
XM_011530936.3	3204	2976.29	0	0
XM_011530939.3	7502	7274.29	0	0
XM_011530943.3	1802	1574.29	0	0
XM_011530946.3	1460	1232.29	0	0
XM_011530948.4	1332	1104.29	23	0.937315
XM_011530951.3	586	361.171	1	0.124603
XM_011530952.4	3108	2880.29	0	0
XM_011530953.4	3018	2790.29	0	0
XM_011530954.4	3577	3349.29	0	0
XM_011530955.2	4158	3930.29	0	0
XM_011530959.1	3886	3658.29	57.4807	0.707108
XM_011530961.2	7452	7224.29	235	1.46391
XM_011530962.2	2779	2551.29	0	0
XM_011530968.3	2776	2548.29	0	0
XM_011530969.2	2606	2378.29	0	0
XM_011530971.3	3325	3097.29	0	0
XM_011530974.4	3462	3234.29	0	0
XM_011530976.3	1919	1691.29	29.3636	0.781326
XM_011530977.2	1681	1453.29	0	0
XM_011530980.4	5306	5078.29	0.189068	0.0016755
XM_011530989.3	2633	2405.29	17.7618	0.332323
XM_011530994.2	3238	3010.29	0	0
XM_011530999.3	5550	5322.29	30.7741	0.260213
XM_011531001.2	1045	817.293	0	0
XM_011531002.2	3223	2995.29	0	0
XM_011531006.3	2977	2749.29	5.3876e-07	8.81894e-09
XM_011531012.4	2967	2739.29	0	0
XM_011531013.1	1866	1638.29	0	0
XM_011531014.2	2067	1839.29	55.642	1.36142
XM_011531018.2	3898	3670.29	0	0
XM_011531019.2	4929	4701.29	0	0
XM_011531020.2	4566	4338.29	0	0
XM_011531021.2	4571	4343.29	0	0
XM_011531022.2	4455	4227.29	0	0
XM_011531023.4	4312	4084.29	0	0
XM_011531025.2	4791	4563.29	0	0
XM_011531028.3	4185	3957.29	0	0
XM_011531030.3	3948	3720.29	0	0
XM_011531031.2	4310	4082.29	3.26947e-06	3.60425e-08
XM_011531032.2	4121	3893.29	0	0
XM_011531033.4	4225	3997.29	22.6904	0.255457
XM_011531034.3	3938	3710.29	12.6487	0.153419
XM_011531042.3	2771	2543.29	25.6759	0.454331
XM_011531045.3	2344	2116.29	0	0
XM_011531046.3	3377	3149.29	0	0
XM_011531055.3	4901	4673.29	105.537	1.0163
XM_011531056.4	7184	6956.29	210.639	1.36271
XM_011531057.4	7110	6882.29	0	0
XM_011531058.4	7022	6794.29	67.5139	0.447189
XM_011531061.2	6589	6361.29	0	0
XM_011531062.4	6154	5926.29	32.9019	0.24985
XM_011531069.4	4854	4626.29	19.0442	0.185256
XM_011531071.2	2907	2679.29	105.042	1.76435
XM_011531072.2	2874	2646.29	0	0
XM_011531073.4	4410	4182.29	0.108535	0.00116788
XM_011531074.3	5674	5446.29	0	0
XM_011531075.3	5554	5326.29	0	0
XM_011531085.3	3272	3044.29	0	0
XM_011531092.4	4433	4205.29	0	0
XM_011531102.3	3107	2879.29	0	0
XM_011531103.2	4630	4402.29	0	0
XM_011531105.2	2307	2079.29	0	0
XM_011531106.2	4513	4285.29	0	0
XM_011531107.3	1578	1350.29	0	0
XM_011531108.3	1527	1299.29	0	0
XM_011531111.3	1512	1284.29	0	0
XM_011531112.3	1561	1333.29	0	0
XM_011531116.1	1587	1359.29	0	0
XM_011531117.1	1656	1428.29	0	0
XM_011531118.3	1639	1411.29	0	0
XM_011531123.2	3137	2909.29	0	0
XM_011531140.3	3608	3380.29	23.7513	0.31621
XM_011531147.4	8888	8660.29	0.360297	0.00187228
XM_011531148.4	8885	8657.29	10.3865	0.0539918
XM_011531151.3	2163	1935.29	0	0
XM_011531152.3	2139	1911.29	0	0
XM_011531155.3	2396	2168.29	0	0
XM_011531157.3	2078	1850.29	0	0
XM_011531160.4	1741	1513.29	0	0
XM_011531161.2	2129	1901.29	0	0
XM_011531164.3	2515	2287.29	0	0
XM_011531167.2	1925	1697.29	0	0
XM_011531169.2	1628	1400.29	7.95849	0.255773
XM_011531171.2	3457	3229.29	0	0
XM_011531172.2	3783	3555.29	0	0
XM_011531177.3	6164	5936.29	0	0
XM_011531178.3	1994	1766.29	6.46885	0.164819
XM_011531180.3	1912	1684.29	0	0
XM_011531181.4	1491	1263.29	121.97	4.34502
XM_011531182.4	3824	3596.29	0	0
XM_011531184.4	1603	1375.29	0	0
XM_011531188.2	2547	2319.29	0	0
XM_011531189.2	1747	1519.29	0	0
XM_011531191.3	2110	1882.29	21.9053	0.523725
XM_011531194.2	4399	4171.29	0	0
XM_011531195.2	4396	4168.29	0	0
XM_011531200.4	2460	2232.29	10.8929	0.219601
XM_011531201.3	1808	1580.29	30.2346	0.861012
XM_011531210.3	1531	1303.29	0	0
XM_011531214.3	1816	1588.29	10.8863	0.308454
XM_011531216.3	2640	2412.29	0	0
XM_011531229.3	910	682.293	0	0
XM_011531236.4	12122	11894.3	0	0
XM_011531237.3	8998	8770.29	0	0
XM_011531241.3	909	681.293	0	0
XM_011531245.3	5211	4983.29	1.40886	0.0127231
XM_011531249.3	4880	4652.29	0	0
XM_011531257.3	1064	836.293	0	0
XM_011531260.3	1163	935.293	0	0
XM_011531265.3	8738	8510.29	0	0
XM_011531267.4	1463	1235.29	0	0
XM_011531269.3	9468	9240.29	0	0
XM_011531271.3	9343	9115.29	0	0
XM_011531276.4	6806	6578.29	0	0
XM_011531278.3	5030	4802.29	95.5911	0.8958
XM_011531280.2	2578	2350.29	0.000996053	1.90723e-05
XM_011531281.3	3609	3381.29	1	0.0133094
XM_011531282.3	3601	3373.29	0	0
XM_011531283.3	3598	3370.29	0	0
XM_011531284.3	3589	3361.29	0	0
XM_011531285.3	3586	3358.29	6.54029e-06	8.76437e-08
XM_011531286.3	3544	3316.29	0	0
XM_011531288.3	3532	3304.29	320.956	4.37129
XM_011531290.3	3529	3301.29	0.401782	0.00547708
XM_011531292.3	3457	3229.29	0.00931002	0.000129743
XM_011531295.2	1718	1490.29	0	0
XM_011531296.3	1624	1396.29	0	0
XM_011531299.2	1212	984.293	0	0
XM_011531301.3	1209	981.293	0	0
XM_011531302.3	1206	978.293	0	0
XM_011531308.4	4664	4436.29	118.179	1.19885
XM_011531311.3	3659	3431.29	26.0585	0.34177
XM_011531317.4	2424	2196.29	4.76609e-05	9.76593e-07
XM_011531318.4	3247	3019.29	0	0
XM_011531319.3	1447	1219.29	0	0
XM_011531330.2	4504	4276.29	0	0
XM_011531333.3	4227	3999.29	0	0
XM_011531334.3	3900	3672.29	0	0
XM_011531339.3	3963	3735.29	0	0
XM_011531348.4	2142	1914.29	51.8617	1.21922
XM_011531351.3	879	651.427	0	0
XM_011531352.2	779	551.487	0	0
XM_011531353.4	4039	3811.29	9.98465	0.117897
XM_011531366.3	2389	2161.29	0	0
XM_011531376.2	4049	3821.29	13.9578	0.16438
XM_011531381.3	1451	1223.29	0	0
XM_011531382.3	1451	1223.29	0	0
XM_011531383.3	1451	1223.29	0	0
XM_011531389.3	1220	992.293	0	0
XM_011531397.4	4990	4762.29	59.4295	0.561602
XM_011531398.3	2286	2058.29	0	0
XM_011531402.3	1642	1414.29	0	0
XM_011531406.2	3783	3555.29	0	0
XM_011531412.4	4941	4713.29	21.5852	0.206098
XM_011531413.3	4872	4644.29	0	0
XM_011531415.3	5020	4792.29	25.8344	0.242604
XM_011531418.3	4213	3985.29	0	0
XM_011531427.3	8717	8489.29	0	0
XM_011531428.2	7502	7274.29	0	0
XM_011531429.3	7119	6891.29	0	0
XM_011531430.3	7043	6815.29	0	0
XM_011531437.3	1440	1212.29	0	0
XM_011531441.4	6293	6065.29	0	0
XM_011531442.4	6245	6017.29	0	0
XM_011531443.4	6227	5999.29	0	0
XM_011531445.4	6158	5930.29	0	0
XM_011531446.4	6137	5909.29	0	0
XM_011531447.4	6110	5882.29	0	0
XM_011531448.4	6092	5864.29	0	0
XM_011531453.4	6865	6637.29	0	0
XM_011531454.4	6789	6561.29	0	0
XM_011531455.4	6880	6652.29	0	0
XM_011531459.4	5295	5067.29	0	0
XM_011531460.4	4664	4436.29	0	0
XM_011531468.4	6747	6519.29	0	0
XM_011531484.3	2158	1930.29	0	0
XM_011531486.2	1794	1566.29	0	0
XM_011531487.4	2728	2500.29	0	0
XM_011531488.4	2503	2275.29	0	0
XM_011531489.2	1588	1360.29	0	0
XM_011531493.2	1771	1543.29	0	0
XM_011531494.4	2491	2263.29	0	0
XM_011531495.2	1549	1321.29	0	0
XM_011531500.2	1835	1607.29	0	0
XM_011531503.2	1470	1242.29	0	0
XM_011531512.3	2168	1940.29	0	0
XM_011531516.2	5737	5509.29	12.0691	0.098587
XM_011531517.3	5782	5554.29	36.457	0.295389
XM_011531518.2	5436	5208.29	0	0
XM_011531519.4	5480	5252.29	0	0
XM_011531525.3	1275	1047.29	19.7773	0.849848
XM_011531531.4	1323	1095.29	20.6072	0.846702
XM_011531536.4	5133	4905.29	0.583008	0.00534875
XM_011531537.4	5120	4892.29	0	0
XM_011531540.4	3694	3466.29	28.2058	0.366197
XM_011531542.4	3204	2976.29	495.101	7.48618
XM_011531544.3	8466	8238.29	295.088	1.61197
XM_011531545.3	8382	8154.29	8.47822	0.0467908
XM_011531546.4	8337	8109.29	19.4879	0.108149
XM_011531547.3	8253	8025.29	517.329	2.901
XM_011531548.3	8250	8022.29	939.925	5.27275
XM_011531549.3	8097	7869.29	56.9036	0.325421
XM_011531550.3	1853	1625.29	0	0
XM_011531554.3	1825	1597.29	1.20031	0.0338181
XM_011531556.2	3482	3254.29	0	0
XM_011531557.2	3640	3412.29	0	0
XM_011531559.2	3374	3146.29	0	0
XM_011531560.2	3401	3173.29	0	0
XM_011531561.2	3293	3065.29	0	0
XM_011531563.3	5147	4919.29	0.0718182	0.000657013
XM_011531564.3	5135	4907.29	0.0410343	0.000376311
XM_011531565.3	2015	1787.29	33.8433	0.852156
XM_011531566.4	2614	2386.29	8.77748e-06	1.65534e-07
XM_011531568.3	1813	1585.29	0	0
XM_011531571.3	1501	1273.29	0	0
XM_011531572.3	3314	3086.29	35.3904	0.516048
XM_011531576.4	2627	2399.29	31.5561	0.591892
XM_011531586.3	6227	5999.29	0	0
XM_011531603.3	1852	1624.29	0	0
XM_011531604.3	2684	2456.29	36.9022	0.676105
XM_011531605.2	2852	2624.29	27.9655	0.479571
XM_011531606.2	2856	2628.29	0	0
XM_011531608.3	1833	1605.29	0	0
XM_011531609.1	915	687.293	0	0
XM_011531617.4	2953	2725.29	0	0
XM_011531635.3	16392	16164.3	26.8922	0.0748708
XM_011531645.3	5632	5404.29	14.2469	0.118638
XM_011531650.4	2340	2112.29	0	0
XM_011531651.3	2627	2399.29	0	0
XM_011531652.3	2628	2400.29	0	0
XM_011531653.4	2577	2349.29	0	0
XM_011531654.4	2313	2085.29	0	0
XM_011531656.4	2232	2004.29	0	0
XM_011531657.4	2226	1998.29	0	0
XM_011531658.4	2073	1845.29	0	0
XM_011531659.3	921	693.293	0	0
XM_011531661.3	844	616.427	0	0
XM_011531662.3	719	491.852	0	0
XM_011531664.3	2191	1963.29	0	0
XM_011531665.4	1939	1711.29	0	0
XM_011531666.3	4020	3792.29	9.67182	0.114775
XM_011531667.4	3592	3364.29	35.7592	0.47834
XM_011531671.3	1252	1024.29	0	0
XM_011531672.4	1359	1131.29	0	0
XM_011531678.3	8185	7957.29	0	0
XM_011531679.4	2827	2599.29	12.1801	0.210882
XM_011531680.3	3182	2954.29	0	0
XM_011531683.3	1795	1567.29	0	0
XM_011531684.4	6022	5794.29	0	0
XM_011531687.3	5834	5606.29	0	0
XM_011531688.2	5996	5768.29	0	0
XM_011531689.4	5824	5596.29	0	0
XM_011531690.3	8548	8320.29	0	0
XM_011531692.3	2447	2219.29	0	0
XM_011531693.3	2527	2299.29	0	0
XM_011531694.3	2378	2150.29	0	0
XM_011531695.4	2401	2173.29	0	0
XM_011531696.3	2378	2150.29	0	0
XM_011531697.3	1652	1424.29	0	0
XM_011531699.2	6159	5931.29	0	0
XM_011531701.3	6252	6024.29	0	0
XM_011531705.3	3124	2896.29	0	0
XM_011531706.3	3076	2848.29	0	0
XM_011531711.3	3404	3176.29	0	0
XM_011531714.3	3019	2791.29	12.777	0.205999
XM_011531716.4	2741	2513.29	2.33144	0.0417467
XM_011531718.4	9818	9590.29	11.101	0.0520922
XM_011531720.2	2200	1972.29	33.5636	0.765842
XM_011531723.2	1964	1736.29	2.9273	0.0758729
XM_011531726.4	1686	1458.29	12.5132	0.386158
XM_011531735.4	8075	7847.29	0	0
XM_011531737.3	1942	1714.29	0	0
XM_011531738.3	1995	1767.29	33.5468	0.85425
XM_011531739.2	1237	1009.29	5.32695	0.237522
XM_011531745.4	4206	3978.29	9.93372	0.112372
XM_011531750.3	4628	4400.29	39.7996	0.407043
XM_011531751.4	4132	3904.29	37.0655	0.427238
XM_011531755.4	4048	3820.29	324.332	3.82064
XM_011531756.4	1809	1581.29	0	0
XM_011531757.4	14613	14385.3	0	0
XM_011531759.3	14519	14291.3	183.349	0.577363
XM_011531760.4	14513	14285.3	0	0
XM_011531761.4	14568	14340.3	0.00254616	7.99042e-06
XM_011531762.4	14562	14334.3	0	0
XM_011531763.4	14459	14231.3	0.00342408	1.08278e-05
XM_011531764.4	14529	14301.3	2.76582e-05	8.70345e-08
XM_011531766.3	7773	7545.29	0	0
XM_011531767.3	6999	6771.29	4.66499	0.0310042
XM_011531768.3	6823	6595.29	0	0
XM_011531769.3	6772	6544.29	3.2201	0.0221436
XM_011531771.3	6550	6322.29	0.349507	0.00248784
XM_011531772.3	6451	6223.29	0.176504	0.00127637
XM_011531773.2	6151	5923.29	0	0
XM_011531774.2	6100	5872.29	0	0
XM_011531775.2	5463	5235.29	0	0
XM_011531777.4	6035	5807.29	0	0
XM_011531778.3	2765	2537.29	0	0
XM_011531779.3	2554	2326.29	0	0
XM_011531780.2	5601	5373.29	3.42699	0.0287021
XM_011531781.2	5598	5370.29	1.79549	0.0150462
XM_011531783.2	5349	5121.29	0.861484	0.00757024
XM_011531791.2	12262	12034.3	0	0
XM_011531796.4	6928	6700.29	0	0
XM_011531802.4	4167	3939.29	9.75566	0.11145
XM_011531806.4	8879	8651.29	0	0
XM_011531807.4	8855	8627.29	0	0
XM_011531808.3	8867	8639.29	0	0
XM_011531809.2	8796	8568.29	0	0
XM_011531816.3	2310	2082.29	0	0
XM_011531817.4	2654	2426.29	0	0
XM_011531818.3	6297	6069.29	0	0
XM_011531819.3	4394	4166.29	167.018	1.80408
XM_011531820.3	4705	4477.29	0	0
XM_011531822.3	4654	4426.29	0	0
XM_011531823.3	4618	4390.29	0	0
XM_011531824.3	4615	4387.29	0	0
XM_011531825.3	4564	4336.29	0	0
XM_011531827.3	3522	3294.29	7.37026	0.100685
XM_011531828.3	2875	2647.29	67.5778	1.1488
XM_011531833.1	5116	4888.29	0	0
XM_011531840.3	1041	813.293	0	0
XM_011531843.4	2642	2414.29	0	0
XM_011531852.4	1174	946.293	0	0
XM_011531854.4	1710	1482.29	4.88291	0.148247
XM_011531879.3	1262	1034.29	0	0
XM_011531882.3	1307	1079.29	0	0
XM_011531886.4	2348	2120.29	0	0
XM_011531893.3	11587	11359.3	0	0
XM_011531894.3	4626	4398.29	0	0
XM_011531896.3	1997	1769.29	0	0
XM_011531897.4	6256	6028.29	55.5326	0.414568
XM_011531901.2	3511	3283.29	18.4406	0.25276
XM_011531903.3	415	204.487	0	0
XM_011531904.4	560	336.006	1	0.133935
XM_011531908.3	3882	3654.29	0	0
XM_011531909.3	3827	3599.29	0	0
XM_011531910.4	4568	4340.29	0	0
XM_011531911.2	3730	3502.29	0	0
XM_011531912.3	3624	3396.29	0.0184262	0.000244159
XM_011531913.1	3653	3425.29	1.59556e-07	2.09632e-09
XM_011531914.3	3735	3507.29	0	0
XM_011531915.3	3625	3397.29	0.0123069	0.000163026
XM_011531917.2	3609	3381.29	7.96105	0.105957
XM_011531919.2	1960	1732.29	0	0
XM_011531920.3	1708	1480.29	0	0
XM_011531927.3	2315	2087.29	8.36815	0.180422
XM_011531930.3	2291	2063.29	0	0
XM_011531935.2	941	713.293	0	0
XM_011531936.2	9516	9288.29	0	0
XM_011531937.3	9391	9163.29	0	0
XM_011531938.3	9203	8975.29	1.18635e-06	5.94847e-09
XM_011531939.3	10741	10513.3	0	0
XM_011531941.3	26553	26325.3	27.2181	0.0465293
XM_011531942.3	5847	5619.29	1.17419	0.00940372
XM_011531943.3	2925	2697.29	0	0
XM_011531945.2	3980	3752.29	0	0
XM_011531946.3	3044	2816.29	0	0
XM_011531947.2	2917	2689.29	0	0
XM_011531948.2	3882	3654.29	0	0
XM_011531949.3	2946	2718.29	0	0
XM_011531950.3	2967	2739.29	0	0
XM_011531951.2	2813	2585.29	0	0
XM_011531955.3	4242	4014.29	0	0
XM_011531956.3	3158	2930.29	0	0
XM_011531957.3	4148	3920.29	0	0
XM_011531958.2	2609	2381.29	0	0
XM_011531962.3	6383	6155.29	13.1546	0.0961773
XM_011531964.3	4355	4127.29	0	0
XM_011531973.4	9196	8968.29	2.30353e-08	1.15592e-10
XM_011531975.2	5804	5576.29	0	0
XM_011531978.3	3744	3516.29	0	0
XM_011531989.3	2183	1955.29	0	0
XM_011531993.3	3363	3135.29	0	0
XM_011531994.2	3173	2945.29	0	0
XM_011531995.2	3084	2856.29	0	0
XM_011531996.2	2984	2756.29	0	0
XM_011531997.2	2906	2678.29	1	0.0168029
XM_011532002.4	1370	1142.29	0	0
XM_011532004.2	5880	5652.29	269.26	2.14383
XM_011532005.3	3530	3302.29	8.97363	0.122291
XM_011532010.4	4544	4316.29	1	0.0104263
XM_011532015.3	1930	1702.29	0	0
XM_011532017.3	2490	2262.29	0	0
XM_011532018.2	2952	2724.29	0	0
XM_011532020.3	1884	1656.29	8.10752	0.220289
XM_011532021.2	589	364.098	148.414	18.3442
XM_011532022.3	3286	3058.29	0	0
XM_011532024.4	8621	8393.29	21.9356	0.117614
XM_011532025.4	11419	11191.3	4.48708e-07	1.80437e-09
XM_011532028.3	4864	4636.29	409.833	3.97813
XM_011532029.2	4367	4139.29	542.532	5.89849
XM_011532030.3	4409	4181.29	119.551	1.28672
XM_011532032.3	2425	2197.29	184.137	3.77134
XM_011532033.4	2141	1913.29	22.6866	0.533618
XM_011532035.4	1557	1329.29	607.232	20.5578
XM_011532037.3	6654	6426.29	29.6368	0.207545
XM_011532039.3	7391	7163.29	7.16945	0.0450417
XM_011532040.3	7762	7534.29	42.7082	0.255101
XM_011532041.3	7759	7531.29	39.7798	0.237703
XM_011532042.4	7089	6861.29	142.139	0.932285
XM_011532050.3	5269	5041.29	0	0
XM_011532051.3	1565	1337.29	0	0
XM_011532053.4	3704	3476.29	0	0
XM_011532057.3	4332	4104.29	2.90654e-08	3.18698e-10
XM_011532058.4	5677	5449.29	0	0
XM_011532059.3	5668	5440.29	0	0
XM_011532060.3	5629	5401.29	0.358931	0.00299058
XM_011532061.3	5608	5380.29	0	0
XM_011532062.3	5596	5368.29	0	0
XM_011532063.3	5584	5356.29	0.0778001	0.000653669
XM_011532064.3	5548	5320.29	0.00296782	2.51041e-05
XM_011532065.3	5488	5260.29	0.524114	0.00448392
XM_011532067.2	4931	4703.29	0	0
XM_011532068.2	4790	4562.29	0	0
XM_011532069.2	4670	4442.29	16.5273	0.167431
XM_011532070.3	2816	2588.29	0	0
XM_011532072.3	2780	2552.29	0	0
XM_011532073.3	2689	2461.29	106.562	1.94841
XM_011532077.3	4187	3959.29	0	0
XM_011532079.4	3888	3660.29	45.0623	0.554039
XM_011532080.4	3885	3657.29	45.2042	0.556239
XM_011532081.4	3723	3495.29	9.62801	0.123964
XM_011532084.3	5589	5361.29	61.2717	0.514319
XM_011532085.3	5496	5268.29	21.1761	0.180892
XM_011532086.3	5817	5589.29	0	0
XM_011532087.3	5767	5539.29	8.89959	0.0723033
XM_011532091.3	6597	6369.29	0	0
XM_011532092.3	6588	6360.29	0	0
XM_011532094.3	6390	6162.29	0	0
XM_011532096.3	5115	4887.29	65.8546	0.606401
XM_011532097.3	3839	3611.29	0	0
XM_011532098.3	3513	3285.29	0	0
XM_011532099.3	3474	3246.29	59.8807	0.83012
XM_011532104.4	3718	3490.29	0	0
XM_011532111.4	22036	21808.3	106.123	0.218993
XM_011532126.1	4769	4541.29	0	0
XM_011532131.2	9732	9504.29	0	0
XM_011532143.3	2437	2209.29	11.5503	0.235279
XM_011532145.3	1856	1628.29	0.524462	0.0144952
XM_011532148.4	9460	9232.29	0	0
XM_011532150.2	4481	4253.29	7.77732	0.08229
XM_011532165.3	8614	8386.29	23.4166	0.12566
XM_011532174.2	3932	3704.29	0	0
XM_011532175.2	3863	3635.29	0	0
XM_011532176.3	3782	3554.29	0	0
XM_011532179.3	3075	2847.29	0	0
XM_011532201.3	5487	5259.29	80.9158	0.692386
XM_011532203.2	6307	6079.29	0	0
XM_011532204.4	6526	6298.29	0	0
XM_011532205.3	6160	5932.29	0.916999	0.00695646
XM_011532206.2	6171	5943.29	0.0723324	0.000547707
XM_011532207.2	6221	5993.29	7.43241e-07	5.58093e-09
XM_011532210.3	706	478.9	0	0
XM_011532211.2	3300	3072.29	0	0
XM_011532215.3	3503	3275.29	0	0
XM_011532216.3	3450	3222.29	0	0
XM_011532217.4	8449	8221.29	0	0
XM_011532218.4	8398	8170.29	1.29429e-05	7.12911e-08
XM_011532220.3	12908	12680.3	12.2383	0.0434345
XM_011532221.3	11487	11259.3	0	0
XM_011532223.3	11284	11056.3	0	0
XM_011532224.3	11078	10850.3	0	0
XM_011532228.3	1715	1487.29	1	0.0302584
XM_011532233.4	6425	6197.29	14.9283	0.108405
XM_011532234.4	6683	6455.29	38.3594	0.267423
XM_011532237.3	11964	11736.3	94.7452	0.363303
XM_011532238.4	4014	3786.29	9.96844	0.118483
XM_011532247.3	2996	2768.29	0	0
XM_011532248.4	4299	4071.29	40.676	0.449623
XM_011532249.4	4128	3900.29	0	0
XM_011532252.4	4494	4266.29	55.7691	0.588282
XM_011532253.2	7595	7367.29	0	0
XM_011532254.2	7445	7217.29	21.182	0.13208
XM_011532255.4	7189	6961.29	32.7425	0.211672
XM_011532256.3	2618	2390.29	0	0
XM_011532257.4	2557	2329.29	0	0
XM_011532267.3	1443	1215.29	0	0
XM_011532268.3	8011	7783.29	0	0
XM_011532284.3	5645	5417.29	0	0
XM_011532285.3	3363	3135.29	6.09949	0.0875503
XM_011532286.3	3166	2938.29	0.56117	0.00859492
XM_011532287.3	3069	2841.29	0.13107	0.00207602
XM_011532292.3	1308	1080.29	22.3678	0.931801
XM_011532295.3	2232	2004.29	0	0
XM_011532298.3	1539	1311.29	0	0
XM_011532299.2	19514	19286.3	88.3624	0.206187
XM_011532300.3	53038	52810.3	43.1331	0.0367565
XM_011532310.3	1290	1062.29	0	0
XM_011532311.3	3828	3600.29	1.53665	0.0192079
XM_011532313.3	3407	3179.29	14.026	0.198539
XM_011532315.3	1059	831.293	0	0
XM_011532320.4	16271	16043.3	0	0
XM_011532322.2	16159	15931.3	0	0
XM_011532323.2	16111	15883.3	0	0
XM_011532324.2	16099	15871.3	0	0
XM_011532325.2	16057	15829.3	0	0
XM_011532326.2	16033	15805.3	0	0
XM_011532330.2	14108	13880.3	0.000273418	8.86482e-07
XM_011532333.3	7839	7611.29	0	0
XM_011532334.3	7705	7477.29	0	0
XM_011532335.3	7534	7306.29	23.0635	0.142059
XM_011532355.3	7044	6816.29	0	0
XM_011532356.3	7026	6798.29	0	0
XM_011532358.2	7088	6860.29	0	0
XM_011532384.3	3426	3198.29	3.04885	0.0429002
XM_011532385.2	3305	3077.29	0	0
XM_011532386.3	3349	3121.29	0	0
XM_011532387.3	5428	5200.29	199.277	1.72453
XM_011532389.2	6759	6531.29	0	0
XM_011532390.3	8399	8171.29	5.04757	0.0277993
XM_011532391.3	4596	4368.29	0	0
XM_011532398.2	5459	5231.29	104.884	0.902287
XM_011532399.3	5935	5707.29	60.7426	0.478967
XM_011532400.3	2482	2254.29	112.987	2.2556
XM_011532401.2	2512	2284.29	12.0471	0.237341
XM_011532402.3	7038	6810.29	21.4695	0.141872
XM_011532403.3	6873	6645.29	0	0
XM_011532405.2	6663	6435.29	14.0578	0.0983088
XM_011532406.2	6657	6429.29	0	0
XM_011532409.4	4833	4605.29	0	0
XM_011532410.4	4232	4004.29	403.36	4.53325
XM_011532412.3	7079	6851.29	19.5497	0.128413
XM_011532415.4	2283	2055.29	0	0
XM_011532416.4	35508	35280.3	77.6214	0.0990128
XM_011532417.3	11966	11738.3	3.14584	0.0120608
XM_011532420.4	4585	4357.29	0	0
XM_011532421.2	5854	5626.29	0	0
XM_011532422.4	6350	6122.29	16.3389	0.120102
XM_011532434.3	10181	9953.29	0	0
XM_011532456.4	1719	1491.29	0	0
XM_011532475.4	2554	2326.29	11.5907	0.224228
XM_011532476.4	4719	4491.29	0	0
XM_011532477.4	4754	4526.29	5.07307	0.0504395
XM_011532482.4	6930	6702.29	0	0
XM_011532485.4	4308	4080.29	16.5388	0.182412
XM_011532489.2	5076	4848.29	1.62348	0.0150695
XM_011532490.2	5073	4845.29	7.5665	0.0702776
XM_011532491.2	5010	4782.29	6.83244	0.0642957
XM_011532492.3	5144	4916.29	0.230013	0.00210551
XM_011532493.2	4938	4710.29	2.96859	0.0283625
XM_011532494.2	4878	4650.29	5.7163	0.0553194
XM_011532499.2	2533	2305.29	105.021	2.05018
XM_011532501.3	3750	3522.29	215.552	2.75404
XM_011532502.3	9042	8814.29	0	0
XM_011532505.3	1492	1264.29	0	0
XM_011532507.3	1866	1638.29	0	0
XM_011532508.3	1424	1196.29	0	0
XM_011532514.3	824	596.427	0	0
XM_011532540.3	3522	3294.29	20.3812	0.278426
XM_011532550.3	2499	2271.29	0	0
XM_011532551.3	2498	2270.29	0	0
XM_011532556.3	4075	3847.29	0	0
XM_011532557.3	2635	2407.29	0	0
XM_011532558.3	5670	5442.29	19.4201	0.160588
XM_011532559.3	535	312.445	7.78332	1.12107
XM_011532563.3	6266	6038.29	0	0
XM_011532564.3	4603	4375.29	0	0
XM_011532565.4	4180	3952.29	0	0
XM_011532566.3	3932	3704.29	348.61	4.23523
XM_011532567.4	3888	3660.29	12.3794	0.152204
XM_011532568.4	4072	3844.29	0	0
XM_011532570.3	3843	3615.29	0	0
XM_011532571.3	4162	3934.29	31.1277	0.35606
XM_011532573.4	3952	3724.29	0	0
XM_011532574.4	3894	3666.29	0	0
XM_011532576.4	3825	3597.29	0	0
XM_011532578.3	3959	3731.29	76.5517	0.923289
XM_011532614.4	2130	1902.29	0	0
XM_011532615.4	2194	1966.29	0	0
XM_011532616.3	1589	1361.29	5.82856	0.192687
XM_011532621.4	4080	3852.29	0	0
XM_011532622.3	3548	3320.29	0	0
XM_011532623.3	3977	3749.29	5.99209	0.0719236
XM_011532628.3	3091	2863.29	0	0
XM_011532633.4	6297	6069.29	43.2277	0.320528
XM_011532635.3	2804	2576.29	0	0
XM_011532637.2	3316	3088.29	0	0
XM_011532638.3	2572	2344.29	0	0
XM_011532639.3	2564	2336.29	0	0
XM_011532640.3	2631	2403.29	0	0
XM_011532641.3	3008	2780.29	0	0
XM_011532642.3	2384	2156.29	0	0
XM_011532643.1	2585	2357.29	0	0
XM_011532645.1	1922	1694.29	13.6133	0.36159
XM_011532647.3	1057	829.293	0	0
XM_011532649.3	12765	12537.3	2.45608e-06	8.81621e-09
XM_011532650.4	12770	12542.3	1.42178e-06	5.10149e-09
XM_011532652.2	12626	12398.3	10.6773	0.0387562
XM_011532653.2	12605	12377.3	0	0
XM_011532654.1	12528	12300.3	0	0
XM_011532655.2	11817	11589.3	0	0
XM_011532657.1	11556	11328.3	0.00497551	1.97658e-05
XM_011532660.2	7030	6802.29	0	0
XM_011532662.3	10249	10021.3	0	0
XM_011532664.3	2886	2658.29	0	0
XM_011532666.3	8734	8506.29	0.00287992	1.52364e-05
XM_011532667.4	8567	8339.29	0	0
XM_011532682.3	12108	11880.3	0	0
XM_011532683.3	12616	12388.3	0	0
XM_011532684.3	12102	11874.3	0	0
XM_011532685.3	12051	11823.3	0	0
XM_011532687.3	11243	11015.3	0	0
XM_011532688.3	4038	3810.29	0	0
XM_011532690.2	9010	8782.29	0	0
XM_011532691.2	888	660.427	0	0
XM_011532692.3	822	594.427	0	0
XM_011532693.3	775	547.487	3.4199	0.281114
XM_011532694.3	545	321.964	0	0
XM_011532697.4	2166	1938.29	0	0
XM_011532698.3	17054	16826.3	34.4966	0.0922635
XM_011532711.4	4926	4698.29	1.8253	0.0174838
XM_011532712.4	4973	4745.29	52.1632	0.494702
XM_011532715.4	5031	4803.29	0.0319798	0.000299626
XM_011532717.3	5207	4979.29	0.00106548	9.62987e-06
XM_011532718.4	4785	4557.29	0	0
XM_011532719.2	6679	6451.29	119.325	0.832391
XM_011532720.3	6666	6438.29	9.14568e-05	6.39275e-07
XM_011532721.3	6458	6230.29	26.4506	0.19106
XM_011532724.3	9862	9634.29	24.1476	0.112797
XM_011532726.3	4896	4668.29	95.8274	0.923792
XM_011532729.4	1166	938.293	0	0
XM_011532730.4	1415	1187.29	0	0
XM_011532733.3	2864	2636.29	0	0
XM_011532735.3	2457	2229.29	0	0
XM_011532740.1	1183	955.293	0	0
XM_011532741.3	5042	4814.29	0	0
XM_011532746.4	4593	4365.29	0	0
XM_011532748.4	4403	4175.29	0	0
XM_011532750.4	4225	3997.29	10.8557	0.122217
XM_011532751.4	4685	4457.29	38.7591	0.391331
XM_011532758.2	4175	3947.29	38.4118	0.437933
XM_011532759.3	3913	3685.29	75.7298	0.924777
XM_011532760.3	3625	3397.29	80.0651	1.0606
XM_011532763.1	1202	974.293	6.49225	0.29988
XM_011532783.1	1444	1216.29	0	0
XM_011532803.2	2146	1918.29	0	0
XM_011532806.3	3928	3700.29	0	0
XM_011532807.3	5593	5365.29	0.752004	0.00630767
XM_011532810.3	961	733.293	0	0
XM_011532811.3	1800	1572.29	0	0
XM_011532815.4	3021	2793.29	0	0
XM_011532817.3	2976	2748.29	0	0
XM_011532819.3	2367	2139.29	0	0
XM_011532820.3	9865	9637.29	186.642	0.871559
XM_011532821.3	9974	9746.29	29.6202	0.13677
XM_011532822.3	10241	10013.3	17.6859	0.0794864
XM_011532823.3	1520	1292.29	10.2549	0.35712
XM_011532825.2	2712	2484.29	17.3114	0.313597
XM_011532834.3	6106	5878.29	1.00085	0.00766232
XM_011532842.4	6190	5962.29	0	0
XM_011532845.4	6907	6679.29	0	0
XM_011532849.4	5915	5687.29	0	0
XM_011532850.3	7058	6830.29	0	0
XM_011532851.4	5837	5609.29	0	0
XM_011532852.4	5093	4865.29	0	0
XM_011532853.3	6505	6277.29	38.9387	0.279159
XM_011532855.3	6499	6271.29	0	0
XM_011532856.3	6385	6157.29	0.342933	0.00250646
XM_011532857.3	6379	6151.29	4.542	0.0332294
XM_011532858.3	6379	6151.29	0	0
XM_011532859.3	6346	6118.29	265.458	1.95258
XM_011532860.3	6337	6109.29	95.9871	0.707073
XM_011532861.3	6235	6007.29	0.191405	0.00143389
XM_011532864.4	4020	3792.29	0	0
XM_011532865.2	4023	3795.29	0	0
XM_011532871.3	2391	2163.29	64.5305	1.34243
XM_011532875.3	1601	1373.29	1	0.0327702
XM_011532876.3	2074	1846.29	0	0
XM_011532881.4	5066	4838.29	0	0
XM_011532884.4	11693	11465.3	10.3386	0.0405808
XM_011532887.4	2150	1922.29	31.0571	0.727083
XM_011532890.4	3991	3763.29	15.2902	0.182847
XM_011532896.3	1264	1036.29	7.73342	0.335839
XM_011532898.4	6183	5955.29	542.58	4.10018
XM_011532899.4	5988	5760.29	58.1027	0.453936
XM_011532901.4	5961	5733.29	6.68911	0.0525057
XM_011532902.2	825	597.427	10.5194	0.792409
XM_011532906.3	2497	2269.29	18.1786	0.360505
XM_011532907.3	2140	1912.29	8.90536	0.209575
XM_011532908.4	1346	1118.29	23.2445	0.93542
XM_011532918.4	5631	5403.29	0	0
XM_011532919.4	5616	5388.29	0	0
XM_011532920.4	5589	5361.29	4.51319	0.037884
XM_011532924.4	7125	6897.29	8.20223	0.0535174
XM_011532925.4	3987	3759.29	0	0
XM_011532928.3	2990	2762.29	6.71044	0.109326
XM_011532929.4	2978	2750.29	0	0
XM_011532930.4	5786	5558.29	0	0
XM_011532931.4	3017	2789.29	0	0
XM_011532932.3	2748	2520.29	0	0
XM_011532935.4	5049	4821.29	101.654	0.948859
XM_011532936.4	4249	4021.29	3.14038	0.0351446
XM_011532939.4	2080	1852.29	8.53509	0.207367
XM_011532940.4	2065	1837.29	9.0946	0.222765
XM_011532942.4	2035	1807.29	2.30257e-05	5.73359e-07
XM_011532944.3	1802	1574.29	0.000145702	4.16508e-06
XM_011532945.3	1757	1529.29	1.29368e-08	3.80697e-10
XM_011532946.3	3619	3391.29	15.3565	0.203784
XM_011532953.3	4199	3971.29	0	0
XM_011532954.3	4569	4341.29	19.2646	0.199703
XM_011532955.3	1847	1619.29	0	0
XM_011532958.3	2789	2561.29	73.1694	1.28562
XM_011532959.4	5140	4912.29	19.5644	0.179235
XM_011532962.4	5247	5019.29	17.3705	0.155744
XM_011532963.4	5274	5046.29	4.38047	0.0390653
XM_011532971.4	6174	5946.29	0	0
XM_011532975.4	5432	5204.29	0	0
XM_011532978.3	5153	4925.29	0	0
XM_011532980.4	5921	5693.29	39.1824	0.30972
XM_011532981.4	5044	4816.29	33.1706	0.309944
XM_011532982.3	5319	5091.29	0	0
XM_011532983.3	4523	4295.29	0	0
XM_011532987.3	9891	9663.29	886.808	4.12997
XM_011532988.2	4531	4303.29	10.002	0.104599
XM_011532994.4	21763	21535.3	35.7975	0.0748073
XM_011532997.3	3320	3092.29	4.84751	0.0705474
XM_011532999.3	3242	3014.29	37.2318	0.555866
XM_011533000.4	4261	4033.29	0	0
XM_011533001.4	4019	3791.29	38.4669	0.456607
XM_011533003.3	15925	15697.3	0	0
XM_011533007.3	5641	5413.29	0	0
XM_011533010.4	10680	10452.3	0	0
XM_011533011.4	3194	2966.29	0	0
XM_011533012.3	3399	3171.29	1.81381	0.0257394
XM_011533013.3	3195	2967.29	39.0568	0.59235
XM_011533014.3	3935	3707.29	60.869	0.738893
XM_011533024.3	2625	2397.29	0	0
XM_011533025.4	3260	3032.29	0	0
XM_011533026.3	2490	2262.29	0	0
XM_011533027.4	3105	2877.29	0	0
XM_011533028.3	1915	1687.29	0	0
XM_011533032.3	2276	2048.29	36.476	0.801415
XM_011533033.3	4023	3795.29	15.7297	0.186516
XM_011533034.3	3498	3270.29	0	0
XM_011533035.2	2976	2748.29	28.6093	0.468476
XM_011533044.2	3908	3680.29	0	0
XM_011533045.2	3892	3664.29	0	0
XM_011533047.4	5993	5765.29	36.2656	0.283084
XM_011533064.3	11866	11638.3	31.908	0.123382
XM_011533069.3	5267	5039.29	0	0
XM_011533072.3	4654	4426.29	0	0
XM_011533073.3	14261	14033.3	138.961	0.445631
XM_011533074.4	4142	3914.29	43.6785	0.502177
XM_011533075.3	1434	1206.29	0	0
XM_011533084.3	3649	3421.29	0	0
XM_011533092.4	1941	1713.29	0	0
XM_011533095.3	5712	5484.29	0	0
XM_011533096.3	3634	3406.29	3.7634	0.0497211
XM_011533097.2	4314	4086.29	1198.82	13.2029
XM_011533098.3	4853	4625.29	0.0857397	0.000834229
XM_011533102.3	2932	2704.29	0	0
XM_011533107.4	10078	9850.29	0	0
XM_011533108.4	5129	4901.29	0	0
XM_011533109.2	4176	3948.29	77.8199	0.887
XM_011533110.2	4122	3894.29	23.3001	0.26926
XM_011533111.3	1625	1397.29	0	0
XM_011533113.3	1231	1003.29	0	0
XM_011533114.4	1828	1600.29	0	0
XM_011533119.3	1600	1372.29	0	0
XM_011533122.2	1366	1138.29	4.92681	0.194784
XM_011533123.2	1307	1079.29	50.1879	2.09267
XM_011533133.3	1065	837.293	0	0
XM_011533134.3	3664	3436.29	42.5647	0.557444
XM_011533135.4	1142	914.293	0	0
XM_011533136.4	1115	887.293	0	0
XM_011533137.4	1091	863.293	0	0
XM_011533138.4	981	753.293	0	0
XM_011533139.2	5716	5488.29	99.9287	0.819398
XM_011533148.4	3168	2940.29	36.1838	0.553816
XM_011533149.4	3061	2833.29	0	0
XM_011533151.4	2523	2295.29	18.1369	0.355605
XM_011533152.4	3240	3012.29	10.2558	0.15322
XM_011533154.3	5127	4899.29	87.1526	0.800551
XM_011533155.3	4936	4708.29	0	0
XM_011533156.4	4844	4616.29	15.2344	0.148517
XM_011533159.4	2401	2173.29	0	0
XM_011533160.3	2487	2259.29	0	0
XM_011533161.4	2998	2770.29	4	0.0649795
XM_011533163.3	3432	3204.29	0	0
XM_011533164.3	2338	2110.29	0	0
XM_011533165.4	4166	3938.29	9.33722	0.106697
XM_011533166.4	2224	1996.29	1145.09	25.8142
XM_011533203.3	2239	2011.29	19.7682	0.442317
XM_011533207.4	2674	2446.29	1	0.0183964
XM_011533209.3	5614	5386.29	0	0
XM_011533210.4	1862	1634.29	0	0
XM_011533212.2	7257	7029.29	0	0
XM_011533242.4	993	765.293	0	0
XM_011533243.4	1408	1180.29	1.0017	0.0381935
XM_011533244.4	3889	3661.29	0	0
XM_011533245.4	4011	3783.29	0	0
XM_011533246.4	4723	4495.29	13.2507	0.132655
XM_011533248.3	3282	3054.29	0	0
XM_011533249.4	3020	2792.29	0	0
XM_011533250.4	2572	2344.29	17.791	0.341532
XM_011533251.2	1131	903.293	0	0
XM_011533252.2	6167	5939.29	0	0
XM_011533261.3	2955	2727.29	18.1622	0.299695
XM_011533262.3	2955	2727.29	33.0281	0.544997
XM_011533268.2	4917	4689.29	1.19288	0.0114481
XM_011533271.2	4675	4447.29	0.491018	0.00496871
XM_011533277.4	11828	11600.3	1.35406	0.00525306
XM_011533288.4	2089	1861.29	76.9746	1.86112
XM_011533292.2	7759	7531.29	0	0
XM_011533294.2	7569	7341.29	0	0
XM_011533295.2	7711	7483.29	0	0
XM_011533296.2	7458	7230.29	85.9787	0.535152
XM_011533299.4	4161	3933.29	0	0
XM_011533300.4	3363	3135.29	0	0
XM_011533301.4	3356	3128.29	0	0
XM_011533302.4	3457	3229.29	0	0
XM_011533303.4	4253	4025.29	0	0
XM_011533316.3	1831	1603.29	235.743	6.6171
XM_011533321.3	5730	5502.29	0	0
XM_011533328.3	4054	3826.29	0	0
XM_011533332.4	1536	1308.29	0	0
XM_011533348.3	1263	1035.29	0	0
XM_011533349.4	1308	1080.29	0	0
XM_011533350.3	1260	1032.29	0	0
XM_011533351.3	1283	1055.29	0	0
XM_011533352.3	1137	909.293	0	0
XM_011533353.3	1182	954.293	0	0
XM_011533354.3	1179	951.293	0	0
XM_011533355.4	1288	1060.29	0	0
XM_011533357.4	2562	2334.29	26.67	0.514173
XM_011533361.4	2613	2385.29	0	0
XM_011533362.3	2567	2339.29	0	0
XM_011533363.3	1388	1160.29	0	0
XM_011533364.3	1300	1072.29	0	0
XM_011533366.2	548	324.67	0	0
XM_011533370.4	1746	1518.29	0	0
XM_011533371.2	2188	1960.29	0	0
XM_011533372.2	2106	1878.29	0	0
XM_011533373.3	2452	2224.29	103.481	2.09369
XM_011533375.3	3100	2872.29	47.5764	0.745427
XM_011533376.3	2955	2727.29	12.6318	0.208437
XM_011533377.3	2411	2183.29	0	0
XM_011533382.3	2797	2569.29	0	0
XM_011533385.3	2246	2018.29	0	0
XM_011533386.3	2224	1996.29	0	0
XM_011533388.3	1578	1350.29	0	0
XM_011533389.3	1371	1143.29	0	0
XM_011533414.3	2363	2135.29	0	0
XM_011533416.4	1254	1026.29	0	0
XM_011533418.3	5249	5021.29	0	0
XM_011533419.3	5467	5239.29	1	0.00858953
XM_011533420.2	2143	1915.29	0	0
XM_011533421.3	1978	1750.29	0	0
XM_011533422.2	6093	5865.29	0	0
XM_011533423.2	5964	5736.29	0	0
XM_011533425.4	5077	4849.29	0	0
XM_011533427.3	5434	5206.29	0	0
XM_011533428.3	5003	4775.29	0	0
XM_011533429.3	7179	6951.29	0	0
XM_011533430.3	5332	5104.29	0	0
XM_011533431.3	8007	7779.29	0	0
XM_011533441.4	10183	9955.29	0	0
XM_011533443.3	6402	6174.29	0	0
XM_011533444.3	6326	6098.29	1.38163e-08	1.01959e-10
XM_011533445.3	6347	6119.29	0	0
XM_011533447.4	4155	3927.29	0	0
XM_011533449.3	2470	2242.29	0	0
XM_011533455.4	2822	2594.29	63.8846	1.1082
XM_011533456.3	2967	2739.29	0.000327467	5.37986e-06
XM_011533457.2	2800	2572.29	3.07531e-07	5.38035e-09
XM_011533458.3	2683	2455.29	0	0
XM_011533459.3	2913	2685.29	77.0534	1.29134
XM_011533460.3	2450	2222.29	0	0
XM_011533465.2	3320	3092.29	113.07	1.64555
XM_011533468.2	12566	12338.3	0	0
XM_011533471.3	10460	10232.3	0	0
XM_011533474.2	3926	3698.29	3	0.0365058
XM_011533477.3	2435	2207.29	58.4451	1.1916
XM_011533478.3	2276	2048.29	0.000896579	1.96987e-05
XM_011533489.4	2128	1900.29	4.82596	0.114289
XM_011533494.4	4053	3825.29	0	0
XM_011533500.3	3486	3258.29	0	0
XM_011533501.2	4300	4072.29	0	0
XM_011533502.4	2947	2719.29	30.0056	0.496579
XM_011533503.3	4989	4761.29	3.95066	0.0373411
XM_011533504.3	4695	4467.29	0	0
XM_011533515.2	7258	7030.29	0	0
XM_011533530.2	3180	2952.29	30.0131	0.457503
XM_011533533.3	8752	8524.29	0	0
XM_011533538.3	3420	3192.29	0	0
XM_011533542.4	6523	6295.29	23.5626	0.168441
XM_011533547.4	7029	6801.29	0.00120413	7.96754e-06
XM_011533554.3	4049	3821.29	30.4559	0.358677
XM_011533560.2	1837	1609.29	24.8058	0.693683
XM_011533561.2	1693	1465.29	0	0
XM_011533562.3	2154	1926.29	0.299835	0.00700489
XM_011533563.2	879	651.427	0	0
XM_011533565.3	1913	1685.29	15.6647	0.418302
XM_011533566.3	2683	2455.29	0	0
XM_011533567.3	2033	1805.29	17.1754	0.428156
XM_011533570.3	4820	4592.29	62.7974	0.615395
XM_011533575.2	5536	5308.29	0	0
XM_011533576.3	2472	2244.29	8.28725	0.166178
XM_011533578.3	5219	4991.29	98.397	0.887178
XM_011533583.4	6123	5895.29	487.013	3.71773
XM_011533590.3	4170	3942.29	0	0
XM_011533591.4	4404	4176.29	0	0
XM_011533598.4	6623	6395.29	96.1195	0.676384
XM_011533599.2	4644	4416.29	0.000218649	2.22809e-06
XM_011533600.2	4497	4269.29	0.175327	0.00184814
XM_011533602.2	4409	4181.29	0.0248025	0.000266949
XM_011533603.2	4641	4413.29	0.132981	0.00135603
XM_011533607.2	4958	4730.29	19.671	0.187146
XM_011533610.4	9553	9325.29	5.49709	0.0265285
XM_011533615.3	3155	2927.29	0	0
XM_011533616.4	3181	2953.29	7.8891	0.120216
XM_011533624.4	5449	5221.29	3.14451	0.027103
XM_011533625.4	3512	3284.29	13.652	0.187067
XM_011533626.4	1289	1061.29	7.78138	0.329962
XM_011533628.3	3955	3727.29	0	0
XM_011533629.3	4117	3889.29	0	0
XM_011533636.2	4490	4262.29	0	0
XM_011533637.2	3691	3463.29	0	0
XM_011533642.2	3418	3190.29	0	0
XM_011533643.2	1973	1745.29	0	0
XM_011533650.3	1683	1455.29	2.58681	0.0799939
XM_011533651.4	9822	9594.29	0	0
XM_011533658.4	2988	2760.29	13.2661	0.216287
XM_011533664.3	3475	3247.29	0	0
XM_011533668.3	2118	1890.29	0	0
XM_011533670.3	2710	2482.29	10.1384	0.183806
XM_011533671.3	2701	2473.29	0	0
XM_011533672.3	2857	2629.29	0	0
XM_011533673.3	3099	2871.29	20.6628	0.323857
XM_011533677.2	5796	5568.29	0	0
XM_011533678.3	5562	5334.29	0	0
XM_011533694.3	5255	5027.29	0	0
XM_011533700.4	2622	2394.29	0	0
XM_011533701.3	2727	2499.29	0	0
XM_011533703.3	9312	9084.29	0	0
XM_011533704.3	9368	9140.29	0	0
XM_011533705.2	9362	9134.29	3.14235e-07	1.54818e-09
XM_011533708.3	9317	9089.29	6.79782e-08	3.36575e-10
XM_011533738.4	2422	2194.29	0	0
XM_011533739.3	4655	4427.29	0	0
XM_011533740.3	4628	4400.29	0	0
XM_011533741.3	4568	4340.29	0	0
XM_011533742.3	4638	4410.29	0	0
XM_011533743.3	4472	4244.29	0	0
XM_011533744.3	4457	4229.29	0	0
XM_011533752.4	8963	8735.29	0	0
XM_011533764.2	3565	3337.29	0	0
XM_011533768.3	8579	8351.29	0	0
XM_011533781.3	3217	2989.29	10.1543	0.15287
XM_011533782.3	2669	2441.29	3.88842	0.0716796
XM_011533783.3	2580	2352.29	7.90032	0.151146
XM_011533784.3	2509	2281.29	0	0
XM_011533785.3	2420	2192.29	0	0
XM_011533789.2	2024	1796.29	59.9219	1.50124
XM_011533790.2	2597	2369.29	0	0
XM_011533791.4	2055	1827.29	17.6796	0.435419
XM_011533805.3	1303	1075.29	0	0
XM_011533806.3	8646	8418.29	0	0
XM_011533807.2	8883	8655.29	45.1634	0.234826
XM_011533808.1	8687	8459.29	34.4441	0.183241
XM_011533810.3	6286	6058.29	0	0
XM_011533812.3	8490	8262.29	9.82815	0.053532
XM_011533814.3	8281	8053.29	0	0
XM_011533816.3	2681	2453.29	3.16343	0.0580298
XM_011533818.2	2320	2092.29	150.859	3.24483
XM_011533826.4	2005	1777.29	6.96862	0.176453
XM_011533829.3	4926	4698.29	29.7144	0.284622
XM_011533833.3	7181	6953.29	2.1184	0.0137107
XM_011533834.2	7194	6966.29	12.0469	0.0778245
XM_011533835.2	7191	6963.29	0	0
XM_011533836.2	7181	6953.29	0	0
XM_011533837.2	7294	7066.29	0.000635685	4.04849e-06
XM_011533847.3	5741	5513.29	0	0
XM_011533849.2	8539	8311.29	0	0
XM_011533851.4	1083	855.293	47.8253	2.51643
XM_011533852.4	1418	1190.29	36.7564	1.3897
XM_011533853.4	1062	834.293	0	0
XM_011533854.4	981	753.293	0	0
XM_011533863.1	3275	3047.29	32.6464	0.482129
XM_011533869.3	5136	4908.29	0	0
XM_011533885.4	2243	2015.29	0	0
XM_011533889.4	2116	1888.29	0.0243569	0.000580489
XM_011533890.4	8137	7909.29	8.26972	0.0470539
XM_011533891.3	1848	1620.29	136.101	3.78015
XM_011533893.3	1133	905.293	10.9612	0.544891
XM_011533895.3	2153	1925.29	7.72959	0.180677
XM_011533896.3	2255	2027.29	2.38718	0.052992
XM_011533897.3	1906	1678.29	0	0
XM_011533898.3	6060	5832.29	8.894	0.0686278
XM_011533899.2	2809	2581.29	21.5755	0.376153
XM_011533900.4	8317	8089.29	0	0
XM_011533902.4	8259	8031.29	0	0
XM_011533903.4	8258	8030.29	0	0
XM_011533922.2	7084	6856.29	0	0
XM_011533928.2	7027	6799.29	0	0
XM_011533933.2	6274	6046.29	1342.33	9.99108
XM_011533937.3	2112	1884.29	0	0
XM_011533942.4	1670	1442.29	108.58	3.38798
XM_011533943.3	6744	6516.29	165.682	1.14424
XM_011533944.1	2485	2257.29	12.323	0.245681
XM_011533964.4	4562	4334.29	46.9811	0.487806
XM_011533967.4	2192	1964.29	0	0
XM_011533968.3	2069	1841.29	0	0
XM_011533969.3	1895	1667.29	0	0
XM_011533970.3	1700	1472.29	0	0
XM_011533974.3	3284	3056.29	74.7839	1.10117
XM_011533976.1	6936	6708.29	0	0
XM_011533977.3	7227	6999.29	0	0
XM_011533978.1	6909	6681.29	0	0
XM_011533979.1	6771	6543.29	46.2331	0.31798
XM_011533980.1	6744	6516.29	0	0
XM_011533981.3	9108	8880.29	0	0
XM_011533982.2	8991	8763.29	0	0
XM_011533983.2	8934	8706.29	0	0
XM_011533988.4	6377	6149.29	0	0
XM_011533989.3	6280	6052.29	0	0
XM_011533990.4	7656	7428.29	0	0
XM_011533991.3	8516	8288.29	1.18046e-06	6.40956e-09
XM_011533993.3	6419	6191.29	0	0
XM_011533994.3	6128	5900.29	0	0
XM_011533998.3	3456	3228.29	15.561	0.216924
XM_011534000.3	1922	1694.29	0	0
XM_011534001.3	6442	6214.29	178.22	1.29065
XM_011534007.3	2160	1932.29	0	0
XM_011534009.3	5249	5021.29	5.20915	0.0466867
XM_011534010.3	1987	1759.29	6.58862e-07	1.68538e-08
XM_011534011.3	1983	1755.29	8.55102e-07	2.19235e-08
XM_011534013.2	2176	1948.29	20.0828	0.463888
XM_011534015.3	707	479.9	0	0
XM_011534017.3	593	367.988	0	0
XM_011534020.4	3787	3559.29	0.637375	0.00805886
XM_011534021.4	3697	3469.29	5.09682	0.0661151
XM_011534024.2	5960	5732.29	202.113	1.58675
XM_011534027.4	7469	7241.29	0	0
XM_011534030.2	6287	6059.29	0	0
XM_011534033.3	3221	2993.29	1.38121	0.020766
XM_011534037.4	3034	2806.29	78.9717	1.26643
XM_011534039.4	2941	2713.29	32.306	0.535832
XM_011534040.4	2875	2647.29	59.1672	1.00582
XM_011534042.3	3526	3298.29	0	0
XM_011534047.4	7713	7485.29	0	0
XM_011534050.3	7521	7293.29	0	0
XM_011534054.2	2879	2651.29	91.0346	1.54522
XM_011534057.4	5782	5554.29	0	0
XM_011534058.4	8706	8478.29	79.3763	0.421332
XM_011534059.3	9475	9247.29	9.57218e-05	4.65842e-07
XM_011534061.4	8560	8332.29	0.0105844	5.7167e-05
XM_011534063.4	8649	8421.29	74.0318	0.395623
XM_011534064.4	8622	8394.29	64.9355	0.348129
XM_011534065.4	8519	8291.29	61.9075	0.336019
XM_011534066.4	9132	8904.29	0	0
XM_011534080.3	1266	1038.29	0	0
XM_011534086.3	8095	7867.29	0	0
XM_011534088.3	6252	6024.29	65.755	0.491207
XM_011534089.2	5753	5525.29	622.497	5.07019
XM_011534091.3	3800	3572.29	0	0
XM_011534094.3	9083	8855.29	0	0
XM_011534096.3	8894	8666.29	0	0
XM_011534097.3	9550	9322.29	0	0
XM_011534099.3	8535	8307.29	1	0.0054173
XM_011534100.3	8978	8750.29	0	0
XM_011534101.2	4827	4599.29	115.785	1.13293
XM_011534103.3	6193	5965.29	0	0
XM_011534105.3	6019	5791.29	0	0
XM_011534106.3	3835	3607.29	0	0
XM_011534108.2	2334	2106.29	0	0
XM_011534113.3	1938	1710.29	0	0
XM_011534122.3	1147	919.293	0	0
XM_011534123.3	1209	981.293	0	0
XM_011534124.4	1090	862.293	5.2423	0.273596
XM_011534136.3	4188	3960.29	105.593	1.19991
XM_011534139.4	4141	3913.29	7.35775	0.0846145
XM_011534141.4	7816	7588.29	0	0
XM_011534142.4	7740	7512.29	0	0
XM_011534143.4	7690	7462.29	0	0
XM_011534145.4	7456	7228.29	6.00537	0.0373892
XM_011534146.4	7060	6832.29	0	0
XM_011534149.4	3669	3441.29	275.953	3.60874
XM_011534150.4	3624	3396.29	0	0
XM_011534151.4	3615	3387.29	14.7264	0.195653
XM_011534152.3	3555	3327.29	197.482	2.67103
XM_011534153.4	3478	3250.29	0	0
XM_011534154.4	2913	2685.29	0	0
XM_011534157.3	2199	1971.29	0	0
XM_011534158.3	2226	1998.29	0	0
XM_011534160.2	1875	1647.29	18.1247	0.495155
XM_011534163.3	2664	2436.29	0	0
XM_011534165.2	4331	4103.29	3.84103	0.0421267
XM_011534166.2	4326	4098.29	20.4375	0.224422
XM_011534177.3	5741	5513.29	0	0
XM_011534178.3	5723	5495.29	0	0
XM_011534180.3	5693	5465.29	0	0
XM_011534182.3	5672	5444.29	0	0
XM_011534183.3	5654	5426.29	0	0
XM_011534189.3	5576	5348.29	0	0
XM_011534191.4	5537	5309.29	0	0
XM_011534192.3	5534	5306.29	0	0
XM_011534193.3	5522	5294.29	0	0
XM_011534194.3	5519	5291.29	0	0
XM_011534195.3	5507	5279.29	0	0
XM_011534196.3	5504	5276.29	0	0
XM_011534197.3	5480	5252.29	0	0
XM_011534198.4	5339	5111.29	0	0
XM_011534199.3	5336	5108.29	1.98777e-07	1.75119e-09
XM_011534200.4	5321	5093.29	1.12027e-05	9.89847e-08
XM_011534202.4	4747	4519.29	0	0
XM_011534203.3	5489	5261.29	0	0
XM_011534207.4	1625	1397.29	153.427	4.94149
XM_011534208.2	1612	1384.29	0	0
XM_011534210.2	2038	1810.29	111.125	2.76252
XM_011534212.3	6254	6026.29	48.8831	0.365049
XM_011534214.3	9901	9673.29	8.71075	0.0405251
XM_011534215.4	7680	7452.29	40.5707	0.244999
XM_011534216.4	4436	4208.29	24.0533	0.257223
XM_011534217.2	3814	3586.29	0	0
XM_011534218.2	3857	3629.29	0	0
XM_011534219.2	3925	3697.29	0	0
XM_011534222.2	3619	3391.29	0	0
XM_011534230.4	4711	4483.29	0	0
XM_011534235.4	3173	2945.29	0	0
XM_011534243.3	5720	5492.29	0	0
XM_011534247.3	4855	4627.29	12.1412	0.118081
XM_011534251.3	3143	2915.29	0	0
XM_011534256.4	7889	7661.29	9.12124e-07	5.35789e-09
XM_011534258.3	7971	7743.29	0.137055	0.000796547
XM_011534261.4	7742	7514.29	0	0
XM_011534263.4	7668	7440.29	34.5561	0.209015
XM_011534265.3	7599	7371.29	82.058	0.500979
XM_011534266.4	2603	2375.29	1	0.0189463
XM_011534269.2	3413	3185.29	0	0
XM_011534272.3	6176	5948.29	112.663	0.852379
XM_011534273.4	5746	5518.29	0	0
XM_011534275.4	5721	5493.29	0	0
XM_011534281.2	6829	6601.29	0	0
XM_011534283.4	6600	6372.29	0	0
XM_011534284.3	6624	6396.29	1.28979	0.00907471
XM_011534288.2	1352	1124.29	68.2015	2.72996
XM_011534289.3	11420	11192.3	0	0
XM_011534295.3	8938	8710.29	1.09783e-05	5.67213e-08
XM_011534296.3	8293	8065.29	0	0
XM_011534301.4	10806	10578.3	0	0
XM_011534306.4	7804	7576.29	9.65736	0.0573646
XM_011534307.3	7745	7517.29	0	0
XM_011534308.3	7606	7378.29	1237.51	7.54808
XM_011534311.3	7320	7092.29	3.90189e-07	2.47589e-09
XM_011534312.3	7333	7105.29	3.16875e-08	2.007e-10
XM_011534313.3	7574	7346.29	20.8021	0.127433
XM_011534314.3	7393	7165.29	0	0
XM_011534317.3	5881	5653.29	0	0
XM_011534318.3	5707	5479.29	0	0
XM_011534325.4	5242	5014.29	75.0847	0.673882
XM_011534327.3	2045	1817.29	0	0
XM_011534328.4	3273	3045.29	33.0984	0.489125
XM_011534329.3	1890	1662.29	0	0
XM_011534330.4	3118	2890.29	35.7695	0.556947
XM_011534331.3	5559	5331.29	0	0
XM_011534357.2	1879	1651.29	0	0
XM_011534361.3	1484	1256.29	0	0
XM_011534363.3	3748	3520.29	35.5168	0.454044
XM_011534364.2	1476	1248.29	0	0
XM_011534365.3	1316	1088.29	0	0
XM_011534367.3	909	681.293	0	0
XM_011534368.4	687	460.134	1	0.0978043
XM_011534372.2	4095	3867.29	0	0
XM_011534374.3	842	614.427	0	0
XM_011534375.4	2768	2540.29	23.4971	0.416267
XM_011534376.4	1795	1567.29	128.541	3.69091
XM_011534378.4	1571	1343.29	17.4241	0.583742
XM_011534380.2	4135	3907.29	0	0
XM_011534382.3	841	613.427	5.83208	0.427861
XM_011534394.4	2290	2062.29	79.6954	1.7391
XM_011534410.3	10316	10088.3	283.885	1.26639
XM_011534411.3	10323	10095.3	1.88674e-07	8.41077e-10
XM_011534412.2	4052	3824.29	0	0
XM_011534416.3	1023	795.293	4	0.226347
XM_011534419.2	5091	4863.29	0	0
XM_011534424.4	2572	2344.29	2.55216	0.0489934
XM_011534425.3	2513	2285.29	0	0
XM_011534426.4	1071	843.293	0.0725847	0.00387355
XM_011534427.3	1166	938.293	6.78088	0.325229
XM_011534431.2	2411	2183.29	0	0
XM_011534435.2	2567	2339.29	10.163	0.195514
XM_011534437.3	2628	2400.29	8.54197	0.160153
XM_011534438.3	1785	1557.29	5.55278	0.160466
XM_011534442.2	7578	7350.29	0	0
XM_011534444.4	1777	1549.29	0	0
XM_011534448.3	6849	6621.29	1.68783	0.0114717
XM_011534449.3	3071	2843.29	19.6136	0.31044
XM_011534450.3	3518	3290.29	11.1165	0.152046
XM_011534451.3	11238	11010.3	7.94959	0.0324929
XM_011534462.3	1882	1654.29	29	0.788911
XM_011534466.4	3817	3589.29	0	0
XM_011534468.3	7072	6844.29	0	0
XM_011534469.2	7388	7160.29	0	0
XM_011534473.2	5548	5320.29	0	0
XM_011534474.2	3425	3197.29	3.40324	0.0479019
XM_011534475.4	4350	4122.29	152.938	1.66963
XM_011534478.4	6244	6016.29	0	0
XM_011534484.3	5415	5187.29	0	0
XM_011534485.2	7352	7124.29	0	0
XM_011534486.2	7349	7121.29	0	0
XM_011534487.2	7337	7109.29	0	0
XM_011534488.2	7334	7106.29	0	0
XM_011534489.2	7334	7106.29	0	0
XM_011534490.2	7331	7103.29	0	0
XM_011534491.2	7319	7091.29	0	0
XM_011534494.2	2767	2539.29	0	0
XM_011534495.4	1842	1614.29	0	0
XM_011534496.3	4295	4067.29	0	0
XM_011534515.3	1043	815.293	0	0
XM_011534516.4	6841	6613.29	7.44815	0.0506842
XM_011534520.3	4912	4684.29	0	0
XM_011534521.4	5085	4857.29	0	0
XM_011534528.3	4522	4294.29	0	0
XM_011534529.4	1249	1021.29	0	0
XM_011534530.4	886	658.427	9.10374	0.622234
XM_011534531.4	8797	8569.29	1117.39	5.86818
XM_011534538.2	1919	1691.29	34.6888	0.923022
XM_011534540.3	2050	1822.29	0	0
XM_011534549.4	4843	4615.29	0	0
XM_011534551.3	3381	3153.29	0	0
XM_011534552.2	3020	2792.29	1.96118	0.0316081
XM_011534553.3	3478	3250.29	0	0
XM_011534554.3	3307	3079.29	13.641	0.19936
XM_011534556.3	9027	8799.29	28.9423	0.148022
XM_011534565.3	920	692.293	243.897	15.8547
XM_011534570.2	1782	1554.29	83.2723	2.41107
XM_011534572.2	3103	2875.29	0	0
XM_011534573.2	3254	3026.29	36.9789	0.549901
XM_011534579.3	3071	2843.29	16.8016	0.265933
XM_011534580.3	3882	3654.29	44.2647	0.545126
XM_011534587.3	3462	3234.29	0	0
XM_011534588.3	3400	3172.29	0	0
XM_011534589.3	3309	3081.29	0	0
XM_011534597.2	4229	4001.29	0	0
XM_011534604.3	10143	9915.29	0	0
XM_011534622.1	650	423.846	0	0
XM_011534623.2	761	533.648	0	0
XM_011534624.2	649	422.846	0	0
XM_011534627.2	4452	4224.29	0	0
XM_011534636.3	1873	1645.29	0	0
XM_011534637.3	1801	1573.29	5.28078	0.151053
XM_011534638.2	1370	1142.29	0.323015	0.0127259
XM_011534639.2	735	507.753	24.1149	2.13735
XM_011534640.3	856	628.427	0	0
XM_011534645.3	3071	2843.29	48.5698	0.768753
XM_011534646.4	5568	5340.29	0	0
XM_011534647.4	5356	5128.29	0	0
XM_011534649.3	1903	1675.29	0	0
XM_011534650.3	1892	1664.29	0	0
XM_011534651.4	1607	1379.29	0	0
XM_011534652.4	1583	1355.29	0	0
XM_011534653.3	1393	1165.29	0	0
XM_011534665.4	4901	4673.29	0	0
XM_011534669.3	2111	1883.29	0	0
XM_011534670.4	2835	2607.29	0	0
XM_011534671.3	2099	1871.29	12.383	0.297802
XM_011534674.3	1766	1538.29	0	0
XM_011534686.2	3202	2974.29	0	0
XM_011534687.3	2573	2345.29	0	0
XM_011534688.3	2950	2722.29	0	0
XM_011534690.3	2923	2695.29	0	0
XM_011534691.3	2869	2641.29	0	0
XM_011534692.3	3899	3671.29	0	0
XM_011534694.3	2014	1786.29	0	0
XM_011534701.4	3492	3264.29	845.213	11.6525
XM_011534716.4	2371	2143.29	0	0
XM_011534731.4	1981	1753.29	4.90673	0.125945
XM_011534740.4	542	319.126	0	0
XM_011534741.3	538	315.318	0	0
XM_011534744.2	2534	2306.29	0	0
XM_011534745.2	7140	6912.29	12.7472	0.0829919
XM_011534746.3	7197	6969.29	0.000164297	1.06092e-06
XM_011534747.3	3036	2808.29	3.89914e-07	6.2484e-09
XM_011534748.4	10343	10115.3	0	0
XM_011534752.3	14372	14144.3	0	0
XM_011534753.4	11418	11190.3	0	0
XM_011534754.2	10215	9987.29	0	0
XM_011534756.4	2440	2212.29	0	0
XM_011534757.4	2799	2571.29	0	0
XM_011534758.4	3490	3262.29	5.96465	0.0822818
XM_011534768.1	5340	5112.29	130.195	1.14609
XM_011534770.3	6505	6277.29	0	0
XM_011534772.3	6980	6752.29	0	0
XM_011534780.3	1853	1625.29	0	0
XM_011534784.2	1580	1352.29	0	0
XM_011534785.2	1585	1357.29	0	0
XM_011534786.4	1879	1651.29	0	0
XM_011534787.4	2077	1849.29	211.497	5.14684
XM_011534788.2	2138	1910.29	468.506	11.0372
XM_011534794.3	6852	6624.29	94.8817	0.644592
XM_011534795.4	7087	6859.29	12.9151	0.0847345
XM_011534797.4	6233	6005.29	27.9602	0.209531
XM_011534799.3	5765	5537.29	54.8088	0.445446
XM_011534802.4	4087	3859.29	57.2539	0.667636
XM_011534803.4	5145	4917.29	0	0
XM_011534804.4	5142	4914.29	30.7593	0.281681
XM_011534805.4	5076	4848.29	0	0
XM_011534806.4	5076	4848.29	0	0
XM_011534807.4	5022	4794.29	0	0
XM_011534808.4	5019	4791.29	0	0
XM_011534809.4	4959	4731.29	25.4108	0.241703
XM_011534810.4	4935	4707.29	76.6545	0.732839
XM_011534812.3	5282	5054.29	0	0
XM_011534818.3	2691	2463.29	0	0
XM_011534822.4	1677	1449.29	0	0
XM_011534823.3	1192	964.293	0	0
XM_011534824.3	1173	945.293	0	0
XM_011534825.3	1165	937.293	0	0
XM_011534832.2	6998	6770.29	0.00343288	2.28188e-05
XM_011534833.3	2352	2124.29	0.966855	0.0204828
XM_011534834.4	2329	2101.29	5.25834	0.112617
XM_011534835.4	2326	2098.29	28.9598	0.621114
XM_011534837.3	2357	2129.29	35.6484	0.753437
XM_011534841.4	4259	4031.29	237.984	2.65671
XM_011534842.3	4171	3943.29	56.4747	0.644521
XM_011534844.2	2160	1932.29	9.52454	0.221826
XM_011534845.3	2318	2090.29	254.979	5.48959
XM_011534846.2	1643	1415.29	36.3564	1.15605
XM_011534851.3	2178	1950.29	101.399	2.33979
XM_011534853.3	2389	2161.29	87.4146	1.82017
XM_011534854.4	4576	4348.29	0	0
XM_011534861.2	1981	1753.29	141.886	3.6419
XM_011534865.3	3101	2873.29	13.0474	0.204356
XM_011534875.3	3472	3244.29	0	0
XM_011534876.3	3468	3240.29	0	0
XM_011534878.3	3659	3431.29	0	0
XM_011534879.2	3621	3393.29	0	0
XM_011534882.4	2951	2723.29	1.52857e-08	2.526e-10
XM_011534884.4	4374	4146.29	0	0
XM_011534885.4	2868	2640.29	28.2931	0.482248
XM_011534886.4	1820	1592.29	0	0
XM_011534887.4	4972	4744.29	2.90751	0.0275798
XM_011534888.3	5010	4782.29	47.1205	0.443421
XM_011534889.3	4878	4650.29	4.56322e-07	4.41605e-09
XM_011534890.2	4793	4565.29	0	0
XM_011534894.4	2911	2683.29	0	0
XM_011534897.3	1467	1239.29	0	0
XM_011534898.3	1464	1236.29	0	0
XM_011534899.3	1353	1125.29	0	0
XM_011534900.3	1341	1113.29	0	0
XM_011534903.3	9900	9672.29	112.643	0.524104
XM_011534904.2	10126	9898.29	0.0573673	0.000260823
XM_011534905.2	9865	9637.29	129.46	0.604538
XM_011534906.3	10076	9848.29	109.829	0.501878
XM_011534907.3	10726	10498.3	1.16011e-06	4.97306e-09
XM_011534908.4	10811	10583.3	9.19666e-08	3.91068e-10
XM_011534909.3	10819	10591.3	1.1617e-06	4.93614e-09
XM_011534910.3	12254	12026.3	86.8714	0.325078
XM_011534911.3	10707	10479.3	104.353	0.44814
XM_011534914.2	5834	5606.29	912.404	7.32409
XM_011534915.3	9295	9067.29	541.541	2.68779
XM_011534919.4	1520	1292.29	0	0
XM_011534921.4	928	700.293	0	0
XM_011534924.4	936	708.293	0	0
XM_011534925.4	1361	1133.29	0	0
XM_011534926.4	1184	956.293	0	0
XM_011534927.4	781	553.487	0	0
XM_011534935.4	3188	2960.29	0	0
XM_011534936.2	4095	3867.29	107.928	1.25595
XM_011534938.3	4054	3826.29	30.7902	0.36214
XM_011534940.3	7140	6912.29	10.0022	0.0651199
XM_011534941.3	5223	4995.29	0	0
XM_011534954.2	1163	935.293	0	0
XM_011534957.4	1221	993.293	40.2721	1.8246
XM_011534958.4	1501	1273.29	15.4796	0.547109
XM_011534959.4	1666	1438.29	0	0
XM_011534960.3	1156	928.293	0	0
XM_011534961.4	1423	1195.29	6.28873	0.236772
XM_011534962.3	1321	1093.29	3.72794e-05	1.53453e-06
XM_011534963.4	1588	1360.29	0	0
XM_011534965.3	2443	2215.29	0	0
XM_011534971.3	1686	1458.29	0	0
XM_011534978.3	4897	4669.29	0	0
XM_011534989.3	1520	1292.29	0	0
XM_011534992.3	1326	1098.29	0	0
XM_011534993.2	1673	1445.29	0	0
XM_011534994.3	2722	2494.29	200.413	3.61593
XM_011534995.3	4381	4153.29	22.271	0.241317
XM_011534996.3	3849	3621.29	0	0
XM_011534997.4	5865	5637.29	105.929	0.845643
XM_011534999.3	7469	7241.29	336.52	2.0914
XM_011535000.3	7466	7238.29	575.655	3.57906
XM_011535002.4	6598	6370.29	0	0
XM_011535008.3	14887	14659.3	12.3134	0.0378014
XM_011535010.3	45384	45156.3	33.0712	0.032959
XM_011535012.3	4811	4583.29	166.671	1.63653
XM_011535015.3	3842	3614.29	0	0
XM_011535018.3	3349	3121.29	0	0
XM_011535019.4	7499	7271.29	0	0
XM_011535022.2	4589	4361.29	0	0
XM_011535030.4	4845	4617.29	0	0
XM_011535032.4	5451	5223.29	4.10551	0.0353724
XM_011535033.3	2454	2226.29	13.2616	0.268075
XM_011535034.4	5283	5055.29	324.742	2.89091
XM_011535039.3	15210	14982.3	95.6104	0.28719
XM_011535040.4	7196	6968.29	148.457	0.958774
XM_011535042.3	4923	4695.29	45.6297	0.437348
XM_011535046.2	9314	9086.29	0	0
XM_011535047.3	7875	7647.29	0.181104	0.00106577
XM_011535048.3	5351	5123.29	0	0
XM_011535049.3	3112	2884.29	8.78309	0.137041
XM_011535052.4	2306	2078.29	29.4501	0.637708
XM_011535053.4	1297	1069.29	0	0
XM_011535066.3	3155	2927.29	1.07863	0.0165824
XM_011535068.3	1792	1564.29	0	0
XM_011535095.3	5833	5605.29	7286.79	58.5032
XM_011535097.3	2835	2607.29	23.5684	0.406801
XM_011535098.4	2789	2561.29	8.90477	0.156461
XM_011535099.2	12281	12053.3	0	0
XM_011535104.3	9407	9179.29	0	0
XM_011535107.4	3625	3397.29	0	0
XM_011535109.4	11210	10982.3	0	0
XM_011535113.3	2814	2586.29	0	0
XM_011535127.4	3504	3276.29	117.467	1.61353
XM_011535134.2	4007	3779.29	0	0
XM_011535135.3	3544	3316.29	30.7336	0.417064
XM_011535136.3	1249	1021.29	15.4408	0.680394
XM_011535138.4	3026	2798.29	0	0
XM_011535139.3	2377	2149.29	23.8888	0.500196
XM_011535141.4	2855	2627.29	3.91785	0.0671091
XM_011535142.4	4264	4036.29	11.2334	0.125248
XM_011535144.3	1888	1660.29	3.93327	0.106613
XM_011535149.3	3685	3457.29	19.2865	0.25105
XM_011535150.3	5387	5159.29	304.128	2.65282
XM_011535152.3	7048	6820.29	0	0
XM_011535155.3	5784	5556.29	0	0
XM_011535156.3	7331	7103.29	35	0.221743
XM_011535157.3	7036	6808.29	0	0
XM_011535158.3	6922	6694.29	0	0
XM_011535159.3	6901	6673.29	0	0
XM_011535160.3	6889	6661.29	0	0
XM_011535162.2	4790	4562.29	0	0
XM_011535163.2	4060	3832.29	0	0
XM_011535164.3	2956	2728.29	0	0
XM_011535168.2	3709	3481.29	53.9015	0.696792
XM_011535172.4	8045	7817.29	116.522	0.670802
XM_011535173.4	3722	3494.29	5.29887	0.0682442
XM_011535175.3	4370	4142.29	21.6403	0.235106
XM_011535177.4	3700	3472.29	52.7723	0.683962
XM_011535178.3	1379	1151.29	0	0
XM_011535179.3	4098	3870.29	0.495467	0.0057612
XM_011535181.3	4089	3861.29	0.390749	0.00455416
XM_011535182.3	4083	3855.29	9.77928	0.114154
XM_011535184.3	4068	3840.29	0.811131	0.00950537
XM_011535186.4	4053	3825.29	39.5445	0.465226
XM_011535195.2	5284	5056.29	32.437	0.288702
XM_011535200.3	11144	10916.3	25.6877	0.105899
XM_011535206.2	6644	6416.29	0	0
XM_011535212.2	1123	895.293	14.6857	0.738195
XM_011535213.3	1111	883.293	0	0
XM_011535214.3	1220	992.293	0	0
XM_011535223.3	8327	8099.29	77.3116	0.429576
XM_011535225.2	3371	3143.29	57.5039	0.823293
XM_011535228.3	1946	1718.29	61.855	1.62002
XM_011535230.3	5099	4871.29	29.1409	0.269216
XM_011535231.3	5054	4826.29	16.6811	0.155544
XM_011535239.4	5095	4867.29	0	0
XM_011535250.3	3317	3089.29	0	0
XM_011535251.2	3264	3036.29	18.0817	0.268002
XM_011535258.3	3839	3611.29	98.4581	1.22696
XM_011535263.3	6891	6663.29	55.2654	0.373256
XM_011535265.3	2807	2579.29	12.9259	0.22553
XM_011535280.3	2314	2086.29	0	0
XM_011535281.2	3191	2963.29	0	0
XM_011535282.2	3191	2963.29	0	0
XM_011535283.2	3191	2963.29	0	0
XM_011535284.2	3188	2960.29	0	0
XM_011535285.3	3155	2927.29	0	0
XM_011535286.2	3134	2906.29	0	0
XM_011535287.2	3131	2903.29	0	0
XM_011535288.2	3086	2858.29	0	0
XM_011535289.2	3071	2843.29	0	0
XM_011535290.2	3017	2789.29	0	0
XM_011535291.2	2903	2675.29	0	0
XM_011535294.3	1755	1527.29	0	0
XM_011535295.3	1752	1524.29	0	0
XM_011535296.3	1553	1325.29	3	0.101871
XM_011535303.3	3609	3381.29	6.70032	0.0891774
XM_011535307.2	5104	4876.29	0	0
XM_011535309.3	3629	3401.29	27.7112	0.366651
XM_011535310.3	3083	2855.29	1.73427	0.0273344
XM_011535312.3	4878	4650.29	2.25506	0.0218233
XM_011535313.2	3112	2884.29	23.3249	0.363934
XM_011535314.2	8125	7897.29	6.687	0.0381061
XM_011535315.3	2659	2431.29	0	0
XM_011535317.3	2542	2314.29	0	0
XM_011535326.4	1492	1264.29	16.6296	0.591939
XM_011535329.4	4290	4062.29	75.1857	0.832926
XM_011535331.3	7477	7249.29	0.216007	0.00134096
XM_011535334.3	2066	1838.29	1.7971	0.0439946
XM_011535335.3	1249	1021.29	0	0
XM_011535336.3	1079	851.293	0	0
XM_011535363.4	5987	5759.29	5.51032	0.0430576
XM_011535378.4	1369	1141.29	22.403	0.883387
XM_011535385.3	23190	22962.3	0	0
XM_011535387.4	10244	10016.3	0	0
XM_011535388.4	8437	8209.29	0	0
XM_011535394.4	8126	7898.29	310.828	1.77104
XM_011535412.3	1672	1444.29	7.29557	0.227324
XM_011535413.3	1384	1156.29	10.5057	0.408884
XM_011535422.3	1810	1582.29	0	0
XM_011535429.4	4792	4564.29	0	0
XM_011535433.4	3294	3066.29	0	0
XM_011535435.2	10260	10032.3	1028.89	4.61541
XM_011535437.3	8986	8758.29	0	0
XM_011535439.3	6361	6133.29	5.74984	0.0421895
XM_011535443.2	449	233.505	6.05786	1.16752
XM_011535447.2	807	579.487	35.876	2.78614
XM_011535448.3	971	743.293	0	0
XM_011535461.4	4771	4543.29	0	0
XM_011535462.4	2116	1888.29	0	0
XM_011535466.2	1046	818.293	0	0
XM_011535468.3	1056	828.293	0	0
XM_011535469.3	2355	2127.29	1	0.0211551
XM_011535471.3	3390	3162.29	1	0.0142312
XM_011535481.4	7879	7651.29	0	0
XM_011535483.3	3365	3137.29	0	0
XM_011535491.3	1883	1655.29	0	0
XM_011535493.3	1539	1311.29	0	0
XM_011535494.3	11548	11320.3	95.4313	0.379381
XM_011535495.4	2006	1778.29	22.823	0.57758
XM_011535496.3	11314	11086.3	10.748	0.0436298
XM_011535499.4	4204	3976.29	32.4475	0.367236
XM_011535500.2	10675	10447.3	0	0
XM_011535504.2	4670	4442.29	34.7569	0.352108
XM_011535506.3	4236	4008.29	0	0
XM_011535507.3	2717	2489.29	0	0
XM_011535509.2	2082	1854.29	0	0
XM_011535510.2	2022	1794.29	0	0
XM_011535511.4	2026	1798.29	0	0
XM_011535512.3	1944	1716.29	0	0
XM_011535543.3	6549	6321.29	0	0
XM_011535545.3	6364	6136.29	0	0
XM_011535547.3	8147	7919.29	37.4425	0.212775
XM_011535549.3	7882	7654.29	4.89765	0.0287955
XM_011535550.3	7224	6996.29	0	0
XM_011535552.3	6332	6104.29	0	0
XM_011535553.4	7007	6779.29	0	0
XM_011535554.3	6903	6675.29	0	0
XM_011535555.3	5784	5556.29	0	0
XM_011535556.4	5155	4927.29	4.47412	0.040864
XM_011535558.1	4228	4000.29	0	0
XM_011535559.4	4089	3861.29	0	0
XM_011535560.3	3822	3594.29	0	0
XM_011535561.3	3671	3443.29	0	0
XM_011535562.3	4003	3775.29	0	0
XM_011535563.3	3616	3388.29	0	0
XM_011535564.2	3741	3513.29	0	0
XM_011535570.2	5350	5122.29	0	0
XM_011535571.4	5355	5127.29	0	0
XM_011535574.2	5024	4796.29	0	0
XM_011535580.3	4151	3923.29	0	0
XM_011535585.3	7594	7366.29	64.2008	0.392224
XM_011535588.3	3940	3712.29	0	0
XM_011535589.2	3368	3140.29	0	0
XM_011535592.4	4008	3780.29	56.3591	0.670936
XM_011535594.3	2473	2245.29	0	0
XM_011535596.3	5124	4896.29	0	0
XM_011535597.3	5124	4896.29	0	0
XM_011535604.4	7522	7294.29	0	0
XM_011535619.3	9391	9163.29	39.1882	0.192462
XM_011535630.3	5916	5688.29	0	0
XM_011535633.3	5220	4992.29	0	0
XM_011535641.3	27763	27535.3	3.72879e-05	6.09425e-08
XM_011535642.3	27751	27523.3	0.00117538	1.92186e-06
XM_011535643.2	27601	27373.3	0	0
XM_011535644.2	26273	26045.3	1.42651e-05	2.46484e-08
XM_011535645.3	25076	24848.3	0.257523	0.000466404
XM_011535648.4	19141	18913.3	19.5045	0.0464098
XM_011535651.3	2387	2159.29	116.529	2.42864
XM_011535652.4	1489	1261.29	42.8815	1.53002
XM_011535654.3	13303	13075.3	0	0
XM_011535655.3	13300	13072.3	0	0
XM_011535656.3	12673	12445.3	10.2586	0.0370959
XM_011535657.3	4946	4718.29	30.2985	0.288987
XM_011535659.4	1380	1152.29	2.95284	0.115324
XM_011535660.3	2823	2595.29	5.44002	0.0943315
XM_011535661.3	21720	21492.3	41.9726	0.0878872
XM_011535670.3	4826	4598.29	0.597377	0.00584648
XM_011535671.4	4877	4649.29	0.00968483	9.37448e-05
XM_011535672.4	4844	4616.29	0	0
XM_011535674.4	5389	5161.29	6.3861	0.0556826
XM_011535675.3	4707	4479.29	0.00573294	5.75983e-05
XM_011535676.4	4297	4069.29	32.3259	0.357498
XM_011535678.4	3951	3723.29	0	0
XM_011535679.4	3513	3285.29	13.1275	0.179826
XM_011535680.4	4688	4460.29	25.1188	0.253442
XM_011535682.4	4800	4572.29	49.9177	0.491318
XM_011535684.4	4013	3785.29	2.99309	0.0355847
XM_011535685.4	3613	3385.29	0	0
XM_011535687.4	7067	6839.29	17.5992	0.115804
XM_011535688.4	7063	6835.29	0	0
XM_011535691.4	3682	3454.29	0	0
XM_011535692.4	3294	3066.29	0	0
XM_011535693.4	3643	3415.29	6.00928	0.0791839
XM_011535697.4	3663	3435.29	77.8124	1.01936
XM_011535703.3	4417	4189.29	0	0
XM_011535704.3	4317	4089.29	0	0
XM_011535706.2	4284	4056.29	0	0
XM_011535709.3	3754	3526.29	0	0
XM_011535714.4	5678	5450.29	58.6862	0.484572
XM_011535715.4	5716	5488.29	0	0
XM_011535716.4	6207	5979.29	5.07106	0.0381673
XM_011535717.4	5752	5524.29	0	0
XM_011535719.4	5979	5751.29	0	0
XM_011535722.4	2824	2596.29	0	0
XM_011535729.4	12005	11777.3	7.55725	0.0288776
XM_011535730.2	2804	2576.29	0	0
XM_011535731.3	2801	2573.29	0	0
XM_011535732.3	2899	2671.29	163.999	2.76288
XM_011535733.3	3846	3618.29	0	0
XM_011535737.4	2275	2047.29	2.52671	0.0555415
XM_011535738.4	2577	2349.29	33.8402	0.648243
XM_011535756.3	3762	3534.29	5.65455	0.0720008
XM_011535766.4	3222	2994.29	4.20877	0.0632562
XM_011535767.4	3060	2832.29	13.9931	0.22234
XM_011535769.3	5636	5408.29	14.2988	0.118982
XM_011535771.2	3705	3477.29	89.7816	1.16195
XM_011535773.3	3919	3691.29	59.4	0.724186
XM_011535774.3	1654	1426.29	35.6453	1.1247
XM_011535782.2	6799	6571.29	0	0
XM_011535789.3	1887	1659.29	0	0
XM_011535793.3	2186	1958.29	34.8977	0.801976
XM_011535794.2	2102	1874.29	0	0
XM_011535795.3	4493	4265.29	2.74156	0.0289262
XM_011535797.3	4169	3941.29	0	0
XM_011535798.4	3220	2992.29	70.1268	1.05468
XM_011535799.4	1017	789.293	102.66	5.85335
XM_011535800.4	1600	1372.29	3.33789	0.109463
XM_011535803.4	3485	3257.29	0	0
XM_011535810.3	7072	6844.29	0	0
XM_011535811.2	7032	6804.29	4.89688	0.0323876
XM_011535833.3	4096	3868.29	11.321	0.131707
XM_011535839.4	4382	4154.29	0	0
XM_011535845.4	1152	924.293	0	0
XM_011535851.4	2339	2111.29	0	0
XM_011535853.3	1380	1152.29	0	0
XM_011535856.3	1212	984.293	0	0
XM_011535862.3	1319	1091.29	0	0
XM_011535863.2	4175	3947.29	0	0
XM_011535868.3	2001	1773.29	18.6563	0.473463
XM_011535871.3	1548	1320.29	17.0898	0.582518
XM_011535872.3	3431	3203.29	21.4341	0.301128
XM_011535873.3	3529	3301.29	0	0
XM_011535877.4	1241	1013.29	30.3383	1.34741
XM_011535886.4	7561	7333.29	10.8778	0.0667549
XM_011535887.3	4044	3816.29	72.0657	0.849824
XM_011535888.4	4194	3966.29	112.174	1.27277
XM_011535892.4	7524	7296.29	0	0
XM_011535897.2	2406	2178.29	1	0.0206598
XM_011535898.3	1205	977.293	0	0
XM_011535899.2	1198	970.293	41.4694	1.92339
XM_011535905.3	2270	2042.29	0	0
XM_011535906.3	2419	2191.29	0	0
XM_011535907.3	2094	1866.29	0	0
XM_011535908.3	2311	2083.29	0	0
XM_011535910.4	6234	6006.29	17.9415	0.134429
XM_011535911.4	6001	5773.29	1.25223e-08	9.76116e-11
XM_011535918.4	16905	16677.3	28.3826	0.0765895
XM_011535919.2	3266	3038.29	110.862	1.64209
XM_011535920.3	6438	6210.29	0	0
XM_011535924.3	4212	3984.29	0	0
XM_011535925.4	3466	3238.29	145.446	2.02129
XM_011535930.4	1767	1539.29	0	0
XM_011535932.4	1719	1491.29	0	0
XM_011535933.4	1867	1639.29	0	0
XM_011535937.3	1473	1245.29	5.93896	0.214625
XM_011535938.4	2130	1902.29	8.28463	0.195992
XM_011535940.3	3356	3128.29	41.9242	0.603114
XM_011535943.3	578	353.315	10.5031	1.33782
XM_011535946.2	11910	11682.3	36.3432	0.140003
XM_011535949.4	2378	2150.29	85.2881	1.78498
XM_011535956.4	3734	3506.29	35.9433	0.461331
XM_011535957.4	3602	3374.29	0	0
XM_011535958.4	3599	3371.29	15.7067	0.209667
XM_011535959.4	3404	3176.29	47.1929	0.668649
XM_011535960.4	3356	3128.29	0	0
XM_011535961.4	3230	3002.29	0.000242142	3.6296e-06
XM_011535963.4	1236	1008.29	74.8724	3.34177
XM_011535964.2	6563	6335.29	0	0
XM_011535966.4	7391	7163.29	0	0
XM_011535967.4	7335	7107.29	0	0
XM_011535969.3	7072	6844.29	0	0
XM_011535970.3	7117	6889.29	0	0
XM_011535971.3	13293	13065.3	5.81326	0.0200236
XM_011535972.3	6968	6740.29	0	0
XM_011535973.3	7018	6790.29	0	0
XM_011535974.4	8310	8082.29	0	0
XM_011535976.2	7592	7364.29	0	0
XM_011535977.3	3290	3062.29	229.156	3.36765
XM_011535984.3	10520	10292.3	0	0
XM_011535988.4	6991	6763.29	0.0655206	0.000435975
XM_011535994.3	6381	6153.29	0.00113047	8.26784e-06
XM_011535995.4	6394	6166.29	6.26111e-05	4.56951e-07
XM_011535996.3	6339	6111.29	13.5295	0.0996302
XM_011535997.3	6083	5855.29	24.8668	0.191123
XM_011536000.2	5038	4810.29	0.330383	0.00309093
XM_011536001.3	5240	5012.29	6.35928	0.057097
XM_011536002.3	5216	4988.29	43.8781	0.395857
XM_011536003.3	5107	4879.29	0	0
XM_011536004.3	4919	4691.29	14.559	0.139663
XM_011536005.4	6532	6304.29	0	0
XM_011536028.3	10798	10570.3	3.53717	0.0150595
XM_011536029.4	10795	10567.3	55.6712	0.237088
XM_011536030.4	10720	10492.3	19.1326	0.0820627
XM_011536032.3	18812	18584.3	43.6935	0.105807
XM_011536036.4	7402	7174.29	0	0
XM_011536047.4	1515	1287.29	119.555	4.17957
XM_011536049.3	8499	8271.29	0	0
XM_011536050.3	8496	8268.29	0	0
XM_011536051.3	8472	8244.29	0	0
XM_011536053.3	8325	8097.29	26.2994	0.146166
XM_011536054.3	8335	8107.29	0	0
XM_011536055.3	6073	5845.29	0	0
XM_011536056.3	7859	7631.29	0	0
XM_011536057.4	5102	4874.29	0	0
XM_011536058.3	9901	9673.29	0.0118659	5.52036e-05
XM_011536062.4	5065	4837.29	67.9466	0.632132
XM_011536064.4	4644	4416.29	0	0
XM_011536065.2	2034	1806.29	0	0
XM_011536066.2	4767	4539.29	0	0
XM_011536067.4	1760	1532.29	0	0
XM_011536075.3	3106	2878.29	5.41763	0.0847065
XM_011536076.4	2869	2641.29	0	0
XM_011536079.2	1153	925.293	12.3059	0.598516
XM_011536093.4	1200	972.293	0	0
XM_011536095.2	4699	4471.29	13.201	0.132867
XM_011536096.3	4483	4255.29	0	0
XM_011536099.4	2978	2750.29	311.789	5.10181
XM_011536100.4	2963	2735.29	677.262	11.1428
XM_011536110.2	2519	2291.29	0	0
XM_011536113.3	973	745.293	0	0
XM_011536116.2	2840	2612.29	0	0
XM_011536137.2	6225	5997.29	0	0
XM_011536138.2	5737	5509.29	0	0
XM_011536140.2	5721	5493.29	0	0
XM_011536141.2	5625	5397.29	0	0
XM_011536142.3	5667	5439.29	0	0
XM_011536143.2	5646	5418.29	0	0
XM_011536145.2	5605	5377.29	0	0
XM_011536147.3	5320	5092.29	0	0
XM_011536148.3	5122	4894.29	0	0
XM_011536153.2	6028	5800.29	0	0
XM_011536154.3	5902	5674.29	1.95245e-06	1.5485e-08
XM_011536155.2	6080	5852.29	24.9124	0.191572
XM_011536157.3	6018	5790.29	0	0
XM_011536159.2	5972	5744.29	0	0
XM_011536160.3	1465	1237.29	0	0
XM_011536161.4	2445	2217.29	9.18031	0.186327
XM_011536163.4	2477	2249.29	13.292	0.265943
XM_011536164.4	2336	2108.29	3.88558e-06	8.29406e-08
XM_011536165.3	4800	4572.29	0	0
XM_011536166.2	3832	3604.29	0	0
XM_011536167.2	3617	3389.29	0	0
XM_011536168.4	4913	4685.29	0	0
XM_011536170.3	3573	3345.29	0	0
XM_011536172.3	3299	3071.29	0	0
XM_011536176.3	1983	1755.29	10.3702	0.265877
XM_011536179.4	4192	3964.29	0.364525	0.00413813
XM_011536180.3	4300	4072.29	0.752513	0.00831605
XM_011536181.3	4232	4004.29	0	0
XM_011536184.3	4286	4058.29	0	0
XM_011536185.4	2330	2102.29	0	0
XM_011536189.4	1188	960.293	8.36054	0.391807
XM_011536190.3	6479	6251.29	25.1731	0.181221
XM_011536191.3	6197	5969.29	1049.11	7.90935
XM_011536192.3	1748	1520.29	0	0
XM_011536198.4	3880	3652.29	31.7953	0.391777
XM_011536202.3	5136	4908.29	0	0
XM_011536204.4	2004	1776.29	0	0
XM_011536205.3	2256	2028.29	0	0
XM_011536206.3	1677	1449.29	0	0
XM_011536207.4	1700	1472.29	0	0
XM_011536208.4	1597	1369.29	0	0
XM_011536209.4	1766	1538.29	0	0
XM_011536210.1	1420	1192.29	0	0
XM_011536211.3	1479	1251.29	0	0
XM_011536212.3	1343	1115.29	0	0
XM_011536213.3	5697	5469.29	0	0
XM_011536214.3	5641	5413.29	17.6201	0.146484
XM_011536217.3	5376	5148.29	0	0
XM_011536218.3	5508	5280.29	0	0
XM_011536220.1	1239	1011.29	0	0
XM_011536222.2	1004	776.293	0	0
XM_011536223.4	858	630.427	1	0.071385
XM_011536224.2	7267	7039.29	0.938133	0.0059976
XM_011536226.4	6491	6263.29	176.539	1.26847
XM_011536227.3	3734	3506.29	92.6022	1.18854
XM_011536228.4	6264	6036.29	0	0
XM_011536231.1	1716	1488.29	0	0
XM_011536232.4	856	628.427	8.41387	0.602536
XM_011536238.4	2043	1815.29	0	0
XM_011536240.3	12818	12590.3	24.5331	0.0876916
XM_011536241.4	1400	1172.29	0	0
XM_011536243.3	3819	3591.29	0	0
XM_011536246.3	3708	3480.29	0	0
XM_011536252.3	4727	4499.29	28.9979	0.290045
XM_011536254.3	2733	2505.29	7.37619	0.1325
XM_011536255.3	3988	3760.29	12.4788	0.149346
XM_011536257.4	5151	4923.29	0	0
XM_011536260.3	9240	9012.29	11.3668	0.0567603
XM_011536261.2	1282	1054.29	438.014	18.6969
XM_011536281.4	3640	3412.29	3.74309	0.0493659
XM_011536316.3	1572	1344.29	0	0
XM_011536319.3	1509	1281.29	0	0
XM_011536323.3	1522	1294.29	0	0
XM_011536327.3	1446	1218.29	1.08341	0.0400207
XM_011536328.3	1512	1284.29	0	0
XM_011536338.2	1498	1270.29	0	0
XM_011536339.3	1210	982.293	0	0
XM_011536340.4	3725	3497.29	0	0
XM_011536342.4	3686	3458.29	0	0
XM_011536343.4	3653	3425.29	0	0
XM_011536344.4	3626	3398.29	0	0
XM_011536345.4	3596	3368.29	13.018	0.173931
XM_011536355.4	2667	2439.29	3.5878e-06	6.61921e-08
XM_011536356.2	2644	2416.29	3.99549	0.0744153
XM_011536360.3	961	733.293	170.332	10.4535
XM_011536364.2	2167	1939.29	5	0.11603
XM_011536365.3	2402	2174.29	0	0
XM_011536366.3	816	588.487	31.4511	2.40514
XM_011536367.4	6403	6175.29	0	0
XM_011536368.3	5625	5397.29	133.335	1.11176
XM_011536370.3	2312	2084.29	0	0
XM_011536371.4	1646	1418.29	0	0
XM_011536372.4	2146	1918.29	0	0
XM_011536373.3	4963	4735.29	27.4382	0.260766
XM_011536376.4	4362	4134.29	10.0484	0.10938
XM_011536377.4	4267	4039.29	724.619	8.07322
XM_011536380.4	5001	4773.29	157.137	1.4815
XM_011536383.3	3206	2978.29	0	0
XM_011536389.3	4503	4275.29	0	0
XM_011536397.3	4683	4455.29	43.5888	0.440293
XM_011536398.4	4637	4409.29	0	0
XM_011536400.3	4527	4299.29	2.8873	0.030223
XM_011536402.3	3739	3511.29	0	0
XM_011536408.1	2207	1979.29	0	0
XM_011536411.3	2091	1863.29	0	0
XM_011536412.3	1877	1649.29	0	0
XM_011536416.2	646	419.888	0	0
XM_011536417.3	980	752.293	0	0
XM_011536418.2	756	528.701	0	0
XM_011536420.3	846	618.427	0	0
XM_011536422.3	2248	2020.29	8.0068	0.178356
XM_011536424.2	5193	4965.29	0	0
XM_011536425.2	6962	6734.29	166.948	1.11566
XM_011536426.2	6877	6649.29	45.2333	0.306144
XM_011536428.4	1742	1514.29	0	0
XM_011536429.4	1770	1542.29	6.62328	0.193263
XM_011536433.3	5315	5087.29	6.71079e-08	5.93648e-10
XM_011536434.3	5309	5081.29	0	0
XM_011536436.3	10529	10301.3	0	0
XM_011536437.3	10472	10244.3	0	0
XM_011536440.2	9688	9460.29	10.2239	0.0486358
XM_011536450.3	5625	5397.29	0	0
XM_011536456.3	4069	3841.29	0	0
XM_011536468.4	1214	986.293	0	0
XM_011536469.3	1113	885.293	12.5445	0.637688
XM_011536472.2	4530	4302.29	23.4326	0.245111
XM_011536474.3	1698	1470.29	0	0
XM_011536475.3	2157	1929.29	0	0
XM_011536487.2	994	766.293	0	0
XM_011536491.3	5153	4925.29	91.5145	0.836181
XM_011536492.3	4569	4341.29	0	0
XM_011536493.3	5039	4811.29	0	0
XM_011536495.3	22545	22317.3	20.1154	0.0405629
XM_011536499.2	956	728.293	0	0
XM_011536500.2	1704	1476.29	0	0
XM_011536503.3	1664	1436.29	0	0
XM_011536518.3	2942	2714.29	0	0
XM_011536519.3	10310	10082.3	3	0.0133907
XM_011536522.4	2786	2558.29	0	0
XM_011536525.3	3955	3727.29	0	0
XM_011536526.3	5870	5642.29	0	0
XM_011536527.3	1376	1148.29	2.94312	0.115345
XM_011536528.4	8115	7887.29	0	0
XM_011536530.4	8106	7878.29	0	0
XM_011536531.4	8091	7863.29	0	0
XM_011536532.4	8091	7863.29	0	0
XM_011536533.4	7977	7749.29	0	0
XM_011536534.4	7632	7404.29	0	0
XM_011536536.3	5272	5044.29	0	0
XM_011536540.3	4610	4382.29	60.868	0.625071
XM_011536542.4	4432	4204.29	0	0
XM_011536547.3	3599	3371.29	0	0
XM_011536550.3	3872	3644.29	0	0
XM_011536553.3	4736	4508.29	2	0.0199646
XM_011536554.3	2971	2743.29	0	0
XM_011536563.3	4448	4220.29	17.725	0.18901
XM_011536565.4	3162	2934.29	172.364	2.64353
XM_011536566.3	3794	3566.29	25.7569	0.325027
XM_011536570.4	3872	3644.29	0	0
XM_011536571.2	6420	6192.29	41.0919	0.298639
XM_011536574.2	21925	21697.3	0	0
XM_011536575.3	22011	21783.3	17.9647	0.0371141
XM_011536576.3	22178	21950.3	0	0
XM_011536577.3	21862	21634.3	0	0
XM_011536578.2	21922	21694.3	0	0
XM_011536579.2	21883	21655.3	7.32543e-07	1.52234e-09
XM_011536580.3	21880	21652.3	1.14329e-05	2.37626e-08
XM_011536581.2	21856	21628.3	0	0
XM_011536582.2	21808	21580.3	0	0
XM_011536584.3	11971	11743.3	0	0
XM_011536590.3	6924	6696.29	0	0
XM_011536593.4	5871	5643.29	0	0
XM_011536609.3	5243	5015.29	0	0
XM_011536610.2	3401	3173.29	467.388	6.62841
XM_011536615.4	9571	9343.29	48.8662	0.23537
XM_011536619.3	9064	8836.29	140.642	0.716287
XM_011536621.3	8233	8005.29	30.1872	0.169702
XM_011536622.2	7101	6873.29	2115.37	13.8504
XM_011536632.2	8404	8176.29	34.0339	0.187326
XM_011536638.3	6066	5838.29	0	0
XM_011536641.3	5898	5670.29	0	0
XM_011536642.3	2105	1877.29	14.9203	0.357675
XM_011536652.2	4909	4681.29	7.73823	0.0743906
XM_011536657.4	2838	2610.29	0	0
XM_011536661.3	3300	3072.29	1.00032	0.0146527
XM_011536663.3	1003	775.293	0	0
XM_011536665.3	6984	6756.29	2.25511e-07	1.50211e-09
XM_011536666.3	7307	7079.29	121.374	0.771575
XM_011536667.3	4961	4733.29	146.882	1.39652
XM_011536671.3	996	768.293	0.492838	0.0288682
XM_011536672.4	7248	7020.29	25.5321	0.163672
XM_011536673.3	3521	3293.29	82.7757	1.13114
XM_011536675.3	5064	4836.29	469.982	4.37331
XM_011536677.4	4605	4377.29	20.4116	0.209853
XM_011536690.4	2888	2660.29	0	0
XM_011536703.3	1492	1264.29	0	0
XM_011536706.3	2894	2666.29	0	0
XM_011536707.3	2053	1825.29	0	0
XM_011536708.2	3292	3064.29	79.7486	1.17121
XM_011536709.4	3697	3469.29	4.15878	0.0539469
XM_011536710.3	3914	3686.29	14.6577	0.178944
XM_011536712.3	3253	3025.29	81.3439	1.21004
XM_011536714.3	1917	1689.29	5.40649	0.14403
XM_011536715.3	1803	1575.29	0	0
XM_011536716.3	1727	1499.29	0	0
XM_011536718.3	3877	3649.29	99.3746	1.22549
XM_011536720.4	3101	2873.29	0	0
XM_011536721.4	3098	2870.29	0	0
XM_011536723.4	2839	2611.29	1.70481	0.0293808
XM_011536724.4	2592	2364.29	29.3183	0.558058
XM_011536742.4	631	405.178	0	0
XM_011536743.3	495	275.303	7	1.14427
XM_011536744.4	481	262.672	0	0
XM_011536745.3	8584	8356.29	0	0
XM_011536750.2	3248	3020.29	3	0.0447007
XM_011536761.4	2100	1872.29	0	0
XM_011536762.2	4311	4083.29	0	0
XM_011536763.2	4171	3943.29	7.41062	0.0845742
XM_011536764.3	1862	1634.29	0	0
XM_011536769.4	2644	2416.29	17.7195	0.330023
XM_011536773.4	824	596.427	38.2223	2.88404
XM_011536778.3	3650	3422.29	0	0
XM_011536788.4	11697	11469.3	0	0
XM_011536792.1	10765	10537.3	0	0
XM_011536794.3	16278	16050.3	17.8656	0.0500929
XM_011536796.3	7553	7325.29	0	0
XM_011536801.3	3618	3390.29	0	0
XM_011536805.3	3455	3227.29	0	0
XM_011536806.3	3303	3075.29	0	0
XM_011536815.4	4269	4041.29	0	0
XM_011536816.4	4328	4100.29	13.0331	0.143046
XM_011536819.4	6919	6691.29	0	0
XM_011536822.3	8285	8057.29	0	0
XM_011536828.3	3006	2778.29	29.7006	0.481094
XM_011536834.4	2452	2224.29	0	0
XM_011536835.4	2262	2034.29	1	0.0221222
XM_011536838.4	1561	1333.29	4.81809e-06	1.62627e-07
XM_011536847.4	6609	6381.29	56.8726	0.401085
XM_011536849.3	6810	6582.29	5.66317	0.0387191
XM_011536851.3	2820	2592.29	13.6719	0.237348
XM_011536852.2	3903	3675.29	0	0
XM_011536881.4	8636	8408.29	16.8768	0.0903287
XM_011536883.2	8284	8056.29	41.6638	0.232737
XM_011536892.3	10081	9853.29	0	0
XM_011536893.4	1555	1327.29	622.542	21.1078
XM_011536894.3	10075	9847.29	11.9606	0.0546611
XM_011536895.4	10027	9799.29	0	0
XM_011536896.3	1501	1273.29	68.2161	2.41102
XM_011536897.3	10230	10002.3	13.4503	0.0605168
XM_011536902.2	9894	9666.29	20.3562	0.094772
XM_011536903.2	9770	9542.29	7.29228	0.0343916
XM_011536906.2	9716	9488.29	6.96155	0.0330187
XM_011536908.4	4720	4492.29	0.229428	0.00229837
XM_011536911.3	3546	3318.29	3	0.0406864
XM_011536918.2	4617	4389.29	0	0
XM_011536920.2	4507	4279.29	0.523398	0.0055043
XM_011536923.1	3262	3034.29	3.32526	0.0493186
XM_011536925.3	5741	5513.29	0	0
XM_011536926.3	5653	5425.29	2.43228e-06	2.01759e-08
XM_011536937.4	5905	5677.29	204.086	1.61776
XM_011536938.4	2911	2683.29	139.023	2.33164
XM_011536939.3	8509	8281.29	15.0206	0.0816268
XM_011536940.4	11717	11489.3	71.4408	0.279831
XM_011536942.4	4165	3937.29	0	0
XM_011536945.2	3094	2866.29	20.9646	0.329161
XM_011536946.4	2944	2716.29	8.12575	0.134626
XM_011536948.3	2837	2609.29	85.4736	1.47418
XM_011536949.4	2314	2086.29	28.1602	0.607438
XM_011536950.4	2164	1936.29	0	0
XM_011536952.2	1832	1604.29	0	0
XM_011536954.4	11151	10923.3	6.653	0.0274098
XM_011536955.2	6162	5934.29	5.41436	0.0410602
XM_011536957.2	2008	1780.29	0	0
XM_011536960.2	2429	2201.29	95.5476	1.95337
XM_011536961.2	2372	2144.29	95.7243	2.009
XM_011536965.3	12025	11797.3	6.7816	0.0258697
XM_011536966.3	8250	8022.29	0	0
XM_011536968.3	1914	1686.29	16.199	0.432311
XM_011536970.2	1912	1684.29	126.763	3.38701
XM_011536972.3	6658	6430.29	0.0297761	0.000208391
XM_011536973.3	6646	6418.29	12.0118	0.084223
XM_011536974.3	7575	7347.29	70.0146	0.428848
XM_011536978.1	2938	2710.29	0	0
XM_011536979.1	2725	2497.29	0	0
XM_011536981.1	2446	2218.29	0	0
XM_011536982.1	2101	1873.29	0	0
XM_011536985.2	2660	2432.29	5.2031	0.0962694
XM_011536990.3	5925	5697.29	0	0
XM_011536992.4	5671	5443.29	11.2402	0.0929296
XM_011536993.4	3391	3163.29	0	0
XM_011537006.4	2114	1886.29	0	0
XM_011537007.4	4933	4705.29	10.132	0.0969057
XM_011537009.2	6699	6471.29	0	0
XM_011537015.3	7581	7353.29	2.94908	0.0180487
XM_011537016.2	6127	5899.29	51.9762	0.396504
XM_011537018.3	12770	12542.3	0	0
XM_011537020.3	12704	12476.3	0	0
XM_011537022.3	12614	12386.3	0	0
XM_011537023.3	12611	12383.3	0	0
XM_011537024.3	12548	12320.3	0	0
XM_011537025.3	11602	11374.3	0	0
XM_011537026.3	9213	8985.29	0	0
XM_011537027.3	9416	9188.29	0	0
XM_011537029.3	8036	7808.29	0	0
XM_011537034.3	7146	6918.29	24.3245	0.15823
XM_011537035.4	7068	6840.29	2.71812	0.0178829
XM_011537037.4	5617	5389.29	10.682	0.0891992
XM_011537039.3	3608	3380.29	1.21205	0.0161365
XM_011537040.3	3515	3287.29	0	0
XM_011537041.3	2762	2534.29	5.73783e-06	1.0189e-07
XM_011537044.4	6935	6707.29	594.265	3.98727
XM_011537057.4	3213	2985.29	45.4172	0.68466
XM_011537059.2	3404	3176.29	6.31207	0.0894321
XM_011537060.4	8229	8001.29	0	0
XM_011537062.3	6380	6152.29	0	0
XM_011537063.4	4081	3853.29	5.76329	0.0673102
XM_011537064.2	4260	4032.29	0	0
XM_011537065.3	4273	4045.29	0	0
XM_011537067.3	6355	6127.29	0	0
XM_011537069.3	6026	5798.29	0	0
XM_011537071.3	5921	5693.29	0	0
XM_011537077.4	1397	1169.29	101.1	3.89107
XM_011537078.3	1613	1385.29	0	0
XM_011537079.3	1608	1380.29	0	0
XM_011537083.3	1139	911.293	0	0
XM_011537084.3	1103	875.293	0	0
XM_011537085.3	1028	800.293	3	0.1687
XM_011537086.3	5575	5347.29	0	0
XM_011537087.3	5681	5453.29	0	0
XM_011537089.2	1849	1621.29	110.486	3.06681
XM_011537105.4	5063	4835.29	0	0
XM_011537106.1	2162	1934.29	0	0
XM_011537108.2	4532	4304.29	0	0
XM_011537109.3	4498	4270.29	17.6461	0.185966
XM_011537110.3	9188	8960.29	98.1912	0.493166
XM_011537112.3	4358	4130.29	24.1763	0.263421
XM_011537113.3	3913	3685.29	0	0
XM_011537116.4	7650	7422.29	18.2761	0.110812
XM_011537117.4	7638	7410.29	29.4757	0.179008
XM_011537118.4	7557	7329.29	27.6052	0.1695
XM_011537119.3	4038	3810.29	0	0
XM_011537120.4	2594	2366.29	0	0
XM_011537122.4	2372	2144.29	0	0
XM_011537124.4	2219	1991.29	0	0
XM_011537125.3	1992	1764.29	0	0
XM_011537130.3	1822	1594.29	0	0
XM_011537136.4	2576	2348.29	52.3641	1.00351
XM_011537153.3	1262	1034.29	0	0
XM_011537155.3	4122	3894.29	12.7157	0.146945
XM_011537156.3	3859	3631.29	0	0
XM_011537158.2	12842	12614.3	0.000250865	8.94992e-07
XM_011537159.3	2940	2712.29	14.6159	0.24251
XM_011537162.4	1541	1313.29	1232.67	42.2402
XM_011537167.4	6481	6253.29	0	0
XM_011537168.4	5566	5338.29	0	0
XM_011537170.3	2322	2094.29	0	0
XM_011537171.3	3228	3000.29	7.30909e-05	1.09633e-06
XM_011537174.3	3221	2993.29	0.000494494	7.43454e-06
XM_011537175.3	2178	1950.29	0	0
XM_011537176.3	2373	2145.29	15.0503	0.315719
XM_011537177.3	2093	1865.29	0	0
XM_011537178.3	1996	1768.29	0	0
XM_011537179.3	1949	1721.29	0	0
XM_011537181.3	2783	2555.29	0	0
XM_011537183.3	2314	2086.29	0	0
XM_011537184.4	6433	6205.29	0	0
XM_011537188.3	13064	12836.3	100.476	0.35226
XM_011537189.3	12980	12752.3	29.7695	0.105057
XM_011537197.4	3157	2929.29	62.3214	0.957451
XM_011537198.3	2951	2723.29	34.9109	0.576911
XM_011537199.3	2809	2581.29	6.38857	0.11138
XM_011537203.4	1942	1714.29	0	0
XM_011537206.4	3320	3092.29	0	0
XM_011537207.3	3669	3441.29	3.81465	0.0498856
XM_011537211.4	3211	2983.29	0	0
XM_011537213.4	3163	2935.29	0	0
XM_011537227.2	13375	13147.3	0	0
XM_011537229.3	13161	12933.3	0	0
XM_011537231.3	2838	2610.29	0	0
XM_011537232.4	2780	2552.29	0	0
XM_011537233.3	2664	2436.29	79.2868	1.46458
XM_011537235.1	1383	1155.29	0	0
XM_011537236.3	7461	7233.29	0	0
XM_011537237.3	1907	1679.29	70.0636	1.87762
XM_011537240.3	4806	4578.29	0	0
XM_011537242.3	11084	10856.3	0	0
XM_011537245.4	9103	8875.29	0	0
XM_011537252.3	6376	6148.29	3.14501	0.0230202
XM_011537278.2	6202	5974.29	24.0857	0.181432
XM_011537279.3	5806	5578.29	25.2295	0.20354
XM_011537280.4	5349	5121.29	0	0
XM_011537283.4	2948	2720.29	0	0
XM_011537288.4	3840	3612.29	0	0
XM_011537289.4	3730	3502.29	0	0
XM_011537291.4	5954	5726.29	0	0
XM_011537292.4	5858	5630.29	0	0
XM_011537293.4	3936	3708.29	0	0
XM_011537294.3	5822	5594.29	0	0
XM_011537296.3	3301	3073.29	0	0
XM_011537299.2	2120	1892.29	0	0
XM_011537305.1	2857	2629.29	0.164176	0.00281004
XM_011537306.1	2845	2617.29	13.2012	0.226989
XM_011537307.1	2809	2581.29	0.606864	0.0105803
XM_011537308.3	2806	2578.29	0	0
XM_011537309.1	2794	2566.29	0	0
XM_011537310.1	2758	2530.29	0	0
XM_011537317.4	1811	1583.29	21.4417	0.609453
XM_011537318.4	5170	4942.29	28.4299	0.258875
XM_011537321.4	1928	1700.29	14.5228	0.384388
XM_011537322.3	649	422.846	1.78963	0.190468
XM_011537323.4	2630	2402.29	3.3252e-05	6.22922e-07
XM_011537324.3	2612	2384.29	0.999966	0.0188742
XM_011537329.3	3154	2926.29	0	0
XM_011537330.3	2858	2630.29	0	0
XM_011537331.2	2727	2499.29	0	0
XM_011537332.3	2984	2756.29	0	0
XM_011537333.3	3016	2788.29	0	0
XM_011537334.2	2939	2711.29	0	0
XM_011537335.3	2794	2566.29	0	0
XM_011537336.3	4334	4106.29	0	0
XM_011537337.3	2692	2464.29	0	0
XM_011537338.2	1896	1668.29	0	0
XM_011537339.3	2087	1859.29	8.34829	0.202065
XM_011537340.4	1966	1738.29	0	0
XM_011537341.3	1839	1611.29	0	0
XM_011537343.2	1948	1720.29	0	0
XM_011537344.4	1855	1627.29	51.3898	1.42119
XM_011537345.3	1633	1405.29	0	0
XM_011537346.2	1647	1419.29	0	0
XM_011537352.4	1432	1204.29	0	0
XM_011537353.4	2254	2026.29	0	0
XM_011537356.4	1339	1111.29	0	0
XM_011537362.3	6328	6100.29	33.7035	0.248638
XM_011537363.2	12396	12168.3	0	0
XM_011537366.2	12372	12144.3	0	0
XM_011537368.2	12093	11865.3	0	0
XM_011537369.2	12084	11856.3	0	0
XM_011537370.2	12060	11832.3	0	0
XM_011537371.2	11772	11544.3	0	0
XM_011537372.2	11763	11535.3	0	0
XM_011537378.4	12232	12004.3	5.26299	0.0197305
XM_011537379.4	12170	11942.3	0	0
XM_011537383.4	11861	11633.3	0	0
XM_011537384.3	1767	1539.29	351.396	10.2735
XM_011537387.2	5096	4868.29	426.594	3.94349
XM_011537397.2	5255	5027.29	0	0
XM_011537415.3	5510	5282.29	120.324	1.02511
XM_011537416.4	5237	5009.29	0	0
XM_011537420.4	2815	2587.29	132.353	2.30214
XM_011537421.3	3048	2820.29	1.41347e-05	2.25545e-07
XM_011537431.3	4481	4253.29	0	0
XM_011537432.3	3995	3767.29	0	0
XM_011537452.3	726	498.753	0	0
XM_011537461.3	8851	8623.29	0	0
XM_011537462.3	3579	3351.29	11.8768	0.159489
XM_011537466.2	909	681.293	0	0
XM_011537467.3	852	624.427	0	0
XM_011537468.3	998	770.293	0	0
XM_011537471.3	1070	842.293	0	0
XM_011537472.3	711	483.852	0	0
XM_011537474.3	3171	2943.29	0	0
XM_011537475.3	2985	2757.29	0	0
XM_011537476.3	3539	3311.29	0	0
XM_011537480.3	9163	8935.29	53.84	0.271168
XM_011537482.2	6620	6392.29	0	0
XM_011537483.3	6689	6461.29	0	0
XM_011537484.2	6743	6515.29	0	0
XM_011537485.2	6595	6367.29	0	0
XM_011537486.3	6595	6367.29	0	0
XM_011537487.2	6620	6392.29	0	0
XM_011537488.2	6456	6228.29	0	0
XM_011537490.2	6991	6763.29	0	0
XM_011537491.2	6394	6166.29	4.49945e-08	3.28381e-10
XM_011537494.3	2613	2385.29	54.4221	1.02678
XM_011537498.3	2962	2734.29	0	0
XM_011537532.4	1299	1071.29	10	0.420082
XM_011537540.4	7029	6801.29	48.6203	0.321713
XM_011537542.4	4883	4655.29	40.8911	0.395298
XM_011537551.3	3664	3436.29	0	0
XM_011537553.3	3603	3375.29	0	0
XM_011537554.3	3859	3631.29	0	0
XM_011537555.3	3486	3258.29	0	0
XM_011537557.2	1889	1661.29	0	0
XM_011537558.3	5629	5401.29	0	0
XM_011537567.3	3025	2797.29	12.1475	0.195429
XM_011537568.3	5778	5550.29	34.2092	0.277377
XM_011537571.3	709	481.852	8.72322	0.814715
XM_011537574.3	5024	4796.29	0	0
XM_011537576.1	4659	4431.29	0	0
XM_011537577.3	2056	1828.29	6.10699	0.150322
XM_011537579.3	1045	817.293	0	0
XM_011537580.3	9254	9026.29	0	0
XM_011537581.2	5921	5693.29	61.6734	0.487502
XM_011537584.3	5769	5541.29	0	0
XM_011537585.1	5844	5616.29	0	0
XM_011537586.3	5733	5505.29	0	0
XM_011537587.4	5640	5412.29	0	0
XM_011537589.4	5669	5441.29	35.3041	0.291988
XM_011537590.2	5754	5526.29	14.0528	0.114438
XM_011537591.2	5784	5556.29	0	0
XM_011537592.3	5859	5631.29	11.3021	0.0903218
XM_011537595.3	7393	7165.29	5.68723	0.0357198
XM_011537596.3	5616	5388.29	17.838	0.148983
XM_011537600.3	14872	14644.3	4.84913e-06	1.49018e-08
XM_011537603.2	14808	14580.3	0.00196572	6.06734e-06
XM_011537609.4	3175	2947.29	13.9412	0.212872
XM_011537610.4	2030	1802.29	0	0
XM_011537611.4	2538	2310.29	0	0
XM_011537614.2	7103	6875.29	334.192	2.18749
XM_011537615.2	6980	6752.29	918.742	6.12329
XM_011537617.2	16191	15963.3	48.6366	0.137114
XM_011537624.3	2465	2237.29	0	0
XM_011537625.4	2652	2424.29	0	0
XM_011537627.4	2782	2554.29	0	0
XM_011537630.3	2214	1986.29	0	0
XM_011537631.3	2225	1997.29	0	0
XM_011537633.2	2077	1849.29	0	0
XM_011537634.3	1262	1034.29	0	0
XM_011537642.4	5315	5087.29	26.8148	0.237208
XM_011537644.2	4098	3870.29	135.181	1.57186
XM_011537645.2	4123	3895.29	197.949	2.28695
XM_011537650.3	3903	3675.29	7.45463	0.0912802
XM_011537651.2	4369	4141.29	0	0
XM_011537653.2	4535	4307.29	0	0
XM_011537654.2	4532	4304.29	0	0
XM_011537656.4	4626	4398.29	77.3904	0.791854
XM_011537663.3	1738	1510.29	0	0
XM_011537665.3	1970	1742.29	0	0
XM_011537673.3	5783	5555.29	0	0
XM_011537677.3	4690	4462.29	0	0
XM_011537678.4	4957	4729.29	27.7424	0.263992
XM_011537685.4	5135	4907.29	0	0
XM_011537694.3	2716	2488.29	0	0
XM_011537700.4	1606	1378.29	0	0
XM_011537701.4	1296	1068.29	67.409	2.83968
XM_011537713.3	1667	1439.29	0	0
XM_011537714.4	4063	3835.29	51.9098	0.609106
XM_011537715.3	1867	1639.29	18.3351	0.503348
XM_011537716.4	974	746.293	44.8978	2.70743
XM_011537719.3	5554	5326.29	0.00864898	7.30772e-05
XM_011537720.4	5594	5366.29	2.05013e-05	1.71929e-07
XM_011537723.2	2686	2458.29	622.197	11.3903
XM_011537728.4	4270	4042.29	0	0
XM_011537729.3	4101	3873.29	12.8266	0.14903
XM_011537730.4	5764	5536.29	16.6317	0.135194
XM_011537731.4	4271	4043.29	0	0
XM_011537732.2	2384	2156.29	108.188	2.25794
XM_011537740.3	5782	5554.29	0	0
XM_011537741.3	4026	3798.29	100.131	1.18638
XM_011537752.3	6345	6117.29	0	0
XM_011537755.2	6105	5877.29	0	0
XM_011537758.3	5720	5492.29	11.4123	0.0935106
XM_011537760.4	1818	1590.29	46.2935	1.31004
XM_011537763.1	4578	4350.29	0	0
XM_011537764.3	4879	4651.29	12.2507	0.118531
XM_011537773.3	2120	1892.29	122.13	2.90453
XM_011537774.3	2583	2355.29	4.62886e-05	8.84446e-07
XM_011537783.2	8781	8553.29	1098.12	5.77773
XM_011537784.2	8778	8550.29	922.944	4.85777
XM_011537785.2	8736	8508.29	1115.28	5.89906
XM_011537787.2	8565	8337.29	8.66258	0.0467589
XM_011537788.2	8562	8334.29	7.20672	0.0389145
XM_011537789.2	7927	7699.29	172.235	1.00673
XM_011537790.2	7482	7254.29	456.764	2.8336
XM_011537791.3	7952	7724.29	12.4158	0.0723368
XM_011537805.3	7041	6813.29	65.4639	0.432401
XM_011537806.3	6792	6564.29	0	0
XM_011537809.3	5152	4924.29	70.2353	0.64188
XM_011537822.3	5260	5032.29	0	0
XM_011537824.4	2381	2153.29	2	0.0417993
XM_011537825.4	1687	1459.29	0	0
XM_011537827.4	2604	2376.29	0	0
XM_011537847.3	7095	6867.29	23.0322	0.150936
XM_011537849.3	2011	1783.29	3.20463	0.0808719
XM_011537850.4	5093	4865.29	13.3718	0.123687
XM_011537851.4	5270	5042.29	11.8644	0.105891
XM_011537854.3	20949	20721.3	23.6893	0.0514492
XM_011537856.4	7243	7015.29	157.004	1.00718
XM_011537857.4	7311	7083.29	0.72341	0.00459612
XM_011537864.3	1436	1208.29	6.10314	0.227312
XM_011537877.4	9167	8939.29	0	0
XM_011537881.4	5117	4889.29	0	0
XM_011537882.4	4107	3879.29	0	0
XM_011537883.3	1916	1688.29	0	0
XM_011537888.4	2073	1845.29	0	0
XM_011537889.2	1224	996.293	0	0
XM_011537895.2	2901	2673.29	75.2435	1.26667
XM_011537896.3	1547	1319.29	0	0
XM_011537898.3	7132	6904.29	1.45801	0.00950348
XM_011537903.4	3523	3295.29	55.1917	0.75374
XM_011537909.3	4687	4459.29	0	0
XM_011537910.4	4612	4384.29	0	0
XM_011537911.3	4416	4188.29	59.1483	0.635547
XM_011537912.3	4420	4192.29	24.2952	0.260802
XM_011537913.3	4371	4143.29	52.0506	0.565357
XM_011537915.3	4239	4011.29	21.3452	0.239474
XM_011537916.3	3884	3656.29	0	0
XM_011537918.3	5729	5501.29	0	0
XM_011537922.3	3419	3191.29	0	0
XM_011537923.3	1165	937.293	0	0
XM_011537925.3	38708	38480.3	71.7817	0.0839494
XM_011537926.4	5770	5542.29	0	0
XM_011537927.3	8806	8578.29	0	0
XM_011537940.3	668	441.629	0	0
XM_011537946.2	5643	5415.29	0	0
XM_011537947.3	5875	5647.29	29.5554	0.235526
XM_011537949.2	2523	2295.29	3.33497	0.0653876
XM_011537951.4	4737	4509.29	21.0346	0.209927
XM_011537952.4	1167	939.293	4.75842	0.227984
XM_011537957.3	2922	2694.29	0	0
XM_011537961.2	3140	2912.29	0	0
XM_011537962.3	3032	2804.29	0	0
XM_011537963.2	2911	2683.29	0	0
XM_011537965.3	2650	2422.29	0	0
XM_011537966.3	5590	5362.29	44.5657	0.374018
XM_011537969.3	5450	5222.29	686.459	5.91556
XM_011537972.4	4092	3864.29	0	0
XM_011537976.3	2947	2719.29	9.63726	0.159492
XM_011537985.2	3911	3683.29	6.05535	0.0739853
XM_011537988.4	1991	1763.29	29.4721	0.752193
XM_011537989.4	1776	1548.29	28.6236	0.831981
XM_011537995.3	2206	1978.29	17.0235	0.387257
XM_011537999.2	2270	2042.29	0	0
XM_011538001.3	2231	2003.29	0	0
XM_011538004.3	1772	1544.29	0	0
XM_011538008.2	1382	1154.29	2	0.0779751
XM_011538010.2	2837	2609.29	0	0
XM_011538012.4	2213	1985.29	21.1496	0.479424
XM_011538014.3	13880	13652.3	0	0
XM_011538015.4	13850	13622.3	0	0
XM_011538016.3	13850	13622.3	0	0
XM_011538017.4	13703	13475.3	0	0
XM_011538019.3	10936	10708.3	0	0
XM_011538022.3	2740	2512.29	83.144	1.48937
XM_011538023.3	4585	4357.29	122.45	1.26469
XM_011538054.4	3666	3438.29	11.2373	0.147083
XM_011538056.3	6258	6030.29	0	0
XM_011538058.4	6039	5811.29	6.18991	0.0479351
XM_011538060.3	1552	1324.29	23.0592	0.783615
XM_011538063.4	6606	6378.29	0	0
XM_011538069.3	6768	6540.29	0	0
XM_011538070.3	6828	6600.29	0	0
XM_011538073.4	5656	5428.29	100.892	0.836441
XM_011538074.3	5264	5036.29	82.8019	0.739897
XM_011538078.3	7824	7596.29	0	0
XM_011538085.3	4056	3828.29	5.34021e-06	6.27762e-08
XM_011538095.3	3707	3479.29	28.2144	0.36494
XM_011538096.3	3362	3134.29	7.30396	0.104872
XM_011538098.3	6734	6506.29	16.5681	0.114599
XM_011538103.3	5784	5556.29	0	0
XM_011538105.4	5313	5085.29	0	0
XM_011538106.4	5154	4926.29	0	0
XM_011538107.4	3707	3479.29	0	0
XM_011538108.4	3641	3413.29	0	0
XM_011538112.3	2914	2686.29	0	0
XM_011538116.3	2768	2540.29	0.257741	0.00456607
XM_011538118.3	2993	2765.29	0	0
XM_011538119.3	2762	2534.29	0	0
XM_011538121.3	3012	2784.29	0	0
XM_011538126.3	1738	1510.29	4.40492	0.131256
XM_011538129.4	3656	3428.29	8.42406	0.110582
XM_011538130.3	2729	2501.29	0.149618	0.00269191
XM_011538132.4	1315	1087.29	0	0
XM_011538134.4	865	637.427	3	0.211803
XM_011538139.4	3280	3052.29	0	0
XM_011538140.4	3277	3049.29	0	0
XM_011538143.4	3199	2971.29	0	0
XM_011538147.4	5355	5127.29	0	0
XM_011538168.3	2434	2206.29	15.4285	0.314704
XM_011538169.3	2323	2095.29	0	0
XM_011538170.2	2224	1996.29	0	0
XM_011538171.4	2191	1963.29	5.38239	0.123377
XM_011538173.2	2061	1833.29	0	0
XM_011538174.2	2058	1830.29	0	0
XM_011538176.2	2004	1776.29	0	0
XM_011538178.2	1842	1614.29	0	0
XM_011538179.2	1776	1548.29	0	0
XM_011538180.2	1662	1434.29	0	0
XM_011538181.2	1659	1431.29	0	0
XM_011538183.2	1913	1685.29	0	0
XM_011538184.2	1796	1568.29	0	0
XM_011538185.2	1431	1203.29	0	0
XM_011538186.4	1167	939.293	0	0
XM_011538188.3	14092	13864.3	3.50035	0.011362
XM_011538189.3	3834	3606.29	11.723	0.146292
XM_011538190.3	3741	3513.29	28.8432	0.369464
XM_011538192.3	9880	9652.29	0	0
XM_011538193.2	9869	9641.29	0	0
XM_011538195.3	3685	3457.29	0	0
XM_011538197.3	8764	8536.29	240.112	1.26586
XM_011538199.3	2007	1779.29	0	0
XM_011538200.3	1937	1709.29	0	0
XM_011538201.3	1924	1696.29	0	0
XM_011538204.2	5393	5165.29	0	0
XM_011538205.2	5306	5078.29	0	0
XM_011538206.2	5270	5042.29	0.63969	0.00570931
XM_011538207.2	6534	6306.29	1.29185	0.00921895
XM_011538208.2	5051	4823.29	0	0
XM_011538209.2	4982	4754.29	14.5645	0.137864
XM_011538210.3	2922	2694.29	39.1894	0.654585
XM_011538211.3	5725	5497.29	0	0
XM_011538212.2	3771	3543.29	0	0
XM_011538215.3	3863	3635.29	0	0
XM_011538218.4	3282	3054.29	0	0
XM_011538220.3	7029	6801.29	0	0
XM_011538221.3	7002	6774.29	0	0
XM_011538223.3	4741	4513.29	0	0
XM_011538224.4	17769	17541.3	0	0
XM_011538225.4	17675	17447.3	0	0
XM_011538226.4	3523	3295.29	0	0
XM_011538229.4	2719	2491.29	0	0
XM_011538231.3	2830	2602.29	0	0
XM_011538238.1	3024	2796.29	0	0
XM_011538244.4	4956	4728.29	66.5151	0.63308
XM_011538245.4	4947	4719.29	42.1259	0.401712
XM_011538246.4	1044	816.293	0	0
XM_011538248.3	9545	9317.29	479.073	2.31395
XM_011538249.3	2743	2515.29	0	0
XM_011538256.2	1671	1443.29	109.745	3.42193
XM_011538263.4	10900	10672.3	25.1372	0.105999
XM_011538264.4	10427	10199.3	15.8859	0.0700946
XM_011538265.3	5868	5640.29	0	0
XM_011538267.4	4256	4028.29	0	0
XM_011538269.3	4385	4157.29	4.58182	0.0495987
XM_011538270.3	1871	1643.29	0	0
XM_011538271.3	2871	2643.29	135.823	2.31245
XM_011538288.3	3062	2834.29	0	0
XM_011538289.3	1183	955.293	0	0
XM_011538292.3	1335	1107.29	0	0
XM_011538293.3	1340	1112.29	0	0
XM_011538294.3	1316	1088.29	0	0
XM_011538295.2	1401	1173.29	0	0
XM_011538297.3	2388	2160.29	0	0
XM_011538300.2	1558	1330.29	0	0
XM_011538305.2	1642	1414.29	0	0
XM_011538306.2	1007	779.293	0	0
XM_011538312.3	802	574.487	0	0
XM_011538315.3	1623	1395.29	0	0
XM_011538325.3	5336	5108.29	93.535	0.824026
XM_011538327.3	2911	2683.29	0	0
XM_011538328.4	526	304.007	0	0
XM_011538329.3	621	395.338	4.05777	0.461913
XM_011538330.3	556	332.141	0	0
XM_011538331.4	461	244.098	6.22943	1.14849
XM_011538335.3	2188	1960.29	0	0
XM_011538349.4	1627	1399.29	12.4103	0.399133
XM_011538350.2	3993	3765.29	0	0
XM_011538352.2	3900	3672.29	48.0062	0.588305
XM_011538354.2	2268	2040.29	0	0
XM_011538355.4	2263	2035.29	0	0
XM_011538356.4	2259	2031.29	0	0
XM_011538361.4	1222	994.293	0	0
XM_011538364.3	3520	3292.29	0	0
XM_011538366.3	3633	3405.29	0	0
XM_011538368.3	2562	2334.29	0	0
XM_011538370.3	2520	2292.29	0	0
XM_011538371.3	2546	2318.29	0	0
XM_011538373.3	2980	2752.29	0	0
XM_011538386.3	2670	2442.29	0	0
XM_011538393.3	4316	4088.29	263.122	2.89639
XM_011538396.2	3261	3033.29	0	0
XM_011538402.4	7224	6996.29	0	0
XM_011538404.4	4101	3873.29	14.3963	0.167268
XM_011538405.4	3778	3550.29	0	0
XM_011538416.3	1370	1142.29	0	0
XM_011538419.4	4944	4716.29	0	0
XM_011538421.4	1165	937.293	5.05027	0.242483
XM_011538423.2	757	529.648	51.0359	4.33642
XM_011538424.3	3737	3509.29	15.7127	0.2015
XM_011538431.3	5302	5074.29	32.8032	0.290926
XM_011538441.2	1140	912.293	44.8106	2.21049
XM_011538449.1	1817	1589.29	21.1509	0.598919
XM_011538459.2	3599	3371.29	14.3725	0.191858
XM_011538476.3	10163	9935.29	26.523	0.120139
XM_011538480.1	4131	3903.29	31.4727	0.362865
XM_011538481.2	4242	4014.29	3.96611	0.044463
XM_011538483.1	2122	1894.29	0	0
XM_011538487.2	3594	3366.29	0	0
XM_011538492.3	5205	4977.29	14.6177	0.132169
XM_011538493.3	5011	4783.29	74.6231	0.702083
XM_011538495.3	1458	1230.29	0	0
XM_011538497.2	13126	12898.3	0.236732	0.000825977
XM_011538499.2	12925	12697.3	0.00932998	3.30683e-05
XM_011538500.4	12948	12720.3	107.852	0.381569
XM_011538501.4	12944	12716.3	365.953	1.29511
XM_011538502.2	5006	4778.29	79.4154	0.747953
XM_011538503.1	834	606.427	0	0
XM_011538504.4	1932	1704.29	8.29617	0.219066
XM_011538505.4	1786	1558.29	15.1205	0.436675
XM_011538514.3	2920	2692.29	10.4476	0.174637
XM_011538515.2	2553	2325.29	5.33925e-05	1.03334e-06
XM_011538525.4	2803	2575.29	0	0
XM_011538530.4	6130	5902.29	0.000197036	1.50234e-06
XM_011538531.4	4389	4161.29	52.8242	0.571277
XM_011538532.4	3103	2875.29	34.3826	0.538144
XM_011538537.3	7154	6926.29	0	0
XM_011538538.4	7014	6786.29	0	0
XM_011538539.3	6936	6708.29	0	0
XM_011538541.2	5576	5348.29	0	0
XM_011538542.3	4266	4038.29	7	0.0780086
XM_011538544.2	4567	4339.29	0	0
XM_011538545.3	4489	4261.29	0	0
XM_011538548.4	4313	4085.29	0	0
XM_011538549.2	4661	4433.29	0	0
XM_011538550.4	5650	5422.29	0	0
XM_011538556.4	6305	6077.29	0	0
XM_011538562.3	1831	1603.29	133.451	3.74584
XM_011538569.2	1924	1696.29	1.52259	0.0403948
XM_011538571.4	6220	5992.29	0	0
XM_011538574.2	1440	1212.29	3.67385	0.136382
XM_011538575.2	980	752.293	26.942	1.61171
XM_011538578.3	6326	6098.29	9.81303e-06	7.24164e-08
XM_011538598.3	2961	2733.29	72.1246	1.18752
XM_011538600.3	2951	2723.29	35.8755	0.592851
XM_011538601.2	5648	5420.29	783.008	6.50108
XM_011538602.2	5718	5490.29	57.6263	0.472354
XM_011538603.3	6922	6694.29	0.00174961	1.1762e-05
XM_011538604.3	6878	6650.29	14.7706	0.0999541
XM_011538608.4	1341	1113.29	0	0
XM_011538611.3	4931	4703.29	0.39713	0.00379991
XM_011538613.3	6082	5854.29	89.1146	0.685041
XM_011538614.2	6577	6349.29	6.74561	0.0478121
XM_011538615.3	3089	2861.29	0	0
XM_011538622.2	5443	5215.29	261.835	2.25939
XM_011538630.3	4341	4113.29	3.05344	0.0334073
XM_011538631.3	4200	3972.29	0	0
XM_011538632.3	4161	3933.29	0.34746	0.00397549
XM_011538633.3	4021	3793.29	0	0
XM_011538634.3	3488	3260.29	0	0
XM_011538635.3	3227	2999.29	0	0
XM_011538639.3	8479	8251.29	19.5541	0.10665
XM_011538642.4	7345	7117.29	0	0
XM_011538649.3	628	402.259	0	0
XM_011538653.1	3171	2943.29	3.632	0.0555335
XM_011538655.3	5072	4844.29	74.0742	0.688144
XM_011538656.3	2647	2419.29	0	0
XM_011538659.3	2541	2313.29	0	0
XM_011538664.2	6057	5829.29	0	0
XM_011538669.3	4964	4736.29	0	0
XM_011538675.4	1892	1664.29	174.762	4.72563
XM_011538679.1	3317	3089.29	0	0
XM_011538681.4	5331	5103.29	14.9687	0.132001
XM_011538688.3	3374	3146.29	0.188224	0.00269227
XM_011538691.4	3168	2940.29	43.526	0.666194
XM_011538692.3	2841	2613.29	26.6885	0.459598
XM_011538695.3	889	661.427	0	0
XM_011538697.3	4429	4201.29	0.00955181	0.000102316
XM_011538698.4	4417	4189.29	0.00349569	3.75522e-05
XM_011538699.4	2023	1795.29	87.1217	2.1839
XM_011538712.4	1217	989.293	42.6759	1.94133
XM_011538716.3	3952	3724.29	18.6172	0.224964
XM_011538717.3	3770	3542.29	22.4908	0.285735
XM_011538718.4	2842	2614.29	129.044	2.2214
XM_011538725.4	5741	5513.29	72.2793	0.589991
XM_011538728.3	3349	3121.29	114.278	1.64767
XM_011538731.3	5371	5143.29	402.204	3.51923
XM_011538733.4	2180	1952.29	0	0
XM_011538734.4	2162	1934.29	4.56367	0.106178
XM_011538735.3	2075	1847.29	0	0
XM_011538737.4	1994	1766.29	0	0
XM_011538738.4	1868	1640.29	0	0
XM_011538743.3	2883	2655.29	5.96657	0.101124
XM_011538745.3	2843	2615.29	22.2373	0.382651
XM_011538747.3	863	635.427	8.01528	0.567669
XM_011538754.3	7464	7236.29	0	0
XM_011538756.4	8694	8466.29	0	0
XM_011538757.4	8632	8404.29	0	0
XM_011538758.4	8691	8463.29	7.58945	0.0403565
XM_011538759.3	8685	8457.29	0	0
XM_011538760.3	8571	8343.29	0	0
XM_011538761.3	8529	8301.29	0	0
XM_011538762.4	7926	7698.29	0	0
XM_011538763.4	7833	7605.29	0	0
XM_011538764.4	7692	7464.29	0	0
XM_011538765.4	7689	7461.29	0	0
XM_011538766.4	7049	6821.29	21.5753	0.142342
XM_011538767.3	2868	2640.29	74.8109	1.27513
XM_011538784.3	5000	4772.29	18.4647	0.174123
XM_011538786.3	5679	5451.29	2.21534e-07	1.82887e-09
XM_011538787.3	5613	5385.29	21.3192	0.178158
XM_011538790.4	13604	13376.3	9.72812e-07	3.27292e-09
XM_011538791.3	13468	13240.3	39.5062	0.134279
XM_011538796.3	3224	2996.29	2.5052	0.0376271
XM_011538797.4	2763	2535.29	0	0
XM_011538798.4	5391	5163.29	70.1105	0.611081
XM_011538799.3	5304	5076.29	89.0079	0.789085
XM_011538800.3	4155	3927.29	0	0
XM_011538801.2	3982	3754.29	0	0
XM_011538802.2	3988	3760.29	0	0
XM_011538803.1	3961	3733.29	0	0
XM_011538804.3	4173	3945.29	0	0
XM_011538805.3	4174	3946.29	0	0
XM_011538806.3	2031	1803.29	0	0
XM_011538811.3	5827	5599.29	0	0
XM_011538813.3	4675	4447.29	0	0
XM_011538814.3	9965	9737.29	37.4697	0.173175
XM_011538817.3	6764	6536.29	0	0
XM_011538818.3	7298	7070.29	0	0
XM_011538819.4	5279	5051.29	0	0
XM_011538823.3	4988	4760.29	0	0
XM_011538824.3	4449	4221.29	0	0
XM_011538825.3	3378	3150.29	0	0
XM_011538827.4	1899	1671.29	0	0
XM_011538828.4	3449	3221.29	51.1896	0.715145
XM_011538829.4	1811	1583.29	0	0
XM_011538832.3	2819	2591.29	0	0
XM_011538836.3	3426	3198.29	90.7224	1.27655
XM_011538837.2	3005	2777.29	18.0358	0.292252
XM_011538838.3	1826	1598.29	0	0
XM_011538839.3	1842	1614.29	0	0
XM_011538840.4	2033	1805.29	0	0
XM_011538841.3	1888	1660.29	0	0
XM_011538842.3	1910	1682.29	0	0
XM_011538844.3	1879	1651.29	0	0
XM_011538845.3	1747	1519.29	15.1497	0.44875
XM_011538846.3	1852	1624.29	0	0
XM_011538847.2	1793	1565.29	0	0
XM_011538854.3	2100	1872.29	0	0
XM_011538856.3	3298	3070.29	0	0
XM_011538857.3	3151	2923.29	0	0
XM_011538867.4	4327	4099.29	4.83718e-05	5.31038e-07
XM_011538875.4	3699	3471.29	171.667	2.22556
XM_011538878.2	5186	4958.29	0	0
XM_011538887.3	5011	4783.29	0	0
XM_011538888.1	4472	4244.29	0	0
XM_011538889.4	5712	5484.29	0	0
XM_011538890.2	1850	1622.29	0	0
XM_011538927.2	1507	1279.29	14.9261	0.525071
XM_011538928.4	5902	5674.29	0	0
XM_011538929.2	1415	1187.29	1.2748	0.0483199
XM_011538935.2	877	649.427	111.666	7.73805
XM_011538936.2	4080	3852.29	17.3503	0.202689
XM_011538937.2	4100	3872.29	0	0
XM_011538940.3	10111	9883.29	101.76	0.463359
XM_011538941.3	10090	9862.29	0	0
XM_011538944.4	9622	9394.29	45.2051	0.216554
XM_011538959.3	5279	5051.29	59.9128	0.533776
XM_011538961.2	7918	7690.29	0.898095	0.00525559
XM_011538967.4	1628	1400.29	8.98854	0.288877
XM_011538968.3	3318	3090.29	14.2001	0.206792
XM_011538970.3	3315	3087.29	0	0
XM_011538971.3	3402	3174.29	31.5719	0.447606
XM_011538972.3	3165	2937.29	0	0
XM_011538973.3	2808	2580.29	224.282	3.91171
XM_011538974.3	6089	5861.29	2.96072e-06	2.27325e-08
XM_011538976.3	2872	2644.29	0	0
XM_011538978.3	2214	1986.29	7.91352	0.179295
XM_011538980.4	1542	1314.29	0	0
XM_011538984.3	9097	8869.29	0	0
XM_011538989.3	12014	11786.3	97.7831	0.373361
XM_011538990.4	11808	11580.3	3.76092e-05	1.46156e-07
XM_011538991.3	11777	11549.3	0.00148369	5.78134e-06
XM_011538992.3	11834	11606.3	1.73766e-06	6.73773e-09
XM_011538995.3	12498	12270.3	43.1529	0.15827
XM_011538999.3	2677	2449.29	0	0
XM_011539000.2	2682	2454.29	0.00114188	2.09381e-05
XM_011539002.4	3770	3542.29	0	0
XM_011539003.4	3724	3496.29	0	0
XM_011539004.4	3918	3690.29	0	0
XM_011539006.4	2697	2469.29	0	0
XM_011539010.2	11818	11590.3	0	0
XM_011539011.2	11656	11428.3	0	0
XM_011539014.4	11199	10971.3	16.4723	0.0675676
XM_011539024.3	6764	6536.29	214.154	1.47448
XM_011539027.4	6865	6637.29	128.841	0.873584
XM_011539029.4	4934	4706.29	8.52537	0.0815223
XM_011539030.1	4575	4347.29	10.3548	0.107193
XM_011539032.2	11282	11054.3	411.991	1.67726
XM_011539035.3	4524	4296.29	0	0
XM_011539037.4	4155	3927.29	0.123832	0.001419
XM_011539040.3	3750	3522.29	0	0
XM_011539041.3	2261	2033.29	0	0
XM_011539090.2	775	547.487	1	0.0821994
XM_011539115.3	1695	1467.29	0	0
XM_011539119.2	2525	2297.29	93.2384	1.82651
XM_011539130.1	3955	3727.29	0	0
XM_011539132.3	3898	3670.29	0	0
XM_011539150.3	7987	7759.29	0	0
XM_011539172.4	3887	3659.29	0	0
XM_011539173.4	3884	3656.29	0	0
XM_011539175.4	3815	3587.29	0	0
XM_011539178.3	2956	2728.29	0	0
XM_011539199.4	7450	7222.29	0	0
XM_011539201.4	11625	11397.3	0	0
XM_011539212.3	3232	3004.29	0	0
XM_011539217.2	3511	3283.29	3.65922	0.0501558
XM_011539223.3	2993	2765.29	0	0
XM_011539239.3	1739	1511.29	0	0
XM_011539240.3	1715	1487.29	0	0
XM_011539241.3	1658	1430.29	0	0
XM_011539242.3	1538	1310.29	0	0
XM_011539244.3	3938	3710.29	0	0
XM_011539248.2	4681	4453.29	0	0
XM_011539251.4	2404	2176.29	0	0
XM_011539252.3	1695	1467.29	0.231211	0.00709144
XM_011539253.3	1674	1446.29	0.000799292	2.48709e-05
XM_011539261.3	6866	6638.29	26.3931	0.178927
XM_011539265.3	1411	1183.29	10.8508	0.412677
XM_011539266.4	1380	1152.29	0	0
XM_011539272.4	3227	2999.29	10.0644	0.151013
XM_011539274.3	966	738.293	0	0
XM_011539276.2	2122	1894.29	0	0
XM_011539277.1	1933	1705.29	0	0
XM_011539278.1	2213	1985.29	0	0
XM_011539279.2	2219	1991.29	0	0
XM_011539282.3	1567	1339.29	0	0
XM_011539283.3	3269	3041.29	0	0
XM_011539285.3	3356	3128.29	0	0
XM_011539286.2	3326	3098.29	0	0
XM_011539291.4	3036	2808.29	0	0
XM_011539294.4	3085	2857.29	0	0
XM_011539300.3	5056	4828.29	0	0
XM_011539301.2	4563	4335.29	24.9518	0.259016
XM_011539302.2	4440	4212.29	83.0025	0.886778
XM_011539303.3	3066	2838.29	0	0
XM_011539306.3	2780	2552.29	63.0816	1.11228
XM_011539307.3	3022	2794.29	49.6472	0.799587
XM_011539308.3	2753	2525.29	0	0
XM_011539309.2	4060	3832.29	265.058	3.11261
XM_011539312.4	6830	6602.29	0	0
XM_011539315.2	1483	1255.29	0	0
XM_011539318.2	1134	906.293	0	0
XM_011539319.1	983	755.293	0	0
XM_011539327.3	3921	3693.29	0	0
XM_011539334.3	3376	3148.29	0	0
XM_011539335.2	1098	870.293	0	0
XM_011539340.4	1644	1416.29	0	0
XM_011539341.2	1097	869.293	0	0
XM_011539342.3	1259	1031.29	0	0
XM_011539343.4	1554	1326.29	0	0
XM_011539344.4	1513	1285.29	0	0
XM_011539346.4	1346	1118.29	0	0
XM_011539347.4	1537	1309.29	0	0
XM_011539355.3	6912	6684.29	0	0
XM_011539358.3	6728	6500.29	160.033	1.10795
XM_011539370.2	776	548.487	0	0
XM_011539378.3	1544	1316.29	0	0
XM_011539379.2	1699	1471.29	0	0
XM_011539382.2	1387	1159.29	0	0
XM_011539384.2	1542	1314.29	0	0
XM_011539385.2	1511	1283.29	0	0
XM_011539387.3	2430	2202.29	0	0
XM_011539417.1	3191	2963.29	0	0
XM_011539422.4	6845	6617.29	0	0
XM_011539424.2	6747	6519.29	0	0
XM_011539430.3	2126	1898.29	0	0
XM_011539431.3	1818	1590.29	0	0
XM_011539433.3	1841	1613.29	0	0
XM_011539434.3	1801	1573.29	0	0
XM_011539437.3	2315	2087.29	0	0
XM_011539438.3	2311	2083.29	0	0
XM_011539441.1	1921	1693.29	0	0
XM_011539442.1	1454	1226.29	0	0
XM_011539443.2	1126	898.293	0	0
XM_011539444.4	3539	3311.29	54.1277	0.735638
XM_011539450.3	1088	860.293	0	0
XM_011539451.2	988	760.293	0	0
XM_011539452.4	4622	4394.29	174.463	1.78673
XM_011539454.3	3277	3049.29	3.99252	0.0589238
XM_011539455.3	1578	1350.29	0	0
XM_011539456.3	6991	6763.29	0	0
XM_011539457.4	2282	2054.29	0	0
XM_011539460.3	1845	1617.29	0	0
XM_011539492.4	6178	5950.29	0	0
XM_011539495.2	4677	4449.29	6.42389e-06	6.49755e-08
XM_011539498.3	1783	1555.29	0	0
XM_011539500.3	3028	2800.29	16	0.257134
XM_011539501.3	9148	8920.29	45.4468	0.22928
XM_011539508.3	7323	7095.29	0	0
XM_011539514.3	7808	7580.29	50.5239	0.299953
XM_011539515.3	7763	7535.29	1.27203e-06	7.59698e-09
XM_011539517.3	7682	7454.29	0	0
XM_011539518.3	2318	2090.29	0	0
XM_011539519.3	7550	7322.29	3.16498e-06	1.94521e-08
XM_011539520.3	7481	7253.29	2.2349e-06	1.38665e-08
XM_011539527.4	4753	4525.29	0	0
XM_011539528.4	4872	4644.29	0	0
XM_011539529.3	3395	3167.29	139.478	1.9818
XM_011539537.2	3399	3171.29	0.00148354	2.10526e-05
XM_011539539.3	6442	6214.29	121.912	0.882872
XM_011539540.2	6305	6077.29	35.0973	0.2599
XM_011539542.2	4515	4287.29	0	0
XM_011539544.2	4025	3797.29	16.5605	0.196264
XM_011539549.3	5199	4971.29	183.176	1.65822
XM_011539551.3	5079	4851.29	318.868	2.95798
XM_011539556.3	3156	2928.29	0	0
XM_011539558.4	5500	5272.29	0	0
XM_011539559.3	6516	6288.29	480.386	3.43796
XM_011539562.3	1247	1019.29	6.31789	0.278943
XM_011539563.3	1461	1233.29	0	0
XM_011539568.3	4555	4327.29	374.902	3.89891
XM_011539569.3	4489	4261.29	0	0
XM_011539570.4	4468	4240.29	13.7401	0.145826
XM_011539572.3	2309	2081.29	0	0
XM_011539573.4	2798	2570.29	43.7121	0.765352
XM_011539574.2	4821	4593.29	59.1791	0.579811
XM_011539575.3	4101	3873.29	39.4718	0.458616
XM_011539579.3	5882	5654.29	67.3471	0.536022
XM_011539583.3	3107	2879.29	0	0
XM_011539584.4	14979	14751.3	0	0
XM_011539587.2	8608	8380.29	0	0
XM_011539588.3	8339	8111.29	0	0
XM_011539589.3	7317	7089.29	5.11966	0.0324998
XM_011539591.3	8195	7967.29	2	0.011297
XM_011539592.4	4520	4292.29	0	0
XM_011539593.4	4496	4268.29	0	0
XM_011539597.4	4157	3929.29	0	0
XM_011539605.3	3088	2860.29	0	0
XM_011539606.4	3095	2867.29	0	0
XM_011539607.3	3208	2980.29	0	0
XM_011539610.3	2691	2463.29	0	0
XM_011539622.2	3425	3197.29	0.00117095	1.64815e-05
XM_011539626.3	1786	1558.29	0	0
XM_011539627.3	2503	2275.29	72.7541	1.43901
XM_011539628.3	2380	2152.29	39.207	0.819793
XM_011539631.4	2725	2497.29	0.321647	0.00579632
XM_011539637.3	5354	5126.29	0	0
XM_011539638.3	4399	4171.29	0.244033	0.00263282
XM_011539640.2	3532	3304.29	6.73532	0.0917323
XM_011539641.2	3477	3249.29	3.53033	0.0488954
XM_011539642.2	3795	3567.29	0	0
XM_011539643.2	3384	3156.29	1.42606e-06	2.0333e-08
XM_011539644.3	3380	3152.29	26.0647	0.372107
XM_011539645.3	3698	3470.29	0.00562031	7.28847e-05
XM_011539646.2	3287	3059.29	1.68457	0.0247806
XM_011539648.2	3182	2954.29	2.49645	0.0380287
XM_011539650.2	2433	2205.29	0	0
XM_011539651.2	2412	2184.29	1.80201e-06	3.71269e-08
XM_011539654.2	2157	1929.29	0	0
XM_011539655.2	2136	1908.29	0	0
XM_011539656.2	2115	1887.29	0.0181858	0.000433646
XM_011539657.2	2657	2429.29	29.1311	0.539659
XM_011539662.3	2483	2255.29	0.0598	0.00119327
XM_011539664.3	2441	2213.29	0.0378976	0.000770576
XM_011539670.3	755	527.701	0	0
XM_011539671.3	722	494.802	0.345835	0.0314542
XM_011539672.3	722	494.802	0	0
XM_011539673.3	2806	2578.29	0	0
XM_011539674.3	791	563.487	0	0
XM_011539675.3	2773	2545.29	0	0
XM_011539676.3	6248	6020.29	0	0
XM_011539682.4	6103	5875.29	2.77826e-08	2.12807e-10
XM_011539688.2	2187	1959.29	0	0
XM_011539690.3	2121	1893.29	0	0
XM_011539693.3	1809	1581.29	0	0
XM_011539694.2	1867	1639.29	0	0
XM_011539695.2	2089	1861.29	0	0
XM_011539729.4	9196	8968.29	1.21905e-07	6.11722e-10
XM_011539731.3	1958	1730.29	0.22596	0.00587698
XM_011539740.3	5660	5432.29	30.9647	0.256523
XM_011539744.4	2147	1919.29	0	0
XM_011539746.4	2470	2242.29	0	0
XM_011539748.4	1505	1277.29	0	0
XM_011539751.4	3173	2945.29	0	0
XM_011539752.4	853	625.427	0	0
XM_011539754.3	5657	5429.29	5.81334e-06	4.81865e-08
XM_011539764.3	6615	6387.29	2.22631	0.015686
XM_011539765.3	3731	3503.29	0	0
XM_011539766.3	3746	3518.29	4.81733	0.0616192
XM_011539769.4	3173	2945.29	24.3108	0.371461
XM_011539771.3	2651	2423.29	0	0
XM_011539773.3	12288	12060.3	0	0
XM_011539774.3	6399	6171.29	0	0
XM_011539775.3	12276	12048.3	0	0
XM_011539777.3	6354	6126.29	0	0
XM_011539778.3	6342	6114.29	0	0
XM_011539780.3	12156	11928.3	0	0
XM_011539781.4	12114	11886.3	0	0
XM_011539782.3	6219	5991.29	423.886	3.18399
XM_011539783.3	6186	5958.29	5.52527e-07	4.17324e-09
XM_011539784.3	2672	2444.29	0.208811	0.00384453
XM_011539785.3	12057	11829.3	0	0
XM_011539786.3	4243	4015.29	0	0
XM_011539789.4	5596	5368.29	0	0
XM_011539797.4	2752	2524.29	0	0
XM_011539801.3	7533	7305.29	0	0
XM_011539802.3	7607	7379.29	0	0
XM_011539818.3	12036	11808.3	6541.61	24.931
XM_011539822.2	1950	1722.29	0	0
XM_011539823.2	1817	1589.29	0	0
XM_011539826.4	6250	6022.29	0	0
XM_011539828.3	1695	1467.29	0	0
XM_011539832.3	5392	5164.29	0	0
XM_011539847.3	1372	1144.29	12.1767	0.478887
XM_011539848.3	2512	2284.29	284.438	5.60373
XM_011539850.4	10721	10493.3	0	0
XM_011539851.4	5688	5460.29	1.29137	0.0106433
XM_011539852.4	5685	5457.29	2.74332	0.0226225
XM_011539857.2	3203	2975.29	0.51894	0.00784927
XM_011539858.4	5145	4917.29	23.4746	0.21484
XM_011539860.4	5142	4914.29	45.5324	0.416967
XM_011539861.4	5019	4791.29	320.361	3.00905
XM_011539863.4	4950	4722.29	0	0
XM_011539864.3	1883	1655.29	6.71065	0.182445
XM_011539866.3	2387	2159.29	0	0
XM_011539871.4	5345	5117.29	1.86737	0.0164222
XM_011539872.3	2212	1984.29	316.294	7.17344
XM_011539873.1	5820	5592.29	0	0
XM_011539877.3	3811	3583.29	34.6592	0.43529
XM_011539879.3	3654	3426.29	0.000308089	4.04663e-06
XM_011539885.3	3990	3762.29	32.1353	0.38439
XM_011539910.3	1424	1196.29	0	0
XM_011539913.3	4030	3802.29	5.59083e-08	6.61719e-10
XM_011539915.4	6552	6324.29	81.4579	0.579647
XM_011539916.4	2074	1846.29	0	0
XM_011539918.2	2250	2022.29	336.537	7.48911
XM_011539919.2	2520	2292.29	128.124	2.51537
XM_011539920.3	2367	2139.29	242.199	5.09499
XM_011539924.4	12786	12558.3	1.92571	0.00690087
XM_011539927.4	2080	1852.29	0	0
XM_011539936.4	4892	4664.29	0	0
XM_011539937.4	1930	1702.29	0	0
XM_011539938.3	1808	1580.29	8.8274	0.251384
XM_011539940.3	12987	12759.3	114.298	0.403138
XM_011539942.3	5348	5120.29	13.0287	0.114511
XM_011539944.4	7143	6915.29	68.3985	0.445121
XM_011539946.3	3664	3436.29	0	0
XM_011539952.3	4687	4459.29	3.94511	0.0398139
XM_011539959.3	5174	4946.29	0	0
XM_011539960.3	4815	4587.29	0	0
XM_011539961.3	4797	4569.29	0	0
XM_011539962.2	4747	4519.29	0	0
XM_011539964.3	4684	4456.29	0	0
XM_011539976.3	6375	6147.29	35.2261	0.257883
XM_011539979.2	6769	6541.29	733.053	5.04329
XM_011539983.2	2182	1954.29	33.7296	0.776718
XM_011539985.3	3680	3452.29	19.1035	0.249028
XM_011539986.4	10042	9814.29	0	0
XM_011539987.3	10021	9793.29	0	0
XM_011539988.3	10166	9938.29	0	0
XM_011539990.4	8274	8046.29	0	0
XM_011539991.4	9661	9433.29	8.05321	0.0384192
XM_011539992.3	5597	5369.29	0	0
XM_011539994.3	5263	5035.29	0	0
XM_011539995.2	2998	2770.29	0	0
XM_011539996.2	5140	4912.29	11.0514	0.101246
XM_011539998.2	2267	2039.29	6.97872	0.154006
XM_011540002.3	3386	3158.29	0	0
XM_011540003.2	2870	2642.29	0.000232858	3.96599e-06
XM_011540005.2	2390	2162.29	0	0
XM_011540006.3	3209	2981.29	0	0
XM_011540011.3	2278	2050.29	48.2734	1.05958
XM_011540013.4	2674	2446.29	0	0
XM_011540015.4	2506	2278.29	38.8449	0.767303
XM_011540017.2	14315	14087.3	0	0
XM_011540018.2	14322	14094.3	0	0
XM_011540019.2	14627	14399.3	0	0
XM_011540021.2	14132	13904.3	0	0
XM_011540022.2	14311	14083.3	0	0
XM_011540024.2	14623	14395.3	0	0
XM_011540029.1	4202	3974.29	0	0
XM_011540030.2	4187	3959.29	0	0
XM_011540031.2	3958	3730.29	0	0
XM_011540058.4	2773	2545.29	15.0566	0.266214
XM_011540060.4	2566	2338.29	8.08303	0.155567
XM_011540063.4	2369	2141.29	47.1249	0.990414
XM_011540073.4	1299	1071.29	0	0
XM_011540075.2	1360	1132.29	0	0
XM_011540082.2	1320	1092.29	0	0
XM_011540084.3	2795	2567.29	0	0
XM_011540087.2	1409	1181.29	5	0.190482
XM_011540088.3	1166	938.293	0	0
XM_011540089.4	3028	2800.29	1	0.0160708
XM_011540091.3	2801	2573.29	8.5957	0.150326
XM_011540093.3	2196	1968.29	0.00119886	2.74109e-05
XM_011540095.4	1916	1688.29	0	0
XM_011540096.1	2216	1988.29	0	0
XM_011540098.1	2120	1892.29	0	0
XM_011540099.2	1942	1714.29	2.94148	0.0772188
XM_011540101.3	1303	1075.29	5.74011	0.240235
XM_011540121.4	668	441.629	63.401	6.46071
XM_011540125.2	2294	2066.29	0	0
XM_011540127.3	1197	969.293	24.5344	1.1391
XM_011540134.3	2323	2095.29	1.16856e-07	2.50986e-09
XM_011540144.3	2555	2327.29	67.1144	1.2978
XM_011540151.4	4792	4564.29	19.1378	0.188695
XM_011540152.3	4033	3805.29	6.52158	0.0771272
XM_011540153.3	3997	3769.29	91.6747	1.09454
XM_011540154.3	3931	3703.29	0	0
XM_011540156.3	4071	3843.29	13.7983	0.161572
XM_011540157.3	3986	3758.29	19.4715	0.233158
XM_011540160.3	3408	3180.29	0	0
XM_011540163.3	2898	2670.29	0	0
XM_011540167.3	2293	2065.29	0	0
XM_011540170.2	4056	3828.29	36.0571	0.423866
XM_011540171.2	1640	1412.29	0	0
XM_011540173.2	1598	1370.29	0	0
XM_011540174.3	1430	1202.29	0	0
XM_011540175.2	1740	1512.29	0	0
XM_011540176.2	1544	1316.29	0	0
XM_011540177.4	4285	4057.29	0	0
XM_011540178.4	4109	3881.29	2.77056	0.0321242
XM_011540179.4	2835	2607.29	0	0
XM_011540181.4	1981	1753.29	0	0
XM_011540183.4	1911	1683.29	0	0
XM_011540185.3	5813	5585.29	0	0
XM_011540191.3	5273	5045.29	189.645	1.6916
XM_011540192.4	575	350.386	0	0
XM_011540193.4	908	680.293	12.5429	0.829746
XM_011540195.3	4390	4162.29	2.15812	0.0233338
XM_011540206.3	5079	4851.29	38.0882	0.353325
XM_011540208.2	8137	7909.29	55.1169	0.313609
XM_011540209.3	2095	1867.29	19.4661	0.469147
XM_011540210.4	7731	7503.29	1.35387e-05	8.12022e-08
XM_011540213.2	6305	6077.29	145.979	1.081
XM_011540232.4	6394	6166.29	147.572	1.07701
XM_011540234.3	2032	1804.29	0	0
XM_011540235.3	2101	1873.29	27.5394	0.661594
XM_011540236.3	2204	1976.29	21.7187	0.494567
XM_011540238.3	1845	1617.29	0	0
XM_011540239.2	1437	1209.29	51.4593	1.91503
XM_011540244.3	718	490.852	4.28596	0.392953
XM_011540245.2	2411	2183.29	0	0
XM_011540260.2	2591	2363.29	0	0
XM_011540265.3	5786	5558.29	0	0
XM_011540266.3	6226	5998.29	6.70281	0.0502888
XM_011540267.2	1695	1467.29	0.001017	3.11922e-05
XM_011540268.1	1685	1457.29	11.999	0.370544
XM_011540270.3	612	386.495	0	0
XM_011540271.4	7879	7651.29	5.59093	0.0328845
XM_011540272.3	7089	6861.29	90.6974	0.594882
XM_011540273.1	3515	3287.29	1	0.01369
XM_011540275.4	3612	3384.29	0	0
XM_011540276.4	5683	5455.29	9.39489	0.0775025
XM_011540293.3	3586	3358.29	0	0
XM_011540301.3	2898	2670.29	48.8481	0.823248
XM_011540302.2	4104	3876.29	0	0
XM_011540303.4	1739	1511.29	16.5437	0.492637
XM_011540305.2	4171	3943.29	22.2707	0.254166
XM_011540311.2	1387	1159.29	0	0
XM_011540312.3	6361	6133.29	0	0
XM_011540313.3	5294	5066.29	37.9499	0.337103
XM_011540314.3	4914	4686.29	33.1607	0.318446
XM_011540316.3	5809	5581.29	86.3645	0.696374
XM_011540317.2	5788	5560.29	0	0
XM_011540318.2	5708	5480.29	81.8612	0.672228
XM_011540320.3	5891	5663.29	0	0
XM_011540326.3	8250	8022.29	40.5995	0.227753
XM_011540327.3	7990	7762.29	0	0
XM_011540328.3	7744	7516.29	1.29969e-06	7.78177e-09
XM_011540337.2	7555	7327.29	0	0
XM_011540338.2	3485	3257.29	0	0
XM_011540339.2	6290	6062.29	0	0
XM_011540340.4	2818	2590.29	0	0
XM_011540341.4	7604	7376.29	0	0
XM_011540342.2	7178	6950.29	0.029442	0.000190637
XM_011540344.3	7170	6942.29	2.058e-05	1.33409e-07
XM_011540345.2	7087	6859.29	298.525	1.95859
XM_011540346.3	5475	5247.29	10.1161	0.0867599
XM_011540347.3	6658	6430.29	931.248	6.51744
XM_011540366.3	3854	3626.29	0	0
XM_011540368.2	2761	2533.29	0	0
XM_011540369.3	6795	6567.29	27.8791	0.191045
XM_011540370.3	12365	12137.3	0.000121246	4.49562e-07
XM_011540371.3	12913	12685.3	0	0
XM_011540372.3	2013	1785.29	0	0
XM_011540373.3	1828	1600.29	0	0
XM_011540374.4	1824	1596.29	1	0.0281922
XM_011540376.3	3077	2849.29	0	0
XM_011540379.4	2580	2352.29	8.80933	0.168536
XM_011540380.4	4514	4286.29	266.631	2.79944
XM_011540381.4	4601	4373.29	46.4084	0.477563
XM_011540401.4	6471	6243.29	0.116306	0.000838358
XM_011540402.3	7779	7551.29	0	0
XM_011540406.3	8105	7877.29	0	0
XM_011540410.3	8127	7899.29	0	0
XM_011540413.4	8320	8092.29	0	0
XM_011540415.3	7954	7726.29	158.175	0.921315
XM_011540419.3	7903	7675.29	111.089	0.651358
XM_011540420.3	7930	7702.29	0	0
XM_011540424.2	4221	3993.29	8.29627e-08	9.34962e-10
XM_011540425.2	4233	4005.29	0.963747	0.0108286
XM_011540428.2	4719	4491.29	0.937313	0.00939194
XM_011540429.2	4371	4143.29	0	0
XM_011540435.4	3542	3314.29	244.384	3.31836
XM_011540436.4	2845	2617.29	3.75805	0.0646179
XM_011540437.3	2065	1837.29	3.51855	0.0861841
XM_011540438.4	3332	3104.29	0	0
XM_011540460.4	1430	1202.29	5.8555	0.219177
XM_011540462.4	8786	8558.29	0	0
XM_011540463.3	8744	8516.29	0	0
XM_011540464.4	8738	8510.29	0	0
XM_011540465.4	8711	8483.29	0	0
XM_011540466.4	8696	8468.29	0	0
XM_011540467.4	8662	8434.29	0	0
XM_011540468.4	4733	4505.29	0	0
XM_011540469.4	4164	3936.29	0	0
XM_011540470.3	3021	2793.29	0	0
XM_011540471.4	7763	7535.29	137.303	0.820015
XM_011540472.4	8286	8058.29	0.430795	0.00240586
XM_011540474.4	7649	7421.29	8.62672e-07	5.23129e-09
XM_011540476.4	7480	7252.29	4.2102e-05	2.61258e-07
XM_011540477.4	7417	7189.29	11.7952	0.0738349
XM_011540488.4	5155	4927.29	12.4026	0.113278
XM_011540489.4	5002	4774.29	94.2254	0.88818
XM_011540490.3	4247	4019.29	0	0
XM_011540491.3	1317	1089.29	56.928	2.35193
XM_011540496.3	2203	1975.29	0	0
XM_011540510.2	2673	2445.29	46.3859	0.853684
XM_011540515.2	2673	2445.29	0	0
XM_011540516.4	1651	1423.29	65.7274	2.07823
XM_011540518.3	6551	6323.29	49.0345	0.34898
XM_011540519.3	6385	6157.29	126.203	0.922405
XM_011540521.4	6939	6711.29	0	0
XM_011540522.4	5750	5522.29	0	0
XM_011540523.4	3029	2801.29	75.8182	1.21803
XM_011540525.4	2975	2747.29	0	0
XM_011540535.3	3822	3594.29	104.087	1.30324
XM_011540536.4	6061	5833.29	27.5852	0.212816
XM_011540537.3	717	489.852	0	0
XM_011540538.2	831	603.427	0	0
XM_011540546.3	5716	5488.29	20.0073	0.164057
XM_011540550.2	3336	3108.29	6.22562	0.090137
XM_011540553.3	7920	7692.29	2.36103e-05	1.3813e-07
XM_011540554.4	8185	7957.29	70.7661	0.400223
XM_011540555.4	5778	5550.29	0	0
XM_011540557.2	4854	4626.29	2.5736	0.0250351
XM_011540563.2	1521	1293.29	5.93374	0.206478
XM_011540566.2	1532	1304.29	0	0
XM_011540570.4	3435	3207.29	233.893	3.28187
XM_011540573.4	7801	7573.29	62.4781	0.371266
XM_011540574.3	7761	7533.29	271.257	1.62046
XM_011540576.3	5182	4954.29	0	0
XM_011540577.3	5117	4889.29	0	0
XM_011540581.4	5061	4833.29	0	0
XM_011540582.4	4918	4690.29	0	0
XM_011540584.4	5811	5583.29	0	0
XM_011540588.4	5475	5247.29	0	0
XM_011540592.2	4845	4617.29	0	0
XM_011540595.2	4488	4260.29	0	0
XM_011540596.3	3911	3683.29	0	0
XM_011540597.4	3879	3651.29	1.64121	0.0202283
XM_011540598.4	2636	2408.29	0	0
XM_011540606.3	3823	3595.29	161.145	2.01709
XM_011540607.2	3772	3544.29	0.00215249	2.73308e-05
XM_011540608.3	3727	3499.29	34.3989	0.442391
XM_011540609.3	3724	3496.29	34.9281	0.449583
XM_011540612.3	5853	5625.29	6.9679	0.0557441
XM_011540613.4	2177	1949.29	55.8474	1.28934
XM_011540614.3	2875	2647.29	15.1807	0.258067
XM_011540622.3	1796	1568.29	0	0
XM_011540629.4	7295	7067.29	2.34264	0.0149175
XM_011540630.3	6038	5810.29	72.6516	0.562716
XM_011540633.3	2166	1938.29	0	0
XM_011540635.4	2315	2087.29	0.291737	0.00628999
XM_011540636.4	1575	1347.29	0	0
XM_011540638.3	2530	2302.29	0	0
XM_011540639.4	3846	3618.29	50.5195	0.628344
XM_011540641.3	3321	3093.29	0	0
XM_011540646.3	1913	1685.29	26.1509	0.698318
XM_011540647.3	685	458.134	0	0
XM_011540665.2	2789	2561.29	17.8	0.312755
XM_011540677.3	2316	2088.29	7.95083	0.171342
XM_011540679.3	1677	1449.29	0	0
XM_011540680.3	1560	1332.29	0	0
XM_011540681.4	1530	1302.29	5.71482	0.197486
XM_011540683.3	9248	9020.29	0	0
XM_011540684.3	9418	9190.29	0	0
XM_011540685.3	9385	9157.29	0	0
XM_011540688.3	9173	8945.29	0	0
XM_011540690.3	9071	8843.29	0	0
XM_011540691.3	9062	8834.29	0	0
XM_011540693.2	3498	3270.29	0	0
XM_011540697.3	8432	8204.29	0	0
XM_011540698.2	2911	2683.29	0	0
XM_011540699.4	5563	5335.29	0.436103	0.00367852
XM_011540700.2	3827	3599.29	15.6619	0.195826
XM_011540704.3	2692	2464.29	0	0
XM_011540705.3	1950	1722.29	0	0
XM_011540706.4	3396	3168.29	0	0
XM_011540708.2	2011	1783.29	48.8241	1.23212
XM_011540715.3	2958	2730.29	0	0
XM_011540716.3	2804	2576.29	0	0
XM_011540722.2	5373	5145.29	9011.86	78.8218
XM_011540723.2	5325	5097.29	2748.85	24.2691
XM_011540724.2	5295	5067.29	27.4144	0.24347
XM_011540727.3	4324	4096.29	458.627	5.03862
XM_011540728.3	3807	3579.29	0	0
XM_011540729.2	3510	3282.29	815.173	11.1767
XM_011540730.2	3462	3234.29	164.959	2.29529
XM_011540737.4	3340	3112.29	87.5134	1.26543
XM_011540741.4	3235	3007.29	6.02716	0.0901943
XM_011540742.4	3232	3004.29	3.68303	0.0551703
XM_011540747.3	2097	1869.29	4.68817	0.112867
XM_011540749.1	3487	3259.29	0	0
XM_011540762.2	3751	3523.29	37.2237	0.475459
XM_011540790.4	3295	3067.29	0	0
XM_011540791.4	2811	2583.29	0	0
XM_011540793.1	4066	3838.29	0	0
XM_011540794.2	4012	3784.29	0	0
XM_011540795.4	4015	3787.29	0	0
XM_011540796.2	4157	3929.29	0	0
XM_011540797.3	4015	3787.29	0	0
XM_011540798.2	3850	3622.29	0	0
XM_011540799.2	3676	3448.29	0	0
XM_011540800.3	3418	3190.29	7	0.0987438
XM_011540802.3	1560	1332.29	0	0
XM_011540803.3	3289	3061.29	27.6055	0.405819
XM_011540805.3	855	627.427	25.7363	1.84597
XM_011540812.2	2413	2185.29	0	0
XM_011540814.2	2344	2116.29	8.2642e-08	1.75739e-09
XM_011540820.2	1455	1227.29	4.3482	0.159442
XM_011540824.3	1778	1550.29	0	0
XM_011540825.3	1314	1086.29	0	0
XM_011540835.4	4675	4447.29	0	0
XM_011540838.4	4426	4198.29	0	0
XM_011540845.4	5427	5199.29	0	0
XM_011540849.2	5116	4888.29	0	0
XM_011540850.3	4944	4716.29	0	0
XM_011540851.2	4932	4704.29	0	0
XM_011540852.3	4879	4651.29	0	0
XM_011540855.3	4748	4520.29	0	0
XM_011540857.2	4476	4248.29	0	0
XM_011540859.3	4241	4013.29	3.41754	0.0383226
XM_011540862.3	2772	2544.29	29.8693	0.528324
XM_011540865.3	749	521.701	3.90752	0.337071
XM_011540868.4	5190	4962.29	14.0952	0.12783
XM_011540870.4	2459	2231.29	0	0
XM_011540871.3	4644	4416.29	19.0882	0.194514
XM_011540872.3	5847	5619.29	0	0
XM_011540873.3	5306	5078.29	10.5483	0.0934777
XM_011540879.4	20771	20543.3	0	0
XM_011540883.3	6550	6322.29	0.000302358	2.15223e-06
XM_011540884.3	6413	6185.29	7.67193	0.0558196
XM_011540886.3	7635	7407.29	3.21686	0.0195441
XM_011540887.3	6931	6703.29	56.3352	0.378211
XM_011540888.4	4634	4406.29	24.1609	0.246764
XM_011540889.4	3891	3663.29	0	0
XM_011540890.3	3810	3582.29	0	0
XM_011540893.3	3820	3592.29	0	0
XM_011540894.3	3947	3719.29	0	0
XM_011540895.4	4094	3866.29	0	0
XM_011540898.2	3261	3033.29	0	0
XM_011540899.2	3171	2943.29	0	0
XM_011540900.3	2139	1911.29	0	0
XM_011540903.3	1915	1687.29	0	0
XM_011540904.3	2300	2072.29	0	0
XM_011540905.3	1400	1172.29	0	0
XM_011540906.4	2069	1841.29	0.000911904	2.22879e-05
XM_011540910.3	1331	1103.29	7.17162	0.292529
XM_011540911.3	971	743.293	0	0
XM_011540912.3	1747	1519.29	0	0
XM_011540924.3	3276	3048.29	0	0
XM_011540925.3	2378	2150.29	0	0
XM_011540927.2	3052	2824.29	0	0
XM_011540929.3	1520	1292.29	0	0
XM_011540932.3	4572	4344.29	47.9775	0.497005
XM_011540934.2	7071	6843.29	0	0
XM_011540935.3	7039	6811.29	0	0
XM_011540936.3	6277	6049.29	0	0
XM_011540937.3	6028	5800.29	0	0
XM_011540939.3	5307	5079.29	0	0
XM_011540942.3	5125	4897.29	0	0
XM_011540945.3	2597	2369.29	0	0
XM_011540947.1	2139	1911.29	0	0
XM_011540948.3	2575	2347.29	0	0
XM_011540949.3	2505	2277.29	0	0
XM_011540951.2	2054	1826.29	0	0
XM_011540952.3	1954	1726.29	0	0
XM_011540969.2	5160	4932.29	0	0
XM_011540970.2	4894	4666.29	0	0
XM_011540972.2	5061	4833.29	0	0
XM_011540973.2	4796	4568.29	0	0
XM_011540975.4	3972	3744.29	0	0
XM_011540977.4	8081	7853.29	0	0
XM_011540995.3	2902	2674.29	0	0
XM_011540996.3	2846	2618.29	5.03111	0.0864744
XM_011540999.3	1922	1694.29	3.94525e-05	1.04792e-06
XM_011541001.4	1916	1688.29	0.484425	0.0129128
XM_011541003.3	1784	1556.29	0.0442509	0.0012796
XM_011541004.3	5867	5639.29	108.443	0.865401
XM_011541007.4	1653	1425.29	5.63513	0.177927
XM_011541015.3	3033	2805.29	0	0
XM_011541025.3	1794	1566.29	680.278	19.5459
XM_011541027.4	4253	4025.29	7.5603	0.0845248
XM_011541028.4	4232	4004.29	76.5205	0.859992
XM_011541029.3	4256	4028.29	0.00706532	7.8932e-05
XM_011541030.2	4023	3795.29	0	0
XM_011541031.2	3849	3621.29	0	0
XM_011541034.2	3389	3161.29	117.879	1.67808
XM_011541040.3	1996	1768.29	0	0
XM_011541046.4	1306	1078.29	8.45503	0.352875
XM_011541048.3	2823	2595.29	0	0
XM_011541049.3	2962	2734.29	0	0
XM_011541051.3	2861	2633.29	0	0
XM_011541052.3	2778	2550.29	16.4136	0.289639
XM_011541053.3	3119	2891.29	0	0
XM_011541054.3	2673	2445.29	0	0
XM_011541056.3	2406	2178.29	27.9799	0.578058
XM_011541057.2	4501	4273.29	66.6046	0.701429
XM_011541058.4	2448	2220.29	41.2389	0.835871
XM_011541059.3	5953	5725.29	0.224576	0.00176526
XM_011541061.3	5950	5722.29	0.0244083	0.000191959
XM_011541062.3	5932	5704.29	6.85059e-05	5.40466e-07
XM_011541063.2	5534	5306.29	59.9783	0.508681
XM_011541064.3	5531	5303.29	130.232	1.10514
XM_011541067.3	5453	5225.29	0	0
XM_011541068.2	5431	5203.29	0	0
XM_011541069.3	5664	5436.29	0.0259129	0.000214514
XM_011541074.4	8771	8543.29	0	0
XM_011541075.3	7858	7630.29	0	0
XM_011541076.3	7832	7604.29	0	0
XM_011541077.3	7744	7516.29	0	0
XM_011541080.4	4655	4427.29	4.55628	0.0463143
XM_011541083.3	8304	8076.29	0	0
XM_011541084.3	8335	8107.29	0	0
XM_011541086.4	8283	8055.29	0	0
XM_011541087.3	8232	8004.29	0	0
XM_011541088.3	8234	8006.29	0	0
XM_011541090.4	7996	7768.29	0	0
XM_011541091.3	3307	3079.29	0	0
XM_011541092.4	5709	5481.29	5.00636	0.0411038
XM_011541097.2	5793	5565.29	13.7126	0.110885
XM_011541099.2	5470	5242.29	0	0
XM_011541114.4	16027	15799.3	0.0653089	0.000186027
XM_011541115.4	16021	15793.3	0.0047944	1.36617e-05
XM_011541120.4	15922	15694.3	0.00778687	2.23287e-05
XM_011541128.2	3811	3583.29	1.1312	0.0142068
XM_011541129.2	3619	3391.29	6.21097	0.0824207
XM_011541135.4	14159	13931.3	0.169762	0.000548392
XM_011541137.4	14148	13920.3	0	0
XM_011541138.4	14029	13801.3	1.39746e-07	4.55681e-10
XM_011541140.3	4564	4336.29	246.507	2.55831
XM_011541150.1	2081	1853.29	0	0
XM_011541151.2	1967	1739.29	0	0
XM_011541152.1	1801	1573.29	0	0
XM_011541153.2	1356	1128.29	0	0
XM_011541154.3	1342	1114.29	0	0
XM_011541155.2	1840	1612.29	1.5	0.0418687
XM_011541156.2	1275	1047.29	0	0
XM_011541158.2	3727	3499.29	446.72	5.7451
XM_011541159.3	2627	2399.29	168.838	3.16686
XM_011541166.3	4911	4683.29	15.5129	0.149068
XM_011541179.3	3413	3185.29	0	0
XM_011541180.3	3784	3556.29	14.8584	0.188026
XM_011541181.2	3237	3009.29	29.1736	0.436283
XM_011541185.4	2941	2713.29	0	0
XM_011541187.3	3181	2953.29	0	0
XM_011541188.4	3517	3289.29	9.139	0.125037
XM_011541194.4	5713	5485.29	0	0
XM_011541198.3	1730	1502.29	0	0
XM_011541200.4	2697	2469.29	20.6223	0.375843
XM_011541201.4	845	617.427	418.403	30.4966
XM_011541209.4	2911	2683.29	12.4198	0.208301
XM_011541210.4	1689	1461.29	0	0
XM_011541211.4	1162	934.293	0	0
XM_011541212.4	1104	876.293	0	0
XM_011541213.2	4770	4542.29	89.8578	0.890273
XM_011541214.2	4731	4503.29	0	0
XM_011541215.2	4662	4434.29	14.1537	0.143644
XM_011541216.3	5493	5265.29	57.5798	0.492141
XM_011541217.3	5357	5129.29	8.82706e-07	7.74463e-09
XM_011541221.2	3576	3348.29	3.11655e-06	4.18883e-08
XM_011541222.2	3623	3395.29	0	0
XM_011541223.3	3815	3587.29	0	0
XM_011541225.3	3551	3323.29	0	0
XM_011541226.3	2088	1860.29	0	0
XM_011541227.3	1989	1761.29	0	0
XM_011541228.3	1903	1675.29	0	0
XM_011541232.4	1461	1233.29	0	0
XM_011541233.2	2825	2597.29	35.9285	0.62253
XM_011541234.3	2794	2566.29	30.3334	0.531933
XM_011541236.3	13721	13493.3	219.106	0.730766
XM_011541245.3	5790	5562.29	0	0
XM_011541246.3	4783	4555.29	0	0
XM_011541255.2	6292	6064.29	0.00136338	1.01177e-05
XM_011541256.3	6508	6280.29	4.46655e-05	3.20063e-07
XM_011541257.3	7472	7244.29	4.89528	0.0304105
XM_011541258.4	1660	1432.29	0	0
XM_011541259.3	1956	1728.29	0	0
XM_011541261.3	4748	4520.29	88.7896	0.883971
XM_011541272.4	4763	4535.29	0	0
XM_011541276.4	4669	4441.29	8.13314e-05	8.24121e-07
XM_011541277.4	4574	4346.29	0	0
XM_011541278.3	4668	4440.29	0	0
XM_011541282.3	1054	826.293	0	0
XM_011541283.3	3130	2902.29	0	0
XM_011541284.3	2938	2710.29	0	0
XM_011541285.2	3511	3283.29	0	0
XM_011541293.2	1071	843.293	3.55602	0.18977
XM_011541302.4	7396	7168.29	61.8833	0.388508
XM_011541303.4	1958	1730.29	965.253	25.1052
XM_011541307.3	1589	1361.29	0	0
XM_011541309.3	1852	1624.29	102.163	2.83055
XM_011541315.2	7297	7069.29	0	0
XM_011541316.3	6080	5852.29	13	0.0999677
XM_011541318.3	14890	14662.3	448.887	1.37777
XM_011541323.3	6127	5899.29	69.593	0.530894
XM_011541327.3	1506	1278.29	16.2065	0.570561
XM_011541340.2	2099	1871.29	0	0
XM_011541341.2	1711	1483.29	0	0
XM_011541343.2	1835	1607.29	0	0
XM_011541345.2	1909	1681.29	0	0
XM_011541349.3	1645	1417.29	0	0
XM_011541361.4	4790	4562.29	59.6945	0.588835
XM_011541372.4	2891	2663.29	39.1311	0.661218
XM_011541377.3	668	441.629	0	0
XM_011541378.3	843	615.427	0	0
XM_011541381.3	1885	1657.29	0	0
XM_011541382.3	1882	1654.29	0	0
XM_011541383.3	5409	5181.29	0	0
XM_011541384.3	5793	5565.29	0	0
XM_011541392.3	3896	3668.29	30.9978	0.380285
XM_011541393.3	3885	3657.29	0	0
XM_011541396.3	11831	11603.3	0	0
XM_011541398.3	11770	11542.3	0	0
XM_011541400.3	11765	11537.3	0	0
XM_011541401.4	4441	4213.29	81.6854	0.872499
XM_011541404.3	3202	2974.29	0	0
XM_011541407.4	2976	2748.29	0	0
XM_011541417.3	2370	2142.29	0	0
XM_011541421.4	1315	1087.29	0	0
XM_011541425.4	5720	5492.29	0	0
XM_011541426.3	3643	3415.29	1.2358	0.016284
XM_011541427.4	10394	10166.3	7.47943	0.0331092
XM_011541428.3	2877	2649.29	6.61151	0.112309
XM_011541429.3	6785	6557.29	0	0
XM_011541432.4	1312	1084.29	0	0
XM_011541433.3	1246	1018.29	0	0
XM_011541434.4	4306	4078.29	19.9125	0.21973
XM_011541435.3	1050	822.293	19.3272	1.05775
XM_011541436.3	1032	804.293	0	0
XM_011541437.2	892	664.361	0	0
XM_011541439.4	3848	3620.29	67.5881	0.840173
XM_011541441.2	748	520.701	0	0
XM_011541443.4	3356	3128.29	7.00313	0.100746
XM_011541444.3	2692	2464.29	5.32996	0.0973362
XM_011541445.4	1770	1542.29	20.7104	0.604316
XM_011541446.2	2373	2145.29	0	0
XM_011541447.3	954	726.293	1.59496	0.0988277
XM_011541451.4	7439	7211.29	15.797	0.0985833
XM_011541452.2	2096	1868.29	14.1612	0.341112
XM_011541453.3	2112	1884.29	0	0
XM_011541458.1	852	624.427	0	0
XM_011541460.2	4194	3966.29	11.9426	0.135505
XM_011541461.3	3550	3322.29	30.0259	0.406725
XM_011541462.2	4351	4123.29	16.8602	0.184019
XM_011541463.3	5795	5567.29	12.6574	0.102316
XM_011541465.3	2314	2086.29	0	0
XM_011541466.3	2306	2078.29	0	0
XM_011541467.2	2320	2092.29	0	0
XM_011541469.2	1886	1658.29	0	0
XM_011541475.2	558	334.107	0	0
XM_011541479.3	1579	1351.29	0	0
XM_011541480.4	4400	4172.29	5.19778e-07	5.60642e-09
XM_011541481.4	4268	4040.29	18.1236	0.201871
XM_011541482.4	4250	4022.29	0	0
XM_011541483.4	4205	3977.29	0	0
XM_011541486.2	1974	1746.29	0	0
XM_011541487.3	2592	2364.29	3.26058	0.0620635
XM_011541488.2	1560	1332.29	4.69129	0.158465
XM_011541491.3	8980	8752.29	29.2044	0.150165
XM_011541493.4	2560	2332.29	22.1225	0.426867
XM_011541496.4	6892	6664.29	2.03291	0.013728
XM_011541497.4	1990	1762.29	0.000109937	2.80741e-06
XM_011541502.3	1987	1759.29	0	0
XM_011541503.3	1858	1630.29	1.21149e-08	3.34423e-10
XM_011541509.3	3169	2941.29	0.807141	0.0123496
XM_011541518.3	4077	3849.29	47.4684	0.554966
XM_011541526.2	52991	52763.3	32.8612	0.0280281
XM_011541527.4	2274	2046.29	17.9597	0.394979
XM_011541528.3	3661	3433.29	7.01883	0.0920018
XM_011541539.2	2278	2050.29	0	0
XM_011541540.3	2194	1966.29	0	0
XM_011541541.2	2133	1905.29	0	0
XM_011541546.2	2321	2093.29	0	0
XM_011541555.3	1961	1733.29	3.64973	0.0947614
XM_011541556.2	2637	2409.29	201.834	3.77005
XM_011541561.3	1759	1531.29	0	0
XM_011541564.4	2227	1999.29	22.5293	0.507122
XM_011541568.4	8438	8210.29	24.8579	0.136254
XM_011541570.4	1653	1425.29	18.287	0.577406
XM_011541571.3	4810	4582.29	0	0
XM_011541572.3	1433	1205.29	0	0
XM_011541576.3	681	454.225	55.3303	5.48195
XM_011541577.3	2484	2256.29	0	0
XM_011541578.3	2523	2295.29	0	0
XM_011541579.4	2363	2135.29	0	0
XM_011541580.2	1793	1565.29	51.3936	1.47759
XM_011541586.4	2108	1880.29	0	0
XM_011541587.4	2488	2260.29	8.48657	0.16897
XM_011541588.4	2395	2167.29	6.68676	0.138848
XM_011541589.4	2441	2213.29	0	0
XM_011541590.4	2223	1995.29	0	0
XM_011541591.4	2009	1781.29	0	0
XM_011541592.4	1948	1720.29	0	0
XM_011541597.3	3954	3726.29	4.74263	0.0572776
XM_011541599.2	828	600.427	0.231353	0.0173403
XM_011541606.3	4718	4490.29	0	0
XM_011541607.3	4573	4345.29	0	0
XM_011541609.3	4651	4423.29	0	0
XM_011541614.4	1556	1328.29	652.81	22.1175
XM_011541616.3	1586	1358.29	0	0
XM_011541617.3	3537	3309.29	0	0
XM_011541628.3	2271	2043.29	0	0
XM_011541629.3	4233	4005.29	12.1151	0.136124
XM_011541631.4	4063	3835.29	0	0
XM_011541634.4	2620	2392.29	44.8443	0.843597
XM_011541636.3	1554	1326.29	15.1504	0.514077
XM_011541637.2	2734	2506.29	0.000430935	7.73788e-06
XM_011541638.2	2611	2383.29	0	0
XM_011541639.2	2608	2380.29	1.64955e-05	3.11873e-07
XM_011541647.2	2294	2066.29	0	0
XM_011541648.2	2298	2070.29	0	0
XM_011541650.3	1923	1695.29	139.574	3.70512
XM_011541671.3	3248	3020.29	3.72226	0.0554626
XM_011541672.2	5193	4965.29	0	0
XM_011541673.3	5461	5233.29	0	0
XM_011541676.2	2184	1956.29	0	0
XM_011541679.4	2449	2221.29	121.033	2.4521
XM_011541680.4	2341	2113.29	11.4998	0.244892
XM_011541683.2	1337	1109.29	0	0
XM_011541687.4	1068	840.293	0	0
XM_011541689.2	4021	3793.29	66.3948	0.787698
XM_011541691.3	4264	4036.29	0	0
XM_011541692.3	4258	4030.29	0	0
XM_011541698.3	6484	6256.29	0	0
XM_011541699.2	3135	2907.29	0	0
XM_011541700.2	2996	2768.29	0	0
XM_011541706.3	1615	1387.29	6.18754	0.20072
XM_011541708.4	3043	2815.29	44.9442	0.718443
XM_011541730.2	1983	1755.29	0	0
XM_011541731.2	1971	1743.29	0	0
XM_011541736.4	1769	1541.29	0	0
XM_011541739.3	2776	2548.29	7.24075	0.127872
XM_011541740.3	2610	2382.29	0	0
XM_011541741.3	1432	1204.29	0	0
XM_011541745.2	4855	4627.29	26.2612	0.255405
XM_011541746.3	1596	1368.29	0	0
XM_011541747.2	1597	1369.29	0	0
XM_011541755.3	4120	3892.29	4.76359	0.0550771
XM_011541760.4	2588	2360.29	0	0
XM_011541763.2	2587	2359.29	15.1414	0.288819
XM_011541766.3	4689	4461.29	71.6651	0.722919
XM_011541772.3	4953	4725.29	0	0
XM_011541773.2	3396	3168.29	0	0
XM_011541774.2	2042	1814.29	0	0
XM_011541775.4	2354	2126.29	1.55392	0.0328887
XM_011541776.2	2103	1875.29	0	0
XM_011541781.3	6177	5949.29	125.69	0.950777
XM_011541783.3	6208	5980.29	16.8429	0.126746
XM_011541786.3	12320	12092.3	10.7159	0.0398807
XM_011541799.4	1145	917.293	0	0
XM_011541800.4	1166	938.293	0	0
XM_011541802.3	1242	1014.29	7.2386	0.321169
XM_011541804.2	1546	1318.29	149.624	5.10777
XM_011541808.3	5177	4949.29	158.281	1.43922
XM_011541810.4	1910	1682.29	0	0
XM_011541812.3	5108	4880.29	0	0
XM_011541825.3	6911	6683.29	0	0
XM_011541826.4	3262	3034.29	34.7628	0.515584
XM_011541827.3	6730	6502.29	0	0
XM_011541828.4	5121	4893.29	0	0
XM_011541829.2	4157	3929.29	4.30512	0.0493075
XM_011541830.3	3299	3071.29	0	0
XM_011541831.3	4634	4406.29	0	0
XM_011541832.2	2954	2726.29	0	0
XM_011541833.2	2915	2687.29	0	0
XM_011541835.2	2882	2654.29	0	0
XM_011541858.3	4680	4452.29	33.3503	0.337099
XM_011541861.4	2793	2565.29	0	0
XM_011541862.2	5557	5329.29	0	0
XM_011541865.3	5528	5300.29	69.7352	0.592099
XM_011541869.2	2784	2556.29	0	0
XM_011541870.3	2647	2419.29	1	0.0186017
XM_011541871.4	7823	7595.29	0	0
XM_011541872.4	7809	7581.29	0	0
XM_011541873.3	7907	7679.29	173.358	1.01593
XM_011541874.3	3360	3132.29	0	0
XM_011541876.3	12053	11825.3	0	0
XM_011541877.2	2811	2583.29	27.0668	0.471527
XM_011541878.3	778	550.487	0	0
XM_011541879.3	3970	3742.29	4.26074e-08	5.12376e-10
XM_011541880.3	4990	4762.29	0	0
XM_011541885.4	6107	5879.29	0	0
XM_011541886.4	10861	10633.3	73.6534	0.311722
XM_011541887.4	7903	7675.29	0	0
XM_011541888.4	1725	1497.29	0	0
XM_011541889.4	1648	1420.29	0	0
XM_011541895.2	1963	1735.29	0	0
XM_011541896.2	1642	1414.29	0	0
XM_011541935.3	6317	6089.29	33.7754	0.249618
XM_011541937.3	4651	4423.29	0	0
XM_011541946.2	1818	1590.29	0	0
XM_011541950.3	3794	3566.29	1482.14	18.7031
XM_011541951.4	2210	1982.29	250.718	5.69194
XM_011541955.2	1118	890.293	0	0
XM_011541956.2	829	601.427	0	0
XM_011541957.2	2665	2437.29	46.9837	0.867524
XM_011541960.3	2972	2744.29	62.3942	1.02319
XM_011541961.3	4381	4153.29	42.1118	0.456303
XM_011541962.3	4608	4380.29	41.092	0.422178
XM_011541963.3	1342	1114.29	22.2571	0.898901
XM_011541971.2	899	671.361	0	0
XM_011541973.3	1736	1508.29	13.0796	0.390258
XM_011541974.3	2612	2384.29	0	0
XM_011541976.3	2564	2336.29	0	0
XM_011541980.4	2727	2499.29	2.63059	0.0473673
XM_011541981.3	2167	1939.29	0	0
XM_011541984.3	2048	1820.29	7.97071	0.19706
XM_011541985.3	1690	1462.29	4.91041	0.151121
XM_011541986.4	1292	1064.29	5.48437	0.231904
XM_011541988.3	2644	2416.29	0	0
XM_011541991.3	5119	4891.29	18.1425	0.166923
XM_011541992.3	5102	4874.29	4.79247	0.0442476
XM_011541994.3	4965	4737.29	488.745	4.64296
XM_011541998.3	4824	4596.29	60.5327	0.592686
XM_011542001.2	4768	4540.29	0	0
XM_011542002.3	2029	1801.29	4.04411	0.101037
XM_011542004.1	983	755.293	0	0
XM_011542009.3	2855	2627.29	5.05274	0.0865487
XM_011542012.3	4875	4647.29	0	0
XM_011542017.3	1979	1751.29	5.31066e-08	1.36468e-09
XM_011542021.4	4900	4672.29	0	0
XM_011542022.3	1630	1402.29	0	0
XM_011542024.3	4901	4673.29	0	0
XM_011542025.3	1901	1673.29	0	0
XM_011542032.4	3268	3040.29	0	0
XM_011542034.4	3258	3030.29	0	0
XM_011542035.4	3227	2999.29	0	0
XM_011542036.4	3123	2895.29	0	0
XM_011542037.3	2620	2392.29	0	0
XM_011542038.2	2716	2488.29	0	0
XM_011542039.2	1909	1681.29	0	0
XM_011542053.4	1314	1086.29	25.4943	1.05618
XM_011542060.3	3756	3528.29	53.6399	0.684173
XM_011542063.3	3690	3462.29	26.3406	0.342376
XM_011542074.3	1516	1288.29	0	0
XM_011542076.3	1438	1210.29	0	0
XM_011542077.3	954	726.293	0	0
XM_011542079.3	2380	2152.29	0	0
XM_011542083.4	949	721.293	0	0
XM_011542084.4	1079	851.293	0	0
XM_011542085.4	2534	2306.29	0	0
XM_011542087.4	2556	2328.29	4.70194	0.0908828
XM_011542090.4	9233	9005.29	73.6128	0.367873
XM_011542098.3	2006	1778.29	0	0
XM_011542113.4	1409	1181.29	1.48867	0.0567129
XM_011542126.4	1585	1357.29	7.87346	0.261056
XM_011542132.3	2246	2018.29	0	0
XM_011542133.3	2243	2015.29	0	0
XM_011542134.4	2191	1963.29	0	0
XM_011542135.4	2218	1990.29	0	0
XM_011542137.3	2809	2581.29	23.6828	0.412894
XM_011542141.4	4278	4050.29	0	0
XM_011542143.2	2922	2694.29	0	0
XM_011542147.4	5632	5404.29	0	0
XM_011542148.3	3198	2970.29	9.00512	0.136437
XM_011542161.3	3730	3502.29	0	0
XM_011542162.3	3718	3490.29	7.14192e-06	9.20864e-08
XM_011542163.4	4115	3887.29	0	0
XM_011542166.4	6995	6767.29	0	0
XM_011542167.4	3928	3700.29	26.5235	0.32258
XM_011542189.2	2940	2712.29	10.6513	0.176729
XM_011542190.3	3125	2897.29	0	0
XM_011542191.3	2035	1807.29	1001.54	24.9391
XM_011542198.3	2734	2506.29	0	0
XM_011542200.3	3015	2787.29	17.7913	0.287254
XM_011542203.2	3159	2931.29	0	0
XM_011542206.3	2121	1893.29	0	0
XM_011542212.3	1827	1599.29	14.9999	0.422088
XM_011542216.4	3211	2983.29	86.865	1.31036
XM_011542225.4	717	489.852	0	0
XM_011542228.4	1790	1562.29	0.161401	0.00464929
XM_011542231.1	4680	4452.29	0	0
XM_011542232.1	4653	4425.29	0	0
XM_011542233.3	4103	3875.29	0	0
XM_011542236.3	2727	2499.29	0	0
XM_011542237.1	2388	2160.29	0	0
XM_011542238.4	1831	1603.29	0	0
XM_011542241.4	1658	1430.29	59.4114	1.86933
XM_011542244.2	4242	4014.29	0	0
XM_011542258.4	5664	5436.29	73.9366	0.612067
XM_011542260.4	6487	6259.29	1.30943	0.00941454
XM_011542261.4	5829	5601.29	0.0157875	0.000126843
XM_011542264.2	4059	3831.29	48.3917	0.568418
XM_011542267.4	3154	2926.29	141.207	2.1716
XM_011542268.3	3078	2850.29	284.212	4.4874
XM_011542273.4	2094	1866.29	0	0
XM_011542282.3	7178	6950.29	0	0
XM_011542283.3	13864	13636.3	24.4361	0.0806451
XM_011542291.2	10233	10005.3	0	0
XM_011542292.2	10173	9945.29	0	0
XM_011542297.4	1483	1255.29	0	0
XM_011542301.3	3921	3693.29	14.0738	0.171491
XM_011542308.3	3073	2845.29	0	0
XM_011542310.3	2443	2215.29	0	0
XM_011542319.4	1301	1073.29	0	0
XM_011542321.4	4073	3845.29	8.51208	0.0996205
XM_011542322.3	4073	3845.29	0	0
XM_011542327.3	7227	6999.29	22.4635	0.144433
XM_011542328.3	7218	6990.29	0.735226	0.00473334
XM_011542330.3	5729	5501.29	52.6373	0.430597
XM_011542347.3	2120	1892.29	60.7368	1.44446
XM_011542351.2	4181	3953.29	0	0
XM_011542370.3	6695	6467.29	0	0
XM_011542371.3	6261	6033.29	0	0
XM_011542383.3	1954	1726.29	3.98873	0.103983
XM_011542397.4	3329	3101.29	0	0
XM_011542398.3	2947	2719.29	7.22703	0.119604
XM_011542399.3	3966	3738.29	98.6082	1.18709
XM_011542400.3	1213	985.293	4.98292	0.227594
XM_011542403.3	2632	2404.29	0	0
XM_011542413.3	2497	2269.29	0	0
XM_011542435.2	3370	3142.29	0	0
XM_011542437.3	4948	4720.29	309.126	2.94719
XM_011542439.3	8840	8612.29	0	0
XM_011542441.4	3757	3529.29	0	0
XM_011542443.3	3734	3506.29	0	0
XM_011542445.3	2572	2344.29	0	0
XM_011542448.4	1933	1705.29	0	0
XM_011542463.1	5056	4828.29	1402.31	13.0705
XM_011542464.3	5842	5614.29	14.2857	0.114512
XM_011542466.2	6098	5870.29	11.2674	0.0863783
XM_011542490.4	3058	2830.29	0	0
XM_011542491.3	3516	3288.29	0	0
XM_011542492.3	3367	3139.29	0	0
XM_011542493.4	3028	2800.29	0	0
XM_011542494.4	2996	2768.29	0	0
XM_011542498.3	5004	4776.29	0	0
XM_011542499.3	8653	8425.29	114.979	0.614153
XM_011542500.3	7270	7042.29	0	0
XM_011542512.4	3618	3390.29	0	0
XM_011542514.3	1944	1716.29	0	0
XM_011542515.3	2020	1792.29	1.31379	0.0329883
XM_011542516.2	1075	847.293	0	0
XM_011542517.2	1072	844.293	0	0
XM_011542519.3	2024	1796.29	0.0618255	0.00154893
XM_011542522.3	1008	780.293	2.6828	0.154729
XM_011542538.1	2343	2115.29	2	0.0425502
XM_011542555.3	5065	4837.29	74.7432	0.695363
XM_011542560.3	3073	2845.29	62.4532	0.987802
XM_011542565.4	1613	1385.29	30.1706	0.980132
XM_011542566.3	4120	3892.29	0	0
XM_011542567.3	4387	4159.29	0	0
XM_011542568.3	4084	3856.29	0	0
XM_011542569.3	3709	3481.29	0	0
XM_011542570.3	3673	3445.29	0	0
XM_011542571.3	3225	2997.29	0	0
XM_011542572.1	2162	1934.29	1.00373	0.0233527
XM_011542573.1	2098	1870.29	0	0
XM_011542574.3	2222	1994.29	0	0
XM_011542596.4	5730	5502.29	0	0
XM_011542597.4	5618	5390.29	0	0
XM_011542598.4	4801	4573.29	0	0
XM_011542599.4	5559	5331.29	0	0
XM_011542604.3	3089	2861.29	3.80719	0.0598803
XM_011542610.3	4090	3862.29	0	0
XM_011542612.2	3443	3215.29	48.5427	0.679432
XM_011542614.2	9495	9267.29	0	0
XM_011542615.3	11577	11349.3	0	0
XM_011542616.3	7728	7500.29	1.88031e-06	1.12822e-08
XM_011542618.3	3875	3647.29	2.73589	0.0337575
XM_011542620.4	1721	1493.29	16.0313	0.483132
XM_011542621.3	4617	4389.29	190.217	1.95028
XM_011542626.3	8949	8721.29	0	0
XM_011542628.3	27750	27522.3	48.1066	0.0786616
XM_011542629.3	2710	2482.29	0	0
XM_011542630.2	2774	2546.29	0	0
XM_011542631.3	2923	2695.29	0	0
XM_011542632.4	2050	1822.29	0	0
XM_011542633.3	2490	2262.29	0	0
XM_011542635.3	2329	2101.29	0	0
XM_011542636.3	1951	1723.29	0	0
XM_011542637.3	1289	1061.29	0	0
XM_011542638.3	1913	1685.29	0	0
XM_011542641.3	1129	901.293	0	0
XM_011542643.3	1009	781.293	0	0
XM_011542648.3	1870	1642.29	8.95726	0.245452
XM_011542650.2	5340	5112.29	44.6179	0.392768
XM_011542674.2	7679	7451.29	0	0
XM_011542696.3	10372	10144.3	0	0
XM_011542698.3	10084	9856.29	0	0
XM_011542700.3	10187	9959.29	0	0
XM_011542701.3	3702	3474.29	0	0
XM_011542702.2	3699	3471.29	0	0
XM_011542703.3	6673	6445.29	0	0
XM_011542704.3	6640	6412.29	0	0
XM_011542705.3	6628	6400.29	0	0
XM_011542706.3	6595	6367.29	0	0
XM_011542707.3	6544	6316.29	0	0
XM_011542708.4	5934	5706.29	0	0
XM_011542709.3	6086	5858.29	0	0
XM_011542710.3	6502	6274.29	0	0
XM_011542714.3	3448	3220.29	40.0377	0.559521
XM_011542715.4	3373	3145.29	925.902	13.2479
XM_011542720.3	9727	9499.29	0.0218568	0.000103547
XM_011542722.2	6184	5956.29	66.9276	0.505675
XM_011542723.3	6237	6009.29	4.17732	0.0312836
XM_011542724.3	6091	5863.29	88.9386	0.682639
XM_011542725.3	5971	5743.29	0	0
XM_011542726.2	2563	2335.29	51.9665	1.00144
XM_011542733.2	2343	2115.29	0	0
XM_011542734.3	2373	2145.29	54.7336	1.14818
XM_011542735.4	2173	1945.29	0	0
XM_011542736.3	2518	2290.29	0	0
XM_011542737.3	2488	2260.29	0	0
XM_011542738.2	4541	4313.29	0	0
XM_011542739.3	3322	3094.29	0	0
XM_011542740.3	3180	2952.29	0	0
XM_011542741.4	3033	2805.29	0	0
XM_011542742.4	3287	3059.29	0	0
XM_011542743.3	5330	5102.29	0	0
XM_011542744.3	3645	3417.29	0.00500464	6.59072e-05
XM_011542750.4	1838	1610.29	42.4596	1.18662
XM_011542753.3	2446	2218.29	0	0
XM_011542756.3	7703	7475.29	236.786	1.42551
XM_011542777.4	22388	22160.3	18.2753	0.0371135
XM_011542782.4	4139	3911.29	0	0
XM_011542784.3	5513	5285.29	0	0
XM_011542786.3	4849	4621.29	0	0
XM_011542787.3	6768	6540.29	4.63419	0.0318874
XM_011542792.2	7968	7740.29	5.71411e-08	3.32226e-10
XM_011542796.2	1357	1129.29	0	0
XM_011542798.2	2307	2079.29	388.164	8.40121
XM_011542802.4	1006	778.293	0	0
XM_011542804.3	1155	927.293	2	0.0970633
XM_011542805.2	1124	896.293	0	0
XM_011542807.4	4717	4489.29	22.7985	0.228544
XM_011542810.4	6545	6317.29	0	0
XM_011542817.3	6064	5836.29	15.0127	0.115761
XM_011542818.3	5923	5695.29	22.9873	0.181641
XM_011542828.3	4430	4202.29	20.004	0.214227
XM_011542829.3	16699	16471.3	20.1282	0.0549944
XM_011542830.3	16696	16468.3	78.6268	0.214864
XM_011542833.3	14182	13954.3	117.441	0.378752
XM_011542834.3	3122	2894.29	0	0
XM_011542835.3	3210	2982.29	0	0
XM_011542837.3	7111	6883.29	0	0
XM_011542839.3	1654	1426.29	0	0
XM_011542840.4	13953	13725.3	76.9225	0.252217
XM_011542842.4	12750	12522.3	6.56981e-07	2.36108e-09
XM_011542843.3	8923	8695.29	112.893	0.584288
XM_011542844.4	12336	12108.3	0.000162167	6.02728e-07
XM_011542854.3	6140	5912.29	36.2118	0.275636
XM_011542862.4	8334	8106.29	0	0
XM_011542863.3	8176	7948.29	0	0
XM_011542864.3	8304	8076.29	0	0
XM_011542865.3	8075	7847.29	0	0
XM_011542869.3	7103	6875.29	2.6587	0.0174028
XM_011542870.3	3855	3627.29	4.09281	0.0507787
XM_011542871.2	6277	6049.29	0	0
XM_011542873.2	2966	2738.29	0	0
XM_011542875.2	2940	2712.29	0	0
XM_011542876.3	1518	1290.29	0	0
XM_011542879.3	1146	918.293	0	0
XM_011542880.3	1138	910.293	0	0
XM_011542881.3	2041	1813.29	0	0
XM_011542882.3	1980	1752.29	0	0
XM_011542883.3	2300	2072.29	0	0
XM_011542897.3	1357	1129.29	0.126947	0.00505891
XM_011542900.3	2320	2092.29	0	0
XM_011542901.3	1723	1495.29	0	0
XM_011542902.3	1624	1396.29	0	0
XM_011542903.4	1278	1050.29	0	0
XM_011542904.3	1154	926.293	0	0
XM_011542905.4	5876	5648.29	0	0
XM_011542906.4	5723	5495.29	23.3105	0.190899
XM_011542907.1	1001	773.293	5.06296	0.294647
XM_011542909.1	986	758.293	0	0
XM_011542911.3	1667	1439.29	0	0
XM_011542912.3	6266	6038.29	84.4552	0.62944
XM_011542917.3	6891	6663.29	0	0
XM_011542918.2	6712	6484.29	0	0
XM_011542919.2	5573	5345.29	0	0
XM_011542921.2	5177	4949.29	0	0
XM_011542924.3	5094	4866.29	0	0
XM_011542925.2	5769	5541.29	0	0
XM_011542926.3	3424	3196.29	0	0
XM_011542929.3	3417	3189.29	0	0
XM_011542931.3	3148	2920.29	8.73455	0.134603
XM_011542933.2	7857	7629.29	0.582333	0.00343502
XM_011542948.3	1747	1519.29	0	0
XM_011542949.3	1714	1486.29	0	0
XM_011542950.4	1637	1409.29	0	0
XM_011542952.3	3865	3637.29	0	0
XM_011542955.3	1201	973.293	0	0
XM_011542957.4	2699	2471.29	9.93785	0.180972
XM_011542968.4	4215	3987.29	0	0
XM_011542970.3	2156	1928.29	0	0
XM_011542972.2	4659	4431.29	147.618	1.49917
XM_011542973.2	4769	4541.29	0	0
XM_011542975.2	4932	4704.29	77.7238	0.743536
XM_011542977.4	2024	1796.29	0	0
XM_011542978.4	833	605.427	13.5032	1.00373
XM_011542980.2	3653	3425.29	0	0
XM_011542984.4	3864	3636.29	0	0
XM_011542987.4	2799	2571.29	165.359	2.89414
XM_011542988.4	2675	2447.29	0	0
XM_011543001.3	2648	2420.29	0	0
XM_011543002.3	2766	2538.29	0	0
XM_011543005.3	2262	2034.29	0	0
XM_011543013.3	1831	1603.29	19.0833	0.535652
XM_011543019.2	1121	893.293	19.7031	0.992618
XM_011543022.4	4199	3971.29	31.1994	0.353554
XM_011543023.4	6362	6134.29	0	0
XM_011543026.3	3738	3510.29	0	0
XM_011543027.3	3995	3767.29	0	0
XM_011543030.4	3660	3432.29	0	0
XM_011543032.4	3624	3396.29	0	0
XM_011543035.3	3027	2799.29	13.4063	0.215527
XM_011543038.3	1284	1056.29	0	0
XM_011543039.3	2035	1807.29	127.663	3.17891
XM_011543041.3	6550	6322.29	0	0
XM_011543043.1	1594	1366.29	1	0.0329381
XM_011543044.3	1616	1388.29	0	0
XM_011543047.2	8138	7910.29	62.779	0.357161
XM_011543048.2	8099	7871.29	5.78876	0.0330965
XM_011543049.2	7994	7766.29	46.6645	0.270405
XM_011543053.3	6588	6360.29	0.000919368	6.50511e-06
XM_011543069.3	2278	2050.29	551.446	12.104
XM_011543070.2	2079	1851.29	59.9304	1.45685
XM_011543072.3	10344	10116.3	110.341	0.490858
XM_011543073.3	10076	9848.29	0	0
XM_011543075.3	9224	8996.29	0	0
XM_011543076.4	5300	5072.29	41.7704	0.370601
XM_011543090.4	7875	7647.29	0	0
XM_011543094.3	1212	984.293	0	0
XM_011543099.3	2344	2116.29	158.085	3.36169
XM_011543101.4	3513	3285.29	0	0
XM_011543108.3	4259	4031.29	0	0
XM_011543113.4	7326	7098.29	33.1027	0.209871
XM_011543114.4	6905	6677.29	0	0
XM_011543117.3	6568	6340.29	131.281	0.931824
XM_011543121.3	5779	5551.29	29.7155	0.240897
XM_011543123.3	5428	5200.29	79.6579	0.689356
XM_011543124.3	5212	4984.29	3.05346e-05	2.75696e-07
XM_011543125.2	5067	4839.29	284.382	2.64462
XM_011543131.4	4197	3969.29	9.26974	0.105098
XM_011543139.3	1745	1517.29	11.3072	0.335372
XM_011543140.4	1357	1129.29	0	0
XM_011543142.3	8595	8367.29	0	0
XM_011543145.2	7691	7463.29	0	0
XM_011543146.3	4142	3914.29	0	0
XM_011543147.3	2577	2349.29	0	0
XM_011543148.3	2445	2217.29	0	0
XM_011543150.2	1846	1618.29	0	0
XM_011543154.4	1484	1256.29	0	0
XM_011543156.2	1187	959.293	0	0
XM_011543158.3	2008	1780.29	30.1475	0.762083
XM_011543160.2	2087	1859.29	36.4056	0.881175
XM_011543168.3	4999	4771.29	0	0
XM_011543171.4	11036	10808.3	72.4938	0.301846
XM_011543174.2	2900	2672.29	9.39252	0.158176
XM_011543176.2	2715	2487.29	7.37729	0.133479
XM_011543177.2	2697	2469.29	0	0
XM_011543178.2	2634	2406.29	0	0
XM_011543180.2	2502	2274.29	5.24786	0.103843
XM_011543183.2	2439	2211.29	0	0
XM_011543185.3	4937	4709.29	0	0
XM_011543196.2	1299	1071.29	0	0
XM_011543199.2	1600	1372.29	0	0
XM_011543207.2	1096	868.293	0	0
XM_011543209.2	1247	1019.29	0	0
XM_011543210.3	1282	1054.29	0	0
XM_011543213.3	11255	11027.3	0	0
XM_011543214.3	10866	10638.3	15.8745	0.0671537
XM_011543215.3	10717	10489.3	0	0
XM_011543216.3	5241	5013.29	0	0
XM_011543217.3	5238	5010.29	0	0
XM_011543220.4	5245	5017.29	14.1105	0.126565
XM_011543221.4	5334	5106.29	0	0
XM_011543224.3	4900	4672.29	0.00470916	4.53582e-05
XM_011543225.3	5004	4776.29	0	0
XM_011543229.4	5046	4818.29	0	0
XM_011543234.3	2084	1856.29	28.9898	0.702816
XM_011543235.3	1460	1232.29	0	0
XM_011543236.3	1835	1607.29	4.60701	0.128993
XM_011543237.3	1476	1248.29	4.43724	0.15997
XM_011543240.4	2264	2036.29	0	0
XM_011543241.3	738	510.753	0	0
XM_011543244.3	1522	1294.29	0	0
XM_011543245.3	1342	1114.29	0	0
XM_011543246.3	4590	4362.29	0	0
XM_011543249.3	8799	8571.29	2.00074	0.0105048
XM_011543250.4	13240	13012.3	3.89638	0.0134757
XM_011543252.3	5028	4800.29	0.0654632	0.000613722
XM_011543253.3	5007	4779.29	26.6996	0.25141
XM_011543254.3	563	338.802	5.59006	0.742528
XM_011543255.4	5040	4812.29	5.2835	0.0494097
XM_011543256.4	4260	4032.29	0	0
XM_011543258.3	2009	1781.29	12.7416	0.321908
XM_011543259.3	2848	2620.29	5.87849e-06	1.00962e-07
XM_011543260.3	1553	1325.29	0	0
XM_011543269.3	11943	11715.3	0	0
XM_011543270.4	11885	11657.3	0	0
XM_011543276.3	10743	10515.3	0	0
XM_011543279.3	5004	4776.29	281.944	2.65653
XM_011543281.4	10792	10564.3	0	0
XM_011543282.4	11719	11491.3	0	0
XM_011543283.2	5295	5067.29	0	0
XM_011543284.3	5369	5141.29	0	0
XM_011543286.4	5439	5211.29	0	0
XM_011543290.4	4197	3969.29	2090.43	23.7009
XM_011543291.4	6671	6443.29	0	0
XM_011543298.4	6210	5982.29	0	0
XM_011543300.4	6138	5910.29	0	0
XM_011543301.4	6039	5811.29	0	0
XM_011543302.2	5765	5537.29	0	0
XM_011543304.2	6465	6237.29	0	0
XM_011543308.4	2780	2552.29	0	0
XM_011543309.2	1702	1474.29	0	0
XM_011543310.2	1651	1423.29	0	0
XM_011543311.4	1555	1327.29	1.91327	0.0648712
XM_011543318.4	1825	1597.29	0	0
XM_011543324.3	9073	8845.29	0	0
XM_011543325.4	9161	8933.29	0	0
XM_011543327.3	8989	8761.29	0	0
XM_011543328.4	9230	9002.29	0	0
XM_011543329.3	8922	8694.29	4.76586	0.0246689
XM_011543330.3	7844	7616.29	0	0
XM_011543335.3	8606	8378.29	0	0
XM_011543338.4	5836	5608.29	36.5688	0.293442
XM_011543340.3	5673	5445.29	0	0
XM_011543345.3	4996	4768.29	487.804	4.60389
XM_011543346.3	5459	5231.29	102.082	0.878174
XM_011543349.4	2331	2103.29	18.7857	0.401947
XM_011543350.4	2267	2039.29	0.246713	0.00544446
XM_011543352.2	536	313.414	0	0
XM_011543355.3	9953	9725.29	14.9569	0.0692121
XM_011543357.2	4553	4325.29	80.0293	0.832675
XM_011543358.2	5228	5000.29	17.0931	0.15384
XM_011543359.2	4394	4166.29	4.4452	0.0480158
XM_011543360.3	3819	3591.29	0	0
XM_011543363.4	2781	2553.29	33.0902	0.583232
XM_011543364.3	2706	2478.29	0	0
XM_011543365.4	3945	3717.29	0	0
XM_011543366.3	3727	3499.29	0	0
XM_011543369.2	3695	3467.29	0	0
XM_011543370.3	4805	4577.29	1	0.00983181
XM_011543372.2	5269	5041.29	0	0
XM_011543373.4	1039	811.293	0	0
XM_011543379.3	3362	3134.29	21.3	0.305832
XM_011543380.3	2390	2162.29	0	0
XM_011543384.3	11873	11645.3	0	0
XM_011543385.4	9962	9734.29	22.2968	0.103082
XM_011543386.3	9824	9596.29	0	0
XM_011543389.2	3753	3525.29	0	0
XM_011543390.2	5160	4932.29	1505.31	13.7347
XM_011543391.4	1402	1174.29	121.171	4.64371
XM_011543392.4	1499	1271.29	0	0
XM_011543393.3	2034	1806.29	12.1323	0.30227
XM_011543395.4	3204	2976.29	0	0
XM_011543396.4	7338	7110.29	0	0
XM_011543419.4	5426	5198.29	0	0
XM_011543428.2	1549	1321.29	0	0
XM_011543429.3	2329	2101.29	0	0
XM_011543448.2	5407	5179.29	0	0
XM_011543449.2	5676	5448.29	84.4428	0.697501
XM_011543450.2	5369	5141.29	0	0
XM_011543452.3	1551	1323.29	18.0109	0.612522
XM_011543469.2	8227	7999.29	0	0
XM_011543473.2	8018	7790.29	0	0
XM_011543484.3	5886	5658.29	0	0
XM_011543485.3	5706	5478.29	0	0
XM_011543486.4	7176	6948.29	6.81851e-05	4.41625e-07
XM_011543488.3	6508	6280.29	126.213	0.904416
XM_011543489.3	8706	8478.29	8.78556	0.046634
XM_011543490.3	1870	1642.29	147.026	4.0289
XM_011543495.3	2769	2541.29	0	0
XM_011543497.3	2709	2481.29	0	0
XM_011543498.3	3455	3227.29	0	0
XM_011543499.3	3524	3296.29	17.1336	0.233918
XM_011543500.3	3385	3157.29	12.8462	0.183106
XM_011543502.2	2177	1949.29	0	0
XM_011543503.3	2247	2019.29	24.4758	0.545481
XM_011543505.3	3630	3402.29	20.8009	0.275139
XM_011543507.3	1212	984.293	39.299	1.7968
XM_011543509.3	2498	2270.29	0	0
XM_011543510.4	2557	2329.29	16.8047	0.324675
XM_011543511.4	11031	10803.3	31.4475	0.131
XM_011543512.3	10518	10290.3	5.21927	0.0228257
XM_011543520.4	5011	4783.29	0	0
XM_011543522.4	4737	4509.29	0	0
XM_011543523.3	5061	4833.29	0	0
XM_011543529.3	2294	2066.29	0.564723	0.0122995
XM_011543531.4	3126	2898.29	0	0
XM_011543532.3	3991	3763.29	2.91373	0.0348437
XM_011543533.3	3614	3386.29	0	0
XM_011543535.3	1821	1593.29	0	0
XM_011543536.3	1982	1754.29	6.0243	0.154542
XM_011543538.3	1550	1322.29	10.2429	0.348607
XM_011543541.3	1451	1223.29	15.3701	0.565443
XM_011543542.3	1746	1518.29	7.03556	0.208538
XM_011543544.3	5636	5408.29	0	0
XM_011543552.3	3939	3711.29	0	0
XM_011543553.3	4000	3772.29	2.16751	0.0258581
XM_011543555.3	3802	3574.29	0	0
XM_011543556.3	4364	4136.29	0	0
XM_011543557.3	2852	2624.29	0	0
XM_011543559.3	43458	43230.3	83.8233	0.0872607
XM_011543560.3	2893	2665.29	0	0
XM_011543561.3	7953	7725.29	0	0
XM_011543563.3	2604	2376.29	0	0
XM_011543565.4	2381	2153.29	0	0
XM_011543567.4	15744	15516.3	7.60257	0.0220503
XM_011543570.3	2086	1858.29	0	0
XM_011543574.4	2367	2139.29	0	0
XM_011543575.3	2930	2702.29	0	0
XM_011543576.4	6209	5981.29	18.1554	0.136601
XM_011543577.3	29748	29520.3	41.8125	0.0637423
XM_011543578.3	2523	2295.29	5.69208	0.111603
XM_011543579.3	5248	5020.29	0	0
XM_011543580.3	3405	3177.29	0	0
XM_011543581.2	5888	5660.29	0	0
XM_011543582.3	6217	5989.29	18.861	0.14172
XM_011543586.3	5107	4879.29	5.50778	0.0507998
XM_011543588.3	2793	2565.29	3.02105	0.0529984
XM_011543589.3	1958	1730.29	10.0719	0.26196
XM_011543590.3	2495	2267.29	5.60215	0.111196
XM_011543591.3	2741	2513.29	0	0
XM_011543592.4	2738	2510.29	0	0
XM_011543593.3	2967	2739.29	0	0
XM_011543594.3	2747	2519.29	0	0
XM_011543596.2	1215	987.293	0	0
XM_011543597.2	1427	1199.29	0	0
XM_011543599.2	1215	987.293	0	0
XM_011543600.3	1427	1199.29	0	0
XM_011543601.2	1373	1145.29	0	0
XM_011543602.4	1331	1103.29	0	0
XM_011543603.4	1277	1049.29	0	0
XM_011543604.3	1901	1673.29	0	0
XM_011543606.2	3794	3566.29	8.74871e-07	1.104e-08
XM_011543615.2	4417	4189.29	0	0
XM_011543618.3	2443	2215.29	0	0
XM_011543623.3	2140	1912.29	6	0.141201
XM_011543626.2	1652	1424.29	30.8664	0.975279
XM_011543630.3	6027	5799.29	8.43228	0.0654353
XM_011543631.4	7388	7160.29	0	0
XM_011543632.4	7262	7034.29	0	0
XM_011543633.4	2832	2604.29	25.1224	0.434123
XM_011543634.3	8013	7785.29	0	0
XM_011543643.3	7693	7465.29	4.02131	0.0242417
XM_011543649.4	6425	6197.29	0	0
XM_011543650.3	6048	5820.29	0.000236998	1.83249e-06
XM_011543651.4	3944	3716.29	0	0
XM_011543660.3	2728	2500.29	0	0
XM_011543661.3	3110	2882.29	0	0
XM_011543664.1	1185	957.293	0	0
XM_011543666.2	982	754.293	0	0
XM_011543667.3	1386	1158.29	0	0
XM_011543668.4	2027	1799.29	0.360217	0.00900959
XM_011543670.4	1618	1390.29	0.206295	0.00667765
XM_011543671.4	21572	21344.3	39.0371	0.0823072
XM_011543680.3	5370	5142.29	97.6201	0.854328
XM_011543691.4	2140	1912.29	21.2872	0.500963
XM_011543694.1	7401	7173.29	0	0
XM_011543696.4	5029	4801.29	644.969	6.04537
XM_011543697.4	4875	4647.29	0	0
XM_011543698.2	2235	2007.29	0	0
XM_011543726.4	8572	8344.29	0	0
XM_011543727.4	6041	5813.29	135.502	1.04898
XM_011543730.4	1846	1618.29	17.4055	0.484028
XM_011543734.4	937	709.293	12.1143	0.768626
XM_011543735.4	934	706.293	7.80116e-05	4.97068e-06
XM_011543737.3	3789	3561.29	0	0
XM_011543738.3	3837	3609.29	0	0
XM_011543739.2	3779	3551.29	0	0
XM_011543741.3	3824	3596.29	0	0
XM_011543743.3	4425	4197.29	0	0
XM_011543745.2	4284	4056.29	0	0
XM_011543749.3	3232	3004.29	0	0
XM_011543750.2	2586	2358.29	0	0
XM_011543758.3	2102	1874.29	236.329	5.67443
XM_011543759.4	2294	2066.29	0	0
XM_011543760.3	2104	1876.29	12.2509	0.293839
XM_011543761.3	2050	1822.29	0	0
XM_011543763.2	1579	1351.29	0	0
XM_011543765.3	3306	3078.29	0	0
XM_011543766.2	3120	2892.29	0	0
XM_011543767.2	3024	2796.29	0	0
XM_011543793.3	1232	1004.29	0	0
XM_011543794.3	1524	1296.29	0	0
XM_011543796.3	1848	1620.29	0	0
XM_011543797.3	1634	1406.29	0	0
XM_011543804.4	737	509.753	0.104088	0.00918934
XM_011543811.3	2174	1946.29	0	0
XM_011543821.3	13785	13557.3	15.6104	0.0518184
XM_011543822.3	1365	1137.29	5.29123	0.209376
XM_011543823.3	1964	1736.29	8.5616	0.221909
XM_011543824.2	2293	2065.29	0	0
XM_011543825.4	2384	2156.29	0	0
XM_011543827.2	2169	1941.29	0	0
XM_011543828.4	1244	1016.29	0	0
XM_011543829.4	1241	1013.29	0	0
XM_011543831.3	6680	6452.29	42.4084	0.295788
XM_011543837.2	4808	4580.29	0	0
XM_011543838.4	3965	3737.29	0	0
XM_011543840.4	3982	3754.29	0	0
XM_011543842.4	2603	2375.29	0	0
XM_011543843.4	2542	2314.29	0	0
XM_011543845.4	4514	4286.29	77.0834	0.809322
XM_011543846.4	4459	4231.29	18.1733	0.193287
XM_011543849.3	1764	1536.29	3.40556	0.0997602
XM_011543850.4	4628	4400.29	69.5952	0.71177
XM_011543852.4	4134	3906.29	4.83633	0.0557177
XM_011543868.3	3763	3535.29	10.7805	0.137232
XM_011543870.3	3754	3526.29	6.52188e-06	8.32332e-08
XM_011543877.3	3607	3379.29	0.02326	0.00030976
XM_011543878.4	3774	3546.29	0	0
XM_011543879.4	3325	3097.29	1.69488	0.0246263
XM_011543880.4	3358	3130.29	6.45508	0.0928024
XM_011543884.3	1114	886.293	7.62019	0.386929
XM_011543885.3	747	519.701	0	0
XM_011543892.3	6743	6515.29	5.05829	0.0349391
XM_011543896.3	495	275.303	0	0
XM_011543904.3	9703	9475.29	0	0
XM_011543920.4	2698	2470.29	0	0
XM_011543921.2	2881	2653.29	0	0
XM_011543922.2	2869	2641.29	0	0
XM_011543923.3	2799	2571.29	0	0
XM_011543924.3	2862	2634.29	0	0
XM_011543925.3	2944	2716.29	124.947	2.07009
XM_011543926.2	4533	4305.29	387.838	4.05405
XM_011543929.3	6360	6132.29	35.9303	0.263682
XM_011543930.2	6337	6109.29	21.71	0.159923
XM_011543931.3	6477	6249.29	5.1327	0.0369622
XM_011543932.3	2724	2496.29	0.233256	0.00420512
XM_011543934.3	2160	1932.29	6.65278	0.154943
XM_011543943.4	4052	3824.29	0	0
XM_011543949.3	713	485.852	0.161518	0.014961
XM_011543954.2	3619	3391.29	167.514	2.22294
XM_011543969.4	5965	5737.29	1.56763e-07	1.22965e-09
XM_011543972.4	5911	5683.29	0	0
XM_011543974.3	4246	4018.29	305.32	3.41945
XM_011543977.3	1765	1537.29	0	0
XM_011543978.4	6304	6076.29	0	0
XM_011543983.3	5823	5595.29	0	0
XM_011543990.3	5334	5106.29	40.5302	0.357203
XM_011543993.3	8313	8085.29	15.068	0.0838689
XM_011543994.3	8277	8049.29	54.0128	0.301982
XM_011543995.3	8244	8016.29	32.715	0.183661
XM_011543996.3	8208	7980.29	6.60294	0.0372358
XM_011543997.4	7833	7605.29	0	0
XM_011543998.3	669	442.629	0	0
XM_011544001.3	5082	4854.29	0	0
XM_011544002.3	4835	4607.29	0	0
XM_011544004.3	1154	926.293	0	0
XM_011544005.3	1154	926.293	0	0
XM_011544009.3	625	399.259	0	0
XM_011544014.3	6482	6254.29	0	0
XM_011544017.2	2516	2288.29	0	0
XM_011544018.2	2438	2210.29	0	0
XM_011544019.3	2327	2099.29	0	0
XM_011544031.2	13638	13410.3	0	0
XM_011544032.2	14101	13873.3	0	0
XM_011544033.3	15425	15197.3	0	0
XM_011544035.3	10323	10095.3	0	0
XM_011544036.3	13570	13342.3	0	0
XM_011544037.3	13948	13720.3	0	0
XM_011544039.3	7939	7711.29	0	0
XM_011544043.3	9512	9284.29	0	0
XM_011544044.3	9283	9055.29	0	0
XM_011544047.3	9052	8824.29	0	0
XM_011544058.3	14083	13855.3	0	0
XM_011544059.3	14038	13810.3	0	0
XM_011544061.3	13981	13753.3	8.00491	0.0261934
XM_011544062.3	13930	13702.3	0	0
XM_011544063.3	13927	13699.3	0	0
XM_011544064.3	13918	13690.3	0	0
XM_011544065.3	13894	13666.3	0	0
XM_011544066.3	13870	13642.3	0	0
XM_011544067.3	13858	13630.3	0	0
XM_011544069.3	13732	13504.3	0	0
XM_011544070.3	13708	13480.3	0	0
XM_011544071.3	13558	13330.3	0	0
XM_011544072.3	12769	12541.3	0	0
XM_011544073.3	14933	14705.3	6.82836	0.0208971
XM_011544074.3	12170	11942.3	2.12912	0.00802333
XM_011544076.2	10822	10594.3	0	0
XM_011544081.2	8505	8277.29	0	0
XM_011544086.4	4464	4236.29	0	0
XM_011544087.3	2946	2718.29	1	0.0165556
XM_011544091.2	2575	2347.29	0	0
XM_011544092.3	2573	2345.29	0	0
XM_011544095.4	779	551.487	0	0
XM_011544110.4	4993	4765.29	28.1057	0.265428
XM_011544111.2	5253	5025.29	0	0
XM_011544112.2	4697	4469.29	15.4049	0.155118
XM_011544114.3	4440	4212.29	61.6684	0.658849
XM_011544115.3	8781	8553.29	0	0
XM_011544116.3	8609	8381.29	0	0
XM_011544119.3	8780	8552.29	0	0
XM_011544120.3	7953	7725.29	0	0
XM_011544121.3	7914	7686.29	0	0
XM_011544122.4	9377	9149.29	0	0
XM_011544124.3	1428	1200.29	0	0
XM_011544125.3	1175	947.293	0	0
XM_011544128.3	1158	930.293	0	0
XM_011544129.4	1332	1104.29	0	0
XM_011544130.3	1255	1027.29	0	0
XM_011544133.3	1787	1559.29	0.00500204	0.000144365
XM_011544135.4	4620	4392.29	0	0
XM_011544136.2	3094	2866.29	169.18	2.65626
XM_011544138.3	4335	4107.29	0	0
XM_011544139.3	3387	3159.29	0	0
XM_011544142.4	3530	3302.29	3.57271	0.0486882
XM_011544156.3	8742	8514.29	0	0
XM_011544157.4	8529	8301.29	17.9649	0.0973918
XM_011544159.3	2724	2496.29	0	0
XM_011544161.4	3651	3423.29	0	0
XM_011544162.2	2748	2520.29	0	0
XM_011544164.3	2776	2548.29	0.000551414	9.73801e-06
XM_011544167.2	4681	4453.29	6.37885	0.0644619
XM_011544169.3	2031	1803.29	0	0
XM_011544173.3	1672	1444.29	0	0
XM_011544175.3	1203	975.293	0	0
XM_011544184.3	2300	2072.29	0	0
XM_011544185.4	4225	3997.29	6.46379	0.0727719
XM_011544188.4	3913	3685.29	72.0932	0.880368
XM_011544194.4	10343	10115.3	167.831	0.746684
XM_011544196.1	2978	2750.29	95.469	1.56216
XM_011544203.4	3900	3672.29	130.014	1.59329
XM_011544205.4	5783	5555.29	22.1954	0.179803
XM_011544206.4	3801	3573.29	0	0
XM_011544207.3	5701	5473.29	0	0
XM_011544209.4	2308	2080.29	0	0
XM_011544210.4	2180	1952.29	0	0
XM_011544211.4	2102	1874.29	0	0
XM_011544212.4	5855	5627.29	0	0
XM_011544220.3	1881	1653.29	0	0
XM_011544221.3	1878	1650.29	0	0
XM_011544222.2	1845	1617.29	0	0
XM_011544227.2	1977	1749.29	0	0
XM_011544229.3	13691	13463.3	0.144393	0.000482654
XM_011544237.4	5838	5610.29	0	0
XM_011544238.2	3019	2791.29	0	0
XM_011544239.3	3044	2816.29	0	0
XM_011544248.2	1481	1253.29	32.8681	1.18022
XM_011544249.3	4296	4068.29	172.815	1.91167
XM_011544254.3	1144	916.293	5.0816	0.249579
XM_011544257.2	1226	998.293	11.4247	0.515026
XM_011544259.4	1128	900.293	0	0
XM_011544261.4	1059	831.293	0	0
XM_011544262.4	2337	2109.29	20.7243	0.442165
XM_011544263.3	5134	4906.29	0	0
XM_011544266.2	2175	1947.29	0	0
XM_011544268.3	4484	4256.29	20.3019	0.214658
XM_011544269.3	4012	3784.29	0	0
XM_011544271.3	4004	3776.29	0	0
XM_011544272.4	2625	2397.29	0	0
XM_011544276.3	2536	2308.29	46.7736	0.911911
XM_011544278.3	5129	4901.29	4.30422	0.0395209
XM_011544285.4	2479	2251.29	62.3121	1.24561
XM_011544300.3	1132	904.293	0	0
XM_011544301.2	1530	1302.29	9.61874	0.332393
XM_011544307.4	11146	10918.3	0	0
XM_011544308.4	11065	10837.3	0	0
XM_011544309.4	11008	10780.3	0	0
XM_011544321.3	3344	3116.29	280.884	4.05631
XM_011544322.2	3409	3181.29	5.35713	0.0757828
XM_011544323.3	3449	3221.29	309.132	4.31873
XM_011544324.3	3332	3104.29	0.000410716	5.95417e-06
XM_011544325.2	2074	1846.29	6.34288	0.154607
XM_011544330.4	3918	3690.29	0	0
XM_011544334.4	7275	7047.29	0	0
XM_011544335.4	7749	7521.29	385.517	2.30671
XM_011544336.3	8324	8096.29	0.00114868	6.3849e-06
XM_011544337.4	7245	7017.29	0	0
XM_011544338.4	7194	6966.29	0	0
XM_011544339.4	7167	6939.29	0	0
XM_011544340.4	7137	6909.29	0	0
XM_011544341.4	7089	6861.29	3.4781e-08	2.28128e-10
XM_011544342.4	7086	6858.29	0	0
XM_011544343.4	6798	6570.29	25.576	0.175182
XM_011544344.4	6795	6567.29	0	0
XM_011544365.4	5718	5490.29	42.4527	0.347978
XM_011544367.4	6932	6704.29	0	0
XM_011544368.4	6936	6708.29	0	0
XM_011544369.3	2194	1966.29	0	0
XM_011544371.4	6266	6038.29	0	0
XM_011544384.3	5630	5402.29	0	0
XM_011544385.3	5552	5324.29	1.31766e-06	1.11374e-08
XM_011544386.3	5808	5580.29	0	0
XM_011544390.3	2117	1889.29	0	0
XM_011544400.3	9116	8888.29	0	0
XM_011544401.4	9110	8882.29	0	0
XM_011544402.3	8981	8753.29	0	0
XM_011544404.3	8942	8714.29	0	0
XM_011544408.3	3095	2867.29	12.462	0.195595
XM_011544410.3	2301	2073.29	51.1302	1.10984
XM_011544412.4	2226	1998.29	0	0
XM_011544421.3	3795	3567.29	0	0
XM_011544422.3	13278	13050.3	203.729	0.702547
XM_011544424.3	3620	3392.29	0	0
XM_011544426.3	3579	3351.29	0	0
XM_011544427.3	2533	2305.29	0	0
XM_011544429.3	3956	3728.29	0	0
XM_011544431.3	1502	1274.29	0	0
XM_011544432.2	1562	1334.29	4.58973	0.154803
XM_011544433.3	2485	2257.29	0	0
XM_011544434.3	2305	2077.29	0	0
XM_011544440.4	8127	7899.29	192.248	1.09526
XM_011544441.3	4051	3823.29	0.25235	0.00297035
XM_011544442.4	4525	4297.29	7.49407	0.0784811
XM_011544456.3	8480	8252.29	184.699	1.00724
XM_011544457.2	8806	8578.29	0	0
XM_011544458.2	8743	8515.29	0	0
XM_011544459.4	8818	8590.29	0	0
XM_011544460.4	8811	8583.29	0	0
XM_011544479.1	2232	2004.29	0	0
XM_011544480.1	2142	1914.29	0	0
XM_011544481.3	7013	6785.29	18.4488	0.12236
XM_011544482.3	6941	6713.29	349.175	2.34072
XM_011544483.3	6854	6626.29	389.699	2.64667
XM_011544484.3	4426	4198.29	0	0
XM_011544488.3	1369	1141.29	0	0
XM_011544508.3	2891	2663.29	16.6916	0.282046
XM_011544509.3	1645	1417.29	11.4161	0.362492
XM_011544510.2	1136	908.293	5.61152	0.278033
XM_011544512.3	12667	12439.3	0	0
XM_011544517.3	3367	3139.29	0	0
XM_011544520.3	3232	3004.29	7.14022	0.106958
XM_011544523.3	4024	3796.29	0	0
XM_011544524.4	5662	5434.29	3.84778	0.0318646
XM_011544525.2	2718	2490.29	5.79814	0.104781
XM_011544526.3	1467	1239.29	0	0
XM_011544544.4	6046	5818.29	0	0
XM_011544545.4	5959	5731.29	126.56	0.99377
XM_011544546.4	5927	5699.29	0	0
XM_011544548.4	5545	5317.29	0	0
XM_011544549.4	897	669.361	25.3345	1.70331
XM_011544550.3	1191	963.293	20.988	0.980515
XM_011544559.3	1019	791.293	0	0
XM_011544565.2	3669	3441.29	0	0
XM_011544570.3	3511	3283.29	12.8668	0.176362
XM_011544571.3	3459	3231.29	0	0
XM_011544573.2	2540	2312.29	0	0
XM_011544574.1	2513	2285.29	0	0
XM_011544575.3	2776	2548.29	15.365	0.271348
XM_011544576.3	2468	2240.29	0	0
XM_011544578.3	4269	4041.29	0	0
XM_011544583.2	3966	3738.29	0	0
XM_011544585.4	4849	4621.29	0	0
XM_011544587.2	1451	1223.29	68.2702	2.51155
XM_011544604.3	4608	4380.29	8.91922	0.091636
XM_011544605.4	5559	5331.29	196.488	1.65861
XM_011544606.3	9719	9491.29	33.7533	0.160042
XM_011544607.4	5572	5344.29	0	0
XM_011544613.4	712	484.852	0	0
XM_011544625.2	2599	2371.29	0	0
XM_011544626.2	2587	2359.29	0	0
XM_011544632.3	7636	7408.29	12.9487	0.0786595
XM_011544636.3	6167	5939.29	0	0
XM_011544639.4	7494	7266.29	0	0
XM_011544640.2	5836	5608.29	13.8638	0.111249
XM_011544642.3	1183	955.293	0	0
XM_011544650.2	2371	2143.29	2.49801	0.0524512
XM_011544655.3	2523	2295.29	40.1764	0.787725
XM_011544666.4	3702	3474.29	32.4094	0.419804
XM_011544667.3	3628	3400.29	0	0
XM_011544672.3	2009	1781.29	7.22775	0.182604
XM_011544674.3	900	672.361	0.980077	0.0655994
XM_011544675.4	861	633.427	14.4798	1.02875
XM_011544676.4	2922	2694.29	0	0
XM_011544677.4	2796	2568.29	0.571201	0.0100089
XM_011544679.4	13228	13000.3	0	0
XM_011544680.4	3675	3447.29	0	0
XM_011544681.4	1886	1658.29	50.7688	1.37777
XM_011544682.3	4017	3789.29	416.753	4.94951
XM_011544683.2	3161	2933.29	0	0
XM_011544684.2	2129	1901.29	0	0
XM_011544685.2	3128	2900.29	0	0
XM_011544689.3	2168	1940.29	10.0614	0.233363
XM_011544693.3	5195	4967.29	0	0
XM_011544694.4	3327	3099.29	0	0
XM_011544706.3	2699	2471.29	115.91	2.11077
XM_011544707.3	2661	2433.29	0	0
XM_011544708.3	2549	2321.29	33.1272	0.64224
XM_011544711.3	1651	1423.29	0	0
XM_011544712.3	1651	1423.29	0	0
XM_011544713.3	2915	2687.29	7.11917	0.119222
XM_011544718.3	2616	2388.29	0	0
XM_011544720.3	2271	2043.29	0	0
XM_011544721.2	2216	1988.29	0	0
XM_011544723.4	2321	2093.29	0	0
XM_011544725.3	1861	1633.29	0	0
XM_011544730.3	4917	4689.29	0.000297728	2.85729e-06
XM_011544731.3	2586	2358.29	0.14088	0.00268839
XM_011544734.4	4280	4052.29	43.5612	0.483773
XM_011544740.4	3269	3041.29	1061.83	15.7123
XM_011544741.2	1298	1070.29	0	0
XM_011544742.3	2541	2313.29	0	0
XM_011544743.4	1382	1154.29	0	0
XM_011544747.4	1057	829.293	1.24534	0.0675804
XM_011544748.4	1064	836.293	0	0
XM_011544749.4	1029	801.293	0	0
XM_011544751.4	3039	2811.29	0	0
XM_011544752.3	2736	2508.29	0	0
XM_011544755.2	4884	4656.29	0.000133269	1.28804e-06
XM_011544756.2	4803	4575.29	7.69149e-06	7.56543e-08
XM_011544757.2	4758	4530.29	0	0
XM_011544758.2	4758	4530.29	0	0
XM_011544759.2	4734	4506.29	0	0
XM_011544761.2	4686	4458.29	0	0
XM_011544762.2	4668	4440.29	0.000344325	3.48979e-06
XM_011544763.3	4823	4595.29	0.000136854	1.34025e-06
XM_011544765.2	4739	4511.29	1.88104	0.0187646
XM_011544770.2	1974	1746.29	0	0
XM_011544771.2	1848	1620.29	8.25136	0.229179
XM_011544772.2	1916	1688.29	145.815	3.88683
XM_011544773.2	3716	3488.29	57.5976	0.743077
XM_011544776.3	893	665.361	1	0.0676371
XM_011544782.3	7822	7594.29	0	0
XM_011544812.4	1947	1719.29	0	0
XM_011544817.1	3242	3014.29	0	0
XM_011544821.3	2435	2207.29	90.7134	1.8495
XM_011544834.1	2728	2500.29	0	0
XM_011544836.3	3551	3323.29	59.8521	0.8105
XM_011544837.2	3306	3078.29	0	0
XM_011544839.3	1936	1708.29	0	0
XM_011544840.3	1953	1725.29	0	0
XM_011544841.2	1925	1697.29	0	0
XM_011544842.2	2065	1837.29	0	0
XM_011544843.2	1900	1672.29	0	0
XM_011544844.3	1746	1518.29	0	0
XM_011544850.3	3628	3400.29	0	0
XM_011544852.3	1227	999.293	0	0
XM_011544853.3	1333	1105.29	0	0
XM_011544861.2	5847	5619.29	110.36	0.883839
XM_011544863.3	6324	6096.29	1.67051	0.0123318
XM_011544866.3	5446	5218.29	18.3078	0.157888
XM_011544867.4	4262	4034.29	0	0
XM_011544877.4	2591	2363.29	94.2697	1.79513
XM_011544878.4	3144	2916.29	25.6509	0.395835
XM_011544879.3	3474	3246.29	0	0
XM_011544881.4	1926	1698.29	784.746	20.795
XM_011544884.3	2743	2515.29	0	0
XM_011544886.4	1993	1765.29	5.09704	0.12994
XM_011544889.4	7905	7677.29	0	0
XM_011544893.4	3075	2847.29	14.1815	0.224147
XM_011544894.3	685	458.134	0	0
XM_011544896.4	2988	2760.29	0	0
XM_011544897.4	2835	2607.29	0	0
XM_011544899.2	4508	4280.29	16.7889	0.176519
XM_011544900.2	4496	4268.29	40.7568	0.429723
XM_011544901.2	4739	4511.29	9.28349	0.0926089
XM_011544912.4	2656	2428.29	0	0
XM_011544933.4	11103	10875.3	0	0
XM_011544935.4	4773	4545.29	22.37	0.221486
XM_011544939.4	1469	1241.29	0	0
XM_011544953.4	8540	8312.29	26.9756	0.146047
XM_011544970.3	1192	964.293	5.50263	0.256805
XM_011544989.2	2421	2193.29	0	0
XM_011544994.2	5323	5095.29	195.413	1.72595
XM_011544995.4	4159	3931.29	59.4178	0.680179
XM_011544996.4	4147	3919.29	96.882	1.11244
XM_011544997.3	4147	3919.29	30.328	0.34824
XM_011544998.4	4135	3907.29	179.544	2.06794
XM_011544999.3	4843	4615.29	2190.19	21.3562
XM_011545002.3	1163	935.293	0	0
XM_011545004.4	1721	1493.29	0	0
XM_011545005.3	1559	1331.29	0	0
XM_011545009.4	1562	1334.29	0	0
XM_011545013.3	1531	1303.29	0	0
XM_011545014.3	1248	1020.29	0	0
XM_011545015.3	987	759.293	0	0
XM_011545022.3	4092	3864.29	27.3098	0.318047
XM_011545023.2	1817	1589.29	66.1661	1.87359
XM_011545024.3	7141	6913.29	950.27	6.18592
XM_011545025.4	6208	5980.29	138.989	1.04592
XM_011545028.4	4177	3949.29	27.0262	0.30797
XM_011545029.2	5663	5435.29	0	0
XM_011545030.2	5549	5321.29	0	0
XM_011545031.2	5679	5451.29	0	0
XM_011545034.2	7406	7178.29	10.0027	0.0627104
XM_011545035.2	7382	7154.29	55.1135	0.346684
XM_011545039.4	2925	2697.29	15.9074	0.265408
XM_011545044.3	7293	7065.29	0	0
XM_011545046.3	7190	6962.29	0	0
XM_011545050.3	6919	6691.29	0	0
XM_011545054.3	7276	7048.29	0.613578	0.00391768
XM_011545055.2	7252	7024.29	1.79389	0.011493
XM_011545056.3	7379	7151.29	0.0141896	8.92955e-05
XM_011545057.3	7373	7145.29	0.458851	0.00288997
XM_011545058.2	7244	7016.29	0.0377143	0.000241903
XM_011545059.3	7517	7289.29	0.0566021	0.000349454
XM_011545060.3	7511	7283.29	0.0517893	0.000320003
XM_011545062.3	7533	7305.29	0.0145514	8.96415e-05
XM_011545063.3	7171	6943.29	0.0208041	0.000134842
XM_011545064.2	7304	7076.29	0	0
XM_011545065.3	7234	7006.29	0.243873	0.00156646
XM_011545066.3	7180	6952.29	563.083	3.64491
XM_011545069.3	4439	4211.29	1	0.0106863
XM_011545070.3	3737	3509.29	0	0
XM_011545071.3	3786	3558.29	0	0
XM_011545072.3	4051	3823.29	0	0
XM_011545073.2	3294	3066.29	0	0
XM_011545076.3	2563	2335.29	0	0
XM_011545079.3	2285	2057.29	0	0
XM_011545086.3	4163	3935.29	206.685	2.3636
XM_011545087.3	3003	2775.29	0	0
XM_011545092.4	5495	5267.29	76.3946	0.652706
XM_011545095.3	2557	2329.29	8.68329	0.167765
XM_011545098.3	2238	2010.29	16.5978	0.371563
XM_011545103.4	1692	1464.29	171.69	5.27667
XM_011545116.3	2100	1872.29	9.84739	0.236695
XM_011545117.3	1280	1052.29	0	0
XM_011545120.3	1192	964.293	0	0
XM_011545123.3	4615	4387.29	0	0
XM_011545124.3	4606	4378.29	0	0
XM_011545127.3	4474	4246.29	50.8977	0.539424
XM_011545129.3	4567	4339.29	0	0
XM_011545131.3	2242	2014.29	7.37697	0.164815
XM_011545132.3	2162	1934.29	14.8129	0.344636
XM_011545151.3	7231	7003.29	70.3417	0.452015
XM_011545152.3	7320	7092.29	28.7227	0.182256
XM_011545155.4	6215	5987.29	0	0
XM_011545156.4	6194	5966.29	0	0
XM_011545157.4	6117	5889.29	0	0
XM_011545158.4	5993	5765.29	0	0
XM_011545159.4	4610	4382.29	0	0
XM_011545160.4	6383	6155.29	0	0
XM_011545161.4	3528	3300.29	0	0
XM_011545162.2	4094	3866.29	1214.81	14.1402
XM_011545164.3	4253	4025.29	0	0
XM_011545167.2	3441	3213.29	1	0.0140053
XM_011545168.3	1529	1301.29	0	0
XM_011545169.2	1636	1408.29	13.8421	0.442334
XM_011545187.3	3761	3533.29	120.087	1.52953
XM_011545188.3	3758	3530.29	41.4022	0.527783
XM_011545192.3	1956	1728.29	0	0
XM_011545193.3	1902	1674.29	0	0
XM_011545195.3	5185	4957.29	776.748	7.05144
XM_011545196.3	1845	1617.29	0	0
XM_011545197.3	2151	1923.29	0	0
XM_011545198.3	1810	1582.29	3.7134	0.105615
XM_011545199.3	1629	1401.29	0	0
XM_011545200.3	1262	1034.29	0	0
XM_011545201.4	890	662.427	0	0
XM_011545209.2	1124	896.293	0	0
XM_011545216.4	5865	5637.29	0	0
XM_011545217.3	4851	4623.29	1.42753	0.0138955
XM_011545224.4	1550	1322.29	22.6064	0.769389
XM_011545225.1	4514	4286.29	12.9084	0.135529
XM_011545234.3	5289	5061.29	0	0
XM_011545238.2	2216	1988.29	0	0
XM_011545239.3	2341	2113.29	0	0
XM_011545240.3	2297	2069.29	8.22727	0.178927
XM_011545247.2	3229	3001.29	31.0384	0.465407
XM_011545248.2	3024	2796.29	34.0476	0.547956
XM_011545254.3	3726	3498.29	230.687	2.96762
XM_011545257.3	3470	3242.29	0	0
XM_011545258.3	3541	3313.29	124.472	1.69066
XM_011545259.3	3514	3286.29	148.148	2.02876
XM_011545265.4	985	757.293	0	0
XM_011545266.4	2081	1853.29	3.97944	0.0966319
XM_011545267.2	1410	1182.29	0	0
XM_011545268.4	2356	2128.29	92.8314	1.96293
XM_011545269.2	2344	2116.29	3.35248	0.0712907
XM_011545270.2	2341	2113.29	16.8684	0.359217
XM_011545276.3	3594	3366.29	0	0
XM_011545277.3	3982	3754.29	0.779049	0.00933853
XM_011545278.3	4045	3817.29	0	0
XM_011545280.2	2617	2389.29	12.4555	0.234603
XM_011545281.3	2685	2457.29	0	0
XM_011545286.2	2066	1838.29	0	0
XM_011545289.3	3661	3433.29	3.49675	0.0458348
XM_011545290.1	1932	1704.29	0	0
XM_011545291.3	1830	1602.29	27.9249	0.784317
XM_011545292.2	2956	2728.29	14.4099	0.237691
XM_011545297.4	1888	1660.29	10.7448	0.291242
XM_011545303.4	3240	3012.29	0	0
XM_011545304.3	2157	1929.29	0	0
XM_011545306.4	5454	5226.29	0	0
XM_011545307.4	5525	5297.29	0	0
XM_011545308.4	5522	5294.29	0	0
XM_011545309.3	5481	5253.29	0	0
XM_011545310.4	5477	5249.29	0	0
XM_011545311.4	5465	5237.29	0	0
XM_011545312.3	5462	5234.29	0	0
XM_011545314.4	5405	5177.29	0	0
XM_011545315.3	5360	5132.29	0	0
XM_011545316.3	5345	5117.29	0	0
XM_011545317.3	5315	5087.29	0	0
XM_011545319.2	5333	5105.29	0	0
XM_011545320.4	2523	2295.29	0	0
XM_011545325.4	4725	4497.29	471.027	4.71343
XM_011545327.2	2161	1933.29	141.851	3.302
XM_011545328.3	2147	1919.29	21.0819	0.494322
XM_011545330.3	5347	5119.29	0.172784	0.00151892
XM_011545331.3	1897	1669.29	1.9206	0.0517782
XM_011545332.2	2026	1798.29	5.20436	0.130241
XM_011545333.2	2346	2118.29	82.217	1.7467
XM_011545334.2	2005	1777.29	0	0
XM_011545335.3	7051	6823.29	0	0
XM_011545336.3	6928	6700.29	0	0
XM_011545337.3	6919	6691.29	0	0
XM_011545338.3	6826	6598.29	0	0
XM_011545339.3	6559	6331.29	0	0
XM_011545340.3	6427	6199.29	0.000234183	1.70003e-06
XM_011545341.3	6334	6106.29	0	0
XM_011545342.3	1656	1428.29	4.67318	0.147244
XM_011545343.3	6202	5974.29	1.53514e-07	1.15638e-09
XM_011545346.4	4541	4313.29	0	0
XM_011545347.2	3453	3225.29	0	0
XM_011545353.4	2756	2528.29	47.5848	0.847
XM_011545354.3	1520	1292.29	0	0
XM_011545355.3	1558	1330.29	0	0
XM_011545356.3	1565	1337.29	0	0
XM_011545357.3	1603	1375.29	0	0
XM_011545358.4	1645	1417.29	0	0
XM_011545359.3	1600	1372.29	0	0
XM_011545360.3	3249	3021.29	0	0
XM_011545362.3	2949	2721.29	0	0
XM_011545363.4	1403	1175.29	0	0
XM_011545364.2	2480	2252.29	0	0
XM_011545390.3	3084	2856.29	18.0151	0.283842
XM_011545393.4	2450	2222.29	0	0
XM_011545394.4	2432	2204.29	7.0731	0.144405
XM_011545396.4	4214	3986.29	107.173	1.20993
XM_011545402.2	4150	3922.29	0.496826	0.00570042
XM_011545409.2	4512	4284.29	73.6242	0.773363
XM_011545410.3	4305	4077.29	172.812	1.90741
XM_011545416.3	1122	894.293	0	0
XM_011545434.2	4876	4648.29	0	0
XM_011545435.3	4675	4447.29	0	0
XM_011545439.3	2720	2492.29	0	0
XM_011545441.3	2526	2298.29	9.85021	0.192878
XM_011545447.2	4656	4428.29	0	0
XM_011545449.4	12923	12695.3	0.0424609	0.000150518
XM_011545467.2	13837	13609.3	0	0
XM_011545468.3	10595	10367.3	0	0
XM_011545469.2	6460	6232.29	13.4557	0.0971629
XM_011545471.4	4676	4448.29	0	0
XM_011545472.4	4619	4391.29	0	0
XM_011545473.3	1306	1078.29	0	0
XM_011545474.3	839	611.427	1	0.0736033
XM_011545476.3	7040	6812.29	3.26351e-06	2.15593e-08
XM_011545477.3	7246	7018.29	0	0
XM_011545478.2	6982	6754.29	2.48978	0.0165891
XM_011545482.3	6802	6574.29	0	0
XM_011545483.2	4128	3900.29	0	0
XM_011545484.2	4113	3885.29	0	0
XM_011545485.2	4080	3852.29	0	0
XM_011545486.4	1741	1513.29	0	0
XM_011545488.3	2551	2323.29	3.56657	0.0690859
XM_011545490.4	834	606.427	0	0
XM_011545491.3	4599	4371.29	12.2133	0.125738
XM_011545492.2	4512	4284.29	0.366852	0.00385348
XM_011545497.3	3000	2772.29	0	0
XM_011545499.4	4548	4320.29	0	0
XM_011545502.3	7278	7050.29	41.0934	0.262305
XM_011545503.4	1586	1358.29	33.4367	1.10783
XM_011545506.1	4559	4331.29	0.370159	0.00384603
XM_011545507.4	4912	4684.29	0	0
XM_011545508.4	4825	4597.29	4.14309	0.0405569
XM_011545510.3	5373	5145.29	3.10401	0.0271491
XM_011545511.2	3883	3655.29	0	0
XM_011545512.2	1654	1426.29	0	0
XM_011545513.3	1900	1672.29	0	0
XM_011545521.2	1658	1430.29	0	0
XM_011545522.2	2032	1804.29	0	0
XM_011545523.2	1945	1717.29	0	0
XM_011545524.2	1597	1369.29	0	0
XM_011545528.3	7701	7473.29	13.6328	0.0820946
XM_011545533.2	4978	4750.29	0	0
XM_011545536.3	4998	4770.29	13.9312	0.131428
XM_011545537.4	5002	4774.29	0	0
XM_011545538.4	4019	3791.29	9.59349	0.113876
XM_011545539.3	5222	4994.29	64.5974	0.582081
XM_011545540.4	5532	5304.29	7.24655	0.0614817
XM_011545541.3	2727	2499.29	0	0
XM_011545545.3	3735	3507.29	0	0
XM_011545547.3	5813	5585.29	0	0
XM_011545548.3	6043	5815.29	0	0
XM_011545555.2	3944	3716.29	0	0
XM_011545556.2	8002	7774.29	53.0687	0.307199
XM_011545557.3	8136	7908.29	137.937	0.784949
XM_011545560.2	8042	7814.29	0	0
XM_011545561.3	7718	7490.29	0	0
XM_011545562.3	7750	7522.29	0	0
XM_011545564.4	9280	9052.29	116.399	0.578674
XM_011545566.3	2770	2542.29	22.7867	0.403366
XM_011545568.3	1909	1681.29	57.6786	1.54388
XM_011545575.4	2748	2520.29	55.2839	0.987165
XM_011545579.2	8385	8157.29	8.77603e-06	4.84166e-08
XM_011545581.3	7876	7648.29	0	0
XM_011545583.4	7442	7214.29	56.6395	0.353319
XM_011545585.3	1322	1094.29	0	0
XM_011545586.3	1330	1102.29	3.24293	0.132398
XM_011545587.4	1014	786.293	0.00498126	0.0002851
XM_011545589.4	6566	6338.29	132.564	0.941232
XM_011545598.2	2147	1919.29	0	0
XM_011545600.3	3232	3004.29	0.0391611	0.000586617
XM_011545603.3	4685	4457.29	0	0
XM_011545604.3	4682	4454.29	0	0
XM_011545605.3	4682	4454.29	0	0
XM_011545606.3	4502	4274.29	0	0
XM_011545607.3	4409	4181.29	0	0
XM_011545620.3	1877	1649.29	0	0
XM_011545627.4	1784	1556.29	0.0106689	0.00030851
XM_011545628.3	1311	1083.29	0	0
XM_011545630.4	2834	2606.29	42.5256	0.734293
XM_011545633.4	5315	5087.29	0	0
XM_011545634.3	1535	1307.29	0	0
XM_011545645.3	2242	2014.29	0	0
XM_011545646.3	2218	1990.29	0	0
XM_011545650.3	2483	2255.29	0	0
XM_011545652.3	2165	1937.29	0	0
XM_011545653.2	2547	2319.29	0	0
XM_011545655.3	2520	2292.29	0	0
XM_011545656.3	1261	1033.29	0	0
XM_011545672.4	2191	1963.29	0	0
XM_011545673.3	4505	4277.29	2	0.0210428
XM_011545674.3	1725	1497.29	0	0
XM_011545679.4	4053	3825.29	0	0
XM_011545680.4	4150	3922.29	0	0
XM_011545693.4	1492	1264.29	0	0
XM_011545711.3	1839	1611.29	0	0
XM_011545712.3	1939	1711.29	0	0
XM_011545713.2	1797	1569.29	0	0
XM_011545715.4	2652	2424.29	0	0
XM_011545719.3	4091	3863.29	0.514416	0.00599237
XM_011545725.3	2608	2380.29	0	0
XM_011545728.1	1320	1092.29	0	0
XM_011545729.4	1796	1568.29	0	0
XM_011545730.4	1579	1351.29	0	0
XM_011545731.3	2229	2001.29	0	0
XM_011545732.3	1637	1409.29	0	0
XM_011545738.2	5511	5283.29	18.6284	0.158677
XM_011545742.4	4788	4560.29	0	0
XM_011545744.3	3484	3256.29	0	0
XM_011545745.2	3252	3024.29	0	0
XM_011545746.3	3355	3127.29	0.475474	0.00684228
XM_011545748.3	2648	2420.29	0	0
XM_011545750.3	1331	1103.29	0	0
XM_011545751.3	1163	935.293	0	0
XM_011545753.3	2879	2651.29	29.6219	0.502802
XM_011545759.3	1751	1523.29	0	0
XM_011545760.3	1709	1481.29	0	0
XM_011545764.2	1496	1268.29	0	0
XM_011545765.2	1489	1261.29	0	0
XM_011545766.4	1300	1072.29	0	0
XM_011545769.4	16143	15915.3	0	0
XM_011545770.2	13952	13724.3	684.936	2.24596
XM_011545773.3	6768	6540.29	84.5598	0.581848
XM_011545774.3	6726	6498.29	0	0
XM_011545775.3	6662	6434.29	38.5283	0.269477
XM_011545776.3	6650	6422.29	0	0
XM_011545777.3	4925	4697.29	20.0704	0.192288
XM_011545779.2	1624	1396.29	0	0
XM_011545781.2	5113	4885.29	0	0
XM_011545782.3	4512	4284.29	238.675	2.50709
XM_011545783.4	1770	1542.29	30.6887	0.895474
XM_011545789.3	3265	3037.29	110.862	1.64262
XM_011545809.4	1007	779.293	31.5012	1.81915
XM_011545811.4	664	437.717	4.84009	0.497625
XM_011545812.4	2939	2711.29	137.657	2.28489
XM_011545816.3	2073	1845.29	17.8168	0.434518
XM_011545817.3	2599	2371.29	53.4756	1.01488
XM_011545818.4	2290	2062.29	7.83543	0.170984
XM_011545819.3	1932	1704.29	73.3685	1.93735
XM_011545820.3	2458	2230.29	155.57	3.1391
XM_011545822.3	1328	1100.29	0	0
XM_011545823.3	986	758.293	0	0
XM_011545825.2	3506	3278.29	402.005	5.51856
XM_011545826.3	3639	3411.29	294.702	3.88783
XM_011545827.3	4490	4262.29	24.1938	0.255448
XM_011545828.3	3360	3132.29	21.1818	0.304329
XM_011545833.2	3293	3065.29	1.89539e-06	2.78271e-08
XM_011545834.3	3210	2982.29	107.537	1.62274
XM_011545835.4	3976	3748.29	0	0
XM_011545836.4	3973	3745.29	0	0
XM_011545837.3	3973	3745.29	0	0
XM_011545838.3	3943	3715.29	0	0
XM_011545839.3	3925	3697.29	0	0
XM_011545841.3	3886	3658.29	0	0
XM_011545842.4	3715	3487.29	0	0
XM_011545843.4	3232	3004.29	0	0
XM_011545844.4	3400	3172.29	0	0
XM_011545845.4	2591	2363.29	0	0
XM_011545846.4	2431	2203.29	0	0
XM_011545847.4	2740	2512.29	0	0
XM_011545848.4	2222	1994.29	3	0.0676978
XM_011545850.3	4526	4298.29	0	0
XM_011545851.3	2009	1781.29	0	0
XM_011545852.2	2560	2332.29	0	0
XM_011545854.2	2006	1778.29	0	0
XM_011545856.3	758	530.648	16.5326	1.40209
XM_011545857.4	5014	4786.29	16.9419	0.159296
XM_011545862.3	1350	1122.29	1.94884	0.0781469
XM_011545864.2	1515	1287.29	83.9954	2.93643
XM_011545866.4	2951	2723.29	0	0
XM_011545868.2	3070	2842.29	0	0
XM_011545869.3	3093	2865.29	0	0
XM_011545871.3	3079	2851.29	0	0
XM_011545872.3	3056	2828.29	0	0
XM_011545873.4	3591	3363.29	27.5507	0.368647
XM_011545875.3	3639	3411.29	0	0
XM_011545876.3	3640	3412.29	11.442	0.150903
XM_011545878.4	3357	3129.29	2.0569	0.0295807
XM_011545882.3	12743	12515.3	0	0
XM_011545883.1	12740	12512.3	1.30038	0.0046771
XM_011545885.4	11911	11683.3	0	0
XM_011545886.3	11573	11345.3	0	0
XM_011545888.2	9791	9563.29	0	0
XM_011545889.2	9755	9527.29	0	0
XM_011545892.3	3687	3459.29	38.146	0.496254
XM_011545893.4	3950	3722.29	68.7673	0.831407
XM_011545894.4	4662	4434.29	55.1624	0.559836
XM_011545900.3	1357	1129.29	0	0
XM_011545901.3	1393	1165.29	0	0
XM_011545908.3	1397	1169.29	0	0
XM_011545911.3	2644	2416.29	0	0
XM_011545913.3	2585	2357.29	0	0
XM_011545914.2	2450	2222.29	0	0
XM_011545916.3	5166	4938.29	173.403	1.58024
XM_011545917.3	5166	4938.29	81.9601	0.74691
XM_011545919.3	5130	4902.29	327.956	3.01064
XM_011545920.2	1621	1393.29	0	0
XM_011545926.4	1866	1638.29	2.29008e-08	6.29073e-10
XM_011545931.3	2159	1931.29	0	0
XM_011545933.2	1626	1398.29	0	0
XM_011545937.1	2442	2214.29	0	0
XM_011545938.1	2474	2246.29	0	0
XM_011545960.3	2340	2112.29	326.575	6.95778
XM_011545961.2	2364	2136.29	620.707	13.0758
XM_011545962.3	2004	1776.29	305.701	7.74507
XM_011545963.3	2578	2350.29	0	0
XM_011545964.3	2586	2358.29	8.98812	0.171519
XM_011545965.3	2493	2265.29	0	0
XM_011545970.2	1937	1709.29	0	0
XM_011545971.2	1942	1714.29	0	0
XM_011545980.4	2005	1777.29	341.56	8.6487
XM_011545981.3	951	723.293	0.252213	0.0156926
XM_011545982.3	4958	4730.29	0	0
XM_011545983.4	4955	4727.29	0	0
XM_011545984.2	4680	4452.29	0	0
XM_011545985.2	4677	4449.29	0	0
XM_011545986.4	3494	3266.29	38.5429	0.531045
XM_011545990.3	6897	6669.29	12.8227	0.0865252
XM_011545991.3	5949	5721.29	11.9803	0.0942355
XM_011545992.3	5744	5516.29	25.5638	0.208555
XM_011546001.4	2695	2467.29	0	0
XM_011546032.2	1628	1400.29	0	0
XM_011546033.2	1626	1398.29	0	0
XM_011546043.2	819	591.487	0	0
XM_011546045.4	3613	3385.29	0	0
XM_011546078.3	2312	2084.29	0	0
XM_011546079.2	7640	7412.29	0	0
XM_011546082.4	3485	3257.29	513.796	7.09865
XM_011546114.3	2174	1946.29	0	0
XM_011546116.3	2307	2079.29	0	0
XM_011546117.2	1923	1695.29	0	0
XM_011546119.2	5473	5245.29	8.31695e-07	7.1357e-09
XM_011546120.2	5501	5273.29	0	0
XM_011546124.3	2458	2230.29	0.43251	0.00872722
XM_011546126.4	1595	1367.29	129.998	4.27875
XM_011546127.2	2183	1955.29	174.53	4.01698
XM_011546128.3	9946	9718.29	0	0
XM_011546129.3	9946	9718.29	0	0
XM_011546132.3	9865	9637.29	0	0
XM_011546133.3	4397	4169.29	0	0
XM_011546160.4	1340	1112.29	1.46983	0.059469
XM_011546167.3	1877	1649.29	0	0
XM_011546174.4	1784	1556.29	0.0106689	0.00030851
XM_011546175.3	1311	1083.29	0	0
XM_011546177.4	2834	2606.29	42.5256	0.734293
XM_011546181.3	1535	1307.29	0	0
XM_011546186.2	1955	1727.29	54.6637	1.42421
XM_011546191.4	1604	1376.29	13.3918	0.437895
XM_011546192.3	566	341.699	1.71522	0.225901
XM_011546196.4	481	262.672	0	0
XM_011546198.2	2025	1797.29	2.79182	0.0699055
XM_011546199.2	1540	1312.29	0	0
XM_011546200.2	1356	1128.29	0	0
XM_011546237.2	3297	3069.29	0.754144	0.0110575
XM_011546238.2	3289	3061.29	27.0032	0.396965
XM_011546243.2	819	591.487	0	0
XM_011546256.4	2705	2477.29	0	0
XM_011546266.3	1330	1102.29	0	0
XM_011546267.2	472	254.125	0	0
XM_011546270.2	1478	1250.29	0	0
XM_011546367.4	1273	1045.29	0	0
XM_011546369.4	5852	5624.29	91.7458	0.734109
XM_011546376.4	1279	1051.29	0	0
XM_011546379.3	549	325.637	0	0
XM_011546387.3	1268	1040.29	0	0
XM_011546389.3	5844	5616.29	142.608	1.14271
XM_011546390.4	917	689.293	2.31759	0.151313
XM_011546391.3	536	313.414	0	0
XM_011546890.2	1674	1446.29	5.5	0.171139
XM_011547005.3	1792	1564.29	0	0
XM_011547050.3	2247	2019.29	0	0
XM_011547051.4	2244	2016.29	0	0
XM_011547058.3	2247	2019.29	0	0
XM_011547130.3	3148	2920.29	0	0
XM_011547362.4	2236	2008.29	0	0
XM_011547363.3	906	678.293	0	0
XM_011547998.3	1361	1133.29	0	0
XM_011548574.4	2356	2128.29	0	0
XM_011548575.4	2353	2125.29	0	0
XM_016999996.2	3057	2829.29	0	0
XM_016999998.3	8612	8384.29	0	0
XM_016999999.3	8537	8309.29	0	0
XM_017000000.2	8042	7814.29	0	0
XM_017000001.2	5917	5689.29	0	0
XM_017000004.2	1140	912.293	0	0
XM_017000005.2	2615	2387.29	0	0
XM_017000009.3	7577	7349.29	6.72643	0.041189
XM_017000010.3	7574	7346.29	71.736	0.439452
XM_017000011.2	3902	3674.29	0.00641562	7.85791e-05
XM_017000012.2	3896	3668.29	0.00668714	8.20387e-05
XM_017000013.2	3863	3635.29	0.0253875	0.000314284
XM_017000014.2	3860	3632.29	0.00361486	4.47871e-05
XM_017000015.2	3857	3629.29	0.0108538	0.000134586
XM_017000017.2	3812	3584.29	0.000115108	1.44525e-06
XM_017000034.2	1536	1308.29	0	0
XM_017000035.3	4943	4715.29	0	0
XM_017000038.2	2749	2521.29	0	0
XM_017000043.2	2334	2106.29	61.1246	1.30599
XM_017000045.3	1318	1090.29	0	0
XM_017000051.3	1221	993.293	0	0
XM_017000053.2	4953	4725.29	0	0
XM_017000054.2	20070	19842.3	0	0
XM_017000055.1	4438	4210.29	0	0
XM_017000056.2	3666	3438.29	16.3218	0.213633
XM_017000060.2	3952	3724.29	64.8084	0.783123
XM_017000069.2	2739	2511.29	0.00815577	0.000146154
XM_017000083.3	1144	916.293	0	0
XM_017000086.3	13723	13495.3	135.963	0.453398
XM_017000087.2	6984	6756.29	4.84387	0.0322646
XM_017000090.2	2750	2522.29	0	0
XM_017000091.3	2663	2435.29	0	0
XM_017000093.3	1568	1340.29	22.748	0.763811
XM_017000097.1	1115	887.293	0	0
XM_017000098.2	2432	2204.29	0	0
XM_017000102.3	8135	7907.29	612.397	3.48536
XM_017000111.2	3338	3110.29	0	0
XM_017000113.2	3155	2927.29	0.5	0.00768681
XM_017000115.2	1802	1574.29	212.371	6.07087
XM_017000122.3	2617	2389.29	0.00740181	0.000139415
XM_017000123.3	5950	5722.29	0.97064	0.00763362
XM_017000124.2	2626	2398.29	10.9573	0.20561
XM_017000125.2	2598	2370.29	0	0
XM_017000126.2	2301	2073.29	11.6355	0.25256
XM_017000127.2	2273	2045.29	0	0
XM_017000128.2	2269	2041.29	0	0
XM_017000137.2	2445	2217.29	0	0
XM_017000138.2	2403	2175.29	0	0
XM_017000139.2	2340	2112.29	0	0
XM_017000140.2	2319	2091.29	0	0
XM_017000141.2	1901	1673.29	0	0
XM_017000147.3	2795	2567.29	0	0
XM_017000148.3	3534	3306.29	0.5	0.00680567
XM_017000152.3	12108	11880.3	1.03267	0.00391181
XM_017000154.2	22145	21917.3	4.14754	0.00851621
XM_017000157.3	8788	8560.29	0	0
XM_017000159.2	8989	8761.29	0	0
XM_017000160.3	11948	11720.3	4.14487	0.0159153
XM_017000162.2	8953	8725.29	0	0
XM_017000163.3	17905	17677.3	35.8954	0.0913829
XM_017000174.2	1468	1240.29	0	0
XM_017000175.2	4851	4623.29	0	0
XM_017000180.3	5168	4940.29	3	0.0273282
XM_017000181.2	3776	3548.29	0	0
XM_017000182.2	3721	3493.29	0	0
XM_017000185.2	16477	16249.3	357.907	0.991239
XM_017000191.2	9148	8920.29	0	0
XM_017000192.2	8467	8239.29	361.884	1.97661
XM_017000193.2	7697	7469.29	367.004	2.21123
XM_017000198.3	5185	4957.29	0	0
XM_017000199.3	5042	4814.29	0	0
XM_017000200.2	5131	4903.29	0	0
XM_017000201.2	5116	4888.29	0	0
XM_017000202.2	5077	4849.29	0	0
XM_017000203.3	5007	4779.29	0	0
XM_017000205.2	4990	4762.29	0	0
XM_017000206.3	4981	4753.29	0	0
XM_017000207.3	4948	4720.29	0	0
XM_017000210.3	4640	4412.29	0	0
XM_017000211.3	5364	5136.29	0	0
XM_017000212.3	4568	4340.29	0	0
XM_017000213.2	3454	3226.29	0	0
XM_017000214.3	3412	3184.29	0	0
XM_017000216.2	2586	2358.29	0	0
XM_017000232.2	5125	4897.29	82.3228	0.756495
XM_017000234.3	5856	5628.29	30.2879	0.242178
XM_017000235.3	5749	5521.29	764.323	6.22986
XM_017000236.3	5853	5625.29	21.0683	0.168549
XM_017000239.3	2748	2520.29	15.0085	0.267995
XM_017000255.1	1563	1335.29	0	0
XM_017000256.3	1818	1590.29	0	0
XM_017000257.2	2594	2366.29	0	0
XM_017000258.2	2626	2398.29	0	0
XM_017000261.3	5702	5474.29	3.78746	0.0311359
XM_017000262.3	2271	2043.29	0	0
XM_017000263.2	2380	2152.29	0	0
XM_017000264.3	2142	1914.29	0	0
XM_017000265.2	2049	1821.29	0	0
XM_017000266.3	2278	2050.29	0	0
XM_017000267.3	3308	3080.29	0	0
XM_017000271.3	11759	11531.3	3.54811	0.0138472
XM_017000275.2	4620	4392.29	0	0
XM_017000276.2	2599	2371.29	0	0
XM_017000277.2	2557	2329.29	0	0
XM_017000278.2	2646	2418.29	0	0
XM_017000279.3	3026	2798.29	0	0
XM_017000280.3	2967	2739.29	0	0
XM_017000282.2	2604	2376.29	0	0
XM_017000283.3	2984	2756.29	0	0
XM_017000285.3	2925	2697.29	0	0
XM_017000287.3	1224	996.293	0	0
XM_017000295.2	14011	13783.3	0	0
XM_017000296.2	13987	13759.3	0	0
XM_017000297.2	13969	13741.3	0	0
XM_017000298.2	12496	12268.3	0	0
XM_017000299.2	9401	9173.29	0	0
XM_017000305.2	8178	7950.29	0	0
XM_017000306.2	8339	8111.29	0	0
XM_017000307.2	1839	1611.29	1	0.0279298
XM_017000308.2	1319	1091.29	0	0
XM_017000309.3	10598	10370.3	12.6001	0.0546797
XM_017000310.3	10589	10361.3	0	0
XM_017000311.3	7623	7395.29	0	0
XM_017000312.2	7821	7593.29	0	0
XM_017000313.2	7810	7582.29	0	0
XM_017000314.2	618	392.338	0	0
XM_017000315.2	4780	4552.29	0	0
XM_017000322.2	2369	2141.29	0	0
XM_017000325.2	2722	2494.29	0	0
XM_017000326.2	3846	3618.29	0	0
XM_017000327.2	2679	2451.29	0	0
XM_017000328.3	2485	2257.29	0	0
XM_017000329.2	2461	2233.29	18.5878	0.374563
XM_017000330.3	2446	2218.29	16.1286	0.327205
XM_017000332.2	2864	2636.29	0	0
XM_017000333.2	2792	2564.29	0	0
XM_017000334.2	7464	7236.29	0	0
XM_017000335.2	7458	7230.29	52.2453	0.325187
XM_017000336.2	5369	5141.29	0	0
XM_017000337.2	5629	5401.29	0	0
XM_017000338.2	5385	5157.29	0	0
XM_017000339.2	5382	5154.29	47.8102	0.417439
XM_017000340.3	3770	3542.29	128.457	1.63198
XM_017000341.2	3559	3331.29	455.733	6.15658
XM_017000344.2	4138	3910.29	189.706	2.18331
XM_017000345.2	4250	4022.29	28.7546	0.321718
XM_017000346.2	4024	3796.29	8.71834e-05	1.03351e-06
XM_017000347.2	3573	3345.29	0	0
XM_017000367.3	1845	1617.29	0.00569998	0.000158609
XM_017000369.1	3907	3679.29	27.7661	0.339619
XM_017000372.2	1702	1474.29	5.85486	0.178721
XM_017000374.3	4309	4081.29	0	0
XM_017000375.3	3554	3326.29	3.69396e-06	4.99775e-08
XM_017000377.3	2472	2244.29	3.96347	0.0794764
XM_017000379.2	920	692.293	1	0.0650058
XM_017000380.2	964	736.293	0	0
XM_017000381.2	873	645.427	0	0
XM_017000382.2	786	558.487	0	0
XM_017000383.2	879	651.427	0	0
XM_017000384.2	777	549.487	0	0
XM_017000394.2	4842	4614.29	10.6577	0.103945
XM_017000400.3	1954	1726.29	0	0
XM_017000401.3	1058	830.293	59.5764	3.22913
XM_017000409.2	2858	2630.29	0	0
XM_017000411.2	2523	2295.29	7.55473	0.148123
XM_017000412.2	7378	7150.29	13.5862	0.0855099
XM_017000416.3	1625	1397.29	0	0
XM_017000422.3	4162	3934.29	0	0
XM_017000448.2	3061	2833.29	9.34849	0.148488
XM_017000450.2	2386	2158.29	0	0
XM_017000451.2	2317	2089.29	3.6518	0.0786593
XM_017000452.2	2314	2086.29	0	0
XM_017000453.2	2305	2077.29	0	0
XM_017000454.2	2218	1990.29	0	0
XM_017000455.2	1995	1767.29	0	0
XM_017000456.1	1765	1537.29	7.59842e-07	2.22438e-08
XM_017000459.3	1520	1292.29	0	0
XM_017000462.3	1310	1082.29	2.4237	0.10078
XM_017000465.2	2427	2199.29	0	0
XM_017000468.3	11046	10818.3	0.00225281	9.37149e-06
XM_017000476.3	7605	7377.29	5.20428	0.0317473
XM_017000479.2	4579	4351.29	0	0
XM_017000480.2	1399	1171.29	0	0
XM_017000481.2	1528	1300.29	0	0
XM_017000482.3	1457	1229.29	0	0
XM_017000483.3	5298	5070.29	39.8356	0.353574
XM_017000484.3	3807	3579.29	0	0
XM_017000485.3	3663	3435.29	0	0
XM_017000486.2	3779	3551.29	45.9109	0.581797
XM_017000490.2	4818	4590.29	0	0
XM_017000491.2	4767	4539.29	0	0
XM_017000492.1	3978	3750.29	0	0
XM_017000493.1	3182	2954.29	0	0
XM_017000494.2	2819	2591.29	0	0
XM_017000495.2	2637	2409.29	0	0
XM_017000496.2	2561	2333.29	0	0
XM_017000498.3	2644	2416.29	0	0
XM_017000499.2	2804	2576.29	0	0
XM_017000500.2	2732	2504.29	35.1283	0.631268
XM_017000501.3	5261	5033.29	0	0
XM_017000507.2	4337	4109.29	113.715	1.24535
XM_017000512.2	1031	803.293	0	0
XM_017000523.3	19633	19405.3	107.247	0.248719
XM_017000524.3	19690	19462.3	56.668	0.131035
XM_017000526.3	18735	18507.3	0	0
XM_017000531.3	1489	1261.29	0	0
XM_017000533.3	7632	7404.29	10.2821	0.0624943
XM_017000537.2	2107	1879.29	0	0
XM_017000538.1	3949	3721.29	0	0
XM_017000540.2	2265	2037.29	0	0
XM_017000541.2	2365	2137.29	0	0
XM_017000542.1	2230	2002.29	0	0
XM_017000543.3	2206	1978.29	21.568	0.490637
XM_017000548.2	1821	1593.29	0	0
XM_017000549.2	3996	3768.29	0	0
XM_017000550.2	3924	3696.29	0	0
XM_017000551.3	4027	3799.29	0	0
XM_017000552.3	4106	3878.29	0	0
XM_017000554.3	1500	1272.29	0	0
XM_017000560.2	649	422.846	1.96875	0.209532
XM_017000561.2	5111	4883.29	73.8647	0.680717
XM_017000563.2	4964	4736.29	91.155	0.866132
XM_017000570.3	9128	8900.29	0	0
XM_017000571.3	1452	1224.29	0	0
XM_017000575.1	2444	2216.29	0	0
XM_017000576.1	2429	2201.29	166.735	3.40871
XM_017000577.2	2542	2314.29	0	0
XM_017000579.2	1972	1744.29	60.5825	1.56304
XM_017000607.2	3347	3119.29	0	0
XM_017000608.2	4050	3822.29	0	0
XM_017000609.2	3614	3386.29	0	0
XM_017000610.2	3369	3141.29	0	0
XM_017000613.2	6609	6381.29	209.7	1.47888
XM_017000616.3	5070	4842.29	0	0
XM_017000617.3	4959	4731.29	0	0
XM_017000618.3	4869	4641.29	0	0
XM_017000621.3	7157	6929.29	0	0
XM_017000622.2	5675	5447.29	0	0
XM_017000623.3	5687	5459.29	0	0
XM_017000624.3	5715	5487.29	0	0
XM_017000625.2	5599	5371.29	0	0
XM_017000631.3	13957	13729.3	0	0
XM_017000632.3	14136	13908.3	0	0
XM_017000634.3	13839	13611.3	6.92437e-06	2.28941e-08
XM_017000636.3	5548	5320.29	0	0
XM_017000637.2	5576	5348.29	0	0
XM_017000650.3	2841	2613.29	0	0
XM_017000651.3	3044	2816.29	0	0
XM_017000663.3	1333	1105.29	0	0
XM_017000664.2	1713	1485.29	0	0
XM_017000665.2	1516	1288.29	10.7016	0.373832
XM_017000666.2	1217	989.293	0	0
XM_017000683.3	6163	5935.29	3.03423	0.0230064
XM_017000686.3	4696	4468.29	520.335	5.24063
XM_017000690.3	14787	14559.3	0	0
XM_017000691.2	6185	5957.29	6.3478e-06	4.79531e-08
XM_017000692.2	6125	5897.29	6.75909	0.0515796
XM_017000693.3	5058	4830.29	128.579	1.19795
XM_017000694.2	5199	4971.29	0	0
XM_017000696.3	4247	4019.29	90.2228	1.0102
XM_017000697.3	4568	4340.29	8.24892	0.0855304
XM_017000716.2	3802	3574.29	238.425	3.00195
XM_017000731.2	5168	4940.29	0	0
XM_017000732.2	3886	3658.29	0	0
XM_017000733.1	10723	10495.3	0	0
XM_017000734.1	10672	10444.3	0	0
XM_017000746.2	7161	6933.29	18.176	0.117978
XM_017000748.2	6293	6065.29	0	0
XM_017000752.2	5963	5735.29	0	0
XM_017000753.2	5292	5064.29	0.00199969	1.777e-05
XM_017000755.2	5768	5540.29	0	0
XM_017000756.3	4470	4242.29	64.7313	0.686683
XM_017000757.1	4029	3801.29	76.5635	0.906427
XM_017000758.1	3969	3741.29	11.2363	0.135158
XM_017000759.3	5191	4963.29	67.2627	0.609883
XM_017000760.3	10618	10390.3	1.63502	0.00708171
XM_017000761.2	10677	10449.3	0	0
XM_017000768.3	2389	2161.29	8.92659e-08	1.85872e-09
XM_017000769.3	2328	2100.29	2.30966	0.0494891
XM_017000770.3	4725	4497.29	0	0
XM_017000771.2	3865	3637.29	0	0
XM_017000774.3	7439	7211.29	0.0424814	0.000265111
XM_017000778.2	7975	7747.29	0	0
XM_017000780.3	705	477.9	1.99016	0.18741
XM_017000781.2	709	481.852	0	0
XM_017000784.2	7419	7191.29	0.0730464	0.000457124
XM_017000799.2	7790	7562.29	0.000236936	1.41e-06
XM_017000801.3	2152	1924.29	0	0
XM_017000802.3	2146	1918.29	0	0
XM_017000803.2	5668	5440.29	5.01473	0.0414828
XM_017000804.3	5786	5558.29	5.84424	0.0473183
XM_017000805.3	5724	5496.29	60.7814	0.497672
XM_017000806.2	5536	5308.29	24.428	0.207098
XM_017000807.3	5625	5397.29	110.988	0.925425
XM_017000808.2	5416	5188.29	0	0
XM_017000810.3	5505	5277.29	0	0
XM_017000818.2	3531	3303.29	51.236	0.698023
XM_017000822.3	16024	15796.3	0.000884651	2.52034e-06
XM_017000824.3	15943	15715.3	0.660256	0.00189074
XM_017000826.3	15925	15697.3	74.3992	0.213297
XM_017000827.3	15910	15682.3	43.9161	0.126025
XM_017000828.3	15886	15658.3	374.61	1.07666
XM_017000830.3	15787	15559.3	644.091	1.86294
XM_017000831.2	10860	10632.3	0	0
XM_017000832.2	10857	10629.3	0	0
XM_017000836.2	5313	5085.29	16.5955	0.146865
XM_017000837.2	4607	4379.29	4.36826	0.0448897
XM_017000844.2	3981	3753.29	4.16006	0.0498803
XM_017000845.2	3978	3750.29	19.6839	0.236204
XM_017000846.2	3954	3726.29	3.85292e-05	4.65324e-07
XM_017000847.2	3951	3723.29	0	0
XM_017000848.2	3879	3651.29	8.46235	0.1043
XM_017000849.2	3864	3636.29	4.6661	0.057748
XM_017000850.2	3789	3561.29	22.2491	0.281156
XM_017000852.2	5093	4865.29	0	0
XM_017000853.3	3183	2955.29	0.000253334	3.85776e-06
XM_017000854.3	3202	2974.29	0	0
XM_017000869.3	14198	13970.3	11.9407	0.0384651
XM_017000870.3	14187	13959.3	0.121498	0.000391696
XM_017000871.3	14064	13836.3	21.8444	0.0710497
XM_017000889.2	3626	3398.29	53.3963	0.70712
XM_017000891.2	3850	3622.29	28.5123	0.354235
XM_017000894.3	1563	1335.29	0	0
XM_017000897.3	2940	2712.29	0	0
XM_017000898.3	2674	2446.29	158.987	2.92479
XM_017000900.1	8184	7956.29	55.4082	0.313405
XM_017000903.2	2181	1953.29	0	0
XM_017000904.2	4963	4735.29	0	0
XM_017000906.2	2559	2331.29	0	0
XM_017000907.2	2097	1869.29	0	0
XM_017000908.2	2093	1865.29	0	0
XM_017000909.2	2359	2131.29	0	0
XM_017000910.3	2362	2134.29	0	0
XM_017000912.2	2320	2092.29	0	0
XM_017000916.2	3312	3084.29	39.0044	0.569116
XM_017000917.2	3200	2972.29	0	0
XM_017000924.3	6670	6442.29	0	0
XM_017000925.3	6666	6438.29	0	0
XM_017000926.2	6840	6612.29	0	0
XM_017000927.2	6825	6597.29	0	0
XM_017000928.3	5581	5353.29	0	0
XM_017000929.3	5535	5307.29	0	0
XM_017000930.2	3061	2833.29	0	0
XM_017000931.2	13211	12983.3	0	0
XM_017000933.3	12128	11900.3	0	0
XM_017000934.2	11943	11715.3	0	0
XM_017000936.2	6849	6621.29	0	0
XM_017000937.3	21303	21075.3	0	0
XM_017000939.2	15577	15349.3	0	0
XM_017000941.3	7792	7564.29	0	0
XM_017000943.2	3945	3717.29	0.163112	0.0019747
XM_017000945.3	3226	2998.29	0	0
XM_017000946.3	3407	3179.29	0	0
XM_017000947.2	4177	3949.29	0	0
XM_017000951.2	3500	3272.29	0	0
XM_017000952.2	3254	3026.29	7.91219	0.11766
XM_017000953.2	3478	3250.29	0	0
XM_017000954.3	1847	1619.29	0	0
XM_017000956.2	1730	1502.29	0	0
XM_017000957.3	1787	1559.29	0	0
XM_017000961.3	4985	4757.29	42.5183	0.402215
XM_017000962.2	2303	2075.29	43.5005	0.943316
XM_017000964.3	37183	36955.3	40.2118	0.0489688
XM_017000973.3	1573	1345.29	0	0
XM_017000974.2	6993	6765.29	34.1159	0.226941
XM_017000976.2	7801	7573.29	0	0
XM_017000977.2	7789	7561.29	0	0
XM_017000978.2	7771	7543.29	0	0
XM_017000979.2	3041	2813.29	0	0
XM_017000980.2	7583	7355.29	0	0
XM_017000982.3	21968	21740.3	47.4251	0.0981714
XM_017000984.2	2855	2627.29	18.4887	0.316695
XM_017000985.2	3272	3044.29	11.6953	0.172889
XM_017000986.2	3084	2856.29	42.12	0.663633
XM_017000988.2	2658	2430.29	0	0
XM_017000989.2	2976	2748.29	0	0
XM_017000991.2	1934	1706.29	0	0
XM_017000992.2	1587	1359.29	0	0
XM_017000993.2	1944	1716.29	71.7906	1.88243
XM_017000994.3	2906	2678.29	6.10984	0.102663
XM_017000995.3	784	556.487	0	0
XM_017000996.2	4728	4500.29	0	0
XM_017000998.1	4269	4041.29	26.8793	0.299322
XM_017000999.2	4860	4632.29	44.3568	0.43093
XM_017001000.3	4596	4368.29	10.5977	0.109179
XM_017001001.2	4040	3812.29	0	0
XM_017001002.2	4264	4036.29	0	0
XM_017001005.3	3511	3283.29	84.9574	1.16448
XM_017001006.2	1087	859.293	11.8305	0.619589
XM_017001008.3	3052	2824.29	35.2973	0.562437
XM_017001012.2	3756	3528.29	195.226	2.49009
XM_017001023.2	2278	2050.29	0	0
XM_017001024.2	8531	8303.29	5.47896	0.0296955
XM_017001035.2	16598	16370.3	37.2626	0.102438
XM_017001036.2	2283	2055.29	0	0
XM_017001037.3	2537	2309.29	0	0
XM_017001038.3	2574	2346.29	11.6675	0.223789
XM_017001039.3	2396	2168.29	0	0
XM_017001043.3	1899	1671.29	0	0
XM_017001047.1	1215	987.293	0	0
XM_017001049.2	4771	4543.29	0	0
XM_017001051.2	2839	2611.29	0	0
XM_017001052.2	3990	3762.29	0	0
XM_017001053.2	3846	3618.29	10.5342	0.131021
XM_017001055.2	1541	1313.29	0	0
XM_017001059.3	2907	2679.29	77.21	1.29687
XM_017001060.3	3159	2931.29	1415.67	21.7343
XM_017001061.3	3110	2882.29	136.978	2.13873
XM_017001065.3	4397	4169.29	0	0
XM_017001066.2	4393	4165.29	0	0
XM_017001068.3	4347	4119.29	0	0
XM_017001069.3	4296	4068.29	0	0
XM_017001070.2	4292	4064.29	0	0
XM_017001071.2	4309	4081.29	0	0
XM_017001072.3	4181	3953.29	0	0
XM_017001073.2	4208	3980.29	0	0
XM_017001074.2	4141	3913.29	0	0
XM_017001075.2	3232	3004.29	0	0
XM_017001076.2	2839	2611.29	0	0
XM_017001080.1	1957	1729.29	0	0
XM_017001081.2	4258	4030.29	0	0
XM_017001083.2	2994	2766.29	0	0
XM_017001084.2	2885	2657.29	62.135	1.0523
XM_017001085.2	1564	1336.29	43.6706	1.47072
XM_017001090.3	980	752.293	0	0
XM_017001097.3	7302	7074.29	334.49	2.12786
XM_017001098.3	7070	6842.29	134.028	0.881525
XM_017001101.2	3751	3523.29	1.25	0.0159663
XM_017001102.2	3751	3523.29	1.25	0.0159663
XM_017001103.3	2457	2229.29	0	0
XM_017001107.2	3868	3640.29	32.1484	0.397434
XM_017001109.2	1321	1093.29	0	0
XM_017001111.3	1431	1203.29	11.6027	0.43394
XM_017001118.3	1453	1225.29	0	0
XM_017001120.1	14458	14230.3	274.512	0.868141
XM_017001121.1	14407	14179.3	1.57097e-08	4.98603e-11
XM_017001122.1	14404	14176.3	6.80299e-08	2.15963e-10
XM_017001123.2	3128	2900.29	5.1515	0.0799344
XM_017001125.2	3469	3241.29	0	0
XM_017001126.2	3334	3106.29	0	0
XM_017001127.2	3153	2925.29	0	0
XM_017001128.2	2944	2716.29	0	0
XM_017001129.2	2937	2709.29	0	0
XM_017001132.2	3004	2776.29	0	0
XM_017001133.2	1890	1662.29	0	0
XM_017001136.3	1748	1520.29	0	0
XM_017001139.3	2504	2276.29	0	0
XM_017001142.2	1546	1318.29	0	0
XM_017001143.2	1468	1240.29	0	0
XM_017001144.2	1193	965.293	0	0
XM_017001145.2	1670	1442.29	0.514013	0.0160385
XM_017001146.3	1146	918.293	1.18795	0.0582184
XM_017001147.2	2305	2077.29	0	0
XM_017001153.1	1527	1299.29	0	0
XM_017001154.3	6074	5846.29	0	0
XM_017001155.3	6071	5843.29	0	0
XM_017001156.3	6036	5808.29	0	0
XM_017001157.3	6026	5798.29	0	0
XM_017001159.3	5942	5714.29	0	0
XM_017001160.3	5930	5702.29	0	0
XM_017001161.3	4646	4418.29	0	0
XM_017001162.3	5996	5768.29	44.0152	0.343398
XM_017001164.3	5983	5755.29	18.2637	0.142811
XM_017001167.3	5731	5503.29	17.7922	0.145496
XM_017001169.3	3849	3621.29	22.161	0.275402
XM_017001171.3	3964	3736.29	0	0
XM_017001173.2	1218	990.293	0	0
XM_017001174.2	1759	1531.29	0	0
XM_017001175.2	1149	921.293	0	0
XM_017001179.3	6985	6757.29	0.741099	0.00493567
XM_017001180.3	3389	3161.29	0	0
XM_017001181.2	4989	4761.29	1.15768	0.0109422
XM_017001183.2	4521	4293.29	0	0
XM_017001185.3	7569	7341.29	0	0
XM_017001188.2	3984	3756.29	0	0
XM_017001189.2	3853	3625.29	0	0
XM_017001190.2	4657	4429.29	0	0
XM_017001191.1	3862	3634.29	0	0
XM_017001192.3	3922	3694.29	0	0
XM_017001193.3	3978	3750.29	0	0
XM_017001196.1	2356	2128.29	0	0
XM_017001198.3	1951	1723.29	0	0
XM_017001199.2	5911	5683.29	0	0
XM_017001203.2	5764	5536.29	0	0
XM_017001205.3	2155	1927.29	0	0
XM_017001206.2	2612	2384.29	0	0
XM_017001211.3	5094	4866.29	1.94069	0.0179473
XM_017001213.2	11776	11548.3	0	0
XM_017001215.2	1863	1635.29	0	0
XM_017001218.2	2808	2580.29	0	0
XM_017001226.2	832	604.427	17.4453	1.2989
XM_017001234.3	6114	5886.29	4.0401e-05	3.08882e-07
XM_017001235.3	5984	5756.29	89.4625	0.699424
XM_017001236.2	4935	4707.29	155.405	1.48571
XM_017001239.2	4929	4701.29	0	0
XM_017001240.1	4518	4290.29	8.54494	0.0896323
XM_017001241.1	4666	4438.29	0	0
XM_017001242.2	4549	4321.29	90.5189	0.942688
XM_017001243.3	8009	7781.29	104.095	0.602033
XM_017001244.3	7709	7481.29	0	0
XM_017001245.3	5795	5567.29	0	0
XM_017001246.2	7246	7018.29	0	0
XM_017001249.2	3682	3454.29	735.806	9.5862
XM_017001250.2	4162	3934.29	0	0
XM_017001252.2	13133	12905.3	0.00964655	3.36393e-05
XM_017001253.2	13109	12881.3	0.123795	0.000432499
XM_017001254.2	13076	12848.3	4.16902	0.0146026
XM_017001255.2	12956	12728.3	0	0
XM_017001256.2	12752	12524.3	0	0
XM_017001257.2	1476	1248.29	0	0
XM_017001258.2	1131	903.293	0.697543	0.0347524
XM_017001260.3	7359	7131.29	0	0
XM_017001261.3	7079	6851.29	0	0
XM_017001262.3	2253	2025.29	0	0
XM_017001263.3	6525	6297.29	0	0
XM_017001264.2	1055	827.293	1.21509	0.0660985
XM_017001265.2	1891	1663.29	0	0
XM_017001266.2	1781	1553.29	0	0
XM_017001267.3	1496	1268.29	0	0
XM_017001268.2	2142	1914.29	0	0
XM_017001269.2	1554	1326.29	0.248997	0.00844885
XM_017001271.2	6866	6638.29	2.63338e-08	1.78525e-10
XM_017001272.3	3822	3594.29	0	0
XM_017001273.2	2403	2175.29	0	0
XM_017001274.3	3786	3558.29	8.29523	0.104913
XM_017001276.2	2359	2131.29	0	0
XM_017001279.2	2170	1942.29	0	0
XM_017001281.2	2253	2025.29	0	0
XM_017001282.2	1681	1453.29	0	0
XM_017001283.2	973	745.293	0	0
XM_017001284.2	561	336.904	0	0
XM_017001288.3	4742	4514.29	21.6492	0.215821
XM_017001289.2	4730	4502.29	2.1992e-05	2.19823e-07
XM_017001290.3	4700	4472.29	0	0
XM_017001291.2	4697	4469.29	0	0
XM_017001292.2	4634	4406.29	5.02245	0.0512962
XM_017001293.2	4586	4358.29	0	0
XM_017001294.2	4596	4368.29	24.9539	0.25708
XM_017001295.2	4584	4356.29	69.3573	0.716502
XM_017001296.2	4554	4326.29	0	0
XM_017001299.2	2545	2317.29	0	0
XM_017001301.2	5919	5691.29	0	0
XM_017001303.2	2275	2047.29	0	0
XM_017001304.2	5594	5366.29	9.62895	0.0807508
XM_017001305.3	5464	5236.29	0	0
XM_017001311.2	10076	9848.29	0	0
XM_017001312.2	10061	9833.29	0	0
XM_017001313.2	9926	9698.29	0	0
XM_017001314.2	6210	5982.29	4.81136	0.0361945
XM_017001315.2	5647	5419.29	0	0
XM_017001316.2	1680	1452.29	0	0
XM_017001317.2	1333	1105.29	0	0
XM_017001321.3	1450	1222.29	0	0
XM_017001327.2	537	314.382	0	0
XM_017001328.3	6924	6696.29	9.38794	0.0630926
XM_017001329.3	10190	9962.29	0.0246625	0.000111409
XM_017001330.3	10154	9926.29	9.6192	0.0436108
XM_017001332.2	1896	1668.29	0	0
XM_017001333.2	1891	1663.29	2.04104	0.0552236
XM_017001341.3	4037	3809.29	0	0
XM_017001342.2	3379	3151.29	37.0797	0.529528
XM_017001343.2	3376	3148.29	42.9205	0.613525
XM_017001345.2	15424	15196.3	2.15944e-07	6.39507e-10
XM_017001352.2	1638	1410.29	0	0
XM_017001355.3	13236	13008.3	4.41971	0.0152903
XM_017001356.3	2079	1851.29	0.965305	0.0234656
XM_017001364.3	2520	2292.29	0	0
XM_017001365.3	2324	2096.29	0	0
XM_017001366.3	3825	3597.29	29.3684	0.367407
XM_017001369.2	1890	1662.29	11.4027	0.308705
XM_017001374.3	2605	2377.29	2.25174	0.0426264
XM_017001376.2	5756	5528.29	0	0
XM_017001377.2	5462	5234.29	0	0
XM_017001378.2	3080	2852.29	30.3345	0.478613
XM_017001379.2	2999	2771.29	30.9093	0.501936
XM_017001380.3	3008	2780.29	30.8438	0.499251
XM_017001383.2	2929	2701.29	77.261	1.28715
XM_017001384.2	2630	2402.29	1.61226	0.0302031
XM_017001385.3	4167	3939.29	1.023	0.0116869
XM_017001387.3	1671	1443.29	0	0
XM_017001388.3	3013	2785.29	48.899	0.790081
XM_017001395.3	3345	3117.29	0	0
XM_017001399.2	4019	3791.29	33.8807	0.402168
XM_017001402.3	3026	2798.29	48.0482	0.772727
XM_017001404.2	2153	1925.29	9.07787	0.212192
XM_017001409.2	1047	819.293	2.16951	0.119169
XM_017001410.3	999	771.293	898.165	52.4057
XM_017001419.2	2596	2368.29	0	0
XM_017001423.3	3048	2820.29	0	0
XM_017001424.2	2628	2400.29	1.8324	0.0343556
XM_017001425.3	1780	1552.29	40.3878	1.1709
XM_017001428.2	1489	1261.29	0	0
XM_017001433.3	2142	1914.29	0.162556	0.00382154
XM_017001438.2	5536	5308.29	3.83614e-05	3.25223e-07
XM_017001445.2	3790	3562.29	0	0
XM_017001449.2	955	727.293	25.2501	1.56242
XM_017001454.3	2153	1925.29	0	0
XM_017001463.2	2971	2743.29	0.5	0.00820238
XM_017001472.2	4750	4522.29	9.48556	0.0943944
XM_017001486.2	4344	4116.29	0	0
XM_017001488.2	4142	3914.29	9.7029e-05	1.11555e-06
XM_017001493.1	1273	1045.29	0	0
XM_017001498.2	422	210.345	38.7945	8.30003
XM_017001506.3	4666	4438.29	0	0
XM_017001508.3	1213	985.293	0	0
XM_017001510.2	4787	4559.29	0.000410019	4.04715e-06
XM_017001511.3	4911	4683.29	0	0
XM_017001513.2	4614	4386.29	0	0
XM_017001516.3	1996	1768.29	233.232	5.93576
XM_017001517.2	1693	1465.29	0.866107	0.0266005
XM_017001518.3	19925	19697.3	24.0387	0.054922
XM_017001519.3	1474	1246.29	0	0
XM_017001520.3	1451	1223.29	0	0
XM_017001521.3	1477	1249.29	0	0
XM_017001523.2	1254	1026.29	0.0151767	0.000665501
XM_017001524.2	1251	1023.29	0.0738856	0.00324939
XM_017001525.2	3542	3314.29	0	0
XM_017001526.3	2066	1838.29	0	0
XM_017001527.2	3833	3605.29	3.65855	0.0456678
XM_017001528.3	2753	2525.29	0	0
XM_017001530.3	3344	3116.29	0	0
XM_017001535.2	1492	1264.29	24.6448	0.877244
XM_017001539.3	8095	7867.29	0	0
XM_017001540.3	8234	8006.29	0	0
XM_017001543.3	1040	812.293	27.2775	1.51124
XM_017001566.3	1398	1170.29	0.000175313	6.74159e-06
XM_017001582.2	4481	4253.29	3.44955	0.0364989
XM_017001583.2	3159	2931.29	0	0
XM_017001585.2	3251	3023.29	0	0
XM_017001586.2	3088	2860.29	0	0
XM_017001587.2	3081	2853.29	0	0
XM_017001589.2	1229	1001.29	0	0
XM_017001590.2	2436	2208.29	0	0
XM_017001592.3	5748	5520.29	11.5501	0.0941599
XM_017001593.3	2221	1993.29	39.8861	0.900519
XM_017001595.2	1575	1347.29	0	0
XM_017001617.2	4499	4271.29	393.782	4.14896
XM_017001619.2	6599	6371.29	13.2024	0.0932542
XM_017001620.2	6584	6356.29	22.1903	0.157109
XM_017001625.3	2847	2619.29	6.22741	0.106996
XM_017001643.3	2037	1809.29	0	0
XM_017001645.2	1911	1683.29	37.2656	0.9963
XM_017001646.2	1961	1733.29	0	0
XM_017001649.2	1850	1622.29	0	0
XM_017001652.2	1778	1550.29	29.8222	0.865702
XM_017001655.2	1719	1491.29	0	0
XM_017001662.3	1684	1456.29	0	0
XM_017001664.3	1618	1390.29	0	0
XM_017001668.1	1611	1383.29	0	0
XM_017001669.3	1578	1350.29	0	0
XM_017001670.3	2471	2243.29	0	0
XM_017001671.2	1616	1388.29	0	0
XM_017001677.2	35440	35212.3	20.7681	0.0265426
XM_017001678.2	2251	2023.29	0	0
XM_017001679.2	2252	2024.29	0	0
XM_017001680.2	1601	1373.29	0	0
XM_017001681.2	615	389.417	5.77092	0.666918
XM_017001685.3	4114	3886.29	73.9102	0.855876
XM_017001686.3	4057	3829.29	87.4056	1.02722
XM_017001687.1	4036	3808.29	0	0
XM_017001688.3	4083	3855.29	3.94329	0.0460303
XM_017001689.2	4026	3798.29	4.57782	0.0542391
XM_017001690.2	2768	2540.29	31.2292	0.553248
XM_017001691.1	2322	2094.29	28.4551	0.611456
XM_017001693.2	9430	9202.29	0	0
XM_017001698.2	1842	1614.29	0.00125622	3.50207e-05
XM_017001699.3	1803	1575.29	0	0
XM_017001700.2	1767	1539.29	2.34689e-07	6.8614e-09
XM_017001702.3	1864	1636.29	85.2225	2.34388
XM_017001711.2	1841	1613.29	0	0
XM_017001716.2	1817	1589.29	0	0
XM_017001717.2	2019	1791.29	0	0
XM_017001723.2	2573	2345.29	87.7703	1.6842
XM_017001746.3	13703	13475.3	0	0
XM_017001747.2	13640	13412.3	0	0
XM_017001748.2	13634	13406.3	10.0147	0.0336181
XM_017001749.2	13628	13400.3	5.39208	0.0181086
XM_017001750.2	13592	13364.3	0	0
XM_017001751.2	13571	13343.3	333.941	1.12629
XM_017001752.2	13460	13232.3	214.642	0.729998
XM_017001761.3	4396	4168.29	8.46067	0.0913459
XM_017001769.3	4832	4604.29	9.54175	0.0932625
XM_017001777.2	2455	2227.29	13.7298	0.277414
XM_017001778.3	3955	3727.29	0	0
XM_017001779.3	3431	3203.29	0.0117698	0.000165354
XM_017001782.3	5884	5656.29	82.4084	0.655665
XM_017001785.2	11516	11288.3	0.479839	0.00191298
XM_017001786.3	8314	8086.29	0.0121093	6.73923e-05
XM_017001787.3	10462	10234.3	39.4336	0.173401
XM_017001788.2	6265	6037.29	16.9895	0.126643
XM_017001789.2	3420	3192.29	0	0
XM_017001790.2	2409	2181.29	0	0
XM_017001792.2	2127	1899.29	0	0
XM_017001793.2	2165	1937.29	0	0
XM_017001797.2	1768	1540.29	0	0
XM_017001802.2	1643	1415.29	0	0
XM_017001803.3	1331	1103.29	0	0
XM_017001806.2	6336	6108.29	35.8251	0.263943
XM_017001809.3	4620	4392.29	560.906	5.747
XM_017001816.2	1275	1047.29	8.36141	0.359297
XM_017001825.2	1284	1056.29	35.7039	1.52116
XM_017001832.2	7770	7542.29	0	0
XM_017001833.2	8064	7836.29	0	0
XM_017001835.2	2861	2633.29	3.27781	0.056018
XM_017001836.2	2103	1875.29	0	0
XM_017001837.2	4553	4325.29	1.7482	0.0181894
XM_017001838.2	4467	4239.29	32.4235	0.344199
XM_017001840.3	4679	4451.29	1668.04	16.8641
XM_017001841.3	5137	4909.29	10.6569	0.0976908
XM_017001844.3	3863	3635.29	0	0
XM_017001845.3	3140	2912.29	0	0
XM_017001846.2	3098	2870.29	18.5742	0.291224
XM_017001847.3	3137	2909.29	90.254	1.39612
XM_017001848.3	1994	1766.29	103.819	2.6452
XM_017001850.2	8358	8130.29	68.8098	0.380878
XM_017001862.2	6620	6392.29	53.9738	0.379987
XM_017001863.2	6461	6233.29	0	0
XM_017001866.3	2616	2388.29	0	0
XM_017001867.2	2141	1913.29	0	0
XM_017001868.2	1366	1138.29	52.9085	2.09177
XM_017001873.1	1783	1555.29	5.24693	0.151822
XM_017001874.2	6125	5897.29	761.68	5.81249
XM_017001896.2	6716	6488.29	0	0
XM_017001899.2	5808	5580.29	0	0
XM_017001900.2	5484	5256.29	0	0
XM_017001901.2	5430	5202.29	3.25958	0.0281974
XM_017001902.2	5428	5200.29	0	0
XM_017001903.2	5419	5191.29	0	0
XM_017001905.2	5384	5156.29	0	0
XM_017001906.2	5330	5102.29	47.4355	0.418389
XM_017001908.2	5321	5093.29	0	0
XM_017001909.2	5265	5037.29	0	0
XM_017001910.2	5221	4993.29	0	0
XM_017001911.2	5165	4937.29	0	0
XM_017001912.2	5155	4927.29	0	0
XM_017001914.3	6553	6325.29	39.7348	0.282705
XM_017001915.2	5690	5462.29	0	0
XM_017001918.2	3097	2869.29	0	0
XM_017001919.2	5510	5282.29	0	0
XM_017001920.2	5510	5282.29	0	0
XM_017001923.2	5384	5156.29	0	0
XM_017001924.2	5476	5248.29	3.88199e-06	3.32873e-08
XM_017001927.2	5399	5171.29	0	0
XM_017001928.3	5552	5324.29	45.4383	0.384063
XM_017001930.2	5431	5203.29	0	0
XM_017001931.2	5434	5206.29	0	0
XM_017001933.2	5248	5020.29	0	0
XM_017001934.2	5918	5690.29	0	0
XM_017001938.2	2296	2068.29	0	0
XM_017001941.2	13451	13223.3	130.865	0.445376
XM_017001942.3	7423	7195.29	0.000104779	6.55342e-07
XM_017001944.2	7399	7171.29	0.417966	0.00262292
XM_017001945.2	7420	7192.29	0.0544972	0.000340996
XM_017001946.2	6880	6652.29	0	0
XM_017001951.2	12076	11848.3	0	0
XM_017001955.3	2776	2548.29	2.84198	0.0501896
XM_017001958.2	12660	12432.3	0.00220276	7.97366e-06
XM_017001959.2	1019	791.293	11.9527	0.679786
XM_017001995.3	3124	2896.29	185.533	2.88284
XM_017001996.2	3261	3033.29	0	0
XM_017001997.2	3162	2934.29	0	0
XM_017002009.2	3138	2910.29	0	0
XM_017002014.3	1473	1245.29	0	0
XM_017002015.2	2044	1816.29	0	0
XM_017002019.3	3482	3254.29	17.8446	0.24677
XM_017002020.2	1683	1455.29	0	0
XM_017002023.2	9769	9541.29	0	0
XM_017002024.2	9816	9588.29	45.2288	0.212284
XM_017002028.2	16616	16388.3	0	0
XM_017002029.2	975	747.293	0	0
XM_017002031.2	523	301.192	0	0
XM_017002032.2	615	389.417	0	0
XM_017002033.2	449	233.505	678.663	130.798
XM_017002034.3	1282	1054.29	27.5215	1.17477
XM_017002035.3	1283	1055.29	2.53747	0.108211
XM_017002036.2	718	490.852	105.663	9.68757
XM_017002047.2	6265	6037.29	1.89034	0.014091
XM_017002048.2	5545	5317.29	0	0
XM_017002049.2	4759	4531.29	0	0
XM_017002053.3	8863	8635.29	2179.93	11.3608
XM_017002054.3	8860	8632.29	1353.79	7.05775
XM_017002059.3	20618	20390.3	0	0
XM_017002060.3	20606	20378.3	0	0
XM_017002061.3	20564	20336.3	0	0
XM_017002062.3	20558	20330.3	0	0
XM_017002063.3	20552	20324.3	0	0
XM_017002064.3	20549	20321.3	0	0
XM_017002065.3	20504	20276.3	0	0
XM_017002066.3	20495	20267.3	0	0
XM_017002067.3	20492	20264.3	0	0
XM_017002069.3	20132	19904.3	0	0
XM_017002071.2	19706	19478.3	0	0
XM_017002072.2	20323	20095.3	0	0
XM_017002073.2	19646	19418.3	17.3358	0.0401768
XM_017002074.2	20263	20035.3	15.0671	0.0338435
XM_017002077.3	19501	19273.3	0	0
XM_017002080.3	19427	19199.3	0	0
XM_017002081.3	3427	3199.29	156.3	2.19861
XM_017002083.2	3005	2777.29	107.828	1.74724
XM_017002084.2	2871	2643.29	43.534	0.741183
XM_017002087.3	4981	4753.29	54.2837	0.513945
XM_017002094.3	24435	24207.3	52.4957	0.0975933
XM_017002096.3	7869	7641.29	0	0
XM_017002098.3	4221	3993.29	138.781	1.56402
XM_017002099.3	2340	2112.29	0	0
XM_017002102.3	2447	2219.29	38.975	0.79034
XM_017002105.3	2096	1868.29	30.699	0.739471
XM_017002107.3	3990	3762.29	38.9467	0.465865
XM_017002108.3	718	490.852	74.7934	6.85734
XM_017002113.2	2520	2292.29	10.5724	0.207561
XM_017002116.2	2230	2002.29	0	0
XM_017002123.1	4875	4647.29	91.6883	0.887883
XM_017002124.2	4293	4065.29	136.637	1.51258
XM_017002126.2	4714	4486.29	70.2024	0.704217
XM_017002127.1	3045	2817.29	27.682	0.44219
XM_017002128.2	5511	5283.29	0	0
XM_017002130.3	3758	3530.29	0	0
XM_017002131.3	3398	3170.29	0	0
XM_017002144.3	2827	2599.29	70.9463	1.22833
XM_017002147.2	2114	1886.29	0	0
XM_017002148.2	4010	3782.29	0	0
XM_017002150.3	984	756.293	0.138546	0.00824417
XM_017002152.3	2968	2740.29	28.1645	0.462539
XM_017002154.3	1682	1454.29	0	0
XM_017002155.2	1705	1477.29	0	0
XM_017002156.2	1970	1742.29	0	0
XM_017002177.2	1833	1605.29	0	0
XM_017002178.2	574	349.421	1	0.128793
XM_017002180.2	8351	8123.29	5.46004	0.0302487
XM_017002181.3	8634	8406.29	11.0952	0.059398
XM_017002182.2	8285	8057.29	18.146	0.101352
XM_017002183.2	7469	7241.29	29.9673	0.18624
XM_017002184.2	3505	3277.29	0	0
XM_017002185.1	2751	2523.29	0	0
XM_017002186.2	1324	1096.29	0	0
XM_017002191.2	4486	4258.29	0	0
XM_017002194.3	3898	3670.29	0	0
XM_017002196.2	2976	2748.29	87.9156	1.43961
XM_017002199.3	8447	8219.29	0	0
XM_017002200.3	1820	1592.29	0	0
XM_017002201.2	1757	1529.29	37.7991	1.11233
XM_017002202.3	1757	1529.29	0	0
XM_017002203.2	1888	1660.29	7.01326	0.190098
XM_017002205.2	1418	1190.29	13.4595	0.508884
XM_017002207.3	3416	3188.29	4.52419	0.0638594
XM_017002208.2	4149	3921.29	0	0
XM_017002209.3	1323	1095.29	25.9279	1.06532
XM_017002223.3	3590	3362.29	0	0
XM_017002224.2	3361	3133.29	4.28578	0.0615561
XM_017002228.2	4708	4480.29	0	0
XM_017002234.2	3233	3005.29	0	0
XM_017002237.2	9440	9212.29	55.958	0.273361
XM_017002238.2	9449	9221.29	41.9393	0.204678
XM_017002241.2	8706	8478.29	61.3031	0.325399
XM_017002243.2	17066	16838.3	0	0
XM_017002244.2	17066	16838.3	0	0
XM_017002245.2	17054	16826.3	0	0
XM_017002246.2	17054	16826.3	0	0
XM_017002247.2	17009	16781.3	0	0
XM_017002248.2	17000	16772.3	0	0
XM_017002249.2	16937	16709.3	0	0
XM_017002250.2	16880	16652.3	0	0
XM_017002251.1	16710	16482.3	0	0
XM_017002260.3	7682	7454.29	36.5167	0.220459
XM_017002261.3	4907	4679.29	48.1481	0.463065
XM_017002269.2	2897	2669.29	0	0
XM_017002270.3	3685	3457.29	0	0
XM_017002271.3	2816	2588.29	0	0
XM_017002272.2	2798	2570.29	0	0
XM_017002273.3	3103	2875.29	0	0
XM_017002274.1	2864	2636.29	0	0
XM_017002275.1	2852	2624.29	0	0
XM_017002277.2	2669	2441.29	0	0
XM_017002278.2	2651	2423.29	0	0
XM_017002279.2	2691	2463.29	0	0
XM_017002282.2	2808	2580.29	0	0
XM_017002286.3	2792	2564.29	11.7138	0.205576
XM_017002288.1	2425	2197.29	0	0
XM_017002292.2	2174	1946.29	0	0
XM_017002294.2	2114	1886.29	10.2064	0.243505
XM_017002295.2	2093	1865.29	0.596235	0.0143851
XM_017002298.2	1537	1309.29	0	0
XM_017002299.2	697	469.994	0	0
XM_017002301.2	1727	1499.29	27.8726	0.836631
XM_017002302.2	1211	983.293	154.455	7.06904
XM_017002303.3	1387	1159.29	373.124	14.4845
XM_017002304.3	1379	1151.29	99.1588	3.87603
XM_017002305.2	1033	805.293	259.821	14.5199
XM_017002307.2	836	608.427	5.00843	0.370455
XM_017002308.3	686	459.134	28.0068	2.74515
XM_017002316.2	2560	2332.29	0	0
XM_017002317.2	2362	2134.29	0	0
XM_017002318.2	2281	2053.29	0	0
XM_017002319.2	2275	2047.29	0	0
XM_017002327.3	1888	1660.29	0	0
XM_017002328.3	2156	1928.29	0	0
XM_017002329.3	2132	1904.29	0	0
XM_017002333.3	966	738.293	0	0
XM_017002335.3	2883	2655.29	0	0
XM_017002336.3	1945	1717.29	0	0
XM_017002340.2	4830	4602.29	49.1454	0.480564
XM_017002341.2	4824	4596.29	0	0
XM_017002342.3	4642	4414.29	394.075	4.01754
XM_017002344.2	4819	4591.29	0	0
XM_017002345.2	4813	4585.29	0	0
XM_017002353.2	3523	3295.29	0	0
XM_017002354.2	3436	3208.29	0	0
XM_017002355.1	3221	2993.29	0	0
XM_017002357.2	1689	1461.29	19.579	0.60297
XM_017002358.2	4030	3802.29	15.5941	0.184568
XM_017002363.3	2045	1817.29	26.9188	0.666613
XM_017002364.3	1733	1505.29	273.043	8.16306
XM_017002366.2	4792	4564.29	0	0
XM_017002367.2	4619	4391.29	138.484	1.41922
XM_017002369.3	4707	4479.29	0	0
XM_017002386.2	3074	2846.29	24.3199	0.384525
XM_017002387.2	3079	2851.29	11.9265	0.188241
XM_017002388.2	3042	2814.29	0	0
XM_017002394.3	2478	2250.29	0	0
XM_017002395.3	2379	2151.29	0	0
XM_017002400.3	1993	1765.29	0	0
XM_017002408.2	13304	13076.3	0	0
XM_017002410.2	13086	12858.3	0.0284978	9.97401e-05
XM_017002412.3	2707	2479.29	76.6055	1.39051
XM_017002417.2	6855	6627.29	0	0
XM_017002418.3	3458	3230.29	0	0
XM_017002424.3	2454	2226.29	306.57	6.19711
XM_017002425.3	3048	2820.29	9.41483	0.150231
XM_017002426.2	3085	2857.29	0.418411	0.00659008
XM_017002427.3	3037	2809.29	0	0
XM_017002429.3	713	485.852	0	0
XM_017002430.3	450	234.286	74.2806	14.2683
XM_017002432.3	3650	3422.29	28.4312	0.373869
XM_017002433.2	2837	2609.29	0	0
XM_017002435.2	3601	3373.29	42	0.560322
XM_017002436.2	3598	3370.29	0	0
XM_017002437.2	16090	15862.3	1315	3.73079
XM_017002439.2	3487	3259.29	89.2122	1.23181
XM_017002440.2	3484	3256.29	174.126	2.40648
XM_017002474.2	3191	2963.29	6.67316	0.101344
XM_017002475.2	3191	2963.29	30.8634	0.468717
XM_017002478.3	1426	1198.29	0	0
XM_017002479.2	1175	947.293	6.35285	0.301805
XM_017002483.2	9859	9631.29	14.3472	0.0670386
XM_017002484.3	5510	5282.29	33.6384	0.286586
XM_017002488.3	6106	5878.29	202.809	1.55266
XM_017002489.3	5842	5614.29	394.518	3.16238
XM_017002491.3	5706	5478.29	0.180174	0.00148009
XM_017002492.3	3116	2888.29	15.6927	0.244511
XM_017002493.3	2462	2234.29	0	0
XM_017002505.2	10803	10575.3	0	0
XM_017002506.2	10790	10562.3	0	0
XM_017002507.2	10800	10572.3	0	0
XM_017002508.2	10787	10559.3	0	0
XM_017002510.2	10766	10538.3	0	0
XM_017002515.2	10707	10479.3	0	0
XM_017002516.2	10694	10466.3	0	0
XM_017002524.2	10265	10037.3	0	0
XM_017002528.2	10193	9965.29	39.8135	0.179797
XM_017002529.2	10188	9960.29	0	0
XM_017002538.2	5386	5158.29	1.28331	0.0111961
XM_017002539.2	1675	1447.29	0	0
XM_017002540.2	1664	1436.29	0	0
XM_017002541.2	5177	4949.29	32.1093	0.291964
XM_017002542.3	7440	7212.29	5.332e-06	3.32705e-08
XM_017002543.2	1705	1477.29	11.2009	0.341216
XM_017002544.2	1039	811.293	0	0
XM_017002545.2	1425	1197.29	0	0
XM_017002546.2	4660	4432.29	33.1452	0.336539
XM_017002547.2	4760	4532.29	31.5565	0.313338
XM_017002550.3	4302	4074.29	0	0
XM_017002551.3	4229	4001.29	0	0
XM_017002552.3	9520	9292.29	0	0
XM_017002555.3	4218	3990.29	138.894	1.56647
XM_017002557.2	19086	18858.3	0	0
XM_017002558.2	1175	947.293	25.9174	1.23126
XM_017002560.3	1810	1582.29	1.38082	0.0392728
XM_017002562.2	1863	1635.29	5.68831	0.156542
XM_017002563.2	1898	1670.29	1.03017	0.027756
XM_017002564.2	1799	1571.29	415.516	11.9007
XM_017002566.2	1845	1617.29	8.17657	0.227523
XM_017002567.2	1840	1612.29	4.54407	0.126836
XM_017002569.2	1762	1534.29	40.9121	1.20001
XM_017002570.2	1755	1527.29	51.89	1.52899
XM_017002578.3	11017	10789.3	64.3285	0.26832
XM_017002580.3	11159	10931.3	49.7742	0.204916
XM_017002582.3	6487	6259.29	330.963	2.37956
XM_017002595.3	1704	1476.29	0	0
XM_017002596.3	5724	5496.29	0	0
XM_017002598.3	7700	7472.29	22.0243	0.132645
XM_017002599.3	4032	3804.29	6.98135	0.0825863
XM_017002604.3	1780	1552.29	0	0
XM_017002605.1	1407	1179.29	0	0
XM_017002611.2	4655	4427.29	162.737	1.65421
XM_017002612.2	5047	4819.29	0	0
XM_017002620.2	4131	3903.29	0	0
XM_017002622.1	5226	4998.29	0	0
XM_017002623.1	5223	4995.29	0	0
XM_017002624.1	5112	4884.29	0	0
XM_017002625.1	5112	4884.29	0	0
XM_017002626.1	4983	4755.29	68.8391	0.651479
XM_017002627.1	2721	2493.29	7.95246	0.143539
XM_017002631.3	6083	5855.29	0	0
XM_017002639.2	7134	6906.29	746.248	4.86274
XM_017002640.2	6015	5787.29	29.6394	0.230482
XM_017002648.3	1956	1728.29	66.2075	1.72398
XM_017002660.3	9828	9600.29	0	0
XM_017002677.3	6342	6114.29	0	0
XM_017002707.3	5687	5459.29	0.0545221	0.000449447
XM_017002708.3	5576	5348.29	16.0569	0.13511
XM_017002714.3	2390	2162.29	96.0804	1.99969
XM_017002716.1	1962	1734.29	961.414	24.9477
XM_017002717.2	2191	1963.29	285.397	6.54194
XM_017002722.3	1148	920.293	0	0
XM_017002723.3	6362	6134.29	81.6576	0.599066
XM_017002724.3	6359	6131.29	81.1922	0.595943
XM_017002726.3	6341	6113.29	37.2057	0.27389
XM_017002729.2	5751	5523.29	0	0
XM_017002739.2	3784	3556.29	0	0
XM_017002740.3	5555	5327.29	0	0
XM_017002743.3	5489	5261.29	0	0
XM_017002748.2	3236	3008.29	0	0
XM_017002749.2	3241	3013.29	0	0
XM_017002750.2	3135	2907.29	0	0
XM_017002756.2	1966	1738.29	46.8533	1.213
XM_017002762.3	1692	1464.29	0	0
XM_017002764.3	1632	1404.29	0	0
XM_017002765.2	1643	1415.29	2.66022	0.084589
XM_017002766.2	1631	1403.29	0	0
XM_017002772.2	2823	2595.29	7.58691	0.131559
XM_017002774.2	4649	4421.29	32.5676	0.331496
XM_017002779.2	3829	3601.29	31.1055	0.388706
XM_017002781.2	3706	3478.29	0	0
XM_017002782.2	3061	2833.29	0	0
XM_017002784.3	1248	1020.29	0	0
XM_017002785.3	3350	3122.29	0	0
XM_017002786.3	1018	790.293	0	0
XM_017002787.2	11538	11310.3	0	0
XM_017002788.3	5779	5551.29	0	0
XM_017002789.3	5148	4920.29	0	0
XM_017002791.3	1411	1183.29	0	0
XM_017002792.2	3340	3112.29	0	0
XM_017002793.3	3224	2996.29	102.89	1.54536
XM_017002803.2	7437	7209.29	97.2764	0.607235
XM_017002806.2	1698	1470.29	0	0
XM_017002808.1	783	555.487	0	0
XM_017002809.2	1350	1122.29	57.0399	2.28725
XM_017002810.2	2711	2483.29	0.0327837	0.000594117
XM_017002835.2	2210	1982.29	18.9908	0.431139
XM_017002836.2	2425	2197.29	0	0
XM_017002837.2	2229	2001.29	12.7537	0.286793
XM_017002839.2	4557	4329.29	0	0
XM_017002842.3	1774	1546.29	0	0
XM_017002843.2	1803	1575.29	35.6903	1.0196
XM_017002844.3	1487	1259.29	0	0
XM_017002849.2	14624	14396.3	0.191303	0.000598016
XM_017002850.2	14592	14364.3	3.05445	0.00956954
XM_017002851.2	14602	14374.3	0.858917	0.0026891
XM_017002852.2	14570	14342.3	13.2644	0.041621
XM_017002853.2	10316	10088.3	15.5145	0.0692092
XM_017002854.2	25066	24838.3	0.309135	0.000560105
XM_017002855.2	25045	24817.3	0.742679	0.00134676
XM_017002865.3	9018	8790.29	200.224	1.02508
XM_017002866.3	7933	7705.29	89.4051	0.522174
XM_017002867.3	794	566.487	0	0
XM_017002911.3	4542	4314.29	0	0
XM_017002920.3	7279	7051.29	0	0
XM_017002922.3	7159	6931.29	0	0
XM_017002923.3	7144	6916.29	102.34	0.665907
XM_017002924.3	7144	6916.29	0	0
XM_017002925.3	3019	2791.29	0	0
XM_017002926.3	2989	2761.29	0	0
XM_017002928.3	2969	2741.29	0	0
XM_017002932.2	10149	9921.29	8.86845	0.0402274
XM_017002935.3	7008	6780.29	277.038	1.83879
XM_017002937.3	6981	6753.29	25.977	0.173108
XM_017002938.3	6951	6723.29	809.772	5.4203
XM_017002942.3	6900	6672.29	0.663968	0.00447831
XM_017002945.3	6714	6486.29	124.621	0.864642
XM_017002946.3	6612	6384.29	0.130733	0.000921544
XM_017002947.3	6657	6429.29	386.976	2.70871
XM_017002949.3	6606	6378.29	0.219733	0.00155036
XM_017002951.3	6318	6090.29	18.1613	0.134199
XM_017002972.3	4023	3795.29	14.3388	0.170024
XM_017002982.3	4013	3785.29	116.488	1.38492
XM_017003001.3	6060	5832.29	65.4926	0.505353
XM_017003002.2	5920	5692.29	9.83538	0.0777582
XM_017003006.2	7108	6880.29	70.1058	0.458553
XM_017003007.2	6635	6407.29	0	0
XM_017003041.2	667	440.629	0	0
XM_017003066.2	1386	1158.29	0	0
XM_017003081.2	4434	4206.29	0	0
XM_017003098.2	1428	1200.29	0	0
XM_017003099.1	1792	1564.29	0	0
XM_017003100.2	2684	2456.29	0	0
XM_017003101.3	4869	4641.29	0	0
XM_017003103.3	3804	3576.29	15.9834	0.201131
XM_017003104.3	2909	2681.29	2.66039	0.0446522
XM_017003105.3	29617	29389.3	331.72	0.507955
XM_017003106.2	1465	1237.29	24.7764	0.901173
XM_017003107.2	1895	1667.29	33.843	0.913481
XM_017003108.3	695	468.041	9.48228	0.91174
XM_017003112.3	2850	2622.29	2.22241	0.0381403
XM_017003113.2	1328	1100.29	221.308	9.05173
XM_017003116.2	2340	2112.29	62.2614	1.3265
XM_017003132.3	6071	5843.29	5.20865e-06	4.01153e-08
XM_017003138.3	6234	6006.29	0	0
XM_017003144.3	6150	5922.29	1.10498e-05	8.3967e-08
XM_017003147.3	1292	1064.29	51.332	2.17055
XM_017003148.2	834	606.427	0	0
XM_017003149.2	735	507.753	0	0
XM_017003152.3	825	597.427	0	0
XM_017003153.3	966	738.293	0	0
XM_017003156.3	994	766.293	0	0
XM_017003159.3	9250	9022.29	58.5631	0.292112
XM_017003161.3	3192	2964.29	7.12011	0.108096
XM_017003162.3	3852	3624.29	0	0
XM_017003167.3	723	495.802	27.6656	2.51116
XM_017003170.2	4335	4107.29	0	0
XM_017003172.2	5923	5695.29	0	0
XM_017003173.2	5824	5596.29	17.2237	0.138506
XM_017003183.2	2660	2432.29	0	0
XM_017003187.2	5007	4779.29	30.9225	0.291174
XM_017003188.2	5141	4913.29	1.08744	0.00996032
XM_017003189.2	4935	4707.29	1.41252	0.0135041
XM_017003191.1	3780	3552.29	0	0
XM_017003196.3	3604	3376.29	0	0
XM_017003197.2	3816	3588.29	0	0
XM_017003205.2	2066	1838.29	0	0
XM_017003207.2	2243	2015.29	0	0
XM_017003210.2	2163	1935.29	0	0
XM_017003211.2	2159	1931.29	0	0
XM_017003212.2	2160	1932.29	0	0
XM_017003215.2	2036	1808.29	0.0216643	0.000539159
XM_017003220.2	3077	2849.29	3.09971e-06	4.89583e-08
XM_017003237.3	5975	5747.29	1642.24	12.8593
XM_017003238.3	1906	1678.29	493.389	13.2301
XM_017003239.2	3217	2989.29	0	0
XM_017003240.2	3148	2920.29	0	0
XM_017003242.2	3139	2911.29	0	0
XM_017003243.2	3133	2905.29	0	0
XM_017003245.2	3085	2857.29	0	0
XM_017003246.2	3076	2848.29	0	0
XM_017003247.2	3055	2827.29	0	0
XM_017003248.2	3052	2824.29	0	0
XM_017003249.2	2983	2755.29	0	0
XM_017003250.2	2974	2746.29	0	0
XM_017003252.2	2911	2683.29	0	0
XM_017003253.2	2531	2303.29	0	0
XM_017003256.2	2210	1982.29	0	0
XM_017003257.2	2134	1906.29	0	0
XM_017003265.3	10803	10575.3	1.48601e-07	6.32369e-10
XM_017003266.2	10815	10587.3	0	0
XM_017003267.3	10688	10460.3	0	0
XM_017003268.3	10619	10391.3	0	0
XM_017003269.3	10580	10352.3	0	0
XM_017003271.3	10505	10277.3	0	0
XM_017003272.3	10526	10298.3	0	0
XM_017003273.3	10466	10238.3	259.557	1.1409
XM_017003274.3	10451	10223.3	0	0
XM_017003276.3	10451	10223.3	0	0
XM_017003277.3	10358	10130.3	0	0
XM_017003278.2	1641	1413.29	0	0
XM_017003279.2	2576	2348.29	4.65557	0.0892202
XM_017003283.2	8460	8232.29	0	0
XM_017003284.2	19677	19449.3	0.00155157	3.59012e-06
XM_017003285.2	13062	12834.3	0	0
XM_017003286.2	19573	19345.3	2.41632	0.00562109
XM_017003287.2	8865	8637.29	0	0
XM_017003288.2	12944	12716.3	0	0
XM_017003289.1	7621	7393.29	0	0
XM_017003292.2	8058	7830.29	0	0
XM_017003293.2	7547	7319.29	0	0
XM_017003294.2	12004	11776.3	0	0
XM_017003295.2	3898	3670.29	0	0
XM_017003297.2	9867	9639.29	0	0
XM_017003305.2	1898	1670.29	42.2722	1.13895
XM_017003308.1	1789	1561.29	0	0
XM_017003309.2	10234	10006.3	0	0
XM_017003314.3	886	658.427	1.67252	0.114316
XM_017003315.3	803	575.487	37.2689	2.91443
XM_017003316.2	10979	10751.3	1.26666	0.00530204
XM_017003320.2	2232	2004.29	3.97007	0.0891414
XM_017003321.2	2270	2042.29	0.751718	0.0165645
XM_017003325.2	1312	1084.29	0	0
XM_017003326.2	3323	3095.29	1.34871	0.0196092
XM_017003327.2	5964	5736.29	77.4697	0.607775
XM_017003329.2	1627	1399.29	0	0
XM_017003330.3	1536	1308.29	0	0
XM_017003332.3	5368	5140.29	0	0
XM_017003351.3	6939	6711.29	0	0
XM_017003352.2	3193	2965.29	0	0
XM_017003354.3	784	556.487	4.41631	0.357147
XM_017003363.3	944	716.293	0	0
XM_017003364.2	1422	1194.29	0	0
XM_017003365.2	1350	1122.29	0	0
XM_017003366.2	1372	1144.29	0	0
XM_017003367.3	2178	1950.29	0	0
XM_017003368.2	1201	973.293	121.632	5.62402
XM_017003369.2	4489	4261.29	0	0
XM_017003371.2	1304	1076.29	0	0
XM_017003375.2	3450	3222.29	0	0
XM_017003376.2	843	615.427	4.83891	0.353845
XM_017003399.3	5747	5519.29	13.9789	0.113981
XM_017003401.3	9289	9061.29	0	0
XM_017003402.2	612	386.495	0	0
XM_017003403.3	3931	3703.29	0	0
XM_017003405.3	3265	3037.29	0	0
XM_017003409.2	625	399.259	0	0
XM_017003410.2	489	269.721	0	0
XM_017003411.2	702	474.947	0	0
XM_017003412.2	535	312.445	0	0
XM_017003413.2	4173	3945.29	0	0
XM_017003417.2	2954	2726.29	0	0
XM_017003424.2	2725	2497.29	93.1147	1.678
XM_017003427.2	2245	2017.29	0	0
XM_017003428.3	3770	3542.29	0	0
XM_017003429.3	3588	3360.29	0	0
XM_017003430.2	4543	4315.29	0.714104	0.0074472
XM_017003431.2	7027	6799.29	12.5493	0.0830612
XM_017003451.1	932	704.293	0	0
XM_017003452.3	4722	4494.29	18.7044	0.187294
XM_017003454.3	4208	3980.29	0.423262	0.0047856
XM_017003471.2	4959	4731.29	25.5357	0.242891
XM_017003474.2	1958	1730.29	0	0
XM_017003476.3	1502	1274.29	43.3712	1.5317
XM_017003477.3	1521	1293.29	12.9821	0.451742
XM_017003478.2	1551	1323.29	14.4572	0.491667
XM_017003480.3	4900	4672.29	2.29118	0.0220685
XM_017003481.2	2935	2707.29	6.26514	0.104145
XM_017003484.2	1213	985.293	0	0
XM_017003485.3	7541	7313.29	22.5973	0.139055
XM_017003487.2	7409	7181.29	0	0
XM_017003492.2	2406	2178.29	12.5849	0.260002
XM_017003493.3	2234	2006.29	0	0
XM_017003498.2	2090	1862.29	0	0
XM_017003517.3	1956	1728.29	778.767	20.2783
XM_017003519.1	2982	2754.29	0	0
XM_017003521.2	12479	12251.3	0	0
XM_017003524.2	6832	6604.29	0.302938	0.00206428
XM_017003526.2	9471	9243.29	0	0
XM_017003527.2	8675	8447.29	0	0
XM_017003546.2	1769	1541.29	8.40686	0.245466
XM_017003550.2	3805	3577.29	0	0
XM_017003551.2	4075	3847.29	0	0
XM_017003552.2	3877	3649.29	0	0
XM_017003553.3	4206	3978.29	0	0
XM_017003558.2	2188	1960.29	0	0
XM_017003559.2	3354	3126.29	0	0
XM_017003561.2	3155	2927.29	0	0
XM_017003562.2	3184	2956.29	0	0
XM_017003564.2	3257	3029.29	0	0
XM_017003565.2	2178	1950.29	35.9438	0.829405
XM_017003566.2	12201	11973.3	0	0
XM_017003568.2	9890	9662.29	198.43	0.924206
XM_017003569.2	9722	9494.29	78.0864	0.370131
XM_017003570.2	9449	9221.29	40.4908	0.197609
XM_017003571.2	9299	9071.29	53.2565	0.264208
XM_017003574.2	8936	8708.29	624.198	3.22576
XM_017003576.2	4007	3779.29	15.1364	0.180242
XM_017003577.3	12220	11992.3	0	0
XM_017003578.3	12175	11947.3	0	0
XM_017003579.3	12172	11944.3	0	0
XM_017003580.3	12145	11917.3	0	0
XM_017003581.3	12127	11899.3	0	0
XM_017003582.2	11627	11399.3	0	0
XM_017003585.3	2309	2081.29	154.51	3.34091
XM_017003586.3	2427	2199.29	499.042	10.2116
XM_017003593.3	1082	854.293	0	0
XM_017003594.2	831	603.427	0	0
XM_017003595.3	813	585.487	0	0
XM_017003596.3	1014	786.293	14.4776	0.828619
XM_017003598.2	4981	4753.29	85.4377	0.808904
XM_017003599.2	4824	4596.29	8.6207	0.0844068
XM_017003601.3	2694	2466.29	6.62415	0.120873
XM_017003604.2	7289	7061.29	0	0
XM_017003605.2	6964	6736.29	0	0
XM_017003606.2	7174	6946.29	0	0
XM_017003607.3	7256	7028.29	0	0
XM_017003608.2	10490	10262.3	0	0
XM_017003612.2	7111	6883.29	0	0
XM_017003615.2	6382	6154.29	0	0
XM_017003616.2	6376	6148.29	0	0
XM_017003620.1	6303	6075.29	0	0
XM_017003621.2	4996	4768.29	0	0
XM_017003622.2	5153	4925.29	0	0
XM_017003642.2	11285	11057.3	5.03452	0.0204904
XM_017003650.2	4955	4727.29	23.2896	0.221713
XM_017003665.2	8057	7829.29	0	0
XM_017003673.2	7898	7670.29	0	0
XM_017003682.3	6893	6665.29	64.9184	0.438319
XM_017003690.2	3693	3465.29	0	0
XM_017003696.3	6548	6320.29	6.5852	0.0468893
XM_017003697.3	6131	5903.29	0	0
XM_017003698.2	8030	7802.29	15.769	0.0909547
XM_017003699.2	8030	7802.29	6.88925e-07	3.97367e-09
XM_017003700.2	7754	7526.29	0.123518	0.00073857
XM_017003738.2	1593	1365.29	0	0
XM_017003739.3	2829	2601.29	0	0
XM_017003740.3	18293	18065.3	3.18793	0.00794157
XM_017003744.3	4691	4463.29	59.347	0.598392
XM_017003745.3	3229	3001.29	0	0
XM_017003746.2	4938	4710.29	43.2024	0.412765
XM_017003747.3	2031	1803.29	0	0
XM_017003749.3	14553	14325.3	26.171	0.0822165
XM_017003751.3	6825	6597.29	2.25125	0.0153568
XM_017003752.2	6177	5949.29	0	0
XM_017003753.2	5920	5692.29	0	0
XM_017003754.2	5955	5727.29	0	0
XM_017003756.2	3280	3052.29	0	0
XM_017003758.3	1038	810.293	0	0
XM_017003761.3	4750	4522.29	0	0
XM_017003767.2	1129	901.293	2.01373	0.100549
XM_017003770.2	3571	3343.29	19.1183	0.257345
XM_017003771.2	2900	2672.29	0.0167214	0.000281599
XM_017003772.2	2900	2672.29	14.1118	0.237652
XM_017003784.3	5916	5688.29	0	0
XM_017003789.2	4301	4073.29	0	0
XM_017003796.2	1666	1438.29	0	0
XM_017003797.2	1616	1388.29	6.88493	0.223183
XM_017003799.2	3359	3131.29	50.7774	0.729776
XM_017003800.3	3675	3447.29	7.0083	0.0914906
XM_017003801.2	8662	8434.29	141.165	0.75322
XM_017003802.3	8604	8376.29	0.0314826	0.000169146
XM_017003803.3	7379	7151.29	133.404	0.839509
XM_017003804.3	3056	2828.29	64.7126	1.02969
XM_017003806.2	1088	860.293	0	0
XM_017003807.2	2900	2672.29	0	0
XM_017003813.3	9493	9265.29	42.0491	0.204239
XM_017003814.3	16358	16130.3	5.51425	0.0153846
XM_017003816.3	13993	13765.3	24.5246	0.0801787
XM_017003817.3	2631	2403.29	251.755	4.71426
XM_017003818.2	6679	6451.29	102.044	0.711844
XM_017003830.2	5914	5686.29	144.042	1.13999
XM_017003835.2	2320	2092.29	0	0
XM_017003837.2	2762	2534.29	0	0
XM_017003839.1	2368	2140.29	0	0
XM_017003840.2	2991	2763.29	0	0
XM_017003841.2	2908	2680.29	0	0
XM_017003842.2	2740	2512.29	0	0
XM_017003843.2	2626	2398.29	0	0
XM_017003844.2	1952	1724.29	0	0
XM_017003845.2	2394	2166.29	0	0
XM_017003846.2	2686	2458.29	0	0
XM_017003847.2	2911	2683.29	0	0
XM_017003848.2	2908	2680.29	0	0
XM_017003849.2	2673	2445.29	0	0
XM_017003850.2	2572	2344.29	0	0
XM_017003851.2	2933	2705.29	0	0
XM_017003853.2	2449	2221.29	0	0
XM_017003854.2	2832	2604.29	0	0
XM_017003856.2	2425	2197.29	0	0
XM_017003857.2	2415	2187.29	0	0
XM_017003860.2	923	695.293	0	0
XM_017003861.2	3446	3218.29	0	0
XM_017003863.2	3344	3116.29	0	0
XM_017003864.2	3181	2953.29	0	0
XM_017003866.2	2820	2592.29	9.36471	0.162575
XM_017003872.3	2020	1792.29	0	0
XM_017003873.3	2008	1780.29	0	0
XM_017003874.3	1783	1555.29	0	0
XM_017003875.2	1559	1331.29	0	0
XM_017003879.2	9777	9549.29	5.28845	0.0249229
XM_017003880.2	10152	9924.29	37.1395	0.168414
XM_017003881.2	11124	10896.3	5.2183	0.0215522
XM_017003895.2	2661	2433.29	0	0
XM_017003898.2	3450	3222.29	2.14185	0.0299134
XM_017003900.2	3274	3046.29	4.70545	0.0695138
XM_017003902.2	9144	8916.29	6	0.0302837
XM_017003903.1	8594	8366.29	0	0
XM_017003904.2	1641	1413.29	0	0
XM_017003905.2	1001	773.293	0	0
XM_017003920.2	7961	7733.29	35.381	0.205896
XM_017003923.1	7927	7699.29	0	0
XM_017003924.1	6793	6565.29	0	0
XM_017003930.2	6601	6373.29	8.33943	0.0588863
XM_017003941.3	5045	4817.29	6434.29	60.1091
XM_017003942.2	5071	4843.29	3045.37	28.2971
XM_017003943.2	4247	4019.29	0	0
XM_017003945.3	5530	5302.29	32.3877	0.27489
XM_017003946.2	4182	3954.29	0	0
XM_017003947.3	4862	4634.29	10.8021	0.104898
XM_017003948.2	3266	3038.29	4.87514	0.0722104
XM_017003949.3	2935	2707.29	24.4488	0.40641
XM_017003953.3	1726	1498.29	0	0
XM_017003962.2	894	666.361	0	0
XM_017003963.2	848	620.427	0	0
XM_017003964.2	831	603.427	0	0
XM_017003965.2	817	589.487	0	0
XM_017003966.2	1038	810.293	0	0
XM_017003968.3	6520	6292.29	0	0
XM_017003969.2	1873	1645.29	0	0
XM_017003971.2	3856	3628.29	0	0
XM_017003972.2	3981	3753.29	0	0
XM_017003974.1	7365	7137.29	0	0
XM_017003975.3	7322	7094.29	0.963933	0.00611477
XM_017003977.3	7979	7751.29	0	0
XM_017003978.3	7577	7349.29	0	0
XM_017003979.3	3518	3290.29	0	0
XM_017003982.2	1622	1394.29	0	0
XM_017003984.2	2319	2091.29	0	0
XM_017003985.2	2856	2628.29	0	0
XM_017003986.3	3531	3303.29	10.9283	0.148883
XM_017003987.3	3379	3151.29	3.04195	0.0434416
XM_017003991.2	2531	2303.29	1	0.0195386
XM_017003994.2	3308	3080.29	5.23703e-05	7.6513e-07
XM_017004000.2	9964	9736.29	0	0
XM_017004001.2	9946	9718.29	1.56117e-07	7.22939e-10
XM_017004005.2	5436	5208.29	0.0162899	0.000140756
XM_017004006.2	5391	5163.29	4.06859e-05	3.54617e-07
XM_017004009.2	6625	6397.29	0	0
XM_017004010.2	6531	6303.29	0	0
XM_017004011.2	6432	6204.29	0	0
XM_017004012.2	6432	6204.29	0	0
XM_017004013.2	6432	6204.29	0	0
XM_017004014.2	6432	6204.29	0	0
XM_017004015.2	6432	6204.29	0	0
XM_017004016.2	6432	6204.29	0	0
XM_017004017.2	6432	6204.29	0	0
XM_017004018.2	6432	6204.29	0	0
XM_017004019.2	6432	6204.29	0	0
XM_017004020.2	6432	6204.29	6.03426	0.0437697
XM_017004022.2	6432	6204.29	0	0
XM_017004023.2	6432	6204.29	0	0
XM_017004024.2	6396	6168.29	0.00839301	6.12344e-05
XM_017004026.2	6330	6102.29	10.2293	0.0754388
XM_017004028.2	6330	6102.29	0	0
XM_017004030.2	6330	6102.29	0	0
XM_017004032.2	6330	6102.29	0	0
XM_017004034.2	6330	6102.29	0	0
XM_017004035.2	6330	6102.29	0	0
XM_017004036.2	6330	6102.29	0	0
XM_017004037.2	6330	6102.29	0	0
XM_017004039.2	6228	6000.29	0	0
XM_017004040.2	6228	6000.29	0	0
XM_017004041.2	6228	6000.29	0	0
XM_017004043.2	6228	6000.29	0	0
XM_017004044.2	6126	5898.29	0	0
XM_017004045.2	6126	5898.29	5.32996	0.0406668
XM_017004054.2	4234	4006.29	0	0
XM_017004055.2	4263	4035.29	0	0
XM_017004056.2	4559	4331.29	6.82771	0.0709414
XM_017004057.2	2551	2323.29	0	0
XM_017004058.3	2888	2660.29	2.96767	0.0502029
XM_017004060.3	2532	2304.29	0	0
XM_017004061.3	2262	2034.29	0	0
XM_017004062.2	4149	3921.29	0	0
XM_017004072.3	9993	9765.29	119.934	0.552714
XM_017004073.2	8838	8610.29	1.30989	0.00684633
XM_017004074.2	1186	958.293	0	0
XM_017004076.2	1191	963.293	0	0
XM_017004083.3	2887	2659.29	0	0
XM_017004085.3	9081	8853.29	0	0
XM_017004087.3	15845	15617.3	0	0
XM_017004088.3	5403	5175.29	0	0
XM_017004090.1	2868	2640.29	0	0
XM_017004098.3	8475	8247.29	0	0
XM_017004100.3	6517	6289.29	16.13	0.115419
XM_017004101.2	6852	6624.29	38.0345	0.258393
XM_017004102.2	3952	3724.29	0	0
XM_017004108.2	6382	6154.29	0	0
XM_017004109.2	6376	6148.29	0	0
XM_017004110.2	6256	6028.29	0	0
XM_017004112.3	9783	9555.29	0	0
XM_017004113.3	9726	9498.29	0	0
XM_017004114.3	9612	9384.29	0.498072	0.00238854
XM_017004116.3	9728	9500.29	2.41214e-08	1.14264e-10
XM_017004128.3	9632	9404.29	0	0
XM_017004129.3	9629	9401.29	0	0
XM_017004147.3	8623	8395.29	468.272	2.51018
XM_017004148.2	41869	41641.3	0	0
XM_017004149.2	2181	1953.29	0	0
XM_017004151.2	1115	887.293	35.3187	1.79135
XM_017004158.2	4681	4453.29	44.9653	0.4544
XM_017004162.3	2619	2391.29	0	0
XM_017004163.2	2881	2653.29	3.34976e-08	5.6816e-10
XM_017004164.3	2376	2148.29	38.2897	0.802105
XM_017004169.2	6976	6748.29	0	0
XM_017004170.2	4117	3889.29	19.9136	0.230421
XM_017004172.3	4191	3963.29	80.8955	0.918567
XM_017004173.2	4328	4100.29	26.0914	0.286369
XM_017004174.1	3990	3762.29	54.2275	0.648649
XM_017004175.3	4104	3876.29	0	0
XM_017004176.2	4245	4017.29	0.0262534	0.0002941
XM_017004177.2	26080	25852.3	0	0
XM_017004178.2	26005	25777.3	0	0
XM_017004179.2	25726	25498.3	2.15931	0.00381106
XM_017004180.2	25726	25498.3	0	0
XM_017004181.2	25633	25405.3	0	0
XM_017004182.2	25540	25312.3	0	0
XM_017004183.2	25447	25219.3	0	0
XM_017004184.2	25447	25219.3	0	0
XM_017004185.2	25168	24940.3	0	0
XM_017004187.3	3360	3132.29	1561.28	22.4316
XM_017004214.2	3651	3423.29	0	0
XM_017004216.2	2481	2253.29	0	0
XM_017004217.2	2310	2082.29	0	0
XM_017004221.3	2092	1864.29	0	0
XM_017004229.2	3268	3040.29	51.4117	0.761008
XM_017004230.2	3859	3631.29	0	0
XM_017004248.2	922	694.293	0	0
XM_017004250.2	862	634.427	0	0
XM_017004253.3	6718	6490.29	26.6337	0.184676
XM_017004256.2	2073	1845.29	49.8191	1.21499
XM_017004258.3	5940	5712.29	136.209	1.07309
XM_017004259.2	5865	5637.29	2209.04	17.635
XM_017004260.3	5817	5589.29	167.609	1.34953
XM_017004292.3	1857	1629.29	15.9441	0.440396
XM_017004294.3	5757	5529.29	0	0
XM_017004307.2	1882	1654.29	4.93525e-07	1.34258e-08
XM_017004309.3	11880	11652.3	0.000245955	9.49917e-07
XM_017004310.2	14367	14139.3	0	0
XM_017004311.2	4736	4508.29	2.93941e-06	2.9342e-08
XM_017004312.3	4836	4608.29	0	0
XM_017004313.2	14254	14026.3	0	0
XM_017004316.2	4483	4255.29	46.4088	0.49081
XM_017004317.2	7118	6890.29	0	0
XM_017004318.2	2416	2188.29	0	0
XM_017004319.3	2197	1969.29	78.1002	1.78478
XM_017004320.3	2355	2127.29	87.4431	1.84987
XM_017004321.2	2415	2187.29	63.0639	1.29753
XM_017004322.2	3226	2998.29	29.9684	0.449813
XM_017004323.2	7159	6931.29	0	0
XM_017004324.2	7172	6944.29	101.13	0.655383
XM_017004327.2	2721	2493.29	27.6612	0.499275
XM_017004328.2	2809	2581.29	4.2879	0.0747566
XM_017004330.2	2081	1853.29	22.8168	0.554055
XM_017004332.3	2077	1849.29	0	0
XM_017004339.3	6063	5835.29	0	0
XM_017004341.2	22070	21842.3	0	0
XM_017004342.1	10534	10306.3	0	0
XM_017004344.2	3165	2937.29	0	0
XM_017004347.2	2856	2628.29	0	0
XM_017004348.2	2847	2619.29	0	0
XM_017004350.2	2487	2259.29	0	0
XM_017004352.2	1399	1171.29	0	0
XM_017004353.2	1077	849.293	0	0
XM_017004354.3	1655	1427.29	12.44	0.392238
XM_017004355.3	1548	1320.29	46.7682	1.59412
XM_017004356.3	1512	1284.29	8.59451	0.301161
XM_017004361.2	1850	1622.29	0	0
XM_017004362.1	1776	1548.29	0	0
XM_017004363.2	1668	1440.29	0	0
XM_017004364.2	29524	29296.3	24.1079	0.037033
XM_017004365.2	1642	1414.29	1.41912	0.0451567
XM_017004366.2	2654	2426.29	0	0
XM_017004368.2	1303	1075.29	0	0
XM_017004369.2	2811	2583.29	1.93773	0.0337568
XM_017004370.1	2083	1855.29	3.06581	0.0743662
XM_017004371.1	2049	1821.29	0	0
XM_017004372.1	1168	940.293	0	0
XM_017004374.1	1045	817.293	0	0
XM_017004376.2	4861	4633.29	0	0
XM_017004377.2	4861	4633.29	0	0
XM_017004378.2	6670	6442.29	20.7023	0.144617
XM_017004393.3	4123	3895.29	125.943	1.45505
XM_017004394.3	3207	2979.29	17.1845	0.259578
XM_017004401.3	1523	1295.29	0	0
XM_017004403.2	1238	1010.29	11.1125	0.495002
XM_017004404.2	7411	7183.29	0	0
XM_017004408.2	3833	3605.29	0.000589081	7.35321e-06
XM_017004409.2	3809	3581.29	2.00305	0.0251707
XM_017004410.2	3791	3563.29	0.0002879	3.63607e-06
XM_017004416.2	1742	1514.29	0	0
XM_017004421.3	1965	1737.29	6.82858	0.176889
XM_017004422.2	14638	14410.3	0.000261669	8.17187e-07
XM_017004423.2	14475	14247.3	4.8561e-08	1.5339e-10
XM_017004424.2	14548	14320.3	3.75061e-07	1.17867e-09
XM_017004427.2	4721	4493.29	0	0
XM_017004431.2	1916	1688.29	0	0
XM_017004432.3	4172	3944.29	1.07726	0.0122912
XM_017004433.3	1892	1664.29	0	0
XM_017004434.3	1856	1628.29	0	0
XM_017004436.3	1274	1046.29	287.419	12.3624
XM_017004437.3	5706	5478.29	48.9998	0.402524
XM_017004439.2	1828	1600.29	0	0
XM_017004440.2	798	570.487	1648.62	130.052
XM_017004447.2	7339	7111.29	0.0385369	0.000243877
XM_017004464.3	2472	2244.29	2.27646	0.0456482
XM_017004465.3	4989	4761.29	4.12571	0.0389956
XM_017004466.3	2352	2124.29	31.4892	0.667097
XM_017004468.3	2737	2509.29	0.000374734	6.7207e-06
XM_017004469.2	1605	1377.29	50.943	1.66457
XM_017004488.3	5997	5769.29	20.6075	0.160747
XM_017004490.3	6103	5875.29	0	0
XM_017004492.3	6007	5779.29	19.3109	0.150373
XM_017004495.2	2073	1845.29	0	0
XM_017004496.3	2486	2258.29	0	0
XM_017004497.1	1072	844.293	0	0
XM_017004498.1	913	685.293	12	0.788038
XM_017004500.3	1491	1263.29	0	0
XM_017004504.3	12146	11918.3	8.96375	0.0338468
XM_017004505.2	1734	1506.29	0	0
XM_017004509.2	9089	8861.29	546.569	2.77581
XM_017004510.2	9323	9095.29	20.971	0.103763
XM_017004512.2	2217	1989.29	32.3461	0.731755
XM_017004517.3	4427	4199.29	4.47321	0.0479386
XM_017004520.2	3925	3697.29	19.4227	0.236411
XM_017004523.2	7369	7141.29	6.48029	0.0408376
XM_017004524.2	4978	4750.29	0.0171448	0.000162426
XM_017004525.2	5431	5203.29	6.08963	0.0526689
XM_017004526.2	4846	4618.29	0.000333178	3.24666e-06
XM_017004531.3	5389	5161.29	290.287	2.53111
XM_017004532.3	4861	4633.29	18.1524	0.176314
XM_017004533.3	4786	4558.29	163.378	1.613
XM_017004534.3	4765	4537.29	55.2965	0.548458
XM_017004535.3	4627	4399.29	16.3546	0.167302
XM_017004536.3	4606	4378.29	0	0
XM_017004546.2	5623	5395.29	0	0
XM_017004551.2	4957	4729.29	0	0
XM_017004556.2	15690	15462.3	0.378342	0.00110117
XM_017004557.2	15657	15429.3	11.115	0.0324195
XM_017004558.2	15627	15399.3	77.2508	0.225759
XM_017004566.2	5853	5625.29	0	0
XM_017004567.1	6462	6234.29	0	0
XM_017004570.3	5815	5587.29	15.4276	0.124263
XM_017004572.3	4279	4051.29	193.942	2.15437
XM_017004573.3	10435	10207.3	0	0
XM_017004575.3	9983	9755.29	5.68079e-07	2.62066e-09
XM_017004578.3	4450	4222.29	0	0
XM_017004613.2	5577	5349.29	34.7451	0.292307
XM_017004614.2	3130	2902.29	0.0315124	0.000488633
XM_017004620.2	2315	2087.29	290.924	6.27248
XM_017004624.3	7879	7651.29	857.585	5.04411
XM_017004625.2	2896	2668.29	0	0
XM_017004627.3	11039	10811.3	8.15576e-08	3.39491e-10
XM_017004629.3	4713	4485.29	0	0
XM_017004635.3	3009	2781.29	28.401	0.459546
XM_017004641.2	1379	1151.29	0	0
XM_017004642.2	1697	1469.29	0	0
XM_017004643.2	1284	1056.29	0	0
XM_017004660.3	9102	8874.29	0	0
XM_017004661.3	9051	8823.29	0	0
XM_017004662.3	8964	8736.29	0	0
XM_017004664.2	11185	10957.3	0	0
XM_017004665.2	11047	10819.3	0	0
XM_017004666.2	11038	10810.3	0	0
XM_017004667.2	7509	7281.29	0	0
XM_017004669.2	8855	8627.29	0	0
XM_017004670.2	2167	1939.29	0	0
XM_017004676.2	2823	2595.29	34.3429	0.595516
XM_017004690.2	1269	1041.29	0	0
XM_017004692.2	1223	995.293	0	0
XM_017004693.3	2448	2220.29	2.51889	0.0510554
XM_017004694.3	2382	2154.29	0	0
XM_017004695.3	1548	1320.29	29.5832	1.00836
XM_017004696.3	2322	2094.29	1.89529	0.0407268
XM_017004697.3	2861	2633.29	0	0
XM_017004698.2	1217	989.293	5.03213	0.228912
XM_017004701.2	1088	860.293	45.3966	2.37476
XM_017004705.2	3419	3191.29	33.9447	0.478682
XM_017004710.3	6772	6544.29	0	0
XM_017004711.2	6760	6532.29	364.392	2.51041
XM_017004713.2	7842	7614.29	126.291	0.746424
XM_017004721.2	5753	5525.29	0	0
XM_017004725.2	4245	4017.29	0	0
XM_017004726.2	4122	3894.29	0	0
XM_017004727.2	4072	3844.29	0	0
XM_017004729.2	4670	4442.29	5.49454	0.055663
XM_017004732.3	6738	6510.29	0	0
XM_017004733.2	5486	5258.29	0	0
XM_017004734.3	5415	5187.29	0	0
XM_017004737.2	1296	1068.29	0	0
XM_017004738.2	7129	6901.29	38.4517	0.250742
XM_017004739.3	5891	5663.29	0	0
XM_017004740.3	3624	3396.29	0	0
XM_017004741.3	3421	3193.29	0	0
XM_017004742.2	2285	2057.29	0	0
XM_017004743.3	2213	1985.29	0	0
XM_017004766.3	3450	3222.29	0	0
XM_017004773.3	881	653.427	0	0
XM_017004774.2	445	230.083	20.9552	4.09874
XM_017004779.2	10209	9981.29	50.5991	0.228138
XM_017004780.2	10214	9986.29	31.0157	0.139772
XM_017004781.2	10254	10026.3	214.446	0.962541
XM_017004782.3	5124	4896.29	0	0
XM_017004787.3	1434	1206.29	0	0
XM_017004813.3	9553	9325.29	9.23417	0.0445633
XM_017004814.2	9183	8955.29	0	0
XM_017004815.2	9134	8906.29	0	0
XM_017004819.1	108117	107889	0	0
XM_017004820.1	103515	103287	0	0
XM_017004821.1	103512	103284	0	0
XM_017004822.1	100554	100326	0.203411	9.12434e-05
XM_017004823.1	82170	81942.3	8.07955	0.00443733
XM_017004825.2	7214	6986.29	80.595	0.519163
XM_017004826.3	2907	2679.29	0	0
XM_017004827.3	1518	1290.29	0	0
XM_017004829.3	1536	1308.29	0	0
XM_017004830.3	1487	1259.29	29.1288	1.04097
XM_017004833.2	4112	3884.29	0	0
XM_017004834.2	2834	2606.29	0	0
XM_017004835.2	2771	2543.29	0.0084827	0.0001501
XM_017004836.3	1898	1670.29	0	0
XM_017004837.3	1578	1350.29	0	0
XM_017004839.2	5498	5270.29	0	0
XM_017004841.2	5821	5593.29	2.312e-07	1.86021e-09
XM_017004843.2	7079	6851.29	13.731	0.090193
XM_017004845.2	7078	6850.29	0	0
XM_017004851.2	1953	1725.29	0	0
XM_017004852.2	1740	1512.29	0	0
XM_017004854.1	1310	1082.29	67.034	2.78736
XM_017004873.2	2716	2488.29	0	0
XM_017004874.2	2909	2681.29	0	0
XM_017004875.3	2725	2497.29	0	0
XM_017004888.3	1298	1070.29	0	0
XM_017004890.2	1162	934.293	22.4102	1.07946
XM_017004891.1	7395	7167.29	0	0
XM_017004892.3	1672	1444.29	0	0
XM_017004893.2	3879	3651.29	4.23858	0.0522415
XM_017004894.2	1934	1706.29	156.062	4.11611
XM_017004895.2	2443	2215.29	0	0
XM_017004897.1	4884	4656.29	9.22012	0.0891125
XM_017004898.1	1616	1388.29	1.24045	0.0402107
XM_017004899.3	5038	4810.29	68.3186	0.63916
XM_017004907.2	1868	1640.29	0	0
XM_017004911.3	3649	3421.29	10.9925	0.144593
XM_017004912.3	4229	4001.29	10.6427	0.1197
XM_017004913.3	5210	4982.29	1.24502e-08	1.12457e-10
XM_017004914.2	5297	5069.29	0	0
XM_017004915.3	10021	9793.29	0	0
XM_017004916.3	5072	4844.29	40.3275	0.37464
XM_017004958.2	4167	3939.29	0	0
XM_017004959.3	4025	3797.29	29.4631	0.349178
XM_017004960.2	2936	2708.29	0	0
XM_017004967.2	7261	7033.29	36.7618	0.235223
XM_017004982.3	9100	8872.29	9.10415	0.0461791
XM_017004992.1	10945	10717.3	170.626	0.716477
XM_017004993.2	11514	11286.3	14.9007	0.0594151
XM_017004996.2	1665	1437.29	11.3499	0.355377
XM_017004999.2	1301	1073.29	0	0
XM_017005001.3	1250	1022.29	0	0
XM_017005004.3	4916	4688.29	0	0
XM_017005005.3	4727	4499.29	0	0
XM_017005006.3	4100	3872.29	0	0
XM_017005007.2	4166	3938.29	0	0
XM_017005015.2	4757	4529.29	155.839	1.54842
XM_017005016.3	4077	3849.29	0.00764046	8.93266e-05
XM_017005027.2	4733	4505.29	2.6344	0.0263148
XM_017005035.2	3659	3431.29	0	0
XM_017005037.1	2360	2132.29	1.62672	0.0343326
XM_017005041.3	3811	3583.29	0	0
XM_017005044.2	3683	3455.29	0	0
XM_017005046.2	3189	2961.29	0	0
XM_017005050.3	2176	1948.29	6.80713	0.157236
XM_017005053.3	1409	1181.29	13.522	0.515139
XM_017005057.2	1105	877.293	29.3618	1.50619
XM_017005058.2	998	770.293	0	0
XM_017005063.3	904	676.361	26.0394	1.73259
XM_017005064.2	924	696.293	58.6483	3.79058
XM_017005076.3	6379	6151.29	171.074	1.25158
XM_017005077.3	1417	1189.29	16.5299	0.625494
XM_017005081.3	7104	6876.29	30.6572	0.200642
XM_017005083.2	6812	6584.29	0	0
XM_017005084.3	6744	6516.29	63.8297	0.440823
XM_017005085.3	6730	6502.29	129.394	0.89555
XM_017005086.3	6662	6434.29	142.88	0.999336
XM_017005087.3	6511	6283.29	148.129	1.06095
XM_017005088.2	6593	6365.29	0.614369	0.00434363
XM_017005090.3	6525	6297.29	44.2094	0.315939
XM_017005092.3	6443	6215.29	52.7747	0.382126
XM_017005094.2	8690	8462.29	0	0
XM_017005097.2	6549	6321.29	2.60964	0.0185788
XM_017005098.2	6598	6370.29	22.8211	0.161221
XM_017005102.3	2834	2606.29	64.6715	1.11669
XM_017005103.2	2828	2600.29	34.2503	0.592767
XM_017005104.2	2790	2562.29	0	0
XM_017005105.2	2718	2490.29	0	0
XM_017005110.2	3385	3157.29	0	0
XM_017005111.2	2853	2625.29	19.3687	0.332021
XM_017005138.3	6657	6429.29	10.1045	0.0707286
XM_017005141.2	7648	7420.29	0	0
XM_017005143.3	7535	7307.29	0	0
XM_017005152.2	7384	7156.29	0.000310877	1.95498e-06
XM_017005161.2	8159	7931.29	286.216	1.62402
XM_017005164.3	8163	7935.29	50.944	0.288917
XM_017005165.2	4287	4059.29	0	0
XM_017005166.2	3436	3208.29	0	0
XM_017005167.2	2993	2765.29	1.29794	0.0211229
XM_017005170.2	812	584.487	0	0
XM_017005171.3	1091	863.293	0	0
XM_017005172.2	4488	4260.29	175.945	1.85858
XM_017005174.3	2203	1975.29	0	0
XM_017005188.3	9374	9146.29	0	0
XM_017005217.2	1687	1459.29	0	0
XM_017005218.3	4277	4049.29	0	0
XM_017005219.3	4253	4025.29	0	0
XM_017005220.3	4241	4013.29	0	0
XM_017005221.3	2235	2007.29	0	0
XM_017005222.2	6462	6234.29	0	0
XM_017005223.3	5158	4930.29	0	0
XM_017005224.2	3942	3714.29	0	0
XM_017005225.2	2405	2177.29	2.47838	0.0512264
XM_017005227.2	6857	6629.29	0	0
XM_017005228.3	6756	6528.29	0	0
XM_017005234.3	1626	1398.29	0	0
XM_017005235.2	1500	1272.29	0	0
XM_017005236.2	1428	1200.29	13.1498	0.49303
XM_017005237.2	1505	1277.29	0	0
XM_017005238.2	1433	1205.29	0	0
XM_017005239.2	1302	1074.29	9.42728e-06	3.94917e-07
XM_017005241.2	1479	1251.29	0	0
XM_017005244.2	1281	1053.29	0	0
XM_017005257.3	4020	3792.29	0	0
XM_017005260.3	3795	3567.29	40.4116	0.509812
XM_017005262.3	3732	3504.29	1.19821e-05	1.53877e-07
XM_017005263.3	3570	3342.29	31.2491	0.420761
XM_017005266.3	2389	2161.29	0	0
XM_017005267.2	5462	5234.29	197.435	1.6975
XM_017005270.2	5312	5084.29	0	0
XM_017005283.3	10004	9776.29	20.8573	0.0960122
XM_017005290.3	9932	9704.29	22.6592	0.105081
XM_017005301.3	1497	1269.29	21.1539	0.750018
XM_017005302.3	1153	925.293	259.453	12.6189
XM_017005347.2	2194	1966.29	85.085	1.94736
XM_017005378.3	5802	5574.29	181.029	1.46151
XM_017005379.3	7827	7599.29	220.221	1.30415
XM_017005380.3	3418	3190.29	0	0
XM_017005381.3	3232	3004.29	6.25492	0.0936961
XM_017005382.3	4080	3852.29	0	0
XM_017005383.3	3183	2955.29	0	0
XM_017005385.2	6334	6106.29	123.573	0.910725
XM_017005386.3	3780	3552.29	0	0
XM_017005387.2	5088	4860.29	33.0992	0.306477
XM_017005388.2	5131	4903.29	0	0
XM_017005390.2	5084	4856.29	3.33192	0.0308768
XM_017005391.2	5009	4781.29	2.43328	0.0229029
XM_017005393.2	6168	5940.29	7.36066	0.0557637
XM_017005394.2	8718	8490.29	0	0
XM_017005422.3	5604	5376.29	59.3802	0.497051
XM_017005426.2	2325	2097.29	0	0
XM_017005460.2	4920	4692.29	0	0
XM_017005467.2	905	677.361	0	0
XM_017005468.3	1733	1505.29	4.295e-05	1.28406e-06
XM_017005469.3	1722	1494.29	0.999957	0.0301153
XM_017005474.2	1893	1665.29	0	0
XM_017005475.1	2034	1806.29	0	0
XM_017005476.2	1731	1503.29	0	0
XM_017005477.2	1905	1677.29	3.41843	0.0917192
XM_017005478.2	1667	1439.29	0	0
XM_017005493.2	2327	2099.29	245.273	5.25797
XM_017005496.3	2569	2341.29	60.7802	1.16828
XM_017005497.2	8721	8493.29	10.9279	0.0579033
XM_017005504.3	2778	2550.29	40.8484	0.720821
XM_017005509.2	3527	3299.29	0	0
XM_017005515.2	2946	2718.29	0	0
XM_017005516.3	718	490.852	11.3556	1.04113
XM_017005517.2	2720	2492.29	14.336	0.258864
XM_017005519.2	3792	3564.29	41.9142	0.529213
XM_017005520.2	19036	18808.3	15.8911	0.0380229
XM_017005525.2	4665	4437.29	15.2589	0.154756
XM_017005526.2	1726	1498.29	0	0
XM_017005527.2	1998	1770.29	2.95724e-08	7.51767e-10
XM_017005534.2	4611	4383.29	0.386029	0.00396334
XM_017005535.2	4908	4680.29	6.07169	0.058382
XM_017005542.2	11534	11306.3	24.8346	0.0988504
XM_017005543.2	11392	11164.3	1.62293e-08	6.54201e-11
XM_017005548.2	3072	2844.29	0	0
XM_017005550.2	2341	2113.29	1.81073	0.0385599
XM_017005551.2	2906	2678.29	0	0
XM_017005556.3	1168	940.293	11.4794	0.549412
XM_017005557.3	4274	4046.29	68.989	0.767299
XM_017005558.3	4172	3944.29	0	0
XM_017005559.3	4169	3941.29	0	0
XM_017005560.3	4117	3889.29	0	0
XM_017005561.2	2080	1852.29	0	0
XM_017005563.2	2380	2152.29	16.53	0.345631
XM_017005564.2	1344	1116.29	0	0
XM_017005566.2	12353	12125.3	5.15906	0.0191479
XM_017005567.2	7537	7309.29	0	0
XM_017005569.2	7728	7500.29	0	0
XM_017005570.2	7631	7403.29	0	0
XM_017005571.2	7489	7261.29	0	0
XM_017005572.2	7697	7469.29	29.6222	0.178476
XM_017005573.2	7617	7389.29	0	0
XM_017005574.3	3458	3230.29	0	0
XM_017005575.3	3448	3220.29	0	0
XM_017005580.3	4250	4022.29	0	0
XM_017005584.3	4101	3873.29	0	0
XM_017005590.3	3385	3157.29	0	0
XM_017005591.3	4059	3831.29	0	0
XM_017005596.3	4056	3828.29	0	0
XM_017005598.3	4145	3917.29	0	0
XM_017005613.3	2956	2728.29	0	0
XM_017005614.3	2842	2614.29	0	0
XM_017005627.2	4413	4185.29	6.69061	0.071942
XM_017005636.3	5756	5528.29	68.6761	0.559058
XM_017005638.1	5090	4862.29	0	0
XM_017005639.1	5090	4862.29	0	0
XM_017005644.3	2299	2071.29	0	0
XM_017005650.2	6674	6446.29	0	0
XM_017005651.2	6549	6321.29	0	0
XM_017005653.2	5128	4900.29	2.00618	0.0184243
XM_017005661.3	7259	7031.29	23.1792	0.148356
XM_017005665.2	4382	4154.29	159.928	1.73248
XM_017005670.3	5120	4892.29	11.0884	0.102
XM_017005676.2	10845	10617.3	0	0
XM_017005677.2	10842	10614.3	0	0
XM_017005678.2	10704	10476.3	0	0
XM_017005679.2	10575	10347.3	0	0
XM_017005680.2	10563	10335.3	0	0
XM_017005685.2	2701	2473.29	0	0
XM_017005687.2	2015	1787.29	0	0
XM_017005688.2	9171	8943.29	79.5688	0.400394
XM_017005689.2	7950	7722.29	8.16856	0.0476038
XM_017005690.2	7536	7308.29	0	0
XM_017005691.2	7510	7282.29	0.0084982	5.25172e-05
XM_017005692.2	7498	7270.29	0.118167	0.000731454
XM_017005694.3	2380	2152.29	2	0.0418187
XM_017005697.3	483	264.32	58.3064	9.92722
XM_017005698.3	5080	4852.29	0	0
XM_017005699.2	4846	4618.29	0	0
XM_017005700.3	4714	4486.29	0	0
XM_017005703.1	3801	3573.29	0	0
XM_017005704.1	3657	3429.29	4.63851e-07	6.08718e-09
XM_017005711.3	9045	8817.29	49.5699	0.253003
XM_017005712.3	9003	8775.29	0	0
XM_017005713.3	8952	8724.29	0	0
XM_017005714.3	15067	14839.3	0	0
XM_017005716.2	6455	6227.29	3.77488	0.0272801
XM_017005718.3	2560	2332.29	14.0218	0.27056
XM_017005719.2	3911	3683.29	10.7902	0.131836
XM_017005723.2	3662	3434.29	0	0
XM_017005724.3	837	609.427	143.063	10.5645
XM_017005725.3	1224	996.293	0	0
XM_017005726.3	1170	942.293	0	0
XM_017005729.1	559	335.04	0	0
XM_017005730.2	3375	3147.29	54.0987	0.773556
XM_017005731.1	2363	2135.29	0	0
XM_017005732.3	5527	5299.29	20	0.169846
XM_017005733.2	878	650.427	0	0
XM_017005734.3	5420	5192.29	0	0
XM_017005735.3	4289	4061.29	0	0
XM_017005736.3	1913	1685.29	0	0
XM_017005737.3	1859	1631.29	0	0
XM_017005738.2	3270	3042.29	21.8578	0.323331
XM_017005739.3	2844	2616.29	0	0
XM_017005740.2	3651	3423.29	32.2966	0.424575
XM_017005742.3	1904	1676.29	0	0
XM_017005748.3	3177	2949.29	0	0
XM_017005749.3	2243	2015.29	5.60489	0.125162
XM_017005751.2	937	709.293	0	0
XM_017005752.2	812	584.487	0	0
XM_017005762.3	8677	8449.29	0	0
XM_017005763.2	8637	8409.29	0	0
XM_017005764.2	8532	8304.29	8.57606	0.0464759
XM_017005765.2	8482	8254.29	0	0
XM_017005768.2	8405	8177.29	0	0
XM_017005774.3	17183	16955.3	39.9945	0.106154
XM_017005779.2	1492	1264.29	0	0
XM_017005781.2	4847	4619.29	0	0
XM_017005782.2	5227	4999.29	0	0
XM_017005783.2	6050	5822.29	0	0
XM_017005784.3	5448	5220.29	0	0
XM_017005785.2	5156	4928.29	0	0
XM_017005786.2	5000	4772.29	0	0
XM_017005787.2	5329	5101.29	0	0
XM_017005791.3	4567	4339.29	12.6468	0.131161
XM_017005792.3	6355	6127.29	0	0
XM_017005795.2	4510	4282.29	0	0
XM_017005796.2	4718	4490.29	0	0
XM_017005800.2	5467	5239.29	560.799	4.817
XM_017005801.2	4952	4724.29	1417.37	13.5017
XM_017005802.2	5004	4776.29	41.3064	0.389196
XM_017005803.2	5152	4924.29	68.45	0.625564
XM_017005811.3	5185	4957.29	1.14137e-05	1.03616e-07
XM_017005821.3	4659	4431.29	0	0
XM_017005823.3	4560	4332.29	0	0
XM_017005825.3	9051	8823.29	0	0
XM_017005826.3	8666	8438.29	1.38413	0.00738185
XM_017005827.3	8068	7840.29	0	0
XM_017005841.2	1938	1710.29	0	0
XM_017005842.2	3335	3107.29	6.72211	0.0973566
XM_017005843.3	3858	3630.29	4.15504	0.0515082
XM_017005852.3	3899	3671.29	4.54385	0.055699
XM_017005853.2	4028	3800.29	38.4414	0.455223
XM_017005858.2	3842	3614.29	267.62	3.33225
XM_017005860.2	12328	12100.3	0	0
XM_017005862.2	8717	8489.29	0	0
XM_017005871.2	13588	13360.3	42.4396	0.142955
XM_017005872.2	13505	13277.3	0	0
XM_017005873.2	2110	1882.29	25.8564	0.618192
XM_017005888.2	16665	16437.3	1.94885	0.00533568
XM_017005893.2	16792	16564.3	0	0
XM_017005895.3	22503	22275.3	6.36215	0.0128535
XM_017005896.2	16197	15969.3	0	0
XM_017005900.2	16250	16022.3	0	0
XM_017005902.2	16281	16053.3	0	0
XM_017005907.3	5148	4920.29	0	0
XM_017005908.2	5232	5004.29	0	0
XM_017005909.2	5845	5617.29	0	0
XM_017005911.2	5644	5416.29	1736.84	14.4311
XM_017005918.2	4489	4261.29	0	0
XM_017005923.2	6474	6246.29	0	0
XM_017005925.2	6405	6177.29	5.21518e-07	3.79939e-09
XM_017005926.1	6394	6166.29	6.0046e-06	4.3823e-08
XM_017005927.2	14118	13890.3	4.3964	0.0142439
XM_017005930.3	845	617.427	0	0
XM_017005942.3	4164	3936.29	183.65	2.09964
XM_017005943.3	4852	4624.29	0	0
XM_017005944.3	5946	5718.29	3.78019	0.0297502
XM_017005945.3	2650	2422.29	0	0
XM_017005946.3	2639	2411.29	0	0
XM_017005948.2	7270	7042.29	0	0
XM_017005949.2	7255	7027.29	0	0
XM_017005956.2	7222	6994.29	0	0
XM_017005957.2	7210	6982.29	1.45522e-06	9.37935e-09
XM_017005959.2	7180	6952.29	0	0
XM_017005960.2	7171	6943.29	204.227	1.3237
XM_017005968.3	6463	6235.29	0.00435484	3.1431e-05
XM_017005969.3	6460	6232.29	6.94385	0.0501412
XM_017005972.3	6401	6173.29	0.000638042	4.6513e-06
XM_017005989.2	6375	6147.29	0	0
XM_017005990.2	6258	6030.29	0	0
XM_017005991.2	6365	6137.29	0	0
XM_017005992.2	6172	5944.29	0	0
XM_017005993.2	6531	6303.29	0	0
XM_017005994.2	7952	7724.29	0	0
XM_017005995.2	5785	5557.29	20.2786	0.164217
XM_017005996.2	8126	7898.29	0	0
XM_017005997.2	5539	5311.29	0	0
XM_017006007.3	2870	2642.29	55.9872	0.953564
XM_017006008.2	6200	5972.29	0	0
XM_017006025.2	4552	4324.29	0	0
XM_017006033.2	4521	4293.29	93.034	0.9752
XM_017006041.3	2681	2453.29	0	0
XM_017006042.2	4653	4425.29	15.8545	0.161232
XM_017006046.2	7303	7075.29	0	0
XM_017006047.2	7282	7054.29	0	0
XM_017006048.2	7198	6970.29	0	0
XM_017006049.2	7177	6949.29	0	0
XM_017006062.3	9518	9290.29	0	0
XM_017006063.3	9078	8850.29	1	0.00508493
XM_017006064.3	3488	3260.29	0	0
XM_017006065.3	3177	2949.29	0	0
XM_017006071.2	10415	10187.3	0	0
XM_017006073.2	10148	9920.29	0	0
XM_017006074.3	21462	21234.3	7.46309	0.015817
XM_017006075.3	9979	9751.29	0.000714656	3.2982e-06
XM_017006076.2	10085	9857.29	0	0
XM_017006077.3	10183	9955.29	0	0
XM_017006078.3	10000	9772.29	24.6506	0.11352
XM_017006080.3	9847	9619.29	18.4927	0.0865165
XM_017006081.3	23490	23262.3	0	0
XM_017006083.2	9449	9221.29	6.87469	0.0335508
XM_017006084.2	6341	6113.29	50.5808	0.372351
XM_017006086.2	4268	4040.29	0	0
XM_017006087.2	5467	5239.29	0	0
XM_017006091.2	1384	1156.29	0	0
XM_017006100.3	2271	2043.29	0	0
XM_017006102.3	2373	2145.29	720.664	15.1178
XM_017006104.2	1863	1635.29	40.2789	1.10847
XM_017006105.3	6680	6452.29	24.9976	0.174352
XM_017006106.3	6662	6434.29	24.2705	0.169754
XM_017006113.2	4036	3808.29	12.5674	0.14851
XM_017006114.2	4278	4050.29	4.79179	0.053242
XM_017006115.3	3843	3615.29	34.4373	0.428675
XM_017006116.3	3638	3410.29	19.5785	0.258363
XM_017006122.2	5020	4792.29	0	0
XM_017006123.2	2619	2391.29	0	0
XM_017006124.2	4976	4748.29	204.333	1.93661
XM_017006125.2	5530	5302.29	11.5139	0.0977238
XM_017006126.2	2526	2298.29	652.413	12.775
XM_017006127.3	5341	5113.29	26.4461	0.232757
XM_017006129.2	18153	17925.3	30.6077	0.0768434
XM_017006130.2	18084	17856.3	0	0
XM_017006131.2	18027	17799.3	0	0
XM_017006135.2	3976	3748.29	27.5542	0.330823
XM_017006141.2	6417	6189.29	0	0
XM_017006142.2	6396	6168.29	0	0
XM_017006146.2	6381	6153.29	0	0
XM_017006148.2	6369	6141.29	0	0
XM_017006151.2	6360	6132.29	0	0
XM_017006156.2	6348	6120.29	0	0
XM_017006161.3	2256	2028.29	0	0
XM_017006169.3	3203	2975.29	0	0
XM_017006172.3	4564	4336.29	0	0
XM_017006174.2	4055	3827.29	0	0
XM_017006177.3	3672	3444.29	4.80147	0.0627359
XM_017006179.2	8407	8179.29	1.807	0.00994227
XM_017006180.2	8359	8131.29	56.2493	0.311315
XM_017006181.2	8356	8128.29	1.15202	0.0063783
XM_017006184.2	7887	7659.29	3.37676e-06	1.98406e-08
XM_017006188.2	7701	7473.29	2.00243e-08	1.20583e-10
XM_017006189.2	11808	11580.3	35.561	0.138197
XM_017006190.2	11805	11577.3	47.1551	0.183301
XM_017006191.2	11700	11472.3	38.6096	0.151456
XM_017006195.2	11102	10874.3	245.543	1.01618
XM_017006202.3	6144	5916.29	0	0
XM_017006203.2	3361	3133.29	0	0
XM_017006204.2	4494	4266.29	127.93	1.34947
XM_017006205.2	4355	4127.29	98.6598	1.07576
XM_017006206.2	4546	4318.29	0	0
XM_017006207.2	3370	3142.29	0	0
XM_017006208.2	1414	1186.29	0	0
XM_017006209.2	3240	3012.29	45.0798	0.673483
XM_017006210.2	16176	15948.3	0	0
XM_017006211.2	16343	16115.3	0	0
XM_017006212.1	16009	15781.3	0	0
XM_017006213.2	16364	16136.3	0	0
XM_017006214.2	15638	15410.3	0	0
XM_017006215.2	14592	14364.3	0	0
XM_017006216.2	14544	14316.3	0	0
XM_017006217.2	14717	14489.3	0	0
XM_017006218.1	14514	14286.3	0	0
XM_017006219.2	1659	1431.29	0	0
XM_017006225.2	4826	4598.29	0	0
XM_017006226.3	8026	7798.29	0.748622	0.00432022
XM_017006239.2	2350	2122.29	4.98225	0.105648
XM_017006246.2	3866	3638.29	0	0
XM_017006247.2	3933	3705.29	0	0
XM_017006248.2	3723	3495.29	0	0
XM_017006250.2	2851	2623.29	0	0
XM_017006252.3	5389	5161.29	0	0
XM_017006253.2	5374	5146.29	0.787116	0.00688314
XM_017006254.3	1476	1248.29	1.78175	0.0642351
XM_017006263.1	5195	4967.29	0	0
XM_017006266.3	2238	2010.29	38.8864	0.870523
XM_017006271.2	3843	3615.29	3	0.0373439
XM_017006272.2	3782	3554.29	0	0
XM_017006273.2	3690	3462.29	0	0
XM_017006275.2	5809	5581.29	8.34148	0.067259
XM_017006276.2	6356	6128.29	14.5712	0.107004
XM_017006277.3	1622	1394.29	2.94566	0.0950759
XM_017006285.2	2850	2622.29	0	0
XM_017006297.2	4056	3828.29	0	0
XM_017006301.2	1606	1378.29	0	0
XM_017006302.2	1557	1329.29	0	0
XM_017006303.3	3323	3095.29	0	0
XM_017006305.1	2326	2098.29	0	0
XM_017006321.2	1716	1488.29	0	0
XM_017006322.2	1688	1460.29	0	0
XM_017006323.2	1599	1371.29	0	0
XM_017006325.2	2387	2159.29	0	0
XM_017006326.2	1403	1175.29	0	0
XM_017006327.2	1385	1157.29	0	0
XM_017006348.3	4052	3824.29	0	0
XM_017006353.2	4092	3864.29	108.426	1.26271
XM_017006360.2	1777	1549.29	2.0064	0.0582808
XM_017006361.2	4965	4737.29	0	0
XM_017006362.1	4331	4103.29	0	0
XM_017006366.1	2852	2624.29	0	0
XM_017006367.1	2816	2588.29	0	0
XM_017006368.1	2849	2621.29	0	0
XM_017006369.1	2837	2609.29	0	0
XM_017006370.1	2264	2036.29	0	0
XM_017006371.1	2185	1957.29	2	0.045985
XM_017006373.2	1191	963.293	0	0
XM_017006376.2	717	489.852	0	0
XM_017006378.2	18340	18112.3	127.674	0.317227
XM_017006381.1	1560	1332.29	0	0
XM_017006383.3	9452	9224.29	2.88514e-05	1.40759e-07
XM_017006384.3	8744	8516.29	0.000216027	1.14156e-06
XM_017006385.3	1575	1347.29	16.0481	0.536049
XM_017006386.2	1917	1689.29	0	0
XM_017006387.3	2187	1959.29	0	0
XM_017006388.2	1976	1748.29	0	0
XM_017006389.2	1914	1686.29	0	0
XM_017006390.2	2184	1956.29	0	0
XM_017006391.2	9267	9039.29	0	0
XM_017006397.2	5832	5604.29	0	0
XM_017006460.3	3021	2793.29	0	0
XM_017006469.3	9748	9520.29	251.174	1.18732
XM_017006470.3	6332	6104.29	35.5825	0.262328
XM_017006471.3	6335	6107.29	0.486927	0.00358804
XM_017006472.3	4615	4387.29	0	0
XM_017006473.2	4612	4384.29	0	0
XM_017006474.3	7184	6956.29	37.6625	0.243654
XM_017006481.3	9273	9045.29	0	0
XM_017006482.3	8952	8724.29	0	0
XM_017006483.3	8871	8643.29	0	0
XM_017006484.3	8937	8709.29	0	0
XM_017006485.3	9136	8908.29	0	0
XM_017006487.2	8940	8712.29	0	0
XM_017006488.3	9043	8815.29	0	0
XM_017006493.3	1479	1251.29	0	0
XM_017006494.3	1513	1285.29	0	0
XM_017006495.3	1496	1268.29	0	0
XM_017006497.3	1401	1173.29	0	0
XM_017006503.2	3548	3320.29	3.0118	0.0408218
XM_017006508.2	4857	4629.29	24.002	0.233332
XM_017006509.1	3627	3399.29	45.947	0.60829
XM_017006510.2	2121	1893.29	0	0
XM_017006511.2	3277	3049.29	0	0
XM_017006512.2	3447	3219.29	0	0
XM_017006513.2	3291	3063.29	0	0
XM_017006514.2	3188	2960.29	0	0
XM_017006515.2	3441	3213.29	0	0
XM_017006516.2	2478	2250.29	0	0
XM_017006517.2	2432	2204.29	0	0
XM_017006518.2	3568	3340.29	0	0
XM_017006519.2	2067	1839.29	0	0
XM_017006520.2	2090	1862.29	0	0
XM_017006521.2	2808	2580.29	0	0
XM_017006522.2	2699	2471.29	0	0
XM_017006523.2	2401	2173.29	0	0
XM_017006524.2	2640	2412.29	0	0
XM_017006525.2	3209	2981.29	0	0
XM_017006526.2	2065	1837.29	2	0.0489885
XM_017006527.2	3331	3103.29	0	0
XM_017006528.2	2342	2114.29	0	0
XM_017006529.2	2125	1897.29	0	0
XM_017006533.2	3364	3136.29	0	0
XM_017006534.2	3310	3082.29	0	0
XM_017006541.2	1619	1391.29	0	0
XM_017006542.2	1566	1338.29	0	0
XM_017006543.3	1761	1533.29	1	0.0293506
XM_017006544.2	1889	1661.29	0	0
XM_017006546.2	2113	1885.29	11.7661	0.280863
XM_017006547.2	2508	2280.29	0	0
XM_017006550.2	6739	6511.29	79.1652	0.547154
XM_017006553.2	6661	6433.29	28.5361	0.19962
XM_017006555.3	828	600.427	103.816	7.78117
XM_017006556.2	1977	1749.29	11.6369	0.299376
XM_017006561.2	4143	3915.29	0	0
XM_017006562.2	4059	3831.29	61.8134	0.726071
XM_017006568.1	3660	3432.29	0	0
XM_017006572.2	1803	1575.29	0	0
XM_017006574.3	5474	5246.29	10.7092	0.0918644
XM_017006589.2	1329	1101.29	0	0
XM_017006590.3	2054	1826.29	0	0
XM_017006591.2	1326	1098.29	0	0
XM_017006592.2	634	408.137	1.48385	0.163617
XM_017006614.2	3792	3564.29	6.55258	0.0827334
XM_017006615.2	3542	3314.29	0	0
XM_017006616.2	3485	3257.29	0	0
XM_017006617.2	3599	3371.29	6.20398	0.0828163
XM_017006618.3	1589	1361.29	0	0
XM_017006619.2	6042	5814.29	85.0116	0.657996
XM_017006624.2	5302	5074.29	0	0
XM_017006625.3	3571	3343.29	47.9308	0.645183
XM_017006627.2	3872	3644.29	0	0
XM_017006630.2	7217	6989.29	0.217338	0.00139941
XM_017006631.2	11110	10882.3	0	0
XM_017006632.1	1860	1632.29	0	0
XM_017006634.1	3168	2940.29	7.83546	0.119927
XM_017006636.3	1723	1495.29	0	0
XM_017006640.2	10076	9848.29	323.26	1.47718
XM_017006641.2	9965	9737.29	389.026	1.79797
XM_017006642.2	4205	3977.29	53.23	0.602298
XM_017006645.3	4260	4032.29	0	0
XM_017006649.2	3298	3070.29	3.85501	0.0565052
XM_017006653.2	7395	7167.29	0	0
XM_017006655.2	7434	7206.29	0	0
XM_017006658.2	7297	7069.29	0	0
XM_017006666.2	3976	3748.29	0	0
XM_017006667.3	3764	3536.29	0	0
XM_017006668.3	3759	3531.29	0	0
XM_017006705.2	1719	1491.29	0.012324	0.000371905
XM_017006706.2	2346	2118.29	0	0
XM_017006707.2	2242	2014.29	1.11424e-05	2.48942e-07
XM_017006708.1	2074	1846.29	129.625	3.1596
XM_017006709.1	2129	1901.29	0	0
XM_017006718.2	2132	1904.29	0	0
XM_017006723.2	2355	2127.29	0.532761	0.0112706
XM_017006725.2	8286	8058.29	0	0
XM_017006726.2	8344	8116.29	0	0
XM_017006727.2	8345	8117.29	3.36615e-08	1.86622e-10
XM_017006728.2	8285	8057.29	0	0
XM_017006730.2	8336	8108.29	9.67242	0.0536844
XM_017006731.2	8276	8048.29	0	0
XM_017006734.3	8247	8019.29	0	0
XM_017006741.3	8214	7986.29	0	0
XM_017006742.2	8213	7985.29	0	0
XM_017006744.2	8205	7977.29	0	0
XM_017006771.2	7045	6817.29	0	0
XM_017006774.2	6988	6760.29	0	0
XM_017006787.3	6476	6248.29	19.5545	0.140841
XM_017006788.3	4769	4541.29	17.7088	0.175489
XM_017006789.3	7056	6828.29	53.5073	0.352649
XM_017006791.3	6717	6489.29	17.396	0.120641
XM_017006800.3	1204	976.293	50.7334	2.3386
XM_017006801.2	1156	928.293	19.4407	0.942472
XM_017006802.2	1054	826.293	0	0
XM_017006810.2	6462	6234.29	383.35	2.76726
XM_017006811.3	6300	6072.29	61.3828	0.454922
XM_017006834.3	3688	3460.29	11.7157	0.152369
XM_017006839.3	1887	1659.29	0	0
XM_017006841.3	3152	2924.29	32.7239	0.503602
XM_017006861.2	1066	838.293	0	0
XM_017006863.2	891	663.427	0	0
XM_017006873.2	5567	5339.29	13.9941	0.117952
XM_017006884.3	4829	4601.29	0.223673	0.00218765
XM_017006885.3	4752	4524.29	0	0
XM_017006887.3	4101	3873.29	5.86358e-06	6.81279e-08
XM_017006889.3	3799	3571.29	0	0
XM_017006890.2	3756	3528.29	0	0
XM_017006903.3	1081	853.293	0	0
XM_017006911.2	1681	1453.29	2	0.0619326
XM_017006921.2	3044	2816.29	4.46033e-05	7.1274e-07
XM_017006926.2	4728	4500.29	16.3913	0.163913
XM_017006928.3	2757	2529.29	38.8964	0.692074
XM_017006931.2	3925	3697.29	0	0
XM_017006932.3	2220	1992.29	3.92424	0.0886431
XM_017006934.2	2188	1960.29	0	0
XM_017006935.2	1730	1502.29	0	0
XM_017006936.2	1915	1687.29	0	0
XM_017006938.2	1603	1375.29	0	0
XM_017006945.2	3967	3739.29	0	0
XM_017006957.1	4523	4295.29	0	0
XM_017006959.2	2684	2456.29	0	0
XM_017006961.2	9477	9249.29	0	0
XM_017006962.1	8694	8466.29	0	0
XM_017006963.2	9390	9162.29	0	0
XM_017006965.3	2323	2095.29	288.535	6.1972
XM_017006966.1	2880	2652.29	2.38262	0.0404274
XM_017006982.2	6852	6624.29	0	0
XM_017006983.3	7511	7283.29	0	0
XM_017006984.1	6762	6534.29	0	0
XM_017006985.2	6517	6289.29	618.894	4.4285
XM_017006986.2	9327	9099.29	0	0
XM_017006987.2	8982	8754.29	0	0
XM_017006988.2	8925	8697.29	0	0
XM_017006994.2	8652	8424.29	0	0
XM_017007002.2	8526	8298.29	0	0
XM_017007015.2	4437	4209.29	1.63091	0.0174367
XM_017007020.3	1382	1154.29	0	0
XM_017007021.2	1132	904.293	1681.4	83.6767
XM_017007022.3	14241	14013.3	3.62698e-08	1.16479e-10
XM_017007023.2	6535	6307.29	0	0
XM_017007026.2	5764	5536.29	156.921	1.27557
XM_017007029.2	3271	3043.29	0	0
XM_017007041.2	2228	2000.29	0.136297	0.00306645
XM_017007049.2	2570	2342.29	47.4695	0.912043
XM_017007053.2	4036	3808.29	70.5626	0.833847
XM_017007062.2	7749	7521.29	67.8371	0.405898
XM_017007064.3	2366	2138.29	666.628	14.03
XM_017007070.2	5875	5647.29	212.01	1.6895
XM_017007071.3	6261	6033.29	0	0
XM_017007072.3	5571	5343.29	0	0
XM_017007078.2	4492	4264.29	10.1773	0.107405
XM_017007079.3	4480	4252.29	65.978	0.698262
XM_017007083.2	2950	2722.29	0	0
XM_017007085.2	4441	4213.29	8.10461	0.086567
XM_017007086.2	4303	4075.29	0	0
XM_017007087.2	3082	2854.29	0	0
XM_017007091.2	9949	9721.29	0.319815	0.00148053
XM_017007100.3	2116	1888.29	167.535	3.9928
XM_017007113.2	7366	7138.29	0	0
XM_017007116.2	717	489.852	2.42612	0.222889
XM_017007121.3	5358	5130.29	0	0
XM_017007126.2	733	505.753	10.2662	0.91351
XM_017007127.2	5664	5436.29	149.088	1.23419
XM_017007128.2	8100	7872.29	0	0
XM_017007137.2	9083	8855.29	0	0
XM_017007138.2	9080	8852.29	0	0
XM_017007139.2	9056	8828.29	0	0
XM_017007140.2	9023	8795.29	0	0
XM_017007141.2	9023	8795.29	0	0
XM_017007142.2	8999	8771.29	0	0
XM_017007143.2	8999	8771.29	0	0
XM_017007144.2	8999	8771.29	0	0
XM_017007145.2	8954	8726.29	0	0
XM_017007147.3	6250	6022.29	17.1826	0.128402
XM_017007155.3	6178	5950.29	0	0
XM_017007159.3	6133	5905.29	0	0
XM_017007161.3	6127	5899.29	8.03081	0.0612635
XM_017007169.3	3113	2885.29	0	0
XM_017007171.3	3505	3277.29	0	0
XM_017007173.3	3385	3157.29	0	0
XM_017007174.3	17447	17219.3	57.2032	0.149502
XM_017007179.2	1778	1550.29	0	0
XM_017007186.2	3091	2863.29	0	0
XM_017007187.2	3046	2818.29	0	0
XM_017007188.2	2929	2701.29	0	0
XM_017007189.3	3682	3454.29	0	0
XM_017007191.2	6635	6407.29	0	0
XM_017007192.2	6578	6350.29	0	0
XM_017007193.2	6505	6277.29	0	0
XM_017007195.2	6208	5980.29	0	0
XM_017007196.2	6418	6190.29	158.75	1.15411
XM_017007197.2	6924	6696.29	0	0
XM_017007198.2	6277	6049.29	0	0
XM_017007199.2	6052	5824.29	0	0
XM_017007200.3	13569	13341.3	4.52102	0.0152504
XM_017007201.2	6055	5827.29	3.52431	0.0272176
XM_017007202.2	5774	5546.29	0	0
XM_017007203.2	1093	865.293	0	0
XM_017007204.2	2319	2091.29	0	0
XM_017007206.2	3248	3020.29	1.43138	0.021328
XM_017007207.2	3390	3162.29	0	0
XM_017007208.2	2979	2751.29	12.5748	0.205687
XM_017007209.2	3191	2963.29	8.93524	0.135698
XM_017007210.2	3039	2811.29	0	0
XM_017007220.2	2646	2418.29	0	0
XM_017007221.2	1823	1595.29	0	0
XM_017007222.2	2123	1895.29	1.61742	0.038405
XM_017007228.2	2433	2205.29	0	0
XM_017007235.3	12688	12460.3	0.428266	0.00154678
XM_017007237.3	12493	12265.3	25.5331	0.0936844
XM_017007238.3	12394	12166.3	17.9042	0.0662276
XM_017007241.2	5252	5024.29	4.25186	0.0380843
XM_017007243.2	2635	2407.29	9.38658	0.175477
XM_017007247.3	5641	5413.29	0	0
XM_017007248.3	5995	5767.29	0	0
XM_017007249.2	6067	5839.29	0	0
XM_017007271.2	2591	2363.29	0.490985	0.00934959
XM_017007273.2	2518	2290.29	0	0
XM_017007274.2	3007	2779.29	0	0
XM_017007276.3	2243	2015.29	0	0
XM_017007277.2	2127	1899.29	5.32563e-05	1.26189e-06
XM_017007281.3	2571	2343.29	2.71228	0.0520895
XM_017007285.2	1845	1617.29	15.4266	0.429263
XM_017007286.3	1810	1582.29	51.8656	1.47514
XM_017007289.2	1519	1291.29	20.6658	0.720226
XM_017007290.2	2833	2605.29	15.0566	0.260084
XM_017007291.2	1524	1296.29	19.9477	0.692519
XM_017007292.2	2447	2219.29	0	0
XM_017007293.2	2810	2582.29	0	0
XM_017007294.2	2558	2330.29	0	0
XM_017007295.3	2712	2484.29	1.02231e-06	1.85192e-08
XM_017007296.3	3064	2836.29	3.75985	0.0596571
XM_017007307.2	5410	5182.29	52.4417	0.455404
XM_017007308.3	1612	1384.29	0	0
XM_017007310.2	2510	2282.29	0	0
XM_017007311.3	4396	4168.29	0	0
XM_017007312.3	4281	4053.29	0	0
XM_017007314.3	1149	921.293	0	0
XM_017007315.2	1276	1048.29	0	0
XM_017007319.2	3260	3032.29	0	0
XM_017007324.2	11994	11766.3	0	0
XM_017007325.2	10019	9791.29	0	0
XM_017007326.1	2625	2397.29	0.0140808	0.000264331
XM_017007327.2	2586	2358.29	0.0015462	2.95061e-05
XM_017007328.1	2586	2358.29	0	0
XM_017007329.2	2583	2355.29	0.0137968	0.000263619
XM_017007330.1	2583	2355.29	0.00496632	9.48924e-05
XM_017007331.1	2580	2352.29	1.052	0.0201264
XM_017007332.1	2577	2349.29	7.51585	0.143974
XM_017007333.1	2571	2343.29	6.08798e-06	1.1692e-07
XM_017007334.1	2550	2322.29	0	0
XM_017007335.1	2538	2310.29	0.242915	0.00473184
XM_017007336.2	2532	2304.29	0.0182118	0.000355678
XM_017007337.1	2505	2277.29	0	0
XM_017007338.2	2499	2271.29	0.120232	0.00238226
XM_017007339.2	2487	2259.29	0.485809	0.00967688
XM_017007340.2	2412	2184.29	44.2349	0.911373
XM_017007341.2	2367	2139.29	61.5154	1.29406
XM_017007342.1	2337	2109.29	8.73693	0.186408
XM_017007343.1	2334	2106.29	15.7822	0.337202
XM_017007345.2	2328	2100.29	4.48701e-07	9.61434e-09
XM_017007347.1	2292	2064.29	14.4849	0.315781
XM_017007348.2	2274	2046.29	0	0
XM_017007352.3	9952	9724.29	12.0175	0.055616
XM_017007353.2	2769	2541.29	0	0
XM_017007354.2	1321	1093.29	63.7248	2.62309
XM_017007356.3	1735	1507.29	0	0
XM_017007357.3	2218	1990.29	0	0
XM_017007360.3	5726	5498.29	0	0
XM_017007363.3	5657	5429.29	0	0
XM_017007364.3	5579	5351.29	0	0
XM_017007366.3	5561	5333.29	0	0
XM_017007368.2	5552	5324.29	0	0
XM_017007371.3	5510	5282.29	0	0
XM_017007374.3	5498	5270.29	0	0
XM_017007376.3	5492	5264.29	0	0
XM_017007377.3	5486	5258.29	0	0
XM_017007378.2	5483	5255.29	0	0
XM_017007383.3	5402	5174.29	0	0
XM_017007386.3	5351	5123.29	0	0
XM_017007388.2	4531	4303.29	0	0
XM_017007389.2	3618	3390.29	0	0
XM_017007390.2	4267	4039.29	0	0
XM_017007391.2	3354	3126.29	0	0
XM_017007392.2	3273	3045.29	7.30868	0.108007
XM_017007393.2	2486	2258.29	5.21595	0.103943
XM_017007395.2	6537	6309.29	13.7729	0.0982395
XM_017007396.2	6553	6325.29	0	0
XM_017007397.2	6538	6310.29	0	0
XM_017007398.2	6390	6162.29	18.9771	0.138589
XM_017007400.2	6406	6178.29	0	0
XM_017007414.3	2608	2380.29	131.777	2.49144
XM_017007420.3	2996	2768.29	69.9484	1.13712
XM_017007422.2	8821	8593.29	0	0
XM_017007425.2	7777	7549.29	94.7521	0.564839
XM_017007426.2	7912	7684.29	196.306	1.14967
XM_017007427.2	7463	7235.29	22.9093	0.142495
XM_017007429.2	16134	15906.3	0	0
XM_017007430.2	16095	15867.3	0	0
XM_017007434.3	6719	6491.29	0	0
XM_017007435.3	6692	6464.29	21.8283	0.151964
XM_017007437.2	2643	2415.29	7.96421	0.148394
XM_017007446.2	4129	3901.29	0	0
XM_017007450.3	4126	3898.29	0	0
XM_017007455.2	1352	1124.29	110.82	4.43587
XM_017007456.2	9818	9590.29	72.4614	0.34003
XM_017007457.2	9132	8904.29	0.0239935	0.000121265
XM_017007463.2	9381	9153.29	169.638	0.834043
XM_017007464.2	9078	8850.29	0	0
XM_017007467.2	3649	3421.29	0	0
XM_017007469.2	3547	3319.29	0	0
XM_017007471.2	3220	2992.29	0	0
XM_017007472.2	3178	2950.29	0	0
XM_017007473.2	3148	2920.29	0	0
XM_017007476.2	3161	2933.29	71.3455	1.09459
XM_017007479.2	3025	2797.29	95.6644	1.53906
XM_017007509.3	15088	14860.3	0	0
XM_017007514.2	11535	11307.3	32.2372	0.128304
XM_017007515.3	11595	11367.3	0.0227635	9.01207e-05
XM_017007516.2	14785	14557.3	24.5252	0.0758184
XM_017007525.2	3131	2903.29	0	0
XM_017007527.3	7656	7428.29	120.52	0.730149
XM_017007528.1	6616	6388.29	25.4225	0.179092
XM_017007529.1	6598	6370.29	22.9867	0.16239
XM_017007534.2	5188	4960.29	0	0
XM_017007535.3	2977	2749.29	0	0
XM_017007539.3	2021	1793.29	0	0
XM_017007540.2	5296	5068.29	0	0
XM_017007543.2	9176	8948.29	668.467	3.36188
XM_017007547.3	5621	5393.29	0	0
XM_017007549.3	6139	5911.29	0.173404	0.00132014
XM_017007553.3	6953	6725.29	1.96143	0.0131251
XM_017007555.3	6805	6577.29	0	0
XM_017007556.2	6711	6483.29	0	0
XM_017007569.1	1376	1148.29	0.464069	0.0181875
XM_017007570.2	10454	10226.3	0	0
XM_017007573.2	5789	5561.29	0	0
XM_017007574.2	9302	9074.29	0	0
XM_017007575.2	9231	9003.29	0	0
XM_017007579.2	8971	8743.29	0	0
XM_017007583.3	2653	2425.29	0	0
XM_017007596.2	5293	5065.29	0	0
XM_017007597.2	4582	4354.29	0	0
XM_017007601.2	5523	5295.29	0	0
XM_017007623.2	602	376.687	0.79389	0.0948466
XM_017007624.3	5740	5512.29	56.315	0.459763
XM_017007625.1	5495	5267.29	0	0
XM_017007626.1	5129	4901.29	0	0
XM_017007633.3	4980	4752.29	25.3667	0.240217
XM_017007634.3	4769	4541.29	0	0
XM_017007639.3	2193	1965.29	17.0323	0.39002
XM_017007641.2	1791	1563.29	0	0
XM_017007642.2	1541	1313.29	0	0
XM_017007648.3	4240	4012.29	0	0
XM_017007649.3	4120	3892.29	0	0
XM_017007650.3	4085	3857.29	0	0
XM_017007651.3	4016	3788.29	8	0.0950361
XM_017007652.3	4795	4567.29	9.12226	0.0898847
XM_017007653.2	3072	2844.29	74.445	1.17789
XM_017007659.2	8091	7863.29	84.682	0.484651
XM_017007660.3	1595	1367.29	0	0
XM_017007662.2	3640	3412.29	102.913	1.35727
XM_017007663.3	3538	3310.29	11.9642	0.162652
XM_017007668.3	7865	7637.29	8.0774	0.0475965
XM_017007670.2	1779	1551.29	0	0
XM_017007671.2	4453	4225.29	14.2705	0.151993
XM_017007672.2	2232	2004.29	47.5411	1.06746
XM_017007673.2	2852	2624.29	48.8129	0.837076
XM_017007674.2	3273	3045.29	0	0
XM_017007675.3	1994	1766.29	6.53449	0.166491
XM_017007684.2	2235	2007.29	0	0
XM_017007690.3	7405	7177.29	63.3269	0.397073
XM_017007694.2	7291	7063.29	0	0
XM_017007703.2	3974	3746.29	66.9233	0.803929
XM_017007704.2	4145	3917.29	10.9379	0.125658
XM_017007705.2	4145	3917.29	1.74678	0.0200676
XM_017007706.3	4052	3824.29	43.4483	0.511286
XM_017007709.3	4086	3858.29	2.09085	0.0243876
XM_017007716.3	2999	2771.29	0	0
XM_017007717.3	5848	5620.29	0	0
XM_017007718.3	2560	2332.29	0	0
XM_017007719.2	2571	2343.29	17.7563	0.34101
XM_017007724.2	1172	944.293	30.5791	1.45734
XM_017007728.2	5664	5436.29	55.7461	0.461481
XM_017007731.3	3802	3574.29	0	0
XM_017007733.2	5246	5018.29	1.80063e-07	1.61477e-09
XM_017007734.3	5247	5019.29	69.0662	0.619249
XM_017007736.2	4922	4694.29	0	0
XM_017007738.2	4481	4253.29	0	0
XM_017007740.3	3449	3221.29	0	0
XM_017007743.3	3285	3057.29	23.3836	0.344205
XM_017007747.3	6227	5999.29	0	0
XM_017007748.3	6181	5953.29	0	0
XM_017007759.3	5725	5497.29	0	0
XM_017007761.2	837	609.427	0	0
XM_017007768.3	7612	7384.29	20.2036	0.123129
XM_017007769.2	17151	16923.3	0	0
XM_017007770.3	7384	7156.29	0	0
XM_017007775.3	3999	3771.29	31.5111	0.376024
XM_017007776.3	3337	3109.29	22.1274	0.320266
XM_017007777.3	5676	5448.29	82.0449	0.677694
XM_017007784.2	5268	5040.29	7.0691	0.0631177
XM_017007786.3	42988	42760.3	0.412717	0.000434364
XM_017007787.3	41186	40958.3	37.3987	0.041092
XM_017007800.2	3894	3666.29	0	0
XM_017007801.2	3079	2851.29	0	0
XM_017007803.3	6199	5971.29	0	0
XM_017007806.3	5847	5619.29	0	0
XM_017007809.2	1856	1628.29	0	0
XM_017007811.2	2221	1993.29	6.0363	0.136283
XM_017007820.3	2916	2688.29	40.2678	0.674099
XM_017007825.2	8188	7960.29	0	0
XM_017007827.3	9813	9585.29	0	0
XM_017007829.2	8818	8590.29	0	0
XM_017007830.2	4499	4271.29	8.15456	0.0859178
XM_017007832.3	4139	3911.29	16.5492	0.190414
XM_017007833.3	3859	3631.29	0	0
XM_017007837.3	7899	7671.29	0	0
XM_017007838.2	3022	2794.29	0	0
XM_017007842.3	1614	1386.29	0	0
XM_017007843.3	1397	1169.29	0	0
XM_017007844.3	1400	1172.29	0	0
XM_017007867.3	2515	2287.29	0	0
XM_017007872.2	1834	1606.29	0	0
XM_017007877.2	5585	5357.29	0	0
XM_017007878.3	8009	7781.29	0	0
XM_017007880.3	7853	7625.29	0	0
XM_017007881.3	4612	4384.29	0	0
XM_017007883.3	1971	1743.29	5.46797	0.141156
XM_017007884.3	1362	1134.29	0	0
XM_017007885.3	1373	1145.29	0	0
XM_017007886.3	1359	1131.29	0	0
XM_017007887.2	3729	3501.29	0	0
XM_017007894.2	7849	7621.29	0	0
XM_017007895.2	7777	7549.29	0	0
XM_017007896.2	7690	7462.29	0	0
XM_017007898.2	6154	5926.29	0	0
XM_017007900.2	6070	5842.29	0	0
XM_017007903.2	5906	5678.29	0	0
XM_017007906.3	14830	14602.3	0	0
XM_017007907.3	14827	14599.3	0	0
XM_017007908.3	14759	14531.3	43.8199	0.135709
XM_017007912.3	16242	16014.3	41.6269	0.116979
XM_017007913.3	3729	3501.29	47.4262	0.609582
XM_017007914.3	2542	2314.29	169.248	3.29114
XM_017007916.3	2805	2577.29	0	0
XM_017007917.3	2559	2331.29	0	0
XM_017007918.3	5883	5655.29	0	0
XM_017007919.3	5865	5637.29	0	0
XM_017007920.3	5742	5514.29	0	0
XM_017007921.3	5166	4938.29	3882.14	35.3783
XM_017007925.2	5003	4775.29	24.0486	0.226637
XM_017007926.2	5000	4772.29	12.0785	0.113901
XM_017007929.2	15540	15312.3	2.4763	0.0072779
XM_017007930.1	14200	13972.3	0	0
XM_017007931.1	12457	12229.3	0	0
XM_017007933.1	12319	12091.3	0	0
XM_017007934.1	12313	12085.3	0	0
XM_017007936.1	12289	12061.3	0	0
XM_017007937.1	13996	13768.3	3.6191	0.0118294
XM_017007940.1	12380	12152.3	0	0
XM_017007941.1	12353	12125.3	0	0
XM_017007943.2	6752	6524.29	168.452	1.16194
XM_017007948.3	6916	6688.29	0	0
XM_017007953.3	6565	6337.29	0	0
XM_017007958.2	482	263.537	7.51035	1.28251
XM_017007959.3	1297	1069.29	0	0
XM_017007965.2	5363	5135.29	0	0
XM_017007966.2	32811	32583.3	30.1063	0.0415819
XM_017007967.2	7719	7491.29	0	0
XM_017007968.2	21241	21013.3	0	0
XM_017007969.2	7640	7412.29	0	0
XM_017007970.2	7727	7499.29	0	0
XM_017007976.2	7054	6826.29	0	0
XM_017007977.2	6994	6766.29	104.739	0.696629
XM_017007980.3	4812	4584.29	0	0
XM_017007984.2	4448	4220.29	0	0
XM_017007985.2	1366	1138.29	0	0
XM_017007986.3	1048	820.293	1.00314	0.0550347
XM_017007989.2	1129	901.293	5.99381	0.299281
XM_017007990.2	6441	6213.29	0	0
XM_017007991.2	4371	4143.29	54.1189	0.587822
XM_017007992.2	4266	4038.29	0	0
XM_017007993.2	4404	4176.29	0	0
XM_017007994.2	3961	3733.29	99.5148	1.1996
XM_017008009.2	10609	10381.3	0	0
XM_017008010.2	10564	10336.3	10.7473	0.0467924
XM_017008011.2	10355	10127.3	117.556	0.52239
XM_017008012.2	9605	9377.29	255.09	1.22422
XM_017008013.2	9602	9374.29	71.8045	0.344711
XM_017008014.3	6383	6155.29	21.1242	0.154445
XM_017008015.2	5947	5719.29	32.7024	0.257323
XM_017008016.3	5633	5405.29	65.1179	0.542155
XM_017008017.2	5194	4966.29	6.35965	0.0576292
XM_017008019.3	4434	4206.29	1.48512e-05	1.58893e-07
XM_017008023.2	964	736.293	0	0
XM_017008024.2	1082	854.293	0	0
XM_017008028.3	1819	1591.29	16.0757	0.454634
XM_017008029.3	2398	2170.29	78.8755	1.63556
XM_017008030.3	1790	1562.29	0	0
XM_017008033.2	1802	1574.29	0	0
XM_017008034.2	2853	2625.29	0	0
XM_017008035.3	2748	2520.29	0	0
XM_017008040.2	2455	2227.29	10.4681	0.21151
XM_017008041.2	1439	1211.29	8.58359	0.318905
XM_017008043.2	15843	15615.3	0	0
XM_017008044.2	14091	13863.3	0.000624051	2.0258e-06
XM_017008045.3	6825	6597.29	6.43464e-05	4.38935e-07
XM_017008047.2	1061	833.293	0	0
XM_017008048.2	4397	4169.29	14.0046	0.151165
XM_017008049.3	2123	1895.29	0	0
XM_017008051.3	1323	1095.29	0	0
XM_017008052.2	2411	2183.29	0	0
XM_017008053.2	2399	2171.29	0	0
XM_017008054.2	2096	1868.29	0	0
XM_017008055.2	2000	1772.29	0	0
XM_017008056.2	1958	1730.29	47.3658	1.23193
XM_017008118.2	11539	11311.3	0	0
XM_017008119.2	5124	4896.29	0	0
XM_017008120.3	12838	12610.3	0	0
XM_017008121.2	9154	8926.29	0	0
XM_017008122.3	3350	3122.29	0	0
XM_017008127.2	8115	7887.29	0	0
XM_017008129.3	2545	2317.29	56.8388	1.10384
XM_017008131.3	3437	3209.29	0	0
XM_017008134.3	2548	2320.29	0	0
XM_017008135.3	2710	2482.29	0	0
XM_017008136.2	2449	2221.29	0	0
XM_017008141.3	2941	2713.29	488.055	8.09495
XM_017008144.3	8804	8576.29	0	0
XM_017008145.3	8801	8573.29	139.979	0.734781
XM_017008146.3	8836	8608.29	23.036	0.120429
XM_017008148.3	8738	8510.29	35.2477	0.186392
XM_017008151.3	8744	8516.29	0	0
XM_017008152.3	8741	8513.29	0	0
XM_017008154.3	8738	8510.29	0	0
XM_017008160.2	4392	4164.29	0	0
XM_017008167.2	3394	3166.29	0	0
XM_017008168.2	800	572.487	0	0
XM_017008171.3	6353	6125.29	0	0
XM_017008176.2	1509	1281.29	11.4977	0.403837
XM_017008181.2	3044	2816.29	4.2264	0.0675359
XM_017008182.2	2151	1923.29	0	0
XM_017008183.2	2118	1890.29	0	0
XM_017008184.2	1696	1468.29	0	0
XM_017008185.2	8517	8289.29	1.9968	0.0108407
XM_017008186.2	1078	850.293	0	0
XM_017008189.2	4031	3803.29	0	0
XM_017008190.2	486	266.912	0	0
XM_017008194.2	9238	9010.29	0	0
XM_017008195.2	2950	2722.29	0	0
XM_017008198.2	3244	3016.29	0	0
XM_017008199.2	2850	2622.29	0	0
XM_017008200.2	2067	1839.29	0	0
XM_017008201.2	2056	1828.29	0	0
XM_017008206.3	3403	3175.29	0	0
XM_017008211.3	1513	1285.29	1.58543	0.055512
XM_017008212.3	3547	3319.29	0	0
XM_017008213.2	1042	814.293	0	0
XM_017008215.3	8240	8012.29	0	0
XM_017008216.2	13005	12777.3	2.55526	0.00899992
XM_017008218.3	6830	6602.29	31.5038	0.214739
XM_017008219.3	2229	2001.29	2.83563	0.0637648
XM_017008220.3	1600	1372.29	10.0842	0.330703
XM_017008222.3	10132	9904.29	8.56532	0.0389191
XM_017008224.2	4037	3809.29	6.97717	0.0824285
XM_017008238.2	5170	4942.29	17.4633	0.159016
XM_017008239.2	5173	4945.29	0	0
XM_017008240.2	2186	1958.29	9.76481	0.224403
XM_017008243.3	1991	1763.29	0	0
XM_017008244.3	4104	3876.29	0	0
XM_017008255.2	1840	1612.29	0	0
XM_017008256.2	2058	1830.29	0	0
XM_017008258.2	3091	2863.29	0	0
XM_017008275.2	7654	7426.29	99.9039	0.605414
XM_017008276.2	11614	11386.3	13.2114	0.0522168
XM_017008281.2	3272	3044.29	0.0296216	0.000437889
XM_017008290.2	760	532.648	0	0
XM_017008291.2	1570	1342.29	0	0
XM_017008292.3	8667	8439.29	16.8037	0.0896067
XM_017008299.2	1104	876.293	0	0
XM_017008300.3	7582	7354.29	0	0
XM_017008303.2	1717	1489.29	0	0
XM_017008304.3	4965	4737.29	0	0
XM_017008308.2	5029	4801.29	0	0
XM_017008309.3	4875	4647.29	0	0
XM_017008310.3	4671	4443.29	0	0
XM_017008311.2	5147	4919.29	3609.74	33.0229
XM_017008313.2	6468	6240.29	0	0
XM_017008314.2	6467	6239.29	0	0
XM_017008319.2	6120	5892.29	21.3683	0.163203
XM_017008334.2	5433	5205.29	0	0
XM_017008335.2	6326	6098.29	0	0
XM_017008336.2	5643	5415.29	0	0
XM_017008338.2	5749	5521.29	0	0
XM_017008339.2	5665	5437.29	0.155131	0.00128398
XM_017008340.2	5278	5050.29	0	0
XM_017008341.2	4879	4651.29	0	0
XM_017008342.2	4783	4555.29	20.1934	0.199497
XM_017008343.2	4811	4583.29	134.988	1.32544
XM_017008345.2	2677	2449.29	0	0
XM_017008347.2	2695	2467.29	0	0
XM_017008348.2	3897	3669.29	27.9665	0.343003
XM_017008352.2	2992	2764.29	0.00204262	3.32542e-05
XM_017008356.2	1132	904.293	12.2767	0.610965
XM_017008357.3	3675	3447.29	76.1487	0.994092
XM_017008359.3	5320	5092.29	3001.28	26.5238
XM_017008363.2	1911	1683.29	48.481	1.29615
XM_017008364.2	2531	2303.29	0	0
XM_017008366.2	3088	2860.29	0	0
XM_017008369.3	6744	6516.29	0	0
XM_017008370.2	6423	6195.29	0	0
XM_017008380.2	5624	5396.29	32.4144	0.270324
XM_017008381.2	12450	12222.3	5.35935	0.0197334
XM_017008383.2	6081	5853.29	2.05334	0.0157872
XM_017008384.2	3357	3129.29	0	0
XM_017008385.2	11380	11152.3	0	0
XM_017008386.2	11095	10867.3	8.48895	0.035154
XM_017008387.3	10992	10764.3	26.4781	0.110699
XM_017008388.2	11053	10825.3	1.91553	0.00796326
XM_017008389.2	11377	11149.3	0	0
XM_017008390.2	11359	11131.3	0	0
XM_017008391.2	11356	11128.3	0	0
XM_017008394.2	11101	10873.3	0	0
XM_017008395.2	10353	10125.3	0	0
XM_017008398.1	9461	9233.29	129.733	0.632319
XM_017008401.2	2666	2438.29	0.00413335	7.62885e-05
XM_017008402.2	1996	1768.29	0.000298401	7.59432e-06
XM_017008403.2	2508	2280.29	153.169	3.02289
XM_017008404.2	1838	1610.29	587.664	16.4235
XM_017008405.3	3601	3373.29	0.00117286	1.56471e-05
XM_017008406.2	3445	3217.29	0.00010856	1.51853e-06
XM_017008407.3	2185	1957.29	31.84	0.732081
XM_017008410.3	22163	21935.3	5.34463e-08	1.09652e-10
XM_017008412.2	2187	1959.29	25.5744	0.58742
XM_017008415.2	4663	4435.29	2.86551e-08	2.90751e-10
XM_017008416.2	4662	4434.29	3.90357e-08	3.96169e-10
XM_017008418.1	1483	1255.29	0	0
XM_017008455.2	3649	3421.29	0	0
XM_017008457.3	1913	1685.29	0	0
XM_017008458.3	2949	2721.29	0	0
XM_017008459.2	1602	1374.29	0	0
XM_017008460.3	4778	4550.29	0	0
XM_017008466.2	2457	2229.29	0	0
XM_017008467.2	9302	9074.29	0	0
XM_017008471.2	9981	9753.29	62.4917	0.288346
XM_017008473.2	6502	6274.29	0	0
XM_017008475.2	9478	9250.29	0	0
XM_017008476.1	9309	9081.29	1.91345	0.00948227
XM_017008477.2	4789	4561.29	58.8334	0.580468
XM_017008479.2	4030	3802.29	60.9525	0.72142
XM_017008480.2	4321	4093.29	0	0
XM_017008481.2	5101	4873.29	0	0
XM_017008483.3	4964	4736.29	1465.51	13.9249
XM_017008484.3	5119	4891.29	33.3	0.306382
XM_017008486.3	5237	5009.29	0	0
XM_017008487.2	7368	7140.29	25.641	0.161608
XM_017008490.1	4386	4158.29	26.309	0.284729
XM_017008492.3	4516	4288.29	0	0
XM_017008493.3	8003	7775.29	39.0138	0.22581
XM_017008494.3	4255	4027.29	0	0
XM_017008495.2	4380	4152.29	6.47746	0.0702035
XM_017008496.2	8790	8562.29	16.2327	0.0853183
XM_017008497.3	1931	1703.29	0	0
XM_017008498.3	2232	2004.29	8.42111	0.189082
XM_017008499.2	1676	1448.29	0	0
XM_017008500.1	3106	2878.29	0	0
XM_017008511.3	8599	8371.29	106.21	0.570974
XM_017008512.3	8557	8329.29	6.54171	0.0353448
XM_017008513.3	8542	8314.29	30.6228	0.165753
XM_017008514.3	8506	8278.29	75.6629	0.411324
XM_017008515.3	8053	7825.29	6.32864	0.0363959
XM_017008516.3	8041	7813.29	0.000616515	3.55101e-06
XM_017008517.2	3860	3632.29	0	0
XM_017008518.3	3851	3623.29	0	0
XM_017008520.2	3569	3341.29	0	0
XM_017008523.3	2994	2766.29	0	0
XM_017008524.3	2922	2694.29	0	0
XM_017008525.2	2895	2667.29	0	0
XM_017008526.2	3325	3097.29	6	0.0871789
XM_017008527.2	7225	6997.29	0	0
XM_017008529.3	6054	5826.29	36.6309	0.282942
XM_017008534.2	3303	3075.29	72.9939	1.06817
XM_017008535.2	7301	7073.29	93.7583	0.596528
XM_017008536.1	1696	1468.29	0	0
XM_017008541.2	3401	3173.29	0	0
XM_017008543.3	4593	4365.29	485.852	5.00879
XM_017008545.3	1871	1643.29	0	0
XM_017008546.2	1655	1427.29	0	0
XM_017008558.2	5625	5397.29	0	0
XM_017008559.2	5669	5441.29	79.2673	0.655593
XM_017008560.2	5598	5370.29	0	0
XM_017008565.3	2722	2494.29	0	0
XM_017008566.3	1077	849.293	0	0
XM_017008568.2	1153	925.293	0	0
XM_017008571.3	3346	3118.29	0	0
XM_017008572.3	3288	3060.29	0	0
XM_017008573.2	3880	3652.29	0	0
XM_017008575.2	3775	3547.29	0	0
XM_017008578.3	8446	8218.29	0	0
XM_017008581.3	2853	2625.29	1	0.0171421
XM_017008583.1	9777	9549.29	2.06305	0.00972257
XM_017008585.3	2748	2520.29	0	0
XM_017008589.3	2282	2054.29	18.2212	0.399169
XM_017008590.3	3287	3059.29	0	0
XM_017008591.3	16230	16002.3	57.3225	0.161207
XM_017008592.3	4240	4012.29	78.3181	0.878439
XM_017008594.3	4807	4579.29	305.899	3.00623
XM_017008601.2	3882	3654.29	16.9903	0.209238
XM_017008611.3	4695	4467.29	0	0
XM_017008612.3	4593	4365.29	0	0
XM_017008615.2	1774	1546.29	1	0.0291038
XM_017008616.2	7592	7364.29	183.755	1.12293
XM_017008617.2	7380	7152.29	230.321	1.44921
XM_017008625.3	1373	1145.29	0	0
XM_017008626.3	5577	5349.29	60.837	0.511816
XM_017008627.2	5713	5485.29	24.062	0.197413
XM_017008629.2	2076	1848.29	0	0
XM_017008630.2	8765	8537.29	0	0
XM_017008654.2	4495	4267.29	273.923	2.8888
XM_017008655.2	4201	3973.29	47.2084	0.534701
XM_017008656.2	4260	4032.29	10.5652	0.117915
XM_017008657.2	4457	4229.29	37.2074	0.395916
XM_017008661.1	6451	6223.29	118.828	0.859295
XM_017008674.3	5686	5458.29	0	0
XM_017008689.2	3676	3448.29	3.74137	0.0488279
XM_017008690.3	5610	5382.29	1.16698	0.00975747
XM_017008691.3	2591	2363.29	6.44497	0.122729
XM_017008692.2	564	339.768	11.1182	1.47263
XM_017008693.3	2486	2258.29	0	0
XM_017008695.2	15856	15628.3	646.868	1.86271
XM_017008697.2	15793	15565.3	0.0139577	4.03552e-05
XM_017008698.2	14119	13891.3	0	0
XM_017008699.2	9320	9092.29	45.4724	0.225069
XM_017008701.2	1915	1687.29	0	0
XM_017008715.3	3531	3303.29	0	0
XM_017008720.3	3480	3252.29	0	0
XM_017008723.2	2805	2577.29	0	0
XM_017008725.2	2517	2289.29	0.501133	0.0098513
XM_017008728.2	1010	782.293	0	0
XM_017008729.3	1261	1033.29	0	0
XM_017008730.3	1127	899.293	0	0
XM_017008731.3	1134	906.293	0	0
XM_017008732.2	1066	838.293	0	0
XM_017008734.2	1031	803.293	0	0
XM_017008737.2	15433	15205.3	0	0
XM_017008777.2	1200	972.293	0	0
XM_017008778.3	2054	1826.29	0	0
XM_017008779.2	2382	2154.29	0	0
XM_017008780.2	2835	2607.29	0	0
XM_017008781.2	2612	2384.29	94.7322	1.78805
XM_017008782.2	1011	783.293	12.3966	0.712231
XM_017008783.3	1021	793.293	0	0
XM_017008786.2	6998	6770.29	0	0
XM_017008791.3	2139	1911.29	5.98745	0.14098
XM_017008792.2	7362	7134.29	0.00111399	7.02707e-06
XM_017008793.2	7662	7434.29	15.7087	0.0950919
XM_017008797.2	3731	3503.29	0	0
XM_017008798.2	3661	3433.29	0	0
XM_017008800.2	2987	2759.29	0	0
XM_017008809.2	4291	4063.29	0	0
XM_017008810.2	4060	3832.29	0	0
XM_017008811.2	4615	4387.29	2	0.0205152
XM_017008812.3	2489	2261.29	1.34949	0.0268569
XM_017008813.3	2375	2147.29	50.3525	1.05529
XM_017008815.3	2753	2525.29	0.684225	0.0121935
XM_017008816.3	2747	2519.29	0.0746478	0.00133346
XM_017008818.2	2795	2567.29	0	0
XM_017008819.3	2639	2411.29	19.7414	0.368443
XM_017008820.3	2636	2408.29	152.351	2.84693
XM_017008821.3	2633	2405.29	1.70407	0.0318833
XM_017008827.3	6810	6582.29	19.6992	0.134684
XM_017008829.2	6848	6620.29	34.0997	0.231801
XM_017008830.2	6609	6381.29	22.3892	0.157897
XM_017008835.3	2764	2536.29	68.9293	1.22306
XM_017008837.2	7343	7115.29	0	0
XM_017008839.3	5801	5573.29	0	0
XM_017008840.3	6284	6056.29	0	0
XM_017008841.2	25721	25493.3	40.6258	0.0717164
XM_017008843.2	4403	4175.29	0	0
XM_017008844.2	4651	4423.29	0	0
XM_017008845.2	6109	5881.29	479.852	3.67178
XM_017008846.2	7965	7737.29	13.88	0.0807314
XM_017008847.3	3796	3568.29	49.2662	0.621342
XM_017008848.2	7828	7600.29	63.965	0.378752
XM_017008849.2	7639	7411.29	0	0
XM_017008851.2	2247	2019.29	2	0.0445731
XM_017008852.3	4234	4006.29	0	0
XM_017008854.2	10627	10399.3	542.548	2.34788
XM_017008864.3	6610	6382.29	25.1336	0.177223
XM_017008865.3	6570	6342.29	27.1114	0.192374
XM_017008866.2	6354	6126.29	188.904	1.38767
XM_017008867.3	6306	6078.29	0	0
XM_017008871.2	6182	5954.29	0	0
XM_017008873.3	3981	3753.29	0	0
XM_017008874.2	3599	3371.29	215.04	2.87055
XM_017008880.3	3152	2924.29	123.699	1.90365
XM_017008893.2	13768	13540.3	0	0
XM_017008900.3	2180	1952.29	0	0
XM_017008901.3	2263	2035.29	0	0
XM_017008902.3	2117	1889.29	0	0
XM_017008903.3	2141	1913.29	0	0
XM_017008904.3	2032	1804.29	0	0
XM_017008908.2	5822	5594.29	87.102	0.700689
XM_017008913.3	6019	5791.29	0	0
XM_017008924.3	4992	4764.29	0	0
XM_017008926.3	5023	4795.29	0	0
XM_017008927.3	4951	4723.29	0	0
XM_017008928.3	5209	4981.29	0	0
XM_017008929.3	4689	4461.29	0	0
XM_017008930.3	4580	4352.29	0.147746	0.00152771
XM_017008944.3	1906	1678.29	0	0
XM_017008954.2	1209	981.293	46.1095	2.11463
XM_017008957.3	3786	3558.29	9.65481	0.122108
XM_017008958.2	5611	5383.29	0	0
XM_017008960.2	5637	5409.29	14.1006	0.117312
XM_017008961.3	6054	5826.29	342.455	2.64517
XM_017008963.3	2563	2335.29	0.0314396	0.000605867
XM_017008964.2	4723	4495.29	0	0
XM_017008967.3	4577	4349.29	45.6052	0.471887
XM_017008978.3	4504	4276.29	0	0
XM_017008979.3	4453	4225.29	1.00856e-07	1.07421e-09
XM_017008980.2	3211	2983.29	438.983	6.62208
XM_017008984.2	2933	2705.29	0	0
XM_017008985.2	2882	2654.29	0	0
XM_017008988.3	15344	15116.3	108.362	0.322609
XM_017008993.2	6535	6307.29	10.5212	0.0750694
XM_017008996.3	3099	2871.29	66.3248	1.03954
XM_017008997.2	2840	2612.29	12.3299	0.212412
XM_017008999.3	2723	2495.29	127.187	2.29384
XM_017009008.2	5942	5714.29	4.1667	0.032815
XM_017009015.2	1624	1396.29	13.7131	0.441977
XM_017009016.3	4816	4588.29	68.3513	0.670406
XM_017009017.3	1861	1633.29	0	0
XM_017009018.3	1829	1601.29	66.8007	1.87738
XM_017009019.3	2808	2580.29	16.1535	0.281734
XM_017009020.3	1732	1504.29	0	0
XM_017009021.3	1712	1484.29	0	0
XM_017009022.3	1554	1326.29	20.9213	0.709891
XM_017009024.3	1864	1636.29	41.3141	1.13627
XM_017009028.2	3347	3119.29	4.99978	0.0721335
XM_017009032.2	460	243.274	0	0
XM_017009033.2	586	361.171	0	0
XM_017009043.3	4384	4156.29	22.9599	0.248602
XM_017009044.3	4511	4283.29	25.1362	0.264097
XM_017009045.2	4087	3859.29	0	0
XM_017009046.2	4003	3775.29	0	0
XM_017009047.2	3985	3757.29	0	0
XM_017009048.2	3799	3571.29	14.0308	0.176807
XM_017009049.2	5245	5017.29	0	0
XM_017009050.2	4860	4632.29	108.726	1.05628
XM_017009051.2	4899	4671.29	0	0
XM_017009052.2	4869	4641.29	0	0
XM_017009053.2	4846	4618.29	0	0
XM_017009054.3	5001	4773.29	0	0
XM_017009057.3	4740	4512.29	3.01075e-05	3.00275e-07
XM_017009059.2	4825	4597.29	1.50121e-05	1.46954e-07
XM_017009060.2	4881	4653.29	1.7492e-05	1.69169e-07
XM_017009062.2	5029	4801.29	0	0
XM_017009063.3	4716	4488.29	0	0
XM_017009064.3	4644	4416.29	28.5941	0.291381
XM_017009065.3	4641	4413.29	51.9868	0.530118
XM_017009067.3	4620	4392.29	26.0655	0.267065
XM_017009068.3	4617	4389.29	2.42539	0.0248674
XM_017009069.2	4654	4426.29	39.758	0.404228
XM_017009070.3	4542	4314.29	28.2878	0.295074
XM_017009071.3	1089	861.293	0	0
XM_017009072.2	5225	4997.29	0	0
XM_017009074.2	5150	4922.29	0	0
XM_017009077.2	2446	2218.29	0.000109178	2.21493e-06
XM_017009078.3	2365	2137.29	0	0
XM_017009080.2	2454	2226.29	3.94948	0.0798363
XM_017009081.2	2251	2023.29	8.56188e-05	1.90438e-06
XM_017009082.2	2233	2005.29	2.33247e-05	5.23455e-07
XM_017009083.3	1039	811.293	0.65524	0.0363467
XM_017009085.2	3243	3015.29	55.1638	0.823317
XM_017009087.2	1289	1061.29	0	0
XM_017009088.2	1338	1110.29	0	0
XM_017009089.2	1204	976.293	0	0
XM_017009091.2	1263	1035.29	0	0
XM_017009111.3	4784	4556.29	3627.43	35.8285
XM_017009113.3	3415	3187.29	0	0
XM_017009115.3	1735	1507.29	0	0
XM_017009117.2	3034	2806.29	0	0
XM_017009119.3	2669	2441.29	0	0
XM_017009120.3	2491	2263.29	0	0
XM_017009121.3	2486	2258.29	0	0
XM_017009122.3	2604	2376.29	0	0
XM_017009123.3	1558	1330.29	0	0
XM_017009124.3	2358	2130.29	0	0
XM_017009126.3	2293	2065.29	0	0
XM_017009127.2	1173	945.293	0	0
XM_017009128.2	976	748.293	0	0
XM_017009130.2	9158	8930.29	2.14209	0.0107948
XM_017009131.2	4804	4576.29	0	0
XM_017009132.2	4747	4519.29	0	0
XM_017009133.2	9052	8824.29	0	0
XM_017009134.2	4698	4470.29	4.96888	0.0500225
XM_017009135.2	4711	4483.29	13.972	0.140251
XM_017009136.2	5760	5532.29	1.93145e-08	1.57116e-10
XM_017009138.3	4085	3857.29	118.774	1.38573
XM_017009139.2	3204	2976.29	208.737	3.15621
XM_017009144.2	11253	11025.3	0	0
XM_017009145.2	11153	10925.3	0	0
XM_017009146.2	12248	12020.3	65.4031	0.244864
XM_017009147.2	9282	9054.29	0	0
XM_017009152.3	5233	5005.29	1.39892	0.0125778
XM_017009166.2	2022	1794.29	0	0
XM_017009167.2	2032	1804.29	4.49566	0.112132
XM_017009171.2	1801	1573.29	0	0
XM_017009174.2	9005	8777.29	0.0528731	0.000271092
XM_017009177.2	15225	14997.3	0	0
XM_017009179.3	14753	14525.3	0	0
XM_017009180.2	12932	12704.3	0	0
XM_017009181.2	11987	11759.3	0	0
XM_017009182.2	11526	11298.3	0	0
XM_017009184.2	9297	9069.29	0	0
XM_017009185.1	10952	10724.3	0	0
XM_017009186.2	10383	10155.3	0	0
XM_017009187.2	8130	7902.29	26.2656	0.149581
XM_017009188.2	11185	10957.3	3.04651	0.0125124
XM_017009190.3	5419	5191.29	0	0
XM_017009191.3	7951	7723.29	310.024	1.80649
XM_017009194.2	2230	2002.29	0	0
XM_017009197.2	2411	2183.29	0	0
XM_017009199.2	2451	2223.29	0	0
XM_017009200.3	15639	15411.3	4.29129e-07	1.25312e-09
XM_017009202.2	2103	1875.29	1.74607	0.0419021
XM_017009203.2	2100	1872.29	1.76072	0.0423213
XM_017009206.3	4164	3936.29	0.962914	0.0110089
XM_017009207.2	2833	2605.29	0.000151313	2.61373e-06
XM_017009211.3	3476	3248.29	0	0
XM_017009213.2	1307	1079.29	0	0
XM_017009214.1	4252	4024.29	1.27725	0.0142833
XM_017009216.2	5623	5395.29	0	0
XM_017009217.2	1599	1371.29	7.18007	0.235635
XM_017009224.2	14874	14646.3	4.02117e-06	1.23557e-08
XM_017009225.2	14716	14488.3	11.5463	0.0358649
XM_017009227.2	9320	9092.29	0	0
XM_017009228.3	10774	10546.3	6.00963	0.0256443
XM_017009230.3	11840	11612.3	54.3	0.210438
XM_017009231.3	11898	11670.3	1341.42	5.17279
XM_017009233.3	11847	11619.3	0	0
XM_017009237.2	5163	4935.29	65.9512	0.601384
XM_017009239.2	3161	2933.29	824.436	12.6486
XM_017009240.3	5599	5371.29	511.553	4.28602
XM_017009244.3	9701	9473.29	1.17696	0.0055912
XM_017009248.3	8870	8642.29	0	0
XM_017009250.3	2081	1853.29	0.756056	0.0183591
XM_017009251.2	4605	4377.29	0	0
XM_017009252.2	7036	6808.29	0	0
XM_017009254.3	2742	2514.29	0	0
XM_017009255.1	2953	2725.29	0	0
XM_017009256.1	2950	2722.29	0	0
XM_017009258.1	4146	3918.29	0.134395	0.00154358
XM_017009259.1	4140	3912.29	0	0
XM_017009261.1	4408	4180.29	0	0
XM_017009262.3	19348	19120.3	34.7767	0.0818532
XM_017009263.2	6706	6478.29	0	0
XM_017009266.2	4896	4668.29	0	0
XM_017009268.2	5800	5572.29	0	0
XM_017009273.3	15129	14901.3	101.503	0.306548
XM_017009274.3	15075	14847.3	23.2467	0.0704621
XM_017009276.2	7316	7088.29	0	0
XM_017009279.2	7079	6851.29	21.437	0.14081
XM_017009293.3	6381	6153.29	0	0
XM_017009297.3	4268	4040.29	0	0
XM_017009298.2	1871	1643.29	0	0
XM_017009299.3	4220	3992.29	5.67163	0.0639334
XM_017009303.2	4440	4212.29	21.3187	0.227763
XM_017009308.2	20093	19865.3	31.0395	0.0703173
XM_017009309.2	20182	19954.3	0.0676545	0.000152582
XM_017009311.2	9557	9329.29	7.32344	0.0353272
XM_017009312.2	9485	9257.29	47.9001	0.23286
XM_017009317.1	6124	5896.29	0	0
XM_017009318.3	6069	5841.29	0	0
XM_017009319.2	5919	5691.29	0	0
XM_017009320.2	5751	5523.29	0	0
XM_017009321.1	4814	4586.29	0	0
XM_017009322.3	4455	4227.29	1.65238	0.017591
XM_017009327.2	6922	6694.29	0	0
XM_017009328.2	7071	6843.29	0	0
XM_017009329.2	10319	10091.3	6.42796	0.0286661
XM_017009335.2	4957	4729.29	167.27	1.59171
XM_017009337.3	4093	3865.29	72.3052	0.841839
XM_017009339.3	1710	1482.29	0	0
XM_017009343.3	2070	1842.29	0	0
XM_017009344.3	2072	1844.29	1.5363	0.0374878
XM_017009345.3	1705	1477.29	0	0
XM_017009346.2	1543	1315.29	1.12265	0.0384118
XM_017009347.2	990	762.293	2.4646	0.145501
XM_017009348.2	829	601.427	0	0
XM_017009351.2	7863	7635.29	0	0
XM_017009352.2	4918	4690.29	0	0
XM_017009354.2	4456	4228.29	0	0
XM_017009355.2	4923	4695.29	0	0
XM_017009356.2	4426	4198.29	0	0
XM_017009357.2	4481	4253.29	0	0
XM_017009358.2	2491	2263.29	0	0
XM_017009359.2	2522	2294.29	0	0
XM_017009360.2	4390	4162.29	0	0
XM_017009361.2	4372	4144.29	0	0
XM_017009362.2	4774	4546.29	0	0
XM_017009363.2	4891	4663.29	0	0
XM_017009364.2	4855	4627.29	0	0
XM_017009365.2	4885	4657.29	0	0
XM_017009369.2	4860	4632.29	0	0
XM_017009373.2	11768	11540.3	20.0341	0.0781258
XM_017009374.2	7729	7501.29	0	0
XM_017009383.2	4963	4735.29	0	0
XM_017009386.3	10402	10174.3	0	0
XM_017009387.1	1725	1497.29	3.92249	0.117895
XM_017009388.2	4882	4654.29	0	0
XM_017009389.2	4968	4740.29	0	0
XM_017009392.2	2587	2359.29	4.83007	0.0921327
XM_017009395.2	450	234.286	0.880724	0.169175
XM_017009396.2	574	349.421	0	0
XM_017009407.2	1732	1504.29	0	0
XM_017009408.2	1902	1674.29	3	0.0806366
XM_017009409.2	6317	6089.29	0	0
XM_017009413.2	2830	2602.29	7.66196	0.132503
XM_017009434.2	12390	12162.3	9.84915	0.036444
XM_017009435.3	2192	1964.29	0	0
XM_017009438.3	7751	7523.29	0.0013388	8.00846e-06
XM_017009440.2	7772	7544.29	45.8929	0.27376
XM_017009444.3	3523	3295.29	0	0
XM_017009445.2	2271	2043.29	65.2291	1.43666
XM_017009446.2	2181	1953.29	10.6088	0.244422
XM_017009449.2	10043	9815.29	0.000259546	1.19002e-06
XM_017009450.2	9882	9654.29	0	0
XM_017009452.2	13466	13238.3	0	0
XM_017009453.2	9866	9638.29	0	0
XM_017009457.2	1157	929.293	0	0
XM_017009460.2	4832	4604.29	0	0
XM_017009463.2	10717	10489.3	0	0
XM_017009469.2	803	575.487	0	0
XM_017009470.3	7349	7121.29	0.00317228	2.00472e-05
XM_017009471.3	4026	3798.29	5.24132	0.0621005
XM_017009472.2	5948	5720.29	168.722	1.32738
XM_017009478.3	8777	8549.29	0	0
XM_017009495.3	5955	5727.29	0	0
XM_017009496.3	5952	5724.29	0	0
XM_017009497.3	5372	5144.29	0	0
XM_017009502.3	5754	5526.29	0	0
XM_017009505.3	5165	4937.29	3.88005	0.0353664
XM_017009507.3	5051	4823.29	0	0
XM_017009511.3	5654	5426.29	11.6266	0.0964256
XM_017009517.3	4772	4544.29	0	0
XM_017009519.3	881	653.427	109.522	7.54307
XM_017009520.2	736	508.753	12.6497	1.11897
XM_017009522.2	2882	2654.29	0	0
XM_017009523.3	1431	1203.29	0	0
XM_017009532.2	2725	2497.29	0	0
XM_017009533.2	2690	2462.29	0	0
XM_017009534.2	2785	2557.29	0	0
XM_017009536.2	2518	2290.29	6.11812	0.120218
XM_017009549.2	5609	5381.29	0	0
XM_017009550.2	5303	5075.29	0	0
XM_017009566.1	8135	7907.29	0	0
XM_017009567.1	7873	7645.29	0	0
XM_017009576.2	1761	1533.29	34.123	1.00153
XM_017009577.2	1741	1513.29	4.30925	0.128151
XM_017009581.2	5732	5504.29	4.63617	0.0379053
XM_017009583.3	2438	2210.29	29.8264	0.607287
XM_017009584.2	6192	5964.29	3.67546e-08	2.77329e-10
XM_017009585.3	7804	7576.29	13.4881	0.0801192
XM_017009598.2	3403	3175.29	0	0
XM_017009599.2	5068	4840.29	0	0
XM_017009600.3	3922	3694.29	143.193	1.74434
XM_017009603.3	2859	2631.29	0	0
XM_017009606.2	4119	3891.29	105.657	1.22193
XM_017009607.2	3863	3635.29	5.91584	0.073235
XM_017009608.3	3770	3542.29	84.9722	1.07953
XM_017009609.2	3507	3279.29	2.12025	0.0290971
XM_017009618.2	1715	1487.29	0	0
XM_017009621.3	4226	3998.29	0	0
XM_017009622.3	4207	3979.29	0	0
XM_017009623.3	1889	1661.29	0	0
XM_017009624.2	5293	5065.29	0	0
XM_017009628.2	3532	3304.29	16.2598	0.221451
XM_017009630.2	10438	10210.3	15.1631	0.0668334
XM_017009631.2	8618	8390.29	2.06372	0.0110692
XM_017009643.2	2456	2228.29	19.54	0.394634
XM_017009644.3	9984	9756.29	31.8436	0.146886
XM_017009651.2	2543	2315.29	0	0
XM_017009655.2	2934	2706.29	0	0
XM_017009659.3	7903	7675.29	13.6631	0.0801119
XM_017009661.2	10335	10107.3	0	0
XM_017009662.2	10146	9918.29	0	0
XM_017009663.3	9453	9225.29	0	0
XM_017009664.2	9434	9206.29	0	0
XM_017009665.2	9538	9310.29	0	0
XM_017009668.2	10180	9952.29	24.2886	0.10983
XM_017009669.2	9228	9000.29	242.581	1.21295
XM_017009671.3	5737	5509.29	111.095	0.907485
XM_017009672.2	6016	5788.29	25.0288	0.194595
XM_017009675.2	17606	17378.3	15.3415	0.0397285
XM_017009677.2	4678	4450.29	37.0781	0.374948
XM_017009678.3	1348	1120.29	0	0
XM_017009681.2	2869	2641.29	0	0
XM_017009683.2	3085	2857.29	0	0
XM_017009688.2	1266	1038.29	0.0528258	0.00228964
XM_017009690.2	1903	1675.29	0	0
XM_017009692.2	1869	1641.29	7.51389	0.206026
XM_017009694.2	1934	1706.29	85.4595	2.25397
XM_017009695.2	1547	1319.29	74.4909	2.541
XM_017009696.3	1697	1469.29	15.684	0.480387
XM_017009705.3	5903	5675.29	0.176153	0.00139683
XM_017009706.3	5655	5427.29	1.92433	0.0159565
XM_017009708.2	2650	2422.29	1.00114	0.0185999
XM_017009709.2	2910	2682.29	1	0.0167778
XM_017009716.3	4427	4199.29	0	0
XM_017009718.3	4995	4767.29	0	0
XM_017009719.3	3285	3057.29	0	0
XM_017009724.2	10228	10000.3	0.0569261	0.000256178
XM_017009728.2	3760	3532.29	0	0
XM_017009729.3	5742	5514.29	9.17032	0.0748406
XM_017009736.2	4332	4104.29	0	0
XM_017009738.2	4305	4077.29	0	0
XM_017009739.2	4293	4065.29	0	0
XM_017009740.2	4173	3945.29	0	0
XM_017009741.3	3439	3211.29	0	0
XM_017009742.3	3427	3199.29	27.6534	0.388989
XM_017009744.2	3528	3300.29	27.9835	0.381586
XM_017009745.2	3641	3413.29	0	0
XM_017009746.3	5344	5116.29	11.9315	0.10495
XM_017009747.2	2920	2692.29	3.34185	0.0558607
XM_017009748.3	1994	1766.29	0	0
XM_017009749.2	3740	3512.29	15.4066	0.197405
XM_017009750.2	591	366.025	30.0041	3.68903
XM_017009751.3	628	402.259	3.181	0.355877
XM_017009752.2	630	404.218	188.863	21.0268
XM_017009761.3	11085	10857.3	6.13808e-08	2.54421e-10
XM_017009766.2	7922	7694.29	225.749	1.32038
XM_017009767.2	3736	3508.29	0	0
XM_017009768.3	3581	3353.29	9	0.120785
XM_017009769.3	5059	4831.29	0	0
XM_017009776.2	1821	1593.29	12.1745	0.343874
XM_017009778.3	3173	2945.29	9.30971	0.142249
XM_017009779.1	9109	8881.29	0.000237123	1.20154e-06
XM_017009781.2	3010	2782.29	0	0
XM_017009786.2	1478	1250.29	0	0
XM_017009787.2	1211	983.293	0	0
XM_017009791.2	2547	2319.29	0	0
XM_017009792.3	5020	4792.29	88.1951	0.828216
XM_017009793.3	4846	4618.29	85.7851	0.835935
XM_017009794.3	4732	4504.29	0.000146255	1.46126e-06
XM_017009795.3	3579	3351.29	28.167	0.378243
XM_017009799.3	2186	1958.29	0	0
XM_017009801.2	11448	11220.3	4033.32	16.1771
XM_017009802.2	11321	11093.3	138.103	0.560255
XM_017009803.2	9761	9533.29	4639.44	21.901
XM_017009805.2	1407	1179.29	0	0
XM_017009806.3	884	656.427	0	0
XM_017009807.2	875	647.427	0	0
XM_017009808.2	809	581.487	0	0
XM_017009809.3	1406	1178.29	0	0
XM_017009810.3	1047	819.293	0	0
XM_017009811.3	915	687.293	0	0
XM_017009812.3	792	564.487	0	0
XM_017009813.3	1451	1223.29	0	0
XM_017009814.2	2680	2452.29	0	0
XM_017009815.2	2548	2320.29	0	0
XM_017009816.2	2482	2254.29	0	0
XM_017009818.3	3936	3708.29	0	0
XM_017009826.2	1654	1426.29	0	0
XM_017009827.3	1807	1579.29	0	0
XM_017009828.3	2815	2587.29	1.22473	0.0213028
XM_017009847.2	5406	5178.29	0	0
XM_017009855.3	7286	7058.29	0	0
XM_017009858.3	7208	6980.29	0	0
XM_017009859.2	7205	6977.29	0	0
XM_017009880.3	6554	6326.29	0	0
XM_017009882.3	3778	3550.29	0	0
XM_017009888.1	1020	792.293	0	0
XM_017009891.2	2349	2121.29	2.06711	0.0438535
XM_017009904.3	861	633.427	0	0
XM_017009905.2	8683	8455.29	3.02886e-05	1.6121e-07
XM_017009906.1	8274	8046.29	0	0
XM_017009907.1	7166	6938.29	45.1936	0.293134
XM_017009908.1	6758	6530.29	90.8801	0.626294
XM_017009909.2	6673	6445.29	0	0
XM_017009910.3	7392	7164.29	207.061	1.30067
XM_017009933.2	3313	3085.29	0	0
XM_017009934.2	3304	3076.29	0	0
XM_017009935.2	3280	3052.29	0	0
XM_017009936.2	3241	3013.29	0	0
XM_017009937.2	3199	2971.29	0	0
XM_017009938.2	3148	2920.29	0	0
XM_017009939.2	3298	3070.29	0	0
XM_017009940.2	3124	2896.29	0	0
XM_017009941.2	3115	2887.29	0	0
XM_017009942.2	3004	2776.29	0	0
XM_017009944.2	3056	2828.29	10.7115	0.170439
XM_017009945.3	1668	1440.29	0	0
XM_017009946.3	880	652.427	0	0
XM_017009947.3	844	616.427	0	0
XM_017009951.2	1137	909.293	0	0
XM_017009953.2	5113	4885.29	42.6209	0.392621
XM_017009954.3	4278	4050.29	2.84611	0.0316234
XM_017009955.2	5425	5197.29	0	0
XM_017009957.2	4692	4464.29	0.193836	0.001954
XM_017009958.2	4583	4355.29	0	0
XM_017009961.3	1278	1050.29	3.14874	0.134918
XM_017009962.2	5444	5216.29	12.4385	0.107312
XM_017009963.3	19578	19350.3	0	0
XM_017009964.3	19575	19347.3	0	0
XM_017009965.2	19594	19366.3	0	0
XM_017009966.3	19497	19269.3	0	0
XM_017009967.2	19482	19254.3	0	0
XM_017009968.3	19398	19170.3	0	0
XM_017009969.3	19208	18980.3	0	0
XM_017009970.3	15211	14983.3	0	0
XM_017009971.3	16023	15795.3	0	0
XM_017009972.2	12684	12456.3	0	0
XM_017009973.2	12670	12442.3	0	0
XM_017009974.3	10980	10752.3	0	0
XM_017009976.2	5850	5622.29	0	0
XM_017009977.2	5730	5502.29	0	0
XM_017009979.3	5574	5346.29	47.8679	0.402934
XM_017009981.3	5511	5283.29	54.084	0.460687
XM_017009983.2	4231	4003.29	0	0
XM_017009986.2	3319	3091.29	10.7901	0.157083
XM_017009987.2	8153	7925.29	0	0
XM_017009988.2	10588	10360.3	8	0.0347504
XM_017009989.2	3480	3252.29	0	0
XM_017009991.3	6364	6136.29	135.361	0.992726
XM_017009995.2	2360	2132.29	16.522	0.348705
XM_017010000.2	2472	2244.29	1.72052	0.0345002
XM_017010002.2	2023	1795.29	4.7374e-06	1.18754e-07
XM_017010015.2	7892	7664.29	71.913	0.422258
XM_017010018.2	1197	969.293	1.40861	0.0653999
XM_017010019.2	4135	3907.29	3.15308	0.0363163
XM_017010021.2	1165	937.293	0	0
XM_017010022.2	2992	2764.29	92.0092	1.49792
XM_017010050.2	2479	2251.29	29.2315	0.584334
XM_017010051.2	2511	2283.29	15.742	0.31027
XM_017010054.3	2317	2089.29	38.8	0.835747
XM_017010055.3	2349	2121.29	0.821027	0.017418
XM_017010056.2	2499	2271.29	0	0
XM_017010059.3	4876	4648.29	0	0
XM_017010061.2	1517	1289.29	1	0.0349052
XM_017010074.3	4000	3772.29	0	0
XM_017010075.3	3667	3439.29	0	0
XM_017010079.2	3088	2860.29	0	0
XM_017010080.2	4150	3922.29	0	0
XM_017010081.2	3718	3490.29	0	0
XM_017010082.2	4213	3985.29	0	0
XM_017010083.2	2610	2382.29	0	0
XM_017010084.2	2146	1918.29	3.78003	0.0886794
XM_017010087.2	3438	3210.29	1488.23	20.8626
XM_017010088.3	2685	2457.29	302.816	5.5458
XM_017010091.2	10933	10705.3	0	0
XM_017010092.3	10987	10759.3	0	0
XM_017010110.2	4876	4648.29	0	0
XM_017010111.2	4702	4474.29	0	0
XM_017010112.2	5299	5071.29	0	0
XM_017010113.3	5602	5374.29	0	0
XM_017010114.3	8191	7963.29	1.74569	0.00986546
XM_017010115.3	5428	5200.29	0	0
XM_017010116.3	5155	4927.29	0	0
XM_017010117.2	5482	5254.29	2.37443	0.0203371
XM_017010118.1	2287	2059.29	0	0
XM_017010119.1	2242	2014.29	0	0
XM_017010121.1	3064	2836.29	0	0
XM_017010138.1	1417	1189.29	0	0
XM_017010148.2	3182	2954.29	0	0
XM_017010149.2	4577	4349.29	16.6274	0.172047
XM_017010152.2	1419	1191.29	2.50836	0.0947574
XM_017010155.2	4919	4691.29	0	0
XM_017010157.2	1682	1454.29	12.884	0.398694
XM_017010158.2	1583	1355.29	393.006	13.0499
XM_017010159.2	2387	2159.29	0	0
XM_017010160.2	2259	2031.29	0	0
XM_017010161.3	2809	2581.29	0	0
XM_017010162.3	2707	2479.29	0	0
XM_017010163.3	2596	2368.29	0	0
XM_017010164.3	2416	2188.29	0	0
XM_017010165.2	2116	1888.29	1	0.0238327
XM_017010166.3	3397	3169.29	0	0
XM_017010176.2	7031	6803.29	375.527	2.48407
XM_017010177.2	7028	6800.29	37.8089	0.250212
XM_017010178.3	6920	6692.29	950.167	6.38951
XM_017010179.2	6917	6689.29	179.045	1.20455
XM_017010182.2	1702	1474.29	0	0
XM_017010188.2	20337	20109.3	4.05898	0.00908368
XM_017010190.2	12910	12682.3	0	0
XM_017010192.2	2597	2369.29	0.129018	0.00245061
XM_017010194.3	10248	10020.3	0	0
XM_017010195.3	8347	8119.29	0	0
XM_017010197.3	6312	6084.29	2.77194	0.020503
XM_017010198.3	2193	1965.29	0	0
XM_017010199.3	2586	2358.29	0	0
XM_017010207.3	2021	1793.29	6.41779	0.161056
XM_017010210.3	1775	1547.29	79.9084	2.32414
XM_017010220.2	2218	1990.29	0	0
XM_017010221.3	911	683.293	0	0
XM_017010222.3	4388	4160.29	41.4597	0.448481
XM_017010223.2	4169	3941.29	0	0
XM_017010224.3	1752	1524.29	22.5935	0.667049
XM_017010226.2	2305	2077.29	113.749	2.46429
XM_017010227.3	4019	3791.29	1.94055	0.0230345
XM_017010228.3	2997	2769.29	0	0
XM_017010229.3	2786	2558.29	0	0
XM_017010230.3	3702	3474.29	0	0
XM_017010233.2	7915	7687.29	6.54721	0.0383288
XM_017010235.2	3611	3383.29	0	0
XM_017010244.3	1816	1588.29	87.3944	2.47625
XM_017010245.2	6387	6159.29	0	0
XM_017010246.3	4149	3921.29	0	0
XM_017010247.3	4006	3778.29	0	0
XM_017010250.2	6687	6459.29	0	0
XM_017010251.3	5556	5328.29	0	0
XM_017010252.3	10780	10552.3	119.351	0.509003
XM_017010253.2	8944	8716.29	0	0
XM_017010254.2	8932	8704.29	0	0
XM_017010257.2	8860	8632.29	0	0
XM_017010259.2	3805	3577.29	0	0
XM_017010260.3	9788	9560.29	0.0214567	0.000101003
XM_017010263.2	6106	5878.29	4.24361	0.0324883
XM_017010268.3	4065	3837.29	8.52877	0.100024
XM_017010269.2	6276	6048.29	0	0
XM_017010270.2	6457	6229.29	72.7674	0.525703
XM_017010272.3	6349	6121.29	17.7236	0.130302
XM_017010273.3	6358	6130.29	8.62508	0.0633175
XM_017010274.3	6380	6152.29	18.0892	0.13232
XM_017010275.3	1365	1137.29	1	0.0395703
XM_017010276.3	1269	1041.29	0	0
XM_017010277.3	1378	1150.29	0	0
XM_017010278.3	1282	1054.29	0	0
XM_017010279.3	1325	1097.29	0	0
XM_017010280.3	1119	891.293	0	0
XM_017010281.3	1292	1064.29	0	0
XM_017010282.3	1208	980.293	0	0
XM_017010289.2	1504	1276.29	0	0
XM_017010299.3	3106	2878.29	38.1588	0.596625
XM_017010300.3	2746	2518.29	0	0
XM_017010305.2	1952	1724.29	0	0
XM_017010308.3	1365	1137.29	0	0
XM_017010309.3	1108	880.293	1.39337	0.0712331
XM_017010310.3	1111	883.293	0	0
XM_017010311.3	1687	1459.29	7.78177	0.239982
XM_017010312.3	2628	2400.29	2.36847	0.0444064
XM_017010313.3	2514	2286.29	0	0
XM_017010314.3	2484	2256.29	0	0
XM_017010315.3	1701	1473.29	0	0
XM_017010316.2	1800	1572.29	0	0
XM_017010318.3	3293	3065.29	0	0
XM_017010320.3	1217	989.293	0	0
XM_017010321.3	944	716.293	0	0
XM_017010323.1	1747	1519.29	0	0
XM_017010325.2	14479	14251.3	0	0
XM_017010326.2	12466	12238.3	0	0
XM_017010327.2	8835	8607.29	0	0
XM_017010328.3	1281	1053.29	0	0
XM_017010330.2	5300	5072.29	27.376	0.242889
XM_017010366.3	6277	6049.29	1.14741	0.00853606
XM_017010368.3	9163	8935.29	0	0
XM_017010369.3	9171	8943.29	0	0
XM_017010371.3	9105	8877.29	0	0
XM_017010373.3	8983	8755.29	7.1411	0.036706
XM_017010374.3	5557	5329.29	3.04383e-06	2.57036e-08
XM_017010377.2	6448	6220.29	0	0
XM_017010378.2	6439	6211.29	0	0
XM_017010379.2	11482	11254.3	21.0724	0.0842633
XM_017010380.2	6258	6030.29	0	0
XM_017010381.2	6188	5960.29	0	0
XM_017010383.2	9948	9720.29	1.93177	0.00894374
XM_017010384.2	6500	6272.29	0	0
XM_017010385.3	5676	5448.29	0	0
XM_017010386.2	6455	6227.29	0	0
XM_017010388.3	5716	5488.29	0	0
XM_017010390.2	3750	3522.29	0	0
XM_017010391.2	3705	3477.29	0	0
XM_017010392.2	3767	3539.29	0	0
XM_017010398.3	5292	5064.29	0	0
XM_017010402.3	3559	3331.29	5.88791e-08	7.9541e-10
XM_017010403.2	3926	3698.29	0	0
XM_017010404.1	3578	3350.29	0	0
XM_017010406.2	984	756.293	0	0
XM_017010407.3	966	738.293	0	0
XM_017010410.2	3581	3353.29	0	0
XM_017010411.2	3586	3358.29	0	0
XM_017010412.2	3551	3323.29	0	0
XM_017010413.2	3440	3212.29	0	0
XM_017010414.2	3680	3452.29	0	0
XM_017010416.2	3608	3380.29	0	0
XM_017010422.3	5677	5449.29	0	0
XM_017010430.3	1450	1222.29	592.169	21.8028
XM_017010435.3	3666	3438.29	9	0.117799
XM_017010437.2	850	622.427	174.105	12.5882
XM_017010440.3	4568	4340.29	0.0944011	0.000978815
XM_017010441.3	4565	4337.29	1.06485	0.0110488
XM_017010442.3	4478	4250.29	0.0296871	0.000314334
XM_017010443.3	4524	4296.29	0.0040253	4.21645e-05
XM_017010445.3	4172	3944.29	5.52536	0.0630426
XM_017010446.2	1687	1459.29	9.82725	0.303062
XM_017010450.3	3474	3246.29	142.547	1.97612
XM_017010458.3	2976	2748.29	0	0
XM_017010459.3	3051	2823.29	0	0
XM_017010464.3	2838	2610.29	0	0
XM_017010471.2	4754	4526.29	0	0
XM_017010475.2	2927	2699.29	0	0
XM_017010476.2	2055	1827.29	0	0
XM_017010477.2	3312	3084.29	0	0
XM_017010478.2	6390	6162.29	0	0
XM_017010480.3	2497	2269.29	0	0
XM_017010481.2	2483	2255.29	0	0
XM_017010482.2	1837	1609.29	0	0
XM_017010483.3	5828	5600.29	0	0
XM_017010493.2	5118	4890.29	0	0
XM_017010494.2	5109	4881.29	0	0
XM_017010496.3	5639	5411.29	0	0
XM_017010499.2	5019	4791.29	0	0
XM_017010500.2	5010	4782.29	0	0
XM_017010502.3	5540	5312.29	0	0
XM_017010503.2	5540	5312.29	0	0
XM_017010508.2	5441	5213.29	0	0
XM_017010511.3	5336	5108.29	0	0
XM_017010513.2	4962	4734.29	0	0
XM_017010516.3	7771	7543.29	0	0
XM_017010517.3	7678	7450.29	0	0
XM_017010518.3	7675	7447.29	0	0
XM_017010519.3	7618	7390.29	0	0
XM_017010520.3	7606	7378.29	0	0
XM_017010521.3	7588	7360.29	0	0
XM_017010522.3	7525	7297.29	0	0
XM_017010525.3	7465	7237.29	29.4824	0.183328
XM_017010537.3	5784	5556.29	0	0
XM_017010544.3	5628	5400.29	0	0
XM_017010546.3	5604	5376.29	0	0
XM_017010559.2	9421	9193.29	0	0
XM_017010560.3	9328	9100.29	0	0
XM_017010561.2	9394	9166.29	0	0
XM_017010562.3	9301	9073.29	0	0
XM_017010564.2	9361	9133.29	0	0
XM_017010570.2	9322	9094.29	0	0
XM_017010571.2	9316	9088.29	0	0
XM_017010572.2	9271	9043.29	0	0
XM_017010573.1	7709	7481.29	18.8377	0.113317
XM_017010574.1	7229	7001.29	0	0
XM_017010578.3	31251	31023.3	0	0
XM_017010580.2	12501	12273.3	0	0
XM_017010583.2	12796	12568.3	0	0
XM_017010584.3	30367	30139.3	0	0
XM_017010585.2	8010	7782.29	0	0
XM_017010586.2	7893	7665.29	5.21804	0.0306352
XM_017010589.2	8745	8517.29	92.4141	0.488291
XM_017010590.1	6100	5872.29	58.0156	0.44461
XM_017010592.3	4295	4067.29	46.7635	0.51742
XM_017010593.2	4827	4599.29	55.7982	0.545974
XM_017010594.2	8025	7797.29	0	0
XM_017010597.2	4203	3975.29	14.4483	0.163565
XM_017010598.3	7949	7721.29	0	0
XM_017010599.2	7721	7493.29	0	0
XM_017010600.2	7613	7385.29	0	0
XM_017010605.2	7500	7272.29	0	0
XM_017010608.2	27855	27627.3	0	0
XM_017010609.2	27687	27459.3	0.000248654	4.0752e-07
XM_017010610.2	27666	27438.3	283.578	0.465113
XM_017010611.3	27387	27159.3	9.96499e-09	1.6512e-11
XM_017010612.2	27336	27108.3	0.00128736	2.13718e-06
XM_017010613.2	27652	27424.3	0.0164097	2.69283e-05
XM_017010614.2	27610	27382.3	0.912868	0.00150031
XM_017010615.2	27499	27271.3	413.685	0.682663
XM_017010616.2	27638	27410.3	0	0
XM_017010617.2	27593	27365.3	1.74966e-06	2.87738e-09
XM_017010618.2	27581	27353.3	5.67282e-05	9.33323e-08
XM_017010619.2	26268	26040.3	2.92352e-05	5.05246e-08
XM_017010620.3	1704	1476.29	53.7735	1.63922
XM_017010624.3	1580	1352.29	1.31848e-05	4.38778e-07
XM_017010627.2	4055	3827.29	0	0
XM_017010628.2	3893	3665.29	0	0
XM_017010630.2	6263	6035.29	0	0
XM_017010632.3	2177	1949.29	0.209373	0.00483377
XM_017010633.3	2174	1946.29	51.4153	1.18885
XM_017010634.3	2505	2277.29	99.2626	1.96159
XM_017010635.3	2384	2156.29	35.2104	0.734862
XM_017010641.2	1902	1674.29	187.852	5.04923
XM_017010645.2	13409	13181.3	0	0
XM_017010648.2	4929	4701.29	0	0
XM_017010650.2	3423	3195.29	17.2759	0.243316
XM_017010651.2	4842	4614.29	0	0
XM_017010652.2	4116	3888.29	0	0
XM_017010653.2	3074	2846.29	0	0
XM_017010660.3	3614	3386.29	22.506	0.299099
XM_017010669.2	2859	2631.29	0	0
XM_017010672.3	4309	4081.29	2.1511	0.0237194
XM_017010689.2	2841	2613.29	0	0
XM_017010691.3	13529	13301.3	48.378	0.16368
XM_017010692.2	13905	13677.3	3.89085	0.0128023
XM_017010693.3	5322	5094.29	0.00778234	6.87493e-05
XM_017010702.3	3573	3345.29	55.8456	0.751272
XM_017010703.3	4022	3794.29	24.4098	0.289518
XM_017010714.3	2884	2656.29	176.307	2.987
XM_017010726.2	7940	7712.29	0	0
XM_017010727.3	7868	7640.29	21.4443	0.126312
XM_017010729.2	1647	1419.29	0	0
XM_017010734.2	10647	10419.3	11.0059	0.0475368
XM_017010739.2	3517	3289.29	0	0
XM_017010745.2	1712	1484.29	0	0
XM_017010746.2	1533	1305.29	0	0
XM_017010747.2	1383	1155.29	0	0
XM_017010748.2	1232	1004.29	0	0
XM_017010752.2	1420	1192.29	0	0
XM_017010753.3	6030	5802.29	0	0
XM_017010756.2	2618	2390.29	0	0
XM_017010757.2	2469	2241.29	0	0
XM_017010758.3	3767	3539.29	3.24346e-06	4.12415e-08
XM_017010779.2	3532	3304.29	0	0
XM_017010781.3	4037	3809.29	2.63134	0.0310867
XM_017010782.3	2251	2023.29	1.03542	0.0230303
XM_017010783.2	6796	6568.29	0	0
XM_017010784.2	6832	6604.29	0	0
XM_017010788.2	5580	5352.29	3	0.0252246
XM_017010789.2	6988	6760.29	0	0
XM_017010798.2	1932	1704.29	0	0
XM_017010807.2	2678	2450.29	0	0
XM_017010810.1	2583	2355.29	2.09424	0.040015
XM_017010812.2	1647	1419.29	0	0
XM_017010813.2	1599	1371.29	0	0
XM_017010818.2	899	671.361	0.369321	0.0247566
XM_017010820.2	584	359.207	0	0
XM_017010821.2	497	277.191	0	0
XM_017010822.2	1529	1301.29	0	0
XM_017010823.2	1418	1190.29	0	0
XM_017010825.2	1476	1248.29	0	0
XM_017010828.2	4595	4367.29	0	0
XM_017010829.2	4540	4312.29	7.27004e-05	7.58701e-07
XM_017010830.2	2180	1952.29	0	0
XM_017010831.3	2249	2021.29	36.2264	0.806563
XM_017010832.2	4100	3872.29	18.155	0.210994
XM_017010833.3	6147	5919.29	7.27143e-05	5.52831e-07
XM_017010835.3	5330	5102.29	0	0
XM_017010837.2	2556	2328.29	0	0
XM_017010841.3	1539	1311.29	8.64218	0.296596
XM_017010845.2	363	162.855	29.3261	8.1039
XM_017010846.2	7252	7024.29	0	0
XM_017010850.2	7907	7679.29	1.0001	0.00586088
XM_017010854.3	7227	6999.29	3138.05	20.1766
XM_017010867.2	2274	2046.29	3.41975	0.0752088
XM_017010872.2	5518	5290.29	32.6689	0.277906
XM_017010873.2	5515	5287.29	30.1608	0.256715
XM_017010875.2	5407	5179.29	0	0
XM_017010877.2	5020	4792.29	0	0
XM_017010878.2	8156	7928.29	0	0
XM_017010882.2	8135	7907.29	0	0
XM_017010885.2	8084	7856.29	3.34919e-07	1.91851e-09
XM_017010889.3	4301	4073.29	15.9843	0.1766
XM_017010891.2	24345	24117.3	0	0
XM_017010892.2	24509	24281.3	0	0
XM_017010895.2	23455	23227.3	0	0
XM_017010899.3	8549	8321.29	0	0
XM_017010903.3	3333	3105.29	0	0
XM_017010904.2	2404	2176.29	0	0
XM_017010907.3	1874	1646.29	5.14808	0.140728
XM_017010908.2	5129	4901.29	0	0
XM_017010910.2	3967	3739.29	21.7587	0.26187
XM_017010911.2	3868	3640.29	30.0661	0.371692
XM_017010912.3	3495	3267.29	0	0
XM_017010913.2	3874	3646.29	0	0
XM_017010919.3	1183	955.293	11.5376	0.543526
XM_017010920.2	1811	1583.29	24.2696	0.689834
XM_017010921.2	2098	1870.29	0	0
XM_017010922.2	2038	1810.29	0	0
XM_017010923.2	1990	1762.29	0	0
XM_017010924.2	2324	2096.29	0	0
XM_017010930.3	7224	6996.29	0	0
XM_017010932.2	3277	3049.29	0	0
XM_017010935.2	1841	1613.29	54.6152	1.5235
XM_017010937.2	1718	1490.29	64.168	1.93771
XM_017010941.2	3050	2822.29	1.60218e-05	2.55478e-07
XM_017010944.3	16109	15881.3	0	0
XM_017010945.3	16196	15968.3	0	0
XM_017010946.3	16076	15848.3	0	0
XM_017010947.3	16007	15779.3	0	0
XM_017010948.3	16067	15839.3	0	0
XM_017010949.3	15246	15018.3	0	0
XM_017010950.2	11497	11269.3	0	0
XM_017010951.2	10585	10357.3	0	0
XM_017010952.2	8585	8357.29	0	0
XM_017010954.3	3489	3261.29	0	0
XM_017010958.1	2082	1854.29	0	0
XM_017010963.2	2895	2667.29	0	0
XM_017010964.2	2752	2524.29	0	0
XM_017010966.2	2740	2512.29	0	0
XM_017010968.2	2580	2352.29	2.7888	0.0533542
XM_017010969.2	2472	2244.29	0	0
XM_017010973.2	3959	3731.29	1.51625e-08	1.82875e-10
XM_017010974.2	3884	3656.29	0	0
XM_017010979.3	3928	3700.29	0	0
XM_017010984.3	3718	3490.29	12.4751	0.160851
XM_017010985.2	2011	1783.29	10.3662	0.261602
XM_017010986.2	13905	13677.3	11.3503	0.0373466
XM_017010996.2	2126	1898.29	226.596	5.37194
XM_017010997.2	7891	7663.29	0	0
XM_017010999.2	3536	3308.29	20.2495	0.275457
XM_017011001.2	3245	3017.29	0	0
XM_017011002.2	3433	3205.29	0	0
XM_017011008.2	5665	5437.29	0	0
XM_017011009.2	5662	5434.29	0	0
XM_017011010.2	5653	5425.29	0	0
XM_017011011.2	5647	5419.29	0	0
XM_017011012.2	5647	5419.29	0	0
XM_017011013.2	5629	5401.29	0	0
XM_017011015.2	5515	5287.29	0	0
XM_017011016.2	5497	5269.29	0	0
XM_017011017.2	3405	3177.29	0	0
XM_017011022.2	4226	3998.29	0	0
XM_017011023.2	4229	4001.29	0	0
XM_017011024.2	4303	4075.29	0	0
XM_017011025.2	8767	8539.29	0	0
XM_017011026.2	2470	2242.29	98.9213	1.98536
XM_017011030.2	1932	1704.29	6.64096	0.175359
XM_017011031.2	1974	1746.29	0	0
XM_017011046.2	7904	7676.29	25.2457	0.148005
XM_017011048.2	7868	7640.29	75.3649	0.443917
XM_017011049.2	7808	7580.29	131.111	0.778387
XM_017011052.2	7595	7367.29	10.3456	0.0631963
XM_017011054.2	7559	7331.29	32.2649	0.198058
XM_017011058.2	1974	1746.29	4.15998	0.107205
XM_017011060.2	1562	1334.29	0	0
XM_017011062.2	930	702.293	0	0
XM_017011070.2	11841	11613.3	303.383	1.17565
XM_017011073.2	2562	2334.29	5.59788	0.107922
XM_017011074.3	2180	1952.29	11.1687	0.257454
XM_017011082.3	2872	2644.29	1.6332	0.0277953
XM_017011083.3	876	648.427	38.486	2.67106
XM_017011084.3	3435	3207.29	19.7067	0.276514
XM_017011085.2	4825	4597.29	3.81305	0.0373261
XM_017011086.3	7301	7073.29	0	0
XM_017011087.1	7949	7721.29	0	0
XM_017011088.2	14050	13822.3	0	0
XM_017011089.2	6914	6686.29	288.255	1.94015
XM_017011090.2	3232	3004.29	0	0
XM_017011104.2	10391	10163.3	0	0
XM_017011105.3	10361	10133.3	0	0
XM_017011106.3	10232	10004.3	0	0
XM_017011107.3	10211	9983.29	0	0
XM_017011127.2	6121	5893.29	0	0
XM_017011139.3	1984	1756.29	0	0
XM_017011151.2	865	637.427	25.512	1.80117
XM_017011155.3	7161	6933.29	35.0052	0.227214
XM_017011171.3	13389	13161.3	14.9952	0.0512739
XM_017011172.2	8430	8202.29	0	0
XM_017011173.2	8427	8199.29	0	0
XM_017011174.3	2548	2320.29	33.0421	0.640865
XM_017011175.3	2390	2162.29	19.5147	0.406152
XM_017011179.3	1668	1440.29	0	0
XM_017011180.2	11065	10837.3	8.42388	0.0349811
XM_017011183.2	1913	1685.29	0	0
XM_017011184.2	5432	5204.29	0	0
XM_017011185.3	1638	1410.29	0	0
XM_017011186.2	5756	5528.29	30.3979	0.247454
XM_017011187.2	5017	4789.29	0	0
XM_017011199.2	2160	1932.29	0	0
XM_017011201.3	1566	1338.29	0	0
XM_017011203.3	3776	3548.29	0	0
XM_017011233.2	5794	5566.29	0	0
XM_017011234.2	5868	5640.29	0	0
XM_017011235.3	5172	4944.29	0	0
XM_017011239.2	2267	2039.29	0	0
XM_017011242.3	2924	2696.29	10.8534	0.181151
XM_017011249.3	2741	2513.29	111.588	1.9981
XM_017011255.2	2392	2164.29	68.1881	1.41787
XM_017011256.2	2576	2348.29	107.975	2.06926
XM_017011261.3	1168	940.293	0	0
XM_017011263.2	3066	2838.29	6.96348	0.110411
XM_017011264.2	2922	2694.29	1.75823	0.0293679
XM_017011266.3	7405	7177.29	217.53	1.36396
XM_017011268.3	3734	3506.29	0	0
XM_017011296.2	3585	3357.29	0	0
XM_017011297.2	3639	3411.29	0	0
XM_017011302.2	2964	2736.29	0	0
XM_017011305.3	8233	8005.29	49.0529	0.275759
XM_017011308.2	3549	3321.29	0	0
XM_017011309.2	2539	2311.29	25.9347	0.504973
XM_017011310.2	1668	1440.29	2.6153	0.0817171
XM_017011317.2	6155	5927.29	0	0
XM_017011318.2	6455	6227.29	0	0
XM_017011321.2	1203	975.293	16.7872	0.774616
XM_017011322.2	3079	2851.29	0	0
XM_017011324.2	1445	1217.29	0	0
XM_017011325.2	2061	1833.29	9.33333	0.229112
XM_017011333.2	1070	842.293	0	0
XM_017011334.2	6970	6742.29	0	0
XM_017011335.2	1461	1233.29	0	0
XM_017011336.3	2238	2010.29	28.3301	0.634206
XM_017011346.2	1080	852.293	0	0
XM_017011351.2	2755	2527.29	0	0
XM_017011358.3	2901	2673.29	0	0
XM_017011359.3	2309	2081.29	0	0
XM_017011360.3	2306	2078.29	44.3327	0.959974
XM_017011364.2	7394	7166.29	0	0
XM_017011365.2	7391	7163.29	0	0
XM_017011366.2	7133	6905.29	0	0
XM_017011367.2	9550	9322.29	0	0
XM_017011368.2	5891	5663.29	5.99571	0.0476447
XM_017011370.2	4352	4124.29	0	0
XM_017011371.2	13030	12802.3	0	0
XM_017011374.3	4098	3870.29	0	0
XM_017011376.3	1906	1678.29	150.127	4.02563
XM_017011378.1	1224	996.293	0.722558	0.0326383
XM_017011381.1	5252	5024.29	87.6584	0.785165
XM_017011385.3	1470	1242.29	0	0
XM_017011386.3	1383	1155.29	121.82	4.74537
XM_017011387.3	4527	4299.29	47.0478	0.492476
XM_017011388.3	3842	3614.29	0.0448271	0.000558162
XM_017011389.2	3867	3639.29	14.7287	0.182134
XM_017011403.2	4131	3903.29	31.8271	0.366951
XM_017011404.3	4107	3879.29	10.6988	0.124115
XM_017011405.2	1350	1122.29	8.76846	0.351608
XM_017011436.3	771	543.487	2.95088	0.244345
XM_017011458.3	1466	1238.29	37.8294	1.37483
XM_017011459.3	12260	12032.3	56.0243	0.209542
XM_017011465.2	3039	2811.29	0	0
XM_017011466.3	3200	2972.29	0	0
XM_017011467.2	2973	2745.29	0	0
XM_017011468.2	2996	2768.29	0	0
XM_017011470.2	1558	1330.29	0	0
XM_017011474.2	7461	7233.29	88.1309	0.548321
XM_017011477.2	4544	4316.29	16.0484	0.167326
XM_017011479.2	3400	3172.29	20.6908	0.293526
XM_017011489.2	3272	3044.29	0	0
XM_017011492.2	2862	2634.29	0	0
XM_017011493.2	2859	2631.29	0	0
XM_017011496.2	2076	1848.29	13.8861	0.338105
XM_017011499.2	1344	1116.29	9.28462	0.374307
XM_017011500.2	2683	2455.29	0	0
XM_017011504.2	14033	13805.3	118.741	0.387077
XM_017011506.2	1309	1081.29	6.93159	0.288491
XM_017011507.2	1179	951.293	3.6061	0.170595
XM_017011509.2	2136	1908.29	0	0
XM_017011510.2	1875	1647.29	35.8233	0.978672
XM_017011511.3	1807	1579.29	0	0
XM_017011514.3	2068	1840.29	137.248	3.35631
XM_017011515.2	3402	3174.29	47.3135	0.670781
XM_017011516.3	1451	1223.29	16.2393	0.59742
XM_017011517.3	8432	8204.29	3200.78	17.5573
XM_017011522.3	6375	6147.29	0	0
XM_017011524.2	3351	3123.29	20.4143	0.294147
XM_017011533.2	5452	5224.29	6.23203	0.0536839
XM_017011534.2	5440	5212.29	25.9902	0.2244
XM_017011535.2	5356	5128.29	26.1104	0.229131
XM_017011541.2	7038	6810.29	0	0
XM_017011544.2	6739	6511.29	0	0
XM_017011546.3	4732	4504.29	0	0
XM_017011550.2	3706	3478.29	0	0
XM_017011620.2	1612	1384.29	1	0.0325098
XM_017011621.2	3559	3331.29	26.5282	0.358375
XM_017011636.2	3982	3754.29	0	0
XM_017011663.2	3152	2924.29	0	0
XM_017011668.2	5838	5610.29	0	0
XM_017011678.3	2661	2433.29	19.6283	0.36302
XM_017011683.3	3935	3707.29	5.5474	0.0673403
XM_017011684.2	4130	3902.29	0	0
XM_017011685.2	4257	4029.29	0	0
XM_017011686.3	4160	3932.29	63.2864	0.72428
XM_017011687.2	3986	3758.29	0	0
XM_017011703.3	1682	1454.29	0	0
XM_017011705.3	1256	1028.29	0.85326	0.0373428
XM_017011720.3	2487	2259.29	5.28084	0.105189
XM_017011722.2	3263	3035.29	0	0
XM_017011724.2	3185	2957.29	16.3739	0.249173
XM_017011726.3	2500	2272.29	207.817	4.11584
XM_017011730.3	1848	1620.29	0	0
XM_017011736.3	6702	6474.29	0	0
XM_017011737.3	6660	6432.29	0	0
XM_017011738.3	6552	6324.29	0	0
XM_017011741.2	973	745.293	0	0
XM_017011742.3	2320	2092.29	0	0
XM_017011743.2	2942	2714.29	0	0
XM_017011744.2	2941	2713.29	0	0
XM_017011745.1	2751	2523.29	0	0
XM_017011747.2	1446	1218.29	0	0
XM_017011748.2	1440	1212.29	0	0
XM_017011750.2	2259	2031.29	22	0.487408
XM_017011755.2	2287	2059.29	0	0
XM_017011756.3	4937	4709.29	0	0
XM_017011757.2	4658	4430.29	0	0
XM_017011758.2	3903	3675.29	0	0
XM_017011760.3	13694	13466.3	2.30535	0.00770427
XM_017011767.2	13413	13185.3	0	0
XM_017011768.2	13266	13038.3	0	0
XM_017011770.3	1240	1012.29	0	0
XM_017011771.2	3017	2789.29	0	0
XM_017011772.3	2197	1969.29	2.4338	0.0556183
XM_017011773.2	712	484.852	0	0
XM_017011774.3	1518	1290.29	0	0
XM_017011776.2	1338	1110.29	0	0
XM_017011777.2	1000	772.293	0	0
XM_017011778.2	1167	939.293	3.4006	0.162928
XM_017011779.2	1794	1566.29	0	0
XM_017011790.2	3349	3121.29	0	0
XM_017011791.2	5909	5681.29	0	0
XM_017011792.3	2492	2264.29	0	0
XM_017011793.3	3013	2785.29	0	0
XM_017011794.1	1302	1074.29	0	0
XM_017011795.2	2428	2200.29	0	0
XM_017011796.2	2257	2029.29	0	0
XM_017011797.1	1528	1300.29	0	0
XM_017011798.3	17838	17610.3	299.027	0.764162
XM_017011799.3	2615	2387.29	0	0
XM_017011802.2	2020	1792.29	69.8878	1.75483
XM_017011803.2	1031	803.293	0	0
XM_017011812.3	3947	3719.29	1	0.0120999
XM_017011813.1	3325	3097.29	591.632	8.5963
XM_017011814.3	3313	3085.29	69.436	1.01282
XM_017011816.2	4407	4179.29	83.7195	0.901501
XM_017011817.3	12402	12174.3	0	0
XM_017011819.2	12261	12033.3	0	0
XM_017011820.3	2510	2282.29	1.17688	0.0232062
XM_017011834.2	2776	2548.29	57.4581	1.01472
XM_017011836.3	2606	2378.29	0	0
XM_017011841.2	10169	9941.29	1.00011	0.00452739
XM_017011843.2	6630	6402.29	0	0
XM_017011850.3	4648	4420.29	0	0
XM_017011851.3	2991	2763.29	3.71007	0.0604223
XM_017011852.2	4879	4651.29	0	0
XM_017011853.2	4644	4416.29	0	0
XM_017011870.3	3051	2823.29	0	0
XM_017011871.3	6945	6717.29	0	0
XM_017011872.3	6946	6718.29	0	0
XM_017011875.2	6816	6588.29	0	0
XM_017011876.3	6394	6166.29	0	0
XM_017011877.2	7295	7067.29	0	0
XM_017011878.3	6247	6019.29	0	0
XM_017011879.2	5378	5150.29	0	0
XM_017011880.2	4891	4663.29	0	0
XM_017011882.2	9260	9032.29	0	0
XM_017011883.3	9398	9170.29	0	0
XM_017011884.2	9257	9029.29	0	0
XM_017011887.2	9158	8930.29	0	0
XM_017011888.2	9155	8927.29	0	0
XM_017011891.2	6693	6465.29	129.105	0.89866
XM_017011893.3	6195	5967.29	117.364	0.885117
XM_017011898.1	5346	5118.29	0	0
XM_017011902.2	6948	6720.29	28.2295	0.189041
XM_017011903.2	6724	6496.29	1.71103e-07	1.18531e-09
XM_017011908.2	2909	2681.29	26.114	0.4383
XM_017011921.3	5080	4852.29	7.23459	0.0670979
XM_017011922.2	5179	4951.29	10.7981	0.0981453
XM_017011924.2	4963	4735.29	73.0791	0.694526
XM_017011928.3	1536	1308.29	0	0
XM_017011929.3	1518	1290.29	0	0
XM_017011930.2	1338	1110.29	1.26121	0.0511201
XM_017011931.3	1673	1445.29	0	0
XM_017011932.3	3507	3279.29	0	0
XM_017011933.3	1751	1523.29	0	0
XM_017011934.3	724	496.802	2.17027	0.196595
XM_017011936.2	4316	4088.29	167.622	1.84515
XM_017011937.2	6443	6215.29	25.0543	0.181411
XM_017011945.2	2695	2467.29	0	0
XM_017011946.3	2684	2456.29	0	0
XM_017011947.2	2627	2399.29	0	0
XM_017011950.3	6666	6438.29	12.2054	0.0853143
XM_017011953.3	6873	6645.29	0	0
XM_017011954.3	6760	6532.29	0.00183632	1.2651e-05
XM_017011955.2	4666	4438.29	0	0
XM_017011956.3	2637	2409.29	0.00540194	0.000100903
XM_017011957.2	2578	2350.29	8.34735	0.159834
XM_017011958.3	1715	1487.29	2.54318	0.0769526
XM_017011962.2	2292	2064.29	6.71915	0.146482
XM_017011967.3	2974	2746.29	35.5981	0.583341
XM_017011969.2	1879	1651.29	0	0
XM_017011970.1	2492	2264.29	0	0
XM_017011971.2	2441	2213.29	0	0
XM_017011972.2	1773	1545.29	0	0
XM_017011980.3	2278	2050.29	0	0
XM_017011981.3	2367	2139.29	0	0
XM_017011987.3	21025	20797.3	16.5073	0.0357201
XM_017011988.2	4802	4574.29	0	0
XM_017011995.3	4940	4712.29	0	0
XM_017011996.3	3902	3674.29	41.8443	0.512513
XM_017011997.2	18096	17868.3	1.78361	0.0044922
XM_017012006.3	13372	13144.3	1	0.00342377
XM_017012015.2	3090	2862.29	0	0
XM_017012016.3	2537	2309.29	0	0
XM_017012018.2	1495	1267.29	0	0
XM_017012022.2	5590	5362.29	0	0
XM_017012028.3	6022	5794.29	0	0
XM_017012029.3	5374	5146.29	0	0
XM_017012030.3	5308	5080.29	0	0
XM_017012031.3	5239	5011.29	0	0
XM_017012034.2	5080	4852.29	0	0
XM_017012045.1	4634	4406.29	0	0
XM_017012058.1	5016	4788.29	0	0
XM_017012061.3	4983	4755.29	157.768	1.49309
XM_017012062.3	4729	4501.29	0	0
XM_017012073.3	3364	3136.29	0	0
XM_017012075.2	2984	2756.29	0	0
XM_017012076.2	3002	2774.29	0	0
XM_017012077.2	2856	2628.29	0	0
XM_017012078.2	2881	2653.29	0	0
XM_017012079.2	2832	2604.29	0	0
XM_017012084.3	4866	4638.29	29.05	0.281858
XM_017012091.2	1613	1385.29	34.3403	1.11559
XM_017012099.2	8403	8175.29	0	0
XM_017012102.3	2310	2082.29	0	0
XM_017012104.1	1986	1758.29	0	0
XM_017012105.2	1619	1391.29	0	0
XM_017012109.3	2742	2514.29	0	0
XM_017012110.3	1552	1324.29	14755.7	501.439
XM_017012133.2	2212	1984.29	0	0
XM_017012134.2	1397	1169.29	0	0
XM_017012135.2	1317	1089.29	7.00785	0.289523
XM_017012163.3	4547	4319.29	0	0
XM_017012173.1	1424	1196.29	92.3989	3.47593
XM_017012174.2	6083	5855.29	266.212	2.04608
XM_017012178.2	8495	8267.29	19.6053	0.106722
XM_017012179.2	8982	8754.29	0	0
XM_017012180.2	9023	8795.29	0	0
XM_017012182.2	9170	8942.29	0	0
XM_017012183.2	8104	7876.29	35.5795	0.203292
XM_017012195.2	4366	4138.29	0	0
XM_017012196.2	3825	3597.29	0	0
XM_017012204.2	1620	1392.29	4.55788	0.147324
XM_017012206.2	3303	3075.29	0	0
XM_017012207.2	2863	2635.29	0	0
XM_017012208.2	2632	2404.29	0	0
XM_017012209.2	2620	2392.29	0	0
XM_017012210.2	2708	2480.29	0	0
XM_017012211.2	2067	1839.29	0	0
XM_017012212.2	2653	2425.29	0	0
XM_017012213.2	3028	2800.29	0	0
XM_017012214.2	2602	2374.29	0	0
XM_017012215.2	2449	2221.29	0	0
XM_017012216.2	2346	2118.29	0	0
XM_017012218.3	2453	2225.29	15.1767	0.306926
XM_017012225.3	8382	8154.29	28.7037	0.158414
XM_017012236.3	6683	6455.29	0	0
XM_017012238.3	6653	6425.29	0	0
XM_017012239.3	6647	6419.29	0	0
XM_017012246.3	6404	6176.29	0	0
XM_017012247.3	6377	6149.29	0	0
XM_017012248.3	6377	6149.29	0	0
XM_017012251.3	6368	6140.29	0	0
XM_017012263.2	2466	2238.29	0	0
XM_017012264.1	4635	4407.29	0	0
XM_017012265.1	4486	4258.29	0	0
XM_017012266.2	8941	8713.29	0	0
XM_017012267.2	4568	4340.29	39.328	0.407779
XM_017012277.3	2273	2045.29	0	0
XM_017012286.2	14314	14086.3	71.7683	0.229286
XM_017012288.2	1413	1185.29	0	0
XM_017012289.2	2030	1802.29	4.35419	0.108724
XM_017012303.2	8227	7999.29	6.00499	0.0337833
XM_017012304.2	3106	2878.29	8.83981	0.138213
XM_017012308.2	2959	2731.29	0.440201	0.00725312
XM_017012315.2	8376	8148.29	0	0
XM_017012316.3	8520	8292.29	21.6522	0.117509
XM_017012324.3	2209	1981.29	0	0
XM_017012326.3	1975	1747.29	0	0
XM_017012327.3	4355	4127.29	30.1681	0.328946
XM_017012328.2	3523	3295.29	0	0
XM_017012330.3	9472	9244.29	0	0
XM_017012332.3	9421	9193.29	0	0
XM_017012333.3	9210	8982.29	1.12918e-06	5.65743e-09
XM_017012335.3	9364	9136.29	0	0
XM_017012346.2	3120	2892.29	0	0
XM_017012350.3	1745	1517.29	6.98231	0.207096
XM_017012351.3	1632	1404.29	0	0
XM_017012352.3	3228	3000.29	104.317	1.56472
XM_017012353.2	934	706.293	13.7127	0.873735
XM_017012354.3	4773	4545.29	286.561	2.83725
XM_017012355.3	4719	4491.29	2540.24	25.4534
XM_017012356.3	4608	4380.29	316.139	3.24801
XM_017012357.3	1432	1204.29	45.1526	1.6873
XM_017012366.2	2413	2185.29	0	0
XM_017012367.3	3521	3293.29	0	0
XM_017012369.3	1205	977.293	8.23909	0.3794
XM_017012376.3	3875	3647.29	0	0
XM_017012379.3	2069	1841.29	0	0
XM_017012381.3	3818	3590.29	7.10443	0.0890516
XM_017012382.2	3657	3429.29	17.6306	0.231369
XM_017012388.2	4590	4362.29	15.9667	0.164718
XM_017012392.3	3048	2820.29	7.91581	0.126312
XM_017012395.2	10535	10307.3	0	0
XM_017012396.2	10761	10533.3	0	0
XM_017012397.2	10511	10283.3	0	0
XM_017012399.2	10466	10238.3	0	0
XM_017012400.2	10406	10178.3	0	0
XM_017012401.2	10394	10166.3	0	0
XM_017012402.2	10352	10124.3	0	0
XM_017012403.2	10328	10100.3	0	0
XM_017012404.2	9863	9635.29	0	0
XM_017012405.2	9975	9747.29	0	0
XM_017012406.2	9812	9584.29	0	0
XM_017012407.2	9710	9482.29	7.22031e-07	3.42677e-09
XM_017012409.2	2928	2700.29	0	0
XM_017012440.3	1701	1473.29	109.057	3.33123
XM_017012442.2	6325	6097.29	59.7368	0.440907
XM_017012444.2	6600	6372.29	5.28451	0.0373208
XM_017012445.2	6596	6368.29	9.36152	0.0661554
XM_017012448.1	6158	5930.29	12.4571	0.0945329
XM_017012449.3	7007	6779.29	99.2577	0.658904
XM_017012456.2	2163	1935.29	0	0
XM_017012457.2	5737	5509.29	0	0
XM_017012467.3	2341	2113.29	0	0
XM_017012468.3	2001	1773.29	0	0
XM_017012469.3	1953	1725.29	0	0
XM_017012470.2	2363	2135.29	6.24689	0.131658
XM_017012471.1	4438	4210.29	0	0
XM_017012474.3	2924	2696.29	121.458	2.02721
XM_017012475.1	4844	4616.29	0	0
XM_017012476.2	3618	3390.29	0	0
XM_017012478.2	563	338.802	0	0
XM_017012494.3	3042	2814.29	0	0
XM_017012501.2	4846	4618.29	118.928	1.1589
XM_017012506.3	3057	2829.29	745.077	11.8513
XM_017012515.3	6305	6077.29	0	0
XM_017012519.2	8914	8686.29	156.398	0.810286
XM_017012520.3	1120	892.293	10.9685	0.553197
XM_017012521.3	5793	5565.29	7.35504	0.0594757
XM_017012522.2	4187	3959.29	0	0
XM_017012523.3	8158	7930.29	23.1484	0.131363
XM_017012532.2	3865	3637.29	22.4245	0.277451
XM_017012537.2	7599	7371.29	0.002481	1.5147e-05
XM_017012544.2	1264	1036.29	0	0
XM_017012545.2	1244	1016.29	1	0.0442816
XM_017012555.2	1129	901.293	0	0
XM_017012557.2	2699	2471.29	10.6842	0.194564
XM_017012559.2	9653	9425.29	0.000355566	1.69773e-06
XM_017012561.3	3760	3532.29	0.0417229	0.00053157
XM_017012591.3	3207	2979.29	9.37173	0.141563
XM_017012592.3	1708	1480.29	0.0488807	0.00148604
XM_017012595.2	2724	2496.29	8.01034	0.14441
XM_017012614.3	2132	1904.29	20.1048	0.475124
XM_017012621.1	1907	1679.29	0	0
XM_017012622.3	8491	8263.29	0	0
XM_017012623.3	3759	3531.29	0	0
XM_017012624.2	5927	5699.29	0	0
XM_017012625.2	5876	5648.29	0	0
XM_017012628.2	5783	5555.29	0	0
XM_017012629.2	5871	5643.29	0	0
XM_017012631.2	5508	5280.29	0	0
XM_017012632.2	5678	5450.29	0	0
XM_017012635.3	5371	5143.29	0	0
XM_017012638.2	5317	5089.29	0	0
XM_017012640.2	4957	4729.29	3.64727	0.0347068
XM_017012641.2	2228	2000.29	0	0
XM_017012642.2	1716	1488.29	0	0
XM_017012643.2	4253	4025.29	2.19037e-05	2.44885e-07
XM_017012650.3	5008	4780.29	51.8092	0.487747
XM_017012652.2	4180	3952.29	48.6469	0.553922
XM_017012654.3	4143	3915.29	230.288	2.64697
XM_017012660.2	4557	4329.29	0	0
XM_017012661.2	4515	4287.29	0	0
XM_017012662.2	4356	4128.29	0	0
XM_017012664.2	4053	3825.29	0	0
XM_017012665.2	4026	3798.29	0	0
XM_017012671.2	2234	2006.29	0	0
XM_017012672.3	2060	1832.29	0	0
XM_017012674.2	5421	5193.29	0	0
XM_017012676.3	9245	9017.29	0	0
XM_017012677.2	9119	8891.29	0	0
XM_017012678.2	9271	9043.29	0	0
XM_017012679.1	9926	9698.29	0	0
XM_017012680.2	9223	8995.29	0	0
XM_017012682.2	9181	8953.29	0	0
XM_017012683.2	9120	8892.29	0	0
XM_017012684.3	2398	2170.29	0	0
XM_017012685.3	2326	2098.29	0	0
XM_017012688.3	845	617.427	0	0
XM_017012689.3	3225	2997.29	17.4473	0.261963
XM_017012693.2	1794	1566.29	10.6634	0.306383
XM_017012699.2	57703	57475.3	1.88036	0.00147232
XM_017012700.2	57163	56935.3	24.3627	0.0192569
XM_017012701.2	57079	56851.3	1.72447	0.00136508
XM_017012702.2	57147	56919.3	1.56187	0.00123489
XM_017012703.2	49903	49675.3	32.4935	0.0294373
XM_017012706.3	6287	6059.29	0	0
XM_017012707.2	3469	3241.29	0.578044	0.00802574
XM_017012726.3	3077	2849.29	337.006	5.32283
XM_017012727.3	2822	2594.29	231.685	4.01902
XM_017012728.3	10872	10644.3	3.76681e-06	1.59257e-08
XM_017012730.2	10916	10688.3	0	0
XM_017012731.2	10790	10562.3	3.0674e-07	1.30694e-09
XM_017012732.2	10787	10559.3	200.861	0.856056
XM_017012734.3	10637	10409.3	17.7773	0.0768577
XM_017012736.2	10149	9921.29	123.071	0.55825
XM_017012737.3	10442	10214.3	2399.61	10.5724
XM_017012739.3	7326	7098.29	98.2919	0.623169
XM_017012744.2	5008	4780.29	11.6033	0.109236
XM_017012746.2	6990	6762.29	33.2339	0.221172
XM_017012750.3	9615	9387.29	106.455	0.510348
XM_017012751.3	9435	9207.29	0	0
XM_017012753.2	1903	1675.29	21.0861	0.566431
XM_017012760.3	1309	1081.29	2.70358e-05	1.12522e-06
XM_017012761.3	1550	1322.29	0.0711012	0.00241987
XM_017012771.3	4415	4187.29	16.5573	0.17795
XM_017012772.2	9209	8981.29	0.0465512	0.000233257
XM_017012775.3	2664	2436.29	34.7886	0.642614
XM_017012779.1	12758	12530.3	57.0636	0.204946
XM_017012792.2	3658	3430.29	79.4424	1.04223
XM_017012793.2	724	496.802	1	0.0905855
XM_017012794.3	5765	5537.29	0	0
XM_017012796.3	5856	5628.29	0	0
XM_017012802.2	4202	3974.29	58.4233	0.661559
XM_017012804.2	3147	2919.29	9.86712	0.152109
XM_017012805.2	4100	3872.29	27.8502	0.32367
XM_017012806.2	8251	8023.29	0	0
XM_017012807.2	9382	9154.29	12.4942	0.0614223
XM_017012808.2	8279	8051.29	0	0
XM_017012819.2	8750	8522.29	0	0
XM_017012820.2	8722	8494.29	0	0
XM_017012821.2	8697	8469.29	0	0
XM_017012822.2	13256	13028.3	0	0
XM_017012823.2	8637	8409.29	0	0
XM_017012824.2	8609	8381.29	0	0
XM_017012825.2	8583	8355.29	0	0
XM_017012837.3	6577	6349.29	0.406521	0.00288137
XM_017012839.2	4967	4739.29	0	0
XM_017012840.3	7230	7002.29	0	0
XM_017012841.3	7227	6999.29	0	0
XM_017012842.3	7224	6996.29	0	0
XM_017012843.3	7188	6960.29	0	0
XM_017012844.3	7104	6876.29	1.06955e-07	6.99987e-10
XM_017012845.3	7095	6867.29	0	0
XM_017012846.3	7059	6831.29	0	0
XM_017012847.3	57183	56955.3	13.0794	0.0103346
XM_017012868.1	3696	3468.29	45.7069	0.593073
XM_017012870.3	3434	3206.29	0.0572899	0.000804113
XM_017012887.3	1590	1362.29	0	0
XM_017012903.3	6139	5911.29	0	0
XM_017012925.1	1970	1742.29	0	0
XM_017012927.1	1787	1559.29	0	0
XM_017012928.3	2984	2756.29	0	0
XM_017012929.3	2966	2738.29	7.29178	0.119838
XM_017012936.2	1393	1165.29	0	0
XM_017012938.2	1521	1293.29	0	0
XM_017012943.2	907	679.293	0	0
XM_017012945.2	2381	2153.29	1373.48	28.7052
XM_017012946.2	2331	2103.29	658.525	14.0901
XM_017012961.3	8637	8409.29	1.25212	0.00670081
XM_017012962.3	8721	8493.29	0.522079	0.00276632
XM_017012963.3	8720	8492.29	0.0473895	0.00025113
XM_017012964.3	8961	8733.29	0.000133579	6.88338e-07
XM_017012966.3	8702	8474.29	0.281887	0.00149697
XM_017012968.3	8650	8422.29	3.69511e-05	1.97442e-07
XM_017012969.3	8575	8347.29	0	0
XM_017012970.3	8533	8305.29	1.05911e-08	5.73888e-11
XM_017012971.3	8840	8612.29	0	0
XM_017012972.3	8156	7928.29	0	0
XM_017012974.3	6894	6666.29	0	0
XM_017012975.3	6890	6662.29	0	0
XM_017012980.3	3715	3487.29	8.17246e-08	1.05465e-09
XM_017012981.3	2907	2679.29	0	0
XM_017012982.2	1305	1077.29	0	0
XM_017012984.2	1613	1385.29	93.7599	3.04591
XM_017012985.3	3220	2992.29	0	0
XM_017012987.3	2639	2411.29	0	0
XM_017012988.3	1365	1137.29	100.723	3.98566
XM_017012989.3	1991	1763.29	57.9488	1.47898
XM_017012990.3	3447	3219.29	51.8934	0.725427
XM_017012992.3	1177	949.293	33.9301	1.60852
XM_017012993.2	4781	4553.29	65.227	0.64468
XM_017012994.3	4712	4484.29	27.4341	0.275321
XM_017012998.3	2774	2546.29	0	0
XM_017012999.3	2702	2474.29	0	0
XM_017013005.2	1639	1411.29	10.5488	0.336379
XM_017013006.2	4133	3905.29	0	0
XM_017013007.2	2634	2406.29	0	0
XM_017013008.2	12974	12746.3	0	0
XM_017013009.3	12842	12614.3	0	0
XM_017013010.2	12662	12434.3	0	0
XM_017013015.2	4237	4009.29	0	0
XM_017013020.2	940	712.293	26.7872	1.69243
XM_017013021.3	3232	3004.29	180.942	2.71043
XM_017013041.2	4444	4216.29	0	0
XM_017013044.2	9221	8993.29	0	0
XM_017013045.2	9191	8963.29	0	0
XM_017013046.2	9188	8960.29	0	0
XM_017013047.2	9053	8825.29	0	0
XM_017013051.2	3128	2900.29	0	0
XM_017013052.2	2856	2628.29	0	0
XM_017013053.2	6534	6306.29	41.5521	0.296525
XM_017013054.2	2816	2588.29	0	0
XM_017013055.2	3078	2850.29	11.6273	0.183582
XM_017013056.2	2899	2671.29	25.7452	0.433727
XM_017013094.2	2834	2606.29	0	0
XM_017013095.2	2857	2629.29	0	0
XM_017013096.2	6767	6539.29	10	0.0688195
XM_017013103.2	1208	980.293	0	0
XM_017013107.3	5502	5274.29	0	0
XM_017013108.3	5336	5108.29	1.95796	0.0172492
XM_017013133.3	2437	2209.29	0	0
XM_017013141.2	3467	3239.29	2.99475	0.0416056
XM_017013142.3	3609	3381.29	0	0
XM_017013144.3	3608	3380.29	0	0
XM_017013145.2	4042	3814.29	0	0
XM_017013149.2	1467	1239.29	0	0
XM_017013150.3	6208	5980.29	0.000133484	1.0045e-06
XM_017013151.2	6172	5944.29	160.236	1.21311
XM_017013152.2	5245	5017.29	0	0
XM_017013153.1	2454	2226.29	0	0
XM_017013154.2	2462	2234.29	0	0
XM_017013155.1	2451	2223.29	0	0
XM_017013156.2	2408	2180.29	0	0
XM_017013157.2	2351	2123.29	0	0
XM_017013158.2	2348	2120.29	0	0
XM_017013159.2	2294	2066.29	0	0
XM_017013160.2	2261	2033.29	0	0
XM_017013161.2	2216	1988.29	0	0
XM_017013162.2	2147	1919.29	0	0
XM_017013163.2	2544	2316.29	0	0
XM_017013164.1	943	715.293	0	0
XM_017013165.1	933	705.293	0	0
XM_017013167.3	5535	5307.29	0	0
XM_017013171.1	2073	1845.29	16.4	0.399963
XM_017013174.2	2704	2476.29	0	0
XM_017013179.2	3804	3576.29	2.56642	0.0322951
XM_017013182.3	916	688.293	0	0
XM_017013183.3	2455	2227.29	0	0
XM_017013184.3	2407	2179.29	0	0
XM_017013185.3	2525	2297.29	0	0
XM_017013186.3	2134	1906.29	0	0
XM_017013187.2	2518	2290.29	13.5898	0.267033
XM_017013188.2	1636	1408.29	0	0
XM_017013194.2	2521	2293.29	0	0
XM_017013202.2	4035	3807.29	0	0
XM_017013208.3	4160	3932.29	0	0
XM_017013213.2	3417	3189.29	0	0
XM_017013214.2	4516	4288.29	0	0
XM_017013215.2	4012	3784.29	11.7854	0.140153
XM_017013216.3	4489	4261.29	0	0
XM_017013234.2	3763	3535.29	11.3731	0.144775
XM_017013236.2	3712	3484.29	11.9825	0.154766
XM_017013242.2	3258	3030.29	0	0
XM_017013257.2	4609	4381.29	0	0
XM_017013268.3	3686	3458.29	0	0
XM_017013269.3	3626	3398.29	0	0
XM_017013270.3	3566	3338.29	0	0
XM_017013271.3	3753	3525.29	0	0
XM_017013273.2	3215	2987.29	0	0
XM_017013296.2	4049	3821.29	6.02018	0.0708992
XM_017013299.2	874	646.427	4.93568	0.343613
XM_017013300.2	784	556.487	0	0
XM_017013309.3	3911	3683.29	0	0
XM_017013310.3	3908	3680.29	0	0
XM_017013311.2	2839	2611.29	0	0
XM_017013313.3	10357	10129.3	0	0
XM_017013314.2	10290	10062.3	0	0
XM_017013315.2	2365	2137.29	50.7167	1.0679
XM_017013316.2	1121	893.293	0	0
XM_017013330.3	3992	3764.29	4.72558	0.0564955
XM_017013331.2	1254	1026.29	4.426	0.194081
XM_017013332.3	4904	4676.29	0	0
XM_017013336.2	3933	3705.29	0	0
XM_017013337.2	2845	2617.29	27.4442	0.471889
XM_017013338.2	1377	1149.29	0	0
XM_017013339.2	1374	1146.29	0	0
XM_017013341.2	1335	1107.29	0	0
XM_017013343.2	1008	780.293	0	0
XM_017013347.2	3825	3597.29	100.727	1.26013
XM_017013349.2	3863	3635.29	0	0
XM_017013350.2	3505	3277.29	58.1831	0.798957
XM_017013351.3	6065	5837.29	80.0274	0.616978
XM_017013352.3	5981	5753.29	0	0
XM_017013358.3	2615	2387.29	0	0
XM_017013359.2	1174	946.293	0.0511748	0.00243373
XM_017013363.2	1592	1364.29	6.5377	0.215655
XM_017013364.2	1527	1299.29	9.04158	0.313169
XM_017013367.2	12565	12337.3	0	0
XM_017013368.3	11896	11668.3	0	0
XM_017013371.3	2493	2265.29	35.8113	0.711439
XM_017013372.3	2484	2256.29	0	0
XM_017013373.2	4534	4306.29	0	0
XM_017013374.2	4424	4196.29	0	0
XM_017013375.2	4285	4057.29	0	0
XM_017013376.3	11250	11022.3	0.0193496	7.90026e-05
XM_017013377.3	2126	1898.29	14.6288	0.346808
XM_017013378.2	2405	2177.29	0	0
XM_017013379.2	2256	2028.29	13.6744	0.303403
XM_017013380.2	3815	3587.29	34.8307	0.436955
XM_017013381.3	3837	3609.29	659.422	8.22212
XM_017013382.2	2556	2328.29	16.5832	0.320533
XM_017013383.2	3668	3440.29	138.55	1.81239
XM_017013384.3	3199	2971.29	26.5151	0.401597
XM_017013400.2	22988	22760.3	5.596	0.0110648
XM_017013403.2	1600	1372.29	0	0
XM_017013404.3	3392	3164.29	0	0
XM_017013405.3	2126	1898.29	2.06112	0.0488633
XM_017013408.3	8480	8252.29	0	0
XM_017013413.2	1113	885.293	0	0
XM_017013419.2	5427	5199.29	17.6425	0.152706
XM_017013420.2	5424	5196.29	0.763719	0.00661428
XM_017013426.2	5242	5014.29	0	0
XM_017013427.2	5239	5011.29	0	0
XM_017013430.2	5298	5070.29	10.3743	0.092081
XM_017013431.2	5197	4969.29	0	0
XM_017013435.2	5182	4954.29	0	0
XM_017013439.2	5113	4885.29	0	0
XM_017013440.2	5113	4885.29	0	0
XM_017013444.2	4987	4759.29	0	0
XM_017013450.3	1414	1186.29	0	0
XM_017013451.3	1990	1762.29	0	0
XM_017013455.2	5054	4826.29	0	0
XM_017013456.2	5036	4808.29	0	0
XM_017013457.2	4871	4643.29	0	0
XM_017013458.2	4853	4625.29	0	0
XM_017013459.2	2270	2042.29	18.2695	0.402578
XM_017013467.3	6101	5873.29	0	0
XM_017013468.2	6141	5913.29	0	0
XM_017013471.2	7022	6794.29	0	0
XM_017013509.1	6232	6004.29	1.7658	0.0132349
XM_017013510.1	6157	5929.29	5.63275	0.0427523
XM_017013511.1	6154	5926.29	7.50093	0.0569606
XM_017013516.1	2056	1828.29	0.87054	0.0214282
XM_017013517.2	3209	2981.29	81.6934	1.23317
XM_017013518.3	1595	1367.29	0	0
XM_017013519.2	1094	866.293	0	0
XM_017013520.1	1091	863.293	218.229	11.3762
XM_017013521.1	2931	2703.29	143.409	2.38741
XM_017013522.2	1071	843.293	0	0
XM_017013523.2	1029	801.293	27.2683	1.53147
XM_017013535.2	3755	3527.29	33.9159	0.432717
XM_017013536.3	2502	2274.29	0	0
XM_017013537.2	2317	2089.29	22.4404	0.483362
XM_017013538.3	9250	9022.29	0	0
XM_017013572.2	3149	2921.29	9.90503	0.152589
XM_017013573.2	3196	2968.29	0.409091	0.00620233
XM_017013574.2	3133	2905.29	116.287	1.80129
XM_017013575.2	3074	2846.29	1166	18.4358
XM_017013576.2	7439	7211.29	18.3408	0.114458
XM_017013579.2	9123	8895.29	0	0
XM_017013580.3	6502	6274.29	0	0
XM_017013581.2	2413	2185.29	0	0
XM_017013582.2	2020	1792.29	0	0
XM_017013583.2	1203	975.293	0	0
XM_017013584.2	1098	870.293	3.62942	0.187678
XM_017013586.3	1194	966.293	4.55089	0.211948
XM_017013588.2	4419	4191.29	27.0979	0.290958
XM_017013589.3	4533	4305.29	107.083	1.11933
XM_017013590.2	4243	4015.29	0	0
XM_017013591.2	4383	4155.29	0	0
XM_017013592.2	4321	4093.29	0	0
XM_017013593.3	4387	4159.29	92.5454	1.00133
XM_017013607.2	2207	1979.29	1.41659	0.0322089
XM_017013612.2	11711	11483.3	0	0
XM_017013613.2	11603	11375.3	32.7567	0.129592
XM_017013620.1	4076	3848.29	138.505	1.61972
XM_017013621.2	26679	26451.3	8.63606	0.014693
XM_017013622.2	3757	3529.29	0	0
XM_017013625.2	3768	3540.29	0	0
XM_017013642.3	38703	38475.3	0	0
XM_017013643.2	10268	10040.3	0	0
XM_017013645.2	1484	1256.29	0	0
XM_017013646.2	1973	1745.29	1	0.0257854
XM_017013647.2	994	766.293	0	0
XM_017013691.2	6257	6029.29	0	0
XM_017013692.2	6254	6026.29	0	0
XM_017013693.2	6248	6020.29	0	0
XM_017013694.2	6158	5930.29	7.01865	0.0532623
XM_017013695.2	6137	5909.29	0	0
XM_017013696.2	6122	5894.29	0	0
XM_017013697.2	6092	5864.29	0	0
XM_017013716.2	9344	9116.29	1.51484	0.00747811
XM_017013724.1	1806	1578.29	0	0
XM_017013725.2	14436	14208.3	1.36146e-06	4.31225e-09
XM_017013731.2	11878	11650.3	9	0.0347655
XM_017013736.3	6660	6432.29	44.953	0.31451
XM_017013744.2	353	154.998	0	0
XM_017013746.2	7599	7371.29	3.9322e-05	2.40068e-07
XM_017013748.2	3646	3418.29	0	0
XM_017013749.3	3611	3383.29	2.41353	0.0321038
XM_017013752.3	3686	3458.29	71.7665	0.933904
XM_017013753.3	1069	841.293	45.6179	2.44022
XM_017013756.2	6201	5973.29	8.82818	0.0665119
XM_017013757.2	2745	2517.29	27.1642	0.485631
XM_017013758.2	3071	2843.29	11.7833	0.186504
XM_017013761.3	2569	2341.29	7.83379	0.150577
XM_017013779.3	4916	4688.29	33.3534	0.32016
XM_017013780.2	4682	4454.29	152.789	1.54367
XM_017013783.3	4423	4195.29	85.6042	0.91828
XM_017013793.2	8389	8161.29	0	0
XM_017013794.2	8320	8092.29	0	0
XM_017013795.2	8284	8056.29	0	0
XM_017013796.2	8236	8008.29	0	0
XM_017013798.2	7396	7168.29	2	0.0125562
XM_017013799.2	6485	6257.29	0	0
XM_017013800.2	6574	6346.29	0	0
XM_017013802.3	5361	5133.29	0	0
XM_017013803.3	5105	4877.29	0	0
XM_017013808.3	4414	4186.29	0	0
XM_017013810.3	5241	5013.29	60.8174	0.545943
XM_017013811.2	5441	5213.29	1614.01	13.9328
XM_017013816.3	1923	1695.29	0	0
XM_017013821.2	1666	1438.29	6.86664e-05	2.14852e-06
XM_017013822.2	1272	1044.29	0	0
XM_017013823.3	4903	4675.29	4.24815	0.0408915
XM_017013825.2	1356	1128.29	4.27767	0.170619
XM_017013827.2	2420	2192.29	10.1683	0.208733
XM_017013828.2	562	337.904	0	0
XM_017013829.3	3277	3049.29	12.0477	0.177807
XM_017013832.3	2856	2628.29	0	0
XM_017013833.3	7770	7542.29	0	0
XM_017013836.3	2737	2509.29	0	0
XM_017013840.2	2583	2355.29	0	0
XM_017013841.2	13139	12911.3	0	0
XM_017013842.2	2043	1815.29	1.17376e-06	2.90988e-08
XM_017013843.2	2084	1856.29	0	0
XM_017013844.2	2021	1793.29	21.3639	0.536131
XM_017013846.2	1772	1544.29	0	0
XM_017013847.3	4724	4496.29	0	0
XM_017013849.3	4661	4433.29	0	0
XM_017013854.3	4268	4040.29	2.20784e-06	2.45922e-08
XM_017013869.2	3584	3356.29	0	0
XM_017013870.3	5143	4915.29	8.56232	0.0783942
XM_017013874.2	2856	2628.29	0	0
XM_017013881.2	4106	3878.29	38.0016	0.440964
XM_017013888.3	1300	1072.29	30.3727	1.27471
XM_017013890.2	16180	15952.3	0	0
XM_017013892.2	12804	12576.3	0	0
XM_017013893.2	3394	3166.29	0	0
XM_017013894.3	5788	5560.29	12.7564	0.103246
XM_017013895.3	1130	902.293	29.7791	1.48527
XM_017013897.3	988	760.293	32.6481	1.9325
XM_017013899.2	663	436.717	44.8097	4.61757
XM_017013905.2	568	343.63	0	0
XM_017013908.2	2684	2456.29	0	0
XM_017013916.3	2596	2368.29	0	0
XM_017013917.3	2515	2287.29	0	0
XM_017013918.3	2488	2260.29	5.23159	0.104162
XM_017013920.2	3768	3540.29	38.569	0.490277
XM_017013921.2	3705	3477.29	0	0
XM_017013922.2	3582	3354.29	0	0
XM_017013923.2	3562	3334.29	5.4581	0.0736681
XM_017013929.2	2536	2308.29	0	0
XM_017013936.2	7086	6858.29	0	0
XM_017013938.2	5649	5421.29	0	0
XM_017013939.2	7069	6841.29	0	0
XM_017013940.2	8298	8070.29	0	0
XM_017013941.2	8088	7860.29	65.7551	0.376472
XM_017013945.3	4978	4750.29	113.244	1.07284
XM_017013948.2	3470	3242.29	0	0
XM_017013958.2	2891	2663.29	0	0
XM_017013959.2	2885	2657.29	26.6457	0.451263
XM_017013960.2	2657	2429.29	5.6744	0.105119
XM_017013968.3	7422	7194.29	0	0
XM_017013971.2	19807	19579.3	0	0
XM_017013974.2	16460	16232.3	1.00151	0.00277662
XM_017013982.2	2692	2464.29	0	0
XM_017014002.2	25913	25685.3	2.75162	0.0048211
XM_017014003.2	5552	5324.29	1.50708e-05	1.27385e-07
XM_017014004.2	4181	3953.29	29.2112	0.332532
XM_017014005.3	5185	4957.29	0	0
XM_017014006.3	9669	9441.29	0	0
XM_017014008.3	9570	9342.29	0	0
XM_017014009.3	9465	9237.29	0	0
XM_017014010.3	9429	9201.29	0	0
XM_017014011.3	9417	9189.29	0	0
XM_017014012.3	9384	9156.29	0	0
XM_017014014.2	9321	9093.29	0	0
XM_017014015.3	9291	9063.29	0	0
XM_017014016.3	9276	9048.29	0	0
XM_017014022.2	8996	8768.29	0	0
XM_017014036.2	8636	8408.29	0	0
XM_017014058.2	6181	5953.29	0	0
XM_017014086.3	5318	5090.29	27.5862	0.243889
XM_017014087.3	5258	5030.29	0	0
XM_017014088.3	5246	5018.29	8.14646	0.0730559
XM_017014089.3	5243	5015.29	7.08156e-05	6.35441e-07
XM_017014090.3	4948	4720.29	0	0
XM_017014091.2	4892	4664.29	0	0
XM_017014092.3	5126	4898.29	0	0
XM_017014102.3	3078	2850.29	0	0
XM_017014103.3	6657	6429.29	0	0
XM_017014104.2	6877	6649.29	0	0
XM_017014105.3	6648	6420.29	0	0
XM_017014106.3	6525	6297.29	0	0
XM_017014107.3	6847	6619.29	53.6221	0.364565
XM_017014108.3	6516	6288.29	0	0
XM_017014109.2	6535	6307.29	53.1771	0.379424
XM_017014116.2	7057	6829.29	0	0
XM_017014127.2	1483	1255.29	0	0
XM_017014129.1	654	427.803	0	0
XM_017014158.2	4020	3792.29	0	0
XM_017014159.2	16312	16084.3	13.2449	0.0370586
XM_017014167.1	5159	4931.29	0	0
XM_017014169.2	1851	1623.29	7.21568	0.200043
XM_017014171.2	1594	1366.29	0	0
XM_017014172.2	5352	5124.29	270.139	2.37244
XM_017014177.2	1492	1264.29	18.5418	0.660005
XM_017014179.2	1427	1199.29	13.5822	0.509669
XM_017014187.3	4710	4482.29	19.9644	0.200447
XM_017014188.2	4075	3847.29	5.05122	0.0590858
XM_017014193.3	8576	8348.29	0	0
XM_017014194.2	4900	4672.29	0	0
XM_017014195.2	4837	4609.29	0	0
XM_017014198.2	4686	4458.29	0	0
XM_017014206.2	5996	5768.29	450.049	3.51119
XM_017014208.2	5938	5710.29	107.466	0.846943
XM_017014209.2	5821	5593.29	1.30369e-07	1.04894e-09
XM_017014210.3	5787	5559.29	7.94035	0.064278
XM_017014211.3	5803	5575.29	167.244	1.34997
XM_017014212.2	5667	5439.29	0	0
XM_017014214.2	2291	2063.29	0	0
XM_017014217.2	3959	3731.29	59.3454	0.715764
XM_017014218.3	2538	2310.29	173.382	3.37737
XM_017014222.2	3059	2831.29	63.5599	1.01028
XM_017014224.3	7464	7236.29	34.4264	0.2141
XM_017014231.2	969	741.293	3.4735	0.210872
XM_017014232.2	5194	4966.29	14.5068	0.131456
XM_017014233.2	4576	4348.29	5.19295	0.053745
XM_017014234.2	3734	3506.29	0	0
XM_017014235.2	2501	2273.29	2.0684	0.040947
XM_017014237.3	1884	1656.29	0	0
XM_017014241.3	9465	9237.29	0	0
XM_017014242.3	9423	9195.29	8.53298e-06	4.17616e-08
XM_017014243.3	9420	9192.29	0.0304702	0.000149174
XM_017014244.3	9360	9132.29	0.0113156	5.57624e-05
XM_017014245.3	9327	9099.29	0.0944361	0.00046706
XM_017014246.3	9324	9096.29	343.688	1.70037
XM_017014248.3	9228	9000.29	0.00660363	3.30193e-05
XM_017014249.3	9225	8997.29	8.93262e-05	4.46796e-07
XM_017014250.3	9180	8952.29	0.0189308	9.51647e-05
XM_017014252.3	9123	8895.29	0.00310058	1.56865e-05
XM_017014253.2	3357	3129.29	73.0655	1.05077
XM_017014256.2	4870	4642.29	0	0
XM_017014257.2	853	625.427	0	0
XM_017014258.2	799	571.487	30.3508	2.39005
XM_017014259.3	1659	1431.29	150.792	4.74124
XM_017014260.2	2282	2054.29	0	0
XM_017014261.2	2240	2012.29	0	0
XM_017014262.2	2190	1962.29	0	0
XM_017014263.2	2097	1869.29	0	0
XM_017014264.2	2569	2341.29	0	0
XM_017014265.2	1885	1657.29	2	0.0543091
XM_017014266.3	7727	7499.29	2041.82	12.2529
XM_017014272.3	752	524.701	0	0
XM_017014275.2	2680	2452.29	51.1069	0.937884
XM_017014285.2	1742	1514.29	0	0
XM_017014286.2	1795	1567.29	2	0.0574278
XM_017014294.2	8777	8549.29	20.131	0.105969
XM_017014296.2	4634	4406.29	0	0
XM_017014297.2	4725	4497.29	0	0
XM_017014301.1	7912	7684.29	37.464	0.219408
XM_017014302.1	7836	7608.29	0	0
XM_017014303.3	17096	16868.3	0	0
XM_017014304.2	19829	19601.3	0	0
XM_017014305.2	19412	19184.3	0	0
XM_017014306.3	16732	16504.3	0	0
XM_017014307.2	14220	13992.3	0	0
XM_017014308.2	1163	935.293	0	0
XM_017014309.3	4814	4586.29	0	0
XM_017014312.2	10361	10133.3	0	0
XM_017014313.3	6519	6291.29	49.748	0.355859
XM_017014315.3	1884	1656.29	0	0
XM_017014316.3	7593	7365.29	0	0
XM_017014319.3	7795	7567.29	0	0
XM_017014320.3	7722	7494.29	0	0
XM_017014321.3	7385	7157.29	0	0
XM_017014322.2	7352	7124.29	0	0
XM_017014324.3	7443	7215.29	0	0
XM_017014325.3	7477	7249.29	0	0
XM_017014326.2	6728	6500.29	0	0
XM_017014327.3	6036	5808.29	0	0
XM_017014328.3	7186	6958.29	0	0
XM_017014329.3	9449	9221.29	1.35388	0.00660741
XM_017014330.3	7027	6799.29	0	0
XM_017014331.3	7304	7076.29	14.4815	0.0920983
XM_017014337.2	14911	14683.3	2.37282e-08	7.27249e-11
XM_017014338.2	14802	14574.3	0.000648302	2.00185e-06
XM_017014339.2	1329	1101.29	1.83935	0.0751627
XM_017014340.2	4861	4633.29	0	0
XM_017014341.2	15731	15503.3	20.1908	0.0586099
XM_017014343.3	5442	5214.29	0	0
XM_017014346.2	12609	12381.3	0	0
XM_017014348.2	12576	12348.3	0	0
XM_017014349.2	12573	12345.3	0	0
XM_017014351.2	12564	12336.3	0	0
XM_017014352.2	12561	12333.3	0	0
XM_017014353.3	11662	11434.3	27.9211	0.109892
XM_017014354.3	4348	4120.29	0	0
XM_017014356.3	4309	4081.29	0	0
XM_017014357.3	4273	4045.29	0	0
XM_017014359.3	4261	4033.29	49.3757	0.550929
XM_017014360.2	5016	4788.29	0	0
XM_017014361.2	15015	14787.3	0	0
XM_017014364.2	2409	2181.29	0	0
XM_017014367.2	7032	6804.29	0	0
XM_017014376.3	2228	2000.29	0	0
XM_017014415.2	3625	3397.29	0	0
XM_017014426.2	3427	3199.29	0	0
XM_017014430.2	4223	3995.29	10.6232	0.11966
XM_017014431.3	6721	6493.29	0	0
XM_017014432.3	4361	4133.29	10.5381	0.114738
XM_017014433.3	12182	11954.3	9.17092	0.0345248
XM_017014434.3	6447	6219.29	0	0
XM_017014435.3	6426	6198.29	0	0
XM_017014436.3	4929	4701.29	5.40688	0.0517573
XM_017014437.3	5191	4963.29	0	0
XM_017014438.3	5106	4878.29	0	0
XM_017014440.2	6068	5840.29	0	0
XM_017014442.3	7095	6867.29	24.1925	0.15854
XM_017014443.2	5739	5511.29	0	0
XM_017014450.2	1360	1132.29	3.59907	0.143045
XM_017014451.3	1135	907.293	4.65546	0.230918
XM_017014455.2	1445	1217.29	0	0
XM_017014456.2	7934	7706.29	12.0973	0.0706456
XM_017014458.2	874	646.427	0	0
XM_017014462.2	1992	1764.29	0	0
XM_017014475.2	1360	1132.29	0	0
XM_017014481.2	5291	5063.29	0	0
XM_017014482.2	5154	4926.29	0	0
XM_017014483.2	6637	6409.29	72.9353	0.512118
XM_017014485.3	1528	1300.29	0	0
XM_017014488.3	2610	2382.29	2.01425e-05	3.80504e-07
XM_017014492.3	3021	2793.29	13.3437	0.214981
XM_017014498.3	4167	3939.29	0	0
XM_017014507.2	3589	3361.29	180.606	2.41807
XM_017014545.2	6187	5959.29	3.75717	0.0283732
XM_017014551.2	4738	4510.29	48.0443	0.479379
XM_017014553.3	6136	5908.29	0	0
XM_017014554.2	6240	6012.29	0	0
XM_017014555.2	6216	5988.29	0	0
XM_017014556.2	6416	6188.29	0	0
XM_017014561.3	2164	1936.29	31.539	0.733026
XM_017014562.3	2243	2015.29	2.0195	0.0450971
XM_017014563.3	2041	1813.29	0.0168792	0.000418914
XM_017014564.3	2165	1937.29	1.05492	0.0245057
XM_017014567.3	5253	5025.29	62.6198	0.56078
XM_017014568.2	5087	4859.29	77.2119	0.715078
XM_017014569.2	5119	4891.29	19.9005	0.183098
XM_017014571.2	7972	7744.29	334.612	1.94447
XM_017014572.2	7741	7513.29	153.926	0.921985
XM_017014573.2	875	647.427	33.6357	2.33804
XM_017014574.2	1315	1087.29	28.2103	1.16762
XM_017014575.2	843	615.427	63.0211	4.60841
XM_017014576.3	3595	3367.29	0	0
XM_017014579.2	524	302.192	0	0
XM_017014582.2	464	246.768	0	0
XM_017014583.2	458	241.399	0	0
XM_017014584.2	514	292.795	0	0
XM_017014585.2	12479	12251.3	0	0
XM_017014586.1	8404	8176.29	1	0.00550409
XM_017014588.2	4982	4754.29	0.540802	0.00511912
XM_017014589.2	4604	4376.29	8.71833e-07	8.96539e-09
XM_017014592.2	11591	11363.3	0	0
XM_017014597.3	3031	2803.29	0	0
XM_017014606.2	9113	8885.29	43.3067	0.219344
XM_017014609.2	9095	8867.29	5.39928	0.0274023
XM_017014612.3	6290	6062.29	0	0
XM_017014615.3	8941	8713.29	1.23303	0.00636843
XM_017014619.2	4892	4664.29	0	0
XM_017014622.3	1249	1021.29	4.37645	0.192847
XM_017014629.3	1190	962.293	40.6251	1.89989
XM_017014631.2	2420	2192.29	0	0
XM_017014633.2	6499	6271.29	0	0
XM_017014635.3	6766	6538.29	0	0
XM_017014636.3	6742	6514.29	0	0
XM_017014645.2	2724	2496.29	18.607	0.335447
XM_017014649.3	3525	3297.29	0	0
XM_017014650.2	3595	3367.29	25.029	0.334506
XM_017014651.2	1599	1371.29	5.64282	0.185186
XM_017014652.3	1533	1305.29	86.5683	2.98465
XM_017014653.2	1629	1401.29	5.63533	0.180981
XM_017014654.2	933	705.293	0	0
XM_017014657.2	3819	3591.29	107.466	1.34667
XM_017014670.2	6831	6603.29	13.7078	0.0934223
XM_017014678.3	9049	8821.29	0	0
XM_017014679.3	8776	8548.29	0	0
XM_017014680.3	8773	8545.29	65.1279	0.342991
XM_017014681.3	7957	7729.29	0	0
XM_017014683.2	9296	9068.29	73.4161	0.364341
XM_017014694.2	2612	2384.29	0	0
XM_017014697.3	6189	5961.29	62.4655	0.471566
XM_017014699.2	653	426.803	0	0
XM_017014710.3	4807	4579.29	0	0
XM_017014711.2	616	390.417	0	0
XM_017014713.2	8583	8355.29	29.3594	0.158135
XM_017014734.2	8060	7832.29	0	0
XM_017014743.2	2220	1992.29	10.7879	0.243683
XM_017014744.2	2291	2063.29	11.431	0.249325
XM_017014751.3	9434	9206.29	0	0
XM_017014752.2	9053	8825.29	0	0
XM_017014753.3	9386	9158.29	0	0
XM_017014755.1	8710	8482.29	0	0
XM_017014760.3	7857	7629.29	8.47699	0.0500034
XM_017014762.2	11604	11376.3	18.0985	0.0715952
XM_017014782.3	782	554.487	0	0
XM_017014783.2	394	187.168	0	0
XM_017014784.3	10857	10629.3	3.86993e-07	1.63848e-09
XM_017014787.3	5147	4919.29	9.23033	0.0844417
XM_017014788.3	3469	3241.29	52.218	0.72501
XM_017014789.3	2655	2427.29	46.0684	0.854128
XM_017014792.2	420	208.678	60.758	13.103
XM_017014793.2	1840	1612.29	0	0
XM_017014795.1	2211	1983.29	0	0
XM_017014796.1	2208	1980.29	0	0
XM_017014798.1	2424	2196.29	0	0
XM_017014799.1	2427	2199.29	0	0
XM_017014802.2	2500	2272.29	0	0
XM_017014803.1	919	691.293	1273.55	82.9079
XM_017014805.2	4559	4331.29	0	0
XM_017014812.3	2308	2080.29	128.019	2.76945
XM_017014813.2	5905	5677.29	0	0
XM_017014814.2	5779	5551.29	8.86291e-08	7.18496e-10
XM_017014815.2	5710	5482.29	2.48154	0.0203705
XM_017014839.2	5633	5405.29	285.271	2.37509
XM_017014841.2	5323	5095.29	31.7665	0.280571
XM_017014842.2	4296	4068.29	8.10959	0.0897076
XM_017014843.2	3292	3064.29	20.0504	0.294466
XM_017014844.1	4243	4015.29	0	0
XM_017014845.3	5050	4822.29	0	0
XM_017014846.2	3572	3344.29	0	0
XM_017014847.3	7887	7659.29	54.4748	0.320073
XM_017014849.2	1526	1298.29	57.6689	1.99899
XM_017014852.2	6749	6521.29	0	0
XM_017014855.2	5942	5714.29	0.147632	0.00116268
XM_017014856.2	5875	5647.29	8.9122e-06	7.1021e-08
XM_017014859.2	5512	5284.29	16.3318	0.139088
XM_017014860.2	4255	4027.29	0	0
XM_017014868.2	2258	2030.29	0	0
XM_017014870.3	3021	2793.29	19.6363	0.316363
XM_017014874.2	1900	1672.29	8.64103	0.232539
XM_017014900.2	7590	7362.29	1.34147	0.00819991
XM_017014901.3	7522	7294.29	0	0
XM_017014902.2	7826	7598.29	0	0
XM_017014903.2	7962	7734.29	0	0
XM_017014904.2	7364	7136.29	7.48405	0.0471961
XM_017014905.2	7842	7614.29	0	0
XM_017014906.2	7824	7596.29	0	0
XM_017014909.2	6991	6763.29	0	0
XM_017014914.3	2977	2749.29	27.9517	0.45754
XM_017014923.2	5308	5080.29	48.0734	0.425851
XM_017014926.2	3370	3142.29	23.0634	0.330308
XM_017014930.3	7178	6950.29	0	0
XM_017014931.2	7061	6833.29	0	0
XM_017014932.2	6953	6725.29	0	0
XM_017014933.2	6780	6552.29	4.00058	0.0274772
XM_017014934.2	6390	6162.29	148.167	1.08206
XM_017014935.2	26681	26453.3	22.1345	0.0376558
XM_017014936.2	6270	6042.29	0.0870439	0.000648304
XM_017014937.3	3545	3317.29	251.507	3.41199
XM_017014938.3	3786	3558.29	31.2174	0.394818
XM_017014939.3	3702	3474.29	241.605	3.12955
XM_017014940.3	3392	3164.29	49.7076	0.70695
XM_017014941.3	3549	3321.29	52.0515	0.705291
XM_017014942.3	2743	2515.29	0	0
XM_017014943.3	2725	2497.29	0	0
XM_017014944.1	2674	2446.29	107.896	1.9849
XM_017014945.1	2656	2428.29	36.1393	0.669762
XM_017014953.3	1593	1365.29	366.239	12.0721
XM_017014955.2	12197	11969.3	0	0
XM_017014958.3	10134	9906.29	0	0
XM_017014961.3	10079	9851.29	0	0
XM_017014963.3	10131	9903.29	0	0
XM_017014964.3	10131	9903.29	0	0
XM_017014965.3	10131	9903.29	0	0
XM_017014966.3	10125	9897.29	0	0
XM_017014967.3	10122	9894.29	0	0
XM_017014968.3	10119	9891.29	0	0
XM_017014969.3	10116	9888.29	0	0
XM_017014970.3	10116	9888.29	0	0
XM_017014971.3	10107	9879.29	0	0
XM_017014972.3	10107	9879.29	0	0
XM_017014974.3	10104	9876.29	0	0
XM_017014976.3	10092	9864.29	0	0
XM_017014977.3	10092	9864.29	0	0
XM_017014978.3	10089	9861.29	0	0
XM_017014979.3	10086	9858.29	0	0
XM_017014980.3	10047	9819.29	0	0
XM_017014982.3	8901	8673.29	0	0
XM_017014983.3	8898	8670.29	0	0
XM_017014996.3	10745	10517.3	16.5726	0.0709134
XM_017014997.3	45837	45609.3	86.2354	0.0850892
XM_017014998.3	8177	7949.29	0	0
XM_017015000.3	9508	9280.29	0	0
XM_017015002.3	10778	10550.3	0	0
XM_017015017.2	3394	3166.29	0	0
XM_017015019.2	1657	1429.29	0	0
XM_017015021.2	1600	1372.29	0	0
XM_017015022.2	1570	1342.29	0	0
XM_017015023.2	1555	1327.29	0	0
XM_017015025.2	1513	1285.29	0	0
XM_017015026.2	1527	1299.29	0	0
XM_017015027.2	1019	791.293	25.874	1.47153
XM_017015028.2	8502	8274.29	11.4903	0.0624945
XM_017015029.3	1586	1358.29	0	0
XM_017015030.2	963	735.293	0	0
XM_017015031.1	1275	1047.29	0	0
XM_017015033.1	1188	960.293	0	0
XM_017015034.1	1138	910.293	0	0
XM_017015035.2	1615	1387.29	0	0
XM_017015036.2	1528	1300.29	0	0
XM_017015037.2	2973	2745.29	0	0
XM_017015040.2	1339	1111.29	10.6273	0.430363
XM_017015041.2	4344	4116.29	0	0
XM_017015042.2	3659	3431.29	0	0
XM_017015043.2	3590	3362.29	107.314	1.43637
XM_017015045.2	8210	7982.29	0	0
XM_017015047.2	8159	7931.29	0	0
XM_017015048.2	8156	7928.29	0	0
XM_017015049.2	8114	7886.29	0	0
XM_017015050.2	8111	7883.29	0	0
XM_017015051.2	8078	7850.29	0	0
XM_017015052.2	8060	7832.29	0	0
XM_017015053.2	8057	7829.29	0	0
XM_017015054.2	7922	7694.29	0	0
XM_017015055.2	7919	7691.29	0	0
XM_017015056.3	4273	4045.29	710.124	7.89999
XM_017015060.2	7848	7620.29	0	0
XM_017015067.2	4383	4155.29	0	0
XM_017015068.2	5015	4787.29	0	0
XM_017015074.2	4859	4631.29	0	0
XM_017015083.2	4733	4505.29	38.5663	0.385236
XM_017015088.3	1210	982.293	1852.82	84.8855
XM_017015107.2	1279	1051.29	6.46061	0.276561
XM_017015108.2	4905	4677.29	0	0
XM_017015109.2	4890	4662.29	108.551	1.04779
XM_017015110.2	4836	4608.29	0	0
XM_017015113.2	3567	3339.29	0	0
XM_017015122.3	3391	3163.29	191.739	2.7278
XM_017015128.2	7597	7369.29	190.093	1.16087
XM_017015130.2	6133	5905.29	17.4196	0.132751
XM_017015131.2	6026	5798.29	13.1551	0.102102
XM_017015133.1	2495	2267.29	0	0
XM_017015134.2	5544	5316.29	0	0
XM_017015138.2	5010	4782.29	0.0519886	0.000489232
XM_017015139.3	5134	4906.29	41.8055	0.383462
XM_017015140.2	9905	9677.29	106.054	0.493193
XM_017015162.2	5192	4964.29	2.69547e-06	2.44354e-08
XM_017015165.3	5658	5430.29	509.667	4.22382
XM_017015168.1	2197	1969.29	0	0
XM_017015171.2	1095	867.293	0	0
XM_017015173.2	7343	7115.29	0	0
XM_017015177.2	3358	3130.29	0	0
XM_017015178.2	4855	4627.29	0	0
XM_017015179.2	4925	4697.29	0	0
XM_017015182.2	7727	7499.29	0	0
XM_017015183.2	7634	7406.29	271.697	1.65092
XM_017015184.2	7170	6942.29	46.7518	0.303066
XM_017015185.2	7200	6972.29	0	0
XM_017015187.2	7192	6964.29	16.1212	0.104175
XM_017015188.2	2735	2507.29	0	0
XM_017015189.2	3429	3201.29	0	0
XM_017015197.2	2641	2413.29	0	0
XM_017015198.2	3537	3309.29	0	0
XM_017015199.3	2642	2414.29	71.4176	1.33124
XM_017015200.2	2811	2583.29	0	0
XM_017015202.2	3676	3448.29	0	0
XM_017015203.3	2791	2563.29	11.7511	0.206311
XM_017015207.2	4446	4218.29	182.625	1.94835
XM_017015212.2	5358	5130.29	3.80797	0.0334036
XM_017015213.2	4975	4747.29	0	0
XM_017015216.2	1849	1621.29	11.9003	0.330323
XM_017015218.2	3103	2875.29	402.554	6.30064
XM_017015219.3	3183	2955.29	151.562	2.30797
XM_017015231.3	3971	3743.29	0	0
XM_017015232.3	5139	4911.29	0	0
XM_017015234.3	2818	2590.29	0	0
XM_017015236.3	2521	2293.29	0	0
XM_017015237.3	3804	3576.29	0	0
XM_017015239.2	4149	3921.29	41.2356	0.473244
XM_017015240.3	5286	5058.29	0	0
XM_017015241.3	5079	4851.29	0	0
XM_017015242.3	5673	5445.29	4.75492	0.0392975
XM_017015244.3	5257	5029.29	14.3265	0.128196
XM_017015245.2	2572	2344.29	0	0
XM_017015247.3	5074	4846.29	64.175	0.595935
XM_017015248.3	5283	5055.29	0	0
XM_017015250.3	2264	2036.29	82.0488	1.81332
XM_017015252.2	7573	7345.29	1.97077	0.0120745
XM_017015275.3	1126	898.293	0	0
XM_017015276.2	1146	918.293	0	0
XM_017015277.3	1335	1107.29	2.25517	0.0916557
XM_017015279.2	966	738.293	1.97828	0.120587
XM_017015280.3	1572	1344.29	0	0
XM_017015285.2	2876	2648.29	3.26989	0.0555661
XM_017015288.3	1879	1651.29	1.62423e-07	4.42656e-09
XM_017015310.2	14616	14388.3	0	0
XM_017015311.2	7954	7726.29	0	0
XM_017015312.3	7987	7759.29	0	0
XM_017015313.1	7744	7516.29	112.779	0.675256
XM_017015314.2	5231	5003.29	0	0
XM_017015315.2	2154	1926.29	61.6716	1.4408
XM_017015316.2	2133	1905.29	509.351	12.0309
XM_017015319.3	2896	2668.29	0	0
XM_017015320.3	1372	1144.29	0	0
XM_017015321.3	3004	2776.29	2.89535	0.0469329
XM_017015323.3	1273	1045.29	0	0
XM_017015324.2	2502	2274.29	0	0
XM_017015329.2	1475	1247.29	14.0468	0.506816
XM_017015330.3	5006	4778.29	0	0
XM_017015331.3	5178	4950.29	0	0
XM_017015332.3	4747	4519.29	7.9462e-07	7.91282e-09
XM_017015338.2	3139	2911.29	0	0
XM_017015340.2	2562	2334.29	0	0
XM_017015346.1	6112	5884.29	0	0
XM_017015353.3	1587	1359.29	0	0
XM_017015355.3	6135	5907.29	13.215	0.100675
XM_017015356.3	4947	4719.29	0.00040228	3.83614e-06
XM_017015357.2	4801	4573.29	129.658	1.27589
XM_017015358.2	4756	4528.29	19.0127	0.188952
XM_017015360.3	4984	4756.29	0	0
XM_017015361.3	4782	4554.29	25.4612	0.251594
XM_017015362.3	4999	4771.29	0	0
XM_017015380.2	2275	2047.29	0	0
XM_017015387.1	1551	1323.29	0	0
XM_017015393.3	3735	3507.29	26.1942	0.336105
XM_017015411.3	1113	885.293	0	0
XM_017015412.3	2581	2353.29	0	0
XM_017015459.2	1588	1360.29	0	0
XM_017015464.2	1971	1743.29	0	0
XM_017015479.3	1851	1623.29	0	0
XM_017015480.3	1116	888.293	11.3446	0.574745
XM_017015481.3	1732	1504.29	18.8018	0.562484
XM_017015484.1	9598	9370.29	0	0
XM_017015485.1	9463	9235.29	0	0
XM_017015486.1	9427	9199.29	0	0
XM_017015487.1	9415	9187.29	0	0
XM_017015488.1	9244	9016.29	0	0
XM_017015489.1	9166	8938.29	0	0
XM_017015501.3	7153	6925.29	0	0
XM_017015502.3	7060	6832.29	0	0
XM_017015503.3	6985	6757.29	0	0
XM_017015505.3	6901	6673.29	0	0
XM_017015507.3	6892	6664.29	0	0
XM_017015510.3	6733	6505.29	0	0
XM_017015515.3	6343	6115.29	0	0
XM_017015517.3	6259	6031.29	0	0
XM_017015523.2	6088	5860.29	0.0122215	9.38525e-05
XM_017015525.2	6046	5818.29	0	0
XM_017015530.3	5890	5662.29	0	0
XM_017015532.3	5872	5644.29	0	0
XM_017015533.2	5851	5623.29	0	0
XM_017015536.2	5794	5566.29	0	0
XM_017015537.3	5788	5560.29	0	0
XM_017015539.2	5776	5548.29	0	0
XM_017015540.2	5767	5539.29	0	0
XM_017015573.3	3965	3737.29	0	0
XM_017015574.3	3962	3734.29	0	0
XM_017015575.3	3962	3734.29	0	0
XM_017015576.3	3959	3731.29	0	0
XM_017015577.3	3893	3665.29	0	0
XM_017015578.3	3890	3662.29	0	0
XM_017015579.3	3890	3662.29	0	0
XM_017015580.3	3887	3659.29	0	0
XM_017015582.2	3120	2892.29	0	0
XM_017015584.3	3820	3592.29	0	0
XM_017015594.2	3928	3700.29	0.000120112	1.46081e-06
XM_017015597.2	5540	5312.29	0	0
XM_017015598.3	4824	4596.29	58.5996	0.573759
XM_017015599.3	4766	4538.29	13.337	0.132254
XM_017015601.3	1865	1637.29	0	0
XM_017015603.2	1823	1595.29	0	0
XM_017015612.2	6429	6201.29	63.636	0.46181
XM_017015615.3	4099	3871.29	0	0
XM_017015616.2	3766	3538.29	0	0
XM_017015617.1	3568	3340.29	0	0
XM_017015618.1	2724	2496.29	0	0
XM_017015619.2	4887	4659.29	0	0
XM_017015620.2	7022	6794.29	0	0
XM_017015621.2	7019	6791.29	0	0
XM_017015622.2	7019	6791.29	0	0
XM_017015623.2	6944	6716.29	0	0
XM_017015624.2	6941	6713.29	0	0
XM_017015625.2	6932	6704.29	0	0
XM_017015626.2	6830	6602.29	3.84726e-08	2.6224e-10
XM_017015627.2	6812	6584.29	5.23578e-07	3.57861e-09
XM_017015629.2	6617	6389.29	0	0
XM_017015637.2	2563	2335.29	0	0
XM_017015638.2	563	338.802	0	0
XM_017015639.2	589	364.098	0	0
XM_017015641.3	1003	775.293	3.09909	0.179892
XM_017015643.2	4916	4688.29	15.3463	0.14731
XM_017015644.1	3784	3556.29	0	0
XM_017015645.1	3763	3535.29	6.72738e-08	8.56372e-10
XM_017015646.2	3801	3573.29	80.7571	1.01708
XM_017015671.2	1512	1284.29	1.6325	0.0572048
XM_017015673.2	3332	3104.29	0	0
XM_017015674.2	2497	2269.29	2.01593e-07	3.99786e-09
XM_017015675.3	2931	2703.29	0	0
XM_017015681.3	3040	2812.29	0	0
XM_017015684.3	3004	2776.29	68.1512	1.10472
XM_017015685.3	2998	2770.29	0	0
XM_017015686.3	2989	2761.29	0	0
XM_017015689.3	2953	2725.29	0	0
XM_017015691.3	2917	2689.29	0	0
XM_017015693.3	2911	2683.29	0	0
XM_017015698.2	2065	1837.29	0.599452	0.0146831
XM_017015699.2	4003	3775.29	1.50144	0.0178977
XM_017015702.2	1878	1650.29	42.1599	1.14969
XM_017015703.3	1701	1473.29	6.42083	0.19613
XM_017015704.2	9215	8987.29	20.0183	0.10024
XM_017015705.2	1706	1478.29	0	0
XM_017015706.2	9216	8988.29	68.8367	0.344656
XM_017015709.3	2986	2758.29	25.5219	0.416404
XM_017015710.1	2633	2405.29	0	0
XM_017015714.2	2211	1983.29	0	0
XM_017015731.2	2033	1805.29	6.99103	0.174275
XM_017015738.3	7270	7042.29	0	0
XM_017015741.2	5779	5551.29	5.91557	0.0479562
XM_017015743.3	2133	1905.29	2.36685	0.0559051
XM_017015744.2	1771	1543.29	0	0
XM_017015749.2	584	359.207	0	0
XM_017015792.2	735	507.753	0	0
XM_017015793.2	657	430.76	0	0
XM_017015794.2	578	353.315	0	0
XM_017015796.2	559	335.04	0	0
XM_017015797.2	547	323.768	0	0
XM_017015799.1	3656	3428.29	0	0
XM_017015801.2	2354	2126.29	9.91011	0.209748
XM_017015813.3	7199	6971.29	0	0
XM_017015814.2	3299	3071.29	0	0
XM_017015817.1	6929	6701.29	0	0
XM_017015818.2	1808	1580.29	0	0
XM_017015819.2	2467	2239.29	0	0
XM_017015821.3	3296	3068.29	8.61983	0.126428
XM_017015822.2	3268	3040.29	19.5578	0.2895
XM_017015823.2	502	281.791	40.1023	6.40449
XM_017015827.3	6574	6346.29	25.3296	0.179618
XM_017015829.2	3486	3258.29	5.72253	0.0790387
XM_017015831.3	3502	3274.29	0	0
XM_017015832.3	2457	2229.29	0	0
XM_017015833.3	2283	2055.29	0	0
XM_017015844.3	2177	1949.29	0	0
XM_017015845.2	2157	1929.29	0	0
XM_017015846.2	2041	1813.29	0	0
XM_017015847.2	1904	1676.29	0	0
XM_017015848.2	1705	1477.29	0	0
XM_017015849.2	1751	1523.29	0	0
XM_017015850.2	1638	1410.29	0	0
XM_017015851.2	1635	1407.29	0	0
XM_017015852.2	1603	1375.29	0	0
XM_017015853.2	1656	1428.29	0	0
XM_017015854.2	1612	1384.29	0	0
XM_017015855.2	1602	1374.29	0	0
XM_017015856.2	1809	1581.29	0	0
XM_017015857.2	1533	1305.29	0	0
XM_017015858.2	1664	1436.29	0	0
XM_017015859.3	1479	1251.29	0	0
XM_017015860.2	1429	1201.29	0	0
XM_017015861.3	1302	1074.29	0	0
XM_017015862.2	1114	886.293	0	0
XM_017015863.3	3016	2788.29	0	0
XM_017015869.3	3171	2943.29	0	0
XM_017015870.3	4101	3873.29	0	0
XM_017015877.2	2499	2271.29	0	0
XM_017015883.2	4072	3844.29	0	0
XM_017015884.3	4091	3863.29	0	0
XM_017015886.2	3545	3317.29	0	0
XM_017015891.2	3254	3026.29	0	0
XM_017015896.2	7475	7247.29	43.1389	0.267877
XM_017015897.2	8314	8086.29	156.232	0.869487
XM_017015898.2	21743	21515.3	23.2044	0.0485361
XM_017015904.2	3895	3667.29	1061.93	13.0314
XM_017015907.3	5012	4784.29	0	0
XM_017015912.3	1656	1428.29	0	0
XM_017015920.3	4727	4499.29	0	0
XM_017015921.3	4724	4496.29	0	0
XM_017015924.3	4295	4067.29	0	0
XM_017015925.3	4379	4151.29	0	0
XM_017015927.2	6584	6356.29	3.61223	0.0255749
XM_017015928.2	10915	10687.3	0	0
XM_017015929.2	15604	15376.3	21.5849	0.0631742
XM_017015932.2	6896	6668.29	0	0
XM_017015947.3	3331	3103.29	0	0
XM_017015978.2	5993	5765.29	2.9791	0.0232544
XM_017015982.2	5322	5094.29	0	0
XM_017015983.2	5145	4917.29	16.7684	0.153465
XM_017015984.2	4530	4302.29	28.5134	0.298257
XM_017015987.2	9900	9672.29	0	0
XM_017015988.2	9795	9567.29	0	0
XM_017015989.2	7210	6982.29	10.3017	0.066398
XM_017015990.2	17853	17625.3	28.7645	0.0734451
XM_017015992.2	7966	7738.29	52.7092	0.306537
XM_017015995.2	1796	1568.29	0	0
XM_017015998.3	4537	4309.29	1.91375e-08	1.99858e-10
XM_017015999.3	4751	4523.29	0	0
XM_017016004.3	8162	7934.29	15.8139	0.0896961
XM_017016010.2	7368	7140.29	9.06819	0.057154
XM_017016011.3	1339	1111.29	0	0
XM_017016014.3	4519	4291.29	15.02	0.157516
XM_017016017.3	4483	4255.29	0	0
XM_017016027.1	4696	4468.29	197.592	1.99008
XM_017016031.2	3812	3584.29	0	0
XM_017016035.3	10092	9864.29	3.55506	0.016219
XM_017016036.2	6285	6057.29	1.3448	0.00999131
XM_017016039.3	6908	6680.29	0	0
XM_017016040.2	6430	6202.29	0	0
XM_017016041.3	4085	3857.29	0	0
XM_017016045.2	4293	4065.29	2.07625	0.0229842
XM_017016067.2	2497	2269.29	76.4332	1.51577
XM_017016068.3	6671	6443.29	3.95565e-06	2.76282e-08
XM_017016069.2	6753	6525.29	333.095	2.29726
XM_017016070.3	6144	5916.29	105.821	0.804942
XM_017016072.2	4393	4165.29	1.75597	0.018972
XM_017016081.2	3753	3525.29	4.80066	0.0612841
XM_017016084.2	2130	1902.29	4.74698	0.112301
XM_017016085.2	2109	1881.29	29.7848	0.712492
XM_017016088.3	2126	1898.29	1.14284	0.0270933
XM_017016090.2	2105	1877.29	7.85702	0.188351
XM_017016091.3	2738	2510.29	98.2385	1.76116
XM_017016095.3	7665	7437.29	0	0
XM_017016098.3	2586	2358.29	0	0
XM_017016099.3	3020	2792.29	0	0
XM_017016100.2	1595	1367.29	31.0181	1.02093
XM_017016101.2	1083	855.293	0	0
XM_017016103.3	7179	6951.29	0	0
XM_017016104.3	8032	7804.29	2	0.0115329
XM_017016105.2	3727	3499.29	0	0
XM_017016106.2	3868	3640.29	0	0
XM_017016107.2	1337	1109.29	0	0
XM_017016108.2	3604	3376.29	0	0
XM_017016151.2	10689	10461.3	0	0
XM_017016152.2	10962	10734.3	0	0
XM_017016155.3	10075	9847.29	0	0
XM_017016156.2	10012	9784.29	0	0
XM_017016157.3	10103	9875.29	0	0
XM_017016158.3	2820	2592.29	0	0
XM_017016161.2	2126	1898.29	0	0
XM_017016162.3	2605	2377.29	46.9267	0.88834
XM_017016167.2	1960	1732.29	6.83377	0.177534
XM_017016173.2	1392	1164.29	14.1627	0.547426
XM_017016174.2	6904	6676.29	0	0
XM_017016176.2	1082	854.293	0	0
XM_017016177.2	5610	5382.29	0.873463	0.0073033
XM_017016178.2	5609	5381.29	1.12689	0.009424
XM_017016179.3	6126	5898.29	0	0
XM_017016180.2	2040	1812.29	0	0
XM_017016181.2	1397	1169.29	0	0
XM_017016182.1	6690	6462.29	0	0
XM_017016183.2	8419	8191.29	0	0
XM_017016184.1	5107	4879.29	0	0
XM_017016185.1	5104	4876.29	0	0
XM_017016186.1	3661	3433.29	7	0.0917549
XM_017016187.2	5778	5550.29	121.173	0.982497
XM_017016188.2	6442	6214.29	569.797	4.12639
XM_017016190.2	6127	5899.29	11.9582	0.0912234
XM_017016191.3	2683	2455.29	0	0
XM_017016193.3	1257	1029.29	2.00087	0.0874827
XM_017016195.2	1995	1767.29	0	0
XM_017016197.3	1208	980.293	0	0
XM_017016198.2	1800	1572.29	0	0
XM_017016199.2	1087	859.293	0	0
XM_017016204.2	2572	2344.29	0	0
XM_017016205.2	3717	3489.29	47.0268	0.606527
XM_017016206.1	1617	1389.29	0	0
XM_017016207.3	12369	12141.3	0	0
XM_017016208.3	12366	12138.3	0	0
XM_017016209.3	6474	6246.29	0	0
XM_017016210.3	12285	12057.3	0	0
XM_017016211.3	12198	11970.3	0	0
XM_017016213.3	12186	11958.3	0	0
XM_017016214.3	6300	6072.29	0	0
XM_017016217.2	12099	11871.3	0	0
XM_017016219.3	8144	7916.29	1.33319	0.00757901
XM_017016222.3	11967	11739.3	0	0
XM_017016223.1	11363	11135.3	0	0
XM_017016227.2	4519	4291.29	0	0
XM_017016228.2	4507	4279.29	1.11885	0.0117664
XM_017016229.2	4492	4264.29	22.3842	0.236231
XM_017016231.2	4426	4198.29	14.9939	0.160726
XM_017016232.2	4420	4192.29	0.454431	0.00487818
XM_017016233.2	4086	3858.29	0	0
XM_017016237.3	4653	4425.29	0	0
XM_017016238.2	4656	4428.29	0	0
XM_017016239.2	4515	4287.29	0	0
XM_017016245.2	7697	7469.29	0	0
XM_017016247.2	7494	7266.29	0	0
XM_017016250.2	7613	7385.29	0	0
XM_017016255.2	7493	7265.29	7.11292e-08	4.40593e-10
XM_017016256.2	7640	7412.29	0	0
XM_017016260.2	4076	3848.29	5.89881	0.0689824
XM_017016264.3	1643	1415.29	9.92193	0.315495
XM_017016276.2	1953	1725.29	0	0
XM_017016277.3	6253	6025.29	0	0
XM_017016280.2	1839	1611.29	0	0
XM_017016290.2	1029	801.293	7.41212	0.416287
XM_017016306.2	2388	2160.29	6.83131	0.142309
XM_017016307.2	2285	2057.29	23.0551	0.504329
XM_017016308.3	1901	1673.29	121.022	3.25487
XM_017016309.3	1698	1470.29	0.218544	0.00668923
XM_017016310.3	12570	12342.3	0	0
XM_017016311.3	10857	10629.3	0	0
XM_017016312.3	10886	10658.3	0	0
XM_017016319.2	4859	4631.29	0	0
XM_017016320.2	5444	5216.29	0.302534	0.00261008
XM_017016321.2	6194	5966.29	4.56094	0.0344026
XM_017016329.2	4425	4197.29	0	0
XM_017016330.2	3567	3339.29	0	0
XM_017016331.2	8788	8560.29	0	0
XM_017016333.3	6319	6091.29	0	0
XM_017016334.2	6283	6055.29	0	0
XM_017016336.2	6127	5899.29	2.94485	0.022465
XM_017016340.3	7574	7346.29	117.94	0.722497
XM_017016341.2	7196	6968.29	29.9665	0.193531
XM_017016344.3	3808	3580.29	0	0
XM_017016345.3	3711	3483.29	0	0
XM_017016346.3	3708	3480.29	0	0
XM_017016347.3	3918	3690.29	0	0
XM_017016348.2	3595	3367.29	0	0
XM_017016354.2	4592	4364.29	32.7926	0.338146
XM_017016355.2	3791	3563.29	0	0
XM_017016356.2	4556	4328.29	0.101998	0.00106051
XM_017016359.2	1276	1048.29	0	0
XM_017016371.2	2368	2140.29	0	0
XM_017016372.2	2509	2281.29	180.785	3.56635
XM_017016373.2	2531	2303.29	17.7297	0.346412
XM_017016374.2	3061	2833.29	0	0
XM_017016375.2	3079	2851.29	0	0
XM_017016376.3	1801	1573.29	0	0
XM_017016380.3	24726	24498.3	20.8354	0.0382744
XM_017016381.3	2296	2068.29	4.62823	0.100704
XM_017016382.3	12537	12309.3	1.2687	0.00463839
XM_017016384.3	1984	1756.29	0	0
XM_017016385.2	4123	3895.29	0	0
XM_017016386.3	2599	2371.29	13.5228	0.25664
XM_017016387.3	2206	1978.29	0	0
XM_017016388.3	3676	3448.29	202.112	2.63773
XM_017016391.3	1295	1067.29	63.6713	2.68474
XM_017016413.2	6834	6606.29	19.5916	0.133461
XM_017016414.3	4711	4483.29	0	0
XM_017016417.2	7302	7074.29	56.9998	0.362604
XM_017016420.2	7142	6914.29	0	0
XM_017016422.2	7037	6809.29	0	0
XM_017016423.1	6765	6537.29	0	0
XM_017016424.2	6856	6628.29	0	0
XM_017016445.2	5240	5012.29	3.73462e-08	3.35314e-10
XM_017016448.2	2842	2614.29	0	0
XM_017016452.3	5442	5214.29	15	0.129461
XM_017016456.2	2095	1867.29	67.0443	1.61582
XM_017016457.3	1883	1655.29	21.6175	0.587724
XM_017016458.2	1605	1377.29	103.312	3.37571
XM_017016463.2	10126	9898.29	0	0
XM_017016464.1	6442	6214.29	1	0.00724187
XM_017016467.2	3134	2906.29	17.6961	0.274018
XM_017016469.3	1665	1437.29	0	0
XM_017016471.3	2816	2588.29	10.7181	0.186358
XM_017016476.2	2017	1789.29	43.6842	1.09872
XM_017016478.3	14202	13974.3	0	0
XM_017016479.3	14172	13944.3	0	0
XM_017016482.2	14175	13947.3	0	0
XM_017016483.2	14257	14029.3	0	0
XM_017016484.2	14250	14022.3	0	0
XM_017016487.2	14227	13999.3	0	0
XM_017016494.2	1373	1145.29	206.802	8.12606
XM_017016496.3	1498	1270.29	0	0
XM_017016497.2	3943	3715.29	0	0
XM_017016498.2	3681	3453.29	1	0.0130319
XM_017016509.2	1651	1423.29	6.91872	0.218763
XM_017016512.2	1107	879.293	0	0
XM_017016513.2	2563	2335.29	1.20995	0.0233168
XM_017016514.2	777	549.487	3.82425	0.313207
XM_017016516.3	3613	3385.29	0.17241	0.00229197
XM_017016517.3	3487	3259.29	43.4866	0.600447
XM_017016518.3	3367	3139.29	33.9491	0.486675
XM_017016519.3	3322	3094.29	3.13244e-08	4.55579e-10
XM_017016521.3	3202	2974.29	0.000680227	1.02923e-05
XM_017016536.3	3707	3479.29	33.4527	0.432695
XM_017016537.3	7261	7033.29	0	0
XM_017016539.3	5186	4958.29	22.1496	0.201037
XM_017016541.2	20920	20692.3	0	0
XM_017016543.2	23871	23643.3	89.5825	0.170513
XM_017016545.2	1227	999.293	0	0
XM_017016546.3	1200	972.293	0	0
XM_017016547.3	1152	924.293	0	0
XM_017016548.3	1388	1160.29	0	0
XM_017016549.2	2034	1806.29	0	0
XM_017016562.3	2276	2048.29	9.8363e-05	2.16113e-06
XM_017016563.3	2096	1868.29	5.25498e-06	1.26581e-07
XM_017016564.3	2919	2691.29	2.00698	0.0335602
XM_017016566.3	2789	2561.29	6.13929e-05	1.0787e-06
XM_017016567.3	1996	1768.29	51.2729	1.3049
XM_017016568.3	2016	1788.29	7.44134e-05	1.87264e-06
XM_017016569.2	1212	984.293	109.908	5.02512
XM_017016574.2	7016	6788.29	13.5715	0.0899728
XM_017016608.2	2244	2016.29	0	0
XM_017016611.3	1239	1011.29	5.97165	0.265741
XM_017016612.3	1227	999.293	25.9782	1.16992
XM_017016613.3	2353	2125.29	201.471	4.26615
XM_017016617.2	6151	5923.29	0	0
XM_017016624.1	1163	935.293	34.0585	1.63878
XM_017016632.3	5817	5589.29	0	0
XM_017016635.2	2080	1852.29	38.1484	0.92685
XM_017016636.3	3379	3151.29	0	0
XM_017016638.1	4781	4553.29	0	0
XM_017016640.1	4634	4406.29	0	0
XM_017016641.2	4261	4033.29	0	0
XM_017016642.2	4334	4106.29	0	0
XM_017016643.1	3945	3717.29	0	0
XM_017016644.1	3612	3384.29	0	0
XM_017016646.1	3756	3528.29	0	0
XM_017016647.3	3628	3400.29	0	0
XM_017016648.1	3477	3249.29	0	0
XM_017016649.2	3402	3174.29	0	0
XM_017016651.1	2915	2687.29	0	0
XM_017016652.2	2879	2651.29	0	0
XM_017016654.2	2942	2714.29	0	0
XM_017016655.1	3035	2807.29	0	0
XM_017016661.2	1430	1202.29	0	0
XM_017016662.2	1384	1156.29	0	0
XM_017016663.2	4051	3823.29	177.241	2.08626
XM_017016665.2	3811	3583.29	12.2207	0.153481
XM_017016666.2	1372	1144.29	0	0
XM_017016667.3	2413	2185.29	5.09392	0.104902
XM_017016668.3	2441	2213.29	1.33805e-07	2.72066e-09
XM_017016671.2	2433	2205.29	62.3736	1.27285
XM_017016677.2	15091	14863.3	14.4992	0.0439006
XM_017016678.2	6082	5854.29	36.5778	0.281181
XM_017016680.3	915	687.293	17.5419	1.14862
XM_017016686.3	7361	7133.29	0	0
XM_017016687.2	7603	7375.29	0	0
XM_017016688.2	7490	7262.29	0	0
XM_017016690.3	1729	1501.29	0.661763	0.0198372
XM_017016691.3	1544	1316.29	0	0
XM_017016692.3	1639	1411.29	5.92835	0.189042
XM_017016693.3	1676	1448.29	0	0
XM_017016699.2	5794	5566.29	0.106702	0.000862678
XM_017016700.3	6054	5826.29	54.7815	0.42314
XM_017016701.2	2109	1881.29	0	0
XM_017016706.2	10156	9928.29	7.13844	0.0323572
XM_017016715.3	1977	1749.29	235.877	6.06828
XM_017016730.2	3659	3431.29	0	0
XM_017016740.2	2142	1914.29	0	0
XM_017016749.1	3250	3022.29	0	0
XM_017016750.3	5745	5517.29	126.028	1.02797
XM_017016751.3	5739	5511.29	0	0
XM_017016763.2	2793	2565.29	0	0
XM_017016766.2	1929	1701.29	64.9172	1.71721
XM_017016767.2	1695	1467.29	54.7762	1.68003
XM_017016768.2	1860	1632.29	47.6993	1.31509
XM_017016769.2	1632	1404.29	1.05913e-06	3.39416e-08
XM_017016771.2	1767	1539.29	133.891	3.91446
XM_017016775.2	6209	5981.29	2.08998e-05	1.57249e-07
XM_017016776.3	13341	13113.3	17.8824	0.06137
XM_017016777.3	8881	8653.29	9.86566	0.0513082
XM_017016778.2	6992	6764.29	4.02617e-05	2.67862e-07
XM_017016779.2	3531	3303.29	0	0
XM_017016782.2	3457	3229.29	4.31145	0.0600839
XM_017016783.3	5774	5546.29	0	0
XM_017016791.2	674	447.496	0	0
XM_017016795.2	3662	3434.29	0	0
XM_017016796.2	3608	3380.29	0	0
XM_017016797.2	3605	3377.29	0	0
XM_017016798.3	3596	3368.29	0	0
XM_017016804.3	3512	3284.29	0	0
XM_017016810.2	3776	3548.29	0	0
XM_017016814.2	3833	3605.29	0	0
XM_017016818.2	3359	3131.29	0	0
XM_017016830.2	3698	3470.29	0	0
XM_017016832.2	3391	3163.29	0	0
XM_017016833.2	5965	5737.29	0	0
XM_017016834.3	5622	5394.29	27.2516	0.227353
XM_017016835.2	2065	1837.29	0	0
XM_017016839.3	2117	1889.29	19.0008	0.4526
XM_017016840.2	1969	1741.29	0	0
XM_017016841.2	2276	2048.29	21.2554	0.467003
XM_017016842.2	3753	3525.29	0	0
XM_017016844.3	3599	3371.29	0	0
XM_017016845.2	3597	3369.29	0	0
XM_017016847.3	4574	4346.29	0	0
XM_017016848.2	4616	4388.29	9.49875	0.0974122
XM_017016851.3	857	629.427	114.866	8.21274
XM_017016852.3	4027	3799.29	31.8607	0.377393
XM_017016853.3	4635	4407.29	0	0
XM_017016855.3	3368	3140.29	62.4651	0.895179
XM_017016858.3	5719	5491.29	0	0
XM_017016859.3	4838	4610.29	9.76277	0.0952986
XM_017016861.3	6478	6250.29	0.0696745	0.000501667
XM_017016865.3	5568	5340.29	124.782	1.05155
XM_017016867.2	2548	2320.29	3.66317	0.0710488
XM_017016868.2	1287	1059.29	157.238	6.68013
XM_017016869.2	2494	2266.29	57.2977	1.13779
XM_017016870.2	6327	6099.29	0	0
XM_017016871.2	6047	5819.29	36.3133	0.280826
XM_017016873.3	6075	5847.29	17.9782	0.138368
XM_017016874.2	5838	5610.29	39.1112	0.313731
XM_017016877.2	8214	7986.29	29.787	0.167851
XM_017016884.3	3104	2876.29	0	0
XM_017016885.3	3071	2843.29	2.75736	0.043643
XM_017016887.3	3257	3029.29	0	0
XM_017016888.3	3267	3039.29	0	0
XM_017016889.3	3224	2996.29	0	0
XM_017016890.3	2900	2672.29	0	0
XM_017016893.3	2867	2639.29	0	0
XM_017016894.3	3618	3390.29	0	0
XM_017016895.3	3114	2886.29	0	0
XM_017016896.2	3081	2853.29	65.2793	1.02961
XM_017016898.3	3030	2802.29	0	0
XM_017016911.3	5313	5085.29	4.00426	0.0354363
XM_017016912.3	1314	1086.29	0	0
XM_017016913.2	7142	6914.29	36.394	0.236878
XM_017016914.2	7472	7244.29	0	0
XM_017016915.2	7696	7468.29	57.3205	0.345407
XM_017016927.3	4399	4171.29	9.25075	0.0998042
XM_017016929.3	3484	3256.29	14.3624	0.198494
XM_017016931.2	3335	3107.29	0	0
XM_017016933.3	3390	3162.29	0	0
XM_017016935.2	2820	2592.29	0	0
XM_017016939.3	3228	3000.29	0	0
XM_017016940.3	3146	2918.29	0	0
XM_017016949.3	2599	2371.29	181.887	3.45191
XM_017016951.3	4875	4647.29	1.61567	0.0156457
XM_017016954.3	4793	4565.29	0.000238128	2.34738e-06
XM_017016955.2	2445	2217.29	0	0
XM_017016956.2	2412	2184.29	0	0
XM_017016958.3	2141	1913.29	0	0
XM_017016963.2	1566	1338.29	0	0
XM_017016964.3	1543	1315.29	1.04424	0.035729
XM_017016965.3	1074	846.293	0	0
XM_017016971.2	4800	4572.29	31.0903	0.306009
XM_017016974.3	11698	11470.3	0	0
XM_017016975.3	11499	11271.3	0	0
XM_017016976.3	11900	11672.3	0	0
XM_017016977.3	9672	9444.29	0	0
XM_017016978.3	11553	11325.3	0	0
XM_017016981.3	11543	11315.3	0	0
XM_017016982.3	11559	11331.3	0	0
XM_017016983.3	11761	11533.3	0	0
XM_017016984.3	11745	11517.3	0	0
XM_017016986.2	8515	8287.29	55.1231	0.299339
XM_017016989.2	7981	7753.29	0	0
XM_017016994.3	8169	7941.29	0.058408	0.000330996
XM_017017000.3	4415	4187.29	0	0
XM_017017002.3	4305	4077.29	18.3204	0.202212
XM_017017043.3	3651	3423.29	0	0
XM_017017045.2	3462	3234.29	0	0
XM_017017046.3	1434	1206.29	0	0
XM_017017047.2	3172	2944.29	0	0
XM_017017048.2	3236	3008.29	0	0
XM_017017049.2	3086	2858.29	0	0
XM_017017051.3	3128	2900.29	0	0
XM_017017053.2	5159	4931.29	53.148	0.48503
XM_017017056.2	1263	1035.29	0	0
XM_017017059.2	2396	2168.29	0	0
XM_017017061.3	2259	2031.29	0	0
XM_017017063.2	1743	1515.29	0	0
XM_017017064.2	2121	1893.29	0	0
XM_017017065.2	1846	1618.29	0	0
XM_017017066.2	2037	1809.29	0	0
XM_017017068.2	1664	1436.29	0	0
XM_017017069.2	1958	1730.29	0	0
XM_017017071.2	1182	954.293	0	0
XM_017017072.1	6729	6501.29	0	0
XM_017017073.1	6672	6444.29	0	0
XM_017017074.1	6246	6018.29	0	0
XM_017017075.2	3920	3692.29	0	0
XM_017017082.3	2233	2005.29	0	0
XM_017017087.1	2118	1890.29	0	0
XM_017017091.2	4151	3923.29	2.58085	0.0296043
XM_017017092.2	7261	7033.29	15.7456	0.100749
XM_017017096.2	4813	4585.29	9.51199e-05	9.33569e-07
XM_017017097.2	4543	4315.29	13.2524	0.138206
XM_017017098.3	2864	2636.29	35.0812	0.598857
XM_017017100.3	1406	1178.29	40.7308	1.55565
XM_017017101.2	8212	7984.29	0	0
XM_017017137.2	1612	1384.29	0	0
XM_017017143.3	7837	7609.29	234.685	1.38798
XM_017017144.3	3266	3038.29	169.437	2.50969
XM_017017145.2	3580	3352.29	2	0.0268491
XM_017017149.2	4715	4487.29	2.68483e-06	2.69262e-08
XM_017017150.2	4693	4465.29	33.5982	0.338617
XM_017017151.3	4738	4510.29	0.00357492	3.567e-05
XM_017017152.2	4735	4507.29	0.59541	0.00594487
XM_017017153.3	4604	4376.29	0.070453	0.000724495
XM_017017154.2	4558	4330.29	1.02623e-08	1.06653e-10
XM_017017155.3	2910	2682.29	0	0
XM_017017156.3	2535	2307.29	0	0
XM_017017157.2	5154	4926.29	0	0
XM_017017158.3	1381	1153.29	0	0
XM_017017159.3	2053	1825.29	0	0
XM_017017163.3	4016	3788.29	0	0
XM_017017166.2	1473	1245.29	0	0
XM_017017167.2	3063	2835.29	0	0
XM_017017168.2	3323	3095.29	0	0
XM_017017170.2	2777	2549.29	45.9201	0.810635
XM_017017178.3	19573	19345.3	0.00651153	1.51478e-05
XM_017017179.3	19795	19567.3	5.02481e-07	1.15566e-09
XM_017017180.2	19513	19285.3	7.51707e-07	1.75414e-09
XM_017017182.3	19477	19249.3	9.73997e-06	2.27712e-08
XM_017017184.3	14986	14758.3	19.1253	0.0583195
XM_017017185.2	23761	23533.3	9.71219	0.0185728
XM_017017186.2	16264	16036.3	0	0
XM_017017187.2	23379	23151.3	0	0
XM_017017188.2	2462	2234.29	0	0
XM_017017190.3	4632	4404.29	0	0
XM_017017196.3	1141	913.293	0	0
XM_017017197.2	1045	817.293	1	0.0550636
XM_017017199.2	1082	854.293	0	0
XM_017017200.2	1532	1304.29	0	0
XM_017017201.3	1215	987.293	0	0
XM_017017203.3	957	729.293	0	0
XM_017017204.3	1027	799.293	0	0
XM_017017205.3	1085	857.293	0	0
XM_017017206.2	2031	1803.29	0	0
XM_017017207.2	4656	4428.29	0	0
XM_017017209.2	4903	4675.29	9.19281	0.0884875
XM_017017211.2	1643	1415.29	0	0
XM_017017212.2	1705	1477.29	0	0
XM_017017217.2	2419	2191.29	0	0
XM_017017218.3	2304	2076.29	0	0
XM_017017219.2	2406	2178.29	0	0
XM_017017220.2	5229	5001.29	0	0
XM_017017221.2	4719	4491.29	0	0
XM_017017222.3	4697	4469.29	9.76672e-07	9.8345e-09
XM_017017224.3	4562	4334.29	4.62166e-05	4.79869e-07
XM_017017228.3	4657	4429.29	6.88628e-06	6.99669e-08
XM_017017241.3	5188	4960.29	0	0
XM_017017242.3	5068	4840.29	0	0
XM_017017244.2	5977	5749.29	0	0
XM_017017255.3	8150	7922.29	0	0
XM_017017256.3	8708	8480.29	0	0
XM_017017257.3	9640	9412.29	0	0
XM_017017258.2	7837	7609.29	0	0
XM_017017262.2	7770	7542.29	0	0
XM_017017263.2	7864	7636.29	0	0
XM_017017264.3	8066	7838.29	0	0
XM_017017265.3	8063	7835.29	0	0
XM_017017267.2	7764	7536.29	0	0
XM_017017268.2	7761	7533.29	0	0
XM_017017269.2	7789	7561.29	0	0
XM_017017270.2	7768	7540.29	0	0
XM_017017271.3	7970	7742.29	0	0
XM_017017273.3	7614	7386.29	0	0
XM_017017276.2	7693	7465.29	0	0
XM_017017277.2	7676	7448.29	0	0
XM_017017279.2	7612	7384.29	0	0
XM_017017280.3	7609	7381.29	0	0
XM_017017281.3	7814	7586.29	0	0
XM_017017284.2	7256	7028.29	0	0
XM_017017285.2	7537	7309.29	0	0
XM_017017287.2	6137	5909.29	0	0
XM_017017289.2	6021	5793.29	0	0
XM_017017290.2	6082	5854.29	0	0
XM_017017294.3	1014	786.293	16.6928	0.955405
XM_017017295.2	1578	1350.29	85.5455	2.85109
XM_017017296.3	2992	2764.29	0	0
XM_017017305.2	847	619.427	0	0
XM_017017306.2	687	460.134	0	0
XM_017017308.2	2266	2038.29	0	0
XM_017017309.2	2248	2020.29	0	0
XM_017017312.3	1456	1228.29	409.873	15.0172
XM_017017313.2	3351	3123.29	0	0
XM_017017314.2	5130	4902.29	0	0
XM_017017315.3	5056	4828.29	0	0
XM_017017337.3	1698	1470.29	9.35747	0.286416
XM_017017338.3	6091	5863.29	81.9652	0.629115
XM_017017341.1	3407	3179.29	0	0
XM_017017342.2	3441	3213.29	12.3447	0.172891
XM_017017344.1	1948	1720.29	0	0
XM_017017354.2	1972	1744.29	0	0
XM_017017355.2	1804	1576.29	0	0
XM_017017362.2	1097	869.293	0	0
XM_017017363.2	2038	1810.29	0	0
XM_017017367.2	7603	7375.29	0	0
XM_017017368.2	7676	7448.29	0	0
XM_017017369.2	7655	7427.29	0	0
XM_017017370.2	7652	7424.29	0	0
XM_017017371.2	7601	7373.29	0	0
XM_017017372.2	7541	7313.29	0	0
XM_017017388.2	11136	10908.3	0	0
XM_017017389.2	10803	10575.3	0	0
XM_017017390.2	9131	8903.29	0	0
XM_017017391.2	6683	6455.29	232.727	1.62246
XM_017017392.2	6498	6270.29	839.792	6.02735
XM_017017397.2	10094	9866.29	0	0
XM_017017398.2	10091	9863.29	0	0
XM_017017400.2	10255	10027.3	0	0
XM_017017403.2	9841	9613.29	0	0
XM_017017405.2	3642	3414.29	0	0
XM_017017406.2	3938	3710.29	0	0
XM_017017407.2	6541	6313.29	0	0
XM_017017408.2	6451	6223.29	0	0
XM_017017409.2	6424	6196.29	0	0
XM_017017410.2	6400	6172.29	19.1385	0.139541
XM_017017411.2	4591	4363.29	253.441	2.61399
XM_017017415.3	6876	6648.29	140.633	0.951959
XM_017017417.2	9781	9553.29	12.6622	0.0596483
XM_017017420.2	10149	9921.29	1079.41	4.89621
XM_017017421.2	10111	9883.29	32.5664	0.14829
XM_017017424.2	5896	5668.29	3.98694	0.0316541
XM_017017425.2	9376	9148.29	47.4266	0.233305
XM_017017426.2	6306	6078.29	0	0
XM_017017431.2	2706	2478.29	0	0
XM_017017432.2	4275	4047.29	0	0
XM_017017433.3	4182	3954.29	0	0
XM_017017434.2	3941	3713.29	0	0
XM_017017452.3	2992	2764.29	40.1096	0.65299
XM_017017453.2	2399	2171.29	0	0
XM_017017455.3	1339	1111.29	0	0
XM_017017456.3	6407	6179.29	1.09139	0.0079485
XM_017017457.3	8740	8512.29	0	0
XM_017017462.3	2427	2199.29	0	0
XM_017017466.3	1948	1720.29	0	0
XM_017017467.2	5235	5007.29	82.2725	0.739425
XM_017017468.2	5307	5079.29	0	0
XM_017017475.2	2583	2355.29	0	0
XM_017017479.3	3126	2898.29	0	0
XM_017017481.3	2598	2370.29	0	0
XM_017017482.2	2708	2480.29	0	0
XM_017017486.2	10740	10512.3	71.27	0.305107
XM_017017487.2	1351	1123.29	0	0
XM_017017499.2	2770	2542.29	23.5186	0.416321
XM_017017517.2	4813	4585.29	0	0
XM_017017518.2	2488	2260.29	0	0
XM_017017519.3	3811	3583.29	0	0
XM_017017520.2	4386	4158.29	0	0
XM_017017525.2	14284	14056.3	0	0
XM_017017535.3	1183	955.293	0	0
XM_017017536.2	1155	927.293	0	0
XM_017017538.2	2455	2227.29	0	0
XM_017017539.1	1221	993.293	0	0
XM_017017541.3	3082	2854.29	5.69381	0.0897732
XM_017017551.3	5332	5104.29	0	0
XM_017017555.2	2651	2423.29	1.46566	0.0272187
XM_017017575.2	1149	921.293	0	0
XM_017017576.2	1071	843.293	0	0
XM_017017582.2	2682	2454.29	0	0
XM_017017583.2	2652	2424.29	0	0
XM_017017584.2	2736	2508.29	0	0
XM_017017585.2	2706	2478.29	0	0
XM_017017586.2	3103	2875.29	2.26069	0.0353836
XM_017017587.2	2337	2109.29	1.50236	0.0320539
XM_017017588.2	2391	2163.29	0	0
XM_017017589.2	2865	2637.29	0	0
XM_017017590.2	2462	2234.29	0	0
XM_017017591.2	2432	2204.29	0	0
XM_017017592.2	2486	2258.29	0	0
XM_017017593.2	2883	2655.29	8.3116	0.140869
XM_017017594.2	2117	1889.29	9.43329	0.224702
XM_017017595.2	2171	1943.29	0	0
XM_017017597.2	2692	2464.29	0	0
XM_017017598.2	2242	2014.29	0	0
XM_017017599.2	1797	1569.29	0	0
XM_017017602.2	2284	2056.29	0	0
XM_017017604.2	2588	2360.29	12.472	0.2378
XM_017017605.3	2193	1965.29	3.41039	0.0780942
XM_017017609.2	2827	2599.29	0	0
XM_017017610.3	8876	8648.29	5.13785	0.0267358
XM_017017611.3	12069	11841.3	0	0
XM_017017617.2	3967	3739.29	0	0
XM_017017620.2	5874	5646.29	0	0
XM_017017621.3	5501	5273.29	0	0
XM_017017622.3	5471	5243.29	0	0
XM_017017628.2	4373	4145.29	0	0
XM_017017629.2	1491	1263.29	36.6905	1.30705
XM_017017632.2	2651	2423.29	0	0
XM_017017648.3	2678	2450.29	0	0
XM_017017649.3	958	730.293	0	0
XM_017017654.2	4762	4534.29	0	0
XM_017017662.2	1344	1116.29	95.6758	3.85715
XM_017017668.2	4483	4255.29	38.9188	0.411597
XM_017017670.3	5106	4878.29	22.4949	0.20752
XM_017017671.3	1780	1552.29	28.3607	0.822214
XM_017017674.1	850	622.427	0	0
XM_017017675.2	1392	1164.29	0	0
XM_017017679.2	1293	1065.29	0	0
XM_017017695.2	2915	2687.29	0	0
XM_017017697.2	2926	2698.29	0	0
XM_017017698.2	1714	1486.29	0	0
XM_017017699.2	2382	2154.29	0	0
XM_017017710.2	716	488.852	0.497884	0.0458346
XM_017017711.3	1480	1252.29	0	0
XM_017017713.3	1448	1220.29	0	0
XM_017017716.2	2496	2268.29	0	0
XM_017017723.1	1806	1578.29	0	0
XM_017017724.1	1779	1551.29	0	0
XM_017017733.2	1803	1575.29	0	0
XM_017017734.2	8217	7989.29	0	0
XM_017017735.2	3501	3273.29	0	0
XM_017017736.2	2868	2640.29	0	0
XM_017017738.3	2908	2680.29	0	0
XM_017017739.3	2893	2665.29	0	0
XM_017017741.2	2618	2390.29	0.496472	0.00934729
XM_017017750.1	7478	7250.29	0	0
XM_017017751.1	7454	7226.29	0	0
XM_017017752.3	7424	7196.29	0	0
XM_017017753.1	7498	7270.29	0	0
XM_017017754.3	7400	7172.29	0	0
XM_017017755.3	3300	3072.29	0	0
XM_017017756.2	1798	1570.29	0	0
XM_017017758.2	1833	1605.29	0	0
XM_017017759.3	3264	3036.29	118.886	1.7621
XM_017017760.3	3231	3003.29	12.6433	0.189454
XM_017017761.3	3209	2981.29	199.736	3.01504
XM_017017762.3	3146	2918.29	2.90525e-05	4.4802e-07
XM_017017763.3	1488	1260.29	0	0
XM_017017766.2	2853	2625.29	10.9429	0.187585
XM_017017767.3	2841	2613.29	0.12742	0.00219428
XM_017017768.2	2872	2644.29	0.903486	0.0153764
XM_017017772.2	6948	6720.29	219.258	1.46829
XM_017017777.2	2060	1832.29	0	0
XM_017017778.2	7184	6956.29	0	0
XM_017017779.2	7181	6953.29	0	0
XM_017017780.2	7380	7152.29	0	0
XM_017017781.2	7094	6866.29	0	0
XM_017017782.2	7075	6847.29	0	0
XM_017017783.2	7072	6844.29	0	0
XM_017017784.2	7263	7035.29	0	0
XM_017017785.2	6953	6725.29	0	0
XM_017017786.2	6673	6445.29	0	0
XM_017017787.2	4527	4299.29	1	0.0104676
XM_017017788.2	7266	7038.29	0	0
XM_017017790.3	13733	13505.3	24.3372	0.0810979
XM_017017812.3	2324	2096.29	1.45945	0.0313314
XM_017017813.2	2367	2139.29	49.0293	1.0314
XM_017017814.2	2404	2176.29	19.7357	0.40811
XM_017017817.2	2565	2337.29	0	0
XM_017017818.3	2145	1917.29	107.135	2.5147
XM_017017826.2	2230	2002.29	8.38239	0.188401
XM_017017828.2	2314	2086.29	0.734644	0.0158469
XM_017017830.2	7156	6928.29	1669.87	10.8467
XM_017017831.2	7437	7209.29	10.8981	0.0680297
XM_017017840.2	5642	5414.29	49.74	0.413434
XM_017017843.3	1319	1091.29	0	0
XM_017017868.2	4562	4334.29	0	0
XM_017017869.2	4433	4205.29	0	0
XM_017017870.2	4374	4146.29	44.8511	0.486805
XM_017017871.2	4245	4017.29	34.2271	0.383424
XM_017017872.3	4281	4053.29	12.5831	0.139708
XM_017017873.2	8110	7882.29	0	0
XM_017017874.2	1048	820.293	154.187	8.45906
XM_017017875.3	1387	1159.29	7.40021	0.287272
XM_017017881.2	2401	2173.29	27.0771	0.560694
XM_017017883.2	1133	905.293	21.3938	1.06351
XM_017017884.2	915	687.293	128.136	8.39019
XM_017017887.3	7005	6777.29	0	0
XM_017017889.2	7469	7241.29	0	0
XM_017017891.2	7448	7220.29	153.616	0.957468
XM_017017892.2	7448	7220.29	0	0
XM_017017907.2	7199	6971.29	52.7392	0.340457
XM_017017913.3	3434	3206.29	10.3667	0.145505
XM_017017914.3	1318	1090.29	29.2431	1.20704
XM_017017915.2	903	675.361	4.95401	0.330113
XM_017017917.2	850	622.427	8.86508	0.640968
XM_017017923.2	11128	10900.3	6.56306e-07	2.70963e-09
XM_017017925.3	2339	2111.29	66.5767	1.41911
XM_017017926.2	6595	6367.29	0	0
XM_017017927.2	3062	2834.29	0	0
XM_017017928.2	2827	2599.29	0	0
XM_017017929.2	2744	2516.29	0	0
XM_017017931.2	3551	3323.29	0	0
XM_017017932.2	4733	4505.29	0	0
XM_017017934.2	8179	7951.29	0	0
XM_017017939.2	2359	2131.29	46.1098	0.973626
XM_017017941.2	2043	1815.29	0	0
XM_017017951.3	5971	5743.29	24.0244	0.18825
XM_017017952.3	5968	5740.29	16.1431	0.126559
XM_017017954.2	9938	9710.29	52.4164	0.242928
XM_017017960.2	1949	1721.29	0.0475725	0.00124378
XM_017017969.2	5148	4920.29	102.146	0.934269
XM_017017987.2	587	362.135	13.9252	1.73051
XM_017017989.3	2677	2449.29	0	0
XM_017017990.2	2825	2597.29	196.892	3.41153
XM_017017996.3	6212	5984.29	0	0
XM_017017997.3	3530	3302.29	0	0
XM_017017998.3	3428	3200.29	0	0
XM_017018002.2	1750	1522.29	0	0
XM_017018011.2	1264	1036.29	0	0
XM_017018016.2	1379	1151.29	0	0
XM_017018017.2	1618	1390.29	5.60864	0.181549
XM_017018018.3	1465	1237.29	0	0
XM_017018020.1	1162	934.293	0	0
XM_017018027.3	1607	1379.29	0	0
XM_017018039.2	3482	3254.29	0	0
XM_017018040.2	3349	3121.29	0	0
XM_017018046.2	3192	2964.29	0	0
XM_017018070.3	3019	2791.29	0	0
XM_017018071.3	3009	2781.29	0	0
XM_017018072.3	2872	2644.29	0	0
XM_017018073.3	2731	2503.29	0	0
XM_017018074.3	3188	2960.29	0	0
XM_017018075.3	2678	2450.29	0	0
XM_017018076.3	3154	2926.29	0	0
XM_017018077.3	2758	2530.29	0	0
XM_017018078.3	3273	3045.29	0	0
XM_017018079.3	2886	2658.29	0	0
XM_017018080.2	4517	4289.29	0	0
XM_017018081.2	4319	4091.29	0	0
XM_017018082.3	2828	2600.29	15.5988	0.269967
XM_017018085.2	7455	7227.29	454.078	2.82747
XM_017018086.2	5976	5748.29	0	0
XM_017018088.2	6419	6191.29	90.2614	0.656089
XM_017018089.2	5349	5121.29	21.1611	0.185952
XM_017018090.2	6189	5961.29	0	0
XM_017018098.2	1574	1346.29	7.81182	0.261129
XM_017018101.3	4433	4205.29	14.5015	0.155188
XM_017018106.2	1987	1759.29	99.8959	2.55536
XM_017018113.2	690	463.088	0	0
XM_017018114.2	678	451.406	0	0
XM_017018115.3	511	290.032	0	0
XM_017018116.2	5353	5125.29	1.07891	0.00947343
XM_017018117.2	661	434.717	0	0
XM_017018118.3	5564	5336.29	0	0
XM_017018119.3	5176	4948.29	0	0
XM_017018120.2	1873	1645.29	0	0
XM_017018125.2	885	657.427	0	0
XM_017018126.2	1607	1379.29	0	0
XM_017018128.2	3844	3616.29	2.02652	0.0252191
XM_017018132.2	3170	2942.29	51.9575	0.794703
XM_017018135.3	583	358.243	197.959	24.8679
XM_017018136.1	12303	12075.3	0	0
XM_017018137.2	11548	11320.3	1.00117e-05	3.98008e-08
XM_017018138.2	11536	11308.3	1.22687e-08	4.88251e-11
XM_017018139.2	11772	11544.3	8.92971e-07	3.48107e-09
XM_017018141.3	8620	8392.29	0	0
XM_017018142.2	8493	8265.29	0	0
XM_017018144.3	2723	2495.29	0	0
XM_017018145.2	2886	2658.29	0	0
XM_017018146.2	2883	2655.29	0	0
XM_017018154.2	2363	2135.29	0	0
XM_017018155.3	2919	2691.29	0	0
XM_017018157.2	2276	2048.29	0	0
XM_017018166.2	3498	3270.29	11.4848	0.158045
XM_017018167.3	2680	2452.29	1596.58	29.2995
XM_017018174.2	11228	11000.3	0	0
XM_017018175.3	10789	10561.3	0	0
XM_017018176.2	10818	10590.3	0	0
XM_017018177.3	10698	10470.3	0	0
XM_017018178.2	10684	10456.3	0	0
XM_017018179.3	3694	3466.29	57.3784	0.744947
XM_017018180.2	3320	3092.29	11.2946	0.164374
XM_017018191.2	14826	14598.3	9.58027	0.0295337
XM_017018192.2	17316	17088.3	0	0
XM_017018193.2	16777	16549.3	0	0
XM_017018205.2	1059	831.293	0	0
XM_017018206.2	1060	832.293	0	0
XM_017018207.2	1048	820.293	0	0
XM_017018208.2	1017	789.293	0	0
XM_017018209.2	1024	796.293	0	0
XM_017018210.2	993	765.293	0	0
XM_017018211.2	1008	780.293	0	0
XM_017018212.2	984	756.293	4.74559	0.282385
XM_017018213.2	969	741.293	0	0
XM_017018214.2	966	738.293	4.25851	0.25958
XM_017018215.2	960	732.293	0	0
XM_017018216.2	1080	852.293	0	0
XM_017018217.2	1059	831.293	0	0
XM_017018218.2	1047	819.293	0	0
XM_017018219.2	1008	780.293	0	0
XM_017018221.3	4343	4115.29	0	0
XM_017018223.3	4317	4089.29	0	0
XM_017018231.2	2582	2354.29	0	0
XM_017018246.2	3015	2787.29	34.0726	0.550129
XM_017018252.2	2803	2575.29	3.965e-05	6.92881e-07
XM_017018253.2	2800	2572.29	0	0
XM_017018254.3	3424	3196.29	0	0
XM_017018255.2	3025	2797.29	0	0
XM_017018268.3	4585	4357.29	0	0
XM_017018269.3	4677	4449.29	0	0
XM_017018270.2	18560	18332.3	10.3027	0.0252916
XM_017018285.3	2021	1793.29	30.1587	0.756839
XM_017018291.2	13473	13245.3	82.1856	0.279239
XM_017018292.2	12932	12704.3	501.812	1.77759
XM_017018293.2	7699	7471.29	0	0
XM_017018302.3	1348	1120.29	0	0
XM_017018307.2	3278	3050.29	0	0
XM_017018310.2	7496	7268.29	0.00221865	1.37372e-05
XM_017018314.3	6035	5807.29	0	0
XM_017018330.2	5894	5666.29	1.05348	0.00836696
XM_017018334.2	2783	2555.29	0	0
XM_017018335.2	1617	1389.29	0	0
XM_017018336.2	1607	1379.29	0	0
XM_017018337.2	1331	1103.29	0	0
XM_017018345.2	3443	3215.29	0	0
XM_017018346.2	13536	13308.3	0	0
XM_017018347.2	13446	13218.3	0	0
XM_017018348.2	13428	13200.3	0	0
XM_017018349.2	14759	14531.3	0	0
XM_017018350.2	13293	13065.3	62.1491	0.214071
XM_017018351.2	13185	12957.3	0	0
XM_017018352.2	13267	13039.3	12.5678	0.0433757
XM_017018353.2	13110	12882.3	0	0
XM_017018355.2	3708	3480.29	222	2.87065
XM_017018363.3	4154	3926.29	0	0
XM_017018377.3	3534	3306.29	0	0
XM_017018379.2	3992	3764.29	37.0734	0.443222
XM_017018380.2	2177	1949.29	16.6469	0.384325
XM_017018381.3	4122	3894.29	2.25656e-05	2.60771e-07
XM_017018383.3	3984	3756.29	36.2051	0.433763
XM_017018384.3	3969	3741.29	9.97542	0.119992
XM_017018385.3	3954	3726.29	4.22572	0.0510348
XM_017018386.3	3924	3696.29	102.247	1.24488
XM_017018387.3	3909	3681.29	500.015	6.11259
XM_017018388.3	3900	3672.29	144.248	1.76773
XM_017018393.2	2189	1961.29	0	0
XM_017018394.2	1630	1402.29	8.89591	0.285492
XM_017018395.2	1570	1342.29	0	0
XM_017018396.2	2331	2103.29	5.22146	0.111721
XM_017018400.2	892	664.361	0	0
XM_017018402.3	2721	2493.29	59.8339	1.07998
XM_017018405.2	2627	2399.29	0	0
XM_017018406.3	2544	2316.29	15.7179	0.305381
XM_017018409.2	2386	2158.29	12.3479	0.257469
XM_017018410.2	2378	2150.29	22.587	0.472719
XM_017018411.2	2220	1992.29	0	0
XM_017018412.3	2997	2769.29	200.22	3.25372
XM_017018413.2	2815	2587.29	228.787	3.97949
XM_017018416.2	3372	3144.29	0	0
XM_017018417.2	2924	2696.29	111.261	1.85703
XM_017018419.2	3959	3731.29	0	0
XM_017018421.2	1725	1497.29	1.96149	0.0589551
XM_017018422.3	2417	2189.29	9.21693	0.189463
XM_017018430.3	2285	2057.29	0	0
XM_017018432.3	2192	1964.29	0	0
XM_017018433.3	2189	1961.29	0	0
XM_017018434.3	3853	3625.29	0	0
XM_017018435.3	3808	3580.29	0	0
XM_017018436.2	3720	3492.29	0	0
XM_017018437.2	3757	3529.29	0	0
XM_017018438.3	2588	2360.29	0	0
XM_017018439.2	3624	3396.29	0	0
XM_017018442.3	7373	7145.29	649.199	4.08884
XM_017018448.2	5432	5204.29	0	0
XM_017018449.2	5270	5042.29	0	0
XM_017018452.2	2421	2193.29	25.2009	0.517085
XM_017018458.2	1563	1335.29	0	0
XM_017018459.3	2083	1855.29	0	0
XM_017018460.3	1394	1166.29	37.1226	1.43243
XM_017018461.3	1860	1632.29	0.623047	0.0171777
XM_017018466.3	5775	5547.29	93.5447	0.758893
XM_017018467.2	5751	5523.29	0	0
XM_017018470.2	8135	7907.29	65.5721	0.373193
XM_017018471.2	7991	7763.29	48.7728	0.282731
XM_017018472.2	7912	7684.29	153.755	0.900464
XM_017018474.3	7516	7288.29	1.08449e-06	6.69639e-09
XM_017018512.3	5272	5044.29	51.0703	0.455628
XM_017018513.3	5032	4804.29	40.7166	0.381403
XM_017018515.3	735	507.753	49.715	4.40633
XM_017018519.2	2047	1819.29	1	0.0247366
XM_017018520.3	11274	11046.3	0	0
XM_017018521.3	11450	11222.3	0	0
XM_017018522.2	11205	10977.3	0.0973091	0.000398934
XM_017018524.3	11169	10941.3	0	0
XM_017018528.2	1376	1148.29	0	0
XM_017018532.2	4631	4403.29	0	0
XM_017018533.2	4960	4732.29	0	0
XM_017018534.2	4583	4355.29	0	0
XM_017018535.2	4565	4337.29	0	0
XM_017018536.2	4894	4666.29	0	0
XM_017018537.2	4161	3933.29	0	0
XM_017018539.1	2694	2466.29	4.43858	0.0809918
XM_017018540.2	2309	2081.29	3388.04	73.2584
XM_017018541.3	2201	1973.29	94.1702	2.14765
XM_017018544.3	6015	5787.29	0	0
XM_017018549.2	1392	1164.29	0	0
XM_017018550.2	1426	1198.29	0	0
XM_017018551.2	1348	1120.29	0	0
XM_017018552.3	4110	3882.29	4.02252	0.0466285
XM_017018557.2	1790	1562.29	11.6808	0.336476
XM_017018558.3	2681	2453.29	23.3004	0.427422
XM_017018560.3	5407	5179.29	54.6431	0.474797
XM_017018562.3	2130	1902.29	0	0
XM_017018579.3	2796	2568.29	0	0
XM_017018580.3	3328	3100.29	31.8297	0.462032
XM_017018581.2	3325	3097.29	11.0514	0.160575
XM_017018583.3	5302	5074.29	0	0
XM_017018586.2	4325	4097.29	30.2787	0.33257
XM_017018587.2	4236	4008.29	64.1302	0.720022
XM_017018588.2	3952	3724.29	0.714407	0.00863265
XM_017018592.2	3252	3024.29	7.35009	0.109373
XM_017018593.3	2946	2718.29	0	0
XM_017018594.3	2838	2610.29	0	0
XM_017018595.3	10062	9834.29	0.0289995	0.000132706
XM_017018596.2	10101	9873.29	0	0
XM_017018597.3	3036	2808.29	5.53771	0.0887421
XM_017018626.3	4609	4381.29	13.8578	0.142342
XM_017018627.3	4606	4378.29	11.3772	0.116942
XM_017018629.2	11095	10867.3	59.9163	0.248122
XM_017018631.1	10195	9967.29	0	0
XM_017018641.2	1566	1338.29	0	0
XM_017018655.2	1590	1362.29	0	0
XM_017018656.2	1572	1344.29	0	0
XM_017018670.3	499	279.049	0	0
XM_017018673.2	7726	7498.29	28.4583	0.1708
XM_017018677.2	7418	7190.29	0	0
XM_017018682.2	811	583.487	0	0
XM_017018684.2	2137	1909.29	0	0
XM_017018685.2	1018	790.293	0	0
XM_017018688.3	1979	1751.29	26.9837	0.693402
XM_017018690.2	2372	2144.29	99.7829	2.09418
XM_017018691.3	5252	5024.29	0	0
XM_017018692.2	4911	4683.29	91.8816	0.882916
XM_017018693.3	1942	1714.29	16.4311	0.431344
XM_017018702.3	4787	4559.29	0	0
XM_017018716.2	2868	2640.29	0.00213942	3.64658e-05
XM_017018717.2	6938	6710.29	65.6879	0.440541
XM_017018718.2	6932	6704.29	4.07892e-06	2.73801e-08
XM_017018719.2	8774	8546.29	76.0307	0.400363
XM_017018735.2	8733	8505.29	126.945	0.671688
XM_017018736.2	8733	8505.29	936.487	4.95512
XM_017018737.2	8688	8460.29	127.822	0.679925
XM_017018741.2	6882	6654.29	35.0679	0.237165
XM_017018743.2	6296	6068.29	163.224	1.21049
XM_017018745.3	5382	5154.29	170.117	1.48532
XM_017018747.2	1351	1123.29	0	0
XM_017018748.2	6903	6675.29	0	0
XM_017018749.2	2208	1980.29	0	0
XM_017018751.3	6419	6191.29	0	0
XM_017018753.3	6386	6158.29	51.306	0.37493
XM_017018763.2	2299	2071.29	0	0
XM_017018764.2	6472	6244.29	0.00201095	1.44931e-05
XM_017018765.2	7114	6886.29	0	0
XM_017018766.2	6279	6051.29	334.929	2.49084
XM_017018767.2	11052	10824.3	0	0
XM_017018768.3	7268	7040.29	0	0
XM_017018769.3	7225	6997.29	28.7659	0.185008
XM_017018770.2	3664	3436.29	23.0059	0.301294
XM_017018775.2	1025	797.293	0	0
XM_017018779.3	1815	1587.29	0	0
XM_017018782.3	1614	1386.29	0	0
XM_017018783.2	15821	15593.3	20.6562	0.0596149
XM_017018785.3	1063	835.293	0.549812	0.0296222
XM_017018786.3	4761	4533.29	0	0
XM_017018787.2	6169	5941.29	4.35607	0.0329956
XM_017018790.3	2276	2048.29	0	0
XM_017018796.2	1737	1509.29	0	0
XM_017018800.3	791	563.487	0	0
XM_017018806.2	4443	4215.29	0	0
XM_017018818.2	4332	4104.29	0	0
XM_017018826.3	6435	6207.29	0	0
XM_017018827.3	6457	6229.29	0	0
XM_017018828.1	5170	4942.29	0	0
XM_017018829.1	5167	4939.29	0	0
XM_017018830.1	4960	4732.29	0	0
XM_017018831.3	5388	5160.29	0	0
XM_017018838.2	5737	5509.29	91.9897	0.751425
XM_017018839.2	6427	6199.29	78.0339	0.566479
XM_017018840.2	5808	5580.29	0	0
XM_017018850.3	9620	9392.29	73.8725	0.35396
XM_017018852.2	3970	3742.29	2.92109	0.0351277
XM_017018862.2	956	728.293	0	0
XM_017018863.3	1012	784.293	0	0
XM_017018864.2	911	683.293	0	0
XM_017018869.2	4882	4654.29	0	0
XM_017018870.2	4846	4618.29	0	0
XM_017018873.2	1609	1381.29	0	0
XM_017018874.2	1701	1473.29	0	0
XM_017018883.2	2969	2741.29	9.24597	0.151789
XM_017018884.3	5813	5585.29	0	0
XM_017018886.3	1701	1473.29	0	0
XM_017018887.2	1984	1756.29	0	0
XM_017018888.3	1587	1359.29	0	0
XM_017018890.3	1779	1551.29	27.9052	0.809532
XM_017018891.2	1554	1326.29	0	0
XM_017018894.2	1841	1613.29	0	0
XM_017018895.2	1498	1270.29	0	0
XM_017018899.2	8870	8642.29	0	0
XM_017018900.1	3023	2795.29	3.9024	0.062827
XM_017018901.3	3081	2853.29	4.29569	0.0677531
XM_017018902.2	2959	2731.29	34.1844	0.56325
XM_017018907.2	2985	2757.29	0	0
XM_017018908.1	2807	2579.29	0	0
XM_017018910.3	1864	1636.29	0	0
XM_017018911.3	2318	2090.29	0	0
XM_017018912.3	2294	2066.29	0	0
XM_017018913.3	2033	1805.29	0	0
XM_017018914.2	1509	1281.29	0	0
XM_017018915.2	1436	1208.29	0	0
XM_017018916.2	1415	1187.29	0	0
XM_017018919.3	4345	4117.29	0	0
XM_017018920.3	3968	3740.29	0	0
XM_017018921.3	3932	3704.29	0	0
XM_017018922.2	4170	3942.29	0	0
XM_017018925.2	4218	3990.29	35.0007	0.394742
XM_017018926.3	3866	3638.29	0	0
XM_017018927.3	3857	3629.29	0	0
XM_017018928.3	4012	3784.29	0	0
XM_017018929.3	3973	3745.29	15.8335	0.190254
XM_017018930.3	3937	3709.29	0	0
XM_017018935.1	3381	3153.29	16.2027	0.231241
XM_017018936.1	4376	4148.29	0	0
XM_017018937.2	4382	4154.29	146.791	1.59017
XM_017018938.3	2338	2110.29	0	0
XM_017018939.3	2329	2101.29	0	0
XM_017018955.3	5587	5359.29	0	0
XM_017018957.2	5240	5012.29	357.057	3.20586
XM_017018960.2	13754	13526.3	0	0
XM_017018961.2	13730	13502.3	0	0
XM_017018962.2	10851	10623.3	0	0
XM_017018965.3	2180	1952.29	7.29026	0.168051
XM_017018977.2	4693	4465.29	0	0
XM_017018980.3	3340	3112.29	0	0
XM_017018981.3	1125	897.293	30.8799	1.54876
XM_017018982.3	3283	3055.29	0	0
XM_017018983.3	1056	828.293	0	0
XM_017018984.2	854	626.427	13.637	0.979691
XM_017018988.2	1502	1274.29	28.7871	1.01665
XM_017018989.2	661	434.717	0	0
XM_017018990.2	6009	5781.29	24.7217	0.19244
XM_017018991.2	7048	6820.29	75.675	0.499334
XM_017018992.3	3227	2999.29	0	0
XM_017018993.3	8686	8458.29	0	0
XM_017018995.2	3215	2987.29	0	0
XM_017018996.2	1401	1173.29	0	0
XM_017019009.2	4145	3917.29	0	0
XM_017019012.2	4127	3899.29	2.20768	0.0254795
XM_017019020.2	4031	3803.29	0.0129883	0.000153686
XM_017019034.3	5154	4926.29	0	0
XM_017019035.3	1570	1342.29	0	0
XM_017019037.3	5817	5589.29	12.2677	0.0987751
XM_017019038.3	5796	5568.29	2.4693	0.0199569
XM_017019041.2	13266	13038.3	0	0
XM_017019042.2	13248	13020.3	0	0
XM_017019043.2	13344	13116.3	0	0
XM_017019044.2	13347	13119.3	33.7801	0.115876
XM_017019045.2	13425	13197.3	0	0
XM_017019046.2	11352	11124.3	33.5196	0.135603
XM_017019049.2	3791	3563.29	0	0
XM_017019052.2	9548	9320.29	0	0
XM_017019054.2	9367	9139.29	0	0
XM_017019055.3	9357	9129.29	0	0
XM_017019056.2	9353	9125.29	0	0
XM_017019057.2	9539	9311.29	0	0
XM_017019059.2	9536	9308.29	0	0
XM_017019060.2	9527	9299.29	0	0
XM_017019061.2	9494	9266.29	64.4047	0.312791
XM_017019062.2	9485	9257.29	163.195	0.793351
XM_017019063.2	9482	9254.29	111.268	0.541088
XM_017019064.2	9473	9245.29	274.886	1.33805
XM_017019065.2	9455	9227.29	0	0
XM_017019066.2	9401	9173.29	95.8575	0.470265
XM_017019067.2	9389	9161.29	163.842	0.804841
XM_017019069.2	9362	9134.29	9.93694e-08	4.89576e-10
XM_017019070.2	9341	9113.29	19.472	0.0961563
XM_017019072.2	3666	3438.29	0	0
XM_017019074.2	7488	7260.29	56.9458	0.35298
XM_017019080.2	6911	6683.29	0	0
XM_017019081.2	6786	6558.29	0	0
XM_017019082.3	3193	2965.29	163.512	2.48155
XM_017019088.2	4830	4602.29	107.267	1.0489
XM_017019089.2	4752	4524.29	12.5777	0.12511
XM_017019090.2	9882	9654.29	212.743	0.991693
XM_017019098.2	5439	5211.29	0	0
XM_017019100.2	5283	5055.29	0	0
XM_017019103.2	3478	3250.29	5.9625	0.0825559
XM_017019105.3	5784	5556.29	0	0
XM_017019106.2	5067	4839.29	0	0
XM_017019124.2	2046	1818.29	0	0
XM_017019125.2	1357	1129.29	0	0
XM_017019127.3	3567	3339.29	15.1109	0.203647
XM_017019129.3	2818	2590.29	0	0
XM_017019130.3	2366	2138.29	0	0
XM_017019131.2	2245	2017.29	0	0
XM_017019133.3	2085	1857.29	0	0
XM_017019135.3	3184	2956.29	0	0
XM_017019138.2	2639	2411.29	0	0
XM_017019175.3	4642	4414.29	28.4085	0.289621
XM_017019176.2	4864	4636.29	0.00695863	6.75453e-05
XM_017019179.2	1924	1696.29	0	0
XM_017019182.2	13784	13556.3	20.4861	0.0680081
XM_017019183.2	8840	8612.29	265.108	1.38531
XM_017019192.3	3826	3598.29	0	0
XM_017019193.3	3639	3411.29	3.69177	0.0487033
XM_017019208.3	3713	3485.29	0	0
XM_017019209.3	3049	2821.29	0	0
XM_017019210.3	15793	15565.3	24	0.0693899
XM_017019211.1	7228	7000.29	19.7719	0.127108
XM_017019217.2	4310	4082.29	0	0
XM_017019221.2	2973	2745.29	52.9391	0.86782
XM_017019222.2	2928	2700.29	14.3682	0.23946
XM_017019223.3	2969	2741.29	0	0
XM_017019224.2	2899	2671.29	0	0
XM_017019225.3	2924	2696.29	0	0
XM_017019226.1	2880	2652.29	0	0
XM_017019227.2	2850	2622.29	0	0
XM_017019228.3	2936	2708.29	6.63662	0.110279
XM_017019229.3	5088	4860.29	27.9245	0.258562
XM_017019230.3	5049	4821.29	4.31279	0.0402566
XM_017019231.3	4896	4668.29	0	0
XM_017019232.2	4549	4321.29	54.0606	0.563002
XM_017019233.3	5008	4780.29	0	0
XM_017019234.3	4816	4588.29	0	0
XM_017019235.2	4469	4241.29	0	0
XM_017019237.2	4417	4189.29	85.3485	0.916848
XM_017019242.3	2322	2094.29	109.939	2.36242
XM_017019243.3	3406	3178.29	647.781	9.17227
XM_017019244.2	10138	9910.29	0.00124556	5.65612e-06
XM_017019245.3	1893	1665.29	0	0
XM_017019246.1	3234	3006.29	0	0
XM_017019247.2	2590	2362.29	39.7848	0.757924
XM_017019248.2	3708	3480.29	11.2796	0.145855
XM_017019249.2	3600	3372.29	16.8154	0.224401
XM_017019250.2	1850	1622.29	34.95	0.969527
XM_017019254.2	952	724.293	1.88646	0.117213
XM_017019256.2	4194	3966.29	2.24986	0.0255278
XM_017019258.2	1057	829.293	0	0
XM_017019259.2	989	761.293	0	0
XM_017019262.3	7218	6990.29	0	0
XM_017019263.3	7169	6941.29	0	0
XM_017019265.2	3897	3669.29	0	0
XM_017019266.2	12624	12396.3	0	0
XM_017019269.3	18464	18236.3	11.127	0.0274589
XM_017019270.2	5885	5657.29	0	0
XM_017019271.2	5913	5685.29	0	0
XM_017019272.2	5908	5680.29	0	0
XM_017019276.2	1395	1167.29	0	0
XM_017019277.2	1838	1610.29	0	0
XM_017019278.2	1617	1389.29	0	0
XM_017019279.2	2143	1915.29	0	0
XM_017019280.2	1843	1615.29	0	0
XM_017019281.2	908	680.293	0	0
XM_017019294.2	1183	955.293	74.8037	3.52394
XM_017019298.2	4929	4701.29	19.4267	0.185962
XM_017019299.2	4935	4707.29	0	0
XM_017019305.3	670	443.585	54.4178	5.52086
XM_017019306.2	2192	1964.29	4	0.0916423
XM_017019307.2	1830	1602.29	15.6128	0.438512
XM_017019311.2	3349	3121.29	0	0
XM_017019312.2	2190	1962.29	0	0
XM_017019313.3	2878	2650.29	14.658	0.248899
XM_017019314.2	3635	3407.29	3.46747	0.0457978
XM_017019315.3	3977	3749.29	0	0
XM_017019316.2	3777	3549.29	0	0
XM_017019317.2	3905	3677.29	0	0
XM_017019318.3	4025	3797.29	0	0
XM_017019319.3	3902	3674.29	0	0
XM_017019320.2	3881	3653.29	0	0
XM_017019331.2	4415	4187.29	14.3858	0.154612
XM_017019340.3	4108	3880.29	174.49	2.02372
XM_017019348.2	3189	2961.29	0	0
XM_017019357.3	7041	6813.29	0	0
XM_017019367.3	4871	4643.29	0	0
XM_017019370.2	1794	1566.29	0	0
XM_017019378.2	1205	977.293	7.01167	0.322878
XM_017019379.2	1698	1470.29	5.75798	0.176241
XM_017019380.2	4712	4484.29	1.00309	0.0100667
XM_017019381.2	4695	4467.29	0	0
XM_017019382.3	1227	999.293	7.78102	0.350418
XM_017019383.2	916	688.293	21.5279	1.40757
XM_017019385.3	2834	2606.29	9.65574	0.166726
XM_017019386.3	6469	6241.29	10.7439	0.0774696
XM_017019389.3	3546	3318.29	22.1384	0.300243
XM_017019390.3	4487	4259.29	13.4732	0.142356
XM_017019394.2	1417	1189.29	30.5795	1.15713
XM_017019405.2	3627	3399.29	515.263	6.82154
XM_017019406.2	3616	3388.29	118.543	1.57447
XM_017019407.3	3973	3745.29	11.4652	0.137765
XM_017019415.2	405	196.152	0	0
XM_017019432.2	2916	2688.29	0	0
XM_017019433.2	3604	3376.29	3.96736	0.0528815
XM_017019434.2	3900	3672.29	3.33947	0.0409244
XM_017019435.2	3888	3660.29	0	0
XM_017019436.2	3882	3654.29	26.651	0.32821
XM_017019437.3	3857	3629.29	25.7518	0.319321
XM_017019439.1	3581	3353.29	131.839	1.76936
XM_017019440.2	1790	1562.29	0	0
XM_017019443.1	3524	3296.29	6.26971e-06	8.55981e-08
XM_017019444.3	1680	1452.29	1.64715	0.0510413
XM_017019445.3	1638	1410.29	94.4856	3.01508
XM_017019447.2	1625	1397.29	0	0
XM_017019448.2	3660	3432.29	0	0
XM_017019449.2	1582	1354.29	4.73657e-08	1.57396e-09
XM_017019450.2	3617	3389.29	1.49217	0.019813
XM_017019451.2	3359	3131.29	0	0
XM_017019454.2	2463	2235.29	0	0
XM_017019463.3	4405	4177.29	0	0
XM_017019469.2	3364	3136.29	2.97419	0.0426771
XM_017019471.2	5650	5422.29	0	0
XM_017019473.3	6837	6609.29	0	0
XM_017019475.2	6586	6358.29	0	0
XM_017019478.3	7328	7100.29	2.00102	0.0126829
XM_017019479.2	3623	3395.29	0	0
XM_017019480.3	5287	5059.29	282.056	2.50893
XM_017019483.3	519	297.525	7.84552	1.1867
XM_017019491.3	13981	13753.3	73.7043	0.241173
XM_017019495.2	4764	4536.29	0	0
XM_017019496.2	4575	4347.29	0	0
XM_017019497.2	4591	4363.29	0	0
XM_017019500.2	2449	2221.29	0	0
XM_017019501.2	2979	2751.29	0	0
XM_017019502.2	845	617.427	11.218	0.817661
XM_017019503.2	312	125.588	5.44186	1.95003
XM_017019514.1	6338	6110.29	8.04633	0.0592623
XM_017019532.2	941	713.293	0	0
XM_017019541.3	1311	1083.29	31.2794	1.29943
XM_017019547.2	2516	2288.29	4.06335e-07	7.99124e-09
XM_017019550.3	6475	6247.29	25.7881	0.185768
XM_017019551.3	9502	9274.29	194.394	0.94329
XM_017019554.2	3030	2802.29	478.383	7.68253
XM_017019560.2	2682	2454.29	0	0
XM_017019565.2	2320	2092.29	0	0
XM_017019569.2	2646	2418.29	0	0
XM_017019572.2	2619	2391.29	0	0
XM_017019580.2	7411	7183.29	4.82802	0.0302474
XM_017019581.2	1534	1306.29	42.5548	1.46605
XM_017019583.3	1279	1051.29	1	0.0428074
XM_017019585.2	7067	6839.29	0	0
XM_017019586.2	4477	4249.29	0	0
XM_017019592.3	4301	4073.29	0	0
XM_017019607.3	6320	6092.29	0	0
XM_017019608.3	6281	6053.29	20.3622	0.151383
XM_017019609.3	6170	5942.29	11.0256	0.0835007
XM_017019610.3	6170	5942.29	0	0
XM_017019611.3	6152	5924.29	114.282	0.868125
XM_017019617.3	1050	822.293	3.69536	0.202242
XM_017019621.3	5201	4973.29	7.35872	0.0665887
XM_017019632.2	2513	2285.29	0	0
XM_017019633.2	2577	2349.29	0	0
XM_017019634.2	2559	2331.29	29.4098	0.567724
XM_017019635.2	2342	2114.29	0	0
XM_017019636.3	2409	2181.29	17.138	0.353581
XM_017019640.2	4313	4085.29	0	0
XM_017019644.2	2324	2096.29	0	0
XM_017019645.1	2087	1859.29	0	0
XM_017019652.3	6310	6082.29	0	0
XM_017019668.1	6698	6470.29	53.8347	0.374439
XM_017019669.1	6545	6317.29	16.444	0.117144
XM_017019675.2	1485	1257.29	6.48379	0.232078
XM_017019676.3	2057	1829.29	0	0
XM_017019684.2	8571	8343.29	22.3692	0.120658
XM_017019686.2	8380	8152.29	0.024125	0.000133177
XM_017019687.2	8803	8575.29	135.583	0.71154
XM_017019698.3	6958	6730.29	488.349	3.26542
XM_017019710.2	2348	2120.29	415.592	8.82092
XM_017019711.2	2505	2277.29	40.0827	0.7921
XM_017019712.2	2208	1980.29	0.000139379	3.16746e-06
XM_017019715.2	2048	1820.29	0	0
XM_017019716.2	1994	1766.29	182.507	4.65006
XM_017019721.2	1287	1059.29	8.14556	0.346056
XM_017019724.1	4627	4399.29	0	0
XM_017019725.3	11390	11162.3	8	0.0322537
XM_017019732.3	2878	2650.29	156.471	2.65693
XM_017019739.3	4637	4409.29	3.81764	0.0389644
XM_017019740.3	4595	4367.29	0.0880234	0.000907043
XM_017019742.3	4493	4265.29	11.7348	0.123814
XM_017019748.2	3536	3308.29	0	0
XM_017019762.3	3010	2782.29	18.9884	0.307134
XM_017019763.2	9020	8792.29	0	0
XM_017019764.2	5201	4973.29	0	0
XM_017019769.2	3235	3007.29	127.936	1.91452
XM_017019770.2	2921	2693.29	0	0
XM_017019771.2	1117	889.293	0	0
XM_017019774.2	3974	3746.29	0	0
XM_017019780.2	7808	7580.29	12.0932	0.0717955
XM_017019783.3	7081	6853.29	14.3953	0.0945288
XM_017019784.3	7083	6855.29	1.12628	0.00739373
XM_017019785.2	573	348.421	0	0
XM_017019788.3	5846	5618.29	0	0
XM_017019789.2	6520	6292.29	0	0
XM_017019791.3	5834	5606.29	0	0
XM_017019792.3	5729	5501.29	0	0
XM_017019798.1	3015	2787.29	192.4	3.10646
XM_017019806.2	5627	5399.29	0.00394284	3.28636e-05
XM_017019810.2	5490	5262.29	22.7019	0.194146
XM_017019812.2	4978	4750.29	0	0
XM_017019817.2	5240	5012.29	10.2815	0.0923129
XM_017019829.3	4568	4340.29	0	0
XM_017019830.3	3371	3143.29	1.47116	0.0210628
XM_017019834.2	10334	10106.3	1.02276	0.00455434
XM_017019835.2	10253	10025.3	749.342	3.36376
XM_017019836.2	10250	10022.3	0.411917	0.00184963
XM_017019837.2	10058	9830.29	2233.77	10.2262
XM_017019838.2	10055	9827.29	1286.6	5.89185
XM_017019840.3	3106	2878.29	26.6582	0.41681
XM_017019842.2	1779	1551.29	0	0
XM_017019845.2	1607	1379.29	0	0
XM_017019851.2	4753	4525.29	0	0
XM_017019854.2	4666	4438.29	0	0
XM_017019865.2	4860	4632.29	2.65694e-08	2.58124e-10
XM_017019884.2	4742	4514.29	23.2523	0.231803
XM_017019885.2	4718	4490.29	144.061	1.44382
XM_017019886.2	4652	4424.29	1647.91	16.7623
XM_017019888.2	7500	7272.29	0	0
XM_017019889.2	7497	7269.29	0	0
XM_017019890.2	7462	7234.29	0	0
XM_017019891.2	7616	7388.29	0	0
XM_017019892.2	7797	7569.29	0	0
XM_017019893.2	7290	7062.29	0	0
XM_017019894.2	18879	18651.3	6.47535	0.0156242
XM_017019895.2	6996	6768.29	0	0
XM_017019902.2	1909	1681.29	0	0
XM_017019903.2	1906	1678.29	0	0
XM_017019911.3	1234	1006.29	90.9412	4.06704
XM_017019912.2	4900	4672.29	12.0444	0.11601
XM_017019914.3	3195	2967.29	369.592	5.60538
XM_017019916.3	1631	1403.29	2.99421	0.0960233
XM_017019917.3	1747	1519.29	36.3798	1.07761
XM_017019926.3	14273	14045.3	0	0
XM_017019927.3	14168	13940.3	0	0
XM_017019928.3	13955	13727.3	0	0
XM_017019929.3	13898	13670.3	0	0
XM_017019930.3	13898	13670.3	0	0
XM_017019931.3	13814	13586.3	0	0
XM_017019932.3	13799	13571.3	0	0
XM_017019933.3	13703	13475.3	0	0
XM_017019934.3	13694	13466.3	0	0
XM_017019935.3	13694	13466.3	0	0
XM_017019939.3	13670	13442.3	0	0
XM_017019943.3	13619	13391.3	0	0
XM_017019944.3	13619	13391.3	0	0
XM_017019945.3	13619	13391.3	0	0
XM_017019946.3	13619	13391.3	0	0
XM_017019947.3	13619	13391.3	0	0
XM_017019948.3	13619	13391.3	0	0
XM_017019949.3	13619	13391.3	0	0
XM_017019950.3	13613	13385.3	0	0
XM_017019953.2	13541	13313.3	0	0
XM_017019954.2	13541	13313.3	0	0
XM_017019955.3	13694	13466.3	0	0
XM_017019956.3	5368	5140.29	0	0
XM_017019964.2	2121	1893.29	0	0
XM_017019971.2	615	389.417	0	0
XM_017019974.2	2770	2542.29	21.7725	0.385412
XM_017019976.3	3440	3212.29	0	0
XM_017019979.2	9126	8898.29	0	0
XM_017019980.3	8562	8334.29	27.7952	0.150087
XM_017019981.3	8520	8292.29	0	0
XM_017019982.2	8087	7859.29	0	0
XM_017019983.3	7812	7584.29	0	0
XM_017019985.3	1877	1649.29	3.2162e-05	8.77582e-07
XM_017019986.2	1867	1639.29	12.8827	0.353666
XM_017019987.2	1673	1445.29	9.59776	0.298852
XM_017019990.2	5952	5724.29	14.5901	0.114704
XM_017019992.2	3834	3606.29	26.6736	0.332861
XM_017019999.2	2854	2626.29	0	0
XM_017020002.2	1063	835.293	0	0
XM_017020003.2	8891	8663.29	46.6046	0.242096
XM_017020004.2	8852	8624.29	18.4279	0.09616
XM_017020005.2	8666	8438.29	42.8841	0.228709
XM_017020006.2	6329	6101.29	41.9452	0.309387
XM_017020007.3	8019	7791.29	58.2154	0.336256
XM_017020013.2	5364	5136.29	0	0
XM_017020016.3	4714	4486.29	0	0
XM_017020022.2	2587	2359.29	0	0
XM_017020024.1	1299	1071.29	183.083	7.69099
XM_017020025.3	2673	2445.29	75.0279	1.38081
XM_017020026.3	1877	1649.29	0	0
XM_017020027.2	1738	1510.29	0	0
XM_017020032.2	9219	8991.29	37.6729	0.18856
XM_017020048.2	3860	3632.29	0	0
XM_017020049.2	3857	3629.29	0	0
XM_017020050.2	3961	3733.29	0	0
XM_017020051.3	3933	3705.29	17.5457	0.213104
XM_017020052.3	4069	3841.29	0	0
XM_017020053.2	3677	3449.29	0	0
XM_017020055.2	3093	2865.29	8.31995	0.130676
XM_017020056.3	6133	5905.29	0	0
XM_017020057.3	5901	5673.29	0	0
XM_017020058.3	6037	5809.29	0	0
XM_017020059.3	6043	5815.29	0	0
XM_017020061.3	6034	5806.29	0	0
XM_017020062.3	6010	5782.29	0	0
XM_017020063.3	5980	5752.29	0	0
XM_017020064.3	5974	5746.29	123.659	0.968454
XM_017020065.3	5971	5743.29	0	0
XM_017020066.3	5953	5725.29	13.0852	0.102855
XM_017020067.3	5950	5722.29	1527.78	12.0153
XM_017020068.3	5950	5722.29	187.602	1.4754
XM_017020069.3	5941	5713.29	1149.57	9.05503
XM_017020070.3	5941	5713.29	21.3277	0.167996
XM_017020071.3	5920	5692.29	17.0198	0.134558
XM_017020072.3	5917	5689.29	688.364	5.44506
XM_017020073.3	5911	5683.29	0.0138119	0.000109369
XM_017020076.3	4843	4615.29	0	0
XM_017020078.2	2255	2027.29	7.99084	0.177386
XM_017020086.2	5582	5354.29	0	0
XM_017020088.2	3940	3712.29	0	0
XM_017020090.3	5564	5336.29	0	0
XM_017020094.3	3919	3691.29	0	0
XM_017020099.2	5605	5377.29	0	0
XM_017020103.3	5596	5368.29	0	0
XM_017020105.2	5584	5356.29	0	0
XM_017020107.3	5501	5273.29	0	0
XM_017020108.3	5498	5270.29	0	0
XM_017020118.2	4020	3792.29	0	0
XM_017020122.3	1922	1694.29	203.771	5.41249
XM_017020123.3	1715	1487.29	119.394	3.61267
XM_017020124.2	1722	1494.29	13.0979	0.394464
XM_017020145.2	11887	11659.3	15.2189	0.0587427
XM_017020147.2	1728	1500.29	9.85474	0.295605
XM_017020148.3	1703	1475.29	72.7342	2.21872
XM_017020149.2	1553	1325.29	10.398	0.353084
XM_017020151.2	2004	1776.29	0	0
XM_017020152.2	1775	1547.29	7.27155	0.211493
XM_017020155.3	2033	1805.29	6.26208	0.156104
XM_017020162.2	4077	3849.29	271.998	3.18
XM_017020164.3	10198	9970.29	0	0
XM_017020165.2	10156	9928.29	0	0
XM_017020166.3	9813	9585.29	64.3995	0.302356
XM_017020167.1	9744	9516.29	28.9182	0.136756
XM_017020168.2	9730	9502.29	0	0
XM_017020169.3	9688	9460.29	0	0
XM_017020170.2	9601	9373.29	0	0
XM_017020171.2	9053	8825.29	0	0
XM_017020172.2	8924	8696.29	0	0
XM_017020173.3	8564	8336.29	0	0
XM_017020175.2	8498	8270.29	54.6183	0.297207
XM_017020176.2	2214	1986.29	0	0
XM_017020177.2	2091	1863.29	0	0
XM_017020178.2	2064	1836.29	0	0
XM_017020182.2	1515	1287.29	0	0
XM_017020183.2	1635	1407.29	0	0
XM_017020184.2	1599	1371.29	0	0
XM_017020185.3	1568	1340.29	0	0
XM_017020196.2	1015	787.293	8.87131e-08	5.071e-09
XM_017020197.3	6842	6614.29	47.0932	0.320418
XM_017020204.3	1231	1003.29	4.37778	0.196367
XM_017020206.2	3025	2797.29	2.58592	0.0416025
XM_017020207.2	2271	2043.29	0	0
XM_017020209.2	2103	1875.29	13.395	0.321451
XM_017020216.2	1855	1627.29	0	0
XM_017020226.3	12548	12320.3	0.163562	0.000597454
XM_017020234.2	1357	1129.29	0	0
XM_017020235.2	1706	1478.29	0	0
XM_017020238.3	1570	1342.29	0	0
XM_017020239.3	1389	1161.29	0	0
XM_017020243.2	5239	5011.29	0	0
XM_017020244.2	5400	5172.29	0	0
XM_017020245.2	4836	4608.29	0	0
XM_017020246.3	4518	4290.29	0	0
XM_017020247.2	4679	4451.29	0	0
XM_017020248.2	5243	5015.29	0	0
XM_017020250.3	4782	4554.29	0	0
XM_017020251.3	4375	4147.29	0	0
XM_017020252.2	4943	4715.29	0	0
XM_017020253.2	6538	6310.29	357.996	2.55312
XM_017020254.3	6853	6625.29	108.582	0.737559
XM_017020255.3	6772	6544.29	248.705	1.71026
XM_017020257.2	4710	4482.29	78.3132	0.78628
XM_017020258.3	5460	5232.29	3.61318	0.0310771
XM_017020261.3	3058	2830.29	3.68663	0.0586193
XM_017020262.2	5568	5340.29	0	0
XM_017020263.2	5480	5252.29	0	0
XM_017020264.2	4915	4687.29	0	0
XM_017020265.2	4885	4657.29	0	0
XM_017020266.2	4864	4636.29	0	0
XM_017020267.2	4843	4615.29	0	0
XM_017020269.2	4762	4534.29	0	0
XM_017020270.2	4723	4495.29	0	0
XM_017020271.2	4696	4468.29	0	0
XM_017020273.2	4573	4345.29	0	0
XM_017020275.2	4543	4315.29	0	0
XM_017020279.2	3611	3383.29	0	0
XM_017020281.2	3514	3286.29	24.976	0.342025
XM_017020300.2	6335	6107.29	255.403	1.882
XM_017020302.2	11024	10796.3	7.94169	0.033104
XM_017020306.2	9939	9711.29	0	0
XM_017020314.3	4780	4552.29	32.1563	0.317891
XM_017020315.2	4613	4385.29	13.4082	0.137599
XM_017020320.3	13712	13484.3	7.62752	0.0254564
XM_017020323.3	3832	3604.29	34.6787	0.432997
XM_017020351.2	2093	1865.29	16.501	0.398113
XM_017020355.2	2544	2316.29	0	0
XM_017020356.2	3437	3209.29	85.309	1.19627
XM_017020362.3	4840	4612.29	0.0111219	0.000108519
XM_017020363.3	4862	4634.29	1.74792	0.0169738
XM_017020364.3	4878	4650.29	0.314148	0.00304016
XM_017020365.2	14254	14026.3	120.23	0.385755
XM_017020381.3	10448	10220.3	0	0
XM_017020382.2	9730	9502.29	24.6744	0.116859
XM_017020383.2	9941	9713.29	1.55819	0.00721931
XM_017020387.2	688	461.088	0	0
XM_017020389.2	1315	1087.29	0	0
XM_017020391.2	654	427.803	0	0
XM_017020392.2	800	572.487	0	0
XM_017020393.3	1802	1574.29	0	0
XM_017020396.2	4111	3883.29	0	0
XM_017020397.3	2055	1827.29	0	0
XM_017020398.2	1413	1185.29	7.06974	0.268423
XM_017020400.1	1622	1394.29	0	0
XM_017020401.3	5203	4975.29	0	0
XM_017020406.3	17410	17182.3	0	0
XM_017020415.2	10199	9971.29	0	0
XM_017020417.2	1421	1193.29	2.34231	0.0883365
XM_017020418.2	2371	2143.29	0	0
XM_017020419.3	4789	4561.29	0	0
XM_017020422.2	2323	2095.29	0	0
XM_017020423.2	2747	2519.29	3.12176	0.0557652
XM_017020431.2	1645	1417.29	2.14899	0.0682366
XM_017020432.2	1151	923.293	11.0158	0.53693
XM_017020433.2	1566	1338.29	0	0
XM_017020434.2	4664	4436.29	0	0
XM_017020435.3	3257	3029.29	0	0
XM_017020436.3	5722	5494.29	1.36205	0.0111564
XM_017020437.2	1854	1626.29	0	0
XM_017020440.3	6121	5893.29	303.054	2.31422
XM_017020443.2	3943	3715.29	97.5949	1.18216
XM_017020444.2	7569	7341.29	3.67143e-07	2.25064e-09
XM_017020448.2	7645	7417.29	35.0028	0.212373
XM_017020452.3	7364	7136.29	174.112	1.09799
XM_017020453.2	7358	7130.29	0.105767	0.000667551
XM_017020475.3	7872	7644.29	68.2341	0.401704
XM_017020476.3	7869	7641.29	23.0644	0.135837
XM_017020478.2	8079	7851.29	79.3887	0.455051
XM_017020483.2	4814	4586.29	0	0
XM_017020486.2	3610	3382.29	0	0
XM_017020488.2	3152	2924.29	0	0
XM_017020490.2	6734	6506.29	73.5902	0.509013
XM_017020491.2	6731	6503.29	4.91287e-07	3.39973e-09
XM_017020492.2	4996	4768.29	13.3954	0.126425
XM_017020493.2	6502	6274.29	0	0
XM_017020494.2	7343	7115.29	0	0
XM_017020495.2	6427	6199.29	0	0
XM_017020499.3	3428	3200.29	537.763	7.56211
XM_017020500.3	9649	9421.29	0	0
XM_017020501.3	6861	6633.29	0	0
XM_017020503.2	7635	7407.29	0	0
XM_017020504.2	7593	7365.29	13.911	0.0849984
XM_017020505.2	7566	7338.29	0	0
XM_017020506.2	7542	7314.29	0	0
XM_017020507.2	7524	7296.29	20.5878	0.126984
XM_017020508.2	7500	7272.29	58.9354	0.36471
XM_017020510.2	7473	7245.29	0	0
XM_017020511.2	7455	7227.29	12.7807	0.0795832
XM_017020513.2	7431	7203.29	86.003	0.53731
XM_017020515.2	7649	7421.29	0	0
XM_017020522.3	912	684.293	0	0
XM_017020523.2	3964	3736.29	0	0
XM_017020524.3	3795	3567.29	21.5467	0.271822
XM_017020525.2	5158	4930.29	118.916	1.08545
XM_017020528.2	4163	3935.29	70.7615	0.809212
XM_017020530.3	2215	1987.29	4.52	0.102357
XM_017020536.3	6674	6446.29	0	0
XM_017020537.2	6066	5838.29	0	0
XM_017020539.2	15183	14955.3	6744.7	20.296
XM_017020541.2	4961	4733.29	56.8121	0.540157
XM_017020542.2	5439	5211.29	120.457	1.04023
XM_017020544.2	11182	10954.3	0.0043715	1.79593e-05
XM_017020545.2	11119	10891.3	0.00500564	2.06834e-05
XM_017020547.2	5634	5406.29	0	0
XM_017020551.2	1937	1709.29	0	0
XM_017020553.2	9539	9311.29	37.0776	0.179203
XM_017020554.2	5691	5463.29	0.475994	0.00392093
XM_017020556.2	3213	2985.29	0	0
XM_017020561.2	4654	4426.29	97.5446	0.991757
XM_017020562.2	5999	5771.29	0	0
XM_017020605.2	3339	3111.29	0	0
XM_017020606.2	3261	3033.29	0	0
XM_017020607.2	4379	4151.29	0	0
XM_017020609.2	3524	3296.29	4.82106	0.0658202
XM_017020611.2	2225	1997.29	0	0
XM_017020612.2	2638	2410.29	3.30914	0.0617856
XM_017020613.2	2422	2194.29	0	0
XM_017020615.2	1969	1741.29	0	0
XM_017020616.2	4419	4191.29	17.9133	0.19234
XM_017020619.3	5998	5770.29	40.0916	0.312678
XM_017020620.3	27593	27365.3	9.84681	0.0161934
XM_017020621.3	6321	6093.29	136.548	1.0085
XM_017020622.2	1927	1699.29	50.0844	1.32641
XM_017020625.3	2532	2304.29	0	0
XM_017020626.2	2629	2401.29	0	0
XM_017020643.2	3266	3038.29	36.2044	0.536259
XM_017020644.2	3172	2944.29	254.98	3.89733
XM_017020646.3	7870	7642.29	84.7796	0.499241
XM_017020647.2	3006	2778.29	0	0
XM_017020649.2	2815	2587.29	0	0
XM_017020653.3	3124	2896.29	0.00466047	7.24152e-05
XM_017020654.2	2890	2662.29	0.952526	0.0161014
XM_017020655.2	2887	2659.29	2.01869	0.0341622
XM_017020657.3	2887	2659.29	103.84	1.75728
XM_017020658.2	2786	2558.29	2.04279	0.0359349
XM_017020659.2	2783	2555.29	4.41059	0.0776781
XM_017020660.3	2783	2555.29	25.5807	0.45052
XM_017020661.2	2747	2519.29	0.423709	0.00756887
XM_017020662.2	5337	5109.29	9.76552e-05	8.60155e-07
XM_017020673.2	3299	3071.29	0	0
XM_017020676.2	5216	4988.29	0	0
XM_017020678.3	3064	2836.29	0	0
XM_017020679.2	3653	3425.29	0	0
XM_017020680.3	75679	75451.3	54.1564	0.0323017
XM_017020681.3	946	718.293	372.589	23.3437
XM_017020682.3	20054	19826.3	22.2947	0.050606
XM_017020683.3	1311	1083.29	4.2695	0.177367
XM_017020685.3	3037	2809.29	0	0
XM_017020686.2	2873	2645.29	0	0
XM_017020687.2	2702	2474.29	0	0
XM_017020689.3	4074	3846.29	7.95779	0.0931091
XM_017020695.3	4002	3774.29	34.1711	0.407442
XM_017020696.3	4011	3783.29	89.5542	1.06527
XM_017020697.3	6609	6381.29	10.2167	0.0720518
XM_017020704.3	9441	9213.29	0	0
XM_017020705.2	10921	10693.3	0	0
XM_017020706.3	10050	9822.29	9.3258	0.0427283
XM_017020717.2	2744	2516.29	16.9822	0.303721
XM_017020718.2	2534	2306.29	109.007	2.12707
XM_017020719.3	2467	2239.29	13.92	0.27975
XM_017020723.2	6644	6416.29	0	0
XM_017020725.2	1163	935.293	11.5464	0.555575
XM_017020726.2	2726	2498.29	0	0
XM_017020727.2	919	691.293	20.5016	1.33465
XM_017020731.1	7168	6940.29	11.6079	0.0752693
XM_017020732.2	7165	6937.29	102.529	0.665121
XM_017020740.3	711	483.852	441.868	41.0982
XM_017020742.3	1211	983.293	10.2283	0.468124
XM_017020745.3	3778	3550.29	10.5479	0.133704
XM_017020746.3	2395	2167.29	2.71986	0.056477
XM_017020757.2	3188	2960.29	0	0
XM_017020762.2	3067	2839.29	0	0
XM_017020763.2	3191	2963.29	0	0
XM_017020775.2	2005	1777.29	0	0
XM_017020776.2	1963	1735.29	0	0
XM_017020789.1	2391	2163.29	0	0
XM_017020793.3	7198	6970.29	19.6144	0.126639
XM_017020801.2	2773	2545.29	52.7494	0.932657
XM_017020802.2	2705	2477.29	0	0
XM_017020803.3	1987	1759.29	0	0
XM_017020805.2	3014	2786.29	0	0
XM_017020810.3	5990	5762.29	0	0
XM_017020811.3	7319	7091.29	24.0735	0.152776
XM_017020813.2	1373	1145.29	0	0
XM_017020815.2	5761	5533.29	0	0
XM_017020822.2	4744	4516.29	77.9595	0.776836
XM_017020830.3	2048	1820.29	34.4207	0.850984
XM_017020831.3	2189	1961.29	73.3709	1.68354
XM_017020835.3	5915	5687.29	12.087	0.0956431
XM_017020838.3	3717	3489.29	0	0
XM_017020846.2	4595	4367.29	15.1845	0.15647
XM_017020847.2	5717	5489.29	42.8956	0.351672
XM_017020848.2	6200	5972.29	61.0212	0.459813
XM_017020851.3	1047	819.293	0	0
XM_017020852.3	3521	3293.29	263.573	3.60175
XM_017020855.3	3893	3665.29	0	0
XM_017020859.3	1918	1690.29	0	0
XM_017020861.3	1949	1721.29	36.2222	0.947027
XM_017020866.3	3258	3030.29	30.3649	0.450952
XM_017020886.1	2085	1857.29	3	0.0726914
XM_017020910.2	1142	914.293	0	0
XM_017020912.2	1702	1474.29	54.0852	1.65096
XM_017020913.3	3716	3488.29	0	0
XM_017020914.3	3668	3440.29	0	0
XM_017020917.3	3569	3341.29	0	0
XM_017020918.3	3554	3326.29	0	0
XM_017020928.3	2589	2361.29	810.378	15.4447
XM_017020933.3	2240	2012.29	0	0
XM_017020934.3	896	668.361	0	0
XM_017020939.2	5755	5527.29	543.664	4.4265
XM_017020948.2	4258	4030.29	0	0
XM_017020958.2	3432	3204.29	0	0
XM_017020960.2	3354	3126.29	0	0
XM_017020966.2	1366	1138.29	0	0
XM_017020967.2	2028	1800.29	220.015	5.49985
XM_017020968.3	2004	1776.29	101.496	2.57145
XM_017020969.3	1949	1721.29	15.3767	0.402023
XM_017020973.2	5206	4978.29	4.22787	0.0382193
XM_017021020.2	1605	1377.29	50.9426	1.66455
XM_017021021.2	1551	1323.29	14.1255	0.480386
XM_017021022.2	1914	1686.29	5.67248	0.151385
XM_017021023.2	1427	1199.29	0	0
XM_017021025.2	1556	1328.29	14.7505	0.499752
XM_017021031.2	1132	904.293	0	0
XM_017021035.3	1919	1691.29	0	0
XM_017021043.2	3220	2992.29	0	0
XM_017021058.2	2955	2727.29	0	0
XM_017021059.2	2952	2724.29	0	0
XM_017021060.2	4510	4282.29	0	0
XM_017021061.3	4084	3856.29	0	0
XM_017021062.3	7632	7404.29	0	0
XM_017021063.3	8094	7866.29	0	0
XM_017021064.3	8001	7773.29	0	0
XM_017021065.3	9726	9498.29	0	0
XM_017021066.3	7947	7719.29	0	0
XM_017021067.3	8036	7808.29	0	0
XM_017021068.3	7941	7713.29	0	0
XM_017021069.3	8682	8454.29	6.10666	0.0325064
XM_017021070.2	4899	4671.29	0	0
XM_017021071.2	2731	2503.29	0	0
XM_017021087.2	6679	6451.29	0	0
XM_017021091.2	5951	5723.29	31.083	0.24441
XM_017021095.2	3778	3550.29	1.41096e-05	1.78851e-07
XM_017021096.2	12547	12319.3	1015.48	3.70959
XM_017021098.2	6334	6106.29	0	0
XM_017021099.2	6118	5890.29	0	0
XM_017021100.2	3306	3078.29	0	0
XM_017021101.2	32074	31846.3	81.7421	0.115513
XM_017021103.3	3744	3516.29	0	0
XM_017021104.3	3741	3513.29	0	0
XM_017021105.3	6352	6124.29	3.13487	0.0230359
XM_017021106.3	6349	6121.29	280.601	2.06295
XM_017021107.3	6340	6112.29	21.9344	0.161497
XM_017021108.3	6337	6109.29	0.397897	0.00293104
XM_017021109.3	6328	6100.29	38.6674	0.285257
XM_017021110.3	6319	6091.29	10.0368	0.0741532
XM_017021111.3	6232	6004.29	65.3628	0.489904
XM_017021112.3	6280	6052.29	0.958119	0.00712429
XM_017021113.3	1457	1229.29	0	0
XM_017021116.2	5605	5377.29	5.944e-05	4.97459e-07
XM_017021117.2	5456	5228.29	0	0
XM_017021119.2	4656	4428.29	2.32621e-08	2.36404e-10
XM_017021138.2	5170	4942.29	14.6885	0.133749
XM_017021143.3	15362	15134.3	5.8059	0.0172643
XM_017021146.2	8176	7948.29	0	0
XM_017021148.3	9304	9076.29	1250.24	6.19906
XM_017021149.3	9298	9070.29	495.698	2.45945
XM_017021151.3	8608	8380.29	50.286	0.270042
XM_017021152.3	8602	8374.29	2.41951e-06	1.30023e-08
XM_017021153.2	8227	7999.29	6.51381e-07	3.66459e-09
XM_017021185.2	8393	8165.29	1.42736e-08	7.8669e-11
XM_017021198.2	6215	5987.29	0	0
XM_017021205.2	2720	2492.29	0	0
XM_017021206.2	2556	2328.29	54.7324	1.05791
XM_017021213.3	2524	2296.29	0	0
XM_017021217.2	985	757.293	4.98625	0.296314
XM_017021219.3	7689	7461.29	0.160374	0.000967302
XM_017021224.2	7846	7618.29	112.544	0.664826
XM_017021227.2	7533	7305.29	314.136	1.93519
XM_017021228.2	7429	7201.29	95.9889	0.599864
XM_017021229.2	3989	3761.29	24.3899	0.291821
XM_017021230.2	3916	3688.29	51.4342	0.62758
XM_017021241.2	3941	3713.29	0	0
XM_017021247.2	2885	2657.29	0	0
XM_017021248.3	2723	2495.29	0	0
XM_017021250.3	11770	11542.3	23.7581	0.0926323
XM_017021251.2	2409	2181.29	0	0
XM_017021252.3	3882	3654.29	5.86252	0.0721977
XM_017021253.3	3658	3430.29	455.937	5.98158
XM_017021254.2	6412	6184.29	0	0
XM_017021255.2	6277	6049.29	0	0
XM_017021256.2	7111	6883.29	0	0
XM_017021257.2	3595	3367.29	0	0
XM_017021262.2	5897	5669.29	0	0
XM_017021265.1	3485	3257.29	0	0
XM_017021266.2	2595	2367.29	0	0
XM_017021267.2	3163	2935.29	0	0
XM_017021268.2	3004	2776.29	0	0
XM_017021269.1	3389	3161.29	0	0
XM_017021270.1	3344	3116.29	0	0
XM_017021271.1	3247	3019.29	0	0
XM_017021272.2	2457	2229.29	0	0
XM_017021273.2	3025	2797.29	0	0
XM_017021274.2	3363	3135.29	0	0
XM_017021275.2	2357	2129.29	0	0
XM_017021276.2	2925	2697.29	0	0
XM_017021290.1	5227	4999.29	0	0
XM_017021291.3	3406	3178.29	60.3631	0.854712
XM_017021292.3	3388	3160.29	306.675	4.3671
XM_017021294.3	3289	3061.29	30.1668	0.443473
XM_017021295.3	3262	3034.29	2.54103	0.0376872
XM_017021297.3	3241	3013.29	16.5762	0.247564
XM_017021298.3	3217	2989.29	0.000669774	1.00833e-05
XM_017021299.3	3214	2986.29	1.2631	0.0190348
XM_017021301.3	3240	3012.29	16.9994	0.253967
XM_017021314.2	3672	3444.29	0	0
XM_017021315.3	3595	3367.29	0	0
XM_017021316.2	3665	3437.29	0	0
XM_017021317.3	3764	3536.29	0	0
XM_017021318.2	3652	3424.29	0	0
XM_017021319.2	3600	3372.29	0	0
XM_017021323.2	3562	3334.29	0	0
XM_017021324.3	3555	3327.29	0	0
XM_017021330.2	3656	3428.29	0	0
XM_017021332.3	2836	2608.29	11.3869	0.196467
XM_017021334.3	2860	2632.29	0	0
XM_017021345.2	6457	6229.29	0	0
XM_017021353.2	5172	4944.29	0	0
XM_017021367.3	1436	1208.29	0	0
XM_017021369.3	2503	2275.29	0	0
XM_017021370.2	3381	3153.29	0	0
XM_017021371.3	1558	1330.29	13.777	0.466069
XM_017021373.2	3164	2936.29	22.6701	0.347453
XM_017021377.2	4122	3894.29	0	0
XM_017021378.2	1127	899.293	35.7026	1.78666
XM_017021383.2	8351	8123.29	0	0
XM_017021390.3	3117	2889.29	140.142	2.18283
XM_017021391.2	3437	3209.29	0	0
XM_017021393.3	6402	6174.29	3.8963	0.0283993
XM_017021421.3	4629	4401.29	0	0
XM_017021423.3	4213	3985.29	96.2353	1.08672
XM_017021425.2	4791	4563.29	196.609	1.93895
XM_017021427.2	14255	14027.3	130.692	0.419294
XM_017021428.2	14240	14012.3	0.698803	0.00224434
XM_017021429.2	3466	3238.29	0.0245236	0.000340809
XM_017021430.2	3451	3223.29	20.699	0.288996
XM_017021431.2	2031	1803.29	8.4517e-07	2.10921e-08
XM_017021434.3	6254	6026.29	31.6612	0.236439
XM_017021438.2	6828	6600.29	1.19131e-08	8.12279e-11
XM_017021440.3	3390	3162.29	65.4106	0.930869
XM_017021449.3	2253	2025.29	49.0588	1.09011
XM_017021463.2	1859	1631.29	0	0
XM_017021473.2	2443	2215.29	0	0
XM_017021477.2	2992	2764.29	0	0
XM_017021478.2	8295	8067.29	8.97074	0.0500429
XM_017021479.2	6163	5935.29	0	0
XM_017021498.2	5619	5391.29	0	0
XM_017021499.2	6636	6408.29	0	0
XM_017021500.2	6615	6387.29	0	0
XM_017021501.2	6552	6324.29	0	0
XM_017021502.2	7303	7075.29	0	0
XM_017021505.2	1873	1645.29	5.84943	0.159997
XM_017021506.2	12668	12440.3	0	0
XM_017021507.2	12653	12425.3	0	0
XM_017021508.2	12620	12392.3	0	0
XM_017021509.2	12611	12383.3	0	0
XM_017021510.2	12587	12359.3	0	0
XM_017021513.2	12554	12326.3	0	0
XM_017021514.2	12503	12275.3	0	0
XM_017021515.2	9028	8800.29	0	0
XM_017021516.2	12437	12209.3	0	0
XM_017021517.2	12278	12050.3	0	0
XM_017021518.2	11012	10784.3	0.501768	0.00209389
XM_017021519.2	8653	8425.29	0	0
XM_017021520.2	6958	6730.29	0	0
XM_017021523.2	6478	6250.29	0	0
XM_017021528.3	3548	3320.29	0	0
XM_017021531.3	3262	3034.29	104.636	1.55191
XM_017021556.3	1485	1257.29	0	0
XM_017021557.3	1794	1566.29	135.469	3.89234
XM_017021558.2	1791	1563.29	116.704	3.35961
XM_017021566.2	929	701.293	0	0
XM_017021570.3	8475	8247.29	0	0
XM_017021572.3	8435	8207.29	0	0
XM_017021573.2	3439	3211.29	0	0
XM_017021574.3	8390	8162.29	0	0
XM_017021575.3	8878	8650.29	49.3917	0.25696
XM_017021576.2	3127	2899.29	0	0
XM_017021581.3	1637	1409.29	35.9539	1.14812
XM_017021582.2	6086	5858.29	0	0
XM_017021583.2	6077	5849.29	0	0
XM_017021584.2	5996	5768.29	0	0
XM_017021585.2	5945	5717.29	0	0
XM_017021587.2	8084	7856.29	0	0
XM_017021588.2	6032	5804.29	0	0
XM_017021589.2	1071	843.293	64.6116	3.44806
XM_017021590.2	3580	3352.29	9.34767	0.125488
XM_017021593.3	1618	1390.29	39.43	1.27633
XM_017021594.3	1556	1328.29	735.536	24.9202
XM_017021596.3	8228	8000.29	0	0
XM_017021598.3	6784	6556.29	11.1169	0.0763077
XM_017021599.3	6684	6456.29	0	0
XM_017021600.2	8250	8022.29	13.0198	0.0730379
XM_017021606.2	4675	4447.29	0	0
XM_017021607.2	5148	4920.29	0	0
XM_017021608.2	4657	4429.29	0	0
XM_017021609.2	5130	4902.29	0	0
XM_017021610.2	6741	6513.29	5	0.0345471
XM_017021611.2	3241	3013.29	0	0
XM_017021612.3	10294	10066.3	0	0
XM_017021617.2	8266	8038.29	0	0
XM_017021618.2	15529	15301.3	19.7778	0.058169
XM_017021619.2	15454	15226.3	1.8934	0.00559617
XM_017021620.3	1403	1175.29	147.747	5.65736
XM_017021625.2	27895	27667.3	0	0
XM_017021626.3	897	669.361	39.7988	2.67579
XM_017021627.3	2766	2538.29	43.9603	0.779402
XM_017021640.3	4601	4373.29	9.91354	0.102015
XM_017021646.2	13012	12784.3	0	0
XM_017021655.3	6541	6313.29	0	0
XM_017021660.2	2891	2663.29	34.2121	0.578099
XM_017021661.2	2884	2656.29	236.568	4.00794
XM_017021662.2	2740	2512.29	10.3098	0.18468
XM_017021663.2	2474	2246.29	16.0287	0.321125
XM_017021664.2	13340	13112.3	32.0275	0.109923
XM_017021665.3	4569	4341.29	2.24822	0.0233057
XM_017021666.2	2260	2032.29	0	0
XM_017021668.2	12959	12731.3	88.4118	0.312522
XM_017021669.2	12728	12500.3	47.8555	0.172288
XM_017021679.3	8562	8334.29	20.4371	0.110355
XM_017021680.3	3352	3124.29	0	0
XM_017021682.2	2796	2568.29	0	0
XM_017021683.3	3262	3034.29	0	0
XM_017021684.3	3256	3028.29	0	0
XM_017021685.3	3420	3192.29	0	0
XM_017021686.3	2172	1944.29	0	0
XM_017021688.3	2746	2518.29	0	0
XM_017021691.3	2515	2287.29	0	0
XM_017021697.3	13377	13149.3	0	0
XM_017021699.2	2734	2506.29	0	0
XM_017021700.2	2912	2684.29	10.723	0.179774
XM_017021705.1	2481	2253.29	0	0
XM_017021707.3	7557	7329.29	0	0
XM_017021709.2	1216	988.293	18.0966	0.82405
XM_017021712.2	2768	2540.29	6.42443	0.113813
XM_017021716.3	9308	9080.29	0	0
XM_017021718.3	6133	5905.29	0	0
XM_017021732.2	7530	7302.29	46.2605	0.285097
XM_017021733.2	5882	5654.29	0	0
XM_017021737.2	5319	5091.29	16.0054	0.141475
XM_017021749.3	3699	3471.29	4.3535	0.0564403
XM_017021761.2	5916	5688.29	15.8033	0.125028
XM_017021764.2	862	634.427	2.83317	0.200971
XM_017021767.2	2599	2371.29	0	0
XM_017021785.2	4298	4070.29	2.58567e-07	2.85884e-09
XM_017021794.2	12360	12132.3	0	0
XM_017021798.2	12333	12105.3	0	0
XM_017021799.3	12297	12069.3	0	0
XM_017021800.2	11994	11766.3	0	0
XM_017021805.2	11727	11499.3	0	0
XM_017021808.3	14987	14759.3	0.125038	0.000381257
XM_017021820.3	5980	5752.29	0	0
XM_017021822.3	2487	2259.29	2	0.0398382
XM_017021825.3	2005	1777.29	0	0
XM_017021826.3	3253	3025.29	0	0
XM_017021827.3	2299	2071.29	0	0
XM_017021828.3	2097	1869.29	0	0
XM_017021830.3	3249	3021.29	0	0
XM_017021831.3	1922	1694.29	0	0
XM_017021832.3	2592	2364.29	0	0
XM_017021833.3	8743	8515.29	0	0
XM_017021840.3	3275	3047.29	77.3534	1.14237
XM_017021841.3	1856	1628.29	24.0973	0.666005
XM_017021853.2	1131	903.293	0	0
XM_017021857.2	6076	5848.29	0	0
XM_017021858.2	1524	1296.29	0	0
XM_017021870.3	5289	5061.29	440.613	3.91776
XM_017021873.3	4095	3867.29	0.100259	0.0011667
XM_017021874.3	3624	3396.29	478.623	6.34207
XM_017021878.3	3659	3431.29	786.619	10.3169
XM_017021879.3	6888	6660.29	22.5342	0.152262
XM_017021885.2	2721	2493.29	0	0
XM_017021886.2	4533	4305.29	0	0
XM_017021887.2	1691	1463.29	0	0
XM_017021888.2	1747	1519.29	0	0
XM_017021889.3	2214	1986.29	0	0
XM_017021894.2	3300	3072.29	0	0
XM_017021895.2	3661	3433.29	0	0
XM_017021896.2	2784	2556.29	0	0
XM_017021901.2	2493	2265.29	0	0
XM_017021903.1	2314	2086.29	0	0
XM_017021912.3	2825	2597.29	11.259	0.195084
XM_017021914.2	5519	5291.29	3.35229	0.0285117
XM_017021915.2	2614	2386.29	0	0
XM_017021918.3	12548	12320.3	0	0
XM_017021919.3	12497	12269.3	0	0
XM_017021920.3	3078	2850.29	0	0
XM_017021921.3	3430	3202.29	0	0
XM_017021924.3	1715	1487.29	0	0
XM_017021930.3	3609	3381.29	0	0
XM_017021931.2	3910	3682.29	0	0
XM_017021932.2	3607	3379.29	0	0
XM_017021934.3	1728	1500.29	0	0
XM_017021948.3	3303	3075.29	0	0
XM_017021950.3	10605	10377.3	0	0
XM_017021951.2	2283	2055.29	9.04353	0.198019
XM_017021963.2	1660	1432.29	0	0
XM_017021964.3	4127	3899.29	0	0
XM_017021965.2	4297	4069.29	26.5031	0.293103
XM_017021966.3	4167	3939.29	20.7841	0.237441
XM_017021967.2	3918	3690.29	24.9531	0.304303
XM_017021968.2	4167	3939.29	22	0.251331
XM_017021970.2	2743	2515.29	0	0
XM_017021971.2	2741	2513.29	0	0
XM_017021972.3	2169	1941.29	0	0
XM_017021973.3	6611	6383.29	0	0
XM_017021974.2	3658	3430.29	0	0
XM_017021975.2	6542	6314.29	0	0
XM_017021977.2	7220	6992.29	0	0
XM_017021978.2	20711	20483.3	1.32394	0.00290878
XM_017021979.2	5266	5038.29	0	0
XM_017021980.2	9908	9680.29	6.19763	0.0288124
XM_017021981.2	2715	2487.29	0	0
XM_017021982.2	5086	4858.29	0	0
XM_017021983.2	4815	4587.29	0	0
XM_017021984.2	11541	11313.3	0	0
XM_017021990.2	3217	2989.29	0	0
XM_017021994.2	3118	2890.29	0	0
XM_017021995.2	1470	1242.29	0	0
XM_017021996.2	3019	2791.29	0	0
XM_017022002.2	4141	3913.29	0	0
XM_017022004.2	3734	3506.29	0	0
XM_017022005.2	2732	2504.29	0	0
XM_017022006.2	2558	2330.29	0	0
XM_017022007.2	2522	2294.29	0	0
XM_017022008.2	2348	2120.29	0	0
XM_017022009.3	2832	2604.29	6.05518	0.104636
XM_017022010.2	2658	2430.29	57.2002	1.05921
XM_017022011.2	15250	15022.3	2.6758	0.00801604
XM_017022013.2	3113	2885.29	0	0
XM_017022015.2	3732	3504.29	79.2041	1.01716
XM_017022016.3	2907	2679.29	5.15611	0.0866053
XM_017022021.2	8903	8675.29	3.96064e-06	2.05458e-08
XM_017022025.3	3219	2991.29	4.28056	0.0643997
XM_017022027.2	6962	6734.29	62.9064	0.420383
XM_017022029.3	11310	11082.3	0	0
XM_017022035.2	8904	8676.29	6.98182	0.036214
XM_017022053.3	4633	4405.29	254.257	2.5974
XM_017022055.2	7434	7206.29	4.17453	0.0260698
XM_017022056.2	7024	6796.29	0	0
XM_017022061.2	7468	7240.29	0	0
XM_017022068.2	2710	2482.29	21.5589	0.390856
XM_017022073.2	5151	4923.29	0	0
XM_017022074.3	1942	1714.29	0	0
XM_017022078.3	6695	6467.29	58.6751	0.408295
XM_017022081.3	11969	11741.3	0	0
XM_017022082.3	4966	4738.29	4.64582	0.0441248
XM_017022092.2	1535	1307.29	133.536	4.59694
XM_017022094.2	2510	2282.29	0	0
XM_017022095.2	2411	2183.29	0	0
XM_017022097.2	2273	2045.29	0	0
XM_017022098.2	2115	1887.29	0	0
XM_017022099.2	1506	1278.29	1	0.0352056
XM_017022112.3	3830	3602.29	0	0
XM_017022121.2	4914	4686.29	0	0
XM_017022122.3	4836	4608.29	0	0
XM_017022124.3	4558	4330.29	0	0
XM_017022125.1	1347	1119.29	0.508894	0.0204609
XM_017022126.3	991	763.293	0	0
XM_017022131.2	4816	4588.29	0	0
XM_017022132.3	11371	11143.3	3.53558e-07	1.42787e-09
XM_017022134.3	13428	13200.3	0	0
XM_017022137.2	11534	11306.3	0	0
XM_017022149.2	1789	1561.29	0	0
XM_017022153.2	1784	1556.29	0	0
XM_017022154.3	4816	4588.29	0	0
XM_017022155.3	3387	3159.29	0	0
XM_017022157.2	1611	1383.29	0	0
XM_017022158.3	993	765.293	37.2392	2.18985
XM_017022172.3	7424	7196.29	49.3427	0.308572
XM_017022178.2	2838	2610.29	0	0
XM_017022179.2	1363	1135.29	172.182	6.82529
XM_017022180.2	1806	1578.29	0	0
XM_017022184.2	6528	6300.29	0	0
XM_017022185.2	6414	6186.29	0	0
XM_017022206.3	2725	2497.29	353.825	6.37618
XM_017022220.2	13814	13586.3	0	0
XM_017022221.2	13694	13466.3	0	0
XM_017022222.2	13592	13364.3	0	0
XM_017022225.2	9920	9692.29	5.82667	0.0270543
XM_017022226.2	3675	3447.29	0	0
XM_017022229.2	12577	12349.3	0.149151	0.000543533
XM_017022230.3	12475	12247.3	0.932435	0.00342626
XM_017022231.2	7098	6870.29	1.36267	0.00892602
XM_017022232.2	7130	6902.29	992.97	6.47419
XM_017022233.2	7047	6819.29	0	0
XM_017022234.2	7032	6804.29	0	0
XM_017022237.2	6978	6750.29	0	0
XM_017022239.2	485	265.994	0.742326	0.125593
XM_017022240.2	20091	19863.3	0	0
XM_017022241.2	19628	19400.3	0	0
XM_017022242.3	10796	10568.3	3.80238	0.0161917
XM_017022243.2	19569	19341.3	0	0
XM_017022244.3	19506	19278.3	0	0
XM_017022245.3	19561	19333.3	0	0
XM_017022250.3	2230	2002.29	0	0
XM_017022251.3	19151	18923.3	0	0
XM_017022252.3	19127	18899.3	0	0
XM_017022254.3	19763	19535.3	0	0
XM_017022255.2	4438	4210.29	0	0
XM_017022256.2	5348	5120.29	0	0
XM_017022257.2	5319	5091.29	0	0
XM_017022258.2	5074	4846.29	0	0
XM_017022259.2	5275	5047.29	0	0
XM_017022260.2	5254	5026.29	0	0
XM_017022261.2	3678	3450.29	0	0
XM_017022262.2	5164	4936.29	0	0
XM_017022263.2	5184	4956.29	0	0
XM_017022264.2	4911	4683.29	0	0
XM_017022265.2	5104	4876.29	0	0
XM_017022273.2	4915	4687.29	0	0
XM_017022283.2	6617	6389.29	64.6561	0.455406
XM_017022285.2	10034	9806.29	0	0
XM_017022286.2	10013	9785.29	0	0
XM_017022287.2	9962	9734.29	0	0
XM_017022294.3	2098	1870.29	12.1526	0.292417
XM_017022296.2	3459	3231.29	2	0.0278545
XM_017022299.2	11675	11447.3	2.08732	0.00820594
XM_017022302.2	8941	8713.29	30.0401	0.155153
XM_017022306.3	6350	6122.29	2.35201	0.0172889
XM_017022310.3	2212	1984.29	161.497	3.6627
XM_017022312.1	4932	4704.29	46.9849	0.449475
XM_017022314.3	4687	4459.29	0	0
XM_017022317.3	4666	4438.29	0	0
XM_017022319.3	4263	4035.29	0	0
XM_017022332.3	9058	8830.29	49.9641	0.254639
XM_017022333.3	9004	8776.29	0.0793632	0.000406959
XM_017022334.3	9001	8773.29	0.00737352	3.78229e-05
XM_017022335.3	1364	1136.29	0	0
XM_017022336.2	6078	5850.29	31.7591	0.244305
XM_017022360.2	5718	5490.29	0	0
XM_017022362.2	5638	5410.29	0	0
XM_017022369.2	1909	1681.29	0	0
XM_017022370.2	1834	1606.29	0	0
XM_017022371.2	1208	980.293	0	0
XM_017022375.2	7152	6924.29	97.2988	0.632374
XM_017022378.3	8846	8618.29	0	0
XM_017022382.1	6114	5886.29	0	0
XM_017022383.2	6089	5861.29	0	0
XM_017022385.2	790	562.487	9.55218	0.764245
XM_017022386.3	2677	2449.29	0	0
XM_017022387.3	2596	2368.29	8.95834	0.170229
XM_017022388.3	2530	2302.29	0	0
XM_017022389.3	2527	2299.29	0	0
XM_017022390.2	1826	1598.29	127.57	3.59198
XM_017022393.3	1037	809.293	0	0
XM_017022394.3	6871	6643.29	785.573	5.32164
XM_017022395.2	6797	6569.29	83.8236	0.574235
XM_017022397.2	3917	3689.29	50.3896	0.614668
XM_017022399.3	4121	3893.29	0	0
XM_017022407.3	2032	1804.29	66.2438	1.65227
XM_017022408.3	6842	6614.29	0	0
XM_017022411.3	2469	2241.29	173.746	3.48865
XM_017022414.3	4389	4161.29	12.1299	0.131182
XM_017022423.3	4336	4108.29	38.894	0.426053
XM_017022424.2	4464	4236.29	4.40219	0.0467655
XM_017022425.2	3280	3052.29	44.1666	0.651193
XM_017022426.2	4460	4232.29	62.2167	0.661567
XM_017022433.3	1970	1742.29	0	0
XM_017022434.2	7334	7106.29	0	0
XM_017022437.2	5208	4980.29	21.1668	0.191268
XM_017022438.2	2604	2376.29	0	0
XM_017022439.3	15574	15346.3	0.516613	0.00151497
XM_017022440.2	15582	15354.3	0	0
XM_017022441.3	23527	23299.3	49.919	0.0964196
XM_017022442.1	14938	14710.3	6.49981e-07	1.98848e-09
XM_017022443.1	14922	14694.3	1.23914e-07	3.79502e-10
XM_017022446.3	2690	2462.29	0	0
XM_017022448.3	6661	6433.29	0	0
XM_017022449.2	2460	2232.29	0	0
XM_017022450.2	2711	2483.29	7.95652	0.144191
XM_017022454.2	2308	2080.29	0	0
XM_017022455.3	6333	6105.29	0	0
XM_017022456.3	6303	6075.29	0	0
XM_017022457.3	8389	8161.29	0.909664	0.00501608
XM_017022458.3	8380	8152.29	4.12905	0.0227936
XM_017022468.2	15556	15328.3	0	0
XM_017022469.2	15553	15325.3	0	0
XM_017022470.3	18976	18748.3	0	0
XM_017022471.2	15553	15325.3	0	0
XM_017022472.2	15550	15322.3	0	0
XM_017022473.2	15538	15310.3	0	0
XM_017022474.2	15713	15485.3	0	0
XM_017022475.2	15469	15241.3	2.19208	0.00647257
XM_017022476.2	15448	15220.3	0	0
XM_017022477.2	11743	11515.3	0	0
XM_017022478.2	3035	2807.29	0	0
XM_017022479.2	2798	2570.29	0	0
XM_017022481.2	4397	4169.29	0	0
XM_017022482.2	4397	4169.29	0	0
XM_017022486.3	1779	1551.29	0	0
XM_017022487.2	2185	1957.29	0	0
XM_017022489.2	6885	6657.29	0	0
XM_017022518.2	3338	3110.29	203.661	2.94678
XM_017022520.3	6039	5811.29	349.9	2.70965
XM_017022521.2	8075	7847.29	0	0
XM_017022522.2	8036	7808.29	0	0
XM_017022523.2	8015	7787.29	0	0
XM_017022524.2	7835	7607.29	0	0
XM_017022525.2	8174	7946.29	0	0
XM_017022526.2	8026	7798.29	0	0
XM_017022527.2	7623	7395.29	0	0
XM_017022532.3	2882	2654.29	22.5611	0.382519
XM_017022543.3	4396	4168.29	254.458	2.74726
XM_017022547.3	8893	8665.29	53.678	0.278776
XM_017022548.3	8888	8660.29	15.3304	0.0796641
XM_017022550.3	9664	9436.29	0	0
XM_017022560.3	7248	7020.29	122.965	0.788257
XM_017022561.2	954	726.293	0	0
XM_017022569.3	7299	7071.29	2.74764	0.0174865
XM_017022571.3	2919	2691.29	47.8783	0.800607
XM_017022573.3	3677	3449.29	9.18644	0.119856
XM_017022574.2	2812	2584.29	20.0038	0.348348
XM_017022575.3	2509	2281.29	16.9351	0.33408
XM_017022576.2	3964	3736.29	114.384	1.37774
XM_017022578.2	3868	3640.29	53.7976	0.665072
XM_017022579.2	4155	3927.29	57.3551	0.657236
XM_017022581.2	3516	3288.29	97.9221	1.34015
XM_017022582.3	8289	8061.29	0.245637	0.00137129
XM_017022584.2	8214	7986.29	2.57781e-05	1.45261e-07
XM_017022585.2	8122	7894.29	204.23	1.16426
XM_017022586.2	8339	8111.29	1.04865e-06	5.81814e-09
XM_017022587.3	5677	5449.29	0.000913957	7.54793e-06
XM_017022591.2	5847	5619.29	0	0
XM_017022594.1	5386	5158.29	0	0
XM_017022623.2	3183	2955.29	0	0
XM_017022624.2	3101	2873.29	0	0
XM_017022625.2	4019	3791.29	0	0
XM_017022626.3	3081	2853.29	0	0
XM_017022627.2	3611	3383.29	0	0
XM_017022628.2	3917	3689.29	0	0
XM_017022630.2	2404	2176.29	0	0
XM_017022631.2	2187	1959.29	0	0
XM_017022635.3	5352	5124.29	5.72675	0.050294
XM_017022637.3	1247	1019.29	46.3014	2.04427
XM_017022638.2	3337	3109.29	55.8725	0.808684
XM_017022642.2	9923	9695.29	16.0012	0.0742737
XM_017022645.2	3668	3440.29	0.0211594	0.00027679
XM_017022646.2	3415	3187.29	5.25015	0.0741297
XM_017022647.2	3380	3152.29	0	0
XM_017022648.2	3441	3213.29	0	0
XM_017022649.3	3578	3350.29	0	0
XM_017022650.3	3521	3293.29	0	0
XM_017022651.3	3962	3734.29	0.0262671	0.000316552
XM_017022652.3	3351	3123.29	1.19531	0.017223
XM_017022653.3	3648	3420.29	5.65736	0.0744376
XM_017022654.3	3189	2961.29	24.7256	0.375757
XM_017022655.2	3170	2942.29	1.48879e-08	2.27715e-10
XM_017022656.2	3196	2968.29	0	0
XM_017022657.2	3297	3069.29	0	0
XM_017022658.2	3034	2806.29	0	0
XM_017022659.2	3268	3040.29	74.5913	1.10412
XM_017022660.2	3301	3073.29	0	0
XM_017022661.2	3048	2820.29	0	0
XM_017022662.2	3165	2937.29	0	0
XM_017022663.2	2938	2710.29	0	0
XM_017022664.3	1926	1698.29	234.348	6.20998
XM_017022670.3	5959	5731.29	0	0
XM_017022671.3	6721	6493.29	0	0
XM_017022673.3	3648	3420.29	0	0
XM_017022674.3	5716	5488.29	0	0
XM_017022675.3	5388	5160.29	5	0.0436052
XM_017022676.2	2674	2446.29	32.6339	0.600347
XM_017022677.2	2260	2032.29	0.026454	0.000585797
XM_017022679.2	5704	5476.29	0	0
XM_017022680.2	7163	6935.29	31.2263	0.202627
XM_017022681.2	7109	6881.29	26.4919	0.173255
XM_017022682.2	3720	3492.29	0	0
XM_017022684.3	1312	1084.29	0	0
XM_017022686.2	10095	9867.29	0	0
XM_017022688.2	9543	9315.29	0	0
XM_017022689.2	8868	8640.29	15.5183	0.0808272
XM_017022694.2	2414	2186.29	0	0
XM_017022695.1	15284	15056.3	0	0
XM_017022696.2	15181	14953.3	0	0
XM_017022697.2	8667	8439.29	27.1426	0.14474
XM_017022698.2	8580	8352.29	36.8046	0.198307
XM_017022702.2	15290	15062.3	0	0
XM_017022705.2	15263	15035.3	0	0
XM_017022708.3	2587	2359.29	8.58852	0.163825
XM_017022709.3	680	453.225	0	0
XM_017022710.2	1923	1695.29	0	0
XM_017022712.3	2961	2733.29	305.81	5.0351
XM_017022713.3	2919	2691.29	78.2575	1.3086
XM_017022714.3	2390	2162.29	377.261	7.8518
XM_017022716.3	2859	2631.29	42.756	0.731257
XM_017022723.2	2238	2010.29	0	0
XM_017022724.3	4436	4208.29	0	0
XM_017022725.3	4179	3951.29	0	0
XM_017022726.2	2798	2570.29	0	0
XM_017022727.3	2651	2423.29	0	0
XM_017022728.3	2626	2398.29	0	0
XM_017022730.1	1616	1388.29	0	0
XM_017022731.2	1741	1513.29	0	0
XM_017022733.3	2996	2768.29	124.671	2.02673
XM_017022736.2	5880	5652.29	0	0
XM_017022737.2	5818	5590.29	13.6671	0.110024
XM_017022747.2	5572	5344.29	0	0
XM_017022753.2	5601	5373.29	0	0
XM_017022754.2	5593	5365.29	0	0
XM_017022761.2	12572	12344.3	0	0
XM_017022762.2	12707	12479.3	0	0
XM_017022763.2	20558	20330.3	0	0
XM_017022764.2	20494	20266.3	0	0
XM_017022765.2	21597	21369.3	44.8329	0.0944168
XM_017022769.3	904	676.361	0	0
XM_017022778.2	3800	3572.29	0	0
XM_017022789.3	5670	5442.29	0	0
XM_017022791.3	5214	4986.29	26.4966	0.239142
XM_017022793.3	4781	4553.29	0	0
XM_017022794.3	4482	4254.29	0.0493535	0.000522075
XM_017022795.3	4902	4674.29	0	0
XM_017022809.1	1262	1034.29	0	0
XM_017022821.3	1605	1377.29	0	0
XM_017022823.3	1758	1530.29	0	0
XM_017022825.3	1737	1509.29	0	0
XM_017022827.3	2986	2758.29	0	0
XM_017022832.3	2854	2626.29	56.9775	0.976343
XM_017022848.3	1524	1296.29	47.4146	1.64608
XM_017022849.3	938	710.293	0	0
XM_017022859.2	1543	1315.29	234.559	8.02549
XM_017022867.2	8011	7783.29	21.3574	0.123489
XM_017022868.2	3683	3455.29	0	0
XM_017022872.3	20928	20700.3	0	0
XM_017022875.2	1043	815.293	0	0
XM_017022876.2	1321	1093.29	0	0
XM_017022877.2	1315	1087.29	0	0
XM_017022878.2	1065	837.293	0	0
XM_017022879.2	4661	4433.29	105.933	1.07535
XM_017022880.2	4624	4396.29	62.9618	0.644514
XM_017022881.2	4637	4409.29	0	0
XM_017022882.2	3756	3528.29	0	0
XM_017022883.2	3269	3041.29	0	0
XM_017022884.2	2744	2516.29	0	0
XM_017022887.3	1254	1026.29	0	0
XM_017022888.3	2490	2262.29	0	0
XM_017022889.3	1253	1025.29	0	0
XM_017022893.2	4478	4250.29	0	0
XM_017022894.2	1708	1480.29	73.1406	2.22358
XM_017022896.1	5422	5194.29	13.6154	0.117963
XM_017022898.2	2634	2406.29	10.4216	0.194907
XM_017022903.2	2580	2352.29	0	0
XM_017022912.2	1602	1374.29	30.6931	1.00509
XM_017022914.3	1489	1261.29	0	0
XM_017022918.3	2483	2255.29	0	0
XM_017022919.2	2385	2157.29	2.00012	0.0417242
XM_017022920.3	1829	1601.29	0	0
XM_017022923.2	2980	2752.29	0	0
XM_017022924.3	1741	1513.29	0	0
XM_017022925.2	1676	1448.29	0	0
XM_017022926.3	2240	2012.29	0	0
XM_017022929.2	2008	1780.29	0	0
XM_017022934.2	1634	1406.29	0	0
XM_017022935.2	2271	2043.29	0	0
XM_017022938.2	1864	1636.29	0	0
XM_017022939.2	5333	5105.29	11.5114	0.101473
XM_017022940.2	5036	4808.29	17.8184	0.166771
XM_017022941.2	4872	4644.29	0	0
XM_017022942.2	5270	5042.29	0.0212955	0.000190065
XM_017022943.2	4949	4721.29	0	0
XM_017022944.2	10784	10556.3	258.347	1.10137
XM_017022945.2	2010	1782.29	22.893	0.57805
XM_017022946.1	1890	1662.29	0	0
XM_017022952.3	4688	4460.29	68.6494	0.692653
XM_017022953.2	4354	4126.29	8.85534	0.09658
XM_017022954.2	1504	1276.29	0	0
XM_017022959.3	2399	2171.29	0	0
XM_017022960.3	2950	2722.29	3.65409	0.0604068
XM_017022961.1	1460	1232.29	0.345915	0.0126327
XM_017022962.2	1503	1275.29	0	0
XM_017022967.3	2840	2612.29	131.49	2.26523
XM_017022968.2	2804	2576.29	0	0
XM_017022971.2	2281	2053.29	5.82947	0.127768
XM_017022972.2	1455	1227.29	0	0
XM_017022974.2	1343	1115.29	0	0
XM_017022975.2	2502	2274.29	0	0
XM_017022982.2	4895	4667.29	0	0
XM_017023008.2	1484	1256.29	373.806	13.3905
XM_017023010.2	2674	2446.29	0.558832	0.0102805
XM_017023023.2	5810	5582.29	0	0
XM_017023024.2	3185	2957.29	94.6197	1.43989
XM_017023059.2	4560	4332.29	0	0
XM_017023060.2	5010	4782.29	28.2573	0.265911
XM_017023061.3	4494	4266.29	0	0
XM_017023063.2	3980	3752.29	0	0
XM_017023065.2	2067	1839.29	0	0
XM_017023066.3	15954	15726.3	0	0
XM_017023067.2	14022	13794.3	804.632	2.62506
XM_017023073.2	4028	3800.29	8.61393	0.102006
XM_017023078.2	7708	7480.29	0	0
XM_017023082.3	3531	3303.29	0	0
XM_017023084.2	4501	4273.29	0	0
XM_017023085.2	6533	6305.29	14.9979	0.107045
XM_017023087.2	6467	6239.29	146.847	1.05919
XM_017023089.3	2180	1952.29	0	0
XM_017023090.3	5189	4961.29	0.528527	0.00479418
XM_017023095.3	7707	7479.29	0	0
XM_017023097.3	3036	2808.29	9.10725	0.145944
XM_017023098.2	6876	6648.29	0	0
XM_017023099.2	6236	6008.29	34.3076	0.25697
XM_017023100.3	1954	1726.29	20.8746	0.544184
XM_017023107.2	1488	1260.29	41.9118	1.4966
XM_017023109.2	753	525.701	0	0
XM_017023112.3	7186	6958.29	13.9119	0.0899756
XM_017023113.2	5112	4884.29	45.2217	0.416666
XM_017023136.3	1408	1180.29	68.8548	2.62535
XM_017023137.2	1331	1103.29	0	0
XM_017023138.3	2761	2533.29	0	0
XM_017023139.3	2679	2451.29	0	0
XM_017023140.3	2548	2320.29	0	0
XM_017023144.3	8620	8392.29	0	0
XM_017023145.3	8584	8356.29	0	0
XM_017023146.2	8443	8215.29	0	0
XM_017023148.3	8476	8248.29	0	0
XM_017023150.3	8437	8209.29	0	0
XM_017023152.3	8227	7999.29	0	0
XM_017023153.2	8403	8175.29	37.2895	0.20527
XM_017023156.3	2398	2170.29	23.6059	0.489491
XM_017023160.2	3184	2956.29	0	0
XM_017023161.2	3136	2908.29	0	0
XM_017023163.2	3067	2839.29	0	0
XM_017023164.2	3055	2827.29	0	0
XM_017023165.2	3063	2835.29	0	0
XM_017023166.2	2994	2766.29	0	0
XM_017023172.2	14347	14119.3	0	0
XM_017023173.2	14007	13779.3	0	0
XM_017023174.2	3579	3351.29	23.1668	0.311097
XM_017023179.2	5319	5091.29	0.0294679	0.000260473
XM_017023180.2	5316	5088.29	135.867	1.20167
XM_017023188.3	6901	6673.29	0	0
XM_017023190.3	6296	6068.29	315.751	2.34164
XM_017023192.3	2566	2338.29	236.699	4.55554
XM_017023196.3	1779	1551.29	12.8044	0.371457
XM_017023198.2	1276	1048.29	0	0
XM_017023200.3	6246	6018.29	9.20234	0.0688124
XM_017023201.2	4769	4541.29	0	0
XM_017023202.2	4177	3949.29	0	0
XM_017023203.2	3589	3361.29	0	0
XM_017023204.2	3378	3150.29	0	0
XM_017023205.3	1330	1102.29	1	0.0408268
XM_017023208.3	2084	1856.29	1.50468	0.0364787
XM_017023211.2	3456	3228.29	138.7	1.9335
XM_017023215.3	3898	3670.29	0	0
XM_017023216.2	2933	2705.29	0	0
XM_017023218.2	2268	2040.29	1.1314	0.0249555
XM_017023221.2	3709	3481.29	0	0
XM_017023224.2	3989	3761.29	11.0267	0.131932
XM_017023225.2	2953	2725.29	0	0
XM_017023233.3	2250	2022.29	15.9417	0.354758
XM_017023234.3	3317	3089.29	0	0
XM_017023235.3	4675	4447.29	0	0
XM_017023237.2	6425	6197.29	38.6759	0.280854
XM_017023247.2	3559	3331.29	0	0
XM_017023248.1	1882	1654.29	0.959832	0.0261111
XM_017023251.3	13049	12821.3	0	0
XM_017023257.3	4967	4739.29	28.7709	0.273201
XM_017023266.3	2810	2582.29	1.47807	0.0257591
XM_017023267.3	3125	2897.29	126.431	1.96383
XM_017023270.1	2251	2023.29	0	0
XM_017023280.2	1773	1545.29	0	0
XM_017023281.2	2783	2555.29	1.01928	0.0179513
XM_017023286.3	2222	1994.29	0	0
XM_017023287.3	2317	2089.29	0	0
XM_017023288.3	1530	1302.29	0	0
XM_017023289.2	1581	1353.29	0	0
XM_017023292.3	3024	2796.29	0	0
XM_017023296.3	5459	5231.29	2.58417	0.0222308
XM_017023297.3	5456	5228.29	15.451	0.132996
XM_017023298.3	3018	2790.29	0	0
XM_017023299.3	3606	3378.29	25.8711	0.344636
XM_017023300.3	2928	2700.29	10.5319	0.175524
XM_017023301.3	2925	2697.29	16.5051	0.27538
XM_017023304.3	2275	2047.29	51.1872	1.12518
XM_017023318.3	2041	1813.29	4.12662	0.102416
XM_017023320.3	1740	1512.29	0	0
XM_017023321.3	1637	1409.29	0	0
XM_017023349.3	3226	2998.29	1169.21	17.5493
XM_017023350.2	1298	1070.29	0	0
XM_017023352.3	1208	980.293	35.0099	1.60723
XM_017023353.3	3358	3130.29	176.461	2.53691
XM_017023354.3	3074	2846.29	58.2409	0.920854
XM_017023355.3	1169	941.293	32.0675	1.53314
XM_017023357.3	1338	1110.29	0	0
XM_017023358.3	3617	3389.29	41.6241	0.552685
XM_017023359.3	3611	3383.29	0	0
XM_017023360.3	3566	3338.29	56.7228	0.764673
XM_017023361.3	3597	3369.29	13.8394	0.18485
XM_017023362.3	3591	3363.29	0	0
XM_017023363.2	3742	3514.29	6.1693	0.0790024
XM_017023364.3	3546	3318.29	18.6584	0.253048
XM_017023365.2	3694	3466.29	0	0
XM_017023366.3	4187	3959.29	51.1927	0.581879
XM_017023367.3	3523	3295.29	74.763	1.02102
XM_017023369.3	3472	3244.29	103.974	1.44227
XM_017023371.3	3011	2783.29	23.4491	0.379148
XM_017023374.3	6250	6022.29	0	0
XM_017023375.3	6299	6071.29	0.000976969	7.24172e-06
XM_017023384.2	787	559.487	0	0
XM_017023388.3	2252	2024.29	32.8129	0.729481
XM_017023391.2	5004	4776.29	71.2837	0.671647
XM_017023396.2	3710	3482.29	0	0
XM_017023398.3	1565	1337.29	3.53823	0.11907
XM_017023399.3	1285	1057.29	29.3244	1.24818
XM_017023400.3	2170	1942.29	0	0
XM_017023401.2	1531	1303.29	0	0
XM_017023402.2	1354	1126.29	0	0
XM_017023406.2	5474	5246.29	0	0
XM_017023422.2	1515	1287.29	1.11477e-07	3.89716e-09
XM_017023426.2	12608	12380.3	0	0
XM_017023427.2	12500	12272.3	0	0
XM_017023428.2	12164	11936.3	0	0
XM_017023429.2	8109	7881.29	0	0
XM_017023430.2	6416	6188.29	0	0
XM_017023431.2	6406	6178.29	0	0
XM_017023432.2	12454	12226.3	0	0
XM_017023438.3	1231	1003.29	53.5096	2.40019
XM_017023444.2	4966	4738.29	1.9469e-05	1.84911e-07
XM_017023445.3	2343	2115.29	0	0
XM_017023446.2	2168	1940.29	0	0
XM_017023447.3	2232	2004.29	0	0
XM_017023448.2	2141	1913.29	0	0
XM_017023449.3	2157	1929.29	1.32448	0.030895
XM_017023456.3	893	665.361	0	0
XM_017023457.3	3861	3633.29	41.9243	0.519288
XM_017023459.3	3254	3026.29	65.2054	0.969649
XM_017023460.3	838	610.427	232.713	17.1565
XM_017023471.2	2383	2155.29	0	0
XM_017023473.3	2453	2225.29	0	0
XM_017023474.2	2336	2108.29	0	0
XM_017023475.2	1804	1576.29	0	0
XM_017023476.2	1696	1468.29	0	0
XM_017023478.2	1679	1451.29	4.68493	0.145275
XM_017023486.3	1349	1121.29	40.8539	1.63967
XM_017023488.3	1331	1103.29	2.86373	0.116811
XM_017023493.2	5874	5646.29	2.04789	0.0163225
XM_017023494.2	6617	6389.29	68.4508	0.482135
XM_017023495.2	5856	5628.29	105.566	0.844095
XM_017023497.3	17108	16880.3	20.1737	0.0537835
XM_017023498.3	10012	9784.29	511.392	2.35216
XM_017023499.3	9816	9588.29	0.00162112	7.60878e-06
XM_017023501.3	8795	8567.29	28.4656	0.149527
XM_017023502.1	8838	8610.29	177.413	0.92728
XM_017023503.3	10756	10528.3	78.3742	0.33501
XM_017023504.2	8681	8453.29	10.7981	0.0574862
XM_017023511.2	5185	4957.29	86.991	0.789718
XM_017023523.3	2505	2277.29	0	0
XM_017023525.2	2602	2374.29	0	0
XM_017023527.2	5366	5138.29	0	0
XM_017023528.1	4245	4017.29	0	0
XM_017023529.2	4495	4267.29	0	0
XM_017023530.2	973	745.293	0	0
XM_017023532.2	3066	2838.29	85.2673	1.35197
XM_017023536.2	3896	3668.29	0	0
XM_017023537.2	3790	3562.29	0	0
XM_017023539.3	3098	2870.29	92.9513	1.45738
XM_017023545.2	1312	1084.29	0	0
XM_017023547.2	1056	828.293	0	0
XM_017023556.2	3050	2822.29	0.663441	0.0105789
XM_017023558.1	2081	1853.29	172.564	4.19034
XM_017023561.2	1221	993.293	1	0.0453069
XM_017023564.3	2831	2603.29	25.4817	0.440502
XM_017023565.2	2409	2181.29	19.973	0.41207
XM_017023566.2	2405	2177.29	58.4752	1.20864
XM_017023569.2	4091	3863.29	67.5652	0.787059
XM_017023571.2	2914	2686.29	6.64478	0.111319
XM_017023572.3	2911	2683.29	0.00516737	8.6665e-05
XM_017023582.3	3507	3279.29	0	0
XM_017023583.3	1807	1579.29	10.484	0.298749
XM_017023591.2	1743	1515.29	0	0
XM_017023594.2	1754	1526.29	0	0
XM_017023598.2	1781	1553.29	71.3281	2.06657
XM_017023604.2	1663	1435.29	0	0
XM_017023605.2	1660	1432.29	0	0
XM_017023608.2	1587	1359.29	0	0
XM_017023610.2	1782	1554.29	0	0
XM_017023620.3	2849	2621.29	98.5453	1.69185
XM_017023621.2	2204	1976.29	0	0
XM_017023622.2	1684	1456.29	0	0
XM_017023625.2	1517	1289.29	0	0
XM_017023631.3	2396	2168.29	0	0
XM_017023634.3	1750	1522.29	11.8208	0.349454
XM_017023637.3	1627	1399.29	0	0
XM_017023643.3	1535	1307.29	21.3312	0.734317
XM_017023644.3	1106	878.293	6.17739	0.316525
XM_017023645.3	1174	946.293	0	0
XM_017023651.3	3483	3255.29	2.31061	0.0319432
XM_017023654.3	1723	1495.29	0	0
XM_017023656.3	59975	59747.3	73.5295	0.0553842
XM_017023657.3	2228	2000.29	9.66331	0.217408
XM_017023659.3	4593	4365.29	7.52594	0.0775871
XM_017023660.2	4859	4631.29	3.41158	0.0331509
XM_017023665.3	2598	2370.29	175.971	3.34103
XM_017023666.2	2247	2019.29	0	0
XM_017023676.2	2338	2110.29	36.1451	0.770813
XM_017023681.3	2910	2682.29	69.4118	1.16458
XM_017023703.2	2626	2398.29	0	0
XM_017023704.1	2623	2395.29	17.5255	0.329272
XM_017023707.3	1643	1415.29	0	0
XM_017023708.2	2716	2488.29	0	0
XM_017023717.2	1426	1198.29	544.448	20.4473
XM_017023719.2	11743	11515.3	4.40247	0.0172054
XM_017023720.2	11646	11418.3	0.000734112	2.89337e-06
XM_017023724.2	11593	11365.3	9.10294	0.0360448
XM_017023729.2	3079	2851.29	0.0219202	0.000345975
XM_017023731.2	1317	1089.29	14.1263	0.583616
XM_017023732.2	2177	1949.29	0.712202	0.0164425
XM_017023733.2	3883	3655.29	92.205	1.13521
XM_017023739.3	2614	2386.29	0	0
XM_017023740.2	7228	7000.29	32.9979	0.212135
XM_017023741.2	3727	3499.29	0	0
XM_017023745.3	2629	2401.29	0	0
XM_017023746.2	3276	3048.29	43.048	0.635534
XM_017023747.2	1744	1516.29	5.03617	0.149472
XM_017023748.2	1899	1671.29	0	0
XM_017023750.3	2321	2093.29	0	0
XM_017023751.2	2234	2006.29	2.89108	0.0648497
XM_017023752.2	2137	1909.29	0	0
XM_017023754.2	2402	2174.29	0	0
XM_017023755.3	2157	1929.29	433.662	10.1157
XM_017023756.2	2028	1800.29	0.000301872	7.54609e-06
XM_017023760.3	4155	3927.29	8.09793	0.0927947
XM_017023761.2	3006	2778.29	37.3423	0.604875
XM_017023762.2	3036	2808.29	0	0
XM_017023763.3	2912	2684.29	1.52293	0.0255324
XM_017023764.2	2934	2706.29	0	0
XM_017023765.3	2855	2627.29	3.06351e-06	5.2475e-08
XM_017023770.2	4308	4080.29	68.6327	0.756976
XM_017023790.2	4463	4235.29	0	0
XM_017023793.2	2676	2448.29	6.29535	0.115717
XM_017023794.2	5908	5680.29	17.2501	0.136667
XM_017023797.3	5772	5544.29	0	0
XM_017023798.3	5726	5498.29	0	0
XM_017023799.3	6048	5820.29	5.53269e-07	4.27793e-09
XM_017023800.3	5812	5584.29	2.15004	0.0173269
XM_017023801.3	5786	5558.29	0	0
XM_017023802.3	5070	4842.29	0	0
XM_017023806.2	1752	1524.29	0	0
XM_017023807.3	1615	1387.29	0	0
XM_017023810.2	2044	1816.29	158.376	3.92415
XM_017023814.3	3091	2863.29	0	0
XM_017023819.2	8195	7967.29	0.150411	0.000849592
XM_017023820.2	5590	5362.29	0	0
XM_017023821.2	5501	5273.29	2.47126	0.0210901
XM_017023845.2	3776	3548.29	54.3365	0.689151
XM_017023847.2	3686	3458.29	0	0
XM_017023849.2	1470	1242.29	0	0
XM_017023852.3	1558	1330.29	0	0
XM_017023855.3	1462	1234.29	4.79322	0.174764
XM_017023856.3	1664	1436.29	17.8335	0.558772
XM_017023868.2	3622	3394.29	0	0
XM_017023870.2	2591	2363.29	0.0676053	0.00128738
XM_017023873.3	9996	9768.29	0	0
XM_017023874.2	9774	9546.29	7.67438	0.0361785
XM_017023876.3	1956	1728.29	0	0
XM_017023879.3	4940	4712.29	0	0
XM_017023880.3	4904	4676.29	30.1541	0.290193
XM_017023881.3	4883	4655.29	104.459	1.00981
XM_017023882.3	1573	1345.29	0	0
XM_017023883.3	1588	1360.29	14.9543	0.494739
XM_017023889.2	2006	1778.29	91.565	2.31723
XM_017023892.2	4283	4055.29	32.1969	0.357301
XM_017023894.2	1742	1514.29	16.2906	0.484138
XM_017023900.3	7760	7532.29	1.36837e-08	8.17559e-11
XM_017023901.3	7757	7529.29	0	0
XM_017023902.3	7571	7343.29	2.12131e-07	1.30003e-09
XM_017023903.3	7304	7076.29	0.0331568	0.000210867
XM_017023904.3	7301	7073.29	157.572	1.00254
XM_017023905.3	7196	6968.29	2.63754	0.0170339
XM_017023906.3	7193	6965.29	6.28734	0.0406228
XM_017023907.2	2290	2062.29	12.8239	0.279842
XM_017023908.2	6443	6215.29	9.30915	0.0674048
XM_017023909.2	5952	5724.29	196.905	1.54802
XM_017023912.2	10007	9779.29	0	0
XM_017023913.3	4123	3895.29	70.0111	0.808853
XM_017023946.1	8138	7910.29	1.59456	0.00907174
XM_017023951.2	1750	1522.29	0	0
XM_017023956.2	1748	1520.29	0	0
XM_017023960.1	927	699.293	0	0
XM_017023961.2	1959	1731.29	1.13439	0.0294873
XM_017023963.3	1774	1546.29	2	0.0582077
XM_017023977.2	3334	3106.29	0	0
XM_017023978.3	1859	1631.29	0	0
XM_017023980.3	1680	1452.29	0	0
XM_017023981.3	1542	1314.29	0	0
XM_017023982.3	1072	844.293	0	0
XM_017023997.2	1475	1247.29	1.09502	0.0395091
XM_017023998.2	965	737.293	0	0
XM_017023999.2	772	544.487	0	0
XM_017024000.2	1193	965.293	0	0
XM_017024001.2	1463	1235.29	0	0
XM_017024003.1	1308	1080.29	0	0
XM_017024010.3	2857	2629.29	4.70801	0.0805825
XM_017024011.2	6410	6182.29	0	0
XM_017024012.2	5078	4850.29	0	0
XM_017024013.2	5034	4806.29	0	0
XM_017024015.3	4661	4433.29	4.84392	0.0491714
XM_017024016.2	803	575.487	2.26765	0.17733
XM_017024017.2	3134	2906.29	0	0
XM_017024018.2	3530	3302.29	0	0
XM_017024019.2	3173	2945.29	3.13115	0.0478429
XM_017024020.3	3683	3455.29	0	0
XM_017024021.3	2468	2240.29	0	0
XM_017024022.2	8790	8562.29	0	0
XM_017024027.2	7411	7183.29	103.028	0.645469
XM_017024028.3	7349	7121.29	3.69201e-07	2.33317e-09
XM_017024033.3	1147	919.293	2.61101	0.127819
XM_017024035.2	2089	1861.29	0	0
XM_017024036.3	2077	1849.29	0	0
XM_017024037.2	2074	1846.29	0	0
XM_017024038.3	1894	1666.29	0	0
XM_017024039.2	1891	1663.29	0	0
XM_017024040.3	1795	1567.29	0	0
XM_017024041.3	2765	2537.29	12.6852	0.224994
XM_017024042.2	3066	2838.29	34.5466	0.54776
XM_017024044.2	5341	5113.29	0	0
XM_017024048.3	5611	5383.29	0	0
XM_017024049.3	5608	5380.29	0	0
XM_017024050.2	5152	4924.29	3.81354	0.0348519
XM_017024051.3	5545	5317.29	857.749	7.25958
XM_017024053.3	5346	5118.29	11.8373	0.10408
XM_017024054.3	5452	5224.29	110.609	0.952806
XM_017024055.3	5356	5128.29	66.5251	0.583788
XM_017024063.2	7434	7206.29	1.74495	0.0108972
XM_017024064.2	7349	7121.29	2750.35	17.3809
XM_017024065.2	7206	6978.29	20.8356	0.134369
XM_017024066.2	8260	8032.29	22.6228	0.12675
XM_017024067.3	7443	7215.29	2.154e-08	1.34349e-10
XM_017024068.2	7416	7188.29	3.80791	0.0238399
XM_017024069.2	7211	6983.29	2.67513	0.0172396
XM_017024073.1	1030	802.293	20.5377	1.15202
XM_017024077.1	8510	8282.29	0.687986	0.00373828
XM_017024081.3	8421	8193.29	0	0
XM_017024082.2	8408	8180.29	124.745	0.68627
XM_017024083.2	8378	8150.29	1.94608	0.0107456
XM_017024084.2	8375	8147.29	2.75143	0.015198
XM_017024086.2	8309	8081.29	19.9468	0.11108
XM_017024087.2	8306	8078.29	28.048	0.156252
XM_017024089.2	8273	8045.29	31.6794	0.177206
XM_017024093.3	8105	7877.29	89.4259	0.510891
XM_017024094.2	8102	7874.29	63.0095	0.360111
XM_017024095.2	8078	7850.29	3.36131	0.0192692
XM_017024097.2	8006	7778.29	13.4624	0.0778899
XM_017024098.3	8003	7775.29	19.1718	0.110966
XM_017024100.2	7967	7739.29	30.703	0.178535
XM_017024101.2	7964	7736.29	21.1147	0.122827
XM_017024102.1	7868	7640.29	0.668798	0.00393937
XM_017024104.3	7769	7541.29	0.172437	0.00102903
XM_017024106.2	7772	7544.29	0.118113	0.000704564
XM_017024110.2	6413	6185.29	39.0081	0.283816
XM_017024115.2	2836	2608.29	0	0
XM_017024116.2	2132	1904.29	15.8617	0.374851
XM_017024120.3	4721	4493.29	4.02206	0.0402834
XM_017024126.1	3084	2856.29	11.2462	0.177193
XM_017024128.2	3935	3707.29	1.16735e-08	1.41705e-10
XM_017024129.2	3398	3170.29	0	0
XM_017024134.3	4042	3814.29	0	0
XM_017024135.2	4066	3838.29	0	0
XM_017024137.3	4000	3772.29	0	0
XM_017024138.2	2791	2563.29	102.457	1.79882
XM_017024141.2	3061	2833.29	527.028	8.37113
XM_017024143.2	2449	2221.29	101.466	2.05569
XM_017024148.2	15244	15016.3	3.22661	0.00966998
XM_017024150.2	3671	3443.29	0	0
XM_017024151.2	3668	3440.29	0	0
XM_017024152.2	3545	3317.29	0	0
XM_017024153.2	3542	3314.29	0	0
XM_017024154.2	3503	3275.29	0	0
XM_017024159.3	3544	3316.29	0	0
XM_017024160.2	4089	3861.29	0	0
XM_017024161.1	4178	3950.29	0	0
XM_017024166.3	891	663.427	0	0
XM_017024173.2	8722	8494.29	0.000382746	2.0278e-06
XM_017024175.3	3291	3063.29	0	0
XM_017024176.3	3005	2777.29	57.4314	0.930614
XM_017024179.3	8382	8154.29	10.3653	0.0572053
XM_017024184.2	6885	6657.29	122.891	0.830739
XM_017024185.2	2300	2072.29	29.771	0.646524
XM_017024187.2	10244	10016.3	0	0
XM_017024190.2	4226	3998.29	0	0
XM_017024191.3	4125	3897.29	0	0
XM_017024192.3	10153	9925.29	0.000626748	2.84179e-06
XM_017024196.3	1291	1063.29	14.0459	0.594483
XM_017024197.3	1443	1215.29	3.2789	0.12142
XM_017024204.3	3198	2970.29	241.351	3.65673
XM_017024208.2	2277	2049.29	0	0
XM_017024209.2	2224	1996.29	0	0
XM_017024211.3	2929	2701.29	0	0
XM_017024212.3	1766	1538.29	0	0
XM_017024219.2	11627	11399.3	0	0
XM_017024221.2	2249	2021.29	0	0
XM_017024222.3	2966	2738.29	0	0
XM_017024223.2	1434	1206.29	0	0
XM_017024224.2	1347	1119.29	0	0
XM_017024225.2	1199	971.293	0	0
XM_017024226.2	1385	1157.29	0	0
XM_017024227.2	1966	1738.29	0	0
XM_017024233.2	9458	9230.29	42.568	0.207544
XM_017024234.2	5433	5205.29	0	0
XM_017024236.3	2243	2015.29	38.3577	0.856557
XM_017024263.2	9410	9182.29	0	0
XM_017024265.3	9643	9415.29	0	0
XM_017024266.2	9618	9390.29	0	0
XM_017024267.2	9251	9023.29	0	0
XM_017024269.2	9388	9160.29	3.9484	0.0193979
XM_017024273.2	4880	4652.29	0	0
XM_017024274.2	4868	4640.29	0	0
XM_017024275.2	4745	4517.29	0	0
XM_017024276.2	4721	4493.29	0	0
XM_017024277.2	4469	4241.29	0	0
XM_017024278.2	4496	4268.29	0	0
XM_017024280.2	4520	4292.29	0	0
XM_017024284.3	5827	5599.29	646.66	5.19739
XM_017024287.3	2645	2417.29	5.36872	0.0999503
XM_017024292.3	13639	13411.3	0	0
XM_017024293.2	11703	11475.3	0	0
XM_017024294.2	10217	9989.29	0	0
XM_017024295.2	7734	7506.29	0	0
XM_017024301.3	1509	1281.29	47.4451	1.66642
XM_017024305.3	3920	3692.29	0.166649	0.00203119
XM_017024308.2	4074	3846.29	35.9475	0.420599
XM_017024309.3	3445	3217.29	115.056	1.60938
XM_017024310.3	2574	2346.29	36.7018	0.703959
XM_017024322.3	4371	4143.29	0	0
XM_017024330.2	3025	2797.29	11.7011	0.188247
XM_017024332.1	2755	2527.29	0	0
XM_017024333.2	2712	2484.29	14.3593	0.260119
XM_017024334.3	2698	2470.29	4.47347	0.0814963
XM_017024335.2	2561	2333.29	0	0
XM_017024340.3	2969	2741.29	4.98916	0.0819057
XM_017024341.3	3085	2857.29	2.61092	0.0411227
XM_017024342.2	1003	775.293	0	0
XM_017024344.2	3143	2915.29	0.101081	0.00156038
XM_017024345.3	1342	1114.29	0	0
XM_017024353.3	11206	10978.3	0.0399582	0.0001638
XM_017024354.3	12792	12564.3	0	0
XM_017024360.3	4611	4383.29	0	0
XM_017024365.2	3325	3097.29	0	0
XM_017024368.2	4350	4122.29	20.0004	0.218345
XM_017024371.2	6689	6461.29	0	0
XM_017024373.2	7879	7651.29	41.4389	0.243734
XM_017024382.2	9136	8908.29	0	0
XM_017024383.2	9133	8905.29	0	0
XM_017024384.2	4937	4709.29	149.031	1.42417
XM_017024394.2	2535	2307.29	1.41643e-07	2.76271e-09
XM_017024398.2	4163	3935.29	5.64732	0.0645814
XM_017024399.3	3270	3042.29	336.729	4.98106
XM_017024410.2	15644	15416.3	0	0
XM_017024411.3	15638	15410.3	0	0
XM_017024413.2	15345	15117.3	0	0
XM_017024414.3	1265	1037.29	0	0
XM_017024416.3	2584	2356.29	0	0
XM_017024417.3	2631	2403.29	0	0
XM_017024418.3	4076	3848.29	3.13358e-05	3.6645e-07
XM_017024419.3	2555	2327.29	0	0
XM_017024420.2	4047	3819.29	0.999969	0.0117827
XM_017024421.3	2602	2374.29	0	0
XM_017024422.2	1149	921.293	0	0
XM_017024423.2	2245	2017.29	0	0
XM_017024429.2	12019	11791.3	33.9765	0.129676
XM_017024430.3	29872	29644.3	14.89	0.0226046
XM_017024434.2	5227	4999.29	129.524	1.16596
XM_017024437.2	1927	1699.29	0.00183875	4.86963e-05
XM_017024438.2	590	365.061	14.5148	1.78932
XM_017024446.2	2024	1796.29	0	0
XM_017024458.3	4070	3842.29	0	0
XM_017024459.2	2148	1920.29	0	0
XM_017024461.2	1916	1688.29	0	0
XM_017024462.3	3940	3712.29	0	0
XM_017024463.3	3796	3568.29	0	0
XM_017024464.3	4618	4390.29	0	0
XM_017024467.3	4024	3796.29	0	0
XM_017024469.3	3687	3459.29	0	0
XM_017024473.2	4404	4176.29	10.5266	0.113433
XM_017024474.3	2964	2736.29	0	0
XM_017024484.2	2223	1995.29	0.00336401	7.5874e-05
XM_017024490.2	2721	2493.29	0	0
XM_017024491.3	2830	2602.29	0	0
XM_017024492.2	2967	2739.29	0	0
XM_017024493.3	2901	2673.29	0	0
XM_017024495.3	2359	2131.29	0	0
XM_017024502.3	2108	1880.29	0	0
XM_017024505.2	2760	2532.29	21.6528	0.384807
XM_017024507.2	2957	2729.29	0	0
XM_017024508.2	2506	2278.29	0	0
XM_017024510.2	920	692.293	0	0
XM_017024513.2	1399	1171.29	0	0
XM_017024521.2	3092	2864.29	0	0
XM_017024524.3	2006	1778.29	0.0169539	0.00042905
XM_017024525.2	2120	1892.29	0.410381	0.00975979
XM_017024527.3	1916	1688.29	12.4908	0.332954
XM_017024531.3	2001	1773.29	0.0339571	0.000861772
XM_017024551.2	8156	7928.29	374.009	2.12297
XM_017024552.2	8051	7823.29	439.423	2.52776
XM_017024560.2	12623	12395.3	1.4319e-06	5.19874e-09
XM_017024565.2	853	625.427	0	0
XM_017024566.2	830	602.427	0	0
XM_017024567.2	809	581.487	0	0
XM_017024568.2	638	412.014	0	0
XM_017024569.2	679	452.316	0	0
XM_017024571.2	911	683.293	0	0
XM_017024574.2	884	656.427	16.1259	1.10555
XM_017024577.2	7223	6995.29	0	0
XM_017024578.2	7090	6862.29	1.98079	0.0129901
XM_017024579.2	7113	6885.29	0.0201625	0.000131785
XM_017024580.2	3445	3217.29	0	0
XM_017024581.2	3280	3052.29	0	0
XM_017024583.2	1358	1130.29	0	0
XM_017024584.2	1182	954.293	0	0
XM_017024590.2	3189	2961.29	0	0
XM_017024591.2	4218	3990.29	1	0.0112781
XM_017024592.2	3842	3614.29	0	0
XM_017024609.2	4386	4158.29	0	0
XM_017024610.2	4121	3893.29	0	0
XM_017024614.3	1392	1164.29	0	0
XM_017024616.2	1919	1691.29	22.9097	0.609598
XM_017024619.2	3143	2915.29	14.5599	0.22476
XM_017024620.2	3633	3405.29	0	0
XM_017024621.2	5270	5042.29	0	0
XM_017024622.2	2192	1964.29	0	0
XM_017024624.2	8705	8477.29	199.257	1.05779
XM_017024626.2	3597	3369.29	0	0
XM_017024636.3	5826	5598.29	7.26616	0.0584106
XM_017024641.3	3759	3531.29	0	0
XM_017024643.3	4849	4621.29	2.729	0.0265755
XM_017024645.2	1821	1593.29	21.8744	0.61785
XM_017024651.2	1492	1264.29	0	0
XM_017024654.3	7688	7460.29	307.22	1.85326
XM_017024656.2	2125	1897.29	1.1675e-05	2.76928e-07
XM_017024658.2	1241	1013.29	0	0
XM_017024661.2	5562	5334.29	0	0
XM_017024662.2	6236	6008.29	0	0
XM_017024663.3	6209	5981.29	41.3179	0.310874
XM_017024665.2	4802	4574.29	0	0
XM_017024667.2	3532	3304.29	0.0114875	0.000156454
XM_017024669.3	4336	4108.29	0.118877	0.00130221
XM_017024670.3	4270	4042.29	1.43507	0.0159767
XM_017024673.3	2392	2164.29	0	0
XM_017024675.2	6019	5791.29	0.720433	0.00559836
XM_017024676.2	6130	5902.29	0	0
XM_017024683.2	971	743.293	0	0
XM_017024685.3	4038	3810.29	5.98504	0.0706889
XM_017024687.2	1690	1462.29	0	0
XM_017024701.2	5384	5156.29	125.939	1.09917
XM_017024703.1	1259	1031.29	0	0
XM_017024704.1	5095	4867.29	0.142343	0.0013161
XM_017024705.1	5044	4816.29	81.7307	0.763686
XM_017024706.1	4990	4762.29	1.30434	0.0123258
XM_017024707.3	5018	4790.29	0	0
XM_017024708.2	5036	4808.29	47.4898	0.44448
XM_017024709.2	4136	3908.29	0	0
XM_017024713.3	1699	1471.29	1.13508	0.0347191
XM_017024714.3	11594	11366.3	20.9893	0.0831038
XM_017024715.3	11657	11429.3	0.0107371	4.22774e-05
XM_017024716.3	2307	2079.29	9.17523	0.198584
XM_017024721.2	1626	1398.29	5.70051	0.183467
XM_017024729.3	2240	2012.29	0	0
XM_017024730.3	2651	2423.29	50.3913	0.93582
XM_017024731.3	2374	2146.29	0.577839	0.012116
XM_017024732.3	2297	2069.29	3.13359	0.0681494
XM_017024733.2	7928	7700.29	0	0
XM_017024736.2	1007	779.293	0	0
XM_017024739.2	6759	6531.29	0	0
XM_017024741.2	6702	6474.29	0	0
XM_017024742.3	508	287.414	0	0
XM_017024743.2	489	269.721	0	0
XM_017024753.3	5770	5542.29	15.1773	0.123239
XM_017024763.2	2021	1793.29	0	0
XM_017024765.2	2308	2080.29	0	0
XM_017024777.2	4872	4644.29	5.31812	0.0515324
XM_017024778.2	2277	2049.29	33.2891	0.731039
XM_017024781.3	2416	2188.29	0	0
XM_017024797.2	4301	4073.29	68.7711	0.759805
XM_017024798.3	6571	6343.29	16.9254	0.120079
XM_017024799.3	5307	5079.29	28.9721	0.256696
XM_017024800.3	5394	5166.29	4.00593	0.0348952
XM_017024801.3	1532	1304.29	0	0
XM_017024802.3	1590	1362.29	42.0227	1.38821
XM_017024808.2	3891	3663.29	7.69591	0.0945432
XM_017024815.2	1720	1492.29	0	0
XM_017024816.2	1761	1533.29	0	0
XM_017024836.3	3966	3738.29	18.5918	0.223816
XM_017024837.2	8607	8379.29	34.1505	0.183414
XM_017024843.2	1530	1302.29	0	0
XM_017024846.3	5238	5010.29	194.857	1.75023
XM_017024847.3	5350	5122.29	5.67643	0.0498716
XM_017024857.3	2621	2393.29	10.2766	0.19324
XM_017024859.2	2484	2256.29	128.47	2.56242
XM_017024877.2	4489	4261.29	94.6031	0.999094
XM_017024896.3	10768	10540.3	0	0
XM_017024897.2	4808	4580.29	208.413	2.04773
XM_017024901.2	5511	5283.29	0	0
XM_017024905.3	20127	19899.3	45.7825	0.103539
XM_017024913.2	2929	2701.29	6.31331	0.105179
XM_017024921.3	2358	2130.29	0	0
XM_017024922.3	2055	1827.29	0	0
XM_017024923.3	2084	1856.29	0	0
XM_017024924.3	1874	1646.29	0	0
XM_017024925.3	1850	1622.29	0.62245	0.017267
XM_017024928.3	1315	1087.29	0	0
XM_017024935.2	5302	5074.29	144.755	1.28381
XM_017024940.3	4449	4221.29	38.0681	0.405843
XM_017024941.3	4464	4236.29	48.1875	0.511906
XM_017024944.2	925	697.293	1.50292	0.0969982
XM_017024945.3	3671	3443.29	0	0
XM_017024947.3	1566	1338.29	0	0
XM_017024949.2	2510	2282.29	15.0674	0.297105
XM_017024953.3	5265	5037.29	0	0
XM_017024954.2	1817	1589.29	0	0
XM_017024955.2	1451	1223.29	1	0.0367885
XM_017024956.2	2983	2755.29	0	0
XM_017024957.2	2550	2322.29	0	0
XM_017024958.2	2549	2321.29	14.8928	0.288728
XM_017024962.2	4306	4078.29	167.472	1.84802
XM_017024966.2	3337	3109.29	0	0
XM_017024968.2	4307	4079.29	63.5142	0.700694
XM_017024973.3	2377	2149.29	223.082	4.67102
XM_017024977.2	4922	4694.29	147.59	1.41491
XM_017024980.2	6277	6049.29	0	0
XM_017024981.2	4176	3948.29	5.81017	0.0662249
XM_017024982.1	4074	3846.29	12.2918	0.143819
XM_017024983.2	3976	3748.29	12.2042	0.146528
XM_017024985.2	4012	3784.29	39.9261	0.474804
XM_017024987.2	7021	6793.29	103.992	0.688906
XM_017024988.2	8280	8052.29	0.900949	0.00503527
XM_017024989.2	5407	5179.29	1.07316e-08	9.32474e-11
XM_017024990.3	5785	5557.29	0	0
XM_017024993.3	3692	3464.29	80.3506	1.0438
XM_017024994.3	2028	1800.29	0	0
XM_017025010.3	4272	4044.29	32.318	0.35962
XM_017025011.3	2670	2442.29	0	0
XM_017025013.2	3298	3070.29	11.4521	0.167861
XM_017025014.2	3283	3055.29	8.84712	0.130314
XM_017025015.2	887	659.427	7.92512	0.540855
XM_017025016.2	3938	3710.29	0	0
XM_017025018.2	4707	4479.29	0.0192975	0.000193881
XM_017025024.2	3689	3461.29	9.47908	0.123245
XM_017025025.2	3415	3187.29	0	0
XM_017025034.2	3512	3284.29	70.0899	0.960408
XM_017025063.2	1511	1283.29	0	0
XM_017025064.2	1599	1371.29	0	0
XM_017025065.3	1881	1653.29	13.6789	0.372342
XM_017025080.3	3407	3179.29	0	0
XM_017025084.2	2277	2049.29	0	0
XM_017025087.2	2259	2031.29	0	0
XM_017025088.2	2256	2028.29	0	0
XM_017025089.3	3087	2859.29	0.00806617	0.000126955
XM_017025090.2	2239	2011.29	0	0
XM_017025092.3	2507	2279.29	4.41933	0.0872566
XM_017025093.2	1924	1696.29	0	0
XM_017025095.2	2137	1909.29	0	0
XM_017025096.2	2099	1871.29	0	0
XM_017025097.2	2116	1888.29	0	0
XM_017025099.2	2078	1850.29	0	0
XM_017025100.2	1772	1544.29	0	0
XM_017025101.3	1734	1506.29	0	0
XM_017025103.2	888	660.427	44.6539	3.04282
XM_017025107.2	2617	2389.29	37.2939	0.702442
XM_017025113.2	3027	2799.29	6.34862	0.102064
XM_017025114.2	3018	2790.29	10.3209	0.16646
XM_017025115.3	3161	2933.29	42.3665	0.649994
XM_017025116.2	2892	2664.29	0	0
XM_017025117.2	2847	2619.29	0	0
XM_017025120.3	9260	9032.29	0	0
XM_017025121.3	9245	9017.29	0	0
XM_017025122.3	9224	8996.29	0	0
XM_017025123.3	9194	8966.29	0	0
XM_017025124.3	9134	8906.29	0	0
XM_017025125.3	8984	8756.29	0	0
XM_017025127.3	8573	8345.29	0	0
XM_017025128.3	8303	8075.29	0	0
XM_017025129.3	7535	7307.29	0	0
XM_017025130.3	7491	7263.29	0	0
XM_017025131.3	8961	8733.29	0	0
XM_017025135.3	6411	6183.29	0	0
XM_017025136.3	6762	6534.29	0	0
XM_017025137.3	6308	6080.29	0	0
XM_017025138.3	5624	5396.29	0	0
XM_017025140.3	5417	5189.29	0	0
XM_017025143.3	4700	4472.29	1.04952	0.0105609
XM_017025150.3	2898	2670.29	29.0131	0.488965
XM_017025155.2	2594	2366.29	69.7979	1.32744
XM_017025157.2	4239	4011.29	0	0
XM_017025158.3	4069	3841.29	1.27114	0.0148922
XM_017025159.3	4030	3802.29	0	0
XM_017025160.3	3868	3640.29	0	0
XM_017025166.3	1709	1481.29	114.002	3.46349
XM_017025169.2	7994	7766.29	0	0
XM_017025170.2	7261	7033.29	0	0
XM_017025171.2	7138	6910.29	0	0
XM_017025172.2	7036	6808.29	0	0
XM_017025173.2	5593	5365.29	3.01433	0.0252837
XM_017025175.2	3275	3047.29	0	0
XM_017025176.3	3833	3605.29	0	0
XM_017025177.2	3167	2939.29	0	0
XM_017025178.3	3725	3497.29	0	0
XM_017025179.3	3707	3479.29	0	0
XM_017025180.3	3733	3505.29	0	0
XM_017025182.2	3267	3039.29	5.39434	0.0798744
XM_017025183.2	4325	4097.29	28.4752	0.312761
XM_017025184.2	2602	2374.29	58.7822	1.11418
XM_017025186.2	2637	2409.29	70.7369	1.32129
XM_017025188.2	2450	2222.29	0	0
XM_017025192.2	4288	4060.29	0	0
XM_017025193.2	4230	4002.29	14.3208	0.161028
XM_017025205.2	4107	3879.29	0	0
XM_017025207.3	5912	5684.29	0	0
XM_017025216.3	1695	1467.29	0	0
XM_017025217.3	1373	1145.29	0	0
XM_017025218.2	2054	1826.29	0	0
XM_017025227.2	1555	1327.29	0	0
XM_017025229.2	3273	3045.29	0	0
XM_017025230.2	3027	2799.29	0	0
XM_017025231.2	1359	1131.29	0	0
XM_017025233.2	6915	6687.29	72.7287	0.489438
XM_017025236.2	4009	3781.29	0	0
XM_017025237.2	2288	2060.29	0	0
XM_017025243.3	8980	8752.29	91.0911	0.468378
XM_017025244.3	8781	8553.29	0	0
XM_017025248.2	8899	8671.29	5.06481e-07	2.62858e-09
XM_017025249.2	4991	4763.29	0	0
XM_017025253.3	1875	1647.29	0.000239733	6.54936e-06
XM_017025258.2	1301	1073.29	0	0
XM_017025263.3	1929	1701.29	75.4793	1.9966
XM_017025264.3	1990	1762.29	55.7257	1.42305
XM_017025279.2	2302	2074.29	9.10128	0.197458
XM_017025280.3	1788	1560.29	0	0
XM_017025283.3	7892	7664.29	8.61744	0.0505997
XM_017025284.3	7853	7625.29	0.300357	0.00177265
XM_017025285.3	7700	7472.29	322.167	1.9403
XM_017025286.2	1430	1202.29	24.9673	0.934553
XM_017025288.3	2657	2429.29	33.8177	0.626478
XM_017025292.3	3669	3441.29	0	0
XM_017025300.2	4087	3859.29	7.16128e-06	8.35074e-08
XM_017025302.2	1407	1179.29	0	0
XM_017025303.1	1943	1715.29	0	0
XM_017025311.2	837	609.427	20.8153	1.5371
XM_017025315.2	2794	2566.29	0	0
XM_017025319.2	8279	8051.29	0	0
XM_017025321.2	8074	7846.29	13.1649	0.0755086
XM_017025325.2	5009	4781.29	0	0
XM_017025339.2	4214	3986.29	0	0
XM_017025340.2	3986	3758.29	0	0
XM_017025341.2	3881	3653.29	1	0.0123185
XM_017025342.1	8439	8211.29	0	0
XM_017025357.2	7113	6885.29	0	0
XM_017025358.2	6575	6347.29	13.3375	0.0945645
XM_017025359.2	6426	6198.29	0	0
XM_017025360.2	6476	6248.29	25.2308	0.181724
XM_017025361.3	6682	6454.29	210.348	1.46667
XM_017025364.3	6604	6376.29	6.17728e-06	4.35984e-08
XM_017025373.1	4236	4008.29	0	0
XM_017025374.3	6492	6264.29	0	0
XM_017025375.3	5963	5735.29	1.44339	0.0113258
XM_017025376.3	5957	5729.29	48.0401	0.377351
XM_017025378.2	1080	852.293	0	0
XM_017025383.3	1401	1173.29	0	0
XM_017025386.2	942	714.293	0	0
XM_017025387.2	939	711.293	0	0
XM_017025389.2	4709	4481.29	16.0838	0.16152
XM_017025392.2	1431	1203.29	8.65606	0.323736
XM_017025396.3	11814	11586.3	101.153	0.392897
XM_017025397.3	11579	11351.3	34.1053	0.135213
XM_017025400.3	11811	11583.3	0.000223419	8.68022e-07
XM_017025401.3	11576	11348.3	1.84225	0.00730568
XM_017025403.3	11049	10821.3	197.622	0.821861
XM_017025409.3	11046	10818.3	9.35315	0.0389082
XM_017025415.3	10780	10552.3	101.042	0.430921
XM_017025417.3	10735	10507.3	295.017	1.26357
XM_017025418.3	10597	10369.3	0	0
XM_017025419.3	10426	10198.3	0	0
XM_017025420.3	10378	10150.3	0	0
XM_017025425.3	3971	3743.29	30.4561	0.366153
XM_017025429.3	7688	7460.29	7.41041	0.0447022
XM_017025430.2	4877	4649.29	0	0
XM_017025432.2	3347	3119.29	26.1179	0.376812
XM_017025433.2	5504	5276.29	0	0
XM_017025434.2	5501	5273.29	0	0
XM_017025435.2	5492	5264.29	0	0
XM_017025436.2	5474	5246.29	0	0
XM_017025437.2	5462	5234.29	0	0
XM_017025438.2	5456	5228.29	0	0
XM_017025439.2	5444	5216.29	0	0
XM_017025440.3	5502	5274.29	61.2671	0.522764
XM_017025442.2	5414	5186.29	0	0
XM_017025443.2	5414	5186.29	0	0
XM_017025444.2	5411	5183.29	0	0
XM_017025446.2	5336	5108.29	0	0
XM_017025448.2	5324	5096.29	0	0
XM_017025451.2	6655	6427.29	1.44634e-06	1.01271e-08
XM_017025452.2	6407	6179.29	4.34907	0.0316738
XM_017025455.3	5109	4881.29	35.4796	0.327104
XM_017025474.3	4881	4653.29	0	0
XM_017025475.3	4110	3882.29	0	0
XM_017025479.3	10529	10301.3	34.7303	0.151726
XM_017025480.3	4805	4577.29	75.5718	0.743008
XM_017025484.3	5679	5451.29	400.927	3.30985
XM_017025485.3	5556	5328.29	97.8308	0.826285
XM_017025514.3	2868	2640.29	204.317	3.48253
XM_017025530.2	4493	4265.29	0	0
XM_017025549.2	720	492.802	0	0
XM_017025551.3	2923	2695.29	0	0
XM_017025555.2	5136	4908.29	70.555	0.646903
XM_017025557.2	6575	6347.29	125.822	0.892093
XM_017025558.2	6341	6113.29	86.2982	0.635285
XM_017025559.2	3780	3552.29	0	0
XM_017025560.2	2405	2177.29	0	0
XM_017025561.2	3189	2961.29	16.7438	0.254457
XM_017025567.3	6793	6565.29	44.2995	0.30366
XM_017025568.2	10175	9947.29	0.00313264	1.41726e-05
XM_017025569.2	10121	9893.29	5.45768	0.0248262
XM_017025574.2	1935	1707.29	58.4686	1.54119
XM_017025575.3	3818	3590.29	0	0
XM_017025604.3	8450	8222.29	14.5827	0.0798156
XM_017025606.3	5412	5184.29	0	0
XM_017025609.3	5153	4925.29	0	0
XM_017025610.2	22235	22007.3	13.1323	0.0268546
XM_017025611.2	20995	20767.3	14.2454	0.0308701
XM_017025612.2	8918	8690.29	944.479	4.89103
XM_017025615.2	5822	5594.29	98.1335	0.789431
XM_017025616.3	6140	5912.29	84.7918	0.645417
XM_017025619.2	3789	3561.29	86.9981	1.09937
XM_017025620.3	2690	2462.29	0	0
XM_017025626.2	3714	3486.29	0	0
XM_017025631.2	3660	3432.29	0	0
XM_017025661.3	11409	11181.3	85.0206	0.342196
XM_017025662.3	11404	11176.3	210.288	0.846756
XM_017025663.3	11346	11118.3	666.044	2.69592
XM_017025664.3	11340	11112.3	0.0141961	5.74919e-05
XM_017025666.3	11295	11067.3	100.905	0.410311
XM_017025669.3	10400	10172.3	26.547	0.117446
XM_017025671.3	6621	6393.29	24.4147	0.171857
XM_017025672.2	6221	5993.29	31.086	0.233422
XM_017025673.2	6218	5990.29	0	0
XM_017025674.3	6961	6733.29	17.7604	0.118705
XM_017025676.2	8903	8675.29	0	0
XM_017025677.2	8849	8621.29	0	0
XM_017025678.3	8628	8400.29	0	0
XM_017025679.3	8406	8178.29	16.579	0.0912302
XM_017025681.3	7896	7668.29	7.86558e-07	4.61609e-09
XM_017025683.1	5662	5434.29	21.8904	0.181282
XM_017025685.2	7651	7423.29	0	0
XM_017025687.2	3982	3754.29	0	0
XM_017025689.2	2590	2362.29	0	0
XM_017025691.2	1571	1343.29	0	0
XM_017025693.2	7590	7362.29	44.4419	0.271658
XM_017025694.2	7427	7199.29	0	0
XM_017025695.2	6865	6637.29	29.2117	0.198065
XM_017025697.3	4843	4615.29	0.827484	0.00806869
XM_017025698.3	4930	4702.29	44.2547	0.423537
XM_017025701.3	2791	2563.29	43.7537	0.768172
XM_017025702.3	928	700.293	0	0
XM_017025709.2	1952	1724.29	0	0
XM_017025710.2	1853	1625.29	2.92703	0.0810472
XM_017025712.2	851	623.427	0	0
XM_017025713.2	832	604.427	0.999987	0.0744548
XM_017025714.2	731	503.753	0	0
XM_017025718.3	2406	2178.29	133.633	2.76083
XM_017025724.2	2962	2734.29	0	0
XM_017025725.1	3673	3445.29	0	0
XM_017025726.2	4755	4527.29	0	0
XM_017025727.2	4582	4354.29	0	0
XM_017025728.3	4537	4309.29	0	0
XM_017025729.2	3828	3600.29	40.5567	0.506952
XM_017025730.2	4504	4276.29	0	0
XM_017025731.2	4492	4264.29	0	0
XM_017025732.2	4414	4186.29	0	0
XM_017025733.2	4381	4153.29	0	0
XM_017025734.2	3944	3716.29	0	0
XM_017025735.3	13953	13725.3	9.27312e-07	3.04051e-09
XM_017025736.3	14018	13790.3	0.00046135	1.50556e-06
XM_017025737.2	4009	3781.29	0	0
XM_017025742.2	2392	2164.29	0	0
XM_017025743.1	8372	8144.29	0	0
XM_017025744.2	6431	6203.29	7.15709	0.0519226
XM_017025749.2	11771	11543.3	11972	46.6744
XM_017025757.3	4689	4461.29	0	0
XM_017025770.3	4491	4263.29	124.914	1.31859
XM_017025776.3	4353	4125.29	87.107	0.950256
XM_017025781.2	4184	3956.29	0	0
XM_017025782.2	6359	6131.29	42.311	0.310558
XM_017025783.3	4764	4536.29	2.39046	0.023715
XM_017025784.1	5489	5261.29	36.5456	0.312597
XM_017025785.1	5116	4888.29	1.46627	0.0134989
XM_017025786.2	5438	5210.29	256.206	2.21294
XM_017025787.2	5233	5005.29	208.472	1.87439
XM_017025788.3	1549	1321.29	0	0
XM_017025793.2	2071	1843.29	0	0
XM_017025795.2	10091	9863.29	3.94978	0.0180216
XM_017025804.2	6943	6715.29	89.9025	0.602489
XM_017025809.2	5919	5691.29	453.297	3.58438
XM_017025810.2	6630	6402.29	0	0
XM_017025811.3	6754	6526.29	0	0
XM_017025815.2	6180	5952.29	0	0
XM_017025823.2	5659	5431.29	0	0
XM_017025824.2	5648	5420.29	0	0
XM_017025829.2	5377	5149.29	0	0
XM_017025830.2	5367	5139.29	0	0
XM_017025838.3	5460	5232.29	0	0
XM_017025839.3	4838	4610.29	0	0
XM_017025874.2	5577	5349.29	16.4755	0.138607
XM_017025875.2	2319	2091.29	12.5173	0.269363
XM_017025876.2	7230	7002.29	33.8541	0.217577
XM_017025879.2	10365	10137.3	0	0
XM_017025880.2	10112	9884.29	0	0
XM_017025881.2	33462	33234.3	23.0266	0.0311807
XM_017025884.2	1698	1470.29	57.1816	1.75023
XM_017025889.2	13454	13226.3	18.1261	0.061675
XM_017025891.2	13316	13088.3	74.4925	0.256137
XM_017025894.2	5307	5079.29	0	0
XM_017025895.2	5295	5067.29	0	0
XM_017025896.2	5268	5040.29	0	0
XM_017025897.2	5256	5028.29	0	0
XM_017025898.2	5244	5016.29	0	0
XM_017025899.2	5232	5004.29	0	0
XM_017025900.2	5217	4989.29	0	0
XM_017025901.2	5193	4965.29	0	0
XM_017025902.2	5181	4953.29	0	0
XM_017025903.2	5169	4941.29	0	0
XM_017025904.2	5142	4914.29	0	0
XM_017025909.2	4520	4292.29	3.24046	0.033975
XM_017025910.2	3097	2869.29	0	0
XM_017025911.2	3511	3283.29	0	0
XM_017025912.2	2501	2273.29	0	0
XM_017025913.2	7742	7514.29	0	0
XM_017025914.2	7137	6909.29	0	0
XM_017025917.3	1702	1474.29	0	0
XM_017025918.3	10613	10385.3	0	0
XM_017025919.2	3438	3210.29	9.59137	0.134455
XM_017025922.3	3641	3413.29	0	0
XM_017025923.3	3913	3685.29	1.07196	0.0130903
XM_017025924.3	3425	3197.29	28.1897	0.396781
XM_017025925.2	3546	3318.29	0	0
XM_017025927.3	3359	3131.29	20.7343	0.297995
XM_017025928.2	3480	3252.29	0	0
XM_017025929.3	3157	2929.29	13.2055	0.202878
XM_017025930.3	2216	1988.29	33.8946	0.767172
XM_017025931.2	1578	1350.29	118.248	3.94101
XM_017025932.2	2443	2215.29	0	0
XM_017025960.3	4532	4304.29	0	0
XM_017025961.2	8693	8465.29	0	0
XM_017025969.2	9540	9312.29	3.24229	0.0156689
XM_017025970.2	8001	7773.29	5.83084	0.0337574
XM_017025973.2	2549	2321.29	0	0
XM_017025974.2	2485	2257.29	0	0
XM_017025981.2	2491	2263.29	15.3966	0.306143
XM_017025982.2	3009	2781.29	0	0
XM_017025983.3	2766	2538.29	30.2553	0.536417
XM_017025989.2	7472	7244.29	0	0
XM_017025990.2	7579	7351.29	0	0
XM_017025991.2	7498	7270.29	0	0
XM_017025993.2	7343	7115.29	0	0
XM_017025994.2	7255	7027.29	0	0
XM_017025995.2	7171	6943.29	0	0
XM_017025996.2	7126	6898.29	0	0
XM_017026000.2	1587	1359.29	2.32522	0.0769827
XM_017026001.3	2557	2329.29	6.8922	0.133161
XM_017026003.2	2323	2095.29	0	0
XM_017026006.3	8582	8354.29	0	0
XM_017026007.2	5379	5151.29	0	0
XM_017026008.2	5543	5315.29	0	0
XM_017026009.2	5157	4929.29	0	0
XM_017026010.2	5385	5157.29	29.2661	0.255379
XM_017026011.2	4055	3827.29	0	0
XM_017026012.1	14777	14549.3	3.11866	0.00964646
XM_017026016.3	4380	4152.29	0	0
XM_017026017.2	3550	3322.29	0	0
XM_017026018.2	2846	2618.29	0	0
XM_017026022.2	6841	6613.29	1.09986	0.00748447
XM_017026023.2	1912	1684.29	0	0
XM_017026025.2	3331	3103.29	168	2.43629
XM_017026031.2	2635	2407.29	0	0
XM_017026035.3	5172	4944.29	0	0
XM_017026039.2	2284	2056.29	31.1952	0.682723
XM_017026045.2	2916	2688.29	0	0
XM_017026052.2	3548	3320.29	0	0
XM_017026053.2	3695	3467.29	0	0
XM_017026058.3	3422	3194.29	0	0
XM_017026062.2	5780	5552.29	0	0
XM_017026063.3	3267	3039.29	54.9224	0.813241
XM_017026064.2	8553	8325.29	0	0
XM_017026065.2	8170	7942.29	0	0
XM_017026066.2	8165	7937.29	0	0
XM_017026074.2	3429	3201.29	0	0
XM_017026077.2	2931	2703.29	0	0
XM_017026078.2	5374	5146.29	2.84827	0.0249075
XM_017026079.2	7102	6874.29	86.0851	0.563563
XM_017026080.2	5393	5165.29	0	0
XM_017026086.2	5854	5626.29	127.526	1.02005
XM_017026087.2	5905	5677.29	29.4995	0.233838
XM_017026090.2	10045	9817.29	8.45256	0.0387471
XM_017026091.2	4430	4202.29	0	0
XM_017026097.3	8693	8465.29	76.0833	0.404473
XM_017026099.2	6093	5865.29	89.3146	0.685291
XM_017026100.2	5893	5665.29	0	0
XM_017026101.2	5980	5752.29	0	0
XM_017026102.2	5633	5405.29	10.1618	0.0846043
XM_017026104.2	1995	1767.29	31.0612	0.790955
XM_017026105.3	5863	5635.29	0	0
XM_017026111.1	1918	1690.29	0	0
XM_017026114.2	5533	5305.29	4.57673	0.0388229
XM_017026115.3	2351	2123.29	0	0
XM_017026117.3	2904	2676.29	0	0
XM_017026118.1	733	505.753	0	0
XM_017026119.2	923	695.293	0	0
XM_017026120.3	2685	2457.29	0	0
XM_017026123.2	1406	1178.29	0	0
XM_017026144.2	1582	1354.29	114.7	3.81147
XM_017026145.3	3498	3270.29	0	0
XM_017026146.3	3246	3018.29	0	0
XM_017026147.2	1834	1606.29	692.314	19.3964
XM_017026148.3	1603	1375.29	141.328	4.62461
XM_017026149.2	4750	4522.29	23.2638	0.231507
XM_017026150.2	4571	4343.29	0	0
XM_017026151.2	4514	4286.29	14.5021	0.152262
XM_017026173.2	3455	3227.29	77.7312	1.08393
XM_017026175.2	2835	2607.29	22.3987	0.386611
XM_017026177.2	3213	2985.29	1146.01	17.276
XM_017026178.2	3256	3028.29	55.7937	0.829143
XM_017026179.2	1984	1756.29	25.6905	0.658291
XM_017026192.2	2906	2678.29	0	0
XM_017026193.2	686	459.134	0	0
XM_017026195.2	1205	977.293	0	0
XM_017026197.3	1183	955.293	0	0
XM_017026199.2	5687	5459.29	0	0
XM_017026200.2	4816	4588.29	0	0
XM_017026205.2	1215	987.293	0	0
XM_017026206.2	1233	1005.29	0	0
XM_017026207.3	1097	869.293	0	0
XM_017026209.2	1278	1050.29	0	0
XM_017026210.2	6174	5946.29	0	0
XM_017026211.2	5483	5255.29	0	0
XM_017026212.2	985	757.293	0	0
XM_017026213.2	5327	5099.29	0	0
XM_017026214.3	1496	1268.29	0	0
XM_017026216.2	2095	1867.29	0	0
XM_017026227.2	1946	1718.29	0	0
XM_017026228.2	1829	1601.29	0	0
XM_017026230.1	1426	1198.29	0	0
XM_017026234.2	3701	3473.29	0	0
XM_017026235.2	8267	8039.29	42.7903	0.239535
XM_017026236.2	3383	3155.29	0	0
XM_017026237.2	1152	924.293	4.76992e-05	2.32244e-06
XM_017026238.2	3668	3440.29	131.743	1.72335
XM_017026241.2	1246	1018.29	0.67778	0.0299542
XM_017026254.2	4088	3860.29	0	0
XM_017026255.2	1343	1115.29	4.16097	0.167899
XM_017026256.3	1350	1122.29	4.0277	0.161508
XM_017026258.3	1225	997.293	21.0542	0.950073
XM_017026259.3	1222	994.293	0	0
XM_017026260.3	1056	828.293	5.37511	0.292042
XM_017026261.3	1355	1127.29	6.14024	0.245127
XM_017026288.2	1966	1738.29	111.532	2.88749
XM_017026289.2	2061	1833.29	2.37576	0.0583193
XM_017026290.2	2490	2262.29	2.66185	0.0529514
XM_017026291.2	3608	3380.29	0	0
XM_017026292.3	1407	1179.29	84.6387	3.2299
XM_017026293.3	1404	1176.29	66.3125	2.53701
XM_017026298.1	3292	3064.29	88.8147	1.30436
XM_017026299.3	2288	2060.29	30.0495	0.656373
XM_017026300.3	6633	6405.29	77.8292	0.546822
XM_017026304.3	3848	3620.29	0	0
XM_017026305.3	3739	3511.29	0	0
XM_017026308.3	3545	3317.29	0	0
XM_017026310.2	3662	3434.29	0	0
XM_017026311.2	3564	3336.29	0	0
XM_017026313.2	4685	4457.29	0.434326	0.00438517
XM_017026314.3	3573	3345.29	0	0
XM_017026331.2	479	260.887	0	0
XM_017026333.2	2510	2282.29	1	0.0197184
XM_017026334.2	2758	2530.29	0	0
XM_017026338.2	3328	3100.29	6.77719e-08	9.83761e-10
XM_017026343.2	2094	1866.29	12.1626	0.293285
XM_017026344.1	3150	2922.29	0	0
XM_017026345.1	3147	2919.29	0	0
XM_017026346.3	4919	4691.29	0.000878537	8.42772e-06
XM_017026347.3	4896	4668.29	0	0
XM_017026348.2	6605	6377.29	0	0
XM_017026349.2	4820	4592.29	0	0
XM_017026350.2	4914	4686.29	33.1437	0.318283
XM_017026354.2	756	528.701	5.47662	0.466171
XM_017026358.3	3066	2838.29	0	0
XM_017026360.3	2928	2700.29	0	0
XM_017026361.3	2209	1981.29	0	0
XM_017026362.3	2192	1964.29	0	0
XM_017026363.3	2108	1880.29	0	0
XM_017026365.3	1821	1593.29	0	0
XM_017026366.1	5914	5686.29	0	0
XM_017026367.3	5133	4905.29	47.5213	0.435979
XM_017026368.2	1131	903.293	5	0.249106
XM_017026375.2	8528	8300.29	17.4786	0.0947667
XM_017026379.2	3843	3615.29	40.3099	0.501777
XM_017026390.2	3532	3304.29	47.1525	0.642197
XM_017026392.2	3326	3098.29	4.82452	0.0700768
XM_017026402.2	2040	1812.29	0	0
XM_017026409.3	1983	1755.29	124.02	3.17969
XM_017026410.3	2201	1973.29	9.05	0.206395
XM_017026411.3	2511	2283.29	0	0
XM_017026414.3	2476	2248.29	2.59361	0.0519151
XM_017026425.3	8848	8620.29	22.6239	0.11811
XM_017026426.2	8756	8528.29	0	0
XM_017026427.2	8775	8547.29	4.6014	0.0242272
XM_017026428.1	2217	1989.29	5.08005	0.114924
XM_017026429.1	2289	2061.29	0	0
XM_017026430.2	2070	1842.29	0	0
XM_017026437.2	1619	1391.29	0	0
XM_017026438.2	4238	4010.29	0	0
XM_017026441.2	3226	2998.29	0	0
XM_017026445.2	6112	5884.29	65.581	0.501564
XM_017026448.2	1225	997.293	26.2477	1.18443
XM_017026449.2	2538	2310.29	0	0
XM_017026450.1	2832	2604.29	0	0
XM_017026451.2	2212	1984.29	38.2134	0.866666
XM_017026452.1	2087	1859.29	85.5625	2.07099
XM_017026453.2	2450	2222.29	0	0
XM_017026454.2	2342	2114.29	0	0
XM_017026457.2	2031	1803.29	0	0
XM_017026458.1	2646	2418.29	0	0
XM_017026474.2	2375	2147.29	0	0
XM_017026475.2	7931	7703.29	0	0
XM_017026476.2	8041	7813.29	0	0
XM_017026477.2	7910	7682.29	0	0
XM_017026478.2	7859	7631.29	0	0
XM_017026479.2	7841	7613.29	0	0
XM_017026480.2	7532	7304.29	5.55965e-05	3.4254e-07
XM_017026481.2	3040	2812.29	30.7466	0.492016
XM_017026502.2	9982	9754.29	9.80515e-05	4.52377e-07
XM_017026503.2	5707	5479.29	42.7723	0.351302
XM_017026504.3	3661	3433.29	22.2353	0.291457
XM_017026505.3	18900	18672.3	0	0
XM_017026506.2	6275	6047.29	3.50036	0.0260492
XM_017026507.2	6257	6029.29	0	0
XM_017026508.2	6254	6026.29	1.03465	0.00772652
XM_017026509.2	6251	6023.29	0	0
XM_017026510.3	6230	6002.29	0	0
XM_017026516.2	6248	6020.29	7.75007	0.0579336
XM_017026518.3	8001	7773.29	341.75	1.97855
XM_017026530.3	6897	6669.29	20.0729	0.135448
XM_017026539.3	4758	4530.29	0	0
XM_017026540.3	5036	4808.29	48.561	0.454506
XM_017026544.3	1802	1574.29	11.4852	0.328318
XM_017026545.2	1163	935.293	113.196	5.44661
XM_017026555.2	3376	3148.29	0	0
XM_017026556.2	3485	3257.29	0	0
XM_017026558.1	3035	2807.29	65.3414	1.04747
XM_017026563.3	2921	2693.29	0	0
XM_017026564.3	2670	2442.29	0	0
XM_017026565.2	2699	2471.29	0	0
XM_017026566.3	2340	2112.29	0	0
XM_017026568.2	3268	3040.29	2.37575e-05	3.51664e-07
XM_017026569.3	3041	2813.29	12.4307	0.198848
XM_017026570.3	3054	2826.29	0.0010275	1.63608e-05
XM_017026571.3	3049	2821.29	0	0
XM_017026572.3	3157	2929.29	24.3097	0.373473
XM_017026573.2	3166	2938.29	0	0
XM_017026578.2	2100	1872.29	189.763	4.56121
XM_017026582.3	2229	2001.29	304.916	6.85665
XM_017026591.2	1205	977.293	0	0
XM_017026593.2	894	666.361	0	0
XM_017026594.2	5589	5361.29	0	0
XM_017026598.2	1637	1409.29	0	0
XM_017026618.3	3708	3480.29	0	0
XM_017026619.3	3480	3252.29	2.92153e-06	4.04262e-08
XM_017026622.3	1961	1733.29	0	0
XM_017026633.2	5845	5617.29	28.9034	0.231561
XM_017026634.2	5680	5452.29	0	0
XM_017026635.2	5663	5435.29	0	0
XM_017026636.3	10449	10221.3	31.6236	0.139235
XM_017026640.2	2673	2445.29	0	0
XM_017026641.2	2634	2406.29	0	0
XM_017026643.2	2514	2286.29	0	0
XM_017026644.2	2484	2256.29	0	0
XM_017026648.3	4349	4121.29	3.32329	0.0362892
XM_017026653.2	3820	3592.29	0	0
XM_017026665.2	4709	4481.29	0.11835	0.00118853
XM_017026666.2	678	451.406	0	0
XM_017026667.3	997	769.293	0	0
XM_017026672.2	3174	2946.29	5.72313	0.0874178
XM_017026673.2	3179	2951.29	7.89425	0.120376
XM_017026674.2	3493	3265.29	10.0971	0.13916
XM_017026675.2	3498	3270.29	13.1943	0.18157
XM_017026711.2	2178	1950.29	0.132179	0.00305004
XM_017026719.2	1524	1296.29	116.334	4.03874
XM_017026726.2	2666	2438.29	0	0
XM_017026727.2	2428	2200.29	0	0
XM_017026731.2	2028	1800.29	0	0
XM_017026732.2	1512	1284.29	0	0
XM_017026733.3	2059	1831.29	1	0.0245745
XM_017026735.2	1402	1174.29	0	0
XM_017026736.2	1327	1099.29	16.735	0.685099
XM_017026737.3	2211	1983.29	2.58649	0.0586903
XM_017026738.3	2208	1980.29	6.09221	0.138448
XM_017026739.3	5430	5202.29	0	0
XM_017026741.2	6792	6564.29	7.1833	0.0492468
XM_017026745.2	2716	2488.29	0	0
XM_017026746.2	4633	4405.29	0	0
XM_017026748.3	4906	4678.29	23.4025	0.225121
XM_017026752.2	4713	4485.29	0	0
XM_017026758.3	3210	2982.29	0	0
XM_017026760.3	3004	2776.29	0	0
XM_017026761.2	1442	1214.29	1.00855	0.0373781
XM_017026762.2	2287	2059.29	0	0
XM_017026766.2	1591	1363.29	253.635	8.37263
XM_017026767.2	1554	1326.29	64.8578	2.20072
XM_017026768.3	905	677.361	4.83425	0.321182
XM_017026770.2	1116	888.293	5.68123	0.287825
XM_017026772.2	3427	3199.29	2.92895	0.0412003
XM_017026785.3	3227	2999.29	0	0
XM_017026786.3	3031	2803.29	0	0
XM_017026787.3	3386	3158.29	0	0
XM_017026788.3	3158	2930.29	0	0
XM_017026791.3	2966	2738.29	0	0
XM_017026792.2	3057	2829.29	0	0
XM_017026793.2	1369	1141.29	0	0
XM_017026794.2	1154	926.293	0	0
XM_017026795.2	1437	1209.29	0	0
XM_017026803.3	832	604.427	0	0
XM_017026807.3	3040	2812.29	0	0
XM_017026812.3	1871	1643.29	0	0
XM_017026815.2	1307	1079.29	0	0
XM_017026819.3	5069	4841.29	96.5193	0.897212
XM_017026820.2	771	543.487	0	0
XM_017026823.2	2378	2150.29	30.0859	0.629663
XM_017026824.2	2306	2078.29	120.929	2.61859
XM_017026825.2	2261	2033.29	0.000695031	1.53832e-05
XM_017026831.2	2082	1854.29	22.9484	0.556951
XM_017026832.2	1994	1766.29	0	0
XM_017026844.2	1718	1490.29	0	0
XM_017026845.2	2692	2464.29	32.2941	0.589757
XM_017026846.2	1017	789.293	0	0
XM_017026847.2	906	678.293	2.25832e-08	1.49834e-09
XM_017026848.1	820	592.487	17.1544	1.30298
XM_017026849.2	3874	3646.29	0	0
XM_017026850.3	2779	2551.29	0	0
XM_017026851.2	2606	2378.29	4.44739	0.0841555
XM_017026852.2	1584	1356.29	0.512644	0.01701
XM_017026858.2	2272	2044.29	0	0
XM_017026862.2	4396	4168.29	0	0
XM_017026863.3	5111	4883.29	0	0
XM_017026865.3	4895	4667.29	0	0
XM_017026867.2	1184	956.293	0	0
XM_017026868.2	2515	2287.29	13.1564	0.258856
XM_017026872.3	2273	2045.29	0.0156145	0.000343569
XM_017026874.3	609	383.573	0	0
XM_017026875.3	796	568.487	0	0
XM_017026876.3	731	503.753	0	0
XM_017026882.3	3395	3167.29	0	0
XM_017026883.3	2682	2454.29	0	0
XM_017026891.3	7306	7078.29	0	0
XM_017026892.3	7288	7060.29	0	0
XM_017026894.3	6991	6763.29	2.75069e-08	1.83032e-10
XM_017026898.3	6172	5944.29	80.2274	0.607386
XM_017026900.2	916	688.293	53.482	3.49684
XM_017026919.2	2819	2591.29	0.696607	0.012098
XM_017026928.2	1161	933.293	166.819	8.04394
XM_017026933.2	1457	1229.29	12.106	0.443188
XM_017026940.2	4196	3968.29	0	0
XM_017026941.2	2570	2342.29	0	0
XM_017026942.2	2208	1980.29	8.171	0.18569
XM_017026943.2	531	308.697	0	0
XM_017026960.2	2412	2184.29	0	0
XM_017026964.2	2550	2322.29	0	0
XM_017026969.2	2192	1964.29	0	0
XM_017026978.2	2988	2760.29	0.0060112	9.80049e-05
XM_017026979.2	2985	2757.29	86.8492	1.41751
XM_017026980.3	2715	2487.29	0	0
XM_017026981.3	2678	2450.29	0	0
XM_017026982.2	2549	2321.29	0.00075881	1.47111e-05
XM_017026983.2	2978	2750.29	0	0
XM_017026985.2	2975	2747.29	0	0
XM_017026986.2	3116	2888.29	0.00101061	1.57465e-05
XM_017026987.2	668	441.629	33.4266	3.40625
XM_017026993.3	3020	2792.29	0	0
XM_017026997.3	2243	2015.29	70.1937	1.56748
XM_017027003.2	1636	1408.29	154.131	4.92536
XM_017027007.3	2579	2351.29	18.2317	0.34895
XM_017027011.2	3214	2986.29	8.11914	0.122354
XM_017027018.3	4417	4189.29	390.877	4.19896
XM_017027020.2	1996	1768.29	0	0
XM_017027021.3	1669	1441.29	0	0
XM_017027022.2	1478	1250.29	0.512431	0.0184445
XM_017027028.2	4679	4451.29	141.662	1.43222
XM_017027029.2	4636	4408.29	61.0357	0.623097
XM_017027033.2	3882	3654.29	0	0
XM_017027034.3	2748	2520.29	113.909	2.03398
XM_017027035.2	2767	2539.29	19.3284	0.342551
XM_017027037.2	2367	2139.29	3.40202	0.0715663
XM_017027047.2	4553	4325.29	0	0
XM_017027049.2	8946	8718.29	0	0
XM_017027050.2	8327	8099.29	100	0.555642
XM_017027051.2	6943	6715.29	0	0
XM_017027052.2	4925	4697.29	0	0
XM_017027056.1	3936	3708.29	26.6661	0.323614
XM_017027057.1	3924	3696.29	0	0
XM_017027058.2	4019	3791.29	22.623	0.268538
XM_017027059.1	3888	3660.29	0	0
XM_017027060.1	3888	3660.29	0	0
XM_017027061.1	3402	3174.29	0	0
XM_017027062.2	3916	3688.29	0	0
XM_017027063.1	3837	3609.29	0	0
XM_017027064.2	3250	3022.29	0	0
XM_017027065.2	7285	7057.29	0	0
XM_017027066.2	7329	7101.29	0	0
XM_017027067.2	7235	7007.29	0	0
XM_017027068.2	7273	7045.29	0	0
XM_017027069.2	7258	7030.29	0	0
XM_017027070.2	7237	7009.29	0	0
XM_017027071.2	7225	6997.29	0	0
XM_017027072.2	7198	6970.29	0	0
XM_017027073.2	6491	6263.29	49.5232	0.355835
XM_017027074.2	6031	5803.29	0	0
XM_017027075.2	6019	5791.29	0	0
XM_017027083.3	4042	3814.29	260.266	3.07076
XM_017027086.3	3306	3078.29	28.7733	0.420652
XM_017027089.3	3199	2971.29	0	0
XM_017027090.3	2919	2691.29	379.526	6.34633
XM_017027091.3	3052	2824.29	16.1166	0.256806
XM_017027092.3	3601	3373.29	74.1437	0.989151
XM_017027094.2	2481	2253.29	20.4342	0.408115
XM_017027096.2	2516	2288.29	0	0
XM_017027098.2	2603	2375.29	8.34856	0.158175
XM_017027099.2	2646	2418.29	0	0
XM_017027100.1	2500	2272.29	0	0
XM_017027105.3	5378	5150.29	2.8209e-07	2.4649e-09
XM_017027106.3	5345	5117.29	261.429	2.29909
XM_017027107.2	3861	3633.29	34.5511	0.42796
XM_017027110.2	1531	1303.29	58.217	2.01025
XM_017027111.1	3451	3223.29	0	0
XM_017027112.2	531	308.697	0	0
XM_017027114.2	2792	2564.29	26.7531	0.469513
XM_017027123.2	1993	1765.29	0	0
XM_017027124.3	1996	1768.29	0	0
XM_017027125.2	1958	1730.29	0	0
XM_017027126.3	1986	1758.29	0	0
XM_017027127.3	2014	1786.29	0	0
XM_017027128.2	1986	1758.29	0	0
XM_017027129.2	1836	1608.29	0	0
XM_017027130.2	1159	931.293	0	0
XM_017027131.3	916	688.293	21.3817	1.39801
XM_017027132.2	6114	5886.29	25.3428	0.193756
XM_017027133.2	2519	2291.29	13.5412	0.265961
XM_017027134.2	5982	5754.29	0	0
XM_017027135.2	5990	5762.29	0	0
XM_017027136.2	2393	2165.29	0	0
XM_017027137.2	2395	2167.29	0	0
XM_017027138.2	2261	2033.29	0	0
XM_017027140.2	5836	5608.29	0	0
XM_017027141.2	5844	5616.29	0	0
XM_017027143.1	2130	1902.29	0	0
XM_017027146.2	3163	2935.29	0	0
XM_017027148.2	2663	2435.29	18.8127	0.34765
XM_017027152.3	3489	3261.29	0	0
XM_017027153.2	4779	4551.29	0	0
XM_017027154.2	4710	4482.29	0	0
XM_017027155.2	4611	4383.29	0	0
XM_017027156.2	4577	4349.29	0	0
XM_017027157.2	2472	2244.29	4.0688	0.0815885
XM_017027158.2	3112	2884.29	0	0
XM_017027169.3	2536	2308.29	75.143	1.46501
XM_017027172.2	1515	1287.29	0	0
XM_017027175.2	3646	3418.29	0	0
XM_017027178.2	2709	2481.29	107.719	1.9537
XM_017027181.2	4401	4173.29	6.44029	0.0694494
XM_017027186.2	1158	930.293	0	0
XM_017027187.2	1146	918.293	0	0
XM_017027191.2	620	394.338	0	0
XM_017027192.2	6688	6460.29	0.000134329	9.35749e-07
XM_017027193.2	6635	6407.29	10.792	0.0757999
XM_017027194.2	6670	6442.29	0.0061584	4.302e-05
XM_017027195.2	2062	1834.29	0	0
XM_017027196.2	2217	1989.29	0	0
XM_017027197.2	6088	5860.29	10.9808	0.084325
XM_017027198.2	691	464.041	47.4955	4.60615
XM_017027200.3	2236	2008.29	3.59988e-06	8.06684e-08
XM_017027203.3	3781	3553.29	0	0
XM_017027206.2	1808	1580.29	45.3103	1.29033
XM_017027207.3	11260	11032.3	38.3467	0.156425
XM_017027208.3	5969	5741.29	12.2818	0.0962707
XM_017027209.3	11062	10834.3	0	0
XM_017027211.3	10927	10699.3	55.9339	0.235268
XM_017027212.3	5787	5559.29	5.24179	0.0424329
XM_017027213.3	11035	10807.3	0	0
XM_017027214.3	5672	5444.29	3.00576e-06	2.48459e-08
XM_017027217.2	4128	3900.29	84.1099	0.970493
XM_017027218.2	4124	3896.29	45.9916	0.531214
XM_017027220.3	3822	3594.29	0.0834459	0.0010448
XM_017027222.2	4045	3817.29	88.7532	1.04633
XM_017027224.3	3959	3731.29	19.8104	0.238933
XM_017027225.3	3739	3511.29	0.0749979	0.000961223
XM_017027226.3	3735	3507.29	6.53459	0.0838472
XM_017027227.3	3533	3305.29	0	0
XM_017027231.2	823	595.427	1.68407	0.127284
XM_017027237.2	2491	2263.29	23.0214	0.457754
XM_017027239.2	7150	6922.29	20.3669	0.132409
XM_017027246.3	3266	3038.29	20.6098	0.305271
XM_017027247.3	3480	3252.29	81.7247	1.13085
XM_017027258.2	2410	2182.29	0	0
XM_017027259.2	2961	2733.29	23.0628	0.379724
XM_017027260.3	2185	1957.29	21.5568	0.495645
XM_017027265.2	925	697.293	19.2927	1.24514
XM_017027266.2	3230	3002.29	0	0
XM_017027267.2	3143	2915.29	25.61	0.395339
XM_017027281.2	3830	3602.29	0.0495745	0.000619329
XM_017027282.2	3032	2804.29	143.702	2.30612
XM_017027283.2	4031	3803.29	1.92197e-05	2.27421e-07
XM_017027284.2	2282	2054.29	13	0.284789
XM_017027285.3	2092	1864.29	0	0
XM_017027286.3	1969	1741.29	0	0
XM_017027287.3	1861	1633.29	0	0
XM_017027288.3	1858	1630.29	5.45005	0.150445
XM_017027289.3	3347	3119.29	20.6717	0.298238
XM_017027290.3	3314	3086.29	87.846	1.28093
XM_017027291.3	3206	2978.29	30.5074	0.460977
XM_017027292.3	1602	1374.29	14.3086	0.468553
XM_017027297.3	3630	3402.29	133.19	1.76174
XM_017027304.2	2007	1779.29	0	0
XM_017027305.2	1655	1427.29	15.4652	0.487625
XM_017027314.2	2637	2409.29	23.6772	0.442265
XM_017027316.2	5581	5353.29	0	0
XM_017027317.2	5842	5614.29	0	0
XM_017027320.2	1285	1057.29	45.3907	1.93203
XM_017027325.2	1786	1558.29	0	0
XM_017027329.3	1198	970.293	0	0
XM_017027331.3	4490	4262.29	5947.2	62.793
XM_017027332.3	2165	1937.29	0	0
XM_017027333.2	2625	2397.29	3.06888	0.0576105
XM_017027335.2	4090	3862.29	0	0
XM_017027336.2	3492	3264.29	15.1126	0.20835
XM_017027337.3	3361	3133.29	0	0
XM_017027338.3	4136	3908.29	152.316	1.75389
XM_017027351.3	5679	5451.29	0	0
XM_017027365.2	3634	3406.29	0	0
XM_017027372.2	9081	8853.29	0	0
XM_017027373.2	9027	8799.29	0	0
XM_017027374.3	8991	8763.29	0	0
XM_017027375.3	8964	8736.29	0	0
XM_017027376.2	8958	8730.29	0	0
XM_017027377.3	6412	6184.29	0	0
XM_017027378.3	5554	5326.29	0	0
XM_017027379.2	9213	8985.29	0	0
XM_017027380.2	5110	4882.29	62.8128	0.578984
XM_017027381.2	4952	4724.29	10.2106	0.0972651
XM_017027398.2	2346	2118.29	450.849	9.57828
XM_017027399.2	5123	4895.29	0	0
XM_017027407.2	4556	4328.29	0	0
XM_017027414.3	1364	1136.29	0	0
XM_017027422.2	4312	4084.29	146.651	1.61588
XM_017027424.2	2288	2060.29	0	0
XM_017027425.2	2646	2418.29	0	0
XM_017027426.2	3083	2855.29	0	0
XM_017027430.2	1964	1736.29	0	0
XM_017027431.2	1922	1694.29	0	0
XM_017027432.3	1959	1731.29	0	0
XM_017027447.3	1536	1308.29	0	0
XM_017027448.3	1648	1420.29	0	0
XM_017027457.3	2654	2426.29	0	0
XM_017027458.2	4232	4004.29	0	0
XM_017027462.2	3709	3481.29	0	0
XM_017027463.2	4092	3864.29	0	0
XM_017027464.2	3454	3226.29	1.9805	0.0276257
XM_017027465.2	3664	3436.29	0	0
XM_017027467.2	3462	3234.29	0.0664032	0.000923957
XM_017027473.3	2338	2110.29	111.248	2.37243
XM_017027479.3	4362	4134.29	198.496	2.16069
XM_017027484.3	2376	2148.29	92.1607	1.93061
XM_017027504.3	3052	2824.29	44.0209	0.701441
XM_017027505.1	429	216.04	0	0
XM_017027508.2	2651	2423.29	0	0
XM_017027509.2	2555	2327.29	0	0
XM_017027510.2	2222	1994.29	0	0
XM_017027511.3	1716	1488.29	2	0.0604761
XM_017027512.2	1330	1102.29	3	0.12248
XM_017027518.2	4080	3852.29	0	0
XM_017027527.2	7165	6937.29	0	0
XM_017027528.2	7048	6820.29	0	0
XM_017027529.2	7254	7026.29	0	0
XM_017027530.2	7096	6868.29	0	0
XM_017027531.2	7190	6962.29	0	0
XM_017027532.2	7077	6849.29	0	0
XM_017027533.2	7060	6832.29	0	0
XM_017027534.2	7466	7238.29	0	0
XM_017027535.2	7044	6816.29	0	0
XM_017027536.2	7095	6867.29	0	0
XM_017027537.2	7078	6850.29	0	0
XM_017027539.2	5238	5010.29	0	0
XM_017027542.2	5151	4923.29	6.47974	0.0592304
XM_017027543.3	10887	10659.3	5.62797	0.023761
XM_017027568.2	2049	1821.29	6.24224	0.154242
XM_017027586.2	6976	6748.29	0.0454554	0.000303133
XM_017027587.2	5559	5331.29	0	0
XM_017027597.2	4214	3986.29	0	0
XM_017027598.2	4296	4068.29	84.7553	0.937555
XM_017027600.3	742	514.753	83.131	7.26786
XM_017027611.2	12726	12498.3	0	0
XM_017027612.2	12723	12495.3	0	0
XM_017027613.2	12665	12437.3	0	0
XM_017027615.2	1234	1006.29	0	0
XM_017027616.2	1147	919.293	0	0
XM_017027617.2	7876	7648.29	44.8946	0.264163
XM_017027618.2	16221	15993.3	37.9027	0.106653
XM_017027619.2	13750	13522.3	33.8862	0.112775
XM_017027620.2	7689	7461.29	0	0
XM_017027621.2	7633	7405.29	94.7281	0.575677
XM_017027623.2	2047	1819.29	0	0
XM_017027626.3	2486	2258.29	0	0
XM_017027627.3	2407	2179.29	0	0
XM_017027628.2	2042	1814.29	0	0
XM_017027630.2	2106	1878.29	0	0
XM_017027631.2	2288	2060.29	0	0
XM_017027632.3	3065	2837.29	0	0
XM_017027633.2	1642	1414.29	0	0
XM_017027634.1	1611	1383.29	0	0
XM_017027635.2	3409	3181.29	15.1455	0.214251
XM_017027636.3	1625	1397.29	0	0
XM_017027637.3	2087	1859.29	0	0
XM_017027641.2	12109	11881.3	30.8876	0.116994
XM_017027646.2	4022	3794.29	0	0
XM_017027654.2	1965	1737.29	0	0
XM_017027655.2	1843	1615.29	0	0
XM_017027656.2	1230	1002.29	0	0
XM_017027657.2	1854	1626.29	0	0
XM_017027658.2	1938	1710.29	0	0
XM_017027659.2	2176	1948.29	0	0
XM_017027660.2	1826	1598.29	0	0
XM_017027661.2	1968	1740.29	0	0
XM_017027662.2	1838	1610.29	0	0
XM_017027663.1	1471	1243.29	0	0
XM_017027664.2	1495	1267.29	16.1718	0.574279
XM_017027666.2	1554	1326.29	0	0
XM_017027667.2	2176	1948.29	0	0
XM_017027674.2	559	335.04	0	0
XM_017027675.2	4119	3891.29	0	0
XM_017027676.2	4050	3822.29	0	0
XM_017027678.2	361	161.348	413.568	115.352
XM_017027679.2	297	115.768	0	0
XM_017027680.2	1767	1539.29	0	0
XM_017027681.1	3372	3144.29	10.0584	0.143962
XM_017027683.3	2143	1915.29	0	0
XM_017027685.3	1823	1595.29	0.000469955	1.32574e-05
XM_017027686.3	1221	993.293	10.2509	0.464437
XM_017027692.3	4892	4664.29	6.24212	0.0602266
XM_017027709.3	6672	6444.29	50.8737	0.355272
XM_017027721.3	2393	2165.29	0	0
XM_017027722.2	1864	1636.29	50.7418	1.39556
XM_017027723.3	2238	2010.29	16.6863	0.373545
XM_017027731.3	1379	1151.29	1936.11	75.6807
XM_017027735.2	3738	3510.29	0	0
XM_017027739.2	7155	6927.29	2.11602	0.0137467
XM_017027741.2	7152	6924.29	0.24938	0.0016208
XM_017027742.3	7140	6912.29	42.5252	0.276864
XM_017027743.3	7006	6778.29	0.143993	0.000956014
XM_017027744.3	7047	6819.29	292.524	1.93048
XM_017027746.2	6451	6223.29	0.0529964	0.000383238
XM_017027748.2	5885	5657.29	0	0
XM_017027750.3	4176	3948.29	0	0
XM_017027751.2	4104	3876.29	0	0
XM_017027754.3	2735	2507.29	34.3245	0.616087
XM_017027784.3	4498	4270.29	0	0
XM_017027797.3	1484	1256.29	3.24101	0.1161
XM_017027799.3	2383	2155.29	85.841	1.79238
XM_017027803.3	4135	3907.29	0	0
XM_017027805.2	7384	7156.29	80.6118	0.506936
XM_017027811.2	2106	1878.29	99.7924	2.39098
XM_017027812.3	4030	3802.29	0	0
XM_017027813.3	3985	3757.29	10.4274	0.124895
XM_017027815.2	2503	2275.29	0	0
XM_017027817.2	1538	1310.29	328.277	11.2749
XM_017027818.3	1411	1183.29	586.818	22.3179
XM_017027819.2	1517	1289.29	103.523	3.61351
XM_017027820.1	1446	1218.29	0	0
XM_017027827.3	4515	4287.29	30.3847	0.318943
XM_017027833.2	1503	1275.29	0	0
XM_017027837.2	2617	2389.29	0	0
XM_017027838.2	2436	2208.29	0	0
XM_017027839.2	2686	2458.29	0	0
XM_017027841.3	9298	9070.29	0	0
XM_017027842.3	9235	9007.29	0	0
XM_017027843.2	9129	8901.29	0	0
XM_017027844.3	9190	8962.29	0	0
XM_017027845.2	8675	8447.29	0	0
XM_017027851.2	6741	6513.29	0	0
XM_017027868.3	5714	5486.29	0	0
XM_017027872.2	2308	2080.29	10.922	0.236277
XM_017027873.2	2862	2634.29	5.48868	0.0937662
XM_017027874.3	4698	4470.29	45.3444	0.456488
XM_017027878.1	2456	2228.29	0	0
XM_017027879.2	1706	1478.29	10.8426	0.330077
XM_017027884.2	5630	5402.29	0	0
XM_017027887.2	5069	4841.29	94.699	0.880291
XM_017027888.2	5141	4913.29	0	0
XM_017027889.2	4640	4412.29	13.0851	0.133461
XM_017027890.2	4486	4258.29	0	0
XM_017027892.2	4313	4085.29	0.0618459	0.000681286
XM_017027893.2	6170	5942.29	16.1452	0.122273
XM_017027894.3	2350	2122.29	0.585483	0.0124151
XM_017027910.2	3422	3194.29	0	0
XM_017027911.2	3418	3190.29	0	0
XM_017027912.3	4239	4011.29	0	0
XM_017027913.3	4224	3996.29	6.61503	0.0744932
XM_017027915.3	3361	3133.29	0	0
XM_017027916.3	4038	3810.29	0.00148733	1.75668e-05
XM_017027921.3	3897	3669.29	0	0
XM_017027923.2	1245	1017.29	3.85249	0.170427
XM_017027924.2	1916	1688.29	0	0
XM_017027925.2	1862	1634.29	0	0
XM_017027926.2	5153	4925.29	80.9595	0.739738
XM_017027929.3	982	754.293	0	0
XM_017027931.3	891	663.427	0	0
XM_017027932.2	3707	3479.29	1.93923	0.025083
XM_017027937.2	5166	4938.29	0	0
XM_017027945.3	2621	2393.29	3.38526	0.0636558
XM_017027946.3	2889	2661.29	0	0
XM_017027947.3	2465	2237.29	36.8289	0.740812
XM_017027948.3	2802	2574.29	0	0
XM_017027950.2	3299	3071.29	0	0
XM_017027956.2	4903	4675.29	29.7853	0.286705
XM_017027958.3	3999	3771.29	189.718	2.26392
XM_017027959.3	595	369.951	0	0
XM_017027960.2	4940	4712.29	0	0
XM_017027961.2	4995	4767.29	0	0
XM_017027962.2	4886	4658.29	0	0
XM_017027964.2	5247	5019.29	0	0
XM_017027965.2	4554	4326.29	0	0
XM_017027966.3	8430	8202.29	0	0
XM_017027967.3	8394	8166.29	0	0
XM_017027968.3	8183	7955.29	41.7458	0.236156
XM_017027970.3	9644	9416.29	16.6574	0.0796101
XM_017027977.2	3283	3055.29	0	0
XM_017027978.3	3298	3070.29	0	0
XM_017027979.2	3517	3289.29	0	0
XM_017027980.3	2958	2730.29	0	0
XM_017027984.2	3055	2827.29	0	0
XM_017027985.1	2065	1837.29	0	0
XM_017028013.3	2847	2619.29	0	0
XM_017028016.2	1535	1307.29	20.0361	0.689736
XM_017028017.3	5498	5270.29	0	0
XM_017028018.3	4761	4533.29	0	0
XM_017028019.3	4649	4421.29	0	0
XM_017028022.2	2107	1879.29	0	0
XM_017028026.2	4735	4507.29	0	0
XM_017028028.2	3631	3403.29	35.6053	0.470823
XM_017028031.3	11830	11602.3	7.32365	0.028407
XM_017028033.2	1324	1096.29	47.4171	1.94648
XM_017028040.2	1647	1419.29	50.3479	1.59644
XM_017028060.2	1434	1206.29	0	0
XM_017028063.3	6146	5918.29	4.1189	0.0313204
XM_017028064.2	6084	5856.29	0.0957894	0.0007361
XM_017028065.2	2909	2681.29	0	0
XM_017028066.3	2328	2100.29	0	0
XM_017028067.3	2199	1971.29	5.34155	0.121943
XM_017028068.2	6312	6084.29	2.61928	0.0193738
XM_017028069.3	3444	3216.29	0	0
XM_017028070.2	2145	1917.29	53.2401	1.24966
XM_017028080.3	1775	1547.29	27.809	0.808826
XM_017028081.3	1736	1508.29	94.0765	2.80697
XM_017028082.2	1674	1446.29	117.354	3.6516
XM_017028083.2	1597	1369.29	52.5347	1.7266
XM_017028085.2	3278	3050.29	0	0
XM_017028087.3	4091	3863.29	0	0
XM_017028089.2	7696	7468.29	0	0
XM_017028093.2	3132	2904.29	0	0
XM_017028094.2	2974	2746.29	0	0
XM_017028096.2	3202	2974.29	0	0
XM_017028097.2	1586	1358.29	0	0
XM_017028099.3	16778	16550.3	0	0
XM_017028100.2	10749	10521.3	0	0
XM_017028101.2	16634	16406.3	0	0
XM_017028102.2	13407	13179.3	0	0
XM_017028104.2	13434	13206.3	18.2974	0.0623522
XM_017028105.2	7660	7432.29	0.227869	0.00137977
XM_017028109.2	1957	1729.29	0	0
XM_017028111.3	3195	2967.29	0	0
XM_017028113.2	2545	2317.29	0	0
XM_017028114.2	2181	1953.29	0	0
XM_017028115.2	2058	1830.29	2	0.0491758
XM_017028118.2	2972	2744.29	28.9565	0.474852
XM_017028119.2	1670	1442.29	0	0
XM_017028126.3	962	734.293	0	0
XM_017028127.3	2704	2476.29	40.0898	0.728575
XM_017028128.2	2458	2230.29	30.2391	0.610167
XM_017028133.3	3976	3748.29	148.099	1.77812
XM_017028134.2	3654	3426.29	0.673731	0.0088492
XM_017028135.2	1717	1489.29	0	0
XM_017028136.2	1615	1387.29	0	0
XM_017028138.3	4898	4670.29	25.9864	0.250406
XM_017028148.3	5665	5437.29	76.4473	0.632735
XM_017028149.2	5321	5093.29	0	0
XM_017028150.2	5576	5348.29	0.00279665	2.35324e-05
XM_017028151.2	5543	5315.29	13.5476	0.114703
XM_017028152.2	5818	5590.29	0	0
XM_017028153.2	5315	5087.29	0	0
XM_017028154.2	3684	3456.29	51.1445	0.665933
XM_017028155.2	3968	3740.29	0.309016	0.00371807
XM_017028156.2	3570	3342.29	0	0
XM_017028162.2	3258	3030.29	45.153	0.67057
XM_017028205.2	1146	918.293	0	0
XM_017028208.2	4600	4372.29	0	0
XM_017028209.1	2694	2466.29	16.5461	0.301921
XM_017028210.2	2480	2252.29	0.000517323	1.03366e-05
XM_017028219.2	846	618.427	6.33285	0.460843
XM_017028220.2	846	618.427	0	0
XM_017028244.3	3379	3151.29	0	0
XM_017028251.2	2572	2344.29	45.3687	0.870937
XM_017028253.3	3259	3031.29	0	0
XM_017028257.2	3127	2899.29	2.60764	0.040476
XM_017028258.2	2984	2756.29	15.7446	0.257068
XM_017028259.2	3124	2896.29	2.0136	0.0312877
XM_017028263.2	1836	1608.29	30.5797	0.855677
XM_017028264.2	1209	981.293	64.0233	2.93617
XM_017028267.2	1934	1706.29	0	0
XM_017028268.2	3342	3114.29	0	0
XM_017028269.2	17167	16939.3	0	0
XM_017028270.2	1621	1393.29	0	0
XM_017028272.2	1796	1568.29	0	0
XM_017028273.2	2067	1839.29	0	0
XM_017028274.2	2384	2156.29	0	0
XM_017028281.2	6167	5939.29	0	0
XM_017028290.2	5836	5608.29	24.7539	0.198635
XM_017028293.2	5777	5549.29	0	0
XM_017028302.3	5420	5192.29	0	0
XM_017028306.3	2831	2603.29	180.748	3.12458
XM_017028313.3	5238	5010.29	33.2087	0.298285
XM_017028314.2	8737	8509.29	24.1363	0.12765
XM_017028317.2	6714	6486.29	0	0
XM_017028349.3	3446	3218.29	0	0
XM_017028351.3	2619	2391.29	0	0
XM_017028352.2	2753	2525.29	0	0
XM_017028356.3	7518	7290.29	0	0
XM_017028359.2	4693	4465.29	4.45224	0.0448715
XM_017028360.2	7999	7771.29	12.4219	0.0719342
XM_017028366.2	1957	1729.29	0	0
XM_017028369.2	3171	2943.29	0	0
XM_017028373.2	9951	9723.29	0.00587544	2.71938e-05
XM_017028375.2	3710	3482.29	0	0
XM_017028376.3	9179	8951.29	0	0
XM_017028377.2	3006	2778.29	0	0
XM_017028379.2	3072	2844.29	0	0
XM_017028380.2	2919	2691.29	11.0584	0.184915
XM_017028381.2	2941	2713.29	0	0
XM_017028383.2	2028	1800.29	0	0
XM_017028384.3	1757	1529.29	0	0
XM_017028387.2	2104	1876.29	0	0
XM_017028392.2	2106	1878.29	0	0
XM_017028393.2	2279	2051.29	0	0
XM_017028394.2	619	393.338	15.0653	1.72367
XM_017028400.2	1656	1428.29	1.49807	0.0472017
XM_017028401.2	698	470.947	2.34316	0.223909
XM_017028405.3	1215	987.293	85.0921	3.87869
XM_017028408.2	6457	6229.29	0	0
XM_017028411.2	6391	6163.29	145.281	1.06081
XM_017028417.2	4026	3798.29	6.34876	0.0752217
XM_017028418.2	1668	1440.29	11.6963	0.36546
XM_017028419.2	1590	1362.29	0	0
XM_017028420.2	1984	1756.29	87.6315	2.24546
XM_017028422.2	1341	1113.29	7.24726	0.292959
XM_017028423.2	1269	1041.29	4.22801	0.182728
XM_017028424.3	1116	888.293	1.94692e-05	9.86358e-07
XM_017028425.2	6521	6293.29	129.495	0.926012
XM_017028428.2	17034	16806.3	1.18526e-06	3.17383e-09
XM_017028429.3	16861	16633.3	8.8798e-07	2.40252e-09
XM_017028430.3	16846	16618.3	1.74914	0.00473674
XM_017028431.3	16804	16576.3	0	0
XM_017028432.3	16789	16561.3	0	0
XM_017028433.3	16759	16531.3	9.74974e-07	2.65417e-09
XM_017028434.3	16744	16516.3	2.11821	0.00577163
XM_017028435.3	16648	16420.3	2.76859e-07	7.58787e-10
XM_017028436.3	16633	16405.3	0.683439	0.00187481
XM_017028438.3	5307	5079.29	0	0
XM_017028440.3	5094	4866.29	0	0
XM_017028441.3	3478	3250.29	0	0
XM_017028442.3	1730	1502.29	0	0
XM_017028443.2	5003	4775.29	0	0
XM_017028454.3	6839	6611.29	67.7924	0.461463
XM_017028457.3	5407	5179.29	0	0
XM_017028468.3	854	626.427	0	0
XM_017028473.2	7805	7577.29	0	0
XM_017028475.2	8264	8036.29	0	0
XM_017028476.2	7734	7506.29	106.507	0.638549
XM_017028479.2	1434	1206.29	0	0
XM_017028481.3	1080	852.293	4.21181	0.222393
XM_017028482.3	816	588.487	6.3958	0.489103
XM_017028485.3	1361	1133.29	829.797	32.9513
XM_017028491.3	2281	2053.29	0.0329597	0.000722395
XM_017028495.3	7060	6832.29	42.71	0.281323
XM_017028497.3	7027	6799.29	0	0
XM_017028499.3	6934	6706.29	95.9193	0.643674
XM_017028507.1	8187	7959.29	0	0
XM_017028509.2	7273	7045.29	151.613	0.968452
XM_017028531.3	4320	4092.29	2	0.0219941
XM_017028539.2	5423	5195.29	76.2629	0.660611
XM_017028542.3	2062	1834.29	2.69211e-07	6.6049e-09
XM_017028543.2	2579	2351.29	0.0525478	0.00100575
XM_017028544.2	2541	2313.29	3.75472	0.0730448
XM_017028546.2	2427	2199.29	0	0
XM_017028547.2	2576	2348.29	0.0380569	0.00072933
XM_017028551.2	2278	2050.29	20.9413	0.459653
XM_017028552.2	2549	2321.29	0.750818	0.0145562
XM_017028556.2	2546	2318.29	0.0963177	0.00186973
XM_017028560.2	1968	1740.29	0	0
XM_017028569.2	5185	4957.29	9.7458	0.0884739
XM_017028575.2	2633	2405.29	0	0
XM_017028577.2	3667	3439.29	0	0
XM_017028579.2	3698	3470.29	0	0
XM_017028580.2	3817	3589.29	0	0
XM_017028585.2	3481	3253.29	1.26819e-05	1.7543e-07
XM_017028586.2	3367	3139.29	0	0
XM_017028596.3	2722	2494.29	0	0
XM_017028612.2	1239	1011.29	0	0
XM_017028618.2	726	498.753	0	0
XM_017028620.3	861	633.427	50.36	3.57793
XM_017028622.2	1598	1370.29	0	0
XM_017028625.2	1102	874.293	0	0
XM_017028626.2	1044	816.293	0	0
XM_017028627.3	3967	3739.29	25.2575	0.303979
XM_017028628.2	1470	1242.29	0.24465	0.00886263
XM_017028629.3	1686	1458.29	0	0
XM_017028630.3	1743	1515.29	0	0
XM_017028631.2	1196	968.293	0	0
XM_017028632.3	1081	853.293	0	0
XM_017028633.3	3956	3728.29	2.44574	0.0295217
XM_017028636.2	1858	1630.29	50.0798	1.38242
XM_017028642.3	3371	3143.29	18.6228	0.266626
XM_017028644.3	2436	2208.29	31.8414	0.6489
XM_017028645.3	2388	2160.29	144.132	3.00254
XM_017028646.3	2388	2160.29	0.403501	0.0084057
XM_017028647.3	2385	2157.29	10.3759	0.21645
XM_017028648.3	2346	2118.29	71.9516	1.52861
XM_017028649.3	2319	2091.29	0.108428	0.0023333
XM_017028650.3	2280	2052.29	3.87451	0.084961
XM_017028651.3	2277	2049.29	113.966	2.50273
XM_017028652.3	2277	2049.29	0	0
XM_017028653.3	2274	2046.29	0	0
XM_017028654.2	2271	2043.29	0	0
XM_017028655.2	2268	2040.29	0.00396597	8.74781e-05
XM_017028656.3	2265	2037.29	11.6899	0.258225
XM_017028658.2	2232	2004.29	0	0
XM_017028659.2	2229	2001.29	0.605869	0.0136242
XM_017028660.3	2223	1995.29	0	0
XM_017028662.3	2178	1950.29	0.0061094	0.000140975
XM_017028663.2	2106	1878.29	0	0
XM_017028667.3	5663	5435.29	304.023	2.51725
XM_017028669.3	6732	6504.29	22.7401	0.157338
XM_017028670.3	4467	4239.29	0	0
XM_017028673.3	11770	11542.3	1.40033e-08	5.45984e-11
XM_017028674.3	1779	1551.29	1.17286	0.0340246
XM_017028675.3	1737	1509.29	12.5338	0.373725
XM_017028676.3	1701	1473.29	0.0299177	0.000913862
XM_017028677.3	1556	1328.29	13.9628	0.473066
XM_017028680.3	7531	7303.29	0	0
XM_017028681.3	7483	7255.29	0	0
XM_017028683.3	7291	7063.29	1.97869	0.012607
XM_017028685.2	1930	1702.29	0	0
XM_017028686.1	6703	6475.29	65.4038	0.454555
XM_017028687.3	6895	6667.29	0	0
XM_017028690.2	7172	6944.29	0	0
XM_017028691.2	7169	6941.29	0	0
XM_017028693.2	6881	6653.29	0.0974297	0.000659018
XM_017028696.2	6849	6621.29	891.595	6.05992
XM_017028698.2	6806	6578.29	922.25	6.30925
XM_017028702.2	3891	3663.29	162.561	1.99704
XM_017028707.2	814	586.487	33.5012	2.57066
XM_017028716.2	5136	4908.29	11.4894	0.105344
XM_017028718.2	4041	3813.29	127.104	1.50004
XM_017028722.3	4721	4493.29	0	0
XM_017028725.2	5329	5101.29	28.7492	0.253623
XM_017028739.3	1295	1067.29	1.77924	0.0750228
XM_017028740.2	1972	1744.29	0	0
XM_017028741.2	1047	819.293	0	0
XM_017028742.3	3854	3626.29	36.515	0.453159
XM_017028743.3	6361	6133.29	18.5712	0.136266
XM_017028746.3	11788	11560.3	14.9678	0.0582683
XM_017028747.3	3665	3437.29	21.2893	0.278732
XM_017028748.2	3750	3522.29	50.5693	0.646107
XM_017028754.2	3698	3470.29	0	0
XM_017028755.2	3943	3715.29	48.7254	0.590208
XM_017028756.2	3608	3380.29	91.4595	1.21763
XM_017028757.2	3380	3152.29	0	0
XM_017028759.2	3421	3193.29	135.297	1.90675
XM_017028766.2	1497	1269.29	41.0049	1.45384
XM_017028768.3	2491	2263.29	72.7729	1.44701
XM_017028769.3	2416	2188.29	3.78188	0.0777759
XM_017028774.2	2091	1863.29	0	0
XM_017028785.2	10027	9799.29	0	0
XM_017028786.3	17302	17074.3	10.7072	0.0282211
XM_017028792.3	5325	5097.29	5.81059	0.0513006
XM_017028793.3	3392	3164.29	157.299	2.23713
XM_017028797.2	1384	1156.29	0	0
XM_017028799.3	3865	3637.29	13.45	0.166413
XM_017028809.3	5617	5389.29	46.8943	0.391589
XM_017028811.2	844	616.427	14.0141	1.02312
XM_017028813.1	997	769.293	0	0
XM_017028821.3	2686	2458.29	109.805	2.01017
XM_017028831.2	2470	2242.29	66.6595	1.33786
XM_017028833.2	3954	3726.29	0	0
XM_017028834.2	2626	2398.29	0	0
XM_017028835.2	2507	2279.29	0	0
XM_017028836.2	2461	2233.29	0	0
XM_017028837.1	3230	3002.29	2.13422	0.0319911
XM_017028839.2	9859	9631.29	1.05076e-06	4.90979e-09
XM_017028842.1	2583	2355.29	0	0
XM_017028843.1	2580	2352.29	0	0
XM_017028844.1	2550	2322.29	8.35843	0.161976
XM_017028856.3	3013	2785.29	4.11115	0.0664255
XM_017028857.2	974	746.293	5.36803	0.323703
XM_017028892.2	1059	831.293	6.52929	0.353471
XM_017028893.3	4081	3853.29	927.522	10.8326
XM_017028895.3	4581	4353.29	590.432	6.10371
XM_017028897.2	4622	4394.29	469.419	4.80744
XM_017028910.3	5228	5000.29	0	0
XM_017028911.3	4970	4742.29	0	0
XM_017028913.2	3311	3083.29	0	0
XM_017028914.2	3218	2990.29	0	0
XM_017028917.2	3193	2965.29	0	0
XM_017028918.2	3041	2813.29	0	0
XM_017028920.2	2368	2140.29	0	0
XM_017028921.3	3790	3562.29	45.3795	0.573288
XM_017028922.3	9485	9257.29	0	0
XM_017028924.2	4282	4054.29	0	0
XM_017028926.2	2228	2000.29	0	0
XM_017028927.2	2102	1874.29	6.66759	0.160093
XM_017028933.2	3281	3053.29	2.07421	0.0305722
XM_017028936.2	2473	2245.29	5.62659	0.112776
XM_017028937.2	1683	1455.29	346.233	10.7068
XM_017028943.2	1863	1635.29	43.4337	1.19529
XM_017028945.3	1856	1628.29	0	0
XM_017028949.2	2385	2157.29	0	0
XM_017028953.3	5494	5266.29	0.00426414	3.64392e-05
XM_017028954.3	5404	5176.29	2.2344	0.019426
XM_017028955.3	5302	5074.29	0	0
XM_017028956.3	5236	5008.29	0	0
XM_017028957.3	3708	3480.29	0	0
XM_017028961.3	8624	8396.29	0	0
XM_017028962.3	8998	8770.29	0	0
XM_017028963.3	8619	8391.29	0	0
XM_017028966.2	1457	1229.29	0	0
XM_017028976.2	2937	2709.29	0	0
XM_017028977.2	2902	2674.29	17.1104	0.287934
XM_017028989.2	5902	5674.29	16.6781	0.132275
XM_017029013.2	8763	8535.29	0	0
XM_017029014.2	8660	8432.29	0	0
XM_017029015.2	8531	8303.29	0	0
XM_017029016.2	5841	5613.29	0	0
XM_017029018.3	2330	2102.29	0	0
XM_017029019.3	2906	2678.29	16.7236	0.281005
XM_017029020.3	4585	4357.29	49.3185	0.509372
XM_017029021.3	2496	2268.29	102.975	2.04302
XM_017029022.2	2711	2483.29	19.4597	0.352656
XM_017029023.2	5668	5440.29	154.658	1.27936
XM_017029024.2	2743	2515.29	0.145592	0.0026049
XM_017029025.2	2268	2040.29	16.2319	0.35803
XM_017029026.2	4311	4083.29	19.4413	0.214268
XM_017029035.3	13276	13048.3	0	0
XM_017029036.2	13273	13045.3	0	0
XM_017029046.3	4417	4189.29	127.329	1.36782
XM_017029053.2	4659	4431.29	97.601	0.991211
XM_017029065.3	3546	3318.29	243.22	3.29857
XM_017029066.2	2570	2342.29	0	0
XM_017029068.2	2583	2355.29	0	0
XM_017029074.2	2692	2464.29	0	0
XM_017029075.2	2555	2327.29	0	0
XM_017029078.3	1201	973.293	0	0
XM_017029096.2	1679	1451.29	0	0
XM_017029097.2	1727	1499.29	0	0
XM_017029100.3	2458	2230.29	0	0
XM_017029101.3	2350	2122.29	8.6108	0.182591
XM_017029104.2	5114	4886.29	0	0
XM_017029105.2	5062	4834.29	0	0
XM_017029107.2	5049	4821.29	0	0
XM_017029113.2	2537	2309.29	0	0
XM_017029114.2	2426	2198.29	0	0
XM_017029116.2	3822	3594.29	0	0
XM_017029120.2	4270	4042.29	0	0
XM_017029133.2	3561	3333.29	0	0
XM_017029163.1	627	401.259	1.00071	0.112234
XM_017029190.2	1451	1223.29	0	0
XM_017029198.3	15033	14805.3	0.482284	0.00146598
XM_017029199.2	15001	14773.3	0.240249	0.000731856
XM_017029202.2	15105	14877.3	0.21563	0.000652269
XM_017029203.2	14898	14670.3	0.0886932	0.000272078
XM_017029207.2	1036	808.293	3.21537	0.179021
XM_017029208.3	13646	13418.3	0	0
XM_017029209.3	13701	13473.3	0	0
XM_017029210.3	13571	13343.3	0	0
XM_017029211.3	13652	13424.3	0	0
XM_017029213.3	13575	13347.3	0	0
XM_017029214.3	13526	13298.3	0	0
XM_017029215.3	4545	4317.29	0	0
XM_017029216.3	4524	4296.29	0	0
XM_017029218.3	1624	1396.29	7.81785	0.251973
XM_017029219.2	4123	3895.29	0	0
XM_017029220.3	4092	3864.29	0	0
XM_017029222.2	9233	9005.29	0	0
XM_017029240.2	3953	3725.29	0	0
XM_017029241.2	12205	11977.3	2.98148	0.0112025
XM_017029242.3	4351	4123.29	8.36876	0.0913396
XM_017029250.3	8670	8442.29	0	0
XM_017029252.2	3174	2946.29	0	0
XM_017029253.2	3100	2872.29	0	0
XM_017029254.2	2408	2180.29	0	0
XM_017029255.2	2378	2150.29	0	0
XM_017029257.2	9875	9647.29	0	0
XM_017029258.2	10134	9906.29	0	0
XM_017029259.3	6264	6036.29	0	0
XM_017029260.2	6255	6027.29	0	0
XM_017029261.2	4398	4170.29	0	0
XM_017029262.3	4407	4179.29	0	0
XM_017029264.2	708	480.9	0	0
XM_017029266.2	4530	4302.29	4.26016	0.0445624
XM_017029267.2	2414	2186.29	0	0
XM_017029269.2	4304	4076.29	0	0
XM_017029272.2	6489	6261.29	41.831	0.300661
XM_017029274.2	5396	5168.29	0	0
XM_017029275.2	6142	5914.29	0	0
XM_017029279.2	1458	1230.29	0	0
XM_017029282.3	558	334.107	0	0
XM_017029283.2	1659	1431.29	0	0
XM_017029284.2	1572	1344.29	0	0
XM_017029290.3	1991	1763.29	0	0
XM_017029292.2	1781	1553.29	0	0
XM_017029293.3	1793	1565.29	0	0
XM_017029294.3	3778	3550.29	0	0
XM_017029296.3	1198	970.293	0	0
XM_017029300.2	4526	4298.29	20.2239	0.211744
XM_017029301.2	4446	4218.29	0.17608	0.00187852
XM_017029302.2	4124	3896.29	24.7479	0.285844
XM_017029303.2	2523	2295.29	17.2228	0.337683
XM_017029308.2	881	653.427	5.33366	0.367342
XM_017029315.2	4602	4374.29	41.3692	0.42561
XM_017029316.2	3159	2931.29	29.4111	0.451538
XM_017029322.3	5048	4820.29	21.2171	0.198086
XM_017029323.3	5036	4808.29	0	0
XM_017029324.3	4994	4766.29	0	0
XM_017029325.3	8111	7883.29	12.4052	0.0708171
XM_017029327.2	4357	4129.29	0	0
XM_017029328.2	13953	13725.3	0	0
XM_017029329.2	6916	6688.29	0	0
XM_017029330.3	10835	10607.3	0	0
XM_017029332.2	4217	3989.29	0	0
XM_017029333.2	7207	6979.29	52.9669	0.341535
XM_017029336.2	5193	4965.29	0	0
XM_017029337.2	20167	19939.3	0	0
XM_017029340.2	1704	1476.29	2.8276	0.086196
XM_017029341.2	1710	1482.29	0.0108744	0.000330152
XM_017029346.2	2046	1818.29	7.31881	0.181142
XM_017029349.2	770	542.487	0	0
XM_017029351.2	4875	4647.29	184.728	1.78886
XM_017029353.2	683	456.134	0	0
XM_017029356.2	5279	5051.29	32.7502	0.291779
XM_017029358.3	4529	4301.29	0	0
XM_017029360.2	5375	5147.29	2.8455	0.0248784
XM_017029381.2	1094	866.293	0	0
XM_017029383.2	2296	2068.29	11.0544	0.240528
XM_017029384.2	11489	11261.3	287.103	1.14734
XM_017029385.3	2946	2718.29	0	0
XM_017029388.2	2654	2426.29	516.928	9.58802
XM_017029390.1	6989	6761.29	0	0
XM_017029391.1	6988	6760.29	0	0
XM_017029392.2	1906	1678.29	0	0
XM_017029393.2	4005	3777.29	0	0
XM_017029394.2	3990	3762.29	0	0
XM_017029395.3	3966	3738.29	0	0
XM_017029396.2	3957	3729.29	0	0
XM_017029397.2	3933	3705.29	0	0
XM_017029398.3	1495	1267.29	0.0553989	0.00196728
XM_017029400.2	8044	7816.29	0.00186634	1.07457e-05
XM_017029402.2	2486	2258.29	0	0
XM_017029404.3	1035	807.293	0	0
XM_017029407.3	2178	1950.29	13	0.299975
XM_017029413.3	1621	1393.29	0	0
XM_017029416.2	8372	8144.29	0	0
XM_017029419.2	8261	8033.29	0	0
XM_017029421.2	7295	7067.29	2.03782	0.0129764
XM_017029423.2	9375	9147.29	8.43028	0.0414755
XM_017029424.2	9379	9151.29	0	0
XM_017029425.2	9283	9055.29	22.9074	0.113845
XM_017029427.2	3018	2790.29	0	0
XM_017029432.2	4594	4366.29	0	0
XM_017029435.2	1815	1587.29	0	0
XM_017029436.2	1278	1050.29	0	0
XM_017029437.2	5665	5437.29	8.91728	0.073806
XM_017029438.2	4341	4113.29	0	0
XM_017029449.2	3418	3190.29	2.77969e-08	3.9211e-10
XM_017029452.2	8121	7893.29	0	0
XM_017029453.2	6120	5892.29	0	0
XM_017029454.2	6008	5780.29	0	0
XM_017029455.2	3341	3113.29	0	0
XM_017029456.2	3113	2885.29	0	0
XM_017029457.1	4093	3865.29	13.1806	0.15346
XM_017029460.2	4592	4364.29	0	0
XM_017029461.2	4535	4307.29	12.4208	0.129774
XM_017029467.3	4406	4178.29	0.109006	0.00117407
XM_017029468.3	4331	4103.29	2.30955	0.0253301
XM_017029469.2	3810	3582.29	282.17	3.54481
XM_017029471.3	8810	8582.29	51.1835	0.268392
XM_017029479.2	12059	11831.3	0	0
XM_017029480.2	11516	11288.3	14.8876	0.0593525
XM_017029481.2	11511	11283.3	0	0
XM_017029482.2	11421	11193.3	0	0
XM_017029483.2	11217	10989.3	0	0
XM_017029484.2	8123	7895.29	10.0097	0.0570551
XM_017029485.2	1997	1769.29	0	0
XM_017029491.3	1535	1307.29	2.74516	0.0945011
XM_017029492.1	4556	4328.29	0	0
XM_017029495.2	2160	1932.29	0	0
XM_017029502.2	1633	1405.29	0	0
XM_017029506.2	1300	1072.29	0	0
XM_017029513.2	682	455.179	0	0
XM_017029517.2	1940	1712.29	0	0
XM_017029524.3	2398	2170.29	0	0
XM_017029528.1	1022	794.293	0	0
XM_017029529.2	4172	3944.29	0	0
XM_017029531.2	3769	3541.29	0	0
XM_017029532.3	4180	3952.29	0	0
XM_017029543.1	657	430.76	0	0
XM_017029544.1	654	427.803	0	0
XM_017029547.1	3412	3184.29	0	0
XM_017029548.2	3513	3285.29	0	0
XM_017029551.3	22519	22291.3	12.777	0.025795
XM_017029552.3	1051	823.293	3.47244	0.189811
XM_017029553.2	6074	5846.29	0	0
XM_017029555.2	8125	7897.29	3.0323	0.0172797
XM_017029556.2	1047	819.293	0	0
XM_017029557.2	9001	8773.29	0	0
XM_017029558.2	2583	2355.29	0	0
XM_017029559.2	2561	2333.29	0	0
XM_017029560.2	2516	2288.29	0	0
XM_017029563.2	9234	9006.29	0	0
XM_017029564.2	1906	1678.29	0	0
XM_017029568.3	1230	1002.29	46.8266	2.10252
XM_017029569.2	3170	2942.29	64.1173	0.980689
XM_017029574.3	3370	3142.29	0	0
XM_017029576.2	2102	1874.29	0	0
XM_017029577.2	2816	2588.29	0	0
XM_017029578.2	2184	1956.29	0	0
XM_017029579.2	4980	4752.29	0	0
XM_017029580.3	4119	3891.29	9.09186	0.105148
XM_017029582.2	8338	8110.29	15.5869	0.0864898
XM_017029583.2	6599	6371.29	63.029	0.4452
XM_017029584.2	3506	3278.29	2.32816	0.0319601
XM_017029585.3	1403	1175.29	19.7013	0.754382
XM_017029588.3	2090	1862.29	0	0
XM_017029589.2	1902	1674.29	21.2488	0.571143
XM_017029591.3	2051	1823.29	3.93877	0.0972179
XM_017029592.3	1510	1282.29	28.2376	0.99102
XM_017029593.3	1688	1460.29	3.64849	0.112439
XM_017029594.3	4926	4698.29	0	0
XM_017029595.3	16938	16710.3	5.34885	0.0144052
XM_017029596.2	6781	6553.29	17.2921	0.118749
XM_017029597.3	5681	5453.29	1.43378	0.0118322
XM_017029598.2	1088	860.293	0	0
XM_017029599.3	732	504.753	22.1916	1.97858
XM_017029601.3	11075	10847.3	52.0899	0.21611
XM_017029604.3	10964	10736.3	35.6889	0.149596
XM_017029612.2	3615	3387.29	0	0
XM_017029613.2	684	457.134	0	0
XM_017029615.2	6798	6570.29	0	0
XM_017029616.3	6963	6735.29	84.2806	0.563136
XM_017029619.3	1408	1180.29	1.57248	0.0599568
XM_017029620.3	1180	952.293	0	0
XM_017029622.2	3008	2780.29	0	0
XM_017029623.2	2913	2685.29	0	0
XM_017029625.2	2805	2577.29	0	0
XM_017029626.2	2171	1943.29	0	0
XM_017029627.2	1962	1734.29	0	0
XM_017029628.3	2665	2437.29	15.606	0.288155
XM_017029630.2	2422	2194.29	30.9228	0.634199
XM_017029631.2	4374	4146.29	11.5899	0.125794
XM_017029640.3	1754	1526.29	0	0
XM_017029643.3	1532	1304.29	0	0
XM_017029644.3	1481	1253.29	0	0
XM_017029645.3	1454	1226.29	14.7639	0.541813
XM_017029648.3	2747	2519.29	9.68476	0.173003
XM_017029649.1	2933	2705.29	0	0
XM_017029650.1	2070	1842.29	0	0
XM_017029651.2	2053	1825.29	0	0
XM_017029652.2	1706	1478.29	0	0
XM_017029653.2	2571	2343.29	14.2928	0.274495
XM_017029654.2	2229	2001.29	52.8946	1.18944
XM_017029679.2	5612	5384.29	0	0
XM_017029680.2	1466	1238.29	0	0
XM_017029681.2	1043	815.293	0	0
XM_017029682.3	14671	14443.3	0	0
XM_017029683.2	14536	14308.3	0	0
XM_017029684.2	14591	14363.3	0	0
XM_017029685.3	4474	4246.29	0	0
XM_017029687.3	3396	3168.29	0	0
XM_017029688.3	7500	7272.29	0	0
XM_017029689.3	7302	7074.29	1	0.00636151
XM_017029691.2	5753	5525.29	0	0
XM_017029692.2	5984	5756.29	0	0
XM_017029693.2	5981	5753.29	0	0
XM_017029695.2	5683	5455.29	0	0
XM_017029696.3	2541	2313.29	13.4752	0.262147
XM_017029698.2	1411	1183.29	0	0
XM_017029704.2	3160	2932.29	98.3214	1.50898
XM_017029705.2	795	567.487	0	0
XM_017029706.2	3068	2840.29	23.8136	0.377316
XM_017029708.2	2804	2576.29	8.92368	0.15588
XM_017029717.3	7693	7465.29	1227.84	7.4018
XM_017029718.3	7732	7504.29	0	0
XM_017029719.3	7694	7466.29	169.27	1.02027
XM_017029721.2	7803	7575.29	100.921	0.599547
XM_017029722.2	7831	7603.29	24.9729	0.147812
XM_017029723.3	9196	8968.29	90.8525	0.4559
XM_017029724.3	2223	1995.29	0	0
XM_017029726.2	3639	3411.29	37.4908	0.494593
XM_017029727.2	2947	2719.29	163.836	2.71142
XM_017029734.3	1258	1030.29	0	0
XM_017029737.2	1968	1740.29	5.50568	0.142374
XM_017029738.2	2097	1869.29	0	0
XM_017029739.2	1929	1701.29	41.2698	1.09168
XM_017029740.2	1866	1638.29	0	0
XM_017029741.2	11271	11043.3	0	0
XM_017029742.2	11348	11120.3	0	0
XM_017029743.2	11263	11035.3	0	0
XM_017029744.2	11241	11013.3	0	0
XM_017029745.2	11241	11013.3	0	0
XM_017029746.2	637	411.055	0	0
XM_017029748.2	637	411.055	0	0
XM_017029752.3	1690	1462.29	0	0
XM_017029759.2	755	527.701	0	0
XM_017029760.2	2615	2387.29	57.2395	1.07903
XM_017029761.2	1891	1663.29	62.7748	1.69847
XM_017029763.2	1693	1465.29	10.0498	0.308657
XM_017029764.2	1457	1229.29	97.3634	3.56437
XM_017029767.2	4831	4603.29	0	0
XM_017029769.2	2308	2080.29	0	0
XM_017029770.2	2385	2157.29	0	0
XM_017029771.2	2713	2485.29	0.0747089	0.00135281
XM_017029774.2	12266	12038.3	7.67518e-07	2.86923e-09
XM_017029776.2	1210	982.293	0	0
XM_017029777.2	7903	7675.29	645.917	3.78725
XM_017029778.3	5868	5640.29	0	0
XM_017029780.2	5821	5593.29	7.4016	0.0595525
XM_017029783.3	5857	5629.29	0.0132118	0.000105621
XM_017029786.2	2878	2650.29	5.55247	0.0942833
XM_017029787.3	2904	2676.29	187.311	3.14973
XM_017029788.2	8079	7851.29	2.05744	0.0117931
XM_017029789.2	7632	7404.29	1.71046e-07	1.03961e-09
XM_017029790.2	7619	7391.29	0.112541	0.000685223
XM_017029791.3	7508	7280.29	233.097	1.44089
XM_017029792.2	7714	7486.29	0	0
XM_017029793.2	7456	7228.29	0	0
XM_017029794.2	7985	7757.29	52.4667	0.30438
XM_017029795.2	7339	7111.29	0	0
XM_017029798.3	7305	7077.29	30.6081	0.194631
XM_017029799.2	7456	7228.29	0	0
XM_017029801.2	6773	6545.29	0	0
XM_017029809.2	4042	3814.29	0.0228532	0.000269635
XM_017029810.3	5011	4783.29	7.74346	0.0728535
XM_017029811.3	5072	4844.29	0	0
XM_017029812.2	5119	4891.29	2.85915	0.026306
XM_017029813.2	5071	4843.29	0	0
XM_017029814.3	4982	4754.29	0	0
XM_017029815.2	5029	4801.29	0	0
XM_017029816.2	4919	4691.29	0	0
XM_017029817.2	4879	4651.29	0	0
XM_017029821.2	4726	4498.29	0	0
XM_017029822.3	4785	4557.29	0	0
XM_017029823.2	4723	4495.29	0	0
XM_017029824.2	4642	4414.29	0	0
XM_017029825.2	4639	4411.29	0	0
XM_017029826.2	4636	4408.29	0	0
XM_017029827.2	4633	4405.29	0	0
XM_017029828.2	4630	4402.29	0	0
XM_017029829.2	4549	4321.29	0	0
XM_017029830.2	4543	4315.29	0	0
XM_017029831.2	4540	4312.29	0	0
XM_017029832.2	4531	4303.29	0	0
XM_017029833.2	4465	4237.29	0	0
XM_017029834.2	4453	4225.29	0	0
XM_017029835.2	4414	4186.29	2.60905	0.0280475
XM_017029836.1	3243	3015.29	0	0
XM_017029837.2	1001	773.293	103.022	5.99553
XM_017029841.2	551	327.472	0	0
XM_017029845.1	2153	1925.29	0	0
XM_017029846.2	4161	3933.29	0	0
XM_017029847.2	4146	3918.29	14.3484	0.164797
XM_017029848.2	3852	3624.29	0	0
XM_017029849.2	2916	2688.29	0	0
XM_017029850.3	2842	2614.29	0	0
XM_017029852.2	3183	2955.29	0	0
XM_017029856.2	1619	1391.29	90.4946	2.92716
XM_017029865.2	2906	2678.29	127.198	2.1373
XM_017029870.2	2826	2598.29	34.8952	0.604393
XM_017029893.3	1376	1148.29	288.584	11.31
XM_017029894.3	16890	16662.3	29.3665	0.0793159
XM_017029897.2	11805	11577.3	1.65191	0.0064213
XM_017029899.2	2884	2656.29	0	0
XM_017029902.3	7129	6901.29	24.9247	0.162533
XM_017029903.2	3203	2975.29	2.1272	0.0321751
XM_017029905.2	5318	5090.29	50.225	0.444038
XM_017029906.3	9159	8931.29	0	0
XM_017029909.2	4046	3818.29	5.72967	0.067531
XM_017029911.2	2468	2240.29	25.8297	0.518868
XM_017029913.1	4724	4496.29	0	0
XM_017029914.2	4657	4429.29	0.214508	0.00217948
XM_017029915.1	4684	4456.29	5.16328e-05	5.21428e-07
XM_017029916.1	4721	4493.29	0	0
XM_017029917.1	4700	4472.29	3.79272e-07	3.81647e-09
XM_017029921.2	4296	4068.29	0	0
XM_017029923.2	4100	3872.29	281.683	3.27366
XM_017029924.2	1480	1252.29	2.21259e-05	7.9513e-07
XM_017029927.2	3325	3097.29	20.378	0.296088
XM_017029928.2	3396	3168.29	10.0429	0.142652
XM_017029929.2	3282	3054.29	7.0087e-08	1.03269e-09
XM_017029930.2	2979	2751.29	0	0
XM_017029931.2	3019	2791.29	0	0
XM_017029932.2	9045	8817.29	0	0
XM_017029933.2	9042	8814.29	113.002	0.576955
XM_017029934.2	1499	1271.29	73.1074	2.58796
XM_017029945.2	3734	3506.29	3.69522e-07	4.74279e-09
XM_017029946.2	3700	3472.29	0.234149	0.00303471
XM_017029947.3	3384	3156.29	0	0
XM_017029948.3	2976	2748.29	0	0
XM_017029949.3	3134	2906.29	0	0
XM_017029952.2	3661	3433.29	21.5403	0.282347
XM_017029953.2	1216	988.293	0	0
XM_017029954.3	1820	1592.29	0	0
XM_017029955.2	4679	4451.29	0	0
XM_017029956.3	4761	4533.29	1.67844	0.0166622
XM_017029957.2	2175	1947.29	0	0
XM_017029958.2	7792	7564.29	0	0
XM_017029960.2	1921	1693.29	5483.49	145.736
XM_017029961.3	1875	1647.29	513.121	14.0182
XM_017029963.3	807	579.487	0	0
XM_017029966.2	4076	3848.29	0	0
XM_017029967.3	3988	3760.29	13.2158	0.158167
XM_017029968.2	3895	3667.29	12.6359	0.155061
XM_017029972.1	5310	5082.29	5.66202	0.0501365
XM_017029973.2	5055	4827.29	0	0
XM_017029974.2	4943	4715.29	0	0
XM_017029975.3	4953	4725.29	2.79764	0.0266444
XM_017029977.2	5678	5450.29	0	0
XM_017029983.2	8264	8036.29	0	0
XM_017029984.2	7928	7700.29	0	0
XM_017029985.2	8023	7795.29	0.000157948	9.11852e-07
XM_017029987.3	2601	2373.29	0	0
XM_017029988.3	2598	2370.29	43.8146	0.831877
XM_017029989.1	2852	2624.29	69.0351	1.18386
XM_017029990.2	2862	2634.29	0	0
XM_017029991.2	2754	2526.29	25.6495	0.456917
XM_017029992.2	2843	2615.29	124.544	2.14312
XM_017029993.1	2749	2521.29	1.2522e-08	2.23507e-10
XM_017029994.1	2737	2509.29	0	0
XM_017029995.2	2671	2443.29	24.8483	0.457682
XM_017029997.2	2544	2316.29	0	0
XM_017029998.3	4077	3849.29	0.989966	0.0115739
XM_017030023.1	922	694.293	0	0
XM_017030025.2	1154	926.293	0	0
XM_017030030.3	1277	1049.29	0	0
XM_017030031.3	852	624.427	0	0
XM_017030036.2	8657	8429.29	0	0
XM_017030039.2	7108	6880.29	0	0
XM_017030040.2	6452	6224.29	0	0
XM_017030041.2	1074	846.293	0	0
XM_017030043.3	1535	1307.29	2.74516	0.0945011
XM_017030044.2	2241	2013.29	0	0
XM_017030051.2	1707	1479.29	0	0
XM_017030055.2	1300	1072.29	0	0
XM_017030056.2	2515	2287.29	0	0
XM_017030062.2	1159	931.293	0	0
XM_017030063.2	2615	2387.29	57.2395	1.07903
XM_017030064.2	1154	926.293	0	0
XM_017030065.2	1172	944.293	0	0
XM_017030070.3	5073	4845.29	0	0
XM_017030071.3	4599	4371.29	0	0
XM_017030073.3	4305	4077.29	0	0
XM_017030075.2	5202	4974.29	0	0
XM_017030079.2	13068	12840.3	0	0
XM_017030080.2	9020	8792.29	0	0
XM_017030081.2	8790	8562.29	0	0
XM_017030085.3	1277	1049.29	0	0
XM_017030104.2	680	453.225	0	0
XM_017030109.1	823	595.427	0	0
XM_017030124.2	1710	1482.29	0	0
XM_017030126.2	3587	3359.29	0	0
XM_017030127.2	3579	3351.29	0	0
XM_017030136.3	2695	2467.29	0	0
XM_017030137.3	2692	2464.29	0	0
XM_017030140.3	2685	2457.29	0	0
XM_017030141.3	2682	2454.29	0	0
XM_017030142.3	2526	2298.29	0	0
XM_017030143.3	2572	2344.29	0	0
XM_017030144.2	1590	1362.29	0	0
XM_017030145.3	2213	1985.29	0	0
XM_017030146.3	1867	1639.29	1	0.0274527
XM_017030172.2	1246	1018.29	0	0
XM_017030173.2	1121	893.293	1	0.0503788
XM_017030174.2	838	610.427	0	0
XM_017030176.2	1822	1594.29	0	0
XM_017030179.3	1332	1104.29	0	0
XM_017030180.3	930	702.293	0	0
XM_017030181.3	532	309.634	0	0
XM_017030182.2	14142	13914.3	8.03924	0.0260014
XM_017030183.1	12432	12204.3	0	0
XM_017030236.3	1265	1037.29	0	0
XM_017030240.1	819	591.487	0	0
XM_017030248.2	3849	3621.29	0	0
XM_017030253.2	618	392.338	0	0
XM_017030256.3	816	588.487	1.10026	0.0841398
XM_017030274.1	1194	966.293	0	0
XM_017030296.2	2237	2009.29	0	0
XM_017030297.2	2233	2005.29	0	0
XM_017030317.3	816	588.487	1.10026	0.0841398
XM_017030330.2	2580	2352.29	12.2785	0.234907
XM_017030331.2	2580	2352.29	12.2785	0.234907
XM_024446004.2	4408	4180.29	0	0
XM_024446006.2	2921	2693.29	6.52348	0.109003
XM_024446007.2	6522	6294.29	15.4489	0.110457
XM_024446010.2	6424	6196.29	0	0
XM_024446011.2	6136	5908.29	0	0
XM_024446012.2	3354	3126.29	0	0
XM_024446014.2	6541	6313.29	32.7788	0.233658
XM_024446015.2	6777	6549.29	0	0
XM_024446017.2	4890	4662.29	485.261	4.68401
XM_024446019.2	1713	1485.29	0	0
XM_024446020.2	1566	1338.29	0	0
XM_024446021.2	1563	1335.29	0	0
XM_024446022.2	1589	1361.29	0	0
XM_024446023.2	1442	1214.29	0	0
XM_024446024.2	1747	1519.29	0	0
XM_024446041.2	3140	2912.29	0.000365719	5.65139e-06
XM_024446042.2	3143	2915.29	105.223	1.62431
XM_024446044.2	10893	10665.3	0	0
XM_024446046.2	7524	7296.29	53.8152	0.331929
XM_024446047.2	8010	7782.29	35.585	0.205779
XM_024446048.2	5644	5416.29	693.867	5.76523
XM_024446055.2	7205	6977.29	0	0
XM_024446056.2	7086	6858.29	0	0
XM_024446058.2	7199	6971.29	0	0
XM_024446059.2	7080	6852.29	0	0
XM_024446064.2	4117	3889.29	0	0
XM_024446066.2	5958	5730.29	0	0
XM_024446069.2	5901	5673.29	0	0
XM_024446070.2	5847	5619.29	0	0
XM_024446072.2	5751	5523.29	0	0
XM_024446074.2	5697	5469.29	0	0
XM_024446075.2	5697	5469.29	43.6668	0.359304
XM_024446076.2	5643	5415.29	0	0
XM_024446078.2	5580	5352.29	0	0
XM_024446080.2	5651	5423.29	0	0
XM_024446081.2	5597	5369.29	0	0
XM_024446084.2	5322	5094.29	61.4949	0.543248
XM_024446085.2	4938	4710.29	0	0
XM_024446086.2	2180	1952.29	0	0
XM_024446087.2	2326	2098.29	0	0
XM_024446088.2	2293	2065.29	0	0
XM_024446089.2	2290	2062.29	0	0
XM_024446090.2	2729	2501.29	0	0
XM_024446091.2	5618	5390.29	34.5287	0.288277
XM_024446093.2	1765	1537.29	21.0759	0.61698
XM_024446094.2	2093	1865.29	6.91273	0.16678
XM_024446095.2	2278	2050.29	0	0
XM_024446099.2	1964	1736.29	0	0
XM_024446101.2	1569	1341.29	0	0
XM_024446102.1	1655	1427.29	0	0
XM_024446104.2	1994	1766.29	0	0
XM_024446105.1	1792	1564.29	4.21819	0.121353
XM_024446107.2	5453	5225.29	0	0
XM_024446110.2	8187	7959.29	0	0
XM_024446112.2	8040	7812.29	0	0
XM_024446119.2	3086	2858.29	0	0
XM_024446121.2	2264	2036.29	7.13309e-05	1.57645e-06
XM_024446124.2	1879	1651.29	46.8966	1.27808
XM_024446125.2	1902	1674.29	12.2928	0.330416
XM_024446131.2	11519	11291.3	0	0
XM_024446136.2	5514	5286.29	0	0
XM_024446138.2	6359	6131.29	11.2086	0.0822702
XM_024446139.2	9296	9068.29	0	0
XM_024446145.2	1513	1285.29	0	0
XM_024446148.2	1352	1124.29	15.4958	0.620264
XM_024446165.2	7465	7237.29	316.568	1.96849
XM_024446166.2	7300	7072.29	4.48072e-07	2.85122e-09
XM_024446183.2	11565	11337.3	0.00215936	8.57153e-06
XM_024446188.1	5371	5143.29	0	0
XM_024446195.2	2084	1856.29	129.763	3.14591
XM_024446196.2	5279	5051.29	0.290679	0.00258972
XM_024446198.2	2511	2283.29	338.107	6.664
XM_024446199.2	2343	2115.29	10.7608	0.228936
XM_024446200.2	2571	2343.29	0.00104683	2.01045e-05
XM_024446209.2	2623	2395.29	0	0
XM_024446210.2	2494	2266.29	0	0
XM_024446212.2	2329	2101.29	0	0
XM_024446213.2	1189	961.293	0	0
XM_024446214.2	2056	1828.29	0	0
XM_024446215.2	1409	1181.29	0	0
XM_024446216.2	1170	942.293	0	0
XM_024446217.2	1417	1189.29	0	0
XM_024446218.2	1022	794.293	0	0
XM_024446219.2	5416	5188.29	1.95214	0.0169328
XM_024446222.2	1815	1587.29	477.758	13.5454
XM_024446223.2	5468	5240.29	7.11202	0.0610773
XM_024446227.2	2135	1907.29	0	0
XM_024446228.2	1089	861.293	1.88773	0.0986349
XM_024446230.1	1021	793.293	0	0
XM_024446235.2	5433	5205.29	82.9271	0.716958
XM_024446236.2	5057	4829.29	24.2446	0.22593
XM_024446239.2	1583	1355.29	128.623	4.27097
XM_024446240.2	1838	1610.29	0	0
XM_024446241.2	1370	1142.29	0	0
XM_024446243.2	3993	3765.29	35.8197	0.42812
XM_024446245.2	3990	3762.29	0.137055	0.0016394
XM_024446247.2	2267	2039.29	40.5388	0.894609
XM_024446250.2	3960	3732.29	156.826	1.89097
XM_024446251.2	1428	1200.29	0	0
XM_024446252.2	1043	815.293	22.7057	1.25332
XM_024446265.2	3641	3413.29	0	0
XM_024446266.2	3740	3512.29	14.138	0.18115
XM_024446267.2	3680	3452.29	4.43844	0.0578582
XM_024446268.2	3567	3339.29	0	0
XM_024446269.2	2539	2311.29	0	0
XM_024446270.2	10855	10627.3	0	0
XM_024446278.2	3299	3071.29	0	0
XM_024446282.2	1653	1425.29	3.00025	0.0947316
XM_024446289.2	1956	1728.29	0	0
XM_024446294.2	3798	3570.29	0	0
XM_024446295.2	3690	3462.29	0	0
XM_024446296.2	3678	3450.29	0	0
XM_024446300.2	5176	4948.29	1.00008	0.00909543
XM_024446301.2	3317	3089.29	0	0
XM_024446307.2	2203	1975.29	0	0
XM_024446309.2	5999	5771.29	63.8588	0.497955
XM_024446313.2	2608	2380.29	0	0
XM_024446315.2	3124	2896.29	34.3603	0.533897
XM_024446323.2	2793	2565.29	0	0
XM_024446324.2	3545	3317.29	0	0
XM_024446325.2	2581	2353.29	0	0
XM_024446329.2	9745	9517.29	407.882	1.9287
XM_024446330.2	4582	4354.29	23.5921	0.243832
XM_024446331.2	6382	6154.29	18.8876	0.138115
XM_024446332.2	6575	6347.29	9.83504e-07	6.97316e-09
XM_024446333.2	1955	1727.29	0	0
XM_024446335.2	2704	2476.29	53.1622	0.966146
XM_024446337.2	1894	1666.29	0	0
XM_024446339.2	1705	1477.29	0	0
XM_024446341.2	5089	4861.29	0	0
XM_024446342.1	1051	823.293	0	0
XM_024446344.2	977	749.293	0	0
XM_024446345.1	966	738.293	0	0
XM_024446346.2	816	588.487	0	0
XM_024446350.2	10965	10737.3	0	0
XM_024446357.2	5723	5495.29	0	0
XM_024446358.2	5639	5411.29	0	0
XM_024446359.2	5633	5405.29	0	0
XM_024446360.2	5624	5396.29	0	0
XM_024446361.2	5618	5390.29	0	0
XM_024446362.2	5540	5312.29	0	0
XM_024446363.2	5534	5306.29	0	0
XM_024446364.2	5525	5297.29	0	0
XM_024446365.2	5525	5297.29	0	0
XM_024446366.2	5435	5207.29	0	0
XM_024446367.1	2323	2095.29	0	0
XM_024446368.2	5258	5030.29	0	0
XM_024446369.2	7858	7630.29	0	0
XM_024446372.2	5781	5553.29	0	0
XM_024446376.2	6048	5820.29	224.468	1.73561
XM_024446377.2	6461	6233.29	211.005	1.52341
XM_024446378.2	11651	11423.3	58.1248	0.228988
XM_024446380.2	6231	6003.29	0	0
XM_024446383.2	5162	4934.29	60.2601	0.549601
XM_024446384.2	7232	7004.29	29.8612	0.19186
XM_024446385.2	8905	8677.29	32.1201	0.166584
XM_024446388.2	2287	2059.29	19.5983	0.428293
XM_024446390.2	6467	6239.29	41.7481	0.301123
XM_024446392.2	3740	3512.29	0	0
XM_024446395.1	3794	3566.29	0	0
XM_024446396.2	2607	2379.29	12.611	0.238531
XM_024446407.2	2964	2736.29	20.0011	0.328953
XM_024446408.2	1331	1103.29	10.169	0.41479
XM_024446417.2	9973	9745.29	0.00673452	3.10995e-05
XM_024446418.2	10494	10266.3	849.212	3.72259
XM_024446419.2	9995	9767.29	182.901	0.842721
XM_024446420.2	1149	921.293	0	0
XM_024446422.2	890	662.427	0	0
XM_024446424.2	5501	5273.29	0	0
XM_024446425.2	3164	2936.29	0	0
XM_024446435.2	4309	4081.29	0	0
XM_024446436.2	8691	8463.29	6.55295	0.0348449
XM_024446437.2	4226	3998.29	0	0
XM_024446438.2	3909	3681.29	1.31629	0.0160913
XM_024446439.2	4144	3916.29	0	0
XM_024446441.2	2795	2567.29	0	0
XM_024446445.2	1931	1703.29	0	0
XM_024446447.2	8542	8314.29	0	0
XM_024446449.2	4014	3786.29	0	0
XM_024446450.2	1599	1371.29	210.753	6.91649
XM_024446454.2	2181	1953.29	0	0
XM_024446455.2	1872	1644.29	5	0.136846
XM_024446465.2	1268	1040.29	0	0
XM_024446468.2	2972	2744.29	0	0
XM_024446472.2	2840	2612.29	38.8538	0.669351
XM_024446474.2	3576	3348.29	2.33503	0.0313842
XM_024446476.2	3065	2837.29	0	0
XM_024446477.2	2871	2643.29	83.9583	1.42942
XM_024446478.2	2777	2549.29	75.9627	1.34098
XM_024446480.2	3627	3399.29	73.0126	0.966611
XM_024446481.2	3049	2821.29	0	0
XM_024446482.2	3350	3122.29	0	0
XM_024446484.2	5644	5416.29	0	0
XM_024446485.2	5497	5269.29	0	0
XM_024446492.2	1464	1236.29	0	0
XM_024446493.2	1455	1227.29	18.8547	0.691376
XM_024446495.2	3025	2797.29	482.794	7.76723
XM_024446506.2	5286	5058.29	0	0
XM_024446507.2	5424	5196.29	0	0
XM_024446508.2	5441	5213.29	0	0
XM_024446509.2	5277	5049.29	0	0
XM_024446512.2	5232	5004.29	0	0
XM_024446514.2	5195	4967.29	0	0
XM_024446515.2	5308	5080.29	0	0
XM_024446517.2	5105	4877.29	0	0
XM_024446518.2	3533	3305.29	0	0
XM_024446521.2	2434	2206.29	0	0
XM_024446522.2	2514	2286.29	0	0
XM_024446524.2	1812	1584.29	0	0
XM_024446525.2	545	321.964	0	0
XM_024446528.2	380	175.793	0	0
XM_024446532.2	4461	4233.29	84.0703	0.893731
XM_024446533.2	5364	5136.29	39.4704	0.345831
XM_024446538.2	2598	2370.29	1.746	0.03315
XM_024446540.2	3953	3725.29	0	0
XM_024446541.2	3894	3666.29	0	0
XM_024446544.2	3112	2884.29	3232.55	50.4368
XM_024446549.2	2631	2403.29	0	0
XM_024446550.2	1539	1311.29	4.11046	0.141069
XM_024446551.2	3026	2798.29	0	0
XM_024446565.2	2990	2762.29	36.4513	0.593862
XM_024446569.2	5062	4834.29	6.9776	0.0649554
XM_024446570.2	3074	2846.29	0	0
XM_024446571.2	3931	3703.29	0	0
XM_024446572.2	4396	4168.29	0	0
XM_024446573.2	4008	3780.29	0	0
XM_024446579.2	1677	1449.29	0	0
XM_024446580.2	1617	1389.29	0	0
XM_024446581.2	1605	1377.29	0	0
XM_024446582.2	1275	1047.29	0	0
XM_024446583.2	7916	7688.29	0	0
XM_024446584.2	2892	2664.29	0	0
XM_024446585.2	2889	2661.29	0	0
XM_024446586.2	2944	2716.29	0	0
XM_024446587.2	2802	2574.29	0	0
XM_024446589.2	4242	4014.29	4.97207	0.0557404
XM_024446590.2	2984	2756.29	0	0
XM_024446591.2	2348	2120.29	61.6049	1.30756
XM_024446605.2	4600	4372.29	14.3551	0.147754
XM_024446618.2	7615	7387.29	204.282	1.24448
XM_024446619.2	6902	6674.29	53.8185	0.362884
XM_024446620.2	965	737.293	1.9988	0.122003
XM_024446621.2	1429	1201.29	0	0
XM_024446622.2	1421	1193.29	0	0
XM_024446623.2	1333	1105.29	0	0
XM_024446624.2	1297	1069.29	0.103991	0.00437664
XM_024446625.2	1325	1097.29	0	0
XM_024446627.2	3722	3494.29	0	0
XM_024446628.2	1779	1551.29	185.606	5.38443
XM_024446634.2	1751	1523.29	0	0
XM_024446635.2	9945	9717.29	6.38035e-05	2.95489e-07
XM_024446645.2	1042	814.293	0	0
XM_024446649.2	2541	2313.29	0	0
XM_024446653.2	2005	1777.29	0	0
XM_024446654.2	1571	1343.29	0	0
XM_024446655.2	1568	1340.29	0	0
XM_024446658.2	5623	5395.29	0	0
XM_024446659.2	3699	3471.29	0	0
XM_024446661.2	5650	5422.29	0	0
XM_024446662.2	2589	2361.29	0	0
XM_024446664.2	2887	2659.29	0	0
XM_024446666.2	2379	2151.29	0	0
XM_024446668.2	13411	13183.3	26.7518	0.0913211
XM_024446670.2	3065	2837.29	9.00832	0.142883
XM_024446675.2	3903	3675.29	0	0
XM_024446676.2	6176	5948.29	0	0
XM_024446681.2	2451	2223.29	52.8249	1.06926
XM_024446682.2	1618	1390.29	0	0
XM_024446683.2	12778	12550.3	0	0
XM_024446684.2	12718	12490.3	0	0
XM_024446686.2	6585	6357.29	0	0
XM_024446687.2	3903	3675.29	13.7149	0.167936
XM_024446691.2	3515	3287.29	0	0
XM_024446692.2	7512	7284.29	0	0
XM_024446699.2	2142	1914.29	23.9015	0.561899
XM_024446701.2	4207	3979.29	0	0
XM_024446702.2	4123	3895.29	0	0
XM_024446703.1	2158	1930.29	0	0
XM_024446704.2	14013	13785.3	15.2567	0.0498065
XM_024446707.2	1480	1252.29	4.5624	0.163957
XM_024446709.2	4443	4215.29	47.0152	0.501941
XM_024446713.2	3291	3063.29	0	0
XM_024446714.2	3132	2904.29	19.3395	0.299673
XM_024446717.2	2428	2200.29	0	0
XM_024446725.2	8434	8206.29	59.6334	0.327028
XM_024446726.2	5268	5040.29	0	0
XM_024446729.2	4997	4769.29	0	0
XM_024446734.2	1072	844.293	0	0
XM_024446737.2	4146	3918.29	337.854	3.88038
XM_024446738.2	4143	3915.29	127.544	1.46602
XM_024446740.2	2460	2232.29	0	0
XM_024446741.2	2405	2177.29	0	0
XM_024446743.1	3111	2883.29	0	0
XM_024446746.2	2745	2517.29	0	0
XM_024446755.1	2598	2370.29	0	0
XM_024446756.1	2520	2292.29	0	0
XM_024446757.2	2421	2193.29	0	0
XM_024446758.1	2716	2488.29	166.345	3.0085
XM_024446763.2	3208	2980.29	15.7219	0.237404
XM_024446771.2	11359	11131.3	26.3097	0.106368
XM_024446777.2	6368	6140.29	0	0
XM_024446778.2	6350	6122.29	0	0
XM_024446779.2	6290	6062.29	0	0
XM_024446780.2	3946	3718.29	0	0
XM_024446790.2	3271	3043.29	516.941	7.64433
XM_024446795.2	4221	3993.29	8.26452	0.0931384
XM_024446798.2	2955	2727.29	3.72334	0.0614388
XM_024446802.2	1695	1467.29	106.181	3.25667
XM_024446803.2	1992	1764.29	0	0
XM_024446813.2	3220	2992.29	111.877	1.68259
XM_024446815.2	2283	2055.29	0	0
XM_024446817.2	1372	1144.29	4.29709	0.168997
XM_024446819.2	4246	4018.29	9.8976	0.110849
XM_024446820.2	4010	3782.29	0	0
XM_024446821.2	4008	3780.29	315.05	3.75056
XM_024446824.2	922	694.293	0	0
XM_024446825.2	9839	9611.29	0	0
XM_024446826.2	7078	6850.29	34.6686	0.227756
XM_024446835.2	3812	3584.29	13.1692	0.165347
XM_024446838.2	10623	10395.3	156.066	0.67564
XM_024446846.2	5764	5536.29	27.2939	0.221865
XM_024446847.2	5585	5357.29	266.435	2.23814
XM_024446848.2	5402	5174.29	1.97987e-08	1.72198e-10
XM_024446849.2	1939	1711.29	13.6054	0.357791
XM_024446851.2	681	454.225	0	0
XM_024446854.2	1920	1692.29	75.4933	2.00759
XM_024446857.2	2794	2566.29	0	0
XM_024446859.2	2672	2444.29	0	0
XM_024446860.2	2763	2535.29	0	0
XM_024446861.2	2949	2721.29	6.31947	0.104508
XM_024446862.2	2759	2531.29	0	0
XM_024446863.2	3573	3345.29	46.5604	0.626361
XM_024446864.2	3580	3352.29	0	0
XM_024446865.2	3557	3329.29	36.419	0.492287
XM_024446866.1	6768	6540.29	5.24557	0.0360942
XM_024446867.2	1163	935.293	9.09368	0.437557
XM_024446872.2	3720	3492.29	27.7624	0.357757
XM_024446873.2	4075	3847.29	0	0
XM_024446874.2	4075	3847.29	0	0
XM_024446875.2	2391	2163.29	91.3521	1.9004
XM_024446876.2	7778	7550.29	0	0
XM_024446884.2	1048	820.293	0	0
XM_024446885.2	4280	4052.29	0	0
XM_024446892.2	1345	1117.29	21.2576	0.856226
XM_024446893.2	3853	3625.29	0.0431132	0.000535192
XM_024446894.2	3789	3561.29	30.1361	0.380822
XM_024446895.2	3696	3468.29	34.4082	0.446466
XM_024446896.2	2299	2071.29	0	0
XM_024446899.2	2770	2542.29	95.0634	1.68279
XM_024446900.2	2722	2494.29	121.996	2.20111
XM_024446902.2	3127	2899.29	0	0
XM_024446903.2	3482	3254.29	0	0
XM_024446904.2	3324	3096.29	0	0
XM_024446905.2	3299	3071.29	0	0
XM_024446906.2	2972	2744.29	0	0
XM_024446907.2	1141	913.293	0	0
XM_024446908.2	4273	4045.29	54.6966	0.608489
XM_024446919.2	2812	2584.29	0	0
XM_024446920.2	2808	2580.29	0	0
XM_024446921.2	3000	2772.29	0	0
XM_024446925.2	2681	2453.29	4.27882	0.0784905
XM_024446927.2	2571	2343.29	0	0
XM_024446928.2	3416	3188.29	30.7941	0.434661
XM_024446933.2	7482	7254.29	0	0
XM_024446935.2	7377	7149.29	3.69677e-08	2.32703e-10
XM_024446936.2	4312	4084.29	8.03074	0.0884873
XM_024446937.2	5011	4783.29	39.6105	0.372671
XM_024446938.2	4489	4261.29	18.6467	0.196926
XM_024446941.2	4918	4690.29	50.3185	0.482803
XM_024446942.2	4324	4096.29	642.038	7.05362
XM_024446943.2	4243	4015.29	2968.85	33.2746
XM_024446945.2	4431	4203.29	0	0
XM_024446948.2	1647	1419.29	23.0581	0.731127
XM_024446949.2	1415	1187.29	0	0
XM_024446955.2	1908	1680.29	0	0
XM_024446957.2	1286	1058.29	0	0
XM_024446958.2	2546	2318.29	0	0
XM_024446960.2	4172	3944.29	5.82868	0.0665033
XM_024446961.2	1793	1565.29	4.20781	0.120977
XM_024446963.2	5914	5686.29	0	0
XM_024446964.2	5955	5727.29	0	0
XM_024446968.2	5549	5321.29	0	0
XM_024446969.2	5635	5407.29	0	0
XM_024446981.2	8196	7968.29	0	0
XM_024446990.2	6484	6256.29	0.698388	0.00502368
XM_024446995.2	1573	1345.29	250.252	8.3715
XM_024446997.2	3893	3665.29	0	0
XM_024446999.2	1984	1756.29	0	0
XM_024447000.2	1943	1715.29	0	0
XM_024447001.2	1906	1678.29	0	0
XM_024447002.2	2099	1871.29	63.3098	1.52255
XM_024447003.2	4942	4714.29	0.61082	0.00583095
XM_024447004.2	6527	6299.29	14.1212	0.100884
XM_024447005.2	8123	7895.29	0	0
XM_024447006.2	8624	8396.29	0	0
XM_024447008.2	6230	6002.29	0	0
XM_024447016.2	3935	3707.29	46.5713	0.565332
XM_024447017.2	4324	4096.29	8.20021e-06	9.00899e-08
XM_024447018.2	4118	3890.29	0	0
XM_024447019.2	4179	3951.29	0.180241	0.00205285
XM_024447020.2	3796	3568.29	46.7462	0.589561
XM_024447021.2	4128	3900.29	7.83829e-08	9.04412e-10
XM_024447022.2	4024	3796.29	0	0
XM_024447030.1	4145	3917.29	0	0
XM_024447033.1	2203	1975.29	10.7889	0.245803
XM_024447046.1	2265	2037.29	0	0
XM_024447047.2	2264	2036.29	0	0
XM_024447050.2	6777	6549.29	18.8031	0.129205
XM_024447052.2	1571	1343.29	0	0
XM_024447054.2	3535	3307.29	0	0
XM_024447055.2	813	585.487	0	0
XM_024447056.2	4805	4577.29	79.8163	0.784739
XM_024447057.2	2895	2667.29	0	0
XM_024447065.2	2466	2238.29	0	0
XM_024447066.2	1957	1729.29	0	0
XM_024447068.2	2183	1955.29	1	0.023016
XM_024447069.2	1864	1636.29	0	0
XM_024447070.2	2671	2443.29	0	0
XM_024447079.2	4113	3885.29	0	0
XM_024447080.2	2854	2626.29	0	0
XM_024447081.2	671	444.496	0	0
XM_024447082.2	1034	806.293	0	0
XM_024447083.2	5247	5019.29	0	0
XM_024447084.2	2065	1837.29	0	0
XM_024447085.2	2159	1931.29	0	0
XM_024447086.2	1954	1726.29	2	0.0521384
XM_024447088.2	5560	5332.29	0	0
XM_024447090.2	5565	5337.29	0	0
XM_024447094.2	8137	7909.29	0.000218338	1.24232e-06
XM_024447096.2	8085	7857.29	1.8478	0.0105834
XM_024447114.2	10160	9932.29	167.217	0.757657
XM_024447115.2	9969	9741.29	3.2342e-08	1.49415e-10
XM_024447121.2	2366	2138.29	0	0
XM_024447123.2	10302	10074.3	0	0
XM_024447124.2	10312	10084.3	0	0
XM_024447125.2	10263	10035.3	0	0
XM_024447127.2	4253	4025.29	0	0
XM_024447129.2	3778	3550.29	11.2818	0.143007
XM_024447130.2	1167	939.293	7.42119	0.355562
XM_024447133.2	1084	856.293	0	0
XM_024447134.2	1081	853.293	0	0
XM_024447135.2	1045	817.293	0	0
XM_024447136.2	3886	3658.29	14.0809	0.173219
XM_024447137.2	3040	2812.29	102.325	1.63743
XM_024447138.2	1762	1534.29	0	0
XM_024447146.1	3651	3423.29	0	0
XM_024447154.2	19060	18832.3	4.24774	0.0101507
XM_024447157.2	2059	1831.29	1002.35	24.6322
XM_024447158.2	1874	1646.29	0	0
XM_024447159.2	1464	1236.29	0	0
XM_024447161.2	2880	2652.29	0	0
XM_024447162.2	1051	823.293	8.15018	0.445507
XM_024447163.2	4543	4315.29	0	0
XM_024447177.2	5568	5340.29	0	0
XM_024447178.2	8742	8514.29	500.125	2.64345
XM_024447179.2	8724	8496.29	3.48137e-06	1.84401e-08
XM_024447180.2	3969	3741.29	0	0
XM_024447181.2	3364	3136.29	5.59832	0.080331
XM_024447182.2	3121	2893.29	54.6007	0.849275
XM_024447183.2	6366	6138.29	0	0
XM_024447184.2	3225	2997.29	0	0
XM_024447186.2	3711	3483.29	8.0039	0.103408
XM_024447187.2	3747	3519.29	25.154	0.321658
XM_024447189.2	1688	1460.29	0	0
XM_024447190.1	3628	3400.29	37.6309	0.498048
XM_024447191.2	3740	3512.29	125.605	1.60938
XM_024447192.2	3675	3447.29	30.8121	0.402241
XM_024447193.2	4068	3840.29	0	0
XM_024447202.2	5079	4851.29	0	0
XM_024447203.2	5076	4848.29	0	0
XM_024447207.2	5004	4776.29	0	0
XM_024447208.2	4998	4770.29	0	0
XM_024447209.2	4980	4752.29	0	0
XM_024447227.2	5412	5184.29	42.9135	0.372518
XM_024447228.2	10736	10508.3	1.55387	0.00665463
XM_024447235.2	4348	4120.29	303.686	3.31695
XM_024447236.2	3771	3543.29	0	0
XM_024447237.2	3505	3277.29	0	0
XM_024447275.2	2734	2506.29	0	0
XM_024447288.2	2137	1909.29	13.7948	0.325151
XM_024447289.2	1828	1600.29	0	0
XM_024447291.2	3757	3529.29	2	0.0255026
XM_024447292.2	4277	4049.29	0	0
XM_024447293.2	970	742.293	3.36626	0.204087
XM_024447306.2	2087	1859.29	0	0
XM_024447307.2	2221	1993.29	7.09332	0.160148
XM_024447308.1	2388	2160.29	0	0
XM_024447313.2	2528	2300.29	0	0
XM_024447314.2	2494	2266.29	0	0
XM_024447315.2	2522	2294.29	3.8933	0.0763681
XM_024447318.2	7111	6883.29	0	0
XM_024447319.2	4924	4696.29	0	0
XM_024447321.2	4849	4621.29	39.6081	0.385712
XM_024447322.2	5177	4949.29	53.1817	0.483572
XM_024447324.2	3035	2807.29	0.000103629	1.66125e-06
XM_024447335.2	5592	5364.29	0	0
XM_024447336.2	6111	5883.29	0	0
XM_024447337.2	5892	5664.29	55.361	0.439846
XM_024447349.2	5942	5714.29	0	0
XM_024447350.2	4619	4391.29	1	0.0102483
XM_024447356.2	2370	2142.29	0	0
XM_024447357.1	2006	1778.29	0	0
XM_024447363.2	2467	2239.29	8.61112	0.173058
XM_024447369.2	3277	3049.29	0	0
XM_024447378.2	2492	2264.29	56.3698	1.12036
XM_024447379.2	2527	2299.29	72.7211	1.42334
XM_024447383.2	3341	3113.29	34.6237	0.50049
XM_024447387.2	3530	3302.29	0	0
XM_024447391.2	3093	2865.29	193.341	3.03666
XM_024447396.2	2295	2067.29	18.8025	0.409313
XM_024447397.2	870	642.427	20.352	1.42569
XM_024447398.2	3526	3298.29	0	0
XM_024447399.2	1790	1562.29	54.6403	1.57396
XM_024447400.2	1845	1617.29	145.596	4.05137
XM_024447401.2	2630	2402.29	110.762	2.07495
XM_024447402.2	1925	1697.29	60.9492	1.61604
XM_024447406.2	1999	1771.29	0	0
XM_024447410.1	3397	3169.29	0	0
XM_024447411.2	3385	3157.29	0	0
XM_024447412.2	3340	3112.29	0	0
XM_024447416.2	1806	1578.29	0	0
XM_024447421.2	1843	1615.29	6.67724e-08	1.86032e-09
XM_024447422.2	10618	10390.3	39.8617	0.172651
XM_024447423.2	10262	10034.3	0	0
XM_024447424.2	10667	10439.3	139.019	0.599301
XM_024447425.2	10095	9867.29	0.00191961	8.75502e-06
XM_024447426.2	2266	2038.29	33.8569	0.747519
XM_024447427.2	1632	1404.29	32.6566	1.04654
XM_024447428.2	1992	1764.29	0	0
XM_024447429.2	4723	4495.29	24.3858	0.244131
XM_024447431.2	18222	17994.3	17.6382	0.0441125
XM_024447432.2	3343	3115.29	11.2636	0.162712
XM_024447435.2	3281	3053.29	64.908	0.956692
XM_024447436.2	3231	3003.29	0	0
XM_024447441.1	4648	4420.29	0.0114713	0.00011679
XM_024447451.2	4476	4248.29	58.9756	0.624742
XM_024447453.2	2577	2349.29	2.02905	0.0388684
XM_024447454.2	6237	6009.29	0	0
XM_024447456.2	5599	5371.29	9.34287	0.0782788
XM_024447463.2	5656	5428.29	0	0
XM_024447465.2	5184	4956.29	0	0
XM_024447466.2	5235	5007.29	0	0
XM_024447467.2	5158	4930.29	0	0
XM_024447474.2	5078	4850.29	0	0
XM_024447475.2	2556	2328.29	184.066	3.55778
XM_024447476.2	7566	7338.29	26.447	0.16219
XM_024447477.2	2970	2742.29	164.335	2.69686
XM_024447479.2	3788	3560.29	0	0
XM_024447480.2	3785	3557.29	0	0
XM_024447481.2	3777	3549.29	0	0
XM_024447482.2	3598	3370.29	0	0
XM_024447483.2	6648	6420.29	11.5343	0.0808495
XM_024447484.2	1622	1394.29	0	0
XM_024447485.2	1402	1174.29	0	0
XM_024447486.2	1547	1319.29	0	0
XM_024447487.2	5331	5103.29	0	0
XM_024447488.2	10053	9825.29	0	0
XM_024447490.2	2146	1918.29	0	0
XM_024447491.2	2009	1781.29	0	0
XM_024447492.2	1412	1184.29	0	0
XM_024447495.2	1407	1179.29	0	0
XM_024447507.2	3591	3363.29	102.619	1.37311
XM_024447509.2	8947	8719.29	5.47686	0.0282678
XM_024447510.2	1725	1497.29	0.000629386	1.8917e-05
XM_024447511.2	1662	1434.29	0	0
XM_024447512.2	1846	1618.29	1.37914e-07	3.83525e-09
XM_024447514.2	1938	1710.29	0.00149491	3.93356e-05
XM_024447515.2	1929	1701.29	2.07075	0.054776
XM_024447516.2	1231	1003.29	6.38275	0.286301
XM_024447517.2	3626	3398.29	3.43659	0.0455102
XM_024447519.2	3557	3329.29	20.3589	0.275197
XM_024447520.2	5500	5272.29	0	0
XM_024447521.2	6204	5976.29	7.14597e-08	5.3811e-10
XM_024447526.2	1221	993.293	0	0
XM_024447530.2	9153	8925.29	0	0
XM_024447534.2	1677	1449.29	0	0
XM_024447541.2	3006	2778.29	0	0
XM_024447542.2	2828	2600.29	0	0
XM_024447543.2	8268	8040.29	49.9909	0.279809
XM_024447551.2	876	648.427	0	0
XM_024447561.2	2165	1937.29	129.666	3.01213
XM_024447570.2	4920	4692.29	0	0
XM_024447573.2	1829	1601.29	5.42447	0.15245
XM_024447583.2	7810	7582.29	14.5356	0.0862732
XM_024447586.2	5526	5298.29	0	0
XM_024447588.2	2828	2600.29	0	0
XM_024447594.2	4004	3776.29	0	0
XM_024447600.2	1682	1454.29	78.6761	2.43463
XM_024447606.2	2087	1859.29	59.4274	1.4384
XM_024447611.2	4110	3882.29	16.9707	0.196722
XM_024447612.2	3153	2925.29	0	0
XM_024447617.2	7132	6904.29	0	0
XM_024447618.2	6889	6661.29	0	0
XM_024447619.2	1889	1661.29	0.23453	0.00635322
XM_024447620.2	1797	1569.29	0	0
XM_024447621.2	5158	4930.29	0	0
XM_024447622.2	5164	4936.29	0	0
XM_024447623.2	4685	4457.29	5.88606	0.0594287
XM_024447625.2	10113	9885.29	0	0
XM_024447626.2	5597	5369.29	0	0
XM_024447629.1	11295	11067.3	0	0
XM_024447630.2	10430	10202.3	6.9997	0.0308762
XM_024447631.2	10298	10070.3	0	0
XM_024447632.2	9404	9176.29	0	0
XM_024447634.2	11505	11277.3	0	0
XM_024447635.2	9699	9471.29	0	0
XM_024447648.2	5153	4925.29	4.91819	0.0449382
XM_024447649.2	5044	4816.29	14.2013	0.132696
XM_024447652.1	1230	1002.29	0	0
XM_024447653.2	1585	1357.29	0	0
XM_024447654.2	7149	6921.29	37.8168	0.245889
XM_024447655.2	7958	7730.29	6.71849	0.0391127
XM_024447656.2	6898	6670.29	49.2547	0.332312
XM_024447657.2	3609	3381.29	8.48756	0.112965
XM_024447663.2	5409	5181.29	0	0
XM_024447664.2	5325	5097.29	0	0
XM_024447666.2	3277	3049.29	0.958304	0.0141432
XM_024447667.2	3130	2902.29	1.73242e-05	2.6863e-07
XM_024447677.2	14472	14244.3	51.8824	0.163916
XM_024447678.2	3075	2847.29	95.4982	1.5094
XM_024447688.2	1389	1161.29	0	0
XM_024447689.2	2994	2766.29	0	0
XM_024447691.2	2577	2349.29	0	0
XM_024447694.2	3392	3164.29	0	0
XM_024447696.2	3481	3253.29	0	0
XM_024447701.2	5169	4941.29	0	0
XM_024447702.2	856	628.427	0	0
XM_024447703.1	867	639.427	0	0
XM_024447704.2	660	433.717	40.0411	4.15472
XM_024447708.2	7720	7492.29	0	0
XM_024447712.2	3010	2782.29	110.655	1.78983
XM_024447716.2	1605	1377.29	6.30125	0.205893
XM_024447718.2	2631	2403.29	0	0
XM_024447720.2	2889	2661.29	0	0
XM_024447721.2	4974	4746.29	0	0
XM_024447725.2	1672	1444.29	0	0
XM_024447728.2	1960	1732.29	0	0
XM_024447734.2	1480	1252.29	0	0
XM_024447736.2	6078	5850.29	15.4869	0.119132
XM_024447752.2	3834	3606.29	0	0
XM_024447753.2	4968	4740.29	3.2033	0.0304112
XM_024447754.2	3813	3585.29	162.861	2.04425
XM_024447756.1	9646	9418.29	0	0
XM_024447757.2	9715	9487.29	0	0
XM_024447758.1	9643	9415.29	0	0
XM_024447759.1	9586	9358.29	0	0
XM_024447760.1	9520	9292.29	0	0
XM_024447761.1	9511	9283.29	0	0
XM_024447762.1	9385	9157.29	0	0
XM_024447763.1	4219	3991.29	0	0
XM_024447764.1	4084	3856.29	0	0
XM_024447765.2	3991	3763.29	0	0
XM_024447776.2	7897	7669.29	0	0
XM_024447781.2	3021	2793.29	0	0
XM_024447792.2	6831	6603.29	1.22491e-07	8.34804e-10
XM_024447794.2	4230	4002.29	2.13466e-07	2.40028e-09
XM_024447795.1	4471	4243.29	0.410498	0.00435362
XM_024447796.2	4563	4335.29	0	0
XM_024447797.2	4360	4132.29	0	0
XM_024447798.1	4172	3944.29	0.478706	0.00546188
XM_024447799.2	4171	3943.29	0.163955	0.00187114
XM_024447800.2	4849	4621.29	0	0
XM_024447801.1	4505	4277.29	0	0
XM_024447802.2	4243	4015.29	0	0
XM_024447803.2	4202	3974.29	1119.9	12.6813
XM_024447804.1	4375	4147.29	73.2141	0.79446
XM_024447805.2	4467	4239.29	0	0
XM_024447806.2	4264	4036.29	0	0
XM_024447807.1	4409	4181.29	0	0
XM_024447824.2	3045	2817.29	0	0
XM_024447828.2	4773	4545.29	147.196	1.4574
XM_024447830.2	6741	6513.29	47.8983	0.330949
XM_024447853.2	1356	1128.29	0	0
XM_024447855.2	2471	2243.29	9.79066e-06	1.96412e-07
XM_024447862.2	3108	2880.29	15.2316	0.237986
XM_024447864.2	1257	1029.29	7.43967	0.32528
XM_024447868.2	3308	3080.29	0	0
XM_024447869.2	3307	3079.29	0	0
XM_024447870.2	3157	2929.29	52.0986	0.800397
XM_024447871.2	3242	3014.29	0	0
XM_024447872.2	3121	2893.29	0	0
XM_024447873.2	3189	2961.29	0	0
XM_024447878.2	4068	3840.29	0	0
XM_024447880.2	4611	4383.29	0	0
XM_024447881.2	3117	2889.29	0	0
XM_024447884.2	1954	1726.29	5.23073	0.136361
XM_024447887.2	4373	4145.29	0	0
XM_024447888.2	4370	4142.29	0	0
XM_024447889.2	4367	4139.29	0	0
XM_024447890.2	4376	4148.29	0	0
XM_024447891.2	4298	4070.29	0	0
XM_024447893.2	7800	7572.29	0	0
XM_024447894.2	7873	7645.29	0	0
XM_024447895.2	7744	7516.29	0	0
XM_024447901.2	4400	4172.29	0.00487	5.25287e-05
XM_024447902.2	3937	3709.29	1.76729	0.0214417
XM_024447903.2	3248	3020.29	0	0
XM_024447914.2	6106	5878.29	99.1116	0.75878
XM_024447915.2	5487	5259.29	57.9441	0.49582
XM_024447916.2	5246	5018.29	56.8925	0.510201
XM_024447917.2	5349	5121.29	18.6123	0.163554
XM_024447922.2	1656	1428.29	29.0798	0.916255
XM_024447926.2	1913	1685.29	0	0
XM_024447927.2	4501	4273.29	0	0
XM_024447928.2	4667	4439.29	0	0
XM_024447930.2	4942	4714.29	19.8744	0.189723
XM_024447936.2	3012	2784.29	0	0
XM_024447938.2	3570	3342.29	83.3301	1.12202
XM_024447939.2	5050	4822.29	26.0806	0.243392
XM_024447941.2	3342	3114.29	0	0
XM_024447942.2	2720	2492.29	0	0
XM_024447943.2	2699	2471.29	0	0
XM_024447945.2	1554	1326.29	33.7881	1.14648
XM_024447947.2	1016	788.293	0	0
XM_024447949.2	1821	1593.29	0	0
XM_024447969.2	4052	3824.29	0	0
XM_024447973.2	2581	2353.29	0	0
XM_024447977.2	6596	6368.29	0	0
XM_024447978.2	6476	6248.29	0	0
XM_024447979.2	3051	2823.29	85.3554	1.36056
XM_024447980.2	2678	2450.29	5.85643	0.107562
XM_024447984.2	12141	11913.3	0	0
XM_024447985.2	11979	11751.3	0	0
XM_024447986.2	18643	18415.3	13.671	0.0334091
XM_024447987.2	12170	11942.3	0	0
XM_024447988.2	12008	11780.3	0	0
XM_024447989.2	12008	11780.3	0	0
XM_024447990.2	11996	11768.3	0	0
XM_024447991.2	2874	2646.29	0	0
XM_024447995.2	6165	5937.29	19.0564	0.144442
XM_024447996.2	6213	5985.29	0	0
XM_024447998.2	6043	5815.29	0	0
XM_024447999.2	6028	5800.29	0	0
XM_024448001.2	5974	5746.29	0	0
XM_024448002.2	4118	3890.29	0	0
XM_024448003.2	4703	4475.29	0	0
XM_024448004.2	5680	5452.29	0	0
XM_024448005.2	5314	5086.29	0	0
XM_024448006.2	3095	2867.29	0	0
XM_024448007.2	815	587.487	0	0
XM_024448008.2	1002	774.293	9.21421	0.535543
XM_024448009.2	656	429.76	0	0
XM_024448010.2	7719	7491.29	0	0
XM_024448011.2	7599	7371.29	0	0
XM_024448013.2	7449	7221.29	0	0
XM_024448014.2	7949	7721.29	0	0
XM_024448016.2	7865	7637.29	0	0
XM_024448018.2	7724	7496.29	0	0
XM_024448023.2	3035	2807.29	42.8913	0.687581
XM_024448028.2	1984	1756.29	0	0
XM_024448029.2	5301	5073.29	0	0
XM_024448032.2	2802	2574.29	0	0
XM_024448034.2	2615	2387.29	153.318	2.89021
XM_024448035.2	2602	2374.29	2.93936	0.0557135
XM_024448047.2	3583	3355.29	0	0
XM_024448049.2	3801	3573.29	0	0
XM_024448050.2	4218	3990.29	0	0
XM_024448051.2	3792	3564.29	0	0
XM_024448052.2	3883	3655.29	0	0
XM_024448053.2	3741	3513.29	0	0
XM_024448055.2	2931	2703.29	0	0
XM_024448056.2	2892	2664.29	2.13871	0.0361253
XM_024448057.2	2814	2586.29	0	0
XM_024448058.2	2551	2323.29	0	0
XM_024448059.2	4416	4188.29	0	0
XM_024448060.2	1741	1513.29	0	0
XM_024448061.2	4362	4134.29	0	0
XM_024448062.1	4292	4064.29	0	0
XM_024448079.2	5923	5695.29	7.8505	0.0620331
XM_024448080.2	5883	5655.29	204.442	1.62689
XM_024448089.2	6620	6392.29	0	0
XM_024448099.2	2735	2507.29	3.32275	0.0596396
XM_024448100.2	2626	2398.29	0	0
XM_024448102.2	1676	1448.29	82.619	2.56723
XM_024448106.2	2544	2316.29	0	0
XM_024448107.2	14520	14292.3	0	0
XM_024448108.2	14357	14129.3	0	0
XM_024448109.2	14198	13970.3	0	0
XM_024448110.2	14318	14090.3	0	0
XM_024448113.2	15699	15471.3	1.65182	0.00480483
XM_024448114.2	14217	13989.3	0	0
XM_024448119.2	4448	4220.29	0	0
XM_024448121.2	2994	2766.29	0	0
XM_024448122.1	1302	1074.29	6.80125	0.28491
XM_024448129.2	2108	1880.29	0	0
XM_024448131.2	2014	1786.29	0	0
XM_024448132.2	2153	1925.29	0	0
XM_024448136.1	589	364.098	0	0
XM_024448151.2	4082	3854.29	104.199	1.21664
XM_024448153.2	1508	1280.29	0	0
XM_024448154.2	1158	930.293	57.2183	2.76795
XM_024448155.2	3704	3476.29	1.66045e-07	2.14957e-09
XM_024448159.2	1581	1353.29	5.8593	0.194848
XM_024448160.2	1415	1187.29	0	0
XM_024448161.2	1406	1178.29	0	0
XM_024448165.1	4805	4577.29	0	0
XM_024448166.1	4793	4565.29	0	0
XM_024448171.2	2535	2307.29	0	0
XM_024448172.2	1188	960.293	0	0
XM_024448174.1	2992	2764.29	0	0
XM_024448175.2	5694	5466.29	80.1858	0.660157
XM_024448176.2	2090	1862.29	0	0
XM_024448208.2	1964	1736.29	0	0
XM_024448210.1	7287	7059.29	132.266	0.843199
XM_024448213.2	2000	1772.29	107.884	2.73945
XM_024448218.2	3671	3443.29	0	0
XM_024448222.2	1354	1126.29	16.9793	0.678439
XM_024448223.2	1253	1025.29	0	0
XM_024448224.2	1496	1268.29	1.34001	0.0475477
XM_024448225.2	1530	1302.29	13.1978	0.456073
XM_024448229.2	2179	1951.29	0	0
XM_024448232.1	4187	3959.29	0	0
XM_024448233.2	1602	1374.29	20.6266	0.675447
XM_024448237.2	856	628.427	2.64823	0.189646
XM_024448238.2	1571	1343.29	1.76193	0.0590282
XM_024448239.2	6073	5845.29	0	0
XM_024448240.2	3443	3215.29	0	0
XM_024448241.2	3392	3164.29	979.574	13.9317
XM_024448243.2	4030	3802.29	0.00627505	7.42701e-05
XM_024448244.2	3913	3685.29	0	0
XM_024448245.2	1234	1006.29	0	0
XM_024448247.2	6123	5895.29	0	0
XM_024448248.2	3063	2835.29	0	0
XM_024448249.2	3771	3543.29	0	0
XM_024448250.2	6113	5885.29	0.0225546	0.000172468
XM_024448262.2	5250	5022.29	9.75588	0.0874191
XM_024448263.2	4622	4394.29	76.6526	0.785019
XM_024448265.2	8132	7904.29	0.00346213	1.97116e-05
XM_024448267.2	8564	8336.29	0	0
XM_024448269.2	8118	7890.29	0.0389679	0.000222257
XM_024448270.2	4411	4183.29	0	0
XM_024448271.2	4288	4060.29	0	0
XM_024448272.2	4345	4117.29	30.7799	0.336433
XM_024448273.2	5919	5691.29	18.4681	0.146034
XM_024448274.2	1802	1574.29	0	0
XM_024448281.2	7913	7685.29	15.9186	0.0932153
XM_024448282.2	1100	872.293	13.066	0.674098
XM_024448283.2	3541	3313.29	0	0
XM_024448298.2	1659	1431.29	0	0
XM_024448303.2	1824	1596.29	0	0
XM_024448304.2	1855	1627.29	0	0
XM_024448305.2	14387	14159.3	0	0
XM_024448306.2	14375	14147.3	0.00814002	2.58937e-05
XM_024448307.2	14324	14096.3	0	0
XM_024448308.2	14318	14090.3	1.7642	0.0056347
XM_024448309.2	13757	13529.3	0	0
XM_024448310.2	14024	13796.3	36.0834	0.117703
XM_024448311.2	13908	13680.3	0	0
XM_024448316.2	33916	33688.3	53.5869	0.071585
XM_024448318.2	14312	14084.3	0.284236	0.000908211
XM_024448319.2	14255	14027.3	55.0089	0.176482
XM_024448328.2	2905	2677.29	0	0
XM_024448337.2	3844	3616.29	145.929	1.81601
XM_024448339.2	2204	1976.29	37.6134	0.856512
XM_024448349.2	1140	912.293	8.23024	0.405994
XM_024448350.2	1131	903.293	0	0
XM_024448353.2	1903	1675.29	0.999975	0.0268621
XM_024448355.2	9324	9096.29	4.92289e-05	2.43555e-07
XM_024448357.2	4118	3890.29	0	0
XM_024448358.2	5734	5506.29	0	0
XM_024448361.2	4218	3990.29	0	0
XM_024448362.2	4118	3890.29	0	0
XM_024448365.2	4452	4224.29	0	0
XM_024448366.2	5482	5254.29	0	0
XM_024448367.2	5457	5229.29	0	0
XM_024448369.2	5117	4889.29	0	0
XM_024448370.2	3785	3557.29	0	0
XM_024448371.2	3334	3106.29	0	0
XM_024448373.2	3053	2825.29	23.7614	0.378486
XM_024448374.2	3061	2833.29	1.49395e-07	2.37294e-09
XM_024448375.2	2818	2590.29	0	0
XM_024448391.2	2041	1813.29	0	0
XM_024448396.2	2017	1789.29	9.73837e-06	2.44933e-07
XM_024448397.2	1668	1440.29	0	0
XM_024448398.2	1438	1210.29	12.1378	0.451328
XM_024448400.2	3528	3300.29	116.06	1.5826
XM_024448408.2	4598	4370.29	0	0
XM_024448409.2	4595	4367.29	0.326812	0.00336766
XM_024448416.2	1796	1568.29	0	0
XM_024448424.2	5366	5138.29	0	0
XM_024448425.2	1384	1156.29	41.7928	1.62658
XM_024448426.2	1302	1074.29	28.6603	1.2006
XM_024448434.2	5500	5272.29	0	0
XM_024448436.2	727	499.753	49.0234	4.41459
XM_024448439.1	3410	3182.29	0	0
XM_024448443.2	1853	1625.29	0	0
XM_024448444.2	1861	1633.29	0	0
XM_024448447.2	1223	995.293	0	0
XM_024448453.2	2197	1969.29	12.6074	0.288109
XM_024448454.2	3070	2842.29	0	0
XM_024448455.2	2843	2615.29	0	0
XM_024448456.2	8991	8763.29	0	0
XM_024448457.2	3280	3052.29	1.20854	0.0178187
XM_024448458.2	2857	2629.29	36.188	0.619395
XM_024448469.2	3780	3552.29	27.3818	0.346892
XM_024448471.2	7362	7134.29	0	0
XM_024448472.2	8011	7783.29	1.58786	0.00918105
XM_024448473.2	7530	7302.29	0	0
XM_024448475.2	7244	7016.29	0	0
XM_024448476.2	7163	6935.29	0	0
XM_024448477.2	7094	6866.29	0	0
XM_024448478.2	6998	6770.29	0	0
XM_024448480.2	6362	6134.29	0	0
XM_024448481.2	6254	6026.29	3.63907	0.0271758
XM_024448482.2	3939	3711.29	0	0
XM_024448483.2	5015	4787.29	0	0
XM_024448484.2	2902	2674.29	0	0
XM_024448485.2	4377	4149.29	0	0
XM_024448486.2	2139	1911.29	0	0
XM_024448487.2	1874	1646.29	0	0
XM_024448488.2	1766	1538.29	0	0
XM_024448489.2	1912	1684.29	0	0
XM_024448498.2	1738	1510.29	12.524	0.373186
XM_024448499.2	1829	1601.29	161.378	4.53541
XM_024448507.2	1431	1203.29	0	0
XM_024448508.2	1755	1527.29	0	0
XM_024448509.2	1624	1396.29	1	0.0322304
XM_024448510.2	1435	1207.29	0	0
XM_024448517.2	2966	2738.29	13.9351	0.229019
XM_024448518.2	2938	2710.29	0	0
XM_024448520.2	3263	3035.29	183.477	2.72034
XM_024448522.1	3018	2790.29	37.5415	0.605486
XM_024448527.2	2346	2118.29	47.003	0.998577
XM_024448531.2	2136	1908.29	1343.56	31.6849
XM_024448532.2	2220	1992.29	56.1953	1.26937
XM_024448533.2	2216	1988.29	58.7069	1.32877
XM_024448534.2	2119	1891.29	34.0633	0.810532
XM_024448535.2	2156	1928.29	90.936	2.12229
XM_024448536.2	2321	2093.29	8.78681	0.188905
XM_024448538.2	2160	1932.29	0.525638	0.0122421
XM_024448539.2	2203	1975.29	23.8533	0.543449
XM_024448540.2	2240	2012.29	9.02633	0.201865
XM_024448541.2	2199	1971.29	3.61818e-07	8.26001e-09
XM_024448542.2	2236	2008.29	26.827	0.601155
XM_024448545.2	2401	2173.29	0	0
XM_024448547.2	1981	1753.29	53.5023	1.37328
XM_024448549.2	2046	1818.29	0.000143671	3.55589e-06
XM_024448550.2	2130	1902.29	6.21567e-06	1.47046e-07
XM_024448551.2	2126	1898.29	6.32709e-06	1.49997e-07
XM_024448552.2	2231	2003.29	1.42317e-06	3.19709e-08
XM_024448553.2	2150	1922.29	33.0143	0.772902
XM_024448555.2	7390	7162.29	0.114186	0.000717468
XM_024448556.2	7336	7108.29	227.695	1.44155
XM_024448557.2	3230	3002.29	11.345	0.170056
XM_024448558.2	3140	2912.29	1.40308	0.0216814
XM_024448559.2	3651	3423.29	0	0
XM_024448560.2	3333	3105.29	13.5952	0.197027
XM_024448570.2	4806	4578.29	0	0
XM_024448571.2	2708	2480.29	137.79	2.50009
XM_024448572.2	2456	2228.29	0	0
XM_024448573.2	2599	2371.29	0	0
XM_024448580.2	1196	968.293	0	0
XM_024448583.2	3754	3526.29	0	0
XM_024448584.2	2102	1874.29	0	0
XM_024448587.2	2432	2204.29	0	0
XM_024448588.2	2516	2288.29	0	0
XM_024448589.2	2285	2057.29	0	0
XM_024448590.2	2529	2301.29	1.39251	0.0272313
XM_024448591.2	2734	2506.29	0	0
XM_024448592.2	2401	2173.29	0	0
XM_024448600.2	9030	8802.29	1.32724	0.00678574
XM_024448601.2	4995	4767.29	0	0
XM_024448608.2	3678	3450.29	0	0
XM_024448609.2	4202	3974.29	5.47475	0.0619936
XM_024448614.2	8663	8435.29	3.36978	0.0179781
XM_024448615.2	6851	6623.29	0	0
XM_024448617.2	1482	1254.29	0	0
XM_024448622.2	3404	3176.29	0	0
XM_024448642.2	8488	8260.29	0	0
XM_024448652.2	1683	1455.29	0	0
XM_024448656.2	1482	1254.29	0	0
XM_024448657.1	2692	2464.29	16.6188	0.303493
XM_024448658.2	1744	1516.29	0	0
XM_024448662.2	4768	4540.29	1200.51	11.8994
XM_024448663.2	2142	1914.29	8.18903	0.192516
XM_024448669.2	1021	793.293	13.4807	0.764751
XM_024448670.2	981	753.293	0	0
XM_024448671.2	978	750.293	0	0
XM_024448672.2	960	732.293	0	0
XM_024448673.2	5478	5250.29	0	0
XM_024448676.2	2268	2040.29	0	0
XM_024448677.2	5694	5466.29	0	0
XM_024448683.2	2105	1877.29	6.44421	0.154483
XM_024448685.2	713	485.852	0	0
XM_024448687.2	2694	2466.29	0	0
XM_024448688.2	2744	2516.29	0	0
XM_024448689.2	2769	2541.29	19.2343	0.340616
XM_024448690.2	3194	2966.29	56.8504	0.862505
XM_024448693.2	7620	7392.29	98.4378	0.599274
XM_024448695.2	6200	5972.29	7.20023	0.054256
XM_024448696.2	1384	1156.29	0	0
XM_024448699.2	2299	2071.29	2.88825e-07	6.27532e-09
XM_024448700.2	4137	3909.29	134.701	1.55066
XM_024448708.2	937	709.293	0.0164889	0.00104618
XM_024448709.2	915	687.293	0	0
XM_024448710.2	3473	3245.29	28.1783	0.390753
XM_024448712.2	2536	2308.29	1.3788	0.0268814
XM_024448713.2	2431	2203.29	74.3782	1.5192
XM_024448718.2	2229	2001.29	40.0563	0.900746
XM_024448719.2	1850	1622.29	1.15961	0.0321681
XM_024448722.2	5598	5370.29	0	0
XM_024448724.2	2828	2600.29	1.68472	0.0291572
XM_024448725.2	3937	3709.29	9.76067	0.118422
XM_024448727.2	2218	1990.29	0	0
XM_024448742.2	5718	5490.29	0	0
XM_024448743.2	5667	5439.29	0	0
XM_024448756.2	2447	2219.29	0	0
XM_024448758.2	11663	11435.3	0	0
XM_024448759.2	13514	13286.3	4.80338e-06	1.62699e-08
XM_024448760.2	3988	3760.29	0	0
XM_024448766.2	3459	3231.29	0	0
XM_024448767.2	4377	4149.29	0	0
XM_024448780.2	1545	1317.29	260.074	8.88497
XM_024448782.2	6058	5830.29	0	0
XM_024448785.2	1233	1005.29	0	0
XM_024448791.2	3225	2997.29	16.2428	0.243879
XM_024448796.1	2405	2177.29	0	0
XM_024448806.2	3629	3401.29	431.191	5.70516
XM_024448808.2	3584	3356.29	846.69	11.3529
XM_024448809.2	3596	3368.29	239.977	3.20629
XM_024448810.2	3602	3374.29	148.494	1.98048
XM_024448811.2	5579	5351.29	0	0
XM_024448813.2	5496	5268.29	35.2996	0.301538
XM_024448814.2	5628	5400.29	14.7069	0.122559
XM_024448815.2	5491	5263.29	18.0555	0.154381
XM_024448816.2	5551	5323.29	0	0
XM_024448817.2	5737	5509.29	0	0
XM_024448820.2	5458	5230.29	168.669	1.45128
XM_024448830.2	1875	1647.29	14.8973	0.406985
XM_024448831.2	1751	1523.29	22.1051	0.653057
XM_024448832.2	11023	10795.3	9.72987	0.0405616
XM_024448833.2	8403	8175.29	0	0
XM_024448834.2	1303	1075.29	0	0
XM_024448841.2	3243	3015.29	0	0
XM_024448842.2	3278	3050.29	0	0
XM_024448843.2	3421	3193.29	0	0
XM_024448850.2	2676	2448.29	0	0
XM_024448860.2	4220	3992.29	0	0
XM_024448862.2	1538	1310.29	0	0
XM_024448863.2	8688	8460.29	3.28699	0.0174846
XM_024448864.2	1509	1281.29	10.6664	0.374636
XM_024448865.2	1704	1476.29	0	0
XM_024448866.2	1731	1503.29	0	0
XM_024448868.2	1591	1363.29	0	0
XM_024448869.2	4864	4636.29	71.8923	0.697837
XM_024448870.2	1126	898.293	0	0
XM_024448871.2	3007	2779.29	0	0
XM_024448873.2	1419	1191.29	0	0
XM_024448876.2	2255	2027.29	0	0
XM_024448878.2	3716	3488.29	0	0
XM_024448882.2	3840	3612.29	0	0
XM_024448885.2	4157	3929.29	0	0
XM_024448898.2	9220	8992.29	216.548	1.08374
XM_024448899.2	3357	3129.29	560.298	8.05777
XM_024448900.1	5781	5553.29	27.567	0.223399
XM_024448903.2	9852	9624.29	0	0
XM_024448904.2	7768	7540.29	0	0
XM_024448910.2	6387	6159.29	49.2092	0.359548
XM_024448911.2	5882	5654.29	0	0
XM_024448912.2	5824	5596.29	0	0
XM_024448918.2	4754	4526.29	0	0
XM_024448919.2	4473	4245.29	18.4762	0.195861
XM_024448920.1	4483	4255.29	0	0
XM_024448921.2	4755	4527.29	144.836	1.43973
XM_024448923.2	6274	6046.29	0	0
XM_024448924.2	6408	6180.29	8.29897	0.0604307
XM_024448925.2	7322	7094.29	7.7681	0.0492774
XM_024448926.2	641	415.014	0	0
XM_024448927.2	670	443.585	0	0
XM_024448928.2	5321	5093.29	0	0
XM_024448935.2	2234	2006.29	0	0
XM_024448936.2	2024	1796.29	0	0
XM_024448937.2	5062	4834.29	16.3232	0.151955
XM_024448938.2	1719	1491.29	0	0
XM_024448940.2	9041	8813.29	3.85141e-08	1.96663e-10
XM_024448941.2	9045	8817.29	51.8905	0.264847
XM_024448944.2	3916	3688.29	0	0
XM_024448945.2	3850	3622.29	2.73081	0.0339274
XM_024448946.2	4076	3848.29	0	0
XM_024448947.2	3951	3723.29	0	0
XM_024448949.2	3530	3302.29	0	0
XM_024448950.2	5523	5295.29	0	0
XM_024448951.2	6332	6104.29	2.82066	0.0207949
XM_024448952.2	5519	5291.29	0	0
XM_024448953.2	6272	6044.29	0.854992	0.00636588
XM_024448954.2	2611	2383.29	0	0
XM_024448955.2	1430	1202.29	0	0
XM_024448957.2	1342	1114.29	0	0
XM_024448958.2	3491	3263.29	11.4212	0.157507
XM_024448959.2	1176	948.293	39.1848	1.85959
XM_024448960.2	3119	2891.29	0	0
XM_024448962.2	3166	2938.29	9	0.137845
XM_024448965.2	2861	2633.29	0	0
XM_024448966.2	2668	2440.29	0	0
XM_024448968.2	5866	5638.29	0	0
XM_024448969.2	1890	1662.29	0	0
XM_024448970.2	2795	2567.29	5587.5	97.9455
XM_024448972.2	5014	4786.29	0	0
XM_024448974.2	1539	1311.29	0	0
XM_024448983.2	12970	12742.3	1327.7	4.68915
XM_024448986.2	2778	2550.29	0	0
XM_024448988.2	1807	1579.29	18.1143	0.516179
XM_024448993.2	7108	6880.29	0	0
XM_024448998.2	913	685.293	0	0
XM_024449001.2	6546	6318.29	56.7508	0.404217
XM_024449005.2	3707	3479.29	15.4583	0.199946
XM_024449007.2	3630	3402.29	40.1728	0.531377
XM_024449009.2	5679	5451.29	11.0233	0.0910031
XM_024449011.2	2598	2370.29	0	0
XM_024449012.2	2505	2277.29	0	0
XM_024449013.2	2552	2324.29	0	0
XM_024449014.2	2459	2231.29	0	0
XM_024449018.2	5095	4867.29	5.30571	0.0490567
XM_024449020.2	3385	3157.29	10.0496	0.143244
XM_024449021.2	3262	3034.29	9.44828	0.140132
XM_024449022.2	3158	2930.29	16.2546	0.249636
XM_024449029.2	2100	1872.29	0	0
XM_024449030.2	2152	1924.29	0	0
XM_024449033.2	2668	2440.29	122.702	2.26283
XM_024449034.2	2596	2368.29	0	0
XM_024449035.1	2269	2041.29	0	0
XM_024449036.2	2701	2473.29	20.9663	0.381494
XM_024449037.2	2641	2413.29	0	0
XM_024449038.1	2188	1960.29	0	0
XM_024449042.2	4649	4421.29	0	0
XM_024449043.2	4715	4487.29	0	0
XM_024449053.2	2073	1845.29	0	0
XM_024449055.2	2267	2039.29	0	0
XM_024449060.2	4514	4286.29	0	0
XM_024449061.2	5088	4860.29	0	0
XM_024449065.2	3325	3097.29	0	0
XM_024449069.2	3326	3098.29	0	0
XM_024449086.2	8193	7965.29	86.2075	0.487063
XM_024449087.2	8190	7962.29	5.24649e-07	2.96533e-09
XM_024449089.2	5961	5733.29	0	0
XM_024449090.2	5880	5652.29	36.6798	0.292042
XM_024449091.2	5958	5730.29	0	0
XM_024449092.2	3795	3567.29	3.41525e-06	4.30849e-08
XM_024449094.2	1835	1607.29	0	0
XM_024449095.2	5355	5127.29	220.303	1.93363
XM_024449096.2	1775	1547.29	344.671	10.0248
XM_024449097.2	4586	4358.29	34.3129	0.35431
XM_024449099.2	7112	6884.29	0.000150328	9.82707e-07
XM_024449100.2	7020	6792.29	53.8475	0.356772
XM_024449101.2	5795	5567.29	0.00083598	6.75762e-06
XM_024449106.1	2152	1924.29	0	0
XM_024449111.1	4149	3921.29	0	0
XM_024449115.2	7778	7550.29	0	0
XM_024449116.2	7578	7350.29	0	0
XM_024449120.2	2108	1880.29	1.92267	0.0460172
XM_024449123.2	1914	1686.29	228.114	6.08781
XM_024449125.1	5978	5750.29	79.0237	0.618458
XM_024449132.2	786	558.487	0	0
XM_024449133.2	645	418.93	0	0
XM_024449135.2	3043	2815.29	30.2811	0.484051
XM_024449136.2	3716	3488.29	21.0486	0.271552
XM_024449138.2	7383	7155.29	0	0
XM_024449141.2	1059	831.293	7.68208	0.415879
XM_024449149.2	35178	34950.3	43.6983	0.0562673
XM_024449150.2	7643	7415.29	0	0
XM_024449151.2	31632	31404.3	14.1591	0.0202903
XM_024449153.2	7606	7378.29	0	0
XM_024449154.2	7365	7137.29	0	0
XM_024449157.2	7380	7152.29	0	0
XM_024449158.2	7534	7306.29	1.08759	0.00669901
XM_024449159.2	7523	7295.29	8.58169	0.0529386
XM_024449162.2	6490	6262.29	0	0
XM_024449168.2	3535	3307.29	0	0
XM_024449174.2	2880	2652.29	108.687	1.84415
XM_024449176.2	4653	4425.29	46.1734	0.469561
XM_024449177.2	4627	4399.29	52.6018	0.538096
XM_024449178.2	4926	4698.29	33.1651	0.317675
XM_024449182.2	1602	1374.29	5.66017	0.18535
XM_024449183.2	1545	1317.29	0.248757	0.00849835
XM_024449189.2	8362	8134.29	82.1808	0.454666
XM_024449191.2	2317	2089.29	73.309	1.57907
XM_024449192.2	6319	6091.29	90.1583	0.666099
XM_024449193.2	2951	2723.29	139.726	2.309
XM_024449194.2	2959	2731.29	212.794	3.50617
XM_024449196.2	3023	2795.29	43.9009	0.706786
XM_024449197.2	2862	2634.29	13.6123	0.232547
XM_024449199.2	3357	3129.29	61.51	0.884589
XM_024449200.2	4222	3994.29	0.0128186	0.000144425
XM_024449202.2	1551	1323.29	7.5976	0.258382
XM_024449210.2	5335	5107.29	2.9944	0.0263852
XM_024449211.2	5675	5447.29	20.4736	0.169144
XM_024449212.2	7178	6950.29	121.974	0.789781
XM_024449213.2	4801	4573.29	3.56912e-07	3.51216e-09
XM_024449214.2	4691	4463.29	0.703763	0.007096
XM_024449215.2	4760	4532.29	18.3138	0.181845
XM_024449216.2	4586	4358.29	21.1547	0.21844
XM_024449220.2	7104	6876.29	0	0
XM_024449221.2	6570	6342.29	0	0
XM_024449222.2	5085	4857.29	0	0
XM_024449223.2	9950	9722.29	23.4468	0.108532
XM_024449225.2	1769	1541.29	12.6041	0.368017
XM_024449229.2	3557	3329.29	0	0
XM_024449230.2	2737	2509.29	9.6948	0.173872
XM_024449231.2	2760	2532.29	0	0
XM_024449232.2	6076	5848.29	0	0
XM_024449233.2	6067	5839.29	0	0
XM_024449234.2	6046	5818.29	0	0
XM_024449235.2	6043	5815.29	0	0
XM_024449236.2	6034	5806.29	0	0
XM_024449237.2	6013	5785.29	0	0
XM_024449238.2	2348	2120.29	0	0
XM_024449240.2	5552	5324.29	0	0
XM_024449241.2	3874	3646.29	0	0
XM_024449242.2	5489	5261.29	0	0
XM_024449244.2	12729	12501.3	3.36119	0.0120999
XM_024449245.2	2813	2585.29	0	0
XM_024449251.2	1633	1405.29	0	0
XM_024449252.2	839	611.427	5.08045	0.373938
XM_024449254.2	1558	1330.29	0	0
XM_024449255.2	1526	1298.29	0	0
XM_024449273.2	1865	1637.29	6.28427	0.172731
XM_024449275.2	7261	7033.29	45.1141	0.288666
XM_024449276.2	11756	11528.3	1.98176e-07	7.73622e-10
XM_024449277.2	3660	3432.29	0	0
XM_024449278.2	4170	3942.29	0	0
XM_024449280.2	1907	1679.29	0	0
XM_024449281.2	6466	6238.29	40.5877	0.2928
XM_024449285.2	4522	4294.29	0	0
XM_024449289.2	4381	4153.29	0	0
XM_024449290.2	3481	3253.29	30.2601	0.41859
XM_024449299.2	1172	944.293	0	0
XM_024449314.2	2864	2636.29	7.659	0.130744
XM_024449315.2	4819	4591.29	0	0
XM_024449317.2	10824	10596.3	11.1686	0.0474339
XM_024449318.2	702	474.947	0	0
XM_024449319.2	3370	3142.29	94.5495	1.35411
XM_024449324.2	1949	1721.29	0	0
XM_024449327.2	1900	1672.29	0	0
XM_024449334.2	4972	4744.29	131.999	1.25211
XM_024449335.2	4591	4363.29	0	0
XM_024449336.2	6925	6697.29	0	0
XM_024449337.2	15883	15655.3	0	0
XM_024449341.2	6038	5810.29	68.1691	0.527997
XM_024449346.2	6018	5790.29	102.549	0.797027
XM_024449347.2	2322	2094.29	3.87789	0.0833299
XM_024449359.2	6444	6216.29	0	0
XM_024449363.2	5798	5570.29	0	0
XM_024449368.2	1405	1177.29	10.7688	0.411646
XM_024449369.1	9072	8844.29	6	0.0305303
XM_024449373.2	3563	3335.29	24.171	0.326139
XM_024449374.2	3745	3517.29	0	0
XM_024449379.2	2851	2623.29	2.09998	0.0360255
XM_024449380.2	2640	2412.29	205.76	3.83861
XM_024449381.2	1331	1103.29	106.268	4.33466
XM_024449382.2	2286	2058.29	244.191	5.33905
XM_024449383.2	2078	1850.29	236.962	5.76342
XM_024449390.2	3263	3035.29	590.011	8.74785
XM_024449391.2	2833	2605.29	0	0
XM_024449392.2	2575	2347.29	0	0
XM_024449394.2	9737	9509.29	346.065	1.63777
XM_024449398.2	2717	2489.29	0	0
XM_024449401.2	1836	1608.29	671.46	18.7887
XM_024449402.2	836	608.427	2.49183	0.184311
XM_024449403.2	832	604.427	0	0
XM_024449406.2	7491	7263.29	23.9698	0.148516
XM_024449407.2	3912	3684.29	0	0
XM_024449410.2	3791	3563.29	5.24124	0.0661949
XM_024449413.2	3019	2791.29	0	0
XM_024449415.2	2964	2736.29	0	0
XM_024449416.2	18381	18153.3	0	0
XM_024449417.2	3176	2948.29	8.24678	0.12588
XM_024449422.1	8610	8382.29	3.42476	0.0183869
XM_024449423.2	7575	7347.29	598.372	3.6651
XM_024449424.2	7494	7266.29	0	0
XM_024449429.2	17859	17631.3	19.8312	0.0506182
XM_024449436.2	1187	959.293	5.70115	0.267457
XM_024449437.2	901	673.361	1.07426	0.0717963
XM_024449439.2	1437	1209.29	55.6094	2.06947
XM_024449440.2	4364	4136.29	35.2666	0.383703
XM_024449441.2	3377	3149.29	0	0
XM_024449442.2	3199	2971.29	0	0
XM_024449460.2	5998	5770.29	0	0
XM_024449462.2	1001	773.293	0	0
XM_024449463.2	18336	18108.3	1.6783e-05	4.17094e-08
XM_024449464.2	1220	992.293	0	0
XM_024449473.2	5006	4778.29	0	0
XM_024449474.2	5594	5366.29	5.33858	0.0447707
XM_024449475.2	5670	5442.29	3.74916	0.0310023
XM_024449476.2	5570	5342.29	193.177	1.62731
XM_024449496.2	1616	1388.29	25.8088	0.836621
XM_024449506.1	2593	2365.29	0	0
XM_024449507.1	4125	3897.29	0	0
XM_024449508.2	1928	1700.29	0	0
XM_024449512.2	3989	3761.29	147.052	1.75944
XM_024449514.2	7240	7012.29	14.8036	0.0950057
XM_024449515.2	7268	7040.29	3.78264	0.0241795
XM_024449516.2	7193	6965.29	53.3828	0.344909
XM_024449520.2	1913	1685.29	0	0
XM_024449521.2	2298	2070.29	34.2396	0.744285
XM_024449523.2	8033	7805.29	0	0
XM_024449524.2	1158	930.293	0	0
XM_024449525.2	911	683.293	0	0
XM_024449526.2	9439	9211.29	209.059	1.02139
XM_024449527.2	9262	9034.29	249.38	1.24225
XM_024449529.2	8068	7840.29	376.515	2.16119
XM_024449538.2	7656	7428.29	0.0777025	0.000470748
XM_024449541.2	1722	1494.29	0	0
XM_024449542.2	1419	1191.29	20.187	0.762598
XM_024449547.2	4112	3884.29	0	0
XM_024449551.2	1521	1293.29	4.1169	0.143257
XM_024449552.2	1335	1107.29	0	0
XM_024449553.2	3429	3201.29	84.0778	1.18195
XM_024449555.2	2777	2549.29	0	0
XM_024449556.2	4407	4179.29	103.153	1.11077
XM_024449557.2	4414	4186.29	14.6947	0.15797
XM_024449558.2	4368	4140.29	127.469	1.38553
XM_024449559.2	4375	4147.29	117.342	1.2733
XM_024449561.2	1056	828.293	0	0
XM_024449563.2	8058	7830.29	0	0
XM_024449564.2	11721	11493.3	3.09301	0.012111
XM_024449565.2	8024	7796.29	0	0
XM_024449566.2	8087	7859.29	0	0
XM_024449567.2	8012	7784.29	0	0
XM_024449568.2	7971	7743.29	0	0
XM_024449569.1	4536	4308.29	0	0
XM_024449570.1	4328	4100.29	0	0
XM_024449571.2	3971	3743.29	0	0
XM_024449572.2	3526	3298.29	0	0
XM_024449573.2	3409	3181.29	0	0
XM_024449574.2	2820	2592.29	0	0
XM_024449575.2	2863	2635.29	0	0
XM_024449577.2	3212	2984.29	43.3618	0.653895
XM_024449578.2	965	737.293	0	0
XM_024449582.2	2206	1978.29	0	0
XM_024449592.2	5621	5393.29	0	0
XM_024449593.2	5606	5378.29	0	0
XM_024449594.2	5594	5366.29	0	0
XM_024449595.2	5492	5264.29	0	0
XM_024449596.2	5450	5222.29	0	0
XM_024449597.2	4879	4651.29	0	0
XM_024449598.2	3654	3426.29	0	0
XM_024449600.2	1237	1009.29	0	0
XM_024449601.2	1347	1119.29	0	0
XM_024449602.2	1339	1111.29	0	0
XM_024449604.2	1148	920.293	0	0
XM_024449605.2	1258	1030.29	0	0
XM_024449606.2	1186	958.293	0	0
XM_024449607.2	1097	869.293	0	0
XM_024449608.2	1064	836.293	0	0
XM_024449609.2	1013	785.293	0	0
XM_024449612.1	990	762.293	0	0
XM_024449613.2	1015	787.293	0	0
XM_024449614.2	926	698.293	0	0
XM_024449615.2	748	520.701	0	0
XM_024449617.2	602	376.687	0	0
XM_024449618.1	1107	879.293	0	0
XM_024449622.2	10424	10196.3	0	0
XM_024449627.2	2474	2246.29	52.0049	1.04189
XM_024449633.2	3921	3693.29	0	0
XM_024449634.2	3569	3341.29	0	0
XM_024449635.2	6313	6085.29	47.9872	0.354884
XM_024449637.2	8274	8046.29	0	0
XM_024449638.2	1701	1473.29	151.235	4.61962
XM_024449639.2	2117	1889.29	17.5673	0.418454
XM_024449644.2	3015	2787.29	58.8399	0.950017
XM_024449647.2	6057	5829.29	0	0
XM_024449648.2	4692	4464.29	191.697	1.93243
XM_024449660.2	1829	1601.29	0	0
XM_024449661.2	3035	2807.29	0	0
XM_024449662.2	2853	2625.29	69.0057	1.1829
XM_024449663.1	2935	2707.29	0	0
XM_024449664.1	2440	2212.29	0	0
XM_024449666.1	2095	1867.29	0	0
XM_024449667.2	12602	12374.3	0	0
XM_024449668.2	9001	8773.29	0	0
XM_024449670.2	3075	2847.29	0	0
XM_024449671.2	2794	2566.29	0	0
XM_024449672.2	3751	3523.29	0	0
XM_024449673.2	3503	3275.29	0	0
XM_024449677.2	2767	2539.29	1.56448	0.0277267
XM_024449686.2	2717	2489.29	111.778	2.02079
XM_024449689.2	2618	2390.29	8.47442	0.159552
XM_024449690.2	2610	2382.29	0	0
XM_024449691.2	5343	5115.29	0	0
XM_024449692.2	5184	4956.29	0	0
XM_024449693.2	8001	7773.29	40.9318	0.236973
XM_024449694.2	7551	7323.29	71.8562	0.441571
XM_024449695.2	7547	7319.29	0	0
XM_024449696.2	7893	7665.29	28.2002	0.165564
XM_024449697.2	2297	2069.29	0	0
XM_024449698.2	2216	1988.29	6.55928e-08	1.48463e-09
XM_024449699.2	10418	10190.3	0	0
XM_024449700.2	2162	1934.29	18.7376	0.435947
XM_024449707.2	2727	2499.29	0	0
XM_024449712.2	1381	1153.29	63.369	2.47275
XM_024449715.2	8520	8292.29	0	0
XM_024449716.2	3304	3076.29	0	0
XM_024449717.2	3272	3044.29	0	0
XM_024449726.2	2712	2484.29	0	0
XM_024449729.2	13516	13288.3	0	0
XM_024449730.2	17638	17410.3	7.23845	0.0187104
XM_024449734.2	4848	4620.29	0	0
XM_024449735.2	4932	4704.29	0	0
XM_024449736.2	4347	4119.29	0	0
XM_024449739.2	1736	1508.29	0	0
XM_024449740.2	1715	1487.29	0	0
XM_024449742.2	1834	1606.29	3.61273	0.101217
XM_024449743.2	1927	1699.29	0	0
XM_024449751.2	12243	12015.3	17.2028	0.0644327
XM_024449752.2	11751	11523.3	0	0
XM_024449753.2	11610	11382.3	0	0
XM_024449754.2	15131	14903.3	2.06998e-07	6.25066e-10
XM_024449755.2	15080	14852.3	2.27519e-05	6.89391e-08
XM_024449756.2	15062	14834.3	0.000119967	3.63946e-07
XM_024449757.2	14945	14717.3	6.22037	0.0190209
XM_024449759.2	6091	5863.29	0	0
XM_024449760.2	5812	5584.29	0	0
XM_024449761.2	6196	5968.29	0	0
XM_024449763.2	5794	5566.29	0	0
XM_024449764.2	6076	5848.29	0	0
XM_024449776.2	5958	5730.29	0	0
XM_024449779.2	8766	8538.29	0	0
XM_024449780.2	8667	8439.29	0	0
XM_024449781.2	8681	8453.29	0	0
XM_024449787.2	8211	7983.29	9.93541	0.0560075
XM_024449791.2	8516	8288.29	0	0
XM_024449794.2	2947	2719.29	3.83396e-06	6.34504e-08
XM_024449814.2	2605	2377.29	0	0
XM_024449821.2	3078	2850.29	0	0
XM_024449824.2	3632	3404.29	174.508	2.30691
XM_024449826.2	3159	2931.29	0	0
XM_024449827.2	5653	5425.29	173.792	1.44161
XM_024449833.2	3098	2870.29	43.1092	0.675905
XM_024449835.2	3740	3512.29	102.768	1.31677
XM_024449837.2	1176	948.293	0	0
XM_024449838.2	1276	1048.29	0	0
XM_024449839.2	1234	1006.29	0	0
XM_024449840.2	1083	855.293	0	0
XM_024449841.2	931	703.293	0	0
XM_024449842.2	831	603.427	0	0
XM_024449844.2	6526	6298.29	0	0
XM_024449845.2	6385	6157.29	0	0
XM_024449846.2	3806	3578.29	0	0
XM_024449848.2	3285	3057.29	0	0
XM_024449858.2	4063	3835.29	8.34086	0.0978711
XM_024449860.2	3074	2846.29	0.17314	0.00273754
XM_024449863.2	5075	4847.29	3.87445	0.0359711
XM_024449865.2	1377	1149.29	3.20276	0.125411
XM_024449873.1	3464	3236.29	1330.39	18.5001
XM_024449874.2	3589	3361.29	0	0
XM_024449875.2	5362	5134.29	4.58462	0.0401851
XM_024449883.2	4703	4475.29	0	0
XM_024449886.2	4642	4414.29	20.2038	0.205975
XM_024449892.2	1888	1660.29	165.304	4.48066
XM_024449894.2	1789	1561.29	8.83298	0.254604
XM_024449898.2	3279	3051.29	0	0
XM_024449901.2	1714	1486.29	0	0
XM_024449902.2	3570	3342.29	1.36937e-06	1.84382e-08
XM_024449904.2	5034	4806.29	0	0
XM_024449905.2	5031	4803.29	0	0
XM_024449906.2	4931	4703.29	0	0
XM_024449909.2	3880	3652.29	0	0
XM_024449910.2	1186	958.293	0	0
XM_024449911.2	4338	4110.29	254.382	2.78519
XM_024449919.2	2265	2037.29	0	0
XM_024449920.2	6857	6629.29	10.6896	0.0725663
XM_024449921.2	6655	6427.29	6.64943	0.0465585
XM_024449922.2	6782	6554.29	280.642	1.92694
XM_024449923.2	6616	6388.29	0	0
XM_024449924.2	6580	6352.29	198.956	1.40951
XM_024449934.2	4249	4021.29	0	0
XM_024449935.2	1704	1476.29	0	0
XM_024449940.2	11512	11284.3	10.8765	0.0433766
XM_024449941.2	3950	3722.29	0	0
XM_024449942.2	3947	3719.29	0	0
XM_024449944.2	6737	6509.29	0	0
XM_024449945.2	1193	965.293	40.0647	1.86786
XM_024449956.2	1614	1386.29	20.3108	0.659346
XM_024449959.2	1679	1451.29	8.27382e-06	2.56563e-07
XM_024449963.2	1451	1223.29	52.3741	1.92676
XM_024449964.2	9145	8917.29	0	0
XM_024449966.2	5386	5158.29	0	0
XM_024449967.2	7276	7048.29	26.2376	0.167526
XM_024449969.2	1659	1431.29	0	0
XM_024449970.2	1587	1359.29	0	0
XM_024449971.2	1886	1658.29	0	0
XM_024449975.2	3809	3581.29	96.8666	1.21724
XM_024449976.2	3174	2946.29	0.0341732	0.000521978
XM_024449978.2	3849	3621.29	0.000111869	1.39023e-06
XM_024449980.2	5644	5416.29	0.97574	0.00810726
XM_024449991.2	4456	4228.29	0	0
XM_024449992.2	13074	12846.3	0.102505	0.000359094
XM_024449994.2	1805	1577.29	0	0
XM_024449999.2	1441	1213.29	0	0
XM_024450002.2	5780	5552.29	0	0
XM_024450003.2	4387	4159.29	17.1014	0.185035
XM_024450004.2	4382	4154.29	0	0
XM_024450005.2	4448	4220.29	0	0
XM_024450006.2	4373	4145.29	31.0539	0.337134
XM_024450007.2	4355	4127.29	0	0
XM_024450008.2	4246	4018.29	0	0
XM_024450010.2	5471	5243.29	0	0
XM_024450011.2	5402	5174.29	0	0
XM_024450013.2	5351	5123.29	0	0
XM_024450015.2	15550	15322.3	0	0
XM_024450016.2	15547	15319.3	0	0
XM_024450028.2	3299	3071.29	0	0
XM_024450032.2	5195	4967.29	0	0
XM_024450038.2	6209	5981.29	50.9684	0.383485
XM_024450042.2	5373	5145.29	108.926	0.952715
XM_024450043.2	8482	8254.29	0	0
XM_024450048.2	5870	5642.29	10.1541	0.0809893
XM_024450052.2	725	497.753	12.7569	1.15339
XM_024450053.2	688	461.088	2.97382	0.290251
XM_024450065.2	5851	5623.29	0	0
XM_024450066.2	5776	5548.29	0	0
XM_024450067.2	5746	5518.29	0	0
XM_024450068.2	4067	3839.29	8.14877	0.0955175
XM_024450069.1	4998	4770.29	0	0
XM_024450070.2	2584	2356.29	2.98575	0.0570252
XM_024450071.2	2328	2100.29	0	0
XM_024450072.2	1997	1769.29	4.96531	0.126296
XM_024450077.2	3826	3598.29	0	0
XM_024450079.2	4049	3821.29	0	0
XM_024450085.2	4030	3802.29	17.4086	0.206044
XM_024450090.2	3294	3066.29	25.0586	0.367778
XM_024450091.2	3385	3157.29	0	0
XM_024450092.2	1712	1484.29	11.7554	0.356419
XM_024450103.2	6445	6217.29	13.8164	0.100008
XM_024450104.2	6260	6032.29	0	0
XM_024450105.2	6278	6050.29	0	0
XM_024450112.2	2193	1965.29	24.8131	0.568192
XM_024450113.2	2047	1819.29	22.1456	0.547807
XM_024450114.2	1963	1735.29	8.00356	0.207564
XM_024450118.2	10765	10537.3	5.46277	0.0233306
XM_024450129.2	3775	3547.29	0	0
XM_024450130.2	3569	3341.29	0	0
XM_024450131.2	5754	5526.29	0.0401925	0.000327306
XM_024450132.2	1398	1170.29	0	0
XM_024450143.2	2591	2363.29	0	0
XM_024450151.2	8197	7969.29	0	0
XM_024450153.2	1964	1736.29	0	0
XM_024450155.2	1715	1487.29	0	0
XM_024450156.2	895	667.361	10.891	0.734427
XM_024450159.2	4467	4239.29	169.452	1.79885
XM_024450162.2	542	319.126	0	0
XM_024450168.2	3323	3095.29	0	0
XM_024450170.2	8312	8084.29	120.531	0.670961
XM_024450173.2	1367	1139.29	0	0
XM_024450194.2	1940	1712.29	0	0
XM_024450195.2	1980	1752.29	34.549	0.8873
XM_024450197.2	1854	1626.29	0	0
XM_024450199.2	19436	19208.3	0.00128649	3.01411e-06
XM_024450216.2	6596	6368.29	41.4422	0.292862
XM_024450218.2	3005	2777.29	0	0
XM_024450219.2	5471	5243.29	0	0
XM_024450221.2	5110	4882.29	575.123	5.30126
XM_024450231.2	8653	8425.29	0	0
XM_024450232.2	8473	8245.29	0	0
XM_024450233.2	8329	8101.29	0	0
XM_024450235.2	2517	2289.29	0	0
XM_024450236.2	786	558.487	0	0
XM_024450238.2	781	553.487	0	0
XM_024450245.2	4382	4154.29	17.0632	0.184844
XM_024450246.2	2213	1985.29	0	0
XM_024450247.2	2158	1930.29	24.87	0.579823
XM_024450250.2	1605	1377.29	0	0
XM_024450251.2	1253	1025.29	0	0
XM_024450254.2	5620	5392.29	0	0
XM_024450255.2	5605	5377.29	0	0
XM_024450256.2	5446	5218.29	0.257264	0.00221867
XM_024450257.2	5437	5209.29	2.74274	0.0236945
XM_024450258.1	4840	4612.29	0	0
XM_024450259.1	5362	5134.29	0	0
XM_024450260.1	4700	4472.29	0	0
XM_024450263.2	4036	3808.29	0	0
XM_024450266.2	3475	3247.29	0	0
XM_024450267.2	3385	3157.29	7.50421	0.106963
XM_024450268.2	2876	2648.29	0	0
XM_024450279.2	12295	12067.3	0	0
XM_024450283.2	3892	3664.29	0	0
XM_024450285.2	3565	3337.29	16.8119	0.226707
XM_024450286.2	3862	3634.29	0	0
XM_024450288.2	3437	3209.29	42.3866	0.594377
XM_024450289.2	2929	2701.29	80.0218	1.33315
XM_024450290.1	1206	978.293	0	0
XM_024450291.2	13046	12818.3	20.7778	0.0729476
XM_024450294.2	1079	851.293	0	0
XM_024450296.2	7337	7109.29	172.002	1.08881
XM_024450297.2	2963	2735.29	0	0
XM_024450303.2	1983	1755.29	0	0
XM_024450305.2	1553	1325.29	0	0
XM_024450306.2	1539	1311.29	0	0
XM_024450318.1	1554	1326.29	0	0
XM_024450319.2	5448	5220.29	0	0
XM_024450338.2	1729	1501.29	0	0
XM_024450343.2	3114	2886.29	2.55791	0.039883
XM_024450347.2	2794	2566.29	13.0817	0.229403
XM_024450350.2	2216	1988.29	0	0
XM_024450351.2	2184	1956.29	4.83429	0.111209
XM_024450356.2	818	590.487	9.49856	0.723919
XM_024450357.2	711	483.852	11.8221	1.09957
XM_024450361.2	5626	5398.29	1.11823	0.0093222
XM_024450367.2	2616	2388.29	0	0
XM_024450368.2	6043	5815.29	0	0
XM_024450370.2	3541	3313.29	0	0
XM_024450372.2	1747	1519.29	0	0
XM_024450373.2	1833	1605.29	0	0
XM_024450374.2	1750	1522.29	0	0
XM_024450376.2	1087	859.293	0	0
XM_024450381.2	1423	1195.29	0	0
XM_024450382.2	1363	1135.29	0	0
XM_024450383.2	1656	1428.29	0	0
XM_024450384.2	1698	1470.29	0	0
XM_024450385.2	3704	3476.29	2.07572	0.0268717
XM_024450388.2	1129	901.293	6.00144	0.299662
XM_024450390.2	3245	3017.29	0	0
XM_024450391.2	3571	3343.29	0	0
XM_024450393.1	947	719.293	0	0
XM_024450395.2	1994	1766.29	15.3003	0.389834
XM_024450402.2	2025	1797.29	0	0
XM_024450412.2	1804	1576.29	162.356	4.63525
XM_024450429.2	2501	2273.29	200.576	3.9707
XM_024450431.1	1262	1034.29	4.58124	0.199334
XM_024450433.2	2603	2375.29	0	0
XM_024450437.2	17268	17040.3	31.0356	0.0819645
XM_024450439.2	1455	1227.29	272.122	9.97833
XM_024450447.2	1842	1614.29	31.0168	0.864683
XM_024450454.2	2888	2660.29	0	0
XM_024450455.2	1725	1497.29	960.826	28.8789
XM_024450456.2	1700	1472.29	0	0
XM_024450459.2	11647	11419.3	0.00735328	2.8979e-05
XM_024450461.2	9455	9227.29	371.615	1.81243
XM_024450464.2	1810	1582.29	0	0
XM_024450466.2	1597	1369.29	0	0
XM_024450469.2	1439	1211.29	15.0151	0.557856
XM_024450470.2	1145	917.293	17.43	0.85513
XM_024450471.2	7746	7518.29	59.5366	0.356375
XM_024450475.2	4924	4696.29	0	0
XM_024450482.2	4195	3967.29	55.6193	0.630919
XM_024450483.2	3557	3329.29	0	0
XM_024450484.2	3464	3236.29	0	0
XM_024450490.2	2128	1900.29	17.2345	0.408151
XM_024450492.2	3714	3486.29	84.7811	1.0944
XM_024450497.2	6555	6327.29	0	0
XM_024450498.2	6474	6246.29	0.0240781	0.000173477
XM_024450499.2	5812	5584.29	42.1344	0.339555
XM_024450510.2	2498	2270.29	11.4654	0.227273
XM_024450518.2	1105	877.293	52.5374	2.69504
XM_024450526.1	7490	7262.29	5.26719e-07	3.26398e-09
XM_024450527.2	7190	6962.29	6.54007e-06	4.22739e-08
XM_024450529.2	5111	4883.29	0	0
XM_024450530.2	5252	5024.29	0	0
XM_024450531.2	4148	3920.29	8.76697	0.100641
XM_024450532.2	1019	791.293	13.1046	0.745294
XM_024450535.2	3357	3129.29	0	0
XM_024450536.2	4421	4193.29	101.448	1.08876
XM_024450537.2	7265	7037.29	463.329	2.96296
XM_024450540.2	2610	2382.29	21.5201	0.406529
XM_024450541.2	2207	1979.29	50.6572	1.15179
XM_024450548.2	1993	1765.29	0	0
XM_024450552.2	5405	5177.29	0	0
XM_024450553.2	5511	5283.29	0	0
XM_024450554.2	6267	6039.29	95.0207	0.708067
XM_024450556.2	8455	8227.29	0	0
XM_024450560.2	4782	4554.29	8.24519	0.0814746
XM_024450561.2	3270	3042.29	1.47051	0.0217525
XM_024450562.2	2102	1874.29	86.3378	2.07303
XM_024450569.2	2950	2722.29	0	0
XM_024450572.2	1929	1701.29	0	0
XM_024450575.2	2019	1791.29	10.5119	0.264093
XM_024450577.2	11127	10899.3	3.90107	0.0161075
XM_024450578.2	7682	7454.29	3.11992	0.0188356
XM_024450579.2	11128	10900.3	17.4941	0.0722262
XM_024450580.2	11089	10861.3	5.26778	0.0218267
XM_024450581.2	2474	2246.29	0	0
XM_024450582.2	10016	9788.29	0	0
XM_024450583.2	8546	8318.29	8.10416	0.0438446
XM_024450584.2	8550	8322.29	1.17552e-06	6.35667e-09
XM_024450586.2	6362	6134.29	336.108	2.46579
XM_024450587.2	6344	6116.29	156.694	1.15294
XM_024450589.2	5516	5288.29	0.990261	0.00842707
XM_024450590.2	6338	6110.29	37.0021	0.272525
XM_024450592.2	2443	2215.29	0	0
XM_024450593.2	2537	2309.29	0	0
XM_024450595.2	2486	2258.29	0	0
XM_024450596.2	2390	2162.29	0	0
XM_024450614.2	10612	10384.3	42.3265	0.183433
XM_024450634.2	2865	2637.29	23.4163	0.399578
XM_024450636.2	1477	1249.29	0	0
XM_024450639.2	881	653.427	20.3542	1.40184
XM_024450646.2	11597	11369.3	0.124116	0.000491288
XM_024450647.2	9560	9332.29	303.078	1.46153
XM_024450651.2	1206	978.293	30.8238	1.41794
XM_024450653.2	11410	11182.3	0.0578693	0.000232895
XM_024450655.2	11496	11268.3	1.92914e-05	7.70455e-08
XM_024450656.2	10870	10642.3	0	0
XM_024450657.2	6865	6637.29	0	0
XM_024450659.2	1484	1256.29	3.33448	0.119448
XM_024450667.2	2444	2216.29	10.2197	0.207517
XM_024450675.2	5757	5529.29	19.5417	0.15905
XM_024450676.2	5754	5526.29	12.434	0.101256
XM_024450679.2	5355	5127.29	17.7084	0.155429
XM_024450685.2	1245	1017.29	70.4304	3.1157
XM_024450686.2	1240	1012.29	0	0
XM_024450687.2	1900	1672.29	0	0
XM_024450688.2	1766	1538.29	0	0
XM_024450689.2	1763	1535.29	0	0
XM_024450704.2	3212	2984.29	3.00801	0.0453607
XM_024450705.2	1174	946.293	10.8964	0.518204
XM_024450707.2	5540	5312.29	94.7955	0.80306
XM_024450708.2	2150	1922.29	13.3722	0.313057
XM_024450736.2	2775	2547.29	9.41982	0.16642
XM_024450737.2	5826	5598.29	0	0
XM_024450738.2	1651	1423.29	0	0
XM_024450742.1	4970	4742.29	0	0
XM_024450743.1	4964	4736.29	0	0
XM_024450747.2	4245	4017.29	0	0
XM_024450749.2	4614	4386.29	23.1677	0.237699
XM_024450752.2	1783	1555.29	15.5523	0.450014
XM_024450753.2	1738	1510.29	0	0
XM_024450755.1	1460	1232.29	0	0
XM_024450756.2	1529	1301.29	0	0
XM_024450757.2	1355	1127.29	0	0
XM_024450758.2	4132	3904.29	10.0368	0.11569
XM_024450760.2	4328	4100.29	0	0
XM_024450762.2	4463	4235.29	0	0
XM_024450763.2	4752	4524.29	0	0
XM_024450766.2	857	629.427	1.66431	0.118996
XM_024450768.2	4837	4609.29	175.502	1.71352
XM_024450769.2	4734	4506.29	141.143	1.40956
XM_024450771.2	2532	2304.29	70.7087	1.38095
XM_024450773.2	5127	4899.29	0.00187315	1.7206e-05
XM_024450779.2	1373	1145.29	0	0
XM_024450780.2	6825	6597.29	0	0
XM_024450781.2	6418	6190.29	0	0
XM_024450786.2	1460	1232.29	0	0
XM_024450787.2	1408	1180.29	11.6047	0.442473
XM_024450788.2	1450	1222.29	10.7013	0.394006
XM_024450802.2	2947	2719.29	33.3123	0.551303
XM_024450804.2	5567	5339.29	58.5081	0.493145
XM_024450806.2	543	320.029	40.5109	5.69671
XM_024450808.2	1394	1166.29	0	0
XM_024450814.2	788	560.487	39.0969	3.1392
XM_024450816.2	807	579.487	0	0
XM_024450817.2	822	594.427	0	0
XM_024450818.2	803	575.487	0	0
XM_024450819.2	1271	1043.29	0	0
XM_024450822.2	2676	2448.29	73.5774	1.35246
XM_024450828.2	6292	6064.29	349.762	2.59558
XM_024450829.2	9542	9314.29	0	0
XM_024450830.2	8624	8396.29	380.821	2.04116
XM_024450832.2	2684	2456.29	0	0
XM_024450833.2	2624	2396.29	0	0
XM_024450834.2	2609	2381.29	0	0
XM_024450835.2	2577	2349.29	0	0
XM_024450838.2	6620	6392.29	29.4431	0.207286
XM_024450845.2	6108	5880.29	0	0
XM_024450846.2	6219	5991.29	0	0
XM_024450849.2	1938	1710.29	27.0061	0.710614
XM_024450860.2	3540	3312.29	227.29	3.08812
XM_024450861.2	3525	3297.29	0	0
XM_024450865.2	5488	5260.29	3.0594	0.0261739
XM_024450866.2	5485	5257.29	16.703	0.142979
XM_024450867.2	5413	5185.29	0.208964	0.0018136
XM_024450868.2	2651	2423.29	0	0
XM_024450869.2	2600	2372.29	0	0
XM_024450870.2	2287	2059.29	0	0
XM_024450871.2	2279	2051.29	0	0
XM_024450887.2	2426	2198.29	2.86406	0.0586325
XM_024450891.2	1528	1300.29	0	0
XM_024450897.2	5519	5291.29	0	0
XM_024450898.2	12283	12055.3	20.9872	0.0783465
XM_024450899.2	9773	9545.29	2.46308	0.0116127
XM_024450900.2	5795	5567.29	0	0
XM_024450902.2	5798	5570.29	0	0
XM_024450906.2	4286	4058.29	18.3445	0.203425
XM_024450909.2	2700	2472.29	0	0
XM_024450911.2	2701	2473.29	0	0
XM_024450924.2	2582	2354.29	9.08452	0.173654
XM_024450928.2	5211	4983.29	17.073	0.154183
XM_024450929.2	2091	1863.29	0	0
XM_024450930.2	2126	1898.29	0	0
XM_024450933.2	1864	1636.29	1.65056	0.0453954
XM_024450938.2	3009	2781.29	16.9077	0.273577
XM_024450939.2	1963	1735.29	337.183	8.7445
XM_024450940.2	1800	1572.29	41.6929	1.19336
XM_024450942.2	1790	1562.29	112.755	3.24799
XM_024450943.2	2106	1878.29	0	0
XM_024450945.2	2120	1892.29	4.19852e-07	9.98504e-09
XM_024450947.2	2354	2126.29	0	0
XM_024450951.2	1206	978.293	60.237	2.771
XM_024450952.2	4697	4469.29	2.63347	0.0265174
XM_024450953.2	3364	3136.29	63.9646	0.917836
XM_024450954.2	4250	4022.29	0	0
XM_024450955.2	4260	4032.29	0	0
XM_024450956.2	4157	3929.29	0	0
XM_024450963.2	2137	1909.29	20.704	0.488006
XM_024450964.2	2226	1998.29	0	0
XM_024450965.2	2213	1985.29	0	0
XM_024450973.2	1317	1089.29	0	0
XM_024450975.2	1293	1065.29	36.4621	1.54033
XM_024450976.2	1248	1020.29	0.000248316	1.09527e-05
XM_024450984.2	1226	998.293	8.71024	0.392658
XM_024450990.2	1652	1424.29	166.424	5.25847
XM_024450995.2	2739	2511.29	0	0
XM_024451000.2	1930	1702.29	48.1569	1.27311
XM_024451001.2	1707	1479.29	11.3596	0.345582
XM_024451008.2	2959	2731.29	53.0486	0.874073
XM_024451013.2	13593	13365.3	3.03292	0.0102123
XM_024451014.2	10766	10538.3	0	0
XM_024451015.2	2503	2275.29	0	0
XM_024451021.2	3736	3508.29	0	0
XM_024451023.2	2785	2557.29	27.9035	0.491043
XM_024451051.2	2002	1774.29	62.8004	1.59287
XM_024451069.2	3146	2918.29	56.9429	0.878118
XM_024451070.2	2432	2204.29	152.839	3.12038
XM_024451075.1	2005	1777.29	78.128	1.97829
XM_024451076.2	1900	1672.29	47.6732	1.28293
XM_024451081.2	6487	6259.29	52.0475	0.374211
XM_024451083.2	5254	5026.29	14.3484	0.128469
XM_024451085.2	3718	3490.29	0	0
XM_024451086.2	3751	3523.29	0	0
XM_024451088.2	3587	3359.29	0	0
XM_024451091.2	6462	6234.29	1157.91	8.35854
XM_024451093.2	6308	6080.29	7.97306	0.0590124
XM_024451099.2	1615	1387.29	0	0
XM_024451101.2	6577	6349.29	0	0
XM_024451102.2	6403	6175.29	0	0
XM_024451104.2	6379	6151.29	0	0
XM_024451106.2	6205	5977.29	0	0
XM_024451107.2	11174	10946.3	0	0
XM_024451108.2	2726	2498.29	173.516	3.12564
XM_024451110.2	7271	7043.29	0	0
XM_024451111.2	7268	7040.29	5.22586e-07	3.34048e-09
XM_024451112.2	7193	6965.29	6.43184e-06	4.15564e-08
XM_024451113.2	7157	6929.29	0	0
XM_024451114.2	7148	6920.29	0	0
XM_024451115.2	7327	7099.29	154.035	0.976445
XM_024451117.2	7073	6845.29	0	0
XM_024451118.2	7034	6806.29	0	0
XM_024451122.2	6159	5931.29	0	0
XM_024451123.2	5958	5730.29	302.624	2.37667
XM_024451124.2	4753	4525.29	36.5003	0.362988
XM_024451125.2	7731	7503.29	57.7937	0.346634
XM_024451126.2	7608	7380.29	40.8311	0.248977
XM_024451129.2	8314	8086.29	0	0
XM_024451131.2	8176	7948.29	1.92393e-07	1.08933e-09
XM_024451134.2	8514	8286.29	0	0
XM_024451135.2	8223	7995.29	0	0
XM_024451136.2	8184	7956.29	4.84395e-08	2.73988e-10
XM_024451138.2	2767	2539.29	0	0
XM_024451141.2	5079	4851.29	0	0
XM_024451143.2	2418	2190.29	0	0
XM_024451144.2	2405	2177.29	0	0
XM_024451146.2	1393	1165.29	0	0
XM_024451147.2	1573	1345.29	0	0
XM_024451148.2	1280	1052.29	0	0
XM_024451149.2	10176	9948.29	11.3622	0.0513993
XM_024451150.2	9987	9759.29	3.33949	0.0153994
XM_024451151.2	9995	9767.29	6.9935e-05	3.22227e-07
XM_024451152.2	10060	9832.29	0	0
XM_024451154.2	10093	9865.29	0	0
XM_024451156.2	10005	9777.29	0.561425	0.00258414
XM_024451157.2	56789	56561.3	5.87575	0.00467505
XM_024451158.2	31602	31374.3	17.3383	0.02487
XM_024451160.2	1811	1583.29	0	0
XM_024451165.2	4017	3789.29	44	0.522561
XM_024451166.2	7331	7103.29	327.185	2.07289
XM_024451167.2	1582	1354.29	0	0
XM_024451168.2	1564	1336.29	0	0
XM_024451180.2	4521	4293.29	24.6683	0.258577
XM_024451190.2	1853	1625.29	0	0
XM_024451191.2	9980	9752.29	0	0
XM_024451192.2	5036	4808.29	32.7728	0.306737
XM_024451201.2	5377	5149.29	0	0
XM_024451202.2	5467	5239.29	0	0
XM_024451203.2	5338	5110.29	0	0
XM_024451204.2	5317	5089.29	0	0
XM_024451208.2	5137	4909.29	0	0
XM_024451209.2	5134	4906.29	22.4011	0.205474
XM_024451210.2	5261	5033.29	12.0162	0.107438
XM_024451224.2	5316	5088.29	4.13765e-06	3.65952e-08
XM_024451227.2	11342	11114.3	0	0
XM_024451228.2	1470	1242.29	17.6899	0.640831
XM_024451229.2	3803	3575.29	8.35833	0.105208
XM_024451232.2	9388	9160.29	0	0
XM_024451234.2	6936	6708.29	32.4451	0.21766
XM_024451239.2	4810	4582.29	14.8866	0.146203
XM_024451242.2	1985	1757.29	35.2237	0.902054
XM_024451243.2	4663	4435.29	485.377	4.92492
XM_024451244.2	4560	4332.29	152.524	1.58439
XM_024451245.2	4483	4255.29	0	0
XM_024451246.2	4639	4411.29	45.6482	0.465693
XM_024451247.2	4531	4303.29	2.81659	0.0294554
XM_024451250.2	8541	8313.29	0.000366955	1.98647e-06
XM_024451251.2	9442	9214.29	0	0
XM_024451252.2	31934	31706.3	17.1043	0.0242774
XM_024451254.2	8678	8450.29	0	0
XM_024451255.2	9179	8951.29	0	0
XM_024451256.2	11708	11480.3	0	0
XM_024451258.2	9124	8896.29	0	0
XM_024451260.2	8439	8211.29	0	0
XM_024451261.2	3902	3674.29	25.4999	0.312326
XM_024451262.2	3402	3174.29	23.094	0.327411
XM_024451263.2	4277	4049.29	0	0
XM_024451264.2	3676	3448.29	0	0
XM_024451265.2	4289	4061.29	70.7831	0.784345
XM_024451266.2	3342	3114.29	0	0
XM_024451267.1	2212	1984.29	0	0
XM_024451268.2	6955	6727.29	0	0
XM_024451269.2	11498	11270.3	0	0
XM_024451270.2	4515	4287.29	0	0
XM_024451272.2	1224	996.293	19.7804	0.893492
XM_024451275.2	4656	4428.29	130.965	1.33095
XM_024451278.1	1920	1692.29	50.9372	1.35457
XM_024451279.2	3479	3251.29	0	0
XM_024451288.2	7151	6923.29	0	0
XM_024451289.2	6883	6655.29	1.89267	0.0127982
XM_024451290.2	1862	1634.29	2310.16	63.6142
XM_024451305.2	3849	3621.29	18.9985	0.236101
XM_024451307.2	7473	7245.29	180.009	1.1181
XM_024451308.2	6816	6588.29	2.79863e-06	1.91168e-08
XM_024451314.2	5861	5633.29	0	0
XM_024451333.2	1753	1525.29	19.0191	0.561149
XM_024451341.2	1385	1157.29	0	0
XM_024451346.2	932	704.293	0	0
XM_024451347.2	1046	818.293	0	0
XM_024451363.2	2933	2705.29	14.2533	0.237106
XM_024451364.2	3507	3279.29	15.6416	0.214656
XM_024451365.2	4638	4410.29	22.9354	0.234035
XM_024451373.2	1024	796.293	0	0
XM_024451375.2	1686	1458.29	0	0
XM_024451376.2	2032	1804.29	0	0
XM_024451378.2	1020	792.293	0	0
XM_024451381.2	1964	1736.29	0	0
XM_024451383.2	4964	4736.29	0	0
XM_024451386.2	5145	4917.29	171.813	1.57243
XM_024451387.2	5137	4909.29	38.4875	0.352812
XM_024451388.2	5267	5039.29	57.4092	0.512689
XM_024451389.2	5177	4949.29	0.0083915	7.63025e-05
XM_024451390.2	5307	5079.29	8.08095e-05	7.15981e-07
XM_024451391.2	5150	4922.29	15.168	0.138677
XM_024451393.2	4857	4629.29	0	0
XM_024451394.2	5299	5071.29	1.68219e-05	1.49279e-07
XM_024451395.2	5272	5044.29	0.0253746	0.000226381
XM_024451396.2	3990	3762.29	0	0
XM_024451397.2	3959	3731.29	0	0
XM_024451404.2	3121	2893.29	0	0
XM_024451405.2	4101	3873.29	0	0
XM_024451413.1	4718	4490.29	0	0
XM_024451418.2	854	626.427	19.7964	1.42219
XM_024451420.2	8984	8756.29	0	0
XM_024451432.2	8293	8065.29	228.921	1.27734
XM_024451433.2	8290	8062.29	143.732	0.802302
XM_024451436.2	1780	1552.29	52.6341	1.52593
XM_024451437.2	1740	1512.29	10.3327	0.307482
XM_024451450.2	843	615.427	0	0
XM_024451460.2	5527	5299.29	298.245	2.53278
XM_024451461.2	2439	2211.29	0	0
XM_024451466.2	7997	7769.29	0	0
XM_024451467.2	4594	4366.29	0	0
XM_024451472.2	2921	2693.29	0	0
XM_024451473.2	4790	4562.29	1251.29	12.3429
XM_024451474.2	2041	1813.29	0	0
XM_024451486.2	4640	4412.29	46.8774	0.478125
XM_024451488.2	3027	2799.29	0	0
XM_024451489.2	2794	2566.29	0	0
XM_024451494.2	1559	1331.29	93.1838	3.14999
XM_024451495.2	1555	1327.29	57.0411	1.93403
XM_024451500.2	884	656.427	0	0
XM_024451501.2	775	547.487	2.53805	0.208627
XM_024451506.2	3498	3270.29	10.3796	0.142835
XM_024451507.2	3458	3230.29	0	0
XM_024451520.2	2671	2443.29	53.7329	0.989708
XM_024451526.2	1779	1551.29	79.0169	2.29228
XM_024451532.2	1445	1217.29	0	0
XM_024451533.2	1327	1099.29	0	0
XM_024451539.2	1712	1484.29	20.915	0.634132
XM_024451555.2	2598	2370.29	0	0
XM_024451556.2	1606	1378.29	0	0
XM_024451561.2	4108	3880.29	4.75376	0.0551335
XM_024451570.2	738	510.753	0	0
XM_024451573.2	2080	1852.29	0	0
XM_024451575.2	2098	1870.29	6.3639	0.153128
XM_024451576.1	2219	1991.29	13.5909	0.307153
XM_024451585.2	919	691.293	0	0
XM_024451586.2	2631	2403.29	8.75786	0.163996
XM_024451594.2	2627	2399.29	0	0
XM_024451595.2	2572	2344.29	0	0
XM_024451596.2	2781	2553.29	0	0
XM_024451597.2	2519	2291.29	1.87449	0.0368167
XM_024451598.2	2727	2499.29	0	0
XM_024451599.2	2674	2446.29	0	0
XM_024451603.2	2741	2513.29	0.000631102	1.13005e-05
XM_024451606.2	2998	2770.29	13.3474	0.216827
XM_024451607.2	3245	3017.29	50.3703	0.751275
XM_024451610.2	1741	1513.29	0	0
XM_024451611.2	1381	1153.29	0	0
XM_024451612.2	2362	2134.29	0	0
XM_024451613.2	2312	2084.29	0	0
XM_024451615.2	1746	1518.29	0	0
XM_024451616.2	2108	1880.29	0.0167089	0.000399911
XM_024451617.2	2654	2426.29	11.2411	0.208501
XM_024451620.2	1580	1352.29	437.645	14.5644
XM_024451622.2	2606	2378.29	108.444	2.05202
XM_024451637.2	3786	3558.29	0	0
XM_024451638.2	8026	7798.29	23.8347	0.137548
XM_024451640.2	6468	6240.29	0	0
XM_024451641.2	6351	6123.29	3.35687	0.0246713
XM_024451642.2	4355	4127.29	0	0
XM_024451643.2	4288	4060.29	0	0
XM_024451644.2	4285	4057.29	0	0
XM_024451645.2	3912	3684.29	0	0
XM_024451646.2	3959	3731.29	18.8624	0.227499
XM_024451647.2	3808	3580.29	58.5415	0.735846
XM_024451652.2	2972	2744.29	0	0
XM_024451657.2	7220	6992.29	17.4241	0.112143
XM_024451658.2	5746	5518.29	0.478874	0.00390534
XM_024451661.2	5574	5346.29	248.577	2.09243
XM_024451663.2	5571	5343.29	1.66661	0.0140368
XM_024451667.2	5475	5247.29	1065.9	9.14163
XM_024451693.2	1912	1684.29	12.3843	0.330899
XM_024451694.2	4243	4015.29	5.33845	0.0598329
XM_024451699.2	2054	1826.29	96.5377	2.37886
XM_024451700.2	2041	1813.29	24.5499	0.609291
XM_024451707.2	3332	3104.29	38.4448	0.557336
XM_024451708.2	10938	10710.3	173.21	0.727802
XM_024451712.2	3102	2874.29	0	0
XM_024451716.2	2855	2627.29	0	0
XM_024451717.2	2758	2530.29	0	0
XM_024451718.2	1827	1599.29	0	0
XM_024451722.2	1902	1674.29	0	0
XM_024451723.2	1791	1563.29	3	0.0863621
XM_024451724.2	1470	1242.29	0	0
XM_024451725.2	5384	5156.29	2.02951e-06	1.77131e-08
XM_024451726.2	2228	2000.29	88.865	1.99931
XM_024451727.2	4422	4194.29	0.351559	0.00377209
XM_024451729.2	1551	1323.29	0	0
XM_024451730.2	1599	1371.29	14.1254	0.463566
XM_024451731.2	2323	2095.29	0	0
XM_024451734.2	10211	9983.29	140.634	0.633956
XM_024451735.2	6116	5888.29	15.2102	0.116249
XM_024451750.2	3091	2863.29	162.506	2.55415
XM_024451771.2	1829	1601.29	71.0625	1.99715
XM_024451773.2	2636	2408.29	1387.7	25.9316
XM_024451776.2	968	740.293	1.73353	0.105383
XM_024451781.2	4501	4273.29	44.7579	0.471357
XM_024451785.2	5626	5398.29	5.2606	0.0438552
XM_024451806.2	4255	4027.29	7.44448	0.0831885
XM_024451807.2	7289	7061.29	0	0
XM_024451808.2	1947	1719.29	10.1846	0.266586
XM_024451809.2	2765	2537.29	4.22181	0.0748808
XM_024451810.2	1601	1373.29	11.1989	0.366992
XM_024451811.2	2931	2703.29	430.16	7.16109
XM_024451812.2	2483	2255.29	9.73	0.194157
XM_024451813.2	2076	1848.29	16.2653	0.396036
XM_024451821.1	2655	2427.29	0	0
XM_024451823.2	1197	969.293	24.1077	1.11929
XM_024451824.2	4516	4288.29	5.04133	0.0529058
XM_024451826.2	3298	3070.29	20.9761	0.307459
XM_024451834.2	4200	3972.29	0	0
XM_024451836.2	4591	4363.29	39.4663	0.407057
XM_024451839.2	2576	2348.29	9.51779e-05	1.82401e-06
XM_024451840.2	2516	2288.29	0.0603942	0.00118775
XM_024451841.2	2571	2343.29	0	0
XM_024451849.2	799	571.487	0	0
XM_024451850.2	814	586.487	0	0
XM_024451869.2	3825	3597.29	51.388	0.642878
XM_024451873.2	1456	1228.29	5466.23	200.276
XM_024451875.2	1562	1334.29	188.416	6.35491
XM_024451878.2	3741	3513.29	0	0
XM_024451881.1	3757	3529.29	0	0
XM_024451882.2	3453	3225.29	0	0
XM_024451883.2	2988	2760.29	2	0.0326075
XM_024451884.2	2413	2185.29	0	0
XM_024451885.2	2173	1945.29	0	0
XM_024451886.1	2333	2105.29	0	0
XM_024451887.1	2269	2041.29	0	0
XM_024451888.2	4138	3910.29	0	0
XM_024451893.2	1702	1474.29	0	0
XM_024451895.2	1449	1221.29	38.2752	1.41039
XM_024451898.2	5780	5552.29	72.9925	0.591627
XM_024451900.2	5652	5424.29	0	0
XM_024451914.2	3019	2791.29	64.3059	1.03678
XM_024451934.2	3051	2823.29	0	0
XM_024451935.2	4640	4412.29	323.863	3.30323
XM_024451946.2	1886	1658.29	0	0
XM_024451947.2	1997	1769.29	43.9994	1.11915
XM_024451966.2	3661	3433.29	0	0
XM_024451967.2	2568	2340.29	0	0
XM_024451968.2	5764	5536.29	65.0799	0.529018
XM_024451969.2	5544	5316.29	0	0
XM_024451971.2	1953	1725.29	7.89128	0.205839
XM_024451972.2	1156	928.293	0	0
XM_024451976.2	2383	2155.29	0	0
XM_024451981.2	3276	3048.29	0	0
XM_024451983.2	1470	1242.29	0	0
XM_024451984.1	1618	1390.29	0	0
XM_024451985.2	1444	1216.29	5.36148	0.198376
XM_024451986.2	1311	1083.29	3.78753	0.157345
XM_024451997.2	6851	6623.29	96.4198	0.655141
XM_024451998.2	7521	7293.29	39.1774	0.241743
XM_024452000.2	6139	5911.29	0	0
XM_024452001.2	1526	1298.29	11.3686	0.394072
XM_024452003.2	2179	1951.29	0	0
XM_024452005.2	6737	6509.29	0	0
XM_024452006.2	9983	9755.29	42.638	0.196698
XM_024452008.2	6338	6110.29	27.4217	0.201964
XM_024452009.2	6260	6032.29	9.78429	0.0729943
XM_024452010.2	6173	5945.29	0	0
XM_024452011.2	6392	6164.29	94.6549	0.691039
XM_024452012.2	5534	5306.29	24.0934	0.204338
XM_024452013.2	5336	5108.29	0	0
XM_024452014.2	2543	2315.29	42.581	0.827661
XM_024452015.2	2367	2139.29	2.52679e-08	5.31547e-10
XM_024452023.2	4630	4402.29	0	0
XM_024452037.2	999	771.293	8.19038	0.477889
XM_024452038.2	1059	831.293	35.5397	1.92398
XM_024452039.2	1005	777.293	38.1686	2.20985
XM_024452047.2	2000	1772.29	0	0
XM_024452048.2	2755	2527.29	0	0
XM_024452062.2	5186	4958.29	88.1735	0.800291
XM_024452065.2	7939	7711.29	56.1182	0.327505
XM_024452071.2	3001	2773.29	1037.01	16.8279
XM_024452080.2	3752	3524.29	0	0
XM_024452081.2	5306	5078.29	27.9815	0.247968
XM_024452085.2	3454	3226.29	79.8607	1.11397
XM_024452121.2	1277	1049.29	16.7368	0.717822
XM_024452122.2	1228	1000.29	0	0
XM_024452129.2	1007	779.293	1.44996e-06	8.3733e-08
XM_024452130.2	1067	839.293	1.92783e-05	1.03371e-06
XM_024452131.2	1013	785.293	7.63724e-06	4.3767e-07
XM_024452135.2	1840	1612.29	35.8456	1.00054
XM_024452141.2	3228	3000.29	0	0
XM_024452146.2	4867	4639.29	0	0
XM_024452148.2	3357	3129.29	10.7685	0.154864
XM_024452149.2	3271	3043.29	0	0
XM_024452150.2	3276	3048.29	0	0
XM_024452153.2	3335	3107.29	0	0
XM_024452160.2	1353	1125.29	0	0
XM_024452161.2	1332	1104.29	0	0
XM_024452164.2	2995	2767.29	0	0
XM_024452167.2	3202	2974.29	0	0
XM_024452168.2	3219	2991.29	0	0
XM_024452172.1	3126	2898.29	0	0
XM_024452173.1	3123	2895.29	0	0
XM_024452174.1	2713	2485.29	0	0
XM_024452175.1	2492	2264.29	0	0
XM_024452176.1	2487	2259.29	0	0
XM_024452177.1	2487	2259.29	0	0
XM_024452180.2	2172	1944.29	0	0
XM_024452181.2	2130	1902.29	1.57832e-07	3.73388e-09
XM_024452183.2	1342	1114.29	12.2556	0.494968
XM_024452184.2	7338	7110.29	0	0
XM_024452186.2	7498	7270.29	0	0
XM_024452187.2	7378	7150.29	8.32869	0.0524198
XM_024452188.2	6880	6652.29	0	0
XM_024452191.2	6807	6579.29	16.2757	0.111327
XM_024452193.2	2021	1793.29	54.6852	1.37234
XM_024452196.2	1418	1190.29	4.61272	0.1744
XM_024452199.2	895	667.361	0	0
XM_024452200.2	1037	809.293	0	0
XM_024452202.2	657	430.76	0	0
XM_024452208.2	3057	2829.29	362.652	5.76838
XM_024452209.2	2898	2670.29	1.59507	0.0268821
XM_024452214.2	2590	2362.29	14.0027	0.266761
XM_024452215.2	2875	2647.29	0	0
XM_024452216.2	2841	2613.29	4.01694	0.069175
XM_024452217.2	2656	2428.29	42.6861	0.791094
XM_024452234.2	15657	15429.3	0	0
XM_024452235.2	5621	5393.29	0	0
XM_024452236.2	5516	5288.29	0.0940335	0.00080022
XM_024452237.2	5344	5116.29	0	0
XM_024452241.2	4038	3810.29	5.7833	0.0683061
XM_024452254.2	890	662.427	7.3848	0.501699
XM_024452255.2	975	747.293	0	0
XM_024452258.2	4928	4700.29	0	0
XM_024452259.2	4623	4395.29	0	0
XM_024452261.2	686	459.134	0	0
XM_024452264.2	1060	832.293	0	0
XM_024452267.2	3791	3563.29	0	0
XM_024452269.2	6852	6624.29	37.871	0.257282
XM_024452270.2	6670	6442.29	55.6088	0.388459
XM_024452271.2	6646	6418.29	0	0
XM_024452274.2	2980	2752.29	4.03739	0.0660159
XM_024452287.2	3900	3672.29	91.264	1.11842
XM_024452288.2	3825	3597.29	11.7448	0.14693
XM_024452289.2	3809	3581.29	7.40094e-05	9.30013e-07
XM_024452290.2	3741	3513.29	0	0
XM_024452291.2	3725	3497.29	0	0
XM_024452294.2	5630	5402.29	0	0
XM_024452302.2	7109	6881.29	20.3971	0.133395
XM_024452303.2	2744	2516.29	32.9956	0.590115
XM_024452305.2	4297	4069.29	0	0
XM_024452306.2	3885	3657.29	0	0
XM_024452312.2	8001	7773.29	5.96114	0.0345117
XM_024452315.2	518	296.555	0	0
XM_024452317.2	4523	4295.29	0	0
XM_024452324.2	595	369.951	0	0
XM_024452325.1	403	194.403	0	0
XM_024452328.2	6172	5944.29	0	0
XM_024452332.2	2102	1874.29	10.178	0.244381
XM_024452334.2	4114	3886.29	0	0
XM_024452335.2	2237	2009.29	0	0
XM_024452340.2	2338	2110.29	0	0
XM_024452342.1	6142	5914.29	0	0
XM_024452343.2	1559	1331.29	2.7385	0.0925722
XM_024452348.2	3815	3587.29	0	0
XM_024452350.2	3096	2868.29	0	0
XM_024452351.2	5020	4792.29	67.3404	0.632375
XM_024452354.2	2503	2275.29	0	0
XM_024452359.2	2019	1791.29	3.88159e-05	9.75182e-07
XM_024452360.2	3327	3099.29	14.1119	0.204911
XM_024452362.2	1642	1414.29	2.30996	0.0735033
XM_024452370.2	1143	915.293	1	0.0491679
XM_024452371.2	3784	3556.29	0	0
XM_024452372.2	3639	3411.29	0	0
XM_024452373.2	3840	3612.29	0	0
XM_024452374.2	3898	3670.29	0	0
XM_024452376.2	3357	3129.29	0	0
XM_024452377.2	3501	3273.29	0	0
XM_024452379.2	1921	1693.29	0	0
XM_024452381.2	1899	1671.29	0	0
XM_024452382.2	1765	1537.29	0	0
XM_024452383.2	12132	11904.3	25.8024	0.0975435
XM_024452385.2	1547	1319.29	0	0
XM_024452386.2	6886	6658.29	0	0
XM_024452388.2	1390	1162.29	0	0
XM_024452389.2	2145	1917.29	0	0
XM_024452390.2	5729	5501.29	0	0
XM_024452391.2	1288	1060.29	6.19212	0.262818
XM_024452392.2	8076	7848.29	7.1234	0.0408465
XM_024452395.2	5048	4820.29	0	0
XM_024452396.2	2228	2000.29	30.0568	0.676225
XM_024452397.2	2181	1953.29	62.833	1.44765
XM_024452400.2	4256	4028.29	0.0589252	0.000658297
XM_024452403.2	11425	11197.3	0	0
XM_024452408.2	3875	3647.29	23.7338	0.292845
XM_024452411.2	1661	1433.29	10	0.313984
XM_024452416.2	1912	1684.29	2.37562e-06	6.34749e-08
XM_024452418.2	1840	1612.29	0	0
XM_024452423.2	2942	2714.29	0	0
XM_024452430.2	4833	4605.29	0	0
XM_024452432.2	3337	3109.29	135.488	1.96102
XM_024452435.2	2717	2489.29	22.7914	0.412037
XM_024452436.2	1898	1670.29	0	0
XM_024452437.2	1764	1536.29	0	0
XM_024452439.2	5711	5483.29	2.32785e-05	1.91053e-07
XM_024452440.2	7810	7582.29	0	0
XM_024452441.2	2357	2129.29	0	0
XM_024452447.2	893	665.361	22.2055	1.50192
XM_024452449.2	2844	2616.29	92.1937	1.58583
XM_024452472.2	4649	4421.29	2.55761	0.0260332
XM_024452475.2	1435	1207.29	20.2558	0.755057
XM_024452476.2	1219	991.293	6.53716	0.296776
XM_024452479.2	4499	4271.29	2.29771	0.0242091
XM_024452484.2	2736	2508.29	196.053	3.51753
XM_024452486.2	2009	1781.29	0	0
XM_024452490.2	13952	13724.3	0	0
XM_024452491.2	5048	4820.29	0	0
XM_024452506.2	993	765.293	2.1335	0.12546
XM_024452507.2	1188	960.293	0	0
XM_024452512.2	4284	4056.29	0	0
XM_024452513.2	1870	1642.29	0	0
XM_024452514.2	1814	1586.29	2	0.0567399
XM_024452526.2	3669	3441.29	0	0
XM_024452531.2	2368	2140.29	0	0
XM_024452553.2	1235	1007.29	0	0
XM_024452555.2	2004	1776.29	0	0
XM_024452573.2	3107	2879.29	0	0
XM_024452575.2	2387	2159.29	0	0
XM_024452578.2	2718	2490.29	78.5859	1.42016
XM_024452581.2	2313	2085.29	0	0
XM_024452587.2	6589	6361.29	4.56832	0.0323187
XM_024452588.2	4459	4231.29	0	0
XM_024452592.2	3670	3442.29	316.201	4.13388
XM_024452642.2	4266	4038.29	29.1085	0.324387
XM_024452660.2	1833	1605.29	0	0
XM_024452662.2	2012	1784.29	8.76277	0.221013
XM_024452687.2	2400	2172.29	0	0
XM_024452693.2	939	711.293	0	0
XM_024452694.2	698	470.947	0	0
XM_024452695.2	6707	6479.29	39.6859	0.275646
XM_024452696.2	2032	1804.29	0	0
XM_024452699.2	40951	40723.3	10.2172	0.011291
XM_024452701.2	4253	4025.29	0	0
XM_024452702.2	1190	962.293	0	0
XM_024452711.2	2325	2097.29	0	0
XM_024452713.2	5623	5395.29	0	0
XM_024452714.2	3904	3676.29	0	0
XM_024452715.2	4168	3940.29	0	0
XM_024452719.2	2772	2544.29	15.9392	0.281931
XM_024452720.2	4149	3921.29	0	0
XM_024452721.2	2517	2289.29	0	0
XM_024452722.2	2446	2218.29	0	0
XM_024452727.2	4676	4448.29	0	0
XM_024452728.2	2036	1808.29	0	0
XM_024452730.2	1542	1314.29	0	0
XM_024452734.2	6356	6128.29	0	0
XM_024452736.2	6253	6025.29	0	0
XM_024452745.2	4391	4163.29	0	0
XM_024452746.2	4342	4114.29	0	0
XM_024452749.2	1529	1301.29	0.195261	0.00675279
XM_024452783.2	2777	2549.29	0	0
XM_024452784.2	8461	8233.29	169.787	0.928054
XM_024452788.2	6187	5959.29	59.0395	0.445852
XM_024452791.2	2378	2150.29	0	0
XM_024452798.2	5770	5542.29	71.6899	0.582118
XM_024452799.2	1926	1698.29	0	0
XM_024452800.2	1908	1680.29	0	0
XM_024452802.2	2067	1839.29	0	0
XM_024452803.2	1800	1572.29	0	0
XM_024452804.2	1782	1554.29	0	0
XM_024452805.2	1684	1456.29	0	0
XM_024452806.2	2193	1965.29	0	0
XM_024452807.2	1755	1527.29	0	0
XM_024452808.2	1629	1401.29	0	0
XM_024452809.1	1203	975.293	0	0
XM_024452810.1	1305	1077.29	0	0
XM_024452811.2	1965	1737.29	293.107	7.5927
XM_024452818.2	4674	4446.29	0	0
XM_024452833.2	6789	6561.29	893.077	6.12551
XM_024452835.2	6772	6544.29	35.0145	0.240784
XM_024452838.2	5009	4781.29	0.00354459	3.33628e-05
XM_024452839.2	5484	5256.29	0	0
XM_024452840.2	5475	5247.29	0	0
XM_024452841.2	5469	5241.29	0	0
XM_024452842.2	5283	5055.29	0	0
XM_024452843.2	5409	5181.29	0	0
XM_024452844.2	5376	5148.29	0	0
XM_024452845.1	5241	5013.29	0	0
XM_024452846.2	5316	5088.29	0	0
XM_024452847.2	5420	5192.29	0	0
XM_024452848.2	4584	4356.29	0	0
XM_024452849.2	5276	5048.29	0	0
XM_024452850.2	5900	5672.29	0	0
XM_024452852.2	1077	849.293	0	0
XM_024452853.2	1736	1508.29	10.5375	0.314408
XM_024452854.2	5646	5418.29	13.701	0.113797
XM_024452855.2	1154	926.293	0	0
XM_024452857.2	3713	3485.29	0	0
XM_024452858.2	1051	823.293	0	0
XM_024452860.2	2163	1935.29	0	0
XM_024452861.2	1121	893.293	0	0
XM_024452862.2	3967	3739.29	0	0
XM_024452863.2	891	663.427	0	0
XM_024452865.2	874	646.427	0	0
XM_024452868.2	1651	1423.29	0	0
XM_024452869.2	636	410.055	0	0
XM_024452872.2	782	554.487	3.30024	0.267853
XM_024452874.2	3796	3568.29	0	0
XM_024452875.2	2097	1869.29	52.352	1.26037
XM_024452876.2	3284	3056.29	0	0
XM_024452879.2	639	413.014	92.7672	10.1082
XM_024452881.2	660	433.717	0	0
XM_024452883.2	14190	13962.3	1.15984	0.00373838
XM_024452887.2	5529	5301.29	0	0
XM_024452893.2	9741	9513.29	0	0
XM_024452894.2	9902	9674.29	0	0
XM_024452895.2	9899	9671.29	0	0
XM_024452896.2	9743	9515.29	0	0
XM_024452897.2	9731	9503.29	1.56463e-08	7.40935e-11
XM_024452898.2	4910	4682.29	0	0
XM_024452899.2	9728	9500.29	0	0
XM_024452902.2	9647	9419.29	0	0
XM_024452903.2	5774	5546.29	0	0
XM_024452907.2	9635	9407.29	0	0
XM_024452912.2	5719	5491.29	0	0
XM_024452914.2	5096	4868.29	254.128	2.34919
XM_024452915.2	5009	4781.29	187.781	1.76746
XM_024452917.2	4331	4103.29	153.971	1.68869
XM_024452918.2	4860	4632.29	0	0
XM_024452920.2	3679	3451.29	0	0
XM_024452921.2	3703	3475.29	0	0
XM_024452922.2	3466	3238.29	0	0
XM_024452925.2	3347	3119.29	15.8232	0.228287
XM_024452930.2	6000	5772.29	0	0
XM_024452931.2	6356	6128.29	0	0
XM_024452932.2	6067	5839.29	0	0
XM_024452933.2	6083	5855.29	0	0
XM_024452934.2	6275	6047.29	9.32362	0.0693851
XM_024452937.2	5165	4937.29	39.0726	0.356144
XM_024452948.2	13522	13294.3	7.38602	0.0250027
XM_024452963.2	6085	5857.29	0	0
XM_024452966.2	3060	2832.29	53.028	0.842576
XM_024452967.2	3010	2782.29	53.1977	0.860462
XM_024452975.2	2068	1840.29	0	0
XM_024452977.2	1915	1687.29	0	0
XM_024452978.2	3177	2949.29	326.13	4.9764
XM_024452983.2	2189	1961.29	10.479	0.240447
XM_024452985.2	1662	1434.29	64.0839	2.01073
XM_024452986.2	1626	1398.29	91.7401	2.95259
XM_024452988.2	33832	33604.3	0.237513	0.000318079
XM_024452989.2	33793	33565.3	41.4106	0.0555217
XM_024452990.2	9921	9693.29	0	0
XM_024452993.2	3742	3514.29	364.693	4.67016
XM_024453000.2	1228	1000.29	0	0
XM_024453002.2	1836	1608.29	0	0
XM_024453003.2	1987	1759.29	0	0
XM_024453007.2	5150	4922.29	0	0
XM_024453009.2	1925	1697.29	96.6714	2.5632
XM_024453010.1	1956	1728.29	0	0
XM_024453011.2	1927	1699.29	0	0
XM_024453012.2	1834	1606.29	2	0.0560335
XM_024453013.2	3827	3599.29	138.862	1.73624
XM_024453015.2	5799	5571.29	2.46546	0.0199152
XM_024453016.2	5583	5355.29	0	0
XM_024453020.2	12192	11964.3	44.7713	0.168405
XM_024453021.2	12500	12272.3	0	0
XM_024453039.2	2748	2520.29	7.77363	0.138808
XM_024453040.2	1835	1607.29	5.13286	0.143717
XM_024453041.2	2002	1774.29	1.41279	0.035834
XM_024453044.2	1891	1663.29	0	0
XM_024453045.2	2152	1924.29	0	0
XM_024453046.2	6722	6494.29	0	0
XM_024453053.2	2917	2689.29	0	0
XM_024453057.2	1249	1021.29	7.84114e-05	3.45518e-06
XM_024453078.2	11977	11749.3	0	0
XM_024453079.2	10809	10581.3	0	0
XM_024453080.2	11071	10843.3	0	0
XM_024453081.2	10706	10478.3	0	0
XM_024453084.2	10218	9990.29	0	0
XM_024453085.2	3983	3755.29	0	0
XM_024453087.2	3805	3577.29	3.63125	0.0456819
XM_024453088.2	3810	3582.29	0.53508	0.00672203
XM_024453089.2	4557	4329.29	0	0
XM_024453090.2	4131	3903.29	0	0
XM_024453091.2	4092	3864.29	0	0
XM_024453092.2	3960	3732.29	0	0
XM_024453093.2	3744	3516.29	0	0
XM_024453095.1	103662	103434	0	0
XM_024453097.1	100437	100209	15.9832	0.00717791
XM_024453098.1	100356	100128	48.4328	0.0217683
XM_024453099.1	82119	81891.3	0.644467	0.000354165
XM_024453100.2	71912	71684.3	220.401	0.138367
XM_024453101.2	7056	6828.29	656.124	4.3243
XM_024453104.2	3205	2977.29	0	0
XM_024453105.2	1270	1042.29	0	0
XM_024453106.2	1192	964.293	0	0
XM_024453107.2	3466	3238.29	2.24824	0.0312441
XM_024453109.2	1171	943.293	0	0
XM_024453110.2	4184	3956.29	30.9062	0.35156
XM_024453111.2	1061	833.293	0	0
XM_024453113.2	2393	2165.29	4.17063	0.0866817
XM_024453115.2	7157	6929.29	0	0
XM_024453116.2	4324	4096.29	0	0
XM_024453117.2	4323	4095.29	0	0
XM_024453120.2	2176	1948.29	5.20104	0.120137
XM_024453125.2	4860	4632.29	235.14	2.2844
XM_024453127.2	4111	3883.29	287.515	3.33198
XM_024453133.2	4415	4187.29	0	0
XM_024453135.2	1088	860.293	123.402	6.45531
XM_024453136.2	962	734.293	5.76528	0.35334
XM_024453137.2	3024	2796.29	134.124	2.15857
XM_024453138.2	2754	2526.29	0	0
XM_024453140.2	1249	1021.29	0	0
XM_024453145.2	10630	10402.3	0	0
XM_024453153.2	1502	1274.29	6.24616	0.22059
XM_024453155.2	11860	11632.3	0	0
XM_024453157.2	1540	1312.29	0	0
XM_024453158.2	3657	3429.29	0	0
XM_024453163.2	4667	4439.29	0.000185054	1.87597e-06
XM_024453166.2	4851	4623.29	0	0
XM_024453169.2	1608	1380.29	2.82601	0.0921393
XM_024453170.2	1564	1336.29	4.00027	0.134719
XM_024453171.2	1513	1285.29	1.04605	0.0366263
XM_024453173.2	1066	838.293	19.7089	1.05806
XM_024453176.2	3727	3499.29	75.3617	0.969198
XM_024453177.2	3881	3653.29	219.464	2.70347
XM_024453178.2	4956	4728.29	2153.34	20.4952
XM_024453182.2	2848	2620.29	0	0
XM_024453183.2	2959	2731.29	73.8414	1.21667
XM_024453185.2	1205	977.293	13	0.598633
XM_024453195.2	2748	2520.29	0	0
XM_024453197.2	3656	3428.29	0	0
XM_024453198.2	2810	2582.29	0	0
XM_024453199.2	2953	2725.29	0	0
XM_024453201.2	2464	2236.29	0	0
XM_024453202.2	4005	3777.29	0	0
XM_024453204.2	3990	3762.29	0	0
XM_024453205.2	3987	3759.29	0	0
XM_024453206.2	2993	2765.29	0	0
XM_024453207.2	3109	2881.29	0	0
XM_024453215.1	4631	4403.29	0.00295946	3.02466e-05
XM_024453216.2	24871	24643.3	0.00869755	1.58833e-05
XM_024453217.2	4957	4729.29	0	0
XM_024453248.2	2805	2577.29	0	0
XM_024453249.2	891	663.427	33.8449	2.29585
XM_024453250.2	8635	8407.29	0	0
XM_024453251.2	8421	8193.29	0.0404146	0.000221984
XM_024453253.2	8477	8249.29	3.55457e-06	1.93915e-08
XM_024453256.2	8435	8207.29	0.00389052	2.13329e-05
XM_024453257.2	8351	8123.29	0	0
XM_024453259.2	3997	3769.29	0	0
XM_024453260.2	4135	3907.29	0	0
XM_024453283.2	2489	2261.29	15.866	0.315758
XM_024453284.2	4107	3879.29	13.2452	0.153655
XM_024453291.2	4095	3867.29	0	0
XM_024453292.2	4497	4269.29	0	0
XM_024453293.2	4433	4205.29	24.2455	0.259464
XM_024453295.2	6681	6453.29	38.8376	0.27084
XM_024453297.2	1668	1440.29	0	0
XM_024453299.2	1833	1605.29	0	0
XM_024453300.2	1725	1497.29	0	0
XM_024453301.2	1800	1572.29	2.17232	0.0621774
XM_024453302.2	1742	1514.29	0	0
XM_024453303.2	1751	1523.29	0	0
XM_024453306.2	1850	1622.29	0	0
XM_024453309.2	7656	7428.29	518.475	3.1411
XM_024453311.2	4565	4337.29	1.27677	0.0132476
XM_024453312.2	2500	2272.29	42.0732	0.833265
XM_024453316.2	4222	3994.29	13.8157	0.155659
XM_024453320.2	3455	3227.29	0	0
XM_024453321.2	1158	930.293	0	0
XM_024453322.2	3392	3164.29	0	0
XM_024453323.2	3290	3062.29	0	0
XM_024453325.2	3164	2936.29	1	0.0153265
XM_024453326.2	3423	3195.29	0	0
XM_024453337.2	4217	3989.29	2	0.0225619
XM_024453339.2	3314	3086.29	0	0
XM_024453343.2	1884	1656.29	22.2338	0.604113
XM_024453344.2	1762	1534.29	0	0
XM_024453346.2	1618	1390.29	0	0
XM_024453348.2	16328	16100.3	58.6015	0.163801
XM_024453350.2	3335	3107.29	22.6671	0.328288
XM_024453351.2	6218	5990.29	19.0259	0.142935
XM_024453352.2	6042	5814.29	8.34932	0.0646244
XM_024453353.2	1426	1198.29	5.78886	0.217406
XM_024453356.2	3593	3365.29	34.4354	0.460495
XM_024453375.2	1321	1093.29	5.48793	0.225899
XM_024453379.2	1877	1649.29	0	0
XM_024453380.2	11857	11629.3	8.35024	0.0323138
XM_024453382.2	2761	2533.29	5.43247	0.096506
XM_024453385.2	2819	2591.29	8.35384	0.145082
XM_024453386.2	2365	2137.29	0	0
XM_024453396.2	4262	4034.29	96.4661	1.07609
XM_024453400.2	5207	4979.29	0	0
XM_024453402.2	5069	4841.29	0	0
XM_024453403.2	5006	4778.29	0	0
XM_024453405.2	4001	3773.29	79.7878	0.951609
XM_024453418.2	6728	6500.29	0	0
XM_024453419.2	6719	6491.29	0	0
XM_024453422.2	6536	6308.29	54.5705	0.389304
XM_024453424.2	6168	5940.29	208.447	1.57917
XM_024453426.2	6122	5894.29	0	0
XM_024453428.2	5104	4876.29	39.4847	0.364403
XM_024453435.2	2028	1800.29	0	0
XM_024453436.2	9315	9087.29	162.297	0.803746
XM_024453437.2	1596	1368.29	2.5918	0.0852441
XM_024453438.2	3993	3765.29	0	0
XM_024453441.2	4809	4581.29	0	0
XM_024453444.2	6602	6374.29	106.484	0.751789
XM_024453445.2	6455	6227.29	0	0
XM_024453449.2	2779	2551.29	0	0
XM_024453450.2	3034	2806.29	0	0
XM_024453454.2	1922	1694.29	36.7526	0.976207
XM_024453457.2	7945	7717.29	0	0
XM_024453460.2	4696	4468.29	0.000445611	4.48804e-06
XM_024453462.2	3152	2924.29	17.4999	0.269313
XM_024453464.2	2715	2487.29	29.5722	0.535056
XM_024453477.2	6516	6288.29	1.7748	0.0127016
XM_024453484.2	2244	2016.29	199.129	4.4445
XM_024453486.2	2009	1781.29	1.93308	0.0488378
XM_024453487.2	8187	7959.29	98.1902	0.555183
XM_024453488.2	7981	7753.29	0	0
XM_024453489.1	5065	4837.29	0	0
XM_024453490.2	4509	4281.29	0	0
XM_024453496.2	2267	2039.29	0	0
XM_024453514.2	6805	6577.29	41.9816	0.287246
XM_024453517.2	4727	4499.29	7.10789	0.0710949
XM_024453518.2	1067	839.293	0	0
XM_024453520.2	25421	25193.3	68.4572	0.122286
XM_024453522.2	8676	8448.29	12.8179	0.0682797
XM_024453523.2	9413	9185.29	0	0
XM_024453531.2	3396	3168.29	16.2933	0.231433
XM_024453532.2	10114	9886.29	0.000827116	3.76509e-06
XM_024453534.2	9751	9523.29	15.5137	0.0733113
XM_024453537.2	10028	9800.29	39.5667	0.181691
XM_024453538.2	4608	4380.29	0	0
XM_024453539.2	7188	6960.29	0.061911	0.000400297
XM_024453552.2	4109	3881.29	50.2554	0.582705
XM_024453553.2	3238	3010.29	363.759	5.4381
XM_024453554.1	2778	2550.29	18.2371	0.321817
XM_024453558.2	1330	1102.29	241.971	9.87888
XM_024453559.2	4185	3957.29	0	0
XM_024453561.2	1578	1350.29	0	0
XM_024453568.2	1978	1750.29	0	0
XM_024453571.2	1975	1747.29	0	0
XM_024453589.2	2703	2475.29	53.2163	0.967521
XM_024453590.2	9170	8942.29	0	0
XM_024453591.2	9166	8938.29	0	0
XM_024453592.2	8975	8747.29	0	0
XM_024453593.2	8804	8576.29	0	0
XM_024453595.2	3523	3295.29	0	0
XM_024453600.2	11113	10885.3	0	0
XM_024453601.2	8260	8032.29	33.2732	0.186422
XM_024453609.2	2221	1993.29	19.3681	0.437278
XM_024453610.1	1582	1354.29	0	0
XM_024453611.2	1765	1537.29	0	0
XM_024453612.2	2390	2162.29	0	0
XM_024453616.2	2121	1893.29	51.9897	1.23578
XM_024453619.2	8250	8022.29	0	0
XM_024453622.2	2728	2500.29	0	0
XM_024453623.2	6319	6091.29	21.2134	0.156727
XM_024453626.2	8318	8090.29	70.1624	0.390286
XM_024453628.2	1283	1055.29	0	0
XM_024453629.2	848	620.427	0	0
XM_024453631.2	948	720.293	3.03033	0.189331
XM_024453642.2	5047	4819.29	9.76512e-07	9.11877e-09
XM_024453644.2	9950	9722.29	0	0
XM_024453645.2	9944	9716.29	25.4528	0.11789
XM_024453646.2	9083	8855.29	187.677	0.953787
XM_024453647.2	9069	8841.29	300.322	1.52867
XM_024453648.2	8957	8729.29	0.000205918	1.06159e-06
XM_024453649.2	8992	8764.29	7.26301e-05	3.72943e-07
XM_024453651.2	9062	8834.29	0	0
XM_024453653.2	8919	8691.29	66.241	0.342992
XM_024453656.2	9874	9646.29	52.713	0.245923
XM_024453657.2	9860	9632.29	0	0
XM_024453658.2	9853	9625.29	12.052	0.0563494
XM_024453661.2	9783	9555.29	13.6277	0.064183
XM_024453662.2	8941	8713.29	0	0
XM_024453663.2	8938	8710.29	0	0
XM_024453664.2	8866	8638.29	0	0
XM_024453665.2	8851	8623.29	0	0
XM_024453667.2	8775	8547.29	0	0
XM_024453669.2	2217	1989.29	66.4811	1.50398
XM_024453670.2	1983	1755.29	0	0
XM_024453671.2	1764	1536.29	0	0
XM_024453672.2	1404	1176.29	0	0
XM_024453673.2	1654	1426.29	0	0
XM_024453674.2	1338	1110.29	0	0
XM_024453677.2	1033	805.293	0	0
XM_024453686.2	3145	2917.29	0	0
XM_024453687.2	2920	2692.29	28.0777	0.469334
XM_024453691.2	5533	5305.29	1.9518e-05	1.65565e-07
XM_024453692.2	2358	2130.29	0	0
XM_024453693.2	2355	2127.29	0	0
XM_024453695.2	1941	1713.29	0	0
XM_024453696.2	1521	1293.29	0	0
XM_024453708.2	3645	3417.29	1.16715	0.0153704
XM_024453712.2	815	587.487	0	0
XM_024453716.2	7908	7680.29	2.56749e-08	1.50444e-10
XM_024453717.2	7968	7740.29	384.988	2.23837
XM_024453718.2	5883	5655.29	262.95	2.09247
XM_024453734.2	7570	7342.29	0	0
XM_024453737.2	43776	43548.3	14.4596	0.0149427
XM_024453739.2	8144	7916.29	54.8267	0.311683
XM_024453746.2	4453	4225.29	110.277	1.17454
XM_024453747.2	4448	4220.29	0	0
XM_024453748.2	4186	3958.29	0	0
XM_024453749.2	1132	904.293	246.266	12.2557
XM_024453750.2	1127	899.293	0	0
XM_024453753.2	3068	2840.29	0	0
XM_024453756.2	2734	2506.29	2.60354	0.0467492
XM_024453760.2	2189	1961.29	0	0
XM_024453766.2	5013	4785.29	0	0
XM_024453767.2	4795	4567.29	18.9078	0.186305
XM_024453768.2	5943	5715.29	0.61735	0.0048611
XM_024453769.2	5775	5547.29	0.358142	0.00290547
XM_024453771.2	5701	5473.29	0	0
XM_024453772.2	5505	5277.29	0	0
XM_024453777.2	1810	1582.29	0	0
XM_024453778.2	5151	4923.29	0	0
XM_024453780.2	2643	2415.29	0.050539	0.000941671
XM_024453781.2	2373	2145.29	4.64722	0.0974874
XM_024453785.2	2423	2195.29	3.18641e-05	6.53207e-07
XM_024453790.2	2241	2013.29	0	0
XM_024453793.2	2538	2310.29	4.19491	0.0817143
XM_024453794.1	2487	2259.29	0	0
XM_024453799.2	5594	5366.29	0	0
XM_024453805.2	2390	2162.29	0	0
XM_024453806.2	2402	2174.29	18.2208	0.37713
XM_024453807.1	2482	2254.29	0	0
XM_024453808.1	3181	2953.29	0	0
XM_024453810.2	2089	1861.29	149.688	3.61922
XM_024453811.2	8255	8027.29	7.8814	0.0441852
XM_024453812.2	6324	6096.29	349.078	2.57691
XM_024453814.2	1533	1305.29	19.2922	0.665145
XM_024453820.2	4005	3777.29	0	0
XM_024453821.2	3867	3639.29	22.3578	0.276474
XM_024453822.2	3917	3689.29	0	0
XM_024453824.2	3288	3060.29	0	0
XM_024453825.1	4420	4192.29	0	0
XM_024453826.2	2953	2725.29	0	0
XM_024453830.2	3672	3444.29	9.43102	0.123226
XM_024453835.2	3488	3260.29	142.469	1.96656
XM_024453836.2	3723	3495.29	0	0
XM_024453837.2	3526	3298.29	40.9552	0.558807
XM_024453842.2	8875	8647.29	0	0
XM_024453843.2	8592	8364.29	0	0
XM_024453850.2	4418	4190.29	9.3364	0.100272
XM_024453851.2	2630	2402.29	14.9052	0.279226
XM_024453852.2	3873	3645.29	47.4134	0.585344
XM_024453856.2	1859	1631.29	1	0.0275874
XM_024453867.2	8357	8129.29	0	0
XM_024453869.2	2618	2390.29	5.28359	0.0994764
XM_024453873.2	7162	6934.29	0	0
XM_024453885.2	7408	7180.29	0	0
XM_024453887.2	4179	3951.29	1.63347	0.0186043
XM_024453888.1	1872	1644.29	0	0
XM_024453889.1	1839	1611.29	0	0
XM_024453899.2	8996	8768.29	110.593	0.567616
XM_024453910.2	3765	3537.29	1076.2	13.6919
XM_024453912.2	2811	2583.29	0	0
XM_024453913.2	3808	3580.29	0	0
XM_024453914.2	2362	2134.29	0	0
XM_024453915.2	2802	2574.29	0	0
XM_024453937.2	6118	5890.29	0	0
XM_024453938.2	5660	5432.29	0	0
XM_024453939.2	5787	5559.29	87.563	0.708832
XM_024453940.2	4372	4144.29	0	0
XM_024453943.2	4127	3899.29	170.539	1.96825
XM_024453944.2	4207	3979.29	1.44293	0.0163186
XM_024453945.2	4090	3862.29	46.9086	0.546575
XM_024453946.2	5903	5675.29	0	0
XM_024453947.2	2633	2405.29	0	0
XM_024453951.2	3130	2902.29	183.066	2.83863
XM_024453953.2	4199	3971.29	0.00163687	1.85492e-05
XM_024453956.2	5063	4835.29	0	0
XM_024453957.2	5060	4832.29	0	0
XM_024453958.2	3191	2963.29	0	0
XM_024453961.2	1782	1554.29	0	0
XM_024453962.2	3480	3252.29	16.6528	0.23043
XM_024453964.2	8493	8265.29	0	0
XM_024453966.2	8504	8276.29	0	0
XM_024453967.2	8405	8177.29	0	0
XM_024453976.2	2088	1860.29	0	0
XM_024453977.2	2126	1898.29	0	0
XM_024453982.2	4346	4118.29	0	0
XM_024453984.2	4227	3999.29	0	0
XM_024453986.2	1860	1632.29	22.3615	0.616517
XM_024453987.2	2042	1814.29	0	0
XM_024453988.2	11513	11285.3	0	0
XM_024453989.2	11468	11240.3	0	0
XM_024453991.2	11557	11329.3	99.1572	0.39388
XM_024453992.2	19182	18954.3	62.9727	0.149516
XM_024453993.2	11569	11341.3	87.363	0.346663
XM_024453995.2	2036	1808.29	0.00139548	3.47295e-05
XM_024453999.2	3822	3594.29	0	0
XM_024454000.2	3818	3590.29	0	0
XM_024454001.2	3942	3714.29	0.00153376	1.85833e-05
XM_024454003.2	3938	3710.29	0	0
XM_024454005.2	3803	3575.29	7.64115	0.0961811
XM_024454006.2	3799	3571.29	0	0
XM_024454008.2	3749	3521.29	72.3168	0.924229
XM_024454009.2	3869	3641.29	127.522	1.57606
XM_024454010.2	3979	3751.29	0	0
XM_024454011.2	3730	3502.29	16.2816	0.209212
XM_024454024.2	5831	5603.29	0	0
XM_024454025.2	4610	4382.29	0	0
XM_024454028.1	1781	1553.29	0	0
XM_024454040.2	1043	815.293	0	0
XM_024454047.2	853	625.427	0	0
XM_024454050.2	3395	3167.29	0	0
XM_024454051.2	3369	3141.29	0	0
XM_024454052.2	3484	3256.29	0	0
XM_024454053.2	3495	3267.29	0	0
XM_024454054.2	3319	3091.29	4.59786	0.0669357
XM_024454056.2	1527	1299.29	0	0
XM_024454058.2	1494	1266.29	0	0
XM_024454059.2	1494	1266.29	0	0
XM_024454061.2	1461	1233.29	0	0
XM_024454062.2	1458	1230.29	0	0
XM_024454063.2	1478	1250.29	0	0
XM_024454068.1	3632	3404.29	306.06	4.04596
XM_024454069.2	3966	3738.29	13.1407	0.158193
XM_024454077.2	2109	1881.29	8.26883	0.197802
XM_024454078.2	4756	4528.29	0.0203482	0.000202225
XM_024454079.2	4870	4642.29	0	0
XM_024454083.2	2202	1974.29	2.28372	0.0520563
XM_024454090.2	1507	1279.29	52.4771	1.84604
XM_024454092.2	3797	3569.29	151.144	1.90568
XM_024454094.2	4022	3794.29	0	0
XM_024454102.2	9702	9474.29	0	0
XM_024454103.2	9697	9469.29	0	0
XM_024454105.2	1850	1622.29	72.5487	2.01253
XM_024454106.2	1864	1636.29	35.1156	0.965787
XM_024454107.2	1897	1669.29	35.886	0.967463
XM_024454108.2	1926	1698.29	57.897	1.53421
XM_024454109.2	1697	1469.29	17.9199	0.54887
XM_024454111.2	1711	1483.29	6.93737	0.21048
XM_024454112.2	1781	1553.29	0	0
XM_024454116.2	2566	2338.29	0	0
XM_024454123.2	5687	5459.29	0	0
XM_024454126.2	4053	3825.29	0	0
XM_024454131.2	3203	2975.29	0	0
XM_024454132.2	6240	6012.29	47.6647	0.356778
XM_024454133.2	6463	6235.29	0	0
XM_024454134.2	22029	21801.3	45.8965	0.0947413
XM_024454135.2	21914	21686.3	2.31108	0.00479591
XM_024454151.2	3746	3518.29	0	0
XM_024454152.2	3872	3644.29	4.68873	0.0579008
XM_024454153.2	2775	2547.29	3.31675	0.0585971
XM_024454154.2	4993	4765.29	34.2616	0.323564
XM_024454157.2	9129	8901.29	0	0
XM_024454161.2	4571	4343.29	18.1748	0.188318
XM_024454162.2	3554	3326.29	28.336	0.383372
XM_024454163.2	5447	5219.29	0	0
XM_024454164.2	3744	3516.29	235.557	3.01476
XM_024454165.2	3600	3372.29	20.0488	0.267551
XM_024454166.2	3597	3369.29	12.3349	0.164755
XM_024454168.2	3429	3201.29	0	0
XM_024454177.2	4073	3845.29	0	0
XM_024454178.2	4258	4030.29	187.441	2.09301
XM_024454179.2	5262	5034.29	134.474	1.2021
XM_024454180.2	4815	4587.29	0	0
XM_024454183.2	1858	1630.29	0	0
XM_024454184.2	1981	1753.29	7.51984	0.193017
XM_024454185.2	755	527.701	0	0
XM_024454186.2	2844	2616.29	18.2565	0.314032
XM_024454188.2	401	192.714	0	0
XM_024454189.2	412	201.964	0	0
XM_024454190.2	399	191.106	0	0
XM_024454192.2	3079	2851.29	53.4998	0.844408
XM_024454196.2	2774	2546.29	0	0
XM_024454200.2	3432	3204.29	0	0
XM_024454201.2	11595	11367.3	0	0
XM_024454202.2	4049	3821.29	72.1594	0.849816
XM_024454210.2	4083	3855.29	0	0
XM_024454212.2	2609	2381.29	24.5339	0.463656
XM_024454213.2	2602	2374.29	0	0
XM_024454215.2	3918	3690.29	2.9266	0.0356898
XM_024454217.2	5633	5405.29	0	0
XM_024454218.2	5674	5446.29	246.782	2.03917
XM_024454219.2	5926	5698.29	0	0
XM_024454221.2	5515	5287.29	0	0
XM_024454222.2	1646	1418.29	0	0
XM_024454223.2	1052	824.293	0	0
XM_024454224.2	1610	1382.29	1.5019	0.048897
XM_024454225.2	8824	8596.29	37.6413	0.197059
XM_024454229.2	3360	3132.29	3.46023	0.0497146
XM_024454230.2	3410	3182.29	0.00346267	4.89681e-05
XM_024454231.2	3187	2959.29	0.17315	0.00263316
XM_024454232.2	4416	4188.29	265.16	2.84913
XM_024454233.2	4319	4091.29	48.4367	0.53279
XM_024454234.2	4378	4150.29	34.4902	0.37399
XM_024454235.2	4501	4273.29	0.771038	0.00811999
XM_024454237.2	3880	3652.29	51.1499	0.630263
XM_024454238.2	4112	3884.29	0	0
XM_024454243.1	14039	13811.3	6.1621e-06	2.00788e-08
XM_024454262.2	4063	3835.29	0	0
XM_024454264.2	9991	9763.29	153.752	0.708706
XM_024454267.2	7745	7517.29	0	0
XM_024454268.2	7847	7619.29	1.43756e-05	8.49091e-08
XM_024454269.2	7765	7537.29	39.8414	0.237882
XM_024454270.2	7578	7350.29	1216.96	7.45101
XM_024454271.2	7698	7470.29	1.79677e-07	1.08242e-09
XM_024454272.2	9012	8784.29	0	0
XM_024454273.2	4263	4035.29	0	0
XM_024454274.2	4732	4504.29	0	0
XM_024454278.2	2785	2557.29	84.7839	1.49202
XM_024454280.2	2117	1889.29	0	0
XM_024454281.2	7973	7745.29	0	0
XM_024454284.2	10651	10423.3	0	0
XM_024454285.2	10741	10513.3	0	0
XM_024454288.2	10735	10507.3	0	0
XM_024454289.2	7842	7614.29	180.3	1.06563
XM_024454290.2	7504	7276.29	0	0
XM_024454291.2	7672	7444.29	94.1189	0.568978
XM_024454292.2	10690	10462.3	0	0
XM_024454296.2	10414	10186.3	0	0
XM_024454297.2	10279	10051.3	0	0
XM_024454300.2	10227	9999.29	3.39051	0.0152594
XM_024454320.2	6263	6035.29	211.564	1.57756
XM_024454321.2	5032	4804.29	107.678	1.00865
XM_024454326.2	2301	2073.29	0	0
XM_024454327.2	4037	3809.29	0	0
XM_024454329.2	5568	5340.29	0	0
XM_024454330.2	5547	5319.29	0	0
XM_024454331.2	9132	8904.29	10.2438	0.0517729
XM_024454332.2	5466	5238.29	0	0
XM_024454333.2	5887	5659.29	0	0
XM_024454334.1	5732	5504.29	0	0
XM_024454336.2	5783	5555.29	0	0
XM_024454344.2	8232	8004.29	73.9445	0.415743
XM_024454345.2	8198	7970.29	8.52662	0.0481443
XM_024454346.1	5987	5759.29	1.6573e-06	1.29501e-08
XM_024454349.2	5516	5288.29	328.376	2.79446
XM_024454351.2	6538	6310.29	700.542	4.99605
XM_024454355.2	7381	7153.29	26.5444	0.166997
XM_024454360.2	3707	3479.29	0	0
XM_024454362.2	1656	1428.29	33.6548	1.0604
XM_024454363.2	1558	1330.29	0.977924	0.0330826
XM_024454364.2	863	635.427	0	0
XM_024454369.2	2428	2200.29	0	0
XM_024454373.2	9953	9725.29	69.6714	0.322399
XM_024454375.2	2683	2455.29	19.0694	0.349523
XM_024454376.2	7018	6790.29	0	0
XM_024454378.2	2586	2358.29	7.0113	0.133796
XM_024454379.2	3317	3089.29	70.3397	1.02467
XM_024454380.2	3544	3316.29	0	0
XM_024454383.2	3478	3250.29	38.2418	0.529491
XM_024454390.2	2209	1981.29	0	0
XM_024454391.2	1829	1601.29	11.0054	0.309299
XM_024454396.2	4257	4029.29	0	0
XM_034751809.2	1567	1339.29	34.1768	1.14841
XM_035861111.2	2027	1799.29	11.0034	0.275211
XM_035861124.1	1432	1204.29	0.207835	0.00776656
XM_035861134.1	1278	1050.29	0	0
XM_035861181.2	2076	1848.29	0	0
XM_035861196.1	966	738.293	0	0
XM_035861197.2	537	314.382	0	0
XM_035861201.1	1432	1204.29	0.207835	0.00776656
XM_037916379.1	654	427.803	0	0
XM_037916380.1	654	427.803	0	0
XM_037916389.2	2454	2226.29	0	0
XM_037916390.2	2425	2197.29	0	0
XM_037916391.2	2392	2164.29	0	0
XM_037916392.2	2352	2124.29	5.36174	0.113588
XM_037916393.2	2271	2043.29	0	0
XM_041680488.2	1559	1331.29	0	0
XM_041680557.1	2403	2175.29	1	0.0206883
XM_041680767.1	1514	1286.29	1406.46	49.2074
XM_041680768.2	1320	1092.29	15.7704	0.64975
XM_045181393.2	876	648.427	0	0
XM_045181401.2	2335	2107.29	42.625	0.910294
XM_045181402.2	2335	2107.29	42.625	0.910294
XM_047415643.1	1702	1474.29	0.229291	0.00699914
XM_047415644.1	5856	5628.29	31.2683	0.250017
XM_047415645.1	5496	5268.29	14.9987	0.128123
XM_047415646.1	2935	2707.29	0	0
XM_047415647.1	6495	6267.29	7.49055	0.0537869
XM_047415648.1	4384	4156.29	0	0
XM_047415649.1	4447	4219.29	2.39277	0.0255214
XM_047415650.1	2099	1871.29	77.3992	1.86139
XM_047415651.1	4188	3960.29	0	0
XM_047415652.1	4678	4450.29	53.7838	0.543882
XM_047415653.1	1728	1500.29	0	0
XM_047415654.1	2229	2001.29	0	0
XM_047415655.1	3552	3324.29	1.33078	0.0180156
XM_047415656.1	6024	5796.29	0	0
XM_047415657.1	6536	6308.29	86.666	0.618272
XM_047415658.1	5703	5475.29	0	0
XM_047415659.1	4932	4704.29	15.2757	0.146134
XM_047415660.1	5868	5640.29	65.0565	0.519077
XM_047415661.1	6032	5804.29	6.93898	0.0538008
XM_047415662.1	3770	3542.29	17.1285	0.217609
XM_047415663.1	14470	14242.3	0	0
XM_047415664.1	15178	14950.3	0	0
XM_047415665.1	2716	2488.29	17.4289	0.315217
XM_047415666.1	4759	4531.29	0	0
XM_047415667.1	14800	14572.3	0	0
XM_047415668.1	1240	1012.29	0	0
XM_047415669.1	1761	1533.29	0	0
XM_047415670.1	2050	1822.29	0	0
XM_047415671.1	10164	9936.29	0	0
XM_047415672.1	1977	1749.29	5.78548	0.14884
XM_047415673.1	8023	7795.29	32.4936	0.187589
XM_047415674.1	3945	3717.29	0	0
XM_047415675.1	4464	4236.29	0	0
XM_047415676.1	5872	5644.29	0	0
XM_047415677.1	4913	4685.29	0	0
XM_047415678.1	9107	8879.29	3	0.0152049
XM_047415679.1	9342	9114.29	0	0
XM_047415680.1	4334	4106.29	0	0
XM_047415681.1	3473	3245.29	0	0
XM_047415682.1	4932	4704.29	7.23556	0.0692182
XM_047415683.1	4052	3824.29	0	0
XM_047415684.1	1996	1768.29	0	0
XM_047415685.1	2301	2073.29	0	0
XM_047415686.1	4711	4483.29	0.00267002	2.68016e-05
XM_047415687.1	4821	4593.29	16.6151	0.162788
XM_047415688.1	6533	6305.29	0	0
XM_047415689.1	12128	11900.3	10.1906	0.0385374
XM_047415690.1	2889	2661.29	0	0
XM_047415691.1	2971	2743.29	0	0
XM_047415692.1	7470	7242.29	130.906	0.813443
XM_047415693.1	7348	7120.29	1.05812	0.00668774
XM_047415694.1	3294	3066.29	0	0
XM_047415695.1	1748	1520.29	0	0
XM_047415696.1	1715	1487.29	0	0
XM_047415697.1	1726	1498.29	0	0
XM_047415698.1	1545	1317.29	0	0
XM_047415699.1	1682	1454.29	0	0
XM_047415700.1	1693	1465.29	0	0
XM_047415701.1	2276	2048.29	1.40316	0.030829
XM_047415702.1	10499	10271.3	10.5602	0.046269
XM_047415703.1	9193	8965.29	0	0
XM_047415704.1	9108	8880.29	81.6802	0.413934
XM_047415705.1	8175	7947.29	0	0
XM_047415706.1	5983	5755.29	81.8142	0.63974
XM_047415707.1	5587	5359.29	0	0
XM_047415708.1	5846	5618.29	0	0
XM_047415709.1	3732	3504.29	0	0
XM_047415710.1	1004	776.293	0	0
XM_047415711.1	897	669.361	0	0
XM_047415712.1	2550	2322.29	6.25809	0.121274
XM_047415713.1	2475	2247.29	0	0
XM_047415714.1	2441	2213.29	0	0
XM_047415715.1	2476	2248.29	0	0
XM_047415716.1	2350	2122.29	3.74357	0.0793821
XM_047415717.1	1721	1493.29	13.1341	0.395821
XM_047415718.1	1336	1108.29	18.1618	0.737475
XM_047415719.1	1358	1130.29	0	0
XM_047415720.1	1040	812.293	6.78697	0.376015
XM_047415721.1	1887	1659.29	19.5027	0.52895
XM_047415722.1	1671	1443.29	0	0
XM_047415723.1	2363	2135.29	0	0
XM_047415724.1	4669	4441.29	193.924	1.96501
XM_047415725.1	2957	2729.29	52.453	0.864893
XM_047415726.1	4520	4292.29	0	0
XM_047415727.1	3280	3052.29	0	0
XM_047415728.1	3349	3121.29	0	0
XM_047415729.1	4041	3813.29	40.1211	0.473495
XM_047415730.1	3892	3664.29	0	0
XM_047415731.1	6042	5814.29	203.171	1.57256
XM_047415732.1	5997	5769.29	0	0
XM_047415733.1	5835	5607.29	15.6417	0.125537
XM_047415734.1	5913	5685.29	9.92232	0.0785421
XM_047415735.1	5787	5559.29	206.35	1.67042
XM_047415736.1	5703	5475.29	169.956	1.39692
XM_047415737.1	5346	5118.29	0	0
XM_047415738.1	5043	4815.29	1.51259	0.0141364
XM_047415739.1	5262	5034.29	3.73378	0.0333774
XM_047415740.1	2794	2566.29	43.9262	0.770299
XM_047415741.1	1950	1722.29	0	0
XM_047415742.1	3859	3631.29	190.314	2.35858
XM_047415743.1	3538	3310.29	70.4091	0.957205
XM_047415744.1	3439	3211.29	5.19886e-08	7.28569e-10
XM_047415745.1	3351	3123.29	0	0
XM_047415746.1	10336	10108.3	0.00263205	1.17181e-05
XM_047415747.1	8610	8382.29	1.42958e-08	7.67519e-11
XM_047415748.1	3592	3364.29	128.484	1.7187
XM_047415749.1	10547	10319.3	0	0
XM_047415750.1	3633	3405.29	38.7547	0.512167
XM_047415751.1	10544	10316.3	0	0
XM_047415752.1	10383	10155.3	0	0
XM_047415753.1	10370	10142.3	70.0062	0.310629
XM_047415754.1	11244	11016.3	0	0
XM_047415755.1	8354	8126.29	81.5792	0.451782
XM_047415756.1	10070	9842.29	0	0
XM_047415757.1	3115	2887.29	77.5727	1.20909
XM_047415758.1	9896	9668.29	3.7685e-08	1.75413e-10
XM_047415759.1	11137	10909.3	11.2305	0.046328
XM_047415760.1	9906	9678.29	0	0
XM_047415761.1	2698	2470.29	57.6414	1.05009
XM_047415762.1	5347	5119.29	37.7919	0.332224
XM_047415763.1	2046	1818.29	0	0
XM_047415764.1	5549	5321.29	158.331	1.33903
XM_047415765.1	4776	4548.29	13.5034	0.13361
XM_047415766.1	6458	6230.29	872.898	6.30517
XM_047415767.1	6761	6533.29	2.7768e-08	1.91274e-10
XM_047415768.1	2207	1979.29	0.972671	0.0221156
XM_047415769.1	2346	2118.29	0	0
XM_047415770.1	2163	1935.29	20.8071	0.483847
XM_047415771.1	2307	2079.29	0	0
XM_047415772.1	3472	3244.29	0	0
XM_047415773.1	3537	3309.29	0	0
XM_047415774.1	3143	2915.29	0	0
XM_047415775.1	3309	3081.29	0	0
XM_047415776.1	2827	2599.29	0	0
XM_047415777.1	2850	2622.29	0	0
XM_047415778.1	11720	11492.3	0.000197961	7.75201e-07
XM_047415779.1	11720	11492.3	0.000140156	5.4884e-07
XM_047415780.1	4550	4322.29	101.873	1.06069
XM_047415781.1	11288	11060.3	4.59998	0.0187168
XM_047415782.1	11288	11060.3	3.23174	0.0131496
XM_047415783.1	1997	1769.29	53.1467	1.35182
XM_047415784.1	5002	4774.29	127.43	1.20118
XM_047415785.1	3101	2873.29	0	0
XM_047415786.1	1004	776.293	34.2086	1.98313
XM_047415787.1	7767	7539.29	0.394366	0.00235403
XM_047415788.1	7083	6855.29	9.48809	0.0622867
XM_047415789.1	1453	1225.29	301.815	11.0852
XM_047415790.1	4103	3875.29	0	0
XM_047415791.1	5328	5100.29	0	0
XM_047415792.1	4222	3994.29	17.4089	0.196144
XM_047415794.1	3457	3229.29	0	0
XM_047415795.1	3407	3179.29	11.2185	0.158799
XM_047415796.1	5035	4807.29	0	0
XM_047415797.1	5006	4778.29	0	0
XM_047415798.1	5163	4935.29	0	0
XM_047415799.1	6306	6078.29	8.65033e-07	6.40462e-09
XM_047415800.1	5217	4989.29	0	0
XM_047415801.1	6831	6603.29	12.9043	0.0879461
XM_047415802.1	6959	6731.29	0	0
XM_047415803.1	5111	4883.29	0	0
XM_047415804.1	5032	4804.29	0	0
XM_047415805.1	5003	4775.29	0	0
XM_047415806.1	13220	12992.3	44.7909	0.155148
XM_047415807.1	4797	4569.29	0	0
XM_047415808.1	5160	4932.29	0	0
XM_047415809.1	4962	4734.29	0	0
XM_047415810.1	5214	4986.29	0	0
XM_047415811.1	6828	6600.29	0	0
XM_047415812.1	4676	4448.29	0	0
XM_047415813.1	4623	4395.29	0	0
XM_047415814.1	5026	4798.29	0	0
XM_047415815.1	4627	4399.29	0	0
XM_047415816.1	4999	4771.29	0	0
XM_047415817.1	4907	4679.29	0	0
XM_047415818.1	4799	4571.29	0	0
XM_047415819.1	4593	4365.29	0	0
XM_047415820.1	5010	4782.29	0	0
XM_047415821.1	4758	4530.29	0	0
XM_047415822.1	4773	4545.29	0	0
XM_047415823.1	4419	4191.29	0	0
XM_047415824.1	4822	4594.29	0	0
XM_047415825.1	6243	6015.29	52.941	0.396075
XM_047415826.1	6776	6548.29	7.81793	0.0537286
XM_047415827.1	6589	6361.29	0	0
XM_047415828.1	6976	6748.29	62.8472	0.419116
XM_047415829.1	6568	6340.29	0	0
XM_047415830.1	6481	6253.29	0.0112319	8.0833e-05
XM_047415831.1	6328	6100.29	3.93095	0.0289994
XM_047415832.1	6328	6100.29	0	0
XM_047415833.1	5945	5717.29	0	0
XM_047415834.1	6534	6306.29	0.00387532	2.76551e-05
XM_047415835.1	6231	6003.29	0.0710535	0.000532646
XM_047415836.1	6259	6031.29	0	0
XM_047415837.1	6381	6153.29	0	0
XM_047415838.1	7738	7510.29	897.099	5.37559
XM_047415839.1	4083	3855.29	0	0
XM_047415840.1	4036	3808.29	0	0
XM_047415841.1	3997	3769.29	0	0
XM_047415842.1	3963	3735.29	0	0
XM_047415843.1	5974	5746.29	3.56664	0.0279327
XM_047415844.1	672	445.496	44.1565	4.4606
XM_047415845.1	7906	7678.29	0	0
XM_047415846.1	3495	3267.29	0	0
XM_047415847.1	2829	2601.29	119.432	2.0662
XM_047415848.1	2483	2255.29	193.304	3.85726
XM_047415849.1	2567	2339.29	0	0
XM_047415850.1	2436	2208.29	84.8738	1.72965
XM_047415851.1	2412	2184.29	4.92126	0.101393
XM_047415852.1	2538	2310.29	0	0
XM_047415853.1	2243	2015.29	14.0915	0.314675
XM_047415854.1	2552	2324.29	0	0
XM_047415855.1	2671	2443.29	86.2095	1.58789
XM_047415856.1	2596	2368.29	3.24606e-06	6.16827e-08
XM_047415857.1	2405	2177.29	2.68191e-08	5.54331e-10
XM_047415858.1	8061	7833.29	12.3685	0.0710584
XM_047415859.1	6753	6525.29	229.036	1.5796
XM_047415860.1	5999	5771.29	50.5668	0.394307
XM_047415861.1	5442	5214.29	0	0
XM_047415862.1	2068	1840.29	0	0
XM_047415863.1	954	726.293	0	0
XM_047415864.1	1313	1085.29	0	0
XM_047415865.1	648	421.846	0	0
XM_047415866.1	2530	2302.29	7.97928	0.155972
XM_047415867.1	1772	1544.29	0	0
XM_047415868.1	6766	6538.29	4.08304	0.0281036
XM_047415869.1	6592	6364.29	0	0
XM_047415870.1	5386	5158.29	0	0
XM_047415871.1	4859	4631.29	0	0
XM_047415872.1	5194	4966.29	5.54813	0.0502755
XM_047415873.1	4778	4550.29	0	0
XM_047415874.1	4766	4538.29	24.5296	0.243243
XM_047415875.1	4730	4502.29	0.561054	0.00560806
XM_047415876.1	4589	4361.29	0.0541666	0.000558932
XM_047415877.1	4448	4220.29	0	0
XM_047415878.1	2791	2563.29	0	0
XM_047415879.1	2783	2555.29	0	0
XM_047415880.1	3812	3584.29	0	0
XM_047415881.1	3371	3143.29	0	0
XM_047415882.1	2578	2350.29	0	0
XM_047415883.1	2713	2485.29	10.5332	0.190732
XM_047415884.1	4348	4120.29	9.50107	0.103774
XM_047415885.1	4206	3978.29	13.6399	0.154297
XM_047415886.1	3756	3528.29	59.463	0.758445
XM_047415887.1	2122	1894.29	0	0
XM_047415888.1	2358	2130.29	0	0
XM_047415889.1	3720	3492.29	9.64728	0.124319
XM_047415890.1	3678	3450.29	36.7019	0.478712
XM_047415891.1	4235	4007.29	32.1621	0.36119
XM_047415892.1	4018	3790.29	0	0
XM_047415893.1	2457	2229.29	179.223	3.61799
XM_047415894.1	4196	3968.29	114.727	1.30108
XM_047415895.1	2834	2606.29	9.49532	0.163956
XM_047415896.1	5452	5224.29	0	0
XM_047415897.1	47013	46785.3	61.2112	0.0588795
XM_047415898.1	4977	4749.29	0	0
XM_047415899.1	12488	12260.3	0	0
XM_047415900.1	5546	5318.29	144.795	1.22525
XM_047415901.1	11987	11759.3	9.89986	0.037887
XM_047415902.1	5724	5496.29	21.0712	0.172529
XM_047415903.1	7096	6868.29	5.32011	0.0348589
XM_047415904.1	2879	2651.29	0	0
XM_047415905.1	1619	1391.29	130.608	4.22469
XM_047415906.1	9029	8801.29	24.9081	0.127361
XM_047415907.1	8941	8713.29	1.88355e-08	9.72829e-11
XM_047415908.1	888	660.427	2.34696	0.159928
XM_047415909.1	6753	6525.29	0	0
XM_047415910.1	6693	6465.29	0	0
XM_047415911.1	6630	6402.29	165.253	1.1616
XM_047415912.1	6579	6351.29	0	0
XM_047415913.1	6570	6342.29	1.03524e-07	7.34574e-10
XM_047415914.1	6414	6186.29	93.945	0.683417
XM_047415915.1	6546	6318.29	0	0
XM_047415916.1	6519	6291.29	0	0
XM_047415917.1	6330	6102.29	0	0
XM_047415918.1	6486	6258.29	0	0
XM_047415919.1	6441	6213.29	35.4774	0.256964
XM_047415920.1	5550	5322.29	0	0
XM_047415921.1	5376	5148.29	0	0
XM_047415922.1	4626	4398.29	28.2951	0.289514
XM_047415923.1	3346	3118.29	83.2148	1.20095
XM_047415924.1	3514	3286.29	0	0
XM_047415925.1	5262	5034.29	0	0
XM_047415926.1	3121	2893.29	1.63864e-06	2.54879e-08
XM_047415927.1	5665	5437.29	47.155	0.39029
XM_047415928.1	5571	5343.29	0	0
XM_047415929.1	6841	6613.29	0.000232654	1.58319e-06
XM_047415930.1	3440	3212.29	0	0
XM_047415931.1	11667	11439.3	39.1894	0.154174
XM_047415932.1	8108	7880.29	199.295	1.13814
XM_047415933.1	12649	12421.3	0	0
XM_047415937.1	11065	10837.3	65.7331	0.272964
XM_047415940.1	11005	10777.3	348.106	1.4536
XM_047415944.1	11053	10825.3	0	0
XM_047415948.1	10574	10346.3	777.099	3.38013
XM_047415953.1	5635	5407.29	44.9499	0.374103
XM_047415954.1	5945	5717.29	0	0
XM_047415955.1	9488	9260.29	31.1874	0.151564
XM_047415956.1	9246	9018.29	4.85215e-07	2.42132e-09
XM_047415957.1	9184	8956.29	145.181	0.729498
XM_047415958.1	1415	1187.29	201.11	7.62285
XM_047415959.1	5703	5475.29	187.411	1.54039
XM_047415960.1	20902	20674.3	24.9415	0.0542918
XM_047415961.1	5005	4777.29	2.29705	0.0216387
XM_047415962.1	1588	1360.29	48.263	1.5967
XM_047415963.1	5345	5117.29	0	0
XM_047415964.1	8389	8161.29	0	0
XM_047415965.1	1585	1357.29	2.37892	0.0788765
XM_047415966.1	3254	3026.29	0	0
XM_047415967.1	3282	3054.29	0	0
XM_047415968.1	2243	2015.29	0	0
XM_047415969.1	3885	3657.29	60.2141	0.740936
XM_047415970.1	3710	3482.29	0	0
XM_047415971.1	11538	11310.3	16.4811	0.0655776
XM_047415972.1	3824	3596.29	93.5027	1.17007
XM_047415973.1	1896	1668.29	0	0
XM_047415974.1	7800	7572.29	79.0699	0.469922
XM_047415975.1	1847	1619.29	6.03564	0.167741
XM_047415976.1	3586	3358.29	0	0
XM_047415977.1	9630	9402.29	11.8961	0.0569396
XM_047415978.1	2901	2673.29	0	0
XM_047415979.1	1309	1081.29	0	0
XM_047415980.1	14770	14542.3	6.39741	0.0197976
XM_047415981.1	3121	2893.29	16.782	0.261032
XM_047415982.1	3240	3012.29	20.5097	0.306412
XM_047415983.1	3079	2851.29	21.758	0.343416
XM_047415984.1	3198	2970.29	27.0612	0.410006
XM_047415985.1	2965	2737.29	5.33044	0.0876363
XM_047415986.1	1601	1373.29	210.877	6.91047
XM_047415987.1	11649	11421.3	14.0263	0.0552674
XM_047415988.1	9050	8822.29	1.5027	0.00766536
XM_047415989.1	20885	20657.3	10.3857	0.0226259
XM_047415990.1	9565	9337.29	0	0
XM_047415991.1	2575	2347.29	23.2597	0.445942
XM_047415992.1	9606	9378.29	2.33998e-05	1.12288e-07
XM_047415993.1	7418	7190.29	2.3155	0.0144924
XM_047415994.1	7128	6900.29	0	0
XM_047415995.1	7327	7099.29	0	0
XM_047415996.1	9544	9316.29	0	0
XM_047415997.1	8211	7983.29	0	0
XM_047415998.1	9394	9166.29	5.42859e-06	2.66524e-08
XM_047415999.1	8213	7985.29	0	0
XM_047416000.1	5851	5623.29	0	0
XM_047416001.1	2331	2103.29	0.0489557	0.00104748
XM_047416002.1	2221	1993.29	6.18872	0.139724
XM_047416003.1	4357	4129.29	0	0
XM_047416004.1	1532	1304.29	43.2523	1.49237
XM_047416005.1	8141	7913.29	0	0
XM_047416006.1	6232	6004.29	0	0
XM_047416007.1	5204	4976.29	42.1538	0.381218
XM_047416008.1	5842	5614.29	19.7224	0.158091
XM_047416009.1	8572	8344.29	0	0
XM_047416010.1	3379	3151.29	0.0147197	0.000210209
XM_047416011.1	5725	5497.29	14.94	0.122305
XM_047416012.1	5809	5581.29	0	0
XM_047416013.1	6257	6029.29	16.3352	0.121927
XM_047416014.1	5260	5032.29	0	0
XM_047416015.1	6398	6170.29	34.6337	0.252602
XM_047416016.1	5001	4773.29	14.7118	0.138704
XM_047416017.1	3616	3388.29	0	0
XM_047416018.1	8736	8508.29	20.4634	0.108238
XM_047416019.1	8937	8709.29	0	0
XM_047416021.1	4481	4253.29	27.8654	0.294837
XM_047416022.1	6207	5979.29	6.63193	0.0499152
XM_047416023.1	14417	14189.3	70.4134	0.223325
XM_047416024.1	7802	7574.29	1.64898	0.00979748
XM_047416025.1	2338	2110.29	5.46667	0.11658
XM_047416026.1	2203	1975.29	0	0
XM_047416027.1	4795	4567.29	19.6188	0.193311
XM_047416028.1	1615	1387.29	0	0
XM_047416029.1	1147	919.293	207.467	10.1563
XM_047416030.1	4329	4101.29	18.7338	0.205564
XM_047416031.1	5387	5159.29	47.1712	0.411462
XM_047416032.1	5375	5147.29	311.951	2.7274
XM_047416033.1	4061	3833.29	4.07941e-08	4.78926e-10
XM_047416034.1	2978	2750.29	0	0
XM_047416035.1	2377	2149.29	8.14393	0.170522
XM_047416036.1	11450	11222.3	0	0
XM_047416037.1	8038	7810.29	32.6506	0.188134
XM_047416038.1	8026	7798.29	0.00321315	1.85427e-05
XM_047416039.1	8002	7774.29	85.3558	0.494099
XM_047416040.1	7996	7768.29	1.55653	0.00901724
XM_047416041.1	7990	7762.29	0.00818543	4.74563e-05
XM_047416042.1	7987	7759.29	427.117	2.47723
XM_047416043.1	7981	7753.29	8.33908	0.0484032
XM_047416044.1	7945	7717.29	22.2216	0.129585
XM_047416045.1	7930	7702.29	115.221	0.673213
XM_047416046.1	7465	7237.29	0.000382527	2.37864e-06
XM_047416047.1	7429	7201.29	0.0010578	6.61051e-06
XM_047416048.1	7414	7186.29	0.00619672	3.88061e-05
XM_047416049.1	5032	4804.29	0	0
XM_047416050.1	4230	4002.29	0	0
XM_047416051.1	3526	3298.29	36.6927	0.500648
XM_047416052.1	3186	2958.29	9.9389	0.151196
XM_047416053.1	7038	6810.29	0	0
XM_047416054.1	4285	4057.29	0.570156	0.00632411
XM_047416055.1	5417	5189.29	1.46075e-06	1.26681e-08
XM_047416056.1	3019	2791.29	35.9201	0.579128
XM_047416057.1	6488	6260.29	2.02428	0.0145518
XM_047416058.1	2694	2466.29	0	0
XM_047416059.1	2639	2411.29	0	0
XM_047416060.1	3375	3147.29	164.235	2.34839
XM_047416061.1	7310	7082.29	479.514	3.04698
XM_047416062.1	3044	2816.29	177.293	2.83306
XM_047416063.1	4138	3910.29	12.0941	0.139189
XM_047416064.1	1749	1521.29	102.103	3.02041
XM_047416065.1	4146	3918.29	74.4516	0.855105
XM_047416066.1	1266	1038.29	42.3207	1.83432
XM_047416067.1	5231	5003.29	1.55001	0.0139419
XM_047416068.1	5147	4919.29	0	0
XM_047416069.1	3311	3083.29	118.584	1.73083
XM_047416070.1	3080	2852.29	39.3106	0.620237
XM_047416071.1	3105	2877.29	3.08837	0.0483046
XM_047416072.1	3863	3635.29	0	0
XM_047416073.1	3857	3629.29	0	0
XM_047416074.1	4038	3810.29	602.631	7.11763
XM_047416075.1	4046	3818.29	32.9299	0.388118
XM_047416076.1	4025	3797.29	8.57548	0.101631
XM_047416077.1	1058	830.293	0	0
XM_047416078.1	1545	1317.29	0	0
XM_047416079.1	2968	2740.29	2	0.0328455
XM_047416080.1	938	710.293	1	0.0633584
XM_047416081.1	876	648.427	0	0
XM_047416082.1	1571	1343.29	0	0
XM_047416083.1	1344	1116.29	0	0
XM_047416084.1	1494	1266.29	0	0
XM_047416085.1	1419	1191.29	1	0.0377767
XM_047416086.1	1131	903.293	0	0
XM_047416087.1	962	734.293	0	0
XM_047416088.1	7851	7623.29	0	0
XM_047416089.1	1309	1081.29	7.56336	0.314785
XM_047416090.1	950	722.293	0	0
XM_047416091.1	5811	5583.29	26.1715	0.210951
XM_047416092.1	7496	7268.29	0.403131	0.00249606
XM_047416093.1	5654	5426.29	16.9988	0.14098
XM_047416094.1	5534	5306.29	179.433	1.52178
XM_047416095.1	7876	7648.29	2.83412	0.0166762
XM_047416096.1	7525	7297.29	0.390837	0.00241033
XM_047416097.1	6176	5948.29	0.0228364	0.000172774
XM_047416098.1	7386	7158.29	0	0
XM_047416099.1	7312	7084.29	0.683396	0.00434128
XM_047416100.1	4168	3940.29	0	0
XM_047416101.1	1772	1544.29	1.70223	0.0496055
XM_047416102.1	7402	7174.29	0.0195252	0.000122478
XM_047416103.1	3153	2925.29	0	0
XM_047416104.1	7371	7143.29	0	0
XM_047416105.1	7404	7176.29	0.0493522	0.000309492
XM_047416106.1	4265	4037.29	0	0
XM_047416107.1	2095	1867.29	2.26843	0.0546707
XM_047416108.1	1731	1503.29	0	0
XM_047416109.1	7481	7253.29	0.26992	0.00167472
XM_047416110.1	7297	7069.29	0.454645	0.00289427
XM_047416111.1	8489	8261.29	1.26958	0.00691599
XM_047416112.1	3790	3562.29	0	0
XM_047416113.1	7078	6850.29	3.87589	0.0254627
XM_047416114.1	3661	3433.29	0	0
XM_047416115.1	7427	7199.29	0.351092	0.00219469
XM_047416116.1	2916	2688.29	2.9167e-08	4.88266e-10
XM_047416117.1	2880	2652.29	3.10624	0.0527055
XM_047416118.1	8213	7985.29	0	0
XM_047416119.1	8016	7788.29	43.2635	0.24999
XM_047416120.1	7442	7214.29	0.73573	0.00458952
XM_047416121.1	7363	7135.29	0.0526143	0.000331844
XM_047416122.1	1987	1759.29	0	0
XM_047416123.1	2931	2703.29	0	0
XM_047416124.1	7614	7386.29	0.427926	0.00260726
XM_047416125.1	1700	1472.29	0	0
XM_047416126.1	7332	7104.29	0	0
XM_047416127.1	11470	11242.3	0	0
XM_047416128.1	7926	7698.29	1151.73	6.73285
XM_047416129.1	7524	7296.29	14.355	0.0885407
XM_047416130.1	7352	7124.29	26.6321	0.168231
XM_047416131.1	2172	1944.29	0	0
XM_047416132.1	7242	7014.29	0	0
XM_047416133.1	4170	3942.29	0	0
XM_047416134.1	4324	4096.29	0	0
XM_047416135.1	4489	4261.29	0	0
XM_047416136.1	7168	6940.29	50.3664	0.326592
XM_047416137.1	7735	7507.29	118.372	0.709592
XM_047416138.1	7658	7430.29	733.898	4.44501
XM_047416139.1	7503	7275.29	0.000106237	6.57158e-07
XM_047416140.1	8084	7856.29	0	0
XM_047416141.1	7451	7223.29	17.0295	0.106098
XM_047416142.1	7386	7158.29	652.01	4.09909
XM_047416143.1	2371	2143.29	823.802	17.2975
XM_047416144.1	8715	8487.29	19.6951	0.104432
XM_047416145.1	7887	7659.29	2581.37	15.1672
XM_047416146.1	7485	7257.29	38.4842	0.238644
XM_047416147.1	12582	12354.3	0	0
XM_047416148.1	7129	6901.29	137.561	0.897031
XM_047416149.1	1762	1534.29	5.74167	0.168412
XM_047416150.1	7313	7085.29	70.6374	0.448662
XM_047416151.1	17573	17345.3	384.139	0.996664
XM_047416152.1	8176	7948.29	0	0
XM_047416153.1	17570	17342.3	0.00831659	2.15815e-05
XM_047416154.1	4144	3916.29	29.772	0.342117
XM_047416155.1	3881	3653.29	5.34954	0.0658983
XM_047416156.1	7351	7123.29	41.762	0.263841
XM_047416157.1	3785	3557.29	1.49184	0.0188732
XM_047416158.1	2911	2683.29	38.9424	0.653126
XM_047416159.1	8137	7909.29	0	0
XM_047416160.1	3025	2797.29	0	0
XM_047416161.1	2992	2764.29	2.32754e-08	3.78928e-10
XM_047416162.1	2531	2303.29	0	0
XM_047416163.1	1781	1553.29	191.344	5.54374
XM_047416164.1	7940	7712.29	2730.2	15.9314
XM_047416165.1	6307	6079.29	14.4335	0.106847
XM_047416166.1	4736	4508.29	13.6405	0.136163
XM_047416167.1	4116	3888.29	0	0
XM_047416168.1	3570	3342.29	18.0732	0.24335
XM_047416169.1	3240	3012.29	12.4771	0.186405
XM_047416170.1	7538	7310.29	43.5334	0.267997
XM_047416171.1	4571	4343.29	0	0
XM_047416172.1	3973	3745.29	0	0
XM_047416173.1	6149	5921.29	0	0
XM_047416174.1	4167	3939.29	0	0
XM_047416175.1	4469	4241.29	0	0
XM_047416176.1	7289	7061.29	16.1813	0.103127
XM_047416177.1	2372	2144.29	0	0
XM_047416178.1	7366	7138.29	79.0979	0.49867
XM_047416179.1	4233	4005.29	0.00144499	1.62357e-05
XM_047416180.1	7256	7028.29	0	0
XM_047416181.1	2181	1953.29	0	0
XM_047416182.1	2528	2300.29	0	0
XM_047416183.1	5533	5305.29	2.75865	0.0234007
XM_047416184.1	5743	5515.29	56.8662	0.464011
XM_047416185.1	5903	5675.29	31.4469	0.249363
XM_047416186.1	424	212.011	25.6554	5.44582
XM_047416187.1	1069	841.293	0	0
XM_047416188.1	1083	855.293	0	0
XM_047416189.1	1002	774.293	0	0
XM_047416190.1	1836	1608.29	0	0
XM_047416191.1	1562	1334.29	0	0
XM_047416192.1	1526	1298.29	0	0
XM_047416193.1	1989	1761.29	0	0
XM_047416194.1	2077	1849.29	9.11838	0.221899
XM_047416195.1	8667	8439.29	0	0
XM_047416196.1	8622	8394.29	0	0
XM_047416197.1	8210	7982.29	0	0
XM_047416198.1	8752	8524.29	301.173	1.59001
XM_047416199.1	2770	2542.29	478.25	8.46588
XM_047416200.1	7757	7529.29	21.0141	0.125603
XM_047416201.1	4492	4264.29	205.021	2.16369
XM_047416202.1	5082	4854.29	8.94011	0.0828818
XM_047416203.1	7709	7481.29	6.49799	0.0390881
XM_047416204.1	4454	4226.29	27.2193	0.289841
XM_047416205.1	4163	3935.29	4.86896	0.0556802
XM_047416206.1	4281	4053.29	5.32641	0.0591383
XM_047416207.1	2317	2089.29	0	0
XM_047416208.1	3405	3177.29	3.81451e-08	5.40286e-10
XM_047416210.1	3360	3132.29	3.34474e-08	4.80554e-10
XM_047416211.1	3324	3096.29	2.6521	0.038547
XM_047416212.1	3297	3069.29	0	0
XM_047416213.1	3291	3063.29	1.14603e-08	1.68364e-10
XM_047416214.1	3279	3051.29	3.1107	0.0458792
XM_047416215.1	3255	3027.29	4.28255	0.0636635
XM_047416216.1	3252	3024.29	0	0
XM_047416218.1	3140	2912.29	6.85358	0.105907
XM_047416219.1	2730	2502.29	0	0
XM_047416220.1	2298	2070.29	0	0
XM_047416221.1	2298	2070.29	0	0
XM_047416222.1	2238	2010.29	0	0
XM_047416223.1	2199	1971.29	0	0
XM_047416224.1	10485	10257.3	0	0
XM_047416225.1	10631	10403.3	0	0
XM_047416226.1	10296	10068.3	0	0
XM_047416227.1	10199	9971.29	0	0
XM_047416228.1	2388	2160.29	0	0
XM_047416229.1	5965	5737.29	43.5262	0.341418
XM_047416230.1	4194	3966.29	17.9602	0.203783
XM_047416231.1	2629	2401.29	9.19984	0.172416
XM_047416232.1	1297	1069.29	6.45674	0.271743
XM_047416233.1	3858	3630.29	21.9427	0.272013
XM_047416234.1	3722	3494.29	7.51105	0.096735
XM_047416235.1	3971	3743.29	0	0
XM_047416236.1	2932	2704.29	3.61738	0.060198
XM_047416237.1	2875	2647.29	0	0
XM_047416238.1	2894	2666.29	14.4444	0.243801
XM_047416239.1	2837	2609.29	0	0
XM_047416240.1	2516	2288.29	0	0
XM_047416241.1	1797	1569.29	0	0
XM_047416242.1	1770	1542.29	0	0
XM_047416243.1	1529	1301.29	0	0
XM_047416244.1	2857	2629.29	14.3154	0.245023
XM_047416245.1	8828	8600.29	21.3744	0.111847
XM_047416246.1	1435	1207.29	9.28628	0.346155
XM_047416247.1	2197	1969.29	35.4623	0.810399
XM_047416248.1	5320	5092.29	15.8856	0.140389
XM_047416249.1	563	338.802	0	0
XM_047416250.1	2137	1909.29	0	0
XM_047416251.1	16187	15959.3	0	0
XM_047416252.1	16322	16094.3	0	0
XM_047416253.1	16235	16007.3	0	0
XM_047416254.1	16854	16626.3	33.6103	0.0909743
XM_047416255.1	16428	16200.3	0	0
XM_047416256.1	16319	16091.3	0	0
XM_047416257.1	16184	15956.3	0	0
XM_047416258.1	16232	16004.3	0	0
XM_047416259.1	16106	15878.3	0	0
XM_047416260.1	16142	15914.3	0	0
XM_047416261.1	16030	15802.3	0	0
XM_047416262.1	16190	15962.3	0	0
XM_047416263.1	16055	15827.3	0	0
XM_047416264.1	15735	15507.3	0	0
XM_047416265.1	15994	15766.3	0	0
XM_047416266.1	15910	15682.3	0.308123	0.000884212
XM_047416267.1	15847	15619.3	6.2574e-06	1.80291e-08
XM_047416268.1	15965	15737.3	316.486	0.905038
XM_047416269.1	15802	15574.3	1239.93	3.58286
XM_047416270.1	15778	15550.3	189.213	0.54759
XM_047416271.1	15742	15514.3	271.653	0.787998
XM_047416272.1	15670	15442.3	0	0
XM_047416273.1	14591	14363.3	0	0
XM_047416274.1	2849	2621.29	5.36278	0.0920697
XM_047416275.1	11787	11559.3	5.41236	0.0210716
XM_047416276.1	11724	11496.3	0	0
XM_047416277.1	11523	11295.3	0	0
XM_047416278.1	2864	2636.29	0	0
XM_047416279.1	2478	2250.29	16.118	0.322341
XM_047416280.1	2099	1871.29	2.95932	0.0711693
XM_047416281.1	2476	2248.29	14.2793	0.285823
XM_047416282.1	1698	1470.29	5.49088	0.168066
XM_047416283.1	1668	1440.29	4.50658	0.140811
XM_047416284.1	1923	1695.29	0	0
XM_047416285.1	4357	4129.29	1.57105	0.0171221
XM_047416286.1	1753	1525.29	0	0
XM_047416287.1	1849	1621.29	0	0
XM_047416288.1	1796	1568.29	33.2973	0.955485
XM_047416289.1	1602	1374.29	0	0
XM_047416290.1	1375	1147.29	16.9474	0.664768
XM_047416291.1	1589	1361.29	0	0
XM_047416292.1	2665	2437.29	0	0
XM_047416293.1	1773	1545.29	0.000383078	1.11563e-05
XM_047416294.1	1735	1507.29	1.19301e-08	3.56195e-10
XM_047416295.1	1480	1252.29	23.7829	0.854677
XM_047416296.1	1432	1204.29	7.60257	0.284099
XM_047416297.1	3981	3753.29	0	0
XM_047416298.1	3978	3750.29	0	0
XM_047416299.1	4001	3773.29	0	0
XM_047416300.1	3948	3720.29	0	0
XM_047416301.1	3968	3740.29	0	0
XM_047416302.1	3882	3654.29	0	0
XM_047416303.1	3861	3633.29	0	0
XM_047416304.1	2942	2714.29	0	0
XM_047416305.1	3858	3630.29	0	0
XM_047416306.1	3849	3621.29	0	0
XM_047416307.1	3846	3618.29	0	0
XM_047416308.1	3869	3641.29	0	0
XM_047416309.1	3828	3600.29	0	0
XM_047416310.1	3825	3597.29	0	0
XM_047416311.1	3780	3552.29	0	0
XM_047416312.1	3762	3534.29	0	0
XM_047416313.1	3759	3531.29	0	0
XM_047416314.1	2019	1791.29	0	0
XM_047416315.1	2016	1788.29	0	0
XM_047416316.1	3537	3309.29	0	0
XM_047416317.1	2715	2487.29	0	0
XM_047416318.1	2514	2286.29	3.02502	0.0595441
XM_047416319.1	1191	963.293	0	0
XM_047416320.1	1242	1014.29	0	0
XM_047416321.1	1488	1260.29	0	0
XM_047416322.1	1117	889.293	0	0
XM_047416323.1	2023	1795.29	1737.84	43.563
XM_047416324.1	5778	5550.29	23.829	0.193211
XM_047416325.1	5882	5654.29	58.4281	0.465035
XM_047416326.1	5879	5651.29	54.5184	0.434148
XM_047416327.1	5867	5639.29	99.1643	0.791358
XM_047416328.1	3215	2987.29	144.025	2.16971
XM_047416329.1	5680	5452.29	2.48501	0.0205112
XM_047416330.1	5677	5449.29	1.04722	0.00864848
XM_047416331.1	991	763.293	14.057	0.82879
XM_047416332.1	5772	5544.29	13.2181	0.107291
XM_047416333.1	6973	6745.29	19.5033	0.130122
XM_047416334.1	5662	5434.29	1.87184	0.0155013
XM_047416335.1	10823	10595.3	0	0
XM_047416336.1	7318	7090.29	29.031	0.184264
XM_047416337.1	6432	6204.29	0	0
XM_047416338.1	2079	1851.29	769.083	18.6956
XM_047416339.1	5766	5538.29	5.06437	0.0411521
XM_047416340.1	5763	5535.29	4.57832	0.0372227
XM_047416341.1	5097	4869.29	415.35	3.83875
XM_047416342.1	3794	3566.29	0	0
XM_047416343.1	4399	4171.29	355.292	3.83316
XM_047416344.1	2853	2625.29	0	0
XM_047416345.1	16358	16130.3	0	0
XM_047416346.1	14843	14615.3	0	0
XM_047416347.1	5647	5419.29	6.8056	0.0565153
XM_047416348.1	8900	8672.29	18.5986	0.0965136
XM_047416349.1	5751	5523.29	8.81443	0.0718188
XM_047416350.1	5635	5407.29	13.569	0.112931
XM_047416351.1	5736	5508.29	32.0435	0.261797
XM_047416352.1	4375	4147.29	0	0
XM_047416353.1	4539	4311.29	0	0
XM_047416354.1	4236	4008.29	16.8307	0.188967
XM_047416355.1	5569	5341.29	0.34115	0.00287436
XM_047416356.1	9096	8868.29	0	0
XM_047416357.1	8777	8549.29	0	0
XM_047416358.1	8644	8416.29	0	0
XM_047416359.1	9097	8869.29	21.3709	0.108437
XM_047416360.1	8606	8378.29	0	0
XM_047416361.1	8579	8351.29	0	0
XM_047416362.1	8644	8416.29	0	0
XM_047416363.1	3726	3498.29	0	0
XM_047416364.1	5658	5430.29	1.78729	0.014812
XM_047416365.1	2668	2440.29	0	0
XM_047416366.1	4526	4298.29	0	0
XM_047416367.1	4499	4271.29	0	0
XM_047416368.1	4693	4465.29	13.7213	0.138289
XM_047416369.1	5548	5320.29	12.0913	0.102278
XM_047416370.1	4053	3825.29	0	0
XM_047416371.1	5655	5427.29	1.59055	0.0131889
XM_047416372.1	4134	3906.29	0	0
XM_047416373.1	5573	5345.29	0	0
XM_047416374.1	5870	5642.29	4.1062	0.0327512
XM_047416375.1	5929	5701.29	2.62808e-06	2.07447e-08
XM_047416376.1	3971	3743.29	0	0
XM_047416377.1	3947	3719.29	0	0
XM_047416378.1	3944	3716.29	0	0
XM_047416379.1	3984	3756.29	0	0
XM_047416380.1	5643	5415.29	3.18171	0.0264412
XM_047416381.1	5637	5409.29	57.8711	0.481463
XM_047416382.1	2606	2378.29	3	0.0567673
XM_047416383.1	3014	2786.29	0	0
XM_047416384.1	2783	2555.29	0	0
XM_047416385.1	2039	1811.29	0	0
XM_047416386.1	2414	2186.29	1	0.0205842
XM_047416387.1	1710	1482.29	0	0
XM_047416388.1	5464	5236.29	0.207808	0.00178599
XM_047416389.1	5455	5227.29	0	0
XM_047416390.1	2014	1786.29	0	0
XM_047416391.1	2545	2317.29	19.6097	0.380832
XM_047416392.1	5437	5209.29	1.6529	0.0142794
XM_047416393.1	2607	2379.29	0	0
XM_047416394.1	5538	5310.29	2.05874	0.0174472
XM_047416395.1	7024	6796.29	0	0
XM_047416396.1	6930	6702.29	39.1621	0.262957
XM_047416397.1	7163	6935.29	26.082	0.169246
XM_047416398.1	5526	5298.29	8.58384	0.0729102
XM_047416399.1	6745	6517.29	0.341298	0.00235673
XM_047416400.1	6606	6378.29	0.00058976	4.16115e-06
XM_047416401.1	6513	6285.29	22.8593	0.163674
XM_047416402.1	4918	4690.29	54.2387	0.520417
XM_047416403.1	4850	4622.29	0	0
XM_047416404.1	983	755.293	30.2616	1.8031
XM_047416405.1	958	730.293	0	0
XM_047416406.1	5523	5295.29	7.73272	0.065718
XM_047416407.1	2409	2181.29	3.9403	0.0812938
XM_047416408.1	1276	1048.29	54.1715	2.32558
XM_047416409.1	5517	5289.29	0	0
XM_047416410.1	2989	2761.29	162.041	2.64091
XM_047416411.1	5511	5283.29	15.479	0.13185
XM_047416412.1	4055	3827.29	29.2996	0.344518
XM_047416413.1	5356	5128.29	0	0
XM_047416414.1	25769	25541.3	3.08159	0.00542968
XM_047416415.1	35991	35763.3	6.22001e-07	7.82701e-10
XM_047416416.1	5430	5202.29	0	0
XM_047416417.1	5406	5178.29	0	0
XM_047416418.1	3776	3548.29	3.64898	0.0462801
XM_047416419.1	1687	1459.29	80.5651	2.48454
XM_047416420.1	1618	1390.29	184.339	5.96697
XM_047416421.1	5391	5163.29	0	0
XM_047416422.1	3809	3581.29	0	0
XM_047416423.1	3800	3572.29	67.0324	0.844461
XM_047416424.1	7801	7573.29	3.17374	0.0188594
XM_047416425.1	7776	7548.29	3.23137e-07	1.92655e-09
XM_047416426.1	3607	3379.29	45.4371	0.6051
XM_047416427.1	2365	2137.29	54.5874	1.1494
XM_047416428.1	4833	4605.29	0	0
XM_047416429.1	4526	4298.29	0	0
XM_047416430.1	4392	4164.29	0	0
XM_047416431.1	10634	10406.3	0.00119743	5.1784e-06
XM_047416432.1	10473	10245.3	77.8555	0.341985
XM_047416433.1	13278	13050.3	18.4079	0.0634786
XM_047416434.1	13285	13057.3	0.0339028	0.000116849
XM_047416435.1	10540	10312.3	153.927	0.671739
XM_047416436.1	13124	12896.3	0	0
XM_047416437.1	13131	12903.3	0	0
XM_047416438.1	10822	10594.3	0	0
XM_047416439.1	10480	10252.3	0	0
XM_047416440.1	10277	10049.3	6.0398e-06	2.70476e-08
XM_047416441.1	7949	7721.29	11.1175	0.0647975
XM_047416442.1	7998	7770.29	0	0
XM_047416443.1	7926	7698.29	0	0
XM_047416444.1	8033	7805.29	6.63059	0.0382301
XM_047416445.1	7957	7729.29	0	0
XM_047416446.1	8105	7877.29	0	0
XM_047416447.1	9620	9392.29	39.3521	0.188555
XM_047416448.1	9597	9369.29	0	0
XM_047416449.1	7877	7649.29	60.4125	0.355425
XM_047416450.1	8117	7889.29	0	0
XM_047416451.1	7961	7733.29	35.6142	0.207253
XM_047416452.1	7926	7698.29	0	0
XM_047416453.1	8033	7805.29	0	0
XM_047416454.1	7744	7516.29	66.3001	0.396966
XM_047416455.1	7900	7672.29	0	0
XM_047416456.1	7779	7551.29	5.51539	0.0328698
XM_047416457.1	7115	6887.29	148.843	0.972573
XM_047416458.1	16024	15796.3	0.291864	0.00083151
XM_047416459.1	15188	14960.3	45.8607	0.137957
XM_047416460.1	6253	6025.29	102.243	0.763653
XM_047416461.1	6113	5885.29	0	0
XM_047416462.1	10320	10092.3	897.841	4.00361
XM_047416463.1	16018	15790.3	0.000125319	3.57164e-07
XM_047416464.1	15994	15766.3	1.97913	0.0056492
XM_047416465.1	4676	4448.29	0.781575	0.00790714
XM_047416466.1	4577	4349.29	8.64702	0.0894726
XM_047416467.1	15991	15763.3	8.67973	0.02478
XM_047416468.1	15991	15763.3	0.0273024	7.79464e-05
XM_047416469.1	2388	2160.29	19.5204	0.406649
XM_047416470.1	573	348.421	1.19422	0.154249
XM_047416471.1	15988	15760.3	0.148455	0.00042391
XM_047416472.1	14830	14602.3	1.19558e-05	3.68468e-08
XM_047416473.1	15010	14782.3	0	0
XM_047416474.1	14731	14503.3	62.8263	0.194947
XM_047416475.1	15985	15757.3	0.661736	0.00188993
XM_047416476.1	957	729.293	3	0.185123
XM_047416477.1	7719	7491.29	0	0
XM_047416478.1	14304	14076.3	64.5574	0.206395
XM_047416479.1	632	406.137	2	0.221615
XM_047416480.1	15979	15751.3	23.1238	0.0660672
XM_047416481.1	15976	15748.3	220.692	0.63066
XM_047416482.1	8297	8069.29	6.00021	0.0334636
XM_047416483.1	15973	15745.3	3.15335	0.00901289
XM_047416484.1	15970	15742.3	17.1667	0.049075
XM_047416485.1	12991	12763.3	0	0
XM_047416486.1	12988	12760.3	15.8286	0.0558244
XM_047416487.1	13343	13115.3	0	0
XM_047416488.1	12851	12623.3	0	0
XM_047416489.1	12848	12620.3	0	0
XM_047416490.1	13200	12972.3	0	0
XM_047416491.1	13232	13004.3	0	0
XM_047416492.1	12685	12457.3	0	0
XM_047416493.1	15940	15712.3	0.147003	0.000421047
XM_047416494.1	15940	15712.3	0.0768935	0.000220238
XM_047416495.1	15937	15709.3	0.0491156	0.000140704
XM_047416496.1	264	94.6304	0	0
XM_047416497.1	15937	15709.3	0.00196078	5.61714e-06
XM_047416498.1	15934	15706.3	0.0110811	3.17506e-05
XM_047416499.1	15934	15706.3	0.0107248	3.07296e-05
XM_047416500.1	15919	15691.3	9.30819e-07	2.66962e-09
XM_047416501.1	15907	15679.3	189.015	0.542517
XM_047416502.1	15904	15676.3	19.7453	0.0566843
XM_047416503.1	15904	15676.3	22.8511	0.0656003
XM_047416504.1	15901	15673.3	14.6243	0.0419912
XM_047416505.1	15898	15670.3	1.49615	0.00429677
XM_047416506.1	15895	15667.3	505.806	1.45289
XM_047416507.1	15892	15664.3	61.2271	0.175904
XM_047416508.1	685	458.134	6	0.589388
XM_047416509.1	15892	15664.3	52.8833	0.151932
XM_047416510.1	15889	15661.3	506.835	1.4564
XM_047416511.1	15889	15661.3	584.571	1.67978
XM_047416512.1	15889	15661.3	39.2121	0.112677
XM_047416513.1	15889	15661.3	0.730528	0.00209919
XM_047416514.1	15886	15658.3	7.13154	0.0204966
XM_047416515.1	15886	15658.3	4.01501	0.0115394
XM_047416516.1	15883	15655.3	39.1852	0.112643
XM_047416517.1	15883	15655.3	89.1311	0.256219
XM_047416518.1	15880	15652.3	1.06484	0.0030616
XM_047416519.1	15871	15643.3	29.0387	0.0835394
XM_047416520.1	15868	15640.3	0.00366908	1.05573e-05
XM_047416521.1	15790	15562.3	66.7142	0.192924
XM_047416522.1	15787	15559.3	6.763	0.019561
XM_047416523.1	15784	15556.3	66.7142	0.192999
XM_047416524.1	10797	10569.3	1430.52	6.09101
XM_047416525.1	5346	5118.29	5.40591	0.047532
XM_047416526.1	5294	5066.29	5.64464	0.0501405
XM_047416527.1	4970	4742.29	0	0
XM_047416528.1	2825	2597.29	0	0
XM_047416529.1	1771	1543.29	0	0
XM_047416530.1	3617	3389.29	0.0027044	3.59091e-05
XM_047416531.1	3575	3347.29	27.4911	0.369608
XM_047416532.1	6863	6635.29	55.468	0.376205
XM_047416533.1	6457	6229.29	0	0
XM_047416534.1	4855	4627.29	0	0
XM_047416535.1	3297	3069.29	0	0
XM_047416536.1	2878	2650.29	16.5683	0.281336
XM_047416537.1	3808	3580.29	0.100101	0.00125824
XM_047416538.1	3796	3568.29	0.602998	0.00760497
XM_047416539.1	3796	3568.29	1.31014e-08	1.65234e-10
XM_047416540.1	2400	2172.29	1.02519	0.0212388
XM_047416541.1	7655	7427.29	7.28145	0.0441194
XM_047416542.1	3781	3553.29	0.000643838	8.15432e-06
XM_047416543.1	1572	1344.29	2.00063	0.0669755
XM_047416544.1	3993	3765.29	43.1716	0.515991
XM_047416545.1	2491	2263.29	14	0.278375
XM_047416546.1	3978	3750.29	0.435366	0.00522434
XM_047416547.1	3969	3741.29	50.8362	0.611496
XM_047416548.1	3966	3738.29	1.15015e-07	1.3846e-09
XM_047416549.1	3966	3738.29	2.32184	0.0279512
XM_047416550.1	3963	3735.29	0.186224	0.00224364
XM_047416551.1	3954	3726.29	0.500923	0.00604974
XM_047416552.1	600	374.838	0	0
XM_047416553.1	3951	3723.29	0.0034865	4.2141e-05
XM_047416554.1	3706	3478.29	0.188355	0.00243699
XM_047416555.1	22348	22120.3	1.00174	0.002038
XM_047416556.1	3939	3711.29	3.23284e-07	3.92014e-09
XM_047416557.1	255	89.2265	0	0
XM_047416558.1	784	556.487	2	0.16174
XM_047416559.1	1988	1760.29	7.23356	0.184931
XM_047416560.1	3876	3648.29	0.832269	0.0102664
XM_047416561.1	1102	874.293	0	0
XM_047416562.1	3864	3636.29	0.0663649	0.000821338
XM_047416563.1	3861	3633.29	0.00548865	6.79841e-05
XM_047416564.1	3616	3388.29	0.494934	0.00657369
XM_047416565.1	3852	3624.29	0.966906	0.0120061
XM_047416566.1	3592	3364.29	0.583273	0.00780226
XM_047416567.1	3786	3558.29	2.12796	0.0269131
XM_047416568.1	3774	3546.29	12.2433	0.155369
XM_047416569.1	3771	3543.29	0.886959	0.0112652
XM_047416570.1	3762	3534.29	2.49844	0.0318133
XM_047416571.1	3747	3519.29	7.64101e-07	9.77097e-09
XM_047416572.1	4996	4768.29	0	0
XM_047416573.1	4812	4584.29	0	0
XM_047416574.1	4495	4267.29	0	0
XM_047416575.1	3946	3718.29	0	0
XM_047416576.1	683	456.134	62.9824	6.21397
XM_047416577.1	867	639.427	2.11611	0.148932
XM_047416578.1	953	725.293	0	0
XM_047416579.1	891	663.427	9.94015	0.674282
XM_047416580.1	1047	819.293	0	0
XM_047416581.1	1353	1125.29	0	0
XM_047416582.1	2399	2171.29	47.1868	0.978013
XM_047416583.1	1305	1077.29	0	0
XM_047416584.1	2786	2558.29	0	0
XM_047416585.1	5803	5575.29	3.964	0.0319969
XM_047416586.1	734	506.753	15.709	1.39507
XM_047416587.1	13945	13717.3	0	0
XM_047416588.1	773	545.487	185.035	15.2655
XM_047416589.1	4770	4542.29	14.3121	0.141798
XM_047416590.1	1691	1463.29	7.4659	0.229611
XM_047416591.1	2431	2203.29	42.6561	0.871267
XM_047416592.1	546	322.964	96.9555	13.5101
XM_047416593.1	6234	6006.29	0	0
XM_047416594.1	6460	6232.29	0	0
XM_047416602.1	4420	4192.29	0	0
XM_047416606.1	6858	6630.29	19.6695	0.133507
XM_047416608.1	1299	1071.29	6.60465	0.277449
XM_047416609.1	1246	1018.29	0	0
XM_047416610.1	1499	1271.29	0	0
XM_047416611.1	10400	10172.3	5.63399e-06	2.49253e-08
XM_047416612.1	2707	2479.29	1889.96	34.3058
XM_047416613.1	10256	10028.3	2.17229e-05	9.74838e-08
XM_047416614.1	9039	8811.29	1851.09	9.45432
XM_047416615.1	2908	2680.29	32.9719	0.553611
XM_047416616.1	4159	3931.29	0	0
XM_047416617.1	3083	2855.29	33.4189	0.526725
XM_047416618.1	10342	10114.3	0	0
XM_047416619.1	10866	10638.3	9.64807	0.0408142
XM_047416620.1	2832	2604.29	4.26762e-06	7.37459e-08
XM_047416621.1	10790	10562.3	0.168397	0.000717494
XM_047416622.1	2740	2512.29	0	0
XM_047416623.1	2627	2399.29	0	0
XM_047416624.1	2551	2323.29	0	0
XM_047416625.1	2607	2379.29	0	0
XM_047416626.1	10674	10446.3	2.12107	0.00913764
XM_047416627.1	2435	2207.29	0	0
XM_047416628.1	3662	3434.29	3.09478	0.0405541
XM_047416629.1	1266	1038.29	0	0
XM_047416630.1	3737	3509.29	0	0
XM_047416631.1	2322	2094.29	12.6936	0.272765
XM_047416632.1	2534	2306.29	0	0
XM_047416633.1	3783	3555.29	0.74109	0.00938076
XM_047416634.1	3520	3292.29	0.76971	0.0105213
XM_047416635.1	3510	3282.29	0	0
XM_047416636.1	663	436.717	8.41235	0.866881
XM_047416637.1	665	438.717	8.13738	0.834723
XM_047416638.1	2482	2254.29	0	0
XM_047416639.1	2252	2024.29	58.5029	1.30061
XM_047416640.1	5201	4973.29	0	0
XM_047416641.1	5674	5446.29	0	0
XM_047416642.1	14649	14421.3	17.7491	0.0553878
XM_047416643.1	5488	5260.29	0	0
XM_047416644.1	4136	3908.29	18.5844	0.213995
XM_047416645.1	3737	3509.29	0	0
XM_047416646.1	2858	2630.29	0	0
XM_047416647.1	2162	1934.29	1	0.0232659
XM_047416648.1	5880	5652.29	107.013	0.85203
XM_047416649.1	2976	2748.29	103.352	1.69239
XM_047416650.1	4979	4751.29	0	0
XM_047416651.1	4693	4465.29	0	0
XM_047416652.1	2798	2570.29	0	0
XM_047416653.1	2189	1961.29	0	0
XM_047416654.1	2527	2299.29	0	0
XM_047416655.1	6549	6321.29	28.5392	0.203179
XM_047416656.1	5122	4894.29	0	0
XM_047416657.1	5290	5062.29	34.8463	0.309779
XM_047416658.1	4700	4472.29	0	0
XM_047416659.1	4441	4213.29	88.0981	0.940995
XM_047416660.1	3053	2825.29	0	0
XM_047416661.1	3928	3700.29	79.73	0.969678
XM_047416662.1	3684	3456.29	0	0
XM_047416663.1	3219	2991.29	0	0
XM_047416664.1	6994	6766.29	62.2995	0.414358
XM_047416665.1	4251	4023.29	565.47	6.32514
XM_047416666.1	6223	5995.29	44.4237	0.333462
XM_047416667.1	4135	3907.29	652.383	7.51397
XM_047416668.1	15341	15113.3	76.8695	0.228895
XM_047416669.1	7860	7632.29	199.925	1.17884
XM_047416670.1	7934	7706.29	5.87111	0.034286
XM_047416671.1	8037	7809.29	11.2674	0.0649314
XM_047416672.1	5226	4998.29	501.581	4.51608
XM_047416673.1	3974	3746.29	0	0
XM_047416674.1	6162	5934.29	0	0
XM_047416675.1	6755	6527.29	138.211	0.952909
XM_047416676.1	4177	3949.29	19.4053	0.221128
XM_047416677.1	3031	2803.29	0	0
XM_047416678.1	2393	2165.29	11.9488	0.248341
XM_047416679.1	5328	5100.29	73.8383	0.651522
XM_047416680.1	3452	3224.29	116.32	1.62353
XM_047416681.1	2466	2238.29	28.6525	0.576087
XM_047416682.1	1751	1523.29	7.68415	0.227015
XM_047416683.1	1565	1337.29	9.31633	0.313517
XM_047416684.1	6108	5880.29	0	0
XM_047416685.1	6365	6137.29	0	0
XM_047416686.1	6210	5982.29	0	0
XM_047416687.1	6199	5971.29	0	0
XM_047416688.1	6090	5862.29	0	0
XM_047416689.1	5988	5760.29	7.01254e-05	5.47865e-07
XM_047416690.1	1370	1142.29	1.09959	0.0433205
XM_047416691.1	1253	1025.29	25.4367	1.11649
XM_047416692.1	2880	2652.29	0	0
XM_047416693.1	2799	2571.29	0	0
XM_047416694.1	5239	5011.29	85.1584	0.764751
XM_047416695.1	2739	2511.29	12.8247	0.229823
XM_047416696.1	1204	976.293	0	0
XM_047416697.1	2928	2700.29	344.508	5.74157
XM_047416698.1	1018	790.293	0	0
XM_047416699.1	993	765.293	0	0
XM_047416700.1	7833	7605.29	6.93028	0.0410088
XM_047416701.1	2346	2118.29	2.34846	0.049893
XM_047416702.1	3997	3769.29	0	0
XM_047416703.1	2444	2216.29	0	0
XM_047416705.1	3670	3442.29	148.567	1.94231
XM_047416706.1	3641	3413.29	0	0
XM_047416707.1	4815	4587.29	0	0
XM_047416708.1	4780	4552.29	0	0
XM_047416709.1	4627	4399.29	0	0
XM_047416710.1	1079	851.293	0	0
XM_047416711.1	747	519.701	0	0
XM_047416712.1	387	181.366	0	0
XM_047416713.1	1801	1573.29	0	0
XM_047416714.1	4003	3775.29	6.3826	0.0760833
XM_047416715.1	3766	3538.29	5.41146	0.0688276
XM_047416716.1	3709	3481.29	0	0
XM_047416717.1	3866	3638.29	0	0
XM_047416718.1	3923	3695.29	0	0
XM_047416719.1	3496	3268.29	191.306	2.6342
XM_047416720.1	3361	3133.29	498.693	7.16266
XM_047416721.1	7207	6979.29	40.3033	0.259879
XM_047416722.1	6393	6165.29	79.7373	0.582036
XM_047416723.1	6152	5924.29	0	0
XM_047416724.1	6416	6188.29	712.328	5.18026
XM_047416725.1	1924	1696.29	0	0
XM_047416726.1	2009	1781.29	19.6257	0.495828
XM_047416727.1	2008	1780.29	0	0
XM_047416728.1	4279	4051.29	3.99141	0.0443379
XM_047416729.1	2565	2337.29	161.269	3.10513
XM_047416730.1	3310	3082.29	65.583	0.957547
XM_047416731.1	3457	3229.29	35.3574	0.492738
XM_047416732.1	7309	7081.29	25.0318	0.159082
XM_047416733.1	3250	3022.29	0	0
XM_047416735.1	1617	1389.29	42.7488	1.38475
XM_047416736.1	1478	1250.29	0	0
XM_047416737.1	4822	4594.29	0	0
XM_047416738.1	12432	12204.3	712.247	2.6264
XM_047416739.1	6536	6308.29	44.2197	0.315461
XM_047416740.1	12429	12201.3	166.798	0.615217
XM_047416741.1	1192	964.293	184.878	8.62818
XM_047416742.1	4586	4358.29	0	0
XM_047416743.1	5777	5549.29	1.59977e-06	1.29737e-08
XM_047416744.1	5034	4806.29	0	0
XM_047416745.1	4734	4506.29	0.000197614	1.97352e-06
XM_047416746.1	4713	4485.29	0	0
XM_047416747.1	4710	4482.29	0.000733216	7.36163e-06
XM_047416748.1	4951	4723.29	0	0
XM_047416749.1	4747	4519.29	5.54061	0.0551734
XM_047416750.1	4947	4719.29	0	0
XM_047416751.1	4659	4431.29	0.00210627	2.13907e-05
XM_047416752.1	4656	4428.29	35.1504	0.35722
XM_047416753.1	5040	4812.29	0	0
XM_047416754.1	4741	4513.29	4.08472	0.0407296
XM_047416755.1	4729	4501.29	12.281	0.122783
XM_047416756.1	4641	4413.29	0	0
XM_047416757.1	4726	4498.29	0	0
XM_047416758.1	4723	4495.29	0	0
XM_047416759.1	4635	4407.29	0.00807909	8.2496e-05
XM_047416760.1	5235	5007.29	0	0
XM_047416761.1	4632	4404.29	36.0225	0.368078
XM_047416762.1	6859	6631.29	0	0
XM_047416763.1	4705	4477.29	10.8846	0.109406
XM_047416764.1	4702	4474.29	1.07886	0.0108513
XM_047416765.1	4710	4482.29	37.9336	0.38086
XM_047416766.1	4651	4423.29	72.3294	0.735888
XM_047416767.1	5594	5366.29	4.2742	0.0358445
XM_047416768.1	4707	4479.29	68.299	0.686194
XM_047416769.1	4843	4615.29	0	0
XM_047416770.1	4630	4402.29	36.3603	0.371698
XM_047416771.1	5136	4908.29	0	0
XM_047416772.1	4824	4596.29	0	0
XM_047416773.1	4627	4399.29	3.41245	0.034908
XM_047416774.1	5132	4904.29	0	0
XM_047416775.1	4819	4591.29	0	0
XM_047416776.1	2701	2473.29	0	0
XM_047416777.1	3805	3577.29	3.3577	0.0422406
XM_047416778.1	2903	2675.29	2.01708	0.0339307
XM_047416779.1	2559	2331.29	10.0198	0.193421
XM_047416780.1	2712	2484.29	5.06127	0.0916852
XM_047416781.1	2694	2466.29	0	0
XM_047416782.1	2541	2313.29	0	0
XM_047416783.1	2584	2356.29	0	0
XM_047416784.1	2631	2403.29	0	0
XM_047416785.1	2478	2250.29	0	0
XM_047416786.1	2521	2293.29	0	0
XM_047416787.1	2610	2382.29	3.05032	0.0576226
XM_047416788.1	2607	2379.29	2.05083	0.0387905
XM_047416789.1	2275	2047.29	0	0
XM_047416790.1	2541	2313.29	0	0
XM_047416791.1	2388	2160.29	0	0
XM_047416792.1	2526	2298.29	0	0
XM_047416793.1	2520	2292.29	13.8926	0.272744
XM_047416794.1	2346	2118.29	7.21084	0.153194
XM_047416795.1	2499	2271.29	3.43893	0.0681385
XM_047416796.1	2170	1942.29	0	0
XM_047416797.1	2283	2055.29	0	0
XM_047416798.1	1760	1532.29	6.27185	0.184203
XM_047416799.1	2062	1834.29	0	0
XM_047416800.1	2572	2344.29	9.91968	0.190427
XM_047416801.1	8049	7821.29	0	0
XM_047416802.1	8066	7838.29	57.776	0.331717
XM_047416803.1	4804	4576.29	13.9765	0.137444
XM_047416804.1	3005	2777.29	0.0304754	0.000493822
XM_047416805.1	2998	2770.29	0.969525	0.0157498
XM_047416806.1	1341	1113.29	0	0
XM_047416807.1	1125	897.293	0	0
XM_047416808.1	14104	13876.3	13.599	0.0441038
XM_047416809.1	2646	2418.29	0.240405	0.0044738
XM_047416810.1	11559	11331.3	2.57453	0.010225
XM_047416811.1	2548	2320.29	46.5987	0.903802
XM_047416812.1	2579	2351.29	0	0
XM_047416813.1	2514	2286.29	0	0
XM_047416814.1	9439	9211.29	7.56486	0.0369592
XM_047416815.1	2476	2248.29	0	0
XM_047416816.1	3523	3295.29	0	0
XM_047416817.1	3452	3224.29	0	0
XM_047416818.1	3372	3144.29	0	0
XM_047416819.1	3142	2914.29	0	0
XM_047416820.1	2910	2682.29	29.8652	0.501074
XM_047416821.1	1007	779.293	0	0
XM_047416822.1	768	540.541	0	0
XM_047416823.1	1092	864.293	0	0
XM_047416824.1	7563	7335.29	59.512	0.365115
XM_047416825.1	3765	3537.29	0	0
XM_047416826.1	3587	3359.29	0	0
XM_047416827.1	2421	2193.29	32.745	0.671879
XM_047416828.1	798	570.487	14.5111	1.14471
XM_047416829.1	940	712.293	28.5184	1.80181
XM_047416830.1	14362	14134.3	9.55365	0.0304185
XM_047416831.1	4768	4540.29	0	0
XM_047416832.1	692	465.041	0	0
XM_047416833.1	2867	2639.29	188.715	3.21781
XM_047416834.1	11426	11198.3	0	0
XM_047416835.1	11249	11021.3	1.33671e-08	5.45817e-11
XM_047416836.1	11076	10848.3	61.701	0.255961
XM_047416837.1	10741	10513.3	0	0
XM_047416838.1	9275	9047.29	0	0
XM_047416839.1	5238	5010.29	0	0
XM_047416840.1	5268	5040.29	0	0
XM_047416841.1	2640	2412.29	0	0
XM_047416842.1	2550	2322.29	0	0
XM_047416843.1	2626	2398.29	0	0
XM_047416844.1	5023	4795.29	0	0
XM_047416845.1	4989	4761.29	0	0
XM_047416846.1	5252	5024.29	0.748765	0.00670677
XM_047416847.1	4888	4660.29	0.00097372	9.40293e-06
XM_047416848.1	5011	4783.29	0	0
XM_047416849.1	4977	4749.29	0	0
XM_047416850.1	5259	5031.29	0	0
XM_047416851.1	5018	4790.29	0	0
XM_047416852.1	4948	4720.29	0	0
XM_047416853.1	5006	4778.29	0	0
XM_047416854.1	4936	4708.29	0	0
XM_047416855.1	4902	4674.29	0	0
XM_047416856.1	5041	4813.29	3.01629	0.0282016
XM_047416857.1	5060	4832.29	1.56435	0.0145688
XM_047416858.1	4730	4502.29	1.79601	0.0179522
XM_047416859.1	5029	4801.29	4.8111	0.045095
XM_047416860.1	1879	1651.29	51.457	1.40237
XM_047416861.1	1867	1639.29	18.5537	0.50935
XM_047416862.1	1836	1608.29	366.424	10.2532
XM_047416864.1	4128	3900.29	0	0
XM_047416865.1	10051	9823.29	202.517	0.927783
XM_047416866.1	9869	9641.29	0	0
XM_047416867.1	992	764.293	84.7093	4.98785
XM_047416868.1	1505	1277.29	4.63322	0.163243
XM_047416869.1	1004	776.293	0	0
XM_047416870.1	2251	2023.29	0	0
XM_047416871.1	1407	1179.29	0	0
XM_047416872.1	2118	1890.29	1.2434	0.0296022
XM_047416873.1	1424	1196.29	1.15596	0.0434857
XM_047416874.1	5081	4853.29	0	0
XM_047416875.1	3347	3119.29	16.3324	0.235634
XM_047416876.1	5246	5018.29	0	0
XM_047416877.1	5234	5006.29	0	0
XM_047416878.1	5213	4985.29	0	0
XM_047416879.1	4578	4350.29	0	0
XM_047416880.1	4557	4329.29	0	0
XM_047416881.1	4545	4317.29	0	0
XM_047416882.1	1935	1707.29	0	0
XM_047416883.1	8960	8732.29	60.7734	0.313204
XM_047416884.1	6381	6153.29	0	0
XM_047416885.1	5835	5607.29	0	0
XM_047416886.1	16410	16182.3	28.4543	0.0791318
XM_047416887.1	4628	4400.29	1035	10.5853
XM_047416888.1	2387	2159.29	0	0
XM_047416889.1	5568	5340.29	14.738	0.124198
XM_047416890.1	5541	5313.29	7.69942	0.0652134
XM_047416891.1	18793	18565.3	16.626	0.0403021
XM_047416892.1	2236	2008.29	0	0
XM_047416893.1	4152	3924.29	1.25714	0.0144166
XM_047416894.1	4265	4037.29	0.0394574	0.000439826
XM_047416895.1	4149	3921.29	8.38753	0.0962603
XM_047416896.1	4059	3831.29	1.99173e-08	2.33952e-10
XM_047416897.1	4056	3828.29	1.41528e-07	1.66372e-09
XM_047416898.1	2845	2617.29	0.000105351	1.81146e-06
XM_047416899.1	2729	2501.29	0.374535	0.00673861
XM_047416900.1	2830	2602.29	0.00270726	4.68184e-05
XM_047416901.1	2714	2486.29	11.2198	0.203084
XM_047416902.1	4105	3877.29	0	0
XM_047416903.1	4221	3993.29	0	0
XM_047416904.1	3936	3708.29	0	0
XM_047416905.1	4206	3978.29	0	0
XM_047416906.1	4090	3862.29	0	0
XM_047416907.1	3921	3693.29	0	0
XM_047416908.1	2670	2442.29	0	0
XM_047416909.1	1649	1421.29	0	0
XM_047416910.1	1494	1266.29	1	0.0355392
XM_047416911.1	11268	11040.3	10.2024	0.0415875
XM_047416912.1	1885	1657.29	0	0
XM_047416913.1	3788	3560.29	0	0
XM_047416914.1	6155	5927.29	5.09988	0.038721
XM_047416915.1	3786	3558.29	0	0
XM_047416916.1	3335	3107.29	0	0
XM_047416917.1	3275	3047.29	0	0
XM_047416918.1	3918	3690.29	0	0
XM_047416919.1	3131	2903.29	0	0
XM_047416920.1	10240	10012.3	0	0
XM_047416921.1	5818	5590.29	0	0
XM_047416922.1	3272	3044.29	0	0
XM_047416923.1	5682	5454.29	53.5735	0.442032
XM_047416924.1	5577	5349.29	0	0
XM_047416925.1	6067	5839.29	0	0
XM_047416926.1	3158	2930.29	0	0
XM_047416927.1	12685	12457.3	0	0
XM_047416928.1	11699	11471.3	27.9476	0.109641
XM_047416929.1	5433	5205.29	0	0
XM_047416930.1	3549	3321.29	483.785	6.55522
XM_047416931.1	3673	3445.29	0.000150672	1.96811e-06
XM_047416932.1	3393	3165.29	0	0
XM_047416933.1	3231	3003.29	111.807	1.67539
XM_047416934.1	12053	11825.3	0	0
XM_047416935.1	11930	11702.3	0	0
XM_047416936.1	3134	2906.29	0	0
XM_047416937.1	11885	11657.3	5.47432	0.0211337
XM_047416938.1	11681	11453.3	0	0
XM_047416939.1	11636	11408.3	0.168528	0.000664804
XM_047416940.1	11694	11466.3	4.6996	0.0184451
XM_047416941.1	17637	17409.3	60.4027	0.156141
XM_047416942.1	2500	2272.29	0	0
XM_047416943.1	3055	2827.29	0	0
XM_047416944.1	2435	2207.29	0	0
XM_047416945.1	2354	2126.29	8.51057	0.180127
XM_047416946.1	1512	1284.29	43.7431	1.53281
XM_047416947.1	1991	1763.29	0	0
XM_047416948.1	2478	2250.29	24.9609	0.499188
XM_047416949.1	3770	3542.29	10.2882	0.130706
XM_047416950.1	4113	3885.29	1.55586	0.0180214
XM_047416951.1	3836	3608.29	43.1245	0.537855
XM_047416952.1	3761	3533.29	8.15602	0.103882
XM_047416953.1	1509	1281.29	6.77771	0.238055
XM_047416954.1	3981	3753.29	0	0
XM_047416955.1	3704	3476.29	0	0
XM_047416956.1	3629	3401.29	0	0
XM_047416957.1	3684	3456.29	25.3043	0.329477
XM_047416958.1	3948	3720.29	0.00934601	0.000113055
XM_047416959.1	5623	5395.29	597.406	4.98307
XM_047416960.1	5402	5174.29	70.9384	0.616982
XM_047416961.1	2337	2109.29	0	0
XM_047416962.1	2965	2737.29	0	0
XM_047416963.1	2552	2324.29	6.66791	0.129104
XM_047416964.1	2804	2576.29	0	0
XM_047416965.1	10690	10462.3	0	0
XM_047416966.1	2993	2765.29	0	0
XM_047416967.1	2990	2762.29	0	0
XM_047416968.1	1366	1138.29	1.5871e-08	6.2747e-10
XM_047416969.1	2928	2700.29	0	0
XM_047416970.1	3384	3156.29	0	0
XM_047416971.1	2858	2630.29	0	0
XM_047416972.1	2828	2600.29	0.683814	0.0118347
XM_047416973.1	2825	2597.29	3.32872	0.0576765
XM_047416974.1	3224	2996.29	0	0
XM_047416975.1	9232	9004.29	0	0
XM_047416976.1	8774	8546.29	0	0
XM_047416977.1	6025	5797.29	0	0
XM_047416978.1	2716	2488.29	0	0
XM_047416979.1	2714	2486.29	0	0
XM_047416980.1	9094	8866.29	0	0
XM_047416981.1	8663	8435.29	0	0
XM_047416982.1	9062	8834.29	0	0
XM_047416983.1	3964	3736.29	6.1186	0.0736976
XM_047416984.1	12707	12479.3	7.03079	0.0253546
XM_047416985.1	3535	3307.29	0	0
XM_047416986.1	2282	2054.29	0	0
XM_047416987.1	11759	11531.3	0	0
XM_047416988.1	2277	2049.29	0	0
XM_047416989.1	2304	2076.29	0.418294	0.00906642
XM_047416990.1	2920	2692.29	0	0
XM_047416991.1	2928	2700.29	3.25489	0.054246
XM_047416992.1	8377	8149.29	7.0972	0.0391931
XM_047416993.1	1649	1421.29	0.958665	0.0303547
XM_047416994.1	7198	6970.29	0	0
XM_047416995.1	6871	6643.29	0	0
XM_047416996.1	6605	6377.29	0	0
XM_047416997.1	10533	10305.3	0	0
XM_047416998.1	5545	5317.29	0	0
XM_047416999.1	2947	2719.29	0	0
XM_047417000.1	5898	5670.29	0	0
XM_047417001.1	6625	6397.29	0	0
XM_047417002.1	4580	4352.29	0	0
XM_047417003.1	4287	4059.29	0	0
XM_047417004.1	6621	6393.29	15.4843	0.108996
XM_047417005.1	6840	6612.29	0	0
XM_047417006.1	15303	15075.3	104.612	0.312289
XM_047417007.1	15249	15021.3	109.402	0.327762
XM_047417008.1	15237	15009.3	4.36774	0.013096
XM_047417009.1	15228	15000.3	0	0
XM_047417010.1	15192	14964.3	326.463	0.981793
XM_047417011.1	15177	14949.3	3.66542	0.0110343
XM_047417012.1	15174	14946.3	3.61777	0.010893
XM_047417013.1	15072	14844.3	23.0064	0.0697478
XM_047417014.1	15054	14826.3	0.745183	0.0022619
XM_047417015.1	6532	6304.29	12.7491	0.0910089
XM_047417016.1	6517	6289.29	24.1174	0.172572
XM_047417017.1	7166	6938.29	1.00375	0.0065105
XM_047417018.1	7148	6920.29	41.5451	0.27017
XM_047417019.1	10304	10076.3	4.95917	0.0221488
XM_047417020.1	6788	6560.29	8.39108	0.0575622
XM_047417021.1	7242	7014.29	8.9778	0.0576008
XM_047417022.1	4149	3921.29	0	0
XM_047417023.1	4222	3994.29	218.417	2.46087
XM_047417024.1	6503	6275.29	0	0
XM_047417025.1	6661	6433.29	0	0
XM_047417026.1	8122	7894.29	1.24001e-07	7.06895e-10
XM_047417027.1	2897	2669.29	1.64927	0.0278059
XM_047417028.1	6485	6257.29	195.162	1.40363
XM_047417029.1	8119	7891.29	46.7163	0.266417
XM_047417030.1	6591	6363.29	58.8016	0.415862
XM_047417031.1	6539	6311.29	193.197	1.37761
XM_047417032.1	6359	6131.29	0	0
XM_047417033.1	7993	7765.29	3.24507e-08	1.88065e-10
XM_047417034.1	6356	6128.29	51.1882	0.3759
XM_047417035.1	6465	6237.29	0	0
XM_047417036.1	6401	6173.29	0	0
XM_047417037.1	6413	6185.29	0	0
XM_047417038.1	6398	6170.29	33.3781	0.243443
XM_047417039.1	6410	6182.29	51.1487	0.372329
XM_047417040.1	7607	7379.29	0	0
XM_047417041.1	7378	7150.29	7.4234	0.046722
XM_047417042.1	6553	6325.29	0	0
XM_047417043.1	6352	6124.29	0.0112243	8.24797e-05
XM_047417044.1	6451	6223.29	0	0
XM_047417045.1	6345	6117.29	87.0626	0.640494
XM_047417046.1	6301	6073.29	35.3345	0.261829
XM_047417047.1	6303	6075.29	48.4139	0.358629
XM_047417048.1	1962	1734.29	258.413	6.70554
XM_047417049.1	1206	978.293	17.8723	0.822156
XM_047417051.1	4389	4161.29	0	0
XM_047417052.1	4362	4134.29	56.6007	0.616116
XM_047417053.1	1719	1491.29	109.022	3.28998
XM_047417054.1	4505	4277.29	10.359	0.108991
XM_047417055.1	4457	4229.29	27.0361	0.287686
XM_047417056.1	1748	1520.29	2.59143	0.0767106
XM_047417057.1	4271	4043.29	3.68471	0.041012
XM_047417058.1	8956	8728.29	0	0
XM_047417059.1	21141	20913.3	6.14031	0.0132133
XM_047417060.1	8842	8614.29	0	0
XM_047417061.1	8888	8660.29	0	0
XM_047417062.1	8864	8636.29	0	0
XM_047417063.1	2740	2512.29	0	0
XM_047417064.1	20254	20026.3	0.000485009	1.08991e-06
XM_047417065.1	21050	20822.3	0	0
XM_047417066.1	8774	8546.29	12.5857	0.0662739
XM_047417067.1	12192	11964.3	14.061	0.0528898
XM_047417068.1	9687	9459.29	104.712	0.498174
XM_047417069.1	9443	9215.29	5.12799	0.0250427
XM_047417070.1	9371	9143.29	7.94433e-05	3.91018e-07
XM_047417071.1	4924	4696.29	0	0
XM_047417072.1	4970	4742.29	0	0
XM_047417073.1	4961	4733.29	0	0
XM_047417074.1	4823	4595.29	0	0
XM_047417075.1	1838	1610.29	2	0.0558943
XM_047417076.1	1664	1436.29	2.1593	0.0676569
XM_047417077.1	11377	11149.3	0	0
XM_047417078.1	5997	5769.29	0	0
XM_047417079.1	6619	6391.29	18.2848	0.128749
XM_047417080.1	6645	6417.29	0	0
XM_047417081.1	8042	7814.29	3.68647	0.0212306
XM_047417082.1	6892	6664.29	0	0
XM_047417083.1	6049	5821.29	0	0
XM_047417084.1	5925	5697.29	0	0
XM_047417085.1	6021	5793.29	0	0
XM_047417086.1	5924	5696.29	0	0
XM_047417087.1	5654	5426.29	0.0653939	0.000542346
XM_047417088.1	5121	4893.29	16.4961	0.151713
XM_047417089.1	5029	4801.29	0	0
XM_047417090.1	5128	4900.29	15.0778	0.13847
XM_047417091.1	6569	6341.29	27.4591	0.194873
XM_047417092.1	5034	4806.29	80.3057	0.751931
XM_047417093.1	4488	4260.29	0	0
XM_047417094.1	2774	2546.29	0	0
XM_047417095.1	3508	3280.29	0	0
XM_047417096.1	1744	1516.29	0	0
XM_047417097.1	1476	1248.29	0	0
XM_047417098.1	1744	1516.29	0	0
XM_047417099.1	1215	987.293	0	0
XM_047417100.1	6701	6473.29	0	0
XM_047417101.1	6243	6015.29	0	0
XM_047417102.1	6155	5927.29	0	0
XM_047417103.1	9541	9313.29	76.7733	0.370979
XM_047417104.1	926	698.293	0	0
XM_047417105.1	1445	1217.29	0	0
XM_047417106.1	4816	4588.29	0	0
XM_047417107.1	4711	4483.29	0	0
XM_047417108.1	4420	4192.29	0	0
XM_047417109.1	4125	3897.29	11.4699	0.132446
XM_047417110.1	5056	4828.29	0	0
XM_047417111.1	7754	7526.29	0	0
XM_047417112.1	2412	2184.29	0	0
XM_047417113.1	2333	2105.29	0	0
XM_047417114.1	765	537.541	34.2039	2.86356
XM_047417115.1	3015	2787.29	0	0
XM_047417116.1	10384	10156.3	9.87094	0.0437387
XM_047417117.1	3534	3306.29	0	0
XM_047417118.1	4927	4699.29	0	0
XM_047417119.1	4864	4636.29	12.0834	0.11729
XM_047417120.1	4909	4681.29	2.14247e-05	2.05964e-07
XM_047417121.1	5105	4877.29	0	0
XM_047417122.1	10422	10194.3	0.0589858	0.000260395
XM_047417123.1	2908	2680.29	0	0
XM_047417124.1	4542	4314.29	52.5347	0.547998
XM_047417125.1	8167	7939.29	2246.71	12.7352
XM_047417126.1	3764	3536.29	6.12947	0.078004
XM_047417127.1	3169	2941.29	0	0
XM_047417128.1	5506	5278.29	0	0
XM_047417129.1	2060	1832.29	0	0
XM_047417130.1	1608	1380.29	0	0
XM_047417131.1	1533	1305.29	0	0
XM_047417132.1	1426	1198.29	0	0
XM_047417133.1	1542	1314.29	129.237	4.42523
XM_047417134.1	2531	2303.29	0	0
XM_047417135.1	5327	5099.29	0	0
XM_047417136.1	1151	923.293	0	0
XM_047417137.1	3762	3534.29	0	0
XM_047417138.1	1844	1616.29	1483.16	41.2963
XM_047417139.1	1703	1475.29	871.645	26.5891
XM_047417140.1	4068	3840.29	0	0
XM_047417141.1	5738	5510.29	11.7469	0.0959382
XM_047417142.1	3697	3469.29	0	0
XM_047417143.1	4088	3860.29	1	0.0116579
XM_047417144.1	3791	3563.29	7.3525	0.0928593
XM_047417145.1	7848	7620.29	34.2578	0.202316
XM_047417146.1	5206	4978.29	0	0
XM_047417147.1	7372	7144.29	0	0
XM_047417148.1	769	541.541	0	0
XM_047417149.1	964	736.293	0	0
XM_047417150.1	873	645.427	17.1589	1.19642
XM_047417151.1	7498	7270.29	0	0
XM_047417152.1	7486	7258.29	130.191	0.807212
XM_047417153.1	3462	3234.29	9.8578	0.137165
XM_047417154.1	3239	3011.29	0	0
XM_047417155.1	3676	3448.29	25.3985	0.331472
XM_047417156.1	1495	1267.29	0	0
XM_047417157.1	10713	10485.3	0	0
XM_047417158.1	10512	10284.3	0	0
XM_047417159.1	11349	11121.3	0	0
XM_047417160.1	11183	10955.3	0	0
XM_047417161.1	9842	9614.29	0.00122057	5.71331e-06
XM_047417162.1	11671	11443.3	0	0
XM_047417163.1	9761	9533.29	133.101	0.628321
XM_047417164.1	9964	9736.29	0	0
XM_047417165.1	9777	9549.29	0	0
XM_047417166.1	4635	4407.29	0	0
XM_047417167.1	2944	2716.29	2162.43	35.8268
XM_047417168.1	8410	8182.29	30.2233	0.16623
XM_047417169.1	2963	2735.29	5.89813	0.0970404
XM_047417170.1	5204	4976.29	1.69147e-07	1.52968e-09
XM_047417171.1	4001	3773.29	0	0
XM_047417172.1	10622	10394.3	0	0
XM_047417173.1	2901	2673.29	14.7086	0.24761
XM_047417174.1	2889	2661.29	0	0
XM_047417175.1	2174	1946.29	534.897	12.3681
XM_047417177.1	11831	11603.3	105.803	0.410352
XM_047417178.1	5398	5170.29	0.180133	0.00156791
XM_047417179.1	4223	3995.29	50.5164	0.569018
XM_047417180.1	1518	1290.29	11.6405	0.406
XM_047417181.1	8807	8579.29	0	0
XM_047417182.1	8810	8582.29	0	0
XM_047417183.1	7390	7162.29	0	0
XM_047417184.1	7083	6855.29	0	0
XM_047417185.1	7096	6868.29	0	0
XM_047417186.1	7208	6980.29	0	0
XM_047417187.1	7393	7165.29	0	0
XM_047417188.1	8942	8714.29	0	0
XM_047417189.1	7384	7156.29	0	0
XM_047417190.1	8783	8555.29	0	0
XM_047417191.1	8786	8558.29	0	0
XM_047417192.1	8885	8657.29	0	0
XM_047417193.1	7075	6847.29	0	0
XM_047417194.1	7446	7218.29	0	0
XM_047417195.1	7181	6953.29	0	0
XM_047417196.1	8882	8654.29	0	0
XM_047417197.1	7366	7138.29	0	0
XM_047417198.1	7059	6831.29	0	0
XM_047417199.1	7184	6956.29	0	0
XM_047417200.1	7062	6834.29	16.1684	0.106467
XM_047417201.1	7072	6844.29	0	0
XM_047417202.1	8780	8552.29	0	0
XM_047417203.1	8879	8651.29	0	0
XM_047417204.1	7587	7359.29	0	0
XM_047417205.1	7590	7362.29	0	0
XM_047417206.1	7563	7335.29	82.856	0.508334
XM_047417207.1	7566	7338.29	0	0
XM_047417208.1	6094	5866.29	0	0
XM_047417209.1	6226	5998.29	0	0
XM_047417210.1	7662	7434.29	0	0
XM_047417211.1	7665	7437.29	0	0
XM_047417213.1	7557	7329.29	0	0
XM_047417214.1	7560	7332.29	0	0
XM_047417215.1	6223	5995.29	0	0
XM_047417216.1	7659	7431.29	0	0
XM_047417217.1	9056	8828.29	0	0
XM_047417218.1	4214	3986.29	0	0
XM_047417219.1	7302	7074.29	0	0
XM_047417220.1	6809	6581.29	0	0
XM_047417221.1	13801	13573.3	65.7354	0.21795
XM_047417222.1	13504	13276.3	0	0
XM_047417223.1	9012	8784.29	4.28786	0.0219673
XM_047417224.1	9692	9464.29	61.0855	0.290464
XM_047417225.1	8991	8763.29	37.8789	0.194523
XM_047417226.1	9135	8907.29	0	0
XM_047417227.1	8918	8690.29	0	0
XM_047417228.1	8617	8389.29	0	0
XM_047417229.1	8606	8378.29	0	0
XM_047417230.1	1564	1336.29	0	0
XM_047417231.1	6711	6483.29	1115	7.73966
XM_047417232.1	4933	4705.29	0	0
XM_047417233.1	4436	4208.29	10.0954	0.107959
XM_047417234.1	4011	3783.29	0	0
XM_047417235.1	1612	1384.29	0	0
XM_047417236.1	1540	1312.29	0	0
XM_047417237.1	1258	1030.29	10.593	0.462703
XM_047417238.1	1256	1028.29	7.78006	0.340493
XM_047417239.1	1458	1230.29	13.8936	0.508216
XM_047417240.1	5369	5141.29	0	0
XM_047417241.1	5898	5670.29	92.0969	0.73094
XM_047417242.1	5844	5616.29	0	0
XM_047417243.1	5168	4940.29	6.92137	0.0630495
XM_047417244.1	5048	4820.29	0	0
XM_047417245.1	5523	5295.29	134.254	1.14098
XM_047417246.1	3571	3343.29	5.47778e-06	7.37348e-08
XM_047417247.1	3568	3340.29	383.327	5.16449
XM_047417248.1	4610	4382.29	0	0
XM_047417249.1	5600	5372.29	0	0
XM_047417250.1	5597	5369.29	0	0
XM_047417251.1	5543	5315.29	0	0
XM_047417252.1	4493	4265.29	0	0
XM_047417253.1	3196	2968.29	1.36417e-06	2.06826e-08
XM_047417254.1	5279	5051.29	14.988	0.133531
XM_047417255.1	5276	5048.29	0	0
XM_047417256.1	5222	4994.29	0	0
XM_047417257.1	6539	6311.29	0	0
XM_047417258.1	6239	6011.29	11.5938	0.0867959
XM_047417259.1	1488	1260.29	0	0
XM_047417260.1	2301	2073.29	5.16045	0.112013
XM_047417261.1	4378	4150.29	34.7985	0.377332
XM_047417262.1	3910	3682.29	36.7579	0.449236
XM_047417263.1	3746	3518.29	68.0196	0.870051
XM_047417264.1	1101	873.293	0	0
XM_047417265.1	1486	1258.29	0	0
XM_047417266.1	1445	1217.29	0	0
XM_047417267.1	2761	2533.29	0	0
XM_047417268.1	2211	1983.29	4.03095	0.0914667
XM_047417269.1	1620	1392.29	0	0
XM_047417270.1	2031	1803.29	13.3185	0.332376
XM_047417271.1	4964	4736.29	0	0
XM_047417272.1	4946	4718.29	0	0
XM_047417273.1	5380	5152.29	0	0
XM_047417274.1	4970	4742.29	0	0
XM_047417275.1	5632	5404.29	0	0
XM_047417276.1	5198	4970.29	0	0
XM_047417277.1	5275	5047.29	0	0
XM_047417278.1	5239	5011.29	19.3542	0.173807
XM_047417279.1	4882	4654.29	0	0
XM_047417280.1	4805	4577.29	0	0
XM_047417281.1	4823	4595.29	0	0
XM_047417282.1	5675	5447.29	0	0
XM_047417283.1	5368	5140.29	96.7627	0.847154
XM_047417284.1	5302	5074.29	52.5886	0.466399
XM_047417285.1	5592	5364.29	7.09375	0.0595122
XM_047417286.1	5526	5298.29	10.2897	0.0873999
XM_047417287.1	5218	4990.29	10.468	0.0944019
XM_047417288.1	5525	5297.29	0	0
XM_047417289.1	5903	5675.29	286.595	2.2726
XM_047417290.1	2089	1861.29	9.5371	0.230592
XM_047417291.1	1938	1710.29	7.14626	0.18804
XM_047417292.1	5616	5388.29	0	0
XM_047417293.1	8080	7852.29	0	0
XM_047417294.1	8336	8108.29	0	0
XM_047417295.1	8308	8080.29	0	0
XM_047417296.1	8471	8243.29	0	0
XM_047417297.1	7669	7441.29	0	0
XM_047417298.1	47908	47680.3	10.6917	0.0100914
XM_047417299.1	11407	11179.3	10.2694	0.0413402
XM_047417300.1	1481	1253.29	0	0
XM_047417301.1	37513	37285.3	16.7506	0.0202178
XM_047417302.1	9398	9170.29	51.4457	0.252469
XM_047417303.1	2293	2065.29	11.5314	0.25127
XM_047417304.1	1556	1328.29	0	0
XM_047417305.1	3527	3299.29	1.49674	0.0204158
XM_047417306.1	3531	3303.29	0	0
XM_047417307.1	3573	3345.29	0	0
XM_047417308.1	5313	5085.29	0	0
XM_047417309.1	5309	5081.29	26.8008	0.237364
XM_047417310.1	7672	7444.29	0	0
XM_047417311.1	1811	1583.29	0	0
XM_047417312.1	1807	1579.29	17.2189	0.490665
XM_047417313.1	7628	7400.29	19.7848	0.120317
XM_047417314.1	854	626.427	92.3221	6.6325
XM_047417315.1	8042	7814.29	5.73988	0.0330564
XM_047417316.1	15508	15280.3	0.0514378	0.000151493
XM_047417317.1	15457	15229.3	5.03375	0.0148749
XM_047417318.1	2346	2118.29	0	0
XM_047417319.1	1924	1696.29	3.89275	0.103276
XM_047417322.1	7155	6927.29	8.49104e-06	5.5162e-08
XM_047417323.1	7082	6854.29	17.2498	0.113256
XM_047417324.1	6678	6450.29	0	0
XM_047417325.1	1739	1511.29	191.595	5.7053
XM_047417326.1	4802	4574.29	0	0
XM_047417327.1	3014	2786.29	0	0
XM_047417328.1	2543	2315.29	0	0
XM_047417329.1	4802	4574.29	0	0
XM_047417330.1	2964	2736.29	3.96536	0.0652171
XM_047417331.1	2024	1796.29	17.5378	0.439379
XM_047417332.1	1559	1331.29	0	0
XM_047417333.1	4793	4565.29	0	0
XM_047417334.1	5174	4946.29	58.1774	0.529318
XM_047417335.1	3444	3216.29	0	0
XM_047417336.1	3396	3168.29	0	0
XM_047417337.1	4853	4625.29	0	0
XM_047417338.1	3629	3401.29	54.6938	0.723663
XM_047417339.1	2323	2095.29	7.46355	0.160303
XM_047417340.1	2415	2187.29	0	0
XM_047417341.1	4853	4625.29	13.5838	0.132167
XM_047417342.1	4790	4562.29	0	0
XM_047417343.1	3221	2993.29	0	0
XM_047417344.1	2703	2475.29	441.751	8.03144
XM_047417345.1	2641	2413.29	110.107	2.05328
XM_047417346.1	2550	2322.29	12.2456	0.237304
XM_047417347.1	5220	4992.29	396.738	3.5764
XM_047417348.1	2808	2580.29	0	0
XM_047417349.1	3667	3439.29	0	0
XM_047417350.1	3593	3365.29	0	0
XM_047417351.1	1323	1095.29	25.9524	1.06632
XM_047417352.1	1290	1062.29	0	0
XM_047417353.1	1697	1469.29	10.0408	0.307541
XM_047417354.1	2195	1967.29	112.661	2.5772
XM_047417355.1	2083	1855.29	0	0
XM_047417356.1	2096	1868.29	0	0
XM_047417357.1	1894	1666.29	34.155	0.922455
XM_047417358.1	1884	1656.29	17.7382	0.481965
XM_047417359.1	9479	9251.29	0	0
XM_047417360.1	4276	4048.29	0	0
XM_047417361.1	4076	3848.29	0	0
XM_047417362.1	1550	1322.29	0	0
XM_047417363.1	16219	15991.3	0	0
XM_047417364.1	13955	13727.3	66.3026	0.217364
XM_047417365.1	13796	13568.3	9.92014e-09	3.2903e-11
XM_047417366.1	2294	2066.29	0	0
XM_047417367.1	16136	15908.3	0	0
XM_047417368.1	15774	15546.3	35.3615	0.102364
XM_047417369.1	2311	2083.29	0	0
XM_047417370.1	2550	2322.29	0	0
XM_047417371.1	3473	3245.29	0	0
XM_047417372.1	9657	9429.29	3.02365	0.0144309
XM_047417373.1	13016	12788.3	38.4646	0.13536
XM_047417374.1	7352	7124.29	1.3823	0.00873177
XM_047417375.1	6821	6593.29	0	0
XM_047417376.1	8788	8560.29	0.244461	0.00128518
XM_047417377.1	8776	8548.29	0.184829	0.000973047
XM_047417378.1	8665	8437.29	0.487239	0.00259885
XM_047417379.1	8653	8425.29	0.368977	0.00197086
XM_047417380.1	8644	8416.29	2.30193	0.0123087
XM_047417381.1	8632	8404.29	1.75263	0.00938496
XM_047417382.1	8521	8293.29	13.7377	0.0745467
XM_047417383.1	8509	8281.29	10.5885	0.0575413
XM_047417384.1	8314	8086.29	21.3897	0.119041
XM_047417385.1	8302	8074.29	16.5316	0.0921412
XM_047417386.1	16017	15789.3	31.6047	0.0900806
XM_047417387.1	5019	4791.29	6.0602	0.0569216
XM_047417388.1	11495	11267.3	0	0
XM_047417389.1	4030	3802.29	9.49798	0.112416
XM_047417390.1	11682	11454.3	0	0
XM_047417391.1	11142	10914.3	0	0
XM_047417392.1	3932	3704.29	0	0
XM_047417393.1	4024	3796.29	0	0
XM_047417394.1	4010	3782.29	0	0
XM_047417395.1	2626	2398.29	0	0
XM_047417396.1	4255	4027.29	0	0
XM_047417397.1	3747	3519.29	0	0
XM_047417398.1	3663	3435.29	22.4922	0.294653
XM_047417399.1	1955	1727.29	0	0
XM_047417400.1	4779	4551.29	130.194	1.28736
XM_047417401.1	2358	2130.29	0	0
XM_047417402.1	2318	2090.29	44.7705	0.963889
XM_047417403.1	2473	2245.29	13.4915	0.270414
XM_047417404.1	1608	1380.29	0	0
XM_047417405.1	5159	4931.29	0	0
XM_047417406.1	2203	1975.29	0	0
XM_047417407.1	2252	2024.29	0	0
XM_047417408.1	3833	3605.29	63.1749	0.788581
XM_047417409.1	1865	1637.29	0	0
XM_047417410.1	877	649.427	55.9884	3.87981
XM_047417411.1	2541	2313.29	305.742	5.94794
XM_047417412.1	926	698.293	0	0
XM_047417413.1	3523	3295.29	0	0
XM_047417414.1	3489	3261.29	0	0
XM_047417415.1	2089	1861.29	0	0
XM_047417416.1	1653	1425.29	0	0
XM_047417417.1	1925	1697.29	0	0
XM_047417418.1	10388	10160.3	0	0
XM_047417419.1	10125	9897.29	0	0
XM_047417420.1	10122	9894.29	0	0
XM_047417421.1	9432	9204.29	0	0
XM_047417422.1	9426	9198.29	0	0
XM_047417423.1	9405	9177.29	0	0
XM_047417424.1	9413	9185.29	4.28018e-05	2.09706e-07
XM_047417425.1	9407	9179.29	0	0
XM_047417426.1	9386	9158.29	243.737	1.1977
XM_047417427.1	9490	9262.29	347.55	1.68865
XM_047417428.1	9679	9451.29	4.1645e-06	1.98296e-08
XM_047417429.1	9652	9424.29	15.8994	0.0759232
XM_047417430.1	10215	9987.29	0	0
XM_047417431.1	9749	9521.29	51.0755	0.241412
XM_047417432.1	9200	8972.29	0.841622	0.0042214
XM_047417433.1	9466	9238.29	0.0594481	0.000289594
XM_047417434.1	8993	8765.29	6.32763e-06	3.24875e-08
XM_047417435.1	8966	8738.29	77.3721	0.398474
XM_047417436.1	6387	6159.29	0	0
XM_047417437.1	6308	6080.29	22.4338	0.166043
XM_047417438.1	6372	6144.29	0	0
XM_047417439.1	6001	5773.29	2.03216	0.0158408
XM_047417440.1	6184	5956.29	0	0
XM_047417441.1	5989	5761.29	38.8314	0.303323
XM_047417442.1	1475	1247.29	64.5547	2.32917
XM_047417443.1	8511	8283.29	405.203	2.20147
XM_047417444.1	8500	8272.29	350.682	1.90779
XM_047417445.1	1804	1576.29	959.326	27.3887
XM_047417446.1	4355	4127.29	0	0
XM_047417447.1	5642	5414.29	5.0562	0.0420267
XM_047417448.1	32502	32274.3	11.431	0.0159394
XM_047417449.1	5435	5207.29	0	0
XM_047417450.1	5291	5063.29	0	0
XM_047417451.1	6809	6581.29	0	0
XM_047417452.1	8846	8618.29	3.01773	0.015758
XM_047417453.1	10461	10233.3	66.196	0.291111
XM_047417454.1	4210	3982.29	30.577	0.345545
XM_047417455.1	1645	1417.29	41.5473	1.31925
XM_047417456.1	3268	3040.29	25.7515	0.381179
XM_047417457.1	3163	2935.29	0	0
XM_047417458.1	3026	2798.29	27.4091	0.440802
XM_047417459.1	2917	2689.29	0	0
XM_047417460.1	2922	2694.29	0	0
XM_047417461.1	2692	2464.29	0	0
XM_047417462.1	2801	2573.29	0	0
XM_047417463.1	8534	8306.29	0	0
XM_047417464.1	8501	8273.29	0	0
XM_047417465.1	9456	9228.29	0	0
XM_047417466.1	7961	7733.29	6.00084	0.0349212
XM_047417467.1	2782	2554.29	0.7123	0.0125497
XM_047417468.1	1275	1047.29	25.995	1.11703
XM_047417469.1	1152	924.293	5.6462	0.274909
XM_047417470.1	2180	1952.29	5.161	0.118968
XM_047417471.1	3960	3732.29	0	0
XM_047417472.1	3986	3758.29	0	0
XM_047417473.1	1032	804.293	14.7326	0.824341
XM_047417474.1	4932	4704.29	0	0
XM_047417475.1	4958	4730.29	0	0
XM_047417476.1	4848	4620.29	0	0
XM_047417477.1	4527	4299.29	65.5046	0.685673
XM_047417478.1	4593	4365.29	0	0
XM_047417479.1	3856	3628.29	14.8844	0.184617
XM_047417480.1	1711	1483.29	0	0
XM_047417481.1	1772	1544.29	0	0
XM_047417482.1	2903	2675.29	0.04718	0.00079365
XM_047417483.1	1855	1627.29	0	0
XM_047417484.1	1770	1542.29	0.0681929	0.00198982
XM_047417485.1	1311	1083.29	0	0
XM_047417486.1	1643	1415.29	61.7714	1.96419
XM_047417487.1	1448	1220.29	0	0
XM_047417488.1	989	761.293	0	0
XM_047417489.1	1373	1145.29	24.2831	0.95418
XM_047417490.1	5199	4971.29	33.1643	0.300222
XM_047417491.1	2722	2494.29	0	0
XM_047417492.1	2637	2409.29	0	0
XM_047417493.1	3451	3223.29	0	0
XM_047417494.1	5301	5073.29	5.07194	0.0449911
XM_047417495.1	2737	2509.29	0	0
XM_047417496.1	2224	1996.29	0	0
XM_047417497.1	4392	4164.29	133.755	1.44547
XM_047417498.1	2115	1887.29	12.1904	0.290683
XM_047417499.1	4581	4353.29	22.8315	0.236026
XM_047417500.1	3945	3717.29	0	0
XM_047417501.1	4011	3783.29	0.0141447	0.000168255
XM_047417502.1	4580	4352.29	67.263	0.695505
XM_047417503.1	2980	2752.29	0	0
XM_047417504.1	1368	1140.29	0	0
XM_047417505.1	5556	5328.29	8.33432	0.0703922
XM_047417506.1	5517	5289.29	1.65022	0.0140406
XM_047417507.1	5457	5229.29	0.233776	0.00201187
XM_047417508.1	5343	5115.29	0	0
XM_047417509.1	5304	5076.29	0	0
XM_047417510.1	5187	4959.29	47.3862	0.430006
XM_047417511.1	5166	4938.29	37.6899	0.343471
XM_047417512.1	5127	4899.29	6.82817	0.0627211
XM_047417513.1	5013	4785.29	0	0
XM_047417514.1	4974	4746.29	0	0
XM_047417515.1	3038	2810.29	0	0
XM_047417516.1	3317	3089.29	51.0348	0.743447
XM_047417517.1	3112	2884.29	13.4945	0.210552
XM_047417518.1	10367	10139.3	33.3628	0.14808
XM_047417519.1	10718	10490.3	0	0
XM_047417520.1	10112	9884.29	13.4284	0.0611396
XM_047417521.1	4012	3784.29	0	0
XM_047417522.1	2382	2154.29	1	0.02089
XM_047417523.1	2080	1852.29	1	0.0242959
XM_047417524.1	748	520.701	3	0.259284
XM_047417525.1	4093	3865.29	229.054	2.66684
XM_047417526.1	3873	3645.29	11.9484	0.14751
XM_047417527.1	6396	6168.29	394.397	2.87747
XM_047417528.1	5300	5072.29	0	0
XM_047417529.1	5103	4875.29	0	0
XM_047417530.1	4320	4092.29	0	0
XM_047417531.1	2882	2654.29	0	0
XM_047417532.1	2762	2534.29	0	0
XM_047417533.1	3193	2965.29	0	0
XM_047417534.1	2130	1902.29	0	0
XM_047417535.1	5482	5254.29	0	0
XM_047417536.1	2123	1895.29	19.7272	0.468415
XM_047417537.1	5091	4863.29	12.767	0.118141
XM_047417538.1	5391	5163.29	0	0
XM_047417539.1	3872	3644.29	8.08128	0.099795
XM_047417540.1	3585	3357.29	16.9955	0.227817
XM_047417541.1	11342	11114.3	0.130182	0.000527122
XM_047417542.1	11342	11114.3	0.00313357	1.26882e-05
XM_047417543.1	11698	11470.3	14.0179	0.0549987
XM_047417544.1	11698	11470.3	0.390866	0.00153354
XM_047417545.1	11291	11063.3	5.52442e-07	2.24721e-09
XM_047417546.1	5255	5027.29	0	0
XM_047417547.1	11245	11017.3	0	0
XM_047417548.1	11644	11416.3	5.36439e-06	2.11465e-08
XM_047417549.1	11245	11017.3	2.40713e-07	9.83256e-10
XM_047417550.1	11593	11365.3	58.7488	0.232627
XM_047417551.1	11237	11009.3	0.548332	0.00224144
XM_047417552.1	11234	11006.3	0.0285241	0.000116631
XM_047417553.1	11191	10963.3	0.00583592	2.39558e-05
XM_047417554.1	11590	11362.3	125.117	0.495555
XM_047417555.1	4431	4203.29	0	0
XM_047417556.1	11590	11362.3	3.42154	0.0135518
XM_047417557.1	11188	10960.3	0.240869	0.000989011
XM_047417558.1	11216	10988.3	6.62742	0.0271429
XM_047417559.1	11170	10942.3	0.0715053	0.000294085
XM_047417560.1	11170	10942.3	3.08151	0.0126735
XM_047417561.1	13954	13726.3	3.93663	0.0129067
XM_047417562.1	14310	14082.3	159.057	0.5083
XM_047417563.1	11137	10909.3	0.157127	0.00064818
XM_047417564.1	11137	10909.3	6.85617	0.0282831
XM_047417565.1	4428	4200.29	61.2662	0.656423
XM_047417566.1	11166	10938.3	8.24291e-08	3.39136e-10
XM_047417567.1	11209	10981.3	0	0
XM_047417568.1	13857	13629.3	9.75513e-05	3.22108e-07
XM_047417569.1	11105	10877.3	143.763	0.594798
XM_047417570.1	11112	10884.3	0	0
XM_047417571.1	13803	13575.3	6.91067	0.0229094
XM_047417572.1	13800	13572.3	0.644346	0.00213653
XM_047417573.1	13749	13521.3	99.7087	0.331862
XM_047417574.1	3846	3618.29	7.12564	0.0886263
XM_047417575.1	13743	13515.3	184.045	0.61283
XM_047417576.1	10553	10325.3	82.8843	0.361253
XM_047417577.1	9566	9338.29	34.7767	0.167596
XM_047417578.1	10535	10307.3	2.33676e-06	1.02026e-08
XM_047417579.1	7918	7690.29	57.7257	0.337807
XM_047417580.1	5306	5078.29	0	0
XM_047417581.1	5398	5170.29	0	0
XM_047417582.1	3061	2833.29	0	0
XM_047417583.1	2137	1909.29	2.26023	0.053275
XM_047417584.1	2134	1906.29	19.5185	0.460786
XM_047417585.1	5465	5237.29	16.3927	0.140859
XM_047417586.1	1635	1407.29	0	0
XM_047417587.1	1542	1314.29	0	0
XM_047417588.1	1229	1001.29	0	0
XM_047417589.1	5387	5159.29	0	0
XM_047417590.1	5262	5034.29	0	0
XM_047417591.1	3302	3074.29	42.1863	0.617545
XM_047417592.1	1873	1645.29	0	0
XM_047417593.1	8776	8548.29	31.8812	0.167841
XM_047417594.1	1788	1560.29	4.0551	0.11696
XM_047417595.1	1570	1342.29	0	0
XM_047417596.1	8198	7970.29	7.0557	0.039839
XM_047417597.1	1295	1067.29	1.55336	0.0654985
XM_047417598.1	1289	1061.29	0	0
XM_047417599.1	5160	4932.29	0	0
XM_047417600.1	1974	1746.29	7.07337e-06	1.82285e-07
XM_047417601.1	1879	1651.29	0	0
XM_047417602.1	1819	1591.29	0	0
XM_047417603.1	5219	4991.29	110	0.991791
XM_047417604.1	5216	4988.29	33.7833	0.304784
XM_047417605.1	2508	2280.29	28.7434	0.56727
XM_047417606.1	1191	963.293	104.463	4.88029
XM_047417607.1	4078	3850.29	61.882	0.72329
XM_047417608.1	3020	2792.29	3.83206	0.061761
XM_047417609.1	3004	2776.29	18.876	0.305975
XM_047417610.1	5335	5107.29	136.438	1.20223
XM_047417611.1	15219	14991.3	0.381442	0.00114507
XM_047417612.1	15216	14988.3	15.001	0.0450414
XM_047417613.1	15213	14985.3	0.0137483	4.12883e-05
XM_047417614.1	2790	2562.29	0	0
XM_047417615.1	1464	1236.29	0	0
XM_047417616.1	1109	881.293	66.5016	3.39589
XM_047417617.1	2326	2098.29	5.56956	0.119453
XM_047417618.1	1373	1145.29	0	0
XM_047417619.1	1064	836.293	0.0286625	0.0015424
XM_047417620.1	968	740.293	0	0
XM_047417621.1	863	635.427	0	0
XM_047417622.1	767	539.541	0	0
XM_047417623.1	1241	1013.29	4.32585	0.192122
XM_047417624.1	627	401.259	32.3471	3.62788
XM_047417625.1	650	423.846	0	0
XM_047417626.1	683	456.134	0	0
XM_047417627.1	5350	5122.29	10.2339	0.0899122
XM_047417628.1	5343	5115.29	0	0
XM_047417629.1	5208	4980.29	10.9202	0.0986774
XM_047417630.1	3504	3276.29	0	0
XM_047417631.1	3498	3270.29	1.50265	0.0206783
XM_047417632.1	3492	3264.29	1.82582e-07	2.51716e-09
XM_047417633.1	3477	3249.29	1.88618e-05	2.61238e-07
XM_047417634.1	9042	8814.29	3.10573	0.0158569
XM_047417635.1	10376	10148.3	1.7717	0.00785668
XM_047417636.1	9138	8910.29	0.0279323	0.000141077
XM_047417637.1	3384	3156.29	0.00442251	6.3057e-05
XM_047417638.1	8949	8721.29	13.5589	0.069966
XM_047417639.1	3701	3473.29	0.00011772	1.52529e-06
XM_047417640.1	9065	8837.29	1.8014	0.00917347
XM_047417641.1	9045	8817.29	0.096409	0.000492067
XM_047417642.1	1002	774.293	0	0
XM_047417643.1	1005	777.293	12.606	0.729854
XM_047417644.1	3011	2783.29	54.5098	0.881369
XM_047417645.1	5131	4903.29	0.401144	0.00368176
XM_047417646.1	5020	4792.29	4.67748	0.043925
XM_047417647.1	5017	4789.29	1.80759	0.0169852
XM_047417648.1	4954	4726.29	14.4136	0.137244
XM_047417649.1	4954	4726.29	12.5702	0.119692
XM_047417650.1	4951	4723.29	6.4284	0.0612492
XM_047417651.1	4903	4675.29	0.188187	0.00181144
XM_047417652.1	4903	4675.29	13.0211	0.125338
XM_047417653.1	4900	4672.29	0.084413	0.000813058
XM_047417654.1	4843	4615.29	39.3266	0.383469
XM_047417655.1	4843	4615.29	0.000370207	3.60984e-06
XM_047417656.1	4840	4612.29	0.000133275	1.30039e-06
XM_047417657.1	4792	4564.29	64.4021	0.634993
XM_047417658.1	4789	4561.29	1.07557	0.0106119
XM_047417659.1	4789	4561.29	23.6943	0.233776
XM_047417660.1	4786	4558.29	0.387041	0.00382117
XM_047417661.1	4729	4501.29	5.2861e-05	5.28494e-07
XM_047417662.1	4726	4498.29	6.7352	0.0673822
XM_047417663.1	4723	4495.29	2.85757	0.0286076
XM_047417664.1	4681	4453.29	207.066	2.09252
XM_047417665.1	4678	4450.29	77.0415	0.779073
XM_047417666.1	4615	4387.29	22.4273	0.23005
XM_047417667.1	4612	4384.29	9.65043	0.099058
XM_047417668.1	4609	4381.29	6.55251e-05	6.73051e-07
XM_047417669.1	4609	4381.29	1.53549e-05	1.5772e-07
XM_047417670.1	4501	4273.29	1.73756e-05	1.82987e-07
XM_047417671.1	4498	4270.29	5.78677e-06	6.09847e-08
XM_047417672.1	3249	3021.29	0	0
XM_047417673.1	3246	3018.29	0	0
XM_047417674.1	3138	2910.29	14.1123	0.218225
XM_047417675.1	2907	2679.29	1.21655	0.020434
XM_047417676.1	3630	3402.29	0	0
XM_047417677.1	3399	3171.29	0	0
XM_047417678.1	2119	1891.29	0	0
XM_047417679.1	11609	11381.3	73.9782	0.292519
XM_047417680.1	2410	2182.29	0	0
XM_047417681.1	11309	11081.3	440.213	1.78778
XM_047417682.1	2176	1948.29	0	0
XM_047417683.1	1612	1384.29	0	0
XM_047417684.1	4632	4404.29	3.08827e-06	3.1556e-08
XM_047417685.1	3765	3537.29	45.0485	0.573128
XM_047417686.1	2168	1940.29	1.32798e-08	3.08012e-10
XM_047417687.1	3916	3688.29	0	0
XM_047417688.1	3931	3703.29	0	0
XM_047417689.1	3450	3222.29	0	0
XM_047417690.1	2247	2019.29	9.19614	0.20495
XM_047417691.1	2426	2198.29	10.7215	0.21949
XM_047417692.1	1869	1641.29	0	0
XM_047417693.1	1727	1499.29	0	0
XM_047417694.1	1646	1418.29	0.38613	0.0122521
XM_047417695.1	1854	1626.29	0	0
XM_047417696.1	1299	1071.29	6.78787	0.285146
XM_047417697.1	2862	2634.29	0.274836	0.00469517
XM_047417698.1	1095	867.293	0	0
XM_047417699.1	2381	2153.29	0.0121124	0.000253146
XM_047417700.1	1943	1715.29	131.642	3.45381
XM_047417701.1	1343	1115.29	0	0
XM_047417702.1	6176	5948.29	0	0
XM_047417704.1	5261	5033.29	7.50585	0.0671104
XM_047417705.1	7263	7035.29	0	0
XM_047417706.1	7022	6794.29	0	0
XM_047417707.1	7651	7423.29	4.48361	0.0271815
XM_047417708.1	6987	6759.29	0	0
XM_047417709.1	1025	797.293	163.407	9.2235
XM_047417710.1	2069	1841.29	4	0.0977641
XM_047417711.1	4961	4733.29	0	0
XM_047417712.1	4841	4613.29	0	0
XM_047417713.1	4823	4595.29	0	0
XM_047417714.1	7127	6899.29	0	0
XM_047417715.1	7088	6860.29	0	0
XM_047417716.1	7067	6839.29	0	0
XM_047417717.1	3264	3036.29	0	0
XM_047417718.1	7028	6800.29	0	0
XM_047417719.1	4312	4084.29	0	0
XM_047417720.1	3144	2916.29	0	0
XM_047417721.1	3089	2861.29	0	0
XM_047417722.1	3021	2793.29	0	0
XM_047417723.1	3504	3276.29	1.52545	0.0209536
XM_047417724.1	6273	6045.29	0	0
XM_047417725.1	6267	6039.29	0	0
XM_047417726.1	3864	3636.29	0	0
XM_047417727.1	6213	5985.29	0	0
XM_047417728.1	6189	5961.29	0	0
XM_047417729.1	3825	3597.29	0	0
XM_047417730.1	6147	5919.29	0	0
XM_047417731.1	3765	3537.29	0	0
XM_047417732.1	6108	5880.29	0	0
XM_047417733.1	3744	3516.29	0	0
XM_047417734.1	6093	5865.29	0	0
XM_047417735.1	3705	3477.29	0	0
XM_047417736.1	3684	3456.29	2.52326e-08	3.28545e-10
XM_047417737.1	6009	5781.29	2.38716	0.0185823
XM_047417738.1	3645	3417.29	0.144115	0.00189788
XM_047417739.1	3153	2925.29	0	0
XM_047417740.1	3684	3456.29	16.4798	0.214578
XM_047417741.1	2236	2008.29	0	0
XM_047417742.1	2137	1909.29	0	0
XM_047417743.1	10868	10640.3	9.83859	0.0416123
XM_047417744.1	10734	10506.3	0	0
XM_047417745.1	10789	10561.3	0	0
XM_047417746.1	3434	3206.29	8.4835	0.119073
XM_047417747.1	3383	3155.29	0	0
XM_047417748.1	1612	1384.29	0	0
XM_047417749.1	2458	2230.29	0	0
XM_047417750.1	1825	1597.29	0	0
XM_047417751.1	2300	2072.29	0	0
XM_047417752.1	2163	1935.29	0	0
XM_047417753.1	2171	1943.29	1.57009	0.0363604
XM_047417754.1	1105	877.293	0	0
XM_047417755.1	1060	832.293	0	0
XM_047417756.1	1891	1663.29	6.9404	0.187784
XM_047417757.1	1244	1016.29	0	0
XM_047417758.1	2542	2314.29	0	0
XM_047417759.1	3422	3194.29	0	0
XM_047417760.1	3369	3141.29	6.67119	0.0955734
XM_047417761.1	2336	2108.29	0	0
XM_047417762.1	1801	1573.29	0	0
XM_047417763.1	4083	3855.29	32.4675	0.378995
XM_047417764.1	2068	1840.29	0	0
XM_047417765.1	7131	6903.29	22.2796	0.145243
XM_047417766.1	8201	7973.29	15.64	0.0882756
XM_047417767.1	5587	5359.29	0	0
XM_047417768.1	4835	4607.29	0	0
XM_047417769.1	4777	4549.29	0	0
XM_047417770.1	4485	4257.29	23.6754	0.250268
XM_047417771.1	3238	3010.29	47.1515	0.704902
XM_047417772.1	2276	2048.29	0	0
XM_047417773.1	2238	2010.29	0	0
XM_047417774.1	2194	1966.29	0	0
XM_047417775.1	1970	1742.29	0	0
XM_047417776.1	3824	3596.29	2.84129	0.0355551
XM_047417777.1	2447	2219.29	0	0
XM_047417778.1	2115	1887.29	6.38559	0.152266
XM_047417779.1	2050	1822.29	1.40827	0.0347785
XM_047417780.1	1279	1051.29	9.35233e-08	4.00349e-09
XM_047417781.1	1213	985.293	0	0
XM_047417782.1	1829	1601.29	44.4693	1.24977
XM_047417783.1	11402	11174.3	0	0
XM_047417784.1	5243	5015.29	2.9748	0.0266934
XM_047417785.1	3229	3001.29	15.6164	0.234162
XM_047417786.1	4733	4505.29	6.00686	0.0600021
XM_047417787.1	3288	3060.29	54.4119	0.800153
XM_047417788.1	3134	2906.29	49.6359	0.768597
XM_047417789.1	2494	2266.29	15.6144	0.310064
XM_047417791.1	2105	1877.29	70.3638	1.68679
XM_047417792.1	4838	4610.29	0	0
XM_047417793.1	1403	1175.29	0	0
XM_047417794.1	3387	3159.29	0	0
XM_047417795.1	3129	2901.29	0	0
XM_047417796.1	3037	2809.29	0	0
XM_047417797.1	2892	2664.29	0	0
XM_047417798.1	4333	4105.29	2.85064	0.0312493
XM_047417799.1	2924	2696.29	0	0
XM_047417800.1	3314	3086.29	0	0
XM_047417801.1	3147	2919.29	0	0
XM_047417802.1	3158	2930.29	0	0
XM_047417803.1	3206	2978.29	0	0
XM_047417804.1	2060	1832.29	0	0
XM_047417805.1	1534	1306.29	0	0
XM_047417806.1	1074	846.293	0	0
XM_047417807.1	1359	1131.29	0	0
XM_047417808.1	3224	2996.29	1.25984	0.0189222
XM_047417809.1	2450	2222.29	21.1523	0.42835
XM_047417810.1	4721	4493.29	26.0038	0.260444
XM_047417811.1	21859	21631.3	0	0
XM_047417812.1	1416	1188.29	0	0
XM_047417813.1	1904	1676.29	2.5041	0.0672271
XM_047417814.1	4620	4392.29	0	0
XM_047417815.1	4405	4177.29	42.3783	0.456553
XM_047417816.1	1494	1266.29	6.69383	0.237894
XM_047417817.1	4644	4416.29	0	0
XM_047417818.1	4894	4666.29	3.48927	0.0336515
XM_047417819.1	1346	1118.29	13.3174	0.535927
XM_047417820.1	4428	4200.29	0	0
XM_047417821.1	2191	1963.29	0	0
XM_047417822.1	5855	5627.29	0	0
XM_047417823.1	2094	1866.29	9	0.217023
XM_047417824.1	19554	19326.3	0	0
XM_047417825.1	10980	10752.3	0	0
XM_047417826.1	2458	2230.29	0	0
XM_047417827.1	1849	1621.29	30.9744	0.859774
XM_047417828.1	2462	2234.29	93.7963	1.88924
XM_047417829.1	6885	6657.29	0	0
XM_047417830.1	5502	5274.29	4.80134	0.0409676
XM_047417831.1	5424	5196.29	7.16815	0.0620805
XM_047417832.1	5361	5133.29	7.81232	0.0684898
XM_047417833.1	3431	3203.29	0	0
XM_047417834.1	3290	3062.29	0	0
XM_047417835.1	3178	2950.29	0.338009	0.00515591
XM_047417836.1	3373	3145.29	16.7589	0.239788
XM_047417837.1	2805	2577.29	0	0
XM_047417838.1	2562	2334.29	0	0
XM_047417839.1	1404	1176.29	6.60464	0.252683
XM_047417840.1	1380	1152.29	0	0
XM_047417841.1	1236	1008.29	0	0
XM_047417842.1	2684	2456.29	43.282	0.792993
XM_047417843.1	1063	835.293	3.49029	0.188046
XM_047417844.1	2047	1819.29	0	0
XM_047417845.1	1051	823.293	20.4474	1.1177
XM_047417846.1	2432	2204.29	0	0
XM_047417847.1	2729	2501.29	0	0
XM_047417848.1	2581	2353.29	254.583	4.86851
XM_047417849.1	1406	1178.29	0	0
XM_047417850.1	2347	2119.29	4.73583e-05	1.00565e-06
XM_047417851.1	1905	1677.29	5.4283	0.145646
XM_047417858.1	3547	3319.29	21.5461	0.292123
XM_047417859.1	7285	7057.29	21.0044	0.133941
XM_047417860.1	4184	3956.29	237.728	2.70417
XM_047417861.1	1969	1741.29	205.554	5.31247
XM_047417862.1	2419	2191.29	0	0
XM_047417863.1	845	617.427	0	0
XM_047417864.1	7847	7619.29	0	0
XM_047417865.1	12168	11940.3	1.598e-07	6.02289e-10
XM_047417866.1	12241	12013.3	2.04695e-05	7.66809e-08
XM_047417867.1	10928	10700.3	558.674	2.34966
XM_047417868.1	3059	2831.29	0	0
XM_047417869.1	2836	2608.29	1.59139	0.0274577
XM_047417870.1	5378	5150.29	0	0
XM_047417871.1	5361	5133.29	0	0
XM_047417872.1	3874	3646.29	0.870895	0.0107487
XM_047417873.1	2067	1839.29	31.5395	0.771695
XM_047417874.1	3160	2932.29	40.4152	0.620268
XM_047417875.1	2936	2708.29	158.114	2.62735
XM_047417876.1	3124	2896.29	23.3353	0.362588
XM_047417877.1	7244	7016.29	0	0
XM_047417878.1	1488	1260.29	2.76834	0.0988532
XM_047417879.1	2242	2014.29	0	0
XM_047417880.1	3174	2946.29	116.153	1.77418
XM_047417881.1	3551	3323.29	17.1373	0.232068
XM_047417882.1	3515	3287.29	0	0
XM_047417883.1	5114	4886.29	214.78	1.97814
XM_047417884.1	2332	2104.29	0.309555	0.00662025
XM_047417885.1	3012	2784.29	13.3938	0.216486
XM_047417886.1	2463	2235.29	0	0
XM_047417887.1	3222	2994.29	0	0
XM_047417888.1	2063	1835.29	1.1613	0.0284763
XM_047417889.1	2305	2077.29	8.33951	0.18067
XM_047417890.1	2272	2044.29	0.0353848	0.000778962
XM_047417891.1	2434	2206.29	40.0736	0.817406
XM_047417892.1	2110	1882.29	30.866	0.737964
XM_047417893.1	815	587.487	0.257162	0.0196993
XM_047417894.1	12990	12762.3	14.6021	0.0514905
XM_047417895.1	6184	5956.29	5505.63	41.5981
XM_047417896.1	16233	16005.3	508.149	1.42879
XM_047417897.1	2660	2432.29	0	0
XM_047417898.1	4423	4195.29	82.9109	0.889389
XM_047417899.1	4490	4262.29	0	0
XM_047417900.1	4665	4437.29	116.378	1.18031
XM_047417901.1	4620	4392.29	39.1841	0.401477
XM_047417902.1	4318	4090.29	0	0
XM_047417903.1	4228	4000.29	0	0
XM_047417904.1	4140	3912.29	0	0
XM_047417905.1	4249	4021.29	0	0
XM_047417906.1	3895	3667.29	0	0
XM_047417907.1	3962	3734.29	0	0
XM_047417908.1	3653	3425.29	0	0
XM_047417909.1	3721	3493.29	0	0
XM_047417910.1	3535	3307.29	0	0
XM_047417911.1	5124	4896.29	0	0
XM_047417912.1	9006	8778.29	13.7169	0.0703213
XM_047417913.1	4904	4676.29	0	0
XM_047417914.1	3638	3410.29	0	0
XM_047417915.1	3671	3443.29	0	0
XM_047417916.1	4033	3805.29	0	0
XM_047417917.1	3749	3521.29	0	0
XM_047417918.1	4974	4746.29	0	0
XM_047417919.1	8913	8685.29	3.3741	0.017483
XM_047417920.1	3799	3571.29	0	0
XM_047417921.1	4226	3998.29	0	0
XM_047417922.1	4353	4125.29	0	0
XM_047417923.1	3608	3380.29	0	0
XM_047417924.1	4833	4605.29	0	0
XM_047417925.1	3802	3574.29	0	0
XM_047417926.1	3989	3761.29	0	0
XM_047417927.1	3652	3424.29	0	0
XM_047417928.1	2940	2712.29	0	0
XM_047417929.1	2040	1812.29	6.56654	0.163061
XM_047417930.1	2239	2011.29	9.27675	0.207569
XM_047417931.1	2869	2641.29	0	0
XM_047417932.1	2670	2442.29	0	0
XM_047417933.1	5376	5148.29	0	0
XM_047417934.1	2983	2755.29	725.977	11.8576
XM_047417935.1	2313	2085.29	0	0
XM_047417936.1	4937	4709.29	48.9275	0.467562
XM_047417937.1	7606	7378.29	18.1409	0.110648
XM_047417938.1	3219	2991.29	76.905	1.15701
XM_047417939.1	5106	4878.29	0	0
XM_047417940.1	5049	4821.29	18.1028	0.168976
XM_047417941.1	12833	12605.3	49.4558	0.176566
XM_047417942.1	2957	2729.29	356.325	5.87542
XM_047417943.1	4818	4590.29	154.251	1.51227
XM_047417944.1	2798	2570.29	0	0
XM_047417945.1	5013	4785.29	0	0
XM_047417946.1	2852	2624.29	0	0
XM_047417947.1	2926	2698.29	0	0
XM_047417948.1	5691	5463.29	0.000134963	1.11174e-06
XM_047417949.1	2908	2680.29	0	0
XM_047417950.1	2845	2617.29	0	0
XM_047417951.1	9019	8791.29	0	0
XM_047417952.1	2298	2070.29	0	0
XM_047417953.1	1948	1720.29	0	0
XM_047417954.1	1939	1711.29	0	0
XM_047417955.1	3349	3121.29	3.10548	0.0447751
XM_047417956.1	3233	3005.29	0	0
XM_047417957.1	2543	2315.29	9.45569	0.183793
XM_047417958.1	1993	1765.29	7.68503	0.195917
XM_047417959.1	5286	5058.29	0	0
XM_047417960.1	3726	3498.29	0	0
XM_047417961.1	5490	5262.29	0	0
XM_047417962.1	5397	5169.29	0	0
XM_047417963.1	5483	5255.29	0	0
XM_047417964.1	5276	5048.29	0	0
XM_047417965.1	5461	5233.29	0	0
XM_047417966.1	5451	5223.29	0	0
XM_047417967.1	3476	3248.29	0	0
XM_047417968.1	443	228.322	0	0
XM_047417969.1	1046	818.293	5	0.274981
XM_047417970.1	7282	7054.29	279.971	1.78608
XM_047417971.1	2791	2563.29	1.2357	0.0216949
XM_047417972.1	7786	7558.29	12.2768	0.0730979
XM_047417973.1	7506	7278.29	22.5886	0.13967
XM_047417974.1	7321	7093.29	15.6442	0.099254
XM_047417975.1	2149	1921.29	0.361659	0.00847126
XM_047417976.1	2881	2653.29	0	0
XM_047417977.1	1130	902.293	0	0
XM_047417978.1	6036	5808.29	18.0184	0.139608
XM_047417979.1	3004	2776.29	38.7245	0.627716
XM_047417980.1	3337	3109.29	0	0
XM_047417981.1	3195	2967.29	0	0
XM_047417982.1	2393	2165.29	66.0871	1.37354
XM_047417983.1	1402	1174.29	93.8957	3.59842
XM_047417984.1	1985	1757.29	27.9957	0.71695
XM_047417986.1	894	666.361	0	0
XM_047417987.1	1141	913.293	0	0
XM_047417988.1	339	144.406	2	0.623285
XM_047417989.1	3073	2845.29	231.942	3.66855
XM_047417990.1	3090	2862.29	16.0605	0.252515
XM_047417991.1	1106	878.293	0	0
XM_047417992.1	950	722.293	0	0
XM_047417993.1	928	700.293	0	0
XM_047417994.1	4889	4661.29	205.894	1.98783
XM_047417995.1	4845	4617.29	169.162	1.64876
XM_047417996.1	3282	3054.29	98.8728	1.45683
XM_047417997.1	2848	2620.29	29.6344	0.508965
XM_047417998.1	810	582.487	0	0
XM_047417999.1	1272	1044.29	0	0
XM_047418000.1	138	27.821	0	0
XM_047418001.1	2618	2390.29	0	0
XM_047418002.1	4578	4350.29	0	0
XM_047418003.1	4458	4230.29	0	0
XM_047418004.1	4258	4030.29	1.44649	0.0161518
XM_047418005.1	3655	3427.29	11	0.144439
XM_047418006.1	447	231.819	28.3857	5.51052
XM_047418007.1	252	87.2826	0	0
XM_047418008.1	2544	2316.29	138.861	2.69791
XM_047418009.1	3366	3138.29	0	0
XM_047418010.1	6586	6358.29	0	0
XM_047418011.1	6402	6174.29	0	0
XM_047418012.1	6491	6263.29	3.5883e-05	2.57827e-07
XM_047418013.1	6387	6159.29	99.7226	0.728626
XM_047418014.1	6394	6166.29	145.718	1.06349
XM_047418015.1	7710	7482.29	22.7519	0.136844
XM_047418016.1	6505	6277.29	1.17187e-05	8.40135e-08
XM_047418017.1	6066	5838.29	95.4289	0.735591
XM_047418018.1	6160	5932.29	28.835	0.218746
XM_047418019.1	6318	6090.29	0	0
XM_047418020.1	11702	11474.3	6.02868	0.023645
XM_047418021.1	6381	6153.29	0.0564075	0.000412545
XM_047418022.1	6082	5854.29	44.1103	0.339084
XM_047418023.1	6360	6132.29	12.2221	0.0896945
XM_047418024.1	9212	8984.29	114.649	0.574289
XM_047418025.1	9033	8805.29	41.3752	0.211465
XM_047418026.1	8981	8753.29	31.7882	0.163432
XM_047418027.1	9076	8848.29	134.062	0.681848
XM_047418028.1	816	588.487	384.055	29.3696
XM_047418029.1	2297	2069.29	25.6073	0.55691
XM_047418030.1	2116	1888.29	39.018	0.929904
XM_047418031.1	1124	896.293	399.987	20.0834
XM_047418032.1	2501	2273.29	1606.32	31.7993
XM_047418033.1	3732	3504.29	0	0
XM_047418034.1	3744	3516.29	0	0
XM_047418035.1	3498	3270.29	0	0
XM_047418036.1	1433	1205.29	0	0
XM_047418037.1	3451	3223.29	0	0
XM_047418038.1	2041	1813.29	0	0
XM_047418039.1	3204	2976.29	0	0
XM_047418040.1	3042	2814.29	0	0
XM_047418041.1	1019	791.293	0	0
XM_047418042.1	3438	3210.29	126.834	1.778
XM_047418043.1	3225	2997.29	112.514	1.68934
XM_047418044.1	3605	3377.29	0	0
XM_047418045.1	3440	3212.29	101.181	1.41751
XM_047418046.1	3764	3536.29	151.347	1.92605
XM_047418047.1	1152	924.293	0	0
XM_047418048.1	1424	1196.29	0	0
XM_047418049.1	3309	3081.29	331.761	4.84546
XM_047418050.1	3653	3425.29	24.3211	0.319542
XM_047418051.1	5690	5462.29	0	0
XM_047418052.1	5543	5315.29	0	0
XM_047418053.1	5134	4906.29	0	0
XM_047418054.1	3648	3420.29	1.06951	0.0140723
XM_047418055.1	3124	2896.29	67.1793	1.04384
XM_047418056.1	3361	3133.29	0.00321673	4.62015e-05
XM_047418057.1	4077	3849.29	7.29822	0.0853253
XM_047418058.1	3505	3277.29	64.4093	0.884455
XM_047418059.1	3584	3356.29	20.3795	0.27326
XM_047418060.1	3352	3124.29	27.9865	0.403124
XM_047418061.1	3489	3261.29	162.602	2.24377
XM_047418062.1	3268	3040.29	0	0
XM_047418063.1	3225	2997.29	8.97703e-07	1.34786e-08
XM_047418064.1	1591	1363.29	0	0
XM_047418065.1	2533	2305.29	0	0
XM_047418066.1	2087	1859.29	0	0
XM_047418067.1	3180	2952.29	0	0
XM_047418068.1	2997	2769.29	177.465	2.88394
XM_047418069.1	3329	3101.29	43.5194	0.631513
XM_047418070.1	3305	3077.29	22.0053	0.321811
XM_047418071.1	3374	3146.29	2.67676e-05	3.82871e-07
XM_047418072.1	3124	2896.29	155.287	2.41288
XM_047418073.1	3270	3042.29	0	0
XM_047418074.1	2939	2711.29	0	0
XM_047418075.1	5630	5402.29	166.045	1.38322
XM_047418076.1	3075	2847.29	43.0638	0.680647
XM_047418077.1	650	423.846	0	0
XM_047418078.1	3071	2843.29	2.0254	0.0320576
XM_047418080.1	4008	3780.29	80.425	0.957432
XM_047418081.1	7062	6834.29	73.6373	0.484894
XM_047418082.1	7059	6831.29	7.14422	0.0470646
XM_047418083.1	6868	6640.29	10.4201	0.0706197
XM_047418084.1	4797	4569.29	0	0
XM_047418085.1	1783	1555.29	0	0
XM_047418086.1	1551	1323.29	0	0
XM_047418087.1	1419	1191.29	4.74921	0.179409
XM_047418088.1	12933	12705.3	0	0
XM_047418089.1	13050	12822.3	0	0
XM_047418090.1	865	637.427	0	0
XM_047418091.1	2489	2261.29	0	0
XM_047418092.1	769	541.541	0	0
XM_047418093.1	2076	1848.29	2091.32	50.9204
XM_047418094.1	2171	1943.29	0	0
XM_047418095.1	1293	1065.29	11.2451	0.475048
XM_047418096.1	6056	5828.29	0.998335	0.00770863
XM_047418097.1	2265	2037.29	8.27145	0.182713
XM_047418098.1	8419	8191.29	0	0
XM_047418099.1	14421	14193.3	0	0
XM_047418100.1	8755	8527.29	0	0
XM_047418101.1	8028	7800.29	0	0
XM_047418102.1	2036	1808.29	0	0
XM_047418103.1	2562	2334.29	0	0
XM_047418104.1	2491	2263.29	0	0
XM_047418105.1	1072	844.293	0	0
XM_047418106.1	869	641.427	80.8479	5.67236
XM_047418107.1	7704	7476.29	0	0
XM_047418108.1	7639	7411.29	0	0
XM_047418109.1	6465	6237.29	5.87635e-05	4.23989e-07
XM_047418110.1	1681	1453.29	0	0
XM_047418111.1	1581	1353.29	47.6782	1.58551
XM_047418112.1	1633	1405.29	0	0
XM_047418113.1	1512	1284.29	0	0
XM_047418114.1	1497	1269.29	5.1897	0.184002
XM_047418115.1	1618	1390.29	0	0
XM_047418116.1	1528	1300.29	0	0
XM_047418117.1	1543	1315.29	8.93048	0.305559
XM_047418118.1	1392	1164.29	3.17551	0.122742
XM_047418119.1	1215	987.293	2.69374	0.122787
XM_047418120.1	4625	4397.29	18.2542	0.186818
XM_047418121.1	4220	3992.29	0	0
XM_047418122.1	4604	4376.29	6.49259	0.0667658
XM_047418123.1	4977	4749.29	0	0
XM_047418124.1	5089	4861.29	13.9739	0.129362
XM_047418125.1	3831	3603.29	19.3277	0.241392
XM_047418126.1	3989	3761.29	6.35795	0.0760716
XM_047418127.1	4942	4714.29	94.1763	0.899015
XM_047418128.1	3696	3468.29	8.77927	0.113916
XM_047418129.1	4933	4705.29	2.17631	0.020815
XM_047418130.1	7406	7178.29	29.3791	0.184187
XM_047418131.1	6330	6102.29	193.017	1.42346
XM_047418132.1	2311	2083.29	0	0
XM_047418133.1	1998	1770.29	0	0
XM_047418134.1	4637	4409.29	0	0
XM_047418135.1	5256	5028.29	54.8012	0.490469
XM_047418136.1	3627	3399.29	0	0
XM_047418137.1	3491	3263.29	0	0
XM_047418138.1	1777	1549.29	2.73331	0.0793959
XM_047418139.1	7288	7060.29	71.7123	0.457102
XM_047418140.1	7099	6871.29	17.0939	0.111955
XM_047418141.1	7102	6874.29	178.473	1.16838
XM_047418142.1	2308	2080.29	69.8993	1.51214
XM_047418143.1	5825	5597.29	20.5378	0.165127
XM_047418144.1	1249	1021.29	75.2845	3.3174
XM_047418145.1	8638	8410.29	0	0
XM_047418146.1	8649	8421.29	106.089	0.566936
XM_047418147.1	4071	3843.29	0	0
XM_047418148.1	3938	3710.29	0.607875	0.00737307
XM_047418149.1	2928	2700.29	0	0
XM_047418150.1	2713	2485.29	0	0
XM_047418151.1	3009	2781.29	0	0
XM_047418152.1	2909	2681.29	0.178742	0.00300002
XM_047418153.1	3508	3280.29	88.8845	1.21943
XM_047418154.1	2845	2617.29	480.327	8.25898
XM_047418155.1	2945	2717.29	0	0
XM_047418156.1	6575	6347.29	0	0
XM_047418157.1	7793	7565.29	5.11566	0.0304312
XM_047418158.1	6541	6313.29	0	0
XM_047418160.1	5952	5724.29	56.829	0.446777
XM_047418163.1	2486	2258.29	262.732	5.23571
XM_047418164.1	1858	1630.29	0	0
XM_047418165.1	2256	2028.29	10.9849	0.24373
XM_047418166.1	1343	1115.29	6.38739	0.257737
XM_047418167.1	1254	1026.29	0	0
XM_047418168.1	2710	2482.29	0	0
XM_047418169.1	4042	3814.29	0	0
XM_047418170.1	3975	3747.29	0	0
XM_047418171.1	6358	6130.29	0	0
XM_047418172.1	9988	9760.29	2.11582	0.00975571
XM_047418173.1	7357	7129.29	0	0
XM_047418174.1	1804	1576.29	0	0
XM_047418175.1	1081	853.293	26.2878	1.38643
XM_047418177.1	2369	2141.29	2.30443	0.0484317
XM_047418178.1	1391	1163.29	6.38248	0.246912
XM_047418179.1	3976	3748.29	0	0
XM_047418180.1	3946	3718.29	0	0
XM_047418181.1	1128	900.293	0	0
XM_047418183.1	6226	5998.29	0	0
XM_047418184.1	10583	10355.3	76.2455	0.331355
XM_047418186.1	8283	8055.29	0.00985895	5.50797e-05
XM_047418187.1	8806	8578.29	0	0
XM_047418188.1	8765	8537.29	0	0
XM_047418189.1	6286	6058.29	9.54654	0.070915
XM_047418190.1	4515	4287.29	0	0
XM_047418191.1	683	456.134	23.1905	2.28802
XM_047418193.1	1228	1000.29	0	0
XM_047418194.1	795	567.487	2.1599	0.171285
XM_047418195.1	1503	1275.29	57.2487	2.02021
XM_047418196.1	10998	10770.3	0	0
XM_047418197.1	9374	9146.29	0	0
XM_047418198.1	9326	9098.29	0	0
XM_047418199.1	9266	9038.29	0	0
XM_047418200.1	9621	9393.29	0	0
XM_047418201.1	8423	8195.29	0	0
XM_047418202.1	2568	2340.29	0	0
XM_047418203.1	2484	2256.29	266.825	5.32198
XM_047418204.1	2460	2232.29	0	0
XM_047418205.1	2376	2148.29	31.5924	0.661807
XM_047418206.1	8134	7906.29	8.39579	0.0477893
XM_047418207.1	8101	7873.29	7.93744	0.0453698
XM_047418208.1	1415	1187.29	0	0
XM_047418209.1	2176	1948.29	0	0
XM_047418210.1	575	350.386	8.29271	1.0651
XM_047418211.1	8994	8766.29	7.8407e-07	4.02514e-09
XM_047418212.1	8790	8562.29	0.000114825	6.03514e-07
XM_047418213.1	9002	8774.29	0	0
XM_047418214.1	9035	8807.29	0	0
XM_047418215.1	8908	8680.29	37.0366	0.192016
XM_047418216.1	9092	8864.29	0	0
XM_047418217.1	7361	7133.29	0	0
XM_047418219.1	919	691.293	0	0
XM_047418220.1	8619	8391.29	25.0744	0.134476
XM_047418221.1	7929	7701.29	0	0
XM_047418222.1	1425	1197.29	0	0
XM_047418223.1	3603	3375.29	0	0
XM_047418224.1	3665	3437.29	4.2102	0.0551224
XM_047418225.1	3470	3242.29	0	0
XM_047418226.1	4280	4052.29	4.20289	0.0466756
XM_047418227.1	3139	2911.29	0	0
XM_047418228.1	2681	2453.29	4.11334	0.0754549
XM_047418229.1	4385	4157.29	0	0
XM_047418230.1	1927	1699.29	0	0
XM_047418231.1	3165	2937.29	0	0
XM_047418232.1	4448	4220.29	0	0
XM_047418233.1	2078	1850.29	0	0
XM_047418234.1	3425	3197.29	20.0008	0.281518
XM_047418235.1	2234	2006.29	2.29799	0.0515461
XM_047418236.1	1360	1132.29	0	0
XM_047418237.1	3853	3625.29	41.7024	0.517679
XM_047418238.1	653	426.803	87.4757	9.22363
XM_047418239.1	2584	2356.29	0	0
XM_047418240.1	1344	1116.29	30.4965	1.22946
XM_047418241.1	11199	10971.3	57.8337	0.237228
XM_047418242.1	1381	1153.29	0.000848778	3.31205e-05
XM_047418243.1	2400	2172.29	1.65695	0.0343268
XM_047418244.1	1325	1097.29	0	0
XM_047418245.1	1426	1198.29	0	0
XM_047418246.1	1301	1073.29	0	0
XM_047418247.1	1312	1084.29	6.86866	0.28508
XM_047418248.1	1071	843.293	23.732	1.26648
XM_047418249.1	11083	10855.3	0	0
XM_047418250.1	10564	10336.3	3.78154e-05	1.64644e-07
XM_047418251.1	4383	4155.29	63.3337	0.685923
XM_047418252.1	5243	5015.29	0	0
XM_047418253.1	5201	4973.29	0	0
XM_047418254.1	1302	1074.29	0	0
XM_047418255.1	2780	2552.29	0	0
XM_047418256.1	1543	1315.29	0	0
XM_047418257.1	3678	3450.29	0	0
XM_047418258.1	3366	3138.29	5.87199	0.0842042
XM_047418259.1	7988	7760.29	0	0
XM_047418260.1	1049	821.293	0	0
XM_047418261.1	1001	773.293	0	0
XM_047418262.1	1716	1488.29	145.263	4.39248
XM_047418263.1	1406	1178.29	0	0
XM_047418264.1	1196	968.293	2.15388	0.100105
XM_047418265.1	1396	1168.29	23.7241	0.913862
XM_047418266.1	1215	987.293	5.05038	0.230208
XM_047418269.1	2806	2578.29	39.5035	0.689518
XM_047418270.1	10117	9889.29	0.00122176	5.55984e-06
XM_047418271.1	844	616.427	35.4363	2.58708
XM_047418272.1	3934	3706.29	3.23198	0.0392439
XM_047418273.1	3252	3024.29	0	0
XM_047418274.1	2828	2600.29	0.781658	0.0135281
XM_047418275.1	9094	8866.29	0	0
XM_047418276.1	9076	8848.29	0	0
XM_047418277.1	9328	9100.29	0	0
XM_047418278.1	5624	5396.29	0	0
XM_047418279.1	5624	5396.29	0	0
XM_047418280.1	9087	8859.29	0	0
XM_047418281.1	5635	5407.29	0	0
XM_047418282.1	5606	5378.29	0	0
XM_047418283.1	5617	5389.29	0	0
XM_047418284.1	5617	5389.29	0	0
XM_047418285.1	9001	8773.29	0.427467	0.00219272
XM_047418286.1	5531	5303.29	0.00248537	2.10906e-05
XM_047418287.1	5539	5311.29	0.00031469	2.6664e-06
XM_047418288.1	5513	5285.29	0.262873	0.00223831
XM_047418289.1	6352	6124.29	0	0
XM_047418290.1	16074	15846.3	0	0
XM_047418291.1	7994	7766.29	0.000156817	9.08705e-07
XM_047418292.1	8192	7964.29	0	0
XM_047418293.1	8187	7959.29	0	0
XM_047418294.1	8064	7836.29	0	0
XM_047418295.1	6255	6027.29	0	0
XM_047418296.1	6296	6068.29	0	0
XM_047418297.1	1569	1341.29	0	0
XM_047418298.1	1461	1233.29	0	0
XM_047418299.1	1614	1386.29	0	0
XM_047418300.1	2381	2153.29	33.179	0.69343
XM_047418301.1	1636	1408.29	12.6159	0.40315
XM_047418302.1	2273	2045.29	19.646	0.432276
XM_047418303.1	2314	2086.29	3.78308e-06	8.16042e-08
XM_047418304.1	6011	5783.29	12.1671	0.0946788
XM_047418305.1	6686	6458.29	0.741213	0.00516497
XM_047418306.1	5889	5661.29	0	0
XM_047418307.1	4503	4275.29	5.31956	0.0559954
XM_047418308.1	12724	12496.3	2159.72	7.77783
XM_047418309.1	5164	4936.29	0	0
XM_047418310.1	5161	4933.29	0	0
XM_047418311.1	5161	4933.29	36.9053	0.336662
XM_047418312.1	3806	3578.29	31.1214	0.391404
XM_047418313.1	6642	6414.29	0	0
XM_047418314.1	3622	3394.29	0	0
XM_047418315.1	6579	6351.29	2.58454	0.0183131
XM_047418316.1	6642	6414.29	1.08012	0.00757822
XM_047418317.1	3622	3394.29	1.45525e-08	1.92944e-10
XM_047418318.1	2639	2411.29	0	0
XM_047418319.1	2187	1959.29	0	0
XM_047418320.1	1920	1692.29	65.4734	1.74113
XM_047418321.1	789	561.487	14.2522	1.14231
XM_047418322.1	509	288.355	0	0
XM_047418323.1	499	279.049	0	0
XM_047418324.1	3197	2969.29	0.000514039	7.79086e-06
XM_047418325.1	3335	3107.29	0	0
XM_047418326.1	5537	5309.29	0	0
XM_047418327.1	5678	5450.29	0	0
XM_047418330.1	3189	2961.29	0	0
XM_047418331.1	1601	1373.29	1.73736	0.0569335
XM_047418332.1	2124	1896.29	0	0
XM_047418333.1	2440	2212.29	0	0
XM_047418334.1	2129	1901.29	0	0
XM_047418335.1	1833	1605.29	3.00931	0.0843637
XM_047418336.1	6705	6477.29	87.9761	0.611242
XM_047418337.1	7100	6872.29	0.000245636	1.60855e-06
XM_047418338.1	7044	6816.29	18.2821	0.120704
XM_047418339.1	7142	6914.29	5.78727e-08	3.76676e-10
XM_047418340.1	7086	6858.29	0.00402249	2.63949e-05
XM_047418341.1	6870	6642.29	12.8509	0.0870681
XM_047418342.1	7000	6772.29	20.6494	0.137219
XM_047418343.1	2710	2482.29	0	0
XM_047418344.1	1597	1369.29	0	0
XM_047418345.1	1504	1276.29	0	0
XM_047418346.1	1487	1259.29	0	0
XM_047418347.1	4374	4146.29	0	0
XM_047418348.1	1423	1195.29	0	0
XM_047418349.1	903	675.361	0	0
XM_047418350.1	3664	3436.29	12.7326	0.166752
XM_047418351.1	1313	1085.29	5.23138	0.216926
XM_047418352.1	4451	4223.29	0.00807794	8.60779e-05
XM_047418353.1	4448	4220.29	0.0973944	0.00103856
XM_047418354.1	4521	4293.29	0.0485769	0.000509192
XM_047418355.1	4497	4269.29	3.45826	0.0364539
XM_047418356.1	4494	4266.29	39.6344	0.418085
XM_047418357.1	4169	3941.29	80.7595	0.922141
XM_047418358.1	4404	4176.29	13.5283	0.145779
XM_047418359.1	4103	3875.29	104.575	1.21441
XM_047418360.1	4052	3824.29	6.57628	0.0773877
XM_047418361.1	4016	3788.29	5.95271e-08	7.07153e-10
XM_047418362.1	4013	3785.29	1.04421e-06	1.24146e-08
XM_047418363.1	4101	3873.29	0.00138055	1.60403e-05
XM_047418364.1	4098	3870.29	0.0224022	0.000260489
XM_047418365.1	4059	3831.29	3.50831	0.0412092
XM_047418366.1	4011	3783.29	82.1218	0.976856
XM_047418367.1	3969	3741.29	0.000225129	2.70803e-06
XM_047418368.1	1694	1466.29	6.46012e-05	1.98272e-06
XM_047418369.1	2792	2564.29	0	0
XM_047418370.1	3902	3674.29	59.6962	0.731164
XM_047418371.1	3819	3591.29	160.713	2.01392
XM_047418372.1	2885	2657.29	0	0
XM_047418373.1	2930	2702.29	0	0
XM_047418374.1	2903	2675.29	0	0
XM_047418375.1	2551	2323.29	0	0
XM_047418376.1	1806	1578.29	26.724	0.762001
XM_047418377.1	5469	5241.29	0	0
XM_047418378.1	1204	976.293	16.2347	0.74835
XM_047418379.1	5007	4779.29	5.40425	0.0508878
XM_047418380.1	5120	4892.29	22.1821	0.204048
XM_047418381.1	5105	4877.29	1.0995e-05	1.01451e-07
XM_047418382.1	10790	10562.3	160.47	0.68372
XM_047418383.1	7657	7429.29	2635.67	15.9656
XM_047418384.1	9667	9439.29	65.3467	0.311549
XM_047418385.1	2082	1854.29	0	0
XM_047418386.1	4971	4743.29	35.2883	0.334806
XM_047418387.1	5033	4805.29	0	0
XM_047418388.1	3004	2776.29	0	0
XM_047418389.1	2474	2246.29	0	0
XM_047418390.1	2470	2242.29	9.12946	0.183229
XM_047418391.1	4251	4023.29	0	0
XM_047418397.1	5208	4980.29	0	0
XM_047418398.1	5427	5199.29	0	0
XM_047418399.1	5660	5432.29	0	0
XM_047418400.1	5645	5417.29	0	0
XM_047418401.1	5343	5115.29	0	0
XM_047418402.1	5343	5115.29	0	0
XM_047418403.1	4434	4206.29	0	0
XM_047418404.1	5546	5318.29	0	0
XM_047418405.1	5244	5016.29	0	0
XM_047418406.1	4926	4698.29	0	0
XM_047418407.1	5462	5234.29	0	0
XM_047418408.1	5118	4890.29	0	0
XM_047418409.1	4947	4719.29	0	0
XM_047418410.1	5040	4812.29	0	0
XM_047418411.1	5159	4931.29	0	0
XM_047418412.1	5019	4791.29	0	0
XM_047418413.1	4920	4692.29	0	0
XM_047418414.1	4474	4246.29	0	0
XM_047418415.1	4821	4593.29	0	0
XM_047418416.1	7699	7471.29	0	0
XM_047418417.1	7576	7348.29	42.7432	0.261772
XM_047418418.1	7573	7345.29	0	0
XM_047418419.1	7555	7327.29	0.031632	0.000194279
XM_047418420.1	7495	7267.29	3.93544e-07	2.43704e-09
XM_047418421.1	7462	7234.29	0	0
XM_047418422.1	7423	7195.29	0	0
XM_047418423.1	7381	7153.29	30.4624	0.191646
XM_047418424.1	7369	7141.29	147.156	0.92735
XM_047418425.1	7300	7072.29	1.59567e-07	1.01537e-09
XM_047418426.1	6823	6595.29	113.618	0.775277
XM_047418427.1	9633	9405.29	12.7554	0.0610328
XM_047418428.1	9414	9186.29	0	0
XM_047418429.1	9502	9274.29	0	0
XM_047418430.1	9298	9070.29	5.74332	0.028496
XM_047418431.1	9384	9156.29	1.8739e-07	9.21019e-10
XM_047418432.1	9271	9043.29	0	0
XM_047418433.1	9241	9013.29	0	0
XM_047418434.1	9331	9103.29	1.76843e-07	8.74243e-10
XM_047418435.1	9238	9010.29	2.03552e-08	1.01667e-10
XM_047418436.1	9324	9096.29	0	0
XM_047418437.1	9056	8828.29	24.6094	0.125449
XM_047418438.1	9229	9001.29	0	0
XM_047418439.1	9199	8971.29	0.294239	0.001476
XM_047418440.1	9292	9064.29	2.14569	0.0106531
XM_047418441.1	9285	9057.29	0	0
XM_047418442.1	9977	9749.29	0	0
XM_047418443.1	9256	9028.29	0	0
XM_047418444.1	9139	8911.29	0	0
XM_047418445.1	9232	9004.29	0	0
XM_047418446.1	9854	9626.29	41.8709	0.195747
XM_047418447.1	9932	9704.29	0	0
XM_047418448.1	9211	8983.29	0	0
XM_047418449.1	9809	9581.29	0	0
XM_047418450.1	9848	9620.29	16.6197	0.0777458
XM_047418451.1	9827	9599.29	0	0
XM_047418452.1	8955	8727.29	0	0
XM_047418453.1	8925	8697.29	103.295	0.534489
XM_047418454.1	7199	6971.29	2.1463	0.0138554
XM_047418455.1	9382	9154.29	38.7955	0.190721
XM_047418456.1	31106	30878.3	21.9503	0.0319912
XM_047418457.1	30785	30557.3	0	0
XM_047418458.1	30680	30452.3	0	0
XM_047418459.1	12654	12426.3	22.7758	0.0824847
XM_047418460.1	11539	11311.3	0	0
XM_047418461.1	6008	5780.29	0	0
XM_047418462.1	4054	3826.29	0	0
XM_047418463.1	4111	3883.29	0	0
XM_047418464.1	5758	5530.29	0	0
XM_047418465.1	13459	13231.3	0	0
XM_047418466.1	5749	5521.29	24.2889	0.197974
XM_047418467.1	6047	5819.29	0.227643	0.00176046
XM_047418468.1	12180	11952.3	0	0
XM_047418469.1	6147	5919.29	0	0
XM_047418470.1	5734	5506.29	40.6798	0.332477
XM_047418471.1	5645	5417.29	0	0
XM_047418472.1	5616	5388.29	3.67063e-07	3.06572e-09
XM_047418473.1	1303	1075.29	7.40472	0.309902
XM_047418474.1	2145	1917.29	5.43157	0.127491
XM_047418475.1	7856	7628.29	0.0385617	0.000227495
XM_047418476.1	7678	7450.29	45.3218	0.273764
XM_047418477.1	7871	7643.29	0	0
XM_047418478.1	7968	7740.29	0	0
XM_047418479.1	7429	7201.29	0.517556	0.00323436
XM_047418480.1	7724	7496.29	154.121	0.925247
XM_047418481.1	6414	6186.29	14.8243	0.107842
XM_047418482.1	5461	5233.29	50.1274	0.431064
XM_047418483.1	4480	4252.29	32.6462	0.345503
XM_047418484.1	10638	10410.3	0	0
XM_047418485.1	14065	13837.3	23.5511	0.0765955
XM_047418486.1	4294	4066.29	6.24216e-07	6.90841e-09
XM_047418487.1	4304	4076.29	2.15207e-08	2.37593e-10
XM_047418488.1	4145	3917.29	60.2663	0.692358
XM_047418489.1	4155	3927.29	100.417	1.15068
XM_047418490.1	4080	3852.29	657.895	7.68563
XM_047418491.1	6353	6125.29	66.2352	0.486636
XM_047418492.1	4830	4602.29	3.69353	0.0361169
XM_047418493.1	6012	5784.29	160.373	1.24774
XM_047418494.1	4063	3835.29	59.3768	0.696724
XM_047418495.1	2013	1785.29	25.5966	0.645232
XM_047418496.1	7848	7620.29	44.832	0.264764
XM_047418497.1	7512	7284.29	0	0
XM_047418498.1	17304	17076.3	21.5846	0.0568843
XM_047418499.1	7352	7124.29	0	0
XM_047418500.1	7106	6878.29	63.3582	0.414538
XM_047418501.1	27834	27606.3	2.80554e-06	4.57351e-09
XM_047418502.1	27721	27493.3	30.9551	0.0506697
XM_047418503.1	27804	27576.3	2.5172e-07	4.10794e-10
XM_047418504.1	27783	27555.3	0.289699	0.000473134
XM_047418505.1	27682	27454.3	7.9649e-07	1.30561e-09
XM_047418506.1	27622	27394.3	0.00851414	1.3987e-05
XM_047418507.1	27586	27358.3	0.000641062	1.05452e-06
XM_047418508.1	27507	27279.3	97.5915	0.160998
XM_047418509.1	27571	27343.3	36.5585	0.06017
XM_047418510.1	27535	27307.3	70.7771	0.116642
XM_047418511.1	27502	27274.3	0.0186133	3.07122e-05
XM_047418512.1	27452	27224.3	0.000411795	6.80717e-07
XM_047418513.1	20363	20135.3	0	0
XM_047418514.1	4626	4398.29	6.12863e-08	6.27078e-10
XM_047418515.1	5191	4963.29	32.1663	0.291658
XM_047418516.1	4714	4486.29	29.9088	0.300022
XM_047418517.1	2459	2231.29	0	0
XM_047418518.1	2521	2293.29	0	0
XM_047418519.1	2348	2120.29	0	0
XM_047418520.1	2469	2241.29	0	0
XM_047418521.1	1752	1524.29	0	0
XM_047418522.1	1641	1413.29	0	0
XM_047418523.1	2379	2151.29	0	0
XM_047418524.1	1840	1612.29	0	0
XM_047418525.1	4440	4212.29	8.76859e-07	9.36814e-09
XM_047418526.1	4502	4274.29	0	0
XM_047418527.1	4528	4300.29	25.8691	0.270723
XM_047418528.1	19011	18783.3	39.1823	0.0938774
XM_047418529.1	18714	18486.3	0	0
XM_047418530.1	18642	18414.3	6.36502e-06	1.55556e-08
XM_047418531.1	6310	6082.29	0	0
XM_047418532.1	6282	6054.29	0	0
XM_047418533.1	8582	8354.29	0	0
XM_047418534.1	8555	8327.29	0	0
XM_047418535.1	6542	6314.29	0	0
XM_047418536.1	9600	9372.29	20.1033	0.0965305
XM_047418537.1	6377	6149.29	12.2473	0.0896306
XM_047418538.1	6451	6223.29	9.23868e-07	6.68086e-09
XM_047418539.1	6225	5997.29	0	0
XM_047418540.1	6221	5993.29	0	0
XM_047418541.1	11387	11159.3	0	0
XM_047418542.1	7227	6999.29	2.62406e-07	1.68718e-09
XM_047418543.1	7158	6930.29	208.691	1.35517
XM_047418544.1	6787	6559.29	0.000284191	1.94983e-06
XM_047418545.1	6818	6590.29	4.42817e-07	3.02386e-09
XM_047418546.1	2987	2759.29	2.78716	0.0454575
XM_047418547.1	6693	6465.29	130.572	0.908875
XM_047418548.1	2532	2304.29	88.8546	1.73534
XM_047418549.1	2517	2289.29	65.1293	1.28032
XM_047418550.1	2060	1832.29	1.13699	0.0279257
XM_047418551.1	2391	2163.29	4.0528	0.0843106
XM_047418552.1	1603	1375.29	13.7888	0.451204
XM_047418553.1	3138	2910.29	60.1068	0.929457
XM_047418554.1	13284	13056.3	0	0
XM_047418555.1	13287	13059.3	0	0
XM_047418556.1	1567	1339.29	52.0343	1.74846
XM_047418557.1	4939	4711.29	0	0
XM_047418558.1	4663	4435.29	0	0
XM_047418559.1	4575	4347.29	0	0
XM_047418560.1	2277	2049.29	114.373	2.51166
XM_047418561.1	3587	3359.29	316.755	4.24344
XM_047418562.1	3832	3604.29	0	0
XM_047418563.1	5258	5030.29	13.4166	0.12003
XM_047418564.1	1571	1343.29	45.2079	1.51456
XM_047418565.1	6442	6214.29	0	0
XM_047418566.1	8555	8327.29	3.19275	0.0172546
XM_047418567.1	12614	12386.3	1.28288	0.0046611
XM_047418568.1	3414	3186.29	1.98803	0.0280789
XM_047418569.1	3578	3350.29	46.298	0.621901
XM_047418570.1	4842	4614.29	0	0
XM_047418571.1	6433	6205.29	0	0
XM_047418572.1	3258	3030.29	0.12225	0.00181555
XM_047418573.1	2787	2559.29	7.72188	0.135783
XM_047418574.1	8625	8397.29	87.0887	0.466729
XM_047418575.1	8592	8364.29	0	0
XM_047418576.1	4758	4530.29	7.67032e-05	7.61956e-07
XM_047418577.1	8454	8226.29	89.7586	0.491037
XM_047418578.1	8472	8244.29	0	0
XM_047418579.1	8505	8277.29	9.48618	0.0515757
XM_047418580.1	4385	4157.29	0	0
XM_047418581.1	3941	3713.29	4.61854	0.0559741
XM_047418582.1	2416	2188.29	0.00985455	0.000202662
XM_047418583.1	2245	2017.29	0.122284	0.002728
XM_047418584.1	3429	3201.29	0	0
XM_047418585.1	3380	3152.29	7.21619	0.10302
XM_047418586.1	2994	2766.29	11.941	0.194261
XM_047418587.1	2629	2401.29	18.5268	0.347215
XM_047418588.1	2173	1945.29	8.79681	0.203508
XM_047418589.1	2265	2037.29	86.8363	1.91818
XM_047418590.1	2083	1855.29	0.00474144	0.000115011
XM_047418591.1	4584	4356.29	60.1813	0.621708
XM_047418592.1	1880	1652.29	0.0038256	0.000104197
XM_047418593.1	1923	1695.29	19.0839	0.5066
XM_047418594.1	4646	4418.29	0	0
XM_047418595.1	4697	4469.29	0	0
XM_047418596.1	4658	4430.29	0	0
XM_047418597.1	6922	6694.29	0	0
XM_047418598.1	4726	4498.29	0	0
XM_047418599.1	4495	4267.29	0	0
XM_047418600.1	9148	8920.29	33.727	0.170153
XM_047418601.1	9574	9346.29	0.000514116	2.47551e-06
XM_047418602.1	6137	5909.29	9.15294	0.0697056
XM_047418603.1	5279	5051.29	0	0
XM_047418604.1	3442	3214.29	0	0
XM_047418605.1	1544	1316.29	91.2405	3.11944
XM_047418606.1	1483	1255.29	271.075	9.71821
XM_047418607.1	1422	1194.29	40.9492	1.54304
XM_047418608.1	1833	1605.29	170.719	4.78596
XM_047418609.1	3097	2869.29	0	0
XM_047418610.1	12002	11774.3	7.71246	0.0294782
XM_047418611.1	3955	3727.29	13.3055	0.16065
XM_047418612.1	2982	2754.29	0	0
XM_047418613.1	3336	3108.29	0	0
XM_047418614.1	3047	2819.29	0	0
XM_047418615.1	2467	2239.29	11.6728	0.234588
XM_047418616.1	2465	2237.29	6.6321	0.133404
XM_047418617.1	2574	2346.29	35.4688	0.680309
XM_047418618.1	2604	2376.29	1.50827	0.0285641
XM_047418619.1	16131	15903.3	68.7477	0.194542
XM_047418620.1	3976	3748.29	5.48239	0.0658232
XM_047418621.1	2695	2467.29	184.923	3.37297
XM_047418622.1	3229	3001.29	53.5291	0.802645
XM_047418623.1	3935	3707.29	46.1467	0.560178
XM_047418624.1	4860	4632.29	0	0
XM_047418625.1	20640	20412.3	39.8177	0.0877863
XM_047418626.1	7868	7640.29	0	0
XM_047418627.1	2495	2267.29	8.75652	0.173807
XM_047418628.1	7173	6945.29	0	0
XM_047418630.1	1308	1080.29	77.932	3.24651
XM_047418631.1	2807	2579.29	15.5402	0.271144
XM_047418632.1	2969	2741.29	0	0
XM_047418633.1	4428	4200.29	0	0
XM_047418634.1	8017	7789.29	0	0
XM_047418635.1	8340	8112.29	0	0
XM_047418636.1	8196	7968.29	24.5964	0.138915
XM_047418637.1	5366	5138.29	17.254	0.151117
XM_047418638.1	3153	2925.29	35.3376	0.543638
XM_047418639.1	4735	4507.29	0	0
XM_047418640.1	2771	2543.29	0	0
XM_047418641.1	3414	3186.29	0	0
XM_047418642.1	2866	2638.29	0	0
XM_047418643.1	2607	2379.29	0	0
XM_047418644.1	4279	4051.29	0	0
XM_047418645.1	2750	2522.29	0	0
XM_047418646.1	2770	2542.29	0	0
XM_047418647.1	4759	4531.29	0	0
XM_047418648.1	7104	6876.29	8.93483	0.0584756
XM_047418649.1	5860	5632.29	23.9931	0.191709
XM_047418650.1	5509	5281.29	123.619	1.05338
XM_047418651.1	2255	2027.29	31.8625	0.707304
XM_047418652.1	1337	1109.29	18.2769	0.741478
XM_047418653.1	1625	1397.29	0	0
XM_047418654.1	1106	878.293	0	0
XM_047418655.1	10745	10517.3	4.43423	0.0189739
XM_047418656.1	1102	874.293	0	0
XM_047418657.1	5384	5156.29	3.05748	0.0266851
XM_047418658.1	1945	1717.29	0	0
XM_047418659.1	2857	2629.29	0	0
XM_047418660.1	2708	2480.29	0	0
XM_047418661.1	2696	2468.29	0	0
XM_047418662.1	2445	2217.29	0	0
XM_047418663.1	2830	2602.29	0	0
XM_047418664.1	2681	2453.29	0	0
XM_047418665.1	2418	2190.29	0	0
XM_047418666.1	2806	2578.29	0.000316146	5.51819e-06
XM_047418667.1	2794	2566.29	0.189485	0.00332284
XM_047418668.1	2657	2429.29	0	0
XM_047418669.1	2645	2417.29	0	0
XM_047418670.1	2770	2542.29	2.23857	0.0396266
XM_047418671.1	2370	2142.29	0	0
XM_047418672.1	2238	2010.29	20.3851	0.456348
XM_047418673.1	3126	2898.29	5.75265	0.089324
XM_047418674.1	5540	5312.29	17.2381	0.146033
XM_047418675.1	5447	5219.29	2.74568e-07	2.36745e-09
XM_047418676.1	4010	3782.29	3.59833	0.0428142
XM_047418677.1	1738	1510.29	0	0
XM_047418678.1	3216	2988.29	0	0
XM_047418679.1	3349	3121.29	1024.02	14.7644
XM_047418680.1	1071	843.293	18.6718	0.996439
XM_047418681.1	5237	5009.29	0	0
XM_047418682.1	3159	2931.29	7.7524	0.11902
XM_047418683.1	6823	6595.29	0	0
XM_047418684.1	1355	1127.29	0	0
XM_047418685.1	773	545.487	0	0
XM_047418686.1	2319	2091.29	256.041	5.50981
XM_047418687.1	1222	994.293	0	0
XM_047418688.1	2068	1840.29	0	0
XM_047418689.1	4213	3985.29	2.90642	0.0328201
XM_047418690.1	1540	1312.29	3.35452e-06	1.15038e-07
XM_047418691.1	1203	975.293	50.1858	2.31573
XM_047418692.1	9471	9243.29	7.07952	0.0344683
XM_047418693.1	1018	790.293	100.463	5.72083
XM_047418694.1	825	597.427	7.4604e-05	5.61978e-06
XM_047418695.1	617	391.417	0	0
XM_047418696.1	1626	1398.29	188.882	6.07903
XM_047418697.1	8913	8685.29	90.1975	0.467361
XM_047418698.1	8852	8624.29	1.28439e-07	6.7022e-10
XM_047418699.1	9474	9246.29	0	0
XM_047418700.1	9095	8867.29	0	0
XM_047418701.1	9543	9315.29	0	0
XM_047418702.1	8753	8525.29	0	0
XM_047418703.1	8951	8723.29	0	0
XM_047418704.1	10174	9946.29	16.2672	0.0736026
XM_047418705.1	7202	6974.29	0	0
XM_047418706.1	6610	6382.29	32.5472	0.229498
XM_047418707.1	49490	49262.3	14.2208	0.0129912
XM_047418708.1	19094	18866.3	9.28414	0.0221461
XM_047418709.1	13747	13519.3	0	0
XM_047418710.1	13821	13593.3	6.60567	0.0218693
XM_047418711.1	10568	10340.3	466.16	2.02882
XM_047418712.1	9771	9543.29	666.034	3.1408
XM_047418713.1	9765	9537.29	116.162	0.548126
XM_047418714.1	30603	30375.3	23.0088	0.0340891
XM_047418715.1	19162	18934.3	0.0506865	0.000120472
XM_047418716.1	9781	9553.29	96.8711	0.456335
XM_047418718.1	1468	1240.29	0	0
XM_047418719.1	1435	1207.29	0	0
XM_047418720.1	1444	1216.29	0	0
XM_047418721.1	1175	947.293	0	0
XM_047418722.1	1110	882.293	1.32598	0.0676343
XM_047418723.1	7546	7318.29	287.512	1.76803
XM_047418724.1	7164	6936.29	25.5153	0.165545
XM_047418725.1	2800	2572.29	0	0
XM_047418726.1	2316	2088.29	0	0
XM_047418727.1	1104	876.293	22.7277	1.16721
XM_047418728.1	3835	3607.29	0.0477798	0.000596081
XM_047418729.1	854	626.427	34.6004	2.48572
XM_047418730.1	5203	4975.29	8.45496	0.0764778
XM_047418731.1	8862	8634.29	690.53	3.59913
XM_047418732.1	8789	8561.29	178.177	0.936598
XM_047418733.1	8790	8562.29	0.300936	0.00158171
XM_047418734.1	9754	9526.29	18.8046	0.0888349
XM_047418735.1	6093	5865.29	20.8148	0.159707
XM_047418736.1	6048	5820.29	5.11407	0.0395425
XM_047418737.1	5651	5423.29	0	0
XM_047418738.1	5741	5513.29	0	0
XM_047418739.1	5456	5228.29	0	0
XM_047418740.1	5286	5058.29	0	0
XM_047418741.1	5687	5459.29	0	0
XM_047418742.1	5642	5414.29	18.6704	0.155187
XM_047418743.1	5296	5068.29	92.104	0.817823
XM_047418744.1	3855	3627.29	0	0
XM_047418745.1	3756	3528.29	0.00122138	1.55786e-05
XM_047418746.1	3711	3483.29	16.6861	0.215579
XM_047418747.1	13057	12829.3	15.0164	0.052675
XM_047418748.1	3305	3077.29	2.03537	0.0297657
XM_047418749.1	3642	3414.29	0	0
XM_047418750.1	1233	1005.29	1	0.0447661
XM_047418751.1	10676	10448.3	48.5625	0.209169
XM_047418752.1	10628	10400.3	0	0
XM_047418753.1	4663	4435.29	0	0
XM_047418754.1	4907	4679.29	5.33775	0.0513358
XM_047418755.1	5158	4930.29	21.8611	0.199545
XM_047418756.1	1825	1597.29	0	0
XM_047418757.1	2394	2166.29	0.5	0.0103871
XM_047418758.1	7336	7108.29	0	0
XM_047418759.1	7240	7012.29	0	0
XM_047418760.1	7351	7123.29	0	0
XM_047418761.1	7193	6965.29	0	0
XM_047418762.1	6132	5904.29	0.000295036	2.24879e-06
XM_047418763.1	49561	49333.3	0.044602	4.06871e-05
XM_047418764.1	13429	13201.3	2.00395	0.00683146
XM_047418765.1	49534	49306.3	0.0944745	8.62293e-05
XM_047418766.1	13593	13365.3	8.92415e-08	3.00491e-10
XM_047418767.1	49321	49093.3	35.7316	0.0327546
XM_047418768.1	1319	1091.29	0	0
XM_047418769.1	7348	7120.29	43.0367	0.272009
XM_047418770.1	7346	7118.29	8.67217	0.0548269
XM_047418771.1	4155	3927.29	3123.68	35.7945
XM_047418772.1	2800	2572.29	0	0
XM_047418773.1	2250	2022.29	3	0.0667605
XM_047418774.1	1827	1599.29	0	0
XM_047418775.1	1322	1094.29	13.3565	0.549289
XM_047418776.1	11149	10921.3	0	0
XM_047418777.1	2779	2551.29	0.0954307	0.00168333
XM_047418778.1	2091	1863.29	0	0
XM_047418779.1	2774	2546.29	1.40516	0.0248348
XM_047418780.1	2087	1859.29	0	0
XM_047418781.1	1565	1337.29	0	0
XM_047418782.1	1888	1660.29	5.13644	0.139226
XM_047418783.1	5197	4969.29	30.169	0.273217
XM_047418784.1	5410	5182.29	0	0
XM_047418785.1	5017	4789.29	0	0
XM_047418786.1	4654	4426.29	33.3161	0.338732
XM_047418787.1	4486	4258.29	0	0
XM_047418788.1	8387	8159.29	0	0
XM_047418789.1	8381	8153.29	0	0
XM_047418790.1	8381	8153.29	0	0
XM_047418791.1	8375	8147.29	0	0
XM_047418792.1	8366	8138.29	0	0
XM_047418793.1	8360	8132.29	0	0
XM_047418794.1	8360	8132.29	0	0
XM_047418795.1	8357	8129.29	0	0
XM_047418796.1	8342	8114.29	0	0
XM_047418797.1	8339	8111.29	0.213049	0.00118204
XM_047418798.1	8336	8108.29	0	0
XM_047418799.1	8330	8102.29	218.867	1.21567
XM_047418800.1	8330	8102.29	0.000355099	1.97235e-06
XM_047418801.1	8321	8093.29	0	0
XM_047418802.1	8318	8090.29	4.37408e-07	2.43313e-09
XM_047418803.1	8318	8090.29	0	0
XM_047418804.1	8315	8087.29	0	0
XM_047418805.1	8315	8087.29	1.19494e-06	6.64943e-09
XM_047418806.1	8315	8087.29	0.828583	0.00461079
XM_047418807.1	8312	8084.29	0	0
XM_047418808.1	8312	8084.29	0	0
XM_047418809.1	8312	8084.29	4.43507e-07	2.46889e-09
XM_047418810.1	8312	8084.29	68.9121	0.383615
XM_047418811.1	8309	8081.29	0	0
XM_047418812.1	8306	8078.29	0	0
XM_047418813.1	8306	8078.29	0.0439428	0.000244799
XM_047418814.1	8150	7922.29	0	0
XM_047418815.1	8132	7904.29	0	0
XM_047418816.1	8108	7880.29	8.03067e-08	4.58618e-10
XM_047418817.1	8105	7877.29	0.22366	0.00127777
XM_047418818.1	8105	7877.29	2.36365e-07	1.35036e-09
XM_047418819.1	8102	7874.29	8.6531e-08	4.94541e-10
XM_047418820.1	8102	7874.29	23.8743	0.136446
XM_047418821.1	8090	7862.29	0	0
XM_047418822.1	8087	7859.29	0	0
XM_047418823.1	8087	7859.29	0	0
XM_047418824.1	8084	7856.29	0	0
XM_047418825.1	8081	7853.29	0	0
XM_047418826.1	8081	7853.29	3.59446e-05	2.0598e-07
XM_047418827.1	8078	7850.29	99.9973	0.573251
XM_047418828.1	4173	3945.29	0	0
XM_047418829.1	658	431.717	0	0
XM_047418830.1	23953	23725.3	0	0
XM_047418831.1	2423	2195.29	9.96513	0.204283
XM_047418832.1	2371	2143.29	0	0
XM_047418833.1	1999	1771.29	14.9544	0.379945
XM_047418834.1	3554	3326.29	0	0
XM_047418836.1	8419	8191.29	3.07012e-06	1.68673e-08
XM_047418837.1	1021	793.293	0	0
XM_047418838.1	2108	1880.29	0	0
XM_047418839.1	3155	2927.29	0	0
XM_047418840.1	3786	3558.29	0	0
XM_047418841.1	3693	3465.29	0	0
XM_047418842.1	3424	3196.29	53.4154	0.752077
XM_047418843.1	3936	3708.29	44.0675	0.534794
XM_047418844.1	3538	3310.29	0	0
XM_047418845.1	3749	3521.29	0	0
XM_047418846.1	1260	1032.29	0	0
XM_047418847.1	1241	1013.29	4.79091	0.212777
XM_047418848.1	3331	3103.29	0	0
XM_047418849.1	1075	847.293	21.7891	1.1573
XM_047418850.1	566	341.699	68.3013	8.99554
XM_047418851.1	1322	1094.29	26.3097	1.08199
XM_047418852.1	3412	3184.29	2.51127	0.0354913
XM_047418853.1	998	770.293	115.298	6.73611
XM_047418854.1	2110	1882.29	12.4694	0.298127
XM_047418855.1	2072	1844.29	64.232	1.56734
XM_047418856.1	1715	1487.29	8.02653	0.24287
XM_047418857.1	1632	1404.29	7.14295	0.228909
XM_047418858.1	3810	3582.29	0	0
XM_047418859.1	3762	3534.29	0	0
XM_047418860.1	1384	1156.29	0.350989	0.0136605
XM_047418861.1	905	677.361	43.6437	2.89964
XM_047418862.1	3507	3279.29	0	0
XM_047418863.1	5556	5328.29	40.1175	0.338835
XM_047418864.1	2751	2523.29	16.3146	0.290973
XM_047418865.1	1889	1661.29	6.38621	0.172997
XM_047418866.1	14912	14684.3	11.6146	0.0355953
XM_047418867.1	2105	1877.29	0	0
XM_047418868.1	2509	2281.29	1.79594	0.0354284
XM_047418869.1	2039	1811.29	0	0
XM_047418870.1	2018	1790.29	8.51413	0.214022
XM_047418871.1	1101	873.293	7.03596	0.362582
XM_047418872.1	3196	2968.29	94.5232	1.43309
XM_047418873.1	1605	1377.29	9.14566	0.298835
XM_047418874.1	700	472.947	3.63749	0.346124
XM_047418875.1	1413	1185.29	0	0
XM_047418876.1	2038	1810.29	0	0
XM_047418877.1	5947	5719.29	0	0
XM_047418878.1	1346	1118.29	7.58172	0.305108
XM_047418879.1	2155	1927.29	0	0
XM_047418880.1	1280	1052.29	12.9118	0.552194
XM_047418881.1	1439	1211.29	0	0
XM_047418882.1	1259	1031.29	0	0
XM_047418883.1	3416	3188.29	0	0
XM_047418884.1	2057	1829.29	22.924	0.563962
XM_047418885.1	1683	1455.29	60.6357	1.87508
XM_047418886.1	1157	929.293	15.7937	0.764846
XM_047418887.1	1926	1698.29	5.03898	0.133528
XM_047418888.1	1634	1406.29	0	0
XM_047418889.1	3225	2997.29	358.42	5.38153
XM_047418890.1	3205	2977.29	44.7046	0.67573
XM_047418891.1	2282	2054.29	270.922	5.93505
XM_047418892.1	1644	1416.29	0	0
XM_047418893.1	1275	1047.29	18.3072	0.786678
XM_047418894.1	4094	3866.29	0	0
XM_047418895.1	13653	13425.3	1.00086	0.00335499
XM_047418896.1	1391	1163.29	0	0
XM_047418897.1	2058	1830.29	0	0
XM_047418898.1	5349	5121.29	0	0
XM_047418899.1	7811	7583.29	3.0439	0.0180641
XM_047418900.1	8001	7773.29	87.922	0.50902
XM_047418901.1	2144	1916.29	0	0
XM_047418902.1	2225	1997.29	0	0
XM_047418903.1	2226	1998.29	0	0
XM_047418904.1	2224	1996.29	0	0
XM_047418905.1	1056	828.293	238.77	12.9729
XM_047418906.1	3461	3233.29	71.5098	0.995321
XM_047418907.1	3398	3170.29	21.1533	0.300277
XM_047418908.1	2883	2655.29	0	0
XM_047418909.1	2934	2706.29	0	0
XM_047418910.1	2818	2590.29	26.1506	0.454333
XM_047418911.1	2592	2364.29	0	0
XM_047418912.1	2203	1975.29	0	0
XM_047418913.1	1858	1630.29	0	0
XM_047418914.1	2182	1954.29	0	0
XM_047418915.1	4126	3898.29	20.2322	0.233567
XM_047418916.1	3856	3628.29	133.112	1.65104
XM_047418917.1	4062	3834.29	0	0
XM_047418918.1	3902	3674.29	0	0
XM_047418919.1	4746	4518.29	12.0031	0.119554
XM_047418920.1	4600	4372.29	0	0
XM_047418921.1	4586	4358.29	0	0
XM_047418922.1	4871	4643.29	47.294	0.458377
XM_047418923.1	4749	4521.29	0	0
XM_047418924.1	4278	4050.29	12.8515	0.142794
XM_047418925.1	3849	3621.29	0	0
XM_047418926.1	3692	3464.29	43.0563	0.559326
XM_047418927.1	6910	6682.29	19.0459	0.128268
XM_047418928.1	3821	3593.29	0	0
XM_047418929.1	4722	4494.29	0.00263	2.63352e-05
XM_047418930.1	4471	4243.29	0	0
XM_047418931.1	3599	3371.29	0	0
XM_047418932.1	3618	3390.29	211.792	2.81135
XM_047418933.1	3714	3486.29	1.79692	0.0231956
XM_047418934.1	4259	4031.29	198.567	2.21669
XM_047418935.1	4381	4153.29	1.80142	0.0195193
XM_047418936.1	3534	3306.29	11.9189	0.162232
XM_047418937.1	6794	6566.29	4.07195	0.0279077
XM_047418938.1	3104	2876.29	70.7387	1.10679
XM_047418939.1	3921	3693.29	55.9111	0.681281
XM_047418940.1	3859	3631.29	13.6023	0.168575
XM_047418941.1	3905	3677.29	0	0
XM_047418942.1	5875	5647.29	54.705	0.435942
XM_047418943.1	5813	5585.29	22.0791	0.1779
XM_047418944.1	3646	3418.29	0	0
XM_047418945.1	3571	3343.29	8.3152	0.111928
XM_047418946.1	3889	3661.29	0.122148	0.00150139
XM_047418947.1	3162	2934.29	0	0
XM_047418948.1	3056	2828.29	20.9735	0.333725
XM_047418949.1	3385	3157.29	56.0641	0.799121
XM_047418950.1	2986	2758.29	0	0
XM_047418951.1	3487	3259.29	21.3036	0.294152
XM_047418952.1	3322	3094.29	5.35616	0.0778994
XM_047418953.1	2504	2276.29	0	0
XM_047418954.1	2727	2499.29	0	0
XM_047418955.1	2664	2436.29	0	0
XM_047418956.1	8656	8428.29	3.72255	0.0198767
XM_047418957.1	2379	2151.29	0	0
XM_047418958.1	1055	827.293	30.5496	1.66184
XM_047418959.1	1719	1491.29	445.905	13.4562
XM_047418960.1	1666	1438.29	14.2024	0.444382
XM_047418961.1	1148	920.293	0.809161	0.0395686
XM_047418962.1	6342	6114.29	58.8125	0.432878
XM_047418963.1	6285	6057.29	0	0
XM_047418964.1	6189	5961.29	64.2241	0.484841
XM_047418965.1	6812	6584.29	0	0
XM_047418966.1	5581	5353.29	3.30381	0.0277739
XM_047418967.1	5611	5383.29	0.000325843	2.72398e-06
XM_047418968.1	5188	4960.29	0	0
XM_047418969.1	3357	3129.29	0	0
XM_047418970.1	3606	3378.29	0	0
XM_047418971.1	3391	3163.29	0	0
XM_047418972.1	3533	3305.29	38.2126	0.520283
XM_047418973.1	3535	3307.29	4.74433	0.0645571
XM_047418974.1	3423	3195.29	0	0
XM_047418975.1	3506	3278.29	22.4974	0.308836
XM_047418976.1	3318	3090.29	0	0
XM_047418977.1	3352	3124.29	0	0
XM_047418978.1	3386	3158.29	0	0
XM_047418979.1	3279	3051.29	0	0
XM_047418980.1	3420	3192.29	0	0
XM_047418981.1	2342	2114.29	0	0
XM_047418982.1	2210	1982.29	0	0
XM_047418983.1	2298	2070.29	0	0
XM_047418984.1	2286	2058.29	0	0
XM_047418985.1	2066	1838.29	1.00014	0.0244842
XM_047418986.1	1732	1504.29	0	0
XM_047418987.1	2409	2181.29	28.5082	0.588163
XM_047418988.1	4565	4337.29	19.4902	0.202227
XM_047418989.1	8793	8565.29	13.5731	0.0713145
XM_047418990.1	1524	1296.29	17.0072	0.590435
XM_047418991.1	2758	2530.29	0	0
XM_047418992.1	11031	10803.3	16.3575	0.0681401
XM_047418993.1	1592	1364.29	0	0
XM_047418994.1	5632	5404.29	0	0
XM_047418995.1	5617	5389.29	0	0
XM_047418996.1	5575	5347.29	0	0
XM_047418997.1	5479	5251.29	0	0
XM_047418998.1	5425	5197.29	0	0
XM_047418999.1	5407	5179.29	0	0
XM_047419000.1	1273	1045.29	0	0
XM_047419001.1	1120	892.293	4.56386e-06	2.3018e-07
XM_047419002.1	5722	5494.29	1.17692	0.00964001
XM_047419003.1	1982	1754.29	0	0
XM_047419004.1	1716	1488.29	0	0
XM_047419005.1	1921	1693.29	0	0
XM_047419006.1	1829	1601.29	0	0
XM_047419007.1	5289	5061.29	1.22147	0.0108608
XM_047419008.1	4300	4072.29	66.5543	0.735495
XM_047419009.1	4314	4086.29	40.0667	0.441261
XM_047419010.1	4392	4164.29	8.56937	0.0926083
XM_047419011.1	5045	4817.29	8.50244	0.0794297
XM_047419012.1	5048	4820.29	0	0
XM_047419013.1	4388	4160.29	0	0
XM_047419014.1	4391	4163.29	0	0
XM_047419015.1	4395	4167.29	0	0
XM_047419016.1	8841	8613.29	4.38171	0.0228937
XM_047419017.1	8929	8701.29	0	0
XM_047419018.1	1911	1683.29	0.682767	0.0182539
XM_047419019.1	1885	1657.29	16.8319	0.457064
XM_047419020.1	2376	2148.29	0	0
XM_047419021.1	2434	2206.29	74.8901	1.52758
XM_047419023.1	1772	1544.29	2.38036	0.0693673
XM_047419024.1	1397	1169.29	45.5562	1.75334
XM_047419025.1	1502	1274.29	6.3695	0.224946
XM_047419026.1	7954	7726.29	9.34359	0.0544233
XM_047419027.1	7777	7549.29	26.9379	0.160583
XM_047419028.1	7770	7542.29	7.96932	0.0475511
XM_047419029.1	7696	7468.29	15.7994	0.0952057
XM_047419030.1	7727	7499.29	19.7868	0.11874
XM_047419031.1	7820	7592.29	7.92057e-07	4.69489e-09
XM_047419032.1	7918	7690.29	27.767	0.16249
XM_047419033.1	7734	7506.29	24.3152	0.145779
XM_047419034.1	7691	7463.29	60.5735	0.365254
XM_047419035.1	7660	7432.29	48.6413	0.294527
XM_047419036.1	7784	7556.29	2.25387e-06	1.34234e-08
XM_047419037.1	7710	7482.29	5.93634e-06	3.57048e-08
XM_047419038.1	7741	7513.29	82.0868	0.491683
XM_047419039.1	7894	7666.29	16.077	0.0943761
XM_047419040.1	7667	7439.29	34.5643	0.209092
XM_047419041.1	7760	7532.29	1.21771e-06	7.27541e-09
XM_047419042.1	7294	7066.29	0	0
XM_047419043.1	7717	7489.29	47.1198	0.283142
XM_047419044.1	7710	7482.29	13.8691	0.0834172
XM_047419045.1	7943	7715.29	14.7632	0.0861132
XM_047419046.1	7636	7408.29	27.6668	0.168067
XM_047419047.1	7686	7458.29	3.20095e-06	1.93144e-08
XM_047419048.1	7674	7446.29	42.6311	0.257649
XM_047419049.1	7631	7403.29	106.609	0.648055
XM_047419050.1	7858	7630.29	48.1156	0.283783
XM_047419051.1	7650	7422.29	9.26452e-06	5.6173e-08
XM_047419052.1	7324	7096.29	0	0
XM_047419053.1	7724	7496.29	3.48684e-06	2.09328e-08
XM_047419054.1	7907	7679.29	43.9377	0.257489
XM_047419055.1	7773	7545.29	0.369675	0.00220489
XM_047419056.1	7681	7453.29	144.656	0.873435
XM_047419057.1	7645	7417.29	3.69044	0.0223911
XM_047419058.1	7418	7190.29	7.84726	0.0491149
XM_047419059.1	7468	7240.29	10.9067	0.0677922
XM_047419060.1	7387	7159.29	6.17669	0.0388265
XM_047419061.1	7461	7233.29	3.04903	0.01897
XM_047419062.1	7511	7283.29	1.51492e-07	9.36059e-10
XM_047419063.1	7609	7381.29	11.4532	0.0698294
XM_047419064.1	7382	7154.29	25.1487	0.158194
XM_047419065.1	7401	7173.29	1.21426e-06	7.6179e-09
XM_047419066.1	7475	7247.29	4.48417e-07	2.78451e-09
XM_047419067.1	7425	7197.29	9.73629	0.0608789
XM_047419068.1	7351	7123.29	19.9167	0.125829
XM_047419069.1	7432	7204.29	34.7803	0.217262
XM_047419070.1	7237	7009.29	0	0
XM_047419071.1	2155	1927.29	314.45	7.34253
XM_047419072.1	504	283.647	0	0
XM_047419073.1	764	536.541	0	0
XM_047419074.1	504	283.647	0	0
XM_047419075.1	1064	836.293	0	0
XM_047419076.1	1161	933.293	0	0
XM_047419077.1	6226	5998.29	322.785	2.42174
XM_047419078.1	3464	3236.29	34.9103	0.485454
XM_047419079.1	12026	11798.3	9.35292	0.0356755
XM_047419080.1	14839	14611.3	5.66359e-08	1.7444e-10
XM_047419081.1	12065	11837.3	7.29304e-07	2.77267e-09
XM_047419082.1	12541	12313.3	0	0
XM_047419083.1	11957	11729.3	77.3956	0.296952
XM_047419084.1	12111	11883.3	402.662	1.52492
XM_047419085.1	12018	11790.3	0	0
XM_047419086.1	11996	11768.3	5.53288e-06	2.11583e-08
XM_047419087.1	12170	11942.3	117.378	0.442325
XM_047419088.1	9456	9228.29	26.9441	0.131397
XM_047419089.1	9340	9112.29	153.224	0.756729
XM_047419090.1	14836	14608.3	2.38826e-07	7.35739e-10
XM_047419091.1	14455	14227.3	1187.46	3.7561
XM_047419092.1	2341	2113.29	0	0
XM_047419093.1	1932	1704.29	0	0
XM_047419094.1	1684	1456.29	0	0
XM_047419095.1	1317	1089.29	148.606	6.13953
XM_047419096.1	3428	3200.29	0	0
XM_047419097.1	3401	3173.29	63.3743	0.898763
XM_047419098.1	3205	2977.29	0	0
XM_047419099.1	3269	3041.29	2.81316	0.0416273
XM_047419100.1	3418	3190.29	0	0
XM_047419101.1	3095	2867.29	43.1921	0.677913
XM_047419102.1	6479	6251.29	0	0
XM_047419103.1	6609	6381.29	1.06324e-06	7.49832e-09
XM_047419104.1	6476	6248.29	0	0
XM_047419105.1	6606	6378.29	6.32247e-06	4.46092e-08
XM_047419106.1	6787	6559.29	49.6641	0.340743
XM_047419107.1	6525	6297.29	3.19632e-06	2.28422e-08
XM_047419108.1	14686	14458.3	0	0
XM_047419109.1	7538	7310.29	286.334	1.76271
XM_047419110.1	7460	7232.29	0	0
XM_047419111.1	7337	7109.29	0.000179271	1.13482e-06
XM_047419112.1	7281	7053.29	9.16628	0.0584849
XM_047419113.1	7406	7178.29	423.798	2.65693
XM_047419114.1	7895	7667.29	0	0
XM_047419115.1	7149	6921.29	14.0411	0.091297
XM_047419116.1	7763	7535.29	0	0
XM_047419117.1	6931	6703.29	10.392	0.0697677
XM_047419118.1	6782	6554.29	445.97	3.06212
XM_047419119.1	7063	6835.29	0	0
XM_047419120.1	7410	7182.29	75.4389	0.472688
XM_047419121.1	3290	3062.29	0	0
XM_047419122.1	3208	2980.29	0	0
XM_047419123.1	3170	2942.29	3.36237	0.0514283
XM_047419124.1	3205	2977.29	0	0
XM_047419125.1	3112	2884.29	260.658	4.06699
XM_047419126.1	3103	2875.29	0	0
XM_047419127.1	3038	2810.29	0	0
XM_047419128.1	3035	2807.29	0	0
XM_047419129.1	3073	2845.29	0	0
XM_047419130.1	10481	10253.3	106.141	0.465866
XM_047419131.1	10478	10250.3	0.944561	0.00414702
XM_047419132.1	10439	10211.3	74.4728	0.328215
XM_047419133.1	10352	10124.3	749.112	3.32985
XM_047419134.1	10349	10121.3	6.8575	0.030491
XM_047419135.1	10340	10112.3	0	0
XM_047419136.1	10322	10094.3	2.6966	0.0120221
XM_047419137.1	10319	10091.3	0.0207904	9.27169e-05
XM_047419138.1	10301	10073.3	33.6567	0.150363
XM_047419139.1	1768	1540.29	22.5008	0.657412
XM_047419140.1	10280	10052.3	1.83633	0.00822105
XM_047419141.1	10259	10031.3	0.000651741	2.92389e-06
XM_047419142.1	10220	9992.29	0.0564279	0.000254139
XM_047419143.1	10193	9965.29	170.356	0.769324
XM_047419144.1	10172	9944.29	26.7789	0.121188
XM_047419145.1	10169	9941.29	0.911689	0.00412711
XM_047419146.1	10142	9914.29	6.63819	0.0301321
XM_047419147.1	10130	9902.29	82.0572	0.372926
XM_047419148.1	10100	9872.29	3.92176	0.0178774
XM_047419149.1	10061	9833.29	0.0101314	4.63673e-05
XM_047419150.1	10052	9824.29	0	0
XM_047419151.1	10010	9782.29	0.160366	0.000737758
XM_047419152.1	9971	9743.29	16.4941	0.0761844
XM_047419153.1	8120	7892.29	2.02808e-05	1.15644e-07
XM_047419154.1	7831	7603.29	2.52685e-05	1.49562e-07
XM_047419155.1	5661	5433.29	16.7449	0.138695
XM_047419156.1	6832	6604.29	10.3151	0.070289
XM_047419157.1	2620	2392.29	0	0
XM_047419158.1	7506	7278.29	8.02326	0.0496093
XM_047419159.1	6316	6088.29	0	0
XM_047419160.1	6261	6033.29	0	0
XM_047419161.1	5619	5391.29	0	0
XM_047419162.1	5806	5578.29	1.12638e-05	9.08708e-08
XM_047419163.1	5751	5523.29	8.94179	0.0728566
XM_047419164.1	5611	5383.29	0	0
XM_047419165.1	6918	6690.29	5.42925	0.0365205
XM_047419166.1	5715	5487.29	0	0
XM_047419167.1	5728	5500.29	0	0
XM_047419168.1	5543	5315.29	0	0
XM_047419169.1	6246	6018.29	4.9847	0.0372742
XM_047419170.1	4947	4719.29	0	0
XM_047419171.1	5134	4906.29	1.6612e-06	1.52374e-08
XM_047419172.1	5079	4851.29	8.56648	0.0794671
XM_047419173.1	5121	4893.29	6.31202e-05	5.8051e-07
XM_047419174.1	4939	4711.29	0	0
XM_047419175.1	6168	5940.29	0	0
XM_047419176.1	5043	4815.29	0	0
XM_047419177.1	4869	4641.29	0	0
XM_047419178.1	4861	4633.29	0	0
XM_047419179.1	5001	4773.29	0	0
XM_047419180.1	5056	4828.29	0	0
XM_047419181.1	5226	4998.29	35.7626	0.321995
XM_047419182.1	5083	4855.29	0	0
XM_047419183.1	4930	4702.29	223.645	2.14039
XM_047419184.1	5112	4884.29	0	0
XM_047419185.1	11801	11573.3	421.963	1.64082
XM_047419186.1	8380	8152.29	0	0
XM_047419187.1	5533	5305.29	56.8013	0.481827
XM_047419188.1	4941	4713.29	4.82403	0.0460604
XM_047419189.1	3028	2800.29	143.323	2.30332
XM_047419190.1	2276	2048.29	0	0
XM_047419191.1	3499	3271.29	0	0
XM_047419192.1	1331	1103.29	0	0
XM_047419193.1	1180	952.293	0	0
XM_047419194.1	938	710.293	61.3275	3.88562
XM_047419195.1	3810	3582.29	0	0
XM_047419196.1	1773	1545.29	0	0
XM_047419197.1	972	744.293	8.92061	0.539378
XM_047419198.1	3690	3462.29	0	0
XM_047419199.1	2956	2728.29	0.000532966	8.79125e-06
XM_047419200.1	2881	2653.29	1.03157e-05	1.74966e-07
XM_047419201.1	2821	2593.29	27.7364	0.481328
XM_047419202.1	4859	4631.29	77.549	0.753557
XM_047419203.1	2624	2396.29	0.927304	0.017415
XM_047419204.1	1695	1467.29	31.6422	0.970493
XM_047419205.1	1620	1392.29	6.81206e-07	2.20186e-08
XM_047419206.1	1102	874.293	0	0
XM_047419207.1	4506	4278.29	26.9119	0.283084
XM_047419210.1	2127	1899.29	11.4845	0.272121
XM_047419211.1	24516	24288.3	57.608	0.10674
XM_047419212.1	2181	1953.29	8.90373	0.205138
XM_047419213.1	2429	2201.29	0	0
XM_047419214.1	3678	3450.29	0	0
XM_047419215.1	9160	8932.29	5.40231	0.0272181
XM_047419216.1	9092	8864.29	9.48743	0.0481667
XM_047419217.1	8581	8353.29	6.66996	0.0359342
XM_047419218.1	8611	8383.29	0	0
XM_047419219.1	8503	8275.29	61.3614	0.333699
XM_047419220.1	7431	7203.29	0	0
XM_047419221.1	495	275.303	23.5938	3.85681
XM_047419222.1	3414	3186.29	0	0
XM_047419223.1	3036	2808.29	0	0
XM_047419224.1	2422	2194.29	0	0
XM_047419225.1	2352	2124.29	24.0633	0.509781
XM_047419226.1	1585	1357.29	100.236	3.32347
XM_047419227.1	3330	3102.29	14.1127	0.204724
XM_047419228.1	3073	2845.29	0	0
XM_047419229.1	3013	2785.29	0	0
XM_047419230.1	853	625.427	0	0
XM_047419231.1	9859	9631.29	4.62534	0.0216123
XM_047419232.1	9856	9628.29	7.08983	0.0331382
XM_047419233.1	5655	5427.29	0	0
XM_047419234.1	5881	5653.29	0	0
XM_047419235.1	5717	5489.29	0	0
XM_047419236.1	1028	800.293	0	0
XM_047419237.1	986	758.293	0	0
XM_047419238.1	2637	2409.29	0	0
XM_047419239.1	2794	2566.29	0	0
XM_047419240.1	893	665.361	0	0
XM_047419241.1	5627	5399.29	0	0
XM_047419242.1	5437	5209.29	0	0
XM_047419243.1	13073	12845.3	4.9475	0.0173334
XM_047419244.1	16138	15910.3	16.1256	0.0456121
XM_047419245.1	3126	2898.29	0	0
XM_047419246.1	5179	4951.29	19.3119	0.175529
XM_047419247.1	5019	4791.29	0	0
XM_047419248.1	4544	4316.29	0	0
XM_047419249.1	5703	5475.29	145.901	1.1992
XM_047419250.1	2919	2691.29	0	0
XM_047419251.1	1999	1771.29	0	0
XM_047419252.1	1861	1633.29	5.29806	0.145981
XM_047419253.1	2960	2732.29	0	0
XM_047419254.1	3040	2812.29	0	0
XM_047419255.1	3037	2809.29	0	0
XM_047419256.1	3115	2887.29	0	0
XM_047419257.1	2836	2608.29	5.33736	0.09209
XM_047419258.1	6858	6630.29	82.476	0.559806
XM_047419259.1	3205	2977.29	0	0
XM_047419260.1	3059	2831.29	0	0
XM_047419261.1	1232	1004.29	0	0
XM_047419262.1	1111	883.293	6.73538	0.343162
XM_047419263.1	1455	1227.29	0	0
XM_047419264.1	1947	1719.29	0.102704	0.00268831
XM_047419265.1	2730	2502.29	7.48853	0.134679
XM_047419266.1	1275	1047.29	5.13321	0.220578
XM_047419267.1	1082	854.293	0	0
XM_047419268.1	3513	3285.29	33.4663	0.458433
XM_047419269.1	2227	1999.29	0	0
XM_047419270.1	4129	3901.29	0	0
XM_047419271.1	3154	2926.29	0	0
XM_047419272.1	3064	2836.29	0	0
XM_047419273.1	3417	3189.29	1229.25	17.3456
XM_047419274.1	3310	3082.29	150.987	2.20449
XM_047419275.1	2056	1828.29	0	0
XM_047419276.1	2041	1813.29	0	0
XM_047419277.1	2032	1804.29	0	0
XM_047419278.1	1605	1377.29	0	0
XM_047419279.1	2045	1817.29	6.79108	0.168173
XM_047419280.1	1956	1728.29	0	0
XM_047419281.1	1493	1265.29	9.86435	0.350848
XM_047419282.1	4559	4331.29	0	0
XM_047419283.1	5005	4777.29	7.41001	0.0698038
XM_047419284.1	4435	4207.29	0	0
XM_047419285.1	4459	4231.29	0	0
XM_047419286.1	4247	4019.29	0	0
XM_047419287.1	2289	2061.29	0	0
XM_047419288.1	1153	925.293	0	0
XM_047419289.1	3625	3397.29	5.04142	0.0667825
XM_047419290.1	3610	3382.29	0	0
XM_047419291.1	1521	1293.29	0	0
XM_047419292.1	723	495.802	0	0
XM_047419293.1	657	430.76	0	0
XM_047419294.1	808	580.487	45.1624	3.50128
XM_047419295.1	1468	1240.29	0	0
XM_047419296.1	4409	4181.29	0	0
XM_047419297.1	4406	4178.29	695.053	7.48619
XM_047419298.1	2624	2396.29	0	0
XM_047419299.1	1947	1719.29	0	0
XM_047419300.1	2035	1807.29	0	0
XM_047419301.1	1857	1629.29	0	0
XM_047419302.1	2563	2335.29	0	0
XM_047419303.1	1686	1458.29	0	0
XM_047419304.1	1782	1554.29	62.8183	1.81884
XM_047419305.1	1870	1642.29	29.7509	0.815252
XM_047419306.1	1786	1558.29	9.24932	0.267118
XM_047419307.1	1621	1393.29	47.9594	1.54908
XM_047419308.1	3161	2933.29	0.686595	0.0105339
XM_047419309.1	3051	2823.29	0.167287	0.00266654
XM_047419310.1	2962	2734.29	3.18591	0.0524362
XM_047419311.1	2595	2367.29	33.1141	0.629511
XM_047419312.1	2835	2607.29	0	0
XM_047419313.1	3079	2851.29	83.7577	1.32198
XM_047419314.1	3319	3091.29	26.8875	0.391428
XM_047419315.1	7510	7282.29	0.000228893	1.41451e-06
XM_047419316.1	3457	3229.29	88.9531	1.23964
XM_047419317.1	1776	1548.29	0	0
XM_047419318.1	4231	4003.29	0	0
XM_047419319.1	4049	3821.29	0	0
XM_047419320.1	4137	3909.29	0	0
XM_047419321.1	4200	3972.29	0	0
XM_047419322.1	4112	3884.29	0	0
XM_047419323.1	4074	3846.29	0	0
XM_047419324.1	4155	3927.29	0	0
XM_047419325.1	4043	3815.29	0	0
XM_047419326.1	4031	3803.29	0	0
XM_047419327.1	3897	3669.29	0	0
XM_047419328.1	4117	3889.29	0	0
XM_047419329.1	3957	3729.29	0	0
XM_047419330.1	3737	3509.29	0	0
XM_047419331.1	3950	3722.29	0	0
XM_047419332.1	3932	3704.29	0	0
XM_047419333.1	3920	3692.29	0	0
XM_047419335.1	1068	840.293	558.863	29.9307
XM_047419336.1	6653	6425.29	0	0
XM_047419337.1	1845	1617.29	0	0
XM_047419338.1	3695	3467.29	0	0
XM_047419339.1	3786	3558.29	0	0
XM_047419340.1	3810	3582.29	0	0
XM_047419341.1	3693	3465.29	0	0
XM_047419342.1	3702	3474.29	0	0
XM_047419343.1	3584	3356.29	0	0
XM_047419344.1	3666	3438.29	0	0
XM_047419345.1	3548	3320.29	0	0
XM_047419346.1	3663	3435.29	0	0
XM_047419347.1	3545	3317.29	0	0
XM_047419348.1	3534	3306.29	0	0
XM_047419349.1	3555	3327.29	0	0
XM_047419350.1	3171	2943.29	0	0
XM_047419351.1	2443	2215.29	0	0
XM_047419352.1	1782	1554.29	0	0
XM_047419353.1	1507	1279.29	0	0
XM_047419354.1	1472	1244.29	9.46707	0.342401
XM_047419355.1	1784	1556.29	52.5663	1.52005
XM_047419356.1	1457	1229.29	0.00790945	0.000289556
XM_047419357.1	736	508.753	0	0
XM_047419358.1	1588	1360.29	0	0
XM_047419359.1	1680	1452.29	0	0
XM_047419360.1	1165	937.293	0	0
XM_047419361.1	2299	2071.29	0	0
XM_047419362.1	1393	1165.29	0	0
XM_047419363.1	3409	3181.29	2.47849	0.0350612
XM_047419364.1	3218	2990.29	0	0
XM_047419365.1	8645	8417.29	174.461	0.932758
XM_047419366.1	4080	3852.29	0	0
XM_047419367.1	1342	1114.29	0	0
XM_047419368.1	4240	4012.29	5.69362	0.0638613
XM_047419369.1	1264	1036.29	0	0
XM_047419370.1	1474	1246.29	0	0
XM_047419371.1	1262	1034.29	0	0
XM_047419372.1	5105	4877.29	0	0
XM_047419373.1	5008	4780.29	0	0
XM_047419374.1	4921	4693.29	13.827	0.132584
XM_047419375.1	4566	4338.29	9.95672	0.103286
XM_047419376.1	4145	3917.29	16.0823	0.184759
XM_047419377.1	827	599.427	99.6031	7.47788
XM_047419378.1	1503	1275.29	0	0
XM_047419379.1	1387	1159.29	0	0
XM_047419380.1	1380	1152.29	0.351928	0.0137446
XM_047419381.1	1243	1015.29	0	0
XM_047419382.1	1180	952.293	0	0
XM_047419383.1	4225	3997.29	0	0
XM_047419384.1	1982	1754.29	87.3868	2.24174
XM_047419385.1	810	582.487	0	0
XM_047419386.1	4127	3899.29	267.514	3.08747
XM_047419387.1	5309	5081.29	305.463	2.70537
XM_047419388.1	5398	5170.29	3.05151e-06	2.65608e-08
XM_047419389.1	4268	4040.29	0.000250317	2.78818e-06
XM_047419390.1	745	517.701	8.24753	0.716947
XM_047419391.1	9879	9651.29	0	0
XM_047419392.1	5536	5308.29	12.7819	0.108363
XM_047419393.1	5644	5416.29	0	0
XM_047419394.1	1304	1076.29	1.58651	0.066337
XM_047419395.1	1253	1025.29	11.1328	0.488652
XM_047419396.1	3897	3669.29	0	0
XM_047419397.1	2912	2684.29	0	0
XM_047419398.1	9313	9085.29	107.992	0.534927
XM_047419399.1	2867	2639.29	317.356	5.41129
XM_047419400.1	4405	4177.29	0	0
XM_047419401.1	4381	4153.29	0	0
XM_047419402.1	5635	5407.29	23.197	0.19306
XM_047419403.1	4624	4396.29	0	0
XM_047419404.1	4344	4116.29	0	0
XM_047419405.1	4297	4069.29	0	0
XM_047419406.1	3042	2814.29	0	0
XM_047419407.1	4391	4163.29	0	0
XM_047419408.1	4192	3964.29	0	0
XM_047419409.1	4451	4223.29	48.0204	0.511701
XM_047419410.1	4211	3983.29	0	0
XM_047419411.1	5715	5487.29	0	0
XM_047419412.1	4180	3952.29	17.933	0.204196
XM_047419413.1	2531	2303.29	158.639	3.09958
XM_047419414.1	2408	2180.29	481.498	9.93853
XM_047419415.1	2423	2195.29	29.8836	0.612608
XM_047419416.1	14330	14102.3	39.5375	0.126172
XM_047419417.1	873	645.427	2.61999	0.182681
XM_047419418.1	1967	1739.29	45.745	1.18362
XM_047419419.1	629	403.218	54.6029	6.09421
XM_047419420.1	1749	1521.29	12.0229	0.355662
XM_047419421.1	3977	3749.29	18.0819	0.217038
XM_047419422.1	6214	5986.29	0	0
XM_047419423.1	6262	6034.29	0	0
XM_047419424.1	5745	5517.29	0	0
XM_047419425.1	6558	6330.29	2.83413	0.0201483
XM_047419426.1	7346	7118.29	1.34202	0.00848448
XM_047419427.1	4424	4196.29	0.00341357	3.66087e-05
XM_047419428.1	4424	4196.29	1.65365	0.0177346
XM_047419429.1	4421	4193.29	0.968499	0.0103941
XM_047419430.1	3945	3717.29	0.935257	0.0113226
XM_047419431.1	4346	4118.29	44.8716	0.49034
XM_047419432.1	4343	4115.29	18.366	0.200843
XM_047419433.1	3864	3636.29	1.46032	0.0180731
XM_047419434.1	3761	3533.29	0.408741	0.00520608
XM_047419435.1	1776	1548.29	0	0
XM_047419436.1	5722	5494.29	0	0
XM_047419437.1	5861	5633.29	0	0
XM_047419438.1	5764	5536.29	0	0
XM_047419439.1	5645	5417.29	0	0
XM_047419440.1	5473	5245.29	0	0
XM_047419441.1	5814	5586.29	7.09421	0.0571508
XM_047419442.1	11586	11358.3	5.86955	0.0232559
XM_047419443.1	1913	1685.29	76.048	2.03074
XM_047419444.1	6033	5805.29	0	0
XM_047419445.1	4647	4419.29	22.663	0.230785
XM_047419446.1	4257	4029.29	5.55292	0.0620205
XM_047419447.1	4679	4451.29	24.411	0.246798
XM_047419448.1	4251	4023.29	0	0
XM_047419449.1	6023	5795.29	0	0
XM_047419450.1	6018	5790.29	0	0
XM_047419451.1	6012	5784.29	0	0
XM_047419452.1	5976	5748.29	8.3293e-07	6.52097e-09
XM_047419453.1	5973	5745.29	369.483	2.89417
XM_047419454.1	5970	5742.29	0.041332	0.000323924
XM_047419455.1	5967	5739.29	55.2949	0.43358
XM_047419456.1	7647	7419.29	25.8347	0.156705
XM_047419457.1	5898	5670.29	0	0
XM_047419458.1	6890	6662.29	3.24441e-06	2.19156e-08
XM_047419459.1	5988	5760.29	0	0
XM_047419460.1	6884	6656.29	170.944	1.15575
XM_047419461.1	6903	6675.29	228.418	1.53993
XM_047419462.1	6326	6098.29	0	0
XM_047419463.1	6028	5800.29	12.0871	0.0937812
XM_047419464.1	6031	5803.29	29.5021	0.228781
XM_047419465.1	5966	5738.29	15.5832	0.122213
XM_047419466.1	6281	6053.29	0	0
XM_047419467.1	6728	6500.29	131.769	0.912268
XM_047419468.1	5985	5757.29	0	0
XM_047419469.1	1280	1052.29	0	0
XM_047419470.1	7370	7142.29	713.408	4.49513
XM_047419472.1	7195	6967.29	0	0
XM_047419473.1	6628	6400.29	197.419	1.38813
XM_047419474.1	2687	2459.29	29.1751	0.533881
XM_047419475.1	3858	3630.29	70.5736	0.874869
XM_047419476.1	5939	5711.29	0	0
XM_047419477.1	2085	1857.29	0	0
XM_047419478.1	2257	2029.29	0	0
XM_047419479.1	3525	3297.29	0	0
XM_047419480.1	3972	3744.29	7.07937	0.0850877
XM_047419481.1	3382	3154.29	0	0
XM_047419482.1	5927	5699.29	0	0
XM_047419483.1	4749	4521.29	59.83	0.595523
XM_047419484.1	1424	1196.29	137.891	5.18729
XM_047419485.1	2226	1998.29	20.3268	0.457774
XM_047419487.1	819	591.487	9.95687	0.757566
XM_047419488.1	5904	5676.29	0	0
XM_047419489.1	1356	1128.29	0.0105593	0.00042117
XM_047419490.1	5901	5673.29	0	0
XM_047419491.1	1692	1464.29	77.5079	2.3821
XM_047419492.1	4739	4511.29	6.45506	0.0643934
XM_047419493.1	5894	5666.29	0	0
XM_047419494.1	5081	4853.29	223.279	2.07039
XM_047419495.1	4985	4757.29	76.7014	0.72558
XM_047419496.1	4525	4297.29	0	0
XM_047419497.1	4504	4276.29	10.4259	0.109721
XM_047419498.1	4400	4172.29	33.7594	0.364135
XM_047419499.1	4878	4650.29	17.6839	0.171135
XM_047419500.1	4010	3782.29	53.9058	0.64139
XM_047419501.1	3914	3686.29	76.5474	0.934507
XM_047419502.1	3666	3438.29	102.796	1.34547
XM_047419503.1	949	721.293	0	0
XM_047419505.1	1709	1481.29	0	0
XM_047419506.1	1015	787.293	0	0
XM_047419507.1	4319	4091.29	98.5368	1.08388
XM_047419508.1	5738	5510.29	0	0
XM_047419509.1	3333	3105.29	0	0
XM_047419510.1	4284	4056.29	490.082	5.43728
XM_047419511.1	1719	1491.29	0	0
XM_047419512.1	5735	5507.29	0	0
XM_047419513.1	4281	4053.29	217.287	2.41251
XM_047419514.1	4187	3959.29	132.576	1.50692
XM_047419515.1	3684	3456.29	0	0
XM_047419516.1	4178	3950.29	0	0
XM_047419517.1	7312	7084.29	0	0
XM_047419518.1	7213	6985.29	1.49422e-08	9.6266e-11
XM_047419519.1	3484	3256.29	0	0
XM_047419520.1	11327	11099.3	262.188	1.06307
XM_047419521.1	7060	6832.29	0.117379	0.000773156
XM_047419522.1	2994	2766.29	12.8321	0.208757
XM_047419523.1	1752	1524.29	0	0
XM_047419524.1	1306	1078.29	0	0
XM_047419525.1	5606	5378.29	7.26972	0.0608297
XM_047419526.1	4140	3912.29	0	0
XM_047419527.1	5558	5330.29	62.1201	0.524473
XM_047419528.1	5076	4848.29	10.4523	0.0970212
XM_047419529.1	3160	2932.29	46.2782	0.710251
XM_047419530.1	3157	2929.29	0	0
XM_047419531.1	3212	2984.29	0	0
XM_047419532.1	3220	2992.29	0	0
XM_047419533.1	2832	2604.29	0	0
XM_047419534.1	3190	2962.29	45.4707	0.69079
XM_047419535.1	2622	2394.29	125.237	2.35395
XM_047419536.1	3187	2959.29	19.6347	0.298592
XM_047419537.1	2799	2571.29	0	0
XM_047419538.1	3182	2954.29	67.8572	1.03368
XM_047419539.1	2281	2053.29	30.6298	0.671329
XM_047419540.1	2784	2556.29	16.8185	0.296087
XM_047419541.1	2682	2454.29	0	0
XM_047419542.1	2914	2686.29	0	0
XM_047419543.1	2674	2446.29	10.529	0.193695
XM_047419544.1	2749	2521.29	0	0
XM_047419545.1	2578	2350.29	30.0209	0.574836
XM_047419546.1	980	752.293	0	0
XM_047419547.1	1018	790.293	4.85584e-05	2.76515e-06
XM_047419548.1	1015	787.293	86.939	4.96959
XM_047419549.1	2691	2463.29	27.3431	0.499544
XM_047419550.1	2770	2542.29	0	0
XM_047419551.1	2369	2141.29	0	0
XM_047419552.1	2874	2646.29	25.1605	0.427881
XM_047419553.1	4215	3987.29	0	0
XM_047419554.1	2566	2338.29	0	0
XM_047419555.1	2487	2259.29	1.17923	0.0234892
XM_047419556.1	2761	2533.29	0.466493	0.00828709
XM_047419557.1	2670	2442.29	1.31953	0.0243144
XM_047419558.1	2255	2027.29	44.4973	0.987778
XM_047419559.1	1831	1603.29	0	0
XM_047419560.1	2559	2331.29	0	0
XM_047419561.1	2677	2449.29	0	0
XM_047419562.1	1549	1321.29	11.5312	0.392752
XM_047419563.1	3123	2895.29	427.95	6.65185
XM_047419564.1	3509	3281.29	0	0
XM_047419565.1	3747	3519.29	105.373	1.34746
XM_047419566.1	13913	13685.3	103.03	0.338808
XM_047419567.1	4091	3863.29	0	0
XM_047419568.1	1278	1050.29	0	0
XM_047419569.1	1314	1086.29	8.04662	0.333356
XM_047419570.1	7646	7418.29	6.0502	0.0367035
XM_047419571.1	2565	2337.29	14.5612	0.280367
XM_047419572.1	1038	810.293	0	0
XM_047419573.1	1004	776.293	160.029	9.27717
XM_047419574.1	3200	2972.29	11.2868	0.170892
XM_047419575.1	2494	2266.29	0.00382122	7.58802e-05
XM_047419578.1	2140	1912.29	31.4615	0.740401
XM_047419579.1	8009	7781.29	125.711	0.727046
XM_047419580.1	7170	6942.29	0	0
XM_047419581.1	7167	6939.29	1.53317e-05	9.94299e-08
XM_047419582.1	7088	6860.29	0	0
XM_047419583.1	7249	7021.29	38.0947	0.244169
XM_047419584.1	7014	6786.29	0	0
XM_047419585.1	6597	6369.29	0	0
XM_047419586.1	6394	6166.29	129.756	0.946991
XM_047419587.1	6378	6150.29	0	0
XM_047419588.1	6172	5944.29	110.392	0.835756
XM_047419589.1	6169	5941.29	57.1588	0.432957
XM_047419590.1	2252	2024.29	0	0
XM_047419591.1	2088	1860.29	1.66103	0.0401825
XM_047419592.1	2175	1947.29	0	0
XM_047419593.1	3415	3187.29	0	0
XM_047419594.1	5373	5145.29	0	0
XM_047419595.1	2200	1972.29	34.6626	0.790919
XM_047419596.1	4546	4318.29	6.61211	0.0689081
XM_047419597.1	7950	7722.29	79.1373	0.461187
XM_047419598.1	7745	7517.29	0.763931	0.00457336
XM_047419599.1	4357	4129.29	0	0
XM_047419600.1	5344	5116.29	108.918	0.958045
XM_047419601.1	3134	2906.29	87.0048	1.34724
XM_047419602.1	4805	4577.29	0	0
XM_047419603.1	6440	6212.29	0	0
XM_047419604.1	3583	3355.29	0	0
XM_047419605.1	5703	5475.29	0	0
XM_047419608.1	1329	1101.29	155.148	6.33996
XM_047419609.1	1943	1715.29	6.01495	0.15781
XM_047419610.1	7233	7005.29	165.027	1.06016
XM_047419611.1	2387	2159.29	0	0
XM_047419612.1	1612	1384.29	0	0
XM_047419613.1	13150	12922.3	271.794	0.946549
XM_047419614.1	2233	2005.29	10.6525	0.239066
XM_047419615.1	3073	2845.29	0	0
XM_047419616.1	2578	2350.29	0	0
XM_047419617.1	814	586.487	0	0
XM_047419618.1	1355	1127.29	0.0992478	0.00396211
XM_047419619.1	1057	829.293	0	0
XM_047419620.1	832	604.427	0	0
XM_047419621.1	985	757.293	0	0
XM_047419622.1	858	630.427	0	0
XM_047419623.1	883	655.427	0	0
XM_047419624.1	981	753.293	0	0
XM_047419625.1	4244	4016.29	18.705	0.209592
XM_047419626.1	3215	2987.29	0	0
XM_047419627.1	2718	2490.29	6.25591	0.113053
XM_047419628.1	691	464.041	4.09613	0.397246
XM_047419629.1	177	46.3929	0	0
XM_047419630.1	2419	2191.29	8	0.164298
XM_047419631.1	3144	2916.29	20	0.308632
XM_047419632.1	3742	3514.29	0	0
XM_047419633.1	2367	2139.29	10.4684	0.220218
XM_047419634.1	4416	4188.29	99.4326	1.0684
XM_047419635.1	2514	2286.29	66.6135	1.31121
XM_047419636.1	2275	2047.29	0	0
XM_047419637.1	4324	4096.29	0	0
XM_047419638.1	3130	2902.29	0	0
XM_047419639.1	1071	843.293	0	0
XM_047419640.1	2374	2146.29	0	0
XM_047419641.1	1457	1229.29	4	0.146436
XM_047419642.1	2321	2093.29	0	0
XM_047419643.1	1108	880.293	0	0
XM_047419644.1	1778	1550.29	7	0.203201
XM_047419645.1	2512	2284.29	0	0
XM_047419646.1	1325	1097.29	0	0
XM_047419647.1	1730	1502.29	0	0
XM_047419648.1	5865	5637.29	0	0
XM_047419649.1	5815	5587.29	0	0
XM_047419650.1	5713	5485.29	0	0
XM_047419651.1	333	140.38	1.00204	0.321234
XM_047419652.1	1882	1654.29	29.2743	0.796372
XM_047419653.1	596	370.951	0	0
XM_047419654.1	1451	1223.29	0	0
XM_047419655.1	5576	5348.29	0	0
XM_047419656.1	1403	1175.29	0	0
XM_047419657.1	1352	1124.29	0	0
XM_047419658.1	12212	11984.3	0	0
XM_047419659.1	13535	13307.3	0	0
XM_047419660.1	5632	5404.29	0	0
XM_047419661.1	5348	5120.29	0	0
XM_047419662.1	5313	5085.29	0	0
XM_047419663.1	917	689.293	0	0
XM_047419664.1	1291	1063.29	0	0
XM_047419665.1	5705	5477.29	0	0
XM_047419666.1	5701	5473.29	0	0
XM_047419667.1	5602	5374.29	0	0
XM_047419668.1	5760	5532.29	0	0
XM_047419669.1	5506	5278.29	0	0
XM_047419670.1	4152	3924.29	8.71532	0.0999457
XM_047419671.1	9106	8878.29	0	0
XM_047419672.1	1441	1213.29	2.08539	0.0773505
XM_047419673.1	2041	1813.29	0.16238	0.00403002
XM_047419674.1	4919	4691.29	839.33	8.0516
XM_047419675.1	16245	16017.3	8.54787	0.0240166
XM_047419676.1	5015	4787.29	0	0
XM_047419677.1	4956	4728.29	0.000348428	3.31628e-06
XM_047419678.1	3620	3392.29	87.1485	1.15614
XM_047419679.1	3615	3387.29	2.06474	0.0274318
XM_047419680.1	3504	3276.29	4.30927	0.059192
XM_047419681.1	6056	5828.29	598.988	4.62508
XM_047419682.1	2383	2155.29	0	0
XM_047419683.1	2027	1799.29	37.2594	0.931915
XM_047419684.1	5633	5405.29	0.000104436	8.69505e-07
XM_047419685.1	5579	5351.29	20.2596	0.170378
XM_047419686.1	4930	4702.29	0	0
XM_047419687.1	1401	1173.29	0	0
XM_047419688.1	1429	1201.29	0	0
XM_047419689.1	1398	1170.29	0	0
XM_047419690.1	1317	1089.29	0	0
XM_047419691.1	1294	1066.29	4.89601	0.206637
XM_047419692.1	6307	6079.29	218.643	1.61854
XM_047419693.1	1120	892.293	0	0
XM_047419694.1	1813	1585.29	0	0
XM_047419695.1	5753	5525.29	0	0
XM_047419696.1	2491	2263.29	0	0
XM_047419697.1	2423	2195.29	28.4572	0.583368
XM_047419698.1	2606	2378.29	26.1903	0.495584
XM_047419699.1	4706	4478.29	0	0
XM_047419700.1	2348	2120.29	15.3539	0.325885
XM_047419701.1	2554	2326.29	274.202	5.30454
XM_047419702.1	2404	2176.29	101.575	2.10044
XM_047419703.1	2408	2180.29	240.777	4.96985
XM_047419704.1	2385	2157.29	185.721	3.87432
XM_047419705.1	2032	1804.29	0	0
XM_047419706.1	5495	5267.29	2036.09	17.3961
XM_047419707.1	5134	4906.29	34.5629	0.317029
XM_047419708.1	2030	1802.29	467.725	11.679
XM_047419709.1	4439	4211.29	0	0
XM_047419710.1	2677	2449.29	0	0
XM_047419711.1	1564	1336.29	7.27217	0.244909
XM_047419712.1	3295	3067.29	0	0
XM_047419713.1	1621	1393.29	0	0
XM_047419714.1	1610	1382.29	54.8737	1.78651
XM_047419715.1	2228	2000.29	0	0
XM_047419716.1	11724	11496.3	415.975	1.62836
XM_047419717.1	2884	2656.29	16.1563	0.273721
XM_047419718.1	708	480.9	0	0
XM_047419719.1	1775	1547.29	0.620421	0.018045
XM_047419720.1	1651	1423.29	0	0
XM_047419721.1	2232	2004.29	0	0
XM_047419722.1	5029	4801.29	104.996	0.984142
XM_047419723.1	6104	5876.29	0	0
XM_047419724.1	6129	5901.29	0	0
XM_047419725.1	6099	5871.29	0	0
XM_047419726.1	6515	6287.29	0	0
XM_047419727.1	6038	5810.29	0	0
XM_047419728.1	6069	5841.29	0	0
XM_047419729.1	6485	6257.29	0	0
XM_047419730.1	6033	5805.29	0	0
XM_047419731.1	5978	5750.29	0	0
XM_047419732.1	6003	5775.29	0	0
XM_047419733.1	5973	5745.29	0	0
XM_047419734.1	6389	6161.29	0	0
XM_047419735.1	6188	5960.29	0	0
XM_047419736.1	6359	6131.29	0	0
XM_047419737.1	5088	4860.29	0	0
XM_047419738.1	5943	5715.29	0	0
XM_047419739.1	5903	5675.29	0	0
XM_047419740.1	5898	5670.29	0	0
XM_047419741.1	19699	19471.3	6.12439	0.014155
XM_047419742.1	18593	18365.3	0	0
XM_047419743.1	6151	5923.29	0	0
XM_047419744.1	6113	5885.29	0	0
XM_047419745.1	6254	6026.29	0	0
XM_047419746.1	5808	5580.29	0	0
XM_047419747.1	6224	5996.29	0	0
XM_047419748.1	5928	5700.29	0	0
XM_047419749.1	5826	5598.29	0	0
XM_047419750.1	5682	5454.29	0	0
XM_047419751.1	8511	8283.29	121.84	0.661957
XM_047419752.1	4666	4438.29	0	0
XM_047419753.1	4455	4227.29	4.32507e-07	4.6044e-09
XM_047419754.1	4759	4531.29	0	0
XM_047419755.1	4582	4354.29	0	0
XM_047419756.1	4650	4422.29	4.84451e-06	4.92998e-08
XM_047419757.1	4723	4495.29	0	0
XM_047419758.1	4560	4332.29	7.89208	0.0819815
XM_047419759.1	4420	4192.29	19.4374	0.208655
XM_047419760.1	4330	4102.29	0	0
XM_047419761.1	4493	4265.29	0	0
XM_047419762.1	4461	4233.29	0	0
XM_047419763.1	4371	4143.29	0	0
XM_047419764.1	6216	5988.29	29.1397	0.21899
XM_047419765.1	4251	4023.29	4.88154	0.0546031
XM_047419766.1	4414	4186.29	0	0
XM_047419767.1	4482	4254.29	2.08391e-06	2.20442e-08
XM_047419768.1	4293	4065.29	0.000315624	3.49398e-06
XM_047419769.1	3115	2887.29	7.82165	0.121913
XM_047419770.1	3079	2851.29	0.00151968	2.39858e-05
XM_047419771.1	2492	2264.29	91.8836	1.8262
XM_047419772.1	2830	2602.29	8.54295	0.147739
XM_047419773.1	2504	2276.29	16.301	0.322277
XM_047419774.1	8267	8039.29	10.7966	0.0604382
XM_047419775.1	2406	2178.29	24.0321	0.496497
XM_047419776.1	2649	2421.29	0	0
XM_047419777.1	5936	5708.29	59.6372	0.470168
XM_047419778.1	5936	5708.29	59.6372	0.470168
XM_047419779.1	2836	2608.29	0	0
XM_047419780.1	1478	1250.29	0	0
XM_047419781.1	1176	948.293	0	0
XM_047419782.1	4130	3902.29	25.1229	0.289729
XM_047419783.1	4716	4488.29	0.222499	0.00223095
XM_047419784.1	1852	1624.29	16.9071	0.468431
XM_047419786.1	4163	3935.29	1.84215e-06	2.10664e-08
XM_047419787.1	4220	3992.29	0	0
XM_047419788.1	4299	4071.29	0	0
XM_047419789.1	4262	4034.29	0	0
XM_047419790.1	4169	3941.29	57.4039	0.655458
XM_047419791.1	4259	4031.29	0	0
XM_047419792.1	3989	3761.29	0	0
XM_047419793.1	3956	3728.29	0	0
XM_047419794.1	3998	3770.29	0	0
XM_047419795.1	4028	3800.29	0	0
XM_047419796.1	4122	3894.29	0	0
XM_047419797.1	3881	3653.29	10.3708	0.127753
XM_047419798.1	3148	2920.29	6.14186	0.094649
XM_047419799.1	3602	3374.29	0.00105835	1.41152e-05
XM_047419800.1	10734	10506.3	0	0
XM_047419801.1	9669	9441.29	0	0
XM_047419802.1	9851	9623.29	0	0
XM_047419803.1	10696	10468.3	0	0
XM_047419804.1	10690	10462.3	0	0
XM_047419805.1	9855	9627.29	22.1414	0.1035
XM_047419806.1	9906	9678.29	0.0158249	7.35841e-05
XM_047419807.1	5013	4785.29	4.77559	0.0449118
XM_047419808.1	9758	9530.29	0	0
XM_047419809.1	5764	5536.29	0	0
XM_047419810.1	6945	6717.29	2.6903	0.0180239
XM_047419811.1	9253	9025.29	0	0
XM_047419812.1	5566	5338.29	0	0
XM_047419813.1	5604	5376.29	0	0
XM_047419814.1	5521	5293.29	0	0
XM_047419815.1	4770	4542.29	0	0
XM_047419816.1	4858	4630.29	0	0
XM_047419817.1	4865	4637.29	0	0
XM_047419818.1	5560	5332.29	0	0
XM_047419819.1	4859	4631.29	0	0
XM_047419820.1	4769	4541.29	0	0
XM_047419821.1	4776	4548.29	0	0
XM_047419822.1	9871	9643.29	0.000328556	1.5333e-06
XM_047419823.1	3761	3533.29	2.31298	0.0294601
XM_047419824.1	1765	1537.29	5.848	0.171196
XM_047419825.1	1750	1522.29	0.0706407	0.00208833
XM_047419826.1	1672	1444.29	7.87634e-07	2.45421e-08
XM_047419827.1	599	373.876	20.7134	2.49326
XM_047419828.1	1598	1370.29	1.66469	0.0546718
XM_047419829.1	6545	6317.29	0	0
XM_047419830.1	2224	1996.29	440.986	9.94128
XM_047419831.1	1120	892.293	0	0
XM_047419832.1	570	345.561	43.4289	5.65584
XM_047419833.1	546	322.964	29.4937	4.10977
XM_047419834.1	1608	1380.29	22.531	0.7346
XM_047419835.1	1589	1361.29	32.2108	1.06486
XM_047419836.1	6773	6545.29	32.4002	0.222772
XM_047419837.1	6473	6245.29	84.3905	0.608111
XM_047419838.1	6129	5901.29	0.0566488	0.000432002
XM_047419839.1	3273	3045.29	0	0
XM_047419840.1	4095	3867.29	0	0
XM_047419841.1	2990	2762.29	0	0
XM_047419842.1	2922	2694.29	0	0
XM_047419843.1	5943	5715.29	0	0
XM_047419844.1	6189	5961.29	0	0
XM_047419845.1	6140	5912.29	0	0
XM_047419846.1	4991	4763.29	0	0
XM_047419847.1	9136	8908.29	7.1275	0.0360069
XM_047419848.1	5088	4860.29	0	0
XM_047419849.1	3667	3439.29	0	0
XM_047419850.1	5740	5512.29	0	0
XM_047419852.1	2532	2304.29	0	0
XM_047419853.1	2847	2619.29	0	0
XM_047419854.1	2861	2633.29	20.0315	0.342339
XM_047419855.1	2806	2578.29	108.848	1.8999
XM_047419856.1	3012	2784.29	0	0
XM_047419857.1	2829	2601.29	13.9112	0.240668
XM_047419858.1	2706	2478.29	0	0
XM_047419859.1	2391	2163.29	0	0
XM_047419860.1	2685	2457.29	0	0
XM_047419861.1	2652	2424.29	10.3659	0.192425
XM_047419862.1	2544	2316.29	0	0
XM_047419863.1	3037	2809.29	0	0
XM_047419864.1	12030	11802.3	204.191	0.778597
XM_047419865.1	3303	3075.29	0	0
XM_047419866.1	3900	3672.29	0	0
XM_047419867.1	3729	3501.29	0	0
XM_047419868.1	3591	3363.29	0	0
XM_047419869.1	2921	2693.29	714.843	11.9445
XM_047419870.1	3323	3095.29	184.545	2.68313
XM_047419871.1	3108	2880.29	44.7799	0.699663
XM_047419872.1	2536	2308.29	34.033	0.663517
XM_047419873.1	2746	2518.29	14.6163	0.261199
XM_047419874.1	2587	2359.29	0	0
XM_047419875.1	2058	1830.29	0	0
XM_047419876.1	2027	1799.29	0	0
XM_047419877.1	1923	1695.29	0	0
XM_047419878.1	2556	2328.29	0	0
XM_047419879.1	6618	6390.29	0	0
XM_047419880.1	1633	1405.29	1	0.032024
XM_047419881.1	3284	3056.29	22.7281	0.334666
XM_047419882.1	2936	2708.29	0	0
XM_047419883.1	876	648.427	0	0
XM_047419884.1	718	490.852	0	0
XM_047419885.1	2090	1862.29	0	0
XM_047419886.1	2042	1814.29	4	0.099219
XM_047419887.1	1481	1253.29	0	0
XM_047419888.1	1356	1128.29	0	0
XM_047419889.1	5620	5392.29	0	0
XM_047419890.1	2919	2691.29	0	0
XM_047419891.1	1874	1646.29	9.19083	0.251241
XM_047419892.1	1890	1662.29	0	0
XM_047419893.1	1817	1589.29	0	0
XM_047419894.1	3013	2785.29	7.50764	0.121304
XM_047419895.1	1934	1706.29	0	0
XM_047419896.1	1976	1748.29	0	0
XM_047419897.1	1980	1752.29	0	0
XM_047419898.1	1895	1667.29	0	0
XM_047419899.1	2107	1879.29	3.57106	0.0855156
XM_047419900.1	2591	2363.29	0	0
XM_047419901.1	2480	2252.29	0	0
XM_047419902.1	2431	2203.29	0	0
XM_047419903.1	2547	2319.29	0	0
XM_047419904.1	2346	2118.29	0	0
XM_047419905.1	1104	876.293	0	0
XM_047419906.1	13717	13489.3	33.9333	0.113209
XM_047419907.1	13714	13486.3	7.9194	0.0264266
XM_047419908.1	13763	13535.3	103.469	0.344022
XM_047419909.1	13760	13532.3	77.3969	0.257392
XM_047419910.1	13757	13529.3	18.2997	0.060871
XM_047419911.1	13408	13180.3	6.00156	0.0204919
XM_047419912.1	13700	13472.3	13.1949	0.0440766
XM_047419913.1	13697	13469.3	0.00245215	8.19303e-06
XM_047419914.1	13457	13229.3	11.4332	0.0388931
XM_047419915.1	13454	13226.3	62.5612	0.212868
XM_047419916.1	13394	13166.3	221.157	0.755925
XM_047419917.1	13391	13163.3	0.0342342	0.000117041
XM_047419918.1	17005	16777.3	0	0
XM_047419919.1	14704	14476.3	0	0
XM_047419920.1	16390	16162.3	15.8994	0.044271
XM_047419921.1	16387	16159.3	20.5074	0.0571123
XM_047419922.1	14740	14512.3	3.93912	0.0122153
XM_047419923.1	6235	6007.29	14.0353	0.105144
XM_047419924.1	3610	3382.29	4.53092	0.0602862
XM_047419925.1	4107	3879.29	15.7406	0.182604
XM_047419926.1	8500	8272.29	14.2869	0.0777239
XM_047419927.1	1561	1333.29	0	0
XM_047419928.1	770	542.487	0	0
XM_047419929.1	6060	5832.29	3.00323	0.0231735
XM_047419930.1	6252	6024.29	0	0
XM_047419931.1	1611	1383.29	0	0
XM_047419932.1	2135	1907.29	0	0
XM_047419933.1	2531	2303.29	0	0
XM_047419934.1	787	559.487	1.42711	0.114791
XM_047419936.1	2657	2429.29	0	0
XM_047419937.1	2316	2088.29	9	0.193952
XM_047419939.1	4708	4480.29	40.3388	0.405191
XM_047419940.1	13126	12898.3	0	0
XM_047419941.1	8137	7909.29	9.95804	0.0566602
XM_047419942.1	7785	7557.29	0	0
XM_047419943.1	4274	4046.29	0	0
XM_047419944.1	4724	4496.29	4.19818	0.0420193
XM_047419945.1	16408	16180.3	0	0
XM_047419946.1	15958	15730.3	369.542	1.05723
XM_047419947.1	4377	4149.29	60.1586	0.652478
XM_047419948.1	4372	4144.29	0	0
XM_047419949.1	7130	6902.29	42.483	0.27699
XM_047419950.1	12979	12751.3	0	0
XM_047419951.1	5036	4808.29	0	0
XM_047419952.1	48454	48226.3	53.6403	0.0500552
XM_047419953.1	10631	10403.3	0	0
XM_047419954.1	3343	3115.29	87.8477	1.26904
XM_047419955.1	3328	3100.29	23.8157	0.345703
XM_047419956.1	3322	3094.29	0	0
XM_047419957.1	3319	3091.29	0	0
XM_047419958.1	3319	3091.29	125.514	1.82723
XM_047419959.1	3316	3088.29	174.31	2.54008
XM_047419960.1	3313	3085.29	692.632	10.1029
XM_047419961.1	3313	3085.29	6.55563	0.0956226
XM_047419962.1	3310	3082.29	286.246	4.17934
XM_047419963.1	3307	3079.29	554.395	8.10234
XM_047419964.1	3304	3076.29	227.426	3.32702
XM_047419965.1	3304	3076.29	5.01332	0.0733398
XM_047419966.1	3301	3073.29	1286.96	18.8453
XM_047419967.1	3301	3073.29	0.113014	0.0016549
XM_047419968.1	3298	3070.29	884.353	12.9625
XM_047419969.1	3298	3070.29	538.545	7.89376
XM_047419970.1	3289	3061.29	152.562	2.24277
XM_047419971.1	3286	3058.29	9853.93	145.002
XM_047419972.1	3286	3058.29	504.969	7.43067
XM_047419973.1	3283	3055.29	45.5201	0.670491
XM_047419974.1	3277	3049.29	46.4434	0.685436
XM_047419975.1	3274	3046.29	18.5022	0.273334
XM_047419976.1	3268	3040.29	69.2372	1.02486
XM_047419977.1	3268	3040.29	399.308	5.91065
XM_047419978.1	3262	3034.29	54.1596	0.803267
XM_047419979.1	3262	3034.29	82.2995	1.22062
XM_047419980.1	3256	3028.29	37.6201	0.559067
XM_047419981.1	3484	3256.29	0	0
XM_047419982.1	940	712.293	0	0
XM_047419983.1	4035	3807.29	0	0
XM_047419984.1	3945	3717.29	0	0
XM_047419985.1	6406	6178.29	5.34797e-08	3.89549e-10
XM_047419986.1	6626	6398.29	952.477	6.69935
XM_047419987.1	6572	6344.29	0	0
XM_047419988.1	6769	6541.29	25.8503	0.177846
XM_047419989.1	2887	2659.29	0	0
XM_047419990.1	2700	2472.29	0	0
XM_047419991.1	2642	2414.29	0	0
XM_047419992.1	2620	2392.29	1.73839e-05	3.2702e-07
XM_047419993.1	2658	2430.29	4.51612	0.0836275
XM_047419994.1	2737	2509.29	0	0
XM_047419995.1	2651	2423.29	0	0
XM_047419996.1	2636	2408.29	0	0
XM_047419997.1	2595	2367.29	20.4119	0.388038
XM_047419998.1	2560	2332.29	0	0
XM_047419999.1	2528	2300.29	1.61288	0.0315544
XM_047420000.1	12243	12015.3	0	0
XM_047420001.1	2513	2285.29	38.2193	0.752633
XM_047420002.1	2495	2267.29	28.0511	0.556782
XM_047420003.1	780	552.487	0	0
XM_047420004.1	2396	2168.29	10.1075	0.209781
XM_047420005.1	2561	2333.29	8.01938	0.154673
XM_047420006.1	2471	2243.29	11.0171	0.221016
XM_047420007.1	2027	1799.29	164.511	4.11468
XM_047420008.1	11273	11045.3	7.00269e-05	2.85319e-07
XM_047420009.1	11203	10975.3	0.168287	0.000690044
XM_047420010.1	3914	3686.29	3.48329	0.0425247
XM_047420011.1	4652	4424.29	6.3327	0.0644151
XM_047420012.1	4240	4012.29	0.0230158	0.000258152
XM_047420013.1	4400	4172.29	0	0
XM_047420014.1	4342	4114.29	0	0
XM_047420015.1	4315	4087.29	0	0
XM_047420016.1	4657	4429.29	0	0
XM_047420017.1	4470	4242.29	0.0112933	0.000119802
XM_047420018.1	4882	4654.29	2.46234	0.0238087
XM_047420019.1	4497	4269.29	5.14106	0.0541925
XM_047420020.1	1379	1151.29	0	0
XM_047420021.1	3863	3635.29	48.4523	0.599815
XM_047420022.1	4987	4759.29	19.9375	0.188526
XM_047420023.1	2102	1874.29	0	0
XM_047420024.1	2586	2358.29	5.00746	0.0955568
XM_047420025.1	2894	2666.29	34.4737	0.581865
XM_047420026.1	2901	2673.29	0.946992	0.015942
XM_047420027.1	2956	2728.29	0	0
XM_047420028.1	2956	2728.29	4.54687	0.0750005
XM_047420029.1	2036	1808.29	31.352	0.780258
XM_047420030.1	2916	2688.29	0.210782	0.00352858
XM_047420031.1	2652	2424.29	8.13983	0.151103
XM_047420032.1	2687	2459.29	0.363157	0.00664549
XM_047420033.1	2603	2375.29	0	0
XM_047420034.1	1775	1547.29	36.7622	1.06923
XM_047420035.1	1686	1458.29	0	0
XM_047420036.1	1670	1442.29	0	0
XM_047420037.1	9765	9537.29	0	0
XM_047420038.1	9706	9478.29	0	0
XM_047420039.1	10790	10562.3	0	0
XM_047420040.1	10614	10386.3	0	0
XM_047420041.1	11695	11467.3	8.63941	0.0339051
XM_047420042.1	6482	6254.29	1.45049e-07	1.04371e-09
XM_047420043.1	5542	5314.29	0	0
XM_047420044.1	4218	3990.29	0	0
XM_047420045.1	3804	3576.29	0	0
XM_047420046.1	4906	4678.29	0	0
XM_047420047.1	2360	2132.29	2.47061	0.0521435
XM_047420048.1	1577	1349.29	0	0
XM_047420049.1	6100	5872.29	0.00141586	1.08507e-05
XM_047420050.1	7198	6970.29	0	0
XM_047420051.1	7227	6999.29	0	0
XM_047420052.1	6954	6726.29	0	0
XM_047420053.1	6838	6610.29	0	0
XM_047420054.1	7111	6883.29	0	0
XM_047420055.1	6817	6589.29	0	0
XM_047420056.1	3033	2805.29	0	0
XM_047420057.1	3618	3390.29	183.067	2.43006
XM_047420058.1	3579	3351.29	30.7022	0.412286
XM_047420059.1	5048	4820.29	76.784	0.716869
XM_047420060.1	9571	9343.29	2.81629	0.013565
XM_047420061.1	6489	6261.29	0.0126103	9.06363e-05
XM_047420062.1	6452	6224.29	42.6262	0.308197
XM_047420063.1	6365	6137.29	0	0
XM_047420064.1	9000	8772.29	0	0
XM_047420065.1	9072	8844.29	0.00050087	2.54862e-06
XM_047420066.1	9013	8785.29	4.84223	0.0248046
XM_047420068.1	6521	6293.29	14.0655	0.100582
XM_047420069.1	6651	6423.29	10.1701	0.0712542
XM_047420070.1	1891	1663.29	16.2315	0.439168
XM_047420071.1	6639	6411.29	0.443707	0.00311454
XM_047420072.1	1725	1497.29	81.4508	2.44811
XM_047420073.1	6264	6036.29	0	0
XM_047420074.1	5940	5712.29	0	0
XM_047420075.1	5876	5648.29	0	0
XM_047420076.1	5406	5178.29	0	0
XM_047420077.1	5376	5148.29	0	0
XM_047420078.1	5376	5148.29	0	0
XM_047420079.1	5283	5055.29	0	0
XM_047420080.1	5112	4884.29	0	0
XM_047420081.1	2591	2363.29	0.053845	0.00102535
XM_047420083.1	2317	2089.29	0	0
XM_047420084.1	2367	2139.29	0	0
XM_047420085.1	609	383.573	3.40504	0.399501
XM_047420086.1	656	429.76	0	0
XM_047420087.1	5112	4884.29	0	0
XM_047420088.1	5406	5178.29	10.9609	0.0952581
XM_047420089.1	4746	4518.29	0	0
XM_047420090.1	4775	4547.29	0	0
XM_047420091.1	4244	4016.29	0	0
XM_047420092.1	10167	9939.29	17.6225	0.0797911
XM_047420093.1	3624	3396.29	0	0
XM_047420094.1	2248	2020.29	0	0
XM_047420095.1	2561	2333.29	21.3287	0.411375
XM_047420096.1	2456	2228.29	0	0
XM_047420097.1	2072	1844.29	0	0
XM_047420098.1	2837	2609.29	66.5729	1.1482
XM_047420099.1	2767	2539.29	234.216	4.15094
XM_047420100.1	2403	2175.29	19.0037	0.393154
XM_047420101.1	14638	14410.3	8.92982e-05	2.78877e-07
XM_047420102.1	14010	13782.3	20.5613	0.0671385
XM_047420103.1	2335	2107.29	0	0
XM_047420104.1	2552	2324.29	19.4605	0.376796
XM_047420105.1	3076	2848.29	0	0
XM_047420106.1	2853	2625.29	21.3459	0.365914
XM_047420107.1	1324	1096.29	2.76071	0.113328
XM_047420108.1	1098	870.293	0	0
XM_047420109.1	1267	1039.29	0.31674	0.0137153
XM_047420110.1	2116	1888.29	219.068	5.22098
XM_047420111.1	2059	1831.29	106.784	2.62415
XM_047420112.1	3004	2776.29	11.2172	0.181828
XM_047420113.1	1189	961.293	2.70539	0.126653
XM_047420114.1	1194	966.293	0.00220442	0.000102666
XM_047420115.1	3282	3054.29	5.81212	0.085638
XM_047420116.1	830	602.427	15.4197	1.1519
XM_047420117.1	1633	1405.29	0	0
XM_047420118.1	1853	1625.29	11.592	0.320973
XM_047420119.1	6418	6190.29	30.1786	0.219397
XM_047420120.1	1247	1019.29	12.5889	0.555818
XM_047420121.1	2120	1892.29	43.042	1.02364
XM_047420122.1	1202	974.293	4.00242	0.184874
XM_047420123.1	1856	1628.29	66.3783	1.83458
XM_047420124.1	3727	3499.29	289.949	3.72892
XM_047420125.1	3573	3345.29	101.463	1.36494
XM_047420126.1	5832	5604.29	59.0522	0.474195
XM_047420127.1	3693	3465.29	0	0
XM_047420128.1	2638	2410.29	0	0
XM_047420129.1	6818	6590.29	0	0
XM_047420130.1	6706	6478.29	0	0
XM_047420131.1	6841	6613.29	0	0
XM_047420132.1	6616	6388.29	0	0
XM_047420133.1	7929	7701.29	0	0
XM_047420134.1	6775	6547.29	19.5015	0.134044
XM_047420135.1	7999	7771.29	99.7962	0.577914
XM_047420136.1	6904	6676.29	25.5189	0.172016
XM_047420137.1	6906	6678.29	0	0
XM_047420138.1	8093	7865.29	0	0
XM_047420139.1	6725	6497.29	0	0
XM_047420140.1	6523	6295.29	0	0
XM_047420141.1	6613	6385.29	0	0
XM_047420142.1	6710	6482.29	0	0
XM_047420143.1	6457	6229.29	0	0
XM_047420144.1	6547	6319.29	0	0
XM_047420145.1	6813	6585.29	0	0
XM_047420146.1	6682	6454.29	0.124466	0.000867851
XM_047420147.1	6532	6304.29	0	0
XM_047420148.1	6793	6565.29	0	0
XM_047420149.1	7986	7758.29	0	0
XM_047420150.1	6442	6214.29	0	0
XM_047420151.1	6439	6211.29	0	0
XM_047420152.1	2877	2649.29	137.719	2.3394
XM_047420153.1	5421	5193.29	9.55325	0.0827848
XM_047420154.1	7466	7238.29	0	0
XM_047420155.1	7421	7193.29	0	0
XM_047420156.1	7394	7166.29	0	0
XM_047420157.1	7367	7139.29	35.2201	0.222012
XM_047420158.1	7364	7136.29	0	0
XM_047420159.1	7352	7124.29	0	0
XM_047420160.1	7349	7121.29	0	0
XM_047420161.1	7322	7094.29	0	0
XM_047420162.1	7319	7091.29	0	0
XM_047420163.1	6121	5893.29	0	0
XM_047420164.1	6103	5875.29	0	0
XM_047420165.1	6100	5872.29	0	0
XM_047420166.1	7255	7027.29	0	0
XM_047420167.1	6163	5935.29	0	0
XM_047420168.1	6067	5839.29	0	0
XM_047420169.1	6049	5821.29	0	0
XM_047420170.1	6598	6370.29	1856.55	13.1157
XM_047420171.1	6312	6084.29	0	0
XM_047420172.1	7104	6876.29	0.000760879	4.9797e-06
XM_047420173.1	6932	6704.29	0	0
XM_047420174.1	6914	6686.29	0	0
XM_047420175.1	7045	6817.29	102.841	0.678883
XM_047420176.1	4553	4325.29	0	0
XM_047420177.1	4725	4497.29	0	0
XM_047420178.1	4727	4499.29	0	0
XM_047420179.1	4442	4214.29	0	0
XM_047420180.1	2639	2411.29	0.131057	0.00244598
XM_047420181.1	2375	2147.29	0	0
XM_047420182.1	2088	1860.29	14.2021	0.343569
XM_047420183.1	1953	1725.29	4.28214	0.111697
XM_047420184.1	2765	2537.29	0	0
XM_047420185.1	4487	4259.29	3.08584e-05	3.26045e-07
XM_047420186.1	4282	4054.29	0	0
XM_047420187.1	4429	4201.29	0	0
XM_047420188.1	4326	4098.29	0	0
XM_047420189.1	1036	808.293	373.464	20.7932
XM_047420190.1	950	722.293	13.9017	0.86616
XM_047420191.1	1690	1462.29	56.209	1.72987
XM_047420192.1	2598	2370.29	6.40141	0.121539
XM_047420193.1	1735	1507.29	0	0
XM_047420194.1	2295	2067.29	0	0
XM_047420195.1	2451	2223.29	3.3099	0.0669978
XM_047420196.1	2258	2030.29	0	0
XM_047420197.1	2380	2152.29	0.00161733	3.38174e-05
XM_047420198.1	3237	3009.29	10.4439	0.156186
XM_047420199.1	3067	2839.29	0	0
XM_047420200.1	3839	3611.29	0	0
XM_047420205.1	8324	8096.29	211.427	1.17521
XM_047420206.1	16255	16027.3	31.338	0.0879941
XM_047420207.1	8287	8059.29	802.25	4.47976
XM_047420208.1	8441	8213.29	0	0
XM_047420209.1	8255	8027.29	0	0
XM_047420210.1	20467	20239.3	0	0
XM_047420211.1	19993	19765.3	0	0
XM_047420212.1	15874	15646.3	0	0
XM_047420213.1	14203	13975.3	0	0
XM_047420214.1	6863	6635.29	10	0.0678238
XM_047420215.1	1236	1008.29	18.068	0.806426
XM_047420216.1	1328	1100.29	0	0
XM_047420217.1	5517	5289.29	7.64434e-08	6.50406e-10
XM_047420218.1	5244	5016.29	101.587	0.911374
XM_047420219.1	2030	1802.29	1.84931	0.046177
XM_047420220.1	2294	2066.29	0	0
XM_047420221.1	5725	5497.29	17.8833	0.1464
XM_047420222.1	5364	5136.29	0	0
XM_047420223.1	5333	5105.29	0	0
XM_047420224.1	5692	5464.29	4.35506e-08	3.58676e-10
XM_047420225.1	2390	2162.29	0	0
XM_047420226.1	3492	3264.29	18.7786	0.25889
XM_047420227.1	3371	3143.29	0	0
XM_047420228.1	1532	1304.29	0	0
XM_047420229.1	7166	6938.29	0	0
XM_047420230.1	8567	8339.29	88.3256	0.47665
XM_047420231.1	2790	2562.29	0	0
XM_047420232.1	4935	4707.29	0.00439402	4.20081e-05
XM_047420233.1	5099	4871.29	0	0
XM_047420234.1	5389	5161.29	7.31989	0.0638246
XM_047420235.1	5226	4998.29	0	0
XM_047420236.1	5176	4948.29	0	0
XM_047420237.1	4954	4726.29	53.6584	0.510927
XM_047420238.1	4954	4726.29	0	0
XM_047420239.1	7097	6869.29	0	0
XM_047420240.1	5283	5055.29	0	0
XM_047420241.1	4945	4717.29	365.082	3.48289
XM_047420242.1	11528	11300.3	3.72172	0.0148216
XM_047420243.1	4964	4736.29	203.506	1.93366
XM_047420244.1	5148	4920.29	0.0014587	1.33419e-05
XM_047420245.1	5788	5560.29	37.7931	0.305884
XM_047420246.1	5294	5066.29	3.12267e-05	2.77382e-07
XM_047420247.1	5244	5016.29	25.1178	0.225341
XM_047420248.1	5110	4882.29	0	0
XM_047420249.1	5060	4832.29	71.9253	0.669839
XM_047420250.1	4837	4609.29	0	0
XM_047420251.1	5921	5693.29	9.01858	0.0712881
XM_047420252.1	4930	4702.29	123.42	1.18119
XM_047420253.1	6253	6025.29	0	0
XM_047420254.1	18140	17912.3	18.4142	0.0462642
XM_047420255.1	9339	9111.29	3.82503	0.0188928
XM_047420256.1	4246	4018.29	0	0
XM_047420257.1	1439	1211.29	39.8792	1.48163
XM_047420258.1	1399	1171.29	0	0
XM_047420259.1	1153	925.293	0	0
XM_047420260.1	15326	15098.3	160.495	0.478384
XM_047420261.1	15719	15491.3	0	0
XM_047420262.1	15908	15680.3	21.5466	0.0618395
XM_047420263.1	49340	49112.3	38.9313	0.035674
XM_047420264.1	15602	15374.3	0	0
XM_047420265.1	15245	15017.3	137.382	0.411698
XM_047420266.1	2124	1896.29	22.438	0.532502
XM_047420267.1	1280	1052.29	59.4376	2.54195
XM_047420268.1	3949	3721.29	0	0
XM_047420269.1	2803	2575.29	0	0
XM_047420270.1	2911	2683.29	0	0
XM_047420271.1	2783	2555.29	0	0
XM_047420272.1	2808	2580.29	0	0
XM_047420273.1	5596	5368.29	0	0
XM_047420274.1	2609	2381.29	0	0
XM_047420275.1	2578	2350.29	0	0
XM_047420276.1	2890	2662.29	0	0
XM_047420277.1	2907	2679.29	0	0
XM_047420278.1	4059	3831.29	72.5456	0.852134
XM_047420279.1	3400	3172.29	219.378	3.11217
XM_047420280.1	2740	2512.29	0	0
XM_047420281.1	4611	4383.29	0	0
XM_047420282.1	2744	2516.29	0	0
XM_047420283.1	2613	2385.29	0	0
XM_047420284.1	2027	1799.29	105.086	2.62837
XM_047420285.1	2016	1788.29	27.8643	0.701216
XM_047420286.1	1787	1559.29	0	0
XM_047420287.1	1367	1139.29	3.69035e-07	1.45772e-08
XM_047420288.1	1604	1376.29	0	0
XM_047420289.1	1478	1250.29	0	0
XM_047420290.1	1228	1000.29	28.9023	1.30031
XM_047420291.1	1194	966.293	0	0
XM_047420292.1	1199	971.293	0	0
XM_047420293.1	1337	1109.29	0	0
XM_047420294.1	7602	7374.29	0	0
XM_047420295.1	7643	7415.29	5.17723	0.0314204
XM_047420296.1	1223	995.293	0	0
XM_047420297.1	2181	1953.29	0	0
XM_047420298.1	2778	2550.29	0	0
XM_047420299.1	2256	2028.29	2.08502	0.0462618
XM_047420300.1	2220	1992.29	4.41253	0.0996728
XM_047420301.1	3544	3316.29	117.358	1.59258
XM_047420302.1	1468	1240.29	17.1528	0.622377
XM_047420303.1	3508	3280.29	161.893	2.22104
XM_047420304.1	2622	2394.29	0	0
XM_047420305.1	2100	1872.29	0.00528814	0.000127108
XM_047420306.1	1432	1204.29	46.5284	1.73871
XM_047420307.1	4562	4334.29	0	0
XM_047420308.1	4083	3855.29	9.32474	0.108848
XM_047420309.1	3174	2946.29	6.42822	0.0981878
XM_047420310.1	3299	3071.29	0	0
XM_047420311.1	3305	3077.29	0	0
XM_047420312.1	2636	2408.29	0	0
XM_047420313.1	2453	2225.29	0	0
XM_047420314.1	3172	2944.29	0	0
XM_047420315.1	853	625.427	3.99215	0.287258
XM_047420316.1	1226	998.293	0	0
XM_047420317.1	1118	890.293	0	0
XM_047420318.1	2640	2412.29	0	0
XM_047420319.1	6013	5785.29	3.51571	0.0273483
XM_047420320.1	2100	1872.29	0	0
XM_047420321.1	1851	1623.29	0	0
XM_047420322.1	1854	1626.29	0	0
XM_047420323.1	4949	4721.29	0	0
XM_047420324.1	1387	1159.29	0	0
XM_047420325.1	1576	1348.29	52.5237	1.75313
XM_047420326.1	7520	7292.29	1	0.00617132
XM_047420327.1	3463	3235.29	0	0
XM_047420328.1	12353	12125.3	92.06	0.341681
XM_047420329.1	1780	1552.29	0	0
XM_047420330.1	4583	4355.29	0	0
XM_047420331.1	3714	3486.29	0	0
XM_047420332.1	4506	4278.29	0	0
XM_047420333.1	1990	1762.29	0	0
XM_047420334.1	1973	1745.29	28.2939	0.729569
XM_047420335.1	6139	5911.29	78.0698	0.594351
XM_047420336.1	3128	2900.29	0	0
XM_047420337.1	2869	2641.29	0	0
XM_047420338.1	3531	3303.29	0	0
XM_047420339.1	2885	2657.29	0	0
XM_047420340.1	2821	2593.29	0	0
XM_047420341.1	8143	7915.29	0.040759	0.000231739
XM_047420342.1	8300	8072.29	0	0
XM_047420343.1	8153	7925.29	0.00721874	4.0991e-05
XM_047420344.1	10776	10548.3	0	0
XM_047420345.1	8640	8412.29	0	0
XM_047420346.1	5918	5690.29	0	0
XM_047420347.1	1889	1661.29	0	0
XM_047420348.1	3977	3749.29	0	0
XM_047420349.1	2962	2734.29	0	0
XM_047420350.1	1347	1119.29	0	0
XM_047420351.1	5103	4875.29	0	0
XM_047420352.1	887	659.427	6.82293	0.465635
XM_047420353.1	826	598.427	0	0
XM_047420354.1	756	528.701	1.17707	0.100193
XM_047420355.1	796	568.487	0	0
XM_047420356.1	1054	826.293	0	0
XM_047420357.1	2383	2155.29	0.499963	0.0104394
XM_047420358.1	3691	3463.29	746.261	9.69715
XM_047420359.1	4509	4281.29	25.7397	0.270565
XM_047420360.1	3717	3489.29	122.768	1.5834
XM_047420361.1	3664	3436.29	140.596	1.84131
XM_047420362.1	4121	3893.29	0	0
XM_047420363.1	5803	5575.29	0	0
XM_047420364.1	2291	2063.29	3.4055	0.0742784
XM_047420365.1	4101	3873.29	0	0
XM_047420366.1	2424	2196.29	0	0
XM_047420368.1	4189	3961.29	0	0
XM_047420369.1	2654	2426.29	0	0
XM_047420371.1	2440	2212.29	0	0
XM_047420372.1	2093	1865.29	0	0
XM_047420373.1	2793	2565.29	2.55543	0.04483
XM_047420374.1	1932	1704.29	0	0
XM_047420375.1	2608	2380.29	11.9119	0.225214
XM_047420376.1	3653	3425.29	0.285256	0.00374782
XM_047420377.1	4099	3871.29	0.0965628	0.00112253
XM_047420378.1	2940	2712.29	0	0
XM_047420379.1	2928	2700.29	0	0
XM_047420380.1	2220	1992.29	9.67799e-07	2.18612e-08
XM_047420381.1	2217	1989.29	64.1467	1.45117
XM_047420382.1	2208	1980.29	1.38961e-05	3.15795e-07
XM_047420383.1	2823	2595.29	0	0
XM_047420384.1	3189	2961.29	273.978	4.16367
XM_047420385.1	2103	1875.29	2.05906e-07	4.94132e-09
XM_047420386.1	1277	1049.29	82.1609	3.5238
XM_047420387.1	3108	2880.29	27.9822	0.437207
XM_047420388.1	3060	2832.29	34.3725	0.546154
XM_047420389.1	3003	2775.29	5.31436	0.0861757
XM_047420390.1	2991	2763.29	9.7368	0.158574
XM_047420391.1	1387	1159.29	8.57266	0.332786
XM_047420392.1	1351	1123.29	0	0
XM_047420393.1	1334	1106.29	32.059	1.30413
XM_047420394.1	1258	1030.29	0	0
XM_047420395.1	1282	1054.29	0	0
XM_047420396.1	1253	1025.29	0	0
XM_047420397.1	1183	955.293	0	0
XM_047420398.1	1183	955.293	0	0
XM_047420399.1	2188	1960.29	0	0
XM_047420400.1	2929	2701.29	0	0
XM_047420401.1	11174	10946.3	5.06895	0.0208398
XM_047420402.1	12019	11791.3	0	0
XM_047420403.1	1937	1709.29	0	0
XM_047420404.1	2740	2512.29	154.238	2.76289
XM_047420405.1	5286	5058.29	222.473	1.97932
XM_047420406.1	1158	930.293	0	0
XM_047420407.1	3165	2937.29	115.844	1.77487
XM_047420408.1	3873	3645.29	4.5767	0.0565018
XM_047420409.1	6166	5938.29	0.0360932	0.000273531
XM_047420410.1	6243	6015.29	0	0
XM_047420411.1	6229	6001.29	1.87865e-08	1.40878e-10
XM_047420412.1	3402	3174.29	0	0
XM_047420413.1	3198	2970.29	0	0
XM_047420414.1	3631	3403.29	0	0
XM_047420415.1	3622	3394.29	0	0
XM_047420416.1	6040	5812.29	0.030476	0.000235968
XM_047420417.1	6665	6437.29	0	0
XM_047420418.1	6635	6407.29	0	0
XM_047420419.1	6392	6164.29	0	0
XM_047420420.1	6338	6110.29	0	0
XM_047420421.1	6308	6080.29	0	0
XM_047420422.1	6317	6089.29	0	0
XM_047420423.1	6299	6071.29	0	0
XM_047420424.1	6311	6083.29	0	0
XM_047420425.1	6281	6053.29	0	0
XM_047420426.1	4420	4192.29	0	0
XM_047420427.1	4304	4076.29	114.512	1.26424
XM_047420428.1	4292	4064.29	12.536	0.138809
XM_047420429.1	3971	3743.29	0	0
XM_047420431.1	903	675.361	5.57402	0.371428
XM_047420432.1	3390	3162.29	0	0
XM_047420433.1	3249	3021.29	0	0
XM_047420434.1	3198	2970.29	0	0
XM_047420435.1	3195	2967.29	0	0
XM_047420436.1	4405	4177.29	0	0
XM_047420437.1	3091	2863.29	0	0
XM_047420438.1	2913	2685.29	8.04817	0.13488
XM_047420439.1	1825	1597.29	11.6265	0.327571
XM_047420440.1	4762	4534.29	0	0
XM_047420441.1	3009	2781.29	0.000309905	5.01446e-06
XM_047420442.1	2773	2545.29	0	0
XM_047420443.1	2969	2741.29	0	0
XM_047420444.1	9061	8833.29	0	0
XM_047420445.1	52528	52300.3	109.014	0.0938037
XM_047420446.1	22741	22513.3	12.3712	0.0247295
XM_047420448.1	6690	6462.29	0	0
XM_047420450.1	2143	1915.29	0	0
XM_047420451.1	14185	13957.3	0	0
XM_047420452.1	5681	5453.29	0	0
XM_047420453.1	1685	1457.29	0	0
XM_047420454.1	1514	1286.29	0	0
XM_047420455.1	2240	2012.29	0	0
XM_047420456.1	2207	1979.29	0	0
XM_047420457.1	2300	2072.29	5.19234	0.11276
XM_047420458.1	2023	1795.29	16.7724	0.420439
XM_047420459.1	2835	2607.29	124.518	2.14924
XM_047420460.1	2832	2604.29	97.2485	1.68049
XM_047420461.1	849	621.427	0.0447147	0.00323819
XM_047420462.1	846	618.427	34.0288	2.47628
XM_047420463.1	3537	3309.29	7.68206	0.104468
XM_047420464.1	3355	3127.29	6.14736	0.0884632
XM_047420465.1	1099	871.293	323.956	16.7326
XM_047420466.1	1334	1106.29	15.453	0.628614
XM_047420467.1	1385	1157.29	0	0
XM_047420468.1	1337	1109.29	7.58844	0.307857
XM_047420469.1	1388	1160.29	0	0
XM_047420470.1	978	750.293	0	0
XM_047420471.1	3718	3490.29	5.19001	0.0669188
XM_047420472.1	3846	3618.29	0	0
XM_047420473.1	2703	2475.29	12.5909	0.228914
XM_047420474.1	588	363.135	0	0
XM_047420475.1	4023	3795.29	0	0
XM_047420476.1	4047	3819.29	0	0
XM_047420477.1	3103	2875.29	0	0
XM_047420478.1	574	349.421	0	0
XM_047420479.1	3487	3259.29	0	0
XM_047420480.1	2967	2739.29	0	0
XM_047420481.1	2794	2566.29	0.16004	0.0028065
XM_047420482.1	5364	5136.29	21.8431	0.191385
XM_047420483.1	5065	4837.29	0	0
XM_047420484.1	5064	4836.29	0	0
XM_047420486.1	4180	3952.29	0	0
XM_047420487.1	3046	2818.29	0	0
XM_047420488.1	2337	2109.29	0	0
XM_047420489.1	2252	2024.29	0	0
XM_047420490.1	3169	2941.29	0	0
XM_047420491.1	3135	2907.29	0	0
XM_047420492.1	3155	2927.29	0	0
XM_047420493.1	3118	2890.29	0	0
XM_047420494.1	3048	2820.29	0	0
XM_047420495.1	1578	1350.29	0	0
XM_047420496.1	3137	2909.29	0	0
XM_047420497.1	2188	1960.29	7.95412	0.182605
XM_047420498.1	1941	1713.29	0	0
XM_047420499.1	2583	2355.29	111.509	2.13063
XM_047420500.1	1587	1359.29	19.65	0.650566
XM_047420501.1	1589	1361.29	0	0
XM_047420502.1	2504	2276.29	0	0
XM_047420503.1	1836	1608.29	1.23296e-08	3.45006e-10
XM_047420504.1	4662	4434.29	32.1996	0.32679
XM_047420505.1	1812	1584.29	11.0439	0.313711
XM_047420506.1	2771	2543.29	7.95608	0.140781
XM_047420507.1	5623	5395.29	156.943	1.30909
XM_047420508.1	5501	5273.29	97.2691	0.830109
XM_047420509.1	5419	5191.29	78.3512	0.679223
XM_047420510.1	5525	5297.29	0	0
XM_047420511.1	4991	4763.29	0	0
XM_047420512.1	5403	5175.29	0	0
XM_047420513.1	5311	5083.29	13.1996	0.116858
XM_047420514.1	4695	4467.29	13.9577	0.140609
XM_047420515.1	4597	4369.29	6.32797	0.0651772
XM_047420516.1	5009	4781.29	2.77493	0.0261185
XM_047420517.1	2175	1947.29	0	0
XM_047420518.1	2520	2292.29	58.8093	1.15456
XM_047420519.1	2398	2170.29	16.5115	0.342382
XM_047420520.1	2428	2200.29	0	0
XM_047420521.1	3637	3409.29	17.0755	0.225399
XM_047420522.1	3492	3264.29	0	0
XM_047420523.1	3526	3298.29	34.3191	0.468262
XM_047420524.1	6831	6603.29	0	0
XM_047420525.1	6545	6317.29	0	0
XM_047420526.1	5814	5586.29	0	0
XM_047420527.1	2462	2234.29	31.805	0.640616
XM_047420528.1	2458	2230.29	83.4118	1.68309
XM_047420529.1	4566	4338.29	0	0
XM_047420530.1	2594	2366.29	0	0
XM_047420531.1	2501	2273.29	0	0
XM_047420532.1	3425	3197.29	40.9735	0.576717
XM_047420533.1	3401	3173.29	8.79075	0.124669
XM_047420534.1	1716	1488.29	32.6926	0.988561
XM_047420535.1	459	242.274	22.5631	4.19116
XM_047420536.1	2784	2556.29	82.6731	1.45545
XM_047420537.1	2694	2466.29	610.399	11.1381
XM_047420538.1	5079	4851.29	1.61527	0.014984
XM_047420539.1	5504	5276.29	4.19911	0.0358154
XM_047420540.1	3483	3255.29	60.9686	0.842866
XM_047420541.1	3536	3308.29	1.62643	0.0221245
XM_047420542.1	3450	3222.29	0	0
XM_047420543.1	3503	3275.29	0	0
XM_047420544.1	3961	3733.29	47.13	0.568129
XM_047420545.1	5363	5135.29	0.837281	0.0073375
XM_047420546.1	3928	3700.29	0	0
XM_047420547.1	3734	3506.29	0	0
XM_047420548.1	3787	3559.29	0	0
XM_047420549.1	1464	1236.29	0	0
XM_047420550.1	1247	1019.29	87.4269	3.86001
XM_047420551.1	2381	2153.29	12.5735	0.262783
XM_047420552.1	2378	2150.29	6.99036	0.1463
XM_047420553.1	2300	2072.29	0	0
XM_047420554.1	1581	1353.29	0	0
XM_047420555.1	3699	3471.29	0	0
XM_047420556.1	3696	3468.29	0	0
XM_047420557.1	3708	3480.29	0	0
XM_047420558.1	3567	3339.29	0	0
XM_047420559.1	3558	3330.29	0	0
XM_047420560.1	3859	3631.29	0	0
XM_047420561.1	3074	2846.29	0	0
XM_047420562.1	2378	2150.29	0	0
XM_047420563.1	2831	2603.29	0	0
XM_047420564.1	1863	1635.29	5.74163	0.158009
XM_047420565.1	1928	1700.29	0	0
XM_047420566.1	1713	1485.29	0	0
XM_047420567.1	1647	1419.29	0	0
XM_047420568.1	6074	5846.29	6.06263	0.0466684
XM_047420569.1	1919	1691.29	0	0
XM_047420570.1	1217	989.293	0	0
XM_047420571.1	4128	3900.29	9.853	0.113688
XM_047420572.1	8405	8177.29	0	0
XM_047420573.1	10649	10421.3	0	0
XM_047420574.1	10626	10398.3	0	0
XM_047420575.1	10727	10499.3	0	0
XM_047420576.1	10595	10367.3	0	0
XM_047420577.1	10586	10358.3	0	0
XM_047420578.1	5761	5533.29	471.808	3.83728
XM_047420579.1	10520	10292.3	0	0
XM_047420580.1	10497	10269.3	0	0
XM_047420581.1	10598	10370.3	0	0
XM_047420582.1	1252	1024.29	0	0
XM_047420583.1	10457	10229.3	0	0
XM_047420584.1	10689	10461.3	0	0
XM_047420585.1	10425	10197.3	0	0
XM_047420586.1	10442	10214.3	0	0
XM_047420587.1	10382	10154.3	0	0
XM_047420588.1	10623	10395.3	0	0
XM_047420589.1	10359	10131.3	0	0
XM_047420590.1	10460	10232.3	0	0
XM_047420591.1	10593	10365.3	0	0
XM_047420592.1	10569	10341.3	0	0
XM_047420593.1	9951	9723.29	0	0
XM_047420594.1	9687	9459.29	2.01623e-05	9.59231e-08
XM_047420595.1	8798	8570.29	0	0
XM_047420596.1	8392	8164.29	0	0
XM_047420597.1	17254	17026.3	0	0
XM_047420598.1	2798	2570.29	1.48406	0.0259843
XM_047420599.1	3039	2811.29	0	0
XM_047420600.1	8254	8026.29	0	0
XM_047420601.1	1582	1354.29	91.5514	3.04225
XM_047420602.1	1559	1331.29	0	0
XM_047420603.1	1145	917.293	0	0
XM_047420604.1	2318	2090.29	0	0
XM_047420605.1	1264	1036.29	0	0
XM_047420606.1	1076	848.293	0	0
XM_047420607.1	3466	3238.29	6.19419	0.0860817
XM_047420608.1	2420	2192.29	10.0154	0.205595
XM_047420609.1	2061	1833.29	0	0
XM_047420610.1	2072	1844.29	0	0
XM_047420612.1	7375	7147.29	87.0969	0.548408
XM_047420613.1	4028	3800.29	469.915	5.56474
XM_047420614.1	4138	3910.29	74.8784	0.861766
XM_047420615.1	1604	1376.29	18.2995	0.59837
XM_047420616.1	9892	9664.29	3.29567	0.0153467
XM_047420617.1	7048	6820.29	187.096	1.23454
XM_047420618.1	6642	6414.29	1.79067e-05	1.25634e-07
XM_047420619.1	6628	6400.29	125.867	0.885024
XM_047420620.1	6246	6018.29	0	0
XM_047420621.1	6506	6278.29	20.2952	0.145477
XM_047420622.1	6431	6203.29	0	0
XM_047420623.1	6048	5820.29	190.799	1.47528
XM_047420624.1	7579	7351.29	132.953	0.81391
XM_047420625.1	4964	4736.29	980.88	9.32008
XM_047420626.1	3500	3272.29	1.38892e-06	1.91015e-08
XM_047420627.1	4189	3961.29	4.22023	0.0479448
XM_047420628.1	3373	3145.29	0	0
XM_047420629.1	3192	2964.29	0	0
XM_047420630.1	3233	3005.29	50.6255	0.758097
XM_047420631.1	2953	2725.29	40.5671	0.669889
XM_047420632.1	3326	3098.29	27.7661	0.403306
XM_047420633.1	2618	2390.29	50.0348	0.942026
XM_047420634.1	1302	1074.29	0	0
XM_047420635.1	5945	5717.29	0	0
XM_047420636.1	5929	5701.29	39.8087	0.31423
XM_047420637.1	5804	5576.29	97.5514	0.787282
XM_047420638.1	4975	4747.29	134.58	1.27578
XM_047420639.1	4889	4661.29	6.11903	0.059077
XM_047420640.1	4843	4615.29	0.0204828	0.000199725
XM_047420641.1	7285	7057.29	11.258	0.0717903
XM_047420642.1	9908	9680.29	6.67641	0.0310382
XM_047420643.1	5193	4965.29	0	0
XM_047420644.1	2216	1988.29	0	0
XM_047420645.1	3300	3072.29	7.17997	0.105173
XM_047420646.1	2227	1999.29	0	0
XM_047420647.1	2224	1996.29	0	0
XM_047420648.1	2338	2110.29	0	0
XM_047420649.1	2168	1940.29	0	0
XM_047420650.1	2165	1937.29	0	0
XM_047420651.1	2001	1773.29	6.84676	0.173759
XM_047420652.1	1839	1611.29	0	0
XM_047420653.1	2206	1978.29	0	0
XM_047420654.1	1019	791.293	31.328	1.78171
XM_047420655.1	1690	1462.29	9.70389	0.298644
XM_047420656.1	1886	1658.29	0	0
XM_047420657.1	4742	4514.29	126.594	1.26201
XM_047420658.1	13671	13443.3	16.4344	0.0550162
XM_047420659.1	6320	6092.29	58.3318	0.43089
XM_047420660.1	5339	5111.29	27.2311	0.23976
XM_047420661.1	5454	5226.29	0	0
XM_047420662.1	3464	3236.29	0	0
XM_047420663.1	3256	3028.29	34.1756	0.507879
XM_047420664.1	3168	2940.29	2.55295	0.0390745
XM_047420665.1	2987	2759.29	0	0
XM_047420666.1	3160	2932.29	0	0
XM_047420667.1	3254	3026.29	5.73087	0.085222
XM_047420668.1	3046	2818.29	0	0
XM_047420669.1	2780	2552.29	0	0
XM_047420670.1	2291	2063.29	102.004	2.22484
XM_047420671.1	846	618.427	8.23825	0.599499
XM_047420672.1	1347	1119.29	0	0
XM_047420673.1	8050	7822.29	0	0
XM_047420674.1	7954	7726.29	0	0
XM_047420675.1	3454	3226.29	4.59919	0.0641534
XM_047420676.1	3093	2865.29	306.893	4.82015
XM_047420677.1	2608	2380.29	82.102	1.55226
XM_047420678.1	4722	4494.29	3.20356e-08	3.20785e-10
XM_047420679.1	4659	4431.29	8.14925	0.0827617
XM_047420680.1	5292	5064.29	8.13181	0.0722621
XM_047420681.1	2634	2406.29	201.599	3.77036
XM_047420682.1	36182	35954.3	156.241	0.195563
XM_047420683.1	1348	1120.29	0	0
XM_047420684.1	704	476.947	89.2433	8.42068
XM_047420685.1	1809	1581.29	4.39543e-08	1.25093e-09
XM_047420686.1	2601	2373.29	7.75609	0.147073
XM_047420687.1	1989	1761.29	8.43185	0.215444
XM_047420688.1	9512	9284.29	3.28391	0.0159178
XM_047420689.1	2705	2477.29	0	0
XM_047420690.1	2997	2769.29	0	0
XM_047420691.1	2899	2671.29	0	0
XM_047420692.1	4727	4499.29	2.34484e-06	2.34537e-08
XM_047420693.1	4758	4530.29	3.94991e-08	3.92377e-10
XM_047420694.1	4685	4457.29	0	0
XM_047420695.1	3955	3727.29	54.1434	0.653724
XM_047420696.1	2242	2014.29	19.3705	0.432772
XM_047420697.1	4682	4454.29	0	0
XM_047420698.1	2865	2637.29	129.787	2.2147
XM_047420699.1	1511	1283.29	0	0
XM_047420700.1	4631	4403.29	2.3099	0.0236079
XM_047420701.1	4589	4361.29	0	0
XM_047420702.1	1563	1335.29	13.7224	0.462483
XM_047420703.1	6622	6394.29	307.215	2.16218
XM_047420704.1	1330	1102.29	0	0
XM_047420705.1	1207	979.293	164.025	7.53771
XM_047420706.1	1165	937.293	0	0
XM_047420707.1	3615	3387.29	18.9338	0.251552
XM_047420708.1	1832	1604.29	0	0
XM_047420709.1	4776	4548.29	0	0
XM_047420710.1	8249	8021.29	34.2615	0.192223
XM_047420711.1	4692	4464.29	2.19233e-05	2.21002e-07
XM_047420712.1	4734	4506.29	0	0
XM_047420713.1	4728	4500.29	0	0
XM_047420714.1	1000	772.293	6.58432	0.383681
XM_047420715.1	4650	4422.29	0	0
XM_047420716.1	4647	4419.29	0	0
XM_047420717.1	1036	808.293	2.84562	0.158435
XM_047420718.1	4180	3952.29	1.044	0.0118876
XM_047420719.1	4581	4353.29	31.8988	0.329761
XM_047420720.1	3684	3456.29	15.8417	0.206269
XM_047420721.1	5302	5074.29	277.618	2.46215
XM_047420722.1	3822	3594.29	0	0
XM_047420723.1	7756	7528.29	0	0
XM_047420724.1	7763	7535.29	0	0
XM_047420725.1	7699	7471.29	0	0
XM_047420726.1	7928	7700.29	20.1387	0.117697
XM_047420727.1	4551	4323.29	0	0
XM_047420728.1	7642	7414.29	8.53857e-07	5.18272e-09
XM_047420729.1	7645	7417.29	4.90358e-07	2.97516e-09
XM_047420730.1	7763	7535.29	0	0
XM_047420731.1	7546	7318.29	49.1109	0.302003
XM_047420732.1	7717	7489.29	0	0
XM_047420733.1	7589	7361.29	0.0159561	9.75475e-05
XM_047420734.1	4539	4311.29	0	0
XM_047420735.1	8157	7929.29	0	0
XM_047420736.1	7675	7447.29	0	0
XM_047420737.1	7472	7244.29	0	0
XM_047420738.1	7516	7288.29	0	0
XM_047420739.1	3126	2898.29	8.47928	0.131662
XM_047420740.1	4536	4308.29	0	0
XM_047420741.1	1749	1521.29	0	0
XM_047420742.1	1460	1232.29	4.75858	0.173782
XM_047420743.1	4731	4503.29	0	0
XM_047420744.1	7656	7428.29	0	0
XM_047420745.1	1378	1150.29	0	0
XM_047420746.1	1536	1308.29	0	0
XM_047420748.1	7020	6792.29	0	0
XM_047420749.1	759	531.648	0	0
XM_047420750.1	1045	817.293	0	0
XM_047420751.1	1090	862.293	0	0
XM_047420752.1	578	353.315	0	0
XM_047420753.1	2424	2196.29	0	0
XM_047420754.1	3837	3609.29	0	0
XM_047420755.1	2596	2368.29	0.770964	0.0146501
XM_047420756.1	1168	940.293	0	0
XM_047420757.1	1299	1071.29	7.28316	0.305952
XM_047420758.1	1623	1395.29	0	0
XM_047420759.1	4091	3863.29	0	0
XM_047420760.1	10959	10731.3	12.0991	0.0507392
XM_047420761.1	2072	1844.29	0.795298	0.0194063
XM_047420762.1	5649	5421.29	8.16786e-06	6.78028e-08
XM_047420763.1	2516	2288.29	1.00024	0.0196714
XM_047420764.1	2176	1948.29	0	0
XM_047420765.1	2109	1881.29	0	0
XM_047420766.1	9526	9298.29	4.15242e-08	2.00974e-10
XM_047420767.1	2555	2327.29	14.0687	0.272049
XM_047420768.1	2243	2015.29	0	0
XM_047420769.1	2120	1892.29	17.5776	0.418037
XM_047420770.1	9145	8917.29	0	0
XM_047420771.1	5031	4803.29	0	0
XM_047420772.1	3966	3738.29	0	0
XM_047420773.1	3679	3451.29	177.679	2.31684
XM_047420774.1	3741	3513.29	3.9982e-07	5.12145e-09
XM_047420775.1	3962	3734.29	0	0
XM_047420776.1	3516	3288.29	8.73738e-08	1.19578e-09
XM_047420777.1	1033	805.293	152.534	8.52423
XM_047420778.1	918	690.293	482.397	31.4495
XM_047420779.1	2434	2206.29	9.7776	0.199439
XM_047420780.1	2404	2176.29	0.00170597	3.52775e-05
XM_047420781.1	2269	2041.29	0	0
XM_047420782.1	3507	3279.29	0	0
XM_047420783.1	3067	2839.29	0	0
XM_047420784.1	2350	2122.29	0	0
XM_047420785.1	1437	1209.29	0	0
XM_047420786.1	1507	1279.29	0	0
XM_047420787.1	1509	1281.29	0	0
XM_047420788.1	1493	1265.29	6.99215	0.248692
XM_047420789.1	2065	1837.29	21.7769	0.533408
XM_047420790.1	982	754.293	0	0
XM_047420791.1	2820	2592.29	0	0
XM_047420792.1	2722	2494.29	0	0
XM_047420793.1	3384	3156.29	113.249	1.61473
XM_047420794.1	3262	3034.29	0	0
XM_047420795.1	1120	892.293	0	0
XM_047420796.1	5687	5459.29	5.05439	0.0416653
XM_047420797.1	1537	1309.29	0	0
XM_047420798.1	1327	1099.29	100.343	4.10788
XM_047420799.1	1265	1037.29	0	0
XM_047420800.1	3090	2862.29	19.394	0.304927
XM_047420801.1	2271	2043.29	0	0
XM_047420802.1	1821	1593.29	0.771834	0.0218007
XM_047420803.1	9432	9204.29	41.3101	0.20198
XM_047420804.1	1841	1613.29	67.3346	1.87831
XM_047420805.1	1366	1138.29	5.41053	0.213909
XM_047420806.1	3137	2909.29	0	0
XM_047420807.1	3070	2842.29	0	0
XM_047420808.1	3778	3550.29	8.08336	0.102464
XM_047420809.1	3259	3031.29	3.08983	0.0458721
XM_047420810.1	3156	2928.29	0	0
XM_047420811.1	3997	3769.29	1.466e-05	1.75032e-07
XM_047420812.1	3919	3691.29	0	0
XM_047420813.1	3433	3205.29	0	0
XM_047420814.1	1707	1479.29	0	0
XM_047420815.1	1730	1502.29	0	0
XM_047420816.1	416	205.291	0	0
XM_047420817.1	2132	1904.29	387.861	9.1661
XM_047420818.1	2399	2171.29	244.233	5.06206
XM_047420819.1	4196	3968.29	3.50421e-08	3.97401e-10
XM_047420820.1	4145	3917.29	0	0
XM_047420821.1	4139	3911.29	19.2433	0.221412
XM_047420822.1	4124	3896.29	25.6247	0.295971
XM_047420823.1	1831	1603.29	8.04298	0.22576
XM_047420824.1	3168	2940.29	14.1567	0.216677
XM_047420825.1	1279	1051.29	18.7148	0.801131
XM_047420826.1	1655	1427.29	16.0851	0.507168
XM_047420827.1	2179	1951.29	16.1864	0.37331
XM_047420828.1	4921	4693.29	238.796	2.28977
XM_047420829.1	4816	4588.29	14.4884	0.142106
XM_047420830.1	4390	4162.29	241.214	2.60803
XM_047420831.1	1393	1165.29	12.5372	0.484179
XM_047420832.1	1407	1179.29	0	0
XM_047420833.1	1989	1761.29	14.3435	0.366493
XM_047420834.1	1107	879.293	0	0
XM_047420835.1	1158	930.293	2.75064	0.133062
XM_047420836.1	2420	2192.29	0	0
XM_047420837.1	2344	2116.29	46.6208	0.991394
XM_047420838.1	4056	3828.29	135.637	1.59446
XM_047420839.1	4059	3831.29	2.69336	0.0316367
XM_047420840.1	2242	2014.29	0	0
XM_047420841.1	1551	1323.29	2.52145	0.0857505
XM_047420842.1	1657	1429.29	0	0
XM_047420843.1	2086	1858.29	0	0
XM_047420844.1	5318	5090.29	0	0
XM_047420845.1	3710	3482.29	0	0
XM_047420846.1	3659	3431.29	0	0
XM_047420847.1	5630	5402.29	0	0
XM_047420848.1	5728	5500.29	0	0
XM_047420849.1	3512	3284.29	0	0
XM_047420850.1	2752	2524.29	4.88568	0.0871019
XM_047420851.1	3461	3233.29	0	0
XM_047420852.1	5674	5446.29	0	0
XM_047420853.1	2557	2329.29	0	0
XM_047420854.1	3456	3228.29	0	0
XM_047420855.1	4250	4022.29	9.90316	0.110801
XM_047420856.1	3030	2802.29	88.9364	1.42826
XM_047420857.1	3462	3234.29	0	0
XM_047420858.1	2655	2427.29	796.098	14.76
XM_047420859.1	2645	2417.29	0.58335	0.0108603
XM_047420860.1	2589	2361.29	0.00625312	0.000119176
XM_047420861.1	2652	2424.29	1.65096	0.0306474
XM_047420862.1	2555	2327.29	6.38481	0.123464
XM_047420863.1	4911	4683.29	45.2698	0.43501
XM_047420864.1	1967	1739.29	0.193416	0.0050045
XM_047420865.1	4314	4086.29	11.8194	0.130169
XM_047420866.1	4258	4030.29	0.976041	0.0108987
XM_047420867.1	4311	4083.29	1.08027	0.0119059
XM_047420868.1	1867	1639.29	0.340628	0.00935117
XM_047420869.1	4221	3993.29	126.478	1.42537
XM_047420870.1	1889	1661.29	2323.42	62.9397
XM_047420871.1	1879	1651.29	0.101933	0.002778
XM_047420872.1	1823	1595.29	0.000121787	3.43559e-06
XM_047420873.1	1886	1658.29	0.404323	0.0109726
XM_047420874.1	4236	4008.29	564.732	6.34052
XM_047420875.1	4233	4005.29	51.7851	0.581852
XM_047420876.1	4177	3949.29	4.17382	0.0475617
XM_047420877.1	1789	1561.29	3.19876	0.0922017
XM_047420878.1	1786	1558.29	0.00017096	4.93727e-06
XM_047420879.1	2684	2456.29	26.9287	0.493376
XM_047420880.1	4473	4245.29	0	0
XM_047420881.1	4428	4200.29	0	0
XM_047420882.1	4314	4086.29	0	0
XM_047420883.1	1478	1250.29	0	0
XM_047420884.1	1755	1527.29	27.1634	0.800395
XM_047420885.1	560	336.006	12.5264	1.67773
XM_047420886.1	622	396.338	0	0
XM_047420887.1	1937	1709.29	0	0
XM_047420888.1	1411	1183.29	68.5481	2.60702
XM_047420889.1	2362	2134.29	27.0069	0.56946
XM_047420890.1	991	763.293	19.4433	1.14636
XM_047420891.1	5337	5109.29	0	0
XM_047420892.1	5607	5379.29	32.8614	0.274918
XM_047420893.1	5541	5313.29	0	0
XM_047420894.1	1366	1138.29	288.119	11.3909
XM_047420895.1	4123	3895.29	83.7445	0.967517
XM_047420896.1	5430	5202.29	0	0
XM_047420897.1	5177	4949.29	0	0
XM_047420898.1	5259	5031.29	0	0
XM_047420899.1	5150	4922.29	0	0
XM_047420900.1	4129	3901.29	569.886	6.57388
XM_047420901.1	1324	1096.29	3.24613	0.133254
XM_047420902.1	5232	5004.29	0	0
XM_047420903.1	4027	3799.29	291.88	3.45736
XM_047420904.1	5132	4904.29	0	0
XM_047420905.1	5081	4853.29	0	0
XM_047420906.1	5054	4826.29	15.5969	0.145435
XM_047420907.1	5136	4908.29	0	0
XM_047420908.1	2534	2306.29	64.4821	1.25825
XM_047420909.1	1321	1093.29	107.526	4.42607
XM_047420910.1	9297	9069.29	0	0
XM_047420911.1	3753	3525.29	8.59147	0.109677
XM_047420912.1	2485	2257.29	11.3132	0.225549
XM_047420913.1	2464	2236.29	0	0
XM_047420914.1	2413	2185.29	0	0
XM_047420915.1	2308	2080.29	8.31306e-06	1.79837e-07
XM_047420916.1	2299	2071.29	0	0
XM_047420917.1	2287	2059.29	9.92127	0.216816
XM_047420918.1	2637	2409.29	16.9694	0.316972
XM_047420919.1	1374	1146.29	0	0
XM_047420920.1	1930	1702.29	0	0
XM_047420921.1	1625	1397.29	0	0
XM_047420922.1	1593	1365.29	0	0
XM_047420923.1	57619	57391.3	1.28301	0.00100607
XM_047420924.1	57687	57459.3	6.96897e-07	5.45821e-10
XM_047420925.1	1742	1514.29	0	0
XM_047420926.1	49279	49051.3	29.3434	0.0269217
XM_047420927.1	2179	1951.29	0	0
XM_047420928.1	1524	1296.29	0	0
XM_047420929.1	2027	1799.29	2.15388	0.0538719
XM_047420930.1	2095	1867.29	0	0
XM_047420931.1	15239	15011.3	18.8857	0.0566185
XM_047420932.1	2129	1901.29	0.361176	0.00854894
XM_047420933.1	4202	3974.29	5.42196	0.0613958
XM_047420934.1	3569	3341.29	0	0
XM_047420935.1	5836	5608.29	0	0
XM_047420936.1	5681	5453.29	0	0
XM_047420937.1	5647	5419.29	0	0
XM_047420938.1	5583	5355.29	0	0
XM_047420939.1	5517	5289.29	0	0
XM_047420940.1	5669	5441.29	0	0
XM_047420941.1	5541	5313.29	5.27045	0.0446402
XM_047420942.1	5187	4959.29	0	0
XM_047420943.1	4728	4500.29	14.6224	0.146225
XM_047420944.1	4614	4386.29	0	0
XM_047420945.1	4566	4338.29	0	0
XM_047420946.1	1641	1413.29	0	0
XM_047420947.1	2935	2707.29	0.0303576	0.000504632
XM_047420948.1	2866	2638.29	71.511	1.21981
XM_047420949.1	2785	2557.29	0.027888	0.000490772
XM_047420950.1	2643	2415.29	17.8274	0.332169
XM_047420951.1	10010	9782.29	4.19768	0.0193113
XM_047420952.1	9595	9367.29	0	0
XM_047420955.1	753	525.701	5.23661	0.448285
XM_047420956.1	2020	1792.29	0	0
XM_047420957.1	1729	1501.29	0	0
XM_047420958.1	2380	2152.29	6.75305	0.141202
XM_047420959.1	1962	1734.29	0	0
XM_047420960.1	3476	3248.29	0	0
XM_047420961.1	714	486.852	0	0
XM_047420962.1	3221	2993.29	0	0
XM_047420963.1	2771	2543.29	0	0
XM_047420964.1	4113	3885.29	0.00325946	3.7754e-05
XM_047420965.1	4110	3882.29	0.000418379	4.8498e-06
XM_047420966.1	4068	3840.29	0	0
XM_047420967.1	4065	3837.29	26.5523	0.3114
XM_047420968.1	3843	3615.29	0	0
XM_047420969.1	3930	3702.29	0.000257395	3.12875e-06
XM_047420970.1	3927	3699.29	2.91623e-05	3.54768e-07
XM_047420971.1	3647	3419.29	7.94444	0.104561
XM_047420972.1	3602	3374.29	0	0
XM_047420973.1	3599	3371.29	0.000421597	5.62786e-06
XM_047420974.1	2566	2338.29	25.1367	0.483784
XM_047420975.1	3836	3608.29	60.3219	0.752342
XM_047420976.1	10579	10351.3	166.184	0.722498
XM_047420977.1	11110	10882.3	133.933	0.553874
XM_047420978.1	10716	10488.3	204.84	0.878925
XM_047420979.1	10886	10658.3	0	0
XM_047420980.1	10883	10655.3	0.000217019	9.16589e-07
XM_047420981.1	10757	10529.3	598.693	2.55887
XM_047420982.1	1566	1338.29	0	0
XM_047420983.1	10567	10339.3	285.008	1.24053
XM_047420984.1	1684	1456.29	0	0
XM_047420985.1	1579	1351.29	0	0
XM_047420986.1	1172	944.293	1.75772	0.0837696
XM_047420987.1	1812	1584.29	0	0
XM_047420988.1	1806	1578.29	0	0
XM_047420989.1	1301	1073.29	0	0
XM_047420990.1	1655	1427.29	0	0
XM_047420991.1	1589	1361.29	0	0
XM_047420992.1	2138	1910.29	4	0.0942328
XM_047420993.1	6239	6011.29	7.43036e-05	5.56269e-07
XM_047420994.1	6185	5957.29	17.5336	0.132454
XM_047420995.1	7910	7682.29	0.019961	0.000116932
XM_047420996.1	6681	6453.29	17.7533	0.123805
XM_047420997.1	7738	7510.29	0.099187	0.000594347
XM_047420998.1	7283	7055.29	0.00161701	1.03143e-05
XM_047420999.1	5846	5618.29	0	0
XM_047421000.1	3415	3187.29	447.818	6.32298
XM_047421001.1	2822	2594.29	4.99759	0.086693
XM_047421002.1	5732	5504.29	0.0123802	0.00010122
XM_047421003.1	1549	1321.29	0	0
XM_047421004.1	5897	5669.29	0.0199844	0.000158637
XM_047421005.1	6050	5822.29	1.37123e-07	1.05988e-09
XM_047421006.1	1049	821.293	25.5472	1.39987
XM_047421007.1	1040	812.293	30.6282	1.69688
XM_047421008.1	975	747.293	0	0
XM_047421009.1	5879	5651.29	199.193	1.58624
XM_047421010.1	3401	3173.29	0	0
XM_047421011.1	9375	9147.29	0	0
XM_047421012.1	9322	9094.29	0	0
XM_047421013.1	7841	7613.29	6.11248	0.0361316
XM_047421014.1	5702	5474.29	25.1993	0.207158
XM_047421015.1	1395	1167.29	172.182	6.63818
XM_047421016.1	3686	3458.29	146.085	1.90102
XM_047421017.1	13142	12914.3	0	0
XM_047421018.1	4698	4470.29	0	0
XM_047421019.1	3400	3172.29	2.49059	0.0353323
XM_047421020.1	13586	13358.3	0	0
XM_047421021.1	13400	13172.3	0	0
XM_047421022.1	13346	13118.3	190.002	0.651812
XM_047421023.1	1858	1630.29	15.0108	0.414363
XM_047421024.1	3805	3577.29	0	0
XM_047421025.1	4229	4001.29	62.0605	0.698003
XM_047421026.1	3784	3556.29	0	0
XM_047421027.1	1644	1416.29	85.7706	2.72538
XM_047421028.1	1369	1141.29	0.0432475	0.00170532
XM_047421029.1	1614	1386.29	0	0
XM_047421030.1	1202	974.293	70.2443	3.24462
XM_047421031.1	5774	5546.29	0	0
XM_047421032.1	5750	5522.29	0	0
XM_047421033.1	5666	5438.29	85.8171	0.710155
XM_047421034.1	4634	4406.29	0	0
XM_047421035.1	2054	1826.29	0	0
XM_047421036.1	1957	1729.29	0	0
XM_047421037.1	1936	1708.29	0	0
XM_047421038.1	1900	1672.29	0	0
XM_047421039.1	1546	1318.29	0	0
XM_047421040.1	1911	1683.29	0	0
XM_047421041.1	4930	4702.29	0	0
XM_047421042.1	4764	4536.29	0	0
XM_047421043.1	4758	4530.29	0	0
XM_047421044.1	4868	4640.29	0	0
XM_047421045.1	4836	4608.29	0.238629	0.00233038
XM_047421046.1	5022	4794.29	0	0
XM_047421047.1	4722	4494.29	0	0
XM_047421048.1	6239	6011.29	0	0
XM_047421049.1	4726	4498.29	0	0
XM_047421050.1	1561	1333.29	770.368	26.0025
XM_047421051.1	1693	1465.29	775.151	23.807
XM_047421052.1	905	677.361	382.978	25.4446
XM_047421053.1	6293	6065.29	0	0
XM_047421054.1	6423	6195.29	17.6963	0.128547
XM_047421055.1	6077	5849.29	0	0
XM_047421056.1	4298	4070.29	0.993148	0.0109807
XM_047421057.1	4253	4025.29	1.22443	0.0136892
XM_047421058.1	3425	3197.29	1.62025	0.0228056
XM_047421059.1	3288	3060.29	4.54255	0.0668003
XM_047421060.1	4065	3837.29	3.20596	0.0375989
XM_047421061.1	4196	3968.29	0.416924	0.00472819
XM_047421062.1	3192	2964.29	7.37683	0.111993
XM_047421063.1	3347	3119.29	0	0
XM_047421064.1	3323	3095.29	0.545754	0.00793483
XM_047421065.1	3186	2958.29	0	0
XM_047421066.1	3963	3735.29	1.33744	0.0161136
XM_047421067.1	12183	11955.3	62.1048	0.23378
XM_047421068.1	1696	1468.29	0	0
XM_047421069.1	1640	1412.29	0	0
XM_047421070.1	1188	960.293	0	0
XM_047421071.1	4167	3939.29	0	0
XM_047421072.1	5030	4802.29	39.1839	0.367199
XM_047421073.1	2438	2210.29	26.0881	0.531173
XM_047421074.1	5115	4887.29	6.55663	0.0603746
XM_047421075.1	4224	3996.29	0	0
XM_047421076.1	4234	4006.29	0	0
XM_047421077.1	3560	3332.29	0.000311691	4.20943e-06
XM_047421078.1	8669	8441.29	0	0
XM_047421079.1	13228	13000.3	0	0
XM_047421080.1	3268	3040.29	144.897	2.14479
XM_047421081.1	8272	8044.29	24.8056	0.138773
XM_047421082.1	3218	2990.29	0	0
XM_047421083.1	21111	20883.3	0	0
XM_047421084.1	20393	20165.3	4.51354	0.0100729
XM_047421085.1	5024	4796.29	45.0924	0.423097
XM_047421086.1	6058	5830.29	0	0
XM_047421087.1	6160	5932.29	0	0
XM_047421088.1	5960	5732.29	0	0
XM_047421089.1	2051	1823.29	0	0
XM_047421090.1	7768	7540.29	0	0
XM_047421091.1	8045	7817.29	0	0
XM_047421092.1	7062	6834.29	26.7251	0.175982
XM_047421093.1	6969	6741.29	2.29534e-06	1.53231e-08
XM_047421094.1	5377	5149.29	33.0217	0.288598
XM_047421095.1	4281	4053.29	0	0
XM_047421096.1	4057	3829.29	58.4972	0.687477
XM_047421097.1	4312	4084.29	7.26935	0.0800978
XM_047421098.1	5234	5006.29	79.5833	0.715399
XM_047421099.1	10639	10411.3	317.535	1.37255
XM_047421100.1	4375	4147.29	8.48301	0.0920508
XM_047421101.1	4456	4228.29	0	0
XM_047421102.1	5747	5519.29	0	0
XM_047421103.1	3978	3750.29	115.059	1.3807
XM_047421104.1	4362	4134.29	0	0
XM_047421105.1	4311	4083.29	0	0
XM_047421106.1	10136	9908.29	40.9281	0.185894
XM_047421107.1	9228	9000.29	164.987	0.824964
XM_047421108.1	9923	9695.29	0	0
XM_047421109.1	6592	6364.29	57.3256	0.40536
XM_047421110.1	5666	5438.29	0	0
XM_047421111.1	8302	8074.29	3.30143e-08	1.84009e-10
XM_047421112.1	8589	8361.29	6.03242e-06	3.24683e-08
XM_047421113.1	5317	5089.29	35.614	0.314924
XM_047421114.1	5206	4978.29	0	0
XM_047421115.1	5112	4884.29	0	0
XM_047421116.1	3995	3767.29	0	0
XM_047421117.1	3673	3445.29	74.6475	0.97506
XM_047421118.1	3718	3490.29	0	0
XM_047421119.1	3812	3584.29	2.21845	0.0278541
XM_047421120.1	4056	3828.29	0	0
XM_047421121.1	4005	3777.29	0	0
XM_047421122.1	3557	3329.29	76.9388	1.04001
XM_047421123.1	5419	5191.29	45.4373	0.393894
XM_047421124.1	5367	5139.29	0	0
XM_047421125.1	4128	3900.29	8.0694e-06	9.31078e-08
XM_047421126.1	3790	3562.29	17.1265	0.216362
XM_047421127.1	4077	3849.29	0	0
XM_047421128.1	3651	3423.29	16.8172	0.221081
XM_047421129.1	5273	5045.29	0	0
XM_047421130.1	3983	3755.29	1.32269e-08	1.58509e-10
XM_047421131.1	3879	3651.29	0	0
XM_047421132.1	3426	3198.29	125.06	1.75971
XM_047421133.1	3667	3439.29	0.673869	0.00881756
XM_047421134.1	3573	3345.29	0	0
XM_047421135.1	3281	3053.29	42.2505	0.622738
XM_047421136.1	2300	2072.29	72.3131	1.57039
XM_047421137.1	1245	1017.29	0	0
XM_047421138.1	1727	1499.29	0	0
XM_047421139.1	579	354.315	0	0
XM_047421140.1	2770	2542.29	1.02827	0.0182022
XM_047421141.1	954	726.293	0	0
XM_047421142.1	1258	1030.29	0	0
XM_047421143.1	715	487.852	0	0
XM_047421144.1	1464	1236.29	0	0
XM_047421145.1	571	346.526	0	0
XM_047421146.1	818	590.487	0	0
XM_047421147.1	661	434.717	0	0
XM_047421148.1	501	280.906	0	0
XM_047421149.1	509	288.355	0	0
XM_047421158.1	9107	8879.29	18.0013	0.0912364
XM_047421159.1	1282	1054.29	0	0
XM_047421160.1	619	393.338	5.90027	0.675068
XM_047421161.1	635	409.096	0	0
XM_047421162.1	782	554.487	0	0
XM_047421163.1	3870	3642.29	0	0
XM_047421164.1	2602	2374.29	0	0
XM_047421165.1	775	547.487	0	0
XM_047421166.1	489	269.721	0	0
XM_047421167.1	700	472.947	0	0
XM_047421168.1	3720	3492.29	2.10826	0.0271679
XM_047421169.1	1133	905.293	0	0
XM_047421170.1	8811	8583.29	0	0
XM_047421171.1	1440	1212.29	53.8933	2.00064
XM_047421172.1	2536	2308.29	2.2936	0.0447166
XM_047421173.1	8371	8143.29	6.81228	0.0376474
XM_047421174.1	6889	6661.29	8.79449	0.0594148
XM_047421175.1	258	91.0962	0.22057	0.108965
XM_047421176.1	859	631.427	2	0.142544
XM_047421177.1	1690	1462.29	1.10235	0.0339256
XM_047421178.1	7556	7328.29	106.635	0.654847
XM_047421179.1	6836	6608.29	0	0
XM_047421180.1	6868	6640.29	3.09702e-08	2.09894e-10
XM_047421181.1	6865	6637.29	3.06053	0.0207514
XM_047421182.1	10402	10174.3	0.0736017	0.000325556
XM_047421183.1	10001	9773.29	0.00257407	1.18528e-05
XM_047421185.1	10366	10138.3	24.924	0.110636
XM_047421186.1	10216	9988.29	19.1619	0.0863355
XM_047421187.1	9288	9060.29	0	0
XM_047421188.1	9932	9704.29	11	0.0510119
XM_047421189.1	6276	6048.29	0	0
XM_047421190.1	6287	6059.29	0	0
XM_047421191.1	2285	2057.29	0.00122436	2.67827e-05
XM_047421192.1	2212	1984.29	0	0
XM_047421193.1	2449	2221.29	0	0
XM_047421194.1	1973	1745.29	1.2082	0.0311539
XM_047421197.1	3421	3193.29	65.4947	0.923016
XM_047421198.1	2179	1951.29	0	0
XM_047421199.1	2243	2015.29	12.1365	0.271018
XM_047421201.1	1666	1438.29	0.960712	0.0300599
XM_047421202.1	1884	1656.29	0.229498	0.00623569
XM_047421203.1	1331	1103.29	0	0
XM_047421204.1	1425	1197.29	11.6056	0.436224
XM_047421205.1	3921	3693.29	1.58725	0.0193407
XM_047421206.1	916	688.293	0	0
XM_047421207.1	1237	1009.29	0	0
XM_047421208.1	1129	901.293	0	0
XM_047421209.1	2952	2724.29	0.0189036	0.000312272
XM_047421210.1	3412	3184.29	0	0
XM_047421211.1	1713	1485.29	4.64985	0.140886
XM_047421212.1	3096	2868.29	34.1503	0.535814
XM_047421213.1	3441	3213.29	47.8468	0.670109
XM_047421214.1	4111	3883.29	0	0
XM_047421215.1	3587	3359.29	0	0
XM_047421216.1	3661	3433.29	0	0
XM_047421217.1	3288	3060.29	0	0
XM_047421218.1	3182	2954.29	33.3496	0.508019
XM_047421219.1	2392	2164.29	437.697	9.10123
XM_047421220.1	912	684.293	0	0
XM_047421222.1	2385	2157.29	0	0
XM_047421230.1	8585	8357.29	0.311618	0.00167803
XM_047421231.1	1108	880.293	0	0
XM_047421232.1	8935	8707.29	40.1129	0.207321
XM_047421233.1	8840	8612.29	0	0
XM_047421234.1	8785	8557.29	0.00840995	4.42282e-05
XM_047421235.1	8972	8744.29	0	0
XM_047421236.1	8786	8558.29	1.59683e-07	8.39679e-10
XM_047421237.1	8705	8477.29	0	0
XM_047421238.1	1193	965.293	0	0
XM_047421239.1	8617	8389.29	0	0
XM_047421240.1	8584	8356.29	1.91565e-08	1.03168e-10
XM_047421241.1	8822	8594.29	0	0
XM_047421242.1	8682	8454.29	0	0
XM_047421243.1	8514	8286.29	275.021	1.49364
XM_047421244.1	8495	8267.29	148.822	0.810114
XM_047421245.1	8754	8526.29	0.0536738	0.000283299
XM_047421246.1	8571	8343.29	51.9769	0.28036
XM_047421247.1	8578	8350.29	4.29303	0.0231369
XM_047421248.1	8368	8140.29	0	0
XM_047421249.1	8550	8322.29	43.5018	0.235237
XM_047421250.1	8579	8351.29	6.10122e-05	3.2878e-07
XM_047421251.1	8443	8215.29	0.017529	9.60231e-05
XM_047421252.1	8634	8406.29	0	0
XM_047421253.1	8633	8405.29	0	0
XM_047421254.1	8430	8202.29	0.0484805	0.000265995
XM_047421255.1	8378	8150.29	0.0108337	5.98202e-05
XM_047421256.1	8513	8285.29	0.00155912	8.46863e-06
XM_047421257.1	8514	8286.29	0.0197075	0.000107032
XM_047421258.1	8306	8078.29	1.03688	0.00577629
XM_047421259.1	8171	7943.29	7.7672	0.0440054
XM_047421260.1	8547	8319.29	0.0020302	1.09823e-05
XM_047421261.1	8288	8060.29	6.6328	0.0370329
XM_047421262.1	8371	8143.29	0.165592	0.000915125
XM_047421263.1	8161	7933.29	0	0
XM_047421264.1	8426	8198.29	0	0
XM_047421266.1	7356	7128.29	65.1752	0.411471
XM_047421268.1	1974	1746.29	0	0
XM_047421269.1	2322	2094.29	0	0
XM_047421270.1	2392	2164.29	0	0
XM_047421271.1	2363	2135.29	0	0
XM_047421272.1	6981	6753.29	0	0
XM_047421273.1	6440	6212.29	5.82342	0.042186
XM_047421274.1	6163	5935.29	0	0
XM_047421275.1	3925	3697.29	115.256	1.40288
XM_047421276.1	1392	1164.29	0	0
XM_047421277.1	1119	891.293	11.1392	0.562438
XM_047421278.1	1123	895.293	0	0
XM_047421279.1	1128	900.293	0	0
XM_047421280.1	689	462.088	0	0
XM_047421281.1	1074	846.293	0.477732	0.0254042
XM_047421282.1	4802	4574.29	10.6575	0.104851
XM_047421283.1	4709	4481.29	3.39017	0.0340456
XM_047421284.1	3924	3696.29	61.4329	0.747958
XM_047421285.1	2253	2025.29	73.1507	1.62545
XM_047421286.1	4451	4223.29	0	0
XM_047421287.1	5503	5275.29	0.330542	0.00281982
XM_047421288.1	3296	3068.29	0	0
XM_047421289.1	2908	2680.29	0	0
XM_047421290.1	2981	2753.29	0	0
XM_047421291.1	3199	2971.29	0	0
XM_047421292.1	5907	5679.29	0	0
XM_047421293.1	2960	2732.29	0	0
XM_047421294.1	2973	2745.29	0	0
XM_047421295.1	2823	2595.29	0	0
XM_047421296.1	15695	15467.3	0	0
XM_047421297.1	3224	2996.29	0	0
XM_047421298.1	3942	3714.29	0	0
XM_047421299.1	2820	2592.29	0	0
XM_047421300.1	15692	15464.3	5.73735	0.0166964
XM_047421301.1	3221	2993.29	0	0
XM_047421302.1	2833	2605.29	0	0
XM_047421303.1	3084	2856.29	0	0
XM_047421304.1	3124	2896.29	0	0
XM_047421305.1	2894	2666.29	0	0
XM_047421306.1	2748	2520.29	0	0
XM_047421307.1	5814	5586.29	0	0
XM_047421308.1	5156	4928.29	90.8218	0.829346
XM_047421309.1	5560	5332.29	1.68202e-07	1.41958e-09
XM_047421310.1	3347	3119.29	3.97782	0.0573893
XM_047421311.1	4097	3869.29	0	0
XM_047421312.1	4188	3960.29	1	0.0113636
XM_047421313.1	3841	3613.29	0	0
XM_047421314.1	12764	12536.3	0	0
XM_047421315.1	4564	4336.29	0	0
XM_047421316.1	3692	3464.29	0	0
XM_047421317.1	4085	3857.29	0	0
XM_047421318.1	4089	3861.29	0	0
XM_047421319.1	7204	6976.29	9.80209	0.0632319
XM_047421320.1	1990	1762.29	0	0
XM_047421321.1	1912	1684.29	1.2564	0.03357
XM_047421322.1	1915	1687.29	0.10953	0.00292137
XM_047421323.1	33587	33359.3	39.347	0.0530807
XM_047421324.1	982	754.293	7.51224	0.4482
XM_047421325.1	3642	3414.29	29.7721	0.392419
XM_047421326.1	1442	1214.29	0	0
XM_047421327.1	1875	1647.29	27.2752	0.745142
XM_047421328.1	2974	2746.29	0	0
XM_047421329.1	2923	2695.29	0	0
XM_047421330.1	2503	2275.29	0	0
XM_047421331.1	2436	2208.29	0	0
XM_047421332.1	2224	1996.29	0	0
XM_047421333.1	2160	1932.29	0	0
XM_047421334.1	2089	1861.29	0	0
XM_047421335.1	2400	2172.29	8.25862	0.171093
XM_047421336.1	2247	2019.29	0	0
XM_047421337.1	2315	2087.29	0	0
XM_047421338.1	2339	2111.29	0	0
XM_047421339.1	2428	2200.29	0	0
XM_047421340.1	2528	2300.29	0	0
XM_047421341.1	2321	2093.29	6.94513	0.149311
XM_047421342.1	2226	1998.29	9.68144	0.218033
XM_047421343.1	2218	1990.29	0	0
XM_047421344.1	2413	2185.29	0	0
XM_047421345.1	6299	6071.29	37.8381	0.280473
XM_047421346.1	1881	1653.29	0	0
XM_047421347.1	2628	2400.29	0	0
XM_047421348.1	2279	2051.29	0	0
XM_047421349.1	834	606.427	0	0
XM_047421350.1	1179	951.293	36.1079	1.70817
XM_047421351.1	2273	2045.29	0	0
XM_047421352.1	564	339.768	5.30022	0.702027
XM_047421353.1	2586	2358.29	0	0
XM_047421354.1	4649	4421.29	0	0
XM_047421355.1	4426	4198.29	17.3538	0.186022
XM_047421356.1	2673	2445.29	0	0
XM_047421357.1	2565	2337.29	0	0
XM_047421358.1	2494	2266.29	0	0
XM_047421359.1	2478	2250.29	0	0
XM_047421360.1	1085	857.293	65.359	3.43098
XM_047421361.1	2221	1993.29	0	0
XM_047421362.1	2589	2361.29	0	0
XM_047421363.1	1997	1769.29	0	0
XM_047421364.1	4735	4507.29	0	0
XM_047421365.1	4735	4507.29	0	0
XM_047421366.1	4519	4291.29	0	0
XM_047421367.1	4970	4742.29	0	0
XM_047421368.1	2361	2133.29	0	0
XM_047421369.1	2755	2527.29	0	0
XM_047421370.1	6429	6201.29	68.6338	0.498079
XM_047421371.1	6359	6131.29	87.5743	0.642787
XM_047421372.1	6415	6187.29	100.657	0.732125
XM_047421373.1	2183	1955.29	0	0
XM_047421374.1	5495	5267.29	173.097	1.47892
XM_047421375.1	9077	8849.29	0	0
XM_047421376.1	2582	2354.29	0	0
XM_047421377.1	9023	8795.29	0	0
XM_047421378.1	9020	8792.29	0	0
XM_047421379.1	8990	8762.29	0	0
XM_047421380.1	17595	17367.3	12.1446	0.0314697
XM_047421381.1	8909	8681.29	0	0
XM_047421382.1	10006	9778.29	1.01467	0.00466984
XM_047421383.1	1567	1339.29	1.77612	0.0596813
XM_047421384.1	2003	1775.29	0	0
XM_047421385.1	2929	2701.29	0	0
XM_047421386.1	2174	1946.29	0	0
XM_047421387.1	2809	2581.29	0	0
XM_047421388.1	4525	4297.29	0	0
XM_047421389.1	2225	1997.29	0	0
XM_047421390.1	2160	1932.29	0	0
XM_047421391.1	2291	2063.29	0	0
XM_047421392.1	32107	31879.3	65.5821	0.0925804
XM_047421393.1	6859	6631.29	19.3834	0.131545
XM_047421394.1	2665	2437.29	3.80891	0.0703292
XM_047421395.1	1846	1618.29	0	0
XM_047421396.1	1831	1603.29	17.9828	0.504763
XM_047421397.1	4742	4514.29	0	0
XM_047421398.1	2247	2019.29	0	0
XM_047421399.1	2043	1815.29	0	0
XM_047421400.1	3381	3153.29	0	0
XM_047421401.1	1858	1630.29	17.4943	0.482919
XM_047421402.1	4559	4331.29	2.8906	0.030034
XM_047421403.1	1860	1632.29	20.6918	0.570482
XM_047421404.1	3198	2970.29	6.81576	0.103266
XM_047421405.1	5668	5440.29	95.9494	0.793711
XM_047421406.1	1699	1471.29	17.1182	0.523602
XM_047421407.1	4302	4074.29	0	0
XM_047421408.1	4144	3916.29	0	0
XM_047421409.1	3501	3273.29	44.3566	0.60984
XM_047421410.1	6694	6466.29	53.0429	0.369159
XM_047421411.1	1508	1280.29	0	0
XM_047421412.1	4819	4591.29	0	0
XM_047421413.1	943	715.293	0	0
XM_047421414.1	10606	10378.3	284.23	1.2325
XM_047421415.1	1821	1593.29	0	0
XM_047421416.1	3087	2859.29	2.00289	0.031524
XM_047421417.1	2125	1897.29	12.0182	0.285068
XM_047421418.1	1963	1735.29	0	0
XM_047421419.1	5427	5199.29	0	0
XM_047421420.1	6991	6763.29	0	0
XM_047421421.1	4631	4403.29	0	0
XM_047421422.1	3117	2889.29	0	0
XM_047421423.1	2648	2420.29	0	0
XM_047421424.1	6916	6688.29	0	0
XM_047421425.1	5531	5303.29	0	0
XM_047421426.1	8472	8244.29	779.577	4.25547
XM_047421427.1	6564	6336.29	0	0
XM_047421428.1	6840	6612.29	0	0
XM_047421429.1	6803	6575.29	94.0323	0.643582
XM_047421430.1	5452	5224.29	0	0
XM_047421431.1	5657	5429.29	79.7166	0.660766
XM_047421432.1	5384	5156.29	0	0
XM_047421433.1	2545	2317.29	0	0
XM_047421434.1	6837	6609.29	0	0
XM_047421435.1	6709	6481.29	0	0
XM_047421436.1	5890	5662.29	0	0
XM_047421437.1	5841	5613.29	0	0
XM_047421438.1	5676	5448.29	0	0
XM_047421439.1	5563	5335.29	0	0
XM_047421440.1	5545	5317.29	0	0
XM_047421441.1	2221	1993.29	0	0
XM_047421442.1	2559	2331.29	5.07385	0.0979451
XM_047421443.1	8469	8241.29	3.69364	0.0201698
XM_047421444.1	6800	6572.29	0.110985	0.000759956
XM_047421445.1	2542	2314.29	0	0
XM_047421446.1	5459	5231.29	0	0
XM_047421447.1	8400	8172.29	1.26769	0.00698093
XM_047421448.1	6731	6503.29	0.0255275	0.000176652
XM_047421449.1	5622	5394.29	0	0
XM_047421450.1	2004	1776.29	30.8034	0.780417
XM_047421451.1	2473	2245.29	0	0
XM_047421452.1	6768	6540.29	0	0
XM_047421453.1	5491	5263.29	0	0
XM_047421454.1	8397	8169.29	0.0670585	0.000369412
XM_047421455.1	2001	1773.29	21.0789	0.534945
XM_047421456.1	2150	1922.29	7.76766	0.18185
XM_047421457.1	5812	5584.29	2.84682e-06	2.29422e-08
XM_047421458.1	6106	5878.29	4.8172	0.0368795
XM_047421459.1	4395	4167.29	5.44569e-06	5.88087e-08
XM_047421460.1	5956	5728.29	12.6901	0.0996969
XM_047421461.1	9401	9173.29	2.47021	0.0121186
XM_047421462.1	5979	5751.29	3.97041	0.0310679
XM_047421463.1	5815	5587.29	1.93678	0.0155998
XM_047421464.1	5812	5584.29	7.53855e-06	6.07522e-08
XM_047421465.1	5809	5581.29	0	0
XM_047421466.1	4107	3879.29	30.4202	0.3529
XM_047421467.1	2525	2297.29	0	0
XM_047421468.1	5665	5437.29	5.21766	0.0431853
XM_047421469.1	5662	5434.29	5.42737e-06	4.49457e-08
XM_047421470.1	5659	5431.29	0	0
XM_047421471.1	5688	5460.29	1.54584	0.0127407
XM_047421472.1	4478	4250.29	0	0
XM_047421473.1	4266	4038.29	0	0
XM_047421474.1	2303	2075.29	0	0
XM_047421475.1	4306	4078.29	0	0
XM_047421476.1	4287	4059.29	0	0
XM_047421477.1	5158	4930.29	0	0
XM_047421478.1	5155	4927.29	0	0
XM_047421479.1	5155	4927.29	0	0
XM_047421480.1	4269	4041.29	0	0
XM_047421481.1	4037	3809.29	0	0
XM_047421482.1	4013	3785.29	0	0
XM_047421483.1	4139	3911.29	0	0
XM_047421484.1	3651	3423.29	0	0
XM_047421485.1	3798	3570.29	0	0
XM_047421486.1	3654	3426.29	12.432	0.163289
XM_047421487.1	3648	3420.29	0	0
XM_047421488.1	3612	3384.29	0	0
XM_047421489.1	1273	1045.29	0	0
XM_047421490.1	1271	1043.29	0	0
XM_047421491.1	3674	3446.29	0	0
XM_047421492.1	2176	1948.29	0	0
XM_047421493.1	1061	833.293	0	0
XM_047421494.1	2098	1870.29	0	0
XM_047421495.1	1064	836.293	10111.8	544.142
XM_047421496.1	2654	2426.29	0	0
XM_047421497.1	2787	2559.29	0	0
XM_047421498.1	2914	2686.29	0	0
XM_047421499.1	2898	2670.29	0	0
XM_047421500.1	2742	2514.29	0	0
XM_047421501.1	2609	2381.29	0	0
XM_047421502.1	2721	2493.29	0	0
XM_047421503.1	2588	2360.29	0	0
XM_047421504.1	2712	2484.29	0	0
XM_047421505.1	2579	2351.29	0	0
XM_047421506.1	2699	2471.29	0	0
XM_047421507.1	2475	2247.29	0	0
XM_047421508.1	2667	2439.29	0	0
XM_047421509.1	2534	2306.29	0	0
XM_047421510.1	2646	2418.29	0	0
XM_047421511.1	2513	2285.29	0	0
XM_047421512.1	7126	6898.29	0.032594	0.000212637
XM_047421513.1	3076	2848.29	0	0
XM_047421514.1	8230	8002.29	0	0
XM_047421515.1	8185	7957.29	5.4522e-08	3.08354e-10
XM_047421516.1	8268	8040.29	0	0
XM_047421517.1	18506	18278.3	12.258	0.0301804
XM_047421518.1	8265	8037.29	0	0
XM_047421519.1	4032	3804.29	0	0
XM_047421520.1	4093	3865.29	0	0
XM_047421521.1	4020	3792.29	0	0
XM_047421522.1	4017	3789.29	0	0
XM_047421523.1	3945	3717.29	0	0
XM_047421524.1	3942	3714.29	0	0
XM_047421525.1	3872	3644.29	0	0
XM_047421526.1	4148	3920.29	16.8207	0.193093
XM_047421527.1	3643	3415.29	0	0
XM_047421528.1	3945	3717.29	0	0
XM_047421529.1	4070	3842.29	0	0
XM_047421530.1	3759	3531.29	0	0
XM_047421531.1	4564	4336.29	0.251037	0.00260532
XM_047421532.1	4911	4683.29	0	0
XM_047421533.1	4792	4564.29	0	0
XM_047421534.1	4557	4329.29	0	0
XM_047421535.1	4480	4252.29	0	0
XM_047421536.1	4640	4412.29	0	0
XM_047421537.1	5016	4788.29	15.5496	0.146144
XM_047421538.1	4856	4628.29	0	0
XM_047421539.1	4632	4404.29	0	0
XM_047421540.1	4397	4169.29	7.85457	0.0847817
XM_047421541.1	4149	3921.29	0	0
XM_047421542.1	4022	3794.29	0	0
XM_047421543.1	4979	4751.29	0	0
XM_047421544.1	4653	4425.29	0	0
XM_047421545.1	4493	4265.29	0	0
XM_047421546.1	4708	4480.29	0	0
XM_047421547.1	4688	4460.29	0	0
XM_047421548.1	4528	4300.29	0	0
XM_047421549.1	4685	4457.29	35.6304	0.359743
XM_047421550.1	4601	4373.29	0	0
XM_047421551.1	4817	4589.29	0	0
XM_047421552.1	4454	4226.29	0	0
XM_047421553.1	4041	3813.29	0	0
XM_047421554.1	10047	9819.29	1515.91	6.94761
XM_047421555.1	4598	4370.29	0	0
XM_047421556.1	4438	4210.29	0	0
XM_047421557.1	4666	4438.29	0	0
XM_047421558.1	4354	4126.29	0	0
XM_047421559.1	3954	3726.29	0	0
XM_047421560.1	4023	3795.29	0	0
XM_047421561.1	3925	3697.29	0	0
XM_047421562.1	3918	3690.29	0	0
XM_047421563.1	4559	4331.29	0	0
XM_047421564.1	3915	3687.29	0	0
XM_047421565.1	9977	9749.29	52.2629	0.241248
XM_047421566.1	1856	1628.29	0	0
XM_047421567.1	1835	1607.29	0	0
XM_047421568.1	1778	1550.29	0	0
XM_047421577.1	1171	943.293	0	0
XM_047421578.1	2396	2168.29	0	0
XM_047421579.1	3760	3532.29	47.7929	0.608904
XM_047421580.1	2039	1811.29	0.194011	0.00482036
XM_047421581.1	2154	1926.29	30.9511	0.723096
XM_047421582.1	2345	2117.29	9.46674	0.201216
XM_047421583.1	3709	3481.29	0	0
XM_047421588.1	4257	4029.29	6.06608	0.0677519
XM_047421589.1	20111	19883.3	7.8907	0.0178595
XM_047421590.1	4693	4465.29	0	0
XM_047421591.1	6474	6246.29	0	0
XM_047421592.1	6396	6168.29	0	0
XM_047421593.1	5293	5065.29	0	0
XM_047421594.1	3625	3397.29	0	0
XM_047421595.1	5650	5422.29	0	0
XM_047421596.1	3689	3461.29	17.1492	0.222971
XM_047421597.1	5137	4909.29	0	0
XM_047421598.1	5572	5344.29	0	0
XM_047421599.1	3473	3245.29	0	0
XM_047421600.1	4707	4479.29	0	0
XM_047421601.1	4084	3856.29	36.6918	0.428194
XM_047421602.1	3794	3566.29	99.7785	1.25911
XM_047421603.1	25247	25019.3	2.42666e-05	4.36491e-08
XM_047421604.1	22421	22193.3	7.87912	0.0159771
XM_047421607.1	5466	5238.29	0	0
XM_047421608.1	5432	5204.29	0	0
XM_047421609.1	5279	5051.29	0	0
XM_047421610.1	5469	5241.29	0	0
XM_047421611.1	5290	5062.29	0	0
XM_047421613.1	2684	2456.29	12.3171	0.225669
XM_047421614.1	5020	4792.29	156.526	1.46989
XM_047421615.1	4645	4417.29	0.500798	0.0051021
XM_047421616.1	4559	4331.29	3.69805	0.0384236
XM_047421617.1	3585	3357.29	1.1336	0.0151954
XM_047421618.1	2549	2321.29	1.72147	0.0333742
XM_047421619.1	8798	8570.29	0	0
XM_047421621.1	2528	2300.29	6.96575	0.136278
XM_047421626.1	4086	3858.29	1.17683	0.0137265
XM_047421627.1	4274	4046.29	0	0
XM_047421628.1	12958	12730.3	0	0
XM_047421629.1	11797	11569.3	0	0
XM_047421630.1	12979	12751.3	0	0
XM_047421631.1	2447	2219.29	64.0524	1.29886
XM_047421632.1	9187	8959.29	5.80314	0.0291495
XM_047421633.1	4327	4099.29	0	0
XM_047421634.1	4544	4316.29	0	0
XM_047421635.1	4065	3837.29	2.94025	0.0344827
XM_047421636.1	2963	2735.29	48.1325	0.791911
XM_047421637.1	3984	3756.29	12.1898	0.146043
XM_047421638.1	3625	3397.29	19.121	0.253292
XM_047421639.1	2746	2518.29	158.53	2.83301
XM_047421640.1	3744	3516.29	0	0
XM_047421641.1	3362	3134.29	0	0
XM_047421642.1	3302	3074.29	0	0
XM_047421643.1	3456	3228.29	0	0
XM_047421644.1	3396	3168.29	0	0
XM_047421645.1	3252	3024.29	0	0
XM_047421646.1	3273	3045.29	0	0
XM_047421647.1	3237	3009.29	4.75466	0.0711045
XM_047421648.1	2967	2739.29	0	0
XM_047421649.1	2789	2561.29	0	0
XM_047421650.1	2544	2316.29	54.7215	1.06318
XM_047421651.1	2640	2412.29	0	0
XM_047421652.1	2530	2302.29	0	0
XM_047421653.1	4842	4614.29	2.66551	0.0259966
XM_047421654.1	4995	4767.29	13.0989	0.123653
XM_047421655.1	4938	4710.29	0	0
XM_047421656.1	3174	2946.29	0	0
XM_047421657.1	2115	1887.29	27.269	0.650238
XM_047421658.1	3119	2891.29	0	0
XM_047421659.1	2055	1827.29	0	0
XM_047421660.1	3202	2974.29	0	0
XM_047421661.1	1536	1308.29	7.69171	0.264582
XM_047421662.1	2154	1926.29	12.6745	0.296108
XM_047421663.1	2048	1820.29	108.538	2.68339
XM_047421664.1	6822	6594.29	115.24	0.786465
XM_047421665.1	7188	6960.29	0	0
XM_047421666.1	7028	6800.29	3.49694	0.0231421
XM_047421667.1	7391	7163.29	8.71331	0.054741
XM_047421668.1	7152	6924.29	0	0
XM_047421669.1	4520	4292.29	0	0
XM_047421670.1	4419	4191.29	50.3082	0.540173
XM_047421671.1	4484	4256.29	0	0
XM_047421672.1	4383	4155.29	5.44556e-06	5.89771e-08
XM_047421673.1	4608	4380.29	12.3907	0.127302
XM_047421674.1	3114	2886.29	4.32874e-08	6.74937e-10
XM_047421675.1	4113	3885.29	0	0
XM_047421676.1	4428	4200.29	0	0
XM_047421677.1	6533	6305.29	118.769	0.847699
XM_047421678.1	6014	5786.29	0	0
XM_047421679.1	4212	3984.29	0	0
XM_047421680.1	3010	2782.29	3.7332	0.0603839
XM_047421681.1	3908	3680.29	0	0
XM_047421682.1	2134	1906.29	0	0
XM_047421683.1	10542	10314.3	0	0
XM_047421684.1	10472	10244.3	0	0
XM_047421685.1	10083	9855.29	0	0
XM_047421686.1	2250	2022.29	6.68076	0.14867
XM_047421687.1	4425	4197.29	0	0
XM_047421688.1	4289	4061.29	0	0
XM_047421689.1	4280	4052.29	0	0
XM_047421690.1	4066	3838.29	0	0
XM_047421691.1	4058	3830.29	0	0
XM_047421692.1	4011	3783.29	0	0
XM_047421693.1	3318	3090.29	8.63782	0.12579
XM_047421694.1	3419	3191.29	358.77	5.05932
XM_047421695.1	14677	14449.3	0.40743	0.00126896
XM_047421696.1	17159	16931.3	18.2338	0.048465
XM_047421697.1	14713	14485.3	180.35	0.560313
XM_047421698.1	3658	3430.29	23.2684	0.305265
XM_047421699.1	1525	1297.29	84.4793	2.93059
XM_047421700.1	3203	2975.29	0	0
XM_047421701.1	3099	2871.29	2.39102	0.0374756
XM_047421702.1	1329	1101.29	27.6737	1.13086
XM_047421703.1	1234	1006.29	0	0
XM_047421704.1	2333	2105.29	20.815	0.444945
XM_047421705.1	1271	1043.29	0	0
XM_047421707.1	1338	1110.29	4.64173	0.188142
XM_047421709.1	1045	817.293	0	0
XM_047421711.1	3998	3770.29	0	0
XM_047421712.1	4044	3816.29	0	0
XM_047421713.1	3585	3357.29	0	0
XM_047421714.1	6320	6092.29	1.75692	0.0129782
XM_047421715.1	5882	5654.29	0	0
XM_047421716.1	5930	5702.29	338.645	2.67262
XM_047421717.1	5863	5635.29	0	0
XM_047421718.1	5454	5226.29	11.3239	0.097509
XM_047421719.1	3230	3002.29	37.7429	0.56575
XM_047421720.1	3215	2987.29	18.1209	0.272988
XM_047421721.1	2918	2690.29	0	0
XM_047421722.1	5487	5259.29	97.0826	0.830724
XM_047421723.1	5389	5161.29	86.9699	0.758321
XM_047421724.1	3803	3575.29	0	0
XM_047421725.1	2587	2359.29	0	0
XM_047421726.1	2019	1791.29	0	0
XM_047421727.1	2846	2618.29	0	0
XM_047421728.1	3329	3101.29	11.6333	0.168812
XM_047421729.1	7220	6992.29	0	0
XM_047421730.1	7147	6919.29	0	0
XM_047421731.1	7130	6902.29	28.3382	0.184765
XM_047421732.1	4475	4247.29	0	0
XM_047421733.1	4476	4248.29	818.64	8.67203
XM_047421734.1	4530	4302.29	118.479	1.23932
XM_047421735.1	4525	4297.29	133.862	1.40186
XM_047421736.1	2567	2339.29	36.5004	0.70219
XM_047421737.1	11282	11054.3	0.000363542	1.48001e-06
XM_047421738.1	11204	10976.3	5.98086	0.0245217
XM_047421739.1	4332	4104.29	0	0
XM_047421740.1	3402	3174.29	9.66691	0.137051
XM_047421741.1	2077	1849.29	12.1145	0.294809
XM_047421742.1	1220	992.293	0	0
XM_047421743.1	1141	913.293	73.7066	3.63194
XM_047421744.1	3744	3516.29	0	0
XM_047421745.1	3228	3000.29	7.56897	0.113531
XM_047421746.1	7045	6817.29	0	0
XM_047421747.1	7042	6814.29	0	0
XM_047421748.1	7058	6830.29	0	0
XM_047421749.1	6994	6766.29	8.63855e-08	5.74556e-10
XM_047421750.1	6967	6739.29	2.07553e-05	1.38598e-07
XM_047421751.1	6949	6721.29	0.000812009	5.43688e-06
XM_047421752.1	6919	6691.29	0.374208	0.00251678
XM_047421753.1	6916	6688.29	0.692029	0.00465641
XM_047421754.1	6883	6655.29	0	0
XM_047421755.1	6908	6680.29	3.5706	0.0240541
XM_047421756.1	1146	918.293	0	0
XM_047421757.1	3788	3560.29	6.28924e-08	7.94977e-10
XM_047421758.1	3217	2989.29	26.6579	0.401328
XM_047421759.1	3247	3019.29	0	0
XM_047421760.1	3697	3469.29	63.7993	0.827594
XM_047421761.1	2170	1942.29	204.316	4.73402
XM_047421762.1	3663	3435.29	56.2228	0.736531
XM_047421763.1	2740	2512.29	46.6422	0.83551
XM_047421764.1	1783	1555.29	45.541	1.31775
XM_047421765.1	2095	1867.29	10.6386	0.256398
XM_047421766.1	2298	2070.29	0	0
XM_047421767.1	1521	1293.29	0	0
XM_047421768.1	1475	1247.29	0	0
XM_047421769.1	11547	11319.3	0	0
XM_047421770.1	8053	7825.29	133.257	0.766355
XM_047421771.1	11898	11670.3	112.28	0.432974
XM_047421772.1	10060	9832.29	8.78719e-08	4.02196e-10
XM_047421773.1	10519	10291.3	92.9961	0.406665
XM_047421774.1	4780	4552.29	192.537	1.90339
XM_047421775.1	6530	6302.29	0.0215807	0.000154102
XM_047421776.1	4712	4484.29	236.398	2.37242
XM_047421777.1	811	583.487	8.55848	0.660098
XM_047421778.1	2156	1928.29	0	0
XM_047421779.1	7010	6782.29	0	0
XM_047421780.1	903	675.361	0	0
XM_047421781.1	767	539.541	0	0
XM_047421782.1	927	699.293	0	0
XM_047421783.1	7063	6835.29	139.339	0.917398
XM_047421784.1	3040	2812.29	0.362434	0.00579977
XM_047421787.1	4821	4593.29	5.53511	0.0542306
XM_047421791.1	5059	4831.29	0	0
XM_047421792.1	2002	1774.29	15.5236	0.393739
XM_047421793.1	1930	1702.29	248.166	6.5607
XM_047421795.1	4219	3991.29	21.7771	0.245544
XM_047421796.1	1294	1066.29	19.6507	0.82936
XM_047421797.1	5957	5729.29	0	0
XM_047421798.1	7774	7546.29	0	0
XM_047421799.1	6357	6129.29	0	0
XM_047421800.1	6348	6120.29	5.35756e-07	3.93947e-09
XM_047421801.1	6269	6041.29	0	0
XM_047421802.1	6090	5862.29	52.3991	0.402252
XM_047421803.1	5969	5741.29	668.859	5.24285
XM_047421804.1	6177	5949.29	4.98532e-08	3.77111e-10
XM_047421805.1	6016	5788.29	70.415	0.547466
XM_047421806.1	6132	5904.29	245.128	1.86839
XM_047421807.1	5986	5758.29	5.73491	0.0448204
XM_047421808.1	6098	5870.29	0	0
XM_047421809.1	5919	5691.29	7.54471	0.0596588
XM_047421810.1	5961	5733.29	38.539	0.302509
XM_047421811.1	13496	13268.3	4.24447	0.0143963
XM_047421812.1	2516	2288.29	0	0
XM_047421813.1	4272	4044.29	0	0
XM_047421814.1	4013	3785.29	0	0
XM_047421815.1	6244	6016.29	108.133	0.808859
XM_047421816.1	6244	6016.29	0.290688	0.00217441
XM_047421817.1	6241	6013.29	27.5389	0.206099
XM_047421818.1	6235	6007.29	0.0754358	0.00056512
XM_047421819.1	6236	6008.29	7.16349	0.0536557
XM_047421820.1	6232	6004.29	7.3757	0.055282
XM_047421821.1	6229	6001.29	165.749	1.24293
XM_047421822.1	6154	5926.29	515.917	3.91777
XM_047421823.1	6158	5930.29	499.812	3.79291
XM_047421824.1	8113	7885.29	72.3713	0.413039
XM_047421825.1	1981	1753.29	45.4858	1.16752
XM_047421826.1	1978	1750.29	118.384	3.04386
XM_047421827.1	1974	1746.29	132.473	3.41391
XM_047421828.1	1598	1370.29	0	0
XM_047421829.1	1556	1328.29	0	0
XM_047421830.1	1505	1277.29	0	0
XM_047421831.1	1399	1171.29	3.52388	0.135394
XM_047421832.1	1466	1238.29	0	0
XM_047421833.1	712	484.852	28.4421	2.63995
XM_047421834.1	1402	1174.29	1.21619e-06	4.66086e-08
XM_047421835.1	1052	824.293	27.5888	1.50624
XM_047421836.1	1043	815.293	0	0
XM_047421837.1	1363	1135.29	27.4006	1.08616
XM_047421838.1	1001	773.293	0	0
XM_047421839.1	1312	1084.29	0	0
XM_047421840.1	962	734.293	7.16362	0.439041
XM_047421841.1	981	753.293	0	0
XM_047421842.1	939	711.293	33.0764	2.09272
XM_047421843.1	2746	2518.29	61.832	1.10497
XM_047421844.1	2631	2403.29	40.7436	0.762948
XM_047421845.1	1001	773.293	39.1138	2.27629
XM_047421846.1	893	665.361	52.3977	3.54403
XM_047421847.1	8739	8511.29	180.43	0.954016
XM_047421848.1	8721	8493.29	1.23215e-06	6.52874e-09
XM_047421849.1	9284	9056.29	3110.75	15.4581
XM_047421850.1	3780	3552.29	45.7036	0.579007
XM_047421851.1	4159	3931.29	0	0
XM_047421852.1	3649	3421.29	16.6344	0.218806
XM_047421853.1	3914	3686.29	0	0
XM_047421854.1	3875	3647.29	0	0
XM_047421855.1	3680	3452.29	0	0
XM_047421856.1	3975	3747.29	7.70956	0.0925879
XM_047421857.1	3553	3325.29	0	0
XM_047421858.1	3850	3622.29	0.00739044	9.18183e-05
XM_047421859.1	3553	3325.29	0	0
XM_047421860.1	4418	4190.29	21.6067	0.232053
XM_047421861.1	4403	4175.29	0	0
XM_047421862.1	4415	4187.29	5.02402	0.0539959
XM_047421863.1	4504	4276.29	48.0729	0.505912
XM_047421864.1	493	273.443	4.74721	0.781292
XM_047421865.1	3685	3457.29	0	0
XM_047421866.1	13487	13259.3	27.261	0.0925258
XM_047421867.1	13637	13409.3	0	0
XM_047421868.1	3753	3525.29	38.8503	0.495955
XM_047421869.1	14777	14549.3	1103.32	3.41273
XM_047421870.1	15287	15059.3	7187.72	21.4797
XM_047421871.1	3655	3427.29	0	0
XM_047421872.1	14786	14558.3	1953.43	6.03852
XM_047421873.1	14792	14564.3	7485.04	23.1285
XM_047421874.1	14751	14523.3	2043.01	6.33064
XM_047421875.1	14671	14443.3	1904.26	5.93337
XM_047421876.1	3814	3586.29	5.83108e-07	7.31721e-09
XM_047421877.1	14653	14425.3	1712.9	5.34379
XM_047421878.1	14635	14407.3	2087.71	6.52122
XM_047421879.1	14881	14653.3	2792.53	8.57639
XM_047421880.1	11411	11183.3	0.352734	0.00141945
XM_047421881.1	11396	11168.3	17.4423	0.0702845
XM_047421882.1	11918	11690.3	558.07	2.14835
XM_047421883.1	3775	3547.29	0	0
XM_047421884.1	11906	11678.3	272.53	1.05021
XM_047421886.1	11423	11195.3	504.98	2.02993
XM_047421887.1	11411	11183.3	238.901	0.961371
XM_047421888.1	11370	11142.3	40.1307	0.162085
XM_047421889.1	11302	11074.3	75.6717	0.307511
XM_047421890.1	11290	11062.3	35.3323	0.143737
XM_047421891.1	11284	11056.3	65.5221	0.266699
XM_047421892.1	11266	11038.3	84.8417	0.3459
XM_047421893.1	11272	11044.3	30.5428	0.124455
XM_047421894.1	3750	3522.29	17.9415	0.229232
XM_047421895.1	11254	11026.3	39.5276	0.161329
XM_047421896.1	6727	6499.29	0	0
XM_047421897.1	6304	6076.29	0	0
XM_047421898.1	1994	1766.29	1	0.0254788
XM_047421899.1	1751	1523.29	8.37828	0.247522
XM_047421900.1	1019	791.293	0	0
XM_047421901.1	905	677.361	4.46873	0.296897
XM_047421902.1	3326	3098.29	0	0
XM_047421903.1	5659	5431.29	111.179	0.921218
XM_047421904.1	4248	4020.29	15.7487	0.176291
XM_047421905.1	4293	4065.29	0.00111221	1.23123e-05
XM_047421906.1	4347	4119.29	0	0
XM_047421907.1	4382	4154.29	25.4278	0.275457
XM_047421908.1	4337	4109.29	0	0
XM_047421909.1	4385	4157.29	57.371	0.621046
XM_047421910.1	2875	2647.29	0	0
XM_047421911.1	1213	985.293	21.4271	0.978676
XM_047421912.1	3201	2973.29	218.159	3.302
XM_047421913.1	3329	3101.29	220.017	3.19268
XM_047421914.1	3374	3146.29	140.178	2.00504
XM_047421915.1	2985	2757.29	1.7215	0.0280974
XM_047421916.1	2075	1847.29	0	0
XM_047421917.1	1126	898.293	254.694	12.7598
XM_047421918.1	4162	3934.29	0	0
XM_047421919.1	4302	4074.29	0	0
XM_047421920.1	4240	4012.29	0	0
XM_047421921.1	3770	3542.29	0.368919	0.00468694
XM_047421922.1	3689	3461.29	112.587	1.46383
XM_047421923.1	752	524.701	4.55564	0.390733
XM_047421924.1	5386	5158.29	0	0
XM_047421925.1	3080	2852.29	0	0
XM_047421926.1	3839	3611.29	0	0
XM_047421927.1	3731	3503.29	15.6805	0.201431
XM_047421928.1	2662	2434.29	60.6407	1.12107
XM_047421929.1	2136	1908.29	0.00723671	0.000170663
XM_047421930.1	2133	1905.29	0.175798	0.00415235
XM_047421931.1	2204	1976.29	33.7172	0.76779
XM_047421932.1	1864	1636.29	0	0
XM_047421933.1	3676	3448.29	9.03977	0.117977
XM_047421934.1	3673	3445.29	0	0
XM_047421935.1	3783	3555.29	23.8489	0.30188
XM_047421936.1	907	679.293	566.17	37.5087
XM_047421937.1	2331	2103.29	49.1882	1.05246
XM_047421938.1	5167	4939.29	0	0
XM_047421939.1	5299	5071.29	44.4169	0.394159
XM_047421940.1	646	419.888	22.5197	2.41363
XM_047421941.1	2191	1963.29	0	0
XM_047421942.1	1885	1657.29	57.8486	1.57085
XM_047421943.1	2239	2011.29	0	0
XM_047421944.1	2233	2005.29	0	0
XM_047421945.1	11474	11246.3	0	0
XM_047421946.1	11471	11243.3	0	0
XM_047421947.1	11381	11153.3	0.00717381	2.8946e-05
XM_047421948.1	1620	1392.29	4.93458	0.1595
XM_047421949.1	3196	2968.29	0	0
XM_047421950.1	3193	2965.29	0	0
XM_047421951.1	4162	3934.29	47.8338	0.547155
XM_047421952.1	3628	3400.29	0	0
XM_047421953.1	26793	26565.3	2.89882	0.00491077
XM_047421954.1	3911	3683.29	4.39966	0.0537557
XM_047421955.1	2414	2186.29	4.76469e-05	9.80774e-07
XM_047421956.1	2405	2177.29	0	0
XM_047421957.1	3839	3611.29	0.00165678	2.06464e-05
XM_047421958.1	2351	2123.29	11.1255	0.235804
XM_047421959.1	3763	3535.29	13.97	0.177833
XM_047421960.1	3820	3592.29	12.9958	0.162808
XM_047421961.1	3779	3551.29	51.5231	0.652916
XM_047421962.1	6009	5781.29	0	0
XM_047421963.1	3872	3644.29	0	0
XM_047421964.1	4090	3862.29	0	0
XM_047421965.1	3919	3691.29	0	0
XM_047421966.1	3790	3562.29	0	0
XM_047421967.1	3895	3667.29	0	0
XM_047421968.1	6164	5936.29	0	0
XM_047421969.1	3934	3706.29	0	0
XM_047421970.1	23079	22851.3	0.0179203	3.52921e-05
XM_047421971.1	3787	3559.29	0	0
XM_047421972.1	4004	3776.29	0.00145161	1.72992e-05
XM_047421973.1	3820	3592.29	17.3934	0.217898
XM_047421974.1	23082	22854.3	7.03919	0.0138611
XM_047421975.1	3751	3523.29	0	0
XM_047421976.1	3898	3670.29	0	0
XM_047421977.1	3718	3490.29	0	0
XM_047421978.1	3900	3672.29	0	0
XM_047421979.1	6059	5831.29	0	0
XM_047421980.1	38601	38373.3	0	0
XM_047421981.1	38361	38133.3	0	0
XM_047421982.1	38649	38421.3	0	0
XM_047421983.1	38489	38261.3	0	0
XM_047421984.1	38309	38081.3	0	0
XM_047421985.1	30977	30749.3	0	0
XM_047421986.1	37808	37580.3	2.05467	0.00246051
XM_047421987.1	38189	37961.3	2.0259e-06	2.40171e-09
XM_047421988.1	37939	37711.3	0.0174102	2.07766e-05
XM_047421989.1	19630	19402.3	41.1636	0.0954777
XM_047421990.1	12017	11789.3	0	0
XM_047421991.1	11933	11705.3	0	0
XM_047421992.1	11140	10912.3	0	0
XM_047421993.1	10650	10422.3	44.9671	0.194166
XM_047421994.1	10094	9866.29	14.9474	0.0681795
XM_047421995.1	3706	3478.29	83.6032	1.08168
XM_047421996.1	4762	4534.29	0	0
XM_047421997.1	3859	3631.29	3.12099	0.0386788
XM_047421998.1	3112	2884.29	0	0
XM_047421999.1	3778	3550.29	0	0
XM_047422000.1	8411	8183.29	0	0
XM_047422001.1	7772	7544.29	0	0
XM_047422002.1	9406	9178.29	0	0
XM_047422003.1	2780	2552.29	0	0
XM_047422004.1	4497	4269.29	0	0
XM_047422005.1	4945	4717.29	0	0
XM_047422006.1	5988	5760.29	0	0
XM_047422007.1	2612	2384.29	0	0
XM_047422008.1	5057	4829.29	0	0
XM_047422009.1	3039	2811.29	0	0
XM_047422010.1	3496	3268.29	0	0
XM_047422011.1	2956	2728.29	33.6104	0.554401
XM_047422012.1	2850	2622.29	0.224751	0.00385712
XM_047422013.1	8146	7918.29	10.4626	0.0594636
XM_047422014.1	6854	6626.29	0	0
XM_047422015.1	2577	2349.29	0	0
XM_047422016.1	5190	4962.29	0	0
XM_047422017.1	5181	4953.29	0	0
XM_047422018.1	5169	4941.29	0	0
XM_047422019.1	5513	5285.29	0	0
XM_047422020.1	5382	5154.29	0	0
XM_047422021.1	5455	5227.29	0	0
XM_047422022.1	5160	4932.29	0	0
XM_047422023.1	5127	4899.29	0	0
XM_047422024.1	5118	4890.29	0	0
XM_047422025.1	5106	4878.29	0	0
XM_047422026.1	5097	4869.29	0	0
XM_047422027.1	5097	4869.29	0	0
XM_047422028.1	5441	5213.29	0	0
XM_047422029.1	5088	4860.29	0	0
XM_047422030.1	5085	4857.29	0	0
XM_047422031.1	5429	5201.29	0	0
XM_047422032.1	5082	4854.29	0	0
XM_047422033.1	5067	4839.29	0	0
XM_047422034.1	5411	5183.29	0	0
XM_047422035.1	5058	4830.29	0	0
XM_047422036.1	5402	5174.29	0	0
XM_047422037.1	5390	5162.29	0	0
XM_047422038.1	5043	4815.29	0	0
XM_047422039.1	5105	4877.29	0	0
XM_047422040.1	5025	4797.29	0	0
XM_047422041.1	5013	4785.29	0	0
XM_047422042.1	2049	1821.29	149.517	3.69449
XM_047422043.1	4995	4767.29	0	0
XM_047422044.1	5080	4852.29	0	0
XM_047422045.1	4950	4722.29	0	0
XM_047422046.1	4935	4707.29	0	0
XM_047422047.1	5273	5045.29	0	0
XM_047422048.1	6161	5933.29	2.57727	0.0195482
XM_047422049.1	5132	4904.29	11.4083	0.104685
XM_047422050.1	4938	4710.29	0	0
XM_047422051.1	2425	2197.29	32.3668	0.66291
XM_047422052.1	4929	4701.29	0	0
XM_047422053.1	5099	4871.29	16.8877	0.156016
XM_047422054.1	4836	4608.29	0	0
XM_047422055.1	761	533.648	24.4729	2.06383
XM_047422056.1	6155	5927.29	0	0
XM_047422057.1	6134	5906.29	0	0
XM_047422058.1	6122	5894.29	13.9789	0.10673
XM_047422059.1	6119	5891.29	0	0
XM_047422060.1	6023	5795.29	0.935783	0.00726678
XM_047422061.1	6005	5777.29	0	0
XM_047422062.1	18992	18764.3	58.0851	0.139308
XM_047422063.1	4634	4406.29	40.8501	0.417217
XM_047422064.1	6442	6214.29	0	0
XM_047422065.1	6364	6136.29	0	0
XM_047422066.1	1559	1331.29	175.671	5.93838
XM_047422067.1	5736	5508.29	0	0
XM_047422068.1	9739	9511.29	6.0072	0.0284233
XM_047422069.1	5885	5657.29	0	0
XM_047422070.1	5882	5654.29	0	0
XM_047422071.1	5882	5654.29	0	0
XM_047422072.1	5786	5558.29	0	0
XM_047422073.1	4123	3895.29	0	0
XM_047422074.1	3473	3245.29	1.46848	0.0203637
XM_047422075.1	1072	844.293	0	0
XM_047422076.1	18764	18536.3	8.43765	0.0204852
XM_047422077.1	3536	3308.29	0.000528755	7.19272e-06
XM_047422078.1	3489	3261.29	0	0
XM_047422079.1	1330	1102.29	216.142	8.8244
XM_047422080.1	1349	1121.29	0	0
XM_047422081.1	2268	2040.29	0	0
XM_047422082.1	2190	1962.29	8.82974	0.202501
XM_047422083.1	2306	2078.29	0	0
XM_047422084.1	1216	988.293	0	0
XM_047422085.1	3939	3711.29	14.5934	0.176959
XM_047422086.1	3852	3624.29	0	0
XM_047422087.1	3268	3040.29	5.05973	0.0748952
XM_047422088.1	1950	1722.29	0	0
XM_047422089.1	2156	1928.29	0	0
XM_047422090.1	2140	1912.29	0	0
XM_047422091.1	3905	3677.29	0	0
XM_047422092.1	2317	2089.29	0	0
XM_047422093.1	2269	2041.29	0	0
XM_047422094.1	2254	2026.29	0	0
XM_047422095.1	2251	2023.29	0	0
XM_047422096.1	2197	1969.29	0	0
XM_047422097.1	2260	2032.29	0	0
XM_047422098.1	2724	2496.29	0	0
XM_047422099.1	619	393.338	0	0
XM_047422100.1	3956	3728.29	0	0
XM_047422101.1	4846	4618.29	7.66794	0.0747205
XM_047422102.1	3792	3564.29	4.37798	0.0552767
XM_047422103.1	2632	2404.29	15	0.280767
XM_047422104.1	3535	3307.29	435.412	5.92475
XM_047422105.1	6707	6479.29	59.0305	0.410007
XM_047422106.1	10426	10198.3	17.7125	0.0781617
XM_047422107.1	3239	3011.29	0	0
XM_047422108.1	6618	6390.29	0	0
XM_047422109.1	4233	4005.29	0	0
XM_047422110.1	2741	2513.29	0	0
XM_047422111.1	2318	2090.29	30.2382	0.651016
XM_047422112.1	2434	2206.29	2.00117	0.040819
XM_047422113.1	7624	7396.29	3.79029e-07	2.30622e-09
XM_047422114.1	7581	7353.29	0.00112297	6.8727e-06
XM_047422115.1	7609	7381.29	6.12958e-06	3.73715e-08
XM_047422116.1	7566	7338.29	0.0184587	0.000113201
XM_047422117.1	6492	6264.29	0	0
XM_047422118.1	3965	3737.29	0	0
XM_047422119.1	2503	2275.29	0	0
XM_047422120.1	3607	3379.29	0	0
XM_047422121.1	4486	4258.29	0	0
XM_047422122.1	3574	3346.29	0	0
XM_047422123.1	5986	5758.29	15.1549	0.118441
XM_047422124.1	3471	3243.29	0.753979	0.010462
XM_047422125.1	3417	3189.29	0	0
XM_047422126.1	4816	4588.29	0	0
XM_047422127.1	68377	68149.3	52.427	0.0346207
XM_047422128.1	3828	3600.29	0	0
XM_047422129.1	2189	1961.29	0	0
XM_047422130.1	1868	1640.29	0	0
XM_047422131.1	1688	1460.29	0	0
XM_047422132.1	5954	5726.29	86.2854	0.678119
XM_047422133.1	1940	1712.29	52.3125	1.37489
XM_047422134.1	4126	3898.29	0	0
XM_047422135.1	2738	2510.29	0	0
XM_047422136.1	3478	3250.29	0	0
XM_047422137.1	4943	4715.29	0	0
XM_047422138.1	7681	7453.29	0.0032095	1.9379e-05
XM_047422139.1	7645	7417.29	15.5952	0.0946212
XM_047422140.1	8675	8447.29	0.0730794	0.000389332
XM_047422141.1	8132	7904.29	0	0
XM_047422142.1	8096	7868.29	0	0
XM_047422143.1	7558	7330.29	1.15741	0.00710575
XM_047422144.1	8552	8324.29	13.1806	0.0712573
XM_047422145.1	8009	7781.29	0	0
XM_047422146.1	7346	7118.29	3.09094	0.0195415
XM_047422147.1	7449	7221.29	0	0
XM_047422148.1	7494	7266.29	0	0
XM_047422149.1	7272	7044.29	0	0
XM_047422150.1	7317	7089.29	0.0324766	0.000206162
XM_047422151.1	7254	7026.29	0	0
XM_047422152.1	4297	4069.29	0.195947	0.00216701
XM_047422153.1	3729	3501.29	35.6864	0.458687
XM_047422154.1	1617	1389.29	0	0
XM_047422155.1	1939	1711.29	24.5891	0.646637
XM_047422156.1	1964	1736.29	0	0
XM_047422157.1	2129	1901.29	36.7292	0.86937
XM_047422158.1	2196	1968.29	13.0371	0.29808
XM_047422159.1	2248	2020.29	0.662415	0.0147556
XM_047422160.1	2245	2017.29	5.08092	0.113349
XM_047422161.1	2131	1903.29	5.04471	0.119281
XM_047422162.1	2078	1850.29	22.823	0.555105
XM_047422163.1	2103	1875.29	0	0
XM_047422164.1	1992	1764.29	0	0
XM_047422166.1	8199	7971.29	0	0
XM_047422167.1	5348	5120.29	0	0
XM_047422168.1	5132	4904.29	0	0
XM_047422169.1	5045	4817.29	88.8471	0.830009
XM_047422170.1	5403	5175.29	0.000941588	8.18782e-06
XM_047422171.1	5283	5055.29	0.000381503	3.39621e-06
XM_047422172.1	5377	5149.29	0	0
XM_047422173.1	5401	5173.29	0	0
XM_047422174.1	5281	5053.29	7.57957e-05	6.75013e-07
XM_047422175.1	5296	5068.29	0.00131901	1.17119e-05
XM_047422176.1	5376	5148.29	15.3607	0.134273
XM_047422177.1	5256	5028.29	7.93386	0.0710078
XM_047422178.1	5350	5122.29	0	0
XM_047422179.1	5389	5161.29	48.8503	0.425943
XM_047422180.1	5269	5041.29	26.281	0.234608
XM_047422181.1	5229	5001.29	0.00741582	6.67297e-05
XM_047422182.1	5322	5094.29	293.747	2.59496
XM_047422183.1	5202	4974.29	165.377	1.49619
XM_047422184.1	5320	5092.29	0	0
XM_047422185.1	5296	5068.29	0	0
XM_047422186.1	4867	4639.29	8.97501	0.0870613
XM_047422187.1	5456	5228.29	26.1529	0.225114
XM_047422188.1	5381	5153.29	15.8648	0.138545
XM_047422189.1	5160	4932.29	0.000413693	3.7746e-06
XM_047422190.1	5040	4812.29	0.000154946	1.44901e-06
XM_047422191.1	5133	4905.29	11.0879	0.101724
XM_047422192.1	5131	4903.29	0	0
XM_047422193.1	5013	4785.29	5.4345	0.0511085
XM_047422194.1	4263	4035.29	25.3169	0.282344
XM_047422195.1	3825	3597.29	0	0
XM_047422196.1	3798	3570.29	0	0
XM_047422197.1	3588	3360.29	16.2142	0.21715
XM_047422198.1	3733	3505.29	91.6256	1.17635
XM_047422199.1	3665	3437.29	8.61628e-07	1.12809e-08
XM_047422202.1	2121	1893.29	0	0
XM_047422203.1	2031	1803.29	0	0
XM_047422204.1	2790	2562.29	8.48395e-06	1.49009e-07
XM_047422205.1	3093	2865.29	0	0
XM_047422206.1	2592	2364.29	32.2094	0.613089
XM_047422207.1	2149	1921.29	0	0
XM_047422209.1	2165	1937.29	0	0
XM_047422210.1	2136	1908.29	0	0
XM_047422212.1	2059	1831.29	0	0
XM_047422213.1	1989	1761.29	27.1996	0.694981
XM_047422214.1	1760	1532.29	17.551	0.515468
XM_047422215.1	1872	1644.29	7.08516	0.193916
XM_047422216.1	1501	1273.29	23.4079	0.827325
XM_047422217.1	1662	1434.29	4.94422	0.155132
XM_047422218.1	3678	3450.29	45.1701	0.589166
XM_047422219.1	3822	3594.29	0.0102623	0.000128491
XM_047422220.1	3847	3619.29	0	0
XM_047422221.1	3813	3585.29	0	0
XM_047422222.1	3747	3519.29	0	0
XM_047422223.1	3700	3472.29	0	0
XM_047422224.1	3750	3522.29	18.592	0.237544
XM_047422225.1	5500	5272.29	0	0
XM_047422226.1	3603	3375.29	11.9397	0.159193
XM_047422227.1	3747	3519.29	0.00237559	3.03779e-05
XM_047422228.1	3744	3516.29	0	0
XM_047422229.1	3620	3392.29	0	0
XM_047422230.1	1957	1729.29	0	0
XM_047422231.1	2297	2069.29	0	0
XM_047422232.1	1974	1746.29	0	0
XM_047422233.1	2616	2388.29	253.718	4.78086
XM_047422234.1	7807	7579.29	48.7833	0.289658
XM_047422235.1	5615	5387.29	40.4032	0.337511
XM_047422236.1	2640	2412.29	0	0
XM_047422237.1	2648	2420.29	0	0
XM_047422238.1	2166	1938.29	0	0
XM_047422239.1	2038	1810.29	0	0
XM_047422243.1	743	515.753	37.5131	3.27329
XM_047422244.1	4766	4538.29	0	0
XM_047422245.1	4712	4484.29	0	0
XM_047422246.1	4700	4472.29	8.22853e-08	8.28007e-10
XM_047422247.1	3997	3769.29	25.4554	0.303922
XM_047422248.1	1568	1340.29	7.83209e-07	2.62978e-08
XM_047422249.1	4646	4418.29	0	0
XM_047422250.1	3752	3524.29	35.5721	0.454234
XM_047422251.1	5428	5200.29	13.5251	0.117045
XM_047422252.1	4565	4337.29	0	0
XM_047422253.1	4726	4498.29	0	0
XM_047422254.1	4684	4456.29	0	0
XM_047422255.1	4466	4238.29	0	0
XM_047422256.1	4579	4351.29	37.1681	0.384409
XM_047422257.1	4573	4345.29	0	0
XM_047422258.1	3335	3107.29	20.2763	0.293662
XM_047422259.1	4187	3959.29	46.4201	0.527632
XM_047422260.1	4115	3887.29	0	0
XM_047422261.1	4034	3806.29	0	0
XM_047422262.1	4952	4724.29	0	0
XM_047422263.1	2196	1968.29	24.7036	0.564823
XM_047422264.1	3348	3120.29	0	0
XM_047422265.1	3257	3029.29	61.8149	0.91832
XM_047422266.1	2160	1932.29	0.860981	0.0200522
XM_047422267.1	10412	10184.3	2.11327	0.00933827
XM_047422268.1	3861	3633.29	0	0
XM_047422269.1	2926	2698.29	0	0
XM_047422270.1	2851	2623.29	0	0
XM_047422271.1	2879	2651.29	0	0
XM_047422272.1	3048	2820.29	0	0
XM_047422273.1	2898	2670.29	0	0
XM_047422274.1	2883	2655.29	0	0
XM_047422275.1	2902	2674.29	0	0
XM_047422276.1	2736	2508.29	0	0
XM_047422277.1	1674	1446.29	14.9817	0.466172
XM_047422278.1	4785	4557.29	0	0
XM_047422279.1	3814	3586.29	0	0
XM_047422280.1	4642	4414.29	0	0
XM_047422281.1	3552	3324.29	0	0
XM_047422282.1	3523	3295.29	0	0
XM_047422283.1	1718	1490.29	0	0
XM_047422284.1	691	464.041	52.7244	5.11325
XM_047422285.1	1587	1359.29	8.31078	0.275151
XM_047422286.1	468	250.385	0	0
XM_047422287.1	1573	1345.29	0	0
XM_047422288.1	540	317.191	2.37601	0.337109
XM_047422289.1	1425	1197.29	37.8652	1.42325
XM_047422290.1	1190	962.293	130.402	6.09842
XM_047422291.1	16083	15855.3	0	0
XM_047422292.1	16621	16393.3	4.00005	0.010981
XM_047422293.1	16184	15956.3	0	0
XM_047422294.1	4020	3792.29	0	0
XM_047422295.1	3478	3250.29	154.097	2.1336
XM_047422296.1	3854	3626.29	0	0
XM_047422297.1	3827	3599.29	32.8017	0.410129
XM_047422298.1	2926	2698.29	0	0
XM_047422299.1	3201	2973.29	23.2692	0.352198
XM_047422300.1	1096	868.293	0	0
XM_047422301.1	1097	869.293	0	0
XM_047422302.1	894	666.361	0	0
XM_047422303.1	3639	3411.29	87.5308	1.15474
XM_047422304.1	3595	3367.29	43.8692	0.586302
XM_047422305.1	3659	3431.29	27.744	0.363877
XM_047422306.1	3606	3378.29	0	0
XM_047422307.1	3603	3375.29	2.88186e-08	3.84241e-10
XM_047422308.1	3532	3304.29	0	0
XM_047422309.1	3981	3753.29	0	0
XM_047422310.1	1708	1480.29	45.5411	1.38452
XM_047422311.1	3575	3347.29	0	0
XM_047422312.1	3695	3467.29	0	0
XM_047422313.1	3639	3411.29	0	0
XM_047422314.1	3646	3418.29	58.8633	0.774957
XM_047422315.1	3896	3668.29	0	0
XM_047422316.1	3984	3756.29	0	0
XM_047422317.1	3639	3411.29	0	0
XM_047422318.1	3519	3291.29	0	0
XM_047422319.1	3622	3394.29	14.3341	0.190049
XM_047422320.1	3477	3249.29	31.5108	0.436428
XM_047422321.1	914	686.293	1.10435	0.0724165
XM_047422322.1	1195	967.293	386.455	17.9797
XM_047422323.1	811	583.487	3.06753	0.236592
XM_047422324.1	1192	964.293	441.832	20.6201
XM_047422325.1	2506	2278.29	5.62045	0.111021
XM_047422326.1	13102	12874.3	192.943	0.674447
XM_047422327.1	4073	3845.29	0	0
XM_047422328.1	3066	2838.29	0	0
XM_047422329.1	5225	4997.29	15.2114	0.136986
XM_047422330.1	3722	3494.29	12.2248	0.157443
XM_047422331.1	3086	2858.29	4.9506	0.0779459
XM_047422332.1	3112	2884.29	2.55566	0.0398755
XM_047422333.1	5187	4959.29	1.54408	0.0140118
XM_047422334.1	3183	2955.29	0.179236	0.0027294
XM_047422335.1	3160	2932.29	0	0
XM_047422336.1	3143	2915.29	2.24403	0.0346408
XM_047422337.1	3217	2989.29	0	0
XM_047422338.1	3186	2958.29	0.439611	0.00668759
XM_047422339.1	2838	2610.29	0	0
XM_047422340.1	2970	2742.29	0	0
XM_047422341.1	3044	2816.29	0	0
XM_047422342.1	3027	2799.29	0	0
XM_047422343.1	2964	2736.29	21.9444	0.360914
XM_047422344.1	2145	1917.29	0.0128277	0.000301093
XM_047422345.1	2995	2767.29	0	0
XM_047422346.1	2616	2388.29	0	0
XM_047422347.1	2748	2520.29	8.52402	0.152207
XM_047422348.1	2774	2546.29	4.1389	0.0731507
XM_047422349.1	2805	2577.29	3.5922	0.0627248
XM_047422350.1	2845	2617.29	0.223375	0.00384083
XM_047422351.1	2822	2594.29	0	0
XM_047422352.1	2500	2272.29	0	0
XM_047422353.1	2177	1949.29	0.0816572	0.00188521
XM_047422354.1	4194	3966.29	0	0
XM_047422355.1	6112	5884.29	70.6549	0.540369
XM_047422356.1	4113	3885.29	0	0
XM_047422357.1	4839	4611.29	57.2778	0.558992
XM_047422358.1	4085	3857.29	0	0
XM_047422359.1	4188	3960.29	0	0
XM_047422360.1	5275	5047.29	0	0
XM_047422361.1	713	485.852	3.70221	0.342926
XM_047422362.1	3846	3618.29	0	0
XM_047422363.1	2061	1833.29	44.55	1.0936
XM_047422364.1	3663	3435.29	0	0
XM_047422365.1	3540	3312.29	0	0
XM_047422366.1	5185	4957.29	40.5792	0.368385
XM_047422367.1	3457	3229.29	0	0
XM_047422368.1	3334	3106.29	0	0
XM_047422369.1	2151	1923.29	13.1765	0.308316
XM_047422370.1	2633	2405.29	0	0
XM_047422371.1	5181	4953.29	65.102	0.591484
XM_047422372.1	2144	1916.29	0.0410318	0.000963608
XM_047422373.1	12860	12632.3	2.44768	0.00871996
XM_047422374.1	5747	5519.29	7.04247	0.0574227
XM_047422375.1	5382	5154.29	2.74906e-08	2.40025e-10
XM_047422376.1	9153	8925.29	5.03137e-05	2.53692e-07
XM_047422377.1	3620	3392.29	0	0
XM_047422378.1	3952	3724.29	0	0
XM_047422379.1	4251	4023.29	98.4118	1.1008
XM_047422380.1	4860	4632.29	6.28687	0.0610774
XM_047422381.1	4931	4703.29	0	0
XM_047422382.1	4912	4684.29	0	0
XM_047422383.1	4504	4276.29	0	0
XM_047422384.1	4135	3907.29	0.292087	0.00336418
XM_047422385.1	4278	4050.29	0	0
XM_047422386.1	4123	3895.29	19.8135	0.228909
XM_047422387.1	3321	3093.29	0	0
XM_047422388.1	3459	3231.29	24.304	0.338488
XM_047422389.1	3313	3085.29	0	0
XM_047422390.1	1865	1637.29	408.192	11.2197
XM_047422391.1	7325	7097.29	0.00485539	3.07874e-05
XM_047422392.1	4663	4435.29	0	0
XM_047422393.1	4977	4749.29	125.302	1.18733
XM_047422394.1	5298	5070.29	0	0
XM_047422395.1	4767	4539.29	2.07423e-06	2.05642e-08
XM_047422396.1	2262	2034.29	0	0
XM_047422397.1	2745	2517.29	6.57648	0.117571
XM_047422398.1	2211	1983.29	0.173008	0.00392575
XM_047422399.1	2093	1865.29	1.3087	0.0315745
XM_047422400.1	3690	3462.29	0	0
XM_047422401.1	3812	3584.29	22.9749	0.288465
XM_047422402.1	2159	1931.29	10.0279	0.233671
XM_047422403.1	1282	1054.29	0	0
XM_047422404.1	1335	1107.29	13.9167	0.565609
XM_047422405.1	3282	3054.29	208.645	3.07425
XM_047422406.1	3416	3188.29	14.3726	0.202871
XM_047422407.1	5219	4991.29	0	0
XM_047422408.1	1420	1192.29	2.62079	0.0989217
XM_047422409.1	4025	3797.29	0.000847958	1.00495e-05
XM_047422410.1	3707	3479.29	0	0
XM_047422411.1	2774	2546.29	13.1657	0.23269
XM_047422412.1	2356	2128.29	0	0
XM_047422413.1	2387	2159.29	8.04467	0.167664
XM_047422414.1	3294	3066.29	0	0
XM_047422415.1	1457	1229.29	0	0
XM_047422416.1	3349	3121.29	0	0
XM_047422417.1	2586	2358.29	0	0
XM_047422418.1	7455	7227.29	5.53897	0.0344902
XM_047422419.1	3807	3579.29	0	0
XM_047422420.1	19855	19627.3	0	0
XM_047422421.1	19666	19438.3	0	0
XM_047422422.1	16966	16738.3	0	0
XM_047422423.1	3069	2841.29	2.34677	0.0371703
XM_047422424.1	3428	3200.29	5.6461	0.0793965
XM_047422425.1	3326	3098.29	5.85095	0.0849858
XM_047422426.1	3284	3056.29	0	0
XM_047422427.1	2992	2764.29	0	0
XM_047422428.1	3148	2920.29	0	0
XM_047422429.1	2941	2713.29	0	0
XM_047422430.1	3191	2963.29	0	0
XM_047422431.1	2899	2671.29	0	0
XM_047422432.1	3089	2861.29	0	0
XM_047422433.1	2953	2725.29	0	0
XM_047422434.1	2431	2203.29	12.4912	0.255138
XM_047422435.1	2109	1881.29	11.0758	0.264949
XM_047422436.1	2145	1917.29	0	0
XM_047422438.1	3798	3570.29	3.9202	0.0494136
XM_047422440.1	3696	3468.29	0.369552	0.00479515
XM_047422441.1	3464	3236.29	19.3444	0.268999
XM_047422443.1	3291	3063.29	0	0
XM_047422444.1	3149	2921.29	18.5703	0.286079
XM_047422448.1	2333	2105.29	0	0
XM_047422449.1	5375	5147.29	410.922	3.59272
XM_047422450.1	5612	5384.29	0	0
XM_047422451.1	5340	5112.29	12.668	0.111515
XM_047422452.1	5618	5390.29	0	0
XM_047422453.1	5587	5359.29	40.6953	0.341727
XM_047422454.1	5495	5267.29	0	0
XM_047422455.1	5531	5303.29	245.448	2.08284
XM_047422456.1	5480	5252.29	0	0
XM_047422457.1	5530	5302.29	0	0
XM_047422458.1	5447	5219.29	132.231	1.14015
XM_047422459.1	5411	5183.29	0.209473	0.00181871
XM_047422460.1	6388	6160.29	0	0
XM_047422461.1	6639	6411.29	0	0
XM_047422462.1	4627	4399.29	93.3801	0.955242
XM_047422463.1	10427	10199.3	10.9229	0.0481961
XM_047422464.1	2563	2335.29	0	0
XM_047422466.1	3176	2948.29	10.912	0.166561
XM_047422467.1	970	742.293	0	0
XM_047422468.1	9636	9408.29	0	0
XM_047422469.1	9594	9366.29	0	0
XM_047422470.1	9552	9324.29	0.0188884	9.11635e-05
XM_047422471.1	9537	9309.29	1.28154e-06	6.19523e-09
XM_047422472.1	9504	9276.29	22.3475	0.108417
XM_047422473.1	9495	9267.29	0	0
XM_047422474.1	9462	9234.29	0	0
XM_047422475.1	9411	9183.29	1.10247e-06	5.40268e-09
XM_047422476.1	9396	9168.29	0	0
XM_047422477.1	9363	9135.29	0.00145447	7.16516e-06
XM_047422478.1	9330	9102.29	0	0
XM_047422479.1	9324	9096.29	0	0
XM_047422480.1	9252	9024.29	0	0
XM_047422481.1	9111	8883.29	0	0
XM_047422482.1	9069	8841.29	0	0
XM_047422483.1	8694	8466.29	0	0
XM_047422484.1	6021	5793.29	0	0
XM_047422485.1	5744	5516.29	0	0
XM_047422486.1	5900	5672.29	0	0
XM_047422487.1	5434	5206.29	0	0
XM_047422488.1	7825	7597.29	4.59041	0.0271916
XM_047422489.1	3524	3296.29	0	0
XM_047422490.1	4940	4712.29	0	0
XM_047422491.1	4609	4381.29	0	0
XM_047422492.1	4808	4580.29	0	0
XM_047422493.1	4745	4517.29	0	0
XM_047422494.1	6665	6437.29	0	0
XM_047422495.1	6885	6657.29	0	0
XM_047422496.1	6948	6720.29	43.5323	0.291518
XM_047422497.1	4561	4333.29	24.0302	0.249563
XM_047422498.1	4645	4417.29	0	0
XM_047422499.1	5775	5547.29	41.7766	0.338918
XM_047422500.1	4136	3908.29	0	0
XM_047422501.1	3854	3626.29	100.378	1.24571
XM_047422502.1	4534	4306.29	45.6888	0.477473
XM_047422503.1	4737	4509.29	0.48802	0.00487047
XM_047422504.1	852	624.427	0	0
XM_047422505.1	2722	2494.29	44.7628	0.80763
XM_047422506.1	2890	2662.29	3	0.0507116
XM_047422507.1	1354	1126.29	0.5	0.0199784
XM_047422508.1	1589	1361.29	60.197	1.99006
XM_047422509.1	2609	2381.29	0	0
XM_047422510.1	2497	2269.29	0	0
XM_047422511.1	13202	12974.3	3.0335	0.0105221
XM_047422512.1	8387	8159.29	10.786	0.0594911
XM_047422513.1	1783	1555.29	2.03119	0.0587734
XM_047422514.1	1661	1433.29	13.8078	0.433541
XM_047422515.1	1501	1273.29	36.9993	1.3077
XM_047422516.1	3990	3762.29	0	0
XM_047422517.1	3240	3012.29	1.00011	0.0149414
XM_047422518.1	5460	5232.29	0	0
XM_047422519.1	2077	1849.29	12.2337	0.297711
XM_047422520.1	2719	2491.29	6.21155	0.112206
XM_047422521.1	1859	1631.29	0	0
XM_047422522.1	5750	5522.29	0.892506	0.00727334
XM_047422523.1	6554	6326.29	52.5824	0.374053
XM_047422524.1	5734	5506.29	47.6702	0.38961
XM_047422525.1	1300	1072.29	0	0
XM_047422526.1	1319	1091.29	0	0
XM_047422527.1	3899	3671.29	0	0
XM_047422528.1	3916	3688.29	18.7186	0.228397
XM_047422529.1	2390	2162.29	0	0
XM_047422530.1	2947	2719.29	9.38728	0.155355
XM_047422531.1	5747	5519.29	0	0
XM_047422532.1	3908	3680.29	168.633	2.06206
XM_047422533.1	4491	4263.29	1.2624	0.0133258
XM_047422534.1	658	431.717	1.8778	0.195746
XM_047422535.1	2450	2222.29	0	0
XM_047422536.1	2028	1800.29	0	0
XM_047422537.1	882	654.427	0	0
XM_047422538.1	1002	774.293	3	0.174364
XM_047422539.1	831	603.427	12.9805	0.968078
XM_047422540.1	1527	1299.29	0	0
XM_047422541.1	685	458.134	0	0
XM_047422542.1	5846	5618.29	6.76905	0.0542208
XM_047422543.1	2000	1772.29	6.34403	0.161091
XM_047422544.1	2000	1772.29	7.36335	0.186974
XM_047422545.1	2109	1881.29	33.7308	0.806886
XM_047422546.1	1871	1643.29	0	0
XM_047422547.1	7082	6854.29	0	0
XM_047422548.1	7217	6989.29	0	0
XM_047422549.1	4418	4190.29	0.320907	0.00344649
XM_047422550.1	6021	5793.29	52.6425	0.408934
XM_047422551.1	5592	5364.29	0	0
XM_047422552.1	5575	5347.29	0	0
XM_047422553.1	5510	5282.29	0	0
XM_047422554.1	5588	5360.29	1.45689e-08	1.22315e-10
XM_047422555.1	5768	5540.29	0	0
XM_047422556.1	6197	5969.29	2.8784	0.0217005
XM_047422557.1	5933	5705.29	0	0
XM_047422558.1	6354	6126.29	0	0
XM_047422559.1	5501	5273.29	25.18	0.21489
XM_047422560.1	5335	5107.29	44.9216	0.395828
XM_047422561.1	5589	5361.29	0	0
XM_047422562.1	5572	5344.29	0	0
XM_047422563.1	6018	5790.29	3.38641	0.0263197
XM_047422564.1	5585	5357.29	0	0
XM_047422565.1	5304	5076.29	0	0
XM_047422566.1	5431	5203.29	5.52607e-05	4.77948e-07
XM_047422567.1	6081	5853.29	0	0
XM_047422568.1	5501	5273.29	0	0
XM_047422569.1	5220	4992.29	0	0
XM_047422570.1	5428	5200.29	2.62055e-06	2.26781e-08
XM_047422571.1	5322	5094.29	0	0
XM_047422572.1	5931	5703.29	6.51301e-07	5.13923e-09
XM_047422573.1	5498	5270.29	0	0
XM_047422574.1	5268	5040.29	0	0
XM_047422575.1	5374	5146.29	0	0
XM_047422576.1	5431	5203.29	0	0
XM_047422577.1	5163	4935.29	0	0
XM_047422578.1	5265	5037.29	0	0
XM_047422579.1	5600	5372.29	357.555	2.9952
XM_047422580.1	2949	2721.29	0	0
XM_047422581.1	1587	1359.29	0	0
XM_047422582.1	1188	960.293	0	0
XM_047422583.1	1080	852.293	3.20571	0.169269
XM_047422584.1	1077	849.293	0	0
XM_047422585.1	6270	6042.29	399.904	2.97849
XM_047422586.1	6858	6630.29	2724.22	18.4907
XM_047422587.1	978	750.293	0	0
XM_047422588.1	893	665.361	0	0
XM_047422589.1	2168	1940.29	20.2572	0.469846
XM_047422590.1	2638	2410.29	0	0
XM_047422591.1	3126	2898.29	0	0
XM_047422592.1	3237	3009.29	0	0
XM_047422593.1	1108	880.293	0	0
XM_047422594.1	1112	884.293	0	0
XM_047422595.1	916	688.293	0	0
XM_047422596.1	1336	1108.29	0	0
XM_047422597.1	886	658.427	12.0545	0.823915
XM_047422598.1	1038	810.293	0	0
XM_047422599.1	1757	1529.29	30.3162	0.892127
XM_047422600.1	7303	7075.29	0	0
XM_047422601.1	7300	7072.29	0	0
XM_047422602.1	6335	6107.29	1.1791	0.00868851
XM_047422603.1	6278	6050.29	78.7452	0.58572
XM_047422604.1	6275	6047.29	19.8809	0.147951
XM_047422605.1	5357	5129.29	20.4792	0.179679
XM_047422606.1	4776	4548.29	0	0
XM_047422607.1	4625	4397.29	1.41883e-08	1.45207e-10
XM_047422608.1	2336	2108.29	0	0
XM_047422609.1	4890	4662.29	0	0
XM_047422610.1	6271	6043.29	0	0
XM_047422611.1	5571	5343.29	0	0
XM_047422612.1	6308	6080.29	0	0
XM_047422613.1	6233	6005.29	0	0
XM_047422614.1	4713	4485.29	0	0
XM_047422615.1	4443	4215.29	0	0
XM_047422616.1	2217	1989.29	0	0
XM_047422617.1	4815	4587.29	0	0
XM_047422618.1	7724	7496.29	0	0
XM_047422619.1	4495	4267.29	0	0
XM_047422620.1	4793	4565.29	0	0
XM_047422621.1	4448	4220.29	0	0
XM_047422622.1	4385	4157.29	0	0
XM_047422623.1	4628	4400.29	0	0
XM_047422624.1	4487	4259.29	0	0
XM_047422625.1	4355	4127.29	0	0
XM_047422626.1	4280	4052.29	0	0
XM_047422627.1	4336	4108.29	0	0
XM_047422628.1	4217	3989.29	0	0
XM_047422629.1	2440	2212.29	0	0
XM_047422630.1	6917	6689.29	0	0
XM_047422631.1	6691	6463.29	2.13596e-06	1.48724e-08
XM_047422632.1	6628	6400.29	1.45148	0.010206
XM_047422633.1	6594	6366.29	0	0
XM_047422634.1	6752	6524.29	0	0
XM_047422635.1	2588	2360.29	0	0
XM_047422636.1	1383	1155.29	26.7676	1.0427
XM_047422637.1	2542	2314.29	0	0
XM_047422638.1	2642	2414.29	0	0
XM_047422639.1	8720	8492.29	150.932	0.799832
XM_047422640.1	2758	2530.29	0.233585	0.00415448
XM_047422641.1	1877	1649.29	0	0
XM_047422642.1	1908	1680.29	0	0
XM_047422643.1	2063	1835.29	2.80798	0.0688542
XM_047422644.1	11299	11071.3	0	0
XM_047422645.1	2111	1883.29	0	0
XM_047422646.1	5788	5560.29	0.000568623	4.60224e-06
XM_047422647.1	5846	5618.29	2.54245e-05	2.03653e-07
XM_047422648.1	5655	5427.29	271.481	2.25112
XM_047422649.1	5476	5248.29	0	0
XM_047422650.1	907	679.293	63.1015	4.18046
XM_047422651.1	3692	3464.29	14.3125	0.185927
XM_047422652.1	3797	3569.29	30.106	0.379588
XM_047422653.1	3434	3206.29	13.2903	0.18654
XM_047422654.1	3730	3502.29	36.9662	0.475001
XM_047422655.1	2295	2067.29	48.1142	1.0474
XM_047422656.1	2214	1986.29	11.5995	0.262808
XM_047422657.1	2145	1917.29	93.3809	2.19186
XM_047422658.1	1506	1278.29	0	0
XM_047422659.1	3199	2971.29	7.06862	0.107061
XM_047422660.1	903	675.361	1.35141	0.0900522
XM_047422661.1	1630	1402.29	56.9835	1.82874
XM_047422662.1	2006	1778.29	66.3396	1.67885
XM_047422663.1	1618	1390.29	60.548	1.95991
XM_047422664.1	2996	2768.29	0	0
XM_047422667.1	7821	7593.29	0	0
XM_047422668.1	7648	7420.29	0	0
XM_047422669.1	7776	7548.29	0	0
XM_047422670.1	7746	7518.29	0	0
XM_047422671.1	7707	7479.29	0	0
XM_047422672.1	7516	7288.29	58.5873	0.36176
XM_047422673.1	7662	7434.29	0	0
XM_047422674.1	7644	7416.29	0	0
XM_047422675.1	7644	7416.29	6.31649e-08	3.83293e-10
XM_047422676.1	7471	7243.29	1.63558e-07	1.0162e-09
XM_047422677.1	7644	7416.29	0	0
XM_047422678.1	7635	7407.29	0	0
XM_047422679.1	7414	7186.29	0	0
XM_047422680.1	7396	7168.29	0	0
XM_047422681.1	7569	7341.29	0	0
XM_047422682.1	7546	7318.29	0	0
XM_047422683.1	7521	7293.29	0	0
XM_047422684.1	7339	7111.29	0	0
XM_047422685.1	7471	7243.29	0	0
XM_047422686.1	7405	7177.29	0	0
XM_047422687.1	7512	7284.29	0	0
XM_047422688.1	7103	6875.29	0	0
XM_047422689.1	7330	7102.29	0	0
XM_047422690.1	7383	7155.29	0	0
XM_047422691.1	5640	5412.29	7.48458	0.0622341
XM_047422692.1	5686	5458.29	0	0
XM_047422693.1	5434	5206.29	0	0
XM_047422694.1	5554	5326.29	0.337689	0.00285321
XM_047422695.1	4961	4733.29	0	0
XM_047422696.1	3053	2825.29	0	0
XM_047422697.1	947	719.293	1.05045	0.0657223
XM_047422698.1	7326	7098.29	77.8044	0.493279
XM_047422699.1	4474	4246.29	13.5638	0.143752
XM_047422700.1	2234	2006.29	0	0
XM_047422701.1	2759	2531.29	94.1091	1.67314
XM_047422702.1	1787	1559.29	131.148	3.7851
XM_047422703.1	1842	1614.29	331.963	9.25443
XM_047422704.1	2627	2399.29	193.768	3.63447
XM_047422705.1	1451	1223.29	5.93888	0.218482
XM_047422706.1	966	738.293	0	0
XM_047422707.1	940	712.293	11.5937	0.732498
XM_047422708.1	962	734.293	0	0
XM_047422709.1	2247	2019.29	0	0
XM_047422710.1	2227	1999.29	0	0
XM_047422711.1	1607	1379.29	1	0.0326276
XM_047422712.1	6525	6297.29	0	0
XM_047422713.1	6522	6294.29	33.0185	0.236076
XM_047422714.1	6450	6222.29	0	0
XM_047422715.1	6447	6219.29	0	0
XM_047422716.1	4793	4565.29	0	0
XM_047422717.1	9405	9177.29	0	0
XM_047422718.1	9387	9159.29	0.0101514	4.98779e-05
XM_047422719.1	9384	9156.29	36.1536	0.177694
XM_047422720.1	9372	9144.29	0	0
XM_047422721.1	9369	9141.29	0	0
XM_047422722.1	9336	9108.29	0	0
XM_047422723.1	9327	9099.29	0.0721334	0.000356756
XM_047422724.1	9309	9081.29	0	0
XM_047422725.1	9291	9063.29	3.97257e-07	1.97255e-09
XM_047422726.1	9288	9060.29	0.00161351	8.01441e-06
XM_047422727.1	9276	9048.29	0	0
XM_047422728.1	9273	9045.29	0	0
XM_047422729.1	9231	9003.29	8.04642	0.0402202
XM_047422730.1	9228	9000.29	1.88307	0.00941567
XM_047422731.1	9189	8961.29	55.0186	0.2763
XM_047422732.1	9183	8955.29	0.0138945	6.98239e-05
XM_047422733.1	9165	8937.29	0.179625	0.000904489
XM_047422734.1	9132	8904.29	91.9034	0.464488
XM_047422735.1	9129	8901.29	1.22476	0.00619213
XM_047422736.1	9093	8865.29	0.00200057	1.01555e-05
XM_047422737.1	9087	8859.29	200.451	1.01824
XM_047422738.1	9087	8859.29	2.06063e-08	1.04675e-10
XM_047422739.1	9072	8844.29	45.1422	0.229701
XM_047422740.1	9069	8841.29	0.0679791	0.000346021
XM_047422741.1	9051	8823.29	1.07509	0.00548346
XM_047422742.1	9048	8820.29	153.54	0.783397
XM_047422743.1	9036	8808.29	9.27329e-06	4.73788e-08
XM_047422744.1	9033	8805.29	210.691	1.07682
XM_047422745.1	9027	8799.29	12.4336	0.0635906
XM_047422746.1	9024	8796.29	71.6455	0.366549
XM_047422747.1	6436	6208.29	160.584	1.16405
XM_047422748.1	2379	2151.29	71.8337	1.5027
XM_047422749.1	2524	2296.29	717.877	14.0691
XM_047422750.1	6504	6276.29	0.829923	0.00595082
XM_047422751.1	6660	6432.29	47.0132	0.328924
XM_047422752.1	1236	1008.29	6.60007e-05	2.9458e-06
XM_047422753.1	2689	2461.29	0	0
XM_047422754.1	1097	869.293	0	0
XM_047422755.1	2269	2041.29	0	0
XM_047422756.1	2250	2022.29	0	0
XM_047422757.1	2335	2107.29	0	0
XM_047422758.1	2074	1846.29	0	0
XM_047422761.1	2708	2480.29	0	0
XM_047422762.1	4721	4493.29	0	0
XM_047422763.1	3478	3250.29	0	0
XM_047422764.1	3553	3325.29	0	0
XM_047422765.1	3200	2972.29	0	0
XM_047422766.1	1836	1608.29	7.64694	0.213976
XM_047422767.1	482	263.537	0	0
XM_047422768.1	479	260.887	4.54045	0.783229
XM_047422769.1	2867	2639.29	7.04461	0.120119
XM_047422770.1	2928	2700.29	0	0
XM_047422771.1	2872	2644.29	0	0
XM_047422772.1	2751	2523.29	31.5903	0.563414
XM_047422773.1	2821	2593.29	11.9703	0.207728
XM_047422774.1	1491	1263.29	0	0
XM_047422775.1	1379	1151.29	11.6415	0.455057
XM_047422776.1	2229	2001.29	0.00041168	9.25744e-06
XM_047422777.1	5139	4911.29	0	0
XM_047422778.1	5055	4827.29	32.9407	0.307094
XM_047422779.1	1692	1464.29	13.3915	0.41157
XM_047422780.1	3227	2999.29	0	0
XM_047422781.1	4316	4088.29	3.78909	0.0417096
XM_047422782.1	3185	2957.29	0	0
XM_047422783.1	638	412.014	25.7834	2.81624
XM_047422784.1	596	370.951	15.5103	1.88168
XM_047422785.1	2295	2067.29	0	0
XM_047422786.1	2330	2102.29	0	0
XM_047422787.1	2146	1918.29	0	0
XM_047422788.1	2057	1829.29	0	0
XM_047422789.1	2054	1826.29	0	0
XM_047422790.1	2149	1921.29	0	0
XM_047422791.1	2921	2693.29	0	0
XM_047422792.1	2538	2310.29	0	0
XM_047422793.1	2358	2130.29	8.84469	0.186847
XM_047422794.1	5321	5093.29	68.0617	0.601376
XM_047422795.1	5219	4991.29	62.3595	0.562253
XM_047422796.1	5171	4943.29	104.393	0.950381
XM_047422797.1	4959	4731.29	0	0
XM_047422798.1	4942	4714.29	0	0
XM_047422799.1	5145	4917.29	0	0
XM_047422800.1	5143	4915.29	0	0
XM_047422801.1	5068	4840.29	0.000443467	4.12318e-06
XM_047422802.1	4847	4619.29	48.2123	0.469704
XM_047422803.1	4875	4647.29	122.654	1.18775
XM_047422804.1	4993	4765.29	22.6011	0.213443
XM_047422805.1	4895	4667.29	1.25411e-07	1.20924e-09
XM_047422806.1	4903	4675.29	0	0
XM_047422807.1	475	257.02	2.53827	0.44444
XM_047422808.1	7755	7527.29	216.906	1.29681
XM_047422810.1	14343	14115.3	0	0
XM_047422811.1	13873	13645.3	0	0
XM_047422812.1	14309	14081.3	0	0
XM_047422813.1	13816	13588.3	0	0
XM_047422814.1	14270	14042.3	0	0
XM_047422815.1	13800	13572.3	0	0
XM_047422816.1	31472	31244.3	33.0805	0.0476479
XM_047422817.1	13804	13576.3	0	0
XM_047422818.1	13723	13495.3	0	0
XM_047422819.1	4893	4665.29	0	0
XM_047422820.1	6256	6028.29	0	0
XM_047422821.1	3491	3263.29	0	0
XM_047422822.1	1126	898.293	0.0347134	0.00173909
XM_047422823.1	5875	5647.29	13.9831	0.111431
XM_047422824.1	6010	5782.29	0	0
XM_047422825.1	8630	8402.29	0	0
XM_047422826.1	5988	5760.29	6	0.0468758
XM_047422827.1	5068	4840.29	0	0
XM_047422828.1	10393	10165.3	0	0
XM_047422829.1	10304	10076.3	0	0
XM_047422830.1	6187	5959.29	116.169	0.877277
XM_047422831.1	1496	1268.29	57.7313	2.04849
XM_047422832.1	4142	3914.29	136.612	1.57064
XM_047422833.1	1546	1318.29	0	0
XM_047422834.1	3085	2857.29	27.5969	0.434659
XM_047422835.1	2454	2226.29	0	0
XM_047422836.1	2236	2008.29	0	0
XM_047422837.1	2171	1943.29	0	0
XM_047422838.1	2272	2044.29	0	0
XM_047422839.1	2333	2105.29	0	0
XM_047422840.1	1886	1658.29	0	0
XM_047422841.1	3221	2993.29	75.6988	1.1381
XM_047422842.1	3166	2938.29	8.87757	0.135969
XM_047422843.1	2430	2202.29	0	0
XM_047422844.1	7627	7399.29	0	0
XM_047422845.1	7891	7663.29	0	0
XM_047422846.1	7358	7130.29	0	0
XM_047422847.1	7325	7097.29	0	0
XM_047422848.1	7695	7467.29	0	0
XM_047422849.1	5719	5491.29	0	0
XM_047422850.1	5716	5488.29	0	0
XM_047422851.1	5692	5464.29	0	0
XM_047422852.1	5693	5465.29	0	0
XM_047422853.1	5089	4861.29	0	0
XM_047422854.1	4821	4593.29	0	0
XM_047422855.1	4938	4710.29	0	0
XM_047422856.1	4955	4727.29	0	0
XM_047422857.1	4747	4519.29	0	0
XM_047422858.1	4714	4486.29	0	0
XM_047422859.1	3110	2882.29	0	0
XM_047422860.1	4874	4646.29	38.1409	0.369425
XM_047422861.1	4538	4310.29	16.2651	0.169821
XM_047422862.1	3324	3096.29	16.3374	0.237456
XM_047422863.1	14749	14521.3	0.0957159	0.000296634
XM_047422864.1	2813	2585.29	0	0
XM_047422865.1	4743	4515.29	0	0
XM_047422866.1	3571	3343.29	0	0
XM_047422867.1	3555	3327.29	0	0
XM_047422868.1	3450	3222.29	0	0
XM_047422869.1	21201	20973.3	28.974	0.0621705
XM_047422870.1	4384	4156.29	10.0956	0.109312
XM_047422871.1	4424	4196.29	0	0
XM_047422872.1	4369	4141.29	0	0
XM_047422873.1	6180	5952.29	29.7633	0.225029
XM_047422874.1	3819	3591.29	3.61651	0.045319
XM_047422875.1	13974	13746.3	20.8966	0.0684121
XM_047422876.1	9576	9348.29	0	0
XM_047422877.1	15481	15253.3	46.5496	0.137339
XM_047422878.1	9537	9309.29	31.6201	0.152858
XM_047422879.1	9528	9300.29	0	0
XM_047422880.1	14102	13874.3	24.7724	0.0803525
XM_047422881.1	9489	9261.29	37.5847	0.182634
XM_047422882.1	9453	9225.29	4.95641e-06	2.41785e-08
XM_047422883.1	12584	12356.3	81.2742	0.29601
XM_047422884.1	12525	12297.3	0	0
XM_047422885.1	12752	12524.3	0	0
XM_047422886.1	6233	6005.29	0	0
XM_047422887.1	6310	6082.29	0	0
XM_047422888.1	2430	2202.29	0	0
XM_047422889.1	7454	7226.29	15.8978	0.0990067
XM_047422890.1	7672	7444.29	69.3862	0.419461
XM_047422891.1	4217	3989.29	4.60126	0.0519067
XM_047422892.1	20873	20645.3	17.3301	0.0377765
XM_047422893.1	3350	3122.29	12.0033	0.173009
XM_047422894.1	3233	3005.29	0	0
XM_047422895.1	3397	3169.29	0	0
XM_047422896.1	6868	6640.29	23.7891	0.161225
XM_047422897.1	6886	6658.29	3.98949e-06	2.69647e-08
XM_047422898.1	2151	1923.29	75.3554	1.76324
XM_047422899.1	3292	3064.29	0	0
XM_047422900.1	1555	1327.29	0	0
XM_047422901.1	1714	1486.29	0	0
XM_047422902.1	4739	4511.29	0.000362133	3.61251e-06
XM_047422903.1	3819	3591.29	45.5971	0.571384
XM_047422904.1	4642	4414.29	37.4522	0.38182
XM_047422905.1	2605	2377.29	0	0
XM_047422906.1	4630	4402.29	0	0
XM_047422907.1	4510	4282.29	0.234132	0.00246052
XM_047422908.1	3744	3516.29	0	0
XM_047422909.1	3741	3513.29	0	0
XM_047422910.1	3743	3515.29	0	0
XM_047422911.1	3697	3469.29	0	0
XM_047422912.1	3597	3369.29	0	0
XM_047422913.1	1477	1249.29	0	0
XM_047422914.1	3628	3400.29	0	0
XM_047422915.1	3586	3358.29	0	0
XM_047422916.1	3924	3696.29	0	0
XM_047422917.1	3744	3516.29	0	0
XM_047422918.1	972	744.293	0	0
XM_047422919.1	4695	4467.29	0	0
XM_047422920.1	912	684.293	0	0
XM_047422921.1	8143	7915.29	0	0
XM_047422922.1	1258	1030.29	13.2353	0.578116
XM_047422923.1	4577	4349.29	0	0
XM_047422924.1	4602	4374.29	15.4454	0.158903
XM_047422925.1	4432	4204.29	0	0
XM_047422926.1	4430	4202.29	0.460022	0.00492646
XM_047422927.1	4382	4154.29	3.07591	0.0333211
XM_047422928.1	4379	4151.29	36.4824	0.395497
XM_047422929.1	4226	3998.29	0.782964	0.00881271
XM_047422930.1	6455	6227.29	0	0
XM_047422931.1	6263	6035.29	25.7536	0.192036
XM_047422932.1	6327	6099.29	0	0
XM_047422933.1	6263	6035.29	0	0
XM_047422934.1	6507	6279.29	0	0
XM_047422935.1	6323	6095.29	0	0
XM_047422936.1	6315	6087.29	0	0
XM_047422937.1	6195	5967.29	0	0
XM_047422938.1	6294	6066.29	0	0
XM_047422939.1	6963	6735.29	27.081	0.180946
XM_047422940.1	1851	1623.29	196.608	5.45062
XM_047422941.1	1386	1158.29	10.2877	0.399706
XM_047422942.1	1936	1708.29	3.10599	0.0818238
XM_047422943.1	1213	985.293	0	0
XM_047422944.1	4407	4179.29	0	0
XM_047422945.1	7541	7313.29	43.538	0.267915
XM_047422946.1	3225	2997.29	0	0
XM_047422947.1	2941	2713.29	56.8929	0.943634
XM_047422948.1	4696	4468.29	0	0
XM_047422949.1	4835	4607.29	0	0
XM_047422950.1	4311	4083.29	16.6767	0.183799
XM_047422951.1	4369	4141.29	37.4314	0.406764
XM_047422952.1	4531	4303.29	0	0
XM_047422953.1	2595	2367.29	1.64357	0.0312448
XM_047422954.1	2653	2425.29	7.87286	0.146087
XM_047422955.1	2290	2062.29	0	0
XM_047422956.1	2546	2318.29	4.7691	0.0925786
XM_047422957.1	5533	5305.29	0	0
XM_047422958.1	4211	3983.29	26.7984	0.302767
XM_047422959.1	1333	1105.29	0.0389413	0.00158553
XM_047422960.1	1515	1287.29	0	0
XM_047422961.1	1475	1247.29	9.8065	0.353824
XM_047422962.1	1388	1160.29	0	0
XM_047422963.1	13255	13027.3	25.4761	0.0880078
XM_047422964.1	1230	1002.29	9.45995	0.424753
XM_047422965.1	787	559.487	0	0
XM_047422966.1	1143	915.293	0	0
XM_047422967.1	1857	1629.29	0	0
XM_047422968.1	1955	1727.29	0	0
XM_047422969.1	1938	1710.29	0	0
XM_047422970.1	2215	1987.29	0	0
XM_047422971.1	7806	7578.29	0	0
XM_047422972.1	7567	7339.29	0	0
XM_047422973.1	7701	7473.29	13.7433	0.0827601
XM_047422974.1	7738	7510.29	0	0
XM_047422975.1	7603	7375.29	0	0
XM_047422976.1	7836	7608.29	10.3085	0.060975
XM_047422977.1	7537	7309.29	0	0
XM_047422978.1	7684	7456.29	0	0
XM_047422979.1	8108	7880.29	20.7455	0.118474
XM_047422980.1	7782	7554.29	0	0
XM_047422981.1	8595	8367.29	6.20792e-08	3.3389e-10
XM_047422982.1	3368	3140.29	22.1023	0.316745
XM_047422983.1	3897	3669.29	39.7124	0.487064
XM_047422984.1	7487	7259.29	26.7884	0.166071
XM_047422985.1	7622	7394.29	0.134272	0.000817202
XM_047422986.1	7634	7406.29	0	0
XM_047422987.1	7568	7340.29	0	0
XM_047422988.1	1695	1467.29	0	0
XM_047422989.1	1560	1332.29	11.4953	0.388297
XM_047422990.1	7303	7075.29	0	0
XM_047422991.1	7192	6964.29	35.4602	0.229143
XM_047422992.1	8735	8507.29	5.41904	0.0286664
XM_047422993.1	7100	6872.29	130.113	0.85204
XM_047422994.1	1643	1415.29	0	0
XM_047422995.1	1508	1280.29	0.00902949	0.000317392
XM_047422996.1	1655	1427.29	0	0
XM_047422997.1	1416	1188.29	17.4494	0.660843
XM_047422998.1	7064	6836.29	86.1244	0.566954
XM_047422999.1	7211	6983.29	0	0
XM_047423000.1	7309	7081.29	3.75081	0.0238372
XM_047423001.1	7145	6917.29	0	0
XM_047423002.1	7390	7162.29	0	0
XM_047423003.1	5259	5031.29	38.0416	0.340269
XM_047423004.1	4796	4568.29	0	0
XM_047423005.1	6956	6728.29	15.5329	0.103894
XM_047423006.1	1212	984.293	340.563	15.571
XM_047423007.1	2210	1982.29	610.186	13.8528
XM_047423008.1	2240	2012.29	6.94905e-07	1.55409e-08
XM_047423009.1	1039	811.293	176.479	9.78944
XM_047423010.1	1087	859.293	0	0
XM_047423011.1	2709	2481.29	0	0
XM_047423012.1	2706	2478.29	0	0
XM_047423013.1	5489	5261.29	0	0
XM_047423014.1	5459	5231.29	0	0
XM_047423015.1	2619	2391.29	0	0
XM_047423016.1	5408	5180.29	213.804	1.8574
XM_047423017.1	5378	5150.29	104.373	0.91201
XM_047423018.1	5375	5147.29	206.577	1.80611
XM_047423019.1	2535	2307.29	0	0
XM_047423020.1	5321	5093.29	0	0
XM_047423021.1	5318	5090.29	0	0
XM_047423022.1	5225	4997.29	14.4896	0.130486
XM_047423023.1	11381	11153.3	141.998	0.572956
XM_047423024.1	5290	5062.29	18.6323	0.165638
XM_047423025.1	4929	4701.29	23.6995	0.226864
XM_047423026.1	4037	3809.29	0	0
XM_047423027.1	3830	3602.29	30.0578	0.375509
XM_047423028.1	3583	3355.29	0	0
XM_047423029.1	3961	3733.29	0	0
XM_047423030.1	3394	3166.29	0	0
XM_047423031.1	6002	5774.29	0	0
XM_047423032.1	6474	6246.29	59.315	0.42735
XM_047423033.1	5832	5604.29	6.15141	0.0493965
XM_047423034.1	5790	5562.29	18.945	0.153279
XM_047423035.1	5763	5535.29	17.701	0.143913
XM_047423036.1	5718	5490.29	2.38351	0.0195373
XM_047423037.1	2900	2672.29	337.117	5.67726
XM_047423038.1	11317	11089.3	19.9415	0.0809276
XM_047423039.1	11245	11017.3	2.76962	0.0113132
XM_047423040.1	6382	6154.29	0	0
XM_047423041.1	6864	6636.29	0	0
XM_047423042.1	5438	5210.29	0	0
XM_047423043.1	5478	5250.29	8.34888	0.0715628
XM_047423044.1	5297	5069.29	0.0225308	0.000200019
XM_047423045.1	5320	5092.29	0	0
XM_047423046.1	5267	5039.29	0.291024	0.00259897
XM_047423047.1	5473	5245.29	30.827	0.264487
XM_047423048.1	6593	6365.29	0	0
XM_047423049.1	6655	6427.29	0	0
XM_047423050.1	6245	6017.29	2.23456	0.0167122
XM_047423051.1	6240	6012.29	6.9848	0.0522825
XM_047423052.1	5825	5597.29	0	0
XM_047423053.1	6514	6286.29	6.7956	0.0486492
XM_047423054.1	5260	5032.29	19.1172	0.170963
XM_047423055.1	5350	5122.29	0	0
XM_047423056.1	5702	5474.29	0	0
XM_047423057.1	5231	5003.29	0	0
XM_047423058.1	6720	6492.29	0	0
XM_047423059.1	6328	6100.29	0	0
XM_047423060.1	6810	6582.29	0	0
XM_047423061.1	5176	4948.29	0	0
XM_047423062.1	5130	4902.29	0	0
XM_047423063.1	5104	4876.29	0	0
XM_047423064.1	5213	4985.29	0.0120404	0.00010869
XM_047423065.1	5206	4978.29	0.84459	0.00763498
XM_047423066.1	6142	5914.29	0	0
XM_047423067.1	6624	6396.29	0	0
XM_047423068.1	4990	4762.29	0	0
XM_047423069.1	4944	4716.29	0	0
XM_047423070.1	5027	4799.29	0.0129954	0.000121858
XM_047423071.1	4776	4548.29	1.89436	0.0187438
XM_047423072.1	4973	4745.29	0.00582492	5.5242e-05
XM_047423073.1	6570	6342.29	0	0
XM_047423074.1	4966	4738.29	0	0
XM_047423075.1	4912	4684.29	0	0
XM_047423076.1	4726	4498.29	0	0
XM_047423077.1	4672	4444.29	0	0
XM_047423078.1	4791	4563.29	41.6047	0.410304
XM_047423079.1	3512	3284.29	0	0
XM_047423080.1	5106	4878.29	61.0045	0.562777
XM_047423081.1	5022	4794.29	753.663	7.07448
XM_047423082.1	5019	4791.29	232.802	2.18664
XM_047423083.1	3919	3691.29	1.12459	0.0137107
XM_047423084.1	3835	3607.29	37.2436	0.464635
XM_047423085.1	6755	6527.29	50.5993	0.348862
XM_047423086.1	7013	6785.29	0	0
XM_047423087.1	6941	6713.29	0	0
XM_047423088.1	6573	6345.29	0	0
XM_047423089.1	6547	6319.29	0	0
XM_047423090.1	6379	6151.29	0	0
XM_047423091.1	5404	5176.29	0	0
XM_047423092.1	5323	5095.29	0	0
XM_047423093.1	5258	5030.29	0	0
XM_047423094.1	4892	4664.29	0	0
XM_047423095.1	6638	6410.29	0	0
XM_047423096.1	5329	5101.29	3.97953	0.035107
XM_047423097.1	4544	4316.29	1.32962e-06	1.38631e-08
XM_047423098.1	7292	7064.29	0.568951	0.00362451
XM_047423099.1	4155	3927.29	0	0
XM_047423100.1	4035	3807.29	0	0
XM_047423101.1	3059	2831.29	0	0
XM_047423102.1	6455	6227.29	53.9127	0.389613
XM_047423103.1	5844	5616.29	0	0
XM_047423104.1	3540	3312.29	0	0
XM_047423105.1	7040	6812.29	88.7073	0.586014
XM_047423106.1	7039	6811.29	2554.56	16.8783
XM_047423107.1	6916	6688.29	58.1889	0.391532
XM_047423108.1	6844	6616.29	292.822	1.99173
XM_047423109.1	5765	5537.29	19.1922	0.15598
XM_047423110.1	3511	3283.29	0	0
XM_047423111.1	3629	3401.29	0	0
XM_047423112.1	3539	3311.29	25.2133	0.342669
XM_047423113.1	2613	2385.29	7.24341	0.136661
XM_047423114.1	2298	2070.29	0	0
XM_047423115.1	1906	1678.29	21.2613	0.570118
XM_047423116.1	3516	3288.29	0	0
XM_047423117.1	10403	10175.3	54.2077	0.239749
XM_047423118.1	2203	1975.29	0	0
XM_047423119.1	2188	1960.29	0	0
XM_047423120.1	2282	2054.29	0	0
XM_047423121.1	2228	2000.29	1.84867	0.0415918
XM_047423122.1	2080	1852.29	0	0
XM_047423123.1	3317	3089.29	559.508	8.15059
XM_047423124.1	2001	1773.29	0	0
XM_047423125.1	1006	778.293	2.41561	0.139677
XM_047423126.1	2468	2240.29	56.4897	1.13477
XM_047423127.1	2009	1781.29	2.38764e-07	6.0322e-09
XM_047423128.1	3513	3285.29	0	0
XM_047423129.1	3399	3171.29	0	0
XM_047423130.1	5532	5304.29	10.2054	0.0865856
XM_047423131.1	4561	4333.29	0	0
XM_047423132.1	4495	4267.29	44.7741	0.47219
XM_047423133.1	3401	3173.29	0	0
XM_047423134.1	7561	7333.29	23.3411	0.14324
XM_047423135.1	7667	7439.29	6.42022	0.0388383
XM_047423136.1	5901	5673.29	0	0
XM_047423137.1	5950	5722.29	16.9709	0.133468
XM_047423138.1	3375	3147.29	0	0
XM_047423139.1	7867	7639.29	7.57726	0.0446376
XM_047423140.1	7858	7630.29	42.2983	0.249473
XM_047423141.1	3176	2948.29	173.234	2.64426
XM_047423142.1	7636	7408.29	29.6048	0.17984
XM_047423143.1	3179	2951.29	113.455	1.73002
XM_047423144.1	904	676.361	0	0
XM_047423145.1	847	619.427	10.3366	0.75098
XM_047423146.1	876	648.427	0	0
XM_047423147.1	1879	1651.29	10.1392	0.276327
XM_047423148.1	3396	3168.29	0	0
XM_047423149.1	3421	3193.29	0.193418	0.00272584
XM_047423150.1	3196	2968.29	3.94637	0.059832
XM_047423151.1	3395	3167.29	0	0
XM_047423152.1	3061	2833.29	0.652606	0.0103658
XM_047423153.1	4964	4736.29	98.0842	0.931972
XM_047423154.1	5244	5016.29	0	0
XM_047423155.1	5021	4793.29	7.39069e-06	6.93894e-08
XM_047423156.1	3058	2830.29	1.06396	0.0169175
XM_047423157.1	2067	1839.29	0	0
XM_047423158.1	3199	2971.29	5.27251	0.0798573
XM_047423159.1	2043	1815.29	0	0
XM_047423160.1	2922	2694.29	0	0
XM_047423161.1	3927	3699.29	0	0
XM_047423162.1	2069	1841.29	0	0
XM_047423163.1	3924	3696.29	0	0
XM_047423164.1	3801	3573.29	0	0
XM_047423165.1	3798	3570.29	0	0
XM_047423166.1	3717	3489.29	0	0
XM_047423167.1	3857	3629.29	0	0
XM_047423168.1	3591	3363.29	0	0
XM_047423169.1	3731	3503.29	10.1802	0.130774
XM_047423170.1	3137	2909.29	0	0
XM_047423171.1	3035	2807.29	4.03765	0.0647266
XM_047423172.1	1846	1618.29	16.6987	0.464374
XM_047423173.1	4568	4340.29	0	0
XM_047423174.1	4585	4357.29	0.000248731	2.56895e-06
XM_047423175.1	1843	1615.29	8.55432	0.238329
XM_047423176.1	1708	1480.29	0.222984	0.00677904
XM_047423177.1	9262	9034.29	9.27332	0.0461938
XM_047423178.1	9213	8985.29	6.17791	0.0309422
XM_047423179.1	9241	9013.29	7.88563e-08	3.93727e-10
XM_047423180.1	9407	9179.29	11.5403	0.0565785
XM_047423181.1	9290	9062.29	7.55787	0.0375322
XM_047423182.1	9412	9184.29	4.65908	0.0228295
XM_047423183.1	9093	8865.29	86.5381	0.439295
XM_047423184.1	9028	8800.29	19.4214	0.0993177
XM_047423185.1	9194	8966.29	2.70456	0.0135746
XM_047423186.1	9227	8999.29	3.18826	0.0159437
XM_047423187.1	9199	8971.29	3.91929	0.0196605
XM_047423188.1	9150	8922.29	2.58056	0.013016
XM_047423189.1	9326	9098.29	171.849	0.85002
XM_047423190.1	9160	8932.29	1.07237e-06	5.40286e-09
XM_047423191.1	9132	8904.29	97.4729	0.492637
XM_047423192.1	9176	8948.29	0.321276	0.00161577
XM_047423193.1	9331	9103.29	69.7394	0.344764
XM_047423194.1	9263	9035.29	76.4586	0.380826
XM_047423195.1	9146	8918.29	51.0567	0.25764
XM_047423196.1	9097	8869.29	4.07017e-07	2.06522e-09
XM_047423197.1	9069	8841.29	42.3849	0.215744
XM_047423198.1	9113	8885.29	0.127233	0.00064442
XM_047423199.1	8947	8719.29	0.935661	0.00482925
XM_047423200.1	9268	9040.29	30.7031	0.152842
XM_047423201.1	9100	8872.29	7.85488	0.0398425
XM_047423202.1	9128	8900.29	6.37758	0.0322474
XM_047423203.1	9051	8823.29	5.18538	0.026448
XM_047423204.1	8931	8703.29	76.3521	0.394803
XM_047423205.1	9250	9022.29	3.90335	0.0194699
XM_047423206.1	8866	8638.29	16.6343	0.0866599
XM_047423207.1	9182	8954.29	4.13397	0.0207768
XM_047423208.1	9065	8837.29	2.63961	0.013442
XM_047423209.1	8988	8760.29	2.1242	0.0109124
XM_047423210.1	1502	1274.29	17.7534	0.626982
XM_047423211.1	4000	3772.29	237.355	2.83162
XM_047423212.1	4405	4177.29	0	0
XM_047423213.1	9500	9272.29	23.4491	0.11381
XM_047423214.1	9050	8822.29	375.482	1.91536
XM_047423215.1	9146	8918.29	203.782	1.02832
XM_047423216.1	1318	1090.29	312.632	12.9043
XM_047423217.1	8855	8627.29	5.47526	0.0285609
XM_047423218.1	8849	8621.29	3.8202	0.0199414
XM_047423219.1	4923	4695.29	15.5983	0.149505
XM_047423220.1	4842	4614.29	43.2825	0.422134
XM_047423221.1	5483	5255.29	6.15217	0.0526834
XM_047423222.1	1845	1617.29	0	0
XM_047423223.1	4140	3912.29	0	0
XM_047423224.1	4068	3840.29	0	0
XM_047423225.1	4768	4540.29	12.9107	0.12797
XM_047423226.1	6855	6627.29	0	0
XM_047423227.1	6493	6265.29	41.1438	0.295532
XM_047423228.1	5631	5403.29	151.466	1.26153
XM_047423229.1	5543	5315.29	16.1071	0.136374
XM_047423230.1	3928	3700.29	6.60826	0.0803699
XM_047423231.1	5163	4935.29	55.0032	0.501553
XM_047423232.1	3698	3470.29	324.063	4.20248
XM_047423233.1	3485	3257.29	245.791	3.39588
XM_047423234.1	4268	4040.29	77.3611	0.861692
XM_047423235.1	2595	2367.29	0	0
XM_047423236.1	2570	2342.29	0	0
XM_047423237.1	1369	1141.29	0	0
XM_047423238.1	827	599.427	13.3364	1.00125
XM_047423239.1	6350	6122.29	40.0007	0.294033
XM_047423240.1	45423	45195.3	34.838	0.0346899
XM_047423241.1	5204	4976.29	10.4571	0.0945691
XM_047423242.1	11115	10887.3	69.4134	0.286923
XM_047423243.1	5147	4919.29	0.00126025	1.15291e-05
XM_047423244.1	5499	5271.29	0	0
XM_047423245.1	5472	5244.29	0	0
XM_047423246.1	2820	2592.29	0	0
XM_047423247.1	962	734.293	0	0
XM_047423248.1	3874	3646.29	90.9115	1.12204
XM_047423249.1	3361	3133.29	11.1847	0.160645
XM_047423250.1	3535	3307.29	0	0
XM_047423251.1	6565	6337.29	0	0
XM_047423252.1	6385	6157.29	0	0
XM_047423253.1	6318	6090.29	0	0
XM_047423254.1	6111	5883.29	0	0
XM_047423255.1	4527	4299.29	0.0546022	0.000571552
XM_047423256.1	4280	4052.29	3.10367	0.0344681
XM_047423257.1	3950	3722.29	48.8635	0.590767
XM_047423258.1	1413	1185.29	0	0
XM_047423259.1	1619	1391.29	0	0
XM_047423260.1	1410	1182.29	3.8083	0.14496
XM_047423261.1	1269	1041.29	8.35159	0.360943
XM_047423262.1	3568	3340.29	33.5574	0.452112
XM_047423263.1	11240	11012.3	14.8264	0.06059
XM_047423264.1	8599	8371.29	64.932	0.349067
XM_047423265.1	2800	2572.29	14.8147	0.259189
XM_047423266.1	2696	2468.29	20.5419	0.37453
XM_047423267.1	3644	3416.29	6.56143	0.0864342
XM_047423268.1	3635	3407.29	1.63411e-07	2.15831e-09
XM_047423269.1	12654	12426.3	157.164	0.569186
XM_047423270.1	2728	2500.29	0	0
XM_047423271.1	2587	2359.29	0	0
XM_047423272.1	3612	3384.29	15.1972	0.202087
XM_047423273.1	3652	3424.29	19.2842	0.253438
XM_047423274.1	2197	1969.29	0.00638195	0.000145843
XM_047423275.1	2191	1963.29	20.0469	0.45952
XM_047423276.1	2143	1915.29	175.557	4.12501
XM_047423277.1	11563	11335.3	42.3549	0.168156
XM_047423278.1	3054	2826.29	0	0
XM_047423279.1	3366	3138.29	0	0
XM_047423280.1	1457	1229.29	210.714	7.71402
XM_047423281.1	1688	1460.29	18.7891	0.579039
XM_047423282.1	11153	10925.3	3.96046	0.0163138
XM_047423283.1	2511	2283.29	0	0
XM_047423284.1	11141	10913.3	3.80486	0.0156901
XM_047423285.1	2433	2205.29	0	0
XM_047423286.1	1957	1729.29	0	0
XM_047423287.1	2365	2137.29	0	0
XM_047423288.1	1444	1216.29	0	0
XM_047423289.1	1183	955.293	0	0
XM_047423290.1	1105	877.293	0	0
XM_047423291.1	11819	11591.3	81.3933	0.316009
XM_047423292.1	1040	812.293	0	0
XM_047423293.1	1697	1469.29	0.686653	0.0210315
XM_047423294.1	1143	915.293	0	0
XM_047423295.1	1409	1181.29	0	0
XM_047423296.1	10950	10722.3	80.6219	0.338382
XM_047423297.1	9530	9302.29	61.2147	0.296148
XM_047423298.1	9518	9290.29	58.5234	0.283493
XM_047423299.1	9590	9362.29	95.8123	0.460555
XM_047423300.1	8597	8369.29	11.5158	0.0619226
XM_047423301.1	9443	9215.29	23.2466	0.113525
XM_047423307.1	5113	4885.29	13.7376	0.12655
XM_047423309.1	9279	9051.29	0	0
XM_047423310.1	10570	10342.3	0	0
XM_047423311.1	8880	8652.29	15.9589	0.0830069
XM_047423312.1	8503	8275.29	66.7598	0.363056
XM_047423313.1	8500	8272.29	4.91306	0.0267281
XM_047423314.1	8607	8379.29	1.15397	0.0061977
XM_047423315.1	8604	8376.29	85.7142	0.460515
XM_047423316.1	8730	8502.29	129.764	0.686846
XM_047423317.1	8331	8103.29	339.397	1.8849
XM_047423318.1	8457	8229.29	518.481	2.83539
XM_047423319.1	8331	8103.29	6.32746	0.0351407
XM_047423320.1	8457	8229.29	9.99566	0.0546627
XM_047423322.1	8058	7830.29	1.86041	0.0106923
XM_047423323.1	8184	7956.29	3.07154	0.0173735
XM_047423324.1	7681	7453.29	5.83062	0.0352054
XM_047423325.1	7785	7557.29	0.0638571	0.000380264
XM_047423326.1	7408	7180.29	0	0
XM_047423327.1	7512	7284.29	3.89159	0.0240427
XM_047423328.1	7638	7410.29	6.55343	0.0397993
XM_047423329.1	7239	7011.29	4.64416	0.0298093
XM_047423330.1	6862	6634.29	0	0
XM_047423331.1	6693	6465.29	53.9948	0.375842
XM_047423332.1	6819	6591.29	93.6687	0.639538
XM_047423333.1	9459	9231.29	0.288095	0.00140448
XM_047423334.1	9391	9163.29	103.222	0.506946
XM_047423335.1	2720	2492.29	0	0
XM_047423336.1	853	625.427	0	0
XM_047423337.1	2203	1975.29	0	0
XM_047423338.1	1759	1531.29	2.27417	0.0668354
XM_047423339.1	3728	3500.29	0	0
XM_047423340.1	6223	5995.29	94.88	0.712207
XM_047423341.1	4294	4066.29	6.52193	0.0721804
XM_047423342.1	6263	6035.29	0	0
XM_047423343.1	6079	5851.29	82.1052	0.631482
XM_047423344.1	5382	5154.29	0	0
XM_047423345.1	5170	4942.29	50.3052	0.458065
XM_047423346.1	3077	2849.29	38.6031	0.609716
XM_047423347.1	2714	2486.29	0	0
XM_047423348.1	697	469.994	0	0
XM_047423349.1	1701	1473.29	0	0
XM_047423350.1	4084	3856.29	0	0
XM_047423351.1	3991	3763.29	0	0
XM_047423352.1	4186	3958.29	4.30694	0.048967
XM_047423353.1	9985	9757.29	0	0
XM_047423354.1	9956	9728.29	0	0
XM_047423355.1	9680	9452.29	0	0
XM_047423356.1	9198	8970.29	0.00330685	1.65901e-05
XM_047423357.1	6086	5858.29	0	0
XM_047423358.1	4208	3980.29	2.5843e-07	2.92193e-09
XM_047423359.1	2901	2673.29	0	0
XM_047423360.1	2614	2386.29	0	0
XM_047423361.1	2750	2522.29	0	0
XM_047423362.1	2390	2162.29	0	0
XM_047423363.1	1857	1629.29	50.6127	1.39798
XM_047423364.1	4726	4498.29	0	0
XM_047423365.1	4723	4495.29	1.66344e-05	1.6653e-07
XM_047423366.1	4634	4406.29	13.8025	0.140969
XM_047423367.1	4610	4382.29	0	0
XM_047423368.1	4417	4189.29	158.055	1.69789
XM_047423369.1	1364	1136.29	0	0
XM_047423370.1	1931	1703.29	0	0
XM_047423371.1	2077	1849.29	0	0
XM_047423372.1	4218	3990.29	0	0
XM_047423373.1	3454	3226.29	0	0
XM_047423374.1	3795	3567.29	0	0
XM_047423375.1	1224	996.293	0	0
XM_047423376.1	1004	776.293	0	0
XM_047423377.1	10659	10431.3	0	0
XM_047423378.1	10656	10428.3	0	0
XM_047423379.1	10656	10428.3	0	0
XM_047423380.1	10653	10425.3	0	0
XM_047423381.1	10626	10398.3	0	0
XM_047423382.1	10620	10392.3	0	0
XM_047423383.1	10602	10374.3	0	0
XM_047423384.1	10599	10371.3	0	0
XM_047423385.1	10596	10368.3	0	0
XM_047423386.1	10494	10266.3	0	0
XM_047423387.1	10182	9954.29	0	0
XM_047423388.1	10179	9951.29	0	0
XM_047423389.1	4762	4534.29	0	0
XM_047423390.1	632	406.137	54.3311	6.0203
XM_047423391.1	1024	796.293	0	0
XM_047423392.1	840	612.427	1.59363	0.117105
XM_047423393.1	10270	10042.3	26.1684	0.11727
XM_047423394.1	6731	6503.29	77.9475	0.539401
XM_047423395.1	7682	7454.29	0	0
XM_047423396.1	5647	5419.29	0	0
XM_047423397.1	5245	5017.29	0	0
XM_047423398.1	5101	4873.29	0	0
XM_047423399.1	5097	4869.29	0	0
XM_047423400.1	5812	5584.29	12.2254	0.0985229
XM_047423401.1	2990	2762.29	23.3019	0.379634
XM_047423402.1	6627	6399.29	2.52301	0.0177431
XM_047423403.1	3881	3653.29	5.45686	0.0672204
XM_047423404.1	8383	8155.29	0	0
XM_047423410.1	8314	8086.29	0	0
XM_047423411.1	8275	8047.29	1032.92	5.77643
XM_047423412.1	8212	7984.29	0	0
XM_047423413.1	8173	7945.29	185.182	1.04889
XM_047423414.1	8096	7868.29	36.3214	0.207742
XM_047423415.1	7994	7766.29	5.91616	0.0342822
XM_047423416.1	7516	7288.29	0	0
XM_047423417.1	7477	7249.29	285.943	1.77511
XM_047423418.1	7400	7172.29	9.44967	0.0592927
XM_047423419.1	7298	7070.29	6.6804	0.0425214
XM_047423420.1	6841	6613.29	0	0
XM_047423421.1	6785	6557.29	3241.42	22.2461
XM_047423422.1	2040	1812.29	0	0
XM_047423423.1	5652	5424.29	17.4889	0.145098
XM_047423424.1	1962	1734.29	0	0
XM_047423425.1	2013	1785.29	107.548	2.71103
XM_047423426.1	1930	1702.29	241.569	6.3863
XM_047423427.1	2764	2536.29	1.01185	0.0179539
XM_047423428.1	2756	2528.29	103.314	1.83897
XM_047423429.1	2754	2526.29	84.8537	1.51157
XM_047423430.1	7400	7172.29	40.565	0.254528
XM_047423431.1	2181	1953.29	96.9004	2.23255
XM_047423432.1	9101	8873.29	0	0
XM_047423433.1	8979	8751.29	0	0
XM_047423434.1	5013	4785.29	0	0
XM_047423435.1	4147	3919.29	0	0
XM_047423436.1	4044	3816.29	0	0
XM_047423437.1	4082	3854.29	0	0
XM_047423438.1	11431	11203.3	34.5942	0.138963
XM_047423439.1	1341	1113.29	0	0
XM_047423440.1	1245	1017.29	0	0
XM_047423441.1	1317	1089.29	20.5892	0.850621
XM_047423442.1	2556	2328.29	76.1687	1.47225
XM_047423443.1	1254	1026.29	81.4412	3.57121
XM_047423444.1	2594	2366.29	19.7036	0.37473
XM_047423445.1	2380	2152.29	0	0
XM_047423446.1	1103	875.293	0	0
XM_047423447.1	1394	1166.29	0	0
XM_047423448.1	1937	1709.29	96.6739	2.54528
XM_047423449.1	435	221.33	51.692	10.5106
XM_047423450.1	2620	2392.29	455.302	8.565
XM_047423451.1	1353	1125.29	0	0
XM_047423452.1	1191	963.293	0	0
XM_047423453.1	2049	1821.29	0	0
XM_047423454.1	9995	9767.29	11.6709	0.0537738
XM_047423455.1	4574	4346.29	0	0
XM_047423456.1	3050	2822.29	11.1442	0.177701
XM_047423457.1	2625	2397.29	0	0
XM_047423458.1	2527	2299.29	71.8807	1.40689
XM_047423465.1	3219	2991.29	24.1895	0.363923
XM_047423466.1	2564	2336.29	0	0
XM_047423467.1	4662	4434.29	0	0
XM_047423468.1	4191	3963.29	0	0
XM_047423469.1	2022	1794.29	0	0
XM_047423470.1	1944	1716.29	20.831	0.546212
XM_047423471.1	1830	1602.29	14.4456	0.40573
XM_047423472.1	13715	13487.3	18.5124	0.0617703
XM_047423473.1	3057	2829.29	13.3267	0.211976
XM_047423474.1	5211	4983.29	323.985	2.92584
XM_047423475.1	5287	5059.29	31.0628	0.276307
XM_047423476.1	1007	779.293	0	0
XM_047423477.1	1564	1336.29	0	0
XM_047423478.1	1639	1411.29	161.263	5.14233
XM_047423479.1	3792	3564.29	46.644	0.588931
XM_047423480.1	18494	18266.3	9.52064	0.0234562
XM_047423481.1	26179	25951.3	0	0
XM_047423482.1	19268	19040.3	0	0
XM_047423483.1	6048	5820.29	122.319	0.945783
XM_047423484.1	26112	25884.3	0	0
XM_047423485.1	19205	18977.3	0	0
XM_047423486.1	26094	25866.3	0	0
XM_047423487.1	12892	12664.3	85.8565	0.305095
XM_047423488.1	12874	12646.3	143.519	0.510726
XM_047423489.1	26027	25799.3	0	0
XM_047423490.1	19120	18892.3	0	0
XM_047423491.1	5922	5694.29	12.1343	0.0958995
XM_047423492.1	5901	5673.29	878.276	6.96687
XM_047423493.1	12748	12520.3	48.744	0.175206
XM_047423494.1	12682	12454.3	112.685	0.407184
XM_047423495.1	5775	5547.29	89.1071	0.722892
XM_047423496.1	6024	5796.29	19.1143	0.148406
XM_047423497.1	35547	35319.3	8.30492	0.010582
XM_047423498.1	12762	12534.3	9.02512	0.0324038
XM_047423499.1	2634	2406.29	11.8209	0.221078
XM_047423500.1	12850	12622.3	58.4496	0.208394
XM_047423501.1	12547	12319.3	14.2132	0.0519216
XM_047423502.1	12696	12468.3	21.0854	0.0761056
XM_047423503.1	12561	12333.3	102.528	0.374116
XM_047423504.1	5654	5426.29	72.83	0.604017
XM_047423505.1	12784	12556.3	134.994	0.483833
XM_047423506.1	12481	12253.3	33.5224	0.123119
XM_047423507.1	5877	5649.29	136.896	1.09053
XM_047423508.1	5574	5346.29	5.50222	0.0463156
XM_047423509.1	6408	6180.29	12.5398	0.0913108
XM_047423510.1	26173	25945.3	0	0
XM_047423511.1	26088	25860.3	0	0
XM_047423512.1	12870	12642.3	17.3957	0.061924
XM_047423513.1	12829	12601.3	0	0
XM_047423514.1	12744	12516.3	5.59877	0.0201307
XM_047423515.1	13256	13028.3	33.2469	0.114843
XM_047423516.1	12623	12395.3	4.87568	0.0177019
XM_047423517.1	12846	12618.3	6.81499	0.0243056
XM_047423518.1	5513	5285.29	18.4375	0.156992
XM_047423519.1	5326	5098.29	100.377	0.886033
XM_047423520.1	5320	5092.29	29.7497	0.262913
XM_047423521.1	7807	7579.29	13.9495	0.0828271
XM_047423522.1	3754	3526.29	12.9926	0.165813
XM_047423523.1	2667	2439.29	0	0
XM_047423524.1	2261	2033.29	3.05115e-06	6.75314e-08
XM_047423525.1	1439	1211.29	0	0
XM_047423526.1	1470	1242.29	31.3724	1.13649
XM_047423527.1	3251	3023.29	5.49046	0.081728
XM_047423528.1	1585	1357.29	0	0
XM_047423529.1	8185	7957.29	0	0
XM_047423530.1	1219	991.293	0	0
XM_047423531.1	6442	6214.29	21.4126	0.155067
XM_047423532.1	15966	15738.3	43.1577	0.123408
XM_047423533.1	6668	6440.29	0	0
XM_047423534.1	15861	15633.3	13.8735	0.0399371
XM_047423535.1	15861	15633.3	9.40946	0.0270867
XM_047423536.1	6623	6395.29	25.0084	0.175982
XM_047423537.1	8961	8733.29	70.3021	0.36227
XM_047423538.1	5839	5611.29	214.99	1.72424
XM_047423539.1	8856	8628.29	4.57502	0.0238622
XM_047423540.1	5584	5356.29	0.520391	0.00437228
XM_047423541.1	3815	3587.29	0	0
XM_047423542.1	3621	3393.29	4.3114	0.0571793
XM_047423543.1	2874	2646.29	0	0
XM_047423544.1	2784	2556.29	0	0
XM_047423545.1	1822	1594.29	5.67676	0.160241
XM_047423546.1	2075	1847.29	15.9873	0.389478
XM_047423547.1	4084	3856.29	170.382	1.98836
XM_047423548.1	2229	2001.29	0	0
XM_047423549.1	2067	1839.29	3.63631	0.0889717
XM_047423550.1	3867	3639.29	0	0
XM_047423551.1	7382	7154.29	23.7714	0.149531
XM_047423552.1	6737	6509.29	0	0
XM_047423553.1	640	414.014	28.2608	3.07193
XM_047423554.1	4151	3923.29	55.7443	0.639429
XM_047423555.1	3001	2773.29	0	0
XM_047423556.1	2981	2753.29	10.0567	0.164379
XM_047423557.1	3879	3651.29	0	0
XM_047423558.1	3453	3225.29	2.97172	0.0414649
XM_047423559.1	6139	5911.29	11.0822	0.0843695
XM_047423560.1	2771	2543.29	0.159937	0.00283006
XM_047423561.1	862	634.427	3.44315	0.24424
XM_047423562.1	6493	6265.29	0	0
XM_047423563.1	6269	6041.29	0	0
XM_047423565.1	2484	2256.29	94.053	1.87594
XM_047423566.1	4148	3920.29	8.12659	0.0932894
XM_047423567.1	4051	3823.29	29.6096	0.348528
XM_047423568.1	4378	4150.29	0	0
XM_047423569.1	2737	2509.29	14.8849	0.266955
XM_047423570.1	8040	7812.29	0	0
XM_047423571.1	7610	7382.29	0	0
XM_047423572.1	7855	7627.29	0	0
XM_047423573.1	7748	7520.29	12.4956	0.0747767
XM_047423574.1	7405	7177.29	22.0672	0.138366
XM_047423575.1	7641	7413.29	0	0
XM_047423576.1	7148	6920.29	0	0
XM_047423577.1	7073	6845.29	1.1753e-08	7.72678e-11
XM_047423578.1	6773	6545.29	4.28098	0.0294345
XM_047423579.1	5841	5613.29	0	0
XM_047423580.1	8345	8117.29	10.9945	0.0609545
XM_047423581.1	2134	1906.29	2.76858	0.0653597
XM_047423582.1	7597	7369.29	48.3045	0.294988
XM_047423583.1	6943	6715.29	16.9398	0.113524
XM_047423584.1	8086	7858.29	21.3943	0.122521
XM_047423585.1	8168	7940.29	3.20571	0.018169
XM_047423586.1	7789	7561.29	32.893	0.195771
XM_047423587.1	5992	5764.29	157.172	1.22707
XM_047423588.1	5899	5671.29	5.83322	0.046288
XM_047423589.1	5896	5668.29	20.0588	0.159256
XM_047423590.1	5255	5027.29	383.987	3.43735
XM_047423591.1	2691	2463.29	28.4575	0.519903
XM_047423592.1	2115	1887.29	16.503	0.393518
XM_047423593.1	1758	1530.29	0.282438	0.00830599
XM_047423594.1	4148	3920.29	2.22327e-06	2.55221e-08
XM_047423595.1	4601	4373.29	0	0
XM_047423596.1	4487	4259.29	60.1138	0.635154
XM_047423597.1	4484	4256.29	40.6204	0.429492
XM_047423598.1	4694	4466.29	0	0
XM_047423599.1	4584	4356.29	4.05805e-06	4.1922e-08
XM_047423600.1	5325	5097.29	10.3971	0.0917944
XM_047423601.1	4642	4414.29	0.000507101	5.16982e-06
XM_047423602.1	2839	2611.29	1.28584	0.0221602
XM_047423603.1	3367	3139.29	7.32627	0.105025
XM_047423604.1	1486	1258.29	2.06556	0.073875
XM_047423605.1	3085	2857.29	297.965	4.69303
XM_047423606.1	2950	2722.29	0	0
XM_047423607.1	2559	2331.29	11.5791	0.223523
XM_047423608.1	971	743.293	28.3072	1.71387
XM_047423609.1	6672	6444.29	6.17113	0.0430955
XM_047423610.1	26570	26342.3	8.37999	0.0143163
XM_047423611.1	5220	4992.29	27.1126	0.244406
XM_047423612.1	2754	2526.29	315.751	5.62476
XM_047423613.1	5254	5026.29	0	0
XM_047423614.1	5196	4968.29	0	0
XM_047423615.1	5204	4976.29	0	0
XM_047423616.1	5121	4893.29	0	0
XM_047423617.1	689	462.088	0	0
XM_047423618.1	5079	4851.29	35.6539	0.330744
XM_047423619.1	5063	4835.29	0	0
XM_047423620.1	5011	4783.29	0	0
XM_047423621.1	4968	4740.29	20.565	0.195238
XM_047423622.1	4981	4753.29	13.8914	0.131521
XM_047423623.1	4975	4747.29	11.1104	0.105324
XM_047423624.1	4924	4696.29	0.335898	0.00321881
XM_047423625.1	4918	4690.29	0.275227	0.00264078
XM_047423626.1	3661	3433.29	0	0
XM_047423627.1	3669	3441.29	0	0
XM_047423628.1	3534	3306.29	0	0
XM_047423629.1	3548	3320.29	0	0
XM_047423630.1	3619	3391.29	0	0
XM_047423631.1	3558	3330.29	0	0
XM_047423632.1	22323	22095.3	1.30881e-07	2.66575e-10
XM_047423633.1	22415	22187.3	23.303	0.047266
XM_047423634.1	6676	6448.29	7.88097e-08	5.50019e-10
XM_047423635.1	6747	6519.29	0	0
XM_047423636.1	10640	10412.3	10.2865	0.0444595
XM_047423637.1	6684	6456.29	0	0
XM_047423638.1	6330	6102.29	0	0
XM_047423639.1	5714	5486.29	0	0
XM_047423640.1	1252	1024.29	0	0
XM_047423641.1	10269	10041.3	0	0
XM_047423642.1	10116	9888.29	0	0
XM_047423643.1	9721	9493.29	0	0
XM_047423644.1	10089	9861.29	0	0
XM_047423645.1	10077	9849.29	0	0
XM_047423646.1	9700	9472.29	76.0524	0.361327
XM_047423647.1	10071	9843.29	0	0
XM_047423648.1	9691	9463.29	0	0
XM_047423649.1	10059	9831.29	0	0
XM_047423650.1	10050	9822.29	0	0
XM_047423651.1	10050	9822.29	0	0
XM_047423652.1	10047	9819.29	0	0
XM_047423653.1	10044	9816.29	0	0
XM_047423654.1	10044	9816.29	0	0
XM_047423655.1	9664	9436.29	278.437	1.32791
XM_047423656.1	9661	9433.29	461.64	2.20233
XM_047423657.1	10032	9804.29	0	0
XM_047423658.1	9637	9409.29	41.2689	0.197382
XM_047423659.1	9634	9406.29	69.0713	0.330462
XM_047423660.1	9631	9403.29	0.517538	0.00247688
XM_047423661.1	12905	12677.3	44.8355	0.159162
XM_047423662.1	10871	10643.3	0	0
XM_047423663.1	11602	11374.3	0	0
XM_047423664.1	10955	10727.3	0	0
XM_047423665.1	10662	10434.3	0	0
XM_047423666.1	13609	13381.3	0	0
XM_047423667.1	12534	12306.3	0	0
XM_047423668.1	10525	10297.3	7.47031	0.0326481
XM_047423669.1	10391	10163.3	0	0
XM_047423670.1	10742	10514.3	2.57709	0.0110304
XM_047423671.1	45834	45606.3	56.2657	0.0555215
XM_047423672.1	10688	10460.3	0	0
XM_047423673.1	10562	10334.3	27.1291	0.11814
XM_047423674.1	13425	13197.3	0	0
XM_047423675.1	10899	10671.3	0	0
XM_047423676.1	10211	9983.29	0	0
XM_047423677.1	10772	10544.3	0	0
XM_047423678.1	45653	45425.3	98.7694	0.0978514
XM_047423679.1	7933	7705.29	0	0
XM_047423680.1	8276	8048.29	0	0
XM_047423681.1	7799	7571.29	0	0
XM_047423682.1	7930	7702.29	0	0
XM_047423683.1	7796	7568.29	0	0
XM_047423684.1	7616	7388.29	0	0
XM_047423685.1	8093	7865.29	0	0
XM_047423686.1	5046	4818.29	0	0
XM_047423687.1	12415	12187.3	0	0
XM_047423688.1	10808	10580.3	0	0
XM_047423689.1	12352	12124.3	0	0
XM_047423690.1	12025	11797.3	0.00261699	9.98304e-06
XM_047423691.1	12340	12112.3	0	0
XM_047423692.1	11622	11394.3	0	0
XM_047423693.1	11625	11397.3	0	0
XM_047423694.1	11438	11210.3	0	0
XM_047423695.1	10525	10297.3	0	0
XM_047423696.1	9341	9113.29	0	0
XM_047423697.1	10513	10285.3	0	0
XM_047423698.1	12277	12049.3	0	0
XM_047423699.1	9246	9018.29	0.00164332	8.2005e-06
XM_047423700.1	11887	11659.3	3.66434	0.0141438
XM_047423701.1	9183	8955.29	24.5351	0.123297
XM_047423702.1	9035	8807.29	0	0
XM_047423703.1	1110	882.293	0	0
XM_047423704.1	752	524.701	0	0
XM_047423705.1	733	505.753	0	0
XM_047423706.1	764	536.541	0	0
XM_047423707.1	1146	918.293	0	0
XM_047423708.1	751	523.701	0	0
XM_047423709.1	3242	3014.29	2.00132	0.0298795
XM_047423710.1	5243	5015.29	14.6885	0.131802
XM_047423711.1	2877	2649.29	0	0
XM_047423712.1	1720	1492.29	0	0
XM_047423713.1	2724	2496.29	28	0.504783
XM_047423714.1	2933	2705.29	0	0
XM_047423715.1	2886	2658.29	0	0
XM_047423716.1	3689	3461.29	0	0
XM_047423717.1	2859	2631.29	0	0
XM_047423718.1	2546	2318.29	0	0
XM_047423719.1	1157	929.293	0	0
XM_047423720.1	1468	1240.29	0	0
XM_047423721.1	1482	1254.29	0	0
XM_047423722.1	2507	2279.29	11.3263	0.22363
XM_047423723.1	1443	1215.29	0	0
XM_047423724.1	2408	2180.29	28.4484	0.5872
XM_047423725.1	2327	2099.29	9.49365	0.203518
XM_047423726.1	2303	2075.29	0	0
XM_047423727.1	2934	2706.29	0.0244634	0.000406803
XM_047423728.1	2252	2024.29	0	0
XM_047423729.1	2149	1921.29	7.23786	0.169535
XM_047423730.1	2416	2188.29	0	0
XM_047423731.1	3810	3582.29	0	0
XM_047423732.1	1148	920.293	88.8148	4.34311
XM_047423733.1	1961	1733.29	31.8262	0.826333
XM_047423734.1	3302	3074.29	0	0
XM_047423735.1	3920	3692.29	7.85329e-07	9.57189e-09
XM_047423736.1	1855	1627.29	0	0
XM_047423737.1	1836	1608.29	104.654	2.92842
XM_047423738.1	1941	1713.29	0	0
XM_047423739.1	3892	3664.29	0	0
XM_047423740.1	4927	4699.29	0	0
XM_047423741.1	7077	6849.29	0	0
XM_047423742.1	8069	7841.29	0	0
XM_047423743.1	8066	7838.29	0	0
XM_047423744.1	8015	7787.29	0	0
XM_047423745.1	6981	6753.29	0	0
XM_047423746.1	7238	7010.29	0	0
XM_047423747.1	6978	6750.29	0	0
XM_047423748.1	7979	7751.29	0	0
XM_047423749.1	7914	7686.29	0	0
XM_047423750.1	7911	7683.29	0	0
XM_047423751.1	6936	6708.29	0	0
XM_047423752.1	6933	6705.29	0	0
XM_047423753.1	6924	6696.29	0	0
XM_047423754.1	6882	6654.29	0	0
XM_047423755.1	23142	22914.3	59.7631	0.117373
XM_047423756.1	6879	6651.29	0	0
XM_047423757.1	7877	7649.29	0	0
XM_047423758.1	7874	7646.29	0	0
XM_047423759.1	7097	6869.29	0	0
XM_047423760.1	7094	6866.29	0	0
XM_047423761.1	6789	6561.29	0	0
XM_047423762.1	6786	6558.29	0	0
XM_047423763.1	7043	6815.29	0	0
XM_047423764.1	7722	7494.29	0	0
XM_047423765.1	7719	7491.29	0	0
XM_047423766.1	7322	7094.29	236.354	1.49932
XM_047423767.1	6744	6516.29	0	0
XM_047423768.1	6741	6513.29	0	0
XM_047423769.1	6950	6722.29	0	0
XM_047423770.1	6609	6381.29	0	0
XM_047423771.1	6606	6378.29	0	0
XM_047423772.1	6491	6263.29	0	0
XM_047423773.1	6186	5958.29	0	0
XM_047423774.1	6183	5955.29	0	0
XM_047423775.1	7127	6899.29	0	0
XM_047423776.1	6344	6116.29	0	0
XM_047423777.1	7039	6811.29	0.026027	0.000171964
XM_047423778.1	5994	5766.29	1	0.00780451
XM_047423779.1	6152	5924.29	0	0
XM_047423780.1	5790	5562.29	0	0
XM_047423781.1	5363	5135.29	59.6792	0.522998
XM_047423782.1	4010	3782.29	35.8231	0.426236
XM_047423783.1	7989	7761.29	0	0
XM_047423784.1	7974	7746.29	1.60068	0.00929938
XM_047423785.1	7923	7695.29	231.581	1.35432
XM_047423786.1	7929	7701.29	0	0
XM_047423787.1	7926	7698.29	0	0
XM_047423788.1	7914	7686.29	2.51072	0.0147002
XM_047423789.1	7911	7683.29	30.1533	0.176616
XM_047423790.1	7908	7680.29	0	0
XM_047423791.1	7893	7665.29	1.89415	0.0111206
XM_047423792.1	1450	1222.29	43.4975	1.60151
XM_047423793.1	7863	7635.29	373.095	2.19905
XM_047423794.1	7866	7638.29	0	0
XM_047423795.1	7842	7614.29	286.726	1.69465
XM_047423796.1	7851	7623.29	47.5124	0.280483
XM_047423797.1	7833	7605.29	2.97945	0.0176304
XM_047423798.1	7797	7569.29	0	0
XM_047423799.1	7782	7554.29	463.543	2.76146
XM_047423800.1	3545	3317.29	3.09916	0.0420439
XM_047423801.1	2160	1932.29	67.8762	1.58083
XM_047423802.1	5922	5694.29	0.208898	0.00165096
XM_047423803.1	5834	5606.29	0	0
XM_047423804.1	4477	4249.29	0	0
XM_047423805.1	4300	4072.29	0	0
XM_047423806.1	5736	5508.29	0	0
XM_047423807.1	3697	3469.29	55.8768	0.724824
XM_047423808.1	3038	2810.29	0	0
XM_047423809.1	13561	13333.3	11.6806	0.0394249
XM_047423810.1	5050	4822.29	0	0
XM_047423811.1	1182	954.293	0	0
XM_047423812.1	1447	1219.29	61.5702	2.2725
XM_047423813.1	4042	3814.29	0.0555361	0.000655245
XM_047423814.1	4012	3784.29	0.108587	0.00129133
XM_047423815.1	3943	3715.29	11.1041	0.134503
XM_047423816.1	3940	3712.29	1.81423	0.0219934
XM_047423817.1	3910	3682.29	3.58982	0.0438729
XM_047423818.1	2541	2313.29	0	0
XM_047423819.1	4928	4700.29	0	0
XM_047423820.1	4805	4577.29	0	0
XM_047423821.1	4751	4523.29	0	0
XM_047423822.1	4074	3846.29	0	0
XM_047423823.1	4736	4508.29	11.1294	0.111096
XM_047423824.1	4214	3986.29	3.90111	0.0440414
XM_047423825.1	3016	2788.29	0	0
XM_047423826.1	2286	2058.29	3.8382e-08	8.39195e-10
XM_047423827.1	954	726.293	151.237	9.37103
XM_047423828.1	6790	6562.29	57.5252	0.394498
XM_047423829.1	2501	2273.29	130.744	2.58826
XM_047423838.1	3732	3504.29	23.8397	0.306156
XM_047423839.1	3841	3613.29	0	0
XM_047423840.1	3468	3240.29	132.812	1.84457
XM_047423841.1	1235	1007.29	1	0.0446772
XM_047423842.1	1424	1196.29	39.7118	1.49391
XM_047423843.1	625	399.259	0.858317	0.0967465
XM_047423844.1	3453	3225.29	210.308	2.93447
XM_047423845.1	4974	4746.29	10.9768	0.104079
XM_047423846.1	1599	1371.29	10.8363	0.355625
XM_047423847.1	3481	3253.29	52.251	0.722793
XM_047423848.1	2011	1783.29	229.215	5.78445
XM_047423849.1	1024	796.293	0	0
XM_047423850.1	1052	824.293	10.7118	0.584821
XM_047423851.1	1141	913.293	24.2308	1.19399
XM_047423852.1	1053	825.293	0	0
XM_047423853.1	6278	6050.29	347.449	2.58438
XM_047423854.1	9071	8843.29	0	0
XM_047423855.1	8957	8729.29	0	0
XM_047423856.1	8967	8739.29	60.8416	0.313305
XM_047423857.1	8964	8736.29	12.4302	0.0640313
XM_047423858.1	3381	3153.29	0	0
XM_047423859.1	8847	8619.29	17.7014	0.0924229
XM_047423860.1	2487	2259.29	6.7902	0.135255
XM_047423861.1	3129	2901.29	7.76187e-06	1.20397e-07
XM_047423862.1	2632	2404.29	60.6721	1.13565
XM_047423863.1	2426	2198.29	0	0
XM_047423864.1	1554	1326.29	245.262	8.32209
XM_047423865.1	7280	7052.29	0.290927	0.0018565
XM_047423866.1	7193	6965.29	265.35	1.71444
XM_047423867.1	6271	6043.29	2.59421	0.0193185
XM_047423868.1	8124	7896.29	0.00147426	8.40222e-06
XM_047423869.1	6568	6340.29	0	0
XM_047423870.1	3386	3158.29	28.9722	0.41283
XM_047423871.1	2381	2153.29	190.58	3.98306
XM_047423872.1	5198	4970.29	0.0237973	0.000215471
XM_047423873.1	13318	13090.3	33.6617	0.115726
XM_047423874.1	5103	4875.29	0	0
XM_047423875.1	5120	4892.29	42.4867	0.390826
XM_047423876.1	5082	4854.29	0	0
XM_047423877.1	5174	4946.29	0	0
XM_047423878.1	5134	4906.29	0	0
XM_047423879.1	5077	4849.29	0	0
XM_047423880.1	5037	4809.29	0	0
XM_047423881.1	4953	4725.29	55.702	0.530498
XM_047423882.1	4932	4704.29	174.771	1.67193
XM_047423883.1	4887	4659.29	0.0253821	0.00024516
XM_047423884.1	4866	4638.29	0.0576296	0.000559152
XM_047423885.1	4788	4560.29	90.7014	0.895083
XM_047423886.1	3011	2783.29	1.55627e-06	2.51634e-08
XM_047423887.1	2990	2762.29	6.2807e-06	1.02325e-07
XM_047423888.1	2933	2705.29	0.870834	0.0144865
XM_047423889.1	2912	2684.29	7.35923	0.12338
XM_047423890.1	2883	2655.29	0	0
XM_047423891.1	13396	13168.3	0	0
XM_047423892.1	6444	6216.29	0	0
XM_047423893.1	7323	7095.29	20.9301	0.132753
XM_047423894.1	12859	12631.3	0	0
XM_047423895.1	6327	6099.29	5.36287	0.0395694
XM_047423896.1	879	651.427	28.7749	1.98788
XM_047423897.1	2689	2461.29	9.72868	0.177882
XM_047423898.1	5249	5021.29	0	0
XM_047423899.1	1935	1707.29	0	0
XM_047423900.1	4294	4066.29	299.726	3.31717
XM_047423901.1	1060	832.293	102.66	5.55095
XM_047423902.1	972	744.293	12.4894	0.755164
XM_047423903.1	5641	5413.29	0	0
XM_047423904.1	8255	8027.29	23.54	0.131971
XM_047423905.1	5798	5570.29	14.3808	0.116184
XM_047423906.1	5638	5410.29	0	0
XM_047423907.1	4496	4268.29	59.6026	0.628425
XM_047423908.1	3060	2832.29	0	0
XM_047423909.1	3366	3138.29	18.2075	0.261095
XM_047423910.1	3063	2835.29	38.861	0.61682
XM_047423911.1	3055	2827.29	39.4268	0.627571
XM_047423912.1	2935	2707.29	0	0
XM_047423913.1	3018	2790.29	25.5626	0.412285
XM_047423914.1	2884	2656.29	8.78703	0.14887
XM_047423915.1	3010	2782.29	26.1196	0.422481
XM_047423916.1	2879	2651.29	0	0
XM_047423917.1	2875	2647.29	18.8973	0.321248
XM_047423918.1	2889	2661.29	2.89791	0.0490043
XM_047423919.1	2890	2662.29	0	0
XM_047423920.1	2949	2721.29	1.45347e-08	2.40366e-10
XM_047423921.1	7398	7170.29	14.554	0.0913456
XM_047423922.1	8145	7917.29	4.6366	0.0263551
XM_047423923.1	7499	7271.29	0	0
XM_047423924.1	7253	7025.29	0	0
XM_047423925.1	7415	7187.29	0	0
XM_047423926.1	3350	3122.29	1.32697	0.0191263
XM_047423927.1	6429	6201.29	0	0
XM_047423928.1	6431	6203.29	0	0
XM_047423929.1	7345	7117.29	0	0
XM_047423930.1	6333	6105.29	0	0
XM_047423931.1	6475	6247.29	0	0
XM_047423932.1	6784	6556.29	0	0
XM_047423933.1	7214	6986.29	2.62149e-06	1.68867e-08
XM_047423934.1	6436	6208.29	0	0
XM_047423935.1	6321	6093.29	0	0
XM_047423936.1	7254	7026.29	0	0
XM_047423937.1	6225	5997.29	0	0
XM_047423938.1	4246	4018.29	331.466	3.71227
XM_047423939.1	442	227.417	0	0
XM_047423940.1	4386	4158.29	0.524406	0.00567537
XM_047423941.1	1538	1310.29	1188.67	40.8258
XM_047423942.1	1150	922.293	0	0
XM_047423943.1	4092	3864.29	32.0181	0.372879
XM_047423944.1	4163	3935.29	9.04642	0.103453
XM_047423945.1	2991	2763.29	44.2891	0.721294
XM_047423946.1	4008	3780.29	1.18149	0.0140652
XM_047423947.1	4457	4229.29	0.0428843	0.000456323
XM_047423948.1	7195	6967.29	16.0779	0.10385
XM_047423949.1	7288	7060.29	4.4394	0.0282972
XM_047423950.1	4150	3922.29	0.182128	0.00208967
XM_047423951.1	3285	3057.29	0	0
XM_047423952.1	3102	2874.29	0	0
XM_047423953.1	4599	4371.29	0.00775487	7.98375e-05
XM_047423954.1	4079	3851.29	0.608464	0.00711001
XM_047423955.1	1605	1377.29	24.7662	0.809236
XM_047423956.1	4528	4300.29	0.0236245	0.000247233
XM_047423957.1	2492	2264.29	0	0
XM_047423958.1	2759	2531.29	0	0
XM_047423959.1	2544	2316.29	0	0
XM_047423960.1	2693	2465.29	0	0
XM_047423961.1	17415	17187.3	16.5647	0.0433728
XM_047423962.1	1957	1729.29	26.4375	0.68801
XM_047423963.1	3789	3561.29	0	0
XM_047423964.1	3402	3174.29	0	0
XM_047423965.1	3323	3095.29	0	0
XM_047423966.1	3048	2820.29	0	0
XM_047423967.1	4240	4012.29	2.11391	0.0237102
XM_047423968.1	4091	3863.29	0	0
XM_047423969.1	2726	2498.29	29.3876	0.529374
XM_047423970.1	4925	4697.29	0	0
XM_047423971.1	5033	4805.29	0	0
XM_047423972.1	1420	1192.29	113.196	4.27258
XM_047423973.1	2769	2541.29	9.35517e-07	1.65668e-08
XM_047423974.1	3033	2805.29	86.7984	1.39244
XM_047423975.1	1855	1627.29	0	0
XM_047423976.1	1564	1336.29	23.9192	0.805539
XM_047423977.1	2641	2413.29	35.442	0.660922
XM_047423978.1	2842	2614.29	16.9134	0.291151
XM_047423979.1	2816	2588.29	0	0
XM_047423980.1	5302	5074.29	0	0
XM_047423981.1	2523	2295.29	0	0
XM_047423982.1	2759	2531.29	0	0
XM_047423983.1	2554	2326.29	0	0
XM_047423984.1	2571	2343.29	0	0
XM_047423985.1	4842	4614.29	314.616	3.06844
XM_047423986.1	2946	2718.29	0	0
XM_047423987.1	4101	3873.29	0	0
XM_047423988.1	4972	4744.29	76.7912	0.728421
XM_047423989.1	3164	2936.29	24.7873	0.379902
XM_047423990.1	4943	4715.29	219.879	2.09854
XM_047423991.1	3098	2870.29	164.93	2.58593
XM_047423992.1	7556	7328.29	21.0764	0.12943
XM_047423993.1	5068	4840.29	75.7554	0.704343
XM_047423994.1	3820	3592.29	25.4452	0.318769
XM_047423995.1	3766	3538.29	0	0
XM_047423996.1	2949	2721.29	118.472	1.95921
XM_047423997.1	1655	1427.29	0	0
XM_047423998.1	2101	1873.29	0	0
XM_047423999.1	2587	2359.29	0	0
XM_047424000.1	5400	5172.29	0	0
XM_047424001.1	5702	5474.29	0	0
XM_047424002.1	5611	5383.29	0	0
XM_047424003.1	5636	5408.29	0	0
XM_047424004.1	5519	5291.29	0	0
XM_047424005.1	4796	4568.29	2.89693	0.0285382
XM_047424006.1	4684	4456.29	4.38184	0.0442512
XM_047424007.1	3098	2870.29	17.9394	0.28127
XM_047424008.1	3014	2786.29	0	0
XM_047424009.1	8019	7791.29	0.0250217	0.000144527
XM_047424010.1	8092	7864.29	0.0311845	0.000178452
XM_047424011.1	3014	2786.29	0	0
XM_047424012.1	7894	7666.29	0.109689	0.000643901
XM_047424013.1	7918	7690.29	0	0
XM_047424014.1	8191	7963.29	0	0
XM_047424015.1	8025	7797.29	0	0
XM_047424016.1	8292	8064.29	0	0
XM_047424017.1	7625	7397.29	0.000422571	2.5708e-06
XM_047424018.1	8707	8479.29	19.0762	0.101245
XM_047424019.1	8480	8252.29	0	0
XM_047424020.1	8777	8549.29	24.4277	0.128586
XM_047424021.1	3058	2830.29	125.541	1.99616
XM_047424022.1	8654	8426.29	1.67205e-06	8.93005e-09
XM_047424023.1	7920	7692.29	19.1392	0.111973
XM_047424024.1	7993	7765.29	22.5955	0.13095
XM_047424025.1	7621	7393.29	0	0
XM_047424026.1	8092	7864.29	0	0
XM_047424027.1	7608	7380.29	0	0
XM_047424028.1	7819	7591.29	4.18981e-08	2.48382e-10
XM_047424029.1	7526	7298.29	0.429076	0.00264579
XM_047424030.1	2938	2710.29	47.3259	0.785823
XM_047424031.1	8275	8047.29	14.2591	0.0797418
XM_047424032.1	8313	8085.29	0	0
XM_047424033.1	7486	7258.29	219.439	1.36057
XM_047424034.1	7836	7608.29	56.5837	0.334693
XM_047424035.1	7672	7444.29	115.091	0.695759
XM_047424036.1	7882	7654.29	17.7035	0.104087
XM_047424037.1	7809	7581.29	14.9382	0.0886744
XM_047424038.1	7857	7629.29	7.7103	0.0454809
XM_047424039.1	7708	7480.29	2.41461e-08	1.45268e-10
XM_047424040.1	1977	1749.29	0	0
XM_047424041.1	7550	7322.29	0	0
XM_047424042.1	7849	7621.29	0	0
XM_047424043.1	8164	7936.29	11.1521	0.0632386
XM_047424044.1	7651	7423.29	0	0
XM_047424045.1	7815	7587.29	0	0
XM_047424046.1	8555	8327.29	0	0
XM_047424056.1	830	602.427	0	0
XM_047424057.1	1929	1701.29	0	0
XM_047424058.1	4040	3812.29	6.58235	0.0777028
XM_047424059.1	2192	1964.29	3.82209e-08	8.75663e-10
XM_047424060.1	2812	2584.29	494.645	8.61379
XM_047424061.1	2850	2622.29	2.3403	0.0401635
XM_047424062.1	2894	2666.29	184.53	3.11459
XM_047424063.1	2794	2566.29	0.248126	0.0043512
XM_047424064.1	2832	2604.29	86.2245	1.48999
XM_047424065.1	4383	4155.29	0	0
XM_047424066.1	3577	3349.29	266.863	3.58573
XM_047424067.1	1023	795.293	12.0001	0.679047
XM_047424068.1	685	458.134	152.57	14.9871
XM_047424069.1	1607	1379.29	7.46274	0.243492
XM_047424070.1	4292	4064.29	0	0
XM_047424071.1	4292	4064.29	0	0
XM_047424072.1	10332	10104.3	0	0
XM_047424073.1	7720	7492.29	3707.54	22.2696
XM_047424074.1	8082	7854.29	0	0
XM_047424075.1	4292	4064.29	0	0
XM_047424076.1	8884	8656.29	0	0
XM_047424077.1	5180	4952.29	0	0
XM_047424078.1	4997	4769.29	251.147	2.36983
XM_047424079.1	4946	4718.29	85.797	0.818332
XM_047424080.1	2244	2016.29	152.432	3.40224
XM_047424081.1	2279	2051.29	46.0892	1.01115
XM_047424082.1	1912	1684.29	0	0
XM_047424083.1	1937	1709.29	823.437	21.6798
XM_047424084.1	1051	823.293	0	0
XM_047424085.1	1151	923.293	96.7957	4.71801
XM_047424086.1	2266	2038.29	0	0
XM_047424087.1	1243	1015.29	0	0
XM_047424088.1	1973	1745.29	0	0
XM_047424089.1	4511	4283.29	0	0
XM_047424090.1	4940	4712.29	0	0
XM_047424091.1	4734	4506.29	9.88258	0.0986945
XM_047424092.1	4812	4584.29	24.2953	0.238502
XM_047424093.1	4502	4274.29	0	0
XM_047424094.1	4435	4207.29	0	0
XM_047424095.1	4829	4601.29	0	0
XM_047424096.1	4268	4040.29	0	0
XM_047424097.1	4359	4131.29	0	0
XM_047424098.1	4389	4161.29	0	0
XM_047424099.1	1943	1715.29	0	0
XM_047424100.1	4381	4153.29	0	0
XM_047424101.1	2927	2699.29	0	0
XM_047424102.1	3479	3251.29	0	0
XM_047424103.1	1919	1691.29	0	0
XM_047424104.1	3135	2907.29	0	0
XM_047424105.1	4265	4037.29	0.748246	0.00834058
XM_047424106.1	1982	1754.29	0	0
XM_047424107.1	1892	1664.29	0	0
XM_047424108.1	2885	2657.29	0	0
XM_047424109.1	3049	2821.29	0	0
XM_047424110.1	7034	6806.29	0	0
XM_047424111.1	4508	4280.29	0	0
XM_047424112.1	4356	4128.29	0	0
XM_047424113.1	2738	2510.29	0	0
XM_047424114.1	2928	2700.29	0	0
XM_047424115.1	2735	2507.29	0	0
XM_047424116.1	2907	2679.29	0	0
XM_047424117.1	2880	2652.29	0	0
XM_047424118.1	10321	10093.3	3.36956e-05	1.50239e-07
XM_047424119.1	6258	6030.29	0	0
XM_047424120.1	6427	6199.29	0	0
XM_047424121.1	6234	6006.29	0	0
XM_047424122.1	2841	2613.29	0	0
XM_047424123.1	10264	10036.3	0	0
XM_047424124.1	6400	6172.29	0	0
XM_047424125.1	10234	10006.3	19.8596	0.0893183
XM_047424126.1	2790	2562.29	0	0
XM_047424127.1	6361	6133.29	0	0
XM_047424128.1	6358	6130.29	0	0
XM_047424129.1	6337	6109.29	0	0
XM_047424130.1	6307	6079.29	0	0
XM_047424131.1	2718	2490.29	0	0
XM_047424132.1	2697	2469.29	0	0
XM_047424133.1	2504	2276.29	0	0
XM_047424134.1	9945	9717.29	0.712708	0.00330072
XM_047424135.1	6268	6040.29	0	0
XM_047424136.1	2670	2442.29	0	0
XM_047424137.1	6048	5820.29	0	0
XM_047424138.1	6241	6013.29	0	0
XM_047424139.1	6217	5989.29	0	0
XM_047424140.1	6024	5796.29	0	0
XM_047424141.1	2435	2207.29	0	0
XM_047424142.1	2628	2400.29	0	0
XM_047424143.1	2607	2379.29	0	0
XM_047424144.1	6190	5962.29	0	0
XM_047424145.1	2580	2352.29	0	0
XM_047424146.1	6151	5923.29	0	0
XM_047424147.1	5958	5730.29	0	0
XM_047424148.1	6148	5920.29	0	0
XM_047424149.1	5803	5575.29	0	0
XM_047424150.1	6127	5899.29	0	0
XM_047424151.1	2538	2310.29	0	0
XM_047424152.1	6058	5830.29	0	0
XM_047424153.1	6007	5779.29	0	0
XM_047424154.1	1766	1538.29	0	0
XM_047424155.1	1345	1117.29	0	0
XM_047424156.1	1594	1366.29	5.71776	0.188332
XM_047424157.1	658	431.717	2.22774e-05	2.32224e-06
XM_047424158.1	2519	2291.29	17.4135	0.342017
XM_047424159.1	2257	2029.29	0	0
XM_047424160.1	2285	2057.29	0	0
XM_047424161.1	1409	1181.29	0	0
XM_047424162.1	1408	1180.29	0	0
XM_047424163.1	4562	4334.29	31.7298	0.329452
XM_047424164.1	4646	4418.29	0	0
XM_047424165.1	2248	2020.29	0	0
XM_047424166.1	3251	3023.29	66.1145	0.984144
XM_047424167.1	2245	2017.29	0	0
XM_047424168.1	2556	2328.29	25.1945	0.486979
XM_047424169.1	2448	2220.29	16.3156	0.330701
XM_047424170.1	2412	2184.29	77.3069	1.59276
XM_047424171.1	2520	2292.29	110.33	2.16604
XM_047424172.1	2391	2163.29	0	0
XM_047424173.1	2499	2271.29	0	0
XM_047424174.1	2279	2051.29	26.1312	0.57329
XM_047424175.1	2851	2623.29	0	0
XM_047424176.1	2362	2134.29	7.35852	0.15516
XM_047424177.1	2470	2242.29	3.20378	0.0643003
XM_047424178.1	2242	2014.29	5.09873e-07	1.13915e-08
XM_047424179.1	2325	2097.29	2.58207e-07	5.54052e-09
XM_047424180.1	2433	2205.29	1.00744e-06	2.05587e-08
XM_047424181.1	2243	2015.29	139.585	3.11704
XM_047424182.1	2434	2206.29	15.1423	0.308866
XM_047424183.1	2326	2098.29	37.7983	0.810677
XM_047424184.1	2221	1993.29	0	0
XM_047424185.1	2412	2184.29	0	0
XM_047424186.1	2304	2076.29	0	0
XM_047424187.1	2413	2185.29	71.8404	1.47945
XM_047424188.1	2305	2077.29	0.120879	0.00261876
XM_047424189.1	2185	1957.29	2.78514e-08	6.40373e-10
XM_047424190.1	2836	2608.29	0	0
XM_047424191.1	2268	2040.29	0	0
XM_047424192.1	2376	2148.29	0	0
XM_047424193.1	2239	2011.29	4.76525e-08	1.06624e-09
XM_047424194.1	2156	1928.29	9.07633e-08	2.11826e-09
XM_047424195.1	2347	2119.29	5.09471e-08	1.08186e-09
XM_047424196.1	2135	1907.29	0	0
XM_047424197.1	2218	1990.29	0	0
XM_047424198.1	2183	1955.29	5.72109	0.131677
XM_047424199.1	2098	1870.29	0	0
XM_047424200.1	2181	1953.29	0	0
XM_047424201.1	2824	2596.29	0	0
XM_047424202.1	2099	1871.29	42.1482	1.01363
XM_047424203.1	2182	1954.29	0.0134712	0.000310211
XM_047424204.1	2290	2062.29	13.1822	0.287661
XM_047424205.1	2147	1919.29	34.2074	0.802085
XM_047424206.1	2012	1784.29	0	0
XM_047424207.1	6370	6142.29	246.667	1.80727
XM_047424208.1	5300	5072.29	0	0
XM_047424209.1	4877	4649.29	76.703	0.742451
XM_047424210.1	5138	4910.29	89.5719	0.820931
XM_047424211.1	6337	6109.29	30.4188	0.224075
XM_047424212.1	5153	4925.29	0	0
XM_047424213.1	5313	5085.29	1.89338	0.0167557
XM_047424214.1	5113	4885.29	42.1399	0.388191
XM_047424215.1	5062	4834.29	0	0
XM_047424216.1	4958	4730.29	57.6028	0.548021
XM_047424217.1	5163	4935.29	0	0
XM_047424218.1	4961	4733.29	12.7608	0.121327
XM_047424219.1	5178	4950.29	0	0
XM_047424220.1	5340	5112.29	0	0
XM_047424221.1	5519	5291.29	0	0
XM_047424222.1	5148	4920.29	8.71627e-07	7.97227e-09
XM_047424223.1	5327	5099.29	8.46085e-07	7.46701e-09
XM_047424224.1	5201	4973.29	0	0
XM_047424225.1	9125	8897.29	0	0
XM_047424226.1	9549	9321.29	0	0
XM_047424227.1	9540	9312.29	0	0
XM_047424228.1	9074	8846.29	5.99758	0.030511
XM_047424229.1	9068	8840.29	5.98104e-06	3.04476e-08
XM_047424230.1	9489	9261.29	0	0
XM_047424231.1	9059	8831.29	3.58943	0.0182912
XM_047424232.1	9483	9255.29	0	0
XM_047424233.1	9008	8780.29	21.2163	0.108743
XM_047424234.1	8999	8771.29	0	0
XM_047424235.1	8993	8765.29	1.1706e-06	6.01014e-09
XM_047424236.1	8993	8765.29	2.01597e-07	1.03505e-09
XM_047424237.1	9423	9195.29	2.53749e-06	1.24188e-08
XM_047424238.1	9414	9186.29	0	0
XM_047424239.1	8933	8705.29	5.798e-07	2.99735e-09
XM_047424240.1	8927	8699.29	3.98227e-07	2.0601e-09
XM_047424241.1	9348	9120.29	0	0
XM_047424242.1	8423	8195.29	0	0
XM_047424243.1	8363	8135.29	1.65245e-07	9.14109e-10
XM_047424244.1	8357	8129.29	0	0
XM_047424245.1	8348	8120.29	8.90473e-08	4.93505e-10
XM_047424246.1	8772	8544.29	0	0
XM_047424247.1	9311	9083.29	0.000527223	2.61212e-06
XM_047424248.1	8297	8069.29	5.89991e-07	3.29043e-09
XM_047424249.1	8288	8060.29	0	0
XM_047424250.1	8282	8054.29	0	0
XM_047424251.1	9251	9023.29	390.201	1.9461
XM_047424252.1	8222	7994.29	0	0
XM_047424253.1	8755	8527.29	183.678	0.969367
XM_047424254.1	8242	8014.29	0	0
XM_047424255.1	8191	7963.29	307.64	1.73857
XM_047424256.1	8185	7957.29	6.82095e-05	3.85764e-07
XM_047424257.1	8176	7948.29	179.385	1.01567
XM_047424258.1	8600	8372.29	0	0
XM_047424259.1	8116	7888.29	0	0
XM_047424260.1	8110	7882.29	1.17161e-05	6.68919e-08
XM_047424261.1	8110	7882.29	1.74097e-06	9.9399e-09
XM_047424262.1	8107	7879.29	0	0
XM_047424263.1	8050	7822.29	5.59424e-06	3.21847e-08
XM_047424264.1	8044	7816.29	3.70875e-06	2.13535e-08
XM_047424265.1	7895	7667.29	0	0
XM_047424266.1	7886	7658.29	0	0
XM_047424267.1	8039	7811.29	12.8371	0.0739584
XM_047424268.1	8030	7802.29	2.48269e-05	1.432e-07
XM_047424269.1	3064	2836.29	0	0
XM_047424270.1	7922	7694.29	0	0
XM_047424271.1	8979	8751.29	0	0
XM_047424272.1	8945	8717.29	67.0901	0.346353
XM_047424273.1	8809	8581.29	0.051505	0.000270109
XM_047424274.1	8800	8572.29	0	0
XM_047424275.1	1803	1575.29	9.80554	0.280125
XM_047424276.1	3243	3015.29	2	0.0298499
XM_047424277.1	3068	2840.29	0	0
XM_047424278.1	453	236.993	0	0
XM_047424279.1	1952	1724.29	0	0
XM_047424280.1	2925	2697.29	0	0
XM_047424281.1	2165	1937.29	101.416	2.35588
XM_047424282.1	1985	1757.29	1257.14	32.1945
XM_047424283.1	8587	8359.29	0	0
XM_047424284.1	1184	956.293	0	0
XM_047424285.1	4254	4026.29	9.15204	0.102295
XM_047424286.1	1963	1735.29	0	0
XM_047424287.1	8572	8344.29	0	0
XM_047424288.1	2706	2478.29	66.4046	1.20583
XM_047424289.1	1637	1409.29	562.413	17.9596
XM_047424290.1	1966	1738.29	41.4964	1.07431
XM_047424291.1	2699	2471.29	0	0
XM_047424292.1	2813	2585.29	0	0
XM_047424293.1	2147	1919.29	0	0
XM_047424294.1	2113	1885.29	0	0
XM_047424295.1	1985	1757.29	0	0
XM_047424296.1	4455	4227.29	3.25213	0.0346217
XM_047424297.1	1608	1380.29	0	0
XM_047424298.1	2532	2304.29	4.67543	0.0913117
XM_047424299.1	1544	1316.29	0	0
XM_047424300.1	1520	1292.29	108.575	3.78105
XM_047424301.1	8539	8311.29	16.1942	0.0876868
XM_047424302.1	3908	3680.29	12.4264	0.151951
XM_047424303.1	1876	1648.29	0	0
XM_047424304.1	1805	1577.29	10.0416	0.286506
XM_047424305.1	1850	1622.29	0	0
XM_047424306.1	3100	2872.29	28.6944	0.449584
XM_047424307.1	4652	4424.29	50.4882	0.513557
XM_047424308.1	660	433.717	6.9295	0.719015
XM_047424309.1	2149	1921.29	0	0
XM_047424310.1	7693	7465.29	22.0806	0.133109
XM_047424311.1	6258	6030.29	0.00666645	4.97506e-05
XM_047424312.1	10735	10507.3	0	0
XM_047424313.1	6222	5994.29	24.4967	0.183913
XM_047424314.1	6222	5994.29	24.4967	0.183913
XM_047424315.1	5599	5371.29	3.40581	0.0285354
XM_047424316.1	2379	2151.29	0	0
XM_047424317.1	2361	2133.29	13.7636	0.290351
XM_047424318.1	2234	2006.29	0	0
XM_047424319.1	2238	2010.29	0.342797	0.00767396
XM_047424320.1	2216	1988.29	0	0
XM_047424321.1	4658	4430.29	36.2859	0.368594
XM_047424322.1	10705	10477.3	10.8915	0.0467824
XM_047424323.1	10708	10480.3	415.885	1.78584
XM_047424324.1	10646	10418.3	0	0
XM_047424325.1	11448	11220.3	89.2547	0.357988
XM_047424326.1	9486	9258.29	0	0
XM_047424327.1	1975	1747.29	0	0
XM_047424328.1	1978	1750.29	0	0
XM_047424329.1	9427	9199.29	0	0
XM_047424330.1	1916	1688.29	0	0
XM_047424331.1	927	699.293	0	0
XM_047424332.1	9593	9365.29	12.8765	0.0618755
XM_047424333.1	9249	9021.29	0.374042	0.00186592
XM_047424334.1	7226	6998.29	79.4225	0.510733
XM_047424335.1	3199	2971.29	5.82794	0.0882698
XM_047424336.1	3067	2839.29	14.2316	0.225572
XM_047424337.1	3031	2803.29	17.2996	0.277722
XM_047424338.1	3031	2803.29	17.2996	0.277722
XM_047424339.1	3184	2956.29	7.84216e-05	1.1938e-06
XM_047424340.1	3181	2953.29	91.0441	1.38735
XM_047424341.1	3181	2953.29	124.906	1.90335
XM_047424342.1	3106	2878.29	0	0
XM_047424343.1	2908	2680.29	0	0
XM_047424344.1	2058	1830.29	0	0
XM_047424345.1	2749	2521.29	0	0
XM_047424346.1	3067	2839.29	0	0
XM_047424347.1	3031	2803.29	0	0
XM_047424348.1	2986	2758.29	0	0
XM_047424349.1	3261	3033.29	0.00511804	7.59332e-05
XM_047424350.1	3069	2841.29	0	0
XM_047424351.1	3066	2838.29	0	0
XM_047424352.1	2947	2719.29	0	0
XM_047424353.1	2872	2644.29	0	0
XM_047424354.1	2674	2446.29	0	0
XM_047424355.1	2672	2444.29	17.4111	0.320564
XM_047424356.1	2638	2410.29	0	0
XM_047424357.1	2827	2599.29	0	0
XM_047424358.1	3104	2876.29	0	0
XM_047424359.1	2865	2637.29	0	0
XM_047424360.1	2674	2446.29	0	0
XM_047424361.1	3189	2961.29	0	0
XM_047424362.1	3189	2961.29	0	0
XM_047424363.1	2362	2134.29	0	0
XM_047424364.1	2320	2092.29	0	0
XM_047424365.1	2321	2093.29	0	0
XM_047424366.1	2796	2568.29	0	0
XM_047424367.1	2691	2463.29	0	0
XM_047424368.1	1995	1767.29	0	0
XM_047424369.1	2478	2250.29	0	0
XM_047424370.1	2478	2250.29	0	0
XM_047424371.1	2154	1926.29	0	0
XM_047424372.1	1358	1130.29	0	0
XM_047424373.1	9156	8928.29	216.868	1.09312
XM_047424374.1	1764	1536.29	0	0
XM_047424375.1	9099	8871.29	1.99899e-06	1.01406e-08
XM_047424376.1	1908	1680.29	0	0
XM_047424377.1	678	451.406	5	0.498477
XM_047424378.1	883	655.427	44.6252	3.06406
XM_047424379.1	3733	3505.29	92.2285	1.18409
XM_047424380.1	2129	1901.29	0	0
XM_047424381.1	2858	2630.29	0	0
XM_047424382.1	2479	2251.29	0	0
XM_047424383.1	2312	2084.29	0	0
XM_047424384.1	2217	1989.29	0	0
XM_047424385.1	1909	1681.29	0	0
XM_047424386.1	2018	1790.29	25.2436	0.634556
XM_047424387.1	2202	1974.29	0	0
XM_047424388.1	1985	1757.29	0	0
XM_047424389.1	1929	1701.29	0	0
XM_047424390.1	1609	1381.29	0	0
XM_047424391.1	1701	1473.29	0	0
XM_047424392.1	1644	1416.29	0	0
XM_047424393.1	1656	1428.29	3.07089	0.0967586
XM_047424394.1	2661	2433.29	0	0
XM_047424395.1	1798	1570.29	0	0
XM_047424396.1	1901	1673.29	0	0
XM_047424397.1	1711	1483.29	0	0
XM_047424398.1	2584	2356.29	1.76962	0.0337982
XM_047424399.1	1470	1242.29	0	0
XM_047424400.1	15481	15253.3	0	0
XM_047424401.1	1287	1059.29	0	0
XM_047424402.1	2402	2174.29	7.78822	0.161199
XM_047424403.1	2550	2322.29	0	0
XM_047424404.1	3578	3350.29	0	0
XM_047424405.1	3494	3266.29	0	0
XM_047424406.1	3491	3263.29	0	0
XM_047424407.1	3323	3095.29	119.352	1.73528
XM_047424408.1	1660	1432.29	90.9915	2.85898
XM_047424409.1	2438	2210.29	22.5726	0.459593
XM_047424410.1	8803	8575.29	1.8116	0.00950729
XM_047424411.1	1667	1439.29	0	0
XM_047424412.1	4492	4264.29	0	0
XM_047424413.1	4474	4246.29	0	0
XM_047424414.1	1560	1332.29	0	0
XM_047424415.1	1469	1241.29	0	0
XM_047424416.1	4996	4768.29	0	0
XM_047424417.1	4424	4196.29	0	0
XM_047424418.1	3996	3768.29	0	0
XM_047424419.1	2267	2039.29	4.12964	0.0911327
XM_047424420.1	1156	928.293	0	0
XM_047424421.1	3913	3685.29	118.786	1.45056
XM_047424422.1	933	705.293	6.94042	0.442852
XM_047424423.1	3715	3487.29	0	0
XM_047424424.1	3638	3410.29	0	0
XM_047424425.1	3451	3223.29	0	0
XM_047424426.1	3181	2953.29	23.6975	0.361108
XM_047424427.1	2765	2537.29	266.387	4.72482
XM_047424428.1	3280	3052.29	0	0
XM_047424429.1	724	496.802	0	0
XM_047424430.1	1006	778.293	0	0
XM_047424431.1	1867	1639.29	0	0
XM_047424432.1	778	550.487	0	0
XM_047424433.1	1359	1131.29	104.645	4.16279
XM_047424434.1	11508	11280.3	337.834	1.3478
XM_047424435.1	4271	4043.29	0	0
XM_047424436.1	1777	1549.29	27.3796	0.79531
XM_047424437.1	4250	4022.29	321.926	3.60185
XM_047424438.1	4311	4083.29	50.0163	0.551243
XM_047424439.1	11152	10924.3	78.4862	0.323327
XM_047424440.1	1670	1442.29	1.32837	0.0414484
XM_047424441.1	1502	1274.29	54.5079	1.92501
XM_047424442.1	10758	10530.3	131.541	0.562163
XM_047424443.1	9297	9069.29	6.34577	0.0314886
XM_047424444.1	7184	6956.29	0	0
XM_047424445.1	2015	1787.29	231.244	5.8226
XM_047424446.1	2012	1784.29	0	0
XM_047424447.1	6245	6017.29	68.8289	0.514769
XM_047424448.1	9655	9427.29	0	0
XM_047424449.1	9475	9247.29	0	0
XM_047424450.1	9529	9301.29	0	0
XM_047424451.1	9451	9223.29	0	0
XM_047424452.1	9520	9292.29	0	0
XM_047424453.1	9382	9154.29	0	0
XM_047424454.1	9391	9163.29	0	0
XM_047424455.1	9292	9064.29	0	0
XM_047424456.1	9295	9067.29	0	0
XM_047424457.1	9461	9233.29	0	0
XM_047424458.1	9160	8932.29	0	0
XM_047424459.1	9169	8941.29	0	0
XM_047424460.1	9160	8932.29	0	0
XM_047424461.1	9061	8833.29	0	0
XM_047424462.1	9025	8797.29	0	0
XM_047424463.1	9013	8785.29	0	0
XM_047424464.1	9034	8806.29	0	0
XM_047424465.1	9212	8984.29	0	0
XM_047424466.1	4238	4010.29	101.629	1.14047
XM_047424467.1	3143	2915.29	32.2511	0.497858
XM_047424468.1	6817	6589.29	0	0
XM_047424469.1	6268	6040.29	0	0
XM_047424470.1	6220	5992.29	0	0
XM_047424471.1	6145	5917.29	0	0
XM_047424472.1	6016	5788.29	0	0
XM_047424473.1	6004	5776.29	0	0
XM_047424474.1	5989	5761.29	0	0
XM_047424475.1	5893	5665.29	9.4212e-06	7.48387e-08
XM_047424476.1	5779	5551.29	0	0
XM_047424477.1	5647	5419.29	0	0
XM_047424478.1	5620	5392.29	0	0
XM_047424479.1	5551	5323.29	0	0
XM_047424480.1	2723	2495.29	0	0
XM_047424481.1	4020	3792.29	77.0945	0.914879
XM_047424482.1	7963	7735.29	0	0
XM_047424483.1	7951	7723.29	0	0
XM_047424484.1	7976	7748.29	0	0
XM_047424485.1	8017	7789.29	0	0
XM_047424486.1	8060	7832.29	6.0825e-06	3.49491e-08
XM_047424487.1	7879	7651.29	0	0
XM_047424488.1	7606	7378.29	0	0
XM_047424489.1	8056	7828.29	0	0
XM_047424490.1	7880	7652.29	0	0
XM_047424491.1	7991	7763.29	10.6902	0.0619698
XM_047424492.1	8029	7801.29	0	0
XM_047424493.1	7946	7718.29	0	0
XM_047424494.1	8012	7784.29	0	0
XM_047424495.1	8026	7798.29	0	0
XM_047424496.1	7907	7679.29	0	0
XM_047424498.1	7877	7649.29	0	0
XM_047424499.1	7935	7707.29	0	0
XM_047424500.1	7833	7605.29	0	0
XM_047424501.1	7868	7640.29	0	0
XM_047424502.1	7960	7732.29	25.3612	0.147606
XM_047424503.1	9202	8974.29	0	0
XM_047424504.1	7850	7622.29	0	0
XM_047424505.1	7864	7636.29	0	0
XM_047424506.1	9057	8829.29	0	0
XM_047424507.1	7862	7634.29	0	0
XM_047424508.1	1395	1167.29	0	0
XM_047424509.1	7685	7457.29	0	0
XM_047424510.1	7333	7105.29	3.76696	0.023859
XM_047424511.1	3004	2776.29	40.995	0.664519
XM_047424512.1	3857	3629.29	0	0
XM_047424513.1	2950	2722.29	0	0
XM_047424514.1	4741	4513.29	6.72786e-08	6.70851e-10
XM_047424515.1	4895	4667.29	18.6444	0.179773
XM_047424516.1	4462	4234.29	426.612	4.53414
XM_047424517.1	4465	4237.29	375.294	3.98589
XM_047424518.1	3974	3746.29	24.8274	0.298244
XM_047424519.1	1336	1108.29	0	0
XM_047424520.1	2487	2259.29	0	0
XM_047424521.1	5573	5345.29	0	0
XM_047424522.1	4991	4763.29	0	0
XM_047424523.1	4920	4692.29	0	0
XM_047424524.1	5442	5214.29	0	0
XM_047424525.1	5490	5262.29	25.8478	0.22105
XM_047424526.1	5120	4892.29	0	0
XM_047424527.1	5065	4837.29	18.5783	0.172841
XM_047424528.1	5409	5181.29	0	0
XM_047424529.1	4862	4634.29	0	0
XM_047424530.1	4791	4563.29	0	0
XM_047424531.1	5312	5084.29	0	0
XM_047424532.1	4695	4467.29	5.08411	0.0512169
XM_047424533.1	4668	4440.29	0	0
XM_047424534.1	1314	1086.29	0.00522951	0.000216649
XM_047424535.1	1731	1503.29	0	0
XM_047424536.1	1185	957.293	38.8803	1.82779
XM_047424537.1	3127	2899.29	1873.17	29.0756
XM_047424538.1	5604	5376.29	92.5307	0.774543
XM_047424539.1	5641	5413.29	8.2862e-06	6.88868e-08
XM_047424540.1	2396	2168.29	122.917	2.55114
XM_047424541.1	2407	2179.29	138.049	2.85075
XM_047424542.1	2379	2151.29	4.70794e-06	9.84859e-08
XM_047424543.1	1316	1088.29	0	0
XM_047424544.1	5213	4985.29	69.7919	0.630023
XM_047424545.1	7203	6975.29	1	0.00645178
XM_047424546.1	7473	7245.29	0	0
XM_047424547.1	7312	7084.29	0	0
XM_047424548.1	11493	11265.3	0	0
XM_047424549.1	4943	4715.29	0	0
XM_047424550.1	7634	7406.29	20.1153	0.122227
XM_047424551.1	6732	6504.29	30.8589	0.213512
XM_047424552.1	5771	5543.29	0	0
XM_047424553.1	6137	5909.29	0	0
XM_047424554.1	5975	5747.29	0	0
XM_047424555.1	5897	5669.29	0	0
XM_047424556.1	3159	2931.29	0	0
XM_047424557.1	3129	2901.29	0	0
XM_047424558.1	3012	2784.29	0	0
XM_047424559.1	3178	2950.29	0	0
XM_047424560.1	6427	6199.29	3.42683	0.0248767
XM_047424561.1	3011	2783.29	0	0
XM_047424562.1	4523	4295.29	0	0
XM_047424563.1	2635	2407.29	113.202	2.11625
XM_047424564.1	4266	4038.29	2.44409	0.0272372
XM_047424565.1	3859	3631.29	0	0
XM_047424566.1	4881	4653.29	0	0
XM_047424567.1	2709	2481.29	0	0
XM_047424568.1	7042	6814.29	7.70021e-08	5.08539e-10
XM_047424569.1	6946	6718.29	21.5981	0.144677
XM_047424570.1	7069	6841.29	0	0
XM_047424571.1	6946	6718.29	0	0
XM_047424572.1	830	602.427	2.65465	0.19831
XM_047424573.1	6590	6362.29	0	0
XM_047424574.1	734	506.753	7.7476	0.688039
XM_047424575.1	1580	1352.29	33.6112	1.11855
XM_047424576.1	6072	5844.29	0	0
XM_047424577.1	6311	6083.29	0	0
XM_047424578.1	6209	5981.29	0	0
XM_047424579.1	2030	1802.29	13.8346	0.345449
XM_047424580.1	3551	3323.29	0	0
XM_047424581.1	1752	1524.29	0	0
XM_047424582.1	3491	3263.29	66.1961	0.91289
XM_047424583.1	1450	1222.29	33.0628	1.21733
XM_047424584.1	1039	811.293	9.79472	0.543321
XM_047424585.1	1652	1424.29	44.0776	1.39271
XM_047424586.1	2718	2490.29	102.93	1.86009
XM_047424587.1	4229	4001.29	3.00688e-07	3.38188e-09
XM_047424588.1	4321	4093.29	0	0
XM_047424589.1	4907	4679.29	0	0
XM_047424590.1	4263	4035.29	21.2758	0.237275
XM_047424591.1	4824	4596.29	0	0
XM_047424592.1	4076	3848.29	116.597	1.36352
XM_047424593.1	4753	4525.29	0	0
XM_047424594.1	4728	4500.29	0	0
XM_047424595.1	4075	3847.29	39.9801	0.467661
XM_047424596.1	1807	1579.29	99.6488	2.83956
XM_047424597.1	3684	3456.29	102.688	1.33706
XM_047424598.1	3918	3690.29	14.4	0.175608
XM_047424599.1	1742	1514.29	0	0
XM_047424600.1	3076	2848.29	685.291	10.8276
XM_047424601.1	3076	2848.29	0	0
XM_047424602.1	3058	2830.29	0	0
XM_047424603.1	1773	1545.29	282.994	8.24154
XM_047424604.1	3049	2821.29	0	0
XM_047424605.1	3040	2812.29	0	0
XM_047424606.1	3031	2803.29	0	0
XM_047424607.1	3022	2794.29	20.5389	0.330786
XM_047424608.1	3019	2791.29	514.284	8.29163
XM_047424609.1	2998	2770.29	0	0
XM_047424610.1	2995	2767.29	0	0
XM_047424611.1	2995	2767.29	0	0
XM_047424612.1	2962	2734.29	0	0
XM_047424613.1	2953	2725.29	0.00116684	1.92682e-05
XM_047424614.1	2944	2716.29	0	0
XM_047424615.1	2908	2680.29	14.2567	0.239376
XM_047424616.1	2875	2647.29	0	0
XM_047424617.1	2857	2629.29	1.16618	0.0199603
XM_047424618.1	2848	2620.29	0	0
XM_047424619.1	1651	1423.29	0	0
XM_047424620.1	2066	1838.29	13.2191	0.323616
XM_047424621.1	1707	1479.29	12.8135	0.389812
XM_047424622.1	2740	2512.29	0	0
XM_047424623.1	2995	2767.29	0	0
XM_047424624.1	2894	2666.29	24.9377	0.420911
XM_047424625.1	2643	2415.29	0	0
XM_047424626.1	2636	2408.29	0	0
XM_047424627.1	2607	2379.29	0	0
XM_047424628.1	3009	2781.29	0	0
XM_047424629.1	2418	2190.29	0	0
XM_047424630.1	2820	2592.29	0	0
XM_047424631.1	2006	1778.29	0	0
XM_047424632.1	1756	1528.29	0	0
XM_047424633.1	2096	1868.29	6.15995	0.14838
XM_047424634.1	1805	1577.29	0	0
XM_047424635.1	1753	1525.29	0	0
XM_047424636.1	1493	1265.29	0	0
XM_047424637.1	1717	1489.29	0	0
XM_047424638.1	1650	1422.29	0	0
XM_047424639.1	1811	1583.29	0	0
XM_047424640.1	6786	6558.29	0	0
XM_047424641.1	907	679.293	18.6074	1.23274
XM_047424642.1	1395	1167.29	0	0
XM_047424643.1	1314	1086.29	0	0
XM_047424644.1	5151	4923.29	0	0
XM_047424645.1	5241	5013.29	0	0
XM_047424646.1	5048	4820.29	0	0
XM_047424647.1	5268	5040.29	0	0
XM_047424648.1	5186	4958.29	0	0
XM_047424649.1	4970	4742.29	4.55576	0.043233
XM_047424650.1	1544	1316.29	0	0
XM_047424651.1	1538	1310.29	0	0
XM_047424652.1	4732	4504.29	0	0
XM_047424653.1	4323	4095.29	0	0
XM_047424654.1	3572	3344.29	0	0
XM_047424655.1	1123	895.293	0	0
XM_047424656.1	4877	4649.29	0	0
XM_047424657.1	4772	4544.29	0	0
XM_047424658.1	4831	4603.29	0	0
XM_047424659.1	4899	4671.29	0	0
XM_047424660.1	4884	4656.29	35.0895	0.33914
XM_047424661.1	1723	1495.29	4.61883	0.139011
XM_047424662.1	1445	1217.29	7.71717	0.285302
XM_047424663.1	1169	941.293	2.65402	0.126888
XM_047424664.1	7117	6889.29	22.1457	0.144663
XM_047424665.1	6842	6614.29	0	0
XM_047424666.1	6701	6473.29	0	0
XM_047424667.1	7228	7000.29	0	0
XM_047424668.1	6988	6760.29	47.8552	0.318571
XM_047424669.1	6949	6721.29	0	0
XM_047424670.1	6934	6706.29	15.7118	0.105435
XM_047424671.1	7009	6781.29	66.1754	0.439163
XM_047424672.1	7219	6991.29	105.425	0.678623
XM_047424673.1	7160	6932.29	0	0
XM_047424674.1	6974	6746.29	0	0
XM_047424675.1	7330	7102.29	66.97	0.42435
XM_047424676.1	7059	6831.29	0	0
XM_047424677.1	6885	6657.29	869.698	5.87913
XM_047424678.1	6659	6431.29	17.0152	0.119064
XM_047424679.1	6726	6498.29	39.8859	0.276224
XM_047424680.1	6557	6329.29	0	0
XM_047424681.1	4246	4018.29	3.81102e-05	4.26817e-07
XM_047424682.1	3656	3428.29	0.00511449	6.71378e-05
XM_047424683.1	3966	3738.29	45.4946	0.547682
XM_047424684.1	622	396.338	0	0
XM_047424685.1	1586	1358.29	0	0
XM_047424686.1	1431	1203.29	0	0
XM_047424687.1	1566	1338.29	0	0
XM_047424688.1	1393	1165.29	34.6604	1.33857
XM_047424689.1	913	685.293	6.11748	0.401734
XM_047424690.1	1762	1534.29	18.742	0.549732
XM_047424691.1	1970	1742.29	0	0
XM_047424692.1	3170	2942.29	5.61604	0.0858987
XM_047424693.1	2426	2198.29	14.6406	0.29972
XM_047424694.1	2420	2192.29	0	0
XM_047424695.1	2913	2685.29	2.24897	0.0376907
XM_047424696.1	2333	2105.29	0.00212468	4.54175e-05
XM_047424697.1	2841	2613.29	1.36372	0.0234844
XM_047424698.1	2307	2079.29	0	0
XM_047424699.1	8463	8235.29	7.13238	0.038976
XM_047424700.1	3236	3008.29	0	0
XM_047424701.1	3245	3017.29	267.829	3.99468
XM_047424702.1	6866	6638.29	0	0
XM_047424703.1	6938	6710.29	319.784	2.14466
XM_047424704.1	1942	1714.29	0	0
XM_047424705.1	2221	1993.29	0	0
XM_047424706.1	1944	1716.29	0	0
XM_047424707.1	1896	1668.29	0	0
XM_047424708.1	2528	2300.29	0	0
XM_047424709.1	3400	3172.29	28.2928	0.40137
XM_047424710.1	3204	2976.29	7.44403	0.112558
XM_047424711.1	6559	6331.29	39.0742	0.277741
XM_047424712.1	8460	8232.29	1.75429e-08	9.5901e-11
XM_047424713.1	1938	1710.29	26.1503	0.688094
XM_047424714.1	1868	1640.29	0	0
XM_047424715.1	704	476.947	11.5484	1.08967
XM_047424716.1	4846	4618.29	62.4983	0.609016
XM_047424717.1	1740	1512.29	0	0
XM_047424718.1	1294	1066.29	5.5204	0.232989
XM_047424719.1	8454	8226.29	54.1644	0.296314
XM_047424720.1	1495	1267.29	0	0
XM_047424721.1	1478	1250.29	0	0
XM_047424722.1	1206	978.293	0	0
XM_047424723.1	3394	3166.29	0	0
XM_047424724.1	3247	3019.29	0	0
XM_047424725.1	3329	3101.29	0	0
XM_047424726.1	3377	3149.29	0	0
XM_047424727.1	3392	3164.29	0	0
XM_047424728.1	3227	2999.29	14.992	0.224948
XM_047424729.1	3337	3109.29	0	0
XM_047424730.1	3286	3058.29	0	0
XM_047424731.1	3306	3078.29	0	0
XM_047424732.1	3377	3149.29	0	0
XM_047424733.1	3324	3096.29	0	0
XM_047424734.1	3169	2941.29	13.1303	0.2009
XM_047424735.1	3319	3091.29	0	0
XM_047424736.1	3339	3111.29	0	0
XM_047424737.1	3150	2922.29	42.4253	0.653346
XM_047424738.1	3080	2852.29	0	0
XM_047424739.1	3379	3151.29	0	0
XM_047424740.1	3074	2846.29	0	0
XM_047424741.1	2957	2729.29	0	0
XM_047424742.1	5987	5759.29	0	0
XM_047424743.1	3996	3768.29	88.9542	1.06234
XM_047424744.1	3334	3106.29	4.0746	0.0590316
XM_047424745.1	15127	14899.3	12.9782	0.0392006
XM_047424746.1	3204	2976.29	0	0
XM_047424747.1	3453	3225.29	0	0
XM_047424748.1	3161	2933.29	0	0
XM_047424749.1	5910	5682.29	0	0
XM_047424750.1	3277	3049.29	0	0
XM_047424751.1	4062	3834.29	0	0
XM_047424752.1	3856	3628.29	0	0
XM_047424753.1	4217	3989.29	0	0
XM_047424754.1	3783	3555.29	0	0
XM_047424755.1	3724	3496.29	0	0
XM_047424756.1	3829	3601.29	0	0
XM_047424757.1	9368	9140.29	0	0
XM_047424758.1	8451	8223.29	1.316e-07	7.202e-10
XM_047424759.1	3841	3613.29	0	0
XM_047424760.1	3909	3681.29	0	0
XM_047424761.1	3099	2871.29	0	0
XM_047424762.1	3956	3728.29	36.1699	0.436596
XM_047424763.1	5641	5413.29	0	0
XM_047424764.1	6419	6191.29	0	0
XM_047424765.1	6368	6140.29	36.0381	0.264129
XM_047424766.1	5548	5320.29	0	0
XM_047424767.1	4795	4567.29	232.992	2.29575
XM_047424768.1	5332	5104.29	81.9096	0.722174
XM_047424769.1	5573	5345.29	56.0614	0.471992
XM_047424770.1	3922	3694.29	0	0
XM_047424771.1	2979	2751.29	11.5452	0.188845
XM_047424772.1	8494	8266.29	103.521	0.563585
XM_047424773.1	8380	8152.29	0.000107908	5.95685e-07
XM_047424774.1	12129	11901.3	12.5098	0.047304
XM_047424775.1	6163	5935.29	0	0
XM_047424776.1	3071	2843.29	394.208	6.23944
XM_047424777.1	2178	1950.29	0	0
XM_047424778.1	2183	1955.29	6.99532	0.161004
XM_047424779.1	4997	4769.29	7.13615	0.0673368
XM_047424780.1	1540	1312.29	0	0
XM_047424781.1	1639	1411.29	0	0
XM_047424782.1	1528	1300.29	63.1142	2.18438
XM_047424783.1	1635	1407.29	9.18584	0.293749
XM_047424784.1	3131	2903.29	3.17937	0.0492825
XM_047424785.1	2774	2546.29	0	0
XM_047424786.1	2435	2207.29	0	0
XM_047424787.1	2316	2088.29	1.94676	0.0419529
XM_047424788.1	2590	2362.29	0	0
XM_047424789.1	2710	2482.29	0	0
XM_047424790.1	2695	2467.29	0	0
XM_047424791.1	3670	3442.29	0	0
XM_047424792.1	2880	2652.29	0	0
XM_047424793.1	2172	1944.29	0	0
XM_047424794.1	4034	3806.29	58.259	0.688816
XM_047424795.1	4031	3803.29	30.9264	0.365942
XM_047424796.1	2477	2249.29	0	0
XM_047424797.1	2212	1984.29	0.00395615	8.97241e-05
XM_047424798.1	2078	1850.29	0	0
XM_047424799.1	2209	1981.29	51.3703	1.16683
XM_047424800.1	6191	5963.29	24.8676	0.187668
XM_047424801.1	3947	3719.29	0	0
XM_047424802.1	3735	3507.29	13.1005	0.168096
XM_047424803.1	1679	1451.29	0	0
XM_047424804.1	3530	3302.29	0	0
XM_047424805.1	3564	3336.29	4.1875e-07	5.6485e-09
XM_047424806.1	3310	3082.29	0	0
XM_047424807.1	8059	7831.29	0	0
XM_047424808.1	7776	7548.29	0	0
XM_047424809.1	8035	7807.29	0	0
XM_047424810.1	7720	7492.29	0	0
XM_047424811.1	3289	3061.29	1.62232e-05	2.38492e-07
XM_047424812.1	7990	7762.29	0	0
XM_047424813.1	7707	7479.29	0	0
XM_047424814.1	7966	7738.29	0	0
XM_047424815.1	2294	2066.29	0	0
XM_047424816.1	2262	2034.29	0	0
XM_047424817.1	3348	3120.29	1.00574e-05	1.45055e-07
XM_047424818.1	7518	7290.29	0	0
XM_047424819.1	1903	1675.29	0	0
XM_047424820.1	1945	1717.29	4.70719	0.123356
XM_047424821.1	7997	7769.29	0	0
XM_047424822.1	9178	8950.29	81.5173	0.409878
XM_047424823.1	3242	3014.29	0	0
XM_047424824.1	7858	7630.29	0	0
XM_047424825.1	6469	6241.29	65.6797	0.473586
XM_047424826.1	7570	7342.29	26.2545	0.160922
XM_047424827.1	6673	6445.29	27.7631	0.193851
XM_047424828.1	8446	8218.29	64.5749	0.35361
XM_047424829.1	3221	2993.29	0	0
XM_047424830.1	5807	5579.29	143.477	1.1573
XM_047424831.1	5268	5040.29	16.7069	0.14917
XM_047424832.1	5708	5480.29	8.71533	0.0715686
XM_047424833.1	3375	3147.29	0	0
XM_047424834.1	6495	6267.29	0	0
XM_047424835.1	3094	2866.29	0	0
XM_047424836.1	4745	4517.29	0	0
XM_047424837.1	4484	4256.29	7.92412e-05	8.37841e-07
XM_047424838.1	4129	3901.29	70.1369	0.80906
XM_047424839.1	3394	3166.29	694.774	9.87495
XM_047424840.1	3388	3160.29	23.1613	0.329821
XM_047424841.1	2988	2760.29	0.64444	0.0105068
XM_047424842.1	3039	2811.29	0	0
XM_047424843.1	8349	8121.29	4.59159e-06	2.54437e-08
XM_047424844.1	7051	6823.29	1.51847	0.0100151
XM_047424845.1	4256	4028.29	12.529	0.13997
XM_047424846.1	3511	3283.29	0.00230264	3.15616e-05
XM_047424847.1	4376	4148.29	12.545	0.136095
XM_047424848.1	4106	3878.29	48.5386	0.563235
XM_047424849.1	7027	6799.29	174.394	1.15428
XM_047424850.1	3487	3259.29	46.5308	0.642479
XM_047424851.1	10595	10367.3	0.580413	0.0025195
XM_047424852.1	3255	3027.29	18.4785	0.274697
XM_047424853.1	3353	3125.29	5.64235	0.0812478
XM_047424854.1	3231	3003.29	18.3467	0.274918
XM_047424855.1	3375	3147.29	21.2127	0.30332
XM_047424856.1	3329	3101.29	8.82531	0.128065
XM_047424857.1	10632	10404.3	2.3168	0.0100211
XM_047424858.1	3070	2842.29	29.577	0.468304
XM_047424859.1	2821	2593.29	11.6018	0.201333
XM_047424860.1	5987	5759.29	0.299863	0.00234313
XM_047424861.1	5963	5735.29	22.6554	0.17777
XM_047424862.1	5906	5678.29	1.29826	0.0102893
XM_047424863.1	5891	5663.29	0.576652	0.00458234
XM_047424864.1	5885	5657.29	0.202773	0.00161304
XM_047424865.1	5882	5654.29	103.004	0.819818
XM_047424866.1	5867	5639.29	46.5762	0.371691
XM_047424867.1	6055	5827.29	20.2074	0.156058
XM_047424868.1	6031	5803.29	41.8593	0.324608
XM_047424869.1	6016	5788.29	42.6538	0.331627
XM_047424870.1	5974	5746.29	88.9871	0.696918
XM_047424871.1	5959	5731.29	40.8564	0.320812
XM_047424872.1	5935	5707.29	85.2761	0.672419
XM_047424874.1	3660	3432.29	35.4391	0.464666
XM_047424875.1	3478	3250.29	0	0
XM_047424876.1	5193	4965.29	0	0
XM_047424877.1	5139	4911.29	0	0
XM_047424878.1	5727	5499.29	0	0
XM_047424879.1	5723	5495.29	21.6927	0.17765
XM_047424880.1	5073	4845.29	0	0
XM_047424881.1	4950	4722.29	18.7182	0.178383
XM_047424882.1	4896	4668.29	1.38452	0.013347
XM_047424883.1	4997	4769.29	58.2373	0.549527
XM_047424884.1	4977	4749.29	1.98482e-06	1.88077e-08
XM_047424885.1	4695	4467.29	1.7492	0.0176213
XM_047424886.1	4287	4059.29	10.4734	0.116112
XM_047424887.1	4204	3976.29	33.1735	0.375452
XM_047424888.1	3146	2918.29	18.004	0.27764
XM_047424889.1	2701	2473.29	0	0
XM_047424890.1	8340	8112.29	10.3905	0.0576417
XM_047424891.1	2698	2470.29	0	0
XM_047424892.1	25359	25131.3	0	0
XM_047424893.1	11588	11360.3	101.167	0.400768
XM_047424894.1	8822	8594.29	0	0
XM_047424895.1	9242	9014.29	6.11066	0.030507
XM_047424896.1	25254	25026.3	0	0
XM_047424897.1	8717	8489.29	0	0
XM_047424898.1	6066	5838.29	181.712	1.40068
XM_047424899.1	22774	22546.3	51.7473	0.103289
XM_047424900.1	2237	2009.29	0	0
XM_047424901.1	5961	5733.29	161.505	1.26772
XM_047424902.1	7809	7581.29	0	0
XM_047424903.1	4312	4084.29	0	0
XM_047424904.1	2472	2244.29	0	0
XM_047424905.1	1936	1708.29	60.6404	1.5975
XM_047424906.1	1770	1542.29	0.0394958	0.00115246
XM_047424907.1	4505	4277.29	140.211	1.47521
XM_047424908.1	7947	7719.29	151.842	0.885233
XM_047424909.1	3474	3246.29	104.916	1.45444
XM_047424910.1	9753	9525.29	99.5188	0.470185
XM_047424911.1	8355	8127.29	30.2694	0.16761
XM_047424912.1	8584	8356.29	34.5975	0.186326
XM_047424913.1	8391	8163.29	0.257804	0.00142124
XM_047424915.1	8152	7924.29	16.0549	0.0911781
XM_047424916.1	8004	7776.29	1.50053	0.00868391
XM_047424917.1	7796	7568.29	0	0
XM_047424918.1	7806	7578.29	12.7563	0.0757523
XM_047424919.1	8035	7807.29	14.7916	0.0852624
XM_047424920.1	7613	7385.29	6.16589	0.0375726
XM_047424921.1	7603	7375.29	6.24964	0.0381345
XM_047424922.1	7644	7416.29	0.622006	0.00377442
XM_047424923.1	7677	7449.29	2.24719	0.0135759
XM_047424924.1	7479	7251.29	21.0744	0.130792
XM_047424925.1	14207	13979.3	0.332348	0.00106992
XM_047424926.1	7469	7241.29	0	0
XM_047424927.1	7708	7480.29	24.517	0.147499
XM_047424928.1	7286	7058.29	0.0392443	0.000250218
XM_047424929.1	7515	7287.29	0.000449912	2.77846e-06
XM_047424930.1	828	600.427	1.93298	0.14488
XM_047424931.1	8337	8109.29	1.91002e-08	1.05998e-10
XM_047424932.1	5077	4849.29	0	0
XM_047424933.1	901	673.361	6.58928	0.440384
XM_047424934.1	2261	2033.29	0	0
XM_047424935.1	13529	13301.3	0	0
XM_047424936.1	2252	2024.29	0	0
XM_047424937.1	2223	1995.29	1	0.0225546
XM_047424938.1	13523	13295.3	7.59916	0.0257223
XM_047424939.1	13517	13289.3	0.681753	0.0023087
XM_047424941.1	4447	4219.29	0	0
XM_047424942.1	4432	4204.29	15.4216	0.165074
XM_047424943.1	4420	4192.29	0	0
XM_047424944.1	4405	4177.29	2.58543	0.0278535
XM_047424945.1	4402	4174.29	0	0
XM_047424946.1	4396	4168.29	0	0
XM_047424947.1	4381	4153.29	14.0009	0.151707
XM_047424948.1	4369	4141.29	0	0
XM_047424949.1	4366	4138.29	0	0
XM_047424950.1	4339	4111.29	1.35734e-08	1.48577e-10
XM_047424951.1	4333	4105.29	0	0
XM_047424952.1	4330	4102.29	0	0
XM_047424953.1	4303	4075.29	0	0
XM_047424954.1	4297	4069.29	0	0
XM_047424955.1	4279	4051.29	0	0
XM_047424956.1	4156	3928.29	0	0
XM_047424957.1	4318	4090.29	0	0
XM_047424958.1	13523	13295.3	1.66376	0.00563163
XM_047424959.1	2874	2646.29	72.1835	1.22756
XM_047424960.1	13460	13232.3	56.67	0.192735
XM_047424961.1	4669	4441.29	559.706	5.67144
XM_047424962.1	12845	12617.3	0	0
XM_047424963.1	3232	3004.29	10.6396	0.159377
XM_047424964.1	3531	3303.29	11.3639	0.154818
XM_047424966.1	2657	2429.29	0	0
XM_047424967.1	1524	1296.29	0	0
XM_047424968.1	3877	3649.29	0	0
XM_047424969.1	13349	13121.3	35.3625	0.121285
XM_047424970.1	1447	1219.29	0	0
XM_047424971.1	5724	5496.29	76.9582	0.630126
XM_047424972.1	5199	4971.29	51.1105	0.462682
XM_047424973.1	16022	15794.3	0	0
XM_047424974.1	16037	15809.3	0	0
XM_047424975.1	16043	15815.3	23.5246	0.0669403
XM_047424976.1	15880	15652.3	0	0
XM_047424977.1	15767	15539.3	0	0
XM_047424978.1	41895	41667.3	20.2424	0.021863
XM_047424979.1	2802	2574.29	475.206	8.30741
XM_047424980.1	2319	2091.29	22.4998	0.484178
XM_047424981.1	14008	13780.3	0	0
XM_047424982.1	1355	1127.29	17.5713	0.70147
XM_047424983.1	1277	1049.29	13.7187	0.58838
XM_047424984.1	850	622.427	3.59249	0.259746
XM_047424985.1	2074	1846.29	25.5321	0.622342
XM_047424986.1	3961	3733.29	61.1393	0.737006
XM_047424987.1	2206	1978.29	77.1541	1.75514
XM_047424988.1	3750	3522.29	0	0
XM_047424989.1	7190	6962.29	0	0
XM_047424990.1	6447	6219.29	392.575	2.84069
XM_047424991.1	4595	4367.29	0	0
XM_047424992.1	4405	4177.29	518.445	5.58534
XM_047424993.1	4571	4343.29	162.968	1.68859
XM_047424994.1	8277	8049.29	1.03329	0.00577706
XM_047424995.1	4267	4039.29	0	0
XM_047424996.1	4195	3967.29	0	0
XM_047424997.1	4171	3943.29	72.8201	0.831064
XM_047424998.1	4133	3905.29	0	0
XM_047424999.1	4061	3833.29	251.763	2.95571
XM_047425000.1	4042	3814.29	14.6921	0.173345
XM_047425001.1	4781	4553.29	54.8242	0.541862
XM_047425002.1	2223	1995.29	35.0026	0.78947
XM_047425003.1	3197	2969.29	0	0
XM_047425004.1	2579	2351.29	0	0
XM_047425005.1	3000	2772.29	0	0
XM_047425006.1	2879	2651.29	0	0
XM_047425007.1	3136	2908.29	0	0
XM_047425008.1	2363	2135.29	0	0
XM_047425009.1	2661	2433.29	0	0
XM_047425010.1	2475	2247.29	0	0
XM_047425011.1	4407	4179.29	14.1483	0.152351
XM_047425012.1	2578	2350.29	0	0
XM_047425013.1	2675	2447.29	0	0
XM_047425014.1	2603	2375.29	0	0
XM_047425015.1	2453	2225.29	0	0
XM_047425016.1	958	730.293	0	0
XM_047425017.1	2555	2327.29	0	0
XM_047425018.1	2391	2163.29	0	0
XM_047425019.1	908	680.293	0	0
XM_047425020.1	5141	4913.29	0	0
XM_047425021.1	4157	3929.29	4.15086	0.0475408
XM_047425022.1	2570	2342.29	0	0
XM_047425023.1	2383	2155.29	0	0
XM_047425024.1	2358	2130.29	0	0
XM_047425025.1	3109	2881.29	0	0
XM_047425026.1	2403	2175.29	0	0
XM_047425027.1	2344	2116.29	0	0
XM_047425028.1	2151	1923.29	0	0
XM_047425029.1	2342	2114.29	0	0
XM_047425030.1	2444	2216.29	0	0
XM_047425031.1	1995	1767.29	6.75023	0.171891
XM_047425032.1	4154	3926.29	7.25089	0.0831096
XM_047425033.1	2192	1964.29	0	0
XM_047425034.1	2097	1869.29	0	0
XM_047425035.1	3198	2970.29	0	0
XM_047425036.1	2848	2620.29	26.9472	0.462813
XM_047425037.1	2746	2518.29	8.15053	0.145654
XM_047425038.1	4019	3791.29	4.00099	0.0474923
XM_047425039.1	3165	2937.29	20.9062	0.32031
XM_047425040.1	3063	2835.29	7.24349	0.114972
XM_047425041.1	2365	2137.29	5.7186e-07	1.20412e-08
XM_047425042.1	2284	2056.29	0	0
XM_047425043.1	1886	1658.29	0	0
XM_047425044.1	4604	4376.29	0	0
XM_047425045.1	3059	2831.29	0.810262	0.012879
XM_047425046.1	4269	4041.29	0	0
XM_047425047.1	2037	1809.29	0	0
XM_047425048.1	6825	6597.29	271.777	1.85391
XM_047425049.1	6861	6633.29	142.156	0.964446
XM_047425050.1	6363	6135.29	1010.48	7.41199
XM_047425051.1	3905	3677.29	8.46535e-05	1.036e-06
XM_047425052.1	1269	1041.29	0	0
XM_047425053.1	1266	1038.29	0	0
XM_047425054.1	1376	1148.29	316.417	12.4008
XM_047425055.1	4721	4493.29	0	0
XM_047425056.1	4756	4528.29	0	0
XM_047425057.1	4458	4230.29	0	0
XM_047425058.1	8184	7956.29	0	0
XM_047425059.1	3310	3082.29	0	0
XM_047425060.1	4054	3826.29	0	0
XM_047425061.1	3671	3443.29	0	0
XM_047425062.1	3610	3382.29	0	0
XM_047425063.1	3850	3622.29	0	0
XM_047425064.1	3499	3271.29	0	0
XM_047425065.1	3850	3622.29	0	0
XM_047425066.1	3892	3664.29	0	0
XM_047425067.1	3757	3529.29	0	0
XM_047425068.1	3711	3483.29	14.2697	0.18436
XM_047425069.1	3601	3373.29	0	0
XM_047425070.1	3665	3437.29	22.0076	0.288137
XM_047425071.1	3808	3580.29	2.78132e-08	3.49602e-10
XM_047425072.1	3886	3658.29	0	0
XM_047425073.1	3457	3229.29	0	0
XM_047425074.1	3808	3580.29	0	0
XM_047425075.1	4071	3843.29	24.2195	0.283598
XM_047425076.1	3554	3326.29	0	0
XM_047425077.1	3740	3512.29	0	0
XM_047425078.1	3397	3169.29	0	0
XM_047425079.1	3753	3525.29	0	0
XM_047425080.1	2599	2371.29	5.08131e-05	9.64346e-07
XM_047425081.1	2502	2274.29	4.07034	0.0805427
XM_047425082.1	2447	2219.29	9.829	0.199314
XM_047425083.1	2862	2634.29	2.99918e-06	5.12367e-08
XM_047425084.1	2354	2126.29	0.143638	0.0030401
XM_047425085.1	2240	2012.29	0	0
XM_047425086.1	2094	1866.29	59.5802	1.43669
XM_047425087.1	2272	2044.29	0	0
XM_047425088.1	2251	2023.29	0	0
XM_047425089.1	2596	2368.29	0	0
XM_047425090.1	1996	1768.29	0	0
XM_047425091.1	2423	2195.29	0	0
XM_047425092.1	1969	1741.29	0	0
XM_047425093.1	2402	2174.29	0	0
XM_047425094.1	1948	1720.29	0	0
XM_047425095.1	2381	2153.29	0	0
XM_047425096.1	1144	916.293	0	0
XM_047425097.1	1093	865.293	24.941	1.29716
XM_047425098.1	1589	1361.29	31.2988	1.03471
XM_047425099.1	3081	2853.29	0	0
XM_047425100.1	5071	4843.29	4.82709	0.0448525
XM_047425101.1	698	470.947	0	0
XM_047425102.1	665	438.717	2.4747	0.253852
XM_047425103.1	665	438.717	5.35136	0.548936
XM_047425104.1	465	247.59	0	0
XM_047425105.1	632	406.137	0.00141598	0.000156902
XM_047425106.1	6242	6014.29	0	0
XM_047425107.1	6032	5804.29	0.48187	0.00373614
XM_047425108.1	6097	5869.29	0	0
XM_047425109.1	6026	5798.29	1.98949	0.0154413
XM_047425110.1	6061	5833.29	0.000519338	4.00663e-06
XM_047425111.1	3681	3453.29	3.52812	0.0459782
XM_047425112.1	1591	1363.29	3.26777	0.107871
XM_047425113.1	2616	2388.29	0	0
XM_047425114.1	1806	1578.29	0	0
XM_047425115.1	1748	1520.29	39.9289	1.18196
XM_047425116.1	16279	16051.3	1.00193	0.00280911
XM_047425117.1	4072	3844.29	0	0
XM_047425118.1	1455	1227.29	0	0
XM_047425119.1	4067	3839.29	0	0
XM_047425122.1	4624	4396.29	0	0
XM_047425123.1	4833	4605.29	0	0
XM_047425124.1	10738	10510.3	0	0
XM_047425125.1	2399	2171.29	0	0
XM_047425126.1	2396	2168.29	0	0
XM_047425127.1	9244	9016.29	0	0
XM_047425128.1	2372	2144.29	0	0
XM_047425129.1	9220	8992.29	0	0
XM_047425130.1	9290	9062.29	0	0
XM_047425131.1	9079	8851.29	8.034	0.0408477
XM_047425132.1	1684	1456.29	60.6824	1.87524
XM_047425133.1	2369	2141.29	0	0
XM_047425134.1	2237	2009.29	0	0
XM_047425135.1	2210	1982.29	0	0
XM_047425136.1	3907	3679.29	0	0
XM_047425137.1	3961	3733.29	0	0
XM_047425138.1	3016	2788.29	0	0
XM_047425139.1	3748	3520.29	150.946	1.92968
XM_047425140.1	2491	2263.29	48.725	0.968844
XM_047425141.1	2676	2448.29	186.27	3.42391
XM_047425142.1	1663	1435.29	126.724	3.9734
XM_047425143.1	1696	1468.29	60.1824	1.84459
XM_047425144.1	1270	1042.29	26.4873	1.14364
XM_047425145.1	1344	1116.29	3.31349	0.133582
XM_047425146.1	3703	3475.29	0	0
XM_047425147.1	3623	3395.29	0	0
XM_047425148.1	3442	3214.29	32.9782	0.461726
XM_047425149.1	3362	3134.29	0	0
XM_047425150.1	1411	1183.29	0.284211	0.0108091
XM_047425151.1	1501	1273.29	0.370156	0.0130827
XM_047425152.1	1510	1282.29	28.1019	0.986258
XM_047425153.1	4723	4495.29	0	0
XM_047425154.1	6345	6117.29	0	0
XM_047425155.1	5848	5620.29	0	0
XM_047425156.1	4440	4212.29	0	0
XM_047425157.1	4452	4224.29	0	0
XM_047425158.1	4121	3893.29	0	0
XM_047425159.1	3779	3551.29	1.21859e-07	1.54424e-09
XM_047425160.1	3774	3546.29	8.40932e-07	1.06716e-08
XM_047425161.1	3738	3510.29	0.999999	0.0128203
XM_047425162.1	2373	2145.29	0	0
XM_047425163.1	3413	3185.29	0	0
XM_047425164.1	4453	4225.29	0	0
XM_047425165.1	3286	3058.29	2	0.0294302
XM_047425166.1	831	603.427	0	0
XM_047425167.1	6382	6154.29	0	0
XM_047425168.1	4723	4495.29	13.583	0.135981
XM_047425169.1	6127	5899.29	41.9984	0.320387
XM_047425171.1	6113	5885.29	0	0
XM_047425172.1	2294	2066.29	0.105068	0.00228835
XM_047425173.1	2274	2046.29	3.01066	0.0662119
XM_047425174.1	2062	1834.29	162.091	3.97679
XM_047425175.1	2223	1995.29	38.2887	0.863588
XM_047425176.1	3146	2918.29	0	0
XM_047425177.1	1803	1575.29	0	0
XM_047425178.1	3606	3378.29	0	0
XM_047425179.1	725	497.753	3.6357	0.328713
XM_047425180.1	657	430.76	0	0
XM_047425181.1	1920	1692.29	0	0
XM_047425182.1	2169	1941.29	0	0
XM_047425183.1	1701	1473.29	0	0
XM_047425184.1	2115	1887.29	0	0
XM_047425185.1	1837	1609.29	0	0
XM_047425186.1	1767	1539.29	0	0
XM_047425187.1	1668	1440.29	0	0
XM_047425188.1	1130	902.293	9.49663	0.473657
XM_047425189.1	1452	1224.29	2.20498	0.0810515
XM_047425190.1	1572	1344.29	8.57235	0.286978
XM_047425191.1	1821	1593.29	0	0
XM_047425192.1	1301	1073.29	0	0
XM_047425193.1	3170	2942.29	0.322121	0.00492692
XM_047425194.1	3423	3195.29	0	0
XM_047425195.1	6312	6084.29	0	0
XM_047425196.1	12189	11961.3	23.6686	0.0890505
XM_047425197.1	6255	6027.29	233.499	1.74343
XM_047425198.1	3121	2893.29	5.15768e-08	8.0224e-10
XM_047425199.1	12054	11826.3	0	0
XM_047425200.1	5549	5321.29	52.8651	0.447089
XM_047425201.1	2540	2312.29	55.961	1.08914
XM_047425202.1	3366	3138.29	3314.91	47.5357
XM_047425203.1	6080	5852.29	68.1809	0.524299
XM_047425204.1	4702	4474.29	24.3308	0.244723
XM_047425205.1	4705	4477.29	9.70654	0.0975643
XM_047425206.1	4483	4255.29	12.19	0.128919
XM_047425207.1	4432	4204.29	0	0
XM_047425208.1	4417	4189.29	0.565867	0.00607878
XM_047425209.1	4402	4174.29	12.2389	0.131947
XM_047425210.1	4384	4156.29	0	0
XM_047425211.1	4369	4141.29	0	0
XM_047425212.1	4366	4138.29	0	0
XM_047425213.1	4339	4111.29	3.14162	0.0343889
XM_047425214.1	4303	4075.29	0	0
XM_047425215.1	4267	4039.29	0.0442131	0.000492592
XM_047425216.1	4156	3928.29	0	0
XM_047425217.1	4090	3862.29	0	0
XM_047425218.1	4007	3779.29	0	0
XM_047425219.1	2309	2081.29	0.000512377	1.1079e-05
XM_047425220.1	2024	1796.29	106.056	2.65704
XM_047425221.1	4643	4415.29	0	0
XM_047425222.1	4650	4422.29	0	0
XM_047425223.1	4559	4331.29	0	0
XM_047425224.1	6127	5899.29	0	0
XM_047425225.1	5338	5110.29	0	0
XM_047425226.1	5141	4913.29	0	0
XM_047425227.1	5205	4977.29	0	0
XM_047425228.1	2749	2521.29	0	0
XM_047425229.1	7605	7377.29	0	0
XM_047425230.1	11634	11406.3	1.30773	0.00515958
XM_047425231.1	7521	7293.29	0	0
XM_047425232.1	7515	7287.29	0	0
XM_047425233.1	8083	7855.29	0	0
XM_047425234.1	7500	7272.29	0	0
XM_047425235.1	15273	15045.3	41.4089	0.123861
XM_047425236.1	7458	7230.29	0	0
XM_047425237.1	7416	7188.29	0	0
XM_047425238.1	7410	7182.29	0	0
XM_047425239.1	7374	7146.29	0	0
XM_047425240.1	7353	7125.29	0	0
XM_047425241.1	12524	12296.3	0	0
XM_047425242.1	7269	7041.29	0	0
XM_047425243.1	7858	7630.29	0	0
XM_047425244.1	1757	1529.29	0	0
XM_047425245.1	1673	1445.29	0	0
XM_047425246.1	1897	1669.29	0	0
XM_047425247.1	11412	11184.3	172.829	0.695425
XM_047425248.1	11336	11108.3	0.163455	0.000662207
XM_047425249.1	2803	2575.29	30.6709	0.535973
XM_047425250.1	2634	2406.29	0	0
XM_047425251.1	2614	2386.29	39.6948	0.748604
XM_047425252.1	2541	2313.29	21.5188	0.418629
XM_047425253.1	5508	5280.29	0	0
XM_047425254.1	964	736.293	6.94863e-07	4.24708e-08
XM_047425255.1	2266	2038.29	0	0
XM_047425256.1	1381	1153.29	18.0437	0.704091
XM_047425257.1	2721	2493.29	0	0
XM_047425258.1	2682	2454.29	0	0
XM_047425259.1	2637	2409.29	0	0
XM_047425260.1	2381	2153.29	0	0
XM_047425261.1	2517	2289.29	0	0
XM_047425262.1	2351	2123.29	0	0
XM_047425263.1	2825	2597.29	153.654	2.66234
XM_047425265.1	2665	2437.29	88.484	1.6338
XM_047425266.1	3366	3138.29	19.6964	0.282446
XM_047425267.1	2072	1844.29	11.7656	0.287096
XM_047425268.1	2531	2303.29	72.0206	1.40718
XM_047425269.1	3139	2911.29	22.5899	0.349198
XM_047425270.1	2689	2461.29	0	0
XM_047425271.1	2412	2184.29	253.658	5.22612
XM_047425272.1	2304	2076.29	0	0
XM_047425273.1	1880	1652.29	7.75804e-05	2.11304e-06
XM_047425274.1	2652	2424.29	31.9937	0.593912
XM_047425275.1	2059	1831.29	2.7251	0.0669679
XM_047425276.1	2725	2497.29	113.231	2.04051
XM_047425277.1	1817	1589.29	49.5195	1.40221
XM_047425278.1	1975	1747.29	5.95018	0.153252
XM_047425279.1	2518	2290.29	1.13095	0.0222225
XM_047425280.1	2399	2171.29	3.41849	0.0708531
XM_047425281.1	2272	2044.29	0.203767	0.00448573
XM_047425282.1	2291	2063.29	0	0
XM_047425283.1	1966	1738.29	24.1222	0.624505
XM_047425284.1	12249	12021.3	0	0
XM_047425285.1	14005	13777.3	0	0
XM_047425286.1	12608	12380.3	0	0
XM_047425287.1	12655	12427.3	0	0
XM_047425288.1	10854	10626.3	0	0
XM_047425289.1	12773	12545.3	19.0961	0.0685026
XM_047425290.1	12528	12300.3	27.8235	0.101798
XM_047425291.1	12207	11979.3	162.99	0.61231
XM_047425292.1	10815	10587.3	18.447	0.078412
XM_047425293.1	10541	10313.3	13.3917	0.0584359
XM_047425294.1	10862	10634.3	1.75928	0.00744506
XM_047425295.1	12230	12002.3	0	0
XM_047425296.1	12201	11973.3	0	0
XM_047425297.1	12725	12497.3	2.55849e-05	9.21318e-08
XM_047425298.1	12159	11931.3	0.000118779	4.48017e-07
XM_047425299.1	12344	12116.3	0	0
XM_047425300.1	10522	10294.3	0	0
XM_047425301.1	9268	9040.29	0	0
XM_047425302.1	10928	10700.3	0	0
XM_047425303.1	10679	10451.3	0	0
XM_047425304.1	2025	1797.29	0	0
XM_047425307.1	2022	1794.29	0	0
XM_047425309.1	6022	5794.29	37.9104	0.294442
XM_047425310.1	6060	5832.29	0	0
XM_047425311.1	6057	5829.29	0	0
XM_047425312.1	5930	5702.29	1023.23	8.07547
XM_047425313.1	5909	5681.29	405.728	3.21389
XM_047425314.1	5713	5485.29	26.5153	0.21754
XM_047425315.1	5751	5523.29	68.0711	0.554634
XM_047425316.1	6025	5797.29	240.515	1.86706
XM_047425317.1	5604	5376.29	0	0
XM_047425318.1	5748	5520.29	0	0
XM_047425319.1	5600	5372.29	756.036	6.33322
XM_047425320.1	5786	5558.29	0	0
XM_047425321.1	5656	5428.29	404.106	3.35023
XM_047425322.1	1824	1596.29	100.256	2.82643
XM_047425323.1	2035	1807.29	0	0
XM_047425324.1	5014	4786.29	0.00487285	4.58169e-05
XM_047425325.1	30805	30577.3	1.86597	0.0027463
XM_047425326.1	5118	4890.29	7.71757	0.0710212
XM_047425327.1	23611	23383.3	8.32401	0.0160203
XM_047425328.1	4967	4739.29	8.12688	0.0771707
XM_047425329.1	5527	5299.29	0	0
XM_047425330.1	5937	5709.29	0	0
XM_047425331.1	32239	32011.3	1.09307	0.00153669
XM_047425332.1	3090	2862.29	12.617	0.198374
XM_047425333.1	3156	2928.29	3.25345	0.0500001
XM_047425334.1	3492	3264.29	0	0
XM_047425335.1	5161	4933.29	0	0
XM_047425336.1	5282	5054.29	0.416212	0.00370592
XM_047425337.1	5156	4928.29	5.51971	0.0504037
XM_047425338.1	5153	4925.29	10.6776	0.0975625
XM_047425339.1	5410	5182.29	0	0
XM_047425340.1	2001	1773.29	2.17123	0.055102
XM_047425341.1	1624	1396.29	0	0
XM_047425342.1	4377	4149.29	1.21138	0.0131385
XM_047425343.1	4113	3885.29	0	0
XM_047425344.1	4400	4172.29	0.0276303	0.000298026
XM_047425345.1	4320	4092.29	0	0
XM_047425346.1	4065	3837.29	0.0739292	0.000867028
XM_047425347.1	3996	3768.29	62.5935	0.747527
XM_047425348.1	1995	1767.29	0	0
XM_047425349.1	3678	3450.29	0	0
XM_047425350.1	3033	2805.29	1.53276	0.0245888
XM_047425351.1	18890	18662.3	12.2961	0.0296514
XM_047425352.1	1554	1326.29	0	0
XM_047425353.1	2649	2421.29	29.4859	0.548036
XM_047425354.1	6857	6629.29	16.9779	0.115255
XM_047425355.1	5286	5058.29	0	0
XM_047425356.1	5404	5176.29	0	0
XM_047425357.1	5381	5153.29	0	0
XM_047425358.1	5324	5096.29	0	0
XM_047425359.1	4805	4577.29	0	0
XM_047425360.1	5141	4913.29	0	0
XM_047425361.1	5129	4901.29	0	0
XM_047425362.1	5954	5726.29	37.5929	0.295444
XM_047425363.1	3755	3527.29	0	0
XM_047425364.1	948	720.293	0	0
XM_047425365.1	17847	17619.3	23.0606	0.0589012
XM_047425366.1	2273	2045.29	0	0
XM_047425367.1	2036	1808.29	0	0
XM_047425368.1	5710	5482.29	0	0
XM_047425369.1	3593	3365.29	0	0
XM_047425370.1	3962	3734.29	9.64328	0.116214
XM_047425371.1	3911	3683.29	0.241439	0.00294994
XM_047425372.1	3818	3590.29	13.3089	0.166823
XM_047425373.1	3767	3539.29	0.355536	0.00452074
XM_047425374.1	3755	3527.29	0.110355	0.00140796
XM_047425375.1	3704	3476.29	0	0
XM_047425376.1	3611	3383.29	2.39404	0.0318445
XM_047425377.1	3560	3332.29	0	0
XM_047425378.1	2915	2687.29	0	0
XM_047425379.1	2771	2543.29	0	0
XM_047425380.1	2564	2336.29	0	0
XM_047425381.1	3577	3349.29	26.2397	0.352572
XM_047425382.1	3595	3367.29	20.2005	0.269975
XM_047425383.1	5740	5512.29	852.614	6.96085
XM_047425384.1	5615	5387.29	10.4727	0.0874847
XM_047425385.1	5381	5153.29	0	0
XM_047425386.1	8287	8059.29	0	0
XM_047425387.1	8284	8056.29	0	0
XM_047425388.1	8266	8038.29	0	0
XM_047425389.1	8424	8196.29	0	0
XM_047425390.1	8403	8175.29	0	0
XM_047425391.1	7717	7489.29	0	0
XM_047425392.1	7393	7165.29	0	0
XM_047425393.1	6904	6676.29	0	0
XM_047425394.1	7118	6890.29	0	0
XM_047425395.1	6155	5927.29	0	0
XM_047425396.1	5347	5119.29	0	0
XM_047425397.1	5759	5531.29	0	0
XM_047425398.1	4811	4583.29	6	0.0589136
XM_047425399.1	1660	1432.29	52.6632	1.65469
XM_047425401.1	3663	3435.29	0	0
XM_047425402.1	4802	4574.29	0	0
XM_047425403.1	3948	3720.29	0	0
XM_047425404.1	3708	3480.29	0	0
XM_047425405.1	3582	3354.29	4.86129	0.0652219
XM_047425406.1	4496	4268.29	361.365	3.81008
XM_047425407.1	3462	3234.29	0	0
XM_047425408.1	3453	3225.29	0	0
XM_047425409.1	3402	3174.29	0	0
XM_047425410.1	3393	3165.29	0	0
XM_047425411.1	3454	3226.29	0	0
XM_047425412.1	3776	3548.29	0	0
XM_047425413.1	3445	3217.29	0	0
XM_047425414.1	3235	3007.29	0	0
XM_047425415.1	4425	4197.29	479.185	5.13779
XM_047425416.1	2378	2150.29	49.0693	1.02696
XM_047425417.1	2914	2686.29	0	0
XM_047425418.1	2979	2751.29	0	0
XM_047425419.1	2896	2668.29	0	0
XM_047425420.1	2893	2665.29	0	0
XM_047425421.1	2961	2733.29	0	0
XM_047425422.1	2872	2644.29	1.16038e-06	1.97484e-08
XM_047425423.1	1900	1672.29	0	0
XM_047425424.1	2754	2526.29	5.21421	0.0928854
XM_047425425.1	2599	2371.29	26.0111	0.493646
XM_047425426.1	3549	3321.29	0	0
XM_047425427.1	3519	3291.29	0	0
XM_047425428.1	3414	3186.29	0	0
XM_047425429.1	3686	3458.29	153.961	2.00351
XM_047425430.1	3668	3440.29	0	0
XM_047425431.1	3387	3159.29	6.75077	0.0961625
XM_047425432.1	3384	3156.29	6.21055	0.0885513
XM_047425433.1	3357	3129.29	15.8121	0.227398
XM_047425434.1	3354	3126.29	4.52523	0.0651408
XM_047425435.1	2170	1942.29	2.52978	0.0586151
XM_047425436.1	1831	1603.29	0	0
XM_047425437.1	5168	4940.29	17.7107	0.161333
XM_047425438.1	4005	3777.29	9.73641	0.116001
XM_047425439.1	4322	4094.29	0	0
XM_047425440.1	1451	1223.29	20.0415	0.737296
XM_047425441.1	4093	3865.29	59.0861	0.687932
XM_047425442.1	1402	1174.29	0	0
XM_047425443.1	1484	1256.29	42.6099	1.52638
XM_047425444.1	4932	4704.29	0	0
XM_047425445.1	4431	4203.29	0.906157	0.00970188
XM_047425446.1	4101	3873.29	66.8935	0.777223
XM_047425447.1	5466	5238.29	0	0
XM_047425448.1	3999	3771.29	13.4161	0.160096
XM_047425449.1	3203	2975.29	0	0
XM_047425450.1	1794	1566.29	25.9726	0.746252
XM_047425451.1	3101	2873.29	0	0
XM_047425452.1	2771	2543.29	0	0
XM_047425453.1	3850	3622.29	0	0
XM_047425454.1	3035	2807.29	0	0
XM_047425455.1	1696	1468.29	0	0
XM_047425456.1	1626	1398.29	0	0
XM_047425457.1	2603	2375.29	0	0
XM_047425458.1	4637	4409.29	51.0251	0.520784
XM_047425459.1	4667	4439.29	34.9015	0.353812
XM_047425460.1	1156	928.293	11.7598	0.570107
XM_047425461.1	8711	8483.29	27.6429	0.146643
XM_047425462.1	8708	8480.29	7.96001	0.0422421
XM_047425463.1	2667	2439.29	68.7762	1.26887
XM_047425464.1	1258	1030.29	0	0
XM_047425465.1	1154	926.293	0	0
XM_047425466.1	2711	2483.29	0	0
XM_047425467.1	3556	3328.29	25.7732	0.34849
XM_047425468.1	3244	3016.29	34.0729	0.508367
XM_047425469.1	3409	3181.29	588.181	8.32051
XM_047425470.1	3097	2869.29	1055.99	16.5625
XM_047425471.1	6796	6568.29	4.19734	0.0287584
XM_047425472.1	3903	3675.29	57.1401	0.699666
XM_047425473.1	4515	4287.29	0	0
XM_047425474.1	2777	2549.29	10.2321	0.180629
XM_047425475.1	5241	5013.29	54.3345	0.487748
XM_047425476.1	5491	5263.29	52.2287	0.446575
XM_047425477.1	4781	4553.29	25.9943	0.256918
XM_047425478.1	5127	4899.29	274.435	2.52086
XM_047425479.1	2271	2043.29	11.2423	0.247608
XM_047425480.1	6117	5889.29	0	0
XM_047425481.1	6724	6496.29	6.30562	0.0436822
XM_047425482.1	6122	5894.29	0	0
XM_047425483.1	2373	2145.29	71.638	1.50279
XM_047425484.1	5928	5700.29	28.5869	0.22569
XM_047425485.1	739	511.753	0	0
XM_047425486.1	4651	4423.29	0	0
XM_047425487.1	4540	4312.29	0	0
XM_047425488.1	4483	4255.29	0	0
XM_047425489.1	4456	4228.29	0.000126845	1.35005e-06
XM_047425490.1	4423	4195.29	5.86784	0.0629446
XM_047425491.1	4312	4084.29	0	0
XM_047425492.1	4279	4051.29	0	0
XM_047425493.1	913	685.293	0	0
XM_047425494.1	7404	7176.29	0	0
XM_047425495.1	7374	7146.29	0	0
XM_047425496.1	7299	7071.29	9.68759	0.0616537
XM_047425497.1	7287	7059.29	0	0
XM_047425498.1	7269	7041.29	122.214	0.781106
XM_047425499.1	7182	6954.29	10.1666	0.0657906
XM_047425500.1	7179	6951.29	1.63591	0.010591
XM_047425501.1	7034	6806.29	0	0
XM_047425502.1	7022	6794.29	0	0
XM_047425503.1	7004	6776.29	0	0
XM_047425504.1	8007	7779.29	3.38138	0.0195612
XM_047425505.1	6762	6534.29	0	0
XM_047425506.1	6660	6432.29	642.529	4.49541
XM_047425507.1	6751	6523.29	312.171	2.15361
XM_047425508.1	6657	6429.29	96.7666	0.677336
XM_047425509.1	6748	6520.29	47.4146	0.327256
XM_047425510.1	6631	6403.29	51.0668	0.358903
XM_047425511.1	6540	6312.29	105.269	0.750505
XM_047425512.1	7368	7140.29	150.226	0.946826
XM_047425513.1	5730	5502.29	0	0
XM_047425514.1	5727	5499.29	0	0
XM_047425515.1	5622	5394.29	1.56538	0.0130595
XM_047425516.1	5610	5382.29	0	0
XM_047425517.1	5592	5364.29	44.9872	0.377415
XM_047425518.1	5505	5277.29	1.65359	0.0141013
XM_047425519.1	5502	5274.29	0.136544	0.00116506
XM_047425520.1	5465	5237.29	0	0
XM_047425521.1	5360	5132.29	0	0
XM_047425522.1	5240	5012.29	0	0
XM_047425523.1	5237	5009.29	0	0
XM_047425524.1	6228	6000.29	3.5146	0.02636
XM_047425525.1	5088	4860.29	0	0
XM_047425526.1	5179	4951.29	0	0
XM_047425527.1	5085	4857.29	0	0
XM_047425528.1	5176	4948.29	0	0
XM_047425529.1	4983	4755.29	415.094	3.92836
XM_047425530.1	5074	4846.29	155.46	1.44362
XM_047425531.1	4980	4752.29	31.4682	0.297996
XM_047425532.1	5071	4843.29	11.9589	0.11112
XM_047425533.1	4968	4740.29	0	0
XM_047425534.1	4863	4635.29	39.3403	0.381946
XM_047425535.1	4954	4726.29	14.204	0.135249
XM_047425536.1	679	452.316	14.8481	1.47731
XM_047425537.1	9010	8782.29	11.2162	0.0574752
XM_047425538.1	7956	7728.29	96.4327	0.561543
XM_047425539.1	7938	7710.29	235.68	1.37561
XM_047425540.1	7534	7306.29	82.1538	0.506026
XM_047425541.1	7612	7384.29	374.989	2.28535
XM_047425542.1	7354	7126.29	2215.69	13.9922
XM_047425543.1	7351	7123.29	174.968	1.1054
XM_047425544.1	6288	6060.29	58.1875	0.432094
XM_047425545.1	5037	4809.29	36.9389	0.345657
XM_047425546.1	4576	4348.29	18.0406	0.186713
XM_047425547.1	3528	3300.29	0	0
XM_047425548.1	3325	3097.29	4.95775	0.0720352
XM_047425549.1	3309	3081.29	0	0
XM_047425550.1	3211	2983.29	0	0
XM_047425551.1	4158	3930.29	0	0
XM_047425552.1	2277	2049.29	9.21719	0.202412
XM_047425553.1	2660	2432.29	8.41727	0.155739
XM_047425554.1	2531	2303.29	0	0
XM_047425555.1	2044	1816.29	0.328034	0.00812783
XM_047425556.1	7390	7162.29	11.4903	0.0721976
XM_047425557.1	7192	6964.29	52.4456	0.338902
XM_047425558.1	7892	7664.29	0	0
XM_047425559.1	5232	5004.29	0	0
XM_047425560.1	7275	7047.29	0	0
XM_047425561.1	7245	7017.29	113.212	0.726045
XM_047425562.1	6984	6756.29	106.097	0.7067
XM_047425563.1	5130	4902.29	0	0
XM_047425564.1	6596	6368.29	61.0898	0.431706
XM_047425565.1	10107	9879.29	0	0
XM_047425566.1	8435	8207.29	0	0
XM_047425567.1	8146	7918.29	0	0
XM_047425568.1	7902	7674.29	0	0
XM_047425569.1	7437	7209.29	0.149206	0.0009314
XM_047425570.1	7586	7358.29	0	0
XM_047425571.1	28708	28480.3	21.2995	0.0336564
XM_047425572.1	8960	8732.29	0	0
XM_047425573.1	7416	7188.29	8.14168	0.0509719
XM_047425574.1	8021	7793.29	0	0
XM_047425575.1	8574	8346.29	0	0
XM_047425576.1	9474	9246.29	8.31156	0.0404536
XM_047425577.1	5238	5010.29	18.7582	0.168488
XM_047425578.1	5286	5058.29	0	0
XM_047425579.1	4912	4684.29	0	0
XM_047425580.1	4909	4681.29	0	0
XM_047425581.1	4906	4678.29	0	0
XM_047425582.1	4779	4551.29	0	0
XM_047425583.1	4866	4638.29	0	0
XM_047425584.1	4483	4255.29	0	0
XM_047425585.1	8034	7806.29	0	0
XM_047425586.1	3338	3110.29	0	0
XM_047425587.1	3851	3623.29	18.0474	0.224158
XM_047425588.1	2629	2401.29	0	0
XM_047425589.1	2407	2179.29	27.2397	0.562508
XM_047425590.1	2714	2486.29	22.8048	0.412778
XM_047425591.1	2205	1977.29	0	0
XM_047425592.1	2273	2045.29	0	0
XM_047425593.1	2463	2235.29	0	0
XM_047425594.1	1835	1607.29	0	0
XM_047425595.1	1335	1107.29	11.7668	0.478232
XM_047425596.1	3668	3440.29	0.669799	0.00876176
XM_047425597.1	3665	3437.29	1.1056	0.0144752
XM_047425598.1	14245	14017.3	0	0
XM_047425599.1	14252	14024.3	0	0
XM_047425600.1	14222	13994.3	0	0
XM_047425601.1	4277	4049.29	0.397761	0.00442064
XM_047425602.1	14516	14288.3	8.38868	0.0264214
XM_047425603.1	14488	14260.3	0	0
XM_047425604.1	14380	14152.3	0	0
XM_047425605.1	14109	13881.3	0	0
XM_047425606.1	14116	13888.3	0	0
XM_047425607.1	14455	14227.3	0	0
XM_047425608.1	14292	14064.3	0.199211	0.000637439
XM_047425609.1	14133	13905.3	0	0
XM_047425610.1	14246	14018.3	0.505634	0.00162324
XM_047425611.1	14187	13959.3	0.157866	0.000508942
XM_047425612.1	14223	13995.3	9.29362	0.0298844
XM_047425613.1	14157	13929.3	5.99244	0.0193605
XM_047425614.1	4009	3781.29	0	0
XM_047425615.1	1161	933.293	0	0
XM_047425616.1	3733	3505.29	0	0
XM_047425617.1	3487	3259.29	156.224	2.15708
XM_047425618.1	822	594.427	408.208	30.9047
XM_047425619.1	14081	13853.3	0	0
XM_047425620.1	5826	5598.29	41.0189	0.32974
XM_047425621.1	3484	3256.29	5.77801	0.0798541
XM_047425622.1	3076	2848.29	1.18788	0.0187686
XM_047425623.1	3073	2845.29	26.7845	0.423642
XM_047425624.1	3369	3141.29	0	0
XM_047425625.1	2527	2299.29	0.000662983	1.29763e-05
XM_047425626.1	2410	2182.29	33.9621	0.700363
XM_047425627.1	2470	2242.29	88.0305	1.76678
XM_047425628.1	1810	1582.29	14.5178	0.41291
XM_047425629.1	4533	4305.29	28.3825	0.296681
XM_047425630.1	2225	1997.29	0	0
XM_047425631.1	2285	2057.29	9.08905	0.198822
XM_047425632.1	2284	2056.29	0	0
XM_047425633.1	2089	1861.29	0	0
XM_047425634.1	22250	22022.3	0	0
XM_047425635.1	22726	22498.3	0	0
XM_047425636.1	22924	22696.3	0	0
XM_047425637.1	22556	22328.3	0	0
XM_047425638.1	20777	20549.3	0	0
XM_047425639.1	22178	21950.3	1.57757	0.00323438
XM_047425640.1	1756	1528.29	247.573	7.2902
XM_047425641.1	1713	1485.29	0	0
XM_047425642.1	2734	2506.29	0	0
XM_047425643.1	2604	2376.29	0	0
XM_047425644.1	2532	2304.29	0	0
XM_047425645.1	5394	5166.29	18.6165	0.162166
XM_047425646.1	4507	4279.29	31.9258	0.335747
XM_047425647.1	4615	4387.29	12.6008	0.129254
XM_047425648.1	5762	5534.29	38.145	0.310183
XM_047425649.1	5875	5647.29	85.0278	0.677584
XM_047425650.1	5833	5605.29	0	0
XM_047425651.1	5889	5661.29	35.8318	0.284837
XM_047425652.1	5927	5699.29	0	0
XM_047425653.1	2739	2511.29	0.449157	0.00804901
XM_047425654.1	2172	1944.29	0	0
XM_047425655.1	2126	1898.29	4.05355	0.0960981
XM_047425657.1	5427	5199.29	10.1369	0.087741
XM_047425658.1	1425	1197.29	189.276	7.1144
XM_047425659.1	2295	2067.29	0.00125392	2.72967e-05
XM_047425660.1	2697	2469.29	0.000182969	3.33462e-06
XM_047425661.1	2034	1806.29	0	0
XM_047425662.1	600	374.838	0	0
XM_047425663.1	9162	8934.29	0	0
XM_047425664.1	6048	5820.29	0	0
XM_047425665.1	938	710.293	0	0
XM_047425666.1	3518	3290.29	149.206	2.04077
XM_047425667.1	2287	2059.29	0	0
XM_047425668.1	2321	2093.29	0	0
XM_047425669.1	2290	2062.29	0	0
XM_047425670.1	2309	2081.29	0	0
XM_047425671.1	2275	2047.29	0	0
XM_047425672.1	2312	2084.29	0	0
XM_047425673.1	2278	2050.29	0	0
XM_047425674.1	2261	2033.29	0	0
XM_047425675.1	2215	1987.29	0	0
XM_047425680.1	30789	30561.3	42.9972	0.0633156
XM_047425681.1	1014	786.293	3.91232	0.223919
XM_047425682.1	9375	9147.29	29.2517	0.143913
XM_047425683.1	9537	9309.29	0.000363422	1.75686e-06
XM_047425684.1	6715	6487.29	0	0
XM_047425685.1	6712	6484.29	0	0
XM_047425686.1	6783	6555.29	0	0
XM_047425687.1	6477	6249.29	2.61625e-06	1.88404e-08
XM_047425688.1	6523	6295.29	38.5688	0.275716
XM_047425689.1	6526	6298.29	0	0
XM_047425690.1	6594	6366.29	0	0
XM_047425691.1	6716	6488.29	0	0
XM_047425692.1	6545	6317.29	29.9684	0.213488
XM_047425693.1	6120	5892.29	0	0
XM_047425694.1	6159	5931.29	105.641	0.801539
XM_047425695.1	6176	5948.29	99.0473	0.749363
XM_047425696.1	5983	5755.29	5.31101e-06	4.1529e-08
XM_047425697.1	671	444.496	72.3244	7.3225
XM_047425698.1	3499	3271.29	194.317	2.67321
XM_047425699.1	3415	3187.29	94.1762	1.32972
XM_047425700.1	1681	1453.29	48.9567	1.51601
XM_047425701.1	1610	1382.29	792.445	25.7995
XM_047425702.1	1021	793.293	10.2613	0.58212
XM_047425703.1	2337	2109.29	0	0
XM_047425704.1	2334	2106.29	0	0
XM_047425705.1	2301	2073.29	0	0
XM_047425706.1	2297	2069.29	0	0
XM_047425707.1	13698	13470.3	89.706	0.2997
XM_047425708.1	1158	930.293	0	0
XM_047425709.1	3607	3379.29	142.232	1.89415
XM_047425710.1	1505	1277.29	35.4843	1.25023
XM_047425711.1	1440	1212.29	57.5743	2.13729
XM_047425712.1	9366	9138.29	121.952	0.600572
XM_047425713.1	2251	2023.29	23.1729	0.515423
XM_047425714.1	2326	2098.29	1.21975	0.0261606
XM_047425715.1	9078	8850.29	0	0
XM_047425716.1	8841	8613.29	0	0
XM_047425717.1	12467	12239.3	3.03423	0.0111567
XM_047425718.1	5926	5698.29	20.1854	0.159417
XM_047425719.1	5979	5751.29	4.68799	0.0366829
XM_047425720.1	8684	8456.29	0	0
XM_047425721.1	8814	8586.29	97.3696	0.51034
XM_047425722.1	8228	8000.29	3.03933e-05	1.70968e-07
XM_047425723.1	992	764.293	15.168	0.893119
XM_047425724.1	1382	1154.29	0	0
XM_047425725.1	1205	977.293	0	0
XM_047425726.1	2715	2487.29	92.0972	1.66633
XM_047425727.1	2412	2184.29	172.47	3.55341
XM_047425728.1	2147	1919.29	9.57168	0.224434
XM_047425729.1	8713	8485.29	3.14372	0.0166732
XM_047425730.1	5788	5560.29	0	0
XM_047425731.1	5784	5556.29	0	0
XM_047425732.1	3072	2844.29	0	0
XM_047425733.1	2088	1860.29	32.8936	0.795742
XM_047425734.1	4582	4354.29	1.92847	0.0199314
XM_047425735.1	3884	3656.29	1.52828	0.0188107
XM_047425736.1	3823	3595.29	11.4623	0.143476
XM_047425737.1	3787	3559.29	0.00037188	4.70198e-06
XM_047425738.1	1884	1656.29	0	0
XM_047425739.1	2933	2705.29	0	0
XM_047425740.1	1782	1554.29	0	0
XM_047425741.1	3673	3445.29	0	0
XM_047425742.1	5596	5368.29	25.3586	0.212584
XM_047425743.1	4687	4459.29	0	0
XM_047425744.1	4658	4430.29	0	0
XM_047425745.1	3293	3065.29	0	0
XM_047425746.1	4394	4166.29	0	0
XM_047425747.1	3869	3641.29	0	0
XM_047425748.1	3790	3562.29	3.64944	0.046104
XM_047425749.1	2905	2677.29	0	0
XM_047425750.1	1792	1564.29	0	0
XM_047425751.1	2996	2768.29	0	0
XM_047425752.1	2921	2693.29	0	0
XM_047425753.1	2906	2678.29	0	0
XM_047425754.1	2954	2726.29	0	0
XM_047425755.1	2399	2171.29	0	0
XM_047425756.1	2489	2261.29	0	0
XM_047425757.1	2445	2217.29	0	0
XM_047425758.1	2468	2240.29	2.65765	0.053387
XM_047425759.1	1294	1066.29	0	0
XM_047425760.1	2666	2438.29	2.34235	0.0432323
XM_047425761.1	2703	2475.29	0	0
XM_047425762.1	3800	3572.29	11.3848	0.143424
XM_047425763.1	3906	3678.29	5.01533	0.0613614
XM_047425764.1	7927	7699.29	7.66174	0.0447836
XM_047425765.1	3822	3594.29	0.00251586	3.15003e-05
XM_047425766.1	2879	2651.29	19.6784	0.334022
XM_047425767.1	4673	4445.29	0	0
XM_047425768.1	2619	2391.29	0	0
XM_047425769.1	2586	2358.29	0	0
XM_047425770.1	2895	2667.29	25.1826	0.424886
XM_047425771.1	2157	1929.29	0	0
XM_047425772.1	1303	1075.29	93.3248	3.90582
XM_047425773.1	1839	1611.29	17.3403	0.48431
XM_047425774.1	1758	1530.29	34.8323	1.02435
XM_047425775.1	1086	858.293	22.4581	1.17755
XM_047425776.1	1005	777.293	16.2377	0.940115
XM_047425777.1	3150	2922.29	550.908	8.48394
XM_047425778.1	6262	6034.29	0	0
XM_047425779.1	5841	5613.29	70.9639	0.568934
XM_047425780.1	5476	5248.29	34.2187	0.293419
XM_047425781.1	5339	5111.29	312.17	2.74855
XM_047425782.1	535	312.445	4.94335	0.712016
XM_047425783.1	724	496.802	0	0
XM_047425784.1	4963	4735.29	0	0
XM_047425785.1	8821	8593.29	0.0457568	0.000239629
XM_047425786.1	8113	7885.29	0	0
XM_047425787.1	2945	2717.29	1.05182	0.01742
XM_047425788.1	2534	2306.29	1.35367	0.0264145
XM_047425789.1	1729	1501.29	0.662057	0.019846
XM_047425790.1	1824	1596.29	0	0
XM_047425791.1	2489	2261.29	0.163511	0.00325411
XM_047425792.1	1919	1691.29	0	0
XM_047425793.1	1315	1087.29	16.0513	0.664364
XM_047425794.1	1956	1728.29	0	0
XM_047425795.1	2046	1818.29	0	0
XM_047425796.1	3931	3703.29	1.05795e-08	1.28564e-10
XM_047425797.1	3854	3626.29	0	0
XM_047425798.1	5074	4846.29	38.4778	0.357308
XM_047425799.1	3791	3563.29	0.887541	0.0112093
XM_047425800.1	3707	3479.29	30.4484	0.393836
XM_047425801.1	3689	3461.29	46.4568	0.604023
XM_047425802.1	3602	3374.29	2.04616	0.0272897
XM_047425803.1	3575	3347.29	0	0
XM_047425804.1	3601	3373.29	0.830501	0.0110797
XM_047425805.1	3454	3226.29	55.1585	0.769397
XM_047425806.1	2183	1955.29	416.416	9.58423
XM_047425807.1	4058	3830.29	44.2688	0.520125
XM_047425808.1	2462	2234.29	5.34554	0.10767
XM_047425809.1	1540	1312.29	3.40855	0.116891
XM_047425810.1	1615	1387.29	178.51	5.79076
XM_047425811.1	1270	1042.29	3.59848	0.155371
XM_047425812.1	885	657.427	25.8125	1.76695
XM_047425813.1	3304	3076.29	25.8322	0.377899
XM_047425814.1	3321	3093.29	12.2846	0.178724
XM_047425815.1	10540	10312.3	23.5977	0.102981
XM_047425816.1	3357	3129.29	0	0
XM_047425817.1	3622	3394.29	0	0
XM_047425818.1	3342	3114.29	0	0
XM_047425819.1	3370	3142.29	0	0
XM_047425820.1	3387	3159.29	0	0
XM_047425821.1	3431	3203.29	0	0
XM_047425822.1	3372	3144.29	0	0
XM_047425823.1	3291	3063.29	0	0
XM_047425824.1	5694	5466.29	112.068	0.922637
XM_047425825.1	3217	2989.29	13.7606	0.207163
XM_047425826.1	5760	5532.29	0	0
XM_047425827.1	5031	4803.29	10.5932	0.0992503
XM_047425828.1	1445	1217.29	13.4042	0.49555
XM_047425829.1	4980	4752.29	9.39409	0.0889598
XM_047425830.1	5565	5337.29	0	0
XM_047425831.1	5544	5316.29	0	0
XM_047425832.1	1042	814.293	6.67692	0.369009
XM_047425833.1	769	541.541	0	0
XM_047425834.1	718	490.852	5.57787	0.5114
XM_047425835.1	3789	3561.29	40.8316	0.515978
XM_047425836.1	4184	3956.29	0	0
XM_047425837.1	1875	1647.29	8.01901	0.219075
XM_047425838.1	1626	1398.29	0.16855	0.00542465
XM_047425839.1	1806	1578.29	0.600921	0.0171345
XM_047425840.1	1437	1209.29	6.78827	0.252621
XM_047425841.1	1392	1164.29	0	0
XM_047425842.1	1572	1344.29	0	0
XM_047425843.1	7004	6776.29	1000.7	6.64593
XM_047425844.1	7819	7591.29	2.83182	0.0167877
XM_047425845.1	7092	6864.29	0	0
XM_047425846.1	6967	6739.29	70.6409	0.47172
XM_047425847.1	7782	7554.29	0.000353978	2.10875e-06
XM_047425848.1	7055	6827.29	0	0
XM_047425849.1	6907	6679.29	68.7743	0.463381
XM_047425850.1	1565	1337.29	209.259	7.04207
XM_047425852.1	5691	5463.29	5.96458	0.0491324
XM_047425853.1	3686	3458.29	0	0
XM_047425854.1	3683	3455.29	0	0
XM_047425855.1	3674	3446.29	0	0
XM_047425856.1	3671	3443.29	0	0
XM_047425857.1	3602	3374.29	0	0
XM_047425858.1	3599	3371.29	0	0
XM_047425859.1	3312	3084.29	0	0
XM_047425860.1	3884	3656.29	0	0
XM_047425861.1	3881	3653.29	0	0
XM_047425862.1	3872	3644.29	0	0
XM_047425863.1	3869	3641.29	0	0
XM_047425864.1	3521	3293.29	0	0
XM_047425865.1	3509	3281.29	0	0
XM_047425866.1	3800	3572.29	0	0
XM_047425867.1	3797	3569.29	0	0
XM_047425868.1	3788	3560.29	0	0
XM_047425869.1	3785	3557.29	0	0
XM_047425870.1	3818	3590.29	0	0
XM_047425871.1	3635	3407.29	0	0
XM_047425872.1	3623	3395.29	0	0
XM_047425873.1	3275	3047.29	2.24274	0.0331213
XM_047425874.1	3917	3689.29	0	0
XM_047425875.1	3579	3351.29	0	0
XM_047425876.1	6321	6093.29	43.1736	0.318866
XM_047425877.1	4719	4491.29	17.4159	0.174509
XM_047425878.1	8702	8474.29	10.6019	0.0563018
XM_047425879.1	4922	4694.29	6.53102	0.0626113
XM_047425880.1	4289	4061.29	0	0
XM_047425881.1	3700	3472.29	0	0
XM_047425882.1	2137	1909.29	0	0
XM_047425883.1	2179	1951.29	0	0
XM_047425884.1	3628	3400.29	0	0
XM_047425885.1	1946	1718.29	25.3493	0.663913
XM_047425886.1	3402	3174.29	0	0
XM_047425887.1	4250	4022.29	32.0088	0.358128
XM_047425888.1	2180	1952.29	8.19527	0.188913
XM_047425889.1	4261	4033.29	20.2333	0.225761
XM_047425890.1	3009	2781.29	0	0
XM_047425891.1	1359	1131.29	0	0
XM_047425892.1	7093	6865.29	63.9934	0.419487
XM_047425893.1	5784	5556.29	0	0
XM_047425894.1	3731	3503.29	0	0
XM_047425895.1	3680	3452.29	37.2768	0.485929
XM_047425896.1	3756	3528.29	8.36651	0.106714
XM_047425897.1	3937	3709.29	43.6402	0.529466
XM_047425898.1	3575	3347.29	0	0
XM_047425899.1	3358	3130.29	88.5761	1.27343
XM_047425900.1	3807	3579.29	0	0
XM_047425901.1	3624	3396.29	0	0
XM_047425902.1	3524	3296.29	33.7675	0.461016
XM_047425903.1	4853	4625.29	17.3866	0.169168
XM_047425904.1	3675	3447.29	0	0
XM_047425905.1	3515	3287.29	20.3502	0.278595
XM_047425906.1	2847	2619.29	0	0
XM_047425907.1	2796	2568.29	166.255	2.91321
XM_047425908.1	4598	4370.29	0	0
XM_047425909.1	1682	1454.29	91.4142	2.82881
XM_047425910.1	2111	1883.29	1.77989	0.0425322
XM_047425911.1	1854	1626.29	0	0
XM_047425912.1	1749	1521.29	0	0
XM_047425913.1	1649	1421.29	0	0
XM_047425914.1	1229	1001.29	42.9316	1.92956
XM_047425915.1	972	744.293	0	0
XM_047425916.1	4620	4392.29	74.2855	0.761123
XM_047425917.1	4617	4389.29	147.953	1.51695
XM_047425918.1	3371	3143.29	0.000276165	3.9539e-06
XM_047425919.1	4506	4278.29	4.04217	0.0425193
XM_047425920.1	4503	4275.29	23.1491	0.243675
XM_047425921.1	2469	2241.29	174.683	3.50748
XM_047425923.1	25790	25562.3	1.36652	0.00240579
XM_047425924.1	13238	13010.3	0	0
XM_047425925.1	7153	6925.29	0	0
XM_047425926.1	24593	24365.3	0	0
XM_047425927.1	18860	18632.3	3.76493	0.00909354
XM_047425928.1	19088	18860.3	1.6592e-08	3.95906e-11
XM_047425929.1	24587	24359.3	0	0
XM_047425930.1	19217	18989.3	10.9924	0.0260512
XM_047425931.1	23029	22801.3	247.768	0.489022
XM_047425932.1	19797	19569.3	7.16073	0.0164674
XM_047425933.1	24320	24092.3	130.536	0.243833
XM_047425934.1	23117	22889.3	0	0
XM_047425935.1	12867	12639.3	80.0503	0.285025
XM_047425936.1	23123	22895.3	0	0
XM_047425937.1	12287	12059.3	174.107	0.649734
XM_047425938.1	22151	21923.3	3.60606	0.00740235
XM_047425939.1	13016	12788.3	0	0
XM_047425940.1	18714	18486.3	0.00343587	8.3643e-06
XM_047425941.1	25051	24823.3	39.9966	0.0725114
XM_047425942.1	12467	12239.3	2.7972e-05	1.02851e-07
XM_047425943.1	23927	23699.3	0.00685222	1.30118e-05
XM_047425944.1	21713	21485.3	0.0022092	4.6274e-06
XM_047425945.1	13010	12782.3	0	0
XM_047425946.1	23794	23566.3	6.69908e-08	1.27928e-10
XM_047425947.1	21613	21385.3	8.64266e-06	1.81876e-08
XM_047425948.1	23732	23504.3	1.25019e-07	2.3937e-10
XM_047425949.1	21175	20947.3	0	0
XM_047425950.1	16802	16574.3	4.62409e-06	1.25555e-08
XM_047425951.1	12141	11913.3	0.00360333	1.36118e-05
XM_047425952.1	13699	13471.3	0	0
XM_047425953.1	16512	16284.3	0.0152514	4.21486e-05
XM_047425954.1	10291	10063.3	2.78781e-07	1.24671e-09
XM_047425955.1	10229	10001.3	4.51219e-05	2.03036e-07
XM_047425956.1	12960	12732.3	0	0
XM_047425957.1	10581	10353.3	0.104653	0.0004549
XM_047425958.1	10440	10212.3	0	0
XM_047425959.1	10519	10291.3	15.1325	0.0661735
XM_047425960.1	10001	9773.29	0.189979	0.000874798
XM_047425961.1	10145	9917.29	0	0
XM_047425962.1	9939	9711.29	37.0146	0.171529
XM_047425963.1	3682	3454.29	0	0
XM_047425964.1	4263	4035.29	0	0
XM_047425965.1	25719	25491.3	0.00538831	9.51269e-06
XM_047425966.1	25649	25421.3	0.362361	0.000641485
XM_047425967.1	25576	25348.3	0.00168722	2.99547e-06
XM_047425969.1	6463	6235.29	21.712	0.156706
XM_047425970.1	6349	6121.29	0	0
XM_047425971.1	6346	6118.29	0	0
XM_047425972.1	6262	6034.29	4.7275	0.0352571
XM_047425973.1	6259	6031.29	21.3739	0.159483
XM_047425974.1	6250	6022.29	8.74562	0.0653539
XM_047425975.1	6103	5875.29	131.313	1.00582
XM_047425976.1	5571	5343.29	3.57895	0.0301432
XM_047425977.1	5484	5256.29	17.8967	0.153227
XM_047425978.1	5067	4839.29	64.7252	0.601913
XM_047425979.1	4499	4271.29	125.473	1.32201
XM_047425980.1	2935	2707.29	0	0
XM_047425981.1	5837	5609.29	35.6712	0.286189
XM_047425982.1	1697	1469.29	190.731	5.84192
XM_047425983.1	5969	5741.29	0	0
XM_047425984.1	5991	5763.29	0	0
XM_047425985.1	6047	5819.29	0	0
XM_047425986.1	5871	5643.29	0	0
XM_047425987.1	1227	999.293	3.11735	0.14039
XM_047425988.1	1864	1636.29	19.1217	0.525905
XM_047425989.1	7284	7056.29	0	0
XM_047425990.1	4316	4088.29	0	0
XM_047425991.1	1514	1286.29	60.7604	2.1258
XM_047425992.1	3538	3310.29	0	0
XM_047425993.1	3336	3108.29	0	0
XM_047425994.1	3651	3423.29	0	0
XM_047425995.1	4054	3826.29	0	0
XM_047425996.1	3804	3576.29	0	0
XM_047425997.1	6660	6432.29	0	0
XM_047425998.1	7172	6944.29	0.0962048	0.000623464
XM_047425999.1	6009	5781.29	0	0
XM_047426000.1	7248	7020.29	0	0
XM_047426001.1	7068	6840.29	7.0363	0.0462926
XM_047426002.1	4709	4481.29	0	0
XM_047426003.1	4096	3868.29	43.6354	0.507648
XM_047426004.1	2366	2138.29	2.99951	0.0631285
XM_047426005.1	2089	1861.29	0	0
XM_047426006.1	4014	3786.29	42.6267	0.506653
XM_047426007.1	3873	3645.29	2.67852	0.0330678
XM_047426008.1	4016	3788.29	0	0
XM_047426009.1	3998	3770.29	0	0
XM_047426010.1	3845	3617.29	0	0
XM_047426011.1	3823	3595.29	0	0
XM_047426012.1	3630	3402.29	5.41519	0.0716283
XM_047426013.1	2802	2574.29	21.2806	0.372021
XM_047426014.1	3594	3366.29	76.5291	1.0231
XM_047426015.1	2176	1948.29	0	0
XM_047426016.1	2988	2760.29	13.3627	0.217862
XM_047426017.1	3350	3122.29	7.30624	0.105308
XM_047426018.1	1190	962.293	0	0
XM_047426019.1	2385	2157.29	107.837	2.24959
XM_047426020.1	5136	4908.29	1	0.00916879
XM_047426021.1	4868	4640.29	2.85435	0.0276824
XM_047426022.1	6788	6560.29	28.7023	0.196896
XM_047426023.1	13028	12800.3	0	0
XM_047426024.1	12752	12524.3	0	0
XM_047426025.1	12675	12447.3	0	0
XM_047426026.1	12974	12746.3	0	0
XM_047426027.1	1978	1750.29	0	0
XM_047426028.1	1973	1745.29	0	0
XM_047426029.1	1950	1722.29	0	0
XM_047426030.1	2248	2020.29	0	0
XM_047426031.1	4629	4401.29	4.01816e-07	4.10856e-09
XM_047426032.1	4856	4628.29	5.00634	0.048679
XM_047426033.1	4787	4559.29	73.1657	0.722191
XM_047426034.1	4560	4332.29	4.94904e-06	5.14097e-08
XM_047426035.1	4264	4036.29	31.9746	0.356504
XM_047426036.1	8841	8613.29	18.4597	0.0964492
XM_047426037.1	4923	4695.29	0	0
XM_047426038.1	4123	3895.29	0	0
XM_047426039.1	6378	6150.29	20.9348	0.153185
XM_047426040.1	7738	7510.29	0	0
XM_047426041.1	3529	3301.29	1936.82	26.4026
XM_047426042.1	3069	2841.29	65.3654	1.03532
XM_047426043.1	2978	2750.29	51.8912	0.849097
XM_047426044.1	8270	8042.29	11.1581	0.0624383
XM_047426045.1	8537	8309.29	0	0
XM_047426046.1	8347	8119.29	0.088108	0.000488359
XM_047426047.1	8093	7865.29	0	0
XM_047426048.1	8120	7892.29	75.2984	0.429363
XM_047426049.1	8154	7926.29	0	0
XM_047426050.1	8092	7864.29	8.26258	0.0472823
XM_047426051.1	8119	7891.29	1.64038e-08	9.35489e-11
XM_047426052.1	8196	7968.29	0	0
XM_047426053.1	7942	7714.29	57.3697	0.334679
XM_047426054.1	8413	8185.29	0	0
XM_047426055.1	8386	8158.29	19.1338	0.105547
XM_047426057.1	7969	7741.29	7.93877e-08	4.61511e-10
XM_047426058.1	8506	8278.29	0	0
XM_047426059.1	8265	8037.29	0	0
XM_047426060.1	8114	7886.29	0	0
XM_047426061.1	8313	8085.29	0	0
XM_047426062.1	8218	7990.29	0	0
XM_047426063.1	8191	7963.29	0	0
XM_047426064.1	8289	8061.29	113.557	0.633945
XM_047426065.1	7991	7763.29	0	0
XM_047426066.1	8340	8112.29	0	0
XM_047426067.1	7964	7736.29	0	0
XM_047426068.1	8068	7840.29	0	0
XM_047426069.1	8041	7813.29	5.66761	0.0326444
XM_047426070.1	8145	7917.29	0	0
XM_047426071.1	7891	7663.29	39.8348	0.233932
XM_047426072.1	7918	7690.29	0	0
XM_047426073.1	9110	8882.29	30.9059	0.156588
XM_047426074.1	4360	4132.29	0	0
XM_047426075.1	4467	4239.29	0	0
XM_047426076.1	4539	4311.29	0	0
XM_047426077.1	4833	4605.29	0	0
XM_047426078.1	4522	4294.29	0	0
XM_047426079.1	4487	4259.29	0	0
XM_047426080.1	2692	2464.29	0	0
XM_047426081.1	2966	2738.29	0	0
XM_047426082.1	4466	4238.29	0	0
XM_047426083.1	4778	4550.29	0	0
XM_047426084.1	4757	4529.29	0	0
XM_047426085.1	6287	6059.29	16.6202	0.12344
XM_047426086.1	4394	4166.29	1.35999e-07	1.46903e-09
XM_047426087.1	4155	3927.29	5.32594e-07	6.10303e-09
XM_047426088.1	4348	4120.29	0	0
XM_047426089.1	4365	4137.29	0	0
XM_047426090.1	4639	4411.29	0	0
XM_047426091.1	4227	3999.29	2.63744e-07	2.96785e-09
XM_047426092.1	4170	3942.29	0	0
XM_047426093.1	4297	4069.29	0	0
XM_047426094.1	4242	4014.29	0	0
XM_047426095.1	2828	2600.29	0	0
XM_047426096.1	4377	4149.29	0	0
XM_047426097.1	4606	4378.29	0	0
XM_047426098.1	4167	3939.29	7.23667	0.0826728
XM_047426099.1	4182	3954.29	0	0
XM_047426100.1	2355	2127.29	16.4021	0.346988
XM_047426101.1	1208	980.293	54.9516	2.52271
XM_047426102.1	4791	4563.29	14.6119	0.144102
XM_047426103.1	4791	4563.29	0	0
XM_047426104.1	4653	4425.29	6.1529	0.062572
XM_047426105.1	4740	4512.29	0	0
XM_047426106.1	29261	29033.3	6.50791	0.0100876
XM_047426111.1	2379	2151.29	4.09195	0.0855999
XM_047426112.1	2845	2617.29	0	0
XM_047426113.1	799	571.487	1	0.0787474
XM_047426114.1	1628	1400.29	4.38685	0.140986
XM_047426115.1	7608	7380.29	0	0
XM_047426116.1	2356	2128.29	0	0
XM_047426117.1	7628	7400.29	7.4397e-07	4.52428e-09
XM_047426118.1	2562	2334.29	0	0
XM_047426119.1	1353	1125.29	2	0.0799846
XM_047426120.1	2493	2265.29	0	0
XM_047426121.1	1468	1240.29	0	0
XM_047426122.1	8129	7901.29	48.8009	0.277953
XM_047426123.1	952	724.293	5	0.310669
XM_047426124.1	3072	2844.29	23.1532	0.366335
XM_047426125.1	1819	1591.29	0	0
XM_047426126.1	2782	2554.29	2.38942	0.0420983
XM_047426127.1	1713	1485.29	46.1471	1.39822
XM_047426128.1	903	675.361	9.39496	0.626039
XM_047426129.1	1877	1649.29	14	0.382008
XM_047426130.1	1983	1755.29	0	0
XM_047426131.1	843	615.427	0	0
XM_047426132.1	779	551.487	1	0.0816032
XM_047426133.1	6013	5785.29	0	0
XM_047426134.1	931	703.293	31.7078	2.02895
XM_047426135.1	3439	3211.29	0	0
XM_047426136.1	15666	15438.3	46.209	0.134701
XM_047426137.1	1572	1344.29	1.3997	0.046858
XM_047426138.1	2901	2673.29	4.69488	0.0790352
XM_047426139.1	30524	30296.3	16.9606	0.0251938
XM_047426140.1	7595	7367.29	0.0016696	1.01987e-05
XM_047426141.1	7076	6848.29	0	0
XM_047426142.1	6793	6565.29	0	0
XM_047426143.1	10824	10596.3	0	0
XM_047426144.1	7546	7318.29	15.7027	0.0965622
XM_047426145.1	6601	6373.29	8.75558	0.0618249
XM_047426146.1	3642	3414.29	0	0
XM_047426147.1	3639	3411.29	0	0
XM_047426148.1	3624	3396.29	0	0
XM_047426149.1	3621	3393.29	0	0
XM_047426150.1	3620	3392.29	0	0
XM_047426151.1	3646	3418.29	0	0
XM_047426152.1	3504	3276.29	0	0
XM_047426153.1	3486	3258.29	0	0
XM_047426154.1	3483	3255.29	0	0
XM_047426155.1	3482	3254.29	0	0
XM_047426156.1	3508	3280.29	0	0
XM_047426157.1	3505	3277.29	0	0
XM_047426158.1	3769	3541.29	0	0
XM_047426159.1	2473	2245.29	0	0
XM_047426160.1	2257	2029.29	0	0
XM_047426161.1	1808	1580.29	1.63548	0.0465747
XM_047426162.1	4879	4651.29	7.43877	0.071973
XM_047426163.1	5018	4790.29	0	0
XM_047426164.1	4887	4659.29	0	0
XM_047426165.1	4748	4520.29	18.4269	0.183454
XM_047426166.1	4840	4612.29	0	0
XM_047426167.1	5079	4851.29	34.344	0.318593
XM_047426168.1	3431	3203.29	0	0
XM_047426169.1	2758	2530.29	0	0
XM_047426170.1	1769	1541.29	1.22676	0.0358191
XM_047426171.1	1760	1532.29	0	0
XM_047426172.1	1697	1469.29	6.2027	0.189983
XM_047426173.1	5550	5322.29	0	0
XM_047426174.1	1610	1382.29	0	0
XM_047426175.1	1382	1154.29	0	0
XM_047426176.1	2941	2713.29	1.3163e-05	2.18324e-07
XM_047426177.1	5972	5744.29	0	0
XM_047426178.1	5609	5381.29	0	0
XM_047426179.1	5328	5100.29	0	0
XM_047426180.1	5543	5315.29	0	0
XM_047426181.1	5385	5157.29	0	0
XM_047426182.1	5318	5090.29	0	0
XM_047426183.1	5262	5034.29	0	0
XM_047426184.1	5263	5035.29	24.9719	0.223187
XM_047426185.1	5260	5032.29	0	0
XM_047426186.1	5444	5216.29	0	0
XM_047426187.1	5230	5002.29	96.1638	0.865137
XM_047426188.1	8483	8255.29	4.81881	0.0262694
XM_047426189.1	5097	4869.29	9.966e-05	9.2108e-07
XM_047426190.1	5094	4866.29	0	0
XM_047426191.1	3643	3415.29	0	0
XM_047426192.1	5691	5463.29	13.1339	0.108189
XM_047426193.1	1667	1439.29	0	0
XM_047426194.1	2902	2674.29	0	0
XM_047426195.1	1931	1703.29	3.88614	0.102676
XM_047426196.1	6189	5961.29	1556.83	11.7528
XM_047426197.1	1801	1573.29	3.99203	0.11419
XM_047426198.1	1748	1520.29	4.45692	0.131932
XM_047426199.1	2688	2460.29	5.7913	0.105933
XM_047426200.1	2722	2494.29	0	0
XM_047426201.1	1877	1649.29	5.15857	0.140758
XM_047426202.1	1220	992.293	2.96099	0.134289
XM_047426203.1	4788	4560.29	2.30162	0.0227134
XM_047426204.1	2101	1873.29	0	0
XM_047426205.1	1886	1658.29	0	0
XM_047426206.1	4496	4268.29	0	0
XM_047426207.1	4353	4125.29	345.308	3.76699
XM_047426208.1	1936	1708.29	0	0
XM_047426209.1	1772	1544.29	0	0
XM_047426210.1	1445	1217.29	0	0
XM_047426211.1	1863	1635.29	0	0
XM_047426212.1	1322	1094.29	0	0
XM_047426213.1	3208	2980.29	0	0
XM_047426214.1	1187	959.293	0	0
XM_047426215.1	2742	2514.29	3.99999	0.0715954
XM_047426216.1	2629	2401.29	0	0
XM_047426217.1	1452	1224.29	0	0
XM_047426218.1	1967	1739.29	0	0
XM_047426219.1	1639	1411.29	0	0
XM_047426220.1	1606	1378.29	0	0
XM_047426221.1	1582	1354.29	0	0
XM_047426222.1	1587	1359.29	0	0
XM_047426223.1	7251	7023.29	0	0
XM_047426224.1	7188	6960.29	0	0
XM_047426225.1	5901	5673.29	177.95	1.41158
XM_047426226.1	4595	4367.29	1.09268	0.0112596
XM_047426227.1	2438	2210.29	0	0
XM_047426228.1	1043	815.293	69.7024	3.84748
XM_047426229.1	664	437.717	0	0
XM_047426230.1	2838	2610.29	5919.43	102.055
XM_047426231.1	2999	2771.29	0	0
XM_047426232.1	2241	2013.29	0	0
XM_047426233.1	1858	1630.29	0	0
XM_047426234.1	5784	5556.29	0	0
XM_047426235.1	5245	5017.29	0.000168992	1.51579e-06
XM_047426236.1	2677	2449.29	119.612	2.19775
XM_047426237.1	3222	2994.29	41.1412	0.618336
XM_047426238.1	2839	2611.29	454.915	7.84001
XM_047426239.1	2786	2558.29	9.00148	0.158346
XM_047426240.1	3237	3009.29	113.428	1.69628
XM_047426241.1	2127	1899.29	475.67	11.2708
XM_047426242.1	1930	1702.29	82.5142	2.18141
XM_047426243.1	1669	1441.29	0	0
XM_047426244.1	1985	1757.29	62.7232	1.6063
XM_047426245.1	3181	2953.29	0	0
XM_047426246.1	3144	2916.29	28.9837	0.447265
XM_047426247.1	2248	2020.29	88.4108	1.9694
XM_047426248.1	2009	1781.29	21.6422	0.546773
XM_047426249.1	1992	1764.29	54.2249	1.38315
XM_047426250.1	2110	1882.29	38.3364	0.916571
XM_047426251.1	2013	1785.29	15.8922	0.400605
XM_047426252.1	1301	1073.29	28.1322	1.17958
XM_047426253.1	1451	1223.29	64.2738	2.36453
XM_047426254.1	3058	2830.29	56.9963	0.90627
XM_047426255.1	5513	5285.29	0	0
XM_047426256.1	5552	5324.29	0	0
XM_047426257.1	2989	2761.29	0	0
XM_047426258.1	2841	2613.29	12.2148	0.210348
XM_047426259.1	2705	2477.29	16.6918	0.303227
XM_047426260.1	5473	5245.29	0	0
XM_047426261.1	2670	2442.29	0	0
XM_047426262.1	2564	2336.29	22.2337	0.428278
XM_047426263.1	5515	5287.29	47.9534	0.408158
XM_047426264.1	5436	5208.29	0	0
XM_047426265.1	5253	5025.29	0	0
XM_047426266.1	1279	1051.29	16.3614	0.700389
XM_047426267.1	12103	11875.3	4.40909e-06	1.67089e-08
XM_047426268.1	12063	11835.3	21.4026	0.0813824
XM_047426269.1	10774	10546.3	0	0
XM_047426270.1	8297	8069.29	50.13	0.279579
XM_047426271.1	8265	8037.29	0	0
XM_047426272.1	8262	8034.29	0	0
XM_047426273.1	4758	4530.29	34.6366	0.344074
XM_047426274.1	4749	4521.29	12.8258	0.127662
XM_047426275.1	6413	6185.29	0.00475634	3.46063e-05
XM_047426276.1	4746	4518.29	4.1776	0.0416097
XM_047426277.1	10620	10392.3	7.79848	0.0337708
XM_047426278.1	7880	7652.29	5.88823e-07	3.46287e-09
XM_047426279.1	10548	10320.3	0	0
XM_047426280.1	7988	7760.29	0	0
XM_047426281.1	7948	7720.29	86.0104	0.501372
XM_047426282.1	7727	7499.29	3.10713	0.0186458
XM_047426283.1	6180	5952.29	0.00184611	1.39577e-05
XM_047426284.1	4516	4288.29	5.3451	0.0560936
XM_047426285.1	7877	7649.29	1.00728e-06	5.92614e-09
XM_047426286.1	4537	4309.29	0	0
XM_047426287.1	6242	6014.29	0	0
XM_047426288.1	7812	7584.29	1.37969	0.00818671
XM_047426289.1	7724	7496.29	5.3794	0.0322946
XM_047426290.1	4513	4285.29	13.8987	0.145961
XM_047426291.1	7715	7487.29	2.92009	0.0175515
XM_047426292.1	4504	4276.29	4.81015	0.0506214
XM_047426293.1	4525	4297.29	0	0
XM_047426294.1	4501	4273.29	1.46699	0.0154492
XM_047426295.1	1084	856.293	64.0203	3.36463
XM_047426296.1	2817	2589.29	0	0
XM_047426297.1	2902	2674.29	0	0
XM_047426298.1	9793	9565.29	0.00786438	3.70006e-05
XM_047426299.1	9094	8866.29	66.8246	0.339185
XM_047426300.1	5516	5288.29	28.3586	0.24133
XM_047426301.1	5514	5286.29	47.6334	0.405511
XM_047426302.1	2633	2405.29	35.7617	0.669103
XM_047426303.1	2630	2402.29	6.79695	0.12733
XM_047426304.1	4282	4054.29	19.7018	0.218692
XM_047426305.1	1682	1454.29	0	0
XM_047426306.1	2682	2454.29	0	0
XM_047426307.1	1398	1170.29	0.0626406	0.00240882
XM_047426308.1	1336	1108.29	6.56713	0.266663
XM_047426309.1	1544	1316.29	62.8517	2.14885
XM_047426310.1	6128	5900.29	19.9292	0.152005
XM_047426311.1	2225	1997.29	589.297	13.2781
XM_047426312.1	3281	3053.29	34.1606	0.5035
XM_047426313.1	3620	3392.29	0	0
XM_047426314.1	956	728.293	3.32515	0.20547
XM_047426315.1	1702	1474.29	0	0
XM_047426316.1	1642	1414.29	0	0
XM_047426317.1	1313	1085.29	0	0
XM_047426318.1	1176	948.293	0	0
XM_047426319.1	7466	7238.29	53.9033	0.335137
XM_047426320.1	878	650.427	4.60776	0.318811
XM_047426321.1	6824	6596.29	0	0
XM_047426322.1	7352	7124.29	3.27664e-07	2.0698e-09
XM_047426323.1	1065	837.293	4.69226	0.252201
XM_047426324.1	4716	4488.29	0	0
XM_047426325.1	4582	4354.29	3.97758e-08	4.11097e-10
XM_047426326.1	3466	3238.29	43.1772	0.60004
XM_047426327.1	3284	3056.29	7.04222e-05	1.03695e-06
XM_047426328.1	2363	2135.29	13.3505	0.281373
XM_047426329.1	2285	2057.29	0	0
XM_047426330.1	2033	1805.29	0	0
XM_047426331.1	3125	2897.29	0	0
XM_047426332.1	2499	2271.29	0	0
XM_047426333.1	4181	3953.29	0	0
XM_047426334.1	4124	3896.29	0	0
XM_047426335.1	1523	1295.29	2.00135	0.0695342
XM_047426336.1	3748	3520.29	60.1611	0.769093
XM_047426337.1	2429	2201.29	1.35347	0.0276703
XM_047426338.1	1971	1743.29	0	0
XM_047426339.1	2738	2510.29	0	0
XM_047426340.1	721	493.802	0	0
XM_047426341.1	958	730.293	0	0
XM_047426342.1	653	426.803	4.1041	0.432745
XM_047426343.1	731	503.753	0	0
XM_047426344.1	2593	2365.29	0	0
XM_047426345.1	2500	2272.29	0	0
XM_047426346.1	2329	2101.29	0	0
XM_047426347.1	2520	2292.29	0	0
XM_047426348.1	2557	2329.29	0	0
XM_047426349.1	2427	2199.29	0	0
XM_047426350.1	6058	5830.29	0	0
XM_047426351.1	5688	5460.29	2.34367e-07	1.93163e-09
XM_047426352.1	1289	1061.29	276.067	11.7063
XM_047426353.1	19737	19509.3	62.3779	0.14389
XM_047426354.1	2553	2325.29	0	0
XM_047426355.1	2403	2175.29	0	0
XM_047426356.1	2598	2370.29	0	0
XM_047426357.1	2285	2057.29	0	0
XM_047426358.1	2410	2182.29	0	0
XM_047426359.1	2321	2093.29	0	0
XM_047426360.1	4836	4608.29	0.35126	0.00343029
XM_047426361.1	4432	4204.29	11.3619	0.121619
XM_047426362.1	1120	892.293	12.1722	0.613911
XM_047426363.1	3742	3514.29	41.8842	0.536358
XM_047426364.1	1442	1214.29	0	0
XM_047426365.1	1163	935.293	0	0
XM_047426366.1	1265	1037.29	0	0
XM_047426367.1	14304	14076.3	102.073	0.326335
XM_047426368.1	1135	907.293	0	0
XM_047426369.1	891	663.427	12.3172	0.835527
XM_047426370.1	13591	13363.3	102.813	0.346238
XM_047426371.1	5632	5404.29	0	0
XM_047426372.1	5573	5345.29	0	0
XM_047426373.1	1186	958.293	0	0
XM_047426374.1	13356	13128.3	0	0
XM_047426375.1	1128	900.293	0	0
XM_047426376.1	6104	5876.29	41.5772	0.318415
XM_047426377.1	3488	3260.29	0.014793	0.000204194
XM_047426378.1	9543	9315.29	0	0
XM_047426379.1	3707	3479.29	0	0
XM_047426380.1	1745	1517.29	0	0
XM_047426381.1	5333	5105.29	0	0
XM_047426382.1	4644	4416.29	15.83	0.161312
XM_047426383.1	4548	4320.29	0	0
XM_047426384.1	4497	4269.29	0	0
XM_047426385.1	4385	4157.29	1.3989e-08	1.51433e-10
XM_047426386.1	4652	4424.29	0	0
XM_047426387.1	4425	4197.29	0	0
XM_047426388.1	4592	4364.29	0	0
XM_047426389.1	4259	4031.29	16.8912	0.188563
XM_047426390.1	4526	4298.29	0	0
XM_047426391.1	4553	4325.29	0	0
XM_047426392.1	4520	4292.29	34.4801	0.361511
XM_047426393.1	4502	4274.29	1.55401e-05	1.63618e-07
XM_047426394.1	4466	4238.29	0	0
XM_047426395.1	4427	4199.29	1.4409e-07	1.54419e-09
XM_047426396.1	4403	4175.29	0.0125214	0.000134961
XM_047426397.1	4705	4477.29	2.79178	0.0280613
XM_047426398.1	5135	4907.29	0	0
XM_047426399.1	4331	4103.29	0	0
XM_047426400.1	4531	4303.29	3.7206e-08	3.89094e-10
XM_047426401.1	4259	4031.29	23.6499	0.264014
XM_047426402.1	4256	4028.29	0	0
XM_047426403.1	3914	3686.29	0	0
XM_047426404.1	4184	3956.29	0.225672	0.00256704
XM_047426405.1	4360	4132.29	0	0
XM_047426406.1	4225	3997.29	0	0
XM_047426407.1	4153	3925.29	3.58591	0.0411121
XM_047426408.1	4150	3922.29	0	0
XM_047426409.1	4991	4763.29	0	0
XM_047426410.1	4011	3783.29	48.5599	0.57763
XM_047426411.1	4174	3946.29	14.1515	0.161383
XM_047426412.1	1147	919.293	93.7095	4.58746
XM_047426413.1	1145	917.293	0	0
XM_047426414.1	1392	1164.29	0.0968837	0.00374482
XM_047426415.1	4850	4622.29	5.99505	0.0583684
XM_047426416.1	14357	14129.3	5.50839	0.0175447
XM_047426417.1	3536	3308.29	0	0
XM_047426418.1	7595	7367.29	0	0
XM_047426419.1	1910	1682.29	0	0
XM_047426420.1	3427	3199.29	0	0
XM_047426421.1	10432	10204.3	56.0935	0.247384
XM_047426422.1	4203	3975.29	7.9471	0.0899666
XM_047426423.1	1828	1600.29	69.2651	1.94786
XM_047426424.1	1790	1562.29	0	0
XM_047426425.1	3610	3382.29	0	0
XM_047426426.1	4121	3893.29	0	0
XM_047426427.1	4040	3812.29	0	0
XM_047426428.1	4001	3773.29	0	0
XM_047426429.1	5653	5425.29	0	0
XM_047426430.1	5614	5386.29	0	0
XM_047426431.1	3920	3692.29	10.4524	0.127398
XM_047426432.1	3917	3689.29	0	0
XM_047426433.1	5844	5616.29	0	0
XM_047426434.1	4098	3870.29	0	0
XM_047426435.1	5750	5522.29	0	0
XM_047426436.1	5374	5146.29	2.84895	0.0249133
XM_047426437.1	4017	3789.29	0	0
XM_047426438.1	4345	4117.29	0	0
XM_047426439.1	5630	5402.29	0	0
XM_047426440.1	5107	4879.29	0	0
XM_047426441.1	5197	4969.29	0	0
XM_047426442.1	5084	4856.29	0	0
XM_047426443.1	5081	4853.29	0	0
XM_047426444.1	4651	4423.29	0	0
XM_047426445.1	5318	5090.29	0	0
XM_047426446.1	4990	4762.29	1.98641	0.0187713
XM_047426447.1	4748	4520.29	0	0
XM_047426450.1	9784	9556.29	7.63761	0.0359675
XM_047426451.1	2177	1949.29	160.908	3.71486
XM_047426452.1	2302	2074.29	14.5001	0.314588
XM_047426453.1	2027	1799.29	2.42155	0.0605667
XM_047426454.1	1821	1593.29	0	0
XM_047426455.1	2854	2626.29	0	0
XM_047426456.1	1846	1618.29	0	0
XM_047426457.1	1777	1549.29	1	0.0290475
XM_047426458.1	1518	1290.29	0	0
XM_047426459.1	1425	1197.29	0	0
XM_047426460.1	2037	1809.29	0	0
XM_047426461.1	1436	1208.29	2.29449	0.0854588
XM_047426462.1	1371	1143.29	0	0
XM_047426463.1	1332	1104.29	0	0
XM_047426464.1	1274	1046.29	0	0
XM_047426465.1	1315	1087.29	0	0
XM_047426466.1	1501	1273.29	0	0
XM_047426467.1	1278	1050.29	0	0
XM_047426468.1	1051	823.293	0	0
XM_047426469.1	1158	930.293	0	0
XM_047426470.1	1390	1162.29	0	0
XM_047426471.1	1334	1106.29	0	0
XM_047426472.1	1222	994.293	0	0
XM_047426473.1	1315	1087.29	0	0
XM_047426474.1	976	748.293	0	0
XM_047426475.1	7661	7433.29	0	0
XM_047426476.1	918	690.293	0	0
XM_047426477.1	916	688.293	4.05127e-08	2.64887e-09
XM_047426478.1	2448	2220.29	4.34271	0.0880223
XM_047426479.1	5329	5101.29	50.088	0.441871
XM_047426480.1	5526	5298.29	0.792242	0.00672921
XM_047426481.1	4389	4161.29	0	0
XM_047426482.1	4539	4311.29	28.8603	0.301256
XM_047426483.1	7628	7400.29	0	0
XM_047426484.1	4473	4245.29	0	0
XM_047426485.1	4394	4166.29	56.6386	0.611793
XM_047426486.1	7611	7383.29	0	0
XM_047426487.1	1008	780.293	1.96301	0.113216
XM_047426488.1	6002	5774.29	12.6577	0.0986502
XM_047426491.1	779	551.487	0	0
XM_047426492.1	7426	7198.29	0.692528	0.00432962
XM_047426493.1	7153	6925.29	139.755	0.908177
XM_047426494.1	8747	8519.29	0	0
XM_047426495.1	9640	9412.29	0	0
XM_047426496.1	9586	9358.29	0	0
XM_047426497.1	8075	7847.29	0	0
XM_047426498.1	9430	9202.29	18.8087	0.0919827
XM_047426499.1	7919	7691.29	1.13328	0.00663104
XM_047426500.1	8024	7796.29	0	0
XM_047426501.1	7159	6931.29	0.0104844	6.80724e-05
XM_047426502.1	7868	7640.29	0	0
XM_047426503.1	7634	7406.29	0	0
XM_047426504.1	7153	6925.29	0	0
XM_047426505.1	7478	7250.29	0	0
XM_047426506.1	3879	3651.29	0	0
XM_047426507.1	7141	6913.29	1.70506e-07	1.10993e-09
XM_047426508.1	4351	4123.29	444.173	4.84786
XM_047426509.1	1271	1043.29	168.173	7.25425
XM_047426510.1	1082	854.293	16.4139	0.864662
XM_047426511.1	2877	2649.29	0	0
XM_047426512.1	7126	6898.29	4.0463	0.0263973
XM_047426513.1	4782	4554.29	0	0
XM_047426514.1	7114	6886.29	173.711	1.13523
XM_047426515.1	5563	5335.29	23.6405	0.199407
XM_047426516.1	3807	3579.29	2.66438e-08	3.34997e-10
XM_047426517.1	3791	3563.29	0	0
XM_047426518.1	3633	3405.29	0	0
XM_047426519.1	7049	6821.29	0	0
XM_047426520.1	813	585.487	6.73385	0.517593
XM_047426521.1	675	448.496	3.86373	0.387695
XM_047426522.1	6545	6317.29	0.657217	0.00468188
XM_047426523.1	3348	3120.29	0	0
XM_047426524.1	3448	3220.29	138.281	1.93245
XM_047426525.1	5987	5759.29	0	0
XM_047426526.1	14123	13895.3	2.99456	0.00969858
XM_047426527.1	5726	5498.29	0	0
XM_047426528.1	10198	9970.29	0	0
XM_047426529.1	10243	10015.3	7.68764	0.0345439
XM_047426530.1	9882	9654.29	0	0
XM_047426531.1	4083	3855.29	6.44428	0.0752246
XM_047426537.1	12100	11872.3	0	0
XM_047426538.1	1204	976.293	9.72557	0.448308
XM_047426539.1	1189	961.293	0	0
XM_047426540.1	3959	3731.29	0	0
XM_047426541.1	4016	3788.29	0	0
XM_047426542.1	3946	3718.29	0	0
XM_047426543.1	3915	3687.29	0	0
XM_047426544.1	1306	1078.29	13.4802	0.562602
XM_047426545.1	1442	1214.29	0	0
XM_047426546.1	24789	24561.3	28.9276	0.0530034
XM_047426547.1	1824	1596.29	0	0
XM_047426548.1	1567	1339.29	0	0
XM_047426549.1	3567	3339.29	0	0
XM_047426550.1	3383	3155.29	0	0
XM_047426551.1	3227	2999.29	0	0
XM_047426552.1	3312	3084.29	0	0
XM_047426553.1	2730	2502.29	3.34402	0.0601413
XM_047426554.1	24717	24489.3	48.2828	0.0887275
XM_047426555.1	4352	4124.29	37.393	0.408021
XM_047426556.1	3512	3284.29	0	0
XM_047426557.1	3915	3687.29	0	0
XM_047426558.1	3583	3355.29	2	0.0268251
XM_047426559.1	4131	3903.29	43.9187	0.506361
XM_047426560.1	1807	1579.29	0	0
XM_047426561.1	2672	2444.29	0	0
XM_047426562.1	2927	2699.29	0	0
XM_047426563.1	2708	2480.29	0	0
XM_047426564.1	2550	2322.29	0	0
XM_047426565.1	2401	2173.29	0	0
XM_047426566.1	2809	2581.29	0	0
XM_047426567.1	1943	1715.29	108.165	2.83786
XM_047426568.1	1943	1715.29	0	0
XM_047426569.1	7616	7388.29	0	0
XM_047426570.1	7604	7376.29	0	0
XM_047426571.1	7595	7367.29	0	0
XM_047426572.1	7592	7364.29	0	0
XM_047426573.1	7538	7310.29	0	0
XM_047426574.1	7529	7301.29	0	0
XM_047426575.1	7517	7289.29	0	0
XM_047426576.1	7508	7280.29	0	0
XM_047426577.1	6981	6753.29	203.434	1.35566
XM_047426578.1	7481	7253.29	0	0
XM_047426579.1	7472	7244.29	0	0
XM_047426580.1	7469	7241.29	0	0
XM_047426581.1	7457	7229.29	0	0
XM_047426582.1	7454	7226.29	0	0
XM_047426583.1	7448	7220.29	0	0
XM_047426584.1	7445	7217.29	0	0
XM_047426585.1	5939	5711.29	0	0
XM_047426586.1	5857	5629.29	0	0
XM_047426587.1	5909	5681.29	0	0
XM_047426588.1	5906	5678.29	0	0
XM_047426589.1	5861	5633.29	0	0
XM_047426590.1	5840	5612.29	0	0
XM_047426591.1	5831	5603.29	0	0
XM_047426592.1	5786	5558.29	205.393	1.66297
XM_047426593.1	5710	5482.29	75.9706	0.623628
XM_047426594.1	5783	5555.29	184.788	1.49695
XM_047426595.1	5707	5479.29	68.0005	0.558509
XM_047426596.1	5771	5543.29	35.3706	0.287155
XM_047426597.1	5762	5534.29	89.463	0.727484
XM_047426598.1	5759	5531.29	79.9803	0.650726
XM_047426599.1	5717	5489.29	134.192	1.10016
XM_047426600.1	5708	5480.29	335.762	2.75721
XM_047426601.1	5632	5404.29	123.395	1.02754
XM_047426602.1	5705	5477.29	301.841	2.48001
XM_047426603.1	5629	5401.29	110.349	0.919415
XM_047426604.1	5684	5456.29	145.246	1.19798
XM_047426605.1	5608	5380.29	51.8493	0.43369
XM_047426606.1	5681	5453.29	129.732	1.07061
XM_047426607.1	2400	2172.29	10.0253	0.207692
XM_047426608.1	1488	1260.29	0	0
XM_047426609.1	885	657.427	22	1.50597
XM_047426610.1	2365	2137.29	0	0
XM_047426611.1	10779	10551.3	161.701	0.689682
XM_047426612.1	10906	10678.3	41.2927	0.174026
XM_047426613.1	11039	10811.3	0	0
XM_047426614.1	11106	10878.3	203.503	0.841883
XM_047426615.1	10912	10684.3	0	0
XM_047426616.1	10820	10592.3	64.5098	0.27408
XM_047426617.1	11085	10857.3	109.782	0.455041
XM_047426618.1	10710	10482.3	0	0
XM_047426619.1	10752	10524.3	0	0
XM_047426620.1	10879	10651.3	0	0
XM_047426621.1	9741	9513.29	8.38357	0.0396589
XM_047426622.1	9426	9198.29	0	0
XM_047426623.1	6275	6047.29	113.66	0.84584
XM_047426624.1	10083	9855.29	0	0
XM_047426625.1	1112	884.293	0	0
XM_047426626.1	10311	10083.3	0	0
XM_047426627.1	10428	10200.3	0	0
XM_047426628.1	9800	9572.29	0	0
XM_047426629.1	9659	9431.29	5.17637	0.0247
XM_047426630.1	3640	3412.29	10.0169	0.132109
XM_047426631.1	4206	3978.29	0	0
XM_047426632.1	6184	5956.29	0	0
XM_047426633.1	6136	5908.29	0	0
XM_047426634.1	6055	5827.29	0	0
XM_047426635.1	6052	5824.29	0	0
XM_047426636.1	6007	5779.29	0	0
XM_047426637.1	5473	5245.29	109.707	0.941252
XM_047426638.1	5461	5233.29	0	0
XM_047426639.1	5428	5200.29	0	0
XM_047426640.1	5582	5354.29	18.5294	0.155741
XM_047426641.1	5425	5197.29	382.878	3.31532
XM_047426642.1	4987	4759.29	0	0
XM_047426643.1	4981	4753.29	0.00589795	5.58405e-05
XM_047426644.1	4900	4672.29	614.791	5.92161
XM_047426645.1	5014	4786.29	757.591	7.12325
XM_047426646.1	4855	4627.29	0	0
XM_047426647.1	4855	4627.29	72.0815	0.701034
XM_047426648.1	3621	3393.29	45.8802	0.60848
XM_047426649.1	4138	3910.29	48.6229	0.559595
XM_047426650.1	15697	15469.3	9.65595	0.028091
XM_047426651.1	2629	2401.29	0	0
XM_047426652.1	2249	2021.29	30.1096	0.670376
XM_047426653.1	4592	4364.29	0	0
XM_047426654.1	4589	4361.29	9.03645	0.0932449
XM_047426655.1	3270	3042.29	40.4784	0.598777
XM_047426656.1	6439	6211.29	12.6823	0.0918878
XM_047426657.1	6433	6205.29	109.128	0.791436
XM_047426658.1	2616	2388.29	124.936	2.3542
XM_047426659.1	10206	9978.29	1204.67	5.43317
XM_047426660.1	10194	9966.29	4.68511	0.0211557
XM_047426661.1	10131	9903.29	18.8119	0.0854861
XM_047426662.1	10074	9846.29	12	0.0548466
XM_047426663.1	9670	9442.29	73.1358	0.348574
XM_047426664.1	9436	9208.29	588.449	2.87589
XM_047426665.1	10159	9931.29	67.1723	0.304388
XM_047426666.1	9607	9379.29	0.0112528	5.39924e-05
XM_047426667.1	9595	9367.29	0.0860876	0.000413589
XM_047426668.1	9550	9322.29	41.6128	0.200885
XM_047426669.1	9316	9088.29	342.706	1.697
XM_047426670.1	9298	9070.29	97.8007	0.485247
XM_047426671.1	4142	3914.29	245.317	2.82044
XM_047426672.1	6076	5848.29	16.5016	0.126981
XM_047426673.1	4618	4390.29	32.3074	0.33117
XM_047426674.1	2085	1857.29	17.2891	0.418924
XM_047426675.1	2029	1801.29	11.8255	0.295446
XM_047426676.1	3769	3541.29	25.0437	0.318257
XM_047426677.1	2652	2424.29	10.3027	0.191252
XM_047426678.1	3844	3616.29	0	0
XM_047426679.1	3872	3644.29	0	0
XM_047426680.1	3973	3745.29	0	0
XM_047426681.1	3751	3523.29	0	0
XM_047426682.1	3779	3551.29	0	0
XM_047426683.1	1130	902.293	0	0
XM_047426684.1	788	560.487	0	0
XM_047426685.1	797	569.487	0	0
XM_047426687.1	1906	1678.29	109.521	2.93677
XM_047426688.1	3079	2851.29	0	0
XM_047426689.1	3076	2848.29	0	0
XM_047426690.1	8678	8450.29	0	0
XM_047426691.1	8654	8426.29	0	0
XM_047426692.1	8642	8414.29	0	0
XM_047426693.1	8593	8365.29	2.55974e-06	1.37707e-08
XM_047426694.1	8557	8329.29	0.000946461	5.11372e-06
XM_047426695.1	8632	8404.29	0	0
XM_047426696.1	4742	4514.29	0	0
XM_047426697.1	7272	7044.29	2.16838	0.0138529
XM_047426698.1	15978	15750.3	13.4182	0.0383395
XM_047426699.1	7918	7690.29	6.66584	0.039008
XM_047426700.1	2808	2580.29	0	0
XM_047426701.1	2500	2272.29	186.443	3.69254
XM_047426702.1	2283	2055.29	74.5065	1.63141
XM_047426703.1	2938	2710.29	0	0
XM_047426704.1	5278	5050.29	38.562	0.343625
XM_047426705.1	3370	3142.29	49.5225	0.709248
XM_047426706.1	1638	1410.29	0	0
XM_047426707.1	7637	7409.29	2.38883e-06	1.45094e-08
XM_047426708.1	4077	3849.29	12.556	0.146795
XM_047426709.1	2831	2603.29	24.4257	0.422247
XM_047426710.1	645	418.93	56.5395	6.07369
XM_047426711.1	832	604.427	0	0
XM_047426712.1	3393	3165.29	0	0
XM_047426713.1	2072	1844.29	0	0
XM_047426714.1	2471	2243.29	2.86179	0.0574109
XM_047426715.1	3110	2882.29	14.6296	0.228421
XM_047426716.1	3000	2772.29	0	0
XM_047426717.1	3110	2882.29	323.353	5.04871
XM_047426718.1	2491	2263.29	111.111	2.20931
XM_047426719.1	12951	12723.3	3296.84	11.6611
XM_047426720.1	12930	12702.3	127.747	0.452597
XM_047426721.1	7839	7611.29	266.079	1.57324
XM_047426722.1	5231	5003.29	726.339	6.5332
XM_047426723.1	762	534.648	0	0
XM_047426724.1	2748	2520.29	90.6496	1.61867
XM_047426725.1	7273	7045.29	2617.25	16.7181
XM_047426726.1	3466	3238.29	40.5674	0.563771
XM_047426727.1	2521	2293.29	0	0
XM_047426728.1	2623	2395.29	0	0
XM_047426729.1	5968	5740.29	52.1977	0.409223
XM_047426730.1	4999	4771.29	25.6829	0.242243
XM_047426731.1	3643	3415.29	56.9419	0.750319
XM_047426732.1	2455	2227.29	29.4298	0.594636
XM_047426733.1	5541	5313.29	0	0
XM_047426734.1	5322	5094.29	12.6045	0.111348
XM_047426735.1	4353	4125.29	0	0
XM_047426736.1	14257	14029.3	0	0
XM_047426737.1	14236	14008.3	612.342	1.96721
XM_047426738.1	13510	13282.3	0	0
XM_047426739.1	14065	13837.3	368.511	1.19851
XM_047426740.1	13483	13255.3	0	0
XM_047426741.1	13462	13234.3	358.346	1.21855
XM_047426742.1	13312	13084.3	0	0
XM_047426743.1	4230	4002.29	204.745	2.30221
XM_047426744.1	2639	2411.29	0	0
XM_047426745.1	10478	10250.3	4.84696	0.0212802
XM_047426746.1	4393	4165.29	0	0
XM_047426747.1	2490	2262.29	0	0
XM_047426749.1	5118	4890.29	1.01526	0.009343
XM_047426750.1	5413	5185.29	0	0
XM_047426751.1	2096	1868.29	79.3296	1.91087
XM_047426752.1	1436	1208.29	0	0
XM_047426753.1	5284	5056.29	0.000375546	3.34251e-06
XM_047426754.1	5482	5254.29	0	0
XM_047426755.1	5745	5517.29	0	0
XM_047426756.1	5551	5323.29	0	0
XM_047426757.1	5508	5280.29	0	0
XM_047426758.1	5684	5456.29	0	0
XM_047426759.1	5436	5208.29	0	0
XM_047426760.1	5321	5093.29	1.71195e-08	1.51263e-10
XM_047426761.1	5390	5162.29	0	0
XM_047426762.1	5324	5096.29	0	0
XM_047426763.1	3037	2809.29	10.3987	0.16658
XM_047426764.1	4620	4392.29	19.4099	0.198872
XM_047426765.1	3944	3716.29	2.34184	0.0283589
XM_047426766.1	2711	2483.29	33.1382	0.600542
XM_047426767.1	722	494.802	106.587	9.6943
XM_047426768.1	1559	1331.29	44.393	1.50066
XM_047426769.1	1526	1298.29	2.64744	0.091769
XM_047426770.1	1864	1636.29	74.1006	2.03799
XM_047426771.1	4063	3835.29	0	0
XM_047426772.1	4373	4145.29	0	0
XM_047426773.1	3644	3416.29	0	0
XM_047426774.1	2657	2429.29	3.5231	0.065266
XM_047426775.1	2615	2387.29	153.544	2.89447
XM_047426776.1	1000	772.293	0	0
XM_047426777.1	2045	1817.29	0	0
XM_047426778.1	2178	1950.29	0	0
XM_047426779.1	1881	1653.29	0	0
XM_047426780.1	1967	1739.29	0	0
XM_047426781.1	1951	1723.29	0	0
XM_047426782.1	1772	1544.29	17.5989	0.512859
XM_047426783.1	1830	1602.29	0	0
XM_047426784.1	958	730.293	0	0
XM_047426785.1	946	718.293	0	0
XM_047426786.1	1882	1654.29	0	0
XM_047426787.1	1796	1568.29	0	0
XM_047426788.1	1823	1595.29	0	0
XM_047426789.1	868	640.427	0	0
XM_047426790.1	774	546.487	0	0
XM_047426791.1	817	589.487	4.94448	0.377475
XM_047426792.1	856	628.427	1.18699	0.0850033
XM_047426793.1	822	594.427	0	0
XM_047426794.1	1098	870.293	0	0
XM_047426795.1	1473	1245.29	0	0
XM_047426796.1	1340	1112.29	0	0
XM_047426797.1	1332	1104.29	0	0
XM_047426798.1	1239	1011.29	0	0
XM_047426799.1	737	509.753	0	0
XM_047426800.1	7272	7044.29	315.699	2.01687
XM_047426801.1	655	428.76	0	0
XM_047426802.1	1336	1108.29	0	0
XM_047426803.1	4323	4095.29	26.6937	0.293336
XM_047426804.1	2498	2270.29	0	0
XM_047426805.1	2468	2240.29	0	0
XM_047426806.1	2473	2245.29	0	0
XM_047426807.1	2527	2299.29	0	0
XM_047426808.1	2435	2207.29	0	0
XM_047426809.1	2307	2079.29	0	0
XM_047426810.1	2244	2016.29	0	0
XM_047426811.1	2214	1986.29	0	0
XM_047426812.1	2113	1885.29	0	0
XM_047426813.1	2525	2297.29	6.99973	0.137122
XM_047426814.1	2271	2043.29	0	0
XM_047426815.1	2295	2067.29	0	0
XM_047426816.1	2307	2079.29	0	0
XM_047426817.1	2277	2049.29	0	0
XM_047426818.1	1908	1680.29	18.4923	0.495277
XM_047426819.1	2380	2152.29	0	0
XM_047426820.1	2215	1987.29	0	0
XM_047426821.1	2185	1957.29	0	0
XM_047426822.1	2189	1961.29	0	0
XM_047426823.1	2024	1796.29	0	0
XM_047426824.1	1994	1766.29	0	0
XM_047426825.1	1679	1451.29	0	0
XM_047426826.1	1857	1629.29	0	0
XM_047426827.1	909	681.293	0	0
XM_047426828.1	3432	3204.29	21.7697	0.305748
XM_047426829.1	2200	1972.29	0	0
XM_047426830.1	2228	2000.29	0	0
XM_047426831.1	5194	4966.29	0	0
XM_047426832.1	4258	4030.29	0	0
XM_047426833.1	4045	3817.29	12.3776	0.145923
XM_047426834.1	3994	3766.29	0	0
XM_047426835.1	3796	3568.29	0	0
XM_047426836.1	866	638.427	1.47346e-07	1.03865e-08
XM_047426837.1	698	470.947	0	0
XM_047426838.1	728	500.753	2.40946	0.216541
XM_047426839.1	724	496.802	2.35555	0.213379
XM_047426840.1	5253	5025.29	0	0
XM_047426841.1	9858	9630.29	29.5709	0.138187
XM_047426842.1	14987	14759.3	15.1474	0.0461864
XM_047426843.1	14936	14708.3	0.000452831	1.38553e-06
XM_047426844.1	7493	7265.29	0	0
XM_047426845.1	8602	8374.29	15.334	0.082404
XM_047426846.1	7010	6782.29	0	0
XM_047426847.1	9641	9413.29	19.4693	0.093079
XM_047426848.1	8636	8408.29	19.0143	0.101769
XM_047426849.1	1408	1180.29	0	0
XM_047426850.1	1918	1690.29	46.4511	1.23673
XM_047426851.1	1942	1714.29	0	0
XM_047426852.1	1914	1686.29	9.38083	0.250352
XM_047426853.1	2038	1810.29	0	0
XM_047426854.1	2115	1887.29	0	0
XM_047426855.1	2132	1904.29	19.0218	0.449531
XM_047426856.1	1897	1669.29	22.6219	0.609873
XM_047426857.1	2070	1842.29	23.181	0.566261
XM_047426858.1	4688	4460.29	0	0
XM_047426859.1	4617	4389.29	0	0
XM_047426860.1	1784	1556.29	13.5949	0.39312
XM_047426861.1	1952	1724.29	0	0
XM_047426862.1	2819	2591.29	0	0
XM_047426863.1	3592	3364.29	10.1847	0.136237
XM_047426864.1	1723	1495.29	0	0
XM_047426865.1	1249	1021.29	10.0794	0.444148
XM_047426867.1	4168	3940.29	0	0
XM_047426868.1	2682	2454.29	0	0
XM_047426869.1	1797	1569.29	0	0
XM_047426870.1	1276	1048.29	0	0
XM_047426871.1	1597	1369.29	0	0
XM_047426872.1	2179	1951.29	18.6148	0.429318
XM_047426873.1	2377	2149.29	0	0
XM_047426874.1	2306	2078.29	67.1425	1.4539
XM_047426875.1	10658	10430.3	27.5409	0.118829
XM_047426876.1	5569	5341.29	0	0
XM_047426877.1	5890	5662.29	130.962	1.04087
XM_047426878.1	2353	2125.29	1	0.021175
XM_047426879.1	2333	2105.29	0	0
XM_047426880.1	4452	4224.29	0	0
XM_047426881.1	3015	2787.29	39.1175	0.631583
XM_047426882.1	5486	5258.29	0	0
XM_047426883.1	4900	4672.29	0	0
XM_047426884.1	4851	4623.29	0	0
XM_047426885.1	1648	1420.29	21.8272	0.691612
XM_047426886.1	4114	3886.29	810.644	9.38722
XM_047426887.1	5133	4905.29	418.419	3.83874
XM_047426888.1	5083	4855.29	0	0
XM_047426889.1	5237	5009.29	251.22	2.25694
XM_047426890.1	5017	4789.29	328.813	3.08972
XM_047426891.1	4775	4547.29	0	0
XM_047426892.1	4709	4481.29	268.661	2.69801
XM_047426893.1	4399	4171.29	1250.96	13.4963
XM_047426894.1	4590	4362.29	22.9627	0.236892
XM_047426895.1	4629	4401.29	48.2983	0.493849
XM_047426896.1	4805	4577.29	1.28065e-05	1.25911e-07
XM_047426897.1	4769	4541.29	18.054	0.178911
XM_047426898.1	1480	1252.29	2650.02	95.2326
XM_047426900.1	2232	2004.29	0	0
XM_047426901.1	2073	1845.29	3.26375	0.0795966
XM_047426902.1	4341	4113.29	0	0
XM_047426903.1	2806	2578.29	0	0
XM_047426904.1	2595	2367.29	7.51335	0.142831
XM_047426905.1	4250	4022.29	25.4721	0.284993
XM_047426906.1	9253	9025.29	325.111	1.62111
XM_047426907.1	4311	4083.29	49.6859	0.547602
XM_047426908.1	1430	1202.29	84.1073	3.14822
XM_047426909.1	2374	2146.29	0	0
XM_047426910.1	1232	1004.29	0	0
XM_047426911.1	1403	1175.29	0	0
XM_047426912.1	3936	3708.29	0	0
XM_047426913.1	2263	2035.29	1.44734	0.0320026
XM_047426914.1	1602	1374.29	0	0
XM_047426915.1	1113	885.293	0	0
XM_047426916.1	4061	3833.29	0	0
XM_047426917.1	3010	2782.29	0	0
XM_047426918.1	2845	2617.29	0	0
XM_047426919.1	2821	2593.29	0.115704	0.00200789
XM_047426920.1	1974	1746.29	0	0
XM_047426921.1	2314	2086.29	0	0
XM_047426922.1	1722	1494.29	0	0
XM_047426923.1	1474	1246.29	0	0
XM_047426924.1	2110	1882.29	0	0
XM_047426925.1	1398	1170.29	0	0
XM_047426926.1	2145	1917.29	0	0
XM_047426927.1	2258	2030.29	5	0.110829
XM_047426928.1	3577	3349.29	0	0
XM_047426929.1	3505	3277.29	0	0
XM_047426930.1	3189	2961.29	0	0
XM_047426931.1	3433	3205.29	0	0
XM_047426932.1	3045	2817.29	0	0
XM_047426933.1	3354	3126.29	20.8869	0.300668
XM_047426934.1	1781	1553.29	3	0.0869181
XM_047426935.1	4425	4197.29	35.6548	0.382288
XM_047426936.1	1459	1231.29	82.1607	3.00293
XM_047426937.1	7120	6892.29	118.139	0.771389
XM_047426938.1	7099	6871.29	549.37	3.59806
XM_047426939.1	5213	4985.29	49.593	0.447684
XM_047426940.1	3338	3110.29	1459.71	21.1207
XM_047426941.1	10236	10008.3	0	0
XM_047426942.1	2671	2443.29	83.9074	1.54549
XM_047426943.1	9474	9246.29	13.661	0.0664899
XM_047426944.1	2179	1951.29	0	0
XM_047426945.1	1578	1350.29	0	0
XM_047426946.1	1573	1345.29	0	0
XM_047426948.1	5427	5199.29	0	0
XM_047426949.1	5443	5215.29	12.7601	0.110108
XM_047426950.1	5313	5085.29	23.864	0.211188
XM_047426951.1	3697	3469.29	0	0
XM_047426952.1	2846	2618.29	0	0
XM_047426953.1	3010	2782.29	0	0
XM_047426954.1	2791	2563.29	0	0
XM_047426955.1	2955	2727.29	0	0
XM_047426956.1	5943	5715.29	1.66692	0.0131256
XM_047426957.1	2205	1977.29	0	0
XM_047426958.1	1424	1196.29	1.70708	0.0642181
XM_047426959.1	5494	5266.29	6005.82	51.3227
XM_047426960.1	1890	1662.29	2538.17	68.7156
XM_047426961.1	1870	1642.29	548.755	15.0373
XM_047426962.1	2535	2307.29	30.9051	0.602795
XM_047426963.1	16687	16459.3	70.9296	0.193936
XM_047426964.1	14074	13846.3	454.434	1.477
XM_047426965.1	3213	2985.29	0	0
XM_047426966.1	1305	1077.29	7.01323	0.292972
XM_047426967.1	6757	6529.29	18.6125	0.128287
XM_047426968.1	6085	5857.29	0	0
XM_047426969.1	865	637.427	51.0732	3.60582
XM_047426970.1	7197	6969.29	0	0
XM_047426971.1	7056	6828.29	0	0
XM_047426972.1	6398	6170.29	0	0
XM_047426973.1	7077	6849.29	0	0
XM_047426974.1	5826	5598.29	0	0
XM_047426975.1	13706	13478.3	72.6927	0.242716
XM_047426976.1	13245	13017.3	9.68137e-08	3.34702e-10
XM_047426977.1	13788	13560.3	1.75486e-07	5.82394e-10
XM_047426978.1	12838	12610.3	1.81215e-07	6.46712e-10
XM_047426979.1	13700	13472.3	0	0
XM_047426980.1	2962	2734.29	7.09407	0.11676
XM_047426981.1	5015	4787.29	30.3985	0.285762
XM_047426982.1	2329	2101.29	0	0
XM_047426983.1	2405	2177.29	8.19621	0.16941
XM_047426984.1	2493	2265.29	0	0
XM_047426985.1	2485	2257.29	18.7999	0.37481
XM_047426986.1	2400	2172.29	53.4768	1.10787
XM_047426987.1	2363	2135.29	3.02529e-06	6.37605e-08
XM_047426988.1	2408	2180.29	6.83323e-06	1.41044e-07
XM_047426989.1	2029	1801.29	1.39218e-06	3.4782e-08
XM_047426990.1	2066	1838.29	6.21602e-06	1.52174e-07
XM_047426991.1	2395	2167.29	0.788849	0.0163802
XM_047426992.1	2234	2006.29	0.0505854	0.00113468
XM_047426993.1	2277	2049.29	1.74922	0.0384134
XM_047426994.1	2479	2251.29	0.643499	0.0128635
XM_047426995.1	7182	6954.29	0.0789434	0.000510864
XM_047426996.1	7274	7046.29	0.0225445	0.000143987
XM_047426997.1	7210	6982.29	0.727355	0.00468803
XM_047426998.1	7348	7120.29	0.0445755	0.000281735
XM_047426999.1	7331	7103.29	0.183018	0.00115951
XM_047427000.1	7469	7241.29	0.02023	0.000125725
XM_047427001.1	7202	6974.29	0.0142506	9.19549e-05
XM_047427002.1	7547	7319.29	66.3541	0.407982
XM_047427003.1	7140	6912.29	0.0299557	0.00019503
XM_047427004.1	7337	7109.29	0.00537082	3.39982e-05
XM_047427005.1	7475	7247.29	0.0219398	0.000136238
XM_047427006.1	7491	7263.29	0.00554219	3.43392e-05
XM_047427007.1	7129	6901.29	0.00779167	5.08092e-05
XM_047427008.1	7319	7091.29	898.848	5.70431
XM_047427009.1	7220	6992.29	51.8322	0.333597
XM_047427010.1	7325	7097.29	30.0379	0.190467
XM_047427011.1	7190	6962.29	89.9881	0.581668
XM_047427012.1	7463	7235.29	102.048	0.634734
XM_047427013.1	7457	7229.29	93.1601	0.579931
XM_047427014.1	7479	7251.29	26.6383	0.165323
XM_047427015.1	7117	6889.29	53.4649	0.34925
XM_047427016.1	7128	6900.29	197.404	1.28745
XM_047427017.1	7250	7022.29	0	0
XM_047427018.1	7294	7066.29	95.4818	0.608095
XM_047427019.1	7277	7049.29	384.71	2.45601
XM_047427020.1	7148	6920.29	36.6584	0.238392
XM_047427021.1	7415	7187.29	39.0351	0.244417
XM_047427022.1	7421	7193.29	42.4556	0.265613
XM_047427023.1	7086	6858.29	80.8007	0.530202
XM_047427024.1	7075	6847.29	21.6128	0.142048
XM_047427025.1	7208	6980.29	0	0
XM_047427026.1	7283	7055.29	12.2354	0.0780452
XM_047427027.1	3854	3626.29	8.25526e-07	1.0245e-08
XM_047427028.1	1477	1249.29	2.25642	0.0812827
XM_047427029.1	4247	4019.29	0	0
XM_047427030.1	3622	3394.29	0	0
XM_047427031.1	3254	3026.29	0	0
XM_047427032.1	6323	6095.29	0	0
XM_047427033.1	1626	1398.29	0	0
XM_047427034.1	2414	2186.29	4.72243	0.0972074
XM_047427035.1	1256	1028.29	0	0
XM_047427036.1	2530	2302.29	0	0
XM_047427037.1	2489	2261.29	0	0
XM_047427038.1	2597	2369.29	0	0
XM_047427039.1	2403	2175.29	0	0
XM_047427040.1	984	756.293	0	0
XM_047427041.1	807	579.487	0	0
XM_047427042.1	5215	4987.29	0	0
XM_047427043.1	5127	4899.29	0	0
XM_047427044.1	1966	1738.29	11.39	0.294878
XM_047427045.1	867	639.427	83.4386	5.87243
XM_047427046.1	3239	3011.29	0	0
XM_047427047.1	3190	2962.29	0	0
XM_047427048.1	3575	3347.29	0.453117	0.00609198
XM_047427049.1	3316	3088.29	0	0
XM_047427050.1	7183	6955.29	1.28358	0.00830518
XM_047427051.1	3572	3344.29	0	0
XM_047427052.1	2983	2755.29	0	0
XM_047427053.1	7134	6906.29	3.60482	0.0234899
XM_047427054.1	3267	3039.29	0	0
XM_047427055.1	5790	5562.29	107.201	0.867338
XM_047427056.1	3809	3581.29	0.000165843	2.08401e-06
XM_047427057.1	5218	4990.29	97.6147	0.880302
XM_047427058.1	2879	2651.29	0	0
XM_047427059.1	3647	3419.29	0	0
XM_047427060.1	11410	11182.3	0	0
XM_047427061.1	8107	7879.29	0	0
XM_047427062.1	8235	8007.29	2.56835e-08	1.44348e-10
XM_047427063.1	8191	7963.29	0	0
XM_047427064.1	8058	7830.29	1.46247e-07	8.40524e-10
XM_047427065.1	2717	2489.29	0	0
XM_047427066.1	3511	3283.29	74.2569	1.01782
XM_047427067.1	3525	3297.29	35.0697	0.478648
XM_047427068.1	3773	3545.29	0.000484963	6.15601e-06
XM_047427069.1	3570	3342.29	64.8578	0.873293
XM_047427070.1	3556	3328.29	46.579	0.629812
XM_047427071.1	6510	6282.29	5.87545	0.0420887
XM_047427072.1	5426	5198.29	0	0
XM_047427073.1	4741	4513.29	16.5201	0.164726
XM_047427074.1	2585	2357.29	0	0
XM_047427075.1	3470	3242.29	9.11284	0.126486
XM_047427076.1	3437	3209.29	4.44718	0.0623616
XM_047427077.1	3443	3215.29	2.54556	0.0356291
XM_047427078.1	2310	2082.29	103.841	2.24423
XM_047427079.1	7928	7700.29	0	0
XM_047427080.1	8040	7812.29	0	0
XM_047427081.1	7357	7129.29	0	0
XM_047427082.1	7357	7129.29	0	0
XM_047427083.1	7089	6861.29	0	0
XM_047427084.1	7907	7679.29	41.6113	0.243855
XM_047427085.1	7336	7108.29	0	0
XM_047427086.1	8016	7788.29	3.11381e-07	1.79925e-09
XM_047427087.1	6981	6753.29	0	0
XM_047427088.1	7904	7676.29	0	0
XM_047427089.1	6981	6753.29	40.4951	0.269854
XM_047427090.1	7445	7217.29	0	0
XM_047427091.1	7333	7105.29	0	0
XM_047427092.1	7488	7260.29	57.3832	0.355691
XM_047427093.1	7133	6905.29	1.56493e-08	1.0199e-10
XM_047427094.1	7376	7148.29	2.70933	0.017057
XM_047427095.1	6954	6726.29	0	0
XM_047427096.1	2329	2101.29	0	0
XM_047427097.1	6951	6723.29	0	0
XM_047427098.1	7216	6988.29	0	0
XM_047427099.1	6939	6711.29	0	0
XM_047427100.1	6955	6727.29	0	0
XM_047427101.1	6843	6615.29	0.00403183	2.74281e-05
XM_047427102.1	6840	6612.29	0	0
XM_047427103.1	6927	6699.29	0	0
XM_047427104.1	7295	7067.29	10.2381	0.0651945
XM_047427105.1	7183	6955.29	0.416253	0.0026933
XM_047427106.1	2213	1985.29	29.8544	0.676746
XM_047427107.1	7292	7064.29	6.30366	0.0401574
XM_047427108.1	7180	6952.29	0	0
XM_047427109.1	7180	6952.29	0.252769	0.00163621
XM_047427110.1	6825	6597.29	1.19479	0.00815023
XM_047427111.1	2313	2085.29	66.7608	1.44078
XM_047427112.1	3770	3542.29	5.89527e-05	7.48965e-07
XM_047427113.1	2554	2326.29	179.459	3.47171
XM_047427114.1	1329	1101.29	0	0
XM_047427115.1	2342	2114.29	0	0
XM_047427116.1	1819	1591.29	26.4622	0.748372
XM_047427117.1	864	636.427	6.00741	0.424796
XM_047427118.1	1092	864.293	323.044	16.8207
XM_047427119.1	1115	887.293	0.44309	0.0224733
XM_047427120.1	4667	4439.29	0	0
XM_047427121.1	1781	1553.29	30.0761	0.871384
XM_047427122.1	1242	1014.29	6.50073	0.28843
XM_047427123.1	835	607.427	0	0
XM_047427124.1	1287	1059.29	5.18096	0.220108
XM_047427125.1	1109	881.293	56.0718	2.8633
XM_047427126.1	3767	3539.29	0.000189112	2.40461e-06
XM_047427127.1	8523	8295.29	0	0
XM_047427128.1	8329	8101.29	0	0
XM_047427129.1	1277	1049.29	8.3983	0.360194
XM_047427130.1	6138	5910.29	0	0
XM_047427131.1	2540	2312.29	1	0.0194625
XM_047427132.1	7540	7312.29	125.1	0.769921
XM_047427133.1	2149	1921.29	44.526	1.04295
XM_047427134.1	5704	5476.29	18.2781	0.150206
XM_047427135.1	1265	1037.29	0	0
XM_047427136.1	1383	1155.29	6.4751	0.25223
XM_047427137.1	2880	2652.29	0.535628	0.00908833
XM_047427138.1	2390	2162.29	0	0
XM_047427139.1	2564	2336.29	0	0
XM_047427140.1	2309	2081.29	0	0
XM_047427141.1	2322	2094.29	7.52131	0.161621
XM_047427142.1	2317	2089.29	0.0968381	0.00208588
XM_047427143.1	2176	1948.29	0.526156	0.0121535
XM_047427144.1	1250	1022.29	0	0
XM_047427145.1	3764	3536.29	1.02032e-08	1.29847e-10
XM_047427146.1	2718	2490.29	15.034	0.271685
XM_047427147.1	2364	2136.29	0	0
XM_047427148.1	2616	2388.29	0	0
XM_047427149.1	2240	2012.29	0	0
XM_047427150.1	2492	2264.29	0	0
XM_047427151.1	2236	2008.29	0	0
XM_047427152.1	2392	2164.29	0	0
XM_047427153.1	8143	7915.29	12.0406	0.0684581
XM_047427154.1	3678	3450.29	2.4996	0.0326029
XM_047427155.1	8140	7912.29	8.26091	0.0469859
XM_047427156.1	8092	7864.29	2.40115	0.0137405
XM_047427157.1	8092	7864.29	0.151855	0.000868981
XM_047427158.1	7725	7497.29	0	0
XM_047427159.1	6194	5966.29	0	0
XM_047427160.1	6151	5923.29	1.55951e-07	1.18486e-09
XM_047427161.1	4270	4042.29	0	0
XM_047427162.1	3909	3681.29	10.3615	0.126668
XM_047427163.1	4231	4003.29	11.8721	0.13346
XM_047427164.1	4228	4000.29	5.58139	0.0627903
XM_047427165.1	4228	4000.29	0.0304745	0.000342837
XM_047427166.1	3861	3633.29	0	0
XM_047427167.1	4198	3970.29	23.8636	0.270493
XM_047427168.1	4195	3967.29	0	0
XM_047427169.1	4180	3952.29	0	0
XM_047427170.1	4177	3949.29	0	0
XM_047427171.1	4150	3922.29	2.49962	0.0286798
XM_047427172.1	4108	3880.29	5.28875	0.0613382
XM_047427173.1	4099	3871.29	0	0
XM_047427174.1	4096	3868.29	0	0
XM_047427175.1	4027	3799.29	1.07046	0.0126797
XM_047427176.1	2216	1988.29	0	0
XM_047427177.1	1681	1453.29	12.2302	0.378724
XM_047427178.1	2797	2569.29	25.8599	0.452955
XM_047427179.1	2837	2609.29	0	0
XM_047427180.1	9902	9674.29	0	0
XM_047427181.1	4788	4560.29	0	0
XM_047427182.1	4691	4463.29	0	0
XM_047427183.1	4726	4498.29	0	0
XM_047427184.1	4722	4494.29	0	0
XM_047427185.1	5111	4883.29	0	0
XM_047427186.1	4625	4397.29	0	0
XM_047427187.1	3745	3517.29	0	0
XM_047427188.1	3645	3417.29	10.2649	0.135181
XM_047427189.1	9358	9130.29	0	0
XM_047427190.1	9355	9127.29	0	0
XM_047427191.1	9301	9073.29	0	0
XM_047427192.1	8325	8097.29	11.3051	0.0628313
XM_047427193.1	9165	8937.29	9.28784	0.0467683
XM_047427194.1	9219	8991.29	0.00240529	1.20389e-05
XM_047427195.1	9222	8994.29	0.00152243	7.61748e-06
XM_047427196.1	2095	1867.29	156.594	3.77402
XM_047427197.1	3158	2930.29	26.917	0.413387
XM_047427198.1	3155	2927.29	11.0332	0.16962
XM_047427199.1	3171	2943.29	153.991	2.35453
XM_047427200.1	2264	2036.29	19.9435	0.440761
XM_047427201.1	1245	1017.29	0	0
XM_047427202.1	5102	4874.29	97.1669	0.897117
XM_047427203.1	5084	4856.29	11.3549	0.105226
XM_047427204.1	5395	5167.29	0.000168466	1.46721e-06
XM_047427205.1	5373	5145.29	0	0
XM_047427206.1	5377	5149.29	1.99907e-05	1.74712e-07
XM_047427207.1	5355	5127.29	0	0
XM_047427208.1	5159	4931.29	29.1166	0.265719
XM_047427209.1	5178	4950.29	6.11845	0.0556228
XM_047427210.1	5051	4823.29	10.51	0.0980625
XM_047427211.1	5126	4898.29	27.19	0.249808
XM_047427212.1	5344	5116.29	1.70282e-05	1.49781e-07
XM_047427213.1	5322	5094.29	0	0
XM_047427214.1	5217	4989.29	38.9877	0.351666
XM_047427215.1	5142	4914.29	7.69807	0.0704958
XM_047427216.1	5120	4892.29	1.94569	0.017898
XM_047427217.1	5015	4787.29	13.3719	0.125703
XM_047427218.1	5090	4862.29	34.6223	0.320448
XM_047427219.1	5094	4866.29	19.3465	0.178915
XM_047427220.1	3642	3414.29	1.38398	0.018242
XM_047427221.1	4967	4739.29	34.0967	0.323773
XM_047427223.1	5039	4811.29	3.16485	0.0296028
XM_047427224.1	4934	4706.29	22.1994	0.212278
XM_047427225.1	5046	4818.29	0	0
XM_047427226.1	4919	4691.29	0	0
XM_047427227.1	5024	4796.29	0	0
XM_047427228.1	5028	4800.29	0	0
XM_047427229.1	5006	4778.29	0	0
XM_047427230.1	4901	4673.29	0	0
XM_047427231.1	5561	5333.29	173.937	1.4677
XM_047427232.1	5666	5438.29	31.1673	0.257916
XM_047427233.1	2136	1908.29	0	0
XM_047427234.1	2168	1940.29	20.2916	0.470642
XM_047427235.1	691	464.041	6.38456	0.61918
XM_047427236.1	2211	1983.29	17.6622	0.400775
XM_047427237.1	1311	1083.29	29.4028	1.22148
XM_047427238.1	3558	3330.29	0.000208843	2.82214e-06
XM_047427239.1	3507	3279.29	5.40164e-07	7.41289e-09
XM_047427240.1	3486	3258.29	29.6675	0.409763
XM_047427241.1	2731	2503.29	0	0
XM_047427242.1	2710	2482.29	38.9501	0.706151
XM_047427243.1	2659	2431.29	36.4122	0.673988
XM_047427244.1	2633	2405.29	22.8259	0.427073
XM_047427245.1	2506	2278.29	99.739	1.97014
XM_047427246.1	2223	1995.29	0	0
XM_047427247.1	3636	3408.29	0.000197012	2.60135e-06
XM_047427248.1	6140	5912.29	0	0
XM_047427249.1	6063	5835.29	0	0
XM_047427250.1	6042	5814.29	6.92075	0.0535671
XM_047427251.1	3521	3293.29	2.08	0.0284233
XM_047427252.1	2072	1844.29	27.163	0.662812
XM_047427253.1	1655	1427.29	0	0
XM_047427254.1	4779	4551.29	1.37425	0.0135885
XM_047427255.1	3288	3060.29	2.27148	0.0334032
XM_047427256.1	2520	2292.29	10.4085	0.204344
XM_047427257.1	4596	4368.29	0	0
XM_047427258.1	1842	1614.29	0	0
XM_047427259.1	1717	1489.29	0	0
XM_047427260.1	5495	5267.29	0	0
XM_047427261.1	1183	955.293	17.4997	0.824394
XM_047427262.1	558	334.107	4.95629	0.667595
XM_047427263.1	1598	1370.29	0.0117678	0.000386477
XM_047427264.1	1372	1144.29	0	0
XM_047427265.1	1301	1073.29	0	0
XM_047427266.1	1142	914.293	2.60906	0.128423
XM_047427267.1	7046	6818.29	0.000995677	6.57181e-06
XM_047427268.1	7004	6776.29	0.000178857	1.18784e-06
XM_047427269.1	7122	6894.29	17.4093	0.113641
XM_047427270.1	4719	4491.29	31.1093	0.311718
XM_047427271.1	6962	6734.29	15.0121	0.100321
XM_047427272.1	7080	6852.29	8.9806	0.0589809
XM_047427273.1	7080	6852.29	3.33929	0.0219311
XM_047427274.1	7077	6849.29	3.81097	0.0250399
XM_047427275.1	7038	6810.29	1.6831	0.0111221
XM_047427276.1	6896	6668.29	116.89	0.788866
XM_047427277.1	6884	6656.29	52.5639	0.355384
XM_047427278.1	6881	6653.29	0.000108317	7.32658e-07
XM_047427279.1	6854	6626.29	58.8912	0.399965
XM_047427280.1	6969	6741.29	5.51832	0.0368388
XM_047427281.1	6842	6614.29	26.8681	0.182808
XM_047427282.1	6842	6614.29	21.9852	0.149586
XM_047427283.1	6839	6611.29	11.2197	0.0763726
XM_047427284.1	6839	6611.29	4.0542e-05	2.7597e-07
XM_047427285.1	6812	6584.29	10.85	0.0741589
XM_047427286.1	6927	6699.29	2.68085	0.0180089
XM_047427287.1	6800	6572.29	11.0541	0.0756916
XM_047427288.1	6797	6569.29	4.50264	0.0308455
XM_047427289.1	6915	6687.29	1.20622	0.0081174
XM_047427290.1	6885	6657.29	0.465696	0.00314809
XM_047427291.1	6731	6503.29	16.6211	0.115019
XM_047427292.1	6689	6461.29	8.00298	0.0557409
XM_047427293.1	6689	6461.29	6.63988	0.046247
XM_047427294.1	6683	6455.29	0	0
XM_047427295.1	6647	6419.29	3.12819	0.0219305
XM_047427296.1	6644	6416.29	0	0
XM_047427297.1	6759	6531.29	0	0
XM_047427298.1	6548	6320.29	5.20101	0.0370333
XM_047427299.1	6506	6278.29	2.47089	0.0177115
XM_047427300.1	6506	6278.29	0.813538	0.00583147
XM_047427301.1	6503	6275.29	0.935129	0.00670625
XM_047427302.1	6464	6236.29	0.375341	0.00270858
XM_047427303.1	6461	6233.29	0.136464	0.000985239
XM_047427304.1	6395	6167.29	1.38845	0.0101316
XM_047427305.1	6353	6125.29	0.609613	0.00447888
XM_047427306.1	6353	6125.29	0.198728	0.00146007
XM_047427307.1	6341	6113.29	0.251219	0.00184935
XM_047427308.1	3815	3587.29	231.503	2.90423
XM_047427309.1	3662	3434.29	28.5064	0.373549
XM_047427310.1	5984	5756.29	0	0
XM_047427311.1	6176	5948.29	0	0
XM_047427312.1	6164	5936.29	73.1808	0.554784
XM_047427313.1	3390	3162.29	4.74816	0.0675718
XM_047427314.1	1752	1524.29	0	0
XM_047427315.1	5360	5132.29	0	0
XM_047427317.1	16604	16376.3	0	0
XM_047427318.1	4002	3774.29	82.1539	0.979569
XM_047427319.1	4307	4079.29	0	0
XM_047427320.1	3547	3319.29	0	0
XM_047427321.1	3544	3316.29	0	0
XM_047427322.1	7887	7659.29	0	0
XM_047427323.1	3753	3525.29	0	0
XM_047427324.1	3808	3580.29	0	0
XM_047427325.1	3385	3157.29	0.000329934	4.70278e-06
XM_047427326.1	3181	2953.29	0.0126983	0.0001935
XM_047427327.1	7713	7485.29	24.5005	0.147302
XM_047427328.1	4023	3795.29	0	0
XM_047427329.1	16370	16142.3	0	0
XM_047427330.1	7509	7281.29	118.049	0.729617
XM_047427331.1	7845	7617.29	89.3068	0.527626
XM_047427332.1	3604	3376.29	137.298	1.83006
XM_047427333.1	16364	16136.3	0	0
XM_047427334.1	5088	4860.29	86.1897	0.798059
XM_047427335.1	8204	7976.29	44.25	0.249663
XM_047427336.1	16340	16112.3	0	0
XM_047427337.1	16334	16106.3	0	0
XM_047427338.1	4872	4644.29	0	0
XM_047427339.1	4872	4644.29	0	0
XM_047427340.1	5315	5087.29	0	0
XM_047427341.1	16310	16082.3	0	0
XM_047427342.1	5530	5302.29	0	0
XM_047427343.1	5530	5302.29	0	0
XM_047427344.1	5527	5299.29	0	0
XM_047427345.1	5524	5296.29	0	0
XM_047427346.1	5521	5293.29	0	0
XM_047427347.1	5518	5290.29	0	0
XM_047427348.1	5416	5188.29	0	0
XM_047427349.1	3085	2857.29	0	0
XM_047427350.1	17743	17515.3	4.00227	0.0102833
XM_047427351.1	19834	19606.3	2.00212	0.00459554
XM_047427352.1	3004	2776.29	0	0
XM_047427353.1	4469	4241.29	0	0
XM_047427354.1	4442	4214.29	0	0
XM_047427355.1	3068	2840.29	0	0
XM_047427356.1	4406	4178.29	0	0
XM_047427357.1	5273	5045.29	0	0
XM_047427358.1	3032	2804.29	0	0
XM_047427359.1	4352	4124.29	0	0
XM_047427360.1	2984	2756.29	0.743444	0.0121385
XM_047427361.1	4325	4097.29	0	0
XM_047427362.1	2957	2729.29	0	0
XM_047427363.1	2951	2723.29	0	0
XM_047427364.1	4229	4001.29	1.27085	0.0142934
XM_047427365.1	4202	3974.29	0	0
XM_047427366.1	2753	2525.29	0	0
XM_047427367.1	4091	3863.29	7.87436	0.0917276
XM_047427368.1	2690	2462.29	11.8743	0.217026
XM_047427369.1	2630	2402.29	0	0
XM_047427370.1	2492	2264.29	0	0
XM_047427371.1	1931	1703.29	0	0
XM_047427372.1	1793	1565.29	0	0
XM_047427373.1	1099	871.293	7.27636	0.375831
XM_047427374.1	3404	3176.29	21.1434	0.299568
XM_047427375.1	5136	4908.29	0	0
XM_047427376.1	6206	5978.29	14.4608	0.108857
XM_047427377.1	4906	4678.29	0	0
XM_047427378.1	4415	4187.29	0.00242598	2.60733e-05
XM_047427379.1	4628	4400.29	49.5673	0.506939
XM_047427380.1	2322	2094.29	78.7672	1.69258
XM_047427381.1	1319	1091.29	57.6294	2.37654
XM_047427382.1	2730	2502.29	105.238	1.89268
XM_047427383.1	1985	1757.29	16.1241	0.412926
XM_047427384.1	7759	7531.29	0	0
XM_047427385.1	4335	4107.29	2.03996	0.0223516
XM_047427386.1	5683	5455.29	0	0
XM_047427387.1	1877	1649.29	0	0
XM_047427388.1	1846	1618.29	57.1171	1.58837
XM_047427389.1	1175	947.293	26.6666	1.26685
XM_047427390.1	4830	4602.29	97.8011	0.956339
XM_047427391.1	3510	3282.29	20.7053	0.283888
XM_047427392.1	2625	2397.29	39.8044	0.747227
XM_047427393.1	3536	3308.29	2.08422	0.0283519
XM_047427394.1	1498	1270.29	38.0737	1.34885
XM_047427395.1	973	745.293	56.9315	3.4377
XM_047427396.1	904	676.361	36.5443	2.43155
XM_047427397.1	1492	1264.29	10.3495	0.368394
XM_047427398.1	439	224.747	0	0
XM_047427399.1	5892	5664.29	0	0
XM_047427400.1	507	286.472	1.19879	0.188322
XM_047427401.1	1921	1693.29	0	0
XM_047427402.1	1283	1055.29	0	0
XM_047427403.1	1167	939.293	0	0
XM_047427404.1	1181	953.293	0	0
XM_047427405.1	2962	2734.29	0	0
XM_047427406.1	1310	1082.29	0	0
XM_047427407.1	1743	1515.29	194.543	5.77777
XM_047427408.1	1603	1375.29	4.48757	0.146845
XM_047427409.1	1931	1703.29	0	0
XM_047427410.1	1375	1147.29	4.00819	0.157223
XM_047427411.1	3158	2930.29	149.9	2.30215
XM_047427412.1	2520	2292.29	0	0
XM_047427413.1	1133	905.293	54.1714	2.69292
XM_047427414.1	9223	8995.29	410.393	2.05318
XM_047427415.1	2551	2323.29	2.93858	0.0569214
XM_047427416.1	2514	2286.29	2.77069	0.0545379
XM_047427417.1	1065	837.293	0	0
XM_047427418.1	1679	1451.29	31.7542	0.984666
XM_047427419.1	781	553.487	0	0
XM_047427420.1	1660	1432.29	2.36722e-05	7.43788e-07
XM_047427421.1	1716	1488.29	0	0
XM_047427422.1	1873	1645.29	1.19648e-08	3.27269e-10
XM_047427423.1	1773	1545.29	0	0
XM_047427424.1	1861	1633.29	6.27698	0.172953
XM_047427425.1	1775	1547.29	0	0
XM_047427426.1	2083	1855.29	0	0
XM_047427427.1	5795	5567.29	186.481	1.50741
XM_047427428.1	4568	4340.29	75.4726	0.782551
XM_047427429.1	3737	3509.29	23.9154	0.306691
XM_047427430.1	6033	5805.29	7.18356	0.0556875
XM_047427431.1	3651	3423.29	0	0
XM_047427432.1	2583	2355.29	6.40307	0.122345
XM_047427433.1	1275	1047.29	0	0
XM_047427434.1	2599	2371.29	0	0
XM_047427435.1	1158	930.293	16.9525	0.820081
XM_047427436.1	12128	11900.3	0	0
XM_047427437.1	11417	11189.3	85.2985	0.343069
XM_047427438.1	11418	11190.3	75.4624	0.303481
XM_047427439.1	1830	1602.29	0.0314657	0.000883768
XM_047427440.1	11415	11187.3	0.0312007	0.000125511
XM_047427441.1	11894	11666.3	0	0
XM_047427442.1	11651	11423.3	0	0
XM_047427443.1	11418	11190.3	0.0216032	8.68798e-05
XM_047427444.1	1820	1592.29	0	0
XM_047427445.1	1787	1559.29	49.7108	1.43471
XM_047427446.1	1090	862.293	11.0047	0.574333
XM_047427447.1	2810	2582.29	0	0
XM_047427448.1	2672	2444.29	0	0
XM_047427449.1	2658	2430.29	0	0
XM_047427450.1	2799	2571.29	0	0
XM_047427451.1	2675	2447.29	0	0
XM_047427452.1	2697	2469.29	0	0
XM_047427453.1	2784	2556.29	0	0
XM_047427454.1	2678	2450.29	0	0
XM_047427455.1	2745	2517.29	0	0
XM_047427456.1	2681	2453.29	0	0
XM_047427457.1	2660	2432.29	0	0
XM_047427458.1	2573	2345.29	0	0
XM_047427459.1	2594	2366.29	0	0
XM_047427460.1	2726	2498.29	0	0
XM_047427461.1	5510	5282.29	4.51053	0.038428
XM_047427462.1	2613	2385.29	0	0
XM_047427463.1	2242	2014.29	0	0
XM_047427464.1	2481	2253.29	0	0
XM_047427465.1	2357	2129.29	0	0
XM_047427466.1	2363	2135.29	0	0
XM_047427467.1	2408	2180.29	0	0
XM_047427468.1	2374	2146.29	0	0
XM_047427469.1	13148	12920.3	5.42504	0.0188961
XM_047427470.1	2598	2370.29	0	0
XM_047427471.1	5865	5637.29	0	0
XM_047427472.1	2474	2246.29	0	0
XM_047427473.1	2328	2100.29	0	0
XM_047427474.1	2393	2165.29	0	0
XM_047427475.1	2525	2297.29	0	0
XM_047427476.1	2159	1931.29	0	0
XM_047427477.1	5329	5101.29	217.955	1.92278
XM_047427478.1	5155	4927.29	58.6828	0.535975
XM_047427479.1	3323	3095.29	0	0
XM_047427480.1	3427	3199.29	0	0
XM_047427481.1	3526	3298.29	6.64184e-05	9.06237e-07
XM_047427482.1	3013	2785.29	0	0
XM_047427483.1	2743	2515.29	0	0
XM_047427484.1	3232	3004.29	0	0
XM_047427485.1	1362	1134.29	275.561	10.9329
XM_047427486.1	2587	2359.29	20.0341	0.382147
XM_047427488.1	10910	10682.3	0	0
XM_047427489.1	10867	10639.3	0	0
XM_047427490.1	12559	12331.3	0	0
XM_047427491.1	10881	10653.3	0	0
XM_047427492.1	16073	15845.3	2.81366	0.00799124
XM_047427493.1	16220	15992.3	8.93154e-06	2.51338e-08
XM_047427494.1	16102	15874.3	0.22937	0.000650256
XM_047427495.1	10893	10665.3	17.767	0.0749694
XM_047427496.1	8357	8129.29	0	0
XM_047427497.1	2300	2072.29	70.6151	1.53352
XM_047427498.1	2838	2610.29	1144.38	19.7298
XM_047427499.1	2394	2166.29	67.37	1.39956
XM_047427500.1	4162	3934.29	36.6402	0.419115
XM_047427501.1	4949	4721.29	8.73127	0.0832259
XM_047427502.1	2948	2720.29	29.3269	0.485169
XM_047427503.1	1285	1057.29	4.8681	0.207208
XM_047427504.1	5213	4985.29	53.1378	0.479684
XM_047427505.1	1901	1673.29	95.949	2.58054
XM_047427506.1	4977	4749.29	1.02146e-07	9.67911e-10
XM_047427507.1	4986	4758.29	21.3915	0.202317
XM_047427508.1	2935	2707.29	0	0
XM_047427509.1	4093	3865.29	14.9635	0.174218
XM_047427510.1	3073	2845.29	0	0
XM_047427511.1	4110	3882.29	0.0364805	0.000422878
XM_047427512.1	4277	4049.29	80.7694	0.897656
XM_047427513.1	6118	5890.29	222.826	1.70244
XM_047427514.1	4436	4208.29	73.3883	0.784807
XM_047427515.1	4109	3881.29	12.2061	0.141528
XM_047427516.1	6277	6049.29	23.2376	0.172874
XM_047427517.1	6209	5981.29	0.902924	0.00679358
XM_047427518.1	1089	861.293	0	0
XM_047427519.1	4117	3889.29	6.03251	0.0698023
XM_047427520.1	1909	1681.29	51.2903	1.37288
XM_047427521.1	6074	5846.29	86.6028	0.666643
XM_047427522.1	4383	4155.29	5.82842e-08	6.31236e-10
XM_047427523.1	1924	1696.29	3.26084	0.0865109
XM_047427524.1	3576	3348.29	3.00974	0.0404527
XM_047427525.1	2330	2102.29	0	0
XM_047427526.1	5844	5616.29	23.6346	0.189383
XM_047427527.1	5787	5559.29	0	0
XM_047427528.1	5775	5547.29	0	0
XM_047427529.1	5772	5544.29	0	0
XM_047427530.1	6261	6033.29	0	0
XM_047427531.1	5709	5481.29	0	0
XM_047427532.1	5706	5478.29	0	0
XM_047427533.1	5694	5466.29	0	0
XM_047427534.1	5691	5463.29	0	0
XM_047427535.1	6180	5952.29	0	0
XM_047427536.1	5691	5463.29	0	0
XM_047427537.1	5598	5370.29	0	0
XM_047427538.1	5595	5367.29	0	0
XM_047427539.1	2765	2537.29	527.537	9.35674
XM_047427540.1	5954	5726.29	67.5337	0.530749
XM_047427541.1	5783	5555.29	0	0
XM_047427542.1	5740	5512.29	0	0
XM_047427543.1	5706	5478.29	0	0
XM_047427544.1	5587	5359.29	75.5864	0.634715
XM_047427545.1	2252	2024.29	0.095135	0.002115
XM_047427546.1	4036	3808.29	0	0
XM_047427547.1	2311	2083.29	130.029	2.80887
XM_047427548.1	2758	2530.29	23.7503	0.422415
XM_047427549.1	3220	2992.29	6.60099e-05	9.92766e-07
XM_047427550.1	2854	2626.29	391.625	6.71073
XM_047427551.1	2845	2617.29	0.000135581	2.33125e-06
XM_047427552.1	3860	3632.29	0	0
XM_047427553.1	3864	3636.29	11.0907	0.13726
XM_047427554.1	3427	3199.29	0	0
XM_047427555.1	3028	2800.29	0	0
XM_047427556.1	3761	3533.29	0	0
XM_047427557.1	3861	3633.29	1.16708	0.0144558
XM_047427558.1	2847	2619.29	0	0
XM_047427559.1	3668	3440.29	0	0
XM_047427560.1	3331	3103.29	0	0
XM_047427561.1	2790	2562.29	12.843	0.225569
XM_047427562.1	2787	2559.29	0	0
XM_047427563.1	1609	1381.29	0	0
XM_047427564.1	5287	5059.29	58.6852	0.522013
XM_047427565.1	4686	4458.29	0	0
XM_047427566.1	3831	3603.29	21.8493	0.272885
XM_047427567.1	7941	7713.29	12.3208	0.0718856
XM_047427568.1	3513	3285.29	11.9065	0.163099
XM_047427569.1	8117	7889.29	0	0
XM_047427570.1	7765	7537.29	0	0
XM_047427571.1	2148	1920.29	5.73618	0.13443
XM_047427572.1	2281	2053.29	0.385743	0.00845452
XM_047427573.1	18849	18621.3	1150.58	2.78067
XM_047427574.1	18828	18600.3	335.622	0.812033
XM_047427575.1	18812	18584.3	1141.17	2.76342
XM_047427576.1	18778	18550.3	179.893	0.436422
XM_047427577.1	18762	18534.3	13.0975	0.0318021
XM_047427578.1	2246	2018.29	44.8882	1.0009
XM_047427579.1	1335	1107.29	24.0141	0.975992
XM_047427580.1	709	481.852	8.58002	0.801341
XM_047427581.1	698	470.947	0	0
XM_047427582.1	2814	2586.29	71.2372	1.23957
XM_047427583.1	2971	2743.29	0	0
XM_047427584.1	1617	1389.29	3.45096	0.111786
XM_047427585.1	2250	2022.29	0	0
XM_047427586.1	3168	2940.29	24.1727	0.369978
XM_047427587.1	3020	2792.29	5.2231	0.0841801
XM_047427589.1	3454	3226.29	86.2051	1.20246
XM_047427590.1	1936	1708.29	24.9133	0.656313
XM_047427591.1	5064	4836.29	0	0
XM_047427593.1	4909	4681.29	13.746	0.132145
XM_047427595.1	1364	1136.29	0	0
XM_047427596.1	3152	2924.29	14.6209	0.225007
XM_047427597.1	3207	2979.29	3.5023	0.0529033
XM_047427598.1	2850	2622.29	84.1094	1.44346
XM_047427599.1	4589	4361.29	97.8159	1.00934
XM_047427600.1	4475	4247.29	0	0
XM_047427601.1	3254	3026.29	35.8499	0.533112
XM_047427602.1	6181	5953.29	49.0699	0.370937
XM_047427603.1	5029	4801.29	0	0
XM_047427604.1	6498	6270.29	296.283	2.12648
XM_047427605.1	4905	4677.29	0	0
XM_047427606.1	8099	7871.29	28.8712	0.165067
XM_047427607.1	11170	10942.3	0	0
XM_047427608.1	1758	1530.29	0.544365	0.0160088
XM_047427609.1	1385	1157.29	295.806	11.5029
XM_047427610.1	3818	3590.29	234.074	2.93404
XM_047427611.1	9859	9631.29	78.3224	0.365969
XM_047427613.1	4521	4293.29	0	0
XM_047427614.1	4359	4131.29	0	0
XM_047427615.1	2588	2360.29	0	0
XM_047427616.1	2792	2564.29	0	0
XM_047427617.1	2052	1824.29	80.6541	1.98964
XM_047427618.1	3560	3332.29	58.0156	0.783508
XM_047427619.1	3386	3158.29	2.17051	0.030928
XM_047427620.1	3359	3131.29	1.56448	0.0224848
XM_047427621.1	1844	1616.29	17.4971	0.487178
XM_047427622.1	3313	3085.29	50.8734	0.742055
XM_047427623.1	3286	3058.29	73.4883	1.08139
XM_047427624.1	3313	3085.29	4.26282	0.0621789
XM_047427625.1	3275	3047.29	31.7118	0.468327
XM_047427626.1	1841	1613.29	26.4113	0.736748
XM_047427627.1	13308	13080.3	0	0
XM_047427628.1	14839	14611.3	0	0
XM_047427629.1	1723	1495.29	88.7034	2.66966
XM_047427630.1	14533	14305.3	19.3402	0.0608425
XM_047427631.1	882	654.427	0	0
XM_047427632.1	2158	1930.29	0	0
XM_047427633.1	1729	1501.29	0	0
XM_047427634.1	1756	1528.29	7.22676	0.212804
XM_047427635.1	1494	1266.29	0	0
XM_047427636.1	1625	1397.29	0	0
XM_047427637.1	1266	1038.29	8.75376	0.379417
XM_047427638.1	1262	1034.29	18.7054	0.813891
XM_047427639.1	1186	958.293	289.249	13.5836
XM_047427640.1	3977	3749.29	0	0
XM_047427641.1	5030	4802.29	44.1939	0.414148
XM_047427642.1	3368	3140.29	13.5929	0.194797
XM_047427643.1	3178	2950.29	86.0967	1.3133
XM_047427644.1	2167	1939.29	5.22409e-08	1.2123e-09
XM_047427645.1	3349	3121.29	0	0
XM_047427646.1	12300	12072.3	2.67862	0.00998537
XM_047427647.1	3627	3399.29	3.11909	0.0412935
XM_047427648.1	3302	3074.29	0	0
XM_047427649.1	3764	3536.29	7.31035	0.093032
XM_047427650.1	3122	2894.29	0	0
XM_047427651.1	2871	2643.29	0	0
XM_047427652.1	4042	3814.29	0	0
XM_047427653.1	3591	3363.29	3.57697e-08	4.78623e-10
XM_047427654.1	3346	3118.29	0	0
XM_047427655.1	10070	9842.29	34.8425	0.159314
XM_047427656.1	10262	10034.3	60.8446	0.272884
XM_047427657.1	4925	4697.29	26.4249	0.253167
XM_047427658.1	5835	5607.29	5.61289	0.045048
XM_047427659.1	4098	3870.29	3.11626e-08	3.62353e-10
XM_047427660.1	3968	3740.29	321.075	3.86317
XM_047427661.1	4053	3825.29	2.88732	0.0339682
XM_047427662.1	4038	3810.29	1.80654e-07	2.13369e-09
XM_047427663.1	3948	3720.29	0.915697	0.0110769
XM_047427664.1	3120	2892.29	0	0
XM_047427665.1	3876	3648.29	0.110645	0.00136485
XM_047427666.1	3676	3448.29	373.074	4.86892
XM_047427667.1	3816	3588.29	0.00683653	8.57413e-05
XM_047427668.1	3804	3576.29	172.112	2.1658
XM_047427669.1	3711	3483.29	15.4991	0.200244
XM_047427670.1	3450	3222.29	0	0
XM_047427671.1	3441	3213.29	0	0
XM_047427672.1	2615	2387.29	193.81	3.65352
XM_047427673.1	2413	2185.29	159.863	3.29216
XM_047427674.1	1813	1585.29	11.4695	0.325595
XM_047427675.1	2491	2263.29	0	0
XM_047427676.1	1971	1743.29	0	0
XM_047427677.1	2952	2724.29	6.67578	0.110278
XM_047427678.1	1413	1185.29	0	0
XM_047427679.1	784	556.487	0	0
XM_047427680.1	862	634.427	0	0
XM_047427681.1	889	661.427	0	0
XM_047427682.1	719	491.852	22.3344	2.04354
XM_047427683.1	3679	3451.29	0	0
XM_047427684.1	3714	3486.29	0	0
XM_047427685.1	7805	7577.29	1.5557	0.00923961
XM_047427686.1	7810	7582.29	1.75991	0.0104456
XM_047427687.1	3317	3089.29	15.1979	0.221395
XM_047427688.1	7763	7535.29	1.76771	0.0105573
XM_047427689.1	2852	2624.29	32.1455	0.551252
XM_047427690.1	6829	6601.29	506.336	3.45185
XM_047427691.1	1582	1354.29	1	0.0332299
XM_047427692.1	1769	1541.29	0	0
XM_047427693.1	1760	1532.29	0	0
XM_047427694.1	2704	2476.29	8.13374	0.147819
XM_047427695.1	2676	2448.29	0	0
XM_047427696.1	1458	1230.29	0	0
XM_047427697.1	1375	1147.29	28.0629	1.10078
XM_047427698.1	1217	989.293	18.2277	0.82918
XM_047427699.1	1203	975.293	0.000647465	2.98761e-05
XM_047427700.1	1089	861.293	68.3098	3.56923
XM_047427701.1	1410	1182.29	1.648	0.0627297
XM_047427702.1	1123	895.293	0	0
XM_047427703.1	1317	1089.29	346.985	14.3354
XM_047427704.1	1030	802.293	0.0294893	0.00165415
XM_047427705.1	1218	990.293	13.026	0.591956
XM_047427706.1	11488	11260.3	379.989	1.51867
XM_047427707.1	916	688.293	21.1118	1.38036
XM_047427708.1	9898	9670.29	78.1194	0.363548
XM_047427709.1	3013	2785.29	130.761	2.11275
XM_047427710.1	27192	26964.3	19.8383	0.0331099
XM_047427711.1	3362	3134.29	87.4096	1.25505
XM_047427712.1	3359	3131.29	111.806	1.60688
XM_047427713.1	3237	3009.29	0	0
XM_047427714.1	2049	1821.29	831.078	20.5354
XM_047427715.1	6966	6738.29	12.4464	0.0831261
XM_047427716.1	3848	3620.29	5.86337	0.0728863
XM_047427717.1	5157	4929.29	250.293	2.28511
XM_047427718.1	1578	1350.29	11.626	0.387475
XM_047427719.1	5113	4885.29	0.0445098	0.000410022
XM_047427720.1	1959	1731.29	0.0113495	0.000295018
XM_047427721.1	2960	2732.29	1.10829	0.0182544
XM_047427722.1	2417	2189.29	0	0
XM_047427723.1	2957	2729.29	0	0
XM_047427724.1	2414	2186.29	0	0
XM_047427725.1	2805	2577.29	0.284632	0.00497007
XM_047427726.1	2262	2034.29	2.47599	0.0547744
XM_047427727.1	2262	2034.29	0	0
XM_047427728.1	1323	1095.29	0	0
XM_047427729.1	1320	1092.29	0	0
XM_047427730.1	1863	1635.29	0	0
XM_047427731.1	1287	1059.29	0.111162	0.00472263
XM_047427732.1	1284	1056.29	0.248547	0.0105893
XM_047427733.1	1827	1599.29	0.0185637	0.00052237
XM_047427734.1	2324	2096.29	0	0
XM_047427735.1	2864	2636.29	0	0
XM_047427736.1	2321	2093.29	0	0
XM_047427737.1	2318	2090.29	0	0
XM_047427738.1	2321	2093.29	0	0
XM_047427739.1	2169	1941.29	0	0
XM_047427740.1	2133	1905.29	2.66436	0.0629322
XM_047427741.1	2673	2445.29	0.44187	0.00813216
XM_047427742.1	2130	1902.29	4.31937	0.102185
XM_047427743.1	2670	2442.29	0	0
XM_047427744.1	2732	2504.29	0	0
XM_047427745.1	2189	1961.29	0	0
XM_047427746.1	2037	1809.29	0	0
XM_047427747.1	5676	5448.29	11.1974	0.0924908
XM_047427748.1	1089	861.293	64.836	3.38772
XM_047427749.1	969	741.293	93.0893	5.65135
XM_047427750.1	4409	4181.29	0	0
XM_047427751.1	3522	3294.29	40.3765	0.55158
XM_047427752.1	4899	4671.29	0	0
XM_047427753.1	3907	3679.29	0	0
XM_047427754.1	3890	3662.29	0	0
XM_047427755.1	10375	10147.3	0	0
XM_047427756.1	3905	3677.29	0	0
XM_047427757.1	1232	1004.29	16.6654	0.746786
XM_047427759.1	4512	4284.29	45.4486	0.477402
XM_047427760.1	4253	4025.29	0	0
XM_047427761.1	3896	3668.29	108.891	1.33589
XM_047427762.1	2868	2640.29	0	0
XM_047427763.1	4363	4135.29	0	0
XM_047427764.1	5393	5165.29	49.0042	0.426954
XM_047427765.1	5447	5219.29	0	0
XM_047427766.1	5387	5159.29	0	0
XM_047427767.1	5360	5132.29	8.65537	0.0758956
XM_047427768.1	5357	5129.29	314.123	2.75604
XM_047427769.1	5330	5102.29	0	0
XM_047427770.1	5318	5090.29	0	0
XM_047427771.1	5303	5075.29	27.859	0.247028
XM_047427772.1	5247	5019.29	0	0
XM_047427773.1	5244	5016.29	0	0
XM_047427774.1	5243	5015.29	49.1255	0.440812
XM_047427775.1	5169	4941.29	42.6955	0.388851
XM_047427776.1	3669	3441.29	3.63633	0.0475537
XM_047427777.1	2291	2063.29	1.83915	0.0401142
XM_047427778.1	2820	2592.29	1.51878e-08	2.63666e-10
XM_047427779.1	2369	2141.29	0	0
XM_047427780.1	2811	2583.29	5.64969	0.0984222
XM_047427781.1	3155	2927.29	72.7935	1.1191
XM_047427782.1	2808	2580.29	0	0
XM_047427783.1	2211	1983.29	0	0
XM_047427784.1	2292	2064.29	0	0
XM_047427785.1	3769	3541.29	1786.95	22.7088
XM_047427786.1	2745	2517.29	0	0
XM_047427787.1	4919	4691.29	32.2925	0.309779
XM_047427788.1	8096	7868.29	6.05203	0.0346149
XM_047427789.1	7955	7727.29	4.08848	0.023811
XM_047427790.1	7952	7724.29	4.27737	0.0249207
XM_047427791.1	7873	7645.29	13.5473	0.0797443
XM_047427792.1	7870	7642.29	14.0992	0.0830256
XM_047427793.1	2394	2166.29	17.3704	0.360856
XM_047427794.1	7512	7284.29	0	0
XM_047427795.1	6553	6325.29	0.341323	0.00242844
XM_047427796.1	6182	5954.29	8.47952	0.064089
XM_047427797.1	6038	5810.29	0.0387707	0.000300295
XM_047427798.1	2531	2303.29	66.7407	1.30402
XM_047427799.1	19460	19232.3	17.9966	0.0421115
XM_047427800.1	2579	2351.29	185.174	3.54418
XM_047427801.1	1822	1594.29	105.697	2.98357
XM_047427802.1	1496	1268.29	25.2815	0.897068
XM_047427803.1	1684	1456.29	8.00415	0.247348
XM_047427804.1	967	739.293	561.998	34.2106
XM_047427805.1	4235	4007.29	54.2727	0.609499
XM_047427806.1	4430	4202.29	41.6801	0.446359
XM_047427807.1	4438	4210.29	0	0
XM_047427808.1	4254	4026.29	217.63	2.43251
XM_047427809.1	11594	11366.3	0	0
XM_047427810.1	11591	11363.3	3.05217e-07	1.20878e-09
XM_047427811.1	11549	11321.3	0	0
XM_047427812.1	11534	11306.3	0.0453242	0.000180407
XM_047427813.1	11525	11297.3	3.19196e-05	1.27153e-07
XM_047427814.1	11504	11276.3	0	0
XM_047427815.1	11489	11261.3	1.57198e-06	6.28205e-09
XM_047427816.1	11480	11252.3	0	0
XM_047427817.1	11471	11243.3	342.203	1.36972
XM_047427818.1	11435	11207.3	1571.99	6.31234
XM_047427819.1	11426	11198.3	1.12265	0.00451163
XM_047427820.1	11594	11366.3	51.1415	0.202487
XM_047427821.1	11390	11162.3	0.0936586	0.000377604
XM_047427822.1	10572	10344.3	0.0448045	0.000194923
XM_047427823.1	11381	11153.3	6.02316e-05	2.43032e-07
XM_047427824.1	11166	10938.3	0	0
XM_047427825.1	11474	11246.3	0.000146292	5.854e-07
XM_047427826.1	10461	10233.3	9.92744e-05	4.3658e-07
XM_047427827.1	10452	10224.3	3.05776e-08	1.3459e-10
XM_047427828.1	11031	10803.3	361.5	1.50589
XM_047427829.1	10398	10170.3	271.739	1.20243
XM_047427830.1	10995	10767.3	28.2109	0.117911
XM_047427831.1	10986	10758.3	0.0142819	5.97426e-05
XM_047427832.1	4505	4277.29	825.106	8.68126
XM_047427833.1	11375	11147.3	9.25234	0.0373529
XM_047427834.1	10362	10134.3	18.126	0.0804915
XM_047427835.1	10353	10125.3	0.00569901	2.53299e-05
XM_047427836.1	19162	18934.3	33.122	0.0787244
XM_047427837.1	7908	7680.29	316.099	1.8522
XM_047427838.1	7797	7569.29	0.00813709	4.83789e-05
XM_047427839.1	4594	4366.29	177.37	1.82815
XM_047427840.1	2817	2589.29	57.2045	0.99424
XM_047427841.1	1545	1317.29	0	0
XM_047427842.1	3091	2863.29	216.255	3.39893
XM_047427843.1	2945	2717.29	0	0
XM_047427844.1	2942	2714.29	48.3932	0.802361
XM_047427845.1	1320	1092.29	0	0
XM_047427846.1	4829	4601.29	1.84637e-07	1.80585e-09
XM_047427847.1	4497	4269.29	0	0
XM_047427848.1	4376	4148.29	21.9235	0.237839
XM_047427849.1	4769	4541.29	12.0648	0.119559
XM_047427850.1	4490	4262.29	0	0
XM_047427851.1	4424	4196.29	0	0
XM_047427852.1	4217	3989.29	0	0
XM_047427853.1	3795	3567.29	0	0
XM_047427854.1	3729	3501.29	2	0.0257066
XM_047427856.1	1801	1573.29	1219.5	34.8829
XM_047427857.1	1098	870.293	0	0
XM_047427858.1	1080	852.293	0	0
XM_047427859.1	1098	870.293	230.8	11.9347
XM_047427860.1	1080	852.293	19.0401	1.00536
XM_047427861.1	3692	3464.29	2.41138	0.0313252
XM_047427862.1	2048	1820.29	1345.38	33.2617
XM_047427863.1	1977	1749.29	9.66704	0.248698
XM_047427864.1	3897	3669.29	0	0
XM_047427865.1	2005	1777.29	522.92	13.2409
XM_047427866.1	3535	3307.29	6.45723	0.087865
XM_047427867.1	5806	5578.29	0	0
XM_047427868.1	1233	1005.29	0	0
XM_047427869.1	1071	843.293	0	0
XM_047427870.1	3643	3415.29	0.000217866	2.87081e-06
XM_047427871.1	1255	1027.29	14.7695	0.647013
XM_047427872.1	2422	2194.29	13.8125	0.283283
XM_047427873.1	2130	1902.29	36.5388	0.864409
XM_047427874.1	3153	2925.29	0	0
XM_047427875.1	3147	2919.29	0	0
XM_047427876.1	2946	2718.29	0	0
XM_047427877.1	2853	2625.29	0	0
XM_047427878.1	2850	2622.29	0	0
XM_047427879.1	2844	2616.29	0	0
XM_047427880.1	2826	2598.29	0	0
XM_047427881.1	3433	3205.29	0	0
XM_047427882.1	2276	2048.29	232.192	5.10149
XM_047427883.1	2778	2550.29	25.8443	0.456055
XM_047427884.1	1316	1088.29	0	0
XM_047427885.1	1298	1070.29	8.41933	0.354011
XM_047427886.1	2359	2131.29	15.9251	0.336264
XM_047427887.1	1836	1608.29	0.000209166	5.85286e-06
XM_047427888.1	2191	1963.29	9.75623	0.223635
XM_047427889.1	5583	5355.29	74.0722	0.622464
XM_047427890.1	3536	3308.29	0	0
XM_047427891.1	3357	3129.29	13.9822	0.201082
XM_047427892.1	3237	3009.29	0	0
XM_047427893.1	3369	3141.29	0.00112481	1.61143e-05
XM_047427894.1	1267	1039.29	0	0
XM_047427895.1	5302	5074.29	0	0
XM_047427896.1	5173	4945.29	0	0
XM_047427897.1	5047	4819.29	0	0
XM_047427898.1	4942	4714.29	160.197	1.52926
XM_047427899.1	4813	4585.29	50.6679	0.497288
XM_047427900.1	4741	4513.29	169.266	1.68779
XM_047427901.1	4609	4381.29	0.00664817	6.82876e-05
XM_047427902.1	4606	4378.29	5.11068e-05	5.25311e-07
XM_047427903.1	1552	1324.29	469.205	15.9449
XM_047427904.1	1423	1195.29	0	0
XM_047427905.1	4282	4054.29	0	0
XM_047427906.1	4103	3875.29	0.0102935	0.000119537
XM_047427907.1	4132	3904.29	0	0
XM_047427908.1	4420	4192.29	41.0941	0.441134
XM_047427909.1	4223	3995.29	0	0
XM_047427910.1	4113	3885.29	242.937	2.81392
XM_047427911.1	4124	3896.29	0	0
XM_047427912.1	4155	3927.29	54.4964	0.624477
XM_047427913.1	4152	3924.29	4.48807	0.0514684
XM_047427914.1	3571	3343.29	77.3135	1.04069
XM_047427915.1	3568	3340.29	0.242934	0.00327301
XM_047427916.1	2834	2606.29	0	0
XM_047427917.1	2535	2307.29	73.7561	1.43859
XM_047427918.1	2532	2304.29	4.41623	0.0862495
XM_047427919.1	4216	3988.29	0	0
XM_047427920.1	4431	4203.29	629.722	6.7422
XM_047427921.1	1826	1598.29	0	0
XM_047427922.1	2679	2451.29	0	0
XM_047427923.1	2481	2253.29	0	0
XM_047427924.1	6097	5869.29	1.10349	0.00846107
XM_047427925.1	2540	2312.29	135.443	2.63606
XM_047427926.1	10133	9905.29	471.356	2.14153
XM_047427927.1	10179	9951.29	49.3296	0.223085
XM_047427928.1	10091	9863.29	0	0
XM_047427929.1	10137	9909.29	0	0
XM_047427930.1	10061	9833.29	671.407	3.07276
XM_047427931.1	2247	2019.29	24.0392	0.535751
XM_047427932.1	1324	1096.29	25.7951	1.0589
XM_047427933.1	1373	1145.29	0	0
XM_047427934.1	1335	1107.29	0	0
XM_047427935.1	5958	5730.29	19.7957	0.155466
XM_047427936.1	5954	5726.29	51.5636	0.405239
XM_047427937.1	4962	4734.29	0	0
XM_047427938.1	1899	1671.29	59.3938	1.5993
XM_047427939.1	1902	1674.29	7.7886e-05	2.09349e-06
XM_047427940.1	10647	10419.3	0	0
XM_047427941.1	10544	10316.3	0	0
XM_047427942.1	10620	10392.3	2.55716e-07	1.10736e-09
XM_047427943.1	10500	10272.3	0	0
XM_047427944.1	10536	10308.3	10.8376	0.0473139
XM_047427945.1	12459	12231.3	16.6638	0.0613118
XM_047427946.1	9978	9750.29	3.35872	0.0155024
XM_047427947.1	12786	12558.3	13.7922	0.049425
XM_047427948.1	8981	8753.29	3.84522	0.0197694
XM_047427949.1	44418	44190.3	111.231	0.113277
XM_047427950.1	2276	2048.29	117.434	2.58013
XM_047427951.1	2837	2609.29	0	0
XM_047427952.1	1642	1414.29	0	0
XM_047427953.1	776	548.487	1	0.0820495
XM_047427954.1	3637	3409.29	139.877	1.84639
XM_047427955.1	4494	4266.29	0	0
XM_047427956.1	606	380.649	0	0
XM_047427958.1	6368	6140.29	121.676	0.891778
XM_047427959.1	6314	6086.29	19.613	0.145022
XM_047427960.1	3412	3184.29	0.514604	0.00727281
XM_047427961.1	3409	3181.29	3.37007e-07	4.76736e-09
XM_047427962.1	3385	3157.29	125.172	1.78416
XM_047427963.1	3382	3154.29	0.00154133	2.19905e-05
XM_047427964.1	3331	3103.29	2.97545	0.0431492
XM_047427965.1	2341	2113.29	23	0.489791
XM_047427966.1	272	99.7041	0	0
XM_047427967.1	1895	1667.29	0.253676	0.00684716
XM_047427968.1	2432	2204.29	0.0184942	0.000377579
XM_047427969.1	1891	1663.29	7.94417e-05	2.14942e-06
XM_047427970.1	3089	2861.29	5.08387	0.0799603
XM_047427971.1	3305	3077.29	0.573824	0.00839174
XM_047427972.1	3086	2858.29	0.0747419	0.00117679
XM_047427973.1	3302	3074.29	0.0106064	0.000155262
XM_047427974.1	3278	3050.29	177.126	2.61326
XM_047427975.1	3815	3587.29	25.1394	0.315377
XM_047427976.1	4463	4235.29	9.48541	0.100789
XM_047427977.1	3187	2959.29	0	0
XM_047427978.1	3274	3046.29	3.05756	0.0451695
XM_047427979.1	2629	2401.29	0	0
XM_047427980.1	3925	3697.29	0	0
XM_047427981.1	696	468.994	1.93905	0.186064
XM_047427982.1	3275	3047.29	73.0083	1.0782
XM_047427983.1	3812	3584.29	10.9667	0.137694
XM_047427984.1	3271	3043.29	1.21961	0.0180351
XM_047427985.1	718	490.852	2	0.183367
XM_047427986.1	3008	2780.29	194.454	3.14751
XM_047427988.1	3224	2996.29	0.169747	0.00254953
XM_047427989.1	3221	2993.29	0.0909373	0.00136721
XM_047427990.1	3279	3051.29	1.06073	0.0156446
XM_047427991.1	2966	2738.29	24.4196	0.40133
XM_047427992.1	3182	2954.29	2.13743	0.0325596
XM_047427993.1	3178	2950.29	0.0268916	0.000410198
XM_047427994.1	2963	2735.29	5.08233e-05	8.36184e-07
XM_047427995.1	3179	2951.29	1.0987e-05	1.67536e-07
XM_047427996.1	3171	2943.29	0	0
XM_047427997.1	2498	2270.29	67.1122	1.33034
XM_047427998.1	1893	1665.29	28.9151	0.781404
XM_047427999.1	2593	2365.29	0	0
XM_047428000.1	4726	4498.29	0	0
XM_047428001.1	4722	4494.29	0	0
XM_047428002.1	627	401.259	3.01091	0.337688
XM_047428003.1	273	100.242	0	0
XM_047428004.1	888	660.427	4.53184	0.30881
XM_047428005.1	2773	2545.29	4	0.0707236
XM_047428006.1	1332	1104.29	2	0.0815057
XM_047428007.1	6263	6035.29	0	0
XM_047428008.1	6118	5890.29	0	0
XM_047428009.1	2626	2398.29	14.9381	0.280307
XM_047428010.1	3749	3521.29	11.5782	0.147973
XM_047428011.1	2552	2324.29	0.000236094	4.57127e-06
XM_047428012.1	5519	5291.29	1.11177	0.00945574
XM_047428013.1	5622	5394.29	0	0
XM_047428014.1	3042	2814.29	136.109	2.17651
XM_047428015.1	2558	2330.29	0	0
XM_047428016.1	5456	5228.29	0.698773	0.00601476
XM_047428017.1	2489	2261.29	3.0791e-05	6.12786e-07
XM_047428018.1	5445	5217.29	45.6856	0.394073
XM_047428019.1	2481	2253.29	4.0262	0.0804118
XM_047428020.1	1721	1493.29	0	0
XM_047428021.1	1360	1132.29	21.3116	0.847029
XM_047428022.1	11498	11270.3	13.7708	0.0549878
XM_047428023.1	4352	4124.29	59.5595	0.649896
XM_047428024.1	6341	6113.29	109.639	0.807112
XM_047428025.1	5591	5363.29	0.164663	0.00138168
XM_047428026.1	5471	5243.29	13.1037	0.112469
XM_047428027.1	1539	1311.29	0	0
XM_047428028.1	4538	4310.29	817.883	8.53939
XM_047428029.1	6498	6270.29	0.000295898	2.12372e-06
XM_047428030.1	2416	2188.29	160.468	3.30008
XM_047428031.1	2071	1843.29	87.6311	2.13947
XM_047428032.1	2464	2236.29	59.8353	1.20412
XM_047428033.1	2493	2265.29	67.5951	1.34287
XM_047428034.1	1406	1178.29	157.164	6.00262
XM_047428035.1	4378	4150.29	53.4543	0.579623
XM_047428036.1	4342	4114.29	23.3375	0.255271
XM_047428037.1	1319	1091.29	53.0913	2.1894
XM_047428038.1	1296	1068.29	42.9823	1.81068
XM_047428039.1	1293	1065.29	0.0327874	0.0013851
XM_047428040.1	4666	4438.29	0	0
XM_047428041.1	4364	4136.29	0	0
XM_047428042.1	680	453.225	17.1634	1.70424
XM_047428043.1	650	423.846	557.489	59.193
XM_047428044.1	1762	1534.29	0	0
XM_047428045.1	1693	1465.29	0	0
XM_047428046.1	913	685.293	1	0.0656698
XM_047428047.1	3890	3662.29	0	0
XM_047428048.1	4146	3918.29	1.32655e-06	1.52359e-08
XM_047428049.1	4113	3885.29	13.001	0.15059
XM_047428050.1	4616	4388.29	0	0
XM_047428051.1	4450	4222.29	17.7315	0.188991
XM_047428052.1	2944	2716.29	76.3123	1.26433
XM_047428053.1	2105	1877.29	3	0.071917
XM_047428054.1	1102	874.293	230.939	11.8873
XM_047428055.1	7643	7415.29	0	0
XM_047428056.1	7156	6928.29	0	0
XM_047428057.1	4377	4149.29	0	0
XM_047428058.1	7541	7313.29	0	0
XM_047428059.1	7517	7289.29	0	0
XM_047428060.1	7030	6802.29	58.6558	0.388059
XM_047428061.1	7000	6772.29	14.6429	0.0973046
XM_047428062.1	4252	4024.29	98.7095	1.10385
XM_047428063.1	7355	7127.29	42.0834	0.265722
XM_047428064.1	5656	5428.29	211.815	1.75604
XM_047428065.1	7415	7187.29	31.0959	0.194706
XM_047428066.1	7361	7133.29	52.4349	0.330805
XM_047428067.1	7292	7064.29	49.668	0.31641
XM_047428068.1	3332	3104.29	147.246	2.13463
XM_047428069.1	7419	7191.29	0	0
XM_047428070.1	7269	7041.29	134.27	0.858159
XM_047428071.1	3343	3115.29	0.00031939	4.61386e-06
XM_047428072.1	3144	2916.29	54.5196	0.841325
XM_047428073.1	6419	6191.29	18.8698	0.13716
XM_047428074.1	1937	1709.29	0	0
XM_047428075.1	2035	1807.29	0	0
XM_047428076.1	5188	4960.29	17.6628	0.160249
XM_047428077.1	1109	881.293	0.0363829	0.00185789
XM_047428078.1	1641	1413.29	74.0001	2.35636
XM_047428079.1	609	383.573	91.0204	10.6791
XM_047428080.1	2501	2273.29	0.0204997	0.00040582
XM_047428081.1	2842	2614.29	37.32	0.642436
XM_047428082.1	1303	1075.29	0.00609771	0.000255201
XM_047428083.1	990	762.293	73.3745	4.33177
XM_047428084.1	1160	932.293	0	0
XM_047428085.1	2211	1983.29	0	0
XM_047428086.1	2160	1932.29	0	0
XM_047428087.1	2136	1908.29	82.953	1.95627
XM_047428088.1	2116	1888.29	45.2866	1.0793
XM_047428089.1	2013	1785.29	0	0
XM_047428090.1	1962	1734.29	0	0
XM_047428091.1	1990	1762.29	0	0
XM_047428092.1	2061	1833.29	0	0
XM_047428093.1	2013	1785.29	36.1684	0.911721
XM_047428094.1	1942	1714.29	26.4265	0.693741
XM_047428095.1	1955	1727.29	2.9757e-06	7.75293e-08
XM_047428096.1	870	642.427	94.0556	6.58875
XM_047428098.1	1890	1662.29	30.7941	0.833685
XM_047428099.1	863	635.427	34.225	2.42393
XM_047428100.1	786	558.487	24.7815	1.9969
XM_047428101.1	5028	4800.29	7.87912	0.0738673
XM_047428102.1	4701	4473.29	0	0
XM_047428103.1	4985	4757.29	14.8191	0.140186
XM_047428104.1	2392	2164.29	0.00604771	0.000125753
XM_047428105.1	4449	4221.29	0	0
XM_047428106.1	1710	1482.29	10.4996	0.318773
XM_047428107.1	4856	4628.29	8.08324	0.0785972
XM_047428108.1	2140	1912.29	70.1982	1.65201
XM_047428109.1	4024	3796.29	198.498	2.35309
XM_047428110.1	3219	2991.29	0	0
XM_047428111.1	6281	6053.29	0	0
XM_047428112.1	6224	5996.29	20.2266	0.151804
XM_047428113.1	5884	5656.29	0	0
XM_047428114.1	5656	5428.29	1.23237	0.0102169
XM_047428115.1	4803	4575.29	57.7686	0.568218
XM_047428116.1	2339	2111.29	45.5785	0.971525
XM_047428117.1	2217	1989.29	0	0
XM_047428118.1	6825	6597.29	0	0
XM_047428119.1	10041	9813.29	13.4089	0.0614922
XM_047428120.1	9625	9397.29	3.06861	0.0146954
XM_047428121.1	6775	6547.29	29.1765	0.200546
XM_047428122.1	6643	6415.29	0	0
XM_047428123.1	7008	6780.29	11.6224	0.0771418
XM_047428124.1	5006	4778.29	0	0
XM_047428125.1	4453	4225.29	0	0
XM_047428126.1	4467	4239.29	0	0
XM_047428127.1	5613	5385.29	0	0
XM_047428128.1	5618	5390.29	0	0
XM_047428129.1	4246	4018.29	0	0
XM_047428130.1	4667	4439.29	0	0
XM_047428131.1	2588	2360.29	28.2499	0.538633
XM_047428132.1	1852	1624.29	1453.46	40.27
XM_047428133.1	10139	9911.29	72.0014	0.326929
XM_047428134.1	8607	8379.29	7.24766	0.0389254
XM_047428135.1	9330	9102.29	0	0
XM_047428136.1	9471	9243.29	13.1882	0.06421
XM_047428137.1	9374	9146.29	0	0
XM_047428138.1	9250	9022.29	0	0
XM_047428139.1	6912	6684.29	0	0
XM_047428140.1	6839	6611.29	0	0
XM_047428141.1	6909	6681.29	0	0
XM_047428142.1	8334	8106.29	14.8108	0.0822238
XM_047428143.1	6818	6590.29	10.3668	0.0707914
XM_047428144.1	6888	6660.29	0.147952	0.000999703
XM_047428145.1	6822	6594.29	0	0
XM_047428146.1	7107	6879.29	0	0
XM_047428147.1	7254	7026.29	11.3565	0.072738
XM_047428148.1	7140	6912.29	0	0
XM_047428149.1	7233	7005.29	0	0
XM_047428150.1	7046	6818.29	21.5851	0.142469
XM_047428151.1	6801	6573.29	0	0
XM_047428152.1	6704	6476.29	51.1572	0.355486
XM_047428153.1	7152	6924.29	0	0
XM_047428154.1	7086	6858.29	0	0
XM_047428155.1	6798	6570.29	0.00452877	3.10197e-05
XM_047428156.1	7083	6855.29	2.72847	0.0179116
XM_047428157.1	7009	6781.29	275.287	1.8269
XM_047428158.1	7107	6879.29	0	0
XM_047428159.1	7017	6789.29	0	0
XM_047428160.1	7104	6876.29	0	0
XM_047428161.1	6771	6543.29	0	0
XM_047428162.1	6768	6540.29	430.138	2.95974
XM_047428163.1	7083	6855.29	0	0
XM_047428164.1	7062	6834.29	0	0
XM_047428165.1	6993	6765.29	0.0952302	0.000633476
XM_047428166.1	6678	6450.29	0	0
XM_047428167.1	6702	6474.29	0	0
XM_047428168.1	6681	6453.29	0	0
XM_047428169.1	6678	6450.29	14.1789	0.0989251
XM_047428170.1	5160	4932.29	116.891	1.06653
XM_047428173.1	10206	9978.29	161.633	0.72898
XM_047428174.1	5693	5465.29	3.14149e-06	2.58681e-08
XM_047428175.1	5463	5235.29	19.8678	0.170786
XM_047428176.1	5408	5180.29	25.5616	0.222063
XM_047428177.1	5540	5312.29	0	0
XM_047428178.1	5605	5377.29	0	0
XM_047428179.1	5626	5398.29	0	0
XM_047428180.1	5825	5597.29	1.87113e-06	1.50442e-08
XM_047428181.1	5429	5201.29	0	0
XM_047428182.1	5665	5437.29	0	0
XM_047428183.1	5374	5146.29	0	0
XM_047428184.1	2657	2429.29	0	0
XM_047428185.1	2969	2741.29	0	0
XM_047428186.1	8526	8298.29	0	0
XM_047428187.1	5780	5552.29	38.9146	0.315415
XM_047428188.1	6189	5961.29	125.76	0.949387
XM_047428189.1	6193	5965.29	0.000618886	4.66897e-06
XM_047428190.1	8569	8341.29	7.96962	0.0429978
XM_047428191.1	5479	5251.29	6.59446e-06	5.65139e-08
XM_047428192.1	5697	5469.29	19.0805	0.157001
XM_047428193.1	7326	7098.29	176.994	1.12214
XM_047428194.1	2110	1882.29	1440.94	34.451
XM_047428195.1	4640	4412.29	40.643	0.414538
XM_047428196.1	1538	1310.29	0	0
XM_047428197.1	2137	1909.29	0	0
XM_047428198.1	1640	1412.29	0	0
XM_047428199.1	2716	2488.29	0	0
XM_047428200.1	2889	2661.29	0	0
XM_047428201.1	2396	2168.29	0	0
XM_047428202.1	6527	6299.29	0	0
XM_047428203.1	6509	6281.29	0	0
XM_047428204.1	6314	6086.29	0	0
XM_047428205.1	6314	6086.29	0	0
XM_047428206.1	6296	6068.29	0	0
XM_047428207.1	6296	6068.29	0	0
XM_047428208.1	6246	6018.29	9.27019	0.0693199
XM_047428209.1	6243	6015.29	10.225	0.0764981
XM_047428210.1	6558	6330.29	82.4333	0.586032
XM_047428211.1	6419	6191.29	0	0
XM_047428212.1	6579	6351.29	0	0
XM_047428213.1	6576	6348.29	0	0
XM_047428214.1	6367	6139.29	0	0
XM_047428215.1	6459	6231.29	19.9044	0.143752
XM_047428216.1	6555	6327.29	0	0
XM_047428217.1	6367	6139.29	0	0
XM_047428218.1	6427	6199.29	0	0
XM_047428219.1	6416	6188.29	0	0
XM_047428220.1	6225	5997.29	1.92261	0.0144271
XM_047428221.1	2693	2465.29	18.5533	0.338685
XM_047428222.1	6101	5873.29	0	0
XM_047428223.1	6083	5855.29	0	0
XM_047428224.1	6388	6160.29	0	0
XM_047428225.1	6385	6157.29	0	0
XM_047428226.1	6157	5929.29	0	0
XM_047428227.1	6012	5784.29	0	0
XM_047428228.1	1925	1697.29	0	0
XM_047428229.1	1907	1679.29	0	0
XM_047428230.1	1836	1608.29	46.6155	1.30439
XM_047428231.1	1694	1466.29	0	0
XM_047428232.1	2518	2290.29	23.4732	0.461236
XM_047428233.1	1694	1466.29	0	0
XM_047428234.1	817	589.487	25.9125	1.97823
XM_047428235.1	2018	1790.29	13.311	0.334602
XM_047428236.1	2234	2006.29	0	0
XM_047428237.1	4043	3815.29	111.99	1.32097
XM_047428238.1	4099	3871.29	0	0
XM_047428239.1	12850	12622.3	0	0
XM_047428240.1	11178	10950.3	0	0
XM_047428241.1	11300	11072.3	0	0
XM_047428242.1	11783	11555.3	0	0
XM_047428243.1	11219	10991.3	38.434	0.157365
XM_047428244.1	10032	9804.29	0	0
XM_047428245.1	4463	4235.29	17.2888	0.183706
XM_047428246.1	7307	7079.29	0	0
XM_047428247.1	7259	7031.29	0	0
XM_047428248.1	7423	7195.29	0	0
XM_047428249.1	7273	7045.29	0.014969	9.56173e-05
XM_047428250.1	7272	7044.29	46.7293	0.298535
XM_047428251.1	7234	7006.29	0.981663	0.00630546
XM_047428252.1	6772	6544.29	6.57332	0.0452027
XM_047428253.1	6763	6535.29	95.4314	0.657156
XM_047428254.1	7274	7046.29	0	0
XM_047428255.1	6735	6507.29	1602.59	11.0832
XM_047428256.1	1742	1514.29	33.6342	0.99957
XM_047428257.1	1743	1515.29	0	0
XM_047428258.1	1666	1438.29	0	0
XM_047428259.1	1916	1688.29	0	0
XM_047428260.1	1794	1566.29	6.73321	0.19346
XM_047428261.1	2097	1869.29	0	0
XM_047428262.1	1686	1458.29	0	0
XM_047428263.1	1614	1386.29	0	0
XM_047428264.1	1123	895.293	0	0
XM_047428265.1	2477	2249.29	0	0
XM_047428266.1	1422	1194.29	0	0
XM_047428267.1	1365	1137.29	36.3771	1.43945
XM_047428268.1	1391	1163.29	0	0
XM_047428269.1	8804	8576.29	3.48095	0.0182659
XM_047428270.1	2005	1777.29	0	0
XM_047428271.1	7006	6778.29	0	0
XM_047428272.1	734	506.753	0	0
XM_047428273.1	2317	2089.29	0	0
XM_047428274.1	1479	1251.29	0	0
XM_047428275.1	1575	1347.29	0	0
XM_047428276.1	1434	1206.29	0	0
XM_047428277.1	10778	10550.3	10.6859	0.0455815
XM_047428278.1	10600	10372.3	4.79601	0.0208088
XM_047428279.1	8660	8432.29	0	0
XM_047428280.1	1171	943.293	0	0
XM_047428281.1	1340	1112.29	3	0.121379
XM_047428282.1	2315	2087.29	0	0
XM_047428283.1	916	688.293	0	0
XM_047428284.1	796	568.487	0	0
XM_047428285.1	864	636.427	0	0
XM_047428286.1	1173	945.293	0	0
XM_047428287.1	6852	6624.29	0	0
XM_047428288.1	3420	3192.29	42.5685	0.600106
XM_047428289.1	3326	3098.29	0	0
XM_047428290.1	4136	3908.29	16.588	0.191007
XM_047428291.1	8315	8087.29	0	0
XM_047428292.1	8439	8211.29	0	0
XM_047428293.1	8106	7878.29	0	0
XM_047428294.1	8257	8029.29	0	0
XM_047428295.1	8135	7907.29	0	0
XM_047428296.1	7934	7706.29	0	0
XM_047428297.1	7425	7197.29	0	0
XM_047428298.1	4506	4278.29	0	0
XM_047428299.1	4535	4307.29	0	0
XM_047428300.1	5386	5158.29	23.9714	0.209137
XM_047428301.1	5593	5365.29	0	0
XM_047428302.1	4375	4147.29	21.2156	0.230215
XM_047428303.1	4311	4083.29	75.7702	0.835084
XM_047428304.1	6001	5773.29	15.1479	0.118079
XM_047428305.1	4315	4087.29	30.6622	0.337605
XM_047428306.1	4266	4038.29	66.2919	0.738763
XM_047428307.1	4270	4042.29	26.609	0.29624
XM_047428308.1	4243	4015.29	8.30391	0.0930695
XM_047428309.1	728	500.753	6.48874	0.583149
XM_047428310.1	6018	5790.29	0	0
XM_047428311.1	4329	4101.29	0	0
XM_047428312.1	5530	5302.29	83.543	0.70907
XM_047428313.1	5082	4854.29	0	0
XM_047428314.1	5383	5155.29	40.5025	0.353566
XM_047428315.1	4837	4609.29	3.95403	0.0386053
XM_047428316.1	5099	4871.29	8.31967	0.0768607
XM_047428317.1	5090	4862.29	65.8271	0.609265
XM_047428319.1	2264	2036.29	171.358	3.78709
XM_047428320.1	5116	4888.29	31.4029	0.289105
XM_047428321.1	1692	1464.29	0	0
XM_047428322.1	1684	1456.29	0	0
XM_047428323.1	1675	1447.29	0	0
XM_047428324.1	1610	1382.29	0	0
XM_047428325.1	1845	1617.29	0	0
XM_047428326.1	1239	1011.29	0	0
XM_047428327.1	8509	8281.29	55.8717	0.303624
XM_047428328.1	5871	5643.29	2.47842	0.0197645
XM_047428329.1	5759	5531.29	0.389781	0.00317129
XM_047428330.1	5734	5506.29	68.5585	0.560331
XM_047428331.1	5065	4837.29	20.8055	0.193561
XM_047428332.1	5833	5605.29	0	0
XM_047428333.1	5868	5640.29	0.233803	0.00186548
XM_047428334.1	5756	5528.29	0.289636	0.00235778
XM_047428335.1	8513	8285.29	0	0
XM_047428336.1	5048	4820.29	5.41844	0.0505875
XM_047428337.1	5550	5322.29	0	0
XM_047428338.1	1409	1181.29	5.36823	0.204511
XM_047428339.1	1606	1378.29	0	0
XM_047428340.1	6381	6153.29	358.654	2.62308
XM_047428341.1	1470	1242.29	0	0
XM_047428342.1	1521	1293.29	0	0
XM_047428343.1	5245	5017.29	2.89285	0.0259477
XM_047428344.1	4952	4724.29	4.26648	0.040642
XM_047428345.1	1401	1173.29	0	0
XM_047428348.1	5860	5632.29	2.11954	0.0169355
XM_047428359.1	5877	5649.29	0	0
XM_047428368.1	5489	5261.29	0	0
XM_047428371.1	1165	937.293	0	0
XM_047428372.1	2927	2699.29	0	0
XM_047428373.1	2645	2417.29	0	0
XM_047428374.1	5242	5014.29	5.04212	0.0452528
XM_047428375.1	1992	1764.29	2	0.0510154
XM_047428376.1	3714	3486.29	0	0
XM_047428377.1	4975	4747.29	3.52524	0.0334184
XM_047428378.1	2923	2695.29	0	0
XM_047428379.1	2906	2678.29	0	0
XM_047428380.1	1723	1495.29	1	0.0300965
XM_047428381.1	1183	955.293	0	0
XM_047428382.1	1965	1737.29	0	0
XM_047428383.1	2260	2032.29	0	0
XM_047428384.1	5874	5646.29	0	0
XM_047428385.1	4949	4721.29	7.61992	0.0726327
XM_047428386.1	6423	6195.29	22.5734	0.163975
XM_047428387.1	5124	4896.29	0	0
XM_047428388.1	4958	4730.29	0.884958	0.00841932
XM_047428390.1	5191	4963.29	3.26367	0.0295923
XM_047428391.1	1952	1724.29	158.695	4.14184
XM_047428392.1	4924	4696.29	2.22325	0.0213047
XM_047428393.1	4477	4249.29	0	0
XM_047428394.1	3179	2951.29	31.3859	0.478591
XM_047428395.1	1176	948.293	0	0
XM_047428396.1	2799	2571.29	0	0
XM_047428397.1	1377	1149.29	0	0
XM_047428398.1	4868	4640.29	0	0
XM_047428399.1	1023	795.293	0	0
XM_047428400.1	1020	792.293	0	0
XM_047428401.1	1474	1246.29	0	0
XM_047428402.1	887	659.427	0	0
XM_047428403.1	5276	5048.29	76.8073	0.6847
XM_047428404.1	4865	4637.29	14.8678	0.144287
XM_047428405.1	6232	6004.29	0	0
XM_047428406.1	7376	7148.29	0.0561335	0.000353396
XM_047428407.1	7218	6990.29	214.081	1.37824
XM_047428408.1	4814	4586.29	2.35293	0.0230881
XM_047428409.1	2263	2035.29	0	0
XM_047428410.1	4687	4459.29	8.31398	0.0839045
XM_047428411.1	2249	2021.29	0	0
XM_047428412.1	4797	4569.29	0.56215	0.00553663
XM_047428413.1	1435	1207.29	0	0
XM_047428414.1	4627	4399.29	0	0
XM_047428415.1	9512	9284.29	0	0
XM_047428416.1	9302	9074.29	0	0
XM_047428417.1	5626	5398.29	0	0
XM_047428418.1	9191	8963.29	0	0
XM_047428419.1	9552	9324.29	184.209	0.889075
XM_047428420.1	9795	9567.29	21.8656	0.102853
XM_047428421.1	9296	9068.29	0	0
XM_047428422.1	8981	8753.29	0	0
XM_047428423.1	8975	8747.29	0	0
XM_047428424.1	9086	8858.29	0	0
XM_047428425.1	8864	8636.29	0	0
XM_047428426.1	4727	4499.29	0	0
XM_047428427.1	9041	8813.29	14.5679	0.0743877
XM_047428428.1	9035	8807.29	20.5147	0.104825
XM_047428429.1	8975	8747.29	20.9908	0.107994
XM_047428430.1	8969	8741.29	12.9617	0.066731
XM_047428431.1	8630	8402.29	0	0
XM_047428432.1	4624	4396.29	45.3278	0.464002
XM_047428433.1	5606	5378.29	1.40886	0.0117887
XM_047428434.1	3186	2958.29	33.9619	0.516646
XM_047428435.1	2731	2503.29	0	0
XM_047428436.1	2207	1979.29	0.00373238	8.48629e-05
XM_047428437.1	2422	2194.29	6.16403e-06	1.26419e-07
XM_047428438.1	5209	4981.29	0	0
XM_047428439.1	1902	1674.29	0	0
XM_047428440.1	4573	4345.29	6.6903	0.0692897
XM_047428441.1	6154	5926.29	0	0
XM_047428442.1	2015	1787.29	1	0.0251795
XM_047428443.1	2023	1795.29	0	0
XM_047428444.1	4673	4445.29	0.187922	0.00190248
XM_047428445.1	1770	1542.29	0	0
XM_047428447.1	4258	4030.29	0	0
XM_047428448.1	4078	3850.29	0	0
XM_047428449.1	3857	3629.29	0	0
XM_047428451.1	3937	3709.29	0	0
XM_047428452.1	4083	3855.29	0	0
XM_047428453.1	3862	3634.29	0	0
XM_047428454.1	4008	3780.29	0	0
XM_047428455.1	3933	3705.29	0	0
XM_047428456.1	3682	3454.29	0	0
XM_047428457.1	3894	3666.29	0	0
XM_047428458.1	2817	2589.29	69.0169	1.19954
XM_047428459.1	3712	3484.29	0	0
XM_047428460.1	3783	3555.29	0	0
XM_047428461.1	4004	3776.29	0	0
XM_047428462.1	3410	3182.29	25.9632	0.367165
XM_047428463.1	2304	2076.29	0	0
XM_047428464.1	2250	2022.29	8.67745	0.193104
XM_047428465.1	4201	3973.29	125.29	1.41908
XM_047428466.1	14015	13787.3	28.2696	0.0922748
XM_047428467.1	3511	3283.29	3.03911	0.0416562
XM_047428468.1	3911	3683.29	0	0
XM_047428469.1	3869	3641.29	0	0
XM_047428470.1	3485	3257.29	1.23337	0.0170404
XM_047428471.1	3328	3100.29	2.39344	0.0347425
XM_047428472.1	3103	2875.29	10.0646	0.157528
XM_047428473.1	3437	3209.29	0.565557	0.00793066
XM_047428474.1	3728	3500.29	0	0
XM_047428475.1	5713	5485.29	0	0
XM_047428476.1	3729	3501.29	99.9593	1.28481
XM_047428477.1	7824	7596.29	0	0
XM_047428478.1	8193	7965.29	138.394	0.781913
XM_047428479.1	2721	2493.29	35.511	0.640961
XM_047428480.1	3179	2951.29	0.0269132	0.000410389
XM_047428481.1	2049	1821.29	12.7432	0.314876
XM_047428482.1	2105	1877.29	0	0
XM_047428483.1	2713	2485.29	44.6617	0.808723
XM_047428484.1	3038	2810.29	0	0
XM_047428485.1	8653	8425.29	24.0968	0.128711
XM_047428486.1	983	755.293	0	0
XM_047428487.1	893	665.361	0	0
XM_047428488.1	1420	1192.29	0	0
XM_047428489.1	5110	4882.29	61.286	0.56491
XM_047428490.1	3464	3236.29	0	0
XM_047428491.1	1093	865.293	0	0
XM_047428492.1	997	769.293	23.4228	1.37022
XM_047428493.1	1505	1277.29	120.857	4.25817
XM_047428494.1	4137	3909.29	0	0
XM_047428495.1	11368	11140.3	13.1475	0.0531116
XM_047428496.1	3859	3631.29	15.089	0.187
XM_047428497.1	4017	3789.29	9.52457	0.113117
XM_047428498.1	4077	3849.29	16.785	0.196238
XM_047428499.1	3692	3464.29	48.0742	0.624511
XM_047428500.1	5466	5238.29	0	0
XM_047428501.1	5632	5404.29	0	0
XM_047428502.1	17724	17496.3	22.533	0.0579582
XM_047428503.1	6978	6750.29	0	0
XM_047428504.1	6973	6745.29	0	0
XM_047428506.1	4343	4115.29	0	0
XM_047428507.1	4667	4439.29	0	0
XM_047428508.1	4241	4013.29	0	0
XM_047428509.1	4217	3989.29	0	0
XM_047428510.1	4591	4363.29	0	0
XM_047428511.1	4286	4058.29	19.0157	0.210869
XM_047428512.1	4485	4257.29	0	0
XM_047428513.1	4651	4423.29	12.4577	0.126746
XM_047428514.1	4521	4293.29	0	0
XM_047428515.1	4338	4110.29	0	0
XM_047428516.1	4187	3959.29	0.0664278	0.000755048
XM_047428517.1	4497	4269.29	0	0
XM_047428518.1	4189	3961.29	0.0381924	0.000433892
XM_047428519.1	4467	4239.29	0	0
XM_047428520.1	4121	3893.29	0	0
XM_047428521.1	4513	4285.29	0	0
XM_047428522.1	4103	3875.29	1.67331	0.0194319
XM_047428523.1	4489	4261.29	0	0
XM_047428524.1	4091	3863.29	0.00303548	3.536e-05
XM_047428525.1	4465	4237.29	0	0
XM_047428526.1	4067	3839.29	19.1365	0.224312
XM_047428527.1	4365	4137.29	0.0325693	0.00035427
XM_047428528.1	4164	3936.29	224.702	2.56899
XM_047428529.1	4341	4113.29	50.3002	0.550329
XM_047428530.1	4367	4139.29	0	0
XM_047428531.1	2277	2049.29	0	0
XM_047428532.1	4351	4123.29	7.65613	0.0835617
XM_047428533.1	4068	3840.29	13.3905	0.156919
XM_047428534.1	4255	4027.29	0.0724772	0.000809898
XM_047428535.1	3255	3027.29	5.81395	0.0864289
XM_047428536.1	3061	2833.29	0	0
XM_047428537.1	2481	2253.29	28.2788	0.564789
XM_047428538.1	2219	1991.29	0	0
XM_047428539.1	3868	3640.29	83.2957	1.02974
XM_047428540.1	4386	4158.29	0.980623	0.0106128
XM_047428541.1	659	432.717	398.356	41.4295
XM_047428542.1	13422	13194.3	7.24805	0.0247216
XM_047428543.1	6954	6726.29	0	0
XM_047428544.1	4999	4771.29	1301.99	12.2804
XM_047428545.1	6933	6705.29	218.808	1.46855
XM_047428547.1	3586	3358.29	0.000276252	3.70194e-06
XM_047428549.1	3544	3316.29	0.000141953	1.92634e-06
XM_047428550.1	3541	3313.29	1.31908e-05	1.79165e-07
XM_047428552.1	8348	8120.29	273.001	1.51299
XM_047428553.1	11001	10773.3	49.8504	0.208239
XM_047428554.1	5156	4928.29	95.8106	0.874902
XM_047428555.1	3760	3532.29	14.0189	0.178608
XM_047428556.1	9344	9116.29	0	0
XM_047428557.1	9358	9130.29	0	0
XM_047428558.1	9348	9120.29	0	0
XM_047428559.1	9341	9113.29	0	0
XM_047428560.1	9332	9104.29	0	0
XM_047428561.1	9346	9118.29	0	0
XM_047428562.1	9355	9127.29	0	0
XM_047428563.1	9291	9063.29	7.57301	0.0376032
XM_047428564.1	9287	9059.29	23.8245	0.118351
XM_047428565.1	9292	9064.29	406.969	2.02055
XM_047428566.1	9340	9112.29	258.71	1.2777
XM_047428567.1	9278	9050.29	60.0395	0.29855
XM_047428568.1	9274	9046.29	0	0
XM_047428569.1	9260	9032.29	0	0
XM_047428570.1	9264	9036.29	0	0
XM_047428571.1	9443	9215.29	0	0
XM_047428572.1	9262	9034.29	0	0
XM_047428573.1	9248	9020.29	0	0
XM_047428574.1	9208	8980.29	241.377	1.20962
XM_047428575.1	9194	8966.29	34.8312	0.174823
XM_047428576.1	9198	8970.29	10.9307	0.0548382
XM_047428577.1	9146	8918.29	3.89048	0.019632
XM_047428578.1	9257	9029.29	10.996	0.0548055
XM_047428579.1	9076	8848.29	15.5475	0.0790759
XM_047428580.1	3612	3384.29	8.29188	0.110262
XM_047428581.1	3600	3372.29	41.0718	0.548102
XM_047428582.1	3591	3363.29	485.329	6.49403
XM_047428583.1	3480	3252.29	0	0
XM_047428584.1	3471	3243.29	0	0
XM_047428585.1	1841	1613.29	160.959	4.48997
XM_047428586.1	1599	1371.29	118.68	3.89483
XM_047428587.1	6141	5913.29	32.8516	0.250017
XM_047428588.1	4277	4049.29	0	0
XM_047428589.1	5169	4941.29	19.6908	0.179335
XM_047428590.1	5102	4874.29	18.2656	0.168641
XM_047428591.1	4100	3872.29	0	0
XM_047428592.1	2943	2715.29	109.608	1.81663
XM_047428593.1	2877	2649.29	0	0
XM_047428594.1	4207	3979.29	0	0
XM_047428595.1	9984	9756.29	0	0
XM_047428596.1	9924	9696.29	0	0
XM_047428597.1	7505	7277.29	0	0
XM_047428598.1	4109	3881.29	0	0
XM_047428599.1	7708	7480.29	1.39399e-05	8.38657e-08
XM_047428600.1	7636	7408.29	7.99999	0.0485974
XM_047428601.1	7373	7145.29	0	0
XM_047428602.1	4253	4025.29	3.59025e-06	4.01393e-08
XM_047428604.1	3212	2984.29	13.484	0.203338
XM_047428605.1	9514	9286.29	2919.48	14.1483
XM_047428606.1	4340	4112.29	0	0
XM_047428607.1	9511	9283.29	246.437	1.19467
XM_047428608.1	9647	9419.29	100.188	0.478674
XM_047428609.1	13017	12789.3	7.28361	0.0256296
XM_047428610.1	10814	10586.3	3.48078e-08	1.4797e-10
XM_047428611.1	10910	10682.3	30.4284	0.128191
XM_047428612.1	4364	4136.29	0	0
XM_047428613.1	2162	1934.29	0	0
XM_047428614.1	4955	4727.29	0	0
XM_047428615.1	4206	3978.29	35.3369	0.399736
XM_047428616.1	5437	5209.29	0	0
XM_047428617.1	5092	4864.29	0	0
XM_047428618.1	5280	5052.29	0	0
XM_047428619.1	5164	4936.29	0	0
XM_047428620.1	5161	4933.29	0	0
XM_047428621.1	5099	4871.29	0	0
XM_047428622.1	5080	4852.29	0	0
XM_047428623.1	4186	3958.29	0	0
XM_047428624.1	3233	3005.29	0	0
XM_047428625.1	3715	3487.29	0	0
XM_047428626.1	6748	6520.29	0	0
XM_047428627.1	2127	1899.29	132.195	3.1323
XM_047428628.1	5656	5428.29	0	0
XM_047428629.1	4908	4680.29	0	0
XM_047428630.1	4870	4642.29	0	0
XM_047428631.1	3411	3183.29	0	0
XM_047428632.1	2997	2769.29	0	0
XM_047428633.1	2991	2763.29	0	0
XM_047428634.1	2996	2768.29	0	0
XM_047428635.1	3164	2936.29	35.4059	0.542648
XM_047428636.1	3241	3013.29	4.19693	0.0626805
XM_047428637.1	3250	3022.29	0	0
XM_047428638.1	3115	2887.29	0	0
XM_047428639.1	3119	2891.29	0	0
XM_047428640.1	2800	2572.29	9.38457	0.164186
XM_047428641.1	3015	2787.29	0	0
XM_047428642.1	2847	2619.29	1.76242e-08	3.02808e-10
XM_047428643.1	2140	1912.29	0	0
XM_047428644.1	2053	1825.29	0	0
XM_047428645.1	2135	1907.29	0	0
XM_047428646.1	2050	1822.29	4.62409	0.114196
XM_047428647.1	2724	2496.29	96.6465	1.74234
XM_047428648.1	1953	1725.29	0	0
XM_047428649.1	1909	1681.29	0	0
XM_047428650.1	1906	1678.29	0	0
XM_047428651.1	2390	2162.29	0	0
XM_047428652.1	2259	2031.29	0	0
XM_047428653.1	2078	1850.29	0.00398033	9.681e-05
XM_047428654.1	1947	1719.29	21.7521	0.569368
XM_047428655.1	2159	1931.29	0	0
XM_047428656.1	3547	3319.29	0	0
XM_047428657.1	1125	897.293	0	0
XM_047428658.1	2140	1912.29	0	0
XM_047428659.1	2104	1876.29	0	0
XM_047428660.1	2080	1852.29	0	0
XM_047428661.1	2023	1795.29	2.11605	0.0530435
XM_047428662.1	3069	2841.29	1.8682e-05	2.95904e-07
XM_047428663.1	3045	2817.29	2.09988	0.0335432
XM_047428664.1	1503	1275.29	1.36493	0.0481661
XM_047428665.1	1504	1276.29	0.466021	0.0164322
XM_047428666.1	3803	3575.29	0	0
XM_047428667.1	2106	1878.29	5.76231e-05	1.38062e-06
XM_047428668.1	2107	1879.29	8.80454	0.210841
XM_047428669.1	3235	3007.29	0.407927	0.00610448
XM_047428670.1	1995	1767.29	0.153399	0.0039062
XM_047428671.1	2308	2080.29	0.00092655	2.00441e-05
XM_047428672.1	1945	1717.29	0	0
XM_047428673.1	2169	1941.29	0.521852	0.0120976
XM_047428674.1	3296	3068.29	0	0
XM_047428675.1	3188	2960.29	0	0
XM_047428676.1	3201	2973.29	0	0
XM_047428677.1	3196	2968.29	0	0
XM_047428678.1	3157	2929.29	0	0
XM_047428679.1	2170	1942.29	8.5914	0.199063
XM_047428680.1	5438	5210.29	0	0
XM_047428681.1	5300	5072.29	0	0
XM_047428682.1	1965	1737.29	2.75292	0.0713119
XM_047428683.1	6700	6472.29	0	0
XM_047428684.1	4860	4632.29	0	0
XM_047428685.1	5699	5471.29	0	0
XM_047428686.1	5658	5430.29	0	0
XM_047428687.1	1089	861.293	17.4011	0.909216
XM_047428688.1	2642	2414.29	0.00323027	6.0213e-05
XM_047428689.1	3515	3287.29	0	0
XM_047428690.1	3512	3284.29	0	0
XM_047428691.1	1960	1732.29	103.279	2.68307
XM_047428692.1	3248	3020.29	22.1979	0.330755
XM_047428693.1	2761	2533.29	61.1991	1.08718
XM_047428694.1	2482	2254.29	0	0
XM_047428695.1	2819	2591.29	16.9478	0.294333
XM_047428696.1	2816	2588.29	0	0
XM_047428697.1	2371	2143.29	0	0
XM_047428698.1	2135	1907.29	0	0
XM_047428699.1	4257	4029.29	17.0805	0.190772
XM_047428700.1	1067	839.293	0	0
XM_047428701.1	1049	821.293	1.15353	0.0632082
XM_047428702.1	2870	2642.29	96.7729	1.64822
XM_047428703.1	1881	1653.29	151.349	4.11977
XM_047428704.1	1662	1434.29	0	0
XM_047428705.1	9136	8908.29	3.68982	0.0186403
XM_047428706.1	9041	8813.29	0	0
XM_047428707.1	9122	8894.29	410.148	2.07526
XM_047428708.1	9126	8898.29	92.2273	0.466439
XM_047428709.1	9245	9017.29	313.454	1.56437
XM_047428710.1	999	771.293	33.0706	1.92959
XM_047428711.1	3522	3294.29	0	0
XM_047428712.1	709	481.852	0	0
XM_047428713.1	2091	1863.29	0	0
XM_047428714.1	2118	1890.29	0	0
XM_047428715.1	1951	1723.29	0	0
XM_047428716.1	1900	1672.29	0	0
XM_047428717.1	6437	6209.29	0.664472	0.00481589
XM_047428718.1	6320	6092.29	0.0178668	0.00013198
XM_047428719.1	4955	4727.29	0	0
XM_047428720.1	2742	2514.29	0	0
XM_047428721.1	2326	2098.29	6.75418	0.14486
XM_047428722.1	3687	3459.29	0	0
XM_047428723.1	2033	1805.29	0	0
XM_047428724.1	1930	1702.29	3.03759	0.0803041
XM_047428725.1	1904	1676.29	2.19752	0.0589964
XM_047428726.1	5463	5235.29	0	0
XM_047428727.1	3380	3152.29	0	0
XM_047428728.1	3042	2814.29	3.78847	0.060581
XM_047428729.1	5202	4974.29	27.1416	0.245554
XM_047428730.1	7089	6861.29	167.108	1.09606
XM_047428731.1	6026	5798.29	0	0
XM_047428732.1	6407	6179.29	92.9939	0.677264
XM_047428733.1	6621	6393.29	1.66268e-05	1.17038e-07
XM_047428734.1	9002	8774.29	3.38123	0.0173422
XM_047428735.1	5929	5701.29	0	0
XM_047428736.1	5988	5760.29	120.126	0.938505
XM_047428737.1	6331	6103.29	0	0
XM_047428738.1	4708	4480.29	0	0
XM_047428739.1	3368	3140.29	82.794	1.18651
XM_047428740.1	7104	6876.29	10.8185	0.0708036
XM_047428741.1	6705	6477.29	18.5879	0.129145
XM_047428742.1	1716	1488.29	0	0
XM_047428743.1	2311	2083.29	5.01579	0.108351
XM_047428744.1	2149	1921.29	152.407	3.56988
XM_047428745.1	3246	3018.29	69.203	1.03182
XM_047428746.1	3355	3127.29	0.000180437	2.59656e-06
XM_047428747.1	3292	3064.29	19.3777	0.284587
XM_047428748.1	3239	3011.29	0	0
XM_047428749.1	3201	2973.29	13.4628	0.20377
XM_047428750.1	3169	2941.29	0	0
XM_047428751.1	3082	2854.29	3.62754e-07	5.71948e-09
XM_047428752.1	4908	4680.29	6.33068	0.0608722
XM_047428753.1	1891	1663.29	0	0
XM_047428754.1	1851	1623.29	145.388	4.03064
XM_047428755.1	4680	4452.29	0	0
XM_047428756.1	4615	4387.29	0	0
XM_047428757.1	3236	3008.29	0	0
XM_047428758.1	5501	5273.29	0.125303	0.00106935
XM_047428759.1	3148	2920.29	16.6766	0.256994
XM_047428760.1	1665	1437.29	32.3867	1.01406
XM_047428761.1	13801	13573.3	3.53563	0.0117226
XM_047428764.1	9222	8994.29	0	0
XM_047428765.1	8654	8426.29	0	0
XM_047428766.1	8559	8331.29	0	0
XM_047428767.1	8522	8294.29	0	0
XM_047428768.1	8535	8307.29	0	0
XM_047428769.1	5573	5345.29	2.56334	0.0215813
XM_047428770.1	4156	3928.29	7.58537	0.086899
XM_047428771.1	987	759.293	0	0
XM_047428772.1	1015	787.293	0	0
XM_047428773.1	3840	3612.29	0	0
XM_047428774.1	3538	3310.29	0	0
XM_047428775.1	1531	1303.29	5.66002	0.195442
XM_047428776.1	3864	3636.29	14.901	0.184416
XM_047428777.1	3445	3217.29	0	0
XM_047428778.1	3256	3028.29	0	0
XM_047428779.1	3190	2962.29	0	0
XM_047428780.1	4502	4274.29	0	0
XM_047428781.1	1972	1744.29	0	0
XM_047428782.1	1816	1588.29	0	0
XM_047428783.1	2291	2063.29	0	0
XM_047428784.1	1909	1681.29	0	0
XM_047428785.1	4172	3944.29	20.4815	0.233687
XM_047428786.1	535	312.445	78.9145	11.3665
XM_047428787.1	1447	1219.29	492.077	18.1621
XM_047428788.1	1191	963.293	54.7191	2.55636
XM_047428789.1	3790	3562.29	29.6704	0.374831
XM_047428790.1	1014	786.293	83.7782	4.795
XM_047428792.1	4010	3782.29	0	0
XM_047428793.1	4054	3826.29	0	0
XM_047428794.1	3941	3713.29	0	0
XM_047428795.1	3893	3665.29	0	0
XM_047428796.1	3937	3709.29	0	0
XM_047428797.1	3893	3665.29	24.7425	0.303793
XM_047428798.1	3860	3632.29	0	0
XM_047428799.1	3959	3731.29	42.3001	0.510181
XM_047428801.1	12686	12458.3	0	0
XM_047428802.1	1379	1151.29	0	0
XM_047428803.1	1401	1173.29	0	0
XM_047428804.1	1453	1225.29	0	0
XM_047428805.1	1302	1074.29	0	0
XM_047428806.1	729	501.753	0	0
XM_047428807.1	1521	1293.29	2	0.0695946
XM_047428808.1	1576	1348.29	0	0
XM_047428810.1	2930	2702.29	0	0
XM_047428811.1	5537	5309.29	0	0
XM_047428812.1	4098	3870.29	0	0
XM_047428813.1	5069	4841.29	0	0
XM_047428815.1	1142	914.293	92.0912	4.53289
XM_047428816.1	3034	2806.29	0	0
XM_047428817.1	4800	4572.29	0	0
XM_047428818.1	2765	2537.29	0	0
XM_047428821.1	1496	1268.29	0	0
XM_047428822.1	1528	1300.29	0	0
XM_047428823.1	1438	1210.29	0	0
XM_047428824.1	1435	1207.29	0	0
XM_047428826.1	5410	5182.29	0	0
XM_047428827.1	1240	1012.29	614.582	27.3222
XM_047428828.1	6582	6354.29	3.5176e-07	2.49127e-09
XM_047428829.1	821	593.487	0	0
XM_047428830.1	668	441.629	0	0
XM_047428831.1	6593	6365.29	53.1304	0.375636
XM_047428832.1	1130	902.293	0	0
XM_047428833.1	2880	2652.29	0	0
XM_047428834.1	1128	900.293	0	0
XM_047428835.1	1766	1538.29	0	0
XM_047428836.1	2971	2743.29	509.317	8.35522
XM_047428837.1	2883	2655.29	28.9454	0.49058
XM_047428840.1	2181	1953.29	0	0
XM_047428841.1	1814	1586.29	0	0
XM_047428842.1	1932	1704.29	0	0
XM_047428843.1	3643	3415.29	0	0
XM_047428844.1	9905	9677.29	1.99192e-06	9.26318e-09
XM_047428845.1	3859	3631.29	0	0
XM_047428847.1	1973	1745.29	27.0201	0.696724
XM_047428848.1	3752	3524.29	0	0
XM_047428849.1	3640	3412.29	0	0
XM_047428850.1	4883	4655.29	135.552	1.31039
XM_047428851.1	2352	2124.29	0	0
XM_047428852.1	1728	1500.29	38.5103	1.15516
XM_047428853.1	6942	6714.29	75.5636	0.506471
XM_047428854.1	1214	986.293	5.07642	0.231629
XM_047428855.1	4051	3823.29	0	0
XM_047428856.1	4069	3841.29	24.6377	0.288645
XM_047428857.1	4407	4179.29	171.731	1.84922
XM_047428858.1	1748	1520.29	0	0
XM_047428860.1	1723	1495.29	26.3073	0.791757
XM_047428861.1	1152	924.293	10.9536	0.533323
XM_047428862.1	1761	1533.29	13.7518	0.403625
XM_047428863.1	3014	2786.29	0	0
XM_047428865.1	3264	3036.29	1.95774	0.0290171
XM_047428866.1	671	444.496	0	0
XM_047428867.1	4563	4335.29	0	0
XM_047428868.1	4067	3839.29	0	0
XM_047428872.1	2702	2474.29	7	0.127318
XM_047428873.1	3053	2825.29	0.112971	0.00179948
XM_047428875.1	3827	3599.29	0	0
XM_047428876.1	3664	3436.29	4.01931e-06	5.26385e-08
XM_047428878.1	3113	2885.29	7.84418	0.122349
XM_047428879.1	12961	12733.3	42.4828	0.150146
XM_047428880.1	4356	4128.29	49.9365	0.544365
XM_047428882.1	6507	6279.29	23.7861	0.170473
XM_047428883.1	7855	7627.29	0	0
XM_047428884.1	6172	5944.29	0.016989	0.00012862
XM_047428885.1	1651	1423.29	64.6907	2.04545
XM_047428886.1	2834	2606.29	23.6146	0.407755
XM_047428887.1	4298	4070.29	0	0
XM_047428888.1	4710	4482.29	0	0
XM_047428889.1	11636	11408.3	0	0
XM_047428890.1	7344	7116.29	0.769199	0.00486438
XM_047428891.1	7201	6973.29	0	0
XM_047428892.1	7351	7123.29	1.2243	0.0077348
XM_047428893.1	7286	7058.29	0	0
XM_047428894.1	9988	9760.29	0	0
XM_047428896.1	7112	6884.29	0	0
XM_047428897.1	10411	10183.3	25.2374	0.111532
XM_047428898.1	6946	6718.29	0	0
XM_047428900.1	4824	4596.29	28.4447	0.278507
XM_047428901.1	1968	1740.29	0	0
XM_047428907.1	2545	2317.29	0	0
XM_047428908.1	782	554.487	0.276979	0.0224801
XM_047428909.1	3135	2907.29	0	0
XM_047428910.1	988	760.293	0	0
XM_047428911.1	796	568.487	0	0
XM_047428912.1	4846	4618.29	0	0
XM_047428913.1	1309	1081.29	0	0
XM_047428914.1	5648	5420.29	0	0
XM_047428915.1	5633	5405.29	0	0
XM_047428916.1	9044	8816.29	740.306	3.77892
XM_047428917.1	1518	1290.29	3.11255	0.10856
XM_047428918.1	5902	5674.29	286.905	2.27546
XM_047428919.1	1258	1030.29	0.036165	0.00157968
XM_047428920.1	8700	8472.29	3.46931	0.0184283
XM_047428921.1	754	526.701	30.8369	2.63481
XM_047428922.1	6416	6188.29	22.5849	0.164244
XM_047428923.1	8030	7802.29	2.93047	0.0169027
XM_047428924.1	10744	10516.3	68.3647	0.292558
XM_047428925.1	4676	4448.29	4.4646	0.0451681
XM_047428926.1	3824	3596.29	22.1537	0.277225
XM_047428927.1	4089	3861.29	173.751	2.02506
XM_047428928.1	2137	1909.29	57.4579	1.35431
XM_047428929.1	1820	1592.29	66.6327	1.88324
XM_047428930.1	1873	1645.29	4.05998	0.111051
XM_047428931.1	1581	1353.29	9.46949	0.314903
XM_047428932.1	1884	1656.29	32.4533	0.881787
XM_047428933.1	1855	1627.29	0	0
XM_047428934.1	1825	1597.29	0	0
XM_047428935.1	1642	1414.29	2.78176e-08	8.8516e-10
XM_047428936.1	1612	1384.29	46.8123	1.52186
XM_047428937.1	2358	2130.29	11.8349	0.250017
XM_047428938.1	1193	965.293	0	0
XM_047428939.1	4166	3938.29	96.7505	1.10557
XM_047428940.1	963	735.293	31.6351	1.9362
XM_047428949.1	3199	2971.29	0	0
XM_047428955.1	3168	2940.29	0	0
XM_047428956.1	370	167.861	0	0
XM_047428957.1	2694	2466.29	0	0
XM_047428958.1	2741	2513.29	0	0
XM_047428959.1	2707	2479.29	0	0
XM_047428960.1	2648	2420.29	0	0
XM_047428961.1	2518	2290.29	0	0
XM_047428962.1	2350	2122.29	4.38676	0.093021
XM_047428963.1	1265	1037.29	0	0
XM_047428964.1	2461	2233.29	25.2984	0.509787
XM_047428965.1	1812	1584.29	0	0
XM_047428966.1	1772	1544.29	0	0
XM_047428967.1	3182	2954.29	0	0
XM_047428968.1	1948	1720.29	0	0
XM_047428969.1	3340	3112.29	3453.2	49.9325
XM_047428970.1	3124	2896.29	0	0
XM_047428971.1	3825	3597.29	4.55589e-06	5.69953e-08
XM_047428972.1	3542	3314.29	3.91542e-08	5.31655e-10
XM_047428973.1	3416	3188.29	206.507	2.91487
XM_047428974.1	2271	2043.29	44.4765	0.979586
XM_047428975.1	2106	1878.29	83.9442	2.01127
XM_047428976.1	1406	1178.29	0	0
XM_047428977.1	1036	808.293	0	0
XM_047428978.1	6078	5850.29	72.2201	0.55555
XM_047428979.1	4131	3903.29	12.6589	0.145951
XM_047428980.1	4059	3831.29	0	0
XM_047428981.1	4983	4755.29	21.0275	0.199
XM_047428982.1	4095	3867.29	86.5739	1.00745
XM_047428983.1	4051	3823.29	2251.12	26.4974
XM_047428984.1	4095	3867.29	137.512	1.6002
XM_047428989.1	624	398.259	0	0
XM_047428990.1	4252	4024.29	0	0
XM_047428991.1	1643	1415.29	0	0
XM_047428992.1	1490	1262.29	63.045	2.24767
XM_047428993.1	1370	1142.29	0	0
XM_047428994.1	1357	1129.29	0	0
XM_047428995.1	1357	1129.29	0	0
XM_047428996.1	1365	1137.29	11.8735	0.469838
XM_047428997.1	1280	1052.29	2.2914	0.0979954
XM_047428998.1	1114	886.293	4.18623	0.212563
XM_047428999.1	3687	3459.29	0	0
XM_047429000.1	3591	3363.29	0	0
XM_047429001.1	3481	3253.29	0	0
XM_047429002.1	3292	3064.29	1.35957	0.0199671
XM_047429003.1	3187	2959.29	2.36938	0.036032
XM_047429004.1	3169	2941.29	1.18772	0.0181726
XM_047429005.1	5187	4959.29	0	0
XM_047429006.1	6202	5974.29	0	0
XM_047429007.1	6574	6346.29	0	0
XM_047429008.1	5527	5299.29	0	0
XM_047429009.1	5064	4836.29	0	0
XM_047429010.1	5180	4952.29	0	0
XM_047429011.1	5151	4923.29	14.1059	0.12894
XM_047429012.1	5135	4907.29	0	0
XM_047429013.1	6248	6020.29	6.02755	0.0450573
XM_047429014.1	4938	4710.29	0	0
XM_047429015.1	5324	5096.29	0	0
XM_047429016.1	1929	1701.29	0	0
XM_047429017.1	2948	2720.29	25.2335	0.417449
XM_047429018.1	5741	5513.29	138.282	1.12875
XM_047429019.1	4218	3990.29	0.000130653	1.47352e-06
XM_047429020.1	1529	1301.29	261.974	9.05994
XM_047429021.1	13375	13147.3	0	0
XM_047429022.1	12993	12765.3	1.97456e-07	6.96116e-10
XM_047429023.1	12833	12605.3	100.585	0.359107
XM_047429024.1	13781	13553.3	3.50249	0.0116299
XM_047429025.1	12616	12388.3	192.065	0.697716
XM_047429026.1	12169	11941.3	384.982	1.45088
XM_047429027.1	4554	4326.29	0	0
XM_047429028.1	4473	4245.29	0	0
XM_047429029.1	4628	4400.29	0	0
XM_047429030.1	4353	4125.29	0	0
XM_047429031.1	6691	6463.29	12.2449	0.0852595
XM_047429032.1	1890	1662.29	27.4576	0.743356
XM_047429033.1	7823	7595.29	0	0
XM_047429034.1	7978	7750.29	2.00562	0.0116459
XM_047429035.1	5214	4986.29	1.04654e-06	9.44538e-09
XM_047429036.1	8922	8694.29	0	0
XM_047429037.1	5520	5292.29	16.9321	0.143982
XM_047429038.1	8797	8569.29	0	0
XM_047429039.1	8760	8532.29	0	0
XM_047429040.1	8757	8529.29	0	0
XM_047429041.1	8631	8403.29	0	0
XM_047429042.1	4914	4686.29	14.92	0.143279
XM_047429043.1	5152	4924.29	21.3757	0.195352
XM_047429044.1	860	632.427	0	0
XM_047429045.1	4976	4748.29	0	0
XM_047429046.1	4663	4435.29	0	0
XM_047429047.1	4136	3908.29	0	0
XM_047429048.1	2647	2419.29	0	0
XM_047429049.1	2413	2185.29	0	0
XM_047429050.1	2308	2080.29	0	0
XM_047429051.1	2386	2158.29	0	0
XM_047429052.1	2613	2385.29	0	0
XM_047429053.1	1067	839.293	0	0
XM_047429054.1	1038	810.293	5.03164	0.279454
XM_047429055.1	983	755.293	14.2454	0.848792
XM_047429056.1	896	668.361	0	0
XM_047429057.1	770	542.487	1.93297	0.160353
XM_047429058.1	513	291.914	344.305	53.0801
XM_047429059.1	2494	2266.29	0.229623	0.00455976
XM_047429060.1	5131	4903.29	0	0
XM_047429061.1	4338	4110.29	78.5767	0.860326
XM_047429062.1	3379	3151.29	14.7479	0.210612
XM_047429063.1	5989	5761.29	3.33907e-05	2.60824e-07
XM_047429064.1	5971	5743.29	5.44224e-05	4.26441e-07
XM_047429065.1	2944	2716.29	5.13981	0.0851555
XM_047429066.1	1418	1190.29	0	0
XM_047429067.1	5745	5517.29	173.628	1.41623
XM_047429068.1	5742	5514.29	76.7928	0.62672
XM_047429069.1	2944	2716.29	0	0
XM_047429070.1	2942	2714.29	0	0
XM_047429071.1	2883	2655.29	0	0
XM_047429072.1	5673	5445.29	0	0
XM_047429073.1	4095	3867.29	0	0
XM_047429074.1	2620	2392.29	0	0
XM_047429075.1	2528	2300.29	0	0
XM_047429076.1	1727	1499.29	0	0
XM_047429077.1	2276	2048.29	0	0
XM_047429078.1	1662	1434.29	0	0
XM_047429079.1	3823	3595.29	0	0
XM_047429080.1	3830	3602.29	39.2353	0.490162
XM_047429081.1	2800	2572.29	0	0
XM_047429082.1	2805	2577.29	24.8511	0.433934
XM_047429083.1	2851	2623.29	0	0
XM_047429084.1	2658	2430.29	0	0
XM_047429085.1	2723	2495.29	0	0
XM_047429086.1	2718	2490.29	0	0
XM_047429087.1	2656	2428.29	11.9758	0.221944
XM_047429088.1	2514	2286.29	0	0
XM_047429089.1	3117	2889.29	0	0
XM_047429090.1	2824	2596.29	0	0
XM_047429091.1	4369	4141.29	13.2781	0.144292
XM_047429092.1	2574	2346.29	0	0
XM_047429093.1	2478	2250.29	0	0
XM_047429094.1	2620	2392.29	0	0
XM_047429095.1	2548	2320.29	0	0
XM_047429096.1	2288	2060.29	0	0
XM_047429097.1	2815	2587.29	167.779	2.91833
XM_047429098.1	2971	2743.29	158.475	2.59975
XM_047429099.1	2609	2381.29	0	0
XM_047429100.1	1063	835.293	164.283	8.85109
XM_047429101.1	1797	1569.29	0.395299	0.0113361
XM_047429102.1	8244	8016.29	0	0
XM_047429103.1	4244	4016.29	0	0
XM_047429104.1	8155	7927.29	0	0
XM_047429105.1	2578	2350.29	0	0
XM_047429106.1	4413	4185.29	0	0
XM_047429107.1	4591	4363.29	30.7608	0.317268
XM_047429108.1	5151	4923.29	0	0
XM_047429109.1	5082	4854.29	0	0
XM_047429110.1	4648	4420.29	0	0
XM_047429111.1	4703	4475.29	0	0
XM_047429112.1	5560	5332.29	0	0
XM_047429113.1	5491	5263.29	0.755808	0.00646243
XM_047429114.1	1542	1314.29	138.633	4.74696
XM_047429115.1	4965	4737.29	0	0
XM_047429116.1	6036	5808.29	0	0
XM_047429117.1	3873	3645.29	141.145	1.74252
XM_047429118.1	1564	1336.29	208.805	7.03204
XM_047429119.1	6338	6110.29	0	0
XM_047429120.1	6299	6071.29	0	0
XM_047429121.1	6299	6071.29	0	0
XM_047429122.1	6251	6023.29	0	0
XM_047429123.1	6245	6017.29	0	0
XM_047429124.1	4000	3772.29	0	0
XM_047429125.1	6230	6002.29	0	0
XM_047429126.1	6209	5981.29	0	0
XM_047429127.1	6191	5963.29	13.8301	0.104372
XM_047429128.1	6191	5963.29	0	0
XM_047429129.1	6131	5903.29	92.1816	0.702736
XM_047429130.1	6122	5894.29	0	0
XM_047429131.1	3901	3673.29	101.636	1.24519
XM_047429132.1	6101	5873.29	0	0
XM_047429133.1	6062	5834.29	0	0
XM_047429134.1	1338	1110.29	5.06983	0.205494
XM_047429135.1	3677	3449.29	384.481	5.01634
XM_047429136.1	3672	3444.29	64.5159	0.842963
XM_047429137.1	3608	3380.29	0	0
XM_047429138.1	3676	3448.29	25.2779	0.329897
XM_047429139.1	2346	2118.29	104.145	2.21256
XM_047429140.1	2133	1905.29	33.9303	0.801435
XM_047429141.1	1504	1276.29	39.3492	1.38748
XM_047429142.1	1991	1763.29	49.6512	1.26721
XM_047429143.1	2236	2008.29	130.522	2.92481
XM_047429144.1	2652	2424.29	0	0
XM_047429145.1	2438	2210.29	0	0
XM_047429146.1	2288	2060.29	0	0
XM_047429147.1	2388	2160.29	1.07014	0.0222931
XM_047429148.1	8825	8597.29	0	0
XM_047429149.1	2829	2601.29	217.743	3.76702
XM_047429150.1	2826	2598.29	0.100951	0.0017485
XM_047429152.1	5635	5407.29	87.0627	0.724593
XM_047429153.1	3804	3576.29	0	0
XM_047429154.1	3368	3140.29	2.04855	0.0293575
XM_047429155.1	895	667.361	0	0
XM_047429156.1	3877	3649.29	0	0
XM_047429157.1	1367	1139.29	0	0
XM_047429158.1	1190	962.293	0	0
XM_047429159.1	1683	1455.29	0	0
XM_047429160.1	2674	2446.29	4.59826	0.0845916
XM_047429161.1	2539	2311.29	5.63941	0.109805
XM_047429162.1	1894	1666.29	31.2486	0.84396
XM_047429163.1	2747	2519.29	0	0
XM_047429164.1	12719	12491.3	3.81989	0.0137621
XM_047429165.1	4796	4568.29	0	0
XM_047429166.1	4587	4359.29	0	0
XM_047429167.1	4511	4283.29	0	0
XM_047429168.1	3470	3242.29	0	0
XM_047429169.1	3268	3040.29	0	0
XM_047429170.1	3001	2773.29	0	0
XM_047429171.1	6809	6581.29	2.59613e-06	1.77524e-08
XM_047429172.1	6767	6539.29	2.11863e-08	1.45803e-10
XM_047429173.1	6740	6512.29	1.73714e-06	1.20045e-08
XM_047429174.1	6605	6377.29	0	0
XM_047429175.1	4083	3855.29	0	0
XM_047429176.1	1543	1315.29	0	0
XM_047429177.1	6371	6143.29	96.0074	0.703309
XM_047429178.1	1287	1059.29	418.163	17.7653
XM_047429179.1	1922	1694.29	85.9117	2.28195
XM_047429180.1	8655	8427.29	57.2205	0.305567
XM_047429181.1	5883	5655.29	0	0
XM_047429182.1	4532	4304.29	75.0545	0.784724
XM_047429183.1	1838	1610.29	0	0
XM_047429184.1	1757	1529.29	0	0
XM_047429185.1	9173	8945.29	50.7873	0.255507
XM_047429186.1	5799	5571.29	0	0
XM_047429187.1	5796	5568.29	8.4432	0.0682382
XM_047429188.1	8546	8318.29	0	0
XM_047429189.1	9012	8784.29	16.3534	0.0837806
XM_047429190.1	9017	8789.29	16.9194	0.0866309
XM_047429191.1	8567	8339.29	33.3044	0.179728
XM_047429192.1	8376	8148.29	0.00820191	4.52992e-05
XM_047429193.1	4257	4029.29	1.08198e-05	1.20847e-07
XM_047429194.1	4071	3843.29	44.549	0.521647
XM_047429195.1	2116	1888.29	0	0
XM_047429196.1	1754	1526.29	0	0
XM_047429197.1	1631	1403.29	0	0
XM_047429198.1	3159	2931.29	413.379	6.34646
XM_047429199.1	2953	2725.29	277.435	4.58131
XM_047429200.1	7392	7164.29	175.748	1.10397
XM_047429201.1	10795	10567.3	11.5643	0.0492489
XM_047429202.1	7169	6941.29	0	0
XM_047429203.1	7121	6893.29	0	0
XM_047429204.1	7118	6890.29	0	0
XM_047429205.1	7025	6797.29	0	0
XM_047429206.1	7007	6779.29	47.286	0.3139
XM_047429207.1	7007	6779.29	0	0
XM_047429208.1	6989	6761.29	16.2899	0.108426
XM_047429209.1	6977	6749.29	0	0
XM_047429210.1	7086	6858.29	397.568	2.60878
XM_047429211.1	6956	6728.29	0	0
XM_047429212.1	6863	6635.29	0	0
XM_047429213.1	7981	7753.29	0	0
XM_047429214.1	6692	6464.29	0	0
XM_047429215.1	6812	6584.29	0	0
XM_047429216.1	6924	6696.29	0.000559218	3.75828e-06
XM_047429217.1	6646	6418.29	63.7527	0.447014
XM_047429218.1	3223	2995.29	125.332	1.88306
XM_047429219.1	5019	4791.29	82.3755	0.773727
XM_047429220.1	2945	2717.29	15.8828	0.263046
XM_047429221.1	4431	4203.29	0	0
XM_047429222.1	4377	4149.29	202.413	2.19537
XM_047429223.1	2048	1820.29	0	0
XM_047429224.1	1609	1381.29	0	0
XM_047429225.1	1451	1223.29	0	0
XM_047429226.1	1436	1208.29	0	0
XM_047429227.1	3638	3410.29	0	0
XM_047429228.1	1350	1122.29	16.6629	0.668169
XM_047429229.1	1275	1047.29	0	0
XM_047429230.1	5276	5048.29	474.474	4.22971
XM_047429231.1	2042	1814.29	0	0
XM_047429232.1	2044	1816.29	0	0
XM_047429233.1	2058	1830.29	0	0
XM_047429234.1	2705	2477.29	0	0
XM_047429235.1	1374	1146.29	0	0
XM_047429236.1	6490	6262.29	74.0955	0.532477
XM_047429237.1	4590	4362.29	0	0
XM_047429238.1	4446	4218.29	0	0
XM_047429239.1	4197	3969.29	54.7741	0.621018
XM_047429240.1	3888	3660.29	1608.27	19.7736
XM_047429241.1	3882	3654.29	50.6085	0.623251
XM_047429242.1	4437	4209.29	112.268	1.2003
XM_047429243.1	4428	4200.29	0	0
XM_047429244.1	4395	4167.29	2.3274	0.0251339
XM_047429246.1	3738	3510.29	49.7972	0.638416
XM_047429247.1	6303	6075.29	22.6337	0.167661
XM_047429248.1	1900	1672.29	297.006	7.99274
XM_047429249.1	4293	4065.29	380.119	4.20795
XM_047429250.1	4354	4126.29	0	0
XM_047429251.1	3855	3627.29	174.314	2.16268
XM_047429252.1	3753	3525.29	184.968	2.36126
XM_047429253.1	3711	3483.29	1.80136	0.023273
XM_047429254.1	6434	6206.29	13.5029	0.0979125
XM_047429255.1	6458	6230.29	0	0
XM_047429256.1	6184	5956.29	79.2669	0.598905
XM_047429257.1	2468	2240.29	0	0
XM_047429258.1	3488	3260.29	0	0
XM_047429259.1	2423	2195.29	0	0
XM_047429260.1	3355	3127.29	7.4748	0.107566
XM_047429261.1	6433	6205.29	2.36257	0.0171343
XM_047429262.1	3375	3147.29	0	0
XM_047429263.1	3443	3215.29	2.18432	0.0305729
XM_047429264.1	3258	3030.29	0.282348	0.00419316
XM_047429265.1	3577	3349.29	38.6085	0.518766
XM_047429266.1	3216	2988.29	32.1916	0.484798
XM_047429267.1	3679	3451.29	6.79638	0.0886213
XM_047429268.1	3332	3104.29	0.952465	0.0138079
XM_047429269.1	3147	2919.29	0.107705	0.00166035
XM_047429270.1	3175	2947.29	0.119302	0.00182165
XM_047429271.1	6456	6228.29	0	0
XM_047429272.1	3152	2924.29	4.88799	0.0752232
XM_047429273.1	5727	5499.29	227.178	1.8591
XM_047429274.1	8771	8543.29	0	0
XM_047429275.1	8274	8046.29	1.57977	0.00883567
XM_047429276.1	8271	8043.29	2.6341	0.014738
XM_047429277.1	5173	4945.29	11.1917	0.101846
XM_047429278.1	5227	4999.29	984.363	8.86113
XM_047429279.1	9613	9385.29	33.9006	0.162556
XM_047429280.1	9288	9060.29	0.000592055	2.94078e-06
XM_047429282.1	3372	3144.29	0	0
XM_047429283.1	3120	2892.29	18.7508	0.291756
XM_047429284.1	2997	2769.29	0	0
XM_047429285.1	2917	2689.29	9.1078	0.152411
XM_047429286.1	1238	1010.29	0	0
XM_047429287.1	1499	1271.29	35.6216	1.26099
XM_047429288.1	1316	1088.29	0	0
XM_047429289.1	1130	902.293	4.37324	0.218121
XM_047429290.1	1114	886.293	0	0
XM_047429291.1	906	678.293	0	0
XM_047429292.1	3945	3717.29	0	0
XM_047429293.1	3089	2861.29	0	0
XM_047429294.1	3050	2822.29	13.8229	0.220414
XM_047429295.1	2909	2681.29	0	0
XM_047429296.1	2942	2714.29	0	0
XM_047429297.1	7891	7663.29	42.8559	0.251673
XM_047429298.1	7526	7298.29	43.8916	0.270647
XM_047429299.1	3637	3409.29	155.906	2.05798
XM_047429300.1	3480	3252.29	447.059	6.1861
XM_047429301.1	3832	3604.29	0	0
XM_047429302.1	1348	1120.29	0	0
XM_047429303.1	1242	1014.29	0.0626777	0.00278094
XM_047429304.1	1009	781.293	0	0
XM_047429305.1	3077	2849.29	0	0
XM_047429307.1	6307	6079.29	0	0
XM_047429308.1	3038	2810.29	13.2019	0.21141
XM_047429309.1	6625	6397.29	0	0
XM_047429310.1	6619	6391.29	0.476586	0.00335579
XM_047429311.1	6202	5974.29	0	0
XM_047429312.1	5879	5651.29	0	0
XM_047429313.1	5873	5645.29	51.3561	0.4094
XM_047429314.1	5736	5508.29	348.396	2.84642
XM_047429315.1	6169	5941.29	0	0
XM_047429316.1	6514	6286.29	46.1926	0.33069
XM_047429317.1	6163	5935.29	18.2767	0.13858
XM_047429318.1	5786	5558.29	0	0
XM_047429319.1	5723	5495.29	4.96061	0.0406244
XM_047429320.1	5648	5420.29	0	0
XM_047429321.1	5525	5297.29	83.2711	0.707429
XM_047429322.1	2830	2602.29	0	0
XM_047429323.1	2574	2346.29	25.7705	0.49429
XM_047429324.1	2581	2353.29	7.93338	0.151714
XM_047429325.1	3338	3110.29	0	0
XM_047429326.1	2476	2248.29	0	0
XM_047429327.1	5822	5594.29	569.668	4.58267
XM_047429328.1	5747	5519.29	24.0471	0.196075
XM_047429329.1	2848	2620.29	0	0
XM_047429330.1	2645	2417.29	0	0
XM_047429331.1	2789	2561.29	0	0
XM_047429332.1	2645	2417.29	0	0
XM_047429333.1	2514	2286.29	0	0
XM_047429334.1	2685	2457.29	0	0
XM_047429335.1	2596	2368.29	0	0
XM_047429336.1	2056	1828.29	0	0
XM_047429337.1	1999	1771.29	0	0
XM_047429338.1	1841	1613.29	0	0
XM_047429339.1	1784	1556.29	0	0
XM_047429340.1	1940	1712.29	0	0
XM_047429341.1	5306	5078.29	0	0
XM_047429342.1	5162	4934.29	15.6593	0.14282
XM_047429343.1	3249	3021.29	0	0
XM_047429344.1	4908	4680.29	69.1021	0.664447
XM_047429345.1	5058	4830.29	0	0
XM_047429346.1	4880	4652.29	0	0
XM_047429347.1	6203	5975.29	7.29251	0.0549237
XM_047429348.1	4888	4660.29	0	0
XM_047429349.1	8724	8496.29	11.6878	0.0619077
XM_047429350.1	4967	4739.29	22.1452	0.210285
XM_047429351.1	4925	4697.29	0	0
XM_047429352.1	5364	5136.29	15.5836	0.13654
XM_047429353.1	6454	6226.29	43.8753	0.317126
XM_047429354.1	3287	3059.29	2.23722	0.0329101
XM_047429355.1	918	690.293	72.5271	4.72834
XM_047429356.1	5900	5672.29	42.5669	0.337719
XM_047429357.1	4940	4712.29	37.4593	0.357742
XM_047429358.1	4549	4321.29	0	0
XM_047429359.1	2542	2314.29	0	0
XM_047429360.1	648	421.846	0	0
XM_047429361.1	6078	5850.29	0	0
XM_047429362.1	3248	3020.29	0	0
XM_047429363.1	3197	2969.29	0	0
XM_047429364.1	3277	3049.29	1.33841	0.0197529
XM_047429365.1	5280	5052.29	107.55	0.957999
XM_047429366.1	2496	2268.29	12.079	0.239648
XM_047429367.1	4748	4520.29	0	0
XM_047429368.1	2465	2237.29	0	0
XM_047429369.1	3322	3094.29	97.3876	1.4164
XM_047429370.1	3319	3091.29	272.624	3.96887
XM_047429371.1	3307	3079.29	2.15752e-07	3.15316e-09
XM_047429372.1	3229	3001.29	8.45786	0.126822
XM_047429373.1	859	631.427	772.865	55.0836
XM_047429374.1	11837	11609.3	0.0536445	0.000207951
XM_047429375.1	11753	11525.3	2.98185	0.0116433
XM_047429376.1	11573	11345.3	0.13788	0.000546923
XM_047429377.1	10793	10565.3	28.9642	0.123374
XM_047429378.1	10790	10562.3	0.0227468	9.69178e-05
XM_047429379.1	10709	10481.3	2.10375	0.00903277
XM_047429380.1	10517	10289.3	161.642	0.706985
XM_047429381.1	10517	10289.3	0.148652	0.000650169
XM_047429382.1	10514	10286.3	8.47919	0.0370969
XM_047429383.1	10514	10286.3	16.4676	0.0720465
XM_047429384.1	10511	10283.3	0.848897	0.00371505
XM_047429385.1	10433	10205.3	173.181	0.763691
XM_047429386.1	10430	10202.3	11.2999	0.0498449
XM_047429387.1	10427	10199.3	1.0982	0.00484568
XM_047429388.1	10337	10109.3	289.747	1.28985
XM_047429389.1	10334	10106.3	28.8406	0.128426
XM_047429390.1	10331	10103.3	0.0998314	0.000444679
XM_047429391.1	10250	10022.3	73.8122	0.331439
XM_047429392.1	10247	10019.3	0.0389272	0.000174847
XM_047429393.1	10142	9914.29	1.97778	0.00897755
XM_047429394.1	10058	9830.29	5.07441	0.0232306
XM_047429395.1	10055	9827.29	217.131	0.99433
XM_047429396.1	10055	9827.29	0.00222829	1.02042e-05
XM_047429397.1	10055	9827.29	0.442546	0.00202659
XM_047429398.1	9971	9743.29	173.24	0.800174
XM_047429399.1	9968	9740.29	62.3482	0.288067
XM_047429400.1	9863	9635.29	14.6872	0.0685988
XM_047429401.1	9860	9632.29	8.18014	0.0382185
XM_047429402.1	9857	9629.29	0.692999	0.00323877
XM_047429403.1	8119	7891.29	651.056	3.7129
XM_047429404.1	3264	3036.29	0	0
XM_047429405.1	3327	3099.29	0	0
XM_047429406.1	3261	3033.29	30.096	0.446516
XM_047429407.1	3488	3260.29	0	0
XM_047429408.1	3425	3197.29	0	0
XM_047429409.1	3119	2891.29	0	0
XM_047429410.1	3249	3021.29	0	0
XM_047429411.1	2728	2500.29	0	0
XM_047429412.1	2960	2732.29	0	0
XM_047429413.1	1311	1083.29	86.5425	3.59522
XM_047429414.1	1461	1233.29	0	0
XM_047429415.1	1398	1170.29	0	0
XM_047429416.1	3840	3612.29	0	0
XM_047429417.1	5734	5506.29	0	0
XM_047429418.1	2797	2569.29	0	0
XM_047429419.1	2698	2470.29	0	0
XM_047429420.1	1916	1688.29	0	0
XM_047429421.1	4134	3906.29	0	0
XM_047429422.1	3753	3525.29	0	0
XM_047429423.1	4254	4026.29	0	0
XM_047429424.1	5540	5312.29	0	0
XM_047429425.1	4774	4546.29	37.4803	0.371012
XM_047429426.1	4711	4483.29	2.63406e-05	2.64406e-07
XM_047429427.1	3789	3561.29	0	0
XM_047429428.1	4606	4378.29	9.19732e-05	9.45363e-07
XM_047429429.1	3687	3459.29	0	0
XM_047429430.1	3520	3292.29	17.9592	0.245488
XM_047429431.1	4994	4766.29	0.0740728	0.000699391
XM_047429432.1	4857	4629.29	0	0
XM_047429433.1	3514	3286.29	0	0
XM_047429434.1	3584	3356.29	49.7851	0.667547
XM_047429435.1	3511	3283.29	0	0
XM_047429436.1	4815	4587.29	0.000295101	2.89506e-06
XM_047429437.1	3451	3223.29	0	0
XM_047429438.1	3836	3608.29	0	0
XM_047429439.1	3833	3605.29	0	0
XM_047429440.1	4713	4485.29	4.56475e-05	4.58003e-07
XM_047429441.1	4650	4422.29	4.18281e-05	4.2566e-07
XM_047429442.1	3728	3500.29	0	0
XM_047429443.1	4401	4173.29	493.586	5.32263
XM_047429444.1	3590	3362.29	99.6091	1.33323
XM_047429446.1	1403	1175.29	16.857	0.64547
XM_047429447.1	4715	4487.29	14.0604	0.141012
XM_047429448.1	4649	4421.29	169.512	1.72541
XM_047429449.1	2059	1831.29	183.877	4.51869
XM_047429450.1	3037	2809.29	40.274	0.645164
XM_047429451.1	7602	7374.29	0	0
XM_047429452.1	7129	6901.29	0	0
XM_047429453.1	7126	6898.29	0	0
XM_047429454.1	7024	6796.29	0	0
XM_047429455.1	7021	6793.29	0	0
XM_047429456.1	7465	7237.29	0	0
XM_047429457.1	7917	7689.29	0	0
XM_047429458.1	7519	7291.29	0	0
XM_047429459.1	7485	7257.29	0	0
XM_047429460.1	7561	7333.29	0	0
XM_047429461.1	7835	7607.29	0	0
XM_047429462.1	18924	18696.3	0.237919	0.000572684
XM_047429463.1	7008	6780.29	0	0
XM_047429464.1	6926	6698.29	2.20533	0.0148167
XM_047429465.1	6923	6695.29	4.07574	0.0273955
XM_047429466.1	1778	1550.29	0.0896791	0.00260327
XM_047429467.1	2379	2151.29	0	0
XM_047429468.1	1996	1768.29	1.06483	0.0271
XM_047429469.1	3500	3272.29	8.69248e-06	1.19546e-07
XM_047429470.1	1593	1365.29	17.0195	0.561001
XM_047429471.1	1558	1330.29	17.1063	0.578696
XM_047429472.1	1572	1344.29	57.0764	1.91075
XM_047429473.1	3997	3769.29	124.143	1.4822
XM_047429474.1	4133	3905.29	649.24	7.48158
XM_047429475.1	4031	3803.29	410.082	4.85236
XM_047429476.1	2671	2443.29	107.122	1.97307
XM_047429477.1	2761	2533.29	391.367	6.95251
XM_047429478.1	1156	928.293	0	0
XM_047429479.1	49557	49329.3	0	0
XM_047429480.1	49491	49263.3	0	0
XM_047429481.1	6679	6451.29	0	0
XM_047429482.1	48556	48328.3	26.2121	0.0244086
XM_047429483.1	37605	37377.3	0	0
XM_047429484.1	49548	49320.3	0	0
XM_047429485.1	936	708.293	290.984	18.4884
XM_047429486.1	3668	3440.29	0	0
XM_047429487.1	3082	2854.29	107.519	1.69524
XM_047429488.1	2823	2595.29	0	0
XM_047429489.1	2526	2298.29	58.3245	1.14206
XM_047429491.1	3445	3217.29	22.9756	0.32138
XM_047429492.1	3384	3156.29	0	0
XM_047429493.1	3236	3008.29	0	0
XM_047429494.1	3937	3709.29	0	0
XM_047429495.1	3755	3527.29	1.10577e-05	1.4108e-07
XM_047429496.1	1637	1409.29	81.8826	2.61476
XM_047429497.1	1517	1289.29	112.971	3.94326
XM_047429498.1	4508	4280.29	99.502	1.04617
XM_047429499.1	1333	1105.29	0	0
XM_047429500.1	4815	4587.29	16.5491	0.162353
XM_047429501.1	8984	8756.29	0	0
XM_047429502.1	18135	17907.3	0	0
XM_047429503.1	17773	17545.3	4.58346	0.0117564
XM_047429504.1	6958	6730.29	1.39355e-08	9.31818e-11
XM_047429505.1	8456	8228.29	2.47201	0.0135202
XM_047429506.1	7127	6899.29	0	0
XM_047429507.1	7136	6908.29	0	0
XM_047429508.1	7480	7252.29	0	0
XM_047429509.1	7342	7114.29	33.2692	0.210452
XM_047429510.1	7302	7074.29	0	0
XM_047429511.1	8278	8050.29	138.463	0.77404
XM_047429512.1	2083	1855.29	0	0
XM_047429513.1	14111	13883.3	0	0
XM_047429514.1	13892	13664.3	0	0
XM_047429515.1	13814	13586.3	0	0
XM_047429516.1	13814	13586.3	0	0
XM_047429517.1	13781	13553.3	0	0
XM_047429518.1	13781	13553.3	0	0
XM_047429519.1	13694	13466.3	0	0
XM_047429520.1	14885	14657.3	19.729	0.060575
XM_047429521.1	5137	4909.29	0	0
XM_047429522.1	2569	2341.29	337.616	6.48948
XM_047429523.1	4027	3799.29	0.195006	0.00230986
XM_047429524.1	5154	4926.29	0	0
XM_047429525.1	3758	3530.29	100.477	1.28085
XM_047429526.1	2541	2313.29	0	0
XM_047429527.1	2574	2346.29	49.8787	0.956699
XM_047429528.1	2070	1842.29	174.788	4.26967
XM_047429529.1	1324	1096.29	56.8687	2.33447
XM_047429530.1	825	597.427	360.734	27.1734
XM_047429531.1	1681	1453.29	419.2	12.9811
XM_047429532.1	1398	1170.29	0	0
XM_047429533.1	1506	1278.29	0	0
XM_047429535.1	3109	2881.29	7.83514	0.122378
XM_047429536.1	2018	1790.29	37.83	0.950943
XM_047429537.1	1688	1460.29	147.336	4.54058
XM_047429538.1	1952	1724.29	0	0
XM_047429539.1	2055	1827.29	0	0
XM_047429540.1	1462	1234.29	0	0
XM_047429541.1	1447	1219.29	20.6544	0.762337
XM_047429542.1	1664	1436.29	0	0
XM_047429543.1	1321	1093.29	0	0
XM_047429544.1	1873	1645.29	12.2537	0.335172
XM_047429545.1	3996	3768.29	35.0127	0.418141
XM_047429546.1	3937	3709.29	2.84004	0.0344568
XM_047429547.1	1074	846.293	10.7749	0.572973
XM_047429548.1	1052	824.293	2.57885	0.140795
XM_047429549.1	8130	7902.29	6.34535	0.0361364
XM_047429550.1	3035	2807.29	114.544	1.83622
XM_047429551.1	3002	2774.29	0	0
XM_047429552.1	2670	2442.29	12.8799	0.237332
XM_047429553.1	1980	1752.29	27.2609	0.700125
XM_047429554.1	1197	969.293	26.3863	1.22508
XM_047429555.1	4550	4322.29	65.1871	0.678718
XM_047429556.1	4511	4283.29	26.147	0.274717
XM_047429557.1	5448	5220.29	96.9634	0.835902
XM_047429558.1	8078	7850.29	0	0
XM_047429559.1	7913	7685.29	0	0
XM_047429560.1	7879	7651.29	0	0
XM_047429561.1	7917	7689.29	175.499	1.02714
XM_047429562.1	7765	7537.29	0	0
XM_047429563.1	7659	7431.29	134.845	0.816608
XM_047429564.1	2374	2146.29	17.2964	0.362669
XM_047429565.1	3897	3669.29	12.956	0.158902
XM_047429566.1	2852	2624.29	0	0
XM_047429567.1	17792	17564.3	0.00696461	1.78447e-05
XM_047429568.1	6785	6557.29	46.892	0.321822
XM_047429569.1	6281	6053.29	0	0
XM_047429570.1	6912	6684.29	0	0
XM_047429571.1	5157	4929.29	0	0
XM_047429572.1	2648	2420.29	18.4336	0.342755
XM_047429573.1	2094	1866.29	0	0
XM_047429574.1	2678	2450.29	7.24522e-08	1.33069e-09
XM_047429575.1	5339	5111.29	11.9891	0.105559
XM_047429576.1	5462	5234.29	0.224827	0.00193301
XM_047429577.1	5540	5312.29	0.027736	0.000234965
XM_047429578.1	5123	4895.29	0	0
XM_047429579.1	4979	4751.29	0	0
XM_047429580.1	5201	4973.29	0.0361105	0.000326762
XM_047429581.1	5417	5189.29	0.000125833	1.09126e-06
XM_047429582.1	5102	4874.29	0	0
XM_047429583.1	5017	4789.29	0	0
XM_047429584.1	4894	4666.29	2.92885e-05	2.82467e-07
XM_047429585.1	4892	4664.29	2.33486e-07	2.25278e-09
XM_047429586.1	5078	4850.29	0	0
XM_047429587.1	5159	4931.29	0	0
XM_047429588.1	7881	7653.29	1.5756e-07	9.26487e-10
XM_047429589.1	7652	7424.29	0.531303	0.00322055
XM_047429590.1	7737	7509.29	0	0
XM_047429591.1	7959	7731.29	40.8079	0.237539
XM_047429592.1	8298	8070.29	26.2657	0.146468
XM_047429593.1	7775	7547.29	0.000109591	6.53468e-07
XM_047429594.1	8175	7947.29	0.808067	0.00457583
XM_047429595.1	7853	7625.29	0	0
XM_047429596.1	7860	7632.29	0	0
XM_047429597.1	10376	10148.3	17.7764	0.0788302
XM_047429598.1	7836	7608.29	0	0
XM_047429599.1	6018	5790.29	4.47789e-07	3.48029e-09
XM_047429600.1	6141	5913.29	1.66559e-08	1.2676e-10
XM_047429601.1	6219	5991.29	0	0
XM_047429602.1	5802	5574.29	0	0
XM_047429603.1	5880	5652.29	0	0
XM_047429604.1	5658	5430.29	0	0
XM_047429605.1	5696	5468.29	0	0
XM_047429606.1	5573	5345.29	0	0
XM_047429607.1	5571	5343.29	0	0
XM_047429608.1	6075	5847.29	0.380426	0.00292791
XM_047429609.1	5736	5508.29	0	0
XM_047429610.1	6153	5925.29	0.0583083	0.000442856
XM_047429611.1	5814	5586.29	0.0752302	0.000606053
XM_047429612.1	6030	5802.29	0.000475163	3.68541e-06
XM_047429613.1	5592	5364.29	0	0
XM_047429614.1	5507	5279.29	0.00014646	1.24849e-06
XM_047429615.1	5505	5277.29	2.05295e-06	1.75069e-08
XM_047429616.1	5691	5463.29	0	0
XM_047429617.1	5404	5176.29	50.1451	0.435966
XM_047429618.1	4870	4642.29	1.1071e-05	1.07324e-07
XM_047429619.1	4835	4607.29	0	0
XM_047429620.1	4838	4610.29	0	0
XM_047429621.1	4725	4497.29	2.13258e-05	2.13401e-07
XM_047429622.1	3453	3225.29	8.15129	0.113736
XM_047429623.1	3050	2822.29	10.3021	0.164273
XM_047429624.1	1360	1132.29	0	0
XM_047429625.1	13505	13277.3	1.93225e-07	6.54931e-10
XM_047429626.1	1720	1492.29	17.58	0.530159
XM_047429627.1	1528	1300.29	128.451	4.44569
XM_047429628.1	967	739.293	0.947645	0.0576861
XM_047429629.1	5597	5369.29	8.0733e-06	6.76669e-08
XM_047429630.1	5667	5439.29	0	0
XM_047429631.1	5462	5234.29	50.2696	0.432205
XM_047429632.1	1651	1423.29	3.00776e-07	9.51022e-09
XM_047429633.1	621	395.338	19.8954	2.26478
XM_047429634.1	9018	8790.29	0	0
XM_047429635.1	1340	1112.29	0	0
XM_047429636.1	6143	5915.29	0.117235	0.000891915
XM_047429637.1	974	746.293	127.521	7.68982
XM_047429638.1	4440	4212.29	309.86	3.31047
XM_047429639.1	2770	2542.29	6.85227	0.121297
XM_047429640.1	2705	2477.29	0	0
XM_047429641.1	3124	2896.29	0	0
XM_047429642.1	3895	3667.29	0	0
XM_047429643.1	4062	3834.29	0	0
XM_047429644.1	5105	4877.29	0	0
XM_047429645.1	4020	3792.29	0	0
XM_047429646.1	1812	1584.29	0	0
XM_047429647.1	1699	1471.29	0	0
XM_047429648.1	5397	5169.29	14.5429	0.126608
XM_047429649.1	2157	1929.29	40.8865	0.953728
XM_047429650.1	3385	3157.29	0	0
XM_047429651.1	5225	4997.29	0	0
XM_047429652.1	5222	4994.29	0	0
XM_047429653.1	5183	4955.29	0	0
XM_047429654.1	9758	9530.29	0.533255	0.00251809
XM_047429655.1	4859	4631.29	2.93637	0.0285332
XM_047429656.1	3584	3356.29	0	0
XM_047429657.1	3509	3281.29	1.81846	0.0249403
XM_047429658.1	1944	1716.29	10.297	0.269999
XM_047429659.1	1687	1459.29	3.98926	0.123025
XM_047429660.1	1370	1142.29	6.10197	0.2404
XM_047429661.1	1888	1660.29	1.53409	0.0415822
XM_047429662.1	2854	2626.29	86.8966	1.48902
XM_047429663.1	2412	2184.29	0	0
XM_047429664.1	2410	2182.29	17.7172	0.365363
XM_047429665.1	5992	5764.29	8.11241	0.0633354
XM_047429666.1	1210	982.293	0	0
XM_047429667.1	2959	2731.29	27.889	0.459522
XM_047429668.1	1021	793.293	21.8261	1.23818
XM_047429669.1	2110	1882.29	0	0
XM_047429670.1	1969	1741.29	0	0
XM_047429671.1	1721	1493.29	1.30058	0.0391953
XM_047429672.1	2013	1785.29	0	0
XM_047429673.1	1905	1677.29	27.6994	0.743197
XM_047429674.1	1412	1184.29	0	0
XM_047429675.1	1881	1653.29	2	0.0544405
XM_047429676.1	3225	2997.29	0	0
XM_047429677.1	3287	3059.29	0	0
XM_047429678.1	3604	3376.29	0	0
XM_047429679.1	3618	3390.29	0	0
XM_047429680.1	2378	2150.29	0	0
XM_047429681.1	4318	4090.29	0.000120264	1.3232e-06
XM_047429682.1	5336	5108.29	0	0
XM_047429683.1	4316	4088.29	1.9308e-05	2.12538e-07
XM_047429684.1	4307	4079.29	4.8334e-05	5.33224e-07
XM_047429685.1	5402	5174.29	0	0
XM_047429686.1	5224	4996.29	0	0
XM_047429687.1	5393	5165.29	0	0
XM_047429688.1	4137	3909.29	4.40915e-05	5.07574e-07
XM_047429689.1	5215	4987.29	0	0
XM_047429690.1	4128	3900.29	0.000113793	1.31299e-06
XM_047429691.1	5310	5082.29	0	0
XM_047429692.1	5137	4909.29	15.1197	0.138601
XM_047429693.1	5470	5242.29	48.5589	0.41686
XM_047429694.1	5382	5154.29	0	0
XM_047429695.1	5203	4975.29	0	0
XM_047429696.1	4014	3786.29	2.31586e-06	2.75258e-08
XM_047429697.1	5606	5378.29	27.0834	0.226621
XM_047429698.1	5232	5004.29	0	0
XM_047429699.1	5054	4826.29	0	0
XM_047429700.1	5715	5487.29	32.97	0.270398
XM_047429701.1	5315	5087.29	0	0
XM_047429702.1	5126	4898.29	7.52424	0.069129
XM_047429703.1	5201	4973.29	14.225	0.128721
XM_047429704.1	4947	4719.29	22.7625	0.217063
XM_047429705.1	5023	4795.29	1.04462	0.00980363
XM_047429706.1	4114	3886.29	2.26189e-05	2.61926e-07
XM_047429707.1	4105	3877.29	5.98304e-05	6.94441e-07
XM_047429708.1	5118	4890.29	0	0
XM_047429709.1	5190	4962.29	7.22794	0.0655503
XM_047429710.1	5011	4783.29	21.1859	0.199325
XM_047429711.1	4833	4605.29	1.45364	0.014205
XM_047429712.1	5032	4804.29	0	0
XM_047429713.1	5107	4879.29	44.2728	0.408341
XM_047429714.1	4924	4696.29	15.0762	0.144471
XM_047429715.1	4988	4760.29	14.2262	0.134492
XM_047429716.1	3771	3543.29	9.39773	0.11936
XM_047429717.1	3750	3522.29	0	0
XM_047429718.1	4816	4588.29	0	0
XM_047429719.1	5274	5046.29	0	0
XM_047429720.1	4738	4510.29	0	0
XM_047429721.1	3512	3284.29	19.2443	0.263695
XM_047429722.1	3576	3348.29	15.3381	0.206153
XM_047429723.1	3398	3170.29	0.3556	0.00504783
XM_047429724.1	10545	10317.3	14.0286	0.0611916
XM_047429725.1	10757	10529.3	0	0
XM_047429726.1	9892	9664.29	13.7584	0.0640677
XM_047429727.1	9837	9609.29	0	0
XM_047429728.1	4843	4615.29	0	0
XM_047429729.1	4847	4619.29	4.16674	0.0405942
XM_047429730.1	4792	4564.29	0	0
XM_047429731.1	4613	4385.29	8.10095	0.0831341
XM_047429732.1	4142	3914.29	0.083503	0.000960044
XM_047429733.1	4824	4596.29	3.29369	0.032249
XM_047429734.1	3563	3335.29	0	0
XM_047429735.1	3567	3339.29	14.0698	0.189616
XM_047429736.1	2672	2444.29	0	0
XM_047429737.1	2391	2163.29	0	0
XM_047429738.1	2237	2009.29	13.0779	0.292912
XM_047429739.1	2250	2022.29	6.81258	0.151604
XM_047429740.1	2163	1935.29	97.1774	2.25975
XM_047429741.1	1894	1666.29	4.40799	0.119051
XM_047429742.1	1794	1566.29	0	0
XM_047429743.1	1794	1566.29	31.1383	0.894674
XM_047429744.1	1793	1565.29	0	0
XM_047429745.1	2703	2475.29	0	0
XM_047429746.1	1777	1549.29	0	0
XM_047429747.1	1313	1085.29	0	0
XM_047429748.1	6401	6173.29	0	0
XM_047429749.1	5086	4858.29	0	0
XM_047429750.1	6013	5785.29	0	0
XM_047429751.1	6004	5776.29	0	0
XM_047429752.1	6004	5776.29	0	0
XM_047429753.1	6040	5812.29	23.9068	0.185105
XM_047429754.1	6007	5779.29	87.1715	0.678801
XM_047429755.1	5998	5770.29	64.2683	0.501235
XM_047429756.1	5944	5716.29	0.0277476	0.00021845
XM_047429757.1	5920	5692.29	450.863	3.56451
XM_047429758.1	5998	5770.29	1.13453	0.00884833
XM_047429759.1	5911	5683.29	2.49321	0.0197424
XM_047429760.1	5974	5746.29	37.8765	0.296636
XM_047429761.1	5968	5740.29	0.138104	0.00108271
XM_047429762.1	5887	5659.29	607.601	4.83168
XM_047429763.1	5878	5650.29	1.28775	0.0102566
XM_047429764.1	5944	5716.29	32.1609	0.253196
XM_047429765.1	5935	5707.29	0.0697849	0.000550267
XM_047429766.1	2213	1985.29	158.767	3.59896
XM_047429767.1	2225	1997.29	0.0352292	0.000793786
XM_047429768.1	2222	1994.29	340.214	7.67724
XM_047429769.1	556	332.141	13.5024	1.8295
XM_047429770.1	3994	3766.29	0	0
XM_047429771.1	4071	3843.29	0	0
XM_047429772.1	4062	3834.29	0	0
XM_047429773.1	3976	3748.29	0	0
XM_047429774.1	3967	3739.29	0	0
XM_047429775.1	5591	5363.29	0	0
XM_047429776.1	3964	3736.29	0	0
XM_047429777.1	3955	3727.29	0	0
XM_047429778.1	5573	5345.29	0	0
XM_047429779.1	2103	1875.29	5.1833	0.124388
XM_047429780.1	4017	3789.29	0	0
XM_047429781.1	5561	5333.29	0	0
XM_047429782.1	3931	3703.29	0	0
XM_047429783.1	3922	3694.29	0	0
XM_047429784.1	3913	3685.29	0	0
XM_047429785.1	3910	3682.29	0	0
XM_047429786.1	5528	5300.29	0	0
XM_047429787.1	3901	3673.29	0	0
XM_047429788.1	3892	3664.29	0	0
XM_047429789.1	3892	3664.29	0	0
XM_047429790.1	3883	3655.29	0	0
XM_047429791.1	5548	5320.29	0	0
XM_047429792.1	6178	5950.29	0	0
XM_047429793.1	3751	3523.29	0	0
XM_047429794.1	3618	3390.29	1.6432	0.0218119
XM_047429795.1	3990	3762.29	0	0
XM_047429796.1	3897	3669.29	0	0
XM_047429797.1	2218	1990.29	0.00100211	2.2659e-05
XM_047429798.1	780	552.487	0	0
XM_047429799.1	1367	1139.29	0.46046	0.0181886
XM_047429800.1	4279	4051.29	0	0
XM_047429801.1	4295	4067.29	0.0661756	0.000732209
XM_047429802.1	491	271.527	0	0
XM_047429803.1	2987	2759.29	0	0
XM_047429804.1	569	344.595	18.2876	2.38831
XM_047429805.1	723	495.802	0	0
XM_047429806.1	3911	3683.29	48.9687	0.598308
XM_047429807.1	2014	1786.29	24.9793	0.629318
XM_047429808.1	3740	3512.29	169.635	2.17354
XM_047429809.1	3408	3180.29	0	0
XM_047429810.1	4097	3869.29	13.1338	0.152757
XM_047429811.1	3677	3449.29	89.9833	1.17402
XM_047429812.1	10129	9901.29	0	0
XM_047429813.1	10084	9856.29	47.8071	0.218284
XM_047429814.1	10063	9835.29	0	0
XM_047429815.1	10042	9814.29	46.6144	0.213749
XM_047429816.1	10021	9793.29	0	0
XM_047429817.1	9726	9498.29	1450.18	6.87097
XM_047429818.1	9702	9474.29	28.2952	0.134403
XM_047429819.1	9615	9387.29	670.409	3.21397
XM_047429820.1	9643	9415.29	0	0
XM_047429821.1	1819	1591.29	0	0
XM_047429822.1	9574	9346.29	0	0
XM_047429823.1	9324	9096.29	220.085	1.08885
XM_047429824.1	9553	9325.29	19.6535	0.0948461
XM_047429825.1	9532	9304.29	0	0
XM_047429826.1	9126	8898.29	322.602	1.63156
XM_047429827.1	1892	1664.29	0	0
XM_047429828.1	1597	1369.29	0	0
XM_047429836.1	6826	6598.29	714.608	4.87392
XM_047429843.1	3894	3666.29	0	0
XM_047429844.1	6664	6436.29	64.9254	0.453964
XM_047429845.1	6319	6091.29	74.2991	0.548929
XM_047429846.1	6031	5803.29	49.3	0.382309
XM_047429847.1	6043	5815.29	7.13811	0.0552401
XM_047429848.1	5925	5697.29	4.48484	0.0354259
XM_047429849.1	6028	5800.29	46.663	0.362047
XM_047429850.1	5922	5694.29	4.24047	0.0335132
XM_047429851.1	7573	7345.29	0.76125	0.00466402
XM_047429852.1	7585	7357.29	0.140306	0.000858226
XM_047429853.1	3300	3072.29	66.9414	0.980561
XM_047429854.1	2414	2186.29	103.068	2.12158
XM_047429856.1	4628	4400.29	6.16249	0.0630256
XM_047429857.1	6557	6329.29	6.18178	0.0439542
XM_047429858.1	4731	4503.29	0.661982	0.00661543
XM_047429859.1	3329	3101.29	157.077	2.27936
XM_047429860.1	3162	2934.29	0	0
XM_047429861.1	6029	5801.29	3.96178	0.0307332
XM_047429862.1	3936	3708.29	0	0
XM_047429863.1	3179	2951.29	867.111	13.2222
XM_047429864.1	3176	2948.29	0	0
XM_047429865.1	2585	2357.29	0	0
XM_047429866.1	2575	2347.29	0	0
XM_047429867.1	2142	1914.29	0	0
XM_047429868.1	2359	2131.29	0	0
XM_047429869.1	2248	2020.29	0	0
XM_047429870.1	2436	2208.29	0	0
XM_047429871.1	1963	1735.29	15.6915	0.406944
XM_047429872.1	2330	2102.29	0	0
XM_047429873.1	3548	3320.29	0	0
XM_047429874.1	2219	1991.29	0	0
XM_047429875.1	2162	1934.29	0	0
XM_047429876.1	2108	1880.29	0	0
XM_047429877.1	1927	1699.29	17.4074	0.461006
XM_047429878.1	4620	4392.29	894.286	9.16279
XM_047429879.1	7620	7392.29	0	0
XM_047429880.1	7286	7058.29	21.9474	0.139935
XM_047429881.1	6212	5984.29	82.1131	0.617507
XM_047429882.1	4735	4507.29	0	0
XM_047429883.1	4401	4173.29	120.573	1.30021
XM_047429884.1	9528	9300.29	200.929	0.972273
XM_047429885.1	14607	14379.3	9.72025	0.0304216
XM_047429886.1	2780	2552.29	0	0
XM_047429887.1	2504	2276.29	0	0
XM_047429888.1	2664	2436.29	0	0
XM_047429889.1	2533	2305.29	0	0
XM_047429890.1	3470	3242.29	4.02721	0.0558977
XM_047429891.1	2670	2442.29	0.946217	0.0174355
XM_047429892.1	3644	3416.29	0	0
XM_047429893.1	3243	3015.29	0	0
XM_047429894.1	1348	1120.29	4.81505	0.193424
XM_047429895.1	4524	4296.29	0	0
XM_047429896.1	11791	11563.3	19.3171	0.0751799
XM_047429897.1	3606	3378.29	1.15934	0.0154439
XM_047429898.1	2914	2686.29	0	0
XM_047429899.1	2842	2614.29	0	0
XM_047429900.1	1597	1369.29	0	0
XM_047429901.1	4244	4016.29	290.966	3.26031
XM_047429902.1	10922	10694.3	7.88112	0.0331648
XM_047429904.1	3391	3163.29	20.5948	0.292995
XM_047429905.1	5176	4948.29	0	0
XM_047429906.1	3359	3131.29	284.463	4.08831
XM_047429907.1	5595	5367.29	447.337	3.75078
XM_047429908.1	2179	1951.29	2	0.0461264
XM_047429909.1	1102	874.293	36.3941	1.87334
XM_047429911.1	3741	3513.29	48.416	0.620178
XM_047429913.1	4218	3990.29	1	0.0112781
XM_047429914.1	2813	2585.29	0	0
XM_047429915.1	3648	3420.29	206.966	2.72319
XM_047429916.1	3304	3076.29	112.752	1.64945
XM_047429917.1	6775	6547.29	4.58795	0.0315355
XM_047429918.1	4555	4327.29	0	0
XM_047429919.1	4394	4166.29	49.4278	0.533905
XM_047429920.1	3981	3753.29	0	0
XM_047429921.1	3856	3628.29	0	0
XM_047429922.1	5550	5322.29	9.03809	0.0764223
XM_047429923.1	5505	5277.29	8.18767	0.0698219
XM_047429924.1	5570	5342.29	5.4842e-05	4.61985e-07
XM_047429925.1	5355	5127.29	9.8244	0.0862303
XM_047429926.1	5578	5350.29	24.9614	0.209958
XM_047429927.1	3013	2785.29	0.223293	0.00360783
XM_047429928.1	2908	2680.29	0	0
XM_047429929.1	4251	4023.29	0	0
XM_047429930.1	4321	4093.29	0	0
XM_047429931.1	4889	4661.29	0	0
XM_047429932.1	4747	4519.29	6.18023	0.0615427
XM_047429933.1	4675	4447.29	4.58177	0.0463638
XM_047429934.1	4624	4396.29	11.415	0.116851
XM_047429935.1	4534	4306.29	19.8736	0.207689
XM_047429936.1	4076	3848.29	52.2895	0.611489
XM_047429943.1	2894	2666.29	0	0
XM_047429944.1	1312	1084.29	0	0
XM_047429945.1	1612	1384.29	0	0
XM_047429946.1	891	663.427	165.928	11.2556
XM_047429947.1	1099	871.293	6	0.309905
XM_047429948.1	1311	1083.29	0	0
XM_047429949.1	1417	1189.29	0	0
XM_047429950.1	2040	1812.29	0	0
XM_047429951.1	5936	5708.29	32.6883	0.257708
XM_047429952.1	2720	2492.29	2.01154	0.0363221
XM_047429953.1	5342	5114.29	18.8239	0.16564
XM_047429954.1	536	313.414	1	0.14359
XM_047429955.1	2233	2005.29	0	0
XM_047429956.1	2262	2034.29	0	0
XM_047429957.1	1060	832.293	0	0
XM_047429958.1	1071	843.293	0	0
XM_047429959.1	1515	1287.29	0	0
XM_047429960.1	4384	4156.29	0	0
XM_047429961.1	3484	3256.29	100.03	1.38244
XM_047429962.1	12048	11820.3	0	0
XM_047429963.1	11899	11671.3	0	0
XM_047429964.1	11156	10928.3	0	0
XM_047429965.1	11035	10807.3	0	0
XM_047429966.1	11122	10894.3	0	0
XM_047429967.1	2750	2522.29	0	0
XM_047429968.1	2195	1967.29	31	0.709145
XM_047429969.1	1837	1609.29	0	0
XM_047429970.1	9437	9209.29	48.3519	0.236281
XM_047429971.1	9290	9062.29	12.3392	0.0612762
XM_047429972.1	9278	9050.29	14.257	0.0708939
XM_047429973.1	9291	9063.29	14.8423	0.0736985
XM_047429974.1	8929	8701.29	0.00102328	5.29241e-06
XM_047429975.1	8611	8383.29	0	0
XM_047429976.1	525	303.13	2.00342	0.29743
XM_047429977.1	7561	7333.29	0	0
XM_047429978.1	2412	2184.29	0	0
XM_047429979.1	16997	16769.3	0	0
XM_047429980.1	6561	6333.29	0	0
XM_047429981.1	26461	26233.3	50.7963	0.0871408
XM_047429982.1	26389	26161.3	0	0
XM_047429983.1	25642	25414.3	9.2845	0.0164408
XM_047429984.1	26573	26345.3	309.296	0.528341
XM_047429985.1	29437	29209.3	471.797	0.726903
XM_047429986.1	833	605.427	3.49018	0.259435
XM_047429987.1	9040	8812.29	79.4084	0.405527
XM_047429988.1	10792	10564.3	4.93107	0.021006
XM_047429989.1	8974	8746.29	0	0
XM_047429990.1	16465	16237.3	68.4143	0.189616
XM_047429991.1	14052	13824.3	6.00192	0.0195384
XM_047429992.1	8846	8618.29	19.4198	0.101407
XM_047429993.1	8912	8684.29	52.6437	0.272806
XM_047429994.1	5284	5056.29	120.799	1.07516
XM_047429995.1	6707	6479.29	237.786	1.65158
XM_047429996.1	5345	5117.29	26.5108	0.233145
XM_047429997.1	4974	4746.29	19.3423	0.183398
XM_047429998.1	6232	6004.29	50.7679	0.380513
XM_047429999.1	12756	12528.3	0	0
XM_047430000.1	12747	12519.3	0	0
XM_047430002.1	5620	5392.29	0.234857	0.00196008
XM_047430003.1	4525	4297.29	0.125355	0.00131277
XM_047430004.1	5715	5487.29	8.25531e-05	6.77045e-07
XM_047430005.1	5584	5356.29	0.539633	0.00453394
XM_047430006.1	5679	5451.29	0.947363	0.00782095
XM_047430007.1	5566	5338.29	0.00208597	1.75852e-05
XM_047430008.1	4584	4356.29	0.655174	0.00676834
XM_047430009.1	5661	5433.29	0.813927	0.00674163
XM_047430010.1	5530	5302.29	12.6165	0.107083
XM_047430011.1	5625	5397.29	18.0151	0.150211
XM_047430019.1	2545	2317.29	0	0
XM_047430020.1	2569	2341.29	0	0
XM_047430021.1	2329	2101.29	0	0
XM_047430022.1	2353	2125.29	0	0
XM_047430023.1	775	547.487	3	0.246598
XM_047430024.1	732	504.753	0	0
XM_047430025.1	1139	911.293	0	0
XM_047430026.1	1841	1613.29	0	0
XM_047430027.1	6578	6350.29	294.29	2.08557
XM_047430028.1	4956	4728.29	0.153108	0.00145725
XM_047430029.1	5611	5383.29	0	0
XM_047430030.1	5462	5234.29	0	0
XM_047430031.1	4789	4561.29	12.9976	0.128238
XM_047430032.1	4569	4341.29	0	0
XM_047430033.1	3115	2887.29	31.2748	0.487468
XM_047430034.1	5751	5523.29	768.974	6.2655
XM_047430035.1	5962	5734.29	0	0
XM_047430036.1	2451	2223.29	0.0131855	0.000266897
XM_047430037.1	2455	2227.29	0.030276	0.000611736
XM_047430038.1	3945	3717.29	0	0
XM_047430039.1	4002	3774.29	56.3085	0.671399
XM_047430040.1	3604	3376.29	8.74943	0.116622
XM_047430041.1	2675	2447.29	4.90058	0.0901164
XM_047430042.1	10560	10332.3	16.8109	0.0732214
XM_047430043.1	1841	1613.29	839.405	23.4153
XM_047430044.1	1645	1417.29	146.928	4.66539
XM_047430045.1	2489	2261.29	0	0
XM_047430046.1	2343	2115.29	0	0
XM_047430047.1	2402	2174.29	41.6339	0.861731
XM_047430048.1	2256	2028.29	5.52108e-08	1.225e-09
XM_047430049.1	4287	4059.29	0	0
XM_047430050.1	1733	1505.29	59.9602	1.7926
XM_047430051.1	3457	3229.29	23.0137	0.320716
XM_047430052.1	3356	3128.29	79.2554	1.14015
XM_047430054.1	2636	2408.29	2.93656	0.0548747
XM_047430055.1	945	717.293	1.3517	0.0848059
XM_047430056.1	1940	1712.29	0	0
XM_047430057.1	1866	1638.29	0	0
XM_047430058.1	4760	4532.29	0.579678	0.00575587
XM_047430059.1	4830	4602.29	3.32625e-07	3.25254e-09
XM_047430060.1	5203	4975.29	0	0
XM_047430061.1	1255	1027.29	10.8758	0.476439
XM_047430062.1	4868	4640.29	51.8414	0.502775
XM_047430063.1	4821	4593.29	34.0526	0.333632
XM_047430064.1	5194	4966.29	0	0
XM_047430065.1	14162	13934.3	22.6318	0.073093
XM_047430066.1	14194	13966.3	0	0
XM_047430067.1	3941	3713.29	0	0
XM_047430068.1	3533	3305.29	36.5119	0.497126
XM_047430069.1	2111	1883.29	0	0
XM_047430070.1	1338	1110.29	0	0
XM_047430071.1	1818	1590.29	0	0
XM_047430072.1	9816	9588.29	438.698	2.05905
XM_047430073.1	10042	9814.29	0.206817	0.000948354
XM_047430074.1	9781	9553.29	507.035	2.38851
XM_047430075.1	9992	9764.29	420.385	1.93753
XM_047430076.1	9765	9537.29	10.7812	0.0508728
XM_047430077.1	9991	9763.29	183.646	0.846502
XM_047430078.1	9696	9468.29	146.164	0.694722
XM_047430079.1	9681	9453.29	42.7192	0.203368
XM_047430080.1	9646	9418.29	98.8084	0.472132
XM_047430081.1	2366	2138.29	0	0
XM_047430082.1	11159	10931.3	85.0306	0.350063
XM_047430083.1	11098	10870.3	0	0
XM_047430084.1	10856	10628.3	0	0
XM_047430085.1	2285	2057.29	0	0
XM_047430086.1	13234	13006.3	88.3825	0.305812
XM_047430087.1	2309	2081.29	0	0
XM_047430088.1	10750	10522.3	0	0
XM_047430089.1	1227	999.293	351.621	15.8352
XM_047430090.1	2264	2036.29	0	0
XM_047430091.1	790	562.487	0.000234286	1.87446e-05
XM_047430092.1	2243	2015.29	0	0
XM_047430093.1	2267	2039.29	0	0
XM_047430094.1	1656	1428.29	0	0
XM_047430096.1	2183	1955.29	11.0868	0.255173
XM_047430098.1	1182	954.293	0	0
XM_047430099.1	1708	1480.29	7.42293	0.225668
XM_047430100.1	1405	1177.29	5.84077	0.223269
XM_047430101.1	4026	3798.29	0	0
XM_047430102.1	4412	4184.29	0	0
XM_047430103.1	4000	3772.29	0	0
XM_047430104.1	4208	3980.29	63.6809	0.720006
XM_047430105.1	3729	3501.29	10.4748	0.134635
XM_047430106.1	3574	3346.29	0	0
XM_047430107.1	3162	2934.29	0	0
XM_047430108.1	2984	2756.29	2.96433e-06	4.83998e-08
XM_047430109.1	2891	2663.29	8.88142	0.150074
XM_047430110.1	4061	3833.29	2.5126	0.029498
XM_047430111.1	1135	907.293	0.000277177	1.37484e-05
XM_047430112.1	5025	4797.29	19.3017	0.181068
XM_047430113.1	5975	5747.29	4.79524	0.0375482
XM_047430114.1	1607	1379.29	15.6349	0.510128
XM_047430115.1	1881	1653.29	1	0.0272203
XM_047430116.1	2188	1960.29	23.0398	0.528933
XM_047430117.1	1709	1481.29	0	0
XM_047430118.1	4343	4115.29	0	0
XM_047430119.1	3858	3630.29	0	0
XM_047430120.1	3741	3513.29	0	0
XM_047430121.1	3795	3567.29	0	0
XM_047430122.1	3934	3706.29	21.4875	0.260909
XM_047430123.1	3869	3641.29	13.1132	0.162068
XM_047430124.1	3817	3589.29	2.01743e-08	2.52948e-10
XM_047430125.1	3049	2821.29	0	0
XM_047430126.1	1429	1201.29	0	0
XM_047430127.1	1343	1115.29	2.50823	0.101209
XM_047430128.1	1037	809.293	7.11041	0.395395
XM_047430129.1	1488	1260.29	0	0
XM_047430130.1	1410	1182.29	0	0
XM_047430131.1	1482	1254.29	0	0
XM_047430132.1	1569	1341.29	0	0
XM_047430133.1	1404	1176.29	2.58914	0.0990563
XM_047430134.1	1281	1053.29	8.54481	0.365086
XM_047430135.1	1482	1254.29	0	0
XM_047430136.1	1069	841.293	0.795921	0.042576
XM_047430137.1	2233	2005.29	0	0
XM_047430138.1	1583	1355.29	11.8336	0.39294
XM_047430139.1	1787	1559.29	0	0
XM_047430140.1	1555	1327.29	0	0
XM_047430141.1	1515	1287.29	6.16625	0.215569
XM_047430142.1	1960	1732.29	0	0
XM_047430143.1	1184	956.293	14.1636	0.66654
XM_047430144.1	1305	1077.29	14.0864	0.588448
XM_047430145.1	5107	4879.29	3.30292	0.0304638
XM_047430146.1	1920	1692.29	10.1018	0.268636
XM_047430147.1	16628	16400.3	12.6974	0.0348422
XM_047430148.1	4815	4587.29	3.2331	0.0317179
XM_047430149.1	5272	5044.29	0	0
XM_047430150.1	5102	4874.29	13.4697	0.124362
XM_047430151.1	4738	4510.29	0.13655	0.00136248
XM_047430152.1	1205	977.293	0	0
XM_047430153.1	1688	1460.29	1.31083	0.0403969
XM_047430154.1	4226	3998.29	0	0
XM_047430155.1	4572	4344.29	178.184	1.84583
XM_047430156.1	4212	3984.29	18.4834	0.208773
XM_047430157.1	4085	3857.29	75.207	0.87744
XM_047430158.1	3937	3709.29	9.98452e-06	1.21137e-07
XM_047430159.1	1914	1686.29	13.2781	0.35436
XM_047430160.1	11935	11707.3	3.36272e-06	1.29264e-08
XM_047430161.1	4403	4175.29	7.72933e-07	8.331e-09
XM_047430162.1	11914	11686.3	0	0
XM_047430163.1	11711	11483.3	85.4855	0.335018
XM_047430164.1	1105	877.293	20.8498	1.06954
XM_047430165.1	4353	4125.29	0	0
XM_047430166.1	7614	7386.29	3.90113e-08	2.37687e-10
XM_047430167.1	3600	3372.29	0	0
XM_047430168.1	7554	7326.29	3.0052e-08	1.846e-10
XM_047430169.1	4215	3987.29	8.83606	0.0997293
XM_047430170.1	3522	3294.29	89.1161	1.21741
XM_047430171.1	4200	3972.29	1.59372	0.0180557
XM_047430172.1	8169	7941.29	52.1204	0.295365
XM_047430173.1	3477	3249.29	120.983	1.67563
XM_047430174.1	4155	3927.29	2.12845	0.02439
XM_047430175.1	7476	7248.29	18.936	0.117569
XM_047430176.1	8154	7926.29	2.98754	0.0169624
XM_047430177.1	3462	3234.29	75.4077	1.04925
XM_047430178.1	7431	7203.29	202.192	1.26321
XM_047430179.1	8109	7881.29	26.3622	0.150531
XM_047430180.1	7416	7188.29	17.3355	0.108531
XM_047430181.1	2091	1863.29	119.462	2.8853
XM_047430182.1	7043	6815.29	0	0
XM_047430183.1	6990	6762.29	0	0
XM_047430184.1	5660	5432.29	0	0
XM_047430185.1	5020	4792.29	3.00231	0.0281938
XM_047430186.1	7473	7245.29	28.7733	0.178721
XM_047430203.1	732	504.753	39.1394	3.48962
XM_047430204.1	13703	13475.3	7.40923	0.0247444
XM_047430205.1	8102	7874.29	23.3133	0.13324
XM_047430206.1	7785	7557.29	200.076	1.19144
XM_047430207.1	7724	7496.29	183.488	1.10155
XM_047430208.1	7782	7554.29	122.37	0.728995
XM_047430209.1	4894	4666.29	102.296	0.986575
XM_047430210.1	5135	4907.29	0	0
XM_047430211.1	5027	4799.29	20.6127	0.193285
XM_047430212.1	5197	4969.29	11.2978	0.102315
XM_047430213.1	4957	4729.29	77.4883	0.737364
XM_047430214.1	1939	1711.29	7.49633	0.197136
XM_047430215.1	7240	7012.29	14.9931	0.0962218
XM_047430216.1	3447	3219.29	0	0
XM_047430217.1	6667	6439.29	18.1276	0.126691
XM_047430218.1	15516	15288.3	18.5646	0.0546474
XM_047430219.1	2721	2493.29	0	0
XM_047430220.1	6527	6299.29	0	0
XM_047430221.1	6452	6224.29	0	0
XM_047430222.1	6517	6289.29	0	0
XM_047430223.1	6502	6274.29	0	0
XM_047430224.1	7173	6945.29	0	0
XM_047430225.1	10702	10474.3	0	0
XM_047430226.1	3453	3225.29	0.0125138	0.000174607
XM_047430227.1	7549	7321.29	0	0
XM_047430228.1	7426	7198.29	0	0
XM_047430229.1	7363	7135.29	0	0
XM_047430230.1	7524	7296.29	8.5626	0.0528136
XM_047430231.1	8243	8015.29	0	0
XM_047430232.1	7731	7503.29	0	0
XM_047430233.1	886	658.427	32.0411	2.18999
XM_047430234.1	7891	7663.29	97.2563	0.571143
XM_047430235.1	7822	7594.29	63.1441	0.374186
XM_047430236.1	7631	7403.29	1.83748e-08	1.11697e-10
XM_047430237.1	7607	7379.29	1.18466e-07	7.22473e-10
XM_047430238.1	7562	7334.29	2.26996e-08	1.39285e-10
XM_047430239.1	7726	7498.29	0	0
XM_047430240.1	7615	7387.29	8.57899e-07	5.22629e-09
XM_047430241.1	3732	3504.29	141.949	1.82294
XM_047430242.1	1216	988.293	0	0
XM_047430243.1	5398	5170.29	15.5679	0.135505
XM_047430244.1	5320	5092.29	111.568	0.985984
XM_047430245.1	5317	5089.29	57.5596	0.508982
XM_047430246.1	5294	5066.29	0	0
XM_047430247.1	5384	5156.29	0	0
XM_047430248.1	4943	4715.29	23.7877	0.227032
XM_047430249.1	5425	5197.29	162.46	1.40673
XM_047430250.1	5289	5061.29	17.6837	0.157236
XM_047430251.1	4885	4657.29	0	0
XM_047430252.1	4697	4469.29	139.625	1.40594
XM_047430253.1	4567	4339.29	46.131	0.478428
XM_047430254.1	15134	14906.3	10.743	0.0324339
XM_047430255.1	15107	14879.3	786.62	2.37917
XM_047430256.1	15856	15628.3	0	0
XM_047430257.1	15515	15287.3	0.264032	0.000777265
XM_047430258.1	15736	15508.3	0	0
XM_047430259.1	14960	14732.3	53.8755	0.164575
XM_047430260.1	15063	14835.3	5.27566	0.0160038
XM_047430261.1	15488	15260.3	18.0648	0.0532737
XM_047430262.1	15709	15481.3	0	0
XM_047430263.1	15036	14808.3	397.803	1.20894
XM_047430264.1	6249	6021.29	0	0
XM_047430265.1	5644	5416.29	0	0
XM_047430266.1	5669	5441.29	1.08668e-08	8.98755e-11
XM_047430267.1	6558	6330.29	18.5256	0.131702
XM_047430268.1	3581	3353.29	22.5126	0.302131
XM_047430269.1	11173	10945.3	0.0134904	5.54676e-05
XM_047430270.1	2310	2082.29	0	0
XM_047430271.1	11322	11094.3	0	0
XM_047430272.1	4499	4271.29	27.5276	0.290036
XM_047430273.1	2304	2076.29	0	0
XM_047430274.1	2342	2114.29	0	0
XM_047430275.1	2025	1797.29	0	0
XM_047430276.1	9827	9599.29	0	0
XM_047430277.1	5524	5296.29	231.216	1.96466
XM_047430278.1	4068	3840.29	0	0
XM_047430279.1	4056	3828.29	0	0
XM_047430280.1	4068	3840.29	0	0
XM_047430281.1	9205	8977.29	3	0.015039
XM_047430282.1	984	756.293	1.22179	0.0727025
XM_047430283.1	1067	839.293	13.8931	0.744952
XM_047430284.1	1704	1476.29	7888.6	240.475
XM_047430285.1	6193	5965.29	97.8213	0.737979
XM_047430286.1	2253	2025.29	0	0
XM_047430287.1	6177	5949.29	0	0
XM_047430288.1	6174	5946.29	0	0
XM_047430289.1	6464	6236.29	0	0
XM_047430290.1	6108	5880.29	0	0
XM_047430291.1	6084	5856.29	0	0
XM_047430292.1	5903	5675.29	0	0
XM_047430293.1	5845	5617.29	0	0
XM_047430294.1	5710	5482.29	0	0
XM_047430295.1	5611	5383.29	16.6695	0.139353
XM_047430296.1	6122	5894.29	0	0
XM_047430297.1	6056	5828.29	0	0
XM_047430298.1	6179	5951.29	0	0
XM_047430299.1	6166	5938.29	1172.98	8.88937
XM_047430300.1	5790	5562.29	27922.5	225.914
XM_047430301.1	830	602.427	1	0.0747029
XM_047430302.1	2543	2315.29	62.0941	1.20694
XM_047430303.1	3698	3470.29	0	0
XM_047430304.1	3418	3190.29	0	0
XM_047430305.1	1267	1039.29	0	0
XM_047430306.1	2952	2724.29	19.4276	0.320928
XM_047430307.1	7039	6811.29	0	0
XM_047430308.1	7024	6796.29	0	0
XM_047430309.1	7000	6772.29	0	0
XM_047430310.1	6982	6754.29	0	0
XM_047430311.1	6958	6730.29	0	0
XM_047430312.1	6901	6673.29	0	0
XM_047430313.1	2942	2714.29	19.2308	0.318847
XM_047430314.1	7076	6848.29	0	0
XM_047430315.1	7050	6822.29	0	0
XM_047430316.1	6796	6568.29	0	0
XM_047430317.1	6645	6417.29	0	0
XM_047430318.1	6872	6644.29	0	0
XM_047430319.1	6846	6618.29	0	0
XM_047430320.1	6595	6367.29	0	0
XM_047430321.1	6514	6286.29	0	0
XM_047430322.1	6472	6244.29	13.6019	0.0980296
XM_047430323.1	7236	7008.29	7.54962	0.0484792
XM_047430324.1	6363	6135.29	0	0
XM_047430325.1	6590	6362.29	0	0
XM_047430326.1	7063	6835.29	0	0
XM_047430327.1	7185	6957.29	0	0
XM_047430328.1	6986	6758.29	17.6595	0.117593
XM_047430329.1	7032	6804.29	0	0
XM_047430330.1	5845	5617.29	0	0
XM_047430331.1	5794	5566.29	735.407	5.94571
XM_047430332.1	1604	1376.29	20.8386	0.681397
XM_047430333.1	5724	5496.29	0	0
XM_047430334.1	5776	5548.29	206.866	1.67792
XM_047430335.1	5694	5466.29	0	0
XM_047430336.1	5764	5536.29	111.514	0.906467
XM_047430337.1	5643	5415.29	202.161	1.68003
XM_047430338.1	5695	5467.29	1013.44	8.34192
XM_047430339.1	5870	5642.29	0	0
XM_047430340.1	5613	5385.29	30.1946	0.252326
XM_047430341.1	5844	5616.29	0	0
XM_047430342.1	5828	5600.29	0	0
XM_047430343.1	5556	5328.29	0	0
XM_047430344.1	5814	5586.29	0	0
XM_047430345.1	5802	5574.29	0	0
XM_047430346.1	5789	5561.29	0	0
XM_047430347.1	5763	5535.29	0	0
XM_047430348.1	5747	5519.29	0.410298	0.00334548
XM_047430349.1	5717	5489.29	0.0612743	0.000502347
XM_047430350.1	5721	5493.29	2112.24	17.3043
XM_047430351.1	5690	5462.29	0	0
XM_047430352.1	5899	5671.29	128.508	1.01974
XM_047430353.1	5876	5648.29	17.9235	0.142807
XM_047430354.1	9256	9028.29	41.3439	0.206086
XM_047430355.1	11512	11284.3	1.0223	0.00407703
XM_047430356.1	9159	8931.29	55.9816	0.282081
XM_047430357.1	5461	5233.29	1294.91	11.1355
XM_047430358.1	8815	8587.29	15.1294	0.0792881
XM_047430359.1	7810	7582.29	4.97285	0.0295153
XM_047430360.1	5924	5696.29	21.8514	0.172635
XM_047430361.1	9145	8917.29	16.3193	0.082359
XM_047430362.1	9048	8820.29	22.0977	0.112748
XM_047430363.1	8214	7986.29	2.22987e-06	1.25654e-08
XM_047430364.1	7701	7473.29	0.628781	0.00378643
XM_047430365.1	5300	5072.29	19.1773	0.170147
XM_047430366.1	5189	4961.29	0	0
XM_047430367.1	5092	4864.29	0	0
XM_047430368.1	3243	3015.29	0.335543	0.00500796
XM_047430369.1	2308	2080.29	0	0
XM_047430370.1	3680	3452.29	11.8357	0.154287
XM_047430371.1	2352	2124.29	0	0
XM_047430372.1	2068	1840.29	0	0
XM_047430373.1	3383	3155.29	0.433216	0.00617884
XM_047430374.1	2039	1811.29	0	0
XM_047430375.1	2018	1790.29	0.941527	0.0236674
XM_047430376.1	2889	2661.29	0	0
XM_047430377.1	1204	976.293	0	0
XM_047430378.1	2618	2390.29	0	0
XM_047430379.1	2167	1939.29	0	0
XM_047430380.1	2164	1936.29	0	0
XM_047430381.1	2872	2644.29	113.93	1.93896
XM_047430382.1	2226	1998.29	0	0
XM_047430383.1	10142	9914.29	0	0
XM_047430384.1	2253	2025.29	0	0
XM_047430394.1	3734	3506.29	13.5238	0.173578
XM_047430395.1	2756	2528.29	89.5962	1.59479
XM_047430396.1	2826	2598.29	543.16	9.40766
XM_047430397.1	2045	1817.29	330.334	8.18032
XM_047430398.1	6246	6018.29	24.8494	0.185817
XM_047430399.1	3742	3514.29	0	0
XM_047430400.1	2885	2657.29	0	0
XM_047430401.1	2764	2536.29	43.3888	0.769875
XM_047430402.1	3630	3402.29	0	0
XM_047430403.1	3550	3322.29	0	0
XM_047430404.1	3517	3289.29	0	0
XM_047430405.1	5398	5170.29	101.541	0.883828
XM_047430406.1	4705	4477.29	38.6018	0.388002
XM_047430407.1	3437	3209.29	0	0
XM_047430408.1	3325	3097.29	0	0
XM_047430409.1	2671	2443.29	0	0
XM_047430410.1	2679	2451.29	0	0
XM_047430411.1	5007	4779.29	115.962	1.09193
XM_047430412.1	2605	2377.29	8.99838	0.170343
XM_047430413.1	2575	2347.29	18.2551	0.349992
XM_047430414.1	2363	2135.29	0	0
XM_047430415.1	3034	2806.29	69.8851	1.12071
XM_047430416.1	3292	3064.29	0	0
XM_047430417.1	34191	33963.3	0.0529034	7.00997e-05
XM_047430418.1	35277	35049.3	0	0
XM_047430419.1	35240	35012.3	0	0
XM_047430420.1	34110	33882.3	9.64905e-05	1.28161e-07
XM_047430421.1	24419	24191.3	0	0
XM_047430422.1	33971	33743.3	0.204666	0.000272961
XM_047430423.1	3275	3047.29	13.7951	0.20373
XM_047430424.1	3340	3112.29	3.09406	0.0447395
XM_047430425.1	3377	3149.29	1.72062	0.0245874
XM_047430426.1	3447	3219.29	3.92462	0.054863
XM_047430427.1	3351	3123.29	0	0
XM_047430428.1	33014	32786.3	0	0
XM_047430429.1	32946	32718.3	76.6825	0.105475
XM_047430430.1	1759	1531.29	9.60998	0.282427
XM_047430431.1	4378	4150.29	11.5438	0.125173
XM_047430432.1	8010	7782.29	219.072	1.26684
XM_047430433.1	1617	1389.29	16.701	0.540992
XM_047430434.1	1207	979.293	0	0
XM_047430435.1	3233	3005.29	0	0
XM_047430436.1	8443	8215.29	279.404	1.53057
XM_047430437.1	1772	1544.29	0	0
XM_047430438.1	843	615.427	51.7729	3.78589
XM_047430439.1	4412	4184.29	0	0
XM_047430440.1	4528	4300.29	0	0
XM_047430441.1	4261	4033.29	36.0081	0.401775
XM_047430442.1	4122	3894.29	0	0
XM_047430443.1	3855	3627.29	3.06444	0.0380198
XM_047430444.1	3239	3011.29	0.0756255	0.00113021
XM_047430445.1	3091	2863.29	5.71905e-05	8.98876e-07
XM_047430446.1	731	503.753	0	0
XM_047430447.1	3088	2860.29	0.000116091	1.82655e-06
XM_047430448.1	3167	2939.29	0.00232283	3.55645e-05
XM_047430449.1	3135	2907.29	0.130633	0.00202212
XM_047430450.1	3023	2795.29	5.5101	0.0887103
XM_047430451.1	3020	2792.29	11.0341	0.177835
XM_047430452.1	3020	2792.29	0.000874438	1.40932e-05
XM_047430453.1	2987	2759.29	8.77801e-06	1.43166e-07
XM_047430454.1	2984	2756.29	1.82304e-05	2.97656e-07
XM_047430455.1	728	500.753	0	0
XM_047430456.1	3005	2777.29	26.296	0.426098
XM_047430457.1	3002	2774.29	0.0212699	0.000345028
XM_047430458.1	2969	2741.29	8.01134	0.13152
XM_047430459.1	2966	2738.29	0.0216596	0.000355969
XM_047430460.1	2854	2626.29	0.9511	0.0162977
XM_047430461.1	647	420.888	0	0
XM_047430462.1	2898	2670.29	0.0370466	0.000624355
XM_047430463.1	2862	2634.29	0.003949	6.7463e-05
XM_047430464.1	2750	2522.29	0.186516	0.00332785
XM_047430465.1	2139	1911.29	76.8779	1.81016
XM_047430466.1	2136	1908.29	415.959	9.80951
XM_047430467.1	2103	1875.29	0.904988	0.0217178
XM_047430468.1	2100	1872.29	2.50977	0.0603258
XM_047430469.1	1540	1312.29	13.645	0.467934
XM_047430470.1	1501	1273.29	0.0638082	0.00225523
XM_047430471.1	4718	4490.29	145.35	1.45674
XM_047430472.1	4649	4421.29	15.1452	0.154159
XM_047430473.1	4603	4375.29	48.9375	0.503358
XM_047430474.1	4429	4201.29	0	0
XM_047430475.1	3796	3568.29	152.135	1.91871
XM_047430476.1	4412	4184.29	0	0
XM_047430477.1	1704	1476.29	0	0
XM_047430478.1	2311	2083.29	0	0
XM_047430479.1	1876	1648.29	0	0
XM_047430480.1	1442	1214.29	7.96218	0.295087
XM_047430481.1	3733	3505.29	23.824	0.305868
XM_047430483.1	5586	5358.29	0	0
XM_047430484.1	4154	3926.29	302.833	3.47107
XM_047430485.1	3203	2975.29	9.96123	0.15067
XM_047430486.1	5741	5513.29	0	0
XM_047430487.1	3025	2797.29	62.2531	1.00153
XM_047430488.1	4978	4750.29	0	0
XM_047430489.1	73829	73601.3	15.9108	0.00972858
XM_047430490.1	56944	56716.3	0	0
XM_047430491.1	1476	1248.29	1.56834	0.0565413
XM_047430492.1	1427	1199.29	6.78727	0.25469
XM_047430493.1	3412	3184.29	0	0
XM_047430494.1	2210	1982.29	0	0
XM_047430495.1	2984	2756.29	0	0
XM_047430496.1	2996	2768.29	0	0
XM_047430497.1	1597	1369.29	4.15249	0.136476
XM_047430498.1	1326	1098.29	0	0
XM_047430499.1	1338	1110.29	0	0
XM_047430500.1	901	673.361	0	0
XM_047430501.1	5303	5075.29	3.13321	0.0277825
XM_047430502.1	5294	5066.29	2.68206	0.0238243
XM_047430503.1	5288	5060.29	28.8059	0.256182
XM_047430504.1	5279	5051.29	25.0648	0.223308
XM_047430505.1	1770	1542.29	0	0
XM_047430506.1	5273	5045.29	4.50422	0.0401769
XM_047430507.1	5249	5021.29	71.5319	0.641101
XM_047430508.1	4044	3816.29	32.6783	0.385354
XM_047430509.1	5231	5003.29	16.5249	0.148636
XM_047430510.1	6618	6390.29	5.5864	0.0393417
XM_047430511.1	6612	6384.29	36.5769	0.257832
XM_047430512.1	5222	4994.29	7.91435	0.0713154
XM_047430513.1	5216	4988.29	150.097	1.35414
XM_047430514.1	6603	6375.29	32.7149	0.230934
XM_047430515.1	5207	4979.29	73.5623	0.66486
XM_047430516.1	6594	6366.29	2.30682	0.0163068
XM_047430517.1	5201	4973.29	23.773	0.215121
XM_047430518.1	5192	4964.29	11.4144	0.103476
XM_047430519.1	6582	6354.29	83.8578	0.593907
XM_047430520.1	1019	791.293	0	0
XM_047430521.1	6570	6342.29	21.0621	0.149451
XM_047430522.1	6579	6351.29	23.5832	0.167102
XM_047430523.1	6555	6327.29	23.7457	0.168892
XM_047430524.1	6552	6324.29	6.52761	0.0464499
XM_047430525.1	6546	6318.29	13.2596	0.0944437
XM_047430526.1	6543	6315.29	3.60425	0.025684
XM_047430527.1	6540	6312.29	136.513	0.973263
XM_047430528.1	6531	6303.29	77.3546	0.552282
XM_047430529.1	6537	6309.29	38.3638	0.273642
XM_047430530.1	6525	6297.29	31.7786	0.227103
XM_047430531.1	6522	6294.29	8.73913	0.0624832
XM_047430532.1	6516	6288.29	17.7749	0.127209
XM_047430533.1	6510	6282.29	312.594	2.23926
XM_047430534.1	6507	6279.29	88.4184	0.633686
XM_047430535.1	6501	6273.29	178.144	1.27796
XM_047430536.1	6498	6270.29	49.8626	0.357874
XM_047430537.1	9950	9722.29	0	0
XM_047430538.1	11624	11396.3	32.2303	0.127275
XM_047430539.1	9502	9274.29	2.69174e-07	1.30616e-09
XM_047430540.1	10132	9904.29	0	0
XM_047430541.1	1829	1601.29	85.9806	2.41642
XM_047430542.1	1441	1213.29	0	0
XM_047430543.1	2178	1950.29	0	0
XM_047430544.1	1529	1301.29	0	0
XM_047430545.1	1742	1514.29	0	0
XM_047430546.1	1206	978.293	178.142	8.19484
XM_047430547.1	1144	916.293	0	0
XM_047430548.1	2176	1948.29	53.3959	1.23338
XM_047430549.1	1107	879.293	0	0
XM_047430550.1	7615	7387.29	2372.73	14.4546
XM_047430551.1	7137	6909.29	113.802	0.741238
XM_047430552.1	8040	7812.29	22.2069	0.127924
XM_047430553.1	2923	2695.29	0.804279	0.013429
XM_047430554.1	2837	2609.29	241.333	4.16233
XM_047430555.1	3167	2939.29	0	0
XM_047430556.1	5660	5432.29	0	0
XM_047430557.1	2893	2665.29	2.55876e-05	4.32043e-07
XM_047430558.1	2829	2601.29	62.6814	1.0844
XM_047430559.1	2953	2725.29	5.30526	0.0876064
XM_047430560.1	2726	2498.29	12.6387	0.227668
XM_047430561.1	2825	2597.29	37.2897	0.646115
XM_047430562.1	3178	2950.29	781.775	11.925
XM_047430563.1	2755	2527.29	131.907	2.34885
XM_047430564.1	2663	2435.29	2.77279e-05	5.12398e-07
XM_047430565.1	5664	5436.29	6.15631	0.0509636
XM_047430566.1	2815	2587.29	93.659	1.62909
XM_047430567.1	2743	2515.29	30.278	0.541727
XM_047430568.1	2627	2399.29	4.75053	0.0891047
XM_047430569.1	2803	2575.29	22.5972	0.394884
XM_047430570.1	2627	2399.29	1505.22	28.2331
XM_047430571.1	2436	2208.29	0.000104918	2.13813e-06
XM_047430572.1	2676	2448.29	4.01332	0.0737705
XM_047430573.1	2552	2324.29	61.497	1.19071
XM_047430574.1	2448	2220.29	18.5831	0.376661
XM_047430575.1	2560	2332.29	256.591	4.95109
XM_047430576.1	2238	2010.29	0.00185712	4.15741e-05
XM_047430577.1	2159	1931.29	1.51332e-05	3.52635e-07
XM_047430578.1	3647	3419.29	2.80738e-05	3.69493e-07
XM_047430579.1	3643	3415.29	81.3101	1.07142
XM_047430580.1	3606	3378.29	814.916	10.8557
XM_047430581.1	2103	1875.29	0	0
XM_047430582.1	957	729.293	12.7951	0.789554
XM_047430583.1	2534	2306.29	37.2328	0.726529
XM_047430584.1	9541	9313.29	9.33105e-06	4.50889e-08
XM_047430585.1	9430	9202.29	128.533	0.62858
XM_047430586.1	7488	7260.29	18.2159	0.112911
XM_047430587.1	7609	7381.29	0	0
XM_047430588.1	7412	7184.29	0.000346806	2.17242e-06
XM_047430589.1	7378	7150.29	0.0840671	0.000529108
XM_047430590.1	7652	7424.29	23.9406	0.145118
XM_047430591.1	7359	7131.29	3.22772	0.020369
XM_047430592.1	7160	6932.29	0	0
XM_047430593.1	7230	7002.29	29.3406	0.188569
XM_047430594.1	7348	7120.29	0	0
XM_047430595.1	7079	6851.29	163.446	1.0736
XM_047430596.1	7200	6972.29	0	0
XM_047430597.1	7142	6914.29	0.00165947	1.0801e-05
XM_047430598.1	7117	6889.29	0.0831906	0.000543428
XM_047430599.1	3896	3668.29	65.6158	0.804983
XM_047430600.1	3917	3689.29	164.043	2.00105
XM_047430601.1	3656	3428.29	280.409	3.68092
XM_047430602.1	1615	1387.29	0	0
XM_047430603.1	1620	1392.29	17.5225	0.566378
XM_047430604.1	1274	1046.29	26.3091	1.13161
XM_047430605.1	1751	1523.29	142.169	4.20014
XM_047430606.1	1561	1333.29	23.4824	0.792609
XM_047430607.1	1560	1332.29	84.6626	2.85979
XM_047430608.1	1256	1028.29	55.367	2.42313
XM_047430609.1	1330	1102.29	21.5826	0.881148
XM_047430610.1	4008	3780.29	36.2896	0.432015
XM_047430611.1	1553	1325.29	9.14481	0.310531
XM_047430612.1	2355	2127.29	0	0
XM_047430613.1	1750	1522.29	28.5731	0.844699
XM_047430614.1	1278	1050.29	35.7536	1.53197
XM_047430615.1	1352	1124.29	41.6077	1.66547
XM_047430616.1	1185	957.293	44.91	2.11125
XM_047430617.1	9082	8854.29	21.9864	0.111749
XM_047430618.1	995	767.293	5.84	0.342526
XM_047430619.1	1557	1329.29	0	0
XM_047430620.1	1554	1326.29	0	0
XM_047430621.1	1280	1052.29	0	0
XM_047430622.1	1548	1320.29	0	0
XM_047430623.1	1545	1317.29	0	0
XM_047430624.1	1271	1043.29	0	0
XM_047430625.1	1488	1260.29	0.686788	0.0245241
XM_047430626.1	1474	1246.29	0	0
XM_047430627.1	1462	1234.29	0	0
XM_047430628.1	1188	960.293	0	0
XM_047430629.1	2617	2389.29	0	0
XM_047430630.1	1405	1177.29	1.6619	0.0635278
XM_047430631.1	1128	900.293	5.49103	0.274481
XM_047430632.1	2539	2311.29	33.1546	0.645552
XM_047430633.1	1005	777.293	0	0
XM_047430634.1	2517	2289.29	0	0
XM_047430635.1	1457	1229.29	0	0
XM_047430636.1	936	708.293	0.872614	0.0554436
XM_047430637.1	2448	2220.29	17.4415	0.353522
XM_047430638.1	2456	2228.29	51.0884	1.03179
XM_047430639.1	1388	1160.29	0.946737	0.0367201
XM_047430640.1	922	694.293	0	0
XM_047430641.1	853	625.427	2.95796	0.212842
XM_047430642.1	2365	2137.29	26.8286	0.564905
XM_047430643.1	924	696.293	4.32148	0.279307
XM_047430644.1	2463	2235.29	0	0
XM_047430645.1	1305	1077.29	2.486	0.103851
XM_047430646.1	1147	919.293	0	0
XM_047430647.1	1144	916.293	0	0
XM_047430650.1	2397	2169.29	27.0897	0.56199
XM_047430651.1	4125	3897.29	175.412	2.02553
XM_047430652.1	5029	4801.29	0	0
XM_047430653.1	1845	1617.29	0	0
XM_047430654.1	1562	1334.29	37.4838	1.26426
XM_047430655.1	3309	3081.29	0.000746373	1.0901e-05
XM_047430656.1	3022	2794.29	0.198388	0.0031951
XM_047430657.1	2906	2678.29	0	0
XM_047430658.1	2803	2575.29	29.8458	0.521554
XM_047430659.1	2876	2648.29	0	0
XM_047430660.1	2992	2764.29	0	0
XM_047430661.1	2968	2740.29	0	0
XM_047430662.1	2852	2624.29	0	0
XM_047430663.1	2763	2535.29	0	0
XM_047430664.1	2689	2461.29	7.66971	0.140236
XM_047430665.1	2758	2530.29	0	0
XM_047430666.1	2749	2521.29	0	0
XM_047430667.1	2926	2698.29	0	0
XM_047430668.1	2804	2576.29	0	0
XM_047430669.1	2847	2619.29	0.000190722	3.27687e-06
XM_047430670.1	2890	2662.29	1.71587	0.0290048
XM_047430671.1	2881	2653.29	0	0
XM_047430672.1	2682	2454.29	1.87138	0.0343145
XM_047430673.1	2661	2433.29	18.8985	0.349523
XM_047430674.1	2652	2424.29	0	0
XM_047430675.1	2604	2376.29	2.0878	0.0395396
XM_047430676.1	2555	2327.29	39.1364	0.756784
XM_047430677.1	2636	2408.29	37.4982	0.700718
XM_047430678.1	1635	1407.29	8.01004	0.256149
XM_047430679.1	1861	1633.29	0	0
XM_047430680.1	2875	2647.29	4.00035	0.0680047
XM_047430681.1	18384	18156.3	0.000373449	9.25649e-07
XM_047430682.1	2805	2577.29	0	0
XM_047430683.1	17965	17737.3	12.8329	0.0325597
XM_047430684.1	3079	2851.29	0	0
XM_047430685.1	3050	2822.29	8.57889	0.136795
XM_047430686.1	2428	2200.29	23.2229	0.474983
XM_047430687.1	17083	16855.3	0	0
XM_047430688.1	1507	1279.29	0	0
XM_047430689.1	3051	2823.29	3.79336	0.0604659
XM_047430690.1	2936	2708.29	0	0
XM_047430691.1	6969	6741.29	0	0
XM_047430692.1	2933	2705.29	8.02445	0.133488
XM_047430693.1	4190	3962.29	0	0
XM_047430694.1	3928	3700.29	4.42078	0.0537657
XM_047430695.1	3937	3709.29	0	0
XM_047430696.1	3673	3445.29	5.91953	0.077322
XM_047430697.1	3744	3516.29	0	0
XM_047430698.1	3606	3378.29	27.6364	0.368151
XM_047430699.1	4066	3838.29	0	0
XM_047430700.1	2122	1894.29	0	0
XM_047430701.1	6858	6630.29	10.1515	0.0689036
XM_047430702.1	2143	1915.29	15.547	0.365303
XM_047430703.1	19700	19472.3	33.9146	0.0783811
XM_047430704.1	6992	6764.29	27.138	0.18055
XM_047430705.1	3912	3684.29	0	0
XM_047430706.1	3995	3767.29	14.5797	0.174165
XM_047430707.1	3015	2787.29	0	0
XM_047430708.1	2785	2557.29	42.1311	0.741421
XM_047430709.1	3131	2903.29	0	0
XM_047430710.1	3131	2903.29	0	0
XM_047430711.1	3125	2897.29	0	0
XM_047430712.1	3074	2846.29	0	0
XM_047430713.1	3065	2837.29	0	0
XM_047430714.1	2843	2615.29	0	0
XM_047430715.1	6787	6559.29	500.079	3.43102
XM_047430716.1	6565	6337.29	472.791	3.35744
XM_047430717.1	5938	5710.29	90.0824	0.709944
XM_047430718.1	5716	5488.29	76.8595	0.630235
XM_047430719.1	6607	6379.29	33.4212	0.235771
XM_047430720.1	794	566.487	0	0
XM_047430721.1	728	500.753	2.31384	0.207947
XM_047430722.1	6154	5926.29	0	0
XM_047430723.1	6067	5839.29	0	0
XM_047430724.1	6031	5803.29	0	0
XM_047430725.1	16227	15999.3	0	0
XM_047430726.1	5938	5710.29	0	0
XM_047430727.1	5052	4824.29	0	0
XM_047430728.1	5902	5674.29	0	0
XM_047430729.1	5854	5626.29	0	0
XM_047430730.1	16014	15786.3	46.1135	0.131459
XM_047430731.1	3631	3403.29	0	0
XM_047430732.1	5725	5497.29	0	0
XM_047430733.1	5137	4909.29	0	0
XM_047430734.1	5191	4963.29	0	0
XM_047430735.1	5052	4824.29	0	0
XM_047430736.1	4921	4693.29	0	0
XM_047430737.1	5042	4814.29	0	0
XM_047430738.1	5162	4934.29	0	0
XM_047430739.1	6043	5815.29	0	0
XM_047430740.1	5912	5684.29	69.9595	0.553876
XM_047430741.1	4885	4657.29	0	0
XM_047430742.1	4985	4757.29	3.4162e-06	3.23166e-08
XM_047430743.1	4829	4601.29	0	0
XM_047430744.1	4839	4611.29	62.6443	0.611366
XM_047430745.1	4949	4721.29	80.0341	0.76288
XM_047430746.1	4389	4161.29	0	0
XM_047430747.1	2063	1835.29	56.296	1.38043
XM_047430748.1	1984	1756.29	21.6247	0.55411
XM_047430749.1	3911	3683.29	16.9985	0.207691
XM_047430750.1	1899	1671.29	0	0
XM_047430751.1	1768	1540.29	1.97579e-05	5.7727e-07
XM_047430752.1	3535	3307.29	0	0
XM_047430753.1	2186	1958.29	6.97784	0.160356
XM_047430754.1	2344	2116.29	10.3067	0.219173
XM_047430755.1	2237	2009.29	7.13839	0.159882
XM_047430756.1	2084	1856.29	0.000372703	9.03564e-06
XM_047430757.1	1639	1411.29	35.5918	1.13494
XM_047430758.1	1464	1236.29	0	0
XM_047430759.1	7098	6870.29	0	0
XM_047430760.1	15502	15274.3	7.63155	0.022485
XM_047430761.1	7148	6920.29	3.19176	0.0207562
XM_047430762.1	4776	4548.29	10.4641	0.103537
XM_047430763.1	7140	6912.29	14.3032	0.0931224
XM_047430764.1	2932	2704.29	0	0
XM_047430765.1	5543	5315.29	0	0
XM_047430766.1	2074	1846.29	29.5594	0.720506
XM_047430767.1	6101	5873.29	0	0
XM_047430768.1	2737	2509.29	13.0505	0.234055
XM_047430769.1	2669	2441.29	2.19198	0.0404072
XM_047430770.1	1537	1309.29	1.26525e-06	4.34894e-08
XM_047430771.1	1154	926.293	0.209004	0.0101542
XM_047430772.1	1392	1164.29	12.5123	0.483636
XM_047430773.1	3177	2949.29	56.7522	0.865978
XM_047430774.1	1389	1161.29	41.6784	1.61514
XM_047430775.1	2037	1809.29	0	0
XM_047430776.1	2561	2333.29	0	0
XM_047430777.1	4588	4360.29	0.513654	0.00530148
XM_047430778.1	6005	5777.29	23.3843	0.182155
XM_047430779.1	4681	4453.29	0	0
XM_047430780.1	4000	3772.29	0	0
XM_047430781.1	3485	3257.29	0	0
XM_047430782.1	1022	794.293	90.764	5.14251
XM_047430783.1	4552	4324.29	1.16205	0.0120935
XM_047430784.1	3190	2962.29	0	0
XM_047430785.1	3103	2875.29	0	0
XM_047430786.1	4125	3897.29	189.758	2.19118
XM_047430787.1	2394	2166.29	0	0
XM_047430788.1	1801	1573.29	0	0
XM_047430789.1	3812	3584.29	0	0
XM_047430790.1	3441	3213.29	54.6198	0.764965
XM_047430791.1	3270	3042.29	29.9566	0.443133
XM_047430792.1	3701	3473.29	19.6426	0.254507
XM_047430793.1	3549	3321.29	0	0
XM_047430794.1	3709	3481.29	16.2264	0.209761
XM_047430795.1	3425	3197.29	0	0
XM_047430796.1	3423	3195.29	12.1672	0.171365
XM_047430797.1	3306	3078.29	0	0
XM_047430798.1	2467	2239.29	0	0
XM_047430799.1	1488	1260.29	0	0
XM_047430800.1	1261	1033.29	0	0
XM_047430801.1	2758	2530.29	0	0
XM_047430802.1	2859	2631.29	28.8532	0.493477
XM_047430803.1	3804	3576.29	0	0
XM_047430804.1	4101	3873.29	5.70405	0.0662743
XM_047430805.1	5455	5227.29	0	0
XM_047430806.1	5418	5190.29	34.6899	0.300783
XM_047430807.1	4327	4099.29	43.0219	0.472305
XM_047430808.1	7489	7261.29	0	0
XM_047430809.1	7324	7096.29	0	0
XM_047430810.1	7288	7060.29	142.561	0.908701
XM_047430811.1	7213	6985.29	0	0
XM_047430812.1	5316	5088.29	0	0
XM_047430813.1	1894	1666.29	24	0.64819
XM_047430814.1	6959	6731.29	0	0
XM_047430815.1	7432	7204.29	9.96693	0.0622605
XM_047430816.1	7005	6777.29	202.531	1.34486
XM_047430817.1	3005	2777.29	0	0
XM_047430818.1	6969	6741.29	82.9756	0.553923
XM_047430819.1	1402	1174.29	0	0
XM_047430820.1	1915	1687.29	9.27084	0.24727
XM_047430821.1	3609	3381.29	3.00089	0.0399401
XM_047430822.1	1997	1769.29	2	0.0508713
XM_047430823.1	3906	3678.29	129.832	1.58846
XM_047430824.1	2423	2195.29	28	0.573995
XM_047430825.1	4695	4467.29	0	0
XM_047430826.1	4680	4452.29	0	0
XM_047430827.1	3398	3170.29	0	0
XM_047430828.1	1090	862.293	2	0.10438
XM_047430829.1	3383	3155.29	131.887	1.88107
XM_047430830.1	3035	2807.29	0	0
XM_047430831.1	3020	2792.29	0	0
XM_047430832.1	3117	2889.29	60.8441	0.947697
XM_047430833.1	6700	6472.29	6.67295	0.0463983
XM_047430834.1	5608	5380.29	0	0
XM_047430835.1	3759	3531.29	27	0.34409
XM_047430836.1	2639	2411.29	0	0
XM_047430837.1	2624	2396.29	0	0
XM_047430838.1	2456	2228.29	0	0
XM_047430839.1	7514	7286.29	42	0.259409
XM_047430840.1	5690	5462.29	20.575	0.169515
XM_047430841.1	4268	4040.29	0	0
XM_047430842.1	3534	3306.29	0	0
XM_047430843.1	4573	4345.29	0	0
XM_047430844.1	2721	2493.29	83.018	1.49845
XM_047430845.1	3983	3755.29	23.3422	0.279731
XM_047430846.1	771	543.487	4	0.331217
XM_047430847.1	1030	802.293	0	0
XM_047430848.1	1042	814.293	0	0
XM_047430849.1	3433	3205.29	170.299	2.39104
XM_047430850.1	3330	3102.29	17.9591	0.260522
XM_047430851.1	3407	3179.29	39.2219	0.555189
XM_047430852.1	3310	3082.29	22.5423	0.329129
XM_047430853.1	3430	3202.29	135.68	1.90676
XM_047430854.1	3327	3099.29	76.9639	1.11755
XM_047430855.1	3021	2793.29	0	0
XM_047430856.1	3404	3176.29	32.1133	0.454995
XM_047430857.1	3307	3079.29	97.0714	1.41867
XM_047430858.1	1729	1501.29	1	0.0299762
XM_047430859.1	3331	3103.29	28.456	0.412661
XM_047430860.1	3189	2961.29	22.5397	0.342538
XM_047430861.1	3228	3000.29	2.41539	0.0362298
XM_047430862.1	3208	2980.29	2.1634e-05	3.26678e-07
XM_047430863.1	3328	3100.29	13.8065	0.200412
XM_047430864.1	3225	2997.29	6.55217	0.098378
XM_047430865.1	3205	2977.29	5.86212e-05	8.86085e-07
XM_047430866.1	3508	3280.29	8.09252	0.111023
XM_047430867.1	1425	1197.29	0	0
XM_047430868.1	1345	1117.29	0	0
XM_047430869.1	1132	904.293	8.80117	0.437999
XM_047430870.1	7231	7003.29	0	0
XM_047430871.1	6909	6681.29	0	0
XM_047430872.1	4754	4526.29	23.127	0.229942
XM_047430873.1	4498	4270.29	7.64075	0.0805231
XM_047430874.1	1291	1063.29	0	0
XM_047430875.1	3629	3401.29	0	0
XM_047430876.1	3614	3386.29	0	0
XM_047430877.1	2540	2312.29	0	0
XM_047430878.1	2428	2200.29	0	0
XM_047430879.1	1854	1626.29	0	0
XM_047430880.1	2467	2239.29	0	0
XM_047430881.1	2185	1957.29	76.131	1.75044
XM_047430882.1	10322	10094.3	0	0
XM_047430884.1	2898	2670.29	54.0723	0.911294
XM_047430885.1	2731	2503.29	0	0
XM_047430886.1	1094	866.293	8.76697	0.455435
XM_047430887.1	5902	5674.29	0	0
XM_047430888.1	6855	6627.29	30.749	0.208803
XM_047430889.1	5256	5028.29	37.2492	0.333379
XM_047430890.1	4369	4141.29	25.1782	0.273609
XM_047430891.1	4307	4079.29	0.353251	0.00389709
XM_047430892.1	4321	4093.29	61.7625	0.679039
XM_047430893.1	4372	4144.29	1.48522	0.0161281
XM_047430894.1	4366	4138.29	4.50403	0.0489803
XM_047430895.1	4315	4087.29	293.882	3.23579
XM_047430896.1	4253	4025.29	4.40144	0.0492085
XM_047430897.1	4318	4090.29	18.3103	0.201457
XM_047430898.1	4155	3927.29	0	0
XM_047430899.1	4410	4182.29	41.2144	0.443482
XM_047430900.1	1281	1053.29	21.8263	0.932551
XM_047430901.1	2580	2352.29	26.2368	0.501952
XM_047430902.1	4025	3797.29	0	0
XM_047430903.1	2952	2724.29	0	0
XM_047430904.1	21690	21462.3	11.9545	0.0250668
XM_047430905.1	4632	4404.29	0	0
XM_047430906.1	854	626.427	0	0
XM_047430907.1	1107	879.293	0	0
XM_047430908.1	3746	3518.29	0	0
XM_047430909.1	4551	4323.29	0	0
XM_047430910.1	4527	4299.29	0	0
XM_047430911.1	4481	4253.29	0	0
XM_047430912.1	4446	4218.29	12.5239	0.133611
XM_047430913.1	3136	2908.29	0	0
XM_047430914.1	4708	4480.29	0	0
XM_047430915.1	1000	772.293	60.9776	3.55329
XM_047430916.1	1480	1252.29	0	0
XM_047430917.1	1553	1325.29	2.95333	0.100286
XM_047430918.1	1119	891.293	5.9992	0.302911
XM_047430919.1	1196	968.293	0	0
XM_047430920.1	5409	5181.29	0	0
XM_047430921.1	5193	4965.29	0	0
XM_047430922.1	5224	4996.29	0	0
XM_047430923.1	9864	9636.29	127.073	0.59345
XM_047430924.1	3716	3488.29	0	0
XM_047430925.1	5257	5029.29	14.1238	0.126383
XM_047430926.1	5296	5068.29	0	0
XM_047430927.1	5131	4903.29	0	0
XM_047430928.1	5285	5057.29	172.404	1.53417
XM_047430929.1	5385	5157.29	0	0
XM_047430930.1	5646	5418.29	128.632	1.06839
XM_047430931.1	5200	4972.29	0	0
XM_047430932.1	5169	4941.29	0	0
XM_047430933.1	5488	5260.29	34.6303	0.296271
XM_047430934.1	5004	4776.29	0	0
XM_047430935.1	9840	9612.29	121.182	0.567352
XM_047430936.1	4863	4635.29	48.6943	0.472763
XM_047430937.1	4839	4611.29	35.8057	0.34944
XM_047430938.1	2225	1997.29	0.1476	0.00332572
XM_047430939.1	2313	2085.29	8.91136	0.192318
XM_047430940.1	1668	1440.29	32.7235	1.02247
XM_047430941.1	1520	1292.29	14.9573	0.520875
XM_047430942.1	5818	5590.29	24.6674	0.198578
XM_047430943.1	8178	7950.29	19.378	0.10969
XM_047430944.1	5597	5369.29	36.1327	0.302849
XM_047430945.1	1313	1085.29	147.464	6.11478
XM_047430946.1	3178	2950.29	8.50493	0.129732
XM_047430947.1	3804	3576.29	0	0
XM_047430948.1	3233	3005.29	0	0
XM_047430949.1	3018	2790.29	0	0
XM_047430950.1	4769	4541.29	0.512451	0.00507826
XM_047430951.1	5581	5353.29	4.12899	0.0347109
XM_047430952.1	4856	4628.29	14.4943	0.140935
XM_047430953.1	3184	2956.29	0.278397	0.00423798
XM_047430954.1	3174	2946.29	28.9832	0.442703
XM_047430955.1	3785	3557.29	0	0
XM_047430956.1	2572	2344.29	0	0
XM_047430957.1	2888	2660.29	0	0
XM_047430958.1	2878	2650.29	0	0
XM_047430959.1	3386	3158.29	0	0
XM_047430960.1	2816	2588.29	2.08263	0.036211
XM_047430961.1	2806	2578.29	0	0
XM_047430962.1	2276	2048.29	0	0
XM_047430963.1	1983	1755.29	0	0
XM_047430964.1	1816	1588.29	0	0
XM_047430965.1	1912	1684.29	0	0
XM_047430966.1	4035	3807.29	0	0
XM_047430976.1	1390	1162.29	0.172799	0.00669065
XM_047430998.1	1403	1175.29	0	0
XM_047430999.1	1338	1110.29	0	0
XM_047431000.1	1236	1008.29	16	0.714127
XM_047431001.1	1600	1372.29	11.535	0.37828
XM_047431002.1	5419	5191.29	56.1597	0.486846
XM_047431003.1	1546	1318.29	2.8525	0.097377
XM_047431004.1	1551	1323.29	17.7988	0.605309
XM_047431005.1	1914	1686.29	7.27579	0.194173
XM_047431006.1	1860	1632.29	2.17936	0.0600859
XM_047431007.1	1447	1219.29	0	0
XM_047431008.1	1097	869.293	7.23212	0.374405
XM_047431009.1	1475	1247.29	10.7542	0.388019
XM_047431010.1	1105	877.293	26.3561	1.35201
XM_047431012.1	1898	1670.29	0	0
XM_047431013.1	1787	1559.29	0	0
XM_047431014.1	1265	1037.29	0	0
XM_047431015.1	1027	799.293	0	0
XM_047431016.1	897	669.361	0	0
XM_047431018.1	4732	4504.29	0	0
XM_047431019.1	4635	4407.29	0	0
XM_047431020.1	4517	4289.29	0	0
XM_047431021.1	4527	4299.29	0	0
XM_047431022.1	4479	4251.29	0	0
XM_047431023.1	4949	4721.29	82.3482	0.784938
XM_047431025.1	3525	3297.29	0	0
XM_047431026.1	3435	3207.29	136.011	1.90844
XM_047431027.1	4294	4066.29	0	0
XM_047431029.1	20049	19821.3	2.4723	0.00561322
XM_047431031.1	1697	1469.29	0	0
XM_047431033.1	3116	2888.29	0	0
XM_047431034.1	3029	2801.29	0	0
XM_047431036.1	4263	4035.29	0	0
XM_047431037.1	4041	3813.29	0	0
XM_047431038.1	4352	4124.29	0	0
XM_047431045.1	1784	1556.29	8	0.231335
XM_047431046.1	2865	2637.29	0	0
XM_047431047.1	2939	2711.29	0	0
XM_047431048.1	5255	5027.29	0	0
XM_047431049.1	5321	5093.29	0	0
XM_047431050.1	5163	4935.29	0	0
XM_047431051.1	2501	2273.29	0	0
XM_047431052.1	7750	7522.29	68.233	0.408213
XM_047431053.1	7834	7606.29	40.9792	0.242456
XM_047431054.1	7909	7681.29	82.5184	0.483458
XM_047431055.1	7595	7367.29	21.5926	0.131898
XM_047431056.1	9723	9495.29	0	0
XM_047431057.1	9633	9405.29	0	0
XM_047431058.1	5310	5082.29	0	0
XM_047431059.1	4931	4703.29	0	0
XM_047431060.1	5946	5718.29	0	0
XM_047431061.1	3563	3335.29	0	0
XM_047431062.1	2666	2438.29	0	0
XM_047431063.1	2933	2705.29	0	0
XM_047431064.1	2414	2186.29	0	0
XM_047431065.1	2730	2502.29	138.535	2.49151
XM_047431066.1	798	570.487	71.6225	5.64997
XM_047431067.1	4406	4178.29	196.608	2.1176
XM_047431068.1	4336	4108.29	21.635	0.236994
XM_047431069.1	3781	3553.29	398.829	5.05124
XM_047431070.1	3569	3341.29	0	0
XM_047431071.1	3486	3258.29	19.328	0.266956
XM_047431072.1	3266	3038.29	0	0
XM_047431073.1	3678	3450.29	215.858	2.81549
XM_047431074.1	3914	3686.29	0	0
XM_047431075.1	3100	2872.29	0	0
XM_047431076.1	3417	3189.29	0	0
XM_047431077.1	2748	2520.29	0	0
XM_047431078.1	2178	1950.29	5	0.115375
XM_047431079.1	3478	3250.29	0	0
XM_047431081.1	5579	5351.29	6.44068	0.0541645
XM_047431082.1	6718	6490.29	12.1299	0.0841073
XM_047431083.1	6699	6471.29	0	0
XM_047431084.1	6534	6306.29	0	0
XM_047431085.1	6515	6287.29	0	0
XM_047431086.1	3840	3612.29	26.3674	0.328494
XM_047431087.1	3799	3571.29	0	0
XM_047431088.1	4128	3900.29	8.65946	0.0999161
XM_047431089.1	3381	3153.29	7.23759	0.103293
XM_047431090.1	4087	3859.29	0	0
XM_047431091.1	3860	3632.29	43.4131	0.537876
XM_047431092.1	4276	4048.29	5.45595	0.0606514
XM_047431093.1	4163	3935.29	85.874	0.982035
XM_047431094.1	4286	4058.29	8.1246e-08	9.0095e-10
XM_047431095.1	4088	3860.29	0	0
XM_047431096.1	4235	4007.29	0	0
XM_047431097.1	3951	3723.29	0	0
XM_047431098.1	4008	3780.29	25.3369	0.301627
XM_047431099.1	3078	2850.29	0	0
XM_047431100.1	3724	3496.29	0	0
XM_047431101.1	4150	3922.29	0	0
XM_047431102.1	3976	3748.29	3.42793e-06	4.11567e-08
XM_047431103.1	4556	4328.29	69.5893	0.72355
XM_047431104.1	3935	3707.29	0	0
XM_047431105.1	4134	3906.29	4.35429e-08	5.01643e-10
XM_047431106.1	3708	3480.29	50.1515	0.648501
XM_047431107.1	4412	4184.29	8.40672	0.0904163
XM_047431108.1	4362	4134.29	5.53573e-05	6.02582e-07
XM_047431109.1	3394	3166.29	32.4566	0.461311
XM_047431110.1	4078	3850.29	22.4909	0.262879
XM_047431111.1	4008	3780.29	0	0
XM_047431112.1	1344	1116.29	17.341	0.699097
XM_047431113.1	4815	4587.29	371.328	3.64287
XM_047431114.1	4782	4554.29	597.065	5.89988
XM_047431115.1	4779	4551.29	373.938	3.69749
XM_047431116.1	5431	5203.29	26.7591	0.231439
XM_047431117.1	3752	3524.29	60.0806	0.767193
XM_047431118.1	4079	3851.29	0	0
XM_047431119.1	4763	4535.29	1574.88	15.6273
XM_047431120.1	3959	3731.29	56.7443	0.684392
XM_047431121.1	12862	12634.3	172.388	0.614044
XM_047431122.1	12847	12619.3	21.3547	0.0761553
XM_047431123.1	24997	24769.3	55.8356	0.101447
XM_047431124.1	12556	12328.3	4.6804e-06	1.70853e-08
XM_047431125.1	24703	24475.3	0.00541776	9.96171e-06
XM_047431126.1	24679	24451.3	41.3273	0.0760638
XM_047431127.1	11985	11757.3	7.62301e-06	2.91784e-08
XM_047431128.1	11667	11439.3	2.4853e-06	9.77736e-09
XM_047431129.1	11643	11415.3	498.694	1.96603
XM_047431130.1	4853	4625.29	1.53266e-05	1.49125e-07
XM_047431131.1	9924	9696.29	0	0
XM_047431132.1	9814	9586.29	0	0
XM_047431133.1	11067	10839.3	137.056	0.569034
XM_047431134.1	9865	9637.29	90.5787	0.422974
XM_047431135.1	6038	5810.29	68.1406	0.527777
XM_047431136.1	7259	7031.29	47.4734	0.303849
XM_047431137.1	7600	7372.29	94.8044	0.57872
XM_047431138.1	7151	6923.29	604.888	3.93192
XM_047431139.1	7132	6904.29	194.681	1.26896
XM_047431140.1	6995	6767.29	84.6074	0.562647
XM_047431141.1	6976	6748.29	25.5322	0.170269
XM_047431142.1	7064	6836.29	85.6472	0.563813
XM_047431143.1	6929	6701.29	95.8178	0.643472
XM_047431144.1	6887	6659.29	1175.19	7.94188
XM_047431145.1	6868	6640.29	366.554	2.48423
XM_047431146.1	6896	6668.29	88.3707	0.596398
XM_047431147.1	4657	4429.29	0	0
XM_047431148.1	1514	1286.29	0	0
XM_047431149.1	21929	21701.3	0	0
XM_047431150.1	21817	21589.3	0	0
XM_047431151.1	21869	21641.3	0	0
XM_047431152.1	22172	21944.3	0	0
XM_047431153.1	21853	21625.3	0	0
XM_047431154.1	21814	21586.3	0	0
XM_047431155.1	21811	21583.3	1.89686e-06	3.95511e-09
XM_047431156.1	21811	21583.3	0	0
XM_047431157.1	21721	21493.3	0.0987593	0.000206784
XM_047431158.1	21655	21427.3	4.84008e-06	1.01655e-08
XM_047431159.1	14658	14430.3	0	0
XM_047431160.1	9666	9438.29	89.9373	0.428833
XM_047431161.1	3672	3444.29	0	0
XM_047431162.1	13023	12795.3	23.9479	0.0842284
XM_047431163.1	6325	6097.29	2.57324	0.0189926
XM_047431164.1	6295	6067.29	17.6875	0.131194
XM_047431165.1	1887	1659.29	39.8235	1.08009
XM_047431166.1	1816	1588.29	1.29752	0.0367642
XM_047431167.1	2178	1950.29	141.684	3.26937
XM_047431168.1	2088	1860.29	0	0
XM_047431169.1	2018	1790.29	56.9089	1.43053
XM_047431170.1	5350	5122.29	20.824	0.182954
XM_047431171.1	5351	5123.29	4.24275e-05	3.72684e-07
XM_047431172.1	3688	3460.29	0	0
XM_047431173.1	8484	8256.29	12.8451	0.0700155
XM_047431174.1	7380	7152.29	153.577	0.966328
XM_047431175.1	7223	6995.29	0.12711	0.00081774
XM_047431176.1	34298	34070.3	646.63	0.854126
XM_047431177.1	5332	5104.29	0.823084	0.00725689
XM_047431178.1	5740	5512.29	11.5562	0.0943463
XM_047431179.1	4331	4103.29	45.232	0.496084
XM_047431180.1	15143	14915.3	19.8407	0.0598643
XM_047431181.1	5230	5002.29	24.7561	0.222718
XM_047431182.1	9275	9047.29	0	0
XM_047431183.1	1370	1142.29	0	0
XM_047431184.1	1252	1024.29	0	0
XM_047431185.1	1379	1151.29	0	0
XM_047431186.1	1254	1026.29	0	0
XM_047431187.1	1136	908.293	0	0
XM_047431188.1	1027	799.293	0	0
XM_047431189.1	1156	928.293	0	0
XM_047431190.1	1657	1429.29	0	0
XM_047431191.1	1187	959.293	0	0
XM_047431192.1	1206	978.293	0	0
XM_047431193.1	940	712.293	0	0
XM_047431194.1	1353	1125.29	0	0
XM_047431196.1	888	660.427	0	0
XM_047431197.1	738	510.753	0	0
XM_047431199.1	3552	3324.29	0	0
XM_047431201.1	8923	8695.29	344.883	1.78497
XM_047431202.1	8887	8659.29	167.798	0.872059
XM_047431203.1	9256	9028.29	122.796	0.6121
XM_047431204.1	8881	8653.29	79.8651	0.415354
XM_047431205.1	9121	8893.29	602.531	3.04901
XM_047431206.1	8746	8518.29	419.934	2.21856
XM_047431207.1	9115	8887.29	295.284	1.49525
XM_047431208.1	8050	7822.29	5.28733	0.030419
XM_047431209.1	8202	7974.29	0.922771	0.00520767
XM_047431210.1	3383	3155.29	0	0
XM_047431211.1	9756	9528.29	6.37457	0.0301077
XM_047431212.1	9771	9543.29	0	0
XM_047431213.1	9843	9615.29	17.4831	0.0818274
XM_047431214.1	9969	9741.29	12.0929	0.0558673
XM_047431215.1	9900	9672.29	0	0
XM_047431216.1	9070	8842.29	0	0
XM_047431217.1	8945	8717.29	37.4211	0.193187
XM_047431218.1	8376	8148.29	0.00537615	2.96925e-05
XM_047431219.1	8135	7907.29	120.145	0.683786
XM_047431220.1	37102	36874.3	45.2839	0.0552666
XM_047431221.1	3434	3206.29	14.9482	0.20981
XM_047431222.1	9703	9475.29	0	0
XM_047431223.1	8538	8310.29	44.733	0.242245
XM_047431224.1	8174	7946.29	0	0
XM_047431225.1	9647	9419.29	0	0
XM_047431226.1	9813	9585.29	5.51781	0.0259062
XM_047431227.1	9760	9532.29	0	0
XM_047431228.1	9704	9476.29	0	0
XM_047431229.1	8686	8458.29	358.996	1.91007
XM_047431230.1	3370	3142.29	202.128	2.89482
XM_047431231.1	8040	7812.29	37.5039	0.216043
XM_047431232.1	9711	9483.29	0	0
XM_047431233.1	9651	9423.29	0	0
XM_047431234.1	9648	9420.29	0	0
XM_047431235.1	9567	9339.29	0	0
XM_047431236.1	9504	9276.29	17.9547	0.0871057
XM_047431237.1	9501	9273.29	13.6268	0.0661305
XM_047431238.1	6282	6054.29	0	0
XM_047431239.1	6349	6121.29	0	0
XM_047431240.1	8047	7819.29	0	0
XM_047431241.1	6618	6390.29	0	0
XM_047431242.1	6254	6026.29	0	0
XM_047431243.1	6340	6112.29	28.6118	0.210661
XM_047431244.1	7903	7675.29	0	0
XM_047431245.1	6324	6096.29	0	0
XM_047431246.1	6257	6029.29	26.4921	0.197739
XM_047431247.1	6219	5991.29	0	0
XM_047431248.1	6622	6394.29	0	0
XM_047431249.1	6152	5924.29	0	0
XM_047431250.1	6488	6260.29	0	0
XM_047431251.1	6385	6157.29	29.7059	0.217117
XM_047431252.1	6149	5921.29	0	0
XM_047431253.1	6258	6030.29	0	0
XM_047431254.1	2470	2242.29	0	0
XM_047431255.1	2467	2239.29	0	0
XM_047431256.1	2879	2651.29	0	0
XM_047431257.1	2876	2648.29	0	0
XM_047431258.1	2529	2301.29	0	0
XM_047431259.1	2438	2210.29	0	0
XM_047431260.1	2526	2298.29	0	0
XM_047431261.1	700	472.947	0	0
XM_047431262.1	1411	1183.29	0	0
XM_047431263.1	1562	1334.29	30.2428	1.02003
XM_047431264.1	1165	937.293	7.34974	0.35289
XM_047431265.1	7584	7356.29	0.000223938	1.36997e-06
XM_047431266.1	4118	3890.29	125.391	1.45053
XM_047431267.1	4067	3839.29	197.831	2.31891
XM_047431268.1	3975	3747.29	84.6548	1.01666
XM_047431269.1	3683	3455.29	0.417092	0.00543236
XM_047431270.1	2908	2680.29	0	0
XM_047431271.1	3681	3453.29	0	0
XM_047431272.1	1758	1530.29	22.1366	0.650995
XM_047431273.1	563	338.802	16.541	2.19714
XM_047431274.1	2736	2508.29	8.03681	0.144194
XM_047431275.1	2255	2027.29	2.3113	0.0513077
XM_047431276.1	5616	5388.29	0	0
XM_047431277.1	3983	3755.29	0	0
XM_047431278.1	5515	5287.29	0	0
XM_047431279.1	6858	6630.29	48.6122	0.329955
XM_047431280.1	1447	1219.29	1.43249	0.0528721
XM_047431281.1	3548	3320.29	0	0
XM_047431282.1	5416	5188.29	0	0
XM_047431283.1	4614	4386.29	0	0
XM_047431284.1	3340	3112.29	22.1703	0.320578
XM_047431285.1	1148	920.293	25.2975	1.23707
XM_047431286.1	7459	7231.29	89.1476	0.5548
XM_047431287.1	6708	6480.29	70.3643	0.488652
XM_047431288.1	3525	3297.29	0	0
XM_047431289.1	6915	6687.29	38.866	0.261554
XM_047431290.1	7147	6919.29	17.4077	0.11322
XM_047431291.1	3992	3764.29	0	0
XM_047431292.1	5823	5595.29	2.69296	0.0216595
XM_047431293.1	4393	4165.29	0	0
XM_047431294.1	4306	4078.29	0	0
XM_047431295.1	4199	3971.29	0	0
XM_047431296.1	4219	3991.29	0	0
XM_047431297.1	3932	3704.29	1202.3	14.6066
XM_047431298.1	4230	4002.29	0	0
XM_047431299.1	3990	3762.29	12.5909	0.150608
XM_047431300.1	4082	3854.29	0	0
XM_047431301.1	1248	1020.29	0	0
XM_047431302.1	3518	3290.29	12.9699	0.177396
XM_047431303.1	2851	2623.29	0	0
XM_047431304.1	3233	3005.29	0	0
XM_047431305.1	3230	3002.29	0	0
XM_047431306.1	3943	3715.29	99.5037	1.20528
XM_047431307.1	3940	3712.29	19.2552	0.233425
XM_047431308.1	3793	3565.29	20.9693	0.264686
XM_047431309.1	3007	2779.29	0	0
XM_047431310.1	3790	3562.29	3.63493	0.0459207
XM_047431311.1	2665	2437.29	0	0
XM_047431312.1	5103	4875.29	0	0
XM_047431313.1	4914	4686.29	0	0
XM_047431314.1	5018	4790.29	9.27135	0.087101
XM_047431315.1	2323	2095.29	131.264	2.81931
XM_047431316.1	4644	4416.29	0	0
XM_047431317.1	4573	4345.29	0	0
XM_047431318.1	4416	4188.29	25.1152	0.269863
XM_047431319.1	4265	4037.29	14.5851	0.162578
XM_047431320.1	4076	3848.29	17.9862	0.210336
XM_047431321.1	5550	5322.29	25.6055	0.216509
XM_047431322.1	3746	3518.29	0	0
XM_047431323.1	3638	3410.29	0	0
XM_047431324.1	2946	2718.29	0	0
XM_047431325.1	2690	2462.29	0	0
XM_047431326.1	3548	3320.29	0	0
XM_047431327.1	2687	2459.29	0	0
XM_047431328.1	2855	2627.29	4.82673	0.0826773
XM_047431329.1	8402	8174.29	0	0
XM_047431330.1	8370	8142.29	0	0
XM_047431331.1	7653	7425.29	148.22	0.89833
XM_047431332.1	6323	6095.29	0	0
XM_047431333.1	6263	6035.29	0	0
XM_047431334.1	5226	4998.29	0	0
XM_047431335.1	4831	4603.29	0	0
XM_047431336.1	4376	4148.29	0	0
XM_047431337.1	3877	3649.29	2	0.024664
XM_047431338.1	3313	3085.29	436.444	6.36611
XM_047431339.1	2892	2664.29	0	0
XM_047431340.1	1345	1117.29	31.3951	1.26455
XM_047431341.1	2702	2474.29	0	0
XM_047431342.1	1176	948.293	144.988	6.88067
XM_047431343.1	4168	3940.29	3.86367	0.044128
XM_047431344.1	2046	1818.29	472.572	11.6962
XM_047431345.1	7844	7616.29	0	0
XM_047431346.1	578	353.315	0	0
XM_047431349.1	671	444.496	1.12917	0.114323
XM_047431351.1	6163	5935.29	43.3566	0.328742
XM_047431352.1	5365	5137.29	0	0
XM_047431353.1	5042	4814.29	5	0.046739
XM_047431354.1	2621	2393.29	0	0
XM_047431355.1	2491	2263.29	0	0
XM_047431356.1	2541	2313.29	0	0
XM_047431359.1	3275	3047.29	0	0
XM_047431361.1	4675	4447.29	62.6601	0.63407
XM_047431364.1	3213	2985.29	1.95225	0.0294301
XM_047431365.1	3198	2970.29	0.615987	0.00933286
XM_047431370.1	3429	3201.29	3.50814	0.0493167
XM_047431371.1	3087	2859.29	1.77109	0.0278756
XM_047431372.1	2941	2713.29	0	0
XM_047431373.1	1393	1165.29	2.51915	0.0972885
XM_047431374.1	2098	1870.29	88.6792	2.1338
XM_047431375.1	1359	1131.29	1.88741e-05	7.50816e-07
XM_047431376.1	1297	1069.29	0.0488936	0.00205777
XM_047431377.1	2923	2695.29	33.1706	0.553846
XM_047431378.1	3427	3199.29	10.1639	0.142971
XM_047431379.1	2896	2668.29	2.07762	0.0350409
XM_047431381.1	2978	2750.29	0	0
XM_047431382.1	3382	3154.29	15.8903	0.226711
XM_047431383.1	2850	2622.29	0.000289573	4.96957e-06
XM_047431384.1	3355	3127.29	0.000346658	4.98855e-06
XM_047431385.1	2933	2705.29	0	0
XM_047431386.1	2927	2699.29	0	0
XM_047431387.1	2803	2575.29	6.41447e-05	1.12092e-06
XM_047431388.1	3307	3079.29	0.000151323	2.21155e-06
XM_047431389.1	2588	2360.29	133.601	2.54734
XM_047431390.1	3169	2941.29	0.000285895	4.37433e-06
XM_047431391.1	3103	2875.29	2.05699	0.0321953
XM_047431392.1	3097	2869.29	0.465439	0.00730012
XM_047431393.1	2504	2276.29	13.2042	0.261051
XM_047431394.1	2491	2263.29	0	0
XM_047431395.1	2410	2182.29	0	0
XM_047431396.1	2354	2126.29	0	0
XM_047431397.1	1669	1441.29	87.9716	2.74683
XM_047431398.1	5465	5237.29	0	0
XM_047431399.1	5487	5259.29	0	0
XM_047431400.1	3534	3306.29	6.73102	0.0916182
XM_047431401.1	4852	4624.29	0	0
XM_047431402.1	3065	2837.29	0	0
XM_047431403.1	3638	3410.29	0.413636	0.00545845
XM_047431404.1	1718	1490.29	47.3044	1.42847
XM_047431405.1	3585	3357.29	0	0
XM_047431406.1	3573	3345.29	0	0
XM_047431407.1	3516	3288.29	0.314279	0.00430117
XM_047431408.1	3424	3196.29	0.529043	0.00744881
XM_047431409.1	3509	3281.29	0.0170526	0.000233878
XM_047431410.1	3490	3262.29	0	0
XM_047431411.1	3429	3201.29	0	0
XM_047431412.1	2881	2653.29	46.1091	0.782066
XM_047431413.1	2430	2202.29	20.7329	0.42367
XM_047431414.1	954	726.293	0	0
XM_047431415.1	764	536.541	0	0
XM_047431416.1	964	736.293	0	0
XM_047431417.1	875	647.427	0	0
XM_047431418.1	7157	6929.29	0	0
XM_047431420.1	2691	2463.29	140.735	2.57115
XM_047431421.1	521	299.283	35.9289	5.40261
XM_047431422.1	4218	3990.29	0	0
XM_047431426.1	1992	1764.29	32.5781	0.830993
XM_047431427.1	682	455.179	29.2996	2.89682
XM_047431428.1	2139	1911.29	1.66491	0.0392017
XM_047431429.1	2219	1991.29	0	0
XM_047431430.1	2831	2603.29	51.0864	0.88313
XM_047431431.1	10334	10106.3	0	0
XM_047431432.1	10244	10016.3	694.208	3.11907
XM_047431433.1	10208	9980.29	0	0
XM_047431434.1	10118	9890.29	65.2637	0.296965
XM_047431435.1	6829	6601.29	0	0
XM_047431436.1	6416	6188.29	0	0
XM_047431437.1	6326	6098.29	0	0
XM_047431438.1	10130	9902.29	710.571	3.22934
XM_047431439.1	10040	9812.29	184.011	0.843948
XM_047431440.1	8195	7967.29	6.94443	0.0392255
XM_047431441.1	8195	7967.29	0	0
XM_047431442.1	8105	7877.29	1.17764	0.00672788
XM_047431443.1	8069	7841.29	0	0
XM_047431444.1	4780	4552.29	0	0
XM_047431445.1	7979	7751.29	9.06574e-07	5.26346e-09
XM_047431446.1	4690	4462.29	0.00227749	2.2969e-05
XM_047431447.1	4690	4462.29	0	0
XM_047431448.1	4277	4049.29	0	0
XM_047431449.1	4600	4372.29	6.59154e-05	6.78453e-07
XM_047431450.1	8081	7853.29	0	0
XM_047431451.1	4474	4246.29	0	0
XM_047431452.1	7790	7562.29	72.8898	0.433766
XM_047431453.1	7991	7763.29	1.12732	0.00653496
XM_047431454.1	4174	3946.29	0	0
XM_047431458.1	2364	2136.29	16.5419	0.34847
XM_047431459.1	2129	1901.29	0	0
XM_047431460.1	2810	2582.29	0	0
XM_047431461.1	2158	1930.29	0	0
XM_047431462.1	1987	1759.29	0	0
XM_047431463.1	1771	1543.29	15.5399	0.45315
XM_047431464.1	2317	2089.29	81.5831	1.75729
XM_047431465.1	1455	1227.29	116.83	4.284
XM_047431466.1	2006	1778.29	0.366698	0.00927998
XM_047431467.1	2255	2027.29	66.393	1.47383
XM_047431468.1	1848	1620.29	8.04317	0.223396
XM_047431469.1	1534	1306.29	0.000197615	6.80804e-06
XM_047431470.1	1439	1211.29	6.69162	0.248613
XM_047431471.1	1948	1720.29	42.7976	1.11959
XM_047431472.1	1977	1749.29	0.24014	0.00617796
XM_047431473.1	2347	2119.29	0	0
XM_047431474.1	1177	949.293	20.2393	0.959484
XM_047431475.1	1877	1649.29	12.7974	0.349194
XM_047431476.1	1845	1617.29	307.552	8.55799
XM_047431477.1	1454	1226.29	18.6003	0.682601
XM_047431478.1	3280	3052.29	4.29906e-07	6.33854e-09
XM_047431479.1	3384	3156.29	0	0
XM_047431480.1	1412	1184.29	58.8115	2.23483
XM_047431481.1	2152	1924.29	37.7203	0.882157
XM_047431482.1	3303	3075.29	0	0
XM_047431483.1	1274	1046.29	7.95004	0.341946
XM_047431484.1	829	601.427	26.1986	1.96037
XM_047431485.1	4479	4251.29	0	0
XM_047431486.1	5201	4973.29	0	0
XM_047431487.1	6445	6217.29	15.8109	0.114445
XM_047431488.1	6756	6528.29	0	0
XM_047431489.1	2736	2508.29	102.847	1.84526
XM_047431490.1	3825	3597.29	0	0
XM_047431491.1	7106	6878.29	0	0
XM_047431492.1	1376	1148.29	0.0358938	0.00140672
XM_047431493.1	4081	3853.29	0	0
XM_047431494.1	4057	3829.29	0	0
XM_047431495.1	1542	1314.29	17.0793	0.584817
XM_047431496.1	3716	3488.29	96.9835	1.2512
XM_047431497.1	1492	1264.29	7.44662	0.265066
XM_047431498.1	3211	2983.29	9.9579	0.150215
XM_047431499.1	9423	9195.29	5.4478	0.0266623
XM_047431500.1	9278	9050.29	0	0
XM_047431501.1	9321	9093.29	0	0
XM_047431502.1	8029	7801.29	22.9343	0.1323
XM_047431503.1	15439	15211.3	0	0
XM_047431504.1	15082	14854.3	23.4677	0.0710987
XM_047431505.1	9238	9010.29	0	0
XM_047431506.1	8501	8273.29	60.1006	0.326921
XM_047431507.1	8764	8536.29	29.0113	0.152947
XM_047431508.1	8561	8333.29	0	0
XM_047431509.1	8094	7866.29	0	0
XM_047431510.1	8644	8416.29	18.181	0.0972164
XM_047431511.1	8484	8256.29	12.6329	0.0688589
XM_047431512.1	8341	8113.29	0	0
XM_047431513.1	8544	8316.29	0	0
XM_047431514.1	8414	8186.29	0	0
XM_047431515.1	8457	8229.29	0	0
XM_047431516.1	7838	7610.29	0	0
XM_047431517.1	1093	865.293	180.817	9.40411
XM_047431519.1	1390	1162.29	4.79023	0.185474
XM_047431520.1	2691	2463.29	33.0456	0.603726
XM_047431521.1	9861	9633.29	0	0
XM_047431522.1	3211	2983.29	0	0
XM_047431523.1	3191	2963.29	0	0
XM_047431524.1	2853	2625.29	0	0
XM_047431525.1	1000	772.293	0	0
XM_047431526.1	997	769.293	0	0
XM_047431527.1	1044	816.293	0	0
XM_047431528.1	1041	813.293	0	0
XM_047431529.1	2884	2656.29	0	0
XM_047431530.1	4497	4269.29	2.43684	0.025687
XM_047431531.1	4638	4410.29	19.9045	0.203107
XM_047431532.1	4698	4470.29	1.79132e-07	1.80335e-09
XM_047431533.1	4380	4152.29	3.17789	0.0344424
XM_047431534.1	4307	4079.29	63.3474	0.698853
XM_047431535.1	4427	4199.29	0	0
XM_047431536.1	7138	6910.29	2.07806	0.0135333
XM_047431537.1	6864	6636.29	3.83866	0.0260313
XM_047431538.1	4781	4553.29	0	0
XM_047431539.1	4802	4574.29	6.38293	0.0627969
XM_047431540.1	4150	3922.29	32.3563	0.371245
XM_047431541.1	4314	4086.29	3.00344e-06	3.30774e-08
XM_047431542.1	3216	2988.29	0	0
XM_047431543.1	6637	6409.29	89.0516	0.625279
XM_047431544.1	5923	5695.29	0	0
XM_047431545.1	5034	4806.29	47.4147	0.443961
XM_047431546.1	4698	4470.29	1.00301e-07	1.00975e-09
XM_047431547.1	3063	2835.29	96.6617	1.53426
XM_047431548.1	2256	2028.29	0	0
XM_047431549.1	3126	2898.29	0	0
XM_047431550.1	4623	4395.29	0.856083	0.00876537
XM_047431551.1	3128	2900.29	0	0
XM_047431552.1	5612	5384.29	1.68042e-07	1.40453e-09
XM_047431553.1	5635	5407.29	46.7464	0.389054
XM_047431554.1	1311	1083.29	244.92	10.1747
XM_047431555.1	5047	4819.29	267.36	2.49663
XM_047431556.1	1138	910.293	54.8756	2.71294
XM_047431557.1	1097	869.293	4.76206e-07	2.46531e-08
XM_047431558.1	2016	1788.29	0	0
XM_047431559.1	7350	7122.29	0	0
XM_047431560.1	1568	1340.29	0	0
XM_047431561.1	3797	3569.29	0	0
XM_047431562.1	2616	2388.29	29.2444	0.551058
XM_047431563.1	2346	2118.29	0	0
XM_047431564.1	5761	5533.29	70.6679	0.574752
XM_047431565.1	32256	32028.3	31.3028	0.0439837
XM_047431566.1	21497	21269.3	0.553965	0.00117212
XM_047431567.1	26376	26148.3	8.86328	0.0152543
XM_047431568.1	4329	4101.29	0	0
XM_047431569.1	4213	3985.29	0	0
XM_047431570.1	4388	4160.29	5.34256	0.057792
XM_047431571.1	3472	3244.29	0	0
XM_047431572.1	3811	3583.29	0	0
XM_047431573.1	3914	3686.29	10.3816	0.126741
XM_047431574.1	5080	4852.29	5.54166	0.0513966
XM_047431575.1	3683	3455.29	0	0
XM_047431576.1	4220	3992.29	0	0
XM_047431577.1	3921	3693.29	1.57606	0.0192044
XM_047431578.1	2898	2670.29	23.0215	0.387987
XM_047431579.1	2933	2705.29	0	0
XM_047431580.1	2736	2508.29	0.823392	0.0147731
XM_047431581.1	1947	1719.29	2.40643	0.0629891
XM_047431582.1	8267	8039.29	50.1186	0.280559
XM_047431583.1	2115	1887.29	198.228	4.7268
XM_047431584.1	1851	1623.29	0.623861	0.0172955
XM_047431585.1	3876	3648.29	0	0
XM_047431586.1	2109	1881.29	0	0
XM_047431587.1	1917	1689.29	7.28899	0.19418
XM_047431588.1	1658	1430.29	59.4114	1.86933
XM_047431589.1	3416	3188.29	87.6194	1.23676
XM_047431590.1	3195	2967.29	265.645	4.02887
XM_047431591.1	6402	6174.29	1192.79	8.69396
XM_047431592.1	5280	5052.29	0.985275	0.00877629
XM_047431593.1	3843	3615.29	32.8495	0.40891
XM_047431594.1	1070	842.293	87.7596	4.68893
XM_047431595.1	1958	1730.29	0	0
XM_047431596.1	1646	1418.29	266.222	8.44734
XM_047431597.1	1958	1730.29	8.62101	0.224223
XM_047431598.1	1891	1663.29	0	0
XM_047431599.1	1916	1688.29	342.448	9.12827
XM_047431600.1	7587	7359.29	0.371794	0.00227357
XM_047431601.1	5970	5742.29	0	0
XM_047431602.1	5961	5733.29	0	0
XM_047431603.1	2670	2442.29	0	0
XM_047431606.1	1145	917.293	1001.39	49.1288
XM_047431607.1	731	503.753	383.101	34.2246
XM_047431608.1	16119	15891.3	0	0
XM_047431609.1	1993	1765.29	0	0
XM_047431610.1	3088	2860.29	3.10403	0.048838
XM_047431611.1	3071	2843.29	0	0
XM_047431612.1	49420	49192.3	3.42457	0.00313293
XM_047431613.1	1055	827.293	57.7886	3.14358
XM_047431614.1	3203	2975.29	0	0
XM_047431615.1	3317	3089.29	0	0
XM_047431616.1	2671	2443.29	0.112343	0.00206925
XM_047431617.1	3026	2798.29	4	0.0643293
XM_047431618.1	2104	1876.29	15.3359	0.367833
XM_047431619.1	4247	4019.29	0	0
XM_047431620.1	6531	6303.29	0	0
XM_047431621.1	10620	10392.3	12.3388	0.0534324
XM_047431622.1	12584	12356.3	0	0
XM_047431623.1	12545	12317.3	0	0
XM_047431624.1	9085	8857.29	0	0
XM_047431625.1	12455	12227.3	0	0
XM_047431626.1	12386	12158.3	0	0
XM_047431627.1	8869	8641.29	0	0
XM_047431628.1	2781	2553.29	0	0
XM_047431629.1	3355	3127.29	0	0
XM_047431630.1	2584	2356.29	0	0
XM_047431631.1	5651	5423.29	1.59879	0.0132669
XM_047431632.1	6463	6235.29	0	0
XM_047431633.1	5636	5408.29	156.61	1.30317
XM_047431634.1	5948	5720.29	4.1473	0.0326279
XM_047431635.1	3827	3599.29	0	0
XM_047431636.1	2778	2550.29	0	0
XM_047431637.1	1652	1424.29	86.6521	2.73793
XM_047431638.1	3778	3550.29	0	0
XM_047431639.1	1539	1311.29	0	0
XM_047431640.1	1492	1264.29	51.2235	1.82332
XM_047431641.1	2695	2467.29	3202.52	58.4134
XM_047431642.1	914	686.293	937.969	61.5065
XM_047431643.1	2169	1941.29	215.6	4.99805
XM_047431644.1	1881	1653.29	18.6604	0.50794
XM_047431645.1	2618	2390.29	7.69729	0.14492
XM_047431646.1	1326	1098.29	1.06531	0.0436517
XM_047431647.1	1323	1095.29	0.788834	0.0324114
XM_047431648.1	1026	798.293	0	0
XM_047431649.1	1023	795.293	0	0
XM_047431650.1	2999	2771.29	495.856	8.05222
XM_047431651.1	3791	3563.29	0	0
XM_047431652.1	6279	6051.29	45.1796	0.335998
XM_047431653.1	5910	5682.29	0	0
XM_047431654.1	5050	4822.29	0	0
XM_047431655.1	4165	3937.29	29.9546	0.34238
XM_047431656.1	2082	1854.29	36.9844	0.897599
XM_047431657.1	3561	3333.29	0	0
XM_047431658.1	3734	3506.29	0	0
XM_047431659.1	1035	807.293	221.46	12.3454
XM_047431660.1	3523	3295.29	0	0
XM_047431661.1	8596	8368.29	0	0
XM_047431662.1	3483	3255.29	0	0
XM_047431663.1	3399	3171.29	0	0
XM_047431664.1	3644	3416.29	7.75972	0.102219
XM_047431665.1	3216	2988.29	0	0
XM_047431666.1	3277	3049.29	16.9509	0.25017
XM_047431667.1	8123	7895.29	0	0
XM_047431668.1	7917	7689.29	0	0
XM_047431669.1	2965	2737.29	0	0
XM_047431670.1	3540	3312.29	8.55311	0.116208
XM_047431671.1	2904	2676.29	0	0
XM_047431672.1	2802	2574.29	0	0
XM_047431673.1	3752	3524.29	0	0
XM_047431674.1	2075	1847.29	1.23704	0.0301364
XM_047431675.1	3716	3488.29	1.84015	0.0237401
XM_047431676.1	7787	7559.29	20.5465	0.12232
XM_047431677.1	3716	3488.29	0	0
XM_047431678.1	6080	5852.29	0	0
XM_047431679.1	3713	3485.29	2.91329	0.0376172
XM_047431680.1	6295	6067.29	0	0
XM_047431681.1	3715	3487.29	5.4082	0.0697922
XM_047431682.1	5791	5563.29	6.88	0.0556543
XM_047431683.1	1393	1165.29	0.108038	0.00417236
XM_047431684.1	1138	910.293	985.985	48.7451
XM_047431685.1	1134	906.293	18.5899	0.923102
XM_047431687.1	3677	3449.29	39.2288	0.51182
XM_047431688.1	2441	2213.29	644.926	13.1133
XM_047431689.1	992	764.293	0	0
XM_047431690.1	5788	5560.29	0	0
XM_047431691.1	5517	5289.29	0	0
XM_047431692.1	6034	5806.29	133.327	1.03338
XM_047431693.1	6247	6019.29	0	0
XM_047431694.1	3829	3601.29	12.1882	0.152308
XM_047431695.1	5556	5328.29	0	0
XM_047431696.1	8368	8140.29	47.1513	0.260673
XM_047431697.1	1735	1507.29	130.795	3.90512
XM_047431698.1	3832	3604.29	24.1514	0.301554
XM_047431699.1	3959	3731.29	978.738	11.8045
XM_047431700.1	2888	2660.29	89.0506	1.50643
XM_047431701.1	3786	3558.29	0.314463	0.00397714
XM_047431702.1	3783	3555.29	1.02198	0.0129363
XM_047431703.1	3523	3295.29	6.65115	0.0908332
XM_047431704.1	3523	3295.29	0	0
XM_047431705.1	4257	4029.29	26.6442	0.297588
XM_047431706.1	3520	3292.29	10.8043	0.147687
XM_047431707.1	7528	7300.29	0	0
XM_047431708.1	8159	7931.29	0	0
XM_047431709.1	3629	3401.29	0	0
XM_047431710.1	3626	3398.29	0	0
XM_047431711.1	4654	4426.29	0	0
XM_047431712.1	3593	3365.29	1.00473	0.013436
XM_047431713.1	5703	5475.29	0	0
XM_047431714.1	5649	5421.29	88.282	0.732844
XM_047431715.1	5604	5376.29	0	0
XM_047431716.1	5562	5334.29	0	0
XM_047431717.1	5550	5322.29	1.92002	0.0162349
XM_047431718.1	5621	5393.29	0	0
XM_047431719.1	5567	5339.29	0	0
XM_047431720.1	3590	3362.29	3.44283	0.0460811
XM_047431722.1	5461	5233.29	0	0
XM_047431723.1	5290	5062.29	113.578	1.00969
XM_047431724.1	10346	10118.3	0	0
XM_047431725.1	11264	11036.3	0	0
XM_047431726.1	3436	3208.29	0	0
XM_047431727.1	1769	1541.29	0	0
XM_047431728.1	3986	3758.29	134.909	1.61545
XM_047431729.1	3403	3175.29	0	0
XM_047431730.1	3400	3172.29	0	0
XM_047431731.1	4559	4331.29	46.1259	0.479258
XM_047431732.1	3506	3278.29	0	0
XM_047431733.1	11370	11142.3	215.159	0.869016
XM_047431734.1	7249	7021.29	48.858	0.313156
XM_047431735.1	5557	5329.29	0	0
XM_047431736.1	3813	3585.29	130.373	1.63646
XM_047431737.1	4045	3817.29	8.49961	0.100204
XM_047431738.1	7977	7749.29	17.2297	0.100059
XM_047431739.1	7592	7364.29	5.88863	0.0359853
XM_047431740.1	7511	7283.29	5.10351	0.0315343
XM_047431741.1	15361	15133.3	2.09555	0.00623171
XM_047431742.1	7499	7271.29	8.30598	0.0514069
XM_047431743.1	964	736.293	32.3493	1.97723
XM_047431744.1	1134	906.293	0.000218638	1.08567e-05
XM_047431745.1	834	606.427	19.5206	1.44862
XM_047431746.1	2152	1924.29	0	0
XM_047431747.1	3399	3171.29	0	0
XM_047431748.1	1946	1718.29	0	0
XM_047431749.1	1896	1668.29	0	0
XM_047431750.1	1833	1605.29	0	0
XM_047431751.1	1344	1116.29	0	0
XM_047431752.1	27967	27739.3	0	0
XM_047431753.1	26847	26619.3	16.9525	0.0286602
XM_047431754.1	27964	27736.3	0	0
XM_047431755.1	1732	1504.29	0	0
XM_047431756.1	27892	27664.3	0	0
XM_047431757.1	2802	2574.29	749.232	13.0979
XM_047431758.1	2678	2450.29	94.6516	1.73841
XM_047431759.1	2851	2623.29	36.4686	0.625625
XM_047431760.1	2748	2520.29	172.304	3.07671
XM_047431761.1	2769	2541.29	233.155	4.12888
XM_047431762.1	2751	2523.29	143.211	2.55418
XM_047431763.1	2772	2544.29	30.9801	0.547972
XM_047431764.1	2754	2526.29	6.07255e-05	1.08176e-06
XM_047431765.1	2582	2354.29	9.525	0.182074
XM_047431766.1	2664	2436.29	53.5326	0.988852
XM_047431767.1	2831	2603.29	81.3766	1.40676
XM_047431768.1	2671	2443.29	0	0
XM_047431769.1	2626	2398.29	0	0
XM_047431770.1	1544	1316.29	2.23754	0.0764999
XM_047431771.1	2557	2329.29	0	0
XM_047431772.1	15656	15428.3	4.3424	0.0126664
XM_047431773.1	5466	5238.29	103.803	0.891793
XM_047431774.1	2972	2744.29	1.51748e-06	2.48849e-08
XM_047431775.1	1525	1297.29	20.9756	0.727643
XM_047431776.1	4234	4006.29	5.27727	0.0592801
XM_047431778.1	3120	2892.29	6.64983e-05	1.03469e-06
XM_047431779.1	2969	2741.29	0	0
XM_047431780.1	1985	1757.29	0	0
XM_047431781.1	2848	2620.29	7.51714	0.129106
XM_047431782.1	1841	1613.29	0	0
XM_047431783.1	1575	1347.29	0	0
XM_047431784.1	1396	1168.29	18.1402	0.698768
XM_047431785.1	1018	790.293	6.96198	0.396448
XM_047431786.1	2736	2508.29	0	0
XM_047431787.1	2702	2474.29	0	0
XM_047431788.1	725	497.753	0	0
XM_047431789.1	869	641.427	0	0
XM_047431790.1	7943	7715.29	11.1438	0.0650012
XM_047431791.1	8118	7890.29	18.1839	0.103714
XM_047431792.1	2665	2437.29	0	0
XM_047431793.1	4244	4016.29	0	0
XM_047431794.1	3071	2843.29	55.1188	0.872409
XM_047431795.1	1459	1231.29	0	0
XM_047431796.1	3261	3033.29	0	0
XM_047431797.1	2703	2475.29	0	0
XM_047431798.1	3282	3054.29	1.07216	0.0157976
XM_047431799.1	3279	3051.29	4.12458	0.0608328
XM_047431800.1	2605	2377.29	0	0
XM_047431801.1	4716	4488.29	0	0
XM_047431802.1	2159	1931.29	0.527781	0.0122984
XM_047431803.1	4524	4296.29	0	0
XM_047431804.1	15894	15666.3	5.42899	0.0155954
XM_047431805.1	2854	2626.29	13.6551	0.233987
XM_047431806.1	2871	2643.29	6.43484	0.109556
XM_047431807.1	1259	1031.29	0	0
XM_047431808.1	2075	1847.29	0	0
XM_047431809.1	2779	2551.29	52.8698	0.932587
XM_047431810.1	2054	1826.29	0	0
XM_047431811.1	4957	4729.29	0	0
XM_047431812.1	11523	11295.3	0	0
XM_047431813.1	11498	11270.3	0	0
XM_047431814.1	1296	1068.29	0	0
XM_047431815.1	4456	4228.29	0	0
XM_047431816.1	11022	10794.3	3.58976e-08	1.49663e-10
XM_047431817.1	11201	10973.3	0	0
XM_047431818.1	9115	8887.29	0	0
XM_047431819.1	8942	8714.29	3.82983	0.0197783
XM_047431820.1	10190	9962.29	0	0
XM_047431821.1	9107	8879.29	0	0
XM_047431822.1	9218	8990.29	0	0
XM_047431823.1	9206	8978.29	0	0
XM_047431824.1	8974	8746.29	0.0251614	0.000129465
XM_047431825.1	6107	5879.29	0	0
XM_047431826.1	1275	1047.29	0	0
XM_047431827.1	1648	1420.29	0	0
XM_047431828.1	1446	1218.29	0	0
XM_047431831.1	1657	1429.29	0	0
XM_047431836.1	1653	1425.29	0	0
XM_047431838.1	1759	1531.29	0	0
XM_047431839.1	4034	3806.29	104.805	1.23914
XM_047431841.1	5268	5040.29	0	0
XM_047431842.1	4119	3891.29	0	0
XM_047431843.1	1930	1702.29	0	0
XM_047431845.1	1497	1269.29	2	0.0709105
XM_047431846.1	5879	5651.29	0	0
XM_047431847.1	5955	5727.29	11.1989	0.0879968
XM_047431848.1	659	432.717	29.8358	3.10296
XM_047431849.1	3053	2825.29	0	0
XM_047431850.1	2882	2654.29	0	0
XM_047431851.1	2664	2436.29	0	0
XM_047431852.1	2806	2578.29	0	0
XM_047431853.1	2952	2724.29	0	0
XM_047431854.1	3017	2789.29	43.5358	0.702416
XM_047431855.1	2740	2512.29	0	0
XM_047431856.1	2777	2549.29	0	0
XM_047431857.1	2493	2265.29	0	0
XM_047431858.1	2635	2407.29	0	0
XM_047431859.1	2489	2261.29	0	0
XM_047431860.1	2233	2005.29	0	0
XM_047431861.1	2172	1944.29	0	0
XM_047431862.1	2107	1879.29	0	0
XM_047431863.1	1988	1760.29	0	0
XM_047431864.1	1823	1595.29	0	0
XM_047431865.1	1936	1708.29	0	0
XM_047431866.1	2624	2396.29	17.5301	0.329221
XM_047431867.1	1652	1424.29	39.1369	1.2366
XM_047431868.1	1648	1420.29	9.24001	0.292777
XM_047431869.1	1940	1712.29	0	0
XM_047431870.1	1583	1355.29	0	0
XM_047431871.1	3809	3581.29	12.1787	0.153039
XM_047431872.1	6124	5896.29	0	0
XM_047431873.1	5785	5557.29	0	0
XM_047431874.1	5652	5424.29	0	0
XM_047431875.1	5964	5736.29	0	0
XM_047431876.1	2728	2500.29	0	0
XM_047431877.1	4866	4638.29	29.7838	0.288977
XM_047431878.1	4651	4423.29	0	0
XM_047431879.1	1596	1368.29	5.62699	0.185071
XM_047431880.1	4595	4367.29	0	0
XM_047431881.1	4592	4364.29	0	0
XM_047431882.1	4592	4364.29	0	0
XM_047431883.1	4589	4361.29	0	0
XM_047431884.1	4586	4358.29	0	0
XM_047431885.1	4586	4358.29	0	0
XM_047431886.1	4583	4355.29	0	0
XM_047431887.1	4466	4238.29	0	0
XM_047431888.1	4463	4235.29	0	0
XM_047431889.1	4463	4235.29	0	0
XM_047431890.1	4460	4232.29	0	0
XM_047431891.1	4457	4229.29	0	0
XM_047431892.1	4457	4229.29	0	0
XM_047431893.1	4454	4226.29	0	0
XM_047431894.1	4266	4038.29	0	0
XM_047431895.1	4163	3935.29	0	0
XM_047431896.1	3478	3250.29	0	0
XM_047431897.1	2567	2339.29	5.9685	0.114821
XM_047431898.1	2970	2742.29	0	0
XM_047431899.1	2954	2726.29	1.90626e-07	3.14667e-09
XM_047431900.1	2920	2692.29	0	0
XM_047431901.1	2923	2695.29	0.0356606	0.000595423
XM_047431902.1	2905	2677.29	60.9265	1.02412
XM_047431903.1	2872	2644.29	0.581348	0.00989394
XM_047431904.1	2883	2655.29	20.3659	0.345171
XM_047431906.1	2832	2604.29	12.7282	0.219947
XM_047431908.1	2784	2556.29	49.8582	0.877745
XM_047431909.1	1626	1398.29	2.77793	0.0894057
XM_047431910.1	1551	1323.29	18.0189	0.612794
XM_047431911.1	3096	2868.29	1153.06	18.0913
XM_047431912.1	5209	4981.29	72.5826	0.655742
XM_047431913.1	7567	7339.29	20.3464	0.12476
XM_047431914.1	7663	7435.29	0	0
XM_047431915.1	3077	2849.29	4.94746	0.0781426
XM_047431916.1	4587	4359.29	21.8161	0.225218
XM_047431917.1	1922	1694.29	0	0
XM_047431918.1	643	416.972	0	0
XM_047431919.1	8013	7785.29	0	0
XM_047431920.1	2697	2469.29	8.28366e-06	1.5097e-07
XM_047431921.1	3063	2835.29	0	0
XM_047431922.1	1490	1262.29	0	0
XM_047431923.1	4727	4499.29	16.8973	0.169012
XM_047431924.1	4241	4013.29	0	0
XM_047431925.1	4022	3794.29	2.96235	0.0351356
XM_047431926.1	2538	2310.29	0	0
XM_047431927.1	2215	1987.29	17.7917	0.4029
XM_047431928.1	1448	1220.29	0	0
XM_047431929.1	672	445.496	2.24939	0.227229
XM_047431930.1	5037	4809.29	20.2076	0.189093
XM_047431931.1	586	361.171	0	0
XM_047431932.1	2218	1990.29	23.4673	0.530627
XM_047431933.1	2125	1897.29	51.6764	1.22574
XM_047431934.1	6465	6237.29	1.71773	0.0123937
XM_047431935.1	8396	8168.29	406.301	2.23851
XM_047431936.1	6530	6302.29	0	0
XM_047431937.1	4703	4475.29	3.53987	0.0355966
XM_047431938.1	6788	6560.29	0	0
XM_047431939.1	12363	12135.3	0	0
XM_047431940.1	12351	12123.3	0	0
XM_047431941.1	12324	12096.3	0	0
XM_047431942.1	12270	12042.3	0.792711	0.00296243
XM_047431943.1	12261	12033.3	0	0
XM_047431944.1	12234	12006.3	0	0
XM_047431945.1	12072	11844.3	0	0
XM_047431946.1	12069	11841.3	0	0
XM_047431947.1	12057	11829.3	0	0
XM_047431948.1	12030	11802.3	0	0
XM_047431949.1	12021	11793.3	0	0
XM_047431950.1	11991	11763.3	0	0
XM_047431951.1	11982	11754.3	0	0
XM_047431952.1	11967	11739.3	0	0
XM_047431953.1	11748	11520.3	0	0
XM_047431954.1	11736	11508.3	0	0
XM_047431955.1	11709	11481.3	0	0
XM_047431956.1	11700	11472.3	0	0
XM_047431957.1	11670	11442.3	0	0
XM_047431958.1	11646	11418.3	0	0
XM_047431959.1	11637	11409.3	0	0
XM_047431960.1	5812	5584.29	0	0
XM_047431961.1	5800	5572.29	0	0
XM_047431962.1	6342	6114.29	17.6406	0.12984
XM_047431963.1	5749	5521.29	0	0
XM_047431964.1	5686	5458.29	0	0
XM_047431965.1	6407	6179.29	0	0
XM_047431966.1	15130	14902.3	2.26944e-07	6.85344e-10
XM_047431967.1	15128	14900.3	2.72794e-07	8.23914e-10
XM_047431968.1	14942	14714.3	8.2262	0.0251595
XM_047431969.1	15196	14968.3	0	0
XM_047431970.1	15077	14849.3	3.00121e-05	9.09564e-08
XM_047431971.1	14996	14768.3	0	0
XM_047431972.1	6364	6136.29	13.2977	0.0975241
XM_047431973.1	6665	6437.29	0	0
XM_047431979.1	4555	4327.29	0	0
XM_047431980.1	2198	1970.29	0	0
XM_047431981.1	4840	4612.29	0	0
XM_047431982.1	4711	4483.29	226.984	2.27846
XM_047431983.1	2121	1893.29	31	0.736862
XM_047431984.1	2353	2125.29	0	0
XM_047431985.1	5510	5282.29	0	0
XM_047431986.1	1793	1565.29	0	0
XM_047431987.1	2255	2027.29	0	0
XM_047431988.1	5064	4836.29	0	0
XM_047431989.1	3982	3754.29	0	0
XM_047431990.1	2684	2456.29	0	0
XM_047431991.1	3826	3598.29	0	0
XM_047431997.1	3761	3533.29	0	0
XM_047431998.1	4550	4322.29	13.2637	0.1381
XM_047431999.1	3542	3314.29	0	0
XM_047432000.1	8615	8387.29	0	0
XM_047432001.1	8511	8283.29	0	0
XM_047432002.1	8160	7932.29	226.295	1.28386
XM_047432003.1	8549	8321.29	0	0
XM_047432004.1	5305	5077.29	13.8807	0.123033
XM_047432005.1	6725	6497.29	0	0
XM_047432006.1	8483	8255.29	0	0
XM_047432007.1	6450	6222.29	9.61425	0.0695356
XM_047432008.1	6312	6084.29	0.00234371	1.73355e-05
XM_047432009.1	6840	6612.29	19.9409	0.135717
XM_047432010.1	5182	4954.29	663.76	6.02937
XM_047432011.1	6602	6374.29	0	0
XM_047432012.1	8360	8132.29	0	0
XM_047432013.1	6327	6099.29	227.334	1.67736
XM_047432014.1	6180	5952.29	75.954	0.57426
XM_047432015.1	6470	6242.29	0	0
XM_047432016.1	3366	3138.29	20.9184	0.299969
XM_047432018.1	5330	5102.29	0	0
XM_047432019.1	5207	4979.29	0	0
XM_047432020.1	2234	2006.29	34.3691	0.770933
XM_047432021.1	3416	3188.29	14.0076	0.197719
XM_047432022.1	1662	1434.29	13.2002	0.414176
XM_047432023.1	1557	1329.29	2.35643	0.0797767
XM_047432024.1	1144	916.293	6.91526	0.339638
XM_047432025.1	294	113.843	0	0
XM_047432026.1	4260	4032.29	0	0
XM_047432027.1	4260	4032.29	0	0
XM_047432028.1	3418	3190.29	0	0
XM_047432029.1	4218	3990.29	66.4012	0.748882
XM_047432030.1	4215	3987.29	8.35081	0.0942525
XM_047432031.1	4065	3837.29	0	0
XM_047432032.1	2696	2468.29	659.566	12.0255
XM_047432033.1	2693	2465.29	105.454	1.92503
XM_047432034.1	2642	2414.29	0	0
XM_047432035.1	2643	2415.29	1	0.0186326
XM_047432036.1	916	688.293	0	0
XM_047432037.1	3576	3348.29	0	0
XM_047432038.1	3849	3621.29	5.31535	0.0660557
XM_047432039.1	3738	3510.29	1.45973	0.0187142
XM_047432040.1	7028	6800.29	31.55	0.208792
XM_047432041.1	9142	8914.29	6.6567	0.0336058
XM_047432042.1	2553	2325.29	1.38021	0.0267123
XM_047432043.1	2753	2525.29	128.528	2.2905
XM_047432044.1	2204	1976.29	3.21316	0.0731683
XM_047432045.1	398	190.353	0	0
XM_047432046.1	822	594.427	0	0
XM_047432047.1	432	218.698	11.738	2.41541
XM_047432048.1	929	701.293	0	0
XM_047432049.1	15349	15121.3	6	0.0178568
XM_047432050.1	1612	1384.29	0	0
XM_047432051.1	10718	10490.3	0	0
XM_047432052.1	10697	10469.3	0	0
XM_047432053.1	10224	9996.29	0	0
XM_047432054.1	10416	10188.3	0	0
XM_047432055.1	10199	9971.29	0	0
XM_047432056.1	10209	9981.29	0	0
XM_047432057.1	10164	9936.29	0	0
XM_047432058.1	10356	10128.3	17.4852	0.077692
XM_047432059.1	10106	9878.29	0	0
XM_047432060.1	10149	9921.29	0	0
XM_047432061.1	1452	1224.29	48.6563	1.78853
XM_047432064.1	2087	1859.29	0	0
XM_047432065.1	7997	7769.29	0	0
XM_047432066.1	2262	2034.29	0	0
XM_047432067.1	999	771.293	1.45001e-08	8.46046e-10
XM_047432068.1	988	760.293	5.17858	0.306529
XM_047432069.1	6966	6738.29	140.48	0.938226
XM_047432070.1	967	739.293	5.73367	0.349026
XM_047432071.1	1231	1003.29	22.2502	0.998041
XM_047432072.1	1548	1320.29	0	0
XM_047432073.1	5418	5190.29	0	0
XM_047432074.1	5313	5085.29	26.2806	0.232574
XM_047432075.1	5265	5037.29	0	0
XM_047432076.1	5032	4804.29	0	0
XM_047432077.1	2255	2027.29	0	0
XM_047432078.1	2207	1979.29	0	0
XM_047432079.1	980	752.293	9.06024	0.541994
XM_047432080.1	7094	6866.29	0	0
XM_047432081.1	7221	6993.29	0	0
XM_047432082.1	7140	6912.29	0	0
XM_047432083.1	7077	6849.29	27.4536	0.180383
XM_047432084.1	13118	12890.3	179.789	0.627688
XM_047432085.1	7225	6997.29	0	0
XM_047432086.1	8864	8636.29	0	0
XM_047432087.1	8785	8557.29	0	0
XM_047432088.1	8733	8505.29	0	0
XM_047432089.1	8947	8719.29	0	0
XM_047432090.1	8861	8633.29	0	0
XM_047432091.1	8782	8554.29	0	0
XM_047432092.1	8730	8502.29	0	0
XM_047432093.1	8944	8716.29	0	0
XM_047432094.1	8920	8692.29	1.22249e-05	6.32925e-08
XM_047432095.1	8703	8475.29	52.9734	0.281284
XM_047432096.1	8917	8689.29	1.07779e-05	5.58204e-08
XM_047432097.1	8755	8527.29	0.000433667	2.28869e-06
XM_047432098.1	8732	8504.29	0	0
XM_047432099.1	8601	8373.29	0	0
XM_047432100.1	8653	8425.29	0	0
XM_047432101.1	8815	8587.29	0	0
XM_047432102.1	8574	8346.29	175.007	0.943635
XM_047432103.1	8788	8560.29	2.82711e-05	1.48626e-07
XM_047432104.1	8657	8429.29	45.6506	0.243723
XM_047432105.1	7205	6977.29	0	0
XM_047432106.1	4478	4250.29	271.091	2.87038
XM_047432107.1	1659	1431.29	0	0
XM_047432108.1	7453	7225.29	115.297	0.718135
XM_047432109.1	7546	7318.29	19.101	0.11746
XM_047432110.1	793	565.487	2.17631	0.173197
XM_047432111.1	5338	5110.29	30.6589	0.269993
XM_047432112.1	5281	5053.29	110.548	0.984509
XM_047432113.1	5784	5556.29	8.16923	0.0661665
XM_047432114.1	8133	7905.29	0	0
XM_047432115.1	8227	7999.29	0	0
XM_047432118.1	7985	7757.29	0	0
XM_047432122.1	5318	5090.29	37.4819	0.331376
XM_047432123.1	4817	4589.29	0	0
XM_047432124.1	3057	2829.29	0	0
XM_047432125.1	3128	2900.29	38.6981	0.600469
XM_047432126.1	6001	5773.29	0	0
XM_047432127.1	5998	5770.29	0	0
XM_047432128.1	1611	1383.29	11.3109	0.367981
XM_047432129.1	1056	828.293	0	0
XM_047432130.1	3667	3439.29	6.44956	0.0843923
XM_047432131.1	3765	3537.29	6.28068	0.0799057
XM_047432132.1	1913	1685.29	0	0
XM_047432133.1	1838	1610.29	0	0
XM_047432134.1	1305	1077.29	0	0
XM_047432135.1	4281	4053.29	0	0
XM_047432136.1	4208	3980.29	0	0
XM_047432139.1	4205	3977.29	0	0
XM_047432140.1	2226	1998.29	116.622	2.62642
XM_047432141.1	4239	4011.29	52.4048	0.587935
XM_047432142.1	2777	2549.29	111.498	1.96829
XM_047432143.1	4166	3938.29	32.6352	0.372924
XM_047432144.1	4236	4008.29	6.20407e-07	6.96562e-09
XM_047432145.1	2627	2399.29	0	0
XM_047432146.1	2543	2315.29	0	0
XM_047432147.1	4163	3935.29	2.71806e-07	3.10831e-09
XM_047432148.1	972	744.293	111.479	6.74047
XM_047432149.1	5390	5162.29	0	0
XM_047432150.1	5580	5352.29	0	0
XM_047432151.1	2674	2446.29	0	0
XM_047432152.1	4145	3917.29	89.0843	1.02343
XM_047432153.1	1666	1438.29	0	0
XM_047432154.1	1498	1270.29	83.366	2.95343
XM_047432155.1	4215	3987.29	153.192	1.72903
XM_047432156.1	1803	1575.29	0	0
XM_047432157.1	4142	3914.29	98.0339	1.12711
XM_047432158.1	1937	1709.29	0	0
XM_047432159.1	1714	1486.29	0	0
XM_047432160.1	1699	1471.29	0	0
XM_047432161.1	3471	3243.29	0	0
XM_047432162.1	3386	3158.29	317.487	4.52393
XM_047432163.1	4051	3823.29	68.8124	0.809975
XM_047432164.1	3266	3038.29	0	0
XM_047432165.1	3824	3596.29	0	0
XM_047432166.1	3485	3257.29	49.8615	0.688891
XM_047432167.1	1359	1131.29	0	0
XM_047432168.1	3470	3242.29	0	0
XM_047432169.1	3598	3370.29	0	0
XM_047432170.1	3563	3335.29	0	0
XM_047432171.1	3725	3497.29	0	0
XM_047432172.1	3761	3533.29	1.76725	0.0225093
XM_047432173.1	1536	1308.29	20.047	0.689582
XM_047432174.1	1647	1419.29	11.6936	0.370783
XM_047432175.1	909	681.293	6.34826	0.419337
XM_047432176.1	1780	1552.29	1	0.0289914
XM_047432177.1	938	710.293	0	0
XM_047432178.1	1411	1183.29	0	0
XM_047432179.1	1428	1200.29	0	0
XM_047432180.1	1711	1483.29	0	0
XM_047432181.1	1709	1481.29	0	0
XM_047432182.1	1578	1350.29	0	0
XM_047432183.1	1710	1482.29	0	0
XM_047432184.1	1916	1688.29	0	0
XM_047432185.1	3229	3001.29	0.00411401	6.16877e-05
XM_047432186.1	3512	3284.29	0	0
XM_047432187.1	6375	6147.29	336.912	2.46647
XM_047432188.1	5401	5173.29	0	0
XM_047432189.1	11026	10798.3	0	0
XM_047432190.1	10883	10655.3	0	0
XM_047432191.1	10885	10657.3	0	0
XM_047432192.1	11474	11246.3	6.10696	0.0244376
XM_047432193.1	3439	3211.29	72.1342	1.01089
XM_047432194.1	3192	2964.29	14.0281	0.21297
XM_047432195.1	3889	3661.29	47.6029	0.585115
XM_047432196.1	8195	7967.29	45.5437	0.257253
XM_047432197.1	18890	18662.3	0	0
XM_047432198.1	1390	1162.29	0	0
XM_047432199.1	7370	7142.29	0	0
XM_047432200.1	7334	7106.29	0	0
XM_047432201.1	7007	6779.29	0	0
XM_047432202.1	4046	3818.29	0	0
XM_047432203.1	4216	3988.29	11.5417	0.130235
XM_047432204.1	4086	3858.29	8.69854	0.10146
XM_047432205.1	4043	3815.29	2.42692	0.0286266
XM_047432206.1	4026	3798.29	0	0
XM_047432207.1	4196	3968.29	3.51379	0.0398487
XM_047432208.1	4086	3858.29	0.000121131	1.41287e-06
XM_047432209.1	2967	2739.29	0	0
XM_047432210.1	2912	2684.29	0	0
XM_047432211.1	3004	2776.29	0	0
XM_047432212.1	4828	4600.29	0	0
XM_047432213.1	3344	3116.29	0	0
XM_047432214.1	8059	7831.29	25.7695	0.148086
XM_047432215.1	8058	7830.29	24.498	0.140797
XM_047432216.1	8142	7914.29	65.7657	0.373964
XM_047432217.1	7944	7716.29	78.0607	0.455267
XM_047432218.1	3497	3269.29	0	0
XM_047432219.1	3289	3061.29	0	0
XM_047432220.1	5638	5410.29	1.73915	0.0144663
XM_047432221.1	3253	3025.29	12.5164	0.186189
XM_047432222.1	3250	3022.29	0	0
XM_047432223.1	3251	3023.29	3.07553	0.0457806
XM_047432224.1	3049	2821.29	0	0
XM_047432225.1	1440	1212.29	0	0
XM_047432226.1	3490	3262.29	0	0
XM_047432227.1	1659	1431.29	0	0
XM_047432228.1	1551	1323.29	0	0
XM_047432230.1	2402	2174.29	0	0
XM_047432231.1	2831	2603.29	0	0
XM_047432232.1	1373	1145.29	0	0
XM_047432233.1	2827	2599.29	0	0
XM_047432234.1	2653	2425.29	0	0
XM_047432235.1	2622	2394.29	2.15918	0.040584
XM_047432236.1	1731	1503.29	0	0
XM_047432237.1	2448	2220.29	22.7303	0.460719
XM_047432238.1	1521	1293.29	16.3798	0.569972
XM_047432239.1	1736	1508.29	0.0083907	0.000250354
XM_047432240.1	11885	11657.3	25.2052	0.097305
XM_047432241.1	6646	6418.29	2.61287	0.0183207
XM_047432242.1	4526	4298.29	0.155686	0.00163003
XM_047432243.1	5349	5121.29	12.1966	0.107177
XM_047432244.1	4821	4593.29	0	0
XM_047432245.1	4596	4368.29	0	0
XM_047432246.1	4776	4548.29	256.688	2.5398
XM_047432247.1	4770	4542.29	396.878	3.9321
XM_047432249.1	4555	4327.29	3.24378e-07	3.37348e-09
XM_047432250.1	4440	4212.29	45.9716	0.49115
XM_047432251.1	1852	1624.29	6.55045	0.181488
XM_047432252.1	4412	4184.29	6.17366	0.0663992
XM_047432253.1	4274	4046.29	2.72145	0.0302681
XM_047432254.1	4244	4016.29	10.3232	0.115673
XM_047432255.1	1773	1545.29	35.05	1.02075
XM_047432256.1	5738	5510.29	19.7456	0.161264
XM_047432257.1	8288	8060.29	99.6697	0.556487
XM_047432258.1	6258	6030.29	0	0
XM_047432259.1	7734	7506.29	33.1865	0.198966
XM_047432260.1	7804	7576.29	95.8927	0.569602
XM_047432261.1	7464	7236.29	0	0
XM_047432262.1	5170	4942.29	266.266	2.42454
XM_047432263.1	8794	8566.29	1358.93	7.13915
XM_047432264.1	1808	1580.29	5.76238	0.164099
XM_047432265.1	8864	8636.29	0.00190773	9.94102e-06
XM_047432266.1	8889	8661.29	3.62589e-05	1.88397e-07
XM_047432267.1	3294	3066.29	39.6179	0.58146
XM_047432268.1	2515	2287.29	0	0
XM_047432269.1	5972	5744.29	130.302	1.02084
XM_047432270.1	5532	5304.29	79.8279	0.677282
XM_047432271.1	5506	5278.29	0	0
XM_047432272.1	1750	1522.29	28.4383	0.840712
XM_047432273.1	6754	6526.29	0	0
XM_047432274.1	1714	1486.29	0	0
XM_047432275.1	1656	1428.29	16.385	0.516265
XM_047432276.1	12147	11919.3	56.7625	0.214316
XM_047432277.1	1608	1380.29	13.0213	0.424547
XM_047432278.1	12169	11941.3	44.0212	0.165902
XM_047432279.1	12003	11775.3	0	0
XM_047432280.1	12000	11772.3	86.3239	0.329999
XM_047432281.1	11817	11589.3	11.9536	0.0464177
XM_047432282.1	11839	11611.3	9.21979	0.0357341
XM_047432283.1	11716	11488.3	0.011743	4.60008e-05
XM_047432284.1	1603	1375.29	65.5804	2.14596
XM_047432285.1	11692	11464.3	0.00213885	8.39605e-06
XM_047432286.1	11523	11295.3	0	0
XM_047432287.1	11566	11338.3	97.2842	0.386133
XM_047432288.1	11520	11292.3	23.3934	0.0932297
XM_047432289.1	11542	11314.3	17.8963	0.0711831
XM_047432290.1	11422	11194.3	0	0
XM_047432291.1	11373	11145.3	0.757571	0.00305896
XM_047432292.1	11239	11011.3	0	0
XM_047432293.1	11236	11008.3	118.287	0.483571
XM_047432294.1	1654	1426.29	7.848	0.247624
XM_047432295.1	11190	10962.3	27.1802	0.111582
XM_047432296.1	11212	10984.3	20.6014	0.0844046
XM_047432297.1	11089	10861.3	71.5429	0.296434
XM_047432298.1	11043	10815.3	16.0197	0.066659
XM_047432299.1	11016	10788.3	34.8881	0.145535
XM_047432300.1	11163	10935.3	0	0
XM_047432301.1	10869	10641.3	55.1718	0.233327
XM_047432302.1	11160	10932.3	37.579	0.154695
XM_047432303.1	10686	10458.3	6.09519	0.0262282
XM_047432304.1	10539	10311.3	0.000547852	2.39107e-06
XM_047432305.1	10392	10164.3	0	0
XM_047432306.1	10389	10161.3	12.6164	0.0558765
XM_047432307.1	10242	10014.3	0.274152	0.00123201
XM_047432308.1	10059	9831.29	14.5704	0.0666964
XM_047432309.1	5109	4881.29	0	0
XM_047432310.1	4878	4650.29	0	0
XM_047432311.1	4878	4650.29	0	0
XM_047432312.1	4858	4630.29	0	0
XM_047432313.1	4548	4320.29	7.18785	0.0748734
XM_047432314.1	9009	8781.29	0	0
XM_047432315.1	8919	8691.29	0	0
XM_047432316.1	10321	10093.3	192.379	0.857762
XM_047432317.1	10446	10218.3	9.02646e-06	3.9754e-08
XM_047432318.1	8841	8613.29	9.57356	0.0500204
XM_047432319.1	8149	7921.29	0	0
XM_047432320.1	8146	7918.29	0	0
XM_047432321.1	5126	4898.29	0	0
XM_047432322.1	2252	2024.29	17.7733	0.395126
XM_047432323.1	3050	2822.29	3.80378	0.0606534
XM_047432324.1	6634	6406.29	117.415	0.824822
XM_047432325.1	6955	6727.29	0.00878839	5.87911e-05
XM_047432326.1	3007	2779.29	0	0
XM_047432327.1	5418	5190.29	32.8236	0.284601
XM_047432328.1	3078	2850.29	4.51835	0.0713399
XM_047432334.1	1512	1284.29	66.6929	2.33699
XM_047432335.1	7013	6785.29	0.000513077	3.40296e-06
XM_047432336.1	7228	7000.29	84.1828	0.54119
XM_047432337.1	4631	4403.29	0	0
XM_047432338.1	6818	6590.29	2.81341	0.0192119
XM_047432339.1	7053	6825.29	0	0
XM_047432340.1	2236	2008.29	1.64137	0.0367809
XM_047432341.1	4197	3969.29	0	0
XM_047432342.1	7542	7314.29	0	0
XM_047432343.1	7391	7163.29	0	0
XM_047432344.1	7461	7233.29	0	0
XM_047432345.1	7422	7194.29	0	0
XM_047432346.1	9922	9694.29	61.3189	0.284656
XM_047432347.1	2005	1777.29	0	0
XM_047432348.1	1792	1564.29	43.6555	1.25592
XM_047432349.1	2678	2450.29	129.303	2.37484
XM_047432350.1	2778	2550.29	0	0
XM_047432351.1	1682	1454.29	0	0
XM_047432352.1	8169	7941.29	4.99913	0.0283299
XM_047432353.1	5138	4910.29	14.1209	0.129419
XM_047432354.1	1422	1194.29	20.3259	0.765915
XM_047432355.1	6886	6658.29	18.1339	0.122566
XM_047432356.1	6501	6273.29	0.410723	0.00294643
XM_047432357.1	10921	10693.3	36.7481	0.154656
XM_047432358.1	6573	6345.29	0.516197	0.00366105
XM_047432359.1	6668	6440.29	81.4269	0.56899
XM_047432360.1	8527	8299.29	38.1361	0.206794
XM_047432361.1	6984	6756.29	0	0
XM_047432362.1	6864	6636.29	0	0
XM_047432363.1	4591	4363.29	0	0
XM_047432364.1	10816	10588.3	0	0
XM_047432365.1	10735	10507.3	194.577	0.833379
XM_047432367.1	6640	6412.29	21.7013	0.152305
XM_047432368.1	2559	2331.29	7.18442	0.138687
XM_047432369.1	1455	1227.29	27.1448	0.995362
XM_047432370.1	1447	1219.29	0	0
XM_047432371.1	1380	1152.29	20.3433	0.794513
XM_047432372.1	1150	922.293	0	0
XM_047432373.1	2558	2330.29	0	0
XM_047432374.1	4483	4255.29	40.5081	0.428405
XM_047432375.1	4789	4561.29	0.880489	0.00868717
XM_047432376.1	5890	5662.29	27.4741	0.21836
XM_047432377.1	6362	6134.29	0	0
XM_047432378.1	6349	6121.29	2.78238	0.0204558
XM_047432379.1	14548	14320.3	12.5559	0.0394582
XM_047432380.1	2766	2538.29	0.00205215	3.63839e-05
XM_047432381.1	8507	8279.29	20.899	0.113599
XM_047432382.1	10424	10196.3	0	0
XM_047432383.1	2348	2120.29	0	0
XM_047432384.1	1656	1428.29	19.0032	0.598758
XM_047432385.1	4012	3784.29	0	0
XM_047432386.1	2814	2586.29	0.0121702	0.000211769
XM_047432387.1	2774	2546.29	2.52199	0.0445736
XM_047432388.1	2613	2385.29	0	0
XM_047432389.1	1033	805.293	83.48	4.6652
XM_047432390.1	6764	6536.29	0	0
XM_047432391.1	6761	6533.29	0	0
XM_047432392.1	1843	1615.29	76.0559	2.11896
XM_047432393.1	1840	1612.29	61.2152	1.70867
XM_047432394.1	1972	1744.29	0	0
XM_047432395.1	1798	1570.29	0	0
XM_047432396.1	3340	3112.29	1.03034	0.0148984
XM_047432397.1	2292	2064.29	0	0
XM_047432398.1	3364	3136.29	0	0
XM_047432399.1	2429	2201.29	0	0
XM_047432400.1	658	431.717	1	0.104242
XM_047432401.1	5040	4812.29	185.722	1.73681
XM_047432402.1	4911	4683.29	1.10305e-08	1.05995e-10
XM_047432403.1	1917	1689.29	232.159	6.18475
XM_047432404.1	1788	1560.29	0	0
XM_047432405.1	6733	6505.29	490.411	3.39262
XM_047432406.1	1695	1467.29	0	0
XM_047432407.1	1614	1386.29	0	0
XM_047432408.1	6230	6002.29	0	0
XM_047432409.1	3937	3709.29	0	0
XM_047432410.1	3809	3581.29	0	0
XM_047432411.1	3906	3678.29	0	0
XM_047432412.1	3722	3494.29	0	0
XM_047432413.1	3779	3551.29	0	0
XM_047432414.1	3663	3435.29	0	0
XM_047432415.1	3773	3545.29	0	0
XM_047432416.1	4095	3867.29	0	0
XM_047432417.1	3874	3646.29	0	0
XM_047432418.1	3632	3404.29	0	0
XM_047432419.1	3742	3514.29	0	0
XM_047432420.1	3901	3673.29	0	0
XM_047432421.1	3659	3431.29	0	0
XM_047432422.1	3628	3400.29	0	0
XM_047432423.1	3869	3641.29	0	0
XM_047432424.1	4051	3823.29	0	0
XM_047432425.1	4064	3836.29	0	0
XM_047432426.1	2867	2639.29	0	0
XM_047432427.1	1849	1621.29	0	0
XM_047432428.1	4595	4367.29	0	0
XM_047432429.1	4850	4622.29	14.472	0.140901
XM_047432430.1	4480	4252.29	13.9361	0.147489
XM_047432431.1	4631	4403.29	0	0
XM_047432432.1	4558	4330.29	0	0
XM_047432433.1	4613	4385.29	0	0
XM_047432436.1	12946	12718.3	0	0
XM_047432437.1	4351	4123.29	0	0
XM_047432438.1	4052	3824.29	12.5779	0.148012
XM_047432439.1	4223	3995.29	8.41027	0.0947335
XM_047432440.1	12680	12452.3	0	0
XM_047432441.1	11318	11090.3	124.1	0.503581
XM_047432442.1	11251	11023.3	0	0
XM_047432443.1	11749	11521.3	17.7518	0.06934
XM_047432444.1	11746	11518.3	12.8448	0.0501859
XM_047432445.1	11208	10980.3	778.091	3.18903
XM_047432446.1	1678	1450.29	18.1655	0.563683
XM_047432447.1	9596	9368.29	0	0
XM_047432448.1	9593	9365.29	0	0
XM_047432449.1	9545	9317.29	5.99786	0.02897
XM_047432450.1	9542	9314.29	9.32699	0.0450644
XM_047432451.1	5166	4938.29	4.03899	0.0368076
XM_047432452.1	5163	4935.29	9.29174	0.0847279
XM_047432453.1	9430	9202.29	0	0
XM_047432454.1	8804	8576.29	0	0
XM_047432455.1	2687	2459.29	5.31265	0.0972172
XM_047432456.1	7860	7632.29	1.26626	0.0074664
XM_047432457.1	7857	7629.29	2.17074	0.0128046
XM_047432458.1	3930	3702.29	0	0
XM_047432459.1	4484	4256.29	20.4451	0.216172
XM_047432460.1	2168	1940.29	0	0
XM_047432461.1	2081	1853.29	0.00471314	0.000114448
XM_047432462.1	1697	1469.29	0	0
XM_047432463.1	3300	3072.29	10.8464	0.158878
XM_047432464.1	3679	3451.29	0.153528	0.00200192
XM_047432465.1	2241	2013.29	0	0
XM_047432466.1	1613	1385.29	3.04363	0.0988763
XM_047432467.1	3260	3032.29	9.92028	0.14723
XM_047432468.1	1308	1080.29	0	0
XM_047432469.1	2812	2584.29	0	0
XM_047432470.1	3146	2918.29	9.88504	0.152437
XM_047432471.1	2874	2646.29	14.4922	0.246455
XM_047432472.1	2600	2372.29	0	0
XM_047432473.1	2395	2167.29	0	0
XM_047432474.1	2266	2038.29	0	0
XM_047432475.1	798	570.487	0	0
XM_047432476.1	752	524.701	0	0
XM_047432477.1	4618	4390.29	43.6966	0.447916
XM_047432478.1	4564	4336.29	753.921	7.82437
XM_047432479.1	4564	4336.29	330.545	3.43047
XM_047432480.1	4561	4333.29	692.538	7.1923
XM_047432481.1	4827	4599.29	159.898	1.56457
XM_047432482.1	2233	2005.29	0	0
XM_047432483.1	4523	4295.29	0	0
XM_047432484.1	2143	1915.29	92.9441	2.18388
XM_047432485.1	2514	2286.29	0	0
XM_047432486.1	4639	4411.29	0	0
XM_047432487.1	4650	4422.29	217.005	2.20834
XM_047432488.1	4533	4305.29	67.5103	0.705683
XM_047432489.1	5094	4866.29	0	0
XM_047432490.1	2039	1811.29	0	0
XM_047432492.1	3758	3530.29	8.15253	0.103926
XM_047432493.1	3473	3245.29	21.9232	0.304013
XM_047432494.1	3121	2893.29	0	0
XM_047432495.1	3601	3373.29	7.90416	0.105449
XM_047432496.1	3598	3370.29	10.6868	0.142699
XM_047432497.1	4108	3880.29	6.67044	0.0773628
XM_047432498.1	1702	1474.29	153.539	4.68682
XM_047432499.1	2937	2709.29	0	0
XM_047432500.1	2904	2676.29	0	0
XM_047432501.1	2808	2580.29	6.28066	0.109542
XM_047432502.1	2697	2469.29	0	0
XM_047432503.1	2009	1781.29	0	0
XM_047432504.1	4035	3807.29	41.6916	0.492805
XM_047432505.1	2202	1974.29	0	0
XM_047432506.1	1628	1400.29	0.897359	0.0288396
XM_047432507.1	6900	6672.29	0	0
XM_047432508.1	6825	6597.29	0	0
XM_047432509.1	6835	6607.29	0	0
XM_047432510.1	6669	6441.29	0	0
XM_047432511.1	3290	3062.29	26.7852	0.393632
XM_047432512.1	3085	2857.29	0	0
XM_047432513.1	2637	2409.29	0	0
XM_047432514.1	2604	2376.29	70.6944	1.33884
XM_047432515.1	5285	5057.29	0	0
XM_047432516.1	5210	4982.29	0	0
XM_047432518.1	6192	5964.29	0	0
XM_047432519.1	5512	5284.29	0	0
XM_047432520.1	5703	5475.29	0	0
XM_047432521.1	5691	5463.29	0	0
XM_047432522.1	5594	5366.29	0	0
XM_047432523.1	5679	5451.29	0.0117242	9.67889e-05
XM_047432524.1	5576	5348.29	0	0
XM_047432525.1	5570	5342.29	0.0724832	0.000610593
XM_047432526.1	5500	5272.29	0	0
XM_047432527.1	5570	5342.29	1.86486	0.0157095
XM_047432528.1	5655	5427.29	1.12604e-08	9.3371e-11
XM_047432529.1	5667	5439.29	0.000377204	3.12087e-06
XM_047432530.1	5798	5570.29	0	0
XM_047432531.1	5649	5421.29	0.00310671	2.57893e-05
XM_047432532.1	5382	5154.29	0	0
XM_047432533.1	2597	2369.29	110.012	2.0896
XM_047432534.1	1700	1472.29	0	0
XM_047432535.1	2645	2417.29	0	0
XM_047432536.1	5905	5677.29	87.7333	0.695449
XM_047432537.1	5696	5468.29	32.7607	0.269615
XM_047432538.1	18165	17937.3	2.17554	0.00545823
XM_047432539.1	7828	7600.29	129.898	0.769157
XM_047432540.1	12291	12063.3	153.336	0.572032
XM_047432541.1	12219	11991.3	6.95469e-07	2.61008e-09
XM_047432543.1	12210	11982.3	8.91533e-05	3.34842e-07
XM_047432544.1	12135	11907.3	323.873	1.22407
XM_047432545.1	12045	11817.3	24.8682	0.0947041
XM_047432546.1	12435	12207.3	7.6406	0.0281676
XM_047432547.1	12342	12114.3	6.90172	0.025639
XM_047432548.1	12790	12562.3	0.45216	0.00161982
XM_047432549.1	12288	12060.3	760.76	2.83878
XM_047432550.1	12736	12508.3	45.1722	0.162523
XM_047432551.1	12288	12060.3	0.775947	0.00289545
XM_047432552.1	12736	12508.3	0.052012	0.000187132
XM_047432553.1	12510	12282.3	0	0
XM_047432554.1	12285	12057.3	5.5472	0.0207046
XM_047432555.1	12733	12505.3	0.360543	0.00129749
XM_047432556.1	12491	12263.3	0	0
XM_047432557.1	12637	12409.3	42.1535	0.152872
XM_047432558.1	12634	12406.3	267.312	0.969658
XM_047432559.1	12231	12003.3	628.037	2.35465
XM_047432560.1	12679	12451.3	36.9571	0.133575
XM_047432561.1	12225	11997.3	0.247326	0.000927744
XM_047432562.1	12673	12445.3	0.0165845	5.99706e-05
XM_047432563.1	1648	1420.29	0	0
XM_047432564.1	12625	12397.3	0.920735	0.00334234
XM_047432565.1	12222	11994.3	1.8394	0.00690151
XM_047432566.1	12670	12442.3	0.119466	0.000432102
XM_047432567.1	12571	12343.3	97.3604	0.354972
XM_047432568.1	12571	12343.3	0.103333	0.000376747
XM_047432569.1	12168	11940.3	0.194158	0.000731785
XM_047432570.1	12616	12388.3	0.0129224	4.69433e-05
XM_047432571.1	12374	12146.3	0	0
XM_047432572.1	12568	12340.3	0.73472	0.00267941
XM_047432573.1	12165	11937.3	1.46266	0.00551417
XM_047432574.1	1235	1007.29	0	0
XM_047432575.1	12129	11901.3	2.36706	0.0089507
XM_047432576.1	12357	12129.3	0	0
XM_047432577.1	12514	12286.3	79.765	0.292169
XM_047432578.1	12281	12053.3	0	0
XM_047432579.1	12520	12292.3	0.117577	0.00043046
XM_047432580.1	12072	11844.3	1.88113	0.00714748
XM_047432581.1	12421	12193.3	105.475	0.389289
XM_047432582.1	1121	893.293	4	0.201515
XM_047432583.1	12412	12184.3	0.301987	0.0011154
XM_047432584.1	12009	11781.3	0.59181	0.00226064
XM_047432585.1	12158	11930.3	0	0
XM_047432586.1	7179	6951.29	0	0
XM_047432587.1	7158	6930.29	3.85867	0.0250569
XM_047432589.1	7131	6903.29	0	0
XM_047432590.1	7089	6861.29	28.8913	0.189498
XM_047432591.1	7281	7053.29	140.26	0.894917
XM_047432592.1	7029	6801.29	9.9616	0.0659143
XM_047432593.1	7020	6792.29	0	0
XM_047432594.1	7103	6875.29	7.74959e-08	5.07259e-10
XM_047432595.1	6999	6771.29	0	0
XM_047432596.1	6987	6759.29	0	0
XM_047432597.1	7070	6842.29	368.116	2.42117
XM_047432598.1	6939	6711.29	0	0
XM_047432599.1	6971	6743.29	0	0
XM_047432600.1	6870	6642.29	0	0
XM_047432601.1	6902	6674.29	225.709	1.5219
XM_047432602.1	4225	3997.29	0	0
XM_047432603.1	4090	3862.29	0	0
XM_047432604.1	1705	1477.29	0	0
XM_047432605.1	3113	2885.29	0	0
XM_047432606.1	2866	2638.29	0	0
XM_047432607.1	5001	4773.29	0	0
XM_047432608.1	3047	2819.29	0	0
XM_047432609.1	2794	2566.29	0	0
XM_047432610.1	5209	4981.29	0	0
XM_047432611.1	3005	2777.29	0	0
XM_047432612.1	2955	2727.29	0	0
XM_047432613.1	2978	2750.29	0	0
XM_047432614.1	2701	2473.29	0	0
XM_047432615.1	5090	4862.29	0	0
XM_047432616.1	5111	4883.29	0	0
XM_047432617.1	2906	2678.29	0	0
XM_047432618.1	2629	2401.29	0	0
XM_047432619.1	2563	2335.29	0	0
XM_047432620.1	5111	4883.29	0	0
XM_047432621.1	5093	4865.29	0	0
XM_047432622.1	5039	4811.29	6.45804	0.0604062
XM_047432623.1	5021	4793.29	0	0
XM_047432624.1	4955	4727.29	0	0
XM_047432625.1	4937	4709.29	0	0
XM_047432626.1	4835	4607.29	32.4767	0.317226
XM_047432627.1	4308	4080.29	64.0514	0.706447
XM_047432628.1	3932	3704.29	0	0
XM_047432629.1	3278	3050.29	0	0
XM_047432630.1	3153	2925.29	17.6273	0.271181
XM_047432631.1	6719	6491.29	0	0
XM_047432632.1	6541	6313.29	0	0
XM_047432633.1	3962	3734.29	0	0
XM_047432634.1	2247	2019.29	0	0
XM_047432635.1	9741	9513.29	0	0
XM_047432636.1	9640	9412.29	0	0
XM_047432637.1	1692	1464.29	13.7186	0.421622
XM_047432638.1	1380	1152.29	6.4382	0.251445
XM_047432639.1	2275	2047.29	0	0
XM_047432640.1	2233	2005.29	3.64033e-07	8.16969e-09
XM_047432641.1	2146	1918.29	204.021	4.78634
XM_047432642.1	2143	1915.29	17.7	0.415891
XM_047432643.1	2140	1912.29	0.000448523	1.05554e-05
XM_047432644.1	2119	1891.29	10.2616	0.244173
XM_047432645.1	2116	1888.29	0	0
XM_047432646.1	2101	1873.29	122.703	2.94775
XM_047432651.1	2025	1797.29	0	0
XM_047432652.1	1287	1059.29	285.92	12.147
XM_047432653.1	1207	979.293	0.00573746	0.000263663
XM_047432654.1	1288	1060.29	0.380316	0.0161422
XM_047432655.1	1284	1056.29	7.32682e-06	3.12157e-07
XM_047432656.1	3562	3334.29	851.829	11.4972
XM_047432657.1	3624	3396.29	139.455	1.84787
XM_047432658.1	3273	3045.29	23.8773	0.352857
XM_047432659.1	3106	2878.29	83.823	1.3106
XM_047432660.1	2906	2678.29	2.03177	0.0341396
XM_047432661.1	1621	1393.29	0	0
XM_047432662.1	2469	2241.29	90.7618	1.82241
XM_047432663.1	2469	2241.29	4.41156	0.0885801
XM_047432664.1	4537	4309.29	87.6249	0.91509
XM_047432665.1	4537	4309.29	10.1116	0.105598
XM_047432666.1	3684	3456.29	0.0332542	0.000432991
XM_047432667.1	4684	4456.29	0	0
XM_047432668.1	4675	4447.29	0	0
XM_047432669.1	4648	4420.29	0	0
XM_047432670.1	4645	4417.29	0	0
XM_047432671.1	4642	4414.29	0	0
XM_047432672.1	4633	4405.29	0	0
XM_047432673.1	4624	4396.29	6.77778e-07	6.93814e-09
XM_047432674.1	4621	4393.29	1.72797e-06	1.77006e-08
XM_047432675.1	4612	4384.29	2.87439e-05	2.95045e-07
XM_047432676.1	4603	4375.29	0	0
XM_047432677.1	4591	4363.29	0	0
XM_047432678.1	4570	4342.29	15.4859	0.160494
XM_047432679.1	3932	3704.29	0	0
XM_047432680.1	3893	3665.29	0	0
XM_047432681.1	4224	3996.29	0	0
XM_047432682.1	3890	3662.29	0	0
XM_047432683.1	4218	3990.29	4.1196e-08	4.64614e-10
XM_047432684.1	3848	3620.29	0	0
XM_047432685.1	4179	3951.29	0.0290352	0.000330695
XM_047432686.1	4167	3939.29	1.87909	0.021467
XM_047432687.1	3598	3370.29	2.25378	0.0300945
XM_047432688.1	3436	3208.29	0	0
XM_047432689.1	1074	846.293	0	0
XM_047432690.1	7302	7074.29	0	0
XM_047432691.1	5930	5702.29	0	0
XM_047432692.1	6890	6662.29	0	0
XM_047432693.1	6905	6677.29	0	0
XM_047432694.1	1431	1203.29	0	0
XM_047432695.1	1802	1574.29	0	0
XM_047432696.1	1766	1538.29	15.2897	0.447303
XM_047432697.1	1607	1379.29	0	0
XM_047432698.1	6198	5970.29	3.13255	0.0236127
XM_047432699.1	9199	8971.29	4.55491e-06	2.2849e-08
XM_047432700.1	9055	8827.29	4.71786	0.0240525
XM_047432701.1	6219	5991.29	0	0
XM_047432702.1	6252	6024.29	0	0
XM_047432703.1	6114	5886.29	0	0
XM_047432704.1	6081	5853.29	0	0
XM_047432705.1	6216	5988.29	0	0
XM_047432706.1	6195	5967.29	0	0
XM_047432707.1	6192	5964.29	0	0
XM_047432708.1	6225	5997.29	0	0
XM_047432709.1	6192	5964.29	0	0
XM_047432710.1	6189	5961.29	0	0
XM_047432711.1	6168	5940.29	0	0
XM_047432712.1	6165	5937.29	0	0
XM_047432713.1	6162	5934.29	1.81925	0.0137964
XM_047432714.1	6126	5898.29	12.0896	0.0922422
XM_047432715.1	6105	5877.29	2.98966	0.0228921
XM_047432716.1	6102	5874.29	63.183	0.484047
XM_047432717.1	6135	5907.29	6.93192	0.0528089
XM_047432718.1	6102	5874.29	2.16782	0.0166077
XM_047432719.1	6099	5871.29	45.9506	0.352208
XM_047432720.1	6132	5904.29	5.02835	0.0383265
XM_047432721.1	6111	5883.29	3.41277	0.0261053
XM_047432722.1	6075	5847.29	23.118	0.177925
XM_047432723.1	6108	5880.29	2.47783	0.0189634
XM_047432741.1	9373	9145.29	0	0
XM_047432742.1	8003	7775.29	9.02027	0.052209
XM_047432743.1	5532	5304.29	0	0
XM_047432744.1	5612	5384.29	0	0
XM_047432745.1	5492	5264.29	0	0
XM_047432746.1	5788	5560.29	0	0
XM_047432747.1	5473	5245.29	19.4499	0.166874
XM_047432748.1	6028	5800.29	0	0
XM_047432749.1	6370	6142.29	4.55039	0.0333396
XM_047432750.1	5145	4917.29	9.11424	0.0834136
XM_047432751.1	5199	4971.29	0	0
XM_047432752.1	4654	4426.29	0	0
XM_047432753.1	5496	5268.29	0	0
XM_047432754.1	1816	1588.29	0	0
XM_047432755.1	1741	1513.29	0	0
XM_047432756.1	9111	8883.29	0	0
XM_047432757.1	7468	7240.29	0	0
XM_047432758.1	7153	6925.29	0	0
XM_047432759.1	7288	7060.29	9.24841e-07	5.89504e-09
XM_047432760.1	7243	7015.29	19.8113	0.12709
XM_047432761.1	7305	7077.29	0	0
XM_047432762.1	7117	6889.29	6.7789e-07	4.4282e-09
XM_047432763.1	4776	4548.29	3.70609	0.0366699
XM_047432764.1	8784	8556.29	1.8594e-06	9.77981e-09
XM_047432765.1	7152	6924.29	29.2536	0.190128
XM_047432766.1	7131	6903.29	0.000372114	2.42584e-06
XM_047432767.1	6808	6580.29	2.26779e-08	1.55095e-10
XM_047432768.1	8699	8471.29	0	0
XM_047432769.1	3595	3367.29	13.9883	0.186951
XM_047432770.1	4848	4620.29	0	0
XM_047432771.1	3926	3698.29	253.104	3.07993
XM_047432772.1	4458	4230.29	0	0
XM_047432773.1	1427	1199.29	21.384	0.802427
XM_047432774.1	4784	4556.29	10.4174	0.102894
XM_047432775.1	2665	2437.29	0	0
XM_047432776.1	2360	2132.29	2.11896	0.0447217
XM_047432777.1	1672	1444.29	0	0
XM_047432778.1	1522	1294.29	0	0
XM_047432779.1	1466	1238.29	0	0
XM_047432781.1	4136	3908.29	21.3634	0.245994
XM_047432782.1	1091	863.293	8.38613	0.437165
XM_047432783.1	6069	5841.29	21.7669	0.167699
XM_047432784.1	4651	4423.29	0	0
XM_047432785.1	5536	5308.29	0	0
XM_047432786.1	2488	2260.29	159.855	3.18275
XM_047432787.1	3377	3149.29	11.6804	0.166911
XM_047432788.1	763	535.541	242.645	20.3902
XM_047432789.1	6139	5911.29	25.4586	0.193818
XM_047432790.1	4979	4751.29	117.497	1.1129
XM_047432791.1	4945	4717.29	47.9041	0.457007
XM_047432792.1	4963	4735.29	0	0
XM_047432793.1	6677	6449.29	37.8317	0.263989
XM_047432794.1	4956	4728.29	0	0
XM_047432795.1	4997	4769.29	73.741	0.695821
XM_047432796.1	4974	4746.29	49.3226	0.467664
XM_047432797.1	5020	4792.29	1.57786e-07	1.48172e-09
XM_047432798.1	5108	4880.29	51.2098	0.472225
XM_047432799.1	5105	4877.29	23.8437	0.220008
XM_047432800.1	5128	4900.29	0	0
XM_047432801.1	5094	4866.29	0	0
XM_047432802.1	4853	4625.29	85.2547	0.829509
XM_047432803.1	4819	4591.29	0	0
XM_047432804.1	4830	4602.29	0	0
XM_047432805.1	6635	6407.29	5.15936	0.036238
XM_047432806.1	6097	5869.29	2.78149	0.0213272
XM_047432807.1	4903	4675.29	3.76074	0.0361999
XM_047432808.1	4937	4709.29	9.73859	0.0930642
XM_047432809.1	4914	4686.29	0	0
XM_047432810.1	4921	4693.29	0	0
XM_047432811.1	4955	4727.29	5.96594	0.0567948
XM_047432812.1	4932	4704.29	3.89744	0.0372844
XM_047432813.1	4692	4464.29	0	0
XM_047432814.1	4817	4589.29	3.2931	0.0322925
XM_047432815.1	5959	5731.29	1.61296	0.0126652
XM_047432816.1	4799	4571.29	5.47918	0.053941
XM_047432817.1	4765	4537.29	2.03513	0.0201855
XM_047432818.1	4794	4566.29	2.11459	0.0208403
XM_047432819.1	4928	4700.29	2.36703	0.0226631
XM_047432820.1	4783	4555.29	0	0
XM_047432821.1	6497	6269.29	3.21356	0.023068
XM_047432822.1	4776	4548.29	0	0
XM_047432823.1	4516	4288.29	0	0
XM_047432824.1	4550	4322.29	74.0375	0.770868
XM_047432825.1	4527	4299.29	0	0
XM_047432826.1	5794	5566.29	1.83265	0.0148168
XM_047432827.1	4763	4535.29	2.88491	0.0286266
XM_047432828.1	4652	4424.29	4.09077	0.0416106
XM_047432829.1	4600	4372.29	2.4948	0.0256785
XM_047432830.1	6332	6104.29	3.67779	0.027114
XM_047432831.1	4634	4406.29	6.93222	0.0708013
XM_047432832.1	4749	4521.29	0	0
XM_047432833.1	4629	4401.29	2.59117	0.0264946
XM_047432834.1	3042	2814.29	0	0
XM_047432835.1	6511	6283.29	15.9968	0.114575
XM_047432836.1	3235	3007.29	0	0
XM_047432837.1	1245	1017.29	0	0
XM_047432838.1	1252	1024.29	20.1115	0.883613
XM_047432839.1	7710	7482.29	0	0
XM_047432840.1	7545	7317.29	0	0
XM_047432841.1	7768	7540.29	0	0
XM_047432842.1	3208	2980.29	0	0
XM_047432843.1	2678	2450.29	0	0
XM_047432844.1	4047	3819.29	0	0
XM_047432845.1	6758	6530.29	0	0
XM_047432846.1	6066	5838.29	21.0008	0.16188
XM_047432847.1	5579	5351.29	20.7255	0.174296
XM_047432848.1	5540	5312.29	30.292	0.256619
XM_047432849.1	5344	5116.29	0	0
XM_047432850.1	5499	5271.29	93.0308	0.794241
XM_047432851.1	6796	6568.29	15.6673	0.107346
XM_047432852.1	5502	5274.29	0	0
XM_047432853.1	5381	5153.29	0	0
XM_047432854.1	7059	6831.29	16.4978	0.108684
XM_047432855.1	1494	1266.29	390.085	13.8633
XM_047432856.1	3254	3026.29	0	0
XM_047432857.1	4542	4314.29	0	0
XM_047432858.1	4424	4196.29	0	0
XM_047432859.1	4657	4429.29	0	0
XM_047432860.1	4282	4054.29	0	0
XM_047432861.1	4186	3958.29	0	0
XM_047432862.1	4473	4245.29	0	0
XM_047432863.1	4387	4159.29	0	0
XM_047432864.1	4619	4391.29	0	0
XM_047432865.1	4251	4023.29	0	0
XM_047432866.1	4274	4046.29	1.84719	0.0205445
XM_047432867.1	3874	3646.29	0	0
XM_047432868.1	1810	1582.29	0	0
XM_047432869.1	1507	1279.29	1.42336	0.050071
XM_047432870.1	4076	3848.29	20.3804	0.238334
XM_047432871.1	713	485.852	0	0
XM_047432872.1	4034	3806.29	4.92405e-07	5.82187e-09
XM_047432873.1	2903	2675.29	39.5025	0.664501
XM_047432874.1	2900	2672.29	84.1445	1.41705
XM_047432875.1	2095	1867.29	0	0
XM_047432876.1	2092	1864.29	0	0
XM_047432877.1	2032	1804.29	0	0
XM_047432878.1	3785	3557.29	0	0
XM_047432879.1	4407	4179.29	4.94919	0.0532934
XM_047432880.1	5772	5544.29	59.7143	0.484702
XM_047432881.1	3223	2995.29	49.998	0.7512
XM_047432882.1	1551	1323.29	33.186	1.1286
XM_047432883.1	1973	1745.29	0	0
XM_047432884.1	806	578.487	6.871	0.534526
XM_047432885.1	7270	7042.29	0	0
XM_047432886.1	7316	7088.29	5.68765e-07	3.61105e-09
XM_047432887.1	7236	7008.29	3.25953	0.0209307
XM_047432888.1	2987	2759.29	0	0
XM_047432889.1	2906	2678.29	0.887519	0.0149129
XM_047432890.1	4989	4761.29	0	0
XM_047432891.1	4927	4699.29	0	0
XM_047432892.1	4332	4104.29	2.92253e-08	3.20452e-10
XM_047432893.1	11987	11759.3	109.689	0.419783
XM_047432894.1	13330	13102.3	39.6455	0.136172
XM_047432895.1	5127	4899.29	34.4265	0.316229
XM_047432896.1	11892	11664.3	0	0
XM_047432897.1	13235	13007.3	0	0
XM_047432898.1	12510	12282.3	0	0
XM_047432899.1	7520	7292.29	0	0
XM_047432900.1	11760	11532.3	116.043	0.452841
XM_047432901.1	15541	15313.3	0	0
XM_047432902.1	15478	15250.3	0	0
XM_047432903.1	12966	12738.3	0	0
XM_047432904.1	5016	4788.29	314.958	2.96015
XM_047432905.1	4336	4108.29	0	0
XM_047432906.1	5016	4788.29	156.235	1.46838
XM_047432907.1	6828	6600.29	0	0
XM_047432908.1	6531	6303.29	0	0
XM_047432909.1	5013	4785.29	54.4813	0.512367
XM_047432910.1	4998	4770.29	0	0
XM_047432911.1	2838	2610.29	0	0
XM_047432912.1	2415	2187.29	13.0547	0.268598
XM_047432913.1	2303	2075.29	0	0
XM_047432914.1	1813	1585.29	0	0
XM_047432915.1	4932	4704.29	29.9015	0.28605
XM_047432916.1	3783	3555.29	5.69062	0.0720322
XM_047432917.1	3659	3431.29	0	0
XM_047432918.1	6889	6661.29	1.7855	0.0120627
XM_047432919.1	3711	3483.29	44.556	0.57565
XM_047432920.1	3639	3411.29	0	0
XM_047432921.1	3502	3274.29	0	0
XM_047432922.1	4158	3930.29	3.24624	0.0371705
XM_047432923.1	3542	3314.29	0	0
XM_047432924.1	4902	4674.29	43.9658	0.423293
XM_047432925.1	1909	1681.29	11.5306	0.30864
XM_047432926.1	3986	3758.29	0	0
XM_047432927.1	3974	3746.29	2.06404	0.0247947
XM_047432928.1	12333	12105.3	21.678	0.0805911
XM_047432929.1	10942	10714.3	35.2975	0.14826
XM_047432930.1	10833	10605.3	54.514	0.231328
XM_047432931.1	16497	16269.3	20.3365	0.0562534
XM_047432932.1	15451	15223.3	11.078	0.0327488
XM_047432933.1	13377	13149.3	0	0
XM_047432934.1	3999	3771.29	0	0
XM_047432935.1	1669	1441.29	46.8029	1.46138
XM_047432936.1	9934	9706.29	4.7894	0.022206
XM_047432937.1	3575	3347.29	0	0
XM_047432938.1	11956	11728.3	4.28814	0.0164542
XM_047432939.1	5710	5482.29	0	0
XM_047432940.1	1078	850.293	0	0
XM_047432941.1	5581	5353.29	1584.37	13.3192
XM_047432942.1	2285	2057.29	0	0
XM_047432943.1	2278	2050.29	0	0
XM_047432944.1	2276	2048.29	0	0
XM_047432945.1	3356	3128.29	7.9564	0.114459
XM_047432946.1	3621	3393.29	0	0
XM_047432947.1	3780	3552.29	0	0
XM_047432948.1	10710	10482.3	331.393	1.42275
XM_047432949.1	11635	11407.3	62.4987	0.246564
XM_047432950.1	28803	28575.3	30.9498	0.0487427
XM_047432951.1	18654	18426.3	28.4577	0.069503
XM_047432952.1	3811	3583.29	0	0
XM_047432953.1	3565	3337.29	0	0
XM_047432954.1	3648	3420.29	0	0
XM_047432955.1	3659	3431.29	0	0
XM_047432956.1	3585	3357.29	1.98224e-08	2.65711e-10
XM_047432957.1	1827	1599.29	4.20794	0.118409
XM_047432958.1	3503	3275.29	0	0
XM_047432959.1	3256	3028.29	11.0156	0.163701
XM_047432960.1	1784	1556.29	1.57128e-07	4.54363e-09
XM_047432961.1	1783	1555.29	0	0
XM_047432962.1	3314	3086.29	0	0
XM_047432963.1	5741	5513.29	0	0
XM_047432964.1	7191	6963.29	3.8102	0.0246249
XM_047432965.1	4127	3899.29	0	0
XM_047432966.1	7125	6897.29	27.0653	0.176594
XM_047432967.1	7098	6870.29	134.933	0.883864
XM_047432968.1	3070	2842.29	0	0
XM_047432969.1	2992	2764.29	0	0
XM_047432970.1	2944	2716.29	0	0
XM_047432971.1	2863	2635.29	0.129222	0.00220674
XM_047432972.1	2860	2632.29	0.00598327	0.000102293
XM_047432973.1	2824	2596.29	21.7632	0.377235
XM_047432974.1	5408	5180.29	19.1643	0.166487
XM_047432975.1	2124	1896.29	132.522	3.14503
XM_047432976.1	2121	1893.29	2.64888	0.0629631
XM_047432977.1	5299	5071.29	4.08605	0.03626
XM_047432978.1	5221	4993.29	75.9981	0.684948
XM_047432979.1	1745	1517.29	11.4819	0.340554
XM_047432980.1	7910	7682.29	1182.84	6.92908
XM_047432981.1	7775	7547.29	0	0
XM_047432982.1	7645	7417.29	0	0
XM_047432983.1	7987	7759.29	0	0
XM_047432984.1	7745	7517.29	0	0
XM_047432985.1	8084	7856.29	0	0
XM_047432986.1	7786	7558.29	0	0
XM_047432987.1	7883	7655.29	0	0
XM_047432988.1	7747	7519.29	0	0
XM_047432989.1	7726	7498.29	0	0
XM_047432990.1	7696	7468.29	0	0
XM_047432991.1	7272	7044.29	0	0
XM_047432992.1	5514	5286.29	8.7019	0.0740807
XM_047432993.1	5499	5271.29	7.11424	0.060737
XM_047432994.1	10741	10513.3	0	0
XM_047432995.1	10880	10652.3	0	0
XM_047432997.1	7099	6871.29	1279.13	8.37756
XM_047432998.1	6949	6721.29	73.5363	0.49237
XM_047432999.1	3964	3736.29	0	0
XM_047433001.1	1138	910.293	0.111347	0.00550478
XM_047433006.1	5213	4985.29	0	0
XM_047433007.1	8487	8259.29	0	0
XM_047433008.1	8958	8730.29	0	0
XM_047433009.1	9862	9634.29	6.34376	0.0296325
XM_047433010.1	8293	8065.29	0	0
XM_047433011.1	8422	8194.29	0	0
XM_047433012.1	8361	8133.29	0	0
XM_047433013.1	8417	8189.29	0	0
XM_047433014.1	8356	8128.29	0	0
XM_047433015.1	8477	8249.29	0	0
XM_047433016.1	8683	8455.29	0	0
XM_047433017.1	8493	8265.29	15.9497	0.0868434
XM_047433018.1	8302	8074.29	0	0
XM_047433019.1	8108	7880.29	0	0
XM_047433020.1	8331	8103.29	0	0
XM_047433021.1	8072	7844.29	0	0
XM_047433022.1	2506	2278.29	0	0
XM_047433023.1	1858	1630.29	0.100109	0.00276344
XM_047433024.1	2681	2453.29	0	0
XM_047433025.1	3194	2966.29	0	0
XM_047433026.1	2620	2392.29	0	0
XM_047433027.1	3090	2862.29	33.4889	0.526538
XM_047433028.1	2928	2700.29	38.6847	0.64472
XM_047433029.1	3104	2876.29	329.647	5.15773
XM_047433030.1	6774	6546.29	1.82128	0.0125206
XM_047433031.1	2807	2579.29	0.0142311	0.000248302
XM_047433032.1	2900	2672.29	21.9588	0.369799
XM_047433033.1	2626	2398.29	317.608	5.9598
XM_047433036.1	3094	2866.29	8.54785	0.134208
XM_047433037.1	2960	2732.29	0	0
XM_047433038.1	2837	2609.29	31.9528	0.551097
XM_047433039.1	10395	10167.3	0	0
XM_047433040.1	1505	1277.29	0.424293	0.0149492
XM_047433041.1	2688	2460.29	1.47246	0.0269339
XM_047433042.1	2798	2570.29	1.70761	0.0298985
XM_047433043.1	4018	3790.29	327.002	3.88258
XM_047433044.1	3985	3757.29	0	0
XM_047433045.1	3772	3544.29	12.0769	0.153344
XM_047433046.1	3718	3490.29	6.1192	0.0788997
XM_047433047.1	2563	2335.29	0	0
XM_047433048.1	4101	3873.29	90.8881	1.05601
XM_047433049.1	3909	3681.29	0.000161772	1.97763e-06
XM_047433050.1	2262	2034.29	118.538	2.62233
XM_047433051.1	4080	3852.29	0	0
XM_047433052.1	4483	4255.29	7.33213	0.077543
XM_047433053.1	9775	9547.29	0	0
XM_047433054.1	12134	11906.3	217.617	0.822543
XM_047433055.1	12270	12042.3	0	0
XM_047433056.1	13637	13409.3	123.952	0.415997
XM_047433057.1	13777	13549.3	275.935	0.916499
XM_047433058.1	13688	13460.3	129.091	0.431602
XM_047433059.1	10298	10070.3	53.9714	0.241192
XM_047433060.1	12457	12229.3	0	0
XM_047433061.1	12190	11962.3	64.1359	0.241284
XM_047433062.1	16447	16219.3	10.1797	0.0282453
XM_047433063.1	11865	11637.3	490.406	1.89647
XM_047433064.1	13707	13479.3	88.1522	0.294312
XM_047433065.1	12071	11843.3	5.00437e-06	1.9016e-08
XM_047433066.1	2462	2234.29	0	0
XM_047433067.1	12024	11796.3	103.515	0.394911
XM_047433068.1	13574	13346.3	0	0
XM_047433069.1	12343	12115.3	22.7888	0.0846505
XM_047433070.1	12344	12116.3	0.000679481	2.52377e-06
XM_047433071.1	16634	16406.3	2.23426e-07	6.12866e-10
XM_047433072.1	13964	13736.3	1.92593e-07	6.30978e-10
XM_047433073.1	13847	13619.3	61.7846	0.204159
XM_047433074.1	12484	12256.3	73.9595	0.271567
XM_047433075.1	12150	11922.3	28.6771	0.108247
XM_047433076.1	12370	12142.3	6.05177e-06	2.24297e-08
XM_047433077.1	5895	5667.29	43.782	0.347666
XM_047433078.1	4361	4133.29	0	0
XM_047433079.1	1049	821.293	0	0
XM_047433080.1	9164	8936.29	13.0217	0.0655774
XM_047433081.1	1003	775.293	7.98125	0.463284
XM_047433082.1	5739	5511.29	0	0
XM_047433083.1	5644	5416.29	3.78126	0.0314179
XM_047433084.1	5722	5494.29	0	0
XM_047433085.1	5692	5464.29	0	0
XM_047433086.1	5662	5434.29	0	0
XM_047433087.1	5638	5410.29	0	0
XM_047433088.1	5515	5287.29	0	0
XM_047433089.1	5455	5227.29	2.3633	0.0203462
XM_047433090.1	5431	5203.29	0	0
XM_047433091.1	5503	5275.29	0	0
XM_047433092.1	5302	5074.29	0	0
XM_047433093.1	5296	5068.29	4.02546	0.0357434
XM_047433094.1	5242	5014.29	0	0
XM_047433095.1	711	483.852	36.3473	3.38067
XM_047433096.1	5307	5079.29	0	0
XM_047433097.1	5114	4886.29	0	0
XM_047433098.1	9695	9467.29	16.8566	0.0801284
XM_047433099.1	5594	5366.29	0	0
XM_047433100.1	2652	2424.29	0	0
XM_047433101.1	2584	2356.29	1.34574	0.0257024
XM_047433102.1	2479	2251.29	8.69507	0.173813
XM_047433103.1	2335	2107.29	0	0
XM_047433104.1	2056	1828.29	0	0
XM_047433105.1	1977	1749.29	0	0
XM_047433131.1	4117	3889.29	0	0
XM_047433140.1	1414	1186.29	234.213	8.88507
XM_047433141.1	3201	2973.29	0	0
XM_047433142.1	3823	3595.29	0	0
XM_047433143.1	3877	3649.29	1.01605e-07	1.25299e-09
XM_047433144.1	8018	7790.29	0	0
XM_047433145.1	4673	4445.29	20.3521	0.20604
XM_047433146.1	4738	4510.29	96.788	0.965737
XM_047433147.1	14701	14473.3	0	0
XM_047433148.1	15047	14819.3	86.555	0.262849
XM_047433150.1	3705	3477.29	0	0
XM_047433151.1	3547	3319.29	0	0
XM_047433152.1	3901	3673.29	0.0295453	0.000361972
XM_047433153.1	3131	2903.29	5.86188	0.0908633
XM_047433154.1	3513	3285.29	19.3282	0.264765
XM_047433155.1	3674	3446.29	0	0
XM_047433156.1	3709	3481.29	4.59127	0.0593519
XM_047433157.1	3234	3006.29	0	0
XM_047433158.1	3550	3322.29	0	0
XM_047433159.1	3358	3130.29	0	0
XM_047433160.1	3323	3095.29	0	0
XM_047433161.1	3079	2851.29	0	0
XM_047433162.1	3521	3293.29	0	0
XM_047433163.1	3074	2846.29	0	0
XM_047433164.1	2326	2098.29	2.05702e-05	4.41179e-07
XM_047433165.1	6088	5860.29	0	0
XM_047433166.1	3686	3458.29	0	0
XM_047433167.1	3557	3329.29	0	0
XM_047433168.1	6552	6324.29	0	0
XM_047433169.1	3269	3041.29	0	0
XM_047433170.1	2404	2176.29	0	0
XM_047433171.1	1335	1107.29	0	0
XM_047433172.1	1309	1081.29	0	0
XM_047433173.1	1031	803.293	0	0
XM_047433174.1	2927	2699.29	0	0
XM_047433175.1	1289	1061.29	18.2931	0.775699
XM_047433176.1	2316	2088.29	1.36025e-08	2.93137e-10
XM_047433177.1	3647	3419.29	85.7016	1.12796
XM_047433178.1	7332	7104.29	0	0
XM_047433179.1	7683	7455.29	0	0
XM_047433180.1	7386	7158.29	0	0
XM_047433181.1	15709	15481.3	0.00105583	3.06923e-06
XM_047433182.1	7500	7272.29	0	0
XM_047433183.1	7878	7650.29	0	0
XM_047433184.1	9121	8893.29	0	0
XM_047433185.1	8769	8541.29	0	0
XM_047433186.1	7869	7641.29	0	0
XM_047433187.1	7516	7288.29	0	0
XM_047433188.1	7268	7040.29	0.00182109	1.16408e-05
XM_047433189.1	7874	7646.29	0	0
XM_047433190.1	7383	7155.29	0	0
XM_047433191.1	8358	8130.29	0	0
XM_047433192.1	7679	7451.29	0	0
XM_047433193.1	4952	4724.29	0	0
XM_047433194.1	4751	4523.29	0	0
XM_047433195.1	4646	4418.29	13.8682	0.141256
XM_047433196.1	6267	6039.29	0	0
XM_047433197.1	7545	7317.29	0	0
XM_047433198.1	6393	6165.29	0	0
XM_047433199.1	2662	2434.29	4.51813	0.0835271
XM_047433200.1	2367	2139.29	0	0
XM_047433201.1	6375	6147.29	0	0
XM_047433202.1	2639	2411.29	1.44965e-07	2.70554e-09
XM_047433203.1	2482	2254.29	0	0
XM_047433204.1	3747	3519.29	57.9166	0.740611
XM_047433205.1	6372	6144.29	0	0
XM_047433206.1	15207	14979.3	0	0
XM_047433207.1	14843	14615.3	0	0
XM_047433208.1	9531	9303.29	0	0
XM_047433209.1	8287	8059.29	0	0
XM_047433210.1	15346	15118.3	0	0
XM_047433211.1	15343	15115.3	0	0
XM_047433212.1	6363	6135.29	0.128528	0.000942769
XM_047433213.1	15325	15097.3	0	0
XM_047433214.1	15322	15094.3	0	0
XM_047433215.1	15322	15094.3	0	0
XM_047433216.1	15301	15073.3	0	0
XM_047433217.1	15295	15067.3	0	0
XM_047433218.1	15295	15067.3	0	0
XM_047433219.1	15615	15387.3	0	0
XM_047433220.1	15292	15064.3	0	0
XM_047433221.1	15292	15064.3	0	0
XM_047433222.1	15292	15064.3	0	0
XM_047433223.1	15274	15046.3	0	0
XM_047433224.1	15271	15043.3	0	0
XM_047433225.1	15271	15043.3	0	0
XM_047433226.1	15271	15043.3	0	0
XM_047433227.1	15266	15038.3	0	0
XM_047433228.1	15268	15040.3	0	0
XM_047433229.1	15268	15040.3	0	0
XM_047433230.1	15588	15360.3	129.32	0.378885
XM_047433231.1	6517	6289.29	1225.46	8.76876
XM_047433232.1	18585	18357.3	12.6431	0.0309948
XM_047433233.1	15263	15035.3	0	0
XM_047433234.1	15260	15032.3	0	0
XM_047433235.1	15265	15037.3	0	0
XM_047433236.1	15585	15357.3	18.1188	0.0530953
XM_047433237.1	18583	18355.3	2.22084	0.00544499
XM_047433238.1	15248	15020.3	2.55096e-07	7.64306e-10
XM_047433239.1	15250	15022.3	0	0
XM_047433240.1	15247	15019.3	0	0
XM_047433241.1	15239	15011.3	0	0
XM_047433242.1	6285	6057.29	0	0
XM_047433243.1	15244	15016.3	0	0
XM_047433244.1	15564	15336.3	118.78	0.34855
XM_047433245.1	18561	18333.3	11.8858	0.0291764
XM_047433246.1	15241	15013.3	0	0
XM_047433247.1	15236	15008.3	0	0
XM_047433248.1	15561	15333.3	16.6345	0.0488221
XM_047433249.1	18558	18330.3	2.24941	0.00552258
XM_047433250.1	15226	14998.3	1.04788e-07	3.14423e-10
XM_047433251.1	15203	14975.3	0	0
XM_047433252.1	15203	14975.3	1.998e-07	6.00432e-10
XM_047433253.1	6282	6054.29	0	0
XM_047433254.1	15205	14977.3	0	0
XM_047433255.1	15176	14948.3	257.865	0.776324
XM_047433256.1	15178	14950.3	121.875	0.366866
XM_047433257.1	15173	14945.3	259.706	0.782024
XM_047433258.1	15170	14942.3	259.077	0.780286
XM_047433259.1	15157	14929.3	823.77	2.48318
XM_047433260.1	15149	14921.3	31.5133	0.095045
XM_047433261.1	6282	6054.29	0	0
XM_047433262.1	6127	5899.29	0	0
XM_047433263.1	986	758.293	16.0594	0.953088
XM_047433264.1	2460	2232.29	11.179	0.22537
XM_047433265.1	8314	8086.29	5.65926	0.0314958
XM_047433266.1	6121	5893.29	0	0
XM_047433267.1	6252	6024.29	9.83467	0.0734676
XM_047433268.1	6249	6021.29	3.74436	0.0279853
XM_047433269.1	6249	6021.29	0	0
XM_047433274.1	6249	6021.29	0	0
XM_047433276.1	1650	1422.29	0	0
XM_047433277.1	1593	1365.29	0	0
XM_047433278.1	1503	1275.29	4	0.141154
XM_047433279.1	6246	6018.29	0	0
XM_047433280.1	1502	1274.29	0	0
XM_047433281.1	1428	1200.29	0	0
XM_047433282.1	6231	6003.29	0	0
XM_047433283.1	6228	6000.29	0	0
XM_047433284.1	1560	1332.29	0	0
XM_047433285.1	2300	2072.29	0	0
XM_047433286.1	2204	1976.29	0	0
XM_047433287.1	6228	6000.29	0	0
XM_047433288.1	2946	2718.29	0	0
XM_047433289.1	2811	2583.29	0	0
XM_047433290.1	3543	3315.29	0	0
XM_047433291.1	6225	5997.29	0	0
XM_047433292.1	3184	2956.29	0	0
XM_047433293.1	3338	3110.29	0	0
XM_047433294.1	6150	5922.29	0	0
XM_047433295.1	2370	2142.29	76.7577	1.61245
XM_047433296.1	6147	5919.29	0	0
XM_047433297.1	2901	2673.29	38.7685	0.652641
XM_047433298.1	2310	2082.29	0.904344	0.0195449
XM_047433299.1	2842	2614.29	107.146	1.84444
XM_047433300.1	2241	2013.29	0	0
XM_047433301.1	2790	2562.29	1.95138	0.0342733
XM_047433302.1	6138	5910.29	0	0
XM_047433303.1	1812	1584.29	157.248	4.46675
XM_047433304.1	2293	2065.29	0	0
XM_047433305.1	2199	1971.29	0.0572821	0.0013077
XM_047433306.1	2748	2520.29	0.398549	0.0071166
XM_047433307.1	2782	2554.29	42.6838	0.752029
XM_047433308.1	1752	1524.29	0.048192	0.00142282
XM_047433309.1	2233	2005.29	0.897058	0.0201319
XM_047433310.1	2709	2481.29	0	0
XM_047433311.1	2671	2443.29	0.462329	0.00851565
XM_047433312.1	6135	5907.29	0	0
XM_047433313.1	2122	1894.29	0	0
XM_047433314.1	2632	2404.29	0	0
XM_047433315.1	6135	5907.29	0	0
XM_047433316.1	3179	2951.29	61.5319	0.938275
XM_047433317.1	3263	3035.29	0	0
XM_047433318.1	1778	1550.29	65.6118	1.90463
XM_047433319.1	5981	5753.29	85.4063	0.66806
XM_047433320.1	2295	2067.29	0	0
XM_047433321.1	6290	6062.29	0	0
XM_047433322.1	1649	1421.29	0	0
XM_047433323.1	6129	5901.29	155.039	1.18233
XM_047433324.1	6377	6149.29	0	0
XM_047433325.1	6224	5996.29	0	0
XM_047433326.1	5782	5554.29	0	0
XM_047433327.1	5598	5370.29	0	0
XM_047433328.1	4382	4154.29	66.9307	0.725055
XM_047433329.1	6048	5820.29	0.653453	0.00505256
XM_047433330.1	4035	3807.29	0	0
XM_047433331.1	4346	4118.29	0	0
XM_047433332.1	4292	4064.29	1.04592e-07	1.15812e-09
XM_047433333.1	3591	3363.29	0	0
XM_047433334.1	3537	3309.29	22.0079	0.299285
XM_047433335.1	5310	5082.29	0	0
XM_047433336.1	4125	3897.29	16.5959	0.191637
XM_047433337.1	6045	5817.29	0.507999	0.00392993
XM_047433338.1	3249	3021.29	0	0
XM_047433339.1	2404	2176.29	4.66331	0.0964316
XM_047433340.1	6269	6041.29	0	0
XM_047433345.1	5937	5709.29	62.6578	0.493896
XM_047433346.1	2905	2677.29	0	0
XM_047433347.1	2773	2545.29	0	0
XM_047433348.1	5934	5706.29	48.7522	0.384488
XM_047433349.1	915	687.293	22.5839	1.47876
XM_047433350.1	2414	2186.29	0	0
XM_047433351.1	854	626.427	392.522	28.1991
XM_047433352.1	5556	5328.29	1.57522e-05	1.33044e-07
XM_047433353.1	5445	5217.29	0.00525943	4.53666e-05
XM_047433354.1	5442	5214.29	0.011102	9.58185e-05
XM_047433355.1	7442	7214.29	53.7829	0.3355
XM_047433356.1	4700	4472.29	0	0
XM_047433357.1	7732	7504.29	0.672323	0.00403191
XM_047433358.1	7409	7181.29	21.0308	0.131794
XM_047433359.1	4377	4149.29	0	0
XM_047433360.1	7542	7314.29	0	0
XM_047433361.1	2497	2269.29	8.72437	0.173016
XM_047433362.1	3328	3100.29	15.3165	0.22233
XM_047433363.1	1872	1644.29	0	0
XM_047433364.1	1817	1589.29	0	0
XM_047433365.1	1337	1109.29	32.5342	1.31988
XM_047433366.1	5573	5345.29	31.6932	0.266831
XM_047433367.1	3368	3140.29	13.4981	0.193439
XM_047433368.1	3327	3099.29	73.7854	1.0714
XM_047433369.1	3616	3388.29	42.7631	0.567977
XM_047433370.1	3285	3057.29	0.0488164	0.000718574
XM_047433371.1	3015	2787.29	199.351	3.21868
XM_047433372.1	2973	2745.29	0.0606065	0.000993511
XM_047433373.1	2954	2726.29	38.9379	0.642749
XM_047433374.1	2302	2074.29	0	0
XM_047433375.1	573	348.421	87.8274	11.3441
XM_047433376.1	5932	5704.29	0	0
XM_047433377.1	5806	5578.29	0	0
XM_047433378.1	6154	5926.29	22.0544	0.167477
XM_047433379.1	5819	5591.29	0	0
XM_047433380.1	5686	5458.29	0.00109218	9.00489e-06
XM_047433381.1	5599	5371.29	4.49799e-06	3.76862e-08
XM_047433382.1	5750	5522.29	0	0
XM_047433383.1	5758	5530.29	0	0
XM_047433384.1	5575	5347.29	0	0
XM_047433385.1	5719	5491.29	0	0
XM_047433386.1	5695	5467.29	0	0
XM_047433387.1	5512	5284.29	0	0
XM_047433388.1	5484	5256.29	40.7577	0.348958
XM_047433389.1	5561	5333.29	0	0
XM_047433390.1	5480	5252.29	0	0
XM_047433391.1	5563	5335.29	191.333	1.61389
XM_047433392.1	13069	12841.3	0	0
XM_047433393.1	21661	21433.3	0.743044	0.00156016
XM_047433394.1	5451	5223.29	0	0
XM_047433395.1	5567	5339.29	68.1543	0.57445
XM_047433396.1	7392	7164.29	2.13978e-07	1.34412e-09
XM_047433397.1	646	419.888	0	0
XM_047433398.1	574	349.421	0	0
XM_047433399.1	2186	1958.29	0	0
XM_047433400.1	678	451.406	0	0
XM_047433401.1	2564	2336.29	0	0
XM_047433402.1	2585	2357.29	3.54177e-06	6.7616e-08
XM_047433403.1	2655	2427.29	73.7197	1.3668
XM_047433404.1	1432	1204.29	0.207835	0.00776656
XM_047433405.1	1188	960.293	3	0.140592
XM_047433406.1	1237	1009.29	1.00037	0.0446052
XM_047433407.1	934	706.293	0	0
XM_047433408.1	1266	1038.29	0	0
XM_047433409.1	1026	798.293	0	0
XM_047433410.1	1879	1651.29	0	0
XM_047433411.1	5625	5397.29	7.63504	0.0636616
XM_047433412.1	1940	1712.29	0	0
XM_047433413.1	1538	1310.29	1.1515e-06	3.95492e-08
XM_047433414.1	1949	1721.29	0	0
XM_047433415.1	5686	5458.29	0	0
XM_047433416.1	1720	1492.29	0	0
XM_047433417.1	5387	5159.29	6.54918	0.0571267
XM_047433418.1	1543	1315.29	0	0
XM_047433419.1	1567	1339.29	0	0
XM_047433420.1	1032	804.293	0	0
XM_047433421.1	1171	943.293	0.0155141	0.000740154
XM_047433422.1	1409	1181.29	0	0
XM_047433423.1	1487	1259.29	5.46741	0.195388
XM_047433424.1	4630	4402.29	260.643	2.66446
XM_047433425.1	1284	1056.29	4.67981	0.199382
XM_047433426.1	27200	26972.3	38.0056	0.063412
XM_047433427.1	27200	26972.3	38.0056	0.063412
XM_047433428.1	814	586.487	23.4359	1.79832
XM_047433429.1	984	756.293	0	0
XM_047433430.1	2520	2292.29	0	0
XM_047433431.1	1704	1476.29	28.4941	0.86861
XM_047433432.1	1549	1321.29	7.01189	0.238824
XM_047433433.1	858	630.427	8	0.57108
XM_047433434.1	6544	6316.29	2.52063e-08	1.79593e-10
XM_047433435.1	6639	6411.29	121.249	0.851089
XM_047433436.1	6454	6226.29	0	0
XM_047433437.1	6639	6411.29	30.8205	0.21634
XM_047433438.1	6454	6226.29	0	0
XM_047433439.1	6445	6217.29	32.9997	0.238864
XM_047433440.1	6636	6408.29	30.6627	0.215333
XM_047433441.1	6429	6201.29	1.83623	0.0133256
XM_047433442.1	6621	6393.29	57.529	0.404953
XM_047433443.1	6436	6208.29	0	0
XM_047433444.1	6414	6186.29	3.51939	0.0256023
XM_047433445.1	6481	6253.29	1.07052	0.00770423
XM_047433446.1	6520	6292.29	1.05145e-08	7.52007e-11
XM_047433447.1	6433	6205.29	0	0
XM_047433448.1	6408	6180.29	46.2969	0.337121
XM_047433449.1	6685	6457.29	17.8813	0.124621
XM_047433450.1	4245	4017.29	1.31672	0.0147503
XM_047433451.1	6433	6205.29	0	0
XM_047433452.1	6411	6183.29	0.81829	0.00595566
XM_047433453.1	6685	6457.29	4.46872	0.031144
XM_047433454.1	6615	6387.29	14.2426	0.100349
XM_047433455.1	6517	6289.29	0	0
XM_047433456.1	6390	6162.29	21.147	0.154436
XM_047433457.1	6667	6439.29	8.32118	0.0581552
XM_047433458.1	6387	6159.29	21.0403	0.153731
XM_047433459.1	6664	6436.29	8.28357	0.0579194
XM_047433460.1	1665	1437.29	0	0
XM_047433461.1	1404	1176.29	0	0
XM_047433462.1	1315	1087.29	0	0
XM_047433463.1	1348	1120.29	0	0
XM_047433464.1	1115	887.293	0	0
XM_047433465.1	1995	1767.29	0	0
XM_047433466.1	6479	6251.29	0	0
XM_047433467.1	1681	1453.29	328.723	10.1793
XM_047433468.1	6387	6159.29	4.93336	0.0360458
XM_047433469.1	4157	3929.29	0	0
XM_047433470.1	4194	3966.29	0	0
XM_047433471.1	4130	3902.29	0	0
XM_047433472.1	6384	6156.29	4.9106	0.0358969
XM_047433473.1	6661	6433.29	2.02732	0.0141818
XM_047433474.1	6157	5929.29	22.2113	0.168583
XM_047433475.1	5788	5560.29	35.0482	0.283668
XM_047433476.1	5794	5566.29	66.1813	0.535071
XM_047433477.1	1611	1383.29	0	0
XM_047433478.1	1554	1326.29	17.3465	0.588593
XM_047433479.1	1604	1376.29	0	0
XM_047433480.1	1433	1205.29	22.4288	0.837445
XM_047433481.1	2839	2611.29	41.1258	0.708763
XM_047433482.1	2485	2257.29	0	0
XM_047433484.1	2090	1862.29	0	0
XM_047433485.1	3721	3493.29	0	0
XM_047433486.1	6209	5981.29	137.833	1.03705
XM_047433487.1	3718	3490.29	0	0
XM_047433488.1	6869	6641.29	1.7483e-06	1.18469e-08
XM_047433489.1	6866	6638.29	7.19693	0.0487902
XM_047433490.1	2797	2569.29	0	0
XM_047433491.1	5550	5322.29	159.589	1.34942
XM_047433492.1	6806	6578.29	43.3575	0.296615
XM_047433493.1	6803	6575.29	0	0
XM_047433494.1	4656	4428.29	193.105	1.96246
XM_047433495.1	3431	3203.29	34.1743	0.480116
XM_047433496.1	2796	2568.29	37.2287	0.652342
XM_047433497.1	4764	4536.29	59.0085	0.585404
XM_047433498.1	2904	2676.29	3.92467	0.065995
XM_047433499.1	1810	1582.29	12.2331	0.347929
XM_047433500.1	1706	1478.29	3.0513	0.0928896
XM_047433501.1	1548	1320.29	14.4757	0.493414
XM_047433502.1	2310	2082.29	4.67867	0.101117
XM_047433503.1	3347	3119.29	0	0
XM_047433504.1	2278	2050.29	32.5287	0.713991
XM_047433505.1	3184	2956.29	0.00359528	5.47303e-05
XM_047433506.1	3038	2810.29	2.94173	0.0471079
XM_047433507.1	3140	2912.29	0	0
XM_047433508.1	3107	2879.29	0	0
XM_047433509.1	3112	2884.29	0	0
XM_047433510.1	26396	26168.3	0	0
XM_047433511.1	13304	13076.3	0	0
XM_047433512.1	25947	25719.3	9.73565	0.0170352
XM_047433513.1	26393	26165.3	0	0
XM_047433514.1	25528	25300.3	9.97282	0.0177392
XM_047433515.1	25525	25297.3	108.908	0.193744
XM_047433516.1	2801	2573.29	53.9369	0.943276
XM_047433517.1	1023	795.293	0	0
XM_047433518.1	1960	1732.29	0	0
XM_047433519.1	1954	1726.29	0	0
XM_047433520.1	6704	6476.29	0	0
XM_047433521.1	4537	4309.29	0	0
XM_047433522.1	6583	6355.29	11.3306	0.0802341
XM_047433523.1	4745	4517.29	0	0
XM_047433524.1	4273	4045.29	0	0
XM_047433526.1	4402	4174.29	37.2445	0.401534
XM_047433527.1	3886	3658.29	38.0994	0.468686
XM_047433528.1	3891	3663.29	0.145694	0.00178983
XM_047433529.1	3914	3686.29	0.236205	0.00288364
XM_047433530.1	4148	3920.29	0	0
XM_047433531.1	4133	3905.29	0	0
XM_047433532.1	4130	3902.29	0	0
XM_047433533.1	3797	3569.29	6.475	0.0816394
XM_047433534.1	4332	4104.29	156.646	1.7176
XM_047433535.1	3782	3554.29	1.5769	0.0199661
XM_047433536.1	4076	3848.29	0	0
XM_047433537.1	4058	3830.29	0	0
XM_047433538.1	4245	4017.29	5.54978	0.0621705
XM_047433539.1	4242	4014.29	62.806	0.704101
XM_047433540.1	3730	3502.29	4.85374	0.0623687
XM_047433541.1	3727	3499.29	36.3235	0.467142
XM_047433542.1	3712	3484.29	107.172	1.38423
XM_047433543.1	3709	3481.29	743.462	9.61082
XM_047433544.1	3991	3763.29	0	0
XM_047433545.1	3988	3760.29	0	0
XM_047433546.1	3640	3412.29	1.45476	0.0191861
XM_047433547.1	1687	1459.29	0	0
XM_047433548.1	3637	3409.29	11.7705	0.155372
XM_047433549.1	3919	3691.29	0	0
XM_047433550.1	6226	5998.29	4.27936e-06	3.21065e-08
XM_047433551.1	6400	6172.29	29.2286	0.21311
XM_047433552.1	6223	5995.29	1.08713	0.00816045
XM_047433553.1	6372	6144.29	0	0
XM_047433554.1	6209	5981.29	0	0
XM_047433555.1	6178	5950.29	257.714	1.94913
XM_047433556.1	6175	5947.29	1266.35	9.58242
XM_047433557.1	6301	6073.29	93.6027	0.693596
XM_047433558.1	6239	6011.29	7.4207e-08	5.55545e-10
XM_047433559.1	6208	5980.29	8.89068e-05	6.69044e-07
XM_047433560.1	6382	6154.29	521.668	3.81468
XM_047433561.1	6175	5947.29	48.3186	0.365626
XM_047433562.1	6324	6096.29	0	0
XM_047433563.1	6205	5977.29	23.165	0.17441
XM_047433564.1	5404	5176.29	428.89	3.7288
XM_047433565.1	2572	2344.29	0	0
XM_047433566.1	2602	2374.29	0	0
XM_047433567.1	2664	2436.29	0.0635612	0.0011741
XM_047433568.1	2538	2310.29	64.369	1.25387
XM_047433569.1	2571	2343.29	0	0
XM_047433570.1	2585	2357.29	17.9794	0.343244
XM_047433571.1	2407	2179.29	37.9089	0.78283
XM_047433572.1	852	624.427	8.17503	0.589182
XM_047433573.1	2621	2393.29	0	0
XM_047433574.1	2516	2288.29	0	0
XM_047433575.1	2407	2179.29	0	0
XM_047433576.1	1231	1003.29	3.03422	0.136101
XM_047433577.1	912	684.293	1.45598	0.0957535
XM_047433578.1	2021	1793.29	0	0
XM_047433579.1	891	663.427	10.3168	0.699832
XM_047433580.1	1636	1408.29	11.1559	0.356496
XM_047433581.1	1616	1388.29	0	0
XM_047433582.1	1548	1320.29	0	0
XM_047433583.1	1514	1286.29	0	0
XM_047433584.1	1376	1148.29	0	0
XM_047433585.1	1653	1425.29	0	0
XM_047433586.1	1510	1282.29	0	0
XM_047433587.1	1100	872.293	54.3592	2.80448
XM_047433588.1	1186	958.293	29.3287	1.37732
XM_047433589.1	2675	2447.29	0	0
XM_047433590.1	2669	2441.29	0	0
XM_047433591.1	2929	2701.29	0	0
XM_047433592.1	1193	965.293	0	0
XM_047433593.1	1522	1294.29	32.5441	1.13157
XM_047433594.1	1911	1683.29	0	0
XM_047433595.1	751	523.701	5.55205	0.477103
XM_047433596.1	1500	1272.29	0	0
XM_047433597.1	1815	1587.29	38.9479	1.10425
XM_047433598.1	1969	1741.29	33.0812	0.854971
XM_047433599.1	1222	994.293	7.06519	0.31978
XM_047433600.1	1296	1068.29	53.284	2.24465
XM_047433601.1	2989	2761.29	27.1822	0.44301
XM_047433602.1	1807	1579.29	2.50187	0.0712925
XM_047433603.1	1971	1743.29	0	0
XM_047433604.1	1838	1610.29	0	0
XM_047433605.1	1625	1397.29	0	0
XM_047433606.1	1613	1385.29	0	0
XM_047433607.1	865	637.427	1.72695	0.121924
XM_047433608.1	2367	2139.29	0	0
XM_047433609.1	3426	3198.29	77.547	1.09116
XM_047433610.1	5060	4832.29	67.3424	0.627159
XM_047433611.1	3354	3126.29	67.306	0.968872
XM_047433612.1	3318	3090.29	7.79541	0.113522
XM_047433613.1	3039	2811.29	0.00645089	0.000103266
XM_047433614.1	2967	2739.29	0	0
XM_047433615.1	2201	1973.29	0	0
XM_047433616.1	2616	2388.29	0	0
XM_047433617.1	1841	1613.29	0	0
XM_047433618.1	1880	1652.29	0	0
XM_047433620.1	2529	2301.29	151.45	2.96169
XM_047433621.1	2772	2544.29	6.05432	0.107088
XM_047433622.1	1046	818.293	0	0
XM_047433623.1	751	523.701	6.13286	0.527014
XM_047433624.1	10739	10511.3	0.000490805	2.10134e-06
XM_047433625.1	10631	10403.3	0	0
XM_047433626.1	7587	7359.29	2126.44	13.0035
XM_047433627.1	4734	4506.29	0	0
XM_047433628.1	1243	1015.29	0	0
XM_047433629.1	4725	4497.29	0	0
XM_047433630.1	4716	4488.29	0	0
XM_047433631.1	4671	4443.29	0	0
XM_047433632.1	4653	4425.29	0	0
XM_047433633.1	4635	4407.29	0	0
XM_047433634.1	4491	4263.29	0	0
XM_047433635.1	3415	3187.29	0	0
XM_047433636.1	2750	2522.29	0	0
XM_047433637.1	2916	2688.29	0	0
XM_047433638.1	1277	1049.29	0	0
XM_047433639.1	762	534.648	3.81356	0.321
XM_047433640.1	956	728.293	0	0
XM_047433641.1	770	542.487	0.112615	0.0093422
XM_047433642.1	4631	4403.29	34.5199	0.352805
XM_047433643.1	4610	4382.29	11.0264	0.113233
XM_047433644.1	4372	4144.29	19.8089	0.215106
XM_047433645.1	4321	4093.29	45.0042	0.494792
XM_047433646.1	3524	3296.29	0.554694	0.00757303
XM_047433647.1	1421	1193.29	0	0
XM_047433648.1	1815	1587.29	0	0
XM_047433649.1	1861	1633.29	0	0
XM_047433650.1	1782	1554.29	0	0
XM_047433651.1	1721	1493.29	0	0
XM_047433652.1	4150	3922.29	9.6265	0.110451
XM_047433653.1	992	764.293	26.0948	1.53652
XM_047433654.1	2752	2524.29	35.6601	0.635748
XM_047433655.1	1601	1373.29	0	0
XM_047433656.1	8695	8467.29	0	0
XM_047433657.1	3018	2790.29	5.74911e-05	9.27241e-07
XM_047433658.1	8717	8489.29	0	0
XM_047433659.1	8580	8352.29	0.57056	0.00307424
XM_047433660.1	8710	8482.29	0.516755	0.00274166
XM_047433661.1	8638	8410.29	5.64546	0.0302086
XM_047433662.1	8660	8432.29	118.749	0.633763
XM_047433663.1	2290	2062.29	412.108	8.99296
XM_047433664.1	1803	1575.29	69.0526	1.9727
XM_047433665.1	2994	2766.29	7.99994	0.130146
XM_047433666.1	2322	2094.29	215.342	4.62737
XM_047433667.1	5069	4841.29	0	0
XM_047433668.1	3546	3318.29	47.7115	0.647069
XM_047433669.1	3384	3156.29	104.842	1.49486
XM_047433670.1	3131	2903.29	61.3069	0.9503
XM_047433671.1	1336	1108.29	0	0
XM_047433672.1	4790	4562.29	0	0
XM_047433673.1	4362	4134.29	3	0.0326559
XM_047433674.1	4793	4565.29	17.579	0.173288
XM_047433675.1	5635	5407.29	0	0
XM_047433676.1	2596	2368.29	0	0
XM_047433677.1	2157	1929.29	3.5672	0.0832091
XM_047433678.1	5268	5040.29	12.2871	0.109708
XM_047433679.1	906	678.293	6.13154	0.406812
XM_047433680.1	5611	5383.29	0	0
XM_047433681.1	2762	2534.29	56.5207	1.00367
XM_047433682.1	1789	1561.29	13.5498	0.390564
XM_047433683.1	731	503.753	0	0
XM_047433684.1	1566	1338.29	5.57622	0.187513
XM_047433685.1	11404	11176.3	21.6328	0.0871079
XM_047433686.1	10981	10753.3	0	0
XM_047433687.1	11046	10818.3	0	0
XM_047433688.1	10701	10473.3	0	0
XM_047433689.1	4345	4117.29	0	0
XM_047433690.1	1747	1519.29	0	0
XM_047433691.1	2312	2084.29	0	0
XM_047433692.1	3452	3224.29	48.8181	0.681379
XM_047433693.1	1568	1340.29	0	0
XM_047433694.1	613	387.495	0	0
XM_047433695.1	3449	3221.29	12.3332	0.172301
XM_047433696.1	2518	2290.29	22.903	0.450032
XM_047433697.1	2515	2287.29	5.72509	0.112643
XM_047433698.1	1561	1333.29	28.9064	0.975688
XM_047433699.1	1558	1330.29	23.3772	0.790838
XM_047433700.1	1198	970.293	0	0
XM_047433704.1	1773	1545.29	12.3317	0.359132
XM_047433705.1	1601	1373.29	0	0
XM_047433706.1	1569	1341.29	0	0
XM_047433707.1	1476	1248.29	6.15287	0.221821
XM_047433708.1	1445	1217.29	31.7945	1.17543
XM_047433709.1	1402	1174.29	28.0971	1.07678
XM_047433710.1	1340	1112.29	11.3421	0.4589
XM_047433711.1	3312	3084.29	3.58296	0.0522792
XM_047433722.1	5886	5658.29	0	0
XM_047433723.1	5883	5655.29	0	0
XM_047433724.1	5880	5652.29	0	0
XM_047433725.1	5871	5643.29	0	0
XM_047433726.1	5868	5640.29	0	0
XM_047433727.1	5807	5579.29	0	0
XM_047433728.1	5795	5567.29	0	0
XM_047433729.1	5792	5564.29	0	0
XM_047433730.1	5832	5604.29	0	0
XM_047433731.1	5829	5601.29	0	0
XM_047433732.1	5756	5528.29	0	0
XM_047433733.1	5655	5427.29	0	0
XM_047433734.1	5801	5573.29	0	0
XM_047433735.1	5640	5412.29	1.54792e-05	1.28709e-07
XM_047433736.1	5637	5409.29	2.09816e-05	1.74559e-07
XM_047433737.1	5579	5351.29	0	0
XM_047433738.1	5625	5397.29	0.000403569	3.36499e-06
XM_047433739.1	5622	5394.29	0.000548704	4.57769e-06
XM_047433740.1	5619	5391.29	1.94438e-05	1.62304e-07
XM_047433741.1	5616	5388.29	2.63276e-05	2.19889e-07
XM_047433742.1	5616	5388.29	0	0
XM_047433743.1	5564	5336.29	2.98989e-06	2.52149e-08
XM_047433744.1	5610	5382.29	104.475	0.873549
XM_047433745.1	5549	5321.29	8.18208e-05	6.91973e-07
XM_047433746.1	5546	5318.29	0.000111668	9.44931e-07
XM_047433747.1	5595	5367.29	152.026	1.27469
XM_047433748.1	5543	5315.29	3.6643e-06	3.10246e-08
XM_047433749.1	5589	5361.29	8.01988	0.0673194
XM_047433750.1	5586	5358.29	0.000220167	1.84914e-06
XM_047433751.1	5586	5358.29	10.9753	0.0921792
XM_047433752.1	5583	5355.29	0.000299476	2.51664e-06
XM_047433753.1	5580	5352.29	1.01437e-05	8.52898e-08
XM_047433754.1	5519	5291.29	37.7805	0.321328
XM_047433755.1	5507	5279.29	5.94578e-05	5.06845e-07
XM_047433756.1	5504	5276.29	1.86112e-06	1.5874e-08
XM_047433757.1	5409	5181.29	113.843	0.988801
XM_047433758.1	5555	5327.29	0.655059	0.0055337
XM_047433759.1	5403	5175.29	5.27492	0.0458694
XM_047433760.1	5540	5312.29	18.2894	0.154938
XM_047433761.1	5342	5114.29	0.0359611	0.000316439
XM_047433762.1	5333	5105.29	26.7656	0.235938
XM_047433763.1	5370	5142.29	67.6516	0.592057
XM_047433764.1	5464	5236.29	4.25919	0.0366054
XM_047433765.1	5461	5233.29	5.83353	0.0501647
XM_047433766.1	6800	6572.29	234.187	1.60357
XM_047433767.1	6797	6569.29	303.673	2.08032
XM_047433768.1	4159	3931.29	214.634	2.457
XM_047433769.1	6407	6179.29	28.1374	0.204922
XM_047433770.1	3864	3636.29	2	0.0247522
XM_047433771.1	3555	3327.29	0	0
XM_047433772.1	1047	819.293	0	0
XM_047433773.1	1179	951.293	10.2086	0.482939
XM_047433774.1	6108	5880.29	0	0
XM_047433776.1	3602	3374.29	0	0
XM_047433777.1	3731	3503.29	0	0
XM_047433778.1	1558	1330.29	0	0
XM_047433779.1	1099	871.293	0	0
XM_047433780.1	2722	2494.29	0	0
XM_047433781.1	2451	2223.29	0	0
XM_047433782.1	1107	879.293	0	0
XM_047433783.1	1084	856.293	0	0
XM_047433784.1	4438	4210.29	0	0
XM_047433785.1	1443	1215.29	134.011	4.96249
XM_047433788.1	4479	4251.29	0	0
XM_047433789.1	4018	3790.29	1185.42	14.0748
XM_047433790.1	1986	1758.29	0	0
XM_047433791.1	2230	2002.29	0	0
XM_047433792.1	19592	19364.3	45.3553	0.105407
XM_047433793.1	16059	15831.3	186.836	0.531114
XM_047433794.1	15870	15642.3	1044.13	3.00398
XM_047433795.1	15666	15438.3	0	0
XM_047433796.1	15906	15678.3	0.000239089	6.86282e-07
XM_047433797.1	4349	4121.29	0	0
XM_047433798.1	4157	3929.29	0	0
XM_047433799.1	5135	4907.29	43.6712	0.400493
XM_047433800.1	1213	985.293	37.8109	1.72701
XM_047433801.1	8419	8191.29	594.173	3.2644
XM_047433802.1	6172	5944.29	0	0
XM_047433803.1	8834	8606.29	0	0
XM_047433804.1	8037	7809.29	44.2096	0.254769
XM_047433805.1	8432	8204.29	0	0
XM_047433806.1	8311	8083.29	0	0
XM_047433807.1	8040	7812.29	0	0
XM_047433808.1	8222	7994.29	0	0
XM_047433809.1	7611	7383.29	0	0
XM_047433810.1	7387	7159.29	0	0
XM_047433811.1	3852	3624.29	0	0
XM_047433812.1	5683	5455.29	0	0
XM_047433813.1	5665	5437.29	0	0
XM_047433814.1	5170	4942.29	0	0
XM_047433815.1	8248	8020.29	593.685	3.33125
XM_047433816.1	6495	6267.29	639.705	4.59348
XM_047433817.1	4758	4530.29	68.2576	0.678058
XM_047433818.1	17228	17000.3	11.9642	0.0316717
XM_047433819.1	13877	13649.3	6.21391	0.0204879
XM_047433820.1	8335	8107.29	15.4761	0.0859071
XM_047433821.1	7412	7184.29	15.7098	0.0984078
XM_047433822.1	7431	7203.29	65.4748	0.409059
XM_047433823.1	7488	7260.29	36.1685	0.224191
XM_047433824.1	7388	7160.29	3.87837e-07	2.43759e-09
XM_047433825.1	2997	2769.29	0	0
XM_047433826.1	7815	7587.29	0	0
XM_047433827.1	7871	7643.29	6.59823	0.0388498
XM_047433828.1	7238	7010.29	80.1465	0.514507
XM_047433829.1	7271	7043.29	2.80095	0.0178967
XM_047433830.1	7713	7485.29	1.75983e-08	1.05805e-10
XM_047433831.1	7466	7238.29	17.5654	0.10921
XM_047433832.1	7652	7424.29	5.50264	0.0333548
XM_047433833.1	7169	6941.29	3.42548e-06	2.22087e-08
XM_047433834.1	7113	6885.29	0.156626	0.00102373
XM_047433835.1	7052	6824.29	1.30025	0.00857458
XM_047433836.1	7193	6965.29	231.394	1.49505
XM_047433837.1	3533	3305.29	124.677	1.69753
XM_047433838.1	1967	1739.29	1.1043	0.028573
XM_047433842.1	6530	6302.29	4.31518	0.0308136
XM_047433843.1	6401	6173.29	15.2341	0.111056
XM_047433844.1	6705	6477.29	23.3696	0.162368
XM_047433845.1	5617	5389.29	13.4852	0.112608
XM_047433846.1	3715	3487.29	9.5216	0.122875
XM_047433847.1	6677	6449.29	0	0
XM_047433848.1	6641	6413.29	51.4457	0.361003
XM_047433849.1	15383	15155.3	104.055	0.308987
XM_047433850.1	6629	6401.29	0	0
XM_047433851.1	6599	6371.29	1.23311	0.00870994
XM_047433852.1	6593	6365.29	46.1842	0.326526
XM_047433853.1	3083	2855.29	0.018005	0.000283781
XM_047433854.1	3077	2849.29	64.3891	1.01699
XM_047433855.1	3035	2807.29	0.0123133	0.000197391
XM_047433856.1	3029	2801.29	51.5463	0.828096
XM_047433857.1	3953	3725.29	0	0
XM_047433858.1	3218	2990.29	3.78054	0.0568961
XM_047433859.1	3891	3663.29	0	0
XM_047433860.1	2938	2710.29	0	0
XM_047433861.1	3176	2948.29	0.000769289	1.17425e-05
XM_047433862.1	3170	2942.29	2.9328	0.0448578
XM_047433863.1	3852	3624.29	0.0213516	0.000265125
XM_047433864.1	3846	3618.29	15.3632	0.191083
XM_047433865.1	3843	3615.29	0	0
XM_047433866.1	2890	2662.29	0	0
XM_047433867.1	3089	2861.29	0	0
XM_047433868.1	2228	2000.29	0	0
XM_047433869.1	8195	7967.29	0	0
XM_047433870.1	8183	7955.29	22.4133	0.126792
XM_047433871.1	8081	7853.29	1.66138e-06	9.52051e-09
XM_047433872.1	7943	7715.29	0.00097985	5.71544e-06
XM_047433873.1	6535	6307.29	13.0777	0.0933107
XM_047433874.1	8520	8292.29	20.2046	0.109653
XM_047433875.1	6453	6225.29	0	0
XM_047433876.1	4474	4246.29	107.871	1.14324
XM_047433877.1	6445	6217.29	0	0
XM_047433878.1	6433	6205.29	0	0
XM_047433879.1	4686	4458.29	0.789996	0.00797441
XM_047433880.1	4384	4156.29	0	0
XM_047433881.1	4372	4144.29	34.5496	0.375176
XM_047433882.1	1441	1213.29	562.576	20.8669
XM_047433883.1	1841	1613.29	16.6919	0.465622
XM_047433884.1	3047	2819.29	5.07278	0.0809745
XM_047433885.1	2964	2736.29	19.8371	0.326255
XM_047433886.1	2882	2654.29	0	0
XM_047433887.1	2322	2094.29	0	0
XM_047433888.1	688	461.088	0.5	0.048801
XM_047433889.1	4253	4025.29	32.2214	0.360237
XM_047433890.1	5275	5047.29	109.896	0.979865
XM_047433891.1	5151	4923.29	29.7264	0.271724
XM_047433892.1	6979	6751.29	17.8263	0.118828
XM_047433893.1	4665	4437.29	309.743	3.14142
XM_047433894.1	4451	4223.29	0	0
XM_047433895.1	4451	4223.29	0	0
XM_047433896.1	4579	4351.29	0	0
XM_047433897.1	4578	4350.29	0	0
XM_047433898.1	4060	3832.29	0	0
XM_047433899.1	4058	3830.29	516.976	6.07408
XM_047433900.1	3888	3660.29	12.1984	0.149979
XM_047433901.1	2533	2305.29	0	0
XM_047433902.1	2454	2226.29	8.92918	0.180498
XM_047433903.1	3381	3153.29	73.9655	1.05562
XM_047433904.1	5900	5672.29	0	0
XM_047433905.1	1544	1316.29	32.5511	1.1129
XM_047433906.1	3209	2981.29	72.0765	1.08801
XM_047433907.1	2020	1792.29	47.746	1.19887
XM_047433908.1	2247	2019.29	237.076	5.2836
XM_047433909.1	5134	4906.29	0	0
XM_047433910.1	8458	8230.29	0	0
XM_047433911.1	8301	8073.29	0	0
XM_047433912.1	8314	8086.29	0	0
XM_047433913.1	8311	8083.29	17.0963	0.0951822
XM_047433914.1	8443	8215.29	0	0
XM_047433915.1	8296	8068.29	60.2835	0.336247
XM_047433916.1	8281	8053.29	0	0
XM_047433917.1	8275	8047.29	29.217	0.163391
XM_047433918.1	8404	8176.29	0	0
XM_047433919.1	8154	7926.29	251.533	1.42813
XM_047433920.1	8242	8014.29	0.260108	0.0014606
XM_047433921.1	8167	7939.29	1665.2	9.43902
XM_047433922.1	8296	8068.29	0	0
XM_047433923.1	8134	7906.29	201.55	1.14724
XM_047433924.1	8260	8032.29	0	0
XM_047433925.1	8119	7891.29	198.046	1.12943
XM_047433926.1	8098	7870.29	95.7158	0.547312
XM_047433927.1	8227	7999.29	0	0
XM_047433928.1	7977	7749.29	859.017	4.98864
XM_047433929.1	8086	7858.29	22.5036	0.128874
XM_047433930.1	8065	7837.29	2.94046	0.0168846
XM_047433931.1	8065	7837.29	0	0
XM_047433932.1	7944	7716.29	97.0822	0.566204
XM_047433933.1	7908	7680.29	45.1386	0.264492
XM_047433934.1	7875	7647.29	0	0
XM_047433935.1	7918	7690.29	73.186	0.428279
XM_047433936.1	7741	7513.29	257.086	1.53989
XM_047433937.1	8213	7985.29	0	0
XM_047433938.1	8191	7963.29	0	0
XM_047433939.1	8381	8153.29	61.2152	0.337885
XM_047433940.1	8333	8105.29	12.1657	0.0675477
XM_047433941.1	7708	7480.29	26.0834	0.156923
XM_047433942.1	7693	7465.29	175.131	1.05575
XM_047433943.1	7672	7444.29	11.7826	0.0712293
XM_047433944.1	7518	7290.29	4.03425	0.0249035
XM_047433945.1	1142	914.293	0	0
XM_047433946.1	2669	2441.29	0	0
XM_047433947.1	3084	2856.29	0	0
XM_047433948.1	2742	2514.29	0	0
XM_047433949.1	2683	2455.29	0	0
XM_047433950.1	2606	2378.29	0	0
XM_047433951.1	2596	2368.29	0	0
XM_047433952.1	2420	2192.29	0	0
XM_047433953.1	3705	3477.29	0	0
XM_047433954.1	1231	1003.29	255.325	11.4527
XM_047433955.1	2147	1919.29	0	0
XM_047433956.1	2435	2207.29	0	0
XM_047433957.1	1384	1156.29	0	0
XM_047433958.1	922	694.293	13.2735	0.860368
XM_047433959.1	1032	804.293	35.8643	2.00673
XM_047433960.1	1826	1598.29	0	0
XM_047433961.1	1817	1589.29	0	0
XM_047433962.1	1637	1409.29	0	0
XM_047433963.1	1790	1562.29	0	0
XM_047433964.1	1790	1562.29	0	0
XM_047433965.1	1784	1556.29	0	0
XM_047433966.1	1772	1544.29	0	0
XM_047433967.1	2564	2336.29	3.71223	0.0715073
XM_047433968.1	1760	1532.29	0	0
XM_047433969.1	1638	1410.29	0	0
XM_047433970.1	1718	1490.29	0	0
XM_047433971.1	1682	1454.29	2	0.06189
XM_047433972.1	1664	1436.29	0	0
XM_047433973.1	1628	1400.29	0	0
XM_047433974.1	1619	1391.29	0	0
XM_047433975.1	1729	1501.29	0	0
XM_047433976.1	1666	1438.29	0	0
XM_047433977.1	2686	2458.29	0	0
XM_047433978.1	2783	2555.29	0	0
XM_047433979.1	1957	1729.29	2	0.052048
XM_047433980.1	2193	1965.29	0	0
XM_047433981.1	1172	944.293	0	0
XM_047433982.1	1264	1036.29	0	0
XM_047433983.1	1278	1050.29	0	0
XM_047433984.1	1137	909.293	3.98338	0.197147
XM_047433985.1	1131	903.293	0	0
XM_047433986.1	1919	1691.29	4.28613e-07	1.14048e-08
XM_047433987.1	1807	1579.29	81.9167	2.33427
XM_047433988.1	664	437.717	4.84009	0.497625
XM_047433989.1	868	640.427	199.352	14.0085
XM_047433990.1	2060	1832.29	6.25191	0.153554
XM_047433991.1	1575	1347.29	0	0
XM_047433992.1	1403	1175.29	0	0
XM_047433993.1	14259	14031.3	26.4042	0.0846873
XM_047433994.1	13940	13712.3	5.07139e-08	1.66441e-10
XM_047433995.1	2960	2732.29	4.14009	0.0681907
XM_047433996.1	3980	3752.29	53.7514	0.644667
XM_047433997.1	2491	2263.29	34.5176	0.686345
XM_047433998.1	2563	2335.29	75.2894	1.45089
XM_047433999.1	4083	3855.29	13.1729	0.153769
XM_047434000.1	3651	3423.29	377.524	4.96298
XM_047434001.1	3806	3578.29	35.1583	0.442175
XM_047434002.1	5165	4937.29	13.5257	0.123285
XM_047434003.1	3442	3214.29	30.6249	0.428777
XM_047434004.1	2748	2520.29	15.7363	0.280992
XM_047434005.1	2554	2326.29	154.498	2.98884
XM_047434006.1	5115	4887.29	0	0
XM_047434007.1	1762	1534.29	12.6909	0.372242
XM_047434008.1	1759	1531.29	453.752	13.3353
XM_047434009.1	1356	1128.29	3.76527	0.150182
XM_047434013.1	1150	922.293	0	0
XM_047434033.1	7310	7082.29	36.9297	0.234663
XM_047434034.1	6772	6544.29	24.1596	0.166138
XM_047434035.1	6774	6546.29	69.9001	0.480535
XM_047434036.1	6826	6598.29	0	0
XM_047434037.1	5727	5499.29	0	0
XM_047434038.1	3639	3411.29	0	0
XM_047434039.1	5580	5352.29	0	0
XM_047434040.1	5965	5737.29	14.0646	0.110322
XM_047434041.1	2942	2714.29	0	0
XM_047434042.1	4706	4478.29	37.2395	0.374226
XM_047434043.1	2892	2664.29	0	0
XM_047434044.1	2859	2631.29	0	0
XM_047434045.1	4353	4125.29	0	0
XM_047434046.1	5039	4811.29	0	0
XM_047434047.1	5318	5090.29	0.0132061	0.000116755
XM_047434048.1	1845	1617.29	0	0
XM_047434049.1	905	677.361	1	0.0664388
XM_047434050.1	1586	1358.29	0	0
XM_047434051.1	1484	1256.29	0	0
XM_047434052.1	5367	5139.29	0	0
XM_047434053.1	3931	3703.29	0	0
XM_047434054.1	1457	1229.29	0	0
XM_047434055.1	1421	1193.29	0	0
XM_047434056.1	1199	971.293	0	0
XM_047434057.1	2400	2172.29	0	0
XM_047434058.1	2324	2096.29	0	0
XM_047434059.1	2763	2535.29	3.73386	0.0662785
XM_047434060.1	2383	2155.29	0	0
XM_047434061.1	2269	2041.29	0	0
XM_047434062.1	2510	2282.29	0	0
XM_047434063.1	1307	1079.29	0	0
XM_047434064.1	1509	1281.29	0	0
XM_047434065.1	1133	905.293	0	0
XM_047434066.1	4515	4287.29	13.9695	0.146636
XM_047434067.1	3835	3607.29	63.9363	0.797643
XM_047434068.1	3292	3064.29	100.952	1.4826
XM_047434070.1	8581	8353.29	77.1064	0.415408
XM_047434071.1	3811	3583.29	0	0
XM_047434072.1	4105	3877.29	0	0
XM_047434073.1	4118	3890.29	0	0
XM_047434074.1	3147	2919.29	0	0
XM_047434075.1	2052	1824.29	0	0
XM_047434076.1	2281	2053.29	0.000187012	4.09884e-06
XM_047434077.1	1372	1144.29	0	0
XM_047434078.1	3672	3444.29	0	0
XM_047434079.1	3669	3441.29	13.3705	0.174851
XM_047434080.1	3764	3536.29	0	0
XM_047434081.1	3701	3473.29	415.113	5.37857
XM_047434082.1	3624	3396.29	23.4477	0.310697
XM_047434083.1	3397	3169.29	0	0
XM_047434084.1	3425	3197.29	0	0
XM_047434085.1	3232	3004.29	35.1251	0.52616
XM_047434086.1	3195	2967.29	121.807	1.84737
XM_047434087.1	3317	3089.29	0	0
XM_047434088.1	3156	2928.29	0	0
XM_047434089.1	4316	4088.29	36.1309	0.397722
XM_047434090.1	3549	3321.29	17.3181	0.234658
XM_047434091.1	2874	2646.29	0	0
XM_047434092.1	2950	2722.29	45.5571	0.753119
XM_047434093.1	3515	3287.29	0	0
XM_047434094.1	1742	1514.29	416.48	12.3773
XM_047434095.1	1918	1690.29	149.8	3.98834
XM_047434096.1	3943	3715.29	17.9046	0.216877
XM_047434097.1	1868	1640.29	7.71489	0.211666
XM_047434098.1	1841	1613.29	40.9183	1.14142
XM_047434099.1	1473	1245.29	0	0
XM_047434100.1	2647	2419.29	0	0
XM_047434101.1	1494	1266.29	0	0
XM_047434102.1	2552	2324.29	0	0
XM_047434103.1	2464	2236.29	0	0
XM_047434104.1	3517	3289.29	3.33579	0.0456392
XM_047434105.1	10452	10224.3	1.40544	0.00618616
XM_047434106.1	3514	3286.29	0.229688	0.00314539
XM_047434107.1	3446	3218.29	5.56387	0.0778026
XM_047434108.1	3406	3178.29	2.41901	0.0342521
XM_047434109.1	3062	2834.29	314.561	4.99462
XM_047434110.1	1682	1454.29	300.72	9.30579
XM_047434111.1	1455	1227.29	167.556	6.14404
XM_047434112.1	3514	3286.29	1.57806	0.0216102
XM_047434113.1	1421	1193.29	110.317	4.16043
XM_047434114.1	4885	4657.29	0	0
XM_047434115.1	15980	15752.3	0	0
XM_047434116.1	15959	15731.3	0	0
XM_047434117.1	5278	5050.29	37.1751	0.331267
XM_047434118.1	15977	15749.3	0	0
XM_047434119.1	15956	15728.3	0	0
XM_047434120.1	5387	5159.29	0	0
XM_047434121.1	3329	3101.29	0.0140501	0.000203882
XM_047434122.1	5384	5156.29	0	0
XM_047434123.1	15997	15769.3	0	0
XM_047434124.1	15812	15584.3	0	0
XM_047434125.1	4574	4346.29	0	0
XM_047434126.1	15921	15693.3	0	0
XM_047434127.1	15918	15690.3	0	0
XM_047434128.1	5237	5009.29	0	0
XM_047434129.1	3289	3061.29	1.50536	0.0221299
XM_047434130.1	3221	2993.29	45.6081	0.685702
XM_047434131.1	7924	7696.29	0	0
XM_047434132.1	7798	7570.29	0	0
XM_047434133.1	7786	7558.29	0	0
XM_047434134.1	6438	6210.29	35.8478	0.259772
XM_047434135.1	7777	7549.29	0	0
XM_047434136.1	7747	7519.29	0	0
XM_047434137.1	7660	7432.29	0	0
XM_047434138.1	6378	6150.29	0	0
XM_047434139.1	3329	3101.29	0.00018686	2.71154e-06
XM_047434140.1	6366	6138.29	0	0
XM_047434141.1	6357	6129.29	0.0432214	0.000317344
XM_047434142.1	7600	7372.29	0	0
XM_047434144.1	7579	7351.29	0	0
XM_047434145.1	6240	6012.29	0	0
XM_047434146.1	6231	6003.29	0	0
XM_047434147.1	6201	5973.29	0	0
XM_047434148.1	6180	5952.29	0.000193237	1.46099e-06
XM_047434149.1	6159	5931.29	0	0
XM_047434150.1	3326	3098.29	0.00609871	8.85844e-05
XM_047434151.1	6093	5865.29	0	0
XM_047434152.1	6042	5814.29	0	0
XM_047434153.1	6033	5805.29	0	0
XM_047434154.1	6012	5784.29	0	0
XM_047434155.1	3286	3058.29	0.634496	0.00933667
XM_047434156.1	6715	6487.29	14.0975	0.0977957
XM_047434157.1	3782	3554.29	0	0
XM_047434158.1	6760	6532.29	0	0
XM_047434159.1	2025	1797.29	68.9494	1.72645
XM_047434160.1	2071	1843.29	0	0
XM_047434161.1	1954	1726.29	0	0
XM_047434162.1	1771	1543.29	0	0
XM_047434163.1	983	755.293	0	0
XM_047434164.1	1625	1397.29	3.29903	0.106253
XM_047434165.1	16834	16606.3	36.2502	0.0982382
XM_047434166.1	15874	15646.3	1.59278e-07	4.58128e-10
XM_047434167.1	17080	16852.3	11.5995	0.0309757
XM_047434168.1	22912	22684.3	11.0818	0.0219851
XM_047434169.1	12895	12667.3	0	0
XM_047434170.1	1114	886.293	0.300101	0.0152382
XM_047434171.1	1055	827.293	11.3934	0.619775
XM_047434172.1	2042	1814.29	0	0
XM_047434173.1	1943	1715.29	0	0
XM_047434174.1	1922	1694.29	0	0
XM_047434175.1	1960	1732.29	0	0
XM_047434176.1	1841	1613.29	2.26475	0.0631755
XM_047434177.1	1484	1256.29	0	0
XM_047434178.1	1308	1080.29	1.49671	0.0623504
XM_047434179.1	2323	2095.29	0	0
XM_047434180.1	4155	3927.29	26.1286	0.299409
XM_047434181.1	1920	1692.29	18.1065	0.481507
XM_047434182.1	1924	1696.29	0.711432	0.0188745
XM_047434183.1	1841	1613.29	0.00241648	6.74082e-05
XM_047434184.1	1837	1609.29	0.0726601	0.0020319
XM_047434185.1	1172	944.293	1.29492	0.0617132
XM_047434186.1	1268	1040.29	0	0
XM_047434187.1	1265	1037.29	0	0
XM_047434188.1	1235	1007.29	0	0
XM_047434189.1	1232	1004.29	0	0
XM_047434190.1	2720	2492.29	6.69196	0.120836
XM_047434191.1	2508	2280.29	0	0
XM_047434192.1	2427	2199.29	6.54017	0.133828
XM_047434195.1	2375	2147.29	41.0928	0.861225
XM_047434196.1	2243	2015.29	20.1757	0.450539
XM_047434197.1	1287	1059.29	0	0
XM_047434198.1	11392	11164.3	16.4149	0.0661682
XM_047434199.1	7283	7055.29	3.15313e-05	2.01126e-07
XM_047434200.1	7476	7248.29	146.785	0.911356
XM_047434201.1	10332	10104.3	474.654	2.11404
XM_047434202.1	4729	4501.29	18.7941	0.1879
XM_047434203.1	2982	2754.29	0	0
XM_047434204.1	1667	1439.29	0	0
XM_047434205.1	1755	1527.29	0	0
XM_047434206.1	2968	2740.29	0	0
XM_047434208.1	14275	14047.3	0	0
XM_047434209.1	14203	13975.3	0	0
XM_047434210.1	15171	14943.3	105.591	0.317998
XM_047434211.1	14075	13847.3	510.945	1.66055
XM_047434212.1	12127	11899.3	182.244	0.689246
XM_047434213.1	11092	10864.3	0.0723592	0.000299733
XM_047434214.1	1138	910.293	0	0
XM_047434215.1	2095	1867.29	84.6713	2.04064
XM_047434216.1	1991	1763.29	16.1091	0.41114
XM_047434217.1	3162	2934.29	0	0
XM_047434218.1	3159	2931.29	0	0
XM_047434219.1	3606	3378.29	1.40771e-08	1.87524e-10
XM_047434220.1	5468	5240.29	6.20137e-05	5.32567e-07
XM_047434221.1	5321	5093.29	32.7241	0.289143
XM_047434222.1	5333	5105.29	3.2986e-05	2.90771e-07
XM_047434223.1	2880	2652.29	0.00145946	2.47636e-05
XM_047434224.1	3483	3255.29	3.14261e-08	4.34453e-10
XM_047434225.1	3004	2776.29	0	0
XM_047434226.1	2881	2653.29	0	0
XM_047434227.1	3001	2773.29	0	0
XM_047434228.1	2790	2562.29	69.5672	1.22185
XM_047434229.1	2802	2574.29	0	0
XM_047434230.1	2733	2505.29	0	0
XM_047434231.1	2096	1868.29	147.359	3.54957
XM_047434232.1	1961	1733.29	85.3539	2.21612
XM_047434233.1	2512	2284.29	0	0
XM_047434234.1	3370	3142.29	0	0
XM_047434235.1	3235	3007.29	0	0
XM_047434236.1	1817	1589.29	34.3919	0.973855
XM_047434237.1	2017	1789.29	18.0152	0.453107
XM_047434238.1	1862	1634.29	73.3012	2.01848
XM_047434239.1	1854	1626.29	0	0
XM_047434240.1	1424	1196.29	3.02275	0.113712
XM_047434243.1	1579	1351.29	0	0
XM_047434244.1	2032	1804.29	0	0
XM_047434249.1	3872	3644.29	0	0
XM_047434252.1	1950	1722.29	0	0
XM_047434253.1	1643	1415.29	1.02252e-08	3.25137e-10
XM_047434254.1	1644	1416.29	0	0
XM_047434255.1	1648	1420.29	0	0
XM_047434256.1	1816	1588.29	1.08598	0.0307704
XM_047434257.1	2905	2677.29	7.64602	0.128523
XM_047434258.1	1795	1567.29	0	0
XM_047434259.1	3719	3491.29	1.01279e-07	1.30549e-09
XM_047434260.1	1704	1476.29	0.03112	0.000948657
XM_047434261.1	3570	3342.29	5.11294	0.0688444
XM_047434262.1	1272	1044.29	0	0
XM_047434263.1	3223	2995.29	0	0
XM_047434264.1	1665	1437.29	0.0234293	0.000733593
XM_047434265.1	3071	2843.29	0	0
XM_047434266.1	1318	1090.29	38.7624	1.59996
XM_047434267.1	1649	1421.29	0.00159442	5.04848e-05
XM_047434268.1	1151	923.293	8.87325	0.432499
XM_047434269.1	7320	7092.29	0	0
XM_047434270.1	7400	7172.29	62.1026	0.389667
XM_047434271.1	7462	7234.29	186.423	1.1597
XM_047434272.1	3691	3463.29	8.13181	0.105667
XM_047434273.1	3517	3289.29	0	0
XM_047434274.1	6597	6369.29	180.851	1.27783
XM_047434275.1	2762	2534.29	0	0
XM_047434276.1	4223	3995.29	162.484	1.83022
XM_047434277.1	5050	4822.29	65.0812	0.607357
XM_047434278.1	6707	6479.29	28.2232	0.19603
XM_047434279.1	5976	5748.29	4.68456e-06	3.66752e-08
XM_047434282.1	6366	6138.29	1.10559e-06	8.10569e-09
XM_047434289.1	6270	6042.29	31.8463	0.237191
XM_047434301.1	665	438.717	0	0
XM_047434302.1	10694	10466.3	258.413	1.11113
XM_047434303.1	8366	8138.29	1.60697e-06	8.88622e-09
XM_047434304.1	8309	8081.29	0.0032298	1.79861e-05
XM_047434305.1	8016	7788.29	0	0
XM_047434306.1	8126	7898.29	0	0
XM_047434307.1	9516	9288.29	303.084	1.46848
XM_047434308.1	7723	7495.29	112.728	0.676839
XM_047434309.1	7679	7451.29	722.303	4.36244
XM_047434310.1	1803	1575.29	20.4193	0.583341
XM_047434311.1	4196	3968.29	0.0622137	0.000705545
XM_047434312.1	4098	3870.29	5.58435	0.0649338
XM_047434313.1	3543	3315.29	0	0
XM_047434314.1	3544	3316.29	657.365	8.92063
XM_047434315.1	3633	3405.29	34.5951	0.457196
XM_047434316.1	3405	3177.29	0	0
XM_047434317.1	3862	3634.29	1.01678	0.0125906
XM_047434318.1	3309	3081.29	0	0
XM_047434319.1	3237	3009.29	32.2891	0.482874
XM_047434320.1	2696	2468.29	0	0
XM_047434321.1	2315	2087.29	0.0155511	0.00033529
XM_047434322.1	2219	1991.29	20.1493	0.455373
XM_047434323.1	4827	4599.29	1.03113	0.0100894
XM_047434324.1	4582	4354.29	0	0
XM_047434325.1	3809	3581.29	0	0
XM_047434326.1	1468	1240.29	0	0
XM_047434327.1	1382	1154.29	54.2501	2.11508
XM_047434328.1	1345	1117.29	0	0
XM_047434329.1	1947	1719.29	0	0
XM_047434330.1	1847	1619.29	0	0
XM_047434331.1	2735	2507.29	0	0
XM_047434332.1	2032	1804.29	0	0
XM_047434333.1	1626	1398.29	0	0
XM_047434334.1	1052	824.293	0	0
XM_047434336.1	5210	4982.29	0	0
XM_047434337.1	5367	5139.29	0	0
XM_047434338.1	6105	5877.29	0	0
XM_047434339.1	6059	5831.29	0	0
XM_047434340.1	5673	5445.29	0	0
XM_047434341.1	5291	5063.29	0	0
XM_047434342.1	2906	2678.29	11.7035	0.196652
XM_047434343.1	1728	1500.29	0	0
XM_047434344.1	1613	1385.29	12.2183	0.396929
XM_047434345.1	1379	1151.29	0	0
XM_047434346.1	1564	1336.29	0	0
XM_047434347.1	1508	1280.29	0	0
XM_047434348.1	13167	12939.3	0	0
XM_047434349.1	12946	12718.3	0	0
XM_047434350.1	3739	3511.29	62.2599	0.797964
XM_047434351.1	4888	4660.29	0	0
XM_047434352.1	3443	3215.29	30.4617	0.42636
XM_047434353.1	3628	3400.29	2.76501e-05	3.65951e-07
XM_047434354.1	4777	4549.29	0	0
XM_047434355.1	3332	3104.29	3.27519e-06	4.74806e-08
XM_047434356.1	3432	3204.29	106.492	1.49564
XM_047434357.1	980	752.293	11.3127	0.676739
XM_047434358.1	2840	2612.29	254.314	4.38117
XM_047434359.1	1191	963.293	89.0791	4.16159
XM_047434360.1	8316	8088.29	44.0472	0.245078
XM_047434361.1	2674	2446.29	0	0
XM_047434362.1	4177	3949.29	99.5382	1.13426
XM_047434363.1	5073	4845.29	22.7697	0.211485
XM_047434364.1	4981	4753.29	2.5551e-07	2.41911e-09
XM_047434365.1	7974	7746.29	4.99134	0.0289978
XM_047434366.1	3994	3766.29	0	0
XM_047434367.1	887	659.427	60.3805	4.12071
XM_047434368.1	2301	2073.29	0	0
XM_047434369.1	2204	1976.29	0	0
XM_047434370.1	2371	2143.29	15.9944	0.335836
XM_047434371.1	1789	1561.29	42.4187	1.22269
XM_047434372.1	1707	1479.29	0	0
XM_047434373.1	2652	2424.29	0	0
XM_047434374.1	1625	1397.29	0	0
XM_047434375.1	2836	2608.29	0	0
XM_047434376.1	2774	2546.29	0	0
XM_047434377.1	1475	1247.29	0	0
XM_047434378.1	2599	2371.29	0	0
XM_047434379.1	2655	2427.29	0	0
XM_047434380.1	2637	2409.29	0	0
XM_047434381.1	1504	1276.29	0	0
XM_047434382.1	1491	1263.29	0	0
XM_047434383.1	1205	977.293	39.3492	1.81198
XM_047434384.1	1187	959.293	1.93714	0.0908766
XM_047434385.1	1048	820.293	4.29931	0.235869
XM_047434386.1	1169	941.293	0	0
XM_047434387.1	1313	1085.29	0	0
XM_047434388.1	6635	6407.29	2.12532	0.0149276
XM_047434389.1	2402	2174.29	151.76	3.14111
XM_047434390.1	9018	8790.29	33.7204	0.172636
XM_047434391.1	9180	8952.29	3.24173	0.0162961
XM_047434392.1	8957	8729.29	2.65341	0.0136794
XM_047434393.1	9064	8836.29	78.3741	0.399158
XM_047434394.1	9040	8812.29	1.09538	0.00559397
XM_047434395.1	9000	8772.29	0.00314782	1.61488e-05
XM_047434396.1	8789	8561.29	74.3806	0.390987
XM_047434397.1	9202	8974.29	0.112034	0.000561813
XM_047434398.1	8678	8450.29	138.193	0.735964
XM_047434399.1	8880	8652.29	0.225899	0.00117497
XM_047434400.1	8713	8485.29	1.92036e-05	1.0185e-07
XM_047434401.1	8651	8423.29	0.446612	0.00238611
XM_047434402.1	8645	8417.29	0.752743	0.00402454
XM_047434403.1	8701	8473.29	8.48144e-05	4.50463e-07
XM_047434404.1	8648	8420.29	0	0
XM_047434405.1	8528	8300.29	0.00653747	3.54453e-05
XM_047434406.1	17573	17345.3	50.6051	0.131297
XM_047434407.1	4994	4766.29	0	0
XM_047434408.1	4995	4767.29	7.37148	0.0695865
XM_047434409.1	4989	4761.29	0	0
XM_047434410.1	4992	4764.29	1318.63	12.4557
XM_047434411.1	1211	983.293	1	0.0457677
XM_047434412.1	1818	1590.29	63.6513	1.80124
XM_047434413.1	3618	3390.29	15.2634	0.202609
XM_047434414.1	4313	4085.29	36.1648	0.398387
XM_047434415.1	6504	6276.29	40.2175	0.288373
XM_047434416.1	5757	5529.29	20.9214	0.17028
XM_047434417.1	7844	7616.29	425.85	2.51626
XM_047434418.1	2738	2510.29	25.7149	0.461002
XM_047434419.1	5871	5643.29	0	0
XM_047434420.1	5919	5691.29	0	0
XM_047434421.1	3829	3601.29	0	0
XM_047434422.1	5818	5590.29	0	0
XM_047434423.1	5674	5446.29	0	0
XM_047434424.1	3777	3549.29	0	0
XM_047434425.1	3361	3133.29	0	0
XM_047434426.1	3481	3253.29	0	0
XM_047434427.1	5914	5686.29	0	0
XM_047434428.1	6009	5781.29	0	0
XM_047434429.1	3401	3173.29	0	0
XM_047434430.1	3257	3029.29	0	0
XM_047434431.1	3269	3041.29	0	0
XM_047434432.1	5723	5495.29	0	0
XM_047434433.1	2965	2737.29	0	0
XM_047434434.1	3409	3181.29	4.142	0.0585934
XM_047434435.1	3746	3518.29	0	0
XM_047434436.1	3278	3050.29	0	0
XM_047434437.1	3304	3076.29	0	0
XM_047434438.1	3398	3170.29	0	0
XM_047434439.1	3174	2946.29	0	0
XM_047434440.1	2882	2654.29	0	0
XM_047434441.1	4942	4714.29	4.90638	0.0468368
XM_047434442.1	5271	5043.29	0	0
XM_047434443.1	5159	4931.29	0	0
XM_047434444.1	5511	5283.29	0	0
XM_047434446.1	4625	4397.29	7.17597	0.0734408
XM_047434447.1	4632	4404.29	0	0
XM_047434448.1	551	327.472	0	0
XM_047434449.1	3137	2909.29	0	0
XM_047434450.1	2937	2709.29	0.000141781	2.35507e-06
XM_047434451.1	1525	1297.29	0	0
XM_047434452.1	4379	4151.29	0	0
XM_047434453.1	3969	3741.29	0	0
XM_047434454.1	4020	3792.29	0	0
XM_047434455.1	2542	2314.29	0	0
XM_047434456.1	2530	2302.29	0	0
XM_047434457.1	2530	2302.29	0	0
XM_047434458.1	9931	9703.29	9.11657	0.0422819
XM_047434459.1	2479	2251.29	0	0
XM_047434460.1	1708	1480.29	0	0
XM_047434461.1	1336	1108.29	0	0
XM_047434462.1	1315	1087.29	0	0
XM_047434463.1	1322	1094.29	0	0
XM_047434464.1	1307	1079.29	0	0
XM_047434465.1	1346	1118.29	0	0
XM_047434466.1	2004	1776.29	20.8547	0.528361
XM_047434467.1	1202	974.293	4.50095	0.207901
XM_047434468.1	1509	1281.29	0	0
XM_047434469.1	1651	1423.29	2.88853	0.0913325
XM_047434470.1	874	646.427	0	0
XM_047434471.1	2535	2307.29	0	0
XM_047434472.1	1555	1327.29	0	0
XM_047434473.1	1509	1281.29	0	0
XM_047434474.1	1651	1423.29	2.88853	0.0913325
XM_047434475.1	8299	8071.29	78.9121	0.43999
XM_047434476.1	8078	7850.29	190.69	1.09316
XM_047434477.1	7467	7239.29	0	0
XM_047434478.1	3622	3394.29	113.741	1.50804
XM_047434479.1	3551	3323.29	13.6532	0.184888
XM_047434480.1	3388	3160.29	1.64254	0.02339
XM_047434481.1	2899	2671.29	24.8866	0.419263
XM_047434482.1	2830	2602.29	151.649	2.62256
XM_047434483.1	5160	4932.29	110.333	1.00669
XM_047434484.1	2858	2630.29	4.90014	0.083839
XM_047434485.1	2845	2617.29	0	0
XM_047434486.1	2842	2614.29	0	0
XM_047434487.1	843	615.427	0	0
XM_047434488.1	5040	4812.29	56.5569	0.528902
XM_047434489.1	4890	4662.29	50.2596	0.485134
XM_047434490.1	5324	5096.29	0	0
XM_047434491.1	5204	4976.29	0	0
XM_047434492.1	4077	3849.29	20.4889	0.239541
XM_047434493.1	4032	3804.29	51.5902	0.610289
XM_047434494.1	3927	3699.29	16.8254	0.204687
XM_047434495.1	3882	3654.29	43.7774	0.539124
XM_047434496.1	1082	854.293	57.9631	3.05342
XM_047434497.1	3155	2927.29	0	0
XM_047434498.1	3152	2924.29	0	0
XM_047434499.1	3086	2858.29	0	0
XM_047434500.1	2859	2631.29	29.2082	0.499549
XM_047434501.1	4702	4474.29	11.5802	0.116476
XM_047434502.1	4702	4474.29	26.2975	0.264504
XM_047434503.1	7141	6913.29	210.396	1.3696
XM_047434504.1	2649	2421.29	0	0
XM_047434505.1	4591	4363.29	3.29985	0.0340347
XM_047434506.1	2921	2693.29	17.7317	0.296284
XM_047434507.1	2705	2477.29	0	0
XM_047434508.1	4763	4535.29	0	0
XM_047434509.1	3440	3212.29	0	0
XM_047434510.1	2822	2594.29	0	0
XM_047434511.1	5715	5487.29	0	0
XM_047434512.1	1879	1651.29	0	0
XM_047434513.1	1421	1193.29	0	0
XM_047434514.1	9151	8923.29	0	0
XM_047434515.1	2310	2082.29	4.67867	0.101117
XM_047434516.1	7948	7720.29	0	0
XM_047434517.1	7897	7669.29	0	0
XM_047434518.1	9148	8920.29	0	0
XM_047434519.1	2045	1817.29	6.63706e-08	1.64359e-09
XM_047434520.1	1970	1742.29	4.50312e-06	1.16315e-07
XM_047434521.1	1578	1350.29	5.87132	0.195681
XM_047434522.1	3830	3602.29	84.1168	1.05086
XM_047434523.1	9130	8902.29	0	0
XM_047434524.1	9127	8899.29	0	0
XM_047434525.1	8647	8419.29	474.194	2.53468
XM_047434526.1	5662	5434.29	0	0
XM_047434527.1	5525	5297.29	10.5628	0.0897358
XM_047434528.1	4863	4635.29	0	0
XM_047434529.1	4839	4611.29	0	0
XM_047434530.1	5810	5582.29	258.328	2.08258
XM_047434531.1	4745	4517.29	14.5735	0.145187
XM_047434532.1	4584	4356.29	0.000127154	1.31358e-06
XM_047434533.1	4774	4546.29	1900.5	18.8127
XM_047434534.1	10787	10559.3	818.214	3.48718
XM_047434535.1	4770	4542.29	79.9699	0.792308
XM_047434536.1	4920	4692.29	1976.7	18.9583
XM_047434537.1	2486	2258.29	92.8104	1.84952
XM_047434538.1	1784	1556.29	38.4862	1.1129
XM_047434539.1	2613	2385.29	15.4295	0.291107
XM_047434540.1	2142	1914.29	171.11	4.02262
XM_047434541.1	6579	6351.29	21.6633	0.153499
XM_047434542.1	953	725.293	8.85538	0.549459
XM_047434543.1	812	584.487	0.664925	0.0511965
XM_047434544.1	1667	1439.29	12.8617	0.402154
XM_047434545.1	1751	1523.29	0	0
XM_047434546.1	1618	1390.29	0	0
XM_047434547.1	1789	1561.29	0	0
XM_047434548.1	1764	1536.29	0	0
XM_047434549.1	1413	1185.29	0	0
XM_047434550.1	908	680.293	0	0
XM_047434551.1	2084	1856.29	0	0
XM_047434552.1	1548	1320.29	83.1903	2.8356
XM_047434553.1	2484	2256.29	14.1251	0.281732
XM_047434554.1	4645	4417.29	12.315	0.125465
XM_047434558.1	3227	2999.29	0	0
XM_047434559.1	1779	1551.29	0	0
XM_047434560.1	1687	1459.29	0	0
XM_047434561.1	1664	1436.29	0	0
XM_047434562.1	2303	2075.29	0	0
XM_047434563.1	2622	2394.29	0	0
XM_047434564.1	2229	2001.29	0	0
XM_047434565.1	1602	1374.29	0	0
XM_047434566.1	1609	1381.29	0	0
XM_047434567.1	1864	1636.29	0	0
XM_047434568.1	2475	2247.29	0	0
XM_047434569.1	2439	2211.29	0	0
XM_047434570.1	2292	2064.29	10.9541	0.238807
XM_047434571.1	1663	1435.29	0	0
XM_047434572.1	2047	1819.29	2.28287	0.0564704
XM_047434573.1	1516	1288.29	0	0
XM_047434574.1	4561	4333.29	56.8947	0.590876
XM_047434575.1	1994	1766.29	0	0
XM_047434576.1	3648	3420.29	27.3415	0.35975
XM_047434577.1	3019	2791.29	285.765	4.6073
XM_047434578.1	3389	3161.29	19.6257	0.279385
XM_047434579.1	1390	1162.29	0	0
XM_047434580.1	1421	1193.29	2.66429	0.100479
XM_047434581.1	1498	1270.29	0	0
XM_047434582.1	3547	3319.29	0	0
XM_047434583.1	745	517.701	0	0
XM_047434584.1	4846	4618.29	5.77549	0.0562794
XM_047434585.1	5251	5023.29	33.7096	0.302
XM_047434586.1	698	470.947	0	0
XM_047434587.1	3550	3322.29	0	0
XM_047434588.1	3511	3283.29	0	0
XM_047434589.1	5073	4845.29	258.943	2.40506
XM_047434590.1	3957	3729.29	89.8443	1.08419
XM_047434591.1	3853	3625.29	0	0
XM_047434592.1	2224	1996.29	0	0
XM_047434593.1	2273	2045.29	0	0
XM_047434594.1	1166	938.293	0	0
XM_047434595.1	575	350.386	0	0
XM_047434596.1	3079	2851.29	0	0
XM_047434597.1	3411	3183.29	6.06887	0.0857973
XM_047434598.1	3480	3252.29	5.09668	0.0705245
XM_047434599.1	3408	3180.29	3.76574	0.0532876
XM_047434600.1	3477	3249.29	3.18509	0.0441138
XM_047434601.1	2162	1934.29	41.9823	0.976755
XM_047434602.1	4659	4431.29	18.4108	0.186975
XM_047434603.1	4714	4486.29	2.79678	0.0280552
XM_047434604.1	4580	4352.29	18.3349	0.189584
XM_047434605.1	5154	4926.29	4048.44	36.9836
XM_047434606.1	2498	2270.29	0	0
XM_047434607.1	2468	2240.29	18.0103	0.361791
XM_047434608.1	1844	1616.29	0	0
XM_047434609.1	1814	1586.29	173.327	4.91729
XM_047434610.1	3384	3156.29	0	0
XM_047434611.1	2004	1776.29	24.0184	0.608514
XM_047434612.1	5240	5012.29	0	0
XM_047434613.1	5336	5108.29	11.834	0.104255
XM_047434614.1	5071	4843.29	4.17742	0.0388159
XM_047434615.1	1334	1106.29	45.8581	1.86547
XM_047434616.1	4516	4288.29	0	0
XM_047434617.1	5075	4847.29	0	0
XM_047434618.1	4513	4285.29	0	0
XM_047434619.1	4181	3953.29	0	0
XM_047434620.1	4489	4261.29	0	0
XM_047434621.1	4486	4258.29	0	0
XM_047434622.1	5036	4808.29	174.001	1.62856
XM_047434624.1	4154	3926.29	0	0
XM_047434625.1	4139	3911.29	43.075	0.495619
XM_047434626.1	4131	3903.29	0	0
XM_047434627.1	5304	5076.29	148.574	1.31716
XM_047434628.1	4290	4062.29	0	0
XM_047434629.1	4101	3873.29	0	0
XM_047434630.1	4089	3861.29	504.908	5.88466
XM_047434631.1	3318	3090.29	0	0
XM_047434632.1	3042	2814.29	203.622	3.25611
XM_047434633.1	6297	6069.29	4.2287	0.0313553
XM_047434634.1	3578	3350.29	21.7688	0.292411
XM_047434635.1	3347	3119.29	3.80515	0.0548982
XM_047434636.1	1272	1044.29	0	0
XM_047434637.1	1984	1756.29	0	0
XM_047434638.1	5839	5611.29	0	0
XM_047434639.1	5782	5554.29	0	0
XM_047434640.1	5799	5571.29	0	0
XM_047434641.1	6038	5810.29	0	0
XM_047434642.1	5742	5514.29	134.298	1.09603
XM_047434643.1	5014	4786.29	0	0
XM_047434644.1	4992	4764.29	0	0
XM_047434645.1	4953	4725.29	15.7218	0.149732
XM_047434646.1	4935	4707.29	73.3353	0.701107
XM_047434647.1	2175	1947.29	4.50976	0.104223
XM_047434648.1	7547	7319.29	73.0357	0.449064
XM_047434649.1	7797	7569.29	761.934	4.53007
XM_047434650.1	1380	1152.29	71.8483	2.80605
XM_047434651.1	3631	3403.29	171.284	2.26495
XM_047434652.1	3399	3171.29	0	0
XM_047434653.1	1649	1421.29	1794.88	56.8321
XM_047434654.1	2143	1915.29	0	0
XM_047434655.1	1157	929.293	6.25332	0.302831
XM_047434656.1	1867	1639.29	26.0043	0.713889
XM_047434657.1	1861	1633.29	0	0
XM_047434658.1	1794	1566.29	0	0
XM_047434659.1	1859	1631.29	0	0
XM_047434660.1	3222	2994.29	2.35134	0.0353398
XM_047434661.1	4295	4067.29	0	0
XM_047434662.1	4584	4356.29	0	0
XM_047434663.1	1064	836.293	37.8703	2.0379
XM_047434664.1	994	766.293	0	0
XM_047434665.1	1006	778.293	0	0
XM_047434666.1	1069	841.293	12.8582	0.687818
XM_047434667.1	865	637.427	16.8366	1.18868
XM_047434668.1	2769	2541.29	53.941	0.955227
XM_047434669.1	4656	4428.29	0	0
XM_047434670.1	5065	4837.29	0	0
XM_047434671.1	4789	4561.29	0	0
XM_047434672.1	4785	4557.29	0	0
XM_047434673.1	7163	6935.29	218.573	1.41832
XM_047434674.1	4772	4544.29	0	0
XM_047434675.1	4874	4646.29	0	0
XM_047434676.1	3026	2798.29	0	0
XM_047434677.1	4725	4497.29	56.8832	0.569214
XM_047434678.1	2933	2705.29	0	0
XM_047434679.1	2864	2636.29	0	0
XM_047434680.1	2833	2605.29	0	0
XM_047434681.1	2787	2559.29	0	0
XM_047434682.1	4036	3808.29	0	0
XM_047434683.1	20989	20761.3	0.909724	0.00197196
XM_047434684.1	20925	20697.3	62.6924	0.136315
XM_047434685.1	3655	3427.29	0	0
XM_047434686.1	2228	2000.29	2277.42	51.238
XM_047434687.1	11703	11475.3	135.585	0.53173
XM_047434688.1	11943	11715.3	0.00246242	9.45915e-06
XM_047434689.1	11846	11618.3	67.4168	0.261137
XM_047434690.1	11847	11619.3	485.066	1.87873
XM_047434691.1	12923	12695.3	171.145	0.606686
XM_047434692.1	28051	27823.3	2.00027e-07	3.23535e-10
XM_047434693.1	29037	28809.3	51.4366	0.0803493
XM_047434694.1	11502	11274.3	55.7747	0.222633
XM_047434695.1	11599	11371.3	0.0335779	0.000132888
XM_047434696.1	8104	7876.29	105.012	0.600013
XM_047434697.1	8058	7830.29	58.3872	0.335569
XM_047434698.1	8055	7827.29	24.4504	0.140578
XM_047434699.1	11730	11502.3	0.0010033	3.92544e-06
XM_047434700.1	11633	11405.3	1.51092	0.00596181
XM_047434701.1	11833	11605.3	1.58019e-08	6.12768e-11
XM_047434702.1	12026	11798.3	0.000352533	1.34469e-06
XM_047434703.1	11729	11501.3	9.99505e-05	3.91093e-07
XM_047434704.1	11786	11558.3	17.4591	0.0679784
XM_047434705.1	11689	11461.3	0.00306112	1.20196e-05
XM_047434706.1	11929	11701.3	8.92541	0.0343271
XM_047434707.1	29123	28895.3	8.59761	0.0133904
XM_047434708.1	11837	11609.3	0.323205	0.0012529
XM_047434709.1	11793	11565.3	0.114052	0.000443801
XM_047434710.1	11790	11562.3	0.0639295	0.000248828
XM_047434711.1	2740	2512.29	0	0
XM_047434712.1	1623	1395.29	2.84168	0.0916543
XM_047434713.1	1332	1104.29	1.81958	0.074153
XM_047434714.1	1269	1041.29	0	0
XM_047434715.1	5575	5347.29	7.01073	0.0590027
XM_047434716.1	2262	2034.29	0	0
XM_047434717.1	21470	21242.3	6.26953	0.0132824
XM_047434718.1	2182	1954.29	0	0
XM_047434719.1	4049	3821.29	0	0
XM_047434720.1	3968	3740.29	0	0
XM_047434721.1	4104	3876.29	29.5649	0.343244
XM_047434723.1	2323	2095.29	0	0
XM_047434724.1	2311	2083.29	4.42543	0.0955977
XM_047434725.1	2707	2479.29	87.7988	1.59369
XM_047434726.1	2710	2482.29	8.40978	0.152466
XM_047434727.1	1379	1151.29	24.4358	0.955176
XM_047434728.1	1342	1114.29	23.4865	0.948551
XM_047434729.1	3368	3140.29	14.385	0.20615
XM_047434730.1	3249	3021.29	16.381	0.243999
XM_047434731.1	2428	2200.29	85.103	1.74063
XM_047434732.1	3384	3156.29	3.25259	0.0463761
XM_047434733.1	3431	3203.29	349.127	4.90488
XM_047434734.1	4654	4426.29	11.1079	0.112936
XM_047434735.1	3158	2930.29	5.894	0.0905194
XM_047434736.1	2077	1849.29	0	0
XM_047434737.1	8420	8192.29	55.4548	0.304632
XM_047434738.1	3716	3488.29	167.816	2.16502
XM_047434739.1	1849	1621.29	119.852	3.32679
XM_047434740.1	1881	1653.29	0	0
XM_047434741.1	1538	1310.29	0	0
XM_047434742.1	3063	2835.29	30.669	0.486793
XM_047434743.1	3011	2783.29	1.69335	0.0273797
XM_047434744.1	3160	2932.29	17.9425	0.275371
XM_047434745.1	3115	2887.29	14.6692	0.228643
XM_047434746.1	3056	2828.29	17.9784	0.286068
XM_047434747.1	3036	2808.29	1.20547	0.0193178
XM_047434748.1	2932	2704.29	0	0
XM_047434749.1	3036	2808.29	4.28418	0.0686542
XM_047434750.1	2932	2704.29	0	0
XM_047434751.1	2934	2706.29	1.58132	0.0262959
XM_047434752.1	2979	2751.29	1.35102	0.0220987
XM_047434753.1	3133	2905.29	0.713767	0.0110563
XM_047434754.1	9049	8821.29	4.07444e-05	2.07863e-07
XM_047434755.1	2979	2751.29	0.00885563	0.000144852
XM_047434756.1	4225	3997.29	0	0
XM_047434757.1	2374	2146.29	0	0
XM_047434758.1	2064	1836.29	25.2151	0.617962
XM_047434759.1	8964	8736.29	23.7247	0.122212
XM_047434760.1	6521	6293.29	0	0
XM_047434761.1	6518	6290.29	0	0
XM_047434762.1	6515	6287.29	0	0
XM_047434763.1	6512	6284.29	0	0
XM_047434764.1	6428	6200.29	0	0
XM_047434765.1	4315	4087.29	0	0
XM_047434766.1	4139	3911.29	0	0
XM_047434767.1	3266	3038.29	34.9622	0.517859
XM_047434768.1	3448	3220.29	0	0
XM_047434769.1	3258	3030.29	0	0
XM_047434770.1	3319	3091.29	0	0
XM_047434771.1	3253	3025.29	0	0
XM_047434772.1	3124	2896.29	0	0
XM_047434773.1	2625	2397.29	0	0
XM_047434774.1	3125	2897.29	0	0
XM_047434775.1	5922	5694.29	0	0
XM_047434776.1	5284	5056.29	0	0
XM_047434777.1	5187	4959.29	0	0
XM_047434778.1	5621	5393.29	43.9319	0.36658
XM_047434779.1	5137	4909.29	41.8212	0.383372
XM_047434780.1	5234	5006.29	0	0
XM_047434781.1	5813	5585.29	0	0
XM_047434782.1	5620	5392.29	19.3083	0.161143
XM_047434783.1	5134	4906.29	80.3938	0.737414
XM_047434784.1	5231	5003.29	0	0
XM_047434785.1	2591	2363.29	464.069	8.83706
XM_047434786.1	2789	2561.29	0	0
XM_047434787.1	2162	1934.29	91.0952	2.11941
XM_047434788.1	4454	4226.29	66.7979	0.711288
XM_047434789.1	2095	1867.29	0.000130249	3.13908e-06
XM_047434790.1	5937	5709.29	362.64	2.85849
XM_047434791.1	4273	4045.29	69.7724	0.776205
XM_047434792.1	1154	926.293	0	0
XM_047434793.1	3706	3478.29	0	0
XM_047434794.1	1238	1010.29	0	0
XM_047434795.1	1273	1045.29	0	0
XM_047434796.1	1214	986.293	1.13795	0.0519229
XM_047434797.1	1249	1021.29	0	0
XM_047434798.1	1681	1453.29	0	0
XM_047434799.1	3703	3475.29	0	0
XM_047434800.1	679	452.316	4.43453	0.441213
XM_047434801.1	7082	6854.29	50.5081	0.33162
XM_047434802.1	2413	2185.29	1.67711	0.0345377
XM_047434803.1	2527	2299.29	0	0
XM_047434804.1	2309	2081.29	0	0
XM_047434805.1	2357	2129.29	3.68013	0.0777804
XM_047434806.1	2123	1895.29	0	0
XM_047434807.1	2123	1895.29	0	0
XM_047434808.1	1461	1233.29	0	0
XM_047434809.1	1662	1434.29	0	0
XM_047434810.1	13715	13487.3	4.21269e-05	1.40565e-07
XM_047434811.1	3700	3472.29	0	0
XM_047434812.1	4085	3857.29	0	0
XM_047434813.1	4498	4270.29	0	0
XM_047434814.1	3899	3671.29	15.0863	0.18493
XM_047434815.1	4047	3819.29	8.91544	0.105051
XM_047434816.1	3934	3706.29	0	0
XM_047434817.1	1245	1017.29	18.8533	0.834034
XM_047434818.1	2993	2765.29	2.57383	0.0418872
XM_047434819.1	2362	2134.29	0	0
XM_047434820.1	1618	1390.29	1.61298	0.0522113
XM_047434821.1	1656	1428.29	60.8867	1.91843
XM_047434822.1	1934	1706.29	208.634	5.50267
XM_047434823.1	1861	1633.29	30.9225	0.852026
XM_047434824.1	1638	1410.29	3.59669	0.114772
XM_047434825.1	1522	1294.29	0	0
XM_047434826.1	5421	5193.29	0	0
XM_047434827.1	3460	3232.29	18.5461	0.258217
XM_047434828.1	3509	3281.29	0	0
XM_047434829.1	4940	4712.29	150.88	1.44093
XM_047434830.1	4354	4126.29	36.8261	0.401641
XM_047434831.1	5075	4847.29	74.8023	0.694478
XM_047434832.1	1435	1207.29	0	0
XM_047434833.1	2212	1984.29	2.06287	0.0467851
XM_047434834.1	1024	796.293	0.172174	0.00973055
XM_047434835.1	1678	1450.29	9.84283	0.305426
XM_047434836.1	8412	8184.29	0	0
XM_047434837.1	9874	9646.29	65.0893	0.303663
XM_047434838.1	9296	9068.29	50.1291	0.248775
XM_047434839.1	9969	9741.29	0	0
XM_047434840.1	2759	2531.29	186.553	3.31667
XM_047434841.1	2240	2012.29	0	0
XM_047434842.1	2491	2263.29	0	0
XM_047434843.1	2463	2235.29	82.8337	1.66769
XM_047434844.1	2458	2230.29	0	0
XM_047434845.1	2455	2227.29	78.2507	1.58108
XM_047434846.1	2401	2173.29	0	0
XM_047434847.1	1604	1376.29	110.721	3.62043
XM_047434848.1	2356	2128.29	0.0229308	0.000484875
XM_047434849.1	25035	24807.3	1.54406	0.00280109
XM_047434850.1	1423	1195.29	0	0
XM_047434851.1	4250	4022.29	198.52	2.22113
XM_047434852.1	1394	1166.29	0	0
XM_047434853.1	4063	3835.29	0	0
XM_047434854.1	4220	3992.29	0	0
XM_047434855.1	3978	3750.29	0	0
XM_047434856.1	3400	3172.29	2.8452e-08	4.03628e-10
XM_047434857.1	25014	24786.3	3.64612	0.00662006
XM_047434858.1	3947	3719.29	43.6187	0.527782
XM_047434859.1	9186	8958.29	0.565757	0.00284215
XM_047434860.1	9155	8927.29	34.2911	0.172864
XM_047434861.1	1357	1129.29	0	0
XM_047434862.1	1030	802.293	0	0
XM_047434863.1	1015	787.293	12.155	0.6948
XM_047434864.1	1027	799.293	0	0
XM_047434865.1	970	742.293	2.01468	0.122144
XM_047434866.1	2004	1776.29	27.7774	0.703751
XM_047434867.1	706	478.9	2.22678	0.209255
XM_047434868.1	4677	4449.29	194.746	1.96979
XM_047434869.1	4701	4473.29	132.16	1.32958
XM_047434870.1	4744	4516.29	0.000947742	9.44388e-06
XM_047434871.1	4721	4493.29	0.00124115	1.24309e-05
XM_047434872.1	4758	4530.29	0.000622915	6.18792e-06
XM_047434873.1	2105	1877.29	37.3433	0.895206
XM_047434874.1	2142	1914.29	5.6529	0.132894
XM_047434875.1	1471	1243.29	14.1113	0.510781
XM_047434876.1	3262	3034.29	31.5661	0.468172
XM_047434877.1	3675	3447.29	22.2839	0.290907
XM_047434878.1	3446	3218.29	37.3213	0.521883
XM_047434879.1	2964	2736.29	0	0
XM_047434880.1	2936	2708.29	0	0
XM_047434881.1	2729	2501.29	2.57407	0.0463124
XM_047434882.1	2841	2613.29	0	0
XM_047434883.1	2618	2390.29	0	0
XM_047434884.1	3239	3011.29	0	0
XM_047434885.1	2333	2105.29	0	0
XM_047434886.1	7777	7549.29	6.30667e-08	3.75955e-10
XM_047434887.1	1772	1544.29	0	0
XM_047434888.1	7226	6998.29	0	0
XM_047434889.1	2236	2008.29	0	0
XM_047434890.1	4970	4742.29	95.4075	0.905392
XM_047434891.1	4931	4703.29	0	0
XM_047434892.1	4895	4667.29	648.744	6.25534
XM_047434893.1	4288	4060.29	96.2517	1.06683
XM_047434894.1	3083	2855.29	12.4515	0.196252
XM_047434895.1	2137	1909.29	0	0
XM_047434896.1	2098	1870.29	32.1653	0.773964
XM_047434897.1	1906	1678.29	0	0
XM_047434898.1	1896	1668.29	0	0
XM_047434899.1	758	530.648	16.3645	1.38784
XM_047434900.1	541	318.158	10.6274	1.50323
XM_047434901.1	4534	4306.29	121.382	1.2685
XM_047434902.1	1685	1457.29	76.9989	2.37782
XM_047434903.1	1955	1727.29	15.6797	0.408521
XM_047434904.1	2239	2011.29	363.682	8.13746
XM_047434905.1	1254	1026.29	0	0
XM_047434906.1	4330	4102.29	0	0
XM_047434907.1	4361	4133.29	0	0
XM_047434908.1	4308	4080.29	0	0
XM_047434909.1	4396	4168.29	0	0
XM_047434910.1	4312	4084.29	0	0
XM_047434911.1	4394	4166.29	0	0
XM_047434912.1	4243	4015.29	0	0
XM_047434913.1	4329	4101.29	9.01128	0.0988799
XM_047434914.1	4263	4035.29	0	0
XM_047434915.1	4207	3979.29	0	0
XM_047434916.1	4159	3931.29	0	0
XM_047434917.1	3480	3252.29	10.7682	0.149003
XM_047434918.1	3472	3244.29	220.926	3.06456
XM_047434919.1	4171	3943.29	0	0
XM_047434920.1	4168	3940.29	0	0
XM_047434921.1	4150	3922.29	412.154	4.72892
XM_047434922.1	3335	3107.29	12.0164	0.174034
XM_047434923.1	1685	1457.29	144.07	4.44906
XM_047434924.1	1864	1636.29	0.000304887	8.38534e-06
XM_047434925.1	11569	11341.3	0.286671	0.00113753
XM_047434926.1	3064	2836.29	0	0
XM_047434927.1	2777	2549.29	0	0
XM_047434928.1	2861	2633.29	0	0
XM_047434929.1	2729	2501.29	0	0
XM_047434930.1	2702	2474.29	0	0
XM_047434931.1	2699	2471.29	0	0
XM_047434932.1	2657	2429.29	72.2897	1.33918
XM_047434933.1	2567	2339.29	37.9054	0.729221
XM_047434934.1	2561	2333.29	6.32038	0.121903
XM_047434935.1	2597	2369.29	0	0
XM_047434936.1	2555	2327.29	75.1009	1.45223
XM_047434937.1	2745	2517.29	74.3838	1.3298
XM_047434938.1	7757	7529.29	2.96487e-08	1.77212e-10
XM_047434939.1	7754	7526.29	1.37148e-08	8.20071e-11
XM_047434940.1	7730	7502.29	0	0
XM_047434941.1	7700	7472.29	66.3291	0.399478
XM_047434942.1	7727	7499.29	0	0
XM_047434943.1	7568	7340.29	9.54697e-08	5.85321e-10
XM_047434944.1	7595	7367.29	0	0
XM_047434945.1	7274	7046.29	0.00422355	2.69748e-05
XM_047434946.1	7193	6965.29	1.13412	0.00732762
XM_047434947.1	7220	6992.29	0	0
XM_047434948.1	7190	6962.29	2.72317	0.0176021
XM_047434949.1	7166	6938.29	1.22277	0.0079311
XM_047434950.1	7163	6935.29	0.521144	0.0033817
XM_047434951.1	7142	6914.29	61.8026	0.402255
XM_047434952.1	4934	4706.29	0	0
XM_047434953.1	7034	6806.29	0	0
XM_047434954.1	6767	6539.29	0.000100434	6.91183e-07
XM_047434955.1	6737	6509.29	1.01164e-05	6.99412e-08
XM_047434956.1	6938	6710.29	23.7211	0.159087
XM_047434957.1	7010	6782.29	97.8838	0.649496
XM_047434958.1	6921	6693.29	100.854	0.6781
XM_047434959.1	3951	3723.29	22.0208	0.266163
XM_047434960.1	1685	1457.29	2.34463	0.0724052
XM_047434961.1	5803	5575.29	1.43548	0.011587
XM_047434962.1	5903	5675.29	58.1013	0.460723
XM_047434963.1	5804	5576.29	300.772	2.42736
XM_047434964.1	2879	2651.29	30.5443	0.518459
XM_047434965.1	4975	4747.29	157.506	1.49311
XM_047434966.1	5788	5560.29	0	0
XM_047434967.1	6364	6136.29	0	0
XM_047434968.1	6375	6147.29	10.4084	0.0761977
XM_047434969.1	5691	5463.29	7.3319	0.0603955
XM_047434970.1	4986	4758.29	75.8162	0.717056
XM_047434971.1	3227	2999.29	0	0
XM_047434972.1	5824	5596.29	22.9391	0.184467
XM_047434973.1	4266	4038.29	0.445621	0.00496604
XM_047434974.1	4882	4654.29	0.260462	0.00251845
XM_047434975.1	3866	3638.29	14.211	0.17578
XM_047434976.1	7870	7642.29	14.6981	0.0865524
XM_047434977.1	4828	4600.29	0.000393777	3.85219e-06
XM_047434978.1	3812	3584.29	0.00318224	3.9955e-05
XM_047434979.1	3566	3338.29	118.29	1.59465
XM_047434980.1	3654	3426.29	0	0
XM_047434981.1	9394	9166.29	0	0
XM_047434982.1	7928	7700.29	22.9895	0.134358
XM_047434983.1	9361	9133.29	0	0
XM_047434984.1	7340	7112.29	0.213205	0.00134906
XM_047434985.1	4066	3838.29	129.595	1.51947
XM_047434986.1	2944	2716.29	234.063	3.87791
XM_047434987.1	3761	3533.29	65.8881	0.839208
XM_047434988.1	3726	3498.29	0	0
XM_047434989.1	2970	2742.29	262.252	4.30375
XM_047434990.1	3222	2994.29	0	0
XM_047434991.1	2509	2281.29	4.76931e-08	9.40843e-10
XM_047434992.1	1826	1598.29	7.63006	0.214839
XM_047434993.1	1763	1535.29	53.7571	1.57575
XM_047434994.1	3472	3244.29	0	0
XM_047434995.1	11913	11685.3	12.0028	0.0462259
XM_047434996.1	1089	861.293	0	0
XM_047434997.1	1098	870.293	0	0
XM_047434998.1	3917	3689.29	42.1906	0.514653
XM_047434999.1	2427	2199.29	13.2986	0.272122
XM_047435000.1	2264	2036.29	0	0
XM_047435001.1	1708	1480.29	4.44207	0.135045
XM_047435002.1	9351	9123.29	364.509	1.79804
XM_047435003.1	8996	8768.29	6.74571e-05	3.46222e-07
XM_047435004.1	3301	3073.29	0	0
XM_047435005.1	9016	8788.29	81.0853	0.415222
XM_047435006.1	4601	4373.29	0	0
XM_047435007.1	4598	4370.29	0	0
XM_047435010.1	4247	4019.29	10	0.111968
XM_047435011.1	1021	793.293	0	0
XM_047435012.1	1122	894.293	14.0296	0.706005
XM_047435013.1	1466	1238.29	0	0
XM_047435014.1	1463	1235.29	0	0
XM_047435015.1	1286	1058.29	0	0
XM_047435016.1	9910	9682.29	14.0328	0.0652242
XM_047435017.1	387	181.366	0	0
XM_047435018.1	2179	1951.29	0	0
XM_047435019.1	1017	789.293	11	0.627186
XM_047435020.1	2080	1852.29	54.0587	1.3134
XM_047435021.1	659	432.717	3	0.312003
XM_047435022.1	1205	977.293	0	0
XM_047435023.1	5347	5119.29	0	0
XM_047435024.1	5239	5011.29	8	0.0718427
XM_047435025.1	4846	4618.29	0	0
XM_047435026.1	3816	3588.29	11	0.137958
XM_047435027.1	955	727.293	2	0.123755
XM_047435028.1	5385	5157.29	0	0
XM_047435029.1	5309	5081.29	0	0
XM_047435030.1	4434	4206.29	862	9.22253
XM_047435031.1	3188	2960.29	55.639	0.845838
XM_047435032.1	3117	2889.29	12.4337	0.193665
XM_047435033.1	4738	4510.29	0	0
XM_047435034.1	5322	5094.29	0	0
XM_047435035.1	885	657.427	2	0.136907
XM_047435036.1	798	570.487	0	0
XM_047435038.1	5652	5424.29	0	0
XM_047435039.1	4821	4593.29	0	0
XM_047435040.1	1310	1082.29	1	0.0415812
XM_047435042.1	3645	3417.29	0	0
XM_047435043.1	3485	3257.29	0	0
XM_047435044.1	3451	3223.29	0	0
XM_047435045.1	1825	1597.29	0	0
XM_047435046.1	1923	1695.29	0	0
XM_047435047.1	5572	5344.29	93.6863	0.788911
XM_047435048.1	5307	5079.29	40.6482	0.360148
XM_047435049.1	5557	5329.29	61.3305	0.517904
XM_047435050.1	5304	5076.29	314.745	2.79032
XM_047435051.1	5554	5326.29	1.13368e-05	9.57871e-08
XM_047435052.1	5292	5064.29	0	0
XM_047435053.1	5254	5026.29	698.45	6.25359
XM_047435054.1	5277	5049.29	0	0
XM_047435055.1	5553	5325.29	22.127	0.186991
XM_047435056.1	4986	4758.29	30.6963	0.29032
XM_047435057.1	2496	2268.29	473.199	9.3883
XM_047435058.1	1661	1433.29	0	0
XM_047435059.1	1359	1131.29	0	0
XM_047435060.1	1169	941.293	0	0
XM_047435061.1	1533	1305.29	0	0
XM_047435062.1	1262	1034.29	0	0
XM_047435067.1	1287	1059.29	17.3409	0.736713
XM_047435068.1	1883	1655.29	0	0
XM_047435069.1	2163	1935.29	32.0761	0.745893
XM_047435077.1	7883	7655.29	15.3029	0.0899608
XM_047435078.1	7219	6991.29	4.21287e-05	2.71183e-07
XM_047435079.1	7295	7067.29	0.0520627	0.000331525
XM_047435080.1	7306	7078.29	274.499	1.74524
XM_047435083.1	2195	1967.29	13	0.297383
XM_047435084.1	2255	2027.29	0	0
XM_047435085.1	5800	5572.29	0	0
XM_047435086.1	5852	5624.29	0	0
XM_047435087.1	5734	5506.29	0	0
XM_047435088.1	5647	5419.29	12.3965	0.102943
XM_047435089.1	5617	5389.29	0	0
XM_047435090.1	9052	8824.29	0.00214135	1.09207e-05
XM_047435091.1	5551	5323.29	0	0
XM_047435092.1	3590	3362.29	0	0
XM_047435093.1	5204	4976.29	0.000108676	9.82811e-07
XM_047435094.1	1066	838.293	0	0
XM_047435095.1	851	623.427	0	0
XM_047435096.1	3611	3383.29	19.7928	0.263275
XM_047435097.1	4901	4673.29	1.4387	0.0138545
XM_047435098.1	4877	4649.29	12.9918	0.125754
XM_047435099.1	3420	3192.29	0	0
XM_047435100.1	3420	3192.29	0	0
XM_047435101.1	4148	3920.29	10.5967	0.121645
XM_047435102.1	4229	4001.29	4.90538	0.0551715
XM_047435103.1	3500	3272.29	3.14071	0.0431935
XM_047435104.1	3767	3539.29	0	0
XM_047435105.1	3590	3362.29	0	0
XM_047435106.1	4870	4642.29	0	0
XM_047435107.1	4903	4675.29	0	0
XM_047435108.1	5841	5613.29	126.821	1.01675
XM_047435109.1	4224	3996.29	0	0
XM_047435110.1	4548	4320.29	0	0
XM_047435111.1	4539	4311.29	0	0
XM_047435112.1	3445	3217.29	0	0
XM_047435113.1	3015	2787.29	0	0
XM_047435114.1	6648	6420.29	20.1828	0.141472
XM_047435115.1	6639	6411.29	0	0
XM_047435116.1	6203	5975.29	29.0288	0.218631
XM_047435117.1	6477	6249.29	0	0
XM_047435118.1	5976	5748.29	8.39989e-06	6.57623e-08
XM_047435119.1	2331	2103.29	32.0876	0.686562
XM_047435120.1	6565	6337.29	152.522	1.0831
XM_047435121.1	3554	3326.29	0	0
XM_047435122.1	3551	3323.29	0	0
XM_047435123.1	3551	3323.29	0	0
XM_047435124.1	3548	3320.29	0	0
XM_047435125.1	3494	3266.29	0	0
XM_047435126.1	3488	3260.29	0	0
XM_047435127.1	3467	3239.29	0	0
XM_047435129.1	3398	3170.29	0	0
XM_047435130.1	3395	3167.29	0	0
XM_047435131.1	3341	3113.29	0	0
XM_047435132.1	3185	2957.29	0	0
XM_047435133.1	2209	1981.29	0	0
XM_047435134.1	6535	6307.29	0	0
XM_047435135.1	6246	6018.29	201.173	1.50431
XM_047435136.1	5983	5755.29	102.19	0.799065
XM_047435137.1	2535	2307.29	219.562	4.2825
XM_047435138.1	2390	2162.29	64.8013	1.34869
XM_047435139.1	9227	8999.29	0	0
XM_047435140.1	8787	8559.29	11.3508	0.0596803
XM_047435141.1	8685	8457.29	3.66884e-06	1.95227e-08
XM_047435142.1	8446	8218.29	13.5805	0.0743661
XM_047435143.1	8263	8035.29	0	0
XM_047435144.1	3754	3526.29	0	0
XM_047435145.1	3506	3278.29	39.0219	0.535676
XM_047435146.1	3397	3169.29	16.066	0.228133
XM_047435148.1	3212	2984.29	40.0102	0.603352
XM_047435149.1	7838	7610.29	0	0
XM_047435150.1	7311	7083.29	0	0
XM_047435151.1	9959	9731.29	59.9751	0.277359
XM_047435152.1	7835	7607.29	0	0
XM_047435153.1	7545	7317.29	56.7726	0.349165
XM_047435154.1	2210	1982.29	0	0
XM_047435155.1	2040	1812.29	7.99835	0.198616
XM_047435156.1	655	428.76	0	0
XM_047435157.1	1627	1399.29	0	0
XM_047435158.1	6385	6157.29	42.7241	0.312267
XM_047435159.1	2793	2565.29	111.614	1.95804
XM_047435160.1	2788	2560.29	1.15886	0.0203697
XM_047435161.1	6361	6133.29	63.139	0.463283
XM_047435162.1	3077	2849.29	0.532029	0.00840312
XM_047435163.1	2724	2496.29	0	0
XM_047435164.1	2694	2466.29	11.245	0.20519
XM_047435165.1	3054	2826.29	5.53936	0.0882032
XM_047435166.1	2671	2443.29	40.5212	0.746361
XM_047435167.1	2666	2438.29	0.319855	0.00590351
XM_047435168.1	1131	903.293	40.7177	2.0286
XM_047435169.1	1024	796.293	163.937	9.26502
XM_047435170.1	1080	852.293	58.9073	3.11044
XM_047435171.1	1032	804.293	9.17275	0.513248
XM_047435172.1	1978	1750.29	40.9817	1.05371
XM_047435173.1	1949	1721.29	10	0.261449
XM_047435174.1	5410	5182.29	0	0
XM_047435175.1	5407	5179.29	0	0
XM_047435176.1	5344	5116.29	0	0
XM_047435177.1	5314	5086.29	0	0
XM_047435178.1	5248	5020.29	0	0
XM_047435179.1	5445	5217.29	73.5558	0.634474
XM_047435180.1	5412	5184.29	0	0
XM_047435181.1	5155	4927.29	0	0
XM_047435182.1	5349	5121.29	1.8481	0.0162401
XM_047435183.1	5319	5091.29	0	0
XM_047435184.1	7461	7233.29	0	0
XM_047435185.1	5253	5025.29	0.0379088	0.000339485
XM_047435186.1	7087	6859.29	6.95684	0.0456431
XM_047435187.1	5100	4872.29	29.8352	0.275573
XM_047435189.1	7081	6853.29	4	0.0262665
XM_047435190.1	7395	7167.29	561.543	3.5259
XM_047435191.1	7293	7065.29	251.959	1.60488
XM_047435192.1	7352	7124.29	510.646	3.22567
XM_047435193.1	7431	7203.29	6.51483	0.0407018
XM_047435194.1	7422	7194.29	1.23362	0.00771676
XM_047435195.1	7419	7191.29	4.61833	0.0289015
XM_047435196.1	7203	6975.29	78.5347	0.506689
XM_047435197.1	7350	7122.29	0	0
XM_047435198.1	7191	6963.29	42.465	0.274447
XM_047435199.1	7323	7095.29	8.14278e-08	5.16469e-10
XM_047435200.1	7311	7083.29	5.5491e-08	3.52557e-10
XM_047435201.1	7308	7080.29	2.06096e-07	1.30997e-09
XM_047435202.1	7247	7019.29	822.528	5.27351
XM_047435203.1	7376	7148.29	4.08013	0.025687
XM_047435204.1	7299	7071.29	4.08243	0.0259814
XM_047435205.1	7373	7145.29	23.1758	0.145968
XM_047435206.1	7160	6932.29	70.369	0.456822
XM_047435207.1	7157	6929.29	407.475	2.6464
XM_047435208.1	7145	6917.29	220.25	1.43292
XM_047435209.1	7274	7046.29	1.36435e-06	8.71379e-09
XM_047435210.1	7298	7070.29	223.827	1.42468
XM_047435211.1	7355	7127.29	50.2899	0.31754
XM_047435212.1	7271	7043.29	6.19436	0.0395788
XM_047435213.1	7055	6827.29	112.153	0.739274
XM_047435214.1	7043	6815.29	59.8828	0.395421
XM_047435215.1	7160	6932.29	1.92243e-07	1.24801e-09
XM_047435216.1	7270	7042.29	187.424	1.19772
XM_047435217.1	1871	1643.29	0	0
XM_047435218.1	4271	4043.29	0	0
XM_047435219.1	1525	1297.29	0	0
XM_047435220.1	1430	1202.29	26.7456	1.00112
XM_047435221.1	2059	1831.29	7.16299	0.176027
XM_047435222.1	1452	1224.29	0	0
XM_047435223.1	1481	1253.29	13.0432	0.468353
XM_047435224.1	4621	4393.29	158.443	1.62303
XM_047435225.1	8441	8213.29	6.6338	0.0363486
XM_047435226.1	8424	8196.29	1.39529e-08	7.66108e-11
XM_047435227.1	8405	8177.29	10.2724	0.0565333
XM_047435228.1	8381	8153.29	5.25009	0.0289785
XM_047435229.1	8378	8150.29	0.408473	0.00225544
XM_047435230.1	8375	8147.29	0.147481	0.000814639
XM_047435231.1	8372	8144.29	0.20933	0.0011567
XM_047435232.1	8342	8114.29	0.145804	0.000808651
XM_047435233.1	8312	8084.29	0.984932	0.00548285
XM_047435234.1	8306	8078.29	1.53652	0.00855974
XM_047435235.1	8303	8075.29	2.16849	0.0120849
XM_047435236.1	8270	8042.29	44.5076	0.249056
XM_047435237.1	8270	8042.29	2.44201	0.013665
XM_047435238.1	8267	8039.29	3.44318	0.0192746
XM_047435239.1	8243	8015.29	1.66088	0.00932525
XM_047435240.1	8138	7910.29	40.0101	0.227625
XM_047435241.1	8075	7847.29	6.39399	0.0366686
XM_047435242.1	8003	7775.29	9.13321	0.0528626
XM_047435243.1	8000	7772.29	13.0586	0.0756121
XM_047435244.1	7970	7742.29	21.5784	0.125427
XM_047435245.1	7967	7739.29	14.7815	0.0859529
XM_047435246.1	7769	7541.29	0.0747611	0.000446141
XM_047435247.1	7766	7538.29	0.109668	0.000654708
XM_047435248.1	7733	7505.29	0.287065	0.0017213
XM_047435249.1	7730	7502.29	0.184747	0.00110822
XM_047435250.1	7169	6941.29	0	0
XM_047435251.1	7245	7017.29	0	0
XM_047435252.1	7237	7009.29	0	0
XM_047435253.1	7120	6892.29	0	0
XM_047435254.1	7597	7369.29	0	0
XM_047435255.1	7188	6960.29	0	0
XM_047435256.1	8203	7975.29	5.57544	0.0314612
XM_047435257.1	8756	8528.29	0	0
XM_047435258.1	7051	6823.29	0	0
XM_047435259.1	7043	6815.29	0	0
XM_047435260.1	6994	6766.29	0	0
XM_047435261.1	7111	6883.29	0	0
XM_047435262.1	7264	7036.29	0	0
XM_047435263.1	7471	7243.29	0	0
XM_047435264.1	6997	6769.29	0	0
XM_047435265.1	6989	6761.29	0	0
XM_047435266.1	7065	6837.29	0	0
XM_047435267.1	7008	6780.29	0	0
XM_047435268.1	7057	6829.29	0	0
XM_047435269.1	6940	6712.29	0	0
XM_047435270.1	7417	7189.29	0	0
XM_047435271.1	6310	6082.29	0	0
XM_047435272.1	8576	8348.29	0	0
XM_047435273.1	6871	6643.29	0	0
XM_047435274.1	6863	6635.29	0	0
XM_047435275.1	7291	7063.29	0	0
XM_047435276.1	7832	7604.29	0	0
XM_047435277.1	6127	5899.29	0	0
XM_047435278.1	6119	5891.29	0	0
XM_047435279.1	6329	6101.29	0	0
XM_047435280.1	6172	5944.29	9.62468	0.0728666
XM_047435281.1	4142	3914.29	44.2697	0.508974
XM_047435282.1	4213	3985.29	111.902	1.26363
XM_047435283.1	3327	3099.29	341.697	4.96159
XM_047435284.1	7168	6940.29	25.215	0.163502
XM_047435285.1	7165	6937.29	176.173	1.14285
XM_047435286.1	5057	4829.29	0	0
XM_047435287.1	4991	4763.29	0	0
XM_047435288.1	4725	4497.29	1.1875	0.011883
XM_047435289.1	1790	1562.29	0	0
XM_047435290.1	2454	2226.29	41.5766	0.840445
XM_047435291.1	4100	3872.29	25.9372	0.301438
XM_047435292.1	3933	3705.29	9.21689	0.111945
XM_047435293.1	3610	3382.29	47.2264	0.62837
XM_047435294.1	6229	6001.29	0	0
XM_047435295.1	3379	3151.29	16.3555	0.23357
XM_047435296.1	3763	3535.29	8.06081	0.102611
XM_047435297.1	3977	3749.29	11.3727	0.136507
XM_047435298.1	1727	1499.29	100.117	3.00512
XM_047435299.1	804	576.487	0.0496324	0.00387452
XM_047435300.1	7135	6907.29	0	0
XM_047435301.1	6208	5980.29	0	0
XM_047435302.1	3852	3624.29	4.26451	0.0529527
XM_047435303.1	3849	3621.29	4.47088	0.0555612
XM_047435304.1	3312	3084.29	0.536374	0.00782626
XM_047435305.1	3923	3695.29	27.2846	0.332286
XM_047435306.1	7045	6817.29	244.412	1.61344
XM_047435307.1	1039	811.293	14.4662	0.802454
XM_047435308.1	1057	829.293	0	0
XM_047435309.1	969	741.293	0	0
XM_047435310.1	931	703.293	20.8973	1.3372
XM_047435311.1	6306	6078.29	8.57668e-08	6.35009e-10
XM_047435312.1	6267	6039.29	36.9032	0.274992
XM_047435313.1	2224	1996.29	8.34486	0.188121
XM_047435314.1	1506	1278.29	0.334839	0.0117882
XM_047435315.1	5863	5635.29	0	0
XM_047435316.1	5809	5581.29	0	0
XM_047435317.1	2000	1772.29	0	0
XM_047435318.1	958	730.293	0	0
XM_047435319.1	3529	3301.29	0	0
XM_047435320.1	2326	2098.29	0	0
XM_047435321.1	1470	1242.29	0	0
XM_047435322.1	1297	1069.29	0	0
XM_047435323.1	2258	2030.29	0	0
XM_047435324.1	2057	1829.29	11.3849	0.280083
XM_047435325.1	3343	3115.29	0	0
XM_047435326.1	4033	3805.29	37.169	0.439578
XM_047435327.1	1995	1767.29	0	0
XM_047435328.1	3489	3261.29	160.556	2.21553
XM_047435329.1	1631	1403.29	0	0
XM_047435330.1	3340	3112.29	4.23396	0.0612221
XM_047435331.1	7939	7711.29	0	0
XM_047435332.1	1372	1144.29	55.5782	2.18579
XM_047435333.1	1202	974.293	53.8643	2.48802
XM_047435334.1	2664	2436.29	0	0
XM_047435335.1	2646	2418.29	0	0
XM_047435336.1	2550	2322.29	0	0
XM_047435337.1	2056	1828.29	0	0
XM_047435338.1	1960	1732.29	0	0
XM_047435339.1	3098	2870.29	2.00249	0.0313968
XM_047435340.1	5589	5361.29	145.649	1.22259
XM_047435341.1	5343	5115.29	0	0
XM_047435342.1	7507	7279.29	68.5562	0.423838
XM_047435343.1	7508	7280.29	612.497	3.78615
XM_047435344.1	7504	7276.29	62.7851	0.388319
XM_047435345.1	7469	7241.29	106.458	0.661616
XM_047435346.1	10911	10683.3	23.4753	0.098889
XM_047435347.1	7466	7238.29	42.8863	0.26664
XM_047435348.1	10768	10540.3	0	0
XM_047435349.1	10959	10731.3	12.7983	0.0536712
XM_047435350.1	10757	10529.3	9.65567	0.0412692
XM_047435351.1	10756	10528.3	0.448436	0.00191684
XM_047435352.1	10178	9950.29	178.617	0.807846
XM_047435353.1	10083	9855.29	5.46806	0.0249693
XM_047435354.1	10718	10490.3	2.70247	0.0115935
XM_047435355.1	2939	2711.29	0	0
XM_047435356.1	10717	10489.3	0.0695388	0.000298348
XM_047435357.1	10041	9813.29	6.3892e-08	2.93004e-10
XM_047435358.1	10228	10000.3	0	0
XM_047435359.1	10159	9931.29	1.44695e-05	6.55679e-08
XM_047435360.1	2900	2672.29	0	0
XM_047435361.1	3271	3043.29	0	0
XM_047435362.1	3121	2893.29	41.0927	0.639168
XM_047435363.1	2183	1955.29	60.492	1.39229
XM_047435364.1	1069	841.293	51.818	2.77189
XM_047435365.1	992	764.293	80.6093	4.74644
XM_047435366.1	862	634.427	58.2833	4.13432
XM_047435367.1	2435	2207.29	11.3093	0.230577
XM_047435368.1	1501	1273.29	0	0
XM_047435369.1	1462	1234.29	0	0
XM_047435370.1	2894	2666.29	0	0
XM_047435371.1	1405	1177.29	136.567	5.22039
XM_047435372.1	10253	10025.3	200.52	0.900124
XM_047435373.1	1892	1664.29	0	0
XM_047435374.1	1716	1488.29	0	0
XM_047435375.1	833	605.427	0	0
XM_047435376.1	12253	12025.3	0.0187462	7.01551e-05
XM_047435377.1	13424	13196.3	26.7255	0.0911414
XM_047435378.1	13422	13194.3	57.8375	0.197272
XM_047435379.1	1784	1556.29	153.652	4.44313
XM_047435380.1	1752	1524.29	571.667	16.8778
XM_047435381.1	8902	8674.29	34.2682	0.177787
XM_047435382.1	13413	13185.3	13.0612	0.0445795
XM_047435383.1	2163	1935.29	0	0
XM_047435384.1	13397	13169.3	0	0
XM_047435385.1	5576	5348.29	143.394	1.20658
XM_047435386.1	5525	5297.29	0.4565	0.00387819
XM_047435387.1	12129	11901.3	0	0
XM_047435388.1	5441	5213.29	17.8875	0.154411
XM_047435389.1	5426	5198.29	0	0
XM_047435390.1	2881	2653.29	98.1966	1.66553
XM_047435391.1	2973	2745.29	0	0
XM_047435392.1	13446	13218.3	6.70697	0.0228346
XM_047435393.1	4411	4183.29	9.70495	0.104404
XM_047435394.1	13358	13130.3	0	0
XM_047435395.1	2889	2661.29	0	0
XM_047435396.1	2823	2595.29	0	0
XM_047435397.1	2808	2580.29	0	0
XM_047435398.1	2995	2767.29	3.41056	0.0554642
XM_047435399.1	13434	13206.3	3.62874	0.0123657
XM_047435400.1	13389	13161.3	271.241	0.92747
XM_047435401.1	12063	11835.3	0	0
XM_047435402.1	13301	13073.3	41.4168	0.142572
XM_047435403.1	13301	13073.3	0	0
XM_047435404.1	13292	13064.3	0	0
XM_047435405.1	2889	2661.29	0	0
XM_047435406.1	12036	11808.3	0	0
XM_047435407.1	1947	1719.29	0	0
XM_047435408.1	1844	1616.29	0	0
XM_047435409.1	1938	1710.29	0	0
XM_047435410.1	1935	1707.29	0	0
XM_047435411.1	1832	1604.29	0	0
XM_047435412.1	1890	1662.29	0	0
XM_047435413.1	1787	1559.29	0	0
XM_047435414.1	13273	13045.3	497.72	1.71701
XM_047435415.1	1881	1653.29	0	0
XM_047435416.1	1869	1641.29	0	0
XM_047435417.1	1812	1584.29	0	0
XM_047435418.1	984	756.293	0	0
XM_047435419.1	984	756.293	0	0
XM_047435420.1	975	747.293	0	0
XM_047435421.1	894	666.361	0	0
XM_047435422.1	927	699.293	0	0
XM_047435423.1	13274	13046.3	0	0
XM_047435424.1	13977	13749.3	0	0
XM_047435425.1	13652	13424.3	0	0
XM_047435426.1	12203	11975.3	0	0
XM_047435427.1	11906	11678.3	0	0
XM_047435428.1	11889	11661.3	6	0.0231551
XM_047435429.1	12024	11796.3	0	0
XM_047435430.1	13262	13034.3	247.976	0.85618
XM_047435431.1	1141	913.293	12.3512	0.608613
XM_047435432.1	1944	1716.29	42.1402	1.10496
XM_047435433.1	13323	13095.3	10.2478	0.0352176
XM_047435434.1	1392	1164.29	0	0
XM_047435435.1	4261	4033.29	11.7539	0.131148
XM_047435436.1	13320	13092.3	24.9876	0.0858918
XM_047435437.1	1938	1710.29	3	0.0789392
XM_047435438.1	1734	1506.29	0	0
XM_047435439.1	1738	1510.29	0	0
XM_047435440.1	1601	1373.29	0	0
XM_047435441.1	1167	939.293	0	0
XM_047435442.1	13299	13071.3	88.4566	0.304547
XM_047435443.1	2940	2712.29	10.151	0.168428
XM_047435444.1	2922	2694.29	0	0
XM_047435445.1	12055	11827.3	296.214	1.1271
XM_047435446.1	3053	2825.29	0	0
XM_047435447.1	3041	2813.29	0	0
XM_047435448.1	3038	2810.29	0	0
XM_047435449.1	2712	2484.29	0	0
XM_047435450.1	2802	2574.29	0	0
XM_047435451.1	2933	2705.29	0	0
XM_047435452.1	2918	2690.29	0	0
XM_047435453.1	2714	2486.29	0	0
XM_047435454.1	2705	2477.29	0	0
XM_047435455.1	13293	13065.3	272.245	0.93774
XM_047435456.1	2597	2369.29	0	0
XM_047435457.1	2830	2602.29	0	0
XM_047435458.1	1510	1282.29	0	0
XM_047435459.1	13287	13059.3	48.6738	0.167733
XM_047435460.1	8820	8592.29	0.0119459	6.25681e-05
XM_047435461.1	9907	9679.29	0	0
XM_047435462.1	9880	9652.29	0	0
XM_047435463.1	8435	8207.29	0	0
XM_047435464.1	8660	8432.29	0	0
XM_047435465.1	8884	8656.29	0	0
XM_047435466.1	13284	13056.3	61.2159	0.211002
XM_047435467.1	8251	8023.29	0	0
XM_047435468.1	7828	7600.29	0.00245881	1.45592e-05
XM_047435469.1	4653	4425.29	27.7267	0.281967
XM_047435470.1	4237	4009.29	36.6757	0.411674
XM_047435471.1	2159	1931.29	215.582	5.0235
XM_047435472.1	2407	2179.29	58.0446	1.19864
XM_047435473.1	2231	2003.29	2.76891	0.0622024
XM_047435474.1	2277	2049.29	0	0
XM_047435475.1	1885	1657.29	0	0
XM_047435476.1	1755	1527.29	0	0
XM_047435477.1	1645	1417.29	0	0
XM_047435483.1	7435	7207.29	2671.22	16.6794
XM_047435495.1	10249	10021.3	0	0
XM_047435496.1	7748	7520.29	0	0
XM_047435497.1	7371	7143.29	48.2647	0.30407
XM_047435498.1	7436	7208.29	0	0
XM_047435499.1	7400	7172.29	0	0
XM_047435500.1	7384	7156.29	119.191	0.749542
XM_047435501.1	2825	2597.29	260.537	4.51431
XM_047435502.1	9425	9197.29	0	0
XM_047435503.1	3904	3676.29	61.3647	0.751192
XM_047435504.1	2320	2092.29	0	0
XM_047435505.1	2211	1983.29	0	0
XM_047435506.1	1962	1734.29	0	0
XM_047435507.1	4846	4618.29	19.5856	0.190853
XM_047435508.1	5923	5695.29	19.2844	0.152381
XM_047435509.1	5989	5761.29	5.16658	0.0403576
XM_047435510.1	5893	5665.29	174.956	1.38979
XM_047435511.1	5620	5392.29	60.4252	0.504297
XM_047435512.1	2711	2483.29	0.228258	0.00413656
XM_047435513.1	3544	3316.29	2552.64	34.6401
XM_047435517.1	5382	5154.29	0	0
XM_047435518.1	2842	2614.29	29.1253	0.501369
XM_047435519.1	1870	1642.29	266.481	7.30228
XM_047435520.1	1858	1630.29	22.551	0.622503
XM_047435521.1	16400	16172.3	12.0156	0.0334361
XM_047435522.1	2056	1828.29	155.825	3.8356
XM_047435523.1	1522	1294.29	49.9968	1.73841
XM_047435524.1	1284	1056.29	14.6338	0.62347
XM_047435525.1	3271	3043.29	0	0
XM_047435526.1	3268	3040.29	0	0
XM_047435527.1	2907	2679.29	8.96129	0.150519
XM_047435528.1	3237	3009.29	0	0
XM_047435529.1	3234	3006.29	0	0
XM_047435530.1	3331	3103.29	0	0
XM_047435531.1	3647	3419.29	0.287636	0.00378573
XM_047435532.1	5390	5162.29	3.1839	0.0277561
XM_047435533.1	4589	4361.29	0	0
XM_047435534.1	4465	4237.29	29.9648	0.318247
XM_047435535.1	3875	3647.29	0.90873	0.0112126
XM_047435536.1	3593	3365.29	12.1115	0.161963
XM_047435537.1	5336	5108.29	35.8372	0.315719
XM_047435538.1	3578	3350.29	23.5938	0.316925
XM_047435539.1	3579	3351.29	0	0
XM_047435540.1	3653	3425.29	0.10065	0.00132239
XM_047435541.1	3356	3128.29	2.69632	0.0387888
XM_047435542.1	3621	3393.29	132.566	1.75814
XM_047435543.1	4545	4317.29	0	0
XM_047435544.1	4479	4251.29	0	0
XM_047435545.1	4333	4105.29	0	0
XM_047435546.1	4638	4410.29	0	0
XM_047435547.1	4384	4156.29	0.131424	0.00142302
XM_047435548.1	3749	3521.29	0	0
XM_047435549.1	2490	2262.29	0	0
XM_047435550.1	3667	3439.29	0	0
XM_047435551.1	5090	4862.29	1.24812	0.011552
XM_047435562.1	1538	1310.29	0	0
XM_047435563.1	1454	1226.29	12.9669	0.475867
XM_047435564.1	1770	1542.29	66.0428	1.92709
XM_047435565.1	2656	2428.29	0.358853	0.00665056
XM_047435566.1	2949	2721.29	0	0
XM_047435567.1	4432	4204.29	0	0
XM_047435568.1	2519	2291.29	2.14897e-05	4.22077e-07
XM_047435569.1	2635	2407.29	6.8057e-07	1.27229e-08
XM_047435570.1	2928	2700.29	0	0
XM_047435571.1	2677	2449.29	0	0
XM_047435572.1	989	761.293	6.02875	0.356384
XM_047435573.1	4361	4133.29	83.7751	0.912139
XM_047435574.1	3106	2878.29	2.28841	0.03578
XM_047435575.1	1317	1089.29	0	0
XM_047435576.1	3262	3034.29	2.70285	0.0400873
XM_047435577.1	1119	891.293	0	0
XM_047435578.1	2348	2120.29	5.15588	0.109433
XM_047435579.1	4429	4201.29	0	0
XM_047435580.1	3555	3327.29	16.6235	0.22484
XM_047435581.1	3516	3288.29	95.8243	1.31144
XM_047435582.1	4442	4214.29	49.0025	0.523282
XM_047435583.1	2163	1935.29	15.6919	0.364898
XM_047435584.1	2097	1869.29	2.43377e-06	5.85929e-08
XM_047435585.1	1237	1009.29	0	0
XM_047435586.1	2882	2654.29	0	0
XM_047435587.1	2383	2155.29	0	0
XM_047435588.1	1984	1756.29	0	0
XM_047435589.1	2226	1998.29	0	0
XM_047435590.1	5129	4901.29	0	0
XM_047435592.1	1442	1214.29	0	0
XM_047435593.1	2221	1993.29	8.91122	0.201191
XM_047435594.1	3597	3369.29	0	0
XM_047435595.1	2034	1806.29	0	0
XM_047435596.1	9827	9599.29	2.0989	0.00984
XM_047435597.1	11453	11225.3	0	0
XM_047435598.1	11438	11210.3	0.00051619	2.07222e-06
XM_047435599.1	11438	11210.3	1.93445e-06	7.76573e-09
XM_047435600.1	11435	11207.3	66.6298	0.267553
XM_047435601.1	11044	10816.3	0.144835	0.00060261
XM_047435602.1	11264	11036.3	291.387	1.1882
XM_047435603.1	11264	11036.3	1.05713	0.00431068
XM_047435604.1	11249	11021.3	0	0
XM_047435605.1	11171	10943.3	0.0295229	0.00012141
XM_047435606.1	9398	9170.29	1528.07	7.49898
XM_047435607.1	10777	10549.3	11.0333	0.0470679
XM_047435608.1	10666	10438.3	935.722	4.03422
XM_047435609.1	11009	10781.3	0.109375	0.000456549
XM_047435610.1	11009	10781.3	0.000335577	1.40076e-06
XM_047435611.1	11006	10778.3	123.605	0.516092
XM_047435612.1	10615	10387.3	44.7851	0.194032
XM_047435613.1	10982	10754.3	0	0
XM_047435614.1	10835	10607.3	322.081	1.36648
XM_047435615.1	10820	10592.3	0	0
XM_047435616.1	10817	10589.3	2.21428e-05	9.41039e-08
XM_047435617.1	10646	10418.3	7.39455e-07	3.19416e-09
XM_047435618.1	7688	7460.29	0.00982808	5.92864e-05
XM_047435619.1	7526	7298.29	0.0648675	0.000399989
XM_047435620.1	12167	11939.3	58.0747	0.218902
XM_047435621.1	11911	11683.3	0.0446974	0.000172171
XM_047435622.1	3467	3239.29	0	0
XM_047435623.1	1790	1562.29	167.034	4.81156
XM_047435624.1	3937	3709.29	22.5058	0.273052
XM_047435625.1	9611	9383.29	0	0
XM_047435626.1	11753	11525.3	0	0
XM_047435627.1	11507	11279.3	4.1669e-07	1.66254e-09
XM_047435628.1	11088	10860.3	0	0
XM_047435629.1	10807	10579.3	0	0
XM_047435630.1	6666	6438.29	0	0
XM_047435631.1	4147	3919.29	0	0
XM_047435632.1	4735	4507.29	0	0
XM_047435633.1	3066	2838.29	0	0
XM_047435634.1	3148	2920.29	0	0
XM_047435635.1	4896	4668.29	0	0
XM_047435636.1	4549	4321.29	0	0
XM_047435637.1	2830	2602.29	0	0
XM_047435638.1	4574	4346.29	0	0
XM_047435639.1	3168	2940.29	0	0
XM_047435640.1	3044	2816.29	0	0
XM_047435641.1	2910	2682.29	0	0
XM_047435642.1	2628	2400.29	0	0
XM_047435643.1	3260	3032.29	5.40524	0.0802206
XM_047435644.1	3564	3336.29	0	0
XM_047435645.1	2932	2704.29	0	0
XM_047435646.1	3094	2866.29	0	0
XM_047435647.1	3443	3215.29	0.827078	0.0115763
XM_047435648.1	4409	4181.29	0	0
XM_047435649.1	4533	4305.29	4.88012	0.0510117
XM_047435650.1	3685	3457.29	27.5283	0.358332
XM_047435651.1	2443	2215.29	0	0
XM_047435652.1	2352	2124.29	3.45697	0.0732357
XM_047435653.1	2626	2398.29	0	0
XM_047435654.1	2502	2274.29	0	0
XM_047435655.1	2535	2307.29	0.268047	0.00522819
XM_047435656.1	3762	3534.29	19.4728	0.247952
XM_047435657.1	3753	3525.29	36.7855	0.469596
XM_047435658.1	3627	3399.29	16.3888	0.21697
XM_047435659.1	3634	3406.29	0.442492	0.00584609
XM_047435660.1	3628	3400.29	70.141	0.928321
XM_047435661.1	3537	3309.29	1.55056e-07	2.10861e-09
XM_047435662.1	3593	3365.29	30.4662	0.407416
XM_047435663.1	3528	3300.29	0	0
XM_047435664.1	3645	3417.29	6.48277e-06	8.53731e-08
XM_047435665.1	3519	3291.29	0	0
XM_047435666.1	3136	2908.29	0	0
XM_047435667.1	6867	6639.29	133.581	0.90545
XM_047435668.1	6971	6743.29	0	0
XM_047435669.1	6674	6446.29	0	0
XM_047435670.1	4847	4619.29	291.593	2.84082
XM_047435671.1	2722	2494.29	0	0
XM_047435672.1	11529	11301.3	2.18673e-07	8.70781e-10
XM_047435673.1	11574	11346.3	88.312	0.350274
XM_047435674.1	13612	13384.3	6.99038	0.0235043
XM_047435675.1	8077	7849.29	0	0
XM_047435676.1	7091	6863.29	0	0
XM_047435683.1	14945	14717.3	0	0
XM_047435684.1	11498	11270.3	375.988	1.50135
XM_047435685.1	11492	11264.3	841.331	3.36129
XM_047435686.1	11138	10910.3	0	0
XM_047435687.1	2450	2222.29	0	0
XM_047435688.1	1299	1071.29	124.634	5.23563
XM_047435689.1	1249	1021.29	16.6767	0.734857
XM_047435690.1	3869	3641.29	41.6629	0.514915
XM_047435691.1	1562	1334.29	112.308	3.78794
XM_047435692.1	5171	4943.29	46.8378	0.426405
XM_047435693.1	5172	4944.29	0	0
XM_047435694.1	5198	4970.29	55.8867	0.506021
XM_047435695.1	5346	5118.29	0	0
XM_047435696.1	5968	5740.29	71.7868	0.562798
XM_047435697.1	3443	3215.29	0	0
XM_047435698.1	2854	2626.29	0	0
XM_047435699.1	3270	3042.29	336.729	4.98106
XM_047435700.1	2760	2532.29	25.1186	0.446399
XM_047435701.1	6192	5964.29	0	0
XM_047435702.1	5995	5767.29	0	0
XM_047435703.1	5056	4828.29	292.344	2.72485
XM_047435704.1	4527	4299.29	18.0499	0.188938
XM_047435705.1	4027	3799.29	33.6236	0.398276
XM_047435706.1	3518	3290.29	59.3525	0.811795
XM_047435707.1	1393	1165.29	31.968	1.23459
XM_047435708.1	718	490.852	3.317	0.304114
XM_047435709.1	4983	4755.29	0	0
XM_047435710.1	2108	1880.29	0	0
XM_047435711.1	2105	1877.29	0	0
XM_047435712.1	1783	1555.29	0	0
XM_047435713.1	3624	3396.29	0	0
XM_047435714.1	18051	17823.3	12.8721	0.0325014
XM_047435715.1	3582	3354.29	0	0
XM_047435716.1	12810	12582.3	23.5048	0.0840694
XM_047435717.1	3564	3336.29	0	0
XM_047435718.1	2372	2144.29	0	0
XM_047435719.1	3786	3558.29	0	0
XM_047435720.1	3570	3342.29	0	0
XM_047435721.1	3047	2819.29	0	0
XM_047435722.1	1394	1166.29	4.08736	0.157717
XM_047435723.1	3984	3756.29	9.22061	0.110469
XM_047435724.1	1668	1440.29	5.25655	0.164245
XM_047435725.1	2893	2665.29	0	0
XM_047435726.1	2051	1823.29	0	0
XM_047435727.1	2515	2287.29	0	0
XM_047435728.1	2341	2113.29	0	0
XM_047435729.1	2367	2139.29	0	0
XM_047435730.1	1847	1619.29	21.5449	0.598771
XM_047435731.1	12400	12172.3	141.235	0.522171
XM_047435732.1	12400	12172.3	0	0
XM_047435733.1	12373	12145.3	4.1409	0.0153437
XM_047435734.1	12370	12142.3	2544.19	9.42957
XM_047435735.1	11941	11713.3	6.72728	0.0258466
XM_047435737.1	11830	11602.3	273.906	1.06243
XM_047435738.1	12269	12041.3	0	0
XM_047435739.1	1035	807.293	14.853	0.827992
XM_047435740.1	1031	803.293	0	0
XM_047435741.1	7022	6794.29	0	0
XM_047435742.1	854	626.427	0	0
XM_047435743.1	850	622.427	0	0
XM_047435744.1	857	629.427	17.2787	1.2354
XM_047435745.1	847	619.427	0	0
XM_047435746.1	5357	5129.29	4.90383	0.0430249
XM_047435747.1	3586	3358.29	3.98931	0.0534591
XM_047435748.1	1154	926.293	126.565	6.14905
XM_047435749.1	5359	5131.29	75.1392	0.658995
XM_047435750.1	7288	7060.29	29.3089	0.186818
XM_047435751.1	8393	8165.29	0	0
XM_047435752.1	8482	8254.29	0	0
XM_047435753.1	5036	4808.29	0	0
XM_047435754.1	8427	8199.29	0	0
XM_047435755.1	2161	1933.29	0	0
XM_047435756.1	3603	3375.29	0	0
XM_047435757.1	1199	971.293	128.4	5.9492
XM_047435759.1	3957	3729.29	2.22058	0.0267968
XM_047435760.1	2630	2402.29	0	0
XM_047435761.1	1881	1653.29	0	0
XM_047435762.1	2351	2123.29	0	0
XM_047435763.1	2159	1931.29	0	0
XM_047435764.1	958	730.293	0	0
XM_047435765.1	3976	3748.29	0	0
XM_047435766.1	4045	3817.29	0	0
XM_047435767.1	5542	5314.29	0	0
XM_047435768.1	4098	3870.29	0	0
XM_047435769.1	3632	3404.29	0	0
XM_047435770.1	3596	3368.29	0	0
XM_047435771.1	3774	3546.29	0	0
XM_047435772.1	3572	3344.29	0	0
XM_047435773.1	5130	4902.29	0	0
XM_047435774.1	3564	3336.29	0	0
XM_047435775.1	3085	2857.29	0	0
XM_047435776.1	2985	2757.29	7.98372	0.130306
XM_047435777.1	3198	2970.29	14.2788	0.216339
XM_047435778.1	5902	5674.29	0.000183012	1.45148e-06
XM_047435779.1	4464	4236.29	7.18553	0.0763334
XM_047435780.1	4126	3898.29	20.5136	0.236816
XM_047435781.1	3805	3577.29	13.2568	0.166773
XM_047435782.1	3425	3197.29	0	0
XM_047435783.1	3415	3187.29	0	0
XM_047435784.1	1654	1426.29	0	0
XM_047435785.1	1707	1479.29	0	0
XM_047435786.1	2010	1782.29	16.4132	0.414435
XM_047435787.1	895	667.361	0.504459	0.0340179
XM_047435788.1	2239	2011.29	0	0
XM_047435789.1	1367	1139.29	0	0
XM_047435790.1	2112	1884.29	22.9137	0.547255
XM_047435791.1	1752	1524.29	8.76368	0.258738
XM_047435792.1	1082	854.293	0	0
XM_047435793.1	948	720.293	0.265304	0.0165759
XM_047435794.1	5185	4957.29	0	0
XM_047435800.1	4837	4609.29	0	0
XM_047435801.1	5177	4949.29	0	0
XM_047435802.1	2500	2272.29	0	0
XM_047435803.1	2971	2743.29	0	0
XM_047435804.1	2970	2742.29	0	0
XM_047435805.1	1994	1766.29	0	0
XM_047435806.1	3320	3092.29	127.352	1.85339
XM_047435807.1	2294	2066.29	0	0
XM_047435808.1	2231	2003.29	30.6674	0.688929
XM_047435809.1	1352	1124.29	0	0
XM_047435810.1	1497	1269.29	0	0
XM_047435811.1	2545	2317.29	13.0465	0.25337
XM_047435812.1	2216	1988.29	0	0
XM_047435813.1	1607	1379.29	0	0
XM_047435814.1	1280	1052.29	7.36225	0.314859
XM_047435815.1	1295	1067.29	0	0
XM_047435816.1	1034	806.293	52.3833	2.92376
XM_047435817.1	1745	1517.29	0	0
XM_047435820.1	4030	3802.29	0.139739	0.00165392
XM_047435822.1	2718	2490.29	160.219	2.89538
XM_047435823.1	2783	2555.29	81.3674	1.43302
XM_047435824.1	3997	3769.29	28.197	0.336656
XM_047435825.1	2550	2322.29	9.7266	0.188489
XM_047435826.1	2221	1993.29	36.5298	0.824742
XM_047435827.1	3977	3749.29	18.2656	0.219244
XM_047435828.1	3975	3747.29	81.6142	0.980145
XM_047435829.1	2009	1781.29	0.297882	0.00752577
XM_047435830.1	1997	1769.29	0.174044	0.00442692
XM_047435831.1	2132	1904.29	0.0543077	0.00128342
XM_047435832.1	1994	1766.29	0.0320028	0.000815394
XM_047435833.1	2132	1904.29	0.088725	0.00209679
XM_047435834.1	3982	3754.29	0.781536	0.00936835
XM_047435835.1	2120	1892.29	0.229735	0.00546363
XM_047435836.1	1931	1703.29	11.4971	0.303767
XM_047435837.1	1928	1700.29	0.746552	0.0197596
XM_047435838.1	2054	1826.29	2.65677	0.0654674
XM_047435839.1	1916	1688.29	1.25939	0.0335703
XM_047435840.1	2051	1823.29	0.202048	0.00498701
XM_047435841.1	2128	1900.29	0.0251427	0.000595433
XM_047435842.1	2042	1814.29	6.37756	0.158194
XM_047435843.1	2039	1811.29	1.50348	0.0373553
XM_047435844.1	3972	3744.29	45.7244	0.549567
XM_047435845.1	2116	1888.29	0.326977	0.00779275
XM_047435846.1	1874	1646.29	0	0
XM_047435847.1	2038	1810.29	9.19051	0.228472
XM_047435848.1	1928	1700.29	0.952302	0.0252054
XM_047435849.1	2016	1788.29	1.6809	0.0423006
XM_047435850.1	1924	1696.29	0.759007	0.0201367
XM_047435851.1	1921	1693.29	0.0398596	0.00105936
XM_047435852.1	3979	3751.29	0.427543	0.0051291
XM_047435853.1	2004	1776.29	0.173318	0.00439107
XM_047435854.1	1912	1684.29	0.418738	0.0111884
XM_047435855.1	1843	1615.29	1.94224	0.0541122
XM_047435856.1	4008	3780.29	0.102532	0.00122061
XM_047435857.1	2219	1991.29	0	0
XM_047435858.1	3487	3259.29	693.718	9.5786
XM_047435859.1	4005	3777.29	0.0712387	0.000848746
XM_047435866.1	4016	3788.29	160.214	1.90326
XM_047435867.1	4234	4006.29	0	0
XM_047435868.1	3982	3754.29	0.196229	0.00235222
XM_047435869.1	3962	3734.29	0.12312	0.00148375
XM_047435870.1	2715	2487.29	18.614	0.336787
XM_047435871.1	2634	2406.29	0.0237441	0.000444068
XM_047435872.1	557	333.141	135.048	18.2433
XM_047435873.1	3078	2850.29	24.8532	0.392406
XM_047435874.1	3979	3751.29	0.135884	0.00163016
XM_047435875.1	3959	3731.29	0.0847785	0.00102251
XM_047435876.1	3954	3726.29	0.0425913	0.000514382
XM_047435877.1	3964	3736.29	0.142082	0.00171136
XM_047435878.1	10447	10219.3	9.56273	0.0421118
XM_047435879.1	10417	10189.3	0	0
XM_047435880.1	10423	10195.3	0	0
XM_047435881.1	9907	9679.29	0	0
XM_047435882.1	10321	10093.3	18.2039	0.0811662
XM_047435883.1	9814	9586.29	0	0
XM_047435884.1	9512	9284.29	302.084	1.46427
XM_047435885.1	9517	9289.29	0	0
XM_047435886.1	9615	9387.29	0	0
XM_047435887.1	3931	3703.29	31.9678	0.388478
XM_047435888.1	9329	9101.29	13.8009	0.0682412
XM_047435889.1	9739	9511.29	0	0
XM_047435890.1	9451	9223.29	1.50843e-05	7.36008e-08
XM_047435891.1	9422	9194.29	24.9362	0.122054
XM_047435892.1	9406	9178.29	7.32958e-08	3.59384e-10
XM_047435893.1	9427	9199.29	4.24846e-06	2.07836e-08
XM_047435894.1	6097	5869.29	16.0004	0.122683
XM_047435895.1	5085	4857.29	0	0
XM_047435896.1	3928	3700.29	0.0817819	0.000994634
XM_047435897.1	2020	1792.29	0	0
XM_047435898.1	3463	3235.29	187.112	2.60273
XM_047435899.1	12590	12362.3	15.0955	0.054953
XM_047435900.1	12652	12424.3	2.22438e-06	8.05713e-09
XM_047435901.1	12766	12538.3	80.6177	0.289357
XM_047435902.1	11090	10862.3	4.90661	0.0203284
XM_047435903.1	9246	9018.29	168.81	0.842395
XM_047435904.1	6513	6285.29	709.933	5.08316
XM_047435905.1	3470	3242.29	0.886281	0.0123016
XM_047435906.1	5974	5746.29	0	0
XM_047435907.1	3346	3118.29	0	0
XM_047435908.1	1922	1694.29	134.761	3.57946
XM_047435910.1	2202	1974.29	84.7883	1.93271
XM_047435911.1	1517	1289.29	8.03258	0.280379
XM_047435912.1	5682	5454.29	0	0
XM_047435913.1	961	733.293	0	0
XM_047435914.1	879	651.427	6.98144	0.482304
XM_047435915.1	5442	5214.29	0	0
XM_047435916.1	5385	5157.29	1.05176e-06	9.17778e-09
XM_047435917.1	5729	5501.29	0	0
XM_047435918.1	580	355.279	0	0
XM_047435919.1	2346	2118.29	67.1346	1.42627
XM_047435920.1	1211	983.293	50.9737	2.33295
XM_047435921.1	5941	5713.29	85.4895	0.673393
XM_047435922.1	2668	2440.29	0	0
XM_047435925.1	5145	4917.29	70.7326	0.647345
XM_047435926.1	6250	6022.29	0	0
XM_047435927.1	5845	5617.29	0	0
XM_047435928.1	5626	5398.29	0	0
XM_047435929.1	5536	5308.29	0	0
XM_047435930.1	4367	4139.29	71.2258	0.774379
XM_047435931.1	1702	1474.29	302.406	9.231
XM_047435932.1	1646	1418.29	187.383	5.94576
XM_047435933.1	5437	5209.29	0	0
XM_047435934.1	3588	3360.29	0	0
XM_047435935.1	3907	3679.29	0	0
XM_047435936.1	5216	4988.29	98.5989	0.889533
XM_047435937.1	3538	3310.29	0	0
XM_047435938.1	3148	2920.29	0.000987247	1.52139e-05
XM_047435939.1	3314	3086.29	0	0
XM_047435940.1	3192	2964.29	0	0
XM_047435941.1	5080	4852.29	0	0
XM_047435942.1	3175	2947.29	0	0
XM_047435943.1	5689	5461.29	409.012	3.37041
XM_047435944.1	5146	4918.29	0	0
XM_047435945.1	4263	4035.29	0	0
XM_047435946.1	4138	3910.29	0	0
XM_047435947.1	3994	3766.29	1.65198	0.0197394
XM_047435948.1	4079	3851.29	0	0
XM_047435949.1	3848	3620.29	0	0
XM_047435950.1	4195	3967.29	0	0
XM_047435951.1	4114	3886.29	0	0
XM_047435952.1	4276	4048.29	0	0
XM_047435953.1	4236	4008.29	0	0
XM_047435954.1	4108	3880.29	0	0
XM_047435955.1	4168	3940.29	0	0
XM_047435956.1	4040	3812.29	0	0
XM_047435957.1	3958	3730.29	0	0
XM_047435958.1	4634	4406.29	0	0
XM_047435959.1	2216	1988.29	2.15591e-06	4.87969e-08
XM_047435960.1	1671	1443.29	1.86797	0.0582447
XM_047435961.1	3510	3282.29	0	0
XM_047435962.1	841	613.427	0	0
XM_047435963.1	3611	3383.29	1.15179	0.0153205
XM_047435964.1	1100	872.293	0	0
XM_047435965.1	3943	3715.29	0	0
XM_047435966.1	3717	3489.29	0	0
XM_047435967.1	3622	3394.29	0	0
XM_047435968.1	6686	6458.29	0	0
XM_047435969.1	6711	6483.29	0	0
XM_047435970.1	6690	6462.29	23.1873	0.161475
XM_047435971.1	6530	6302.29	0	0
XM_047435972.1	7831	7603.29	49.306	0.291837
XM_047435973.1	3565	3337.29	0	0
XM_047435974.1	4241	4013.29	0	0
XM_047435975.1	3671	3443.29	0	0
XM_047435976.1	3458	3230.29	0	0
XM_047435977.1	3491	3263.29	0	0
XM_047435978.1	3457	3229.29	0	0
XM_047435979.1	4217	3989.29	0	0
XM_047435980.1	3562	3334.29	0	0
XM_047435981.1	3659	3431.29	0	0
XM_047435982.1	4056	3828.29	0	0
XM_047435983.1	3830	3602.29	0	0
XM_047435984.1	3550	3322.29	0	0
XM_047435985.1	3656	3428.29	0	0
XM_047435986.1	3753	3525.29	0	0
XM_047435987.1	4106	3878.29	0	0
XM_047435988.1	3522	3294.29	0	0
XM_047435989.1	3519	3291.29	0	0
XM_047435990.1	3616	3388.29	0	0
XM_047435991.1	4071	3843.29	0	0
XM_047435992.1	3507	3279.29	0	0
XM_047435993.1	5258	5030.29	3.9323	0.03518
XM_047435994.1	3644	3416.29	0	0
XM_047435995.1	3458	3230.29	0	0
XM_047435996.1	3172	2944.29	0	0
XM_047435997.1	3550	3322.29	0	0
XM_047435998.1	2065	1837.29	0	0
XM_047435999.1	3620	3392.29	0.371573	0.00492938
XM_047436000.1	3608	3380.29	47.8659	0.637256
XM_047436001.1	1212	984.293	3.08936	0.141249
XM_047436002.1	4129	3901.29	39.8873	0.460117
XM_047436003.1	4126	3898.29	6.15587	0.0710652
XM_047436004.1	4126	3898.29	1.15431e-08	1.33258e-10
XM_047436005.1	4123	3895.29	3.31175	0.0382613
XM_047436006.1	4206	3978.29	197.751	2.23699
XM_047436007.1	4203	3975.29	117.539	1.33062
XM_047436008.1	4200	3972.29	14.3455	0.162523
XM_047436028.1	8610	8382.29	0	0
XM_047436039.1	8325	8097.29	0	0
XM_047436050.1	2988	2760.29	0	0
XM_047436056.1	6589	6361.29	0	0
XM_047436057.1	6646	6418.29	0	0
XM_047436058.1	6290	6062.29	0	0
XM_047436059.1	6249	6021.29	0	0
XM_047436060.1	4243	4015.29	0	0
XM_047436061.1	5414	5186.29	84.1358	0.730073
XM_047436062.1	1780	1552.29	0	0
XM_047436063.1	1735	1507.29	0	0
XM_047436064.1	1699	1471.29	0	0
XM_047436065.1	1664	1436.29	0	0
XM_047436066.1	1840	1612.29	0.553893	0.0154605
XM_047436067.1	1804	1576.29	5.09467	0.145453
XM_047436068.1	5108	4880.29	0	0
XM_047436069.1	7941	7713.29	152.914	0.892174
XM_047436070.1	4876	4648.29	349.864	3.38726
XM_047436071.1	5960	5732.29	44.8262	0.351921
XM_047436072.1	4982	4754.29	0	0
XM_047436073.1	4157	3929.29	0	0
XM_047436074.1	6722	6494.29	0	0
XM_047436075.1	6635	6407.29	0	0
XM_047436076.1	6617	6389.29	0	0
XM_047436077.1	6530	6302.29	0	0
XM_047436078.1	6437	6209.29	0	0
XM_047436079.1	5744	5516.29	0	0
XM_047436080.1	5657	5429.29	0	0
XM_047436081.1	5570	5342.29	0	0
XM_047436082.1	5200	4972.29	4.89545	0.0443076
XM_047436083.1	4430	4202.29	7.47455	0.0800463
XM_047436084.1	4655	4427.29	27.8833	0.283431
XM_047436085.1	4574	4346.29	194.441	2.01332
XM_047436086.1	4562	4334.29	241.646	2.50902
XM_047436087.1	1736	1508.29	87.9452	2.62403
XM_047436088.1	3927	3699.29	58.4323	0.710847
XM_047436089.1	1474	1246.29	0	0
XM_047436090.1	1570	1342.29	0	0
XM_047436091.1	1487	1259.29	0	0
XM_047436092.1	4892	4664.29	29.6021	0.285614
XM_047436093.1	6046	5818.29	38.4378	0.297307
XM_047436094.1	5910	5682.29	23.9832	0.189944
XM_047436095.1	1308	1080.29	1.77644	0.0740033
XM_047436096.1	3418	3190.29	13.0444	0.184008
XM_047436097.1	1721	1493.29	82.312	2.48062
XM_047436098.1	1330	1102.29	56.968	2.32582
XM_047436099.1	1280	1052.29	0	0
XM_047436100.1	1290	1062.29	0	0
XM_047436101.1	1682	1454.29	0	0
XM_047436102.1	1291	1063.29	21.2689	0.900191
XM_047436103.1	1588	1360.29	5.02399	0.16621
XM_047436104.1	1809	1581.29	42.5156	1.20998
XM_047436105.1	9193	8965.29	73.8875	0.370893
XM_047436106.1	4853	4625.29	0	0
XM_047436107.1	6134	5906.29	0	0
XM_047436108.1	3559	3331.29	0.0191846	0.000259169
XM_047436109.1	4771	4543.29	0	0
XM_047436110.1	6107	5879.29	2.77772	0.0212621
XM_047436111.1	6092	5864.29	0.365128	0.00280202
XM_047436112.1	3278	3050.29	0	0
XM_047436113.1	3508	3280.29	0.180166	0.00247174
XM_047436114.1	3481	3253.29	0.105587	0.00146059
XM_047436115.1	3481	3253.29	7.40449e-05	1.02427e-06
XM_047436116.1	3454	3226.29	28.3187	0.395014
XM_047436117.1	3415	3187.29	1.20456e-06	1.70079e-08
XM_047436118.1	3158	2930.29	0	0
XM_047436119.1	4309	4081.29	10.235	0.112858
XM_047436120.1	4285	4057.29	7.12342e-05	7.90123e-07
XM_047436121.1	3364	3136.29	1.11438e-05	1.59904e-07
XM_047436122.1	3352	3124.29	0.162682	0.00234332
XM_047436123.1	3337	3109.29	0	0
XM_047436124.1	4219	3991.29	0.0034631	3.90475e-05
XM_047436125.1	4207	3979.29	0.177156	0.00200352
XM_047436126.1	4141	3913.29	1.21653e-07	1.39901e-09
XM_047436127.1	9255	9027.29	5.61032	0.0279687
XM_047436131.1	946	718.293	0	0
XM_047436132.1	8059	7831.29	0.126416	0.000726456
XM_047436133.1	4676	4448.29	0	0
XM_047436134.1	4674	4446.29	0	0
XM_047436135.1	7970	7742.29	0	0
XM_047436136.1	4839	4611.29	52.7799	0.515096
XM_047436137.1	4675	4447.29	220.96	2.23595
XM_047436138.1	2327	2099.29	113.561	2.43443
XM_047436139.1	1522	1294.29	32.5094	1.13036
XM_047436140.1	7687	7459.29	0	0
XM_047436141.1	5188	4960.29	0.40623	0.00368559
XM_047436142.1	5083	4855.29	6.21659e-06	5.76207e-08
XM_047436143.1	5617	5389.29	4.56898	0.0381531
XM_047436144.1	5392	5164.29	49.3629	0.430162
XM_047436145.1	2657	2429.29	0	0
XM_047436146.1	5016	4788.29	341.339	3.2081
XM_047436147.1	2469	2241.29	8.57376	0.172153
XM_047436148.1	4716	4488.29	533.896	5.35325
XM_047436149.1	4451	4223.29	134.086	1.42881
XM_047436150.1	4189	3961.29	0	0
XM_047436151.1	4186	3958.29	0	0
XM_047436152.1	4199	3971.29	0	0
XM_047436153.1	4098	3870.29	0	0
XM_047436154.1	4519	4291.29	4.22093e-05	4.42652e-07
XM_047436155.1	3384	3156.29	32.7056	0.466323
XM_047436156.1	4314	4086.29	9.46527	0.104243
XM_047436157.1	3639	3411.29	0	0
XM_047436158.1	3425	3197.29	0	0
XM_047436159.1	3314	3086.29	0	0
XM_047436160.1	1950	1722.29	0	0
XM_047436161.1	1888	1660.29	0	0
XM_047436162.1	5360	5132.29	74.3391	0.651851
XM_047436163.1	5442	5214.29	27.4961	0.237311
XM_047436164.1	5357	5129.29	124.766	1.09466
XM_047436165.1	5092	4864.29	0.0819062	0.000757774
XM_047436166.1	5041	4813.29	47.4932	0.44405
XM_047436167.1	5032	4804.29	0.0854263	0.000800211
XM_047436168.1	5014	4786.29	898.741	8.45041
XM_047436169.1	5005	4777.29	86.4673	0.814539
XM_047436170.1	4954	4726.29	157.734	1.50192
XM_047436171.1	4948	4720.29	24.4747	0.233341
XM_047436172.1	4945	4717.29	14.0954	0.134471
XM_047436173.1	4903	4675.29	31.5775	0.303957
XM_047436174.1	4897	4669.29	12.9844	0.125145
XM_047436175.1	4894	4666.29	2.67601	0.0258083
XM_047436176.1	4846	4618.29	219.54	2.13931
XM_047436177.1	4843	4615.29	45.187	0.440613
XM_047436178.1	4837	4609.29	17.8591	0.174368
XM_047436179.1	3575	3347.29	0	0
XM_047436180.1	4412	4184.29	32.2385	0.346732
XM_047436181.1	7333	7105.29	0	0
XM_047436182.1	7106	6878.29	36.3232	0.237654
XM_047436183.1	6954	6726.29	0	0
XM_047436184.1	8782	8554.29	417.311	2.19542
XM_047436185.1	4816	4588.29	0	0
XM_047436186.1	4813	4585.29	4.30726	0.0422743
XM_047436187.1	1431	1203.29	6.88582	0.257529
XM_047436188.1	4491	4263.29	63.3593	0.668818
XM_047436189.1	1277	1049.29	42.8826	1.83919
XM_047436190.1	6909	6681.29	0	0
XM_047436191.1	1274	1046.29	0	0
XM_047436192.1	779	551.487	390.002	31.8254
XM_047436193.1	1007	779.293	0	0
XM_047436194.1	1625	1397.29	25.4011	0.818101
XM_047436195.1	7024	6796.29	20.2059	0.133798
XM_047436196.1	1669	1441.29	27.7509	0.866498
XM_047436197.1	8494	8266.29	115.079	0.626508
XM_047436198.1	6621	6393.29	0	0
XM_047436199.1	6736	6508.29	0.00134203	9.27978e-06
XM_047436200.1	2142	1914.29	0	0
XM_047436201.1	1818	1590.29	4.27481	0.120971
XM_047436202.1	1974	1746.29	26.4435	0.681467
XM_047436203.1	4334	4106.29	10.7502	0.117817
XM_047436204.1	3519	3291.29	24.3566	0.333037
XM_047436205.1	3601	3373.29	31.0723	0.414535
XM_047436206.1	719	491.852	54.7256	5.00725
XM_047436207.1	644	417.93	31.6398	3.407
XM_047436208.1	641	415.014	18.7713	2.03552
XM_047436209.1	1358	1130.29	21.1753	0.843104
XM_047436210.1	1647	1419.29	0	0
XM_047436211.1	1290	1062.29	0	0
XM_047436212.1	4457	4229.29	304.325	3.23826
XM_047436213.1	2512	2284.29	0	0
XM_047436214.1	2507	2279.29	0	0
XM_047436215.1	4650	4422.29	0	0
XM_047436216.1	2696	2468.29	64.9735	1.18463
XM_047436217.1	2654	2426.29	106.564	1.97656
XM_047436218.1	5782	5554.29	5.17357	0.0419183
XM_047436219.1	3074	2846.29	71.4567	1.12981
XM_047436220.1	1690	1462.29	54.7837	1.68601
XM_047436221.1	7931	7703.29	0	0
XM_047436222.1	4302	4074.29	184.583	2.03883
XM_047436223.1	7668	7440.29	30.5675	0.184889
XM_047436224.1	7549	7321.29	0	0
XM_047436225.1	6186	5958.29	0.000341386	2.57849e-06
XM_047436226.1	4589	4361.29	0	0
XM_047436227.1	4851	4623.29	0	0
XM_047436228.1	2771	2543.29	121.757	2.15446
XM_047436229.1	1465	1237.29	27.7792	1.01039
XM_047436230.1	955	727.293	4.96527	0.307239
XM_047436231.1	907	679.293	23.5315	1.55896
XM_047436232.1	4646	4418.29	4.98595	0.050785
XM_047436233.1	4545	4317.29	0	0
XM_047436234.1	2732	2504.29	95.2326	1.71137
XM_047436235.1	2708	2480.29	55.7797	1.01208
XM_047436236.1	2663	2435.29	0	0
XM_047436237.1	2645	2417.29	0	0
XM_047436238.1	1275	1047.29	0	0
XM_047436239.1	1252	1024.29	0	0
XM_047436240.1	1230	1002.29	0	0
XM_047436241.1	1234	1006.29	0	0
XM_047436242.1	853	625.427	118.701	8.54122
XM_047436243.1	4454	4226.29	205.158	2.18459
XM_047436244.1	1962	1734.29	164.401	4.26604
XM_047436245.1	4647	4419.29	0	0
XM_047436246.1	4586	4358.29	0	0
XM_047436247.1	1886	1658.29	11.8697	0.322122
XM_047436248.1	6707	6479.29	312.783	2.17249
XM_047436249.1	6677	6449.29	50.9413	0.355467
XM_047436250.1	5779	5551.29	3.76118	0.030491
XM_047436251.1	6736	6508.29	0	0
XM_047436252.1	4299	4071.29	122.28	1.35166
XM_047436253.1	8257	8029.29	255.527	1.43219
XM_047436254.1	4641	4413.29	6.21517	0.0633771
XM_047436255.1	6239	6011.29	18.5563	0.13892
XM_047436256.1	8696	8468.29	0	0
XM_047436257.1	6174	5946.29	2.75629	0.0208603
XM_047436258.1	8631	8403.29	0.844443	0.00452234
XM_047436259.1	6419	6191.29	8.01583	0.0582652
XM_047436260.1	8598	8370.29	89.4063	0.480695
XM_047436261.1	8646	8418.29	0	0
XM_047436262.1	6188	5960.29	1.01602	0.00767146
XM_047436263.1	6221	5993.29	0.539746	0.00405291
XM_047436264.1	6416	6188.29	1.38089	0.0100423
XM_047436265.1	6214	5986.29	0.00186559	1.40249e-05
XM_047436266.1	6164	5936.29	0.00148285	1.12415e-05
XM_047436267.1	8571	8343.29	0.242671	0.00130895
XM_047436268.1	6359	6131.29	6.67887e-05	4.90223e-07
XM_047436269.1	6197	5969.29	0.000817614	6.16407e-06
XM_047436270.1	8604	8376.29	0.00226289	1.21577e-05
XM_047436271.1	3563	3335.29	507.102	6.84232
XM_047436272.1	6147	5919.29	0.000644956	4.90346e-06
XM_047436273.1	8554	8326.29	0.00193071	1.04354e-05
XM_047436274.1	6392	6164.29	0.00262171	1.91401e-05
XM_047436275.1	6245	6017.29	0.00266406	1.99244e-05
XM_047436276.1	6195	5967.29	0.00212959	1.60605e-05
XM_047436277.1	6262	6034.29	0.00602019	4.48979e-05
XM_047436278.1	8621	8393.29	0.276108	0.00148044
XM_047436279.1	6342	6114.29	2.94665e-05	2.16883e-07
XM_047436280.1	6211	5983.29	0.00030281	2.27758e-06
XM_047436281.1	6161	5933.29	0.000237551	1.80179e-06
XM_047436282.1	8618	8390.29	0.0759007	0.000407109
XM_047436283.1	6356	6128.29	1.1044e-05	8.11014e-08
XM_047436284.1	8551	8323.29	0.000522075	2.8228e-06
XM_047436285.1	6194	5966.29	0.000130769	9.86379e-07
XM_047436286.1	6144	5916.29	0.000101788	7.74264e-07
XM_047436287.1	5773	5545.29	101.048	0.820063
XM_047436288.1	5806	5578.29	51.0338	0.411717
XM_047436289.1	5756	5528.29	43.6885	0.355646
XM_047436290.1	5820	5592.29	17.8412	0.143574
XM_047436291.1	5753	5525.29	6.45738	0.0525949
XM_047436292.1	5803	5575.29	7.65209	0.0617667
XM_047436293.1	5745	5517.29	0	0
XM_047436294.1	2845	2617.29	27.1369	0.466606
XM_047436295.1	4767	4539.29	24.6876	0.244756
XM_047436296.1	3320	3092.29	93.9121	1.36673
XM_047436297.1	3395	3167.29	4.803e-05	6.82443e-07
XM_047436298.1	2587	2359.29	11.8853	0.22671
XM_047436299.1	4335	4107.29	121.317	1.32925
XM_047436300.1	3198	2970.29	132.959	2.01446
XM_047436301.1	2127	1899.29	37.4527	0.887428
XM_047436302.1	1616	1388.29	7.46356	0.24194
XM_047436303.1	2327	2099.29	0	0
XM_047436304.1	2703	2475.29	18.6418	0.338925
XM_047436305.1	3829	3601.29	0	0
XM_047436306.1	3312	3084.29	30.8008	0.449416
XM_047436307.1	1893	1665.29	0	0
XM_047436308.1	5709	5481.29	0	0
XM_047436309.1	1755	1527.29	0	0
XM_047436310.1	2117	1889.29	149.666	3.56505
XM_047436311.1	1793	1565.29	26.8102	0.770809
XM_047436312.1	2531	2303.29	0.0836802	0.00163499
XM_047436313.1	10693	10465.3	3.19755	0.0137502
XM_047436314.1	7592	7364.29	104.332	0.637569
XM_047436315.1	7365	7137.29	185.669	1.17071
XM_047436316.1	2613	2385.29	16.658	0.314284
XM_047436317.1	4087	3859.29	95.1889	1.10999
XM_047436318.1	3207	2979.29	34.3451	0.518793
XM_047436319.1	1945	1717.29	0	0
XM_047436320.1	5490	5262.29	16.1614	0.138213
XM_047436321.1	5599	5371.29	0	0
XM_047436322.1	6249	6021.29	0	0
XM_047436323.1	5661	5433.29	0	0
XM_047436324.1	4946	4718.29	0	0
XM_047436325.1	1870	1642.29	0	0
XM_047436326.1	1864	1636.29	0	0
XM_047436327.1	1542	1314.29	0	0
XM_047436328.1	1513	1285.29	0	0
XM_047436329.1	1740	1512.29	0	0
XM_047436330.1	6448	6220.29	0	0
XM_047436331.1	6666	6438.29	0	0
XM_047436332.1	5612	5384.29	0	0
XM_047436333.1	1797	1569.29	0	0
XM_047436334.1	1091	863.293	0	0
XM_047436335.1	1082	854.293	0	0
XM_047436337.1	3682	3454.29	67.1442	0.874766
XM_047436338.1	2099	1871.29	0	0
XM_047436339.1	1888	1660.29	0	0
XM_047436340.1	351	153.209	0	0
XM_047436341.1	3607	3379.29	1.6082	0.0214169
XM_047436342.1	2031	1803.29	0	0
XM_047436343.1	4095	3867.29	0	0
XM_047436344.1	7775	7547.29	0	0
XM_047436345.1	7688	7460.29	0	0
XM_047436346.1	7632	7404.29	0	0
XM_047436347.1	7076	6848.29	0	0
XM_047436348.1	7138	6910.29	0	0
XM_047436349.1	7135	6907.29	0	0
XM_047436350.1	1587	1359.29	0	0
XM_047436351.1	1490	1262.29	39.0808	1.3933
XM_047436352.1	1819	1591.29	0	0
XM_047436353.1	6223	5995.29	0.00731219	5.48882e-05
XM_047436354.1	1975	1747.29	45.1117	1.16189
XM_047436355.1	6112	5884.29	0.131514	0.00100582
XM_047436356.1	1889	1661.29	0	0
XM_047436357.1	3301	3073.29	0	0
XM_047436358.1	3007	2779.29	74.761	1.21055
XM_047436359.1	5976	5748.29	7.23921	0.0566754
XM_047436360.1	2947	2719.29	4.51548e-08	7.47292e-10
XM_047436361.1	2169	1941.29	0	0
XM_047436362.1	6716	6488.29	27.1578	0.188368
XM_047436363.1	3425	3197.29	0	0
XM_047436364.1	3202	2974.29	48.6147	0.735574
XM_047436365.1	4442	4214.29	180.228	1.92459
XM_047436366.1	2042	1814.29	4.66058	0.115605
XM_047436367.1	1578	1350.29	16.2997	0.543242
XM_047436368.1	3764	3536.29	0	0
XM_047436369.1	4683	4455.29	316.728	3.19928
XM_047436370.1	4518	4290.29	289.717	3.03899
XM_047436371.1	4074	3846.29	0	0
XM_047436372.1	4594	4366.29	1.39277e-07	1.43551e-09
XM_047436373.1	4228	4000.29	0	0
XM_047436374.1	4540	4312.29	0.000125935	1.31426e-06
XM_047436375.1	6197	5969.29	0	0
XM_047436376.1	4506	4278.29	6.50555	0.0684315
XM_047436377.1	4348	4120.29	0	0
XM_047436378.1	4330	4102.29	0	0
XM_047436379.1	4156	3928.29	0	0
XM_047436380.1	4417	4189.29	0	0
XM_047436381.1	4122	3894.29	0	0
XM_047436382.1	6149	5921.29	11.628	0.0883753
XM_047436383.1	4108	3880.29	0	0
XM_047436384.1	4748	4520.29	5.02465	0.0500243
XM_047436385.1	4333	4105.29	0	0
XM_047436386.1	4369	4141.29	7.80434	0.0848091
XM_047436387.1	6345	6117.29	172.942	1.27229
XM_047436388.1	9052	8824.29	67.5628	0.344564
XM_047436389.1	8595	8367.29	0	0
XM_047436390.1	4024	3796.29	55.0426	0.652502
XM_047436391.1	1167	939.293	798.92	38.2776
XM_047436392.1	5195	4967.29	0	0
XM_047436393.1	5524	5296.29	3.21492e-06	2.73174e-08
XM_047436394.1	5404	5176.29	15.3775	0.133693
XM_047436395.1	5685	5457.29	27.8032	0.229277
XM_047436396.1	5263	5035.29	0	0
XM_047436397.1	5398	5170.29	1.43525	0.0124927
XM_047436398.1	1856	1628.29	0	0
XM_047436399.1	1474	1246.29	0	0
XM_047436400.1	3706	3478.29	0	0
XM_047436401.1	2913	2685.29	0	0
XM_047436402.1	3016	2788.29	5.19642	0.0838703
XM_047436403.1	2928	2700.29	0	0
XM_047436404.1	3167	2939.29	140.853	2.15658
XM_047436405.1	2910	2682.29	0	0
XM_047436406.1	2998	2770.29	7.04371	0.114424
XM_047436407.1	2439	2211.29	84.8037	1.72588
XM_047436408.1	2124	1896.29	171.729	4.07551
XM_047436409.1	2103	1875.29	0	0
XM_047436410.1	13731	13503.3	10.814	0.0360404
XM_047436411.1	13130	12902.3	0	0
XM_047436412.1	3043	2815.29	0	0
XM_047436413.1	3419	3191.29	120.595	1.70061
XM_047436414.1	771	543.487	41.7005	3.45298
XM_047436415.1	1937	1709.29	0	0
XM_047436416.1	999	771.293	1.01708e-05	5.93441e-07
XM_047436417.1	1048	820.293	0	0
XM_047436418.1	1723	1495.29	30.7185	0.92452
XM_047436419.1	1749	1521.29	0	0
XM_047436420.1	1674	1446.29	10.2922	0.320254
XM_047436421.1	1777	1549.29	0	0
XM_047436422.1	1759	1531.29	0	0
XM_047436423.1	946	718.293	69.7716	4.37139
XM_047436424.1	6257	6029.29	0	0
XM_047436425.1	6221	5993.29	0	0
XM_047436426.1	6194	5966.29	9.06676	0.0683896
XM_047436427.1	6161	5933.29	0	0
XM_047436428.1	6134	5906.29	7.97487e-07	6.07646e-09
XM_047436429.1	6226	5998.29	0	0
XM_047436430.1	1550	1322.29	5.56521	0.189407
XM_047436431.1	5972	5744.29	0	0
XM_047436432.1	6025	5797.29	0	0
XM_047436433.1	5944	5716.29	0	0
XM_047436434.1	5998	5770.29	0.00122504	9.5542e-06
XM_047436435.1	6215	5987.29	0	0
XM_047436436.1	1558	1330.29	3.70588	0.125368
XM_047436437.1	1507	1279.29	0	0
XM_047436438.1	1579	1351.29	9.1644	0.305209
XM_047436439.1	1229	1001.29	0	0
XM_047436440.1	1089	861.293	1308.39	68.364
XM_047436441.1	1577	1349.29	0	0
XM_047436442.1	1556	1328.29	0	0
XM_047436443.1	1454	1226.29	0.653262	0.0239737
XM_047436444.1	1529	1301.29	0	0
XM_047436445.1	1730	1502.29	0	0
XM_047436446.1	1597	1369.29	0	0
XM_047436447.1	1776	1548.29	0	0
XM_047436448.1	1508	1280.29	0	0
XM_047436449.1	1298	1070.29	0	0
XM_047436450.1	1643	1415.29	0	0
XM_047436451.1	1510	1282.29	0	0
XM_047436452.1	1406	1178.29	15.2731	0.583331
XM_047436454.1	1352	1124.29	0	0
XM_047436455.1	1286	1058.29	0	0
XM_047436456.1	1466	1238.29	0	0
XM_047436457.1	1250	1022.29	0	0
XM_047436458.1	1364	1136.29	0.0286795	0.00113586
XM_047436459.1	5011	4783.29	164.612	1.54874
XM_047436460.1	4431	4203.29	0.000123661	1.32399e-06
XM_047436461.1	587	362.135	0	0
XM_047436462.1	5509	5281.29	308.825	2.63157
XM_047436463.1	5906	5678.29	0	0
XM_047436464.1	5935	5707.29	171.46	1.35199
XM_047436465.1	5855	5627.29	12.7635	0.102073
XM_047436466.1	10765	10537.3	758.702	3.2403
XM_047436467.1	10795	10567.3	150.589	0.641315
XM_047436468.1	5991	5763.29	108.369	0.846208
XM_047436469.1	6105	5877.29	9.65847	0.073956
XM_047436470.1	6082	5854.29	9.02438	0.0693722
XM_047436471.1	3566	3338.29	23.8221	0.321143
XM_047436472.1	6020	5792.29	20.6545	0.160474
XM_047436473.1	5507	5279.29	0	0
XM_047436474.1	5107	4879.29	0	0
XM_047436475.1	5103	4875.29	136.508	1.26008
XM_047436476.1	2502	2274.29	0	0
XM_047436477.1	3439	3211.29	63.4266	0.88886
XM_047436481.1	5872	5644.29	12.0706	0.0962417
XM_047436482.1	20990	20762.3	183.32	0.397352
XM_047436483.1	14944	14716.3	247.975	0.75832
XM_047436484.1	12516	12288.3	37.594	0.13768
XM_047436485.1	9907	9679.29	4.94289e-08	2.29816e-10
XM_047436486.1	9898	9670.29	0	0
XM_047436487.1	9757	9529.29	2.35661e-08	1.11294e-10
XM_047436488.1	9748	9520.29	0	0
XM_047436489.1	9688	9460.29	0.84205	0.00400567
XM_047436490.1	9580	9352.29	9.21167	0.0443264
XM_047436491.1	9571	9343.29	0.380792	0.00183413
XM_047436492.1	9550	9322.29	0	0
XM_047436493.1	9541	9313.29	0	0
XM_047436494.1	9433	9205.29	0	0
XM_047436495.1	9424	9196.29	0	0
XM_047436496.1	9965	9737.29	49.1236	0.227036
XM_047436497.1	1725	1497.29	79.9012	2.40153
XM_047436498.1	1774	1546.29	2.41546	0.0702992
XM_047436499.1	1580	1352.29	0.921803	0.0306768
XM_047436500.1	1112	884.293	1.80706	0.091964
XM_047436501.1	1443	1215.29	0	0
XM_047436502.1	1813	1585.29	0.0016174	4.59144e-05
XM_047436503.1	4091	3863.29	5.61751	0.0654378
XM_047436504.1	496	276.219	3.90066	0.635517
XM_047436505.1	887	659.427	142.726	9.74045
XM_047436506.1	4874	4646.29	2.5758	0.0249487
XM_047436507.1	6042	5814.29	4.57283e-08	3.5394e-10
XM_047436508.1	3556	3328.29	0	0
XM_047436509.1	1428	1200.29	34.3229	1.28688
XM_047436510.1	2147	1919.29	0	0
XM_047436511.1	1848	1620.29	3.37755	0.0938103
XM_047436512.1	3087	2859.29	4.41134	0.0694311
XM_047436513.1	3217	2989.29	22.9944	0.346175
XM_047436514.1	1299	1071.29	0	0
XM_047436515.1	2439	2211.29	562.557	11.4489
XM_047436516.1	1491	1263.29	122.327	4.35773
XM_047436517.1	5410	5182.29	1.2369	0.0107413
XM_047436518.1	5305	5077.29	25.7007	0.227801
XM_047436519.1	2620	2392.29	17.3327	0.326058
XM_047436520.1	1551	1323.29	116.212	3.95219
XM_047436521.1	1539	1311.29	117.975	4.04885
XM_047436522.1	8427	8199.29	430.297	2.36175
XM_047436523.1	16845	16617.3	621.248	1.68247
XM_047436524.1	8615	8387.29	37.5925	0.201707
XM_047436525.1	15924	15696.3	0.622899	0.00178592
XM_047436526.1	7630	7402.29	0	0
XM_047436527.1	7792	7564.29	6.33628	0.0376972
XM_047436528.1	13155	12927.3	146.754	0.510887
XM_047436529.1	7928	7700.29	0	0
XM_047436530.1	2020	1792.29	0.000190306	4.77843e-06
XM_047436531.1	1659	1431.29	0	0
XM_047436532.1	2504	2276.29	1.24476	0.0246094
XM_047436533.1	1518	1290.29	2.5	0.0871955
XM_047436534.1	10286	10058.3	8.61752e-06	3.85568e-08
XM_047436535.1	10778	10550.3	0	0
XM_047436536.1	10027	9799.29	0	0
XM_047436537.1	2547	2319.29	0	0
XM_047436538.1	1936	1708.29	0	0
XM_047436539.1	9551	9323.29	0	0
XM_047436540.1	10475	10247.3	0	0
XM_047436541.1	11686	11458.3	0	0
XM_047436542.1	9328	9100.29	0	0
XM_047436543.1	10216	9988.29	0	0
XM_047436544.1	10182	9954.29	13.3011	0.060134
XM_047436545.1	2433	2205.29	0	0
XM_047436546.1	8983	8755.29	0	0
XM_047436547.1	7923	7695.29	0	0
XM_047436548.1	4797	4569.29	96.2349	0.94782
XM_047436549.1	10539	10311.3	0	0
XM_047436550.1	4209	3981.29	97.996	1.10771
XM_047436551.1	1710	1482.29	33.7277	1.02399
XM_047436552.1	10130	9902.29	0	0
XM_047436553.1	9923	9695.29	0	0
XM_047436554.1	4303	4075.29	40.2968	0.444994
XM_047436555.1	9250	9022.29	0	0
XM_047436556.1	4168	3940.29	27.8105	0.317631
XM_047436557.1	4165	3937.29	0	0
XM_047436558.1	4196	3968.29	182.879	2.07397
XM_047436559.1	4157	3929.29	100.608	1.15228
XM_047436560.1	4154	3926.29	22.8549	0.261963
XM_047436561.1	4061	3833.29	135.95	1.59606
XM_047436562.1	4058	3830.29	0	0
XM_047436563.1	4019	3791.29	15.2926	0.181525
XM_047436564.1	11495	11267.3	8.34141	0.0333167
XM_047436565.1	9517	9289.29	0	0
XM_047436566.1	10371	10143.3	0	0
XM_047436567.1	10863	10635.3	0	0
XM_047436568.1	8112	7884.29	0	0
XM_047436569.1	4012	3784.29	6.61912	0.078715
XM_047436570.1	4374	4146.29	0	0
XM_047436571.1	4487	4259.29	0	0
XM_047436572.1	4420	4192.29	0	0
XM_047436573.1	4510	4282.29	0	0
XM_047436574.1	9224	8996.29	0	0
XM_047436575.1	4056	3828.29	0.115382	0.00135636
XM_047436576.1	4004	3776.29	0	0
XM_047436577.1	3070	2842.29	12.5603	0.198872
XM_047436578.1	7819	7591.29	0	0
XM_047436579.1	9439	9211.29	0	0
XM_047436580.1	4748	4520.29	0	0
XM_047436581.1	3320	3092.29	228.007	3.31826
XM_047436582.1	12973	12745.3	48.2467	0.170357
XM_047436583.1	9146	8918.29	0	0
XM_047436584.1	9291	9063.29	0	0
XM_047436585.1	2380	2152.29	272.162	5.69073
XM_047436586.1	4530	4302.29	0	0
XM_047436587.1	9413	9185.29	0	0
XM_047436588.1	4242	4014.29	23.7067	0.265769
XM_047436589.1	4002	3774.29	0	0
XM_047436590.1	4211	3983.29	4.46314	0.0504244
XM_047436591.1	3752	3524.29	0	0
XM_047436592.1	9905	9677.29	0	0
XM_047436593.1	5362	5134.29	0	0
XM_047436594.1	7315	7087.29	0	0
XM_047436595.1	6506	6278.29	231.515	1.65951
XM_047436596.1	6473	6245.29	322.28	2.32232
XM_047436597.1	6502	6274.29	0	0
XM_047436598.1	12001	11773.3	6.14662e-05	2.34953e-07
XM_047436599.1	6604	6376.29	0	0
XM_047436600.1	7064	6836.29	148.636	0.978468
XM_047436601.1	7162	6934.29	0	0
XM_047436602.1	6790	6562.29	76.052	0.521552
XM_047436603.1	6659	6431.29	0	0
XM_047436604.1	8752	8524.29	102.595	0.54164
XM_047436605.1	6604	6376.29	0	0
XM_047436606.1	4161	3933.29	491.104	5.619
XM_047436607.1	3454	3226.29	613.502	8.55765
XM_047436608.1	7237	7009.29	0	0
XM_047436609.1	4277	4049.29	23.7178	0.263595
XM_047436610.1	4385	4157.29	48.6108	0.526217
XM_047436611.1	7211	6983.29	0	0
XM_047436612.1	4283	4055.29	0.00245956	2.72946e-05
XM_047436613.1	4246	4018.29	25.0352	0.280383
XM_047436614.1	11897	11669.3	11.7939	0.0454838
XM_047436615.1	7027	6799.29	291.821	1.9315
XM_047436616.1	6916	6688.29	30.1761	0.203044
XM_047436617.1	3518	3290.29	2976.94	40.7172
XM_047436618.1	6537	6309.29	0	0
XM_047436619.1	6751	6523.29	58.8028	0.405671
XM_047436620.1	7133	6905.29	0	0
XM_047436621.1	6305	6077.29	0	0
XM_047436622.1	5878	5650.29	0	0
XM_047436623.1	2411	2183.29	129.994	2.67949
XM_047436624.1	5725	5497.29	0	0
XM_047436625.1	6029	5801.29	0	0
XM_047436626.1	8229	8001.29	94.3717	0.530792
XM_047436627.1	30298	30070.3	12	0.0179592
XM_047436628.1	5602	5374.29	0	0
XM_047436629.1	5821	5593.29	0	0
XM_047436630.1	2517	2289.29	0	0
XM_047436631.1	1446	1218.29	0	0
XM_047436632.1	6156	5928.29	10.103	0.0766947
XM_047436633.1	6089	5861.29	82.4271	0.632876
XM_047436634.1	6155	5927.29	0	0
XM_047436635.1	1936	1708.29	93.4494	2.46182
XM_047436636.1	3545	3317.29	0	0
XM_047436647.1	2551	2323.29	12.3855	0.239911
XM_047436648.1	2548	2320.29	18.8485	0.365574
XM_047436649.1	2627	2399.29	0	0
XM_047436650.1	4453	4225.29	0	0
XM_047436651.1	3652	3424.29	0	0
XM_047436652.1	4349	4121.29	0	0
XM_047436653.1	4381	4153.29	10.3703	0.112367
XM_047436654.1	3580	3352.29	18.1495	0.243649
XM_047436655.1	4277	4049.29	0	0
XM_047436656.1	2139	1911.29	0	0
XM_047436657.1	1562	1334.29	3.01505	0.101692
XM_047436658.1	1499	1271.29	0	0
XM_047436659.1	1017	789.293	0	0
XM_047436660.1	3845	3617.29	0	0
XM_047436661.1	4162	3934.29	85.8777	0.982327
XM_047436662.1	4725	4497.29	0.00477775	4.78095e-05
XM_047436664.1	6650	6422.29	60.937	0.427006
XM_047436665.1	6632	6404.29	169.059	1.18798
XM_047436666.1	2972	2744.29	2.2746e-08	3.73007e-10
XM_047436667.1	2966	2738.29	0	0
XM_047436668.1	2017	1789.29	16.3422	0.411027
XM_047436669.1	2094	1866.29	29.4015	0.708975
XM_047436670.1	1965	1737.29	21.492	0.556731
XM_047436671.1	1542	1314.29	0	0
XM_047436672.1	1777	1549.29	0	0
XM_047436673.1	1750	1522.29	0	0
XM_047436674.1	1910	1682.29	0	0
XM_047436675.1	2966	2738.29	146.003	2.39951
XM_047436676.1	2614	2386.29	87.1306	1.6432
XM_047436677.1	2557	2329.29	10.3584	0.200129
XM_047436678.1	2554	2326.29	0	0
XM_047436679.1	2589	2361.29	0.095039	0.00181132
XM_047436680.1	2586	2358.29	0.0145478	0.000277615
XM_047436681.1	2503	2275.29	0	0
XM_047436682.1	2500	2272.29	0	0
XM_047436683.1	2003	1775.29	31.0236	0.786439
XM_047436684.1	2505	2277.29	19.7521	0.390335
XM_047436685.1	2419	2191.29	0	0
XM_047436686.1	2448	2220.29	0	0
XM_047436687.1	2445	2217.29	0	0
XM_047436688.1	1869	1641.29	14.6512	0.401725
XM_047436689.1	2374	2146.29	0	0
XM_047436690.1	2362	2134.29	0	0
XM_047436691.1	2359	2131.29	0	0
XM_047436692.1	2293	2065.29	0	0
XM_047436693.1	2278	2050.29	10.4947	0.230354
XM_047436694.1	2754	2526.29	8.05361	0.143466
XM_047436695.1	3697	3469.29	137.828	1.78788
XM_047436696.1	2565	2337.29	10.9441	0.210721
XM_047436697.1	5612	5384.29	26.6855	0.223043
XM_047436698.1	5134	4906.29	91.3302	0.837728
XM_047436699.1	2262	2034.29	0	0
XM_047436700.1	2043	1815.29	0	0
XM_047436701.1	2151	1923.29	0	0
XM_047436702.1	2396	2168.29	0	0
XM_047436703.1	2177	1949.29	0	0
XM_047436704.1	2018	1790.29	1.7672	0.0444226
XM_047436705.1	2365	2137.29	0	0
XM_047436706.1	2483	2255.29	0	0
XM_047436707.1	2264	2036.29	0	0
XM_047436708.1	2182	1954.29	0	0
XM_047436709.1	2083	1855.29	50.4255	1.22315
XM_047436710.1	2153	1925.29	0	0
XM_047436711.1	2107	1879.29	0	0
XM_047436712.1	1948	1720.29	0.00133308	3.48737e-05
XM_047436713.1	4474	4246.29	0	0
XM_047436714.1	4456	4228.29	0	0
XM_047436715.1	4492	4264.29	2.09892	0.0221509
XM_047436716.1	4376	4148.29	0	0
XM_047436717.1	4672	4444.29	0	0
XM_047436718.1	4166	3938.29	0	0
XM_047436719.1	5328	5100.29	2.82951	0.0249665
XM_047436720.1	3038	2810.29	0	0
XM_047436721.1	2796	2568.29	0	0
XM_047436722.1	2669	2441.29	0	0
XM_047436723.1	2088	1860.29	0	0
XM_047436724.1	2593	2365.29	3.91703	0.0745271
XM_047436725.1	2900	2672.29	29.8732	0.503083
XM_047436726.1	1864	1636.29	0	0
XM_047436727.1	1749	1521.29	2.7178	0.0803984
XM_047436728.1	2808	2580.29	0	0
XM_047436729.1	1807	1579.29	211.932	6.03915
XM_047436730.1	1789	1561.29	0	0
XM_047436731.1	2227	1999.29	0	0
XM_047436732.1	1212	984.293	0	0
XM_047436733.1	2018	1790.29	25.0135	0.628771
XM_047436734.1	1100	872.293	0	0
XM_047436735.1	3542	3314.29	58.792	0.798307
XM_047436736.1	1710	1482.29	0	0
XM_047436737.1	1620	1392.29	0	0
XM_047436738.1	1170	942.293	0	0
XM_047436739.1	1039	811.293	0	0
XM_047436740.1	1610	1382.29	0	0
XM_047436741.1	2301	2073.29	51.4016	1.11573
XM_047436742.1	2248	2020.29	0	0
XM_047436743.1	4078	3850.29	0	0
XM_047436744.1	3547	3319.29	0	0
XM_047436745.1	3706	3478.29	0	0
XM_047436746.1	4119	3891.29	0	0
XM_047436747.1	3960	3732.29	0	0
XM_047436748.1	3724	3496.29	0	0
XM_047436749.1	3623	3395.29	0	0
XM_047436750.1	4179	3951.29	0	0
XM_047436751.1	4032	3804.29	25.462	0.301204
XM_047436752.1	3873	3645.29	0	0
XM_047436753.1	3637	3409.29	32.975	0.435274
XM_047436754.1	542	319.126	0	0
XM_047436755.1	3991	3763.29	0	0
XM_047436756.1	4092	3864.29	0	0
XM_047436757.1	1827	1599.29	0	0
XM_047436758.1	3224	2996.29	0	0
XM_047436759.1	3963	3735.29	0	0
XM_047436760.1	3084	2856.29	0	0
XM_047436761.1	3081	2853.29	0	0
XM_047436762.1	3078	2850.29	0	0
XM_047436763.1	2389	2161.29	0	0
XM_047436764.1	1969	1741.29	0	0
XM_047436765.1	2044	1816.29	3.19483	0.0791596
XM_047436766.1	3125	2897.29	0	0
XM_047436767.1	3122	2894.29	0	0
XM_047436768.1	3119	2891.29	0	0
XM_047436769.1	3116	2888.29	0	0
XM_047436770.1	1949	1721.29	2.24846	0.0587857
XM_047436772.1	1464	1236.29	0	0
XM_047436773.1	898	670.361	0.875077	0.0587462
XM_047436774.1	2702	2474.29	4.91801	0.0894501
XM_047436775.1	2503	2275.29	0.480723	0.00950824
XM_047436776.1	1937	1709.29	23.1975	0.610756
XM_047436777.1	1638	1410.29	12.9076	0.411886
XM_047436778.1	1868	1640.29	23.4011	0.642033
XM_047436779.1	1215	987.293	85.7704	3.90961
XM_047436780.1	1090	862.293	38.5202	2.01037
XM_047436781.1	6696	6468.29	51.2289	0.356425
XM_047436782.1	4956	4728.29	0	0
XM_047436783.1	4535	4307.29	0.461088	0.0048175
XM_047436784.1	4532	4304.29	15.8883	0.166119
XM_047436785.1	4128	3900.29	5.92401	0.0683535
XM_047436786.1	4119	3891.29	8.42805	0.097471
XM_047436787.1	4127	3899.29	68.8223	0.794301
XM_047436788.1	8464	8236.29	0	0
XM_047436789.1	8092	7864.29	2.31702	0.013259
XM_047436790.1	8864	8636.29	0	0
XM_047436791.1	7356	7128.29	0	0
XM_047436792.1	9150	8922.29	0	0
XM_047436793.1	6759	6531.29	0	0
XM_047436794.1	6645	6417.29	0	0
XM_047436795.1	6371	6143.29	0	0
XM_047436796.1	5830	5602.29	0	0
XM_047436797.1	5517	5289.29	0	0
XM_047436798.1	5265	5037.29	0	0
XM_047436799.1	6805	6577.29	0	0
XM_047436800.1	3530	3302.29	127.133	1.73255
XM_047436801.1	6703	6475.29	17.5963	0.122294
XM_047436802.1	6679	6451.29	0	0
XM_047436803.1	3362	3134.29	0.00900886	0.000129352
XM_047436804.1	3322	3094.29	0	0
XM_047436805.1	3046	2818.29	16.9652	0.270903
XM_047436806.1	2941	2713.29	2.45918	0.0407883
XM_047436807.1	6461	6233.29	0.000116251	8.3931e-07
XM_047436808.1	2584	2356.29	0	0
XM_047436809.1	3904	3676.29	6.86081	0.0839861
XM_047436810.1	3339	3111.29	9.97578	0.144294
XM_047436811.1	3279	3051.29	8.90048	0.131272
XM_047436812.1	3284	3056.29	2.61055e-06	3.84396e-08
XM_047436813.1	3794	3566.29	0.100032	0.0012623
XM_047436814.1	3310	3082.29	69.8093	1.01925
XM_047436815.1	3247	3019.29	12.714	0.189505
XM_047436816.1	3513	3285.29	3.14758e-07	4.31166e-09
XM_047436817.1	2952	2724.29	0.0190375	0.000314484
XM_047436818.1	3700	3472.29	0	0
XM_047436819.1	3379	3151.29	0	0
XM_047436820.1	2890	2662.29	0	0
XM_047436821.1	3575	3347.29	0	0
XM_047436822.1	2773	2545.29	5.62469	0.0994495
XM_047436823.1	5829	5601.29	34.2909	0.275508
XM_047436824.1	4363	4135.29	0.195541	0.00212801
XM_047436825.1	4318	4090.29	0	0
XM_047436826.1	4167	3939.29	0	0
XM_047436827.1	4112	3884.29	0	0
XM_047436828.1	4231	4003.29	9.42132	0.10591
XM_047436829.1	4225	3997.29	126.585	1.42514
XM_047436830.1	3937	3709.29	84.5649	1.02599
XM_047436831.1	4025	3797.29	0	0
XM_047436832.1	4014	3786.29	0	0
XM_047436833.1	4019	3791.29	0	0
XM_047436834.1	4008	3780.29	0	0
XM_047436835.1	4029	3801.29	0	0
XM_047436836.1	3736	3508.29	0	0
XM_047436837.1	3730	3502.29	0	0
XM_047436838.1	3931	3703.29	8.86193	0.107692
XM_047436839.1	3643	3415.29	4.50879	0.059412
XM_047436840.1	3637	3409.29	96.1071	1.26863
XM_047436841.1	3725	3497.29	0	0
XM_047436842.1	3714	3486.29	0	0
XM_047436843.1	3272	3044.29	0.239567	0.00354146
XM_047436844.1	3134	2906.29	27.3119	0.422916
XM_047436845.1	2817	2589.29	6.71498	0.116709
XM_047436846.1	2404	2176.29	14.8335	0.306738
XM_047436847.1	2255	2027.29	51.6848	1.14733
XM_047436848.1	3344	3116.29	37.8272	0.546271
XM_047436849.1	2064	1836.29	58.0654	1.42304
XM_047436850.1	1673	1445.29	33.7291	1.05024
XM_047436851.1	5716	5488.29	0	0
XM_047436852.1	5717	5489.29	0	0
XM_047436853.1	3163	2935.29	0	0
XM_047436854.1	3674	3446.29	0	0
XM_047436855.1	3566	3338.29	1.31076	0.0176702
XM_047436856.1	3699	3471.29	0	0
XM_047436857.1	2322	2094.29	0	0
XM_047436858.1	2137	1909.29	16.9729	0.400061
XM_047436860.1	2476	2248.29	0	0
XM_047436861.1	2329	2101.29	0	0
XM_047436870.1	4145	3917.29	1.99919e-07	2.29673e-09
XM_047436871.1	4668	4440.29	0	0
XM_047436872.1	3950	3722.29	4.52508e-08	5.47089e-10
XM_047436873.1	4219	3991.29	116.255	1.31081
XM_047436874.1	4071	3843.29	0	0
XM_047436875.1	1357	1129.29	0	0
XM_047436876.1	1224	996.293	62.3235	2.81518
XM_047436877.1	1363	1135.29	0	0
XM_047436878.1	1451	1223.29	409.419	15.0619
XM_047436879.1	1229	1001.29	0	0
XM_047436880.1	1146	918.293	35.3797	1.73387
XM_047436881.1	1360	1132.29	4.8015e-05	1.90836e-06
XM_047436882.1	1339	1111.29	0	0
XM_047436883.1	1205	977.293	41.7995	1.92481
XM_047436884.1	1336	1108.29	5.07473e-06	2.06063e-07
XM_047436885.1	1202	974.293	1.4836	0.0685282
XM_047436886.1	1294	1066.29	13.7183	0.578982
XM_047436887.1	1857	1629.29	19.4276	0.536613
XM_047436888.1	5624	5396.29	9.09594e-07	7.58567e-09
XM_047436889.1	5543	5315.29	35.785	0.302982
XM_047436890.1	4992	4764.29	81.6352	0.771119
XM_047436891.1	8178	7950.29	424.551	2.4032
XM_047436892.1	9556	9328.29	34.5356	0.166612
XM_047436893.1	8118	7890.29	63.415	0.361694
XM_047436894.1	9496	9268.29	6.30248	0.0306023
XM_047436895.1	2981	2753.29	0.00113808	1.86021e-05
XM_047436896.1	2924	2696.29	26.9574	0.449938
XM_047436897.1	2920	2692.29	7.70274	0.128755
XM_047436898.1	678	451.406	0	0
XM_047436899.1	4298	4070.29	0.0304404	0.000336564
XM_047436900.1	3097	2869.29	201.837	3.16569
XM_047436901.1	3093	2865.29	64.5515	1.01386
XM_047436902.1	2864	2636.29	6.11218	0.104338
XM_047436903.1	2861	2633.29	0.932331	0.0159336
XM_047436904.1	4239	4011.29	0.00438277	4.91707e-05
XM_047436905.1	4104	3876.29	0	0
XM_047436906.1	4062	3834.29	0	0
XM_047436907.1	4059	3831.29	0	0
XM_047436908.1	4118	3890.29	0	0
XM_047436909.1	1007	779.293	0	0
XM_047436910.1	7530	7302.29	150.758	0.929101
XM_047436911.1	5246	5018.29	15.6234	0.140107
XM_047436912.1	4197	3969.29	0	0
XM_047436913.1	6118	5890.29	15.5719	0.118972
XM_047436914.1	6287	6059.29	36.9168	0.274186
XM_047436916.1	3834	3606.29	53.8814	0.672388
XM_047436917.1	2618	2390.29	41.4335	0.780086
XM_047436918.1	2649	2421.29	10.9792	0.204063
XM_047436919.1	8571	8343.29	30.9065	0.166707
XM_047436920.1	2389	2161.29	56.1088	1.16831
XM_047436921.1	2389	2161.29	0	0
XM_047436923.1	2573	2345.29	0	0
XM_047436924.1	2456	2228.29	0	0
XM_047436927.1	596	370.951	0	0
XM_047436928.1	435	221.33	20.4588	4.15991
XM_047436929.1	1731	1503.29	0	0
XM_047436938.1	1288	1060.29	0.985543	0.0418304
XM_047436939.1	3437	3209.29	0	0
XM_047436940.1	2610	2382.29	0	0
XM_047436941.1	2820	2592.29	0	0
XM_047436942.1	703	475.947	1	0.0945547
XM_047436943.1	21216	20988.3	0	0
XM_047436944.1	6675	6447.29	0	0
XM_047436945.1	5837	5609.29	130.358	1.04585
XM_047436946.1	3926	3698.29	0	0
XM_047436947.1	2897	2669.29	7.47105	0.125959
XM_047436948.1	1353	1125.29	0	0
XM_047436949.1	4423	4195.29	4.06156	0.0435685
XM_047436950.1	2077	1849.29	0	0
XM_047436951.1	13837	13609.3	22.2346	0.0735251
XM_047436952.1	10153	9925.29	0	0
XM_047436953.1	8174	7946.29	0	0
XM_047436954.1	8238	8010.29	0	0
XM_047436955.1	7904	7676.29	0	0
XM_047436956.1	7888	7660.29	0	0
XM_047436957.1	7888	7660.29	0	0
XM_047436958.1	7810	7582.29	0	0
XM_047436959.1	9225	8997.29	0	0
XM_047436960.1	8474	8246.29	1.76953e-05	9.65696e-08
XM_047436961.1	1510	1282.29	43.5641	1.52892
XM_047436962.1	9787	9559.29	93.5389	0.440361
XM_047436963.1	8744	8516.29	36.7097	0.193987
XM_047436964.1	3854	3626.29	80.7573	1.00222
XM_047436965.1	6533	6305.29	25.1899	0.179789
XM_047436966.1	4825	4597.29	10.9112	0.10681
XM_047436967.1	9285	9057.29	0	0
XM_047436968.1	9485	9257.29	0	0
XM_047436969.1	9056	8828.29	0	0
XM_047436970.1	1794	1566.29	0	0
XM_047436971.1	1045	817.293	3.85516	0.212279
XM_047436972.1	1732	1504.29	0	0
XM_047436973.1	1729	1501.29	0	0
XM_047436974.1	1913	1685.29	0	0
XM_047436975.1	1678	1450.29	0	0
XM_047436976.1	1691	1463.29	0	0
XM_047436977.1	1512	1284.29	0	0
XM_047436978.1	1477	1249.29	0	0
XM_047436979.1	1474	1246.29	0	0
XM_047436980.1	1525	1297.29	0	0
XM_047436981.1	11777	11549.3	0	0
XM_047436982.1	2289	2061.29	0	0
XM_047436983.1	2263	2035.29	0	0
XM_047436984.1	1373	1145.29	0.0801076	0.00314774
XM_047436985.1	6092	5864.29	0	0
XM_047436986.1	5984	5756.29	0.00139675	1.09199e-05
XM_047436987.1	3038	2810.29	0.434107	0.00695164
XM_047436988.1	2996	2768.29	5.93722	0.0965191
XM_047436989.1	6286	6058.29	0	0
XM_047436990.1	5719	5491.29	0	0
XM_047436991.1	5732	5504.29	0	0
XM_047436992.1	5490	5262.29	26.1884	0.223963
XM_047436993.1	4930	4702.29	0	0
XM_047436994.1	5333	5105.29	1.37552e-05	1.21252e-07
XM_047436995.1	6719	6491.29	22.1872	0.15382
XM_047436996.1	2384	2156.29	0	0
XM_047436997.1	4649	4421.29	14.9111	0.151776
XM_047436998.1	4802	4574.29	0.852502	0.00838713
XM_047436999.1	3677	3449.29	0	0
XM_047437000.1	4057	3829.29	62.4406	0.733822
XM_047437001.1	4381	4153.29	83.994	0.910119
XM_047437002.1	3910	3682.29	2.09921	0.0256554
XM_047437003.1	4107	3879.29	0	0
XM_047437004.1	3780	3552.29	0	0
XM_047437005.1	3963	3735.29	37.2025	0.448218
XM_047437006.1	3548	3320.29	0	0
XM_047437007.1	3669	3441.29	7.27508	0.095139
XM_047437008.1	3425	3197.29	0	0
XM_047437009.1	1453	1225.29	0.476603	0.0175049
XM_047437011.1	2648	2420.29	0	0
XM_047437012.1	4934	4706.29	0	0
XM_047437013.1	4444	4216.29	0	0
XM_047437014.1	2738	2510.29	0.00536329	9.61499e-05
XM_047437015.1	4454	4226.29	0	0
XM_047437016.1	2764	2536.29	24.571	0.435978
XM_047437017.1	5167	4939.29	124.659	1.1358
XM_047437018.1	8969	8741.29	0	0
XM_047437019.1	6588	6360.29	0	0
XM_047437020.1	3761	3533.29	6.17166	0.0786076
XM_047437021.1	1988	1760.29	0	0
XM_047437022.1	2014	1786.29	0	0
XM_047437023.1	1880	1652.29	0	0
XM_047437024.1	2109	1881.29	9.33063	0.223201
XM_047437025.1	2072	1844.29	0	0
XM_047437026.1	2234	2006.29	9.67555	0.217032
XM_047437027.1	2150	1922.29	0	0
XM_047437028.1	2113	1885.29	0	0
XM_047437029.1	2197	1969.29	3.1747	0.0725494
XM_047437030.1	1945	1717.29	0	0
XM_047437031.1	1959	1731.29	4.70158	0.122213
XM_047437032.1	1877	1649.29	0	0
XM_047437033.1	1901	1673.29	5.24132	0.140965
XM_047437034.1	1745	1517.29	40.9212	1.21373
XM_047437035.1	1709	1481.29	18.7917	0.570908
XM_047437036.1	9196	8968.29	1046.59	5.25181
XM_047437037.1	4818	4590.29	0	0
XM_047437038.1	6134	5906.29	0	0
XM_047437039.1	6145	5917.29	0	0
XM_047437040.1	4944	4716.29	0	0
XM_047437041.1	4878	4650.29	0	0
XM_047437042.1	4914	4686.29	1.38051e-05	1.32572e-07
XM_047437043.1	4901	4673.29	9.85295	0.0948823
XM_047437044.1	2790	2562.29	0	0
XM_047437045.1	2966	2738.29	0	0
XM_047437046.1	2703	2475.29	0	0
XM_047437047.1	2879	2651.29	0	0
XM_047437048.1	2792	2564.29	8.80823	0.154584
XM_047437049.1	2976	2748.29	15.9447	0.261094
XM_047437050.1	1290	1062.29	6.80552	0.28831
XM_047437051.1	1138	910.293	0	0
XM_047437060.1	8402	8174.29	0	0
XM_047437061.1	8354	8126.29	6.84062	0.0378831
XM_047437062.1	8331	8103.29	28.2207	0.156729
XM_047437063.1	8790	8562.29	4.70026	0.0247044
XM_047437064.1	8461	8233.29	0	0
XM_047437065.1	8395	8167.29	0	0
XM_047437066.1	8345	8117.29	0	0
XM_047437067.1	8268	8040.29	0	0
XM_047437068.1	8285	8057.29	0	0
XM_047437069.1	8244	8016.29	0	0
XM_047437070.1	7933	7705.29	6.74674e-07	3.94046e-09
XM_047437071.1	8277	8049.29	0	0
XM_047437072.1	5156	4928.29	0	0
XM_047437073.1	2703	2475.29	0	0
XM_047437074.1	4828	4600.29	7.29047	0.0713202
XM_047437075.1	6353	6125.29	0	0
XM_047437076.1	3461	3233.29	29.3808	0.408941
XM_047437077.1	4199	3971.29	0	0
XM_047437078.1	5080	4852.29	0	0
XM_047437079.1	3469	3241.29	0	0
XM_047437080.1	3325	3097.29	0	0
XM_047437081.1	3237	3009.29	0	0
XM_047437082.1	2444	2216.29	23.5965	0.479141
XM_047437083.1	596	370.951	10.8713	1.31888
XM_047437084.1	2663	2435.29	2148.65	39.7061
XM_047437085.1	4141	3913.29	131.827	1.51602
XM_047437086.1	3626	3398.29	0	0
XM_047437087.1	2957	2729.29	0	0
XM_047437088.1	2481	2253.29	0	0
XM_047437089.1	2677	2449.29	0	0
XM_047437090.1	5766	5538.29	7.10769e-05	5.77557e-07
XM_047437091.1	1859	1631.29	36.5865	1.00932
XM_047437092.1	2854	2626.29	24.0854	0.412717
XM_047437093.1	2161	1933.29	0	0
XM_047437094.1	2166	1938.29	31.0156	0.720118
XM_047437095.1	2018	1790.29	0.0263467	0.000662284
XM_047437096.1	5968	5740.29	0	0
XM_047437097.1	1631	1403.29	19.2574	0.617578
XM_047437099.1	1321	1093.29	11.3609	0.467647
XM_047437100.1	1531	1303.29	0	0
XM_047437101.1	7035	6807.29	0	0
XM_047437102.1	6659	6431.29	82.9106	0.580169
XM_047437103.1	5995	5767.29	97.9581	0.764382
XM_047437104.1	6455	6227.29	86.435	0.624644
XM_047437105.1	1594	1366.29	141.606	4.66424
XM_047437106.1	2383	2155.29	412.793	8.61922
XM_047437107.1	3873	3645.29	206.061	2.54394
XM_047437108.1	2925	2697.29	0	0
XM_047437109.1	6486	6258.29	21.0618	0.151455
XM_047437110.1	6024	5796.29	0	0
XM_047437111.1	6030	5802.29	0	0
XM_047437112.1	4661	4433.29	0	0
XM_047437113.1	4658	4430.29	0	0
XM_047437114.1	5072	4844.29	0	0
XM_047437115.1	4706	4478.29	0	0
XM_047437116.1	3382	3154.29	8.02843	0.114544
XM_047437117.1	4520	4292.29	0	0
XM_047437118.1	4517	4289.29	0	0
XM_047437119.1	925	697.293	0	0
XM_047437120.1	1301	1073.29	0	0
XM_047437121.1	11787	11559.3	37.6489	0.146576
XM_047437122.1	10927	10699.3	29.7134	0.12498
XM_047437123.1	11784	11556.3	7.94731e-05	3.09488e-07
XM_047437124.1	10915	10687.3	0.834516	0.00351406
XM_047437125.1	10906	10678.3	11.4465	0.0482405
XM_047437126.1	10780	10552.3	33.0382	0.1409
XM_047437127.1	10777	10549.3	4.40475	0.0187906
XM_047437128.1	10756	10528.3	251.008	1.07293
XM_047437129.1	10744	10516.3	127.692	0.54644
XM_047437130.1	10741	10513.3	5.51779	0.0236194
XM_047437131.1	10741	10513.3	0.896115	0.0038359
XM_047437132.1	10732	10504.3	12.779	0.0547487
XM_047437133.1	10708	10480.3	98.3661	0.422391
XM_047437134.1	10693	10465.3	2.08523	0.00896693
XM_047437135.1	10690	10462.3	9.97152	0.0428921
XM_047437136.1	10561	10333.3	0	0
XM_047437137.1	10555	10327.3	70.9259	0.309073
XM_047437138.1	10552	10324.3	2.88119	0.012559
XM_047437139.1	10513	10285.3	0.0680586	0.000297789
XM_047437140.1	10504	10276.3	1.05801	0.00463334
XM_047437141.1	10480	10252.3	8.60293	0.0377631
XM_047437142.1	10423	10195.3	0	0
XM_047437143.1	10387	10159.3	0	0
XM_047437144.1	10195	9967.29	0	0
XM_047437145.1	587	362.135	0	0
XM_047437146.1	4522	4294.29	31.9774	0.335115
XM_047437147.1	3827	3599.29	11.3793	0.14228
XM_047437148.1	3283	3055.29	0	0
XM_047437149.1	2336	2108.29	0	0
XM_047437150.1	2560	2332.29	0	0
XM_047437151.1	2453	2225.29	21	0.424692
XM_047437152.1	1988	1760.29	0	0
XM_047437153.1	3350	3122.29	0.690038	0.00994584
XM_047437154.1	3819	3591.29	5.30357	0.0664599
XM_047437155.1	4262	4034.29	10.6614	0.118929
XM_047437156.1	3357	3129.29	0.0993661	0.00142901
XM_047437157.1	2416	2188.29	78.7796	1.62013
XM_047437158.1	5532	5304.29	39.4753	0.334919
XM_047437159.1	5514	5286.29	35.5392	0.302551
XM_047437160.1	5426	5198.29	0	0
XM_047437161.1	5411	5183.29	0	0
XM_047437162.1	5402	5174.29	0	0
XM_047437163.1	5466	5238.29	6.69141	0.057487
XM_047437164.1	5454	5226.29	111.405	0.959294
XM_047437165.1	5454	5226.29	6.67249	0.0574562
XM_047437166.1	5381	5153.29	0	0
XM_047437167.1	5442	5214.29	191.203	1.65022
XM_047437168.1	5439	5211.29	70.6255	0.6099
XM_047437169.1	5366	5138.29	0	0
XM_047437170.1	5608	5380.29	11.1979	0.0936639
XM_047437171.1	5421	5193.29	7.51832	0.0651509
XM_047437172.1	5596	5368.29	19.1985	0.160944
XM_047437173.1	5409	5181.29	12.9898	0.112825
XM_047437174.1	5406	5178.29	21.7208	0.188769
XM_047437175.1	5333	5105.29	0	0
XM_047437176.1	5394	5166.29	21.5186	0.187447
XM_047437177.1	5376	5148.29	33.9389	0.296673
XM_047437178.1	5373	5145.29	1.36912	0.0119749
XM_047437179.1	5548	5320.29	2.09182	0.0176942
XM_047437180.1	5361	5133.29	1.35299	0.0118615
XM_047437181.1	5346	5118.29	35.922	0.315848
XM_047437182.1	5334	5106.29	62.6183	0.551871
XM_047437183.1	5331	5103.29	2.51165	0.0221488
XM_047437184.1	5325	5097.29	1.41855	0.0125241
XM_047437185.1	5316	5088.29	4.13149	0.0365407
XM_047437186.1	5298	5070.29	6.52427	0.0579084
XM_047437187.1	5286	5058.29	6.46509	0.0575192
XM_047437188.1	4873	4645.29	0	0
XM_047437189.1	4614	4386.29	0	0
XM_047437190.1	6454	6226.29	0	0
XM_047437191.1	3016	2788.29	0	0
XM_047437192.1	4859	4631.29	0	0
XM_047437193.1	3064	2836.29	82.9446	1.31607
XM_047437194.1	2808	2580.29	12.4904	0.217845
XM_047437195.1	3149	2921.29	0	0
XM_047437196.1	5072	4844.29	0	0
XM_047437197.1	5030	4802.29	4.50615	0.0422279
XM_047437198.1	5024	4796.29	0	0
XM_047437199.1	4877	4649.29	0	0
XM_047437200.1	5034	4806.29	0	0
XM_047437201.1	4805	4577.29	0	0
XM_047437202.1	3146	2918.29	0	0
XM_047437203.1	2962	2734.29	0	0
XM_047437204.1	2993	2765.29	0	0
XM_047437205.1	2681	2453.29	28.6511	0.525574
XM_047437206.1	2596	2368.29	39.6054	0.752595
XM_047437207.1	4606	4378.29	20.3144	0.208806
XM_047437208.1	3729	3501.29	149.92	1.92696
XM_047437209.1	4833	4605.29	0	0
XM_047437210.1	3972	3744.29	82.171	0.987622
XM_047437211.1	3947	3719.29	0	0
XM_047437212.1	4698	4470.29	0	0
XM_047437213.1	4695	4467.29	220.943	2.22576
XM_047437214.1	4051	3823.29	12.5141	0.1473
XM_047437215.1	2925	2697.29	21.9028	0.365438
XM_047437216.1	1850	1622.29	1.09157e-08	3.02805e-10
XM_047437217.1	1912	1684.29	27.6019	0.737504
XM_047437218.1	1858	1630.29	0.155463	0.00429144
XM_047437219.1	1854	1626.29	4.51135	0.124839
XM_047437220.1	1731	1503.29	4.42692	0.132526
XM_047437221.1	3874	3646.29	37.8108	0.466667
XM_047437222.1	3418	3190.29	0	0
XM_047437223.1	3652	3424.29	31.6298	0.415688
XM_047437224.1	13946	13718.3	0	0
XM_047437225.1	13943	13715.3	1.02004e-07	3.34698e-10
XM_047437226.1	13217	12989.3	0	0
XM_047437227.1	12499	12271.3	1.04988e-05	3.85027e-08
XM_047437228.1	11664	11436.3	28.8669	0.113595
XM_047437229.1	2551	2323.29	96.2778	1.86494
XM_047437230.1	5697	5469.29	0	0
XM_047437231.1	775	547.487	1	0.0821994
XM_047437232.1	1500	1272.29	120	4.2446
XM_047437233.1	5239	5011.29	0	0
XM_047437234.1	5011	4783.29	0	0
XM_047437235.1	5350	5122.29	0	0
XM_047437236.1	4119	3891.29	0	0
XM_047437237.1	4999	4771.29	0	0
XM_047437238.1	3800	3572.29	0	0
XM_047437239.1	3548	3320.29	0	0
XM_047437240.1	5190	4962.29	0	0
XM_047437241.1	3867	3639.29	0	0
XM_047437242.1	3454	3226.29	2.00556	0.0279753
XM_047437243.1	3773	3545.29	0	0
XM_047437244.1	4674	4446.29	0	0
XM_047437245.1	3707	3479.29	0	0
XM_047437246.1	602	376.687	0	0
XM_047437247.1	733	505.753	0	0
XM_047437248.1	764	536.541	0	0
XM_047437249.1	1672	1444.29	62.6029	1.95066
XM_047437250.1	915	687.293	14.1305	0.925246
XM_047437253.1	2252	2024.29	83.5108	1.85657
XM_047437254.1	11902	11674.3	116.686	0.449813
XM_047437255.1	8826	8598.29	0	0
XM_047437256.1	8533	8305.29	0	0
XM_047437257.1	8119	7891.29	0	0
XM_047437258.1	8071	7843.29	0	0
XM_047437259.1	7574	7346.29	0	0
XM_047437260.1	8775	8547.29	0	0
XM_047437261.1	588	363.135	0	0
XM_047437262.1	2467	2239.29	49.2684	0.990148
XM_047437263.1	1360	1132.29	1	0.0397451
XM_047437264.1	4439	4211.29	5.01938	0.0536386
XM_047437265.1	1601	1373.29	12.0487	0.394837
XM_047437266.1	4297	4069.29	0	0
XM_047437267.1	4250	4022.29	0	0
XM_047437268.1	5190	4962.29	247.216	2.242
XM_047437270.1	3806	3578.29	105.364	1.32512
XM_047437271.1	1777	1549.29	8.53733	0.247988
XM_047437272.1	1707	1479.29	0	0
XM_047437273.1	1601	1373.29	17.0575	0.558977
XM_047437274.1	12363	12135.3	0	0
XM_047437275.1	12264	12036.3	5.35214e-06	2.00114e-08
XM_047437276.1	1667	1439.29	0	0
XM_047437277.1	12036	11808.3	0	0
XM_047437278.1	4368	4140.29	782.721	8.50782
XM_047437279.1	4792	4564.29	157.378	1.55172
XM_047437280.1	4406	4178.29	2.1913	0.0236018
XM_047437281.1	5050	4822.29	11.917	0.111213
XM_047437282.1	4637	4409.29	23.3147	0.23796
XM_047437283.1	4786	4558.29	0	0
XM_047437284.1	4681	4453.29	0	0
XM_047437285.1	4606	4378.29	4.50739	0.0463301
XM_047437286.1	3073	2845.29	69.7266	1.10284
XM_047437287.1	2382	2154.29	177.301	3.7038
XM_047437288.1	1420	1192.29	0	0
XM_047437289.1	6076	5848.29	0	0
XM_047437290.1	5538	5310.29	0	0
XM_047437291.1	7090	6862.29	0	0
XM_047437292.1	5450	5222.29	0	0
XM_047437293.1	5153	4925.29	0	0
XM_047437294.1	4124	3896.29	0	0
XM_047437295.1	3898	3670.29	0	0
XM_047437296.1	5050	4822.29	27.8806	0.26019
XM_047437297.1	5803	5575.29	0	0
XM_047437298.1	5496	5268.29	21.4548	0.183272
XM_047437299.1	1052	824.293	0	0
XM_047437300.1	1051	823.293	0	0
XM_047437301.1	6610	6382.29	37.2426	0.262607
XM_047437302.1	6497	6269.29	344.537	2.4732
XM_047437303.1	2909	2681.29	0	0
XM_047437304.1	1865	1637.29	14.0946	0.387407
XM_047437305.1	5638	5410.29	7.26942	0.0604674
XM_047437306.1	1026	798.293	0	0
XM_047437307.1	894	666.361	18.6526	1.25971
XM_047437308.1	927	699.293	0.268656	0.0172894
XM_047437310.1	2323	2095.29	92.9491	1.99638
XM_047437311.1	10115	9887.29	12.5378	0.0570672
XM_047437312.1	1202	974.293	7.59087	0.350626
XM_047437313.1	893	665.361	3.58639	0.242573
XM_047437314.1	843	615.427	0	0
XM_047437315.1	5735	5507.29	0.00158501	1.2952e-05
XM_047437316.1	4100	3872.29	0	0
XM_047437317.1	4097	3869.29	0	0
XM_047437318.1	4019	3791.29	0	0
XM_047437319.1	4016	3788.29	0	0
XM_047437320.1	3999	3771.29	0	0
XM_047437321.1	6683	6455.29	0	0
XM_047437322.1	6671	6443.29	0	0
XM_047437323.1	4142	3914.29	0	0
XM_047437324.1	3908	3680.29	0	0
XM_047437325.1	3725	3497.29	0	0
XM_047437326.1	6590	6362.29	0	0
XM_047437327.1	6671	6443.29	0	0
XM_047437328.1	6578	6350.29	0	0
XM_047437329.1	6389	6161.29	0	0
XM_047437330.1	6581	6353.29	44.461	0.314936
XM_047437331.1	6599	6371.29	0	0
XM_047437332.1	6704	6476.29	0	0
XM_047437333.1	6489	6261.29	0	0
XM_047437334.1	6308	6080.29	27.9722	0.207036
XM_047437335.1	4420	4192.29	0	0
XM_047437336.1	4519	4291.29	0	0
XM_047437337.1	4647	4419.29	0	0
XM_047437338.1	1832	1604.29	0	0
XM_047437339.1	1911	1683.29	0	0
XM_047437340.1	6680	6452.29	0	0
XM_047437341.1	8611	8383.29	0	0
XM_047437342.1	2139	1911.29	0	0
XM_047437343.1	917	689.293	0	0
XM_047437344.1	5014	4786.29	0	0
XM_047437345.1	4939	4711.29	0	0
XM_047437346.1	4811	4583.29	0	0
XM_047437347.1	4807	4579.29	0	0
XM_047437348.1	5041	4813.29	0	0
XM_047437349.1	19924	19696.3	12.5121	0.0285883
XM_047437350.1	5011	4783.29	0	0
XM_047437351.1	5093	4865.29	15.1225	0.139881
XM_047437352.1	4844	4616.29	190.429	1.85645
XM_047437353.1	5825	5597.29	0.0273612	0.000219988
XM_047437354.1	9144	8916.29	74.4326	0.375683
XM_047437355.1	4294	4066.29	9.68226	0.107157
XM_047437356.1	4291	4063.29	234.9	2.60164
XM_047437357.1	2849	2621.29	0	0
XM_047437358.1	3410	3182.29	0	0
XM_047437359.1	3299	3071.29	0	0
XM_047437360.1	3287	3059.29	0	0
XM_047437361.1	4311	4083.29	0	0
XM_047437362.1	3224	2996.29	0	0
XM_047437363.1	3212	2984.29	0	0
XM_047437364.1	4275	4047.29	0	0
XM_047437365.1	3176	2948.29	0	0
XM_047437366.1	4188	3960.29	0	0
XM_047437367.1	4164	3936.29	0	0
XM_047437368.1	4152	3924.29	0	0
XM_047437369.1	3589	3361.29	0	0
XM_047437370.1	3535	3307.29	0	0
XM_047437371.1	2813	2585.29	1.34845e-06	2.3473e-08
XM_047437372.1	4565	4337.29	0	0
XM_047437373.1	2934	2706.29	0	0
XM_047437374.1	2684	2456.29	0	0
XM_047437375.1	2684	2456.29	0	0
XM_047437376.1	2597	2369.29	0	0
XM_047437377.1	2561	2333.29	0	0
XM_047437378.1	3751	3523.29	127.915	1.63386
XM_047437379.1	3103	2875.29	0	0
XM_047437380.1	3688	3460.29	24.4765	0.318331
XM_047437381.1	3676	3448.29	486.346	6.34722
XM_047437382.1	3622	3394.29	23.8952	0.316813
XM_047437383.1	3622	3394.29	318.031	4.2166
XM_047437384.1	3845	3617.29	2.69166	0.0334872
XM_047437385.1	12949	12721.3	0.00011122	3.93455e-07
XM_047437386.1	11337	11109.3	8.17843e-07	3.31303e-09
XM_047437387.1	11331	11103.3	5.46423e-05	2.21473e-07
XM_047437388.1	11251	11023.3	0.00026204	1.06979e-06
XM_047437389.1	12880	12652.3	6.70458	0.0238476
XM_047437390.1	11115	10887.3	0.000224924	9.29735e-07
XM_047437391.1	11247	11019.3	7.54871e-07	3.08291e-09
XM_047437392.1	10274	10046.3	39.4067	0.176525
XM_047437393.1	6157	5929.29	0	0
XM_047437394.1	7070	6842.29	0.000724666	4.76627e-06
XM_047437395.1	7064	6836.29	0	0
XM_047437396.1	7031	6803.29	107.229	0.709308
XM_047437397.1	6950	6722.29	0	0
XM_047437398.1	5965	5737.29	0	0
XM_047437399.1	6872	6644.29	85.7668	0.580915
XM_047437400.1	5842	5614.29	1.95722e-08	1.56887e-10
XM_047437401.1	6695	6467.29	0	0
XM_047437402.1	8254	8026.29	0	0
XM_047437403.1	8169	7941.29	0.00830139	4.70437e-05
XM_047437404.1	8236	8008.29	8.25536e-08	4.63915e-10
XM_047437405.1	8109	7881.29	0.0211119	0.000120551
XM_047437406.1	8712	8484.29	0	0
XM_047437407.1	8706	8478.29	0	0
XM_047437408.1	8652	8424.29	0	0
XM_047437409.1	15132	14904.3	3.98775	0.0120409
XM_047437410.1	15072	14844.3	6.71867	0.0203688
XM_047437411.1	7917	7689.29	0	0
XM_047437412.1	7839	7611.29	13.4534	0.0795454
XM_047437413.1	7719	7491.29	0	0
XM_047437414.1	8455	8227.29	0	0
XM_047437415.1	9340	9112.29	0	0
XM_047437416.1	9321	9093.29	0	0
XM_047437417.1	8244	8016.29	2.10006e-08	1.17896e-10
XM_047437418.1	8283	8055.29	0	0
XM_047437419.1	8322	8094.29	0	0
XM_047437420.1	8277	8049.29	0	0
XM_047437421.1	8124	7896.29	3.11394e-06	1.77472e-08
XM_047437422.1	4777	4549.29	10.8028	0.106865
XM_047437423.1	3351	3123.29	0	0
XM_047437424.1	3252	3024.29	0	0
XM_047437425.1	8483	8255.29	98.0081	0.534284
XM_047437426.1	5932	5704.29	551.442	4.35051
XM_047437427.1	8860	8632.29	35.9571	0.187457
XM_047437428.1	4828	4600.29	0	0
XM_047437429.1	4339	4111.29	0	0
XM_047437430.1	6644	6416.29	0	0
XM_047437431.1	3247	3019.29	0.00309174	4.60829e-05
XM_047437432.1	7919	7691.29	0	0
XM_047437433.1	7793	7565.29	0	0
XM_047437434.1	7870	7642.29	0	0
XM_047437435.1	7733	7505.29	156.536	0.93862
XM_047437436.1	7810	7582.29	185.537	1.10121
XM_047437437.1	8119	7891.29	0.0590424	0.000336712
XM_047437438.1	7940	7712.29	18.7764	0.109565
XM_047437439.1	7680	7452.29	0.00625892	3.77965e-05
XM_047437440.1	7757	7529.29	53.6657	0.320763
XM_047437441.1	7494	7266.29	0	0
XM_047437442.1	6441	6213.29	156.886	1.13633
XM_047437443.1	7454	7226.29	0	0
XM_047437444.1	7251	7023.29	63.9658	0.409873
XM_047437445.1	7377	7149.29	48.407	0.30471
XM_047437446.1	7637	7409.29	0.0144111	8.7531e-05
XM_047437447.1	7275	7047.29	20.1863	0.128907
XM_047437448.1	7328	7100.29	78.3419	0.496547
XM_047437449.1	7198	6970.29	0.0012355	7.9769e-06
XM_047437450.1	7594	7366.29	0	0
XM_047437451.1	7525	7297.29	0	0
XM_047437452.1	7448	7220.29	0	0
XM_047437453.1	7574	7346.29	0	0
XM_047437454.1	7534	7306.29	0	0
XM_047437455.1	7517	7289.29	0	0
XM_047437456.1	7457	7229.29	0	0
XM_047437457.1	7717	7489.29	0	0
XM_047437458.1	7408	7180.29	0	0
XM_047437459.1	7331	7103.29	0	0
XM_047437460.1	7052	6824.29	0	0
XM_047437461.1	2642	2414.29	84.2973	1.57132
XM_047437462.1	6873	6645.29	0	0
XM_047437463.1	6975	6747.29	0	0
XM_047437464.1	6849	6621.29	0	0
XM_047437465.1	3998	3770.29	0	0
XM_047437466.1	4359	4131.29	95.9356	1.04505
XM_047437467.1	11509	11281.3	25.9346	0.103458
XM_047437468.1	7401	7173.29	36.5619	0.229378
XM_047437469.1	4533	4305.29	0	0
XM_047437470.1	3780	3552.29	0	0
XM_047437471.1	4948	4720.29	29.434	0.280623
XM_047437472.1	5026	4798.29	7.98621e-05	7.49025e-07
XM_047437473.1	4983	4755.29	9.38614e-06	8.88284e-08
XM_047437474.1	6733	6505.29	0.116826	0.000808191
XM_047437475.1	10020	9792.29	2.102e-06	9.66029e-09
XM_047437476.1	9917	9689.29	0.00261773	1.21584e-05
XM_047437477.1	9927	9699.29	22.7509	0.10556
XM_047437479.1	102915	102687	0	0
XM_047437480.1	97970	97742.3	0.531798	0.000244854
XM_047437481.1	97668	97440.3	37.0076	0.0170921
XM_047437482.1	1611	1383.29	0	0
XM_047437483.1	3671	3443.29	155.337	2.03023
XM_047437484.1	6366	6138.29	0	0
XM_047437485.1	4202	3974.29	0	0
XM_047437486.1	1898	1670.29	0	0
XM_047437487.1	1791	1563.29	0	0
XM_047437488.1	1536	1308.29	28.9872	0.997111
XM_047437489.1	4406	4178.29	0.00330846	3.56344e-05
XM_047437490.1	4470	4242.29	0	0
XM_047437491.1	4392	4164.29	0	0
XM_047437492.1	4238	4010.29	0	0
XM_047437493.1	4359	4131.29	0	0
XM_047437494.1	4205	3977.29	0	0
XM_047437495.1	3481	3253.29	0	0
XM_047437496.1	3480	3252.29	0	0
XM_047437497.1	3690	3462.29	0	0
XM_047437498.1	3833	3605.29	3.78689e-05	4.72699e-07
XM_047437499.1	13764	13536.3	79.168	0.263204
XM_047437500.1	3755	3527.29	32.6293	0.416302
XM_047437501.1	3391	3163.29	10.1549	0.14447
XM_047437502.1	3282	3054.29	0	0
XM_047437503.1	10537	10309.3	0	0
XM_047437504.1	10519	10291.3	0	0
XM_047437505.1	10091	9863.29	0	0
XM_047437506.1	10354	10126.3	10.7523	0.0477854
XM_047437507.1	11869	11641.3	601.864	2.3267
XM_047437508.1	11685	11457.3	23753.2	93.3003
XM_047437509.1	2289	2061.29	0.18289	0.00399293
XM_047437510.1	3009	2781.29	0	0
XM_047437511.1	4731	4503.29	0	0
XM_047437512.1	4686	4458.29	0	0
XM_047437513.1	4656	4428.29	37.9778	0.385954
XM_047437514.1	2695	2467.29	0	0
XM_047437515.1	2792	2564.29	0	0
XM_047437516.1	4614	4386.29	166.142	1.7046
XM_047437517.1	4611	4383.29	41.7194	0.428331
XM_047437518.1	2706	2478.29	2.66025e-07	4.83072e-09
XM_047437519.1	4446	4218.29	229.399	2.44736
XM_047437520.1	4428	4200.29	9.08171	0.097304
XM_047437521.1	1771	1543.29	0	0
XM_047437522.1	27678	27450.3	1.92667	0.00315867
XM_047437523.1	1760	1532.29	2.1587	0.0634004
XM_047437524.1	2129	1901.29	0	0
XM_047437525.1	2162	1934.29	6.4087	0.149104
XM_047437526.1	4567	4339.29	2.03069	0.0210604
XM_047437527.1	24471	24243.3	24.9588	0.0463313
XM_047437528.1	23575	23347.3	0	0
XM_047437529.1	2816	2588.29	0	0
XM_047437530.1	2783	2555.29	0	0
XM_047437531.1	1184	956.293	0	0
XM_047437532.1	2705	2477.29	0	0
XM_047437533.1	2694	2466.29	7.92171	0.144549
XM_047437534.1	1151	923.293	0	0
XM_047437535.1	1106	878.293	0	0
XM_047437536.1	1073	845.293	0	0
XM_047437537.1	4341	4113.29	0	0
XM_047437538.1	4523	4295.29	3.77358	0.0395369
XM_047437539.1	5065	4837.29	12.7861	0.118954
XM_047437540.1	1272	1044.29	1.73929	0.0749534
XM_047437541.1	5950	5722.29	444.996	3.49968
XM_047437542.1	5924	5696.29	0	0
XM_047437543.1	5933	5705.29	0	0
XM_047437544.1	5953	5725.29	369.307	2.9029
XM_047437545.1	5990	5762.29	0	0
XM_047437546.1	6233	6005.29	13.659	0.102359
XM_047437547.1	6044	5816.29	1.30686e-05	1.01117e-07
XM_047437548.1	5836	5608.29	87.7499	0.704139
XM_047437549.1	2412	2184.29	900.352	18.55
XM_047437550.1	9093	8865.29	70.2007	0.356361
XM_047437551.1	1742	1514.29	40.0478	1.19017
XM_047437552.1	1185	957.293	0	0
XM_047437553.1	9973	9745.29	286.239	1.32183
XM_047437554.1	10071	9843.29	0.295492	0.00135098
XM_047437555.1	10071	9843.29	0.437262	0.00199914
XM_047437556.1	9793	9565.29	2.58852	0.0121786
XM_047437557.1	2245	2017.29	956.632	21.3412
XM_047437558.1	9891	9663.29	3.61744	0.0168469
XM_047437559.1	9885	9657.29	9.79203	0.045631
XM_047437560.1	2945	2717.29	0	0
XM_047437561.1	608	382.573	2.68673	0.316048
XM_047437562.1	8105	7877.29	81.1492	0.463606
XM_047437563.1	7786	7558.29	113.828	0.677748
XM_047437564.1	7934	7706.29	3.38433	0.0197638
XM_047437565.1	7931	7703.29	15.5002	0.0905529
XM_047437566.1	7898	7670.29	4.36257	0.025596
XM_047437567.1	7895	7667.29	20.0363	0.117603
XM_047437568.1	7579	7351.29	7.53834	0.0461482
XM_047437569.1	7576	7348.29	26.8745	0.164587
XM_047437570.1	7359	7131.29	56.8329	0.358653
XM_047437571.1	7374	7146.29	88.6903	0.558519
XM_047437572.1	7436	7208.29	56.8988	0.355232
XM_047437573.1	7167	6939.29	4.13341	0.0268062
XM_047437574.1	7242	7014.29	0	0
XM_047437575.1	6769	6541.29	13.0731	0.0899412
XM_047437576.1	6534	6306.29	15.6715	0.111835
XM_047437577.1	6205	5977.29	0.223576	0.0016833
XM_047437578.1	5947	5719.29	553.494	4.35525
XM_047437579.1	4422	4194.29	47.9639	0.514634
XM_047437581.1	6655	6427.29	13.1829	0.0923052
XM_047437582.1	6531	6303.29	1.62969e-08	1.16354e-10
XM_047437583.1	6437	6209.29	0	0
XM_047437584.1	6570	6342.29	0	0
XM_047437585.1	6498	6270.29	4.39219e-08	3.15236e-10
XM_047437586.1	6513	6285.29	46.5588	0.333364
XM_047437587.1	6416	6188.29	0	0
XM_047437588.1	6488	6260.29	0	0
XM_047437589.1	6449	6221.29	0	0
XM_047437590.1	6742	6514.29	0	0
XM_047437591.1	6583	6355.29	0	0
XM_047437592.1	6558	6330.29	0	0
XM_047437593.1	6476	6248.29	0	0
XM_047437594.1	6404	6176.29	0	0
XM_047437595.1	6778	6550.29	0	0
XM_047437596.1	6619	6391.29	31.5673	0.222275
XM_047437597.1	6379	6151.29	0	0
XM_047437598.1	6512	6284.29	0	0
XM_047437599.1	6582	6354.29	0	0
XM_047437600.1	6205	5977.29	0	0
XM_047437601.1	6232	6004.29	0	0
XM_047437602.1	3360	3132.29	34.4255	0.494607
XM_047437603.1	5658	5430.29	0	0
XM_047437604.1	3269	3041.29	80.2807	1.18794
XM_047437605.1	5791	5563.29	0	0
XM_047437606.1	5766	5538.29	0	0
XM_047437607.1	5754	5526.29	0	0
XM_047437608.1	5376	5148.29	0	0
XM_047437609.1	2788	2560.29	0	0
XM_047437610.1	2420	2192.29	1239.51	25.4445
XM_047437611.1	3662	3434.29	128.742	1.68704
XM_047437612.1	5323	5095.29	0	0
XM_047437613.1	5278	5050.29	0	0
XM_047437614.1	5173	4945.29	15.5499	0.141507
XM_047437615.1	1302	1074.29	19.2744	0.807422
XM_047437616.1	1287	1059.29	72.0889	3.06263
XM_047437617.1	5030	4802.29	0	0
XM_047437618.1	4946	4718.29	43.4223	0.414162
XM_047437619.1	1390	1162.29	10.1448	0.3928
XM_047437620.1	5878	5650.29	304.469	2.42501
XM_047437621.1	5064	4836.29	0	0
XM_047437622.1	832	604.427	7.24745	0.539614
XM_047437623.1	4938	4710.29	0	0
XM_047437624.1	6839	6611.29	16.5738	0.112818
XM_047437625.1	7068	6840.29	0	0
XM_047437626.1	530	307.728	0	0
XM_047437627.1	515	293.705	1	0.153225
XM_047437628.1	6168	5940.29	0	0
XM_047437629.1	6165	5937.29	0	0
XM_047437630.1	6138	5910.29	0	0
XM_047437631.1	6135	5907.29	0	0
XM_047437632.1	6149	5921.29	0	0
XM_047437633.1	6146	5918.29	0	0
XM_047437634.1	6143	5915.29	0	0
XM_047437635.1	6143	5915.29	0	0
XM_047437636.1	6119	5891.29	0	0
XM_047437637.1	6116	5888.29	0	0
XM_047437638.1	6113	5885.29	0	0
XM_047437639.1	6089	5861.29	0	0
XM_047437640.1	6086	5858.29	0	0
XM_047437641.1	6086	5858.29	0	0
XM_047437642.1	6086	5858.29	0	0
XM_047437643.1	6083	5855.29	0	0
XM_047437644.1	6083	5855.29	0	0
XM_047437645.1	6083	5855.29	0	0
XM_047437646.1	6080	5852.29	0	0
XM_047437647.1	6056	5828.29	0	0
XM_047437648.1	6056	5828.29	0	0
XM_047437649.1	6053	5825.29	0	0
XM_047437650.1	6053	5825.29	0	0
XM_047437651.1	6053	5825.29	0	0
XM_047437652.1	6050	5822.29	1.08317e-08	8.37228e-11
XM_047437653.1	6059	5831.29	0	0
XM_047437654.1	6005	5777.29	0.00045134	3.51578e-06
XM_047437655.1	6002	5774.29	0.00091996	7.16989e-06
XM_047437656.1	6002	5774.29	0.00091996	7.16989e-06
XM_047437657.1	6002	5774.29	0.00091996	7.16989e-06
XM_047437658.1	5999	5771.29	0.00187584	1.46273e-05
XM_047437659.1	5999	5771.29	0.00187584	1.46273e-05
XM_047437660.1	5999	5771.29	0.00187584	1.46273e-05
XM_047437661.1	5996	5768.29	0.00382633	2.98523e-05
XM_047437662.1	5975	5747.29	0.568081	0.00444825
XM_047437663.1	5972	5744.29	1.16223	0.00910534
XM_047437664.1	5972	5744.29	1.16223	0.00910534
XM_047437665.1	5972	5744.29	1.16223	0.00910534
XM_047437666.1	5969	5741.29	2.37866	0.0186451
XM_047437667.1	5969	5741.29	2.37866	0.0186451
XM_047437668.1	5969	5741.29	2.37866	0.0186451
XM_047437669.1	6113	5885.29	0	0
XM_047437670.1	6056	5828.29	0	0
XM_047437671.1	6110	5882.29	0	0
XM_047437672.1	5346	5118.29	0	0
XM_047437673.1	5255	5027.29	62.7962	0.562136
XM_047437674.1	5408	5180.29	0	0
XM_047437675.1	3465	3237.29	30.9351	0.430043
XM_047437676.1	9287	9059.29	681.835	3.38709
XM_047437677.1	5321	5093.29	0	0
XM_047437678.1	7034	6806.29	9.93869	0.0657144
XM_047437679.1	5213	4985.29	18.6305	0.168181
XM_047437680.1	5254	5026.29	0	0
XM_047437681.1	12284	12056.3	0	0
XM_047437682.1	10974	10746.3	0	0
XM_047437683.1	10843	10615.3	9.50443	0.0402936
XM_047437684.1	2406	2178.29	0	0
XM_047437685.1	8570	8342.29	0	0
XM_047437686.1	8546	8318.29	0	0
XM_047437687.1	3627	3399.29	409.278	5.41841
XM_047437688.1	5464	5236.29	46.3774	0.398588
XM_047437689.1	3568	3340.29	25.1261	0.338518
XM_047437690.1	3408	3180.29	0	0
XM_047437691.1	3569	3341.29	88.0918	1.18649
XM_047437692.1	3817	3589.29	0	0
XM_047437693.1	3793	3565.29	103.88	1.31123
XM_047437694.1	7193	6965.29	30.0919	0.194425
XM_047437695.1	2232	2004.29	0	0
XM_047437696.1	1992	1764.29	0	0
XM_047437697.1	1666	1438.29	0	0
XM_047437698.1	13484	13256.3	1.9765e-06	6.70993e-09
XM_047437699.1	13481	13253.3	1.02215e-07	3.47084e-10
XM_047437700.1	12715	12487.3	6.03527e-06	2.17506e-08
XM_047437701.1	12712	12484.3	2.75402e-07	9.92763e-10
XM_047437703.1	7984	7756.29	0	0
XM_047437704.1	7981	7753.29	0	0
XM_047437705.1	13343	13115.3	3.50606e-07	1.20305e-09
XM_047437706.1	7954	7726.29	1.53302	0.00892936
XM_047437707.1	13313	13085.3	3.80905	0.0131001
XM_047437708.1	12547	12319.3	681.573	2.48982
XM_047437709.1	12544	12316.3	30.7322	0.112294
XM_047437710.1	7816	7588.29	17.2973	0.102583
XM_047437711.1	13519	13291.3	41.0427	0.138967
XM_047437712.1	6136	5908.29	0	0
XM_047437713.1	5565	5337.29	19.1774	0.1617
XM_047437714.1	5634	5406.29	2.79158	0.0232376
XM_047437715.1	5631	5403.29	10.1077	0.0841854
XM_047437716.1	5607	5379.29	155.877	1.30407
XM_047437717.1	5583	5355.29	35.5333	0.298603
XM_047437718.1	4619	4391.29	0.0287286	0.000294418
XM_047437719.1	4571	4343.29	0.119002	0.00123304
XM_047437720.1	4544	4316.29	21.439	0.223531
XM_047437721.1	2756	2528.29	14.4512	0.257229
XM_047437722.1	3022	2794.29	0	0
XM_047437723.1	3436	3208.29	115.784	1.62411
XM_047437724.1	3817	3589.29	0	0
XM_047437725.1	7536	7308.29	13.7111	0.0844302
XM_047437726.1	6931	6703.29	0	0
XM_047437727.1	3436	3208.29	27.103	0.380177
XM_047437728.1	3432	3204.29	0	0
XM_047437729.1	3800	3572.29	9.47932	0.119419
XM_047437730.1	3180	2952.29	7.53715	0.114892
XM_047437731.1	3366	3138.29	1.37016	0.0196481
XM_047437732.1	2846	2618.29	37.0778	0.637291
XM_047437733.1	7423	7195.29	194.883	1.2189
XM_047437734.1	2244	2016.29	0	0
XM_047437735.1	10481	10253.3	0	0
XM_047437736.1	10337	10109.3	0	0
XM_047437737.1	8779	8551.29	0	0
XM_047437738.1	7017	6789.29	1	0.00662854
XM_047437739.1	6939	6711.29	0	0
XM_047437740.1	38996	38768.3	10.6857	0.0124042
XM_047437741.1	2263	2035.29	90.4235	1.99939
XM_047437742.1	1771	1543.29	102.107	2.97748
XM_047437743.1	3756	3528.29	0.569376	0.00726234
XM_047437744.1	4234	4006.29	12.5978	0.141512
XM_047437745.1	3736	3508.29	0	0
XM_047437746.1	3733	3505.29	0	0
XM_047437747.1	3753	3525.29	4.8018	0.0612987
XM_047437748.1	3575	3347.29	0	0
XM_047437749.1	3687	3459.29	3.33109	0.0433352
XM_047437750.1	2323	2095.29	150.727	3.23734
XM_047437751.1	2634	2406.29	0	0
XM_047437752.1	2418	2190.29	55.3972	1.13822
XM_047437753.1	3452	3224.29	0	0
XM_047437754.1	3724	3496.29	0.29188	0.00375698
XM_047437755.1	2473	2245.29	0	0
XM_047437756.1	2350	2122.29	0	0
XM_047437757.1	4116	3888.29	0.0779593	0.000902301
XM_047437758.1	4139	3911.29	0	0
XM_047437759.1	1453	1225.29	0	0
XM_047437760.1	3958	3730.29	10.6029	0.127916
XM_047437761.1	4008	3780.29	40.167	0.478175
XM_047437762.1	3703	3475.29	56.5745	0.732607
XM_047437763.1	3537	3309.29	26.1598	0.355747
XM_047437764.1	3839	3611.29	31.0224	0.386594
XM_047437765.1	3818	3590.29	0	0
XM_047437766.1	3673	3445.29	0	0
XM_047437767.1	3320	3092.29	337.825	4.91647
XM_047437768.1	3324	3096.29	109.339	1.58918
XM_047437769.1	3171	2943.29	0	0
XM_047437770.1	4428	4200.29	0.699191	0.00749132
XM_047437771.1	4507	4279.29	0.206768	0.00217447
XM_047437772.1	8598	8370.29	3.13379e-08	1.68489e-10
XM_047437773.1	8634	8406.29	0	0
XM_047437774.1	8587	8359.29	0	0
XM_047437775.1	8521	8293.29	0	0
XM_047437776.1	8614	8386.29	0	0
XM_047437777.1	8716	8488.29	0	0
XM_047437778.1	8544	8316.29	0.000223761	1.21087e-06
XM_047437779.1	8466	8238.29	0	0
XM_047437780.1	8629	8401.29	0	0
XM_047437781.1	8548	8320.29	0	0
XM_047437782.1	8518	8290.29	0	0
XM_047437783.1	8412	8184.29	0	0
XM_047437784.1	8346	8118.29	0	0
XM_047437785.1	8382	8154.29	0	0
XM_047437786.1	9137	8909.29	0	0
XM_047437787.1	9012	8784.29	0	0
XM_047437788.1	9009	8781.29	0	0
XM_047437789.1	9457	9229.29	0	0
XM_047437790.1	9253	9025.29	0	0
XM_047437791.1	8712	8484.29	0	0
XM_047437792.1	8073	7845.29	0	0
XM_047437793.1	10282	10054.3	66.0555	0.295665
XM_047437794.1	2344	2116.29	0	0
XM_047437795.1	5646	5418.29	0	0
XM_047437796.1	2301	2073.29	0	0
XM_047437797.1	5947	5719.29	0	0
XM_047437798.1	5856	5628.29	0	0
XM_047437799.1	5772	5544.29	0	0
XM_047437800.1	5651	5423.29	0	0
XM_047437801.1	5796	5568.29	0	0
XM_047437803.1	5560	5332.29	0	0
XM_047437804.1	2600	2372.29	0	0
XM_047437805.1	2536	2308.29	0	0
XM_047437806.1	2750	2522.29	0	0
XM_047437807.1	2349	2121.29	0	0
XM_047437808.1	2215	1987.29	7.68244	0.173972
XM_047437809.1	7582	7354.29	0	0
XM_047437810.1	7660	7432.29	0	0
XM_047437811.1	7495	7267.29	0	0
XM_047437813.1	7453	7225.29	0	0
XM_047437814.1	7531	7303.29	0	0
XM_047437815.1	7450	7222.29	5.24183	0.0326626
XM_047437816.1	9389	9161.29	0	0
XM_047437817.1	7369	7141.29	0	0
XM_047437818.1	9237	9009.29	0	0
XM_047437819.1	9347	9119.29	0	0
XM_047437820.1	7333	7105.29	0	0
XM_047437821.1	9221	8993.29	17.8499	0.0893223
XM_047437822.1	7204	6976.29	0	0
XM_047437824.1	5182	4954.29	0	0
XM_047437825.1	5095	4867.29	0	0
XM_047437826.1	4981	4753.29	0	0
XM_047437827.1	4768	4540.29	2.7804	0.0275591
XM_047437828.1	2551	2323.29	0	0
XM_047437829.1	2486	2258.29	0	0
XM_047437830.1	2476	2248.29	6.45779e-06	1.29263e-07
XM_047437831.1	2422	2194.29	4.04795e-06	8.302e-08
XM_047437832.1	1068	840.293	3.51639	0.188325
XM_047437833.1	863	635.427	0	0
XM_047437834.1	2269	2041.29	0	0
XM_047437835.1	2259	2031.29	118.678	2.6293
XM_047437836.1	568	343.63	5.2708	0.690284
XM_047437837.1	2205	1977.29	2.46997e-07	5.62163e-09
XM_047437838.1	5658	5430.29	0	0
XM_047437839.1	10796	10568.3	0	0
XM_047437840.1	5607	5379.29	0	0
XM_047437841.1	5583	5355.29	241.603	2.03031
XM_047437842.1	5532	5304.29	2.53049e-07	2.14694e-09
XM_047437843.1	10661	10433.3	37.7981	0.163039
XM_047437844.1	5421	5193.29	0	0
XM_047437845.1	5286	5058.29	2.91609e-05	2.59441e-07
XM_047437846.1	5235	5007.29	0	0
XM_047437847.1	5388	5160.29	0	0
XM_047437848.1	5106	4878.29	0	0
XM_047437849.1	10211	9983.29	99.0708	0.446595
XM_047437850.1	10160	9932.29	36.3711	0.164797
XM_047437851.1	4968	4740.29	5.66473e-07	5.37794e-09
XM_047437852.1	10097	9869.29	53.1275	0.242257
XM_047437853.1	4958	4730.29	37.8916	0.360494
XM_047437854.1	4860	4632.29	0	0
XM_047437855.1	4907	4679.29	4.5704	0.0439558
XM_047437856.1	4836	4608.29	147.938	1.44472
XM_047437857.1	4785	4557.29	0	0
XM_047437858.1	4844	4616.29	10.0529	0.0980029
XM_047437859.1	4793	4565.29	0	0
XM_047437860.1	4722	4494.29	0.0217204	0.000217494
XM_047437861.1	4671	4443.29	0	0
XM_047437862.1	6338	6110.29	0	0
XM_047437863.1	4610	4382.29	0	0
XM_047437864.1	4081	3853.29	4.69144	0.0547919
XM_047437865.1	4234	4006.29	0	0
XM_047437866.1	4804	4576.29	0	0
XM_047437867.1	4004	3776.29	0	0
XM_047437868.1	4157	3929.29	0	0
XM_047437869.1	4097	3869.29	0	0
XM_047437870.1	3940	3712.29	0	0
XM_047437871.1	4636	4408.29	0	0
XM_047437872.1	1834	1606.29	0	0
XM_047437873.1	1677	1449.29	2.55505	0.0793388
XM_047437874.1	1830	1602.29	0	0
XM_047437875.1	4131	3903.29	0	0
XM_047437876.1	2532	2304.29	0	0
XM_047437877.1	2072	1844.29	6.68267	0.163066
XM_047437878.1	2556	2328.29	2.36049e-07	4.56254e-09
XM_047437879.1	2644	2416.29	0	0
XM_047437880.1	2641	2413.29	0	0
XM_047437881.1	10985	10757.3	2	0.00836698
XM_047437882.1	5078	4850.29	0	0
XM_047437883.1	5049	4821.29	0	0
XM_047437884.1	6202	5974.29	0	0
XM_047437885.1	3618	3390.29	90.2084	1.19743
XM_047437886.1	3389	3161.29	432.085	6.15101
XM_047437887.1	3109	2881.29	15.7387	0.245824
XM_047437888.1	5348	5120.29	218.856	1.92356
XM_047437889.1	5310	5082.29	0.0389191	0.000344624
XM_047437890.1	4765	4537.29	66.8549	0.6631
XM_047437891.1	3088	2860.29	18.2988	0.287908
XM_047437892.1	3060	2832.29	0	0
XM_047437893.1	3036	2808.29	21.715	0.347985
XM_047437894.1	6642	6414.29	0.0792249	0.000555847
XM_047437895.1	2958	2730.29	3.65667	0.0602724
XM_047437896.1	6606	6378.29	16.593	0.117075
XM_047437897.1	2916	2688.29	18.2786	0.305991
XM_047437898.1	2877	2649.29	19.5682	0.332402
XM_047437899.1	2748	2520.29	0	0
XM_047437900.1	2906	2678.29	0	0
XM_047437901.1	4976	4748.29	0	0
XM_047437902.1	4890	4662.29	0	0
XM_047437903.1	2798	2570.29	0	0
XM_047437904.1	2781	2553.29	0	0
XM_047437905.1	3228	3000.29	0	0
XM_047437906.1	4590	4362.29	294	3.03302
XM_047437907.1	4275	4047.29	0.000111001	1.23425e-06
XM_047437908.1	6372	6144.29	0.162075	0.0011871
XM_047437909.1	5816	5588.29	0	0
XM_047437910.1	6919	6691.29	26	0.174866
XM_047437911.1	5528	5300.29	0	0
XM_047437912.1	1147	919.293	84.538	4.13847
XM_047437913.1	2750	2522.29	67.0811	1.19687
XM_047437914.1	3643	3415.29	0	0
XM_047437915.1	6284	6056.29	0	0
XM_047437916.1	5933	5705.29	0	0
XM_047437917.1	4095	3867.29	0	0
XM_047437918.1	5785	5557.29	0	0
XM_047437919.1	3642	3414.29	0	0
XM_047437920.1	5544	5316.29	0	0
XM_047437921.1	5599	5371.29	0	0
XM_047437922.1	5665	5437.29	0	0
XM_047437923.1	6606	6378.29	0	0
XM_047437924.1	7870	7642.29	253.133	1.49062
XM_047437925.1	5426	5198.29	0	0
XM_047437926.1	5432	5204.29	17.7748	0.153704
XM_047437927.1	5436	5208.29	31.4445	0.271701
XM_047437928.1	6940	6712.29	6.97361	0.0467551
XM_047437929.1	9337	9109.29	8.39774	0.0414878
XM_047437930.1	7237	7009.29	8.37564e-06	5.37757e-08
XM_047437931.1	6863	6635.29	0	0
XM_047437932.1	7205	6977.29	1.20156e-07	7.75001e-10
XM_047437933.1	7121	6893.29	0	0
XM_047437934.1	5391	5163.29	0	0
XM_047437935.1	2966	2738.29	0	0
XM_047437936.1	2310	2082.29	2.24072	0.048427
XM_047437937.1	6485	6257.29	19.3095	0.138876
XM_047437938.1	5799	5571.29	21.9489	0.177296
XM_047437939.1	7703	7475.29	13.6302	0.0820572
XM_047437940.1	5874	5646.29	15.634	0.124609
XM_047437941.1	9964	9736.29	16.7647	0.0774897
XM_047437942.1	15989	15761.3	37.1654	0.106118
XM_047437943.1	4602	4374.29	0	0
XM_047437944.1	992	764.293	1.68097	0.0989788
XM_047437945.1	2492	2264.29	6.82938	0.135735
XM_047437946.1	4690	4462.29	0	0
XM_047437947.1	16494	16266.3	0.0292966	8.10533e-05
XM_047437948.1	3705	3477.29	1.08573	0.0140515
XM_047437949.1	2870	2642.29	0	0
XM_047437950.1	38925	38697.3	0.00356736	4.14867e-06
XM_047437951.1	12602	12374.3	29.8241	0.108465
XM_047437952.1	9189	8961.29	55.7648	0.280048
XM_047437953.1	8912	8684.29	0.0109801	5.69002e-05
XM_047437954.1	12258	12030.3	3.10669	0.0116215
XM_047437955.1	16311	16083.3	8.11959	0.0227196
XM_047437956.1	8546	8318.29	0	0
XM_047437957.1	38806	38578.3	4.00781e-08	4.67526e-11
XM_047437958.1	6489	6261.29	76.7202	0.551427
XM_047437959.1	9947	9719.29	4.96673	0.0229974
XM_047437960.1	6054	5826.29	0	0
XM_047437961.1	5990	5762.29	0	0
XM_047437962.1	5872	5644.29	0	0
XM_047437963.1	5813	5585.29	20.0936	0.161902
XM_047437964.1	5984	5756.29	0	0
XM_047437965.1	6006	5778.29	24.6049	0.19163
XM_047437966.1	5932	5704.29	10.675	0.0842189
XM_047437967.1	5942	5714.29	0	0
XM_047437968.1	5627	5399.29	40.8862	0.340786
XM_047437969.1	5926	5698.29	40.6524	0.321059
XM_047437970.1	5936	5708.29	0	0
XM_047437971.1	5818	5590.29	37.7359	0.303782
XM_047437972.1	2248	2020.29	66.261	1.476
XM_047437973.1	5812	5584.29	1.21922	0.00982551
XM_047437974.1	3764	3536.29	27.9485	0.355675
XM_047437975.1	3713	3485.29	20.1053	0.259605
XM_047437976.1	5638	5410.29	0	0
XM_047437977.1	5456	5228.29	22.5657	0.194236
XM_047437978.1	3590	3362.29	19.3917	0.259551
XM_047437979.1	3539	3311.29	13.6068	0.184927
XM_047437980.1	4039	3811.29	0	0
XM_047437981.1	1989	1761.29	1	0.0255512
XM_047437982.1	2299	2071.29	0	0
XM_047437983.1	4739	4511.29	31.1657	0.310898
XM_047437984.1	690	463.088	0	0
XM_047437985.1	628	402.259	2.0528	0.229659
XM_047437986.1	775	547.487	0	0
XM_047437987.1	777	549.487	0	0
XM_047437988.1	3981	3753.29	11.2784	0.135231
XM_047437989.1	3655	3427.29	2	0.0262616
XM_047437990.1	395	187.965	0	0
XM_047437991.1	887	659.427	0	0
XM_047437992.1	826	598.427	113.416	8.52914
XM_047437993.1	2287	2059.29	0	0
XM_047437994.1	5736	5508.29	0	0
XM_047437995.1	3687	3459.29	0	0
XM_047437996.1	3328	3100.29	0	0
XM_047437997.1	2902	2674.29	5.82918	0.0980936
XM_047437998.1	2871	2643.29	0	0
XM_047437999.1	2828	2600.29	0	0
XM_047438000.1	2289	2061.29	0	0
XM_047438001.1	2218	1990.29	0	0
XM_047438002.1	2225	1997.29	4.46316	0.100564
XM_047438003.1	2076	1848.29	0	0
XM_047438004.1	2266	2038.29	0	0
XM_047438005.1	350	152.593	0	0
XM_047438006.1	1862	1634.29	0	0
XM_047438007.1	3101	2873.29	24.797	0.388384
XM_047438008.1	2887	2659.29	0	0
XM_047438009.1	1189	961.293	2	0.0936303
XM_047438010.1	2849	2621.29	1116.56	19.1694
XM_047438011.1	2509	2281.29	76.932	1.51764
XM_047438012.1	2458	2230.29	217.093	4.38053
XM_047438013.1	2302	2074.29	0.00014185	3.07752e-06
XM_047438014.1	2144	1916.29	0	0
XM_047438015.1	1658	1430.29	0	0
XM_047438016.1	1784	1556.29	0	0
XM_047438017.1	482	263.537	0	0
XM_047438018.1	1789	1561.29	0	0
XM_047438019.1	3765	3537.29	0.219282	0.00278981
XM_047438020.1	1624	1396.29	0	0
XM_047438021.1	2532	2304.29	5.88411	0.114917
XM_047438022.1	7471	7243.29	1245.2	7.73654
XM_047438023.1	7473	7245.29	351.876	2.18562
XM_047438024.1	4844	4616.29	3.38662	0.0330153
XM_047438025.1	3189	2961.29	0.259394	0.00394204
XM_047438026.1	3187	2959.29	34.9245	0.53111
XM_047438027.1	7465	7237.29	136.549	0.84909
XM_047438028.1	7408	7180.29	17.3116	0.108502
XM_047438029.1	3891	3663.29	11.492	0.141177
XM_047438030.1	3524	3296.29	78.8829	1.07696
XM_047438031.1	10176	9948.29	0	0
XM_047438032.1	10076	9848.29	8.6437e-06	3.94985e-08
XM_047438033.1	6584	6356.29	0	0
XM_047438034.1	6320	6092.29	0	0
XM_047438035.1	6336	6108.29	0	0
XM_047438036.1	6198	5970.29	0	0
XM_047438037.1	6410	6182.29	0	0
XM_047438038.1	6282	6054.29	0	0
XM_047438039.1	6767	6539.29	96.2072	0.662093
XM_047438040.1	5851	5623.29	3.58513	0.0286917
XM_047438041.1	5876	5648.29	2.25895	0.0179983
XM_047438042.1	5401	5173.29	0	0
XM_047438043.1	6678	6450.29	14.9213	0.104104
XM_047438044.1	6685	6457.29	0	0
XM_047438045.1	6788	6560.29	0	0
XM_047438046.1	6631	6403.29	0	0
XM_047438047.1	6686	6458.29	9.73579	0.0678415
XM_047438048.1	6368	6140.29	0	0
XM_047438049.1	6258	6030.29	0	0
XM_047438050.1	6769	6541.29	63.2602	0.435221
XM_047438051.1	6305	6077.29	16.3396	0.120997
XM_047438052.1	5357	5129.29	0	0
XM_047438053.1	5149	4921.29	0	0
XM_047438054.1	4356	4128.29	0.989739	0.0107893
XM_047438055.1	4352	4124.29	3.73865	0.040795
XM_047438056.1	4040	3812.29	9.64011	0.113799
XM_047438057.1	2649	2421.29	19.0842	0.354706
XM_047438058.1	3089	2861.29	67.1677	1.05643
XM_047438060.1	4453	4225.29	0	0
XM_047438061.1	5151	4923.29	59.643	0.545188
XM_047438062.1	4396	4168.29	0.0369753	0.000399205
XM_047438063.1	4846	4618.29	0	0
XM_047438064.1	3554	3326.29	17.4661	0.236308
XM_047438065.1	3551	3323.29	0	0
XM_047438066.1	3516	3288.29	26.4758	0.362344
XM_047438067.1	3529	3301.29	0	0
XM_047438068.1	3482	3254.29	0	0
XM_047438069.1	3457	3229.29	0	0
XM_047438070.1	3675	3447.29	0.0865888	0.00113038
XM_047438071.1	3939	3711.29	6.07315e-05	7.36429e-07
XM_047438072.1	3964	3736.29	6.47454e-08	7.79849e-10
XM_047438073.1	3960	3732.29	0.0172376	0.000207847
XM_047438074.1	3509	3281.29	0	0
XM_047438075.1	2624	2396.29	114.523	2.15078
XM_047438076.1	2700	2472.29	7.14034e-06	1.29975e-07
XM_047438077.1	2512	2284.29	0	0
XM_047438078.1	2695	2467.29	3.87257	0.0706351
XM_047438079.1	3814	3586.29	29.1555	0.365862
XM_047438080.1	4289	4061.29	0	0
XM_047438081.1	4286	4058.29	0	0
XM_047438082.1	4286	4058.29	0	0
XM_047438083.1	4283	4055.29	0	0
XM_047438084.1	4216	3988.29	0	0
XM_047438085.1	4213	3985.29	0	0
XM_047438086.1	4213	3985.29	0	0
XM_047438087.1	4210	3982.29	0	0
XM_047438088.1	2903	2675.29	0	0
XM_047438089.1	2332	2104.29	0	0
XM_047438090.1	577	352.35	0	0
XM_047438091.1	1218	990.293	0	0
XM_047438092.1	6120	5892.29	0	0
XM_047438093.1	4825	4597.29	0	0
XM_047438094.1	1075	847.293	0	0
XM_047438095.1	1357	1129.29	279.515	11.1389
XM_047438100.1	2056	1828.29	0	0
XM_047438101.1	2053	1825.29	0	0
XM_047438102.1	1091	863.293	0	0
XM_047438103.1	1982	1754.29	0	0
XM_047438104.1	1373	1145.29	0	0
XM_047438105.1	1484	1256.29	0	0
XM_047438106.1	1394	1166.29	0	0
XM_047438107.1	1252	1024.29	0	0
XM_047438108.1	2976	2748.29	0	0
XM_047438109.1	2799	2571.29	0	0
XM_047438110.1	1600	1372.29	0	0
XM_047438111.1	1594	1366.29	0	0
XM_047438112.1	1367	1139.29	0	0
XM_047438113.1	3539	3311.29	1622.68	22.0535
XM_047438114.1	3569	3341.29	7.21952	0.097238
XM_047438115.1	3332	3104.29	3.85026	0.0558174
XM_047438116.1	1977	1749.29	187.351	4.81987
XM_047438117.1	993	765.293	2	0.11761
XM_047438118.1	4611	4383.29	62.238	0.638995
XM_047438119.1	822	594.427	0	0
XM_047438120.1	1667	1439.29	215.298	6.73184
XM_047438121.1	3752	3524.29	0	0
XM_047438122.1	1826	1598.29	0	0
XM_047438124.1	3634	3406.29	4.83235e-08	6.38438e-10
XM_047438125.1	3543	3315.29	5.63452e-07	7.64852e-09
XM_047438126.1	3547	3319.29	0	0
XM_047438127.1	3523	3295.29	0	0
XM_047438128.1	3796	3568.29	0	0
XM_047438129.1	4271	4043.29	0	0
XM_047438130.1	4268	4040.29	76.2799	0.849649
XM_047438131.1	4173	3945.29	0	0
XM_047438132.1	2900	2672.29	277.934	4.68058
XM_047438133.1	2816	2588.29	138.136	2.40179
XM_047438134.1	2113	1885.29	256.054	6.11217
XM_047438135.1	4266	4038.29	0	0
XM_047438136.1	6729	6501.29	0	0
XM_047438137.1	1214	986.293	1.42778e-07	6.51476e-09
XM_047438138.1	1201	973.293	11.346	0.524615
XM_047438139.1	614	388.495	0	0
XM_047438140.1	601	375.763	2.32072	0.27794
XM_047438141.1	1580	1352.29	0	0
XM_047438142.1	1489	1261.29	104.612	3.73255
XM_047438143.1	2494	2266.29	0	0
XM_047438144.1	3933	3705.29	12.522	0.152088
XM_047438145.1	6931	6703.29	81.3911	0.546425
XM_047438146.1	1174	946.293	1.90259	0.0904818
XM_047438147.1	1592	1364.29	0	0
XM_047438148.1	1599	1371.29	0	0
XM_047438149.1	1473	1245.29	0	0
XM_047438150.1	1462	1234.29	0	0
XM_047438151.1	3087	2859.29	0	0
XM_047438152.1	2843	2615.29	74.3585	1.27954
XM_047438153.1	3023	2795.29	0	0
XM_047438154.1	2650	2422.29	0	0
XM_047438155.1	2741	2513.29	5.65295	0.101222
XM_047438156.1	2826	2598.29	0	0
XM_047438157.1	2763	2535.29	0	0
XM_047438158.1	2551	2323.29	0	0
XM_047438159.1	2745	2517.29	0	0
XM_047438160.1	2703	2475.29	0	0
XM_047438161.1	2853	2625.29	0	0
XM_047438162.1	2169	1941.29	84.4603	1.95796
XM_047438163.1	3210	2982.29	83.525	1.2604
XM_047438164.1	1896	1668.29	0	0
XM_047438165.1	6878	6650.29	13.6057	0.0920709
XM_047438166.1	1339	1111.29	0	0
XM_047438167.1	708	480.9	0	0
XM_047438168.1	1328	1100.29	30.7321	1.25697
XM_047438169.1	4372	4144.29	343.563	3.73076
XM_047438170.1	1886	1658.29	30.6127	0.830773
XM_047438171.1	1914	1686.29	177.489	4.73675
XM_047438172.1	6678	6450.29	23.2927	0.162511
XM_047438173.1	6927	6699.29	0	0
XM_047438174.1	2564	2336.29	0	0
XM_047438175.1	1421	1193.29	0	0
XM_047438176.1	3504	3276.29	11.8733	0.163092
XM_047438177.1	4671	4443.29	0	0
XM_047438178.1	3668	3440.29	0	0
XM_047438179.1	3241	3013.29	6.06775	0.0906209
XM_047438180.1	3743	3515.29	0	0
XM_047438181.1	1947	1719.29	100.153	2.62154
XM_047438182.1	2151	1923.29	0	0
XM_047438183.1	1634	1406.29	0	0
XM_047438184.1	2908	2680.29	3.91591	0.0657495
XM_047438185.1	2818	2590.29	46.4076	0.806274
XM_047438186.1	1674	1446.29	62.0202	1.92983
XM_047438187.1	8310	8082.29	17.4945	0.0974114
XM_047438189.1	6666	6438.29	0	0
XM_047438190.1	6981	6753.29	0	0
XM_047438191.1	6731	6503.29	0	0
XM_047438192.1	6837	6609.29	22.4459	0.152836
XM_047438193.1	6580	6352.29	0	0
XM_047438194.1	6539	6311.29	0	0
XM_047438195.1	3928	3700.29	0	0
XM_047438196.1	3879	3651.29	0	0
XM_047438197.1	3877	3649.29	9.73676	0.120074
XM_047438198.1	3828	3600.29	0	0
XM_047438199.1	3943	3715.29	13.569	0.164361
XM_047438200.1	3436	3208.29	0	0
XM_047438201.1	3640	3412.29	0	0
XM_047438202.1	3542	3314.29	0	0
XM_047438203.1	3611	3383.29	0	0
XM_047438204.1	3613	3385.29	0	0
XM_047438205.1	3513	3285.29	0	0
XM_047438206.1	3562	3334.29	6.63101	0.0894989
XM_047438207.1	3453	3225.29	0	0
XM_047438208.1	3745	3517.29	10.7584	0.137651
XM_047438209.1	3729	3501.29	37.4161	0.48092
XM_047438210.1	3659	3431.29	0	0
XM_047438211.1	3708	3480.29	0	0
XM_047438212.1	3657	3429.29	0	0
XM_047438213.1	796	568.487	6	0.474978
XM_047438214.1	3561	3333.29	0	0
XM_047438215.1	3559	3331.29	0	0
XM_047438216.1	3510	3282.29	0	0
XM_047438217.1	4587	4359.29	11.6016	0.119769
XM_047438218.1	3862	3634.29	0	0
XM_047438219.1	3576	3348.29	0	0
XM_047438220.1	3522	3294.29	0	0
XM_047438221.1	3525	3297.29	0	0
XM_047438222.1	6460	6232.29	0.000124571	8.99521e-07
XM_047438223.1	5245	5017.29	0	0
XM_047438224.1	1690	1462.29	0	0
XM_047438225.1	1095	867.293	1.75966	0.091307
XM_047438226.1	1061	833.293	8.15772	0.440568
XM_047438227.1	1003	775.293	0	0
XM_047438228.1	2112	1884.29	1.89118	0.0451676
XM_047438229.1	3883	3655.29	0	0
XM_047438230.1	3715	3487.29	0	0
XM_047438231.1	2296	2068.29	6.08926	0.132493
XM_047438232.1	2008	1780.29	0	0
XM_047438233.1	6535	6307.29	41.9938	0.29963
XM_047438234.1	4874	4646.29	13.5229	0.13098
XM_047438235.1	4967	4739.29	0	0
XM_047438236.1	4659	4431.29	0	0
XM_047438237.1	3262	3034.29	0	0
XM_047438238.1	3160	2932.29	0	0
XM_047438239.1	2856	2628.29	0	0
XM_047438240.1	2261	2033.29	0	0
XM_047438241.1	2273	2045.29	0	0
XM_047438242.1	2290	2062.29	0	0
XM_047438243.1	2189	1961.29	0	0
XM_047438244.1	2204	1976.29	0	0
XM_047438245.1	2133	1905.29	0	0
XM_047438246.1	2320	2092.29	0	0
XM_047438247.1	5876	5648.29	0	0
XM_047438248.1	5891	5663.29	0	0
XM_047438249.1	2011	1783.29	25.4469	0.642176
XM_047438250.1	2026	1798.29	0.000671224	1.67977e-05
XM_047438251.1	2049	1821.29	86.0441	2.1261
XM_047438252.1	1884	1656.29	0	0
XM_047438253.1	1909	1681.29	0	0
XM_047438254.1	4844	4616.29	0	0
XM_047438255.1	3991	3763.29	1.04232e-05	1.24645e-07
XM_047438256.1	3952	3724.29	16.6214	0.200847
XM_047438257.1	3447	3219.29	0	0
XM_047438258.1	4638	4410.29	0.0856466	0.000873947
XM_047438259.1	4608	4380.29	0.214425	0.002203
XM_047438260.1	4605	4377.29	0	0
XM_047438261.1	4854	4626.29	16.1048	0.156663
XM_047438262.1	4472	4244.29	0	0
XM_047438263.1	4710	4482.29	0.199187	0.00199988
XM_047438264.1	4803	4575.29	57.7533	0.568068
XM_047438265.1	4536	4308.29	116.895	1.22105
XM_047438266.1	4533	4305.29	0.000443849	4.63954e-06
XM_047438267.1	4503	4275.29	0.0156745	0.000164994
XM_047438268.1	5280	5052.29	0.120494	0.0010733
XM_047438269.1	5402	5174.29	0.0461821	0.000401666
XM_047438270.1	5429	5201.29	3.6779e-05	3.18222e-07
XM_047438271.1	4491	4263.29	8.85711e-07	9.34951e-09
XM_047438272.1	538	315.318	41.9245	5.98358
XM_047438273.1	3556	3328.29	8.62281	0.116592
XM_047438274.1	4282	4054.29	0.000103765	1.15181e-06
XM_047438275.1	4577	4349.29	13.3414	0.138046
XM_047438276.1	4251	4023.29	18.4883	0.206803
XM_047438277.1	4651	4423.29	28.1686	0.286591
XM_047438278.1	4197	3969.29	0	0
XM_047438279.1	1796	1568.29	0	0
XM_047438280.1	1517	1289.29	0	0
XM_047438281.1	1459	1231.29	0	0
XM_047438282.1	1169	941.293	13	0.621528
XM_047438283.1	6379	6151.29	0	0
XM_047438284.1	2954	2726.29	0	0
XM_047438285.1	2842	2614.29	0	0
XM_047438286.1	4535	4307.29	13.947	0.14572
XM_047438287.1	2682	2454.29	13.208	0.242189
XM_047438288.1	3164	2936.29	27.7185	0.424828
XM_047438289.1	3943	3715.29	0	0
XM_047438290.1	3390	3162.29	5.85252	0.0832881
XM_047438291.1	2837	2609.29	0.0145489	0.000250927
XM_047438292.1	3795	3567.29	0	0
XM_047438293.1	4188	3960.29	57.5778	0.65429
XM_047438294.1	3384	3156.29	0	0
XM_047438295.1	3688	3460.29	0	0
XM_047438296.1	3401	3173.29	0	0
XM_047438297.1	3253	3025.29	0	0
XM_047438298.1	3664	3436.29	0	0
XM_047438299.1	3037	2809.29	0	0
XM_047438300.1	3867	3639.29	49.34	0.610133
XM_047438301.1	4483	4255.29	181.626	1.92083
XM_047438302.1	2446	2218.29	0	0
XM_047438303.1	2220	1992.29	0	0
XM_047438304.1	3483	3255.29	70.8835	0.979936
XM_047438305.1	2307	2079.29	0	0
XM_047438306.1	2092	1864.29	0	0
XM_047438307.1	2652	2424.29	0	0
XM_047438308.1	2290	2062.29	0	0
XM_047438309.1	4264	4036.29	0	0
XM_047438310.1	4028	3800.29	2.56682e-08	3.03963e-10
XM_047438311.1	4347	4119.29	3.66726	0.0400646
XM_047438312.1	5280	5052.29	3.86435	0.0344215
XM_047438313.1	2142	1914.29	0	0
XM_047438314.1	2216	1988.29	70.5777	1.59746
XM_047438315.1	1942	1714.29	0	0
XM_047438316.1	6517	6289.29	0	0
XM_047438317.1	3393	3165.29	15.0075	0.213371
XM_047438318.1	2484	2256.29	179.014	3.57053
XM_047438319.1	2442	2214.29	0	0
XM_047438320.1	3822	3594.29	0	0
XM_047438321.1	3003	2775.29	0	0
XM_047438322.1	3073	2845.29	0	0
XM_047438323.1	3195	2967.29	0	0
XM_047438324.1	3191	2963.29	0	0
XM_047438325.1	2999	2771.29	0	0
XM_047438326.1	3042	2814.29	7.46753e-07	1.19412e-08
XM_047438327.1	2978	2750.29	0	0
XM_047438328.1	3170	2942.29	0	0
XM_047438329.1	3437	3209.29	0	0
XM_047438330.1	3292	3064.29	4.43157	0.0650833
XM_047438331.1	3288	3060.29	1.57901	0.0232202
XM_047438332.1	3214	2986.29	0	0
XM_047438333.1	3069	2841.29	0	0
XM_047438334.1	3193	2965.29	0	0
XM_047438335.1	2689	2461.29	0	0
XM_047438336.1	2608	2380.29	0	0
XM_047438337.1	8759	8531.29	0	0
XM_047438338.1	9006	8778.29	0	0
XM_047438339.1	9003	8775.29	0	0
XM_047438340.1	8844	8616.29	0.240021	0.00125364
XM_047438341.1	8911	8683.29	0.189683	0.000983077
XM_047438342.1	8842	8614.29	6.96637	0.036394
XM_047438343.1	2344	2116.29	0	0
XM_047438344.1	1233	1005.29	0	0
XM_047438345.1	1226	998.293	4	0.18032
XM_047438346.1	1128	900.293	0	0
XM_047438347.1	1082	854.293	0	0
XM_047438348.1	1139	911.293	0	0
XM_047438349.1	933	705.293	0	0
XM_047438350.1	887	659.427	0	0
XM_047438351.1	789	561.487	0	0
XM_047438352.1	2859	2631.29	6.00194	0.102651
XM_047438353.1	3636	3408.29	0	0
XM_047438354.1	3281	3053.29	0	0
XM_047438355.1	3245	3017.29	0	0
XM_047438356.1	3425	3197.29	0	0
XM_047438357.1	3177	2949.29	0	0
XM_047438358.1	3134	2906.29	0	0
XM_047438359.1	3278	3050.29	0	0
XM_047438360.1	2989	2761.29	0	0
XM_047438361.1	2732	2504.29	0	0
XM_047438362.1	3746	3518.29	0	0
XM_047438363.1	5674	5446.29	0	0
XM_047438364.1	5600	5372.29	0	0
XM_047438365.1	2494	2266.29	91.893	1.82477
XM_047438366.1	1867	1639.29	0.0201808	0.000554017
XM_047438367.1	1734	1506.29	0	0
XM_047438368.1	1589	1361.29	0	0
XM_047438369.1	2427	2199.29	0.000394668	8.0759e-06
XM_047438370.1	1487	1259.29	0	0
XM_047438371.1	1569	1341.29	0.0397535	0.00133381
XM_047438372.1	1503	1275.29	18.8269	0.66437
XM_047438373.1	4666	4438.29	169.069	1.71431
XM_047438374.1	1618	1390.29	0	0
XM_047438375.1	1524	1296.29	35.3943	1.22877
XM_047438376.1	1449	1221.29	0	0
XM_047438377.1	1752	1524.29	10.4036	0.307154
XM_047438378.1	3962	3734.29	0	0
XM_047438379.1	2314	2086.29	8.87436	0.191427
XM_047438380.1	5758	5530.29	6.75061	0.0549335
XM_047438381.1	5249	5021.29	6.14701	0.0550923
XM_047438382.1	2152	1924.29	4.02134	0.0940463
XM_047438383.1	6060	5832.29	0	0
XM_047438384.1	5834	5606.29	26.466	0.212449
XM_047438385.1	3382	3154.29	4.36087	0.0622176
XM_047438386.1	2943	2715.29	0	0
XM_047438387.1	1608	1380.29	3.43748	0.112076
XM_047438388.1	2272	2044.29	0	0
XM_047438389.1	2282	2054.29	0	0
XM_047438390.1	3610	3382.29	0	0
XM_047438391.1	1872	1644.29	39.4849	1.08067
XM_047438392.1	1994	1766.29	0.301503	0.00768196
XM_047438393.1	1601	1373.29	395.615	12.9644
XM_047438394.1	2850	2622.29	793.783	13.6227
XM_047438395.1	2798	2570.29	0	0
XM_047438396.1	2437	2209.29	337.736	6.87965
XM_047438404.1	1406	1178.29	6.50991	0.248636
XM_047438405.1	1225	997.293	16.4901	0.744119
XM_047438406.1	2743	2515.29	0	0
XM_047438407.1	2680	2452.29	0	0
XM_047438408.1	1180	952.293	2.80613	0.132611
XM_047438410.1	1061	833.293	0	0
XM_047438411.1	1424	1196.29	32.174	1.21035
XM_047438412.1	784	556.487	8.70592	0.704048
XM_047438413.1	8083	7855.29	0	0
XM_047438414.1	8966	8738.29	36.1974	0.18642
XM_047438415.1	8002	7774.29	0	0
XM_047438416.1	8044	7816.29	0	0
XM_047438417.1	7820	7592.29	0	0
XM_047438418.1	7802	7574.29	0	0
XM_047438419.1	7627	7399.29	13.1213	0.079805
XM_047438420.1	3603	3375.29	0.0121284	0.000161709
XM_047438421.1	2652	2424.29	545.567	10.1276
XM_047438422.1	3315	3087.29	0	0
XM_047438423.1	3799	3571.29	0	0
XM_047438424.1	3329	3101.29	32.5501	0.472337
XM_047438425.1	3955	3727.29	33.6027	0.405717
XM_047438426.1	3919	3691.29	0	0
XM_047438427.1	3433	3205.29	0	0
XM_047438428.1	3485	3257.29	1.66704e-05	2.3032e-07
XM_047438429.1	3835	3607.29	11.1443	0.139032
XM_047438430.1	3351	3123.29	0	0
XM_047438431.1	3313	3085.29	0	0
XM_047438432.1	3277	3049.29	13.0405	0.192459
XM_047438433.1	22153	21925.3	154.303	0.316717
XM_047438466.1	4487	4259.29	0	0
XM_047438467.1	2903	2675.29	7.4253	0.124907
XM_047438468.1	2722	2494.29	59.7431	1.07791
XM_047438469.1	1515	1287.29	30.6674	1.07211
XM_047438470.1	6351	6123.29	25.0247	0.183919
XM_047438472.1	5605	5377.29	7.0767	0.0592256
XM_047438473.1	6227	5999.29	2.29121	0.0171873
XM_047438474.1	6041	5813.29	0	0
XM_047438475.1	6146	5918.29	0	0
XM_047438476.1	6017	5789.29	0	0
XM_047438477.1	6014	5786.29	0	0
XM_047438478.1	6128	5900.29	0	0
XM_047438479.1	6125	5897.29	0	0
XM_047438480.1	5996	5768.29	0	0
XM_047438481.1	6122	5894.29	0	0
XM_047438482.1	5993	5765.29	0	0
XM_047438483.1	6133	5905.29	8.64346e-05	6.58701e-07
XM_047438484.1	6098	5870.29	0	0
XM_047438485.1	6106	5878.29	0.000181598	1.39028e-06
XM_047438486.1	8104	7876.29	52.9311	0.302435
XM_047438487.1	8085	7857.29	26.3415	0.150873
XM_047438488.1	10928	10700.3	0	0
XM_047438489.1	8216	7988.29	0	0
XM_047438490.1	3626	3398.29	0	0
XM_047438491.1	2900	2672.29	0	0
XM_047438492.1	8611	8383.29	47.1087	0.252888
XM_047438493.1	8231	8003.29	60.9277	0.342601
XM_047438495.1	8228	8000.29	32.1922	0.181087
XM_047438496.1	8293	8065.29	93.8263	0.523536
XM_047438497.1	8228	8000.29	37.9536	0.213496
XM_047438498.1	8225	7997.29	26.3415	0.148231
XM_047438499.1	8290	8062.29	80.2467	0.447931
XM_047438500.1	8290	8062.29	58.7484	0.327929
XM_047438501.1	8287	8059.29	50.1543	0.280062
XM_047438502.1	8287	8059.29	100.411	0.560697
XM_047438503.1	8222	7994.29	13.8473	0.0779517
XM_047438504.1	8287	8059.29	40.9124	0.228455
XM_047438505.1	6240	6012.29	95.032	0.711331
XM_047438506.1	6237	6009.29	0.0534969	0.000400634
XM_047438507.1	5891	5663.29	0	0
XM_047438508.1	5665	5437.29	277.343	2.2955
XM_047438509.1	5665	5437.29	440.941	3.64956
XM_047438510.1	5662	5434.29	46.6158	0.38604
XM_047438511.1	5576	5348.29	0	0
XM_047438512.1	5570	5342.29	0	0
XM_047438513.1	6895	6667.29	323.619	2.18437
XM_047438514.1	8714	8486.29	5.12031	0.0271532
XM_047438515.1	5904	5676.29	0	0
XM_047438516.1	5779	5551.29	494.658	4.01008
XM_047438517.1	6983	6755.29	14.093	0.0938859
XM_047438518.1	5300	5072.29	31.1463	0.276341
XM_047438519.1	914	686.293	0	0
XM_047438520.1	793	565.487	0	0
XM_047438521.1	775	547.487	0	0
XM_047438522.1	962	734.293	0	0
XM_047438523.1	911	683.293	11.0109	0.725203
XM_047438524.1	1863	1635.29	239.254	6.58425
XM_047438525.1	1012	784.293	22.1134	1.26887
XM_047438526.1	6318	6090.29	16.6365	0.122933
XM_047438527.1	5425	5197.29	560.721	4.85525
XM_047438528.1	5373	5145.29	0.02353	0.000205804
XM_047438533.1	3901	3673.29	63.7387	0.780891
XM_047438534.1	2978	2750.29	0	0
XM_047438535.1	4952	4724.29	171.755	1.63612
XM_047438536.1	2982	2754.29	0	0
XM_047438537.1	3561	3333.29	13.5452	0.182875
XM_047438538.1	3406	3178.29	72.9895	1.0335
XM_047438539.1	3010	2782.29	17.4618	0.282442
XM_047438540.1	7069	6841.29	70.4493	0.463426
XM_047438541.1	7064	6836.29	198.886	1.30926
XM_047438542.1	3072	2844.29	0.0688531	0.00108941
XM_047438543.1	4524	4296.29	15.4079	0.161395
XM_047438544.1	6263	6035.29	27.2529	0.203216
XM_047438545.1	4232	4004.29	0	0
XM_047438546.1	5151	4923.29	0	0
XM_047438547.1	5246	5018.29	0	0
XM_047438548.1	5067	4839.29	0	0
XM_047438549.1	3064	2836.29	69.4697	1.10227
XM_047438550.1	3527	3299.29	0	0
XM_047438551.1	1083	855.293	0	0
XM_047438552.1	1034	806.293	1	0.0558148
XM_047438553.1	3506	3278.29	0	0
XM_047438554.1	3643	3415.29	0	0
XM_047438555.1	3571	3343.29	0	0
XM_047438556.1	3443	3215.29	0	0
XM_047438557.1	3440	3212.29	0	0
XM_047438558.1	3551	3323.29	0	0
XM_047438559.1	2542	2314.29	0	0
XM_047438560.1	3255	3027.29	0	0
XM_047438561.1	3455	3227.29	0	0
XM_047438562.1	961	733.293	0	0
XM_047438563.1	7299	7071.29	46.1239	0.293541
XM_047438564.1	2427	2199.29	0	0
XM_047438565.1	2381	2153.29	0	0
XM_047438566.1	3413	3185.29	18.0562	0.255105
XM_047438567.1	4245	4017.29	22.5235	0.252316
XM_047438568.1	3879	3651.29	20.9806	0.258591
XM_047438569.1	5610	5382.29	0.522374	0.00436774
XM_047438570.1	5294	5066.29	9.45824	0.084016
XM_047438571.1	5268	5040.29	0.550176	0.00491233
XM_047438572.1	5586	5358.29	7.16446	0.0601727
XM_047438573.1	4984	4756.29	449.499	4.25307
XM_047438574.1	5244	5016.29	8.21809	0.0737276
XM_047438575.1	5520	5292.29	20.9963	0.178543
XM_047438576.1	5281	5053.29	72.6841	0.647302
XM_047438577.1	5204	4976.29	0.000318553	2.88083e-06
XM_047438578.1	1876	1648.29	0	0
XM_047438579.1	757	529.648	1	0.0849679
XM_047438580.1	2295	2067.29	10.8585	0.23638
XM_047438581.1	2368	2140.29	7.87501	0.165585
XM_047438582.1	2623	2395.29	18.5987	0.349435
XM_047438583.1	3624	3396.29	661.904	8.77065
XM_047438584.1	2355	2127.29	314.724	6.65801
XM_047438585.1	2122	1894.29	30.0695	0.714366
XM_047438586.1	2112	1884.29	0	0
XM_047438587.1	1148	920.293	0	0
XM_047438588.1	3620	3392.29	128.811	1.70885
XM_047438589.1	3596	3368.29	0	0
XM_047438590.1	3590	3362.29	0	0
XM_047438591.1	2178	1950.29	231.641	5.34511
XM_047438592.1	2270	2042.29	133.413	2.93982
XM_047438593.1	1644	1416.29	7.1344	0.226698
XM_047438594.1	1952	1724.29	0	0
XM_047438595.1	1433	1205.29	0	0
XM_047438596.1	1585	1357.29	0	0
XM_047438597.1	2022	1794.29	0	0
XM_047438598.1	1515	1287.29	0	0
XM_047438599.1	3490	3262.29	0	0
XM_047438600.1	3472	3244.29	0	0
XM_047438601.1	2123	1895.29	2.71867	0.0645538
XM_047438602.1	1073	845.293	0	0
XM_047438603.1	998	770.293	0	0
XM_047438604.1	1193	965.293	0	0
XM_047438605.1	803	575.487	0	0
XM_047438606.1	1590	1362.29	5.02298	0.165933
XM_047438607.1	788	560.487	0	0
XM_047438608.1	658	431.717	2	0.208484
XM_047438609.1	941	713.293	0	0
XM_047438610.1	862	634.427	0	0
XM_047438611.1	3529	3301.29	0	0
XM_047438612.1	7045	6817.29	0	0
XM_047438613.1	5955	5727.29	0	0
XM_047438614.1	5842	5614.29	0	0
XM_047438615.1	3971	3743.29	0	0
XM_047438616.1	3077	2849.29	0	0
XM_047438617.1	786	558.487	0	0
XM_047438629.1	4447	4219.29	0	0
XM_047438630.1	3561	3333.29	1	0.0135011
XM_047438631.1	3720	3492.29	0.000374121	4.82107e-06
XM_047438632.1	2652	2424.29	0	0
XM_047438633.1	2155	1927.29	0	0
XM_047438634.1	2915	2687.29	0	0
XM_047438635.1	3168	2940.29	21.6841	0.33189
XM_047438636.1	1296	1068.29	0	0
XM_047438637.1	1710	1482.29	5.22349	0.158587
XM_047438638.1	5886	5658.29	0	0
XM_047438639.1	5512	5284.29	6.48454	0.0552248
XM_047438640.1	2731	2503.29	16.9317	0.30439
XM_047438641.1	1888	1660.29	7.65862	0.207591
XM_047438642.1	2289	2061.29	0	0
XM_047438643.1	1663	1435.29	39.9027	1.25114
XM_047438644.1	4382	4154.29	24.8236	0.268912
XM_047438645.1	4508	4280.29	40.6768	0.427676
XM_047438646.1	4137	3909.29	0	0
XM_047438647.1	4344	4116.29	0	0
XM_047438648.1	3693	3465.29	20.7633	0.269649
XM_047438649.1	3880	3652.29	0.300142	0.00369831
XM_047438650.1	3844	3616.29	0	0
XM_047438651.1	3823	3595.29	0.0129412	0.000161987
XM_047438652.1	3806	3578.29	1.13799	0.0143121
XM_047438653.1	3817	3589.29	0	0
XM_047438654.1	3841	3613.29	0	0
XM_047438655.1	3803	3575.29	16.3418	0.205698
XM_047438656.1	2927	2699.29	38.6448	0.644293
XM_047438657.1	4697	4469.29	56.3504	0.567415
XM_047438658.1	4601	4373.29	1.03157e-05	1.06153e-07
XM_047438659.1	4601	4373.29	50.6111	0.520811
XM_047438660.1	4586	4358.29	1.50654e-06	1.55563e-08
XM_047438661.1	4463	4235.29	4.92842	0.052368
XM_047438662.1	4361	4133.29	31.7325	0.345501
XM_047438663.1	4265	4037.29	27.7414	0.30923
XM_047438664.1	4250	4022.29	1.88823e-07	2.11262e-09
XM_047438665.1	4127	3899.29	2.10624	0.0243089
XM_047438666.1	3627	3399.29	0	0
XM_047438667.1	989	761.293	0	0
XM_047438668.1	855	627.427	0	0
XM_047438669.1	887	659.427	0	0
XM_047438670.1	1345	1117.29	0	0
XM_047438671.1	904	676.361	0	0
XM_047438672.1	1063	835.293	0	0
XM_047438673.1	1216	988.293	0	0
XM_047438674.1	838	610.427	0	0
XM_047438675.1	849	621.427	0	0
XM_047438676.1	4110	3882.29	0	0
XM_047438677.1	5026	4798.29	1.15604	0.0108425
XM_047438678.1	5181	4953.29	38.6319	0.35099
XM_047438679.1	4930	4702.29	0	0
XM_047438680.1	8453	8225.29	48.7136	0.266527
XM_047438681.1	8312	8084.29	0.0635932	0.000354006
XM_047438682.1	3445	3217.29	19.0966	0.267121
XM_047438683.1	3535	3307.29	0	0
XM_047438684.1	3450	3222.29	25.0371	0.349673
XM_047438685.1	3197	2969.29	0	0
XM_047438686.1	3202	2974.29	0	0
XM_047438687.1	3112	2884.29	0	0
XM_047438688.1	3084	2856.29	0	0
XM_047438689.1	5362	5134.29	51.6155	0.45242
XM_047438690.1	8788	8560.29	0	0
XM_047438691.1	8091	7863.29	0.000167903	9.60942e-07
XM_047438692.1	8021	7793.29	35.4221	0.204548
XM_047438693.1	2852	2624.29	0	0
XM_047438694.1	3786	3558.29	0	0
XM_047438695.1	2929	2701.29	0	0
XM_047438696.1	2934	2706.29	0	0
XM_047438697.1	2970	2742.29	0	0
XM_047438698.1	5062	4834.29	2.00429	0.0186582
XM_047438699.1	2213	1985.29	0	0
XM_047438700.1	2173	1945.29	4.46278	0.103244
XM_047438701.1	3360	3132.29	0	0
XM_047438702.1	3336	3108.29	0	0
XM_047438703.1	2860	2632.29	0	0
XM_047438704.1	2425	2197.29	0	0
XM_047438705.1	3346	3118.29	1	0.014432
XM_047438706.1	3191	2963.29	0	0
XM_047438707.1	3741	3513.29	0	0
XM_047438708.1	4147	3919.29	0	0
XM_047438709.1	3766	3538.29	0	0
XM_047438710.1	2414	2186.29	6.16669	0.126936
XM_047438711.1	1158	930.293	0	0
XM_047438712.1	3319	3091.29	0.121078	0.00176265
XM_047438713.1	3274	3046.29	20.7115	0.305973
XM_047438714.1	3253	3025.29	95.008	1.4133
XM_047438715.1	2757	2529.29	106.776	1.89984
XM_047438716.1	1491	1263.29	5.71952	0.20375
XM_047438717.1	1593	1365.29	12.9849	0.428012
XM_047438718.1	1409	1181.29	15.0851	0.574688
XM_047438719.1	1974	1746.29	244.416	6.29876
XM_047438720.1	2658	2430.29	0	0
XM_047438721.1	6454	6226.29	0	0
XM_047438723.1	6307	6079.29	0	0
XM_047438724.1	6280	6052.29	0	0
XM_047438725.1	6223	5995.29	0	0
XM_047438727.1	2461	2233.29	0	0
XM_047438728.1	6190	5962.29	0	0
XM_047438729.1	6175	5947.29	0	0
XM_047438730.1	6166	5938.29	0	0
XM_047438731.1	3328	3100.29	4.14004	0.0600957
XM_047438732.1	6133	5905.29	0	0
XM_047438733.1	6034	5806.29	0	0
XM_047438734.1	1725	1497.29	1.7876	0.0537287
XM_047438735.1	1551	1323.29	0	0
XM_047438736.1	1404	1176.29	0	0
XM_047438737.1	1966	1738.29	39.8687	1.03217
XM_047438738.1	1786	1558.29	0	0
XM_047438739.1	1724	1496.29	0	0
XM_047438740.1	1042	814.293	239.569	13.2401
XM_047438741.1	2326	2098.29	0	0
XM_047438742.1	1569	1341.29	6.21298	0.208458
XM_047438743.1	1484	1256.29	0	0
XM_047438744.1	2959	2731.29	30.4009	0.500911
XM_047438745.1	2598	2370.29	0	0
XM_047438746.1	2254	2026.29	0	0
XM_047438747.1	5421	5193.29	8.445e-08	7.31811e-10
XM_047438748.1	5418	5190.29	0	0
XM_047438749.1	2006	1778.29	27.5411	0.69698
XM_047438750.1	1759	1531.29	13.2832	0.390379
XM_047438751.1	2728	2500.29	0	0
XM_047438752.1	2615	2387.29	0	0
XM_047438753.1	2615	2387.29	0	0
XM_047438754.1	2615	2387.29	24.0358	0.453101
XM_047438755.1	2537	2309.29	23.4035	0.456083
XM_047438756.1	2525	2297.29	35.7895	0.701102
XM_047438757.1	2452	2224.29	28.3356	0.573301
XM_047438758.1	2440	2212.29	44.0002	0.895065
XM_047438759.1	951	723.293	0	0
XM_047438760.1	3639	3411.29	119.827	1.5808
XM_047438761.1	4070	3842.29	24.9257	0.291944
XM_047438762.1	4180	3952.29	138.084	1.5723
XM_047438763.1	2320	2092.29	0	0
XM_047438764.1	2246	2018.29	0	0
XM_047438765.1	5212	4984.29	16.8128	0.151802
XM_047438766.1	1860	1632.29	0	0
XM_047438767.1	2937	2709.29	0	0
XM_047438768.1	2785	2557.29	0	0
XM_047438769.1	3056	2828.29	0	0
XM_047438770.1	2772	2544.29	0	0
XM_047438771.1	2734	2506.29	0	0
XM_047438772.1	2721	2493.29	0	0
XM_047438773.1	2000	1772.29	0	0
XM_047438774.1	1988	1760.29	0	0
XM_047438775.1	1979	1751.29	0	0
XM_047438776.1	3444	3216.29	0	0
XM_047438777.1	3560	3332.29	0	0
XM_047438778.1	6116	5888.29	20.7731	0.158765
XM_047438779.1	7685	7457.29	35.9441	0.216915
XM_047438780.1	5243	5015.29	119.961	1.07643
XM_047438781.1	4885	4657.29	159.92	1.54529
XM_047438782.1	2069	1841.29	0.000169565	4.14435e-06
XM_047438783.1	2053	1825.29	110.664	2.72845
XM_047438784.1	1518	1290.29	18.2278	0.635751
XM_047438785.1	1509	1281.29	6.96443	0.244613
XM_047438786.1	5417	5189.29	0	0
XM_047438787.1	4311	4083.29	0	0
XM_047438788.1	3130	2902.29	19.6781	0.305129
XM_047438789.1	3594	3366.29	0	0
XM_047438790.1	3672	3444.29	0	0
XM_047438791.1	1294	1066.29	8.3706	0.353282
XM_047438792.1	1258	1030.29	12.5751	0.549279
XM_047438793.1	909	681.293	0	0
XM_047438794.1	1276	1048.29	60.7076	2.60617
XM_047438795.1	1721	1493.29	0	0
XM_047438796.1	2980	2752.29	0	0
XM_047438797.1	380	175.793	0	0
XM_047438798.1	3109	2881.29	0	0
XM_047438799.1	3127	2899.29	0	0
XM_047438800.1	3404	3176.29	0	0
XM_047438801.1	3109	2881.29	0	0
XM_047438802.1	3483	3255.29	0	0
XM_047438803.1	4158	3930.29	0	0
XM_047438804.1	6850	6622.29	0	0
XM_047438805.1	6572	6344.29	0	0
XM_047438806.1	3027	2799.29	29.5273	0.474698
XM_047438807.1	3883	3655.29	29.5924	0.364334
XM_047438808.1	3962	3734.29	39.0613	0.47074
XM_047438809.1	3882	3654.29	41.1505	0.506774
XM_047438810.1	6922	6694.29	0	0
XM_047438811.1	5348	5120.29	0	0
XM_047438812.1	6889	6661.29	0	0
XM_047438813.1	7198	6970.29	0	0
XM_047438814.1	7352	7124.29	0	0
XM_047438815.1	7527	7299.29	0.434558	0.00267923
XM_047438816.1	7209	6981.29	0	0
XM_047438817.1	7267	7039.29	0	0
XM_047438818.1	7069	6841.29	0	0
XM_047438819.1	7223	6995.29	0	0
XM_047438820.1	7080	6852.29	0	0
XM_047438821.1	6988	6760.29	0	0
XM_047438822.1	7168	6940.29	13.6187	0.0883078
XM_047438823.1	6946	6718.29	5.10812	0.0342172
XM_047438824.1	2895	2667.29	0	0
XM_047438825.1	2877	2649.29	0	0
XM_047438826.1	1427	1199.29	0	0
XM_047438827.1	1338	1110.29	0	0
XM_047438828.1	1820	1592.29	0	0
XM_047438829.1	2145	1917.29	6.67598	0.1567
XM_047438830.1	2395	2167.29	7.90365	0.164117
XM_047438831.1	1933	1705.29	146.475	3.86551
XM_047438832.1	3283	3055.29	55.3691	0.815561
XM_047438833.1	2522	2294.29	0	0
XM_047438834.1	1886	1658.29	37.1457	1.00807
XM_047438835.1	2862	2634.29	0	0
XM_047438836.1	2602	2374.29	0	0
XM_047438837.1	1516	1288.29	34.2893	1.19781
XM_047438838.1	576	351.35	14.3575	1.83899
XM_047438839.1	1684	1456.29	0	0
XM_047438840.1	5053	4825.29	0	0
XM_047438841.1	2148	1920.29	14.3588	0.336506
XM_047438842.1	2358	2130.29	0	0
XM_047438843.1	2089	1861.29	1.99732	0.048292
XM_047438844.1	2978	2750.29	68.6845	1.12389
XM_047438845.1	2295	2067.29	70.9958	1.54551
XM_047438846.1	4406	4178.29	646.352	6.96165
XM_047438847.1	3275	3047.29	57.1547	0.844074
XM_047438848.1	1991	1763.29	7.43001	0.18963
XM_047438849.1	1571	1343.29	4.32886	0.145026
XM_047438850.1	1386	1158.29	0	0
XM_047438851.1	1952	1724.29	0	0
XM_047438852.1	2152	1924.29	0	0
XM_047438860.1	2230	2002.29	0	0
XM_047438861.1	1865	1637.29	4.82129	0.132519
XM_047438862.1	3410	3182.29	6	0.0848503
XM_047438863.1	1288	1060.29	1.13208e-06	4.80498e-08
XM_047438864.1	5569	5341.29	6.93298	0.0584138
XM_047438865.1	1247	1019.29	356.904	15.7578
XM_047438866.1	3282	3054.29	0	0
XM_047438867.1	2872	2644.29	19.2718	0.327986
XM_047438868.1	3587	3359.29	1.60793	0.0215408
XM_047438869.1	3019	2791.29	1.52425	0.024575
XM_047438870.1	3013	2785.29	9.95842	0.160902
XM_047438871.1	3016	2788.29	1.95185	0.0315028
XM_047438872.1	2824	2596.29	190.539	3.30272
XM_047438873.1	3538	3310.29	14.7303	0.200256
XM_047438874.1	3231	3003.29	0	0
XM_047438875.1	2821	2593.29	217.461	3.77375
XM_047438876.1	3534	3306.29	28.0364	0.381613
XM_047438877.1	7524	7296.29	67.4223	0.415857
XM_047438878.1	3251	3023.29	0	0
XM_047438879.1	3228	3000.29	0	0
XM_047438880.1	3334	3106.29	60.532	0.876971
XM_047438881.1	2280	2052.29	28.3463	0.621583
XM_047438882.1	2103	1875.29	70.1185	1.6827
XM_047438883.1	2140	1912.29	70.8702	1.66783
XM_047438884.1	1597	1369.29	0	0
XM_047438885.1	1955	1727.29	2.51531e-05	6.55341e-07
XM_047438886.1	1952	1724.29	192.737	5.03033
XM_047438887.1	1417	1189.29	0	0
XM_047438888.1	1457	1229.29	0	0
XM_047438889.1	1096	868.293	0	0
XM_047438890.1	1494	1266.29	2	0.0710785
XM_047438891.1	1214	986.293	16.0371	0.731751
XM_047438892.1	1260	1032.29	0	0
XM_047438893.1	926	698.293	0	0
XM_047438894.1	7676	7448.29	0	0
XM_047438895.1	2615	2387.29	0.102884	0.00193947
XM_047438896.1	1854	1626.29	23.2309	0.642849
XM_047438897.1	623	397.299	0	0
XM_047438898.1	1943	1715.29	68.4126	1.7949
XM_047438899.1	2022	1794.29	11.4654	0.287566
XM_047438900.1	1793	1565.29	11.4154	0.328199
XM_047438901.1	1872	1644.29	0	0
XM_047438902.1	987	759.293	81.4179	4.82561
XM_047438903.1	1066	838.293	1.81788	0.0975916
XM_047438904.1	2896	2668.29	1.14561	0.0193217
XM_047438905.1	3666	3438.29	2.2191	0.0290454
XM_047438906.1	3657	3429.29	1.94547	0.0255307
XM_047438907.1	2307	2079.29	33.0649	0.71564
XM_047438908.1	5332	5104.29	0	0
XM_047438909.1	5323	5095.29	5.07669	0.0448388
XM_047438910.1	4661	4433.29	0	0
XM_047438911.1	4590	4362.29	57.4481	0.592657
XM_047438912.1	4485	4257.29	0	0
XM_047438913.1	4627	4399.29	21.4111	0.219028
XM_047438914.1	4522	4294.29	0	0
XM_047438915.1	3887	3659.29	19.8016	0.243526
XM_047438920.1	1782	1554.29	0.0430761	0.00124723
XM_047438921.1	1605	1377.29	0.42006	0.0137255
XM_047438922.1	2229	2001.29	37.0066	0.832168
XM_047438923.1	10951	10723.3	81.4424	0.341794
XM_047438924.1	2085	1857.29	52.0366	1.26087
XM_047438925.1	1831	1603.29	0.0886901	0.00248946
XM_047438926.1	1696	1468.29	29.2111	0.895317
XM_047438927.1	1687	1459.29	94.5816	2.9168
XM_047438928.1	1684	1456.29	217.757	6.72924
XM_047438929.1	2138	1910.29	0.00374099	8.8131e-05
XM_047438930.1	2126	1898.29	4.27279	0.101296
XM_047438931.1	1699	1471.29	9.18933	0.281078
XM_047438932.1	823	595.427	60.7891	4.59451
XM_047438933.1	1552	1324.29	0	0
XM_047438934.1	1549	1321.29	39.0572	1.33028
XM_047438935.1	1122	894.293	21.2906	1.0714
XM_047438936.1	1113	885.293	1.77355e-05	9.01567e-07
XM_047438937.1	978	750.293	0	0
XM_047438938.1	664	437.717	4.95248	0.50918
XM_047438939.1	2772	2544.29	3796.38	67.1497
XM_047438940.1	1424	1196.29	62.221	2.34068
XM_047438941.1	1930	1702.29	14.5026	0.383401
XM_047438942.1	1870	1642.29	132.826	3.63978
XM_047438943.1	845	617.427	24.6577	1.79725
XM_047438944.1	1791	1563.29	0	0
XM_047438945.1	1898	1670.29	0	0
XM_047438946.1	3609	3381.29	19.5885	0.260712
XM_047438947.1	4387	4159.29	3.82943	0.041434
XM_047438948.1	3537	3309.29	0	0
XM_047438949.1	4315	4087.29	0	0
XM_047438950.1	3450	3222.29	0	0
XM_047438951.1	3946	3718.29	0	0
XM_047438953.1	7563	7335.29	0	0
XM_047438954.1	8858	8630.29	0	0
XM_047438955.1	7808	7580.29	0	0
XM_047438956.1	7266	7038.29	0	0
XM_047438957.1	7240	7012.29	0	0
XM_047438958.1	7332	7104.29	0	0
XM_047438959.1	7451	7223.29	0.00911151	5.67672e-05
XM_047438960.1	7266	7038.29	0	0
XM_047438961.1	7443	7215.29	50.0852	0.31239
XM_047438962.1	7319	7091.29	0	0
XM_047438963.1	7218	6990.29	0	0
XM_047438964.1	7385	7157.29	25.2703	0.158893
XM_047438965.1	7058	6830.29	17.9486	0.118259
XM_047438966.1	7267	7039.29	0	0
XM_047438967.1	1439	1211.29	0	0
XM_047438968.1	7022	6794.29	0	0
XM_047438969.1	3426	3198.29	2.07491e-08	2.9196e-10
XM_047438970.1	2784	2556.29	0	0
XM_047438971.1	3405	3177.29	0	0
XM_047438972.1	2693	2465.29	0	0
XM_047438973.1	6487	6259.29	148.977	1.07111
XM_047438974.1	5557	5329.29	0	0
XM_047438975.1	4045	3817.29	54.7231	0.645146
XM_047438976.1	3951	3723.29	6.17513e-07	7.46382e-09
XM_047438977.1	3520	3292.29	0	0
XM_047438978.1	2878	2650.29	0	0
XM_047438979.1	2554	2326.29	0	0
XM_047438980.1	2576	2348.29	0	0
XM_047438981.1	2537	2309.29	0	0
XM_047438982.1	2554	2326.29	7.45934	0.144304
XM_047438983.1	2216	1988.29	0	0
XM_047438984.1	2451	2223.29	0	0
XM_047438985.1	1687	1459.29	0	0
XM_047438986.1	1684	1456.29	0	0
XM_047438987.1	1675	1447.29	0	0
XM_047438988.1	1660	1432.29	0	0
XM_047438989.1	1681	1453.29	0	0
XM_047438990.1	1675	1447.29	0	0
XM_047438991.1	1315	1087.29	0	0
XM_047438992.1	5411	5183.29	713.812	6.19755
XM_047438993.1	2816	2588.29	66.6741	1.15927
XM_047438994.1	6236	6008.29	26.6015	0.199249
XM_047438995.1	6083	5855.29	0.00030324	2.33067e-06
XM_047438996.1	5956	5728.29	0.0226726	0.000178122
XM_047438997.1	935	707.293	0	0
XM_047438998.1	11215	10987.3	0	0
XM_047438999.1	18253	18025.3	0.0069136	1.72609e-05
XM_047439000.1	5746	5518.29	3.0009	0.0244731
XM_047439001.1	5844	5616.29	0	0
XM_047439002.1	6026	5798.29	23.7405	0.184261
XM_047439003.1	18392	18164.3	27.6919	0.0686083
XM_047439004.1	5389	5161.29	1670.78	14.5681
XM_047439005.1	18169	17941.3	0.00540711	1.35629e-05
XM_047439006.1	6021	5793.29	24.6408	0.191413
XM_047439007.1	18164	17936.3	0.00792361	1.98807e-05
XM_047439008.1	2543	2315.29	0	0
XM_047439009.1	5674	5446.29	2.98222	0.0246423
XM_047439010.1	5504	5276.29	7.0833e-05	6.04156e-07
XM_047439011.1	5455	5227.29	34.0617	0.293246
XM_047439012.1	3578	3350.29	53.4179	0.717541
XM_047439014.1	3575	3347.29	3.48287	0.0468259
XM_047439015.1	3569	3341.29	67.7449	0.91244
XM_047439016.1	3566	3338.29	13.1816	0.177699
XM_047439017.1	3566	3338.29	4.4388	0.0598389
XM_047439018.1	3563	3335.29	0.793795	0.0107107
XM_047439019.1	2299	2071.29	0	0
XM_047439020.1	2285	2057.29	7.48819	0.163803
XM_047439021.1	2623	2395.29	0	0
XM_047439022.1	3057	2829.29	16.8567	0.268124
XM_047439023.1	2280	2052.29	13.484	0.29568
XM_047439024.1	1066	838.293	44.5133	2.38966
XM_047439025.1	850	622.427	95.1993	6.88315
XM_047439026.1	1000	772.293	304.535	17.7458
XM_047439027.1	2810	2582.29	0.310802	0.00541652
XM_047439028.1	6826	6598.29	0	0
XM_047439029.1	8789	8561.29	0	0
XM_047439030.1	14501	14273.3	285.719	0.900859
XM_047439031.1	14498	14270.3	5.87226	0.0185189
XM_047439032.1	5175	4947.29	0	0
XM_047439033.1	5178	4950.29	0	0
XM_047439034.1	13384	13156.3	0.000126892	4.34052e-07
XM_047439035.1	13480	13252.3	0.00184499	6.26534e-06
XM_047439036.1	4154	3926.29	0	0
XM_047439037.1	3285	3057.29	43.4588	0.63971
XM_047439038.1	2407	2179.29	44.1652	0.912026
XM_047439039.1	1906	1678.29	18.4166	0.493838
XM_047439040.1	4124	3896.29	67.0591	0.774548
XM_047439041.1	2077	1849.29	0	0
XM_047439042.1	2099	1871.29	9.47025	0.227752
XM_047439043.1	1966	1738.29	0	0
XM_047439044.1	2216	1988.29	6.08969	0.137834
XM_047439045.1	1468	1240.29	55.1026	1.99935
XM_047439046.1	1790	1562.29	4.99157	0.143786
XM_047439047.1	1765	1537.29	0	0
XM_047439048.1	1144	916.293	36.3733	1.78645
XM_047439049.1	5675	5447.29	22.8468	0.18875
XM_047439050.1	6680	6452.29	34.3203	0.239375
XM_047439051.1	5785	5557.29	0	0
XM_047439052.1	1553	1325.29	163.931	5.56661
XM_047439053.1	6216	5988.29	0	0
XM_047439054.1	6710	6482.29	0	0
XM_047439055.1	5691	5463.29	0	0
XM_047439056.1	4988	4760.29	0	0
XM_047439057.1	5773	5545.29	0	0
XM_047439058.1	4999	4771.29	2.71768e-05	2.56333e-07
XM_047439059.1	5111	4883.29	0	0
XM_047439060.1	4999	4771.29	0	0
XM_047439061.1	1393	1165.29	0	0
XM_047439062.1	1243	1015.29	0	0
XM_047439063.1	989	761.293	0	0
XM_047439064.1	1099	871.293	0	0
XM_047439065.1	2809	2581.29	28.4793	0.496517
XM_047439066.1	2981	2753.29	38.6424	0.631617
XM_047439067.1	2801	2573.29	0.0308449	0.000539431
XM_047439068.1	2564	2336.29	75.8049	1.4602
XM_047439069.1	907	679.293	197.858	13.1081
XM_047439071.1	10808	10580.3	30.0534	0.127832
XM_047439072.1	10567	10339.3	0	0
XM_047439073.1	3867	3639.29	70.0431	0.866145
XM_047439074.1	8407	8179.29	33.4209	0.183884
XM_047439075.1	11197	10969.3	103.848	0.426053
XM_047439076.1	3494	3266.29	38.7194	0.533478
XM_047439077.1	7236	7008.29	81.1813	0.521298
XM_047439078.1	2213	1985.29	32.3739	0.733859
XM_047439079.1	2674	2446.29	0	0
XM_047439080.1	2551	2323.29	0	0
XM_047439081.1	2443	2215.29	0	0
XM_047439082.1	2780	2552.29	4.86403	0.0857645
XM_047439083.1	2887	2659.29	0	0
XM_047439084.1	2728	2500.29	0	0
XM_047439085.1	2678	2450.29	0	0
XM_047439086.1	2525	2297.29	0	0
XM_047439087.1	2789	2561.29	0	0
XM_047439088.1	2779	2551.29	0	0
XM_047439089.1	2427	2199.29	0	0
XM_047439090.1	2206	1978.29	0	0
XM_047439091.1	539	316.223	0	0
XM_047439092.1	3434	3206.29	0	0
XM_047439093.1	4131	3903.29	25.4601	0.293543
XM_047439094.1	4002	3774.29	1.32094e-06	1.57503e-08
XM_047439095.1	2465	2237.29	0	0
XM_047439096.1	3999	3771.29	0.0015729	1.87695e-05
XM_047439097.1	2530	2302.29	0	0
XM_047439098.1	2654	2426.29	0	0
XM_047439099.1	1939	1711.29	2.67457	0.0703351
XM_047439100.1	1420	1192.29	13.7473	0.518893
XM_047439101.1	1401	1173.29	0	0
XM_047439102.1	2931	2703.29	4.91284	0.0817865
XM_047439103.1	2217	1989.29	50.6759	1.14642
XM_047439104.1	1938	1710.29	15.4058	0.405373
XM_047439105.1	1938	1710.29	0	0
XM_047439109.1	2965	2737.29	208.814	3.43305
XM_047439110.1	1960	1732.29	0	0
XM_047439111.1	1512	1284.29	113.687	3.98371
XM_047439112.1	3756	3528.29	5.29016	0.0674755
XM_047439113.1	3745	3517.29	35.7911	0.45794
XM_047439114.1	1768	1540.29	251.89	7.35954
XM_047439115.1	1730	1502.29	11.6905	0.350205
XM_047439116.1	1903	1675.29	0.260355	0.00699387
XM_047439117.1	1619	1391.29	472.55	15.2852
XM_047439118.1	1792	1564.29	7.97837	0.229529
XM_047439119.1	2122	1894.29	1.07275	0.0254854
XM_047439120.1	3365	3137.29	0	0
XM_047439121.1	3338	3110.29	0	0
XM_047439122.1	2818	2590.29	42.8923	0.7452
XM_047439123.1	2557	2329.29	29.3889	0.567807
XM_047439124.1	6523	6295.29	63.7265	0.455561
XM_047439125.1	3479	3251.29	0	0
XM_047439126.1	3307	3079.29	0	0
XM_047439127.1	3292	3064.29	13.6558	0.200553
XM_047439128.1	9246	9018.29	96.8172	0.483137
XM_047439129.1	9269	9041.29	89.6827	0.446396
XM_047439130.1	4193	3965.29	81.5808	0.925881
XM_047439131.1	4097	3869.29	0	0
XM_047439132.1	5637	5409.29	955.137	7.94635
XM_047439133.1	2906	2678.29	19.9361	0.334984
XM_047439134.1	1961	1733.29	0	0
XM_047439135.1	2965	2737.29	13.7184	0.22554
XM_047439136.1	2890	2662.29	0.0196264	0.000331762
XM_047439137.1	2568	2340.29	21.3926	0.411374
XM_047439138.1	2481	2253.29	141.195	2.81997
XM_047439139.1	4166	3938.29	35.483	0.405466
XM_047439140.1	5168	4940.29	44.6089	0.40636
XM_047439141.1	7550	7322.29	115.682	0.710985
XM_047439142.1	2334	2106.29	5.85663	0.125133
XM_047439143.1	2718	2490.29	7.76478	0.14032
XM_047439144.1	3903	3675.29	0	0
XM_047439145.1	3876	3648.29	0	0
XM_047439146.1	3867	3639.29	25.1462	0.310955
XM_047439147.1	3867	3639.29	0	0
XM_047439148.1	3911	3683.29	0	0
XM_047439149.1	3875	3647.29	0	0
XM_047439150.1	3863	3635.29	0	0
XM_047439151.1	3102	2874.29	17.4059	0.272526
XM_047439152.1	3899	3671.29	0	0
XM_047439153.1	3887	3659.29	0	0
XM_047439154.1	3229	3001.29	19.1037	0.286451
XM_047439155.1	7317	7089.29	0	0
XM_047439156.1	7223	6995.29	0	0
XM_047439157.1	7261	7033.29	0	0
XM_047439158.1	7246	7018.29	0	0
XM_047439159.1	7246	7018.29	473.451	3.03589
XM_047439160.1	7234	7006.29	336.213	2.15958
XM_047439161.1	7278	7050.29	0	0
XM_047439162.1	6063	5835.29	0	0
XM_047439163.1	6019	5791.29	36.8878	0.286649
XM_047439164.1	6051	5823.29	0	0
XM_047439165.1	5971	5743.29	0	0
XM_047439166.1	6003	5775.29	0	0
XM_047439167.1	4977	4749.29	0	0
XM_047439168.1	818	590.487	54.4734	4.15161
XM_047439169.1	1657	1429.29	96.9627	3.05299
XM_047439172.1	892	664.361	0	0
XM_047439173.1	3151	2923.29	36.6094	0.56359
XM_047439174.1	3114	2886.29	0	0
XM_047439175.1	9053	8825.29	0	0
XM_047439177.1	6849	6621.29	0	0
XM_047439178.1	6605	6377.29	0	0
XM_047439179.1	6678	6450.29	0	0
XM_047439180.1	6285	6057.29	0	0
XM_047439181.1	6279	6051.29	0	0
XM_047439182.1	2729	2501.29	1.17258	0.0210969
XM_047439183.1	2772	2544.29	0	0
XM_047439184.1	2943	2715.29	4.59415	0.0761431
XM_047439185.1	2804	2576.29	0	0
XM_047439186.1	1946	1718.29	12.469	0.32657
XM_047439187.1	1948	1720.29	0	0
XM_047439188.1	1945	1717.29	25.1057	0.657915
XM_047439189.1	2311	2083.29	0	0
XM_047439190.1	1759	1531.29	0	0
XM_047439191.1	5013	4785.29	33.0578	0.31089
XM_047439192.1	4460	4232.29	0	0
XM_047439193.1	4424	4196.29	28.2075	0.302511
XM_047439194.1	4224	3996.29	0	0
XM_047439195.1	4130	3902.29	19.0442	0.219626
XM_047439196.1	4102	3874.29	0	0
XM_047439197.1	4027	3799.29	0	0
XM_047439198.1	3786	3558.29	47.7996	0.604539
XM_047439199.1	1334	1106.29	16.6739	0.678281
XM_047439200.1	1882	1654.29	2.89331	0.078709
XM_047439201.1	267	96.6399	3697.68	1721.93
XM_047439202.1	9561	9333.29	0	0
XM_047439203.1	1154	926.293	0	0
XM_047439204.1	1064	836.293	0	0
XM_047439205.1	1153	925.293	0	0
XM_047439206.1	2606	2378.29	0	0
XM_047439207.1	7983	7755.29	0.184932	0.00107314
XM_047439208.1	6348	6120.29	6.57236	0.0483271
XM_047439209.1	6471	6243.29	0	0
XM_047439210.1	6573	6345.29	0	0
XM_047439211.1	5862	5634.29	5.01282e-08	4.00391e-10
XM_047439212.1	3858	3630.29	0	0
XM_047439213.1	998	770.293	0	0
XM_047439214.1	2387	2159.29	0	0
XM_047439215.1	2269	2041.29	0	0
XM_047439216.1	5968	5740.29	11.6563	0.0913835
XM_047439217.1	5710	5482.29	0	0
XM_047439218.1	2115	1887.29	0	0
XM_047439219.1	1322	1094.29	3.60844	0.148398
XM_047439220.1	2826	2598.29	0	0
XM_047439221.1	1461	1233.29	0	0
XM_047439222.1	2678	2450.29	135.258	2.48421
XM_047439223.1	2792	2564.29	1	0.0175499
XM_047439224.1	2776	2548.29	0	0
XM_047439225.1	2850	2622.29	0	0
XM_047439230.1	1924	1696.29	0	0
XM_047439231.1	3092	2864.29	0.999999	0.0157117
XM_047439232.1	2984	2756.29	153.935	2.51336
XM_047439233.1	2853	2625.29	0	0
XM_047439234.1	2692	2464.29	0	0
XM_047439235.1	4563	4335.29	13.9891	0.145215
XM_047439236.1	4324	4096.29	0	0
XM_047439237.1	4529	4301.29	9.4494	0.0988661
XM_047439238.1	3487	3259.29	23.6514	0.32657
XM_047439239.1	2852	2624.29	8.39856	0.144024
XM_047439240.1	2245	2017.29	49.0395	1.09401
XM_047439241.1	2143	1915.29	0	0
XM_047439242.1	1485	1257.29	3.85409	0.137952
XM_047439243.1	5948	5720.29	49.5901	0.390139
XM_047439244.1	5574	5346.29	113.51	0.955487
XM_047439246.1	5568	5340.29	0.632285	0.00532832
XM_047439247.1	5551	5323.29	69.2345	0.585308
XM_047439248.1	5750	5522.29	33.6357	0.274109
XM_047439249.1	5551	5323.29	71.6669	0.605872
XM_047439250.1	5472	5244.29	418.23	3.58898
XM_047439251.1	5747	5519.29	14.3189	0.116753
XM_047439252.1	1015	787.293	54.1201	3.0936
XM_047439253.1	754	526.701	0	0
XM_047439256.1	3799	3571.29	0	0
XM_047439257.1	3643	3415.29	0	0
XM_047439258.1	4491	4263.29	6.77068e-05	7.14709e-07
XM_047439259.1	2718	2490.29	116.096	2.09801
XM_047439260.1	3619	3391.29	1.41534	0.0187818
XM_047439261.1	4485	4257.29	1.92079	0.0203044
XM_047439262.1	3610	3382.29	15.7783	0.209937
XM_047439263.1	5946	5718.29	0.724516	0.00570196
XM_047439264.1	5077	4849.29	0.185111	0.00171789
XM_047439265.1	4176	3948.29	2.16885	0.0247208
XM_047439266.1	5943	5715.29	0.353074	0.00278016
XM_047439267.1	5074	4846.29	0.000242156	2.24868e-06
XM_047439268.1	5068	4840.29	1.0441	0.0097076
XM_047439269.1	4167	3939.29	2.24428	0.025639
XM_047439270.1	6268	6040.29	25.7461	0.191821
XM_047439271.1	5934	5706.29	0.69501	0.00548125
XM_047439272.1	5934	5706.29	0.2591	0.00204341
XM_047439273.1	5065	4837.29	0.00102948	9.57761e-06
XM_047439274.1	4164	3936.29	0.526157	0.00601548
XM_047439275.1	6265	6037.29	4.22167	0.0314691
XM_047439276.1	4738	4510.29	9.87558	0.0985372
XM_047439277.1	3532	3304.29	2.20531	0.0300354
XM_047439278.1	2631	2403.29	235.275	4.40566
XM_047439279.1	4398	4170.29	2.7283	0.0294421
XM_047439280.1	3532	3304.29	3.71569e-07	5.06061e-09
XM_047439281.1	4729	4501.29	14.1604	0.141573
XM_047439282.1	4395	4167.29	0.199614	0.00215566
XM_047439283.1	3523	3295.29	25.9277	0.354089
XM_047439284.1	2622	2394.29	215.779	4.05577
XM_047439285.1	4389	4161.29	1.76729	0.0191127
XM_047439286.1	4389	4161.29	6.6777	0.0722172
XM_047439287.1	3523	3295.29	33.3524	0.455487
XM_047439288.1	4164	3936.29	28.1511	0.321848
XM_047439289.1	2622	2394.29	5.81788	0.109353
XM_047439290.1	4386	4158.29	0.127724	0.00138229
XM_047439291.1	4389	4161.29	0.0010857	1.17415e-05
XM_047439292.1	5784	5556.29	4.39231	0.0355754
XM_047439293.1	4915	4687.29	2.95286	0.0283507
XM_047439294.1	4248	4020.29	105.676	1.18293
XM_047439295.1	4251	4023.29	237.818	2.66015
XM_047439296.1	3379	3151.29	77.4952	1.1067
XM_047439297.1	4239	4011.29	380.381	4.26754
XM_047439298.1	4236	4008.29	28.5802	0.320884
XM_047439299.1	1674	1446.29	1847.63	57.4911
XM_047439300.1	2407	2179.29	0	0
XM_047439304.1	4129	3901.29	68.6405	0.791797
XM_047439305.1	3685	3457.29	57.1913	0.744451
XM_047439306.1	2537	2309.29	25.2231	0.491544
XM_047439307.1	2306	2078.29	57.1049	1.23654
XM_047439308.1	1956	1728.29	3	0.0781171
XM_047439309.1	9687	9459.29	349.654	1.6635
XM_047439310.1	4186	3958.29	78.8593	0.896576
XM_047439311.1	2515	2287.29	0	0
XM_047439312.1	2756	2528.29	0	0
XM_047439313.1	2644	2416.29	0.987842	0.0183984
XM_047439314.1	9305	9077.29	52.0482	0.258043
XM_047439315.1	5308	5080.29	0	0
XM_047439316.1	5660	5432.29	3.9926e-05	3.30761e-07
XM_047439317.1	4125	3897.29	24.953	0.288139
XM_047439318.1	4161	3933.29	0.102949	0.0011779
XM_047439319.1	4157	3929.29	12.7983	0.146581
XM_047439320.1	4121	3893.29	0	0
XM_047439321.1	3826	3598.29	0	0
XM_047439322.1	3855	3627.29	0.0921679	0.00114351
XM_047439323.1	3859	3631.29	0	0
XM_047439324.1	4041	3813.29	20.7973	0.245442
XM_047439325.1	3818	3590.29	16.3394	0.204809
XM_047439326.1	3851	3623.29	17.1924	0.213538
XM_047439327.1	4158	3930.29	0.0288203	0.000330001
XM_047439328.1	3819	3591.29	0.0207359	0.000259845
XM_047439329.1	3852	3624.29	0.0232483	0.000288676
XM_047439330.1	3823	3595.29	0	0
XM_047439331.1	4039	3811.29	0	0
XM_047439332.1	3703	3475.29	7.41038	0.0959603
XM_047439333.1	3815	3587.29	0	0
XM_047439334.1	3819	3591.29	0	0
XM_047439335.1	4078	3850.29	0.0939511	0.00109812
XM_047439336.1	3700	3472.29	0	0
XM_047439337.1	3624	3396.29	0	0
XM_047439338.1	3653	3425.29	28.0806	0.368936
XM_047439339.1	3955	3727.29	6.92983	0.0836703
XM_047439340.1	3743	3515.29	0	0
XM_047439341.1	4074	3846.29	5.51139	0.0644853
XM_047439342.1	3616	3388.29	8.45248	0.112265
XM_047439343.1	3649	3421.29	8.98549	0.118194
XM_047439344.1	3872	3644.29	1.2694e-08	1.56757e-10
XM_047439345.1	3537	3309.29	0	0
XM_047439346.1	3736	3508.29	7.87772	0.101052
XM_047439347.1	3856	3628.29	0	0
XM_047439348.1	3657	3429.29	0	0
XM_047439349.1	4191	3963.29	72.8226	0.826898
XM_047439350.1	4570	4342.29	0	0
XM_047439351.1	2847	2619.29	32.7562	0.562797
XM_047439352.1	3805	3577.29	6.06688	0.0763225
XM_047439353.1	2481	2253.29	15.9861	0.319276
XM_047439354.1	2079	1851.29	0	0
XM_047439355.1	2107	1879.29	6.51903	0.15611
XM_047439356.1	2022	1794.29	0.00878259	0.000220278
XM_047439357.1	2014	1786.29	4.02046	0.10129
XM_047439358.1	1989	1761.29	0	0
XM_047439359.1	2043	1815.29	0	0
XM_047439360.1	3513	3285.29	15.4095	0.211084
XM_047439361.1	4849	4621.29	5.62691	0.054796
XM_047439362.1	3372	3144.29	0	0
XM_047439363.1	3873	3645.29	0.131822	0.00162742
XM_047439364.1	3604	3376.29	0	0
XM_047439365.1	3340	3112.29	24.1338	0.348969
XM_047439366.1	3554	3326.29	67.8432	0.917884
XM_047439367.1	3467	3239.29	404.881	5.62497
XM_047439368.1	3426	3198.29	0	0
XM_047439369.1	10568	10340.3	4.77786	0.0207942
XM_047439370.1	2804	2576.29	0	0
XM_047439371.1	4037	3809.29	14.1784	0.167505
XM_047439372.1	4166	3938.29	41.982	0.479731
XM_047439373.1	5805	5577.29	0	0
XM_047439374.1	3016	2788.29	53.3968	0.861825
XM_047439375.1	1168	940.293	0	0
XM_047439376.1	989	761.293	0	0
XM_047439377.1	3335	3107.29	0	0
XM_047439378.1	3031	2803.29	0	0
XM_047439379.1	3206	2978.29	0	0
XM_047439380.1	3209	2981.29	0	0
XM_047439381.1	2968	2740.29	4.08382e-07	6.70674e-09
XM_047439382.1	3248	3020.29	0	0
XM_047439383.1	3251	3023.29	0	0
XM_047439384.1	2739	2511.29	0	0
XM_047439385.1	7098	6870.29	8.82438	0.0578031
XM_047439386.1	1950	1722.29	0	0
XM_047439387.1	1967	1739.29	0	0
XM_047439388.1	1325	1097.29	1.36468	0.0559693
XM_047439389.1	2410	2182.29	26.5951	0.548441
XM_047439390.1	1229	1001.29	0.493319	0.0221722
XM_047439391.1	2263	2035.29	43.7105	0.966499
XM_047439392.1	3427	3199.29	0	0
XM_047439393.1	5061	4833.29	0	0
XM_047439394.1	4033	3805.29	28.5722	0.337907
XM_047439395.1	4116	3888.29	0	0
XM_047439396.1	4000	3772.29	0	0
XM_047439397.1	5068	4840.29	17.4083	0.161856
XM_047439398.1	4070	3842.29	0	0
XM_047439399.1	4212	3984.29	205.238	2.31818
XM_047439400.1	2338	2110.29	26.7421	0.570288
XM_047439401.1	1488	1260.29	24.5114	0.875263
XM_047439402.1	1182	954.293	87.8862	4.14458
XM_047439403.1	1918	1690.29	0	0
XM_047439404.1	2121	1893.29	0	0
XM_047439405.1	1953	1725.29	0	0
XM_047439406.1	1774	1546.29	7.1876	0.209187
XM_047439407.1	1690	1462.29	0	0
XM_047439408.1	1770	1542.29	9.17972e-08	2.67858e-09
XM_047439409.1	1743	1515.29	0	0
XM_047439410.1	1606	1378.29	0	0
XM_047439411.1	1727	1499.29	0	0
XM_047439412.1	1582	1354.29	0	0
XM_047439413.1	1494	1266.29	0	0
XM_047439414.1	1398	1170.29	119.753	4.60504
XM_047439415.1	1065	837.293	74.6725	4.01352
XM_047439416.1	1386	1158.29	31.7895	1.23512
XM_047439417.1	1041	813.293	83.3716	4.61331
XM_047439418.1	1362	1134.29	66.0987	2.62247
XM_047439419.1	447	231.819	0	0
XM_047439420.1	405	196.152	2.35851	0.541114
XM_047439421.1	3816	3588.29	60.7357	0.761726
XM_047439422.1	3702	3474.29	0	0
XM_047439423.1	3524	3296.29	5.08121e-08	6.9372e-10
XM_047439424.1	3900	3672.29	0	0
XM_047439425.1	3839	3611.29	113.764	1.41769
XM_047439426.1	3621	3393.29	0	0
XM_047439427.1	3621	3393.29	0	0
XM_047439428.1	3442	3214.29	0	0
XM_047439429.1	3275	3047.29	0	0
XM_047439430.1	2545	2317.29	2.49273	0.0484102
XM_047439431.1	2680	2452.29	0	0
XM_047439432.1	5726	5498.29	0	0
XM_047439433.1	2083	1855.29	4.12419	0.100039
XM_047439434.1	2194	1966.29	0	0
XM_047439435.1	1975	1747.29	4.77304	0.122934
XM_047439436.1	2115	1887.29	0	0
XM_047439437.1	2083	1855.29	2.47663	0.0600746
XM_047439438.1	890	662.427	0	0
XM_047439439.1	1087	859.293	4.52454	0.23696
XM_047439440.1	696	468.994	36.2663	3.47999
XM_047439441.1	590	365.061	0	0
XM_047439442.1	528	305.914	15.4981	2.27992
XM_047439443.1	3795	3567.29	0	0
XM_047439444.1	1774	1546.29	70.2178	2.04361
XM_047439445.1	913	685.293	71.4398	4.69144
XM_047439446.1	4229	4001.29	0	0
XM_047439447.1	4607	4379.29	11.3371	0.116504
XM_047439448.1	4166	3938.29	9.21993	0.105357
XM_047439449.1	4102	3874.29	0	0
XM_047439450.1	4031	3803.29	0	0
XM_047439451.1	4027	3799.29	0	0
XM_047439452.1	5329	5101.29	4.9269	0.0434646
XM_047439453.1	2270	2042.29	0.0206683	0.000455437
XM_047439455.1	747	519.701	3.0484	0.263974
XM_047439456.1	714	486.852	0	0
XM_047439457.1	657	430.76	4.727	0.493846
XM_047439458.1	2669	2441.29	0	0
XM_047439459.1	2148	1920.29	0	0
XM_047439460.1	2692	2464.29	5.47201	0.0999301
XM_047439461.1	3877	3649.29	28.2153	0.347951
XM_047439462.1	1794	1566.29	11.9916	0.344545
XM_047439463.1	1405	1177.29	9.92769	0.379495
XM_047439464.1	3793	3565.29	13.2087	0.166728
XM_047439465.1	3790	3562.29	2.06941e-05	2.61433e-07
XM_047439466.1	3006	2778.29	0	0
XM_047439468.1	3926	3698.29	54.9888	0.669137
XM_047439469.1	1667	1439.29	0	0
XM_047439470.1	979	751.293	205.088	12.2849
XM_047439471.1	1421	1193.29	0	0
XM_047439472.1	887	659.427	2.82339	0.192684
XM_047439473.1	4247	4019.29	52	0.582232
XM_047439474.1	240	80.5243	3	1.67663
XM_047439475.1	1017	789.293	38.6027	2.20101
XM_047439476.1	1515	1287.29	15.8198	0.553052
XM_047439477.1	2136	1908.29	0	0
XM_047439478.1	1607	1379.29	0	0
XM_047439479.1	13343	13115.3	4.23171	0.0145205
XM_047439480.1	4283	4055.29	34.5511	0.383426
XM_047439481.1	4398	4170.29	46.8471	0.505544
XM_047439482.1	2763	2535.29	16.2034	0.28762
XM_047439483.1	2757	2529.29	0	0
XM_047439484.1	2619	2391.29	33.6564	0.633398
XM_047439485.1	3493	3265.29	546.913	7.53769
XM_047439486.1	2506	2278.29	231.889	4.5805
XM_047439487.1	2323	2095.29	226.356	4.86171
XM_047439488.1	2121	1893.29	452.89	10.7651
XM_047439489.1	1991	1763.29	292.682	7.46989
XM_047439490.1	2325	2097.29	0	0
XM_047439491.1	2295	2067.29	0	0
XM_047439492.1	2308	2080.29	0	0
XM_047439493.1	2278	2050.29	3.20747	0.0704026
XM_047439494.1	786	558.487	11.2951	0.910161
XM_047439495.1	8491	8263.29	16.9388	0.092251
XM_047439496.1	10091	9863.29	3.24945e-06	1.48262e-08
XM_047439497.1	7459	7231.29	127.63	0.794288
XM_047439498.1	2789	2561.29	108.036	1.89825
XM_047439499.1	8892	8664.29	1	0.00519409
XM_047439500.1	2938	2710.29	0	0
XM_047439501.1	2788	2560.29	0	0
XM_047439502.1	2725	2497.29	0	0
XM_047439503.1	1894	1666.29	6.5231e-07	1.76175e-08
XM_047439504.1	3637	3409.29	31.7671	0.419329
XM_047439505.1	5939	5711.29	0	0
XM_047439506.1	4918	4690.29	0.000335587	3.21994e-06
XM_047439507.1	4511	4283.29	0	0
XM_047439508.1	4195	3967.29	0	0
XM_047439509.1	2723	2495.29	57.7275	1.04113
XM_047439510.1	1008	780.293	0	0
XM_047439511.1	3832	3604.29	9.9632	0.1244
XM_047439512.1	3468	3240.29	32.3111	0.448756
XM_047439513.1	9558	9330.29	126.207	0.60874
XM_047439514.1	9651	9423.29	41.0046	0.195827
XM_047439515.1	7505	7277.29	263.477	1.62935
XM_047439518.1	6018	5790.29	98.0464	0.762032
XM_047439519.1	4654	4426.29	0	0
XM_047439520.1	3536	3308.29	20.091	0.2733
XM_047439521.1	2222	1994.29	0	0
XM_047439522.1	2188	1960.29	0	0
XM_047439523.1	2135	1907.29	129.328	3.05152
XM_047439524.1	3085	2857.29	0	0
XM_047439525.1	3082	2854.29	0	0
XM_047439526.1	2208	1980.29	4.72874	0.107463
XM_047439527.1	2210	1982.29	0	0
XM_047439528.1	2163	1935.29	34.0724	0.792315
XM_047439529.1	3073	2845.29	0	0
XM_047439530.1	2201	1973.29	1.21344e-08	2.76738e-10
XM_047439531.1	2199	1971.29	43.1037	0.984024
XM_047439532.1	2167	1939.29	0	0
XM_047439533.1	2183	1955.29	0	0
XM_047439534.1	3488	3260.29	11.4396	0.157905
XM_047439535.1	2096	1868.29	14.4996	0.349264
XM_047439536.1	3485	3257.29	6.34016	0.0875963
XM_047439537.1	2093	1865.29	5.24975	0.126658
XM_047439538.1	2084	1856.29	56.2292	1.36319
XM_047439539.1	2124	1896.29	3.80499	0.0903005
XM_047439540.1	2160	1932.29	5.0099	0.116681
XM_047439541.1	2015	1787.29	44.8512	1.12933
XM_047439542.1	2091	1863.29	3.62042	0.0874419
XM_047439543.1	2055	1827.29	2.70859	0.0667079
XM_047439544.1	2016	1788.29	0.214276	0.00539235
XM_047439545.1	1807	1579.29	0	0
XM_047439546.1	2151	1923.29	0	0
XM_047439547.1	2264	2036.29	114.68	2.53447
XM_047439548.1	2261	2033.29	30.8878	0.683642
XM_047439549.1	1544	1316.29	6.79719	0.232391
XM_047439550.1	8965	8737.29	0	0
XM_047439551.1	8788	8560.29	0	0
XM_047439552.1	3707	3479.29	0	0
XM_047439553.1	4026	3798.29	0	0
XM_047439554.1	1568	1340.29	0	0
XM_047439555.1	1873	1645.29	22.0552	0.603268
XM_047439556.1	2480	2252.29	10.9752	0.219296
XM_047439562.1	5027	4799.29	66.6186	0.624684
XM_047439563.1	1681	1453.29	131.006	4.05677
XM_047439564.1	4217	3989.29	167.044	1.88442
XM_047439565.1	5166	4938.29	0	0
XM_047439566.1	4999	4771.29	9.07114	0.0855595
XM_047439567.1	762	534.648	41.4857	3.49199
XM_047439568.1	390	183.77	0	0
XM_047439569.1	2849	2621.29	10.0031	0.171736
XM_047439570.1	2834	2606.29	0	0
XM_047439571.1	3111	2883.29	57.4742	0.89707
XM_047439572.1	4709	4481.29	7.18092	0.0721139
XM_047439573.1	4913	4685.29	3.85698e-06	3.7047e-08
XM_047439574.1	3326	3098.29	0.000125933	1.82919e-06
XM_047439575.1	3244	3016.29	0	0
XM_047439576.1	3122	2894.29	10.7443	0.167062
XM_047439577.1	2987	2759.29	0	0
XM_047439578.1	4622	4394.29	13.4573	0.137819
XM_047439579.1	3558	3330.29	347.244	4.69239
XM_047439580.1	3397	3169.29	14.5238	0.206234
XM_047439581.1	2890	2662.29	13.058	0.220731
XM_047439582.1	4667	4439.29	15.2088	0.154179
XM_047439583.1	4640	4412.29	2.42281e-05	2.47114e-07
XM_047439584.1	1833	1605.29	0	0
XM_047439585.1	1779	1551.29	0	0
XM_047439586.1	1451	1223.29	0.131587	0.00484088
XM_047439587.1	1173	945.293	0	0
XM_047439588.1	1173	945.293	0	0
XM_047439589.1	1448	1220.29	0	0
XM_047439590.1	1579	1351.29	0.0978826	0.00325986
XM_047439591.1	1113	885.293	0.00156409	7.9509e-05
XM_047439592.1	1110	882.293	0.0411984	0.00210141
XM_047439593.1	1382	1154.29	0	0
XM_047439594.1	1112	884.293	0	0
XM_047439595.1	3189	2961.29	0	0
XM_047439596.1	2776	2548.29	39.1908	0.692112
XM_047439597.1	4998	4770.29	7.57143	0.0714291
XM_047439598.1	4962	4734.29	12.5639	0.119429
XM_047439599.1	4276	4048.29	268.586	2.98575
XM_047439600.1	3127	2899.29	0	0
XM_047439601.1	2983	2755.29	0	0
XM_047439602.1	2953	2725.29	0	0
XM_047439603.1	2842	2614.29	0	0
XM_047439604.1	3090	2862.29	0	0
XM_047439605.1	2668	2440.29	0	0
XM_047439606.1	1810	1582.29	5.09879	0.145018
XM_047439607.1	2126	1898.29	17.005	0.40314
XM_047439608.1	1917	1689.29	0	0
XM_047439609.1	1451	1223.29	0	0
XM_047439610.1	896	668.361	0	0
XM_047439611.1	1163	935.293	0	0
XM_047439612.1	1160	932.293	0	0
XM_047439613.1	4528	4300.29	43.5998	0.456277
XM_047439614.1	4608	4380.29	25.8688	0.265775
XM_047439615.1	4615	4387.29	0	0
XM_047439616.1	4328	4100.29	0	0
XM_047439617.1	8551	8323.29	0	0
XM_047439618.1	4655	4427.29	0	0
XM_047439619.1	7942	7714.29	0	0
XM_047439620.1	4758	4530.29	0	0
XM_047439621.1	4538	4310.29	9.21334	0.0961951
XM_047439622.1	4651	4423.29	0	0
XM_047439623.1	7938	7710.29	0	0
XM_047439624.1	8785	8557.29	140.948	0.741251
XM_047439625.1	5423	5195.29	40.9357	0.354596
XM_047439626.1	5447	5219.29	0	0
XM_047439627.1	5526	5298.29	2.89776e-08	2.46132e-10
XM_047439628.1	5162	4934.29	0	0
XM_047439629.1	5378	5150.29	0	0
XM_047439630.1	5397	5169.29	0	0
XM_047439631.1	5374	5146.29	0	0
XM_047439632.1	5302	5074.29	83.0661	0.7367
XM_047439633.1	4940	4712.29	26.0662	0.248936
XM_047439634.1	4736	4508.29	0	0
XM_047439635.1	5154	4926.29	0	0
XM_047439636.1	5279	5051.29	0	0
XM_047439637.1	5298	5070.29	0	0
XM_047439638.1	5150	4922.29	1.91702e-05	1.75268e-07
XM_047439639.1	4487	4259.29	32.2165	0.340395
XM_047439640.1	4483	4255.29	0.00812278	8.59049e-05
XM_047439641.1	5515	5287.29	0	0
XM_047439642.1	4388	4160.29	0	0
XM_047439643.1	1399	1171.29	2.63098	0.101087
XM_047439644.1	1292	1064.29	0.145474	0.00615129
XM_047439645.1	1288	1060.29	0	0
XM_047439646.1	1300	1072.29	0	0
XM_047439647.1	2296	2068.29	36.1722	0.787055
XM_047439648.1	1924	1696.29	731.123	19.3969
XM_047439649.1	3505	3277.29	0	0
XM_047439650.1	687	460.134	0	0
XM_047439651.1	3137	2909.29	0	0
XM_047439652.1	2978	2750.29	0	0
XM_047439653.1	4283	4055.29	83.8998	0.931067
XM_047439654.1	1433	1205.29	130.895	4.88734
XM_047439655.1	4929	4701.29	47.8298	0.457851
XM_047439656.1	3439	3211.29	3.29668	0.0461996
XM_047439657.1	3003	2775.29	5.15757	0.0836332
XM_047439658.1	3095	2867.29	0	0
XM_047439659.1	1705	1477.29	85.2808	2.59793
XM_047439660.1	2741	2513.29	8.46426	0.151561
XM_047439661.1	1435	1207.29	338.973	12.6356
XM_047439662.1	4449	4221.29	0	0
XM_047439663.1	4270	4042.29	244.096	2.71754
XM_047439664.1	4281	4053.29	25.4561	0.282635
XM_047439665.1	4269	4041.29	0	0
XM_047439666.1	3479	3251.29	18.9065	0.261696
XM_047439667.1	2738	2510.29	13.5143	0.242277
XM_047439668.1	2654	2426.29	0	0
XM_047439669.1	2618	2390.29	8.4738	0.15954
XM_047439670.1	6582	6354.29	0	0
XM_047439671.1	6492	6264.29	0	0
XM_047439672.1	6462	6234.29	14.9371	0.107826
XM_047439673.1	3709	3481.29	0	0
XM_047439674.1	3228	3000.29	0	0
XM_047439675.1	3538	3310.29	0	0
XM_047439676.1	3538	3310.29	0	0
XM_047439677.1	6659	6431.29	24.5762	0.171972
XM_047439680.1	3800	3572.29	6.57738	0.0828606
XM_047439681.1	5000	4772.29	0	0
XM_047439682.1	4029	3801.29	12.8137	0.1517
XM_047439683.1	3782	3554.29	1515.93	19.1941
XM_047439684.1	2017	1789.29	1.46241	0.0367816
XM_047439685.1	2116	1888.29	0	0
XM_047439686.1	2026	1798.29	0	0
XM_047439687.1	2014	1786.29	2.44827	0.0616807
XM_047439688.1	2002	1774.29	0	0
XM_047439689.1	1984	1756.29	3.32829	0.0852839
XM_047439690.1	2019	1791.29	2.90764	0.0730494
XM_047439691.1	1969	1741.29	0	0
XM_047439692.1	1966	1738.29	0	0
XM_047439693.1	2001	1773.29	0	0
XM_047439694.1	1960	1732.29	2.26155	0.0587526
XM_047439695.1	1959	1731.29	11.8739	0.30865
XM_047439696.1	1873	1645.29	0	0
XM_047439697.1	1117	889.293	0	0
XM_047439698.1	1105	877.293	0	0
XM_047439699.1	1028	800.293	1.98438	0.111588
XM_047439700.1	1063	835.293	1.527	0.0822702
XM_047439701.1	992	764.293	5.29881	0.312004
XM_047439702.1	1027	799.293	3.87123	0.217964
XM_047439703.1	1009	781.293	0	0
XM_047439704.1	967	739.293	0	0
XM_047439705.1	958	730.293	0	0
XM_047439706.1	916	688.293	0	0
XM_047439707.1	1062	834.293	0	0
XM_047439708.1	4762	4534.29	0	0
XM_047439709.1	4775	4547.29	114.985	1.13797
XM_047439710.1	4446	4218.29	106.321	1.13429
XM_047439711.1	4454	4226.29	162.848	1.73407
XM_047439712.1	4180	3952.29	8.1783	0.0931229
XM_047439713.1	1913	1685.29	0	0
XM_047439714.1	2544	2316.29	101.123	1.96472
XM_047439715.1	2024	1796.29	24.8349	0.622197
XM_047439716.1	2269	2041.29	17.4591	0.384911
XM_047439717.1	2267	2039.29	0	0
XM_047439718.1	2159	1931.29	52.5629	1.22482
XM_047439719.1	1586	1358.29	5.61126	0.185913
XM_047439720.1	3151	2923.29	0	0
XM_047439721.1	2744	2516.29	0	0
XM_047439722.1	4760	4532.29	18.4197	0.182897
XM_047439723.1	4569	4341.29	0	0
XM_047439724.1	11992	11764.3	0	0
XM_047439725.1	804	576.487	1.10995	0.0866473
XM_047439726.1	5828	5600.29	52.0169	0.417999
XM_047439727.1	795	567.487	0	0
XM_047439728.1	2603	2375.29	0	0
XM_047439729.1	2590	2362.29	0	0
XM_047439730.1	2667	2439.29	0	0
XM_047439731.1	2289	2061.29	0	0
XM_047439732.1	2114	1886.29	0	0
XM_047439733.1	1644	1416.29	16.6651	0.529537
XM_047439734.1	3614	3386.29	0	0
XM_047439735.1	1410	1182.29	0	0
XM_047439736.1	3423	3195.29	0	0
XM_047439737.1	1180	952.293	0	0
XM_047439738.1	6366	6138.29	2.35754	0.0172844
XM_047439739.1	6240	6012.29	18.4422	0.138043
XM_047439740.1	6190	5962.29	0	0
XM_047439741.1	6064	5836.29	0	0
XM_047439742.1	6318	6090.29	54.411	0.40206
XM_047439743.1	6142	5914.29	0	0
XM_047439744.1	6294	6066.29	0	0
XM_047439745.1	6168	5940.29	0	0
XM_047439746.1	6196	5968.29	0	0
XM_047439747.1	5182	4954.29	15.877	0.144221
XM_047439748.1	4642	4414.29	0	0
XM_047439749.1	4475	4247.29	0	0
XM_047439750.1	6444	6216.29	7.54365	0.0546126
XM_047439751.1	7639	7411.29	23.9016	0.145136
XM_047439752.1	4357	4129.29	33.1347	0.361119
XM_047439753.1	4403	4175.29	0	0
XM_047439754.1	3974	3746.29	0	0
XM_047439755.1	4153	3925.29	11.6061	0.133063
XM_047439756.1	3808	3580.29	20.723	0.260481
XM_047439758.1	640	414.014	0	0
XM_047439759.1	7739	7511.29	162.588	0.974128
XM_047439760.1	7305	7077.29	12.3272	0.0783861
XM_047439761.1	3082	2854.29	187.536	2.95684
XM_047439762.1	2517	2289.29	0	0
XM_047439763.1	6963	6735.29	0	0
XM_047439764.1	7073	6845.29	0	0
XM_047439765.1	7279	7051.29	0	0
XM_047439766.1	7207	6979.29	0	0
XM_047439767.1	7101	6873.29	0	0
XM_047439768.1	7167	6939.29	0	0
XM_047439769.1	6984	6756.29	0	0
XM_047439770.1	6965	6737.29	0	0
XM_047439771.1	6891	6663.29	0	0
XM_047439772.1	6986	6758.29	0	0
XM_047439773.1	7010	6782.29	0	0
XM_047439774.1	12708	12480.3	12.6058	0.0454557
XM_047439775.1	5066	4838.29	0	0
XM_047439776.1	4949	4721.29	0	0
XM_047439777.1	5034	4806.29	0	0
XM_047439778.1	5172	4944.29	0	0
XM_047439779.1	5155	4927.29	0	0
XM_047439780.1	5055	4827.29	0	0
XM_047439781.1	5038	4810.29	0	0
XM_047439782.1	5123	4895.29	6.68941	0.0614966
XM_047439783.1	5030	4802.29	0	0
XM_047439784.1	5124	4896.29	0	0
XM_047439785.1	5003	4775.29	0	0
XM_047439786.1	4964	4736.29	0	0
XM_047439787.1	8209	7981.29	250.013	1.40971
XM_047439789.1	2214	1986.29	13	0.294539
XM_047439790.1	4376	4148.29	0	0
XM_047439791.1	1404	1176.29	0	0
XM_047439792.1	1649	1421.29	0	0
XM_047439793.1	2657	2429.29	0	0
XM_047439794.1	767	539.541	47.1974	3.93673
XM_047439795.1	2995	2767.29	0	0
XM_047439796.1	4254	4026.29	15.3359	0.171414
XM_047439797.1	1616	1388.29	0	0
XM_047439798.1	5849	5621.29	14.3866	0.115176
XM_047439799.1	30347	30119.3	27.2897	0.0407752
XM_047439800.1	1147	919.293	1.00556	0.0492262
XM_047439801.1	693	466.041	0	0
XM_047439802.1	1975	1747.29	0	0
XM_047439803.1	1797	1569.29	37.3238	1.07035
XM_047439804.1	751	523.701	0	0
XM_047439805.1	606	380.649	13	1.53695
XM_047439806.1	2646	2418.29	13.92	0.259043
XM_047439807.1	1842	1614.29	0	0
XM_047439808.1	2382	2154.29	0	0
XM_047439809.1	969	741.293	50.352	3.05681
XM_047439810.1	846	618.427	13.4622	0.979645
XM_047439811.1	835	607.427	36.3489	2.69302
XM_047439812.1	6458	6230.29	119.404	0.862491
XM_047439813.1	6431	6203.29	0	0
XM_047439814.1	1599	1371.29	0	0
XM_047439815.1	1582	1354.29	0	0
XM_047439816.1	1649	1421.29	0	0
XM_047439817.1	1423	1195.29	0	0
XM_047439818.1	1445	1217.29	0	0
XM_047439819.1	1062	834.293	0	0
XM_047439820.1	1208	980.293	0	0
XM_047439821.1	2818	2590.29	123.973	2.15388
XM_047439822.1	558	334.107	77.9978	10.506
XM_047439823.1	722	494.802	2.08607	0.189732
XM_047439824.1	1736	1508.29	66.575	1.9864
XM_047439825.1	6955	6727.29	3.26102	0.021815
XM_047439826.1	5406	5178.29	0	0
XM_047439827.1	5391	5163.29	0	0
XM_047439828.1	5235	5007.29	17.7261	0.159314
XM_047439829.1	4920	4692.29	14.9677	0.143553
XM_047439830.1	1456	1228.29	0	0
XM_047439831.1	1391	1163.29	17.5896	0.68047
XM_047439832.1	8876	8648.29	302.839	1.57588
XM_047439833.1	1501	1273.29	0	0
XM_047439834.1	1961	1733.29	316.421	8.21553
XM_047439835.1	1378	1150.29	0	0
XM_047439836.1	932	704.293	8.45369	0.540176
XM_047439837.1	2039	1811.29	52.7414	1.3104
XM_047439838.1	2762	2534.29	22.2309	0.394768
XM_047439839.1	1097	869.293	42.4177	2.19595
XM_047439840.1	1957	1729.29	323.574	8.42067
XM_047439841.1	1260	1032.29	0	0
XM_047439846.1	12723	12495.3	0	0
XM_047439847.1	12720	12492.3	0	0
XM_047439848.1	5007	4779.29	0	0
XM_047439849.1	1294	1066.29	0	0
XM_047439850.1	1381	1153.29	0	0
XM_047439851.1	1376	1148.29	0	0
XM_047439852.1	1530	1302.29	2.11581	0.0731158
XM_047439853.1	15239	15011.3	0	0
XM_047439854.1	15518	15290.3	82.2008	0.241937
XM_047439855.1	8066	7838.29	140.26	0.805294
XM_047439856.1	7919	7691.29	75.7978	0.443506
XM_047439857.1	15122	14894.3	1.47685	0.0044623
XM_047439858.1	15203	14975.3	0	0
XM_047439859.1	15056	14828.3	0	0
XM_047439860.1	15051	14823.3	14.4511	0.0438732
XM_047439861.1	10940	10712.3	83.2581	0.349773
XM_047439862.1	15013	14785.3	0	0
XM_047439863.1	10831	10603.3	0	0
XM_047439864.1	4272	4044.29	123.465	1.37386
XM_047439865.1	10957	10729.3	11.3039	0.0474131
XM_047439866.1	15869	15641.3	28.0443	0.080689
XM_047439867.1	2615	2387.29	0	0
XM_047439868.1	2615	2387.29	0	0
XM_047439869.1	3209	2981.29	0	0
XM_047439870.1	3111	2883.29	0	0
XM_047439871.1	1329	1101.29	0	0
XM_047439872.1	1555	1327.29	0	0
XM_047439873.1	8841	8613.29	0	0
XM_047439874.1	8448	8220.29	116.408	0.63729
XM_047439875.1	8451	8223.29	70.5869	0.386296
XM_047439876.1	4836	4608.29	0	0
XM_047439877.1	4833	4605.29	0	0
XM_047439878.1	8576	8348.29	0	0
XM_047439879.1	4650	4422.29	98.3166	1.00051
XM_047439880.1	11281	11053.3	0	0
XM_047439881.1	11208	10980.3	0	0
XM_047439882.1	9906	9678.29	0	0
XM_047439883.1	838	610.427	0	0
XM_047439885.1	4765	4537.29	4.02385	0.0399105
XM_047439886.1	665	438.717	0	0
XM_047439887.1	849	621.427	0	0
XM_047439888.1	581	356.279	0	0
XM_047439889.1	1190	962.293	0	0
XM_047439890.1	782	554.487	0	0
XM_047439891.1	1095	867.293	0	0
XM_047439892.1	2771	2543.29	3	0.0530844
XM_047439893.1	2921	2693.29	0	0
XM_047439894.1	2509	2281.29	0	0
XM_047439895.1	1589	1361.29	0	0
XM_047439896.1	1599	1371.29	38.6627	1.26883
XM_047439897.1	1532	1304.29	0	0
XM_047439898.1	1409	1181.29	0	0
XM_047439899.1	1458	1230.29	0	0
XM_047439900.1	1703	1475.29	0	0
XM_047439901.1	5429	5201.29	0	0
XM_047439902.1	1013	785.293	0	0
XM_047439903.1	1334	1106.29	0	0
XM_047439904.1	2108	1880.29	0	0
XM_047439905.1	2471	2243.29	0	0
XM_047439906.1	2011	1783.29	0	0
XM_047439907.1	2008	1780.29	0	0
XM_047439908.1	2129	1901.29	0	0
XM_047439909.1	2124	1896.29	0	0
XM_047439910.1	822	594.427	0	0
XM_047439911.1	874	646.427	0	0
XM_047439912.1	4129	3901.29	0	0
XM_047439913.1	4113	3885.29	0	0
XM_047439914.1	2802	2574.29	0	0
XM_047439915.1	4795	4567.29	0	0
XM_047439916.1	4579	4351.29	419.36	4.33722
XM_047439917.1	4260	4032.29	0	0
XM_047439918.1	3940	3712.29	0	0
XM_047439919.1	4248	4020.29	0	0
XM_047439920.1	3928	3700.29	0	0
XM_047439921.1	2154	1926.29	0	0
XM_047439922.1	2142	1914.29	0	0
XM_047439923.1	1999	1771.29	0	0
XM_047439924.1	1869	1641.29	2.04083	0.0559581
XM_047439925.1	1681	1453.29	0	0
XM_047439926.1	1729	1501.29	0	0
XM_047439927.1	1984	1756.29	0	0
XM_047439928.1	1291	1063.29	0	0
XM_047439929.1	2024	1796.29	0	0
XM_047439930.1	2583	2355.29	0	0
XM_047439931.1	1770	1542.29	0	0
XM_047439932.1	1218	990.293	0.821531	0.0373338
XM_047439933.1	2679	2451.29	0	0
XM_047439934.1	2594	2366.29	0	0
XM_047439935.1	2046	1818.29	350.959	8.68631
XM_047439936.1	5487	5259.29	48.0294	0.410982
XM_047439938.1	4685	4457.29	0	0
XM_047439939.1	6829	6601.29	0	0
XM_047439940.1	6817	6589.29	0	0
XM_047439941.1	7226	6998.29	1.64212	0.0105598
XM_047439942.1	6917	6689.29	56.0234	0.376904
XM_047439943.1	7142	6914.29	165.271	1.0757
XM_047439944.1	6833	6605.29	0	0
XM_047439945.1	6896	6668.29	696.875	4.70308
XM_047439946.1	4315	4087.29	0	0
XM_047439949.1	4136	3908.29	0	0
XM_047439950.1	4129	3901.29	0	0
XM_047439955.1	4010	3782.29	0	0
XM_047439956.1	4000	3772.29	0	0
XM_047439959.1	2000	1772.29	0	0
XM_047439960.1	1874	1646.29	0	0
XM_047439961.1	961	733.293	52.5036	3.22221
XM_047439962.1	4441	4213.29	12.5152	0.133678
XM_047439963.1	726	498.753	0	0
XM_047439964.1	971	743.293	2	0.121091
XM_047439965.1	1124	896.293	0	0
XM_047439966.1	6273	6045.29	0	0
XM_047439972.1	6087	5859.29	0	0
XM_047439973.1	6085	5857.29	0	0
XM_047439974.1	6082	5854.29	0	0
XM_047439975.1	6084	5856.29	0	0
XM_047439976.1	6069	5841.29	9.89778	0.0762555
XM_047439983.1	6045	5817.29	0.00308809	2.38898e-05
XM_047439984.1	6001	5773.29	0	0
XM_047439985.1	6003	5775.29	0	0
XM_047439988.1	5878	5650.29	16.9892	0.135314
XM_047439989.1	5875	5647.29	0	0
XM_047440009.1	5464	5236.29	0	0
XM_047440010.1	2678	2450.29	6.47633	0.118947
XM_047440011.1	2656	2428.29	0	0
XM_047440012.1	2895	2667.29	0	0
XM_047440013.1	5047	4819.29	35.2408	0.329082
XM_047440014.1	12358	12130.3	6.06385	0.0224967
XM_047440015.1	6200	5972.29	6.17056	0.0464971
XM_047440016.1	1331	1103.29	525.258	21.4252
XM_047440017.1	3178	2950.29	21.1425	0.322503
XM_047440018.1	3345	3117.29	60.4537	0.872746
XM_047440019.1	6083	5855.29	0.280847	0.00215856
XM_047440020.1	6068	5840.29	0.529221	0.00407798
XM_047440021.1	5192	4964.29	13.8944	0.125957
XM_047440022.1	5838	5610.29	0	0
XM_047440023.1	5609	5381.29	0	0
XM_047440024.1	5266	5038.29	0	0
XM_047440025.1	5882	5654.29	1.62581	0.01294
XM_047440026.1	5867	5639.29	3.09856	0.0247273
XM_047440027.1	5006	4778.29	49.7468	0.468527
XM_047440028.1	4678	4450.29	1.67634	0.0169518
XM_047440029.1	4477	4249.29	16.006	0.169515
XM_047440030.1	4247	4019.29	0.850791	0.0095261
XM_047440031.1	4046	3818.29	10.5812	0.124712
XM_047440032.1	4219	3991.29	0	0
XM_047440033.1	3959	3731.29	0	0
XM_047440034.1	5232	5004.29	0	0
XM_047440035.1	3971	3743.29	0	0
XM_047440036.1	4228	4000.29	264.656	2.97736
XM_047440037.1	4784	4556.29	0	0
XM_047440038.1	4171	3943.29	0	0
XM_047440039.1	4795	4567.29	0	0
XM_047440040.1	4310	4082.29	54.4463	0.600215
XM_047440041.1	4219	3991.29	14.9249	0.168283
XM_047440042.1	4585	4357.29	38.2632	0.395191
XM_047440043.1	4052	3824.29	0.00258365	3.04036e-05
XM_047440044.1	10194	9966.29	77.7086	0.350895
XM_047440045.1	10721	10493.3	0	0
XM_047440046.1	10167	9939.29	14.7186	0.0666427
XM_047440047.1	9383	9155.29	0.0828586	0.000407294
XM_047440048.1	7095	6867.29	4.02487	0.026376
XM_047440049.1	7153	6925.29	311.221	2.02243
XM_047440050.1	7080	6852.29	158.574	1.04145
XM_047440051.1	7062	6834.29	1.96207	0.01292
XM_047440052.1	7050	6822.29	328.657	2.16798
XM_047440053.1	7117	6889.29	74.8127	0.488701
XM_047440054.1	7047	6819.29	41.2734	0.272379
XM_047440055.1	7044	6816.29	36.6333	0.241864
XM_047440056.1	6949	6721.29	2.51942	0.016869
XM_047440057.1	6934	6706.29	109.255	0.733162
XM_047440058.1	6916	6688.29	1.19333	0.00802949
XM_047440059.1	6901	6673.29	27.3003	0.184107
XM_047440060.1	5400	5172.29	17.0634	0.148465
XM_047440061.1	4173	3945.29	0.000765289	8.72949e-06
XM_047440062.1	4646	4418.29	10.4417	0.106355
XM_047440063.1	4119	3891.29	0	0
XM_047440064.1	4101	3873.29	102.439	1.19022
XM_047440065.1	4086	3858.29	0	0
XM_047440066.1	4080	3852.29	0.025509	0.000298
XM_047440067.1	4071	3843.29	0	0
XM_047440068.1	4068	3840.29	0	0
XM_047440069.1	6291	6063.29	0	0
XM_047440070.1	6063	5835.29	15.9252	0.122819
XM_047440071.1	6030	5802.29	62.8249	0.487275
XM_047440072.1	5678	5450.29	0	0
XM_047440073.1	1075	847.293	0	0
XM_047440074.1	6631	6403.29	136.289	0.957853
XM_047440075.1	7488	7260.29	11.1047	0.0688326
XM_047440076.1	7572	7344.29	1.04817	0.00642276
XM_047440077.1	6715	6487.29	0.00221845	1.53896e-05
XM_047440078.1	6300	6072.29	188.58	1.39761
XM_047440079.1	5104	4876.29	650.4	6.00252
XM_047440080.1	775	547.487	0	0
XM_047440081.1	2509	2281.29	0	0
XM_047440082.1	2502	2274.29	28.1853	0.557722
XM_047440083.1	8231	8003.29	51.4307	0.289198
XM_047440084.1	4683	4455.29	8.96821	0.0905883
XM_047440085.1	5168	4940.29	213.497	1.94483
XM_047440086.1	5591	5363.29	0	0
XM_047440087.1	2454	2226.29	0	0
XM_047440088.1	2257	2029.29	0	0
XM_047440089.1	1763	1535.29	10.1793	0.298379
XM_047440090.1	1832	1604.29	0	0
XM_047440091.1	2191	1963.29	10.0537	0.230454
XM_047440092.1	2304	2076.29	9.08535	0.196922
XM_047440093.1	1690	1462.29	0	0
XM_047440094.1	2071	1843.29	12.8104	0.312759
XM_047440095.1	2697	2469.29	22.3296	0.406959
XM_047440096.1	2673	2445.29	3.37454	0.0621048
XM_047440097.1	2293	2065.29	30.268	0.659545
XM_047440098.1	2269	2041.29	2.9746	0.0655792
XM_047440099.1	1841	1613.29	90.5352	2.52549
XM_047440100.1	1657	1429.29	33.2944	1.04832
XM_047440101.1	2338	2110.29	0	0
XM_047440102.1	2171	1943.29	35.7538	0.827992
XM_047440103.1	3523	3295.29	47.4142	0.647525
XM_047440104.1	5223	4995.29	51.2622	0.461826
XM_047440105.1	4519	4291.29	0	0
XM_047440106.1	4229	4001.29	0	0
XM_047440107.1	3233	3005.29	0	0
XM_047440108.1	2723	2495.29	149.9	2.70348
XM_047440109.1	2074	1846.29	0	0
XM_047440110.1	2003	1775.29	14.4633	0.36664
XM_047440111.1	2075	1847.29	82.5982	2.01223
XM_047440112.1	1850	1622.29	60.1407	1.66833
XM_047440113.1	2551	2323.29	0	0
XM_047440114.1	1668	1440.29	0	0
XM_047440115.1	1459	1231.29	1190.37	43.5074
XM_047440116.1	1756	1528.29	50.5809	1.48944
XM_047440117.1	1565	1337.29	0	0
XM_047440118.1	1541	1313.29	563.509	19.3099
XM_047440119.1	1414	1186.29	1895.42	71.9044
XM_047440120.1	1520	1292.29	72.34	2.51918
XM_047440121.1	1734	1506.29	147.22	4.39844
XM_047440122.1	1620	1392.29	0	0
XM_047440123.1	1708	1480.29	0.521167	0.0158442
XM_047440124.1	1415	1187.29	14.5362	0.550979
XM_047440125.1	1586	1358.29	173.511	5.74878
XM_047440126.1	1589	1361.29	0	0
XM_047440127.1	1206	978.293	0	0
XM_047440128.1	1421	1193.29	0	0
XM_047440129.1	1346	1118.29	0	0
XM_047440130.1	912	684.293	1	0.0657658
XM_047440131.1	4805	4577.29	11.2972	0.111072
XM_047440132.1	1418	1190.29	24.0057	0.907617
XM_047440133.1	2406	2178.29	0	0
XM_047440134.1	2678	2450.29	0	0
XM_047440135.1	7837	7609.29	0	0
XM_047440136.1	7613	7385.29	0	0
XM_047440137.1	7433	7205.29	0	0
XM_047440138.1	7974	7746.29	0	0
XM_047440139.1	1496	1268.29	12.2001	0.432899
XM_047440141.1	2310	2082.29	33.795	0.730387
XM_047440142.1	2305	2077.29	38.3693	0.831243
XM_047440143.1	2521	2293.29	0	0
XM_047440144.1	9268	9040.29	0	0
XM_047440145.1	9160	8932.29	0	0
XM_047440146.1	2311	2083.29	0	0
XM_047440147.1	2142	1914.29	0	0
XM_047440148.1	11288	11060.3	0	0
XM_047440149.1	11153	10925.3	6.44245e-08	2.65375e-10
XM_047440150.1	10661	10433.3	0	0
XM_047440152.1	2318	2090.29	0	0
XM_047440153.1	4420	4192.29	0	0
XM_047440154.1	3370	3142.29	0	0
XM_047440155.1	3397	3169.29	0	0
XM_047440156.1	3246	3018.29	0	0
XM_047440157.1	2995	2767.29	0	0
XM_047440180.1	5959	5731.29	59.7381	0.469074
XM_047440181.1	6118	5890.29	136.261	1.04106
XM_047440182.1	6176	5948.29	0	0
XM_047440183.1	5480	5252.29	17.7268	0.151888
XM_047440184.1	5886	5658.29	70.287	0.559026
XM_047440185.1	5461	5233.29	0	0
XM_047440186.1	6309	6081.29	11.2667	0.0833763
XM_047440187.1	3924	3696.29	11.8406	0.144162
XM_047440188.1	1673	1445.29	81.0233	2.52288
XM_047440189.1	2423	2195.29	0	0
XM_047440190.1	2833	2605.29	1.72947e-06	2.98743e-08
XM_047440191.1	2828	2600.29	0	0
XM_047440192.1	2868	2640.29	0	0
XM_047440193.1	2719	2491.29	12.323	0.222604
XM_047440194.1	1736	1508.29	0	0
XM_047440195.1	1498	1270.29	18.3213	0.649076
XM_047440196.1	1301	1073.29	85.191	3.57205
XM_047440197.1	1134	906.293	13.9353	0.691975
XM_047440198.1	1476	1248.29	0	0
XM_047440199.1	501	280.906	4.18608	0.670641
XM_047440200.1	5821	5593.29	0	0
XM_047440201.1	5454	5226.29	3.82641	0.0329488
XM_047440202.1	5418	5190.29	1.48313	0.0128597
XM_047440203.1	5454	5226.29	3.82641	0.0329488
XM_047440204.1	5403	5175.29	0.000319224	2.7759e-06
XM_047440205.1	4774	4546.29	17.8342	0.176538
XM_047440206.1	3925	3697.29	0	0
XM_047440207.1	3083	2855.29	311.909	4.91608
XM_047440208.1	2955	2727.29	342.093	5.64488
XM_047440209.1	4798	4570.29	0	0
XM_047440210.1	4870	4642.29	0	0
XM_047440211.1	4874	4646.29	0	0
XM_047440212.1	5217	4989.29	0	0
XM_047440213.1	5145	4917.29	0	0
XM_047440214.1	4724	4496.29	74.3843	0.744507
XM_047440215.1	4516	4288.29	49.7846	0.52246
XM_047440216.1	4309	4081.29	0.23691	0.00261233
XM_047440217.1	2167	1939.29	0	0
XM_047440218.1	2355	2127.29	0	0
XM_047440219.1	2328	2100.29	0	0
XM_047440220.1	2102	1874.29	0	0
XM_047440221.1	2065	1837.29	0	0
XM_047440222.1	2106	1878.29	0	0
XM_047440223.1	1922	1694.29	0	0
XM_047440224.1	838	610.427	129.088	9.51686
XM_047440225.1	650	423.846	93.0312	9.87786
XM_047440226.1	1865	1637.29	0	0
XM_047440227.1	1862	1634.29	0	0
XM_047440228.1	1841	1613.29	0	0
XM_047440229.1	2140	1912.29	0	0
XM_047440230.1	2137	1909.29	0	0
XM_047440231.1	2388	2160.29	14.1282	0.294317
XM_047440232.1	2116	1888.29	12.7276	0.303332
XM_047440233.1	1509	1281.29	0	0
XM_047440234.1	1374	1146.29	25.7338	1.0103
XM_047440235.1	1332	1104.29	9.60708	0.391516
XM_047440236.1	1329	1101.29	0	0
XM_047440237.1	1323	1095.29	7.7292	0.317575
XM_047440238.1	1439	1211.29	149.903	5.56934
XM_047440239.1	1204	976.293	14.7105	0.678095
XM_047440240.1	1207	979.293	0	0
XM_047440241.1	1179	951.293	0	0
XM_047440242.1	1176	948.293	0	0
XM_047440243.1	1590	1362.29	8.60738	0.284343
XM_047440244.1	1493	1265.29	5.76337	0.204988
XM_047440245.1	1129	901.293	5.81876	0.29054
XM_047440246.1	4840	4612.29	166.893	1.6284
XM_047440247.1	4470	4242.29	173.005	1.83527
XM_047440248.1	3404	3176.29	0	0
XM_047440249.1	3499	3271.29	0	0
XM_047440250.1	3481	3253.29	0	0
XM_047440251.1	3347	3119.29	0	0
XM_047440252.1	3036	2808.29	0	0
XM_047440253.1	4072	3844.29	15.3779	0.180021
XM_047440254.1	1904	1676.29	10.488	0.281568
XM_047440255.1	1828	1600.29	1.78369	0.0501606
XM_047440256.1	1355	1127.29	0	0
XM_047440257.1	1588	1360.29	0	0
XM_047440258.1	2529	2301.29	5.94717	0.1163
XM_047440259.1	4804	4576.29	0	0
XM_047440260.1	4300	4072.29	119.022	1.31532
XM_047440261.1	5857	5629.29	73.038	0.583899
XM_047440262.1	5186	4958.29	0	0
XM_047440263.1	5066	4838.29	0	0
XM_047440264.1	5033	4805.29	0	0
XM_047440265.1	5033	4805.29	0	0
XM_047440266.1	5000	4772.29	0	0
XM_047440267.1	2971	2743.29	0	0
XM_047440268.1	2681	2453.29	0	0
XM_047440269.1	16860	16632.3	14.2481	0.038552
XM_047440270.1	1230	1002.29	30.1375	1.35318
XM_047440271.1	1194	966.293	0	0
XM_047440272.1	1213	985.293	0	0
XM_047440273.1	2105	1877.29	16.0801	0.385476
XM_047440274.1	2190	1962.29	0	0
XM_047440275.1	2288	2060.29	0	0
XM_047440276.1	1829	1601.29	0	0
XM_047440277.1	1520	1292.29	0	0
XM_047440278.1	475	257.02	9.66124	1.69164
XM_047440279.1	7692	7464.29	0	0
XM_047440280.1	7693	7465.29	0.699428	0.00421636
XM_047440281.1	3810	3582.29	0	0
XM_047440282.1	7643	7415.29	0	0
XM_047440283.1	9204	8976.29	42.9914	0.215539
XM_047440284.1	7638	7410.29	0	0
XM_047440285.1	2459	2231.29	0	0
XM_047440286.1	2831	2603.29	0	0
XM_047440287.1	3740	3512.29	61.037	0.782068
XM_047440288.1	3734	3506.29	0.427595	0.00548816
XM_047440289.1	1264	1036.29	303.549	13.1822
XM_047440290.1	1258	1030.29	0	0
XM_047440291.1	1234	1006.29	229.17	10.2488
XM_047440292.1	1907	1679.29	0	0
XM_047440293.1	2842	2614.29	0	0
XM_047440294.1	2812	2584.29	0	0
XM_047440295.1	4252	4024.29	0	0
XM_047440296.1	4249	4021.29	0	0
XM_047440297.1	4198	3970.29	0	0
XM_047440298.1	3880	3652.29	0	0
XM_047440299.1	3754	3526.29	0	0
XM_047440300.1	3877	3649.29	0	0
XM_047440301.1	3832	3604.29	0	0
XM_047440302.1	2555	2327.29	5.95341e-08	1.15122e-09
XM_047440303.1	2549	2321.29	18.4091	0.356898
XM_047440304.1	1241	1013.29	86.751	3.85285
XM_047440305.1	2449	2221.29	0	0
XM_047440306.1	2413	2185.29	0	0
XM_047440307.1	2443	2215.29	6.70303	0.13617
XM_047440314.1	8442	8214.29	0	0
XM_047440315.1	8433	8205.29	0	0
XM_047440316.1	4146	3918.29	77.8297	0.893904
XM_047440317.1	9641	9413.29	0.105647	0.000505075
XM_047440318.1	5078	4850.29	9.17592	0.0851381
XM_047440319.1	5999	5771.29	7.8187	0.0609682
XM_047440320.1	23296	23068.3	4.31638	0.00842067
XM_047440321.1	6293	6065.29	0	0
XM_047440322.1	7761	7533.29	0	0
XM_047440323.1	7692	7464.29	0	0
XM_047440324.1	9952	9724.29	4.82529	0.022331
XM_047440325.1	5970	5742.29	128.732	1.00889
XM_047440326.1	6095	5867.29	85.7562	0.657764
XM_047440327.1	6005	5777.29	226.296	1.76277
XM_047440328.1	5326	5098.29	0	0
XM_047440329.1	5469	5241.29	14.0576	0.120702
XM_047440331.1	6889	6661.29	0	0
XM_047440332.1	6633	6405.29	3.42702e-06	2.4078e-08
XM_047440333.1	6599	6371.29	0.00505682	3.57185e-05
XM_047440334.1	4881	4653.29	0	0
XM_047440335.1	1536	1308.29	3.00635	0.103414
XM_047440336.1	6371	6143.29	0	0
XM_047440337.1	6347	6119.29	0	0
XM_047440338.1	6085	5857.29	0	0
XM_047440339.1	5926	5698.29	0.011901	9.39898e-05
XM_047440340.1	6785	6557.29	0	0
XM_047440341.1	5897	5669.29	12.9881	0.1031
XM_047440342.1	2460	2232.29	71.4304	1.44004
XM_047440346.1	3183	2955.29	0	0
XM_047440347.1	3328	3100.29	0	0
XM_047440348.1	5521	5293.29	45.8107	0.389478
XM_047440349.1	5469	5241.29	0	0
XM_047440350.1	2420	2192.29	94.1532	1.93276
XM_047440354.1	3143	2915.29	9.22504	0.142406
XM_047440355.1	1451	1223.29	0	0
XM_047440356.1	1459	1231.29	10.5552	0.385787
XM_047440357.1	3810	3582.29	89.1676	1.12018
XM_047440358.1	3607	3379.29	0	0
XM_047440359.1	3538	3310.29	23.9769	0.325964
XM_047440360.1	617	391.417	0	0
XM_047440361.1	3374	3146.29	52.2134	0.746836
XM_047440362.1	3050	2822.29	51.9777	0.828815
XM_047440363.1	4803	4575.29	295.59	2.90746
XM_047440364.1	2993	2765.29	18.4656	0.300514
XM_047440365.1	2944	2716.29	21.6848	0.35927
XM_047440366.1	7388	7160.29	27.2763	0.171434
XM_047440367.1	7452	7224.29	5.85814	0.0364928
XM_047440368.1	1422	1194.29	0	0
XM_047440369.1	2087	1859.29	2.17681	0.0526883
XM_047440370.1	1985	1757.29	3.02188	0.0773883
XM_047440371.1	3474	3246.29	0	0
XM_047440372.1	779	551.487	675.951	55.1598
XM_047440373.1	3657	3429.29	0	0
XM_047440374.1	1966	1738.29	0	0
XM_047440375.1	5718	5490.29	15.82	0.129674
XM_047440376.1	5268	5040.29	1.21285	0.0108292
XM_047440377.1	4717	4489.29	67.8161	0.679825
XM_047440378.1	1609	1381.29	103.026	3.35662
XM_047440379.1	2256	2028.29	155.359	3.44706
XM_047440380.1	2103	1875.29	17.7547	0.426075
XM_047440381.1	1980	1752.29	66.3889	1.70503
XM_047440382.1	1187	959.293	96.9138	4.54649
XM_047440383.1	4577	4349.29	46.8271	0.484531
XM_047440384.1	4595	4367.29	0	0
XM_047440385.1	4412	4184.29	49.4388	0.531727
XM_047440386.1	4592	4364.29	0	0
XM_047440387.1	4409	4181.29	138.034	1.48566
XM_047440388.1	4309	4081.29	71.6733	0.790318
XM_047440389.1	2681	2453.29	111.828	2.05137
XM_047440390.1	1179	951.293	82.4508	3.90052
XM_047440391.1	622	396.338	0.766803	0.0870682
XM_047440392.1	2124	1896.29	41.4105	0.98276
XM_047440393.1	1730	1502.29	0	0
XM_047440394.1	1361	1133.29	0	0
XM_047440395.1	1267	1039.29	0	0
XM_047440396.1	6061	5833.29	7.31065e-07	5.64007e-09
XM_047440397.1	5942	5714.29	28.215	0.222208
XM_047440398.1	4916	4688.29	0	0
XM_047440399.1	6298	6070.29	0	0
XM_047440400.1	6189	5961.29	0	0
XM_047440401.1	5924	5696.29	21.191	0.167417
XM_047440402.1	6043	5815.29	5.58163e-07	4.31948e-09
XM_047440403.1	4898	4670.29	0	0
XM_047440404.1	4617	4389.29	0	0
XM_047440405.1	6096	5868.29	0	0
XM_047440406.1	5070	4842.29	0	0
XM_047440407.1	6436	6208.29	20.2355	0.146684
XM_047440408.1	6317	6089.29	10.3742	0.0766711
XM_047440409.1	5110	4882.29	0	0
XM_047440410.1	5756	5528.29	24.1875	0.196898
XM_047440411.1	5875	5647.29	2.50484e-07	1.9961e-09
XM_047440412.1	4549	4321.29	0.00889873	9.26738e-05
XM_047440413.1	4730	4502.29	0	0
XM_047440414.1	3648	3420.29	0	0
XM_047440415.1	3673	3445.29	0	0
XM_047440416.1	3544	3316.29	0	0
XM_047440417.1	4230	4002.29	10.3247	0.116095
XM_047440418.1	3655	3427.29	0	0
XM_047440419.1	3630	3402.29	0	0
XM_047440420.1	3526	3298.29	1.89369e-08	2.58382e-10
XM_047440421.1	4287	4059.29	3.67401e-07	4.07317e-09
XM_047440422.1	3778	3550.29	0	0
XM_047440423.1	3772	3544.29	0	0
XM_047440424.1	3561	3333.29	0	0
XM_047440425.1	11812	11584.3	0	0
XM_047440426.1	6311	6083.29	50.4201	0.372999
XM_047440429.1	4392	4164.29	418.579	4.52354
XM_047440430.1	1647	1419.29	0	0
XM_047440431.1	2380	2152.29	116.515	2.43625
XM_047440432.1	4340	4112.29	1.33536e-05	1.46135e-07
XM_047440433.1	3615	3387.29	0	0
XM_047440434.1	4301	4073.29	6.30003	0.0696048
XM_047440435.1	1873	1645.29	6.82345	0.186639
XM_047440436.1	2059	1831.29	0	0
XM_047440437.1	2024	1796.29	0	0
XM_047440438.1	1754	1526.29	0	0
XM_047440439.1	1847	1619.29	0	0
XM_047440440.1	1482	1254.29	0	0
XM_047440441.1	1817	1589.29	150.7	4.2673
XM_047440442.1	1417	1189.29	2.07899	0.0786695
XM_047440443.1	5071	4843.29	0	0
XM_047440459.1	6366	6138.29	12.9539	0.094972
XM_047440460.1	6901	6673.29	46.7393	0.315198
XM_047440461.1	7098	6870.29	0	0
XM_047440462.1	8495	8267.29	16.4155	0.0893577
XM_047440463.1	3732	3504.29	187.863	2.41259
XM_047440464.1	3576	3348.29	0	0
XM_047440465.1	4782	4554.29	0.190681	0.00188421
XM_047440466.1	1272	1044.29	0	0
XM_047440467.1	1390	1162.29	0	0
XM_047440468.1	1297	1069.29	0	0
XM_047440469.1	5365	5137.29	0	0
XM_047440470.1	791	563.487	23.706	1.89329
XM_047440471.1	5475	5247.29	39.0374	0.334802
XM_047440472.1	6168	5940.29	0	0
XM_047440473.1	5219	4991.29	0	0
XM_047440474.1	3708	3480.29	11.8161	0.152792
XM_047440475.1	3620	3392.29	23.2075	0.307877
XM_047440476.1	3588	3360.29	45.3663	0.607573
XM_047440477.1	3493	3265.29	1.28569	0.0177197
XM_047440478.1	3500	3272.29	0.27756	0.00381722
XM_047440479.1	3581	3353.29	62.0504	0.832752
XM_047440480.1	3497	3269.29	0.725844	0.00999152
XM_047440481.1	8880	8652.29	78.5724	0.408678
XM_047440482.1	7448	7220.29	34.2561	0.213514
XM_047440483.1	6265	6037.29	0	0
XM_047440484.1	6378	6150.29	0	0
XM_047440485.1	6241	6013.29	0	0
XM_047440486.1	6559	6331.29	18.2149	0.129472
XM_047440487.1	7346	7118.29	3.27571	0.0207096
XM_047440488.1	6259	6031.29	0	0
XM_047440489.1	6276	6048.29	0	0
XM_047440490.1	6996	6768.29	3.55138	0.0236135
XM_047440491.1	6550	6322.29	21.2811	0.151483
XM_047440492.1	6137	5909.29	4.85391	0.0369656
XM_047440493.1	6154	5926.29	0	0
XM_047440494.1	6130	5902.29	0	0
XM_047440495.1	2744	2516.29	1.2574	0.0224882
XM_047440496.1	2591	2363.29	2.92175	0.0556375
XM_047440497.1	1630	1402.29	0.417827	0.0134091
XM_047440498.1	1528	1300.29	9.48227	0.328181
XM_047440499.1	1442	1214.29	2.08471	0.0772618
XM_047440500.1	3372	3144.29	0	0
XM_047440501.1	1824	1596.29	15.6924	0.442404
XM_047440502.1	705	477.9	96.3404	9.07223
XM_047440508.1	5867	5639.29	32.0539	0.255798
XM_047440509.1	6934	6706.29	18.7377	0.125741
XM_047440510.1	5793	5565.29	0	0
XM_047440511.1	5196	4968.29	0	0
XM_047440512.1	5072	4844.29	2517.13	23.3839
XM_047440514.1	3472	3244.29	129.48	1.79608
XM_047440515.1	3397	3169.29	13.2977	0.188823
XM_047440516.1	3394	3166.29	0.0308809	0.000438916
XM_047440517.1	2002	1774.29	39.4159	0.999743
XM_047440518.1	1560	1332.29	0	0
XM_047440519.1	1545	1317.29	0	0
XM_047440520.1	2036	1808.29	0	0
XM_047440521.1	2405	2177.29	0	0
XM_047440522.1	1836	1608.29	0	0
XM_047440523.1	1679	1451.29	0	0
XM_047440524.1	1411	1183.29	0	0
XM_047440525.1	1914	1686.29	0	0
XM_047440526.1	1752	1524.29	0	0
XM_047440527.1	1049	821.293	0	0
XM_047440528.1	1777	1549.29	0	0
XM_047440529.1	4140	3912.29	129.08	1.48481
XM_047440530.1	3334	3106.29	20.9551	0.303592
XM_047440531.1	5081	4853.29	85.2458	0.790458
XM_047440532.1	7567	7339.29	37.619	0.230672
XM_047440533.1	6775	6547.29	11.0731	0.0761111
XM_047440534.1	7194	6966.29	0	0
XM_047440535.1	7071	6843.29	20.7384	0.136381
XM_047440536.1	6197	5969.29	53.9838	0.406989
XM_047440537.1	6161	5933.29	20.0634	0.152178
XM_047440538.1	2095	1867.29	257.04	6.19486
XM_047440539.1	2105	1877.29	0	0
XM_047440540.1	3506	3278.29	4.43733	0.0609139
XM_047440541.1	2489	2261.29	0	0
XM_047440542.1	2931	2703.29	0	0
XM_047440543.1	3053	2825.29	0	0
XM_047440544.1	2162	1934.29	0	0
XM_047440545.1	10860	10632.3	0	0
XM_047440546.1	10968	10740.3	0	0
XM_047440547.1	17785	17557.3	0	0
XM_047440548.1	14335	14107.3	0	0
XM_047440549.1	10906	10678.3	0	0
XM_047440550.1	52928	52700.3	54.5075	0.0465464
XM_047440551.1	10461	10233.3	13.3525	0.0587204
XM_047440552.1	7399	7171.29	0.0355052	0.000222811
XM_047440553.1	2289	2061.29	742.892	16.2192
XM_047440554.1	2009	1781.29	23.8635	0.602894
XM_047440555.1	1796	1568.29	30.4687	0.874317
XM_047440556.1	1797	1569.29	2.61454	0.0749781
XM_047440557.1	2988	2760.29	0	0
XM_047440558.1	698	470.947	40.5385	3.8738
XM_047440559.1	1017	789.293	0	0
XM_047440560.1	2434	2206.29	0	0
XM_047440561.1	2616	2388.29	9.25997	0.174488
XM_047440562.1	1255	1027.29	0	0
XM_047440563.1	1327	1099.29	15.7855	0.646231
XM_047440564.1	2018	1790.29	0	0
XM_047440565.1	2014	1786.29	343.834	8.66239
XM_047440566.1	3187	2959.29	0	0
XM_047440567.1	3121	2893.29	0	0
XM_047440568.1	3135	2907.29	6	0.0928763
XM_047440569.1	2911	2683.29	0	0
XM_047440570.1	6381	6153.29	32.1539	0.235162
XM_047440571.1	3775	3547.29	16.882	0.214175
XM_047440572.1	3522	3294.29	56.479	0.771555
XM_047440573.1	2777	2549.29	63.4343	1.11982
XM_047440574.1	2729	2501.29	0	0
XM_047440575.1	3640	3412.29	37.1073	0.48939
XM_047440576.1	2299	2071.29	0	0
XM_047440577.1	623	397.299	0	0
XM_047440580.1	2310	2082.29	273.839	5.91828
XM_047440581.1	833	605.427	45.4096	3.37542
XM_047440582.1	1955	1727.29	15.8122	0.411973
XM_047440583.1	2464	2236.29	88.8466	1.78795
XM_047440584.1	2347	2119.29	27.6527	0.587205
XM_047440585.1	2571	2343.29	5.23139	0.100469
XM_047440586.1	2325	2097.29	2.57098	0.0551674
XM_047440587.1	4441	4213.29	244.583	2.61245
XM_047440588.1	4442	4214.29	176.655	1.88644
XM_047440589.1	6179	5951.29	62.9274	0.475851
XM_047440590.1	9757	9529.29	27.9684	0.132084
XM_047440591.1	4171	3943.29	0	0
XM_047440592.1	4168	3940.29	0	0
XM_047440593.1	4046	3818.29	0	0
XM_047440594.1	4136	3908.29	4.19298	0.0482812
XM_047440595.1	4179	3951.29	1.71363	0.0195174
XM_047440596.1	4034	3806.29	3.53879	0.0418403
XM_047440597.1	4077	3849.29	2.45726	0.0287284
XM_047440598.1	4003	3775.29	0.667224	0.00795359
XM_047440599.1	2344	2116.29	88.1442	1.87439
XM_047440600.1	3620	3392.29	0	0
XM_047440601.1	1326	1098.29	0	0
XM_047440602.1	1645	1417.29	1858.56	59.0144
XM_047440603.1	1572	1344.29	1693.1	56.6802
XM_047440604.1	4818	4590.29	0	0
XM_047440605.1	6325	6097.29	1994.64	14.7221
XM_047440606.1	8946	8718.29	4.91729	0.0253827
XM_047440607.1	2844	2616.29	1.36232e-06	2.34333e-08
XM_047440608.1	2922	2694.29	0	0
XM_047440609.1	2763	2535.29	66.0674	1.17274
XM_047440610.1	2847	2619.29	0	0
XM_047440611.1	5565	5337.29	199.757	1.68431
XM_047440612.1	5285	5057.29	0	0
XM_047440613.1	5143	4915.29	0	0
XM_047440614.1	5983	5755.29	27.1667	0.212428
XM_047440615.1	5186	4958.29	0	0
XM_047440616.1	5068	4840.29	33.5535	0.311967
XM_047440617.1	5044	4816.29	0	0
XM_047440618.1	5582	5354.29	0.00138389	1.16316e-05
XM_047440619.1	5549	5321.29	6.6402	0.0561573
XM_047440620.1	5494	5266.29	0	0
XM_047440621.1	5785	5557.29	0	0
XM_047440622.1	5488	5260.29	0	0
XM_047440623.1	6403	6175.29	16.4076	0.119572
XM_047440624.1	4393	4165.29	0	0
XM_047440625.1	824	596.427	0	0
XM_047440629.1	3262	3034.29	9	0.133483
XM_047440630.1	165	40.2498	0	0
XM_047440631.1	3315	3087.29	5.00088	0.0728972
XM_047440632.1	1553	1325.29	4	0.135828
XM_047440633.1	6577	6349.29	1.00772	0.00714259
XM_047440634.1	2677	2449.29	6.62346	0.121699
XM_047440635.1	1626	1398.29	74	2.38164
XM_047440636.1	2170	1942.29	27.6788	0.64132
XM_047440637.1	772	544.487	0	0
XM_047440638.1	1666	1438.29	44	1.37673
XM_047440639.1	2039	1811.29	0	0
XM_047440640.1	1886	1658.29	0	0
XM_047440641.1	432	218.698	37.947	7.80862
XM_047440642.1	2261	2033.29	7.67598e-05	1.69893e-06
XM_047440643.1	2412	2184.29	0	0
XM_047440644.1	2271	2043.29	9.20385e-08	2.02713e-09
XM_047440645.1	3481	3253.29	0	0
XM_047440646.1	7740	7512.29	0	0
XM_047440647.1	3337	3109.29	0	0
XM_047440648.1	3196	2968.29	0	0
XM_047440649.1	3793	3565.29	0	0
XM_047440650.1	2464	2236.29	0	0
XM_047440651.1	2715	2487.29	0	0
XM_047440652.1	3150	2922.29	0	0
XM_047440653.1	3071	2843.29	1.20317	0.0190435
XM_047440654.1	3751	3523.29	0	0
XM_047440655.1	3689	3461.29	58.7117	0.763358
XM_047440656.1	2857	2629.29	0.000143289	2.45254e-06
XM_047440657.1	3537	3309.29	0	0
XM_047440658.1	3607	3379.29	54.0137	0.719317
XM_047440659.1	1601	1373.29	0	0
XM_047440660.1	15139	14911.3	59.7053	0.180194
XM_047440661.1	14807	14579.3	9.37985	0.0289535
XM_047440662.1	2563	2335.29	2.09513	0.0403749
XM_047440663.1	3406	3178.29	10.2651	0.145349
XM_047440664.1	2427	2199.29	34.2295	0.700421
XM_047440665.1	14684	14456.3	1.52562	0.00474933
XM_047440666.1	3271	3043.29	52.2409	0.772519
XM_047440667.1	15405	15177.3	0.973003	0.00288511
XM_047440668.1	3433	3205.29	85.7435	1.20386
XM_047440670.1	2541	2313.29	0.283202	0.00550945
XM_047440671.1	3333	3105.29	10.1387	0.146934
XM_047440672.1	2409	2181.29	30.2879	0.624882
XM_047440673.1	1528	1300.29	29.4854	1.02049
XM_047440674.1	2891	2663.29	0	0
XM_047440675.1	2873	2645.29	0	0
XM_047440676.1	2965	2737.29	15.8314	0.260281
XM_047440677.1	1404	1176.29	0	0
XM_047440678.1	1678	1450.29	0	0
XM_047440679.1	2861	2633.29	0	0
XM_047440680.1	9453	9225.29	82.4406	0.402164
XM_047440681.1	1660	1432.29	0	0
XM_047440682.1	2274	2046.29	0	0
XM_047440683.1	1481	1253.29	0	0
XM_047440684.1	2863	2635.29	0	0
XM_047440685.1	2832	2604.29	0	0
XM_047440686.1	2796	2568.29	0	0
XM_047440687.1	2965	2737.29	0	0
XM_047440688.1	3240	3012.29	0	0
XM_047440689.1	2934	2706.29	0	0
XM_047440690.1	3074	2846.29	0	0
XM_047440691.1	3209	2981.29	0	0
XM_047440692.1	3071	2843.29	0	0
XM_047440693.1	3107	2879.29	0	0
XM_047440694.1	2765	2537.29	0	0
XM_047440695.1	2725	2497.29	0	0
XM_047440696.1	2716	2488.29	0	0
XM_047440697.1	2379	2151.29	0	0
XM_047440698.1	2804	2576.29	0	0
XM_047440699.1	5773	5545.29	1.20905	0.00981211
XM_047440707.1	5807	5579.29	0	0
XM_047440708.1	5705	5477.29	0	0
XM_047440710.1	5678	5450.29	0	0
XM_047440711.1	5648	5420.29	0	0
XM_047440712.1	5573	5345.29	0	0
XM_047440713.1	5543	5315.29	0	0
XM_047440714.1	4934	4706.29	12.5386	0.119898
XM_047440715.1	5450	5222.29	0	0
XM_047440716.1	5615	5387.29	101.211	0.845471
XM_047440717.1	4280	4052.29	0	0
XM_047440718.1	4178	3950.29	0	0
XM_047440719.1	4175	3947.29	16.5175	0.188316
XM_047440720.1	4046	3818.29	51.0493	0.601676
XM_047440721.1	3074	2846.29	97.9945	1.5494
XM_047440722.1	1682	1454.29	0	0
XM_047440723.1	2996	2768.29	0	0
XM_047440724.1	1561	1333.29	0	0
XM_047440725.1	1699	1471.29	0	0
XM_047440726.1	809	581.487	18.8607	1.45969
XM_047440727.1	2811	2583.29	46.2157	0.805115
XM_047440728.1	2280	2052.29	0	0
XM_047440729.1	2256	2028.29	0.00224444	4.97988e-05
XM_047440730.1	2350	2122.29	0	0
XM_047440731.1	7322	7094.29	0	0
XM_047440732.1	7037	6809.29	0	0
XM_047440735.1	3905	3677.29	19.3063	0.236272
XM_047440736.1	2277	2049.29	0	0
XM_047440737.1	5198	4970.29	14.2252	0.128801
XM_047440738.1	5277	5049.29	0	0
XM_047440739.1	5124	4896.29	52.6093	0.483546
XM_047440740.1	11937	11709.3	10.3096	0.0396235
XM_047440741.1	6817	6589.29	0	0
XM_047440742.1	10213	9985.29	149.673	0.674567
XM_047440743.1	3277	3049.29	0.162239	0.0023944
XM_047440744.1	2573	2345.29	0	0
XM_047440745.1	14440	14212.3	3.95009	0.0125079
XM_047440746.1	4248	4020.29	10.5206	0.117767
XM_047440747.1	4188	3960.29	49.7424	0.565251
XM_047440748.1	4174	3946.29	0	0
XM_047440749.1	2744	2516.29	278.879	4.98765
XM_047440750.1	4007	3779.29	0	0
XM_047440751.1	2527	2299.29	6.01797e-05	1.17787e-06
XM_047440752.1	11575	11347.3	69.1772	0.274355
XM_047440753.1	2527	2299.29	184.968	3.62029
XM_047440754.1	7933	7705.29	169.364	0.98918
XM_047440755.1	1783	1555.29	0	0
XM_047440756.1	5073	4845.29	14.4606	0.13431
XM_047440757.1	1242	1014.29	191.88	8.51352
XM_047440758.1	2617	2389.29	287.476	5.41471
XM_047440759.1	1906	1678.29	6.90973	0.185283
XM_047440760.1	1098	870.293	97.9484	5.06494
XM_047440761.1	1202	974.293	53.2129	2.45793
XM_047440763.1	2895	2667.29	0	0
XM_047440764.1	3479	3251.29	0	0
XM_047440765.1	3290	3062.29	7.39486	0.108674
XM_047440766.1	3408	3180.29	0	0
XM_047440767.1	3305	3077.29	0	0
XM_047440768.1	3061	2833.29	0	0
XM_047440769.1	3322	3094.29	0	0
XM_047440770.1	2931	2703.29	0	0
XM_047440771.1	3268	3040.29	0	0
XM_047440772.1	2638	2410.29	0	0
XM_047440773.1	2520	2292.29	0	0
XM_047440774.1	2539	2311.29	0	0
XM_047440775.1	3653	3425.29	0	0
XM_047440776.1	3787	3559.29	0	0
XM_047440777.1	3672	3444.29	0	0
XM_047440778.1	3573	3345.29	0	0
XM_047440779.1	4022	3794.29	0	0
XM_047440780.1	3522	3294.29	18.7657	0.256357
XM_047440781.1	3821	3593.29	0	0
XM_047440782.1	3571	3343.29	0	0
XM_047440783.1	3434	3206.29	0	0
XM_047440784.1	8072	7844.29	0	0
XM_047440785.1	5007	4779.29	11.2332	0.105774
XM_047440786.1	7583	7355.29	0	0
XM_047440787.1	8130	7902.29	75.8952	0.432219
XM_047440788.1	7884	7656.29	0	0
XM_047440789.1	8297	8069.29	0	0
XM_047440790.1	7797	7569.29	0.0638377	0.000379546
XM_047440791.1	9444	9216.29	0.10573	0.000516277
XM_047440792.1	7396	7168.29	2.21534	0.0139081
XM_047440793.1	7063	6835.29	26.2886	0.173082
XM_047440794.1	6980	6752.29	0	0
XM_047440795.1	7194	6966.29	0.00679138	4.38731e-05
XM_047440796.1	8627	8399.29	64.967	0.348091
XM_047440797.1	7476	7248.29	0	0
XM_047440822.1	3523	3295.29	2.60317e-06	3.55509e-08
XM_047440823.1	3219	2991.29	82.923	1.24755
XM_047440824.1	3372	3144.29	81.4963	1.16643
XM_047440825.1	3240	3012.29	0	0
XM_047440826.1	6111	5883.29	14.2015	0.108631
XM_047440827.1	10007	9779.29	27.2447	0.125377
XM_047440828.1	6108	5880.29	6.98667	0.0534704
XM_047440829.1	5332	5104.29	102.032	0.899591
XM_047440830.1	5318	5090.29	0	0
XM_047440831.1	2565	2337.29	0	0
XM_047440832.1	2596	2368.29	0	0
XM_047440833.1	2451	2223.29	0	0
XM_047440834.1	1872	1644.29	0	0
XM_047440835.1	2132	1904.29	0	0
XM_047440836.1	1788	1560.29	0	0
XM_047440837.1	1856	1628.29	0	0
XM_047440838.1	4588	4360.29	0.000744292	7.68192e-06
XM_047440839.1	4559	4331.29	6.99926	0.0727238
XM_047440840.1	4604	4376.29	0	0
XM_047440841.1	3278	3050.29	141.926	2.09393
XM_047440842.1	3271	3043.29	0	0
XM_047440843.1	3337	3109.29	0	0
XM_047440844.1	3184	2956.29	5.94162	0.0904481
XM_047440845.1	3250	3022.29	0	0
XM_047440846.1	2821	2593.29	0	0
XM_047440847.1	1962	1734.29	0	0
XM_047440848.1	2049	1821.29	0	0
XM_047440849.1	2985	2757.29	0	0
XM_047440850.1	2854	2626.29	0	0
XM_047440851.1	1867	1639.29	0	0
XM_047440892.1	2967	2739.29	0	0
XM_047440893.1	2684	2456.29	0	0
XM_047440894.1	1267	1039.29	0	0
XM_047440895.1	2104	1876.29	187.714	4.50234
XM_047440896.1	1912	1684.29	275.886	7.37148
XM_047440897.1	748	520.701	10.6304	0.918765
XM_047440898.1	1209	981.293	0	0
XM_047440899.1	1084	856.293	0	0
XM_047440900.1	1091	863.293	0	0
XM_047440901.1	1070	842.293	0	0
XM_047440902.1	1067	839.293	0	0
XM_047440903.1	938	710.293	5.60685	0.355241
XM_047440904.1	3164	2936.29	8.88695	0.136206
XM_047440905.1	3180	2952.29	4.85752	0.0740453
XM_047440906.1	3209	2981.29	0.000779031	1.17596e-05
XM_047440907.1	3274	3046.29	0	0
XM_047440908.1	2404	2176.29	79.5912	1.64585
XM_047440909.1	2355	2127.29	0.000290241	6.14007e-06
XM_047440910.1	1590	1362.29	9.15863	0.302554
XM_047440911.1	1293	1065.29	2.82168	0.119201
XM_047440912.1	4325	4097.29	0	0
XM_047440913.1	4190	3962.29	0	0
XM_047440914.1	6631	6403.29	0	0
XM_047440915.1	7158	6930.29	0	0
XM_047440916.1	7366	7138.29	0	0
XM_047440917.1	6670	6442.29	0	0
XM_047440918.1	6532	6304.29	0	0
XM_047440919.1	6511	6283.29	0	0
XM_047440920.1	7253	7025.29	7.28156	0.0466447
XM_047440921.1	6710	6482.29	29.7055	0.20623
XM_047440922.1	8030	7802.29	5.07229	0.0292566
XM_047440923.1	6692	6464.29	3.53755e-05	2.46277e-07
XM_047440924.1	6694	6466.29	0.00733546	5.10522e-05
XM_047440925.1	6567	6339.29	63.7788	0.45277
XM_047440926.1	6806	6578.29	0	0
XM_047440927.1	6589	6361.29	0	0
XM_047440928.1	6560	6332.29	23.2889	0.165512
XM_047440929.1	6399	6171.29	0	0
XM_047440930.1	3902	3674.29	0	0
XM_047440931.1	4080	3852.29	0.156171	0.00182441
XM_047440932.1	4014	3786.29	0.108585	0.00129062
XM_047440933.1	1659	1431.29	1.69858	0.0534071
XM_047440934.1	1228	1000.29	9.77853	0.439935
XM_047440935.1	6423	6195.29	40.2971	0.292721
XM_047440936.1	6535	6307.29	0	0
XM_047440937.1	6449	6221.29	0	0
XM_047440938.1	6419	6191.29	25.0739	0.182256
XM_047440939.1	6389	6161.29	23.1251	0.168909
XM_047440940.1	6287	6059.29	4.10416	0.0304821
XM_047440941.1	963	735.293	0	0
XM_047440942.1	1765	1537.29	0	0
XM_047440943.1	27527	27299.3	1.15953	0.00191149
XM_047440944.1	16084	15856.3	0	0
XM_047440945.1	5465	5237.29	123.411	1.06045
XM_047440946.1	15973	15745.3	20.8452	0.0595795
XM_047440947.1	15871	15643.3	0	0
XM_047440948.1	14144	13916.3	0	0
XM_047440949.1	3415	3187.29	0	0
XM_047440950.1	3400	3172.29	227.931	3.23349
XM_047440951.1	3352	3124.29	1.42588	0.0205387
XM_047440952.1	6598	6370.29	8.12493	0.0573988
XM_047440953.1	1651	1423.29	0	0
XM_047440954.1	5569	5341.29	0	0
XM_047440955.1	4340	4112.29	0.0953045	0.00104297
XM_047440956.1	6993	6765.29	0	0
XM_047440957.1	2187	1959.29	0.00135442	3.11097e-05
XM_047440958.1	5057	4829.29	0	0
XM_047440959.1	6808	6580.29	0.022804	0.000155958
XM_047440960.1	4008	3780.29	0.483628	0.00575742
XM_047440961.1	4964	4736.29	0	0
XM_047440962.1	3929	3701.29	0	0
XM_047440963.1	1868	1640.29	46.4351	1.27399
XM_047440964.1	1855	1627.29	0.024471	0.000676751
XM_047440965.1	3890	3662.29	0	0
XM_047440969.1	7499	7271.29	51.4857	0.318652
XM_047440970.1	4501	4273.29	138.823	1.46198
XM_047440971.1	3653	3425.29	76.3516	1.00314
XM_047440972.1	6492	6264.29	96.9699	0.696638
XM_047440973.1	6612	6384.29	89.326	0.629662
XM_047440974.1	6249	6021.29	36.2821	0.271172
XM_047440975.1	9241	9013.29	26.9578	0.134599
XM_047440976.1	2582	2354.29	340.622	6.5111
XM_047440977.1	4072	3844.29	0	0
XM_047440978.1	3705	3477.29	0	0
XM_047440979.1	3375	3147.29	0	0
XM_047440980.1	2729	2501.29	0.222713	0.00400703
XM_047440981.1	2727	2499.29	0.000340365	6.12872e-06
XM_047440982.1	2581	2353.29	114.502	2.18968
XM_047440983.1	2361	2133.29	0.0219998	0.000464099
XM_047440984.1	4824	4596.29	1.61757e-08	1.58379e-10
XM_047440985.1	4814	4586.29	144.733	1.42019
XM_047440986.1	2534	2306.29	66.8803	1.30505
XM_047440987.1	4822	4594.29	0	0
XM_047440988.1	704	476.947	42.5206	4.0121
XM_047440989.1	2274	2046.29	22.448	0.493687
XM_047440990.1	7813	7585.29	0	0
XM_047440991.1	7821	7593.29	132.873	0.787499
XM_047440992.1	7777	7549.29	0	0
XM_047440993.1	7886	7658.29	0	0
XM_047440994.1	7842	7614.29	0	0
XM_047440995.1	16323	16095.3	57.6233	0.161117
XM_047440996.1	7856	7628.29	35.7431	0.210866
XM_047440997.1	7668	7440.29	29.5086	0.178485
XM_047440998.1	7690	7462.29	0	0
XM_047440999.1	8141	7913.29	0	0
XM_047441000.1	3855	3627.29	0	0
XM_047441001.1	8054	7826.29	66.596	0.382943
XM_047441002.1	7143	6915.29	1.62628	0.0105835
XM_047441003.1	7089	6861.29	11.8734	0.0778774
XM_047441004.1	10136	9908.29	17.8434	0.0810439
XM_047441005.1	10278	10050.3	10.8412	0.0485445
XM_047441006.1	7106	6878.29	0	0
XM_047441007.1	6180	5952.29	0.00332796	2.51614e-05
XM_047441008.1	2755	2527.29	0	0
XM_047441009.1	6141	5913.29	1.16733e-07	8.88398e-10
XM_047441010.1	6019	5791.29	1.10029e-07	8.55018e-10
XM_047441011.1	5988	5760.29	15.3555	0.119967
XM_047441012.1	5866	5638.29	22.2782	0.177818
XM_047441013.1	5572	5344.29	637.524	5.36844
XM_047441014.1	5949	5721.29	0.000436897	3.43658e-06
XM_047441015.1	5827	5599.29	0.000500627	4.02368e-06
XM_047441016.1	2668	2440.29	365.852	6.74692
XM_047441017.1	2758	2530.29	0	0
XM_047441018.1	2716	2488.29	0	0
XM_047441019.1	2502	2274.29	0	0
XM_047441020.1	2323	2095.29	0	0
XM_047441021.1	2624	2396.29	1.76811	0.0332056
XM_047441022.1	3804	3576.29	0.798117	0.0100433
XM_047441023.1	3059	2831.29	0	0
XM_047441024.1	2645	2417.29	0	0
XM_047441025.1	3080	2852.29	0	0
XM_047441026.1	3762	3534.29	6.68264	0.0850918
XM_047441027.1	3017	2789.29	0	0
XM_047441028.1	2930	2702.29	9.12658e-06	1.51991e-07
XM_047441029.1	3548	3320.29	0.00645417	8.74794e-05
XM_047441030.1	2389	2161.29	0	0
XM_047441031.1	2803	2575.29	0	0
XM_047441032.1	3923	3695.29	46.5897	0.567392
XM_047441033.1	2414	2186.29	0	0
XM_047441034.1	7036	6808.29	0	0
XM_047441035.1	6997	6769.29	1.97236e-05	1.31125e-07
XM_047441036.1	6973	6745.29	0.0277377	0.00018506
XM_047441037.1	6958	6730.29	0.069818	0.000466848
XM_047441038.1	6925	6697.29	0	0
XM_047441039.1	6981	6753.29	29.193	0.194538
XM_047441040.1	6966	6738.29	73.5172	0.491
XM_047441041.1	6556	6328.29	8.7019e-08	6.18828e-10
XM_047441042.1	4068	3840.29	0	0
XM_047441043.1	4059	3831.29	0	0
XM_047441044.1	4020	3792.29	0	0
XM_047441045.1	4011	3783.29	0	0
XM_047441046.1	6973	6745.29	2.63574e-05	1.7585e-07
XM_047441047.1	6949	6721.29	0.0375566	0.000251464
XM_047441048.1	3918	3690.29	2.7931e-08	3.40618e-10
XM_047441049.1	4019	3791.29	0	0
XM_047441050.1	6957	6729.29	40.0328	0.267725
XM_047441051.1	2447	2219.29	0	0
XM_047441052.1	1894	1666.29	12.7364	0.343983
XM_047441053.1	2982	2754.29	0	0
XM_047441054.1	3034	2806.29	0	0
XM_047441055.1	2998	2770.29	0	0
XM_047441056.1	5873	5645.29	3.27112	0.0260767
XM_047441057.1	1647	1419.29	0	0
XM_047441058.1	3526	3298.29	0	0
XM_047441059.1	2927	2699.29	0	0
XM_047441060.1	3577	3349.29	0	0
XM_047441061.1	2217	1989.29	0	0
XM_047441062.1	4667	4439.29	3.0003	0.0304153
XM_047441063.1	1032	804.293	29.8138	1.66819
XM_047441064.1	637	411.055	0	0
XM_047441065.1	634	408.137	0	0
XM_047441067.1	4300	4072.29	48.9891	0.541381
XM_047441068.1	2263	2035.29	7.53357	0.166577
XM_047441069.1	2260	2032.29	32.1604	0.71216
XM_047441070.1	2279	2051.29	0	0
XM_047441071.1	4971	4743.29	360.256	3.41801
XM_047441072.1	4946	4718.29	0	0
XM_047441073.1	4513	4285.29	20.5683	0.216003
XM_047441074.1	963	735.293	55.0365	3.36847
XM_047441075.1	1725	1497.29	10.1702	0.305678
XM_047441076.1	2347	2119.29	7.58362	0.161038
XM_047441077.1	2286	2058.29	0	0
XM_047441078.1	2208	1980.29	0	0
XM_047441079.1	1322	1094.29	0	0
XM_047441080.1	2182	1954.29	12.1974	0.28088
XM_047441081.1	2121	1893.29	0	0
XM_047441082.1	2043	1815.29	0	0
XM_047441083.1	2140	1912.29	6.75285e-08	1.58919e-09
XM_047441084.1	2001	1773.29	0	0
XM_047441085.1	3118	2890.29	6.65968	0.103694
XM_047441086.1	2293	2065.29	0.722873	0.0157515
XM_047441087.1	2251	2023.29	0	0
XM_047441088.1	3115	2887.29	5.34521	0.0833136
XM_047441089.1	2180	1952.29	2.82436	0.0651055
XM_047441090.1	3106	2878.29	1.11317e-05	1.74048e-07
XM_047441091.1	2529	2301.29	2.1878e-07	4.27836e-09
XM_047441092.1	2167	1939.29	1.70717e-08	3.96165e-10
XM_047441093.1	2413	2185.29	0	0
XM_047441094.1	2410	2182.29	7.2221	0.148934
XM_047441095.1	3088	2860.29	51.6395	0.812482
XM_047441096.1	2505	2277.29	9.92144	0.196064
XM_047441097.1	2221	1993.29	0	0
XM_047441098.1	3085	2857.29	10.8033	0.170155
XM_047441099.1	2508	2280.29	6.95892	0.137339
XM_047441100.1	2260	2032.29	1.42269	0.0315041
XM_047441101.1	2057	1829.29	0	0
XM_047441102.1	990	762.293	58.4674	3.45171
XM_047441103.1	994	766.293	19.812	1.16352
XM_047441104.1	1951	1723.29	49.0205	1.28015
XM_047441105.1	1900	1672.29	0	0
XM_047441106.1	1864	1636.29	0	0
XM_047441107.1	1807	1579.29	0	0
XM_047441108.1	1240	1012.29	0	0
XM_047441109.1	3501	3273.29	0	0
XM_047441110.1	20800	20572.3	26.6736	0.0583501
XM_047441111.1	5366	5138.29	0	0
XM_047441112.1	5822	5594.29	63.1688	0.508159
XM_047441113.1	3144	2916.29	2.65708	0.041003
XM_047441114.1	3280	3052.29	0	0
XM_047441115.1	1325	1097.29	0	0
XM_047441116.1	1325	1097.29	0	0
XM_047441117.1	1943	1715.29	0	0
XM_047441118.1	3907	3679.29	0	0
XM_047441119.1	3721	3493.29	0	0
XM_047441120.1	3607	3379.29	0	0
XM_047441121.1	3752	3524.29	0	0
XM_047441122.1	3568	3340.29	11.6684	0.157206
XM_047441123.1	1208	980.293	59.155	2.71567
XM_047441124.1	3542	3314.29	0	0
XM_047441125.1	1147	919.293	0	0
XM_047441126.1	1169	941.293	2.32554	0.111184
XM_047441127.1	1081	853.293	0	0
XM_047441128.1	1126	898.293	0	0
XM_047441129.1	1185	957.293	22.6598	1.06525
XM_047441130.1	974	746.293	0	0
XM_047441131.1	3526	3298.29	0	0
XM_047441132.1	3172	2944.29	0.107963	0.0016502
XM_047441133.1	2095	1867.29	0	0
XM_047441134.1	2043	1815.29	0	0
XM_047441135.1	2044	1816.29	4	0.0991097
XM_047441136.1	1438	1210.29	0	0
XM_047441137.1	1354	1126.29	0	0
XM_047441138.1	2908	2680.29	0	0
XM_047441139.1	969	741.293	0	0
XM_047441140.1	1956	1728.29	0	0
XM_047441141.1	1966	1738.29	0	0
XM_047441142.1	1268	1040.29	11.5225	0.498461
XM_047441143.1	5248	5020.29	2.31868e-05	2.07852e-07
XM_047441144.1	5380	5152.29	0	0
XM_047441145.1	5381	5153.29	0	0
XM_047441146.1	5441	5213.29	0	0
XM_047441147.1	2322	2094.29	1	0.0214884
XM_047441148.1	4423	4195.29	1	0.010727
XM_047441149.1	4767	4539.29	0	0
XM_047441150.1	4749	4521.29	0	0
XM_047441151.1	1313	1085.29	0	0
XM_047441152.1	1734	1506.29	0	0
XM_047441153.1	1144	916.293	0	0
XM_047441154.1	1883	1655.29	0	0
XM_047441155.1	1643	1415.29	0	0
XM_047441156.1	2353	2125.29	0	0
XM_047441157.1	1150	922.293	1	0.0487948
XM_047441158.1	4002	3774.29	30.1957	0.36004
XM_047441159.1	4134	3906.29	5.25727e-08	6.05672e-10
XM_047441160.1	3421	3193.29	0	0
XM_047441161.1	3372	3144.29	12.8289	0.183615
XM_047441162.1	3025	2797.29	0	0
XM_047441163.1	2410	2182.29	10.1692	0.209709
XM_047441164.1	3368	3140.29	0	0
XM_047441165.1	390	183.77	8.44486	2.06804
XM_047441166.1	9036	8808.29	167.8	0.857318
XM_047441167.1	1676	1448.29	20.4889	0.636656
XM_047441168.1	1566	1338.29	8.87892	0.298573
XM_047441169.1	2768	2540.29	4.73053	0.0838046
XM_047441170.1	2833	2605.29	0	0
XM_047441171.1	2721	2493.29	12	0.216596
XM_047441172.1	1955	1727.29	0	0
XM_047441173.1	1736	1508.29	0	0
XM_047441174.1	1535	1307.29	0	0
XM_047441175.1	1316	1088.29	3	0.124056
XM_047441176.1	1459	1231.29	0	0
XM_047441177.1	1426	1198.29	0	0
XM_047441178.1	1443	1215.29	0	0
XM_047441179.1	1375	1147.29	0	0
XM_047441180.1	2659	2431.29	424.6	7.85933
XM_047441181.1	3260	3032.29	48.9378	0.726298
XM_047441182.1	812	584.487	362.158	27.8847
XM_047441183.1	2988	2760.29	0	0
XM_047441184.1	4703	4475.29	10.0054	0.100613
XM_047441185.1	943	715.293	11.5001	0.723534
XM_047441186.1	2349	2121.29	75.9476	1.61122
XM_047441187.1	2349	2121.29	2.82183	0.0598649
XM_047441188.1	2316	2088.29	3.60662	0.0777232
XM_047441189.1	2313	2085.29	0	0
XM_047441190.1	2268	2040.29	0.285649	0.00630061
XM_047441191.1	2235	2007.29	0	0
XM_047441192.1	2229	2001.29	0	0
XM_047441193.1	2220	1992.29	2.11773e-07	4.78365e-09
XM_047441194.1	2220	1992.29	7.16431	0.161832
XM_047441195.1	2184	1956.29	1.0397e-06	2.39174e-08
XM_047441196.1	2181	1953.29	2.9985e-05	6.90843e-07
XM_047441197.1	2181	1953.29	3.49763	0.0805841
XM_047441198.1	2169	1941.29	3.04719e-08	7.064e-10
XM_047441199.1	2061	1833.29	0	0
XM_047441200.1	2058	1830.29	0	0
XM_047441201.1	2013	1785.29	8.0059	0.20181
XM_047441202.1	1047	819.293	648.214	35.6059
XM_047441203.1	5767	5539.29	11.1193	0.0903369
XM_047441204.1	5926	5698.29	16.0267	0.126574
XM_047441205.1	4600	4372.29	0	0
XM_047441206.1	4454	4226.29	0	0
XM_047441207.1	4485	4257.29	0	0
XM_047441208.1	4450	4222.29	0	0
XM_047441209.1	4412	4184.29	0	0
XM_047441210.1	4484	4256.29	0	0
XM_047441211.1	4885	4657.29	0	0
XM_047441212.1	4117	3889.29	0	0
XM_047441214.1	11949	11721.3	0	0
XM_047441215.1	11855	11627.3	0	0
XM_047441216.1	1659	1431.29	0.280955	0.00883387
XM_047441217.1	7248	7020.29	76.4227	0.489902
XM_047441218.1	7404	7176.29	4.37743	0.0274512
XM_047441219.1	7389	7161.29	66.3826	0.417162
XM_047441220.1	7188	6960.29	0	0
XM_047441221.1	7161	6933.29	10.3965	0.0674822
XM_047441222.1	7161	6933.29	18.4683	0.119875
XM_047441223.1	7441	7213.29	175.735	1.09639
XM_047441224.1	7146	6918.29	171.489	1.11553
XM_047441225.1	7146	6918.29	297.557	1.93559
XM_047441226.1	7302	7074.29	9.46466	0.0602094
XM_047441227.1	7143	6915.29	0	0
XM_047441228.1	7408	7180.29	17.3312	0.108625
XM_047441229.1	7113	6885.29	1.19491	0.00781006
XM_047441230.1	7393	7165.29	260.791	1.63795
XM_047441231.1	7098	6870.29	20.0332	0.131226
XM_047441232.1	7254	7026.29	0	0
XM_047441233.1	7393	7165.29	0.52401	0.00329115
XM_047441234.1	7098	6870.29	0.708322	0.00463978
XM_047441235.1	7381	7153.29	0	0
XM_047441236.1	7059	6831.29	41.3806	0.272606
XM_047441237.1	7348	7120.29	6.77774e-07	4.2838e-09
XM_047441238.1	7053	6825.29	5.06945e-07	3.34258e-09
XM_047441239.1	7333	7105.29	1.01293e-05	6.41562e-08
XM_047441240.1	7038	6810.29	8.40464e-06	5.55387e-08
XM_047441241.1	7306	7078.29	66.4323	0.42237
XM_047441242.1	7306	7078.29	38.1242	0.24239
XM_047441243.1	7011	6783.29	4.64653	0.030827
XM_047441244.1	7011	6783.29	2.60922	0.0173106
XM_047441245.1	7291	7063.29	1.11844	0.00712602
XM_047441246.1	6963	6735.29	0.83869	0.00560386
XM_047441247.1	7198	6970.29	2.71218e-06	1.7511e-08
XM_047441248.1	4191	3963.29	18.0566	0.205032
XM_047441249.1	3761	3533.29	0.0112932	0.00014384
XM_047441250.1	6727	6499.29	0	0
XM_047441251.1	6695	6467.29	0	0
XM_047441252.1	6851	6623.29	0.348239	0.00236617
XM_047441253.1	6839	6611.29	0.00142999	9.73392e-06
XM_047441254.1	6655	6427.29	0	0
XM_047441255.1	6852	6624.29	35.662	0.242275
XM_047441256.1	6849	6621.29	98.6346	0.670392
XM_047441257.1	7128	6900.29	0	0
XM_047441258.1	6810	6582.29	0.544788	0.00372471
XM_047441259.1	6770	6542.29	0.0094512	6.50129e-05
XM_047441260.1	6767	6539.29	5.66209	0.0389662
XM_047441261.1	6318	6090.29	178.259	1.31721
XM_047441262.1	6454	6226.29	22.8352	0.165051
XM_047441263.1	6578	6350.29	0	0
XM_047441264.1	6631	6403.29	0	0
XM_047441265.1	3558	3330.29	68.7394	0.928893
XM_047441266.1	3445	3217.29	951.874	13.3147
XM_047441267.1	4064	3836.29	30.6725	0.359816
XM_047441268.1	3363	3135.29	0	0
XM_047441269.1	2778	2550.29	0	0
XM_047441270.1	2293	2065.29	57.0108	1.24227
XM_047441271.1	4695	4467.29	0	0
XM_047441272.1	4308	4080.29	0	0
XM_047441273.1	4302	4074.29	0	0
XM_047441274.1	5094	4866.29	32.1614	0.297426
XM_047441275.1	4203	3975.29	0	0
XM_047441276.1	4197	3969.29	0	0
XM_047441277.1	4140	3912.29	0.0994801	0.00114432
XM_047441278.1	6255	6027.29	15.5933	0.116428
XM_047441279.1	8903	8675.29	92.8052	0.481427
XM_047441280.1	3127	2899.29	4.82238	0.0748534
XM_047441281.1	4872	4644.29	0	0
XM_047441282.1	8821	8593.29	73.563	0.385249
XM_047441283.1	2617	2389.29	3.81157	0.0717921
XM_047441284.1	2595	2367.29	136.919	2.60288
XM_047441285.1	2786	2558.29	43.0958	0.758101
XM_047441286.1	5572	5344.29	0	0
XM_047441287.1	5314	5086.29	0	0
XM_047441288.1	4944	4716.29	134.277	1.28128
XM_047441289.1	4717	4489.29	28.0037	0.280724
XM_047441290.1	2760	2532.29	0	0
XM_047441291.1	5244	5016.29	0	0
XM_047441292.1	2039	1811.29	1.32039	0.0328063
XM_047441293.1	1251	1023.29	0	0
XM_047441294.1	978	750.293	0	0
XM_047441295.1	1415	1187.29	0	0
XM_047441296.1	1055	827.293	18.0924	0.984189
XM_047441297.1	1013	785.293	5.65474	0.324058
XM_047441298.1	1334	1106.29	0	0
XM_047441299.1	1630	1402.29	0	0
XM_047441300.1	848	620.427	0	0
XM_047441301.1	768	540.541	0	0
XM_047441302.1	2105	1877.29	3	0.071917
XM_047441303.1	2161	1933.29	0	0
XM_047441304.1	2074	1846.29	0	0
XM_047441305.1	974	746.293	0	0
XM_047441306.1	6457	6229.29	1.00793	0.00728175
XM_047441307.1	1524	1296.29	0.556952	0.0193356
XM_047441308.1	1272	1044.29	50.5456	2.17823
XM_047441309.1	1095	867.293	11.3	0.586349
XM_047441310.1	3876	3648.29	90.2665	1.11347
XM_047441311.1	3774	3546.29	1.55596	0.0197454
XM_047441312.1	3900	3672.29	3.80779	0.0466636
XM_047441313.1	3941	3713.29	42.8696	0.519556
XM_047441314.1	2069	1841.29	460.705	11.2601
XM_047441315.1	3561	3333.29	0	0
XM_047441316.1	1561	1333.29	0	0
XM_047441317.1	3347	3119.29	0	0
XM_047441318.1	3317	3089.29	22.9814	0.33478
XM_047441319.1	1487	1259.29	57.2698	2.04664
XM_047441320.1	3460	3232.29	0	0
XM_047441321.1	1000	772.293	1.81753	0.105911
XM_047441322.1	661	434.717	0	0
XM_047441323.1	2584	2356.29	3.03236	0.0579154
XM_047441324.1	2926	2698.29	0	0
XM_047441325.1	2892	2664.29	11.3976	0.192519
XM_047441326.1	2940	2712.29	0	0
XM_047441327.1	1105	877.293	73.265	3.75832
XM_047441328.1	2648	2420.29	6.1277e-07	1.13939e-08
XM_047441329.1	2955	2727.29	23.985	0.395777
XM_047441330.1	2555	2327.29	34.6583	0.670192
XM_047441331.1	2552	2324.29	5.46238e-06	1.05763e-07
XM_047441333.1	3543	3315.29	0	0
XM_047441334.1	984	756.293	0	0
XM_047441335.1	3922	3694.29	60.0405	0.731401
XM_047441336.1	2892	2664.29	2.01923	0.0341072
XM_047441337.1	2391	2163.29	0.273128	0.00568188
XM_047441338.1	2465	2237.29	0	0
XM_047441339.1	1077	849.293	19.0835	1.01121
XM_047441340.1	1979	1751.29	25.9107	0.665829
XM_047441341.1	9862	9634.29	0	0
XM_047441342.1	9781	9553.29	0	0
XM_047441343.1	9781	9553.29	0	0
XM_047441344.1	15407	15179.3	7.03241	0.0208495
XM_047441345.1	1809	1581.29	0	0
XM_047441346.1	1735	1507.29	3.97085	0.118557
XM_047441349.1	5380	5152.29	0	0
XM_047441350.1	5396	5168.29	0	0
XM_047441351.1	5263	5035.29	0	0
XM_047441352.1	2808	2580.29	26.5148	0.462447
XM_047441353.1	2644	2416.29	1.1849	0.0220686
XM_047441354.1	2641	2413.29	13.5612	0.252888
XM_047441355.1	4247	4019.29	0	0
XM_047441356.1	5197	4969.29	0	0
XM_047441357.1	1600	1372.29	0	0
XM_047441358.1	1650	1422.29	9.28645	0.293835
XM_047441359.1	1492	1264.29	6.27727	0.223442
XM_047441360.1	977	749.293	39.3396	2.36276
XM_047441361.1	4380	4152.29	36.4407	0.394949
XM_047441362.1	1158	930.293	0	0
XM_047441363.1	3993	3765.29	0	0
XM_047441364.1	1322	1094.29	0	0
XM_047441365.1	1248	1020.29	33.6417	1.48387
XM_047441366.1	2911	2683.29	140.033	2.34857
XM_047441367.1	4528	4300.29	0	0
XM_047441368.1	4510	4282.29	0	0
XM_047441369.1	4400	4172.29	0	0
XM_047441370.1	4385	4157.29	0	0
XM_047441371.1	3903	3675.29	0	0
XM_047441372.1	4135	3907.29	0	0
XM_047441373.1	4117	3889.29	7.17295	0.0829984
XM_047441375.1	3525	3297.29	6.69593	0.0913893
XM_047441376.1	851	623.427	0	0
XM_047441377.1	753	525.701	0	0
XM_047441378.1	1374	1146.29	10.3567	0.406599
XM_047441379.1	1107	879.293	1.03658	0.053053
XM_047441380.1	896	668.361	8.60677	0.579524
XM_047441381.1	755	527.701	0	0
XM_047441382.1	927	699.293	0	0
XM_047441384.1	2184	1956.29	0	0
XM_047441385.1	1852	1624.29	0	0
XM_047441386.1	5677	5449.29	13.5548	0.111942
XM_047441387.1	3225	2997.29	0	0
XM_047441388.1	3582	3354.29	0	0
XM_047441389.1	2479	2251.29	0	0
XM_047441390.1	2395	2167.29	0	0
XM_047441391.1	3431	3203.29	1188.91	16.703
XM_047441392.1	1934	1706.29	47.2117	1.2452
XM_047441393.1	2761	2533.29	0	0
XM_047441394.1	3656	3428.29	1.68521	0.0221217
XM_047441395.1	3469	3241.29	187.947	2.60951
XM_047441396.1	3830	3602.29	0	0
XM_047441397.1	3457	3229.29	0	0
XM_047441398.1	3349	3121.29	221.499	3.19359
XM_047441399.1	3138	2910.29	92.7078	1.43358
XM_047441400.1	3337	3109.29	0	0
XM_047441401.1	3256	3028.29	1.25679e-05	1.86771e-07
XM_047441402.1	3149	2921.29	0	0
XM_047441403.1	2146	1918.29	475.175	11.1476
XM_047441404.1	1180	952.293	0	0
XM_047441405.1	1038	810.293	0	0
XM_047441406.1	1011	783.293	1	0.0574537
XM_047441407.1	3943	3715.29	0	0
XM_047441408.1	5980	5752.29	284.217	2.22357
XM_047441409.1	4010	3782.29	214.724	2.55487
XM_047441410.1	3947	3719.29	337.35	4.08191
XM_047441411.1	1124	896.293	0	0
XM_047441412.1	2655	2427.29	3.90366e-06	7.23756e-08
XM_047441413.1	3380	3152.29	0	0
XM_047441414.1	2819	2591.29	0	0
XM_047441415.1	2530	2302.29	0	0
XM_047441418.1	7961	7733.29	222.794	1.29653
XM_047441419.1	4445	4217.29	0.0505721	0.000539659
XM_047441420.1	10504	10276.3	0	0
XM_047441421.1	10376	10148.3	32.5891	0.144518
XM_047441422.1	10344	10116.3	36.2068	0.161069
XM_047441423.1	10279	10051.3	0	0
XM_047441424.1	10276	10048.3	0	0
XM_047441425.1	10274	10046.3	0	0
XM_047441426.1	10031	9803.29	0	0
XM_047441427.1	9652	9424.29	165.807	0.791766
XM_047441428.1	1140	912.293	0	0
XM_047441429.1	978	750.293	20.4848	1.22869
XM_047441430.1	959	731.293	0	0
XM_047441431.1	1328	1100.29	0	0
XM_047441432.1	856	628.427	0	0
XM_047441433.1	2532	2304.29	10.9389	0.213638
XM_047441434.1	1333	1105.29	0	0
XM_047441435.1	1220	992.293	0	0
XM_047441436.1	1135	907.293	27.8144	1.37963
XM_047441437.1	2285	2057.29	6.84449e-05	1.49723e-06
XM_047441438.1	2639	2411.29	8.36095	0.156044
XM_047441439.1	1015	787.293	27.8395	1.59136
XM_047441440.1	946	718.293	35.6465	2.23335
XM_047441441.1	3020	2792.29	0	0
XM_047441442.1	4722	4494.29	5.63046e-05	5.638e-07
XM_047441443.1	800	572.487	0	0
XM_047441444.1	1295	1067.29	7.47477	0.315178
XM_047441445.1	1284	1056.29	0	0
XM_047441446.1	1206	978.293	9.40586	0.432685
XM_047441447.1	2117	1889.29	47.5521	1.13269
XM_047441448.1	3103	2875.29	11.1552	0.174597
XM_047441449.1	5049	4821.29	4.22433	0.0394309
XM_047441450.1	797	569.487	0	0
XM_047441451.1	803	575.487	0	0
XM_047441452.1	3706	3478.29	67.0637	0.867689
XM_047441453.1	3611	3383.29	17.776	0.236448
XM_047441455.1	1190	962.293	0	0
XM_047441456.1	2858	2630.29	5.83329	0.0998049
XM_047441457.1	2452	2224.29	0	0
XM_047441458.1	2477	2249.29	0	0
XM_047441459.1	9685	9457.29	0	0
XM_047441461.1	4891	4663.29	0	0
XM_047441462.1	4616	4388.29	0	0
XM_047441463.1	3126	2898.29	0	0
XM_047441464.1	2823	2595.29	0	0
XM_047441465.1	2824	2596.29	4.30712	0.0746578
XM_047441466.1	3167	2939.29	0	0
XM_047441467.1	3049	2821.29	0	0
XM_047441468.1	2956	2728.29	0	0
XM_047441469.1	2939	2711.29	119.784	1.98822
XM_047441470.1	2846	2618.29	78.3556	1.34677
XM_047441471.1	3097	2869.29	67.0219	1.0512
XM_047441472.1	2994	2766.29	0	0
XM_047441473.1	3960	3732.29	0	0
XM_047441474.1	7368	7140.29	232.544	1.46565
XM_047441475.1	7708	7480.29	1.84129	0.0110776
XM_047441476.1	7240	7012.29	321.888	2.06579
XM_047441477.1	8502	8274.29	37.9088	0.206182
XM_047441478.1	7580	7352.29	2.33793	0.0143104
XM_047441479.1	5170	4942.29	191.566	1.74435
XM_047441480.1	948	720.293	0	0
XM_047441481.1	4136	3908.29	0	0
XM_047441482.1	3826	3598.29	0	0
XM_047441483.1	3626	3398.29	0	0
XM_047441484.1	3747	3519.29	0	0
XM_047441485.1	4012	3784.29	0	0
XM_047441486.1	1655	1427.29	30.4727	0.960815
XM_047441487.1	1658	1430.29	26.1274	0.822079
XM_047441488.1	1503	1275.29	55.7789	1.96835
XM_047441489.1	1272	1044.29	62.0432	2.67371
XM_047441490.1	6603	6375.29	31.1119	0.219618
XM_047441491.1	1184	956.293	109.683	5.16167
XM_047441492.1	1155	927.293	0	0
XM_047441493.1	1042	814.293	0	0
XM_047441494.1	846	618.427	0	0
XM_047441495.1	774	546.487	0	0
XM_047441496.1	5491	5263.29	339.547	2.90325
XM_047441497.1	5221	4993.29	74.0244	0.66716
XM_047441498.1	2288	2060.29	0	0
XM_047441499.1	2276	2048.29	0	0
XM_047441500.1	2334	2106.29	41.5791	0.888378
XM_047441501.1	2303	2075.29	55.0264	1.19326
XM_047441502.1	923	695.293	30.3978	1.96751
XM_047441503.1	936	708.293	48.3539	3.07228
XM_047441504.1	3267	3039.29	0	0
XM_047441505.1	3521	3293.29	0	0
XM_047441506.1	3520	3292.29	0.00775332	0.000105982
XM_047441507.1	2362	2134.29	0	0
XM_047441508.1	3517	3289.29	10.3246	0.141258
XM_047441509.1	642	416.014	11.0037	1.19034
XM_047441510.1	997	769.293	0.000165547	9.68435e-06
XM_047441511.1	5344	5116.29	5.45813	0.0480099
XM_047441512.1	5323	5095.29	19.0738	0.168465
XM_047441513.1	5320	5092.29	0.000955214	8.44169e-06
XM_047441514.1	6275	6047.29	0	0
XM_047441515.1	5233	5005.29	14.8582	0.133592
XM_047441516.1	5173	4945.29	37.2253	0.338757
XM_047441517.1	5122	4894.29	0	0
XM_047441518.1	5062	4834.29	0	0
XM_047441519.1	4646	4418.29	28.133	0.286552
XM_047441520.1	4472	4244.29	7.11572	0.0754494
XM_047441521.1	3977	3749.29	7.48374	0.089828
XM_047441522.1	3885	3657.29	0	0
XM_047441523.1	3685	3457.29	29.9734	0.39016
XM_047441524.1	955	727.293	0	0
XM_047441525.1	8094	7866.29	0	0
XM_047441526.1	8619	8391.29	0	0
XM_047441527.1	8621	8393.29	0	0
XM_047441528.1	1774	1546.29	1.13302e-08	3.29753e-10
XM_047441529.1	1771	1543.29	1.62384e-07	4.7352e-09
XM_047441530.1	1752	1524.29	3.85858	0.11392
XM_047441531.1	2086	1858.29	0.0421144	0.0010199
XM_047441532.1	2083	1855.29	0	0
XM_047441533.1	1579	1351.29	31.5876	1.05198
XM_047441534.1	2179	1951.29	0	0
XM_047441536.1	1969	1741.29	99.5083	2.57176
XM_047441537.1	2838	2610.29	32.2346	0.555744
XM_047441538.1	3884	3656.29	0.000723346	8.90323e-06
XM_047441539.1	3602	3374.29	83.7136	1.11649
XM_047441540.1	2973	2745.29	11.7695	0.192935
XM_047441541.1	2730	2502.29	0.18481	0.00332376
XM_047441542.1	3651	3423.29	0	0
XM_047441543.1	2777	2549.29	55.8126	0.985268
XM_047441544.1	2851	2623.29	0	0
XM_047441545.1	2715	2487.29	42.3987	0.767127
XM_047441546.1	2824	2596.29	6.35795	0.110206
XM_047441547.1	2740	2512.29	1.45775e-05	2.61129e-07
XM_047441548.1	2617	2389.29	2.75506	0.0518924
XM_047441549.1	5810	5582.29	0	0
XM_047441550.1	1840	1612.29	0	0
XM_047441551.1	8657	8429.29	0	0
XM_047441552.1	4875	4647.29	0	0
XM_047441554.1	5284	5056.29	165.291	1.47116
XM_047441555.1	3761	3533.29	27.196	0.346391
XM_047441556.1	10785	10557.3	0.0330783	0.000141005
XM_047441557.1	6414	6186.29	0	0
XM_047441558.1	4990	4762.29	14.8082	0.139936
XM_047441559.1	4957	4729.29	0	0
XM_047441560.1	1154	926.293	148.035	7.19212
XM_047441561.1	5049	4821.29	0	0
XM_047441562.1	5248	5020.29	0	0
XM_047441563.1	5237	5009.29	5.19777e-08	4.66964e-10
XM_047441564.1	5183	4955.29	5.12691e-08	4.65617e-10
XM_047441565.1	4471	4243.29	98.7927	1.04777
XM_047441566.1	4460	4232.29	137.203	1.45891
XM_047441567.1	4400	4172.29	138.624	1.49523
XM_047441568.1	4406	4178.29	177.668	1.91361
XM_047441569.1	4545	4317.29	20.6257	0.215001
XM_047441571.1	4183	3955.29	5.67192	0.0645347
XM_047441572.1	4172	3944.29	8.06529	0.0920223
XM_047441573.1	4311	4083.29	0.798667	0.00880233
XM_047441574.1	4112	3884.29	7.58344	0.0878611
XM_047441575.1	4878	4650.29	0	0
XM_047441576.1	4867	4639.29	0	0
XM_047441577.1	4807	4579.29	0	0
XM_047441578.1	4257	4029.29	0.98282	0.0109771
XM_047441579.1	4058	3830.29	9.69173	0.113871
XM_047441580.1	4246	4018.29	42.1355	0.471899
XM_047441581.1	4952	4724.29	0	0
XM_047441582.1	4753	4525.29	0	0
XM_047441583.1	4941	4713.29	4.64708e-08	4.43709e-10
XM_047441584.1	3859	3631.29	0	0
XM_047441585.1	3577	3349.29	686.825	9.22858
XM_047441586.1	962	734.293	0	0
XM_047441587.1	2642	2414.29	0	0
XM_047441588.1	2636	2408.29	0	0
XM_047441589.1	2532	2304.29	0	0
XM_047441590.1	2511	2283.29	0	0
XM_047441591.1	2729	2501.29	0	0
XM_047441592.1	1264	1036.29	12.8634	0.558617
XM_047441593.1	1735	1507.29	17.3688	0.518579
XM_047441594.1	3184	2956.29	0	0
XM_047441595.1	1154	926.293	0	0
XM_047441596.1	1060	832.293	2.2915	0.123904
XM_047441597.1	1107	879.293	1.7621	0.090186
XM_047441598.1	3362	3134.29	0	0
XM_047441599.1	10438	10210.3	3.36604	0.0148362
XM_047441600.1	4926	4698.29	0	0
XM_047441601.1	10936	10708.3	8.92913	0.0375259
XM_047441602.1	4901	4673.29	0	0
XM_047441603.1	10381	10153.3	2.91853	0.012936
XM_047441604.1	2315	2087.29	6.35118	0.136935
XM_047441605.1	2295	2067.29	0	0
XM_047441606.1	5985	5757.29	0	0
XM_047441607.1	3715	3487.29	0	0
XM_047441608.1	3707	3479.29	0	0
XM_047441609.1	2055	1827.29	0	0
XM_047441610.1	2002	1774.29	0	0
XM_047441611.1	1737	1509.29	0	0
XM_047441612.1	1804	1576.29	27.0258	0.771586
XM_047441613.1	1670	1442.29	13.3575	0.416787
XM_047441614.1	7216	6988.29	332.784	2.14305
XM_047441615.1	2249	2021.29	0	0
XM_047441616.1	2225	1997.29	182.346	4.10863
XM_047441617.1	1577	1349.29	11.4202	0.380898
XM_047441618.1	5134	4906.29	0	0
XM_047441619.1	1024	796.293	0	0
XM_047441620.1	937	709.293	0	0
XM_047441621.1	5303	5075.29	17.7413	0.157314
XM_047441622.1	807	579.487	0	0
XM_047441623.1	775	547.487	0	0
XM_047441624.1	12307	12079.3	0	0
XM_047441625.1	6176	5948.29	0.00472672	3.5761e-05
XM_047441626.1	6227	5999.29	0	0
XM_047441627.1	6110	5882.29	20.5447	0.157179
XM_047441628.1	6289	6061.29	0	0
XM_047441629.1	6148	5920.29	0	0
XM_047441630.1	6055	5827.29	0	0
XM_047441631.1	4265	4037.29	8.30296	0.0925518
XM_047441632.1	5950	5722.29	0	0
XM_047441633.1	3983	3755.29	0	0
XM_047441634.1	3953	3725.29	0	0
XM_047441635.1	3875	3647.29	0	0
XM_047441636.1	3826	3598.29	0	0
XM_047441637.1	2186	1958.29	0	0
XM_047441638.1	3909	3681.29	0	0
XM_047441639.1	3882	3654.29	0	0
XM_047441640.1	3025	2797.29	85.346	1.37305
XM_047441641.1	3825	3597.29	0	0
XM_047441642.1	4246	4018.29	0	0
XM_047441643.1	4168	3940.29	0	0
XM_047441644.1	4165	3937.29	0.00147995	1.69157e-05
XM_047441645.1	5932	5704.29	35.4874	0.279972
XM_047441646.1	4273	4045.29	0	0
XM_047441647.1	4225	3997.29	0.00913537	0.00010285
XM_047441648.1	4296	4068.29	43.996	0.486679
XM_047441649.1	4147	3919.29	0.0218073	0.000250401
XM_047441650.1	4147	3919.29	0	0
XM_047441651.1	4222	3994.29	10.5068	0.118379
XM_047441652.1	4144	3916.29	28.0205	0.32199
XM_047441653.1	4371	4143.29	0	0
XM_047441654.1	4142	3914.29	0	0
XM_047441655.1	4210	3982.29	0	0
XM_047441656.1	4192	3964.29	0	0
XM_047441657.1	4066	3838.29	0.00148831	1.74501e-05
XM_047441658.1	4189	3961.29	0	0
XM_047441659.1	5025	4797.29	0	0
XM_047441660.1	4141	3913.29	3.11421	0.0358136
XM_047441661.1	4063	3835.29	8.434	0.0989641
XM_047441662.1	3085	2857.29	37.6058	0.5923
XM_047441663.1	2976	2748.29	87.2918	1.4294
XM_047441684.1	7921	7693.29	0	0
XM_047441685.1	7317	7089.29	0	0
XM_047441686.1	7394	7166.29	63.4061	0.398179
XM_047441687.1	3924	3696.29	1623.21	19.7629
XM_047441688.1	3681	3453.29	102.953	1.34168
XM_047441689.1	2215	1987.29	1	0.0226454
XM_047441690.1	9301	9073.29	3.4387	0.0170558
XM_047441691.1	1421	1193.29	5	0.188567
XM_047441692.1	1959	1731.29	92.8582	2.41375
XM_047441693.1	1808	1580.29	1	0.0284777
XM_047441694.1	16167	15939.3	0	0
XM_047441695.1	16937	16709.3	64.3291	0.173257
XM_047441696.1	16367	16139.3	87.3894	0.243678
XM_047441697.1	16369	16141.3	348.72	0.972256
XM_047441698.1	474	256.047	0.18328	0.0322135
XM_047441699.1	6607	6379.29	0	0
XM_047441700.1	450	234.286	0	0
XM_047441701.1	2328	2100.29	0	0
XM_047441702.1	2902	2674.29	97.1756	1.63527
XM_047441703.1	4595	4367.29	0	0
XM_047441704.1	4473	4245.29	0	0
XM_047441705.1	2829	2601.29	0	0
XM_047441706.1	2746	2518.29	0	0
XM_047441707.1	2691	2463.29	14.8905	0.272041
XM_047441708.1	2779	2551.29	1.07807e-05	1.90165e-07
XM_047441709.1	4653	4425.29	18.3818	0.186934
XM_047441710.1	5310	5082.29	0	0
XM_047441711.1	14927	14699.3	0.318352	0.000974661
XM_047441712.1	15030	14802.3	0.664073	0.00201897
XM_047441713.1	15084	14856.3	658.505	1.99476
XM_047441714.1	15012	14784.3	1519.96	4.62672
XM_047441715.1	14906	14678.3	1066.22	3.269
XM_047441716.1	22193	21965.3	23.4951	0.0481375
XM_047441717.1	14988	14760.3	0.769768	0.00234697
XM_047441718.1	14985	14757.3	1.06092	0.00323533
XM_047441719.1	14985	14757.3	115.493	0.352203
XM_047441720.1	14982	14754.3	159.16	0.485465
XM_047441721.1	14940	14712.3	187.358	0.573104
XM_047441722.1	14937	14709.3	258.441	0.7907
XM_047441723.1	14934	14706.3	0.591521	0.00181013
XM_047441724.1	14931	14703.3	0.815966	0.00249747
XM_047441725.1	14889	14661.3	0.947762	0.00290917
XM_047441726.1	14886	14658.3	146.252	0.449014
XM_047441727.1	14886	14658.3	1.30863	0.00401768
XM_047441728.1	14784	14556.3	0.119053	0.000368072
XM_047441729.1	14752	14524.3	0.0582898	0.000180609
XM_047441730.1	14856	14628.3	0.0527169	0.00016218
XM_047441731.1	14628	14400.3	83.4153	0.260685
XM_047441732.1	14835	14607.3	186.381	0.574214
XM_047441733.1	14657	14429.3	299.986	0.935617
XM_047441734.1	14728	14500.3	302.239	0.938028
XM_047441735.1	14760	14532.3	602.191	1.86484
XM_047441736.1	14832	14604.3	257.661	0.793981
XM_047441737.1	14625	14397.3	115.87	0.362186
XM_047441738.1	14739	14511.3	0.190917	0.000592082
XM_047441739.1	14707	14479.3	0.0934221	0.000290365
XM_047441740.1	14718	14490.3	712.999	2.21439
XM_047441741.1	14686	14458.3	357.451	1.11261
XM_047441742.1	14790	14562.3	304.273	0.94032
XM_047441743.1	14715	14487.3	988.299	3.07004
XM_047441744.1	14683	14455.3	495.808	1.54358
XM_047441745.1	14580	14352.3	190.277	0.596632
XM_047441746.1	14631	14403.3	0.017302	5.40602e-05
XM_047441747.1	14628	14400.3	0.0240318	7.51031e-05
XM_047441748.1	14586	14358.3	0.0277483	8.69714e-05
XM_047441749.1	14583	14355.3	4.80665	0.0150686
XM_047441750.1	14361	14133.3	18.4887	0.0588716
XM_047441751.1	14329	14101.3	8.96483	0.0286105
XM_047441752.1	14313	14085.3	42.6658	0.136319
XM_047441753.1	1113	885.293	0.00706813	0.000359302
XM_047441754.1	754	526.701	0	0
XM_047441755.1	4903	4675.29	0	0
XM_047441756.1	4804	4576.29	0	0
XM_047441757.1	4522	4294.29	0	0
XM_047441758.1	4417	4189.29	0	0
XM_047441759.1	13727	13499.3	0	0
XM_047441760.1	13502	13274.3	0	0
XM_047441761.1	10481	10253.3	8.35637e-06	3.66773e-08
XM_047441762.1	10382	10154.3	4.99999	0.0221596
XM_047441763.1	2094	1866.29	0	0
XM_047441764.1	1432	1204.29	27.3474	1.02194
XM_047441765.1	4809	4581.29	0	0
XM_047441766.1	5253	5025.29	7.21331	0.0645974
XM_047441767.1	5274	5046.29	33.9894	0.303119
XM_047441768.1	5268	5040.29	12.9158	0.115321
XM_047441769.1	5254	5026.29	52.355	0.468762
XM_047441770.1	5381	5153.29	0	0
XM_047441771.1	5409	5181.29	0	0
XM_047441772.1	4796	4568.29	0	0
XM_047441773.1	4796	4568.29	0	0
XM_047441774.1	2091	1863.29	0	0
XM_047441775.1	6218	5990.29	0	0
XM_047441776.1	6468	6240.29	0	0
XM_047441777.1	6533	6305.29	17.6513	0.125983
XM_047441778.1	6217	5989.29	5.38214	0.040441
XM_047441779.1	6309	6081.29	3.81895	0.0282612
XM_047441780.1	6107	5879.29	0	0
XM_047441781.1	6357	6129.29	0	0
XM_047441782.1	6422	6194.29	61.6125	0.44763
XM_047441783.1	6224	5996.29	324.415	2.43478
XM_047441784.1	5996	5768.29	32.3692	0.252538
XM_047441785.1	6106	5878.29	19.4868	0.149187
XM_047441786.1	6198	5970.29	13.6987	0.103258
XM_047441787.1	5945	5717.29	214.741	1.69032
XM_047441788.1	2580	2352.29	0	0
XM_047441789.1	992	764.293	2	0.117764
XM_047441790.1	2141	1913.29	81.0485	1.90636
XM_047441791.1	1646	1418.29	16.8516	0.534709
XM_047441792.1	1898	1670.29	0	0
XM_047441793.1	5522	5294.29	19.1045	0.162394
XM_047441794.1	5665	5437.29	0	0
XM_047441795.1	8540	8312.29	0	0
XM_047441796.1	8427	8199.29	0	0
XM_047441797.1	8460	8232.29	0	0
XM_047441798.1	8410	8182.29	0	0
XM_047441799.1	8490	8262.29	0	0
XM_047441800.1	8353	8125.29	0	0
XM_047441801.1	2288	2060.29	8.90416	0.194494
XM_047441802.1	2102	1874.29	0	0
XM_047441803.1	2625	2397.29	0	0
XM_047441804.1	2575	2347.29	0	0
XM_047441805.1	2367	2139.29	19.8651	0.41789
XM_047441806.1	2703	2475.29	5.82572	0.105917
XM_047441807.1	9514	9286.29	33.3767	0.16175
XM_047441808.1	9569	9341.29	0.170096	0.000819462
XM_047441809.1	2226	1998.29	97.9393	2.20567
XM_047441810.1	6583	6355.29	0	0
XM_047441811.1	4665	4437.29	8.02395	0.081379
XM_047441812.1	4082	3854.29	0	0
XM_047441813.1	6477	6249.29	2.97258	0.0214065
XM_047441814.1	4603	4375.29	62.8592	0.646552
XM_047441815.1	4526	4298.29	0	0
XM_047441816.1	4339	4111.29	0	0
XM_047441817.1	4475	4247.29	0	0
XM_047441818.1	4267	4039.29	2.02646	0.0225775
XM_047441819.1	4403	4175.29	0	0
XM_047441820.1	2281	2053.29	0	0
XM_047441821.1	2169	1941.29	11.9491	0.277005
XM_047441822.1	4304	4076.29	0	0
XM_047441823.1	4440	4212.29	0	0
XM_047441824.1	4289	4061.29	0	0
XM_047441825.1	4245	4017.29	0	0
XM_047441826.1	7179	6951.29	57.1954	0.370286
XM_047441827.1	6251	6023.29	0	0
XM_047441828.1	6225	5997.29	0	0
XM_047441829.1	5464	5236.29	19.6156	0.168585
XM_047441830.1	9333	9105.29	0	0
XM_047441831.1	8686	8458.29	0	0
XM_047441832.1	2026	1798.29	49.2496	1.23249
XM_047441833.1	1837	1609.29	0	0
XM_047441834.1	4696	4468.29	0	0
XM_047441835.1	3437	3209.29	0	0
XM_047441836.1	1717	1489.29	0	0
XM_047441837.1	1456	1228.29	0	0
XM_047441838.1	1644	1416.29	0	0
XM_047441839.1	2138	1910.29	0	0
XM_047441840.1	813	585.487	0	0
XM_047441841.1	11896	11668.3	7.6021	0.0293203
XM_047441842.1	1526	1298.29	0	0
XM_047441843.1	7688	7460.29	76.2029	0.459682
XM_047441844.1	1821	1593.29	0	0
XM_047441845.1	1511	1283.29	0	0
XM_047441846.1	1599	1371.29	0	0
XM_047441847.1	1575	1347.29	0	0
XM_047441848.1	1770	1542.29	0.5	0.0145897
XM_047441849.1	1330	1102.29	0	0
XM_047441850.1	1965	1737.29	0	0
XM_047441851.1	1472	1244.29	0	0
XM_047441852.1	1587	1359.29	0	0
XM_047441853.1	1780	1552.29	0.363443	0.0105367
XM_047441854.1	1434	1206.29	18.9333	0.706344
XM_047441855.1	4249	4021.29	0	0
XM_047441856.1	7721	7493.29	0	0
XM_047441857.1	13559	13331.3	0	0
XM_047441858.1	696	468.994	0	0
XM_047441859.1	717	489.852	0	0
XM_047441860.1	1871	1643.29	0	0
XM_047441861.1	1682	1454.29	0	0
XM_047441862.1	1661	1433.29	0	0
XM_047441863.1	5160	4932.29	18.4891	0.168698
XM_047441864.1	1375	1147.29	0	0
XM_047441865.1	3232	3004.29	0	0
XM_047441866.1	3205	2977.29	0	0
XM_047441867.1	2032	1804.29	0	0
XM_047441868.1	1171	943.293	0	0
XM_047441869.1	3675	3447.29	0	0
XM_047441870.1	5053	4825.29	0	0
XM_047441871.1	3929	3701.29	9.79393	0.119082
XM_047441872.1	4441	4213.29	25.9651	0.277339
XM_047441873.1	3541	3313.29	0	0
XM_047441874.1	4332	4104.29	304.025	3.3336
XM_047441875.1	4329	4101.29	223.103	2.44809
XM_047441876.1	3445	3217.29	107.221	1.4998
XM_047441877.1	1570	1342.29	0	0
XM_047441878.1	1562	1334.29	0	0
XM_047441879.1	907	679.293	4.57819	0.303304
XM_047441880.1	784	556.487	0	0
XM_047441881.1	853	625.427	8.96865	0.645345
XM_047441882.1	800	572.487	0	0
XM_047441883.1	4485	4257.29	83.0031	0.877411
XM_047441884.1	4572	4344.29	0	0
XM_047441885.1	4654	4426.29	0	0
XM_047441886.1	4735	4507.29	0	0
XM_047441887.1	4538	4310.29	0	0
XM_047441888.1	4411	4183.29	0	0
XM_047441889.1	6337	6109.29	0	0
XM_047441890.1	3399	3171.29	47.0181	0.667223
XM_047441891.1	3261	3033.29	0	0
XM_047441892.1	3575	3347.29	20.6205	0.277235
XM_047441893.1	4771	4543.29	0	0
XM_047441894.1	7179	6951.29	64.835	0.419746
XM_047441895.1	5819	5591.29	0	0
XM_047441899.1	2312	2084.29	1	0.0215915
XM_047441900.1	5172	4944.29	50.3346	0.458147
XM_047441901.1	911	683.293	15.2419	1.00386
XM_047441902.1	937	709.293	3.42901e-05	2.17563e-06
XM_047441903.1	842	614.427	3.44541	0.252355
XM_047441904.1	2859	2631.29	0	0
XM_047441905.1	3442	3214.29	4.84677	0.0678592
XM_047441906.1	2747	2519.29	0	0
XM_047441907.1	3421	3193.29	17.8952	0.252197
XM_047441908.1	3303	3075.29	0.000344182	5.03667e-06
XM_047441909.1	3602	3374.29	0.00336483	4.48769e-05
XM_047441910.1	2558	2330.29	0	0
XM_047441911.1	3161	2933.29	28.9427	0.444044
XM_047441912.1	1800	1572.29	0	0
XM_047441913.1	3644	3416.29	19.5919	0.258086
XM_047441914.1	5099	4871.29	9.05035	0.083611
XM_047441915.1	5940	5712.29	8.52952	0.067198
XM_047441916.1	3969	3741.29	14.5985	0.175602
XM_047441917.1	2238	2010.29	0	0
XM_047441918.1	4934	4706.29	0	0
XM_047441919.1	4835	4607.29	271.348	2.65047
XM_047441920.1	6959	6731.29	58.9924	0.394402
XM_047441921.1	6770	6542.29	14.6524	0.100791
XM_047441922.1	5258	5030.29	20.7092	0.185273
XM_047441923.1	5158	4930.29	31.9414	0.291557
XM_047441924.1	9032	8804.29	11.2434	0.0574703
XM_047441925.1	2656	2428.29	0	0
XM_047441926.1	2788	2560.29	0	0
XM_047441927.1	2341	2113.29	0	0
XM_047441928.1	5827	5599.29	0	0
XM_047441929.1	7654	7426.29	3.49384	0.0211726
XM_047441931.1	5325	5097.29	71.4689	0.630986
XM_047441932.1	6779	6551.29	6.66447	0.0457806
XM_047441933.1	5112	4884.29	227.632	2.09737
XM_047441934.1	5782	5554.29	136.749	1.10799
XM_047441935.1	4613	4385.29	0	0
XM_047441936.1	3296	3068.29	0	0
XM_047441937.1	2993	2765.29	0	0
XM_047441938.1	1026	798.293	0	0
XM_047441939.1	497	277.191	0	0
XM_047441940.1	809	581.487	0	0
XM_047441941.1	2220	1992.29	0	0
XM_047441942.1	1402	1174.29	642.547	24.6247
XM_047441943.1	1508	1280.29	0.00260159	9.14473e-05
XM_047441944.1	1396	1168.29	293.91	11.3215
XM_047441945.1	1502	1274.29	0.00206871	7.30589e-05
XM_047441946.1	1785	1557.29	44.9936	1.30024
XM_047441947.1	5827	5599.29	268.552	2.15842
XM_047441948.1	5906	5678.29	166.773	1.32175
XM_047441949.1	5874	5646.29	36.078	0.287555
XM_047441950.1	5888	5660.29	0	0
XM_047441951.1	5911	5683.29	102.197	0.809242
XM_047441952.1	5785	5557.29	0	0
XM_047441953.1	5528	5300.29	0	0
XM_047441954.1	5864	5636.29	0	0
XM_047441955.1	5869	5641.29	0	0
XM_047441956.1	2642	2414.29	30.9094	0.576159
XM_047441957.1	4723	4495.29	171.405	1.71596
XM_047441958.1	6574	6346.29	31.39	0.222594
XM_047441959.1	6579	6351.29	132.417	0.938263
XM_047441960.1	6931	6703.29	63.4882	0.426233
XM_047441961.1	6196	5968.29	15.7609	0.118843
XM_047441962.1	7151	6923.29	0	0
XM_047441963.1	7138	6910.29	0	0
XM_047441964.1	6637	6409.29	55.4831	0.389576
XM_047441965.1	6709	6481.29	49.8404	0.346068
XM_047441966.1	7136	6908.29	0	0
XM_047441967.1	6914	6686.29	0.0834319	0.000561551
XM_047441968.1	6578	6350.29	1.58323	0.01122
XM_047441969.1	7051	6823.29	0	0
XM_047441970.1	7090	6862.29	0	0
XM_047441971.1	6780	6552.29	0	0
XM_047441972.1	6854	6626.29	0.288639	0.00196032
XM_047441973.1	7006	6778.29	0	0
XM_047441974.1	7182	6954.29	20.1575	0.130445
XM_047441975.1	6922	6694.29	8.51944	0.0572728
XM_047441976.1	6899	6671.29	0.000242248	1.63415e-06
XM_047441977.1	6893	6665.29	0.00396994	2.68044e-05
XM_047441978.1	6743	6515.29	0	0
XM_047441979.1	6668	6440.29	0	0
XM_047441980.1	2194	1966.29	49.2286	1.12671
XM_047441981.1	6578	6350.29	0	0
XM_047441982.1	6488	6260.29	0	0
XM_047441983.1	3891	3663.29	0	0
XM_047441984.1	1693	1465.29	0	0
XM_047441985.1	1519	1291.29	0	0
XM_047441986.1	11757	11529.3	4.40044	0.0171765
XM_047441987.1	2507	2279.29	6.43842e-06	1.27122e-07
XM_047441988.1	1077	849.293	0	0
XM_047441989.1	5959	5731.29	20.2072	0.15867
XM_047441990.1	873	645.427	2.75765	0.19228
XM_047441991.1	3467	3239.29	0	0
XM_047441992.1	3446	3218.29	0	0
XM_047441993.1	11275	11047.3	0	0
XM_047441994.1	11245	11017.3	0	0
XM_047441995.1	10398	10170.3	5.30717	0.023484
XM_047441996.1	8565	8337.29	0	0
XM_047441997.1	8314	8086.29	70.4272	0.391952
XM_047441998.1	3414	3186.29	0	0
XM_047441999.1	3296	3068.29	0	0
XM_047442000.1	2548	2320.29	4	0.0775817
XM_047442001.1	2619	2391.29	21.0907	0.396918
XM_047442002.1	4757	4529.29	0	0
XM_047442003.1	2713	2485.29	0	0
XM_047442004.1	2697	2469.29	0	0
XM_047442005.1	2761	2533.29	16.0255	0.284687
XM_047442006.1	4516	4288.29	0	0
XM_047442007.1	19769	19541.3	12.3915	0.0285372
XM_047442008.1	5931	5703.29	0	0
XM_047442009.1	3816	3588.29	0	0
XM_047442010.1	1522	1294.29	0	0
XM_047442011.1	4960	4732.29	0	0
XM_047442012.1	4852	4624.29	0	0
XM_047442013.1	5602	5374.29	0	0
XM_047442014.1	4543	4315.29	6.10727	0.0636912
XM_047442015.1	5727	5499.29	0	0
XM_047442016.1	3474	3246.29	0	0
XM_047442017.1	3526	3298.29	79.4806	1.08446
XM_047442018.1	5983	5755.29	0.0233346	0.000182463
XM_047442019.1	3922	3694.29	0	0
XM_047442020.1	3490	3262.29	0	0
XM_047442021.1	3476	3248.29	65.3581	0.905496
XM_047442022.1	3449	3221.29	19.3893	0.270878
XM_047442023.1	5017	4789.29	5.82035	0.0546915
XM_047442024.1	6001	5773.29	1022.3	7.96885
XM_047442025.1	3381	3153.29	0	0
XM_047442026.1	4331	4103.29	0	0
XM_047442027.1	5892	5664.29	5.06753e-06	4.02618e-08
XM_047442028.1	6842	6614.29	44.1568	0.300439
XM_047442029.1	3850	3622.29	55.148	0.685155
XM_047442030.1	2477	2249.29	0	0
XM_047442032.1	3414	3186.29	0.0683114	0.000964828
XM_047442033.1	2523	2295.29	201.771	3.95605
XM_047442034.1	5735	5507.29	0	0
XM_047442035.1	2814	2586.29	5.98271	0.104103
XM_047442036.1	5326	5098.29	5.05033	0.0445797
XM_047442037.1	3321	3093.29	0.00374549	5.44916e-05
XM_047442038.1	2282	2054.29	28.4629	0.623532
XM_047442039.1	4685	4457.29	0	0
XM_047442040.1	4481	4253.29	0	0
XM_047442041.1	4589	4361.29	0	0
XM_047442042.1	4553	4325.29	0	0
XM_047442043.1	4460	4232.29	169.51	1.80244
XM_047442044.1	4349	4121.29	0	0
XM_047442045.1	4457	4229.29	0	0
XM_047442046.1	4424	4196.29	0	0
XM_047442047.1	4287	4059.29	0.335273	0.00371698
XM_047442048.1	4328	4100.29	0	0
XM_047442050.1	7149	6921.29	2.47244	0.0160761
XM_047442051.1	9020	8792.29	0.0855252	0.000437758
XM_047442052.1	9017	8789.29	1.7517	0.00896911
XM_047442053.1	9017	8789.29	0.00613613	3.14183e-05
XM_047442054.1	9014	8786.29	0.129779	0.000664721
XM_047442055.1	9008	8780.29	1.87438	0.00960708
XM_047442056.1	9005	8777.29	50.3448	0.258129
XM_047442057.1	8879	8651.29	112.312	0.584232
XM_047442058.1	8822	8594.29	0.00501103	2.62397e-05
XM_047442059.1	8681	8453.29	7.99888	0.0425839
XM_047442060.1	8678	8450.29	332.231	1.76934
XM_047442061.1	7223	6995.29	522.516	3.36152
XM_047442062.1	3700	3472.29	98.2141	1.27292
XM_047442063.1	3836	3608.29	230.018	2.86882
XM_047442064.1	13702	13474.3	1.8037e-06	6.02422e-09
XM_047442065.1	13570	13342.3	21.0598	0.071034
XM_047442066.1	13546	13318.3	1.54132e-08	5.20818e-11
XM_047442067.1	13711	13483.3	0	0
XM_047442068.1	13414	13186.3	0.219942	0.000750634
XM_047442069.1	13555	13327.3	0	0
XM_047442070.1	13090	12862.3	83.7296	0.292956
XM_047442071.1	13099	12871.3	0	0
XM_047442072.1	3111	2883.29	0	0
XM_047442073.1	3018	2790.29	2.02383	0.0326412
XM_047442074.1	8214	7986.29	0	0
XM_047442075.1	8218	7990.29	0	0
XM_047442076.1	8309	8081.29	0	0
XM_047442077.1	8157	7929.29	0	0
XM_047442078.1	7953	7725.29	0	0
XM_047442079.1	8248	8020.29	0	0
XM_047442080.1	7858	7630.29	0	0
XM_047442081.1	2484	2256.29	0	0
XM_047442082.1	1703	1475.29	0	0
XM_047442083.1	1038	810.293	29.7721	1.65352
XM_047442084.1	725	497.753	3.77944	0.341709
XM_047442085.1	4476	4248.29	0	0
XM_047442086.1	4482	4254.29	0.00648737	6.86252e-05
XM_047442087.1	4476	4248.29	0.0449162	0.000475807
XM_047442088.1	4212	3984.29	0	0
XM_047442089.1	1383	1155.29	1	0.0389538
XM_047442090.1	1545	1317.29	0	0
XM_047442091.1	1542	1314.29	0.00181495	6.21462e-05
XM_047442092.1	3614	3386.29	21.1278	0.280784
XM_047442093.1	2393	2165.29	0	0
XM_047442094.1	6259	6031.29	3.81347	0.0284546
XM_047442095.1	2051	1823.29	0	0
XM_047442096.1	1521	1293.29	318.23	11.0736
XM_047442097.1	3536	3308.29	517.598	7.04094
XM_047442098.1	3446	3218.29	0	0
XM_047442099.1	910	682.293	0	0
XM_047442100.1	2819	2591.29	0	0
XM_047442101.1	735	507.753	1.12017	0.0992826
XM_047442102.1	3536	3308.29	4.27822	0.0581971
XM_047442103.1	1865	1637.29	0	0
XM_047442104.1	668	441.629	0	0
XM_047442105.1	1308	1080.29	17	0.70819
XM_047442106.1	2559	2331.29	0	0
XM_047442107.1	6443	6215.29	0	0
XM_047442108.1	5055	4827.29	0	0
XM_047442109.1	1720	1492.29	0	0
XM_047442110.1	1637	1409.29	0	0
XM_047442111.1	3566	3338.29	0	0
XM_047442112.1	3681	3453.29	8	0.104255
XM_047442113.1	4132	3904.29	0	0
XM_047442114.1	2704	2476.29	0	0
XM_047442115.1	11595	11367.3	0	0
XM_047442116.1	12757	12529.3	4.76022	0.0170979
XM_047442117.1	10773	10545.3	1.6446e-06	7.01851e-09
XM_047442118.1	12087	11859.3	0	0
XM_047442119.1	11818	11590.3	0	0
XM_047442120.1	11718	11490.3	0	0
XM_047442121.1	13167	12939.3	58.549	0.203635
XM_047442122.1	9772	9544.29	0	0
XM_047442123.1	2137	1909.29	7.6103	0.179379
XM_047442124.1	2074	1846.29	0	0
XM_047442129.1	8474	8246.29	8.98629	0.0490415
XM_047442130.1	4089	3861.29	317.812	3.70408
XM_047442131.1	7814	7586.29	0	0
XM_047442132.1	3885	3657.29	0	0
XM_047442133.1	3615	3387.29	21.4271	0.284677
XM_047442134.1	3570	3342.29	0	0
XM_047442135.1	3928	3700.29	0	0
XM_047442136.1	3925	3697.29	0	0
XM_047442137.1	3298	3070.29	0.694821	0.0101844
XM_047442138.1	752	524.701	0	0
XM_047442139.1	745	517.701	0	0
XM_047442140.1	8202	7974.29	0	0
XM_047442141.1	4057	3829.29	1	0.0117523
XM_047442142.1	3925	3697.29	0	0
XM_047442144.1	7535	7307.29	0	0
XM_047442145.1	8008	7780.29	3.69054	0.021347
XM_047442146.1	2734	2506.29	0	0
XM_047442147.1	2778	2550.29	0	0
XM_047442148.1	9129	8901.29	0	0
XM_047442149.1	9029	8801.29	0	0
XM_047442150.1	11072	10844.3	0	0
XM_047442151.1	1281	1053.29	265.102	11.3268
XM_047442152.1	3158	2930.29	30.9986	0.476073
XM_047442153.1	1180	952.293	0.0317468	0.00150028
XM_047442154.1	1344	1116.29	376.252	15.1685
XM_047442155.1	3099	2871.29	0	0
XM_047442156.1	3123	2895.29	13.813	0.214702
XM_047442157.1	2208	1980.29	0	0
XM_047442158.1	2079	1851.29	4	0.097236
XM_047442159.1	2241	2013.29	0	0
XM_047442160.1	6177	5949.29	0	0
XM_047442161.1	6138	5910.29	0	0
XM_047442162.1	5961	5733.29	0	0
XM_047442163.1	4978	4750.29	28.915	0.273933
XM_047442164.1	4924	4696.29	5.0338e-07	4.82373e-09
XM_047442165.1	4894	4666.29	12.7476	0.122942
XM_047442166.1	4558	4330.29	0	0
XM_047442167.1	3358	3130.29	55.1518	0.792897
XM_047442168.1	3460	3232.29	0	0
XM_047442169.1	3481	3253.29	0	0
XM_047442170.1	3385	3157.29	74.5726	1.06293
XM_047442171.1	5536	5308.29	4.40272	0.0373257
XM_047442172.1	5611	5383.29	0	0
XM_047442173.1	840	612.427	0	0
XM_047442174.1	1581	1353.29	0	0
XM_047442175.1	2099	1871.29	42.7871	1.02899
XM_047442176.1	1847	1619.29	32.1284	0.892905
XM_047442177.1	2060	1832.29	9.98419	0.245222
XM_047442178.1	1561	1333.29	7.50438	0.253298
XM_047442179.1	1307	1079.29	1.85023	0.0771489
XM_047442180.1	5514	5286.29	0.309286	0.002633
XM_047442181.1	5278	5050.29	0	0
XM_047442182.1	6101	5873.29	0	0
XM_047442183.1	2709	2481.29	0	0
XM_047442184.1	5167	4939.29	90.8998	0.82821
XM_047442185.1	4233	4005.29	13.5679	0.152447
XM_047442186.1	3480	3252.29	0	0
XM_047442188.1	924	696.293	8.73449	0.564531
XM_047442189.1	2642	2414.29	83.9329	1.56453
XM_047442190.1	2759	2531.29	116.25	2.06676
XM_047442191.1	6398	6170.29	321.578	2.34543
XM_047442192.1	3207	2979.29	0	0
XM_047442193.1	4018	3790.29	0	0
XM_047442194.1	5249	5021.29	1	0.00896245
XM_047442195.1	3486	3258.29	0	0
XM_047442196.1	6493	6265.29	3.69666	0.0265528
XM_047442197.1	6369	6141.29	0	0
XM_047442198.1	6566	6338.29	0	0
XM_047442199.1	6273	6045.29	57.7364	0.429808
XM_047442200.1	6568	6340.29	8.70826	0.0618108
XM_047442201.1	6283	6055.29	8.19705	0.0609207
XM_047442202.1	6440	6212.29	0.000131206	9.50479e-07
XM_047442203.1	6145	5917.29	42.4376	0.322753
XM_047442204.1	6512	6284.29	0	0
XM_047442205.1	6423	6195.29	1.92135	0.0139568
XM_047442206.1	6412	6184.29	42.2757	0.30764
XM_047442207.1	6308	6080.29	0	0
XM_047442208.1	6306	6078.29	13.7473	0.101784
XM_047442209.1	6310	6082.29	0	0
XM_047442210.1	6235	6007.29	41.9505	0.314269
XM_047442211.1	6258	6030.29	69.5861	0.519309
XM_047442212.1	6097	5869.29	224.241	1.71938
XM_047442213.1	6375	6147.29	9.66779	0.0707759
XM_047442214.1	6474	6246.29	0	0
XM_047442215.1	6466	6238.29	16.3467	0.117926
XM_047442216.1	6262	6034.29	0	0
XM_047442217.1	6179	5951.29	0	0
XM_047442218.1	6159	5931.29	4.97504e-08	3.77476e-10
XM_047442219.1	6181	5953.29	15.7838	0.119315
XM_047442220.1	6043	5815.29	84.6718	0.655253
XM_047442221.1	6204	5976.29	26.5355	0.19982
XM_047442222.1	6329	6101.29	15.5551	0.114734
XM_047442223.1	6321	6093.29	3.60545	0.0266287
XM_047442224.1	6410	6182.29	0	0
XM_047442225.1	6478	6250.29	0	0
XM_047442226.1	6412	6184.29	6.23512	0.0453729
XM_047442227.1	6103	5875.29	2.41069e-08	1.84652e-10
XM_047442228.1	6278	6050.29	0	0
XM_047442229.1	2457	2229.29	19.0306	0.384173
XM_047442230.1	2134	1906.29	73.1904	1.72785
XM_047442231.1	845	617.427	0	0
XM_047442232.1	808	580.487	0	0
XM_047442233.1	1759	1531.29	0	0
XM_047442234.1	3922	3694.29	22.7901	0.277624
XM_047442235.1	3770	3542.29	42.3842	0.53847
XM_047442236.1	3616	3388.29	0	0
XM_047442237.1	5234	5006.29	0.741491	0.00666549
XM_047442238.1	7029	6801.29	0	0
XM_047442239.1	2317	2089.29	4.51671	0.0972892
XM_047442240.1	1593	1365.29	0	0
XM_047442241.1	897	669.361	19.7105	1.32519
XM_047442242.1	825	597.427	24.0383	1.81076
XM_047442243.1	818	590.487	0	0
XM_047442244.1	5361	5133.29	73.2964	0.642583
XM_047442245.1	5396	5168.29	0	0
XM_047442246.1	2915	2687.29	0	0
XM_047442247.1	3980	3752.29	17.914	0.214851
XM_047442248.1	2145	1917.29	3.34731	0.0785687
XM_047442249.1	1388	1160.29	51.6127	2.00185
XM_047442250.1	11769	11541.3	0	0
XM_047442251.1	11926	11698.3	15.6351	0.060148
XM_047442252.1	1123	895.293	0	0
XM_047442254.1	2072	1844.29	20.0879	0.490169
XM_047442255.1	1403	1175.29	0	0
XM_047442256.1	1500	1272.29	0	0
XM_047442257.1	1346	1118.29	14.234	0.572814
XM_047442258.1	2409	2181.29	0.453	0.00934602
XM_047442259.1	3707	3479.29	65.3941	0.845843
XM_047442260.1	3830	3602.29	39.5326	0.493876
XM_047442261.1	3934	3706.29	0	0
XM_047442262.1	1727	1499.29	41.0728	1.23285
XM_047442263.1	5759	5531.29	0	0
XM_047442264.1	8169	7941.29	0	0
XM_047442265.1	5753	5525.29	104.014	0.84719
XM_047442266.1	8163	7935.29	122.035	0.692092
XM_047442267.1	5747	5519.29	65.6267	0.535105
XM_047442268.1	5693	5465.29	0	0
XM_047442269.1	8103	7875.29	0	0
XM_047442270.1	5681	5453.29	245.608	2.02687
XM_047442271.1	5678	5450.29	0	0
XM_047442272.1	8088	7860.29	0	0
XM_047442273.1	5666	5438.29	293.898	2.43207
XM_047442274.1	8022	7794.29	0	0
XM_047442275.1	5228	5000.29	15.4028	0.138626
XM_047442276.1	8010	7782.29	1117.6	6.46282
XM_047442277.1	13405	13177.3	4.78043e-06	1.63261e-08
XM_047442278.1	13393	13165.3	39.7996	0.136047
XM_047442279.1	14422	14194.3	62.6768	0.198717
XM_047442280.1	3261	3033.29	0	0
XM_047442281.1	5980	5752.29	0	0
XM_047442282.1	5826	5598.29	0	0
XM_047442283.1	5713	5485.29	63.1325	0.517959
XM_047442284.1	5721	5493.29	0	0
XM_047442285.1	5588	5360.29	11.0934	0.093136
XM_047442286.1	5454	5226.29	0	0
XM_047442287.1	5446	5218.29	0	0
XM_047442288.1	5580	5352.29	0	0
XM_047442289.1	3765	3537.29	90.6882	1.15378
XM_047442290.1	4057	3829.29	38.098	0.44774
XM_047442291.1	2461	2233.29	2.06842	0.0416806
XM_047442292.1	2416	2188.29	389.528	8.01079
XM_047442293.1	1331	1103.29	54.6372	2.22864
XM_047442294.1	1100	872.293	0	0
XM_047442295.1	1115	887.293	0	0
XM_047442296.1	1060	832.293	0	0
XM_047442297.1	1043	815.293	0	0
XM_047442298.1	1037	809.293	0	0
XM_047442299.1	988	760.293	0	0
XM_047442300.1	3263	3035.29	0	0
XM_047442301.1	3208	2980.29	0	0
XM_047442302.1	3200	2972.29	0	0
XM_047442303.1	3151	2923.29	1.73218e-07	2.66663e-09
XM_047442304.1	3166	2938.29	9.67179	0.148134
XM_047442305.1	3145	2917.29	1.79586e-06	2.77035e-08
XM_047442306.1	3115	2887.29	0	0
XM_047442307.1	3109	2881.29	0	0
XM_047442308.1	780	552.487	0	0
XM_047442309.1	3108	2880.29	0	0
XM_047442310.1	3060	2832.29	0	0
XM_047442311.1	3075	2847.29	0.033443	0.000528585
XM_047442312.1	3054	2826.29	2.20305e-07	3.50792e-09
XM_047442313.1	3069	2841.29	22.4015	0.354815
XM_047442314.1	796	568.487	3.86123	0.305666
XM_047442315.1	3053	2825.29	2.29734e-07	3.65934e-09
XM_047442316.1	732	504.753	0	0
XM_047442317.1	3059	2831.29	6.95536	0.110555
XM_047442318.1	3017	2789.29	0	0
XM_047442319.1	2967	2739.29	1.41777	0.0232921
XM_047442320.1	632	406.137	0	0
XM_047442321.1	2974	2746.29	0.0527618	0.000864599
XM_047442322.1	626	400.259	0	0
XM_047442323.1	2968	2740.29	45.1621	0.741684
XM_047442324.1	2962	2734.29	0	0
XM_047442325.1	612	386.495	0	0
XM_047442326.1	2891	2663.29	5.61704e-05	9.4914e-07
XM_047442327.1	2886	2658.29	0	0
XM_047442328.1	2880	2652.29	0	0
XM_047442329.1	3668	3440.29	0	0
XM_047442330.1	3665	3437.29	0	0
XM_047442331.1	2277	2049.29	5.45454	0.119783
XM_047442332.1	3926	3698.29	404.118	4.91756
XM_047442333.1	3923	3695.29	30.7707	0.374741
XM_047442334.1	8024	7796.29	143.402	0.827767
XM_047442335.1	3636	3408.29	89.8475	1.18635
XM_047442336.1	8021	7793.29	42.2725	0.244106
XM_047442337.1	2922	2694.29	0	0
XM_047442339.1	7526	7298.29	25.9465	0.159992
XM_047442340.1	7931	7703.29	0.722209	0.00421919
XM_047442341.1	7999	7771.29	0	0
XM_047442342.1	7075	6847.29	13.4112	0.0881435
XM_047442343.1	7167	6939.29	3.26714	0.0211882
XM_047442344.1	7023	6795.29	1.34513	0.00890839
XM_047442345.1	7198	6970.29	24.7319	0.15968
XM_047442346.1	7308	7080.29	0.000139069	8.8394e-07
XM_047442347.1	7103	6875.29	82.6756	0.541163
XM_047442348.1	2775	2547.29	0	0
XM_047442349.1	2539	2311.29	0	0
XM_047442350.1	2542	2314.29	0	0
XM_047442351.1	2748	2520.29	0	0
XM_047442352.1	2818	2590.29	0	0
XM_047442353.1	1346	1118.29	12.7585	0.513436
XM_047442354.1	1912	1684.29	0	0
XM_047442355.1	1566	1338.29	11	0.369899
XM_047442357.1	2227	1999.29	0	0
XM_047442358.1	2212	1984.29	7.19623	0.163208
XM_047442359.1	2194	1966.29	57.2621	1.31057
XM_047442360.1	2151	1923.29	0	0
XM_047442361.1	2118	1890.29	0	0
XM_047442362.1	1993	1765.29	0	0
XM_047442363.1	1960	1732.29	9.1249	0.237055
XM_047442364.1	1950	1722.29	0	0
XM_047442365.1	1857	1629.29	0	0
XM_047442366.1	1935	1707.29	26.6777	0.703206
XM_047442367.1	2065	1837.29	44.7819	1.0969
XM_047442368.1	1917	1689.29	1.01273	0.0269792
XM_047442369.1	2047	1819.29	2.14714	0.0531129
XM_047442370.1	1821	1593.29	0	0
XM_047442371.1	1796	1568.29	0	0
XM_047442372.1	1763	1535.29	198.514	5.81892
XM_047442373.1	1108	880.293	36.5773	1.86993
XM_047442374.1	3713	3485.29	0	0
XM_047442375.1	4136	3908.29	0	0
XM_047442376.1	11207	10979.3	0	0
XM_047442377.1	11243	11015.3	0	0
XM_047442378.1	11122	10894.3	0	0
XM_047442379.1	11100	10872.3	1.02419e-07	4.23938e-10
XM_047442380.1	11177	10949.3	0	0
XM_047442381.1	11092	10864.3	2.8097e-07	1.16386e-09
XM_047442382.1	11210	10982.3	0	0
XM_047442383.1	10950	10722.3	19.1548	0.0803957
XM_047442384.1	5378	5150.29	0.00115339	1.00783e-05
XM_047442385.1	5455	5227.29	0	0
XM_047442386.1	5491	5263.29	0	0
XM_047442387.1	5370	5142.29	0.00971772	8.50452e-05
XM_047442388.1	5348	5120.29	3.47035	0.0305014
XM_047442389.1	848	620.427	38.922	2.82323
XM_047442390.1	634	408.137	0	0
XM_047442391.1	7507	7279.29	74.3569	0.4597
XM_047442392.1	7504	7276.29	26.5829	0.164412
XM_047442393.1	7444	7216.29	14.897	0.0929022
XM_047442394.1	7441	7213.29	5.17924	0.0323128
XM_047442395.1	7405	7177.29	0	0
XM_047442396.1	7402	7174.29	0	0
XM_047442397.1	6199	5971.29	38.5336	0.290411
XM_047442398.1	6196	5968.29	10.476	0.0789931
XM_047442399.1	7342	7114.29	0	0
XM_047442400.1	7339	7111.29	0	0
XM_047442401.1	6097	5869.29	60.6995	0.465417
XM_047442402.1	6094	5866.29	16.6173	0.127479
XM_047442403.1	6034	5806.29	8.22039	0.0637142
XM_047442404.1	5421	5193.29	75.7872	0.656743
XM_047442405.1	8305	8077.29	156.393	0.871354
XM_047442406.1	4551	4323.29	11.5861	0.120605
XM_047442407.1	2199	1971.29	0	0
XM_047442408.1	2107	1879.29	13.4315	0.321641
XM_047442409.1	4477	4249.29	0	0
XM_047442410.1	4391	4163.29	0	0
XM_047442411.1	4354	4126.29	0	0
XM_047442412.1	2330	2102.29	0.583656	0.0124941
XM_047442413.1	3481	3253.29	0	0
XM_047442414.1	1845	1617.29	0	0
XM_047442415.1	3664	3436.29	44.3605	0.580963
XM_047442416.1	3321	3093.29	0.00374549	5.44916e-05
XM_047442417.1	1993	1765.29	0	0
XM_047442418.1	8045	7817.29	0	0
XM_047442419.1	2866	2638.29	0	0
XM_047442420.1	4981	4753.29	74.7318	0.707544
XM_047442421.1	3697	3469.29	0	0
XM_047442422.1	3694	3466.29	18.3455	0.238181
XM_047442423.1	3647	3419.29	46.3546	0.610096
XM_047442424.1	3442	3214.29	477.44	6.68461
XM_047442425.1	3423	3195.29	129.967	1.83047
XM_047442427.1	1114	886.293	0	0
XM_047442428.1	5658	5430.29	14.1284	0.117088
XM_047442429.1	5447	5219.29	3.67227	0.031664
XM_047442430.1	4067	3839.29	0	0
XM_047442431.1	3776	3548.29	0	0
XM_047442432.1	2804	2576.29	0	0
XM_047442433.1	2722	2494.29	0	0
XM_047442434.1	1921	1693.29	4.45248	0.118335
XM_047442435.1	8870	8642.29	0.316131	0.00164619
XM_047442436.1	8102	7874.29	106.005	0.605838
XM_047442437.1	8514	8286.29	213.574	1.15992
XM_047442438.1	7857	7629.29	46.8008	0.276065
XM_047442439.1	8063	7835.29	7.68549e-06	4.41426e-08
XM_047442440.1	7825	7597.29	0	0
XM_047442441.1	7787	7559.29	0	0
XM_047442442.1	7747	7519.29	0	0
XM_047442443.1	8998	8770.29	49.8844	0.255972
XM_047442444.1	7652	7424.29	2.05465e-08	1.24545e-10
XM_047442445.1	7818	7590.29	181.481	1.076
XM_047442446.1	8753	8525.29	47.6311	0.251434
XM_047442447.1	7962	7734.29	14.0297	0.0816338
XM_047442448.1	7670	7442.29	0	0
XM_047442449.1	7753	7525.29	1.53967e-06	9.20762e-09
XM_047442450.1	7946	7718.29	4.35533e-05	2.53946e-07
XM_047442451.1	7708	7480.29	0	0
XM_047442452.1	8513	8285.29	0	0
XM_047442453.1	7798	7570.29	0	0
XM_047442454.1	7630	7402.29	0	0
XM_047442455.1	8531	8303.29	9.59159e-08	5.19855e-10
XM_047442456.1	7515	7287.29	5.05908e-05	3.12426e-07
XM_047442457.1	7654	7426.29	17.0564	0.103361
XM_047442458.1	7367	7139.29	0	0
XM_047442459.1	7356	7128.29	240.726	1.51977
XM_047442460.1	7471	7243.29	0	0
XM_047442461.1	7250	7022.29	0	0
XM_047442462.1	4192	3964.29	0	0
XM_047442463.1	782	554.487	0	0
XM_047442464.1	4834	4606.29	0	0
XM_047442465.1	5461	5233.29	0	0
XM_047442466.1	5139	4911.29	0	0
XM_047442467.1	5323	5095.29	0	0
XM_047442468.1	4317	4089.29	0	0
XM_047442469.1	5328	5100.29	0	0
XM_047442470.1	4024	3796.29	14.9771	0.177546
XM_047442471.1	4981	4753.29	0	0
XM_047442472.1	5010	4782.29	0	0
XM_047442473.1	4967	4739.29	0	0
XM_047442474.1	5009	4781.29	0	0
XM_047442475.1	5033	4805.29	0.00182727	1.7113e-05
XM_047442476.1	4986	4758.29	0	0
XM_047442477.1	4943	4715.29	0	0
XM_047442478.1	4896	4668.29	0	0
XM_047442479.1	4985	4757.29	0	0
XM_047442480.1	4895	4667.29	0	0
XM_047442481.1	4927	4699.29	0	0
XM_047442482.1	4880	4652.29	0	0
XM_047442483.1	4682	4454.29	19.5698	0.197719
XM_047442484.1	4618	4390.29	0	0
XM_047442485.1	4118	3890.29	177.275	2.05072
XM_047442486.1	3412	3184.29	54.6377	0.772186
XM_047442487.1	4026	3798.29	0	0
XM_047442488.1	4627	4399.29	0	0
XM_047442489.1	4537	4309.29	0	0
XM_047442490.1	4507	4279.29	0	0
XM_047442491.1	4504	4276.29	5.7357	0.0603617
XM_047442492.1	4420	4192.29	0	0
XM_047442493.1	4417	4189.29	3.53386	0.0379622
XM_047442494.1	4414	4186.29	0	0
XM_047442495.1	4411	4183.29	0	0
XM_047442496.1	4467	4239.29	0	0
XM_047442497.1	4396	4168.29	0	0
XM_047442498.1	4327	4099.29	0	0
XM_047442499.1	4324	4096.29	0	0
XM_047442500.1	4312	4084.29	0	0
XM_047442501.1	4300	4072.29	0	0
XM_047442502.1	4297	4069.29	0	0
XM_047442503.1	4222	3994.29	0	0
XM_047442504.1	4219	3991.29	0	0
XM_047442505.1	4219	3991.29	0	0
XM_047442506.1	4213	3985.29	0	0
XM_047442507.1	4210	3982.29	0	0
XM_047442508.1	4138	3910.29	0	0
XM_047442509.1	4123	3895.29	0	0
XM_047442510.1	2102	1874.29	7.59233	0.182297
XM_047442511.1	1928	1700.29	0	0
XM_047442512.1	1898	1670.29	0	0
XM_047442513.1	1895	1667.29	0	0
XM_047442514.1	2069	1841.29	0	0
XM_047442515.1	1865	1637.29	0	0
XM_047442517.1	2283	2055.29	0	0
XM_047442518.1	1855	1627.29	2	0.0553104
XM_047442519.1	1576	1348.29	0	0
XM_047442520.1	4089	3861.29	30.1193	0.351039
XM_047442521.1	4014	3786.29	0	0
XM_047442522.1	3942	3714.29	0	0
XM_047442523.1	3837	3609.29	0	0
XM_047442524.1	4049	3821.29	24.123	0.284095
XM_047442525.1	3705	3477.29	0	0
XM_047442526.1	3570	3342.29	0	0
XM_047442527.1	3178	2950.29	0	0
XM_047442528.1	3315	3087.29	6.69348	0.09757
XM_047442529.1	3412	3184.29	68.1589	0.963278
XM_047442530.1	2777	2549.29	0	0
XM_047442531.1	2821	2593.29	4.87742	0.0846411
XM_047442532.1	2978	2750.29	0	0
XM_047442533.1	3021	2793.29	0	0
XM_047442534.1	2830	2602.29	10.0475	0.173757
XM_047442535.1	3164	2936.29	0	0
XM_047442536.1	2212	1984.29	0	0
XM_047442537.1	1922	1694.29	48.5305	1.28905
XM_047442538.1	3585	3357.29	16.2081	0.217262
XM_047442539.1	3326	3098.29	0	0
XM_047442540.1	2331	2103.29	36.5821	0.782728
XM_047442541.1	3534	3306.29	66.6198	0.906785
XM_047442542.1	1758	1530.29	0	0
XM_047442543.1	2109	1881.29	31.3723	0.750467
XM_047442544.1	2315	2087.29	17.9563	0.387147
XM_047442545.1	2250	2022.29	0	0
XM_047442546.1	1739	1511.29	82.3399	2.45191
XM_047442548.1	12640	12412.3	37.9294	0.13752
XM_047442550.1	12592	12364.3	443.185	1.61309
XM_047442551.1	2843	2615.29	14.2062	0.244455
XM_047442552.1	2812	2584.29	178.961	3.11645
XM_047442553.1	2501	2273.29	0	0
XM_047442554.1	2612	2384.29	10.1648	0.191858
XM_047442555.1	2581	2353.29	39.7615	0.760377
XM_047442556.1	2342	2114.29	16.9541	0.36087
XM_047442557.1	2225	1997.29	4.87288	0.109796
XM_047442558.1	2373	2145.29	14.2859	0.299684
XM_047442559.1	2138	1910.29	5.52285	0.130109
XM_047442560.1	3807	3579.29	38.4036	0.482855
XM_047442561.1	3694	3466.29	0	0
XM_047442562.1	3897	3669.29	7.92832	0.0972391
XM_047442563.1	1316	1088.29	5.12875	0.212084
XM_047442564.1	1664	1436.29	4.54103	0.142283
XM_047442565.1	3181	2953.29	0	0
XM_047442566.1	3109	2881.29	0	0
XM_047442568.1	5079	4851.29	0	0
XM_047442569.1	5318	5090.29	126.099	1.11484
XM_047442570.1	5207	4979.29	109.373	0.988519
XM_047442571.1	5263	5035.29	34.4099	0.30754
XM_047442572.1	4906	4678.29	0	0
XM_047442573.1	5156	4928.29	0	0
XM_047442574.1	11242	11014.3	11.3093	0.0462086
XM_047442575.1	5281	5053.29	0	0
XM_047442576.1	4708	4480.29	3.56346	0.0357938
XM_047442577.1	5241	5013.29	0	0
XM_047442578.1	4153	3925.29	0	0
XM_047442579.1	7969	7741.29	0	0
XM_047442580.1	5397	5169.29	3.075	0.0267705
XM_047442581.1	9143	8915.29	0	0
XM_047442582.1	5059	4831.29	0	0
XM_047442583.1	4566	4338.29	19.702	0.204378
XM_047442584.1	8328	8100.29	31.8056	0.176703
XM_047442585.1	4455	4227.29	9.16988	0.097621
XM_047442586.1	4446	4218.29	11.3017	0.120573
XM_047442587.1	3501	3273.29	92.9908	1.27849
XM_047442588.1	8217	7989.29	0	0
XM_047442589.1	4335	4107.29	5.02853	0.0550969
XM_047442590.1	3381	3153.29	48.397	0.690711
XM_047442591.1	3955	3727.29	0	0
XM_047442592.1	3001	2773.29	0	0
XM_047442593.1	3844	3616.29	0	0
XM_047442594.1	3906	3678.29	7.53606	0.092202
XM_047442595.1	2890	2662.29	0	0
XM_047442596.1	2881	2653.29	0	0
XM_047442597.1	2836	2608.29	8.15246	0.140661
XM_047442598.1	3193	2965.29	0	0
XM_047442599.1	4653	4425.29	0.74028	0.00752829
XM_047442600.1	4648	4420.29	3.48755	0.0355068
XM_047442601.1	8259	8031.29	111.728	0.626065
XM_047442604.1	4335	4107.29	45.5164	0.498717
XM_047442605.1	4323	4095.29	0	0
XM_047442606.1	2152	1924.29	0	0
XM_047442607.1	647	420.888	81.4932	8.71359
XM_047442608.1	3393	3165.29	4.65365	0.066164
XM_047442609.1	3303	3075.29	0.0222224	0.000325198
XM_047442610.1	3300	3072.29	0.0102971	0.000150832
XM_047442611.1	3229	3001.29	0.0180546	0.000270721
XM_047442612.1	3112	2884.29	0	0
XM_047442613.1	3090	2862.29	0	0
XM_047442614.1	1496	1268.29	7.62764	0.270653
XM_047442615.1	1223	995.293	3.84425	0.173821
XM_047442616.1	1137	909.293	2.83608	0.140364
XM_047442617.1	1519	1291.29	38.4787	1.34103
XM_047442618.1	4450	4222.29	0	0
XM_047442619.1	3697	3469.29	0.765851	0.00993449
XM_047442620.1	4792	4564.29	2.0006	0.0197256
XM_047442626.1	7975	7747.29	0	0
XM_047442627.1	7702	7474.29	0	0
XM_047442628.1	1730	1502.29	0	0
XM_047442629.1	2870	2642.29	17.5506	0.298918
XM_047442630.1	2407	2179.29	0	0
XM_047442631.1	1025	797.293	13.8658	0.782651
XM_047442632.1	5587	5359.29	1.71514	0.0144023
XM_047442633.1	6020	5792.29	9.00597	0.0699717
XM_047442634.1	5557	5329.29	0	0
XM_047442635.1	5536	5308.29	16.9966	0.144095
XM_047442636.1	8089	7861.29	78.2753	0.448098
XM_047442637.1	4587	4359.29	221.561	2.28728
XM_047442638.1	7950	7722.29	66.1385	0.385434
XM_047442639.1	4551	4323.29	1228.41	12.787
XM_047442640.1	4456	4228.29	12.4196	0.132186
XM_047442641.1	7864	7636.29	188.924	1.11339
XM_047442642.1	4419	4191.29	109.67	1.17756
XM_047442643.1	7781	7553.29	519.218	3.09354
XM_047442644.1	2446	2218.29	2.96779	0.0602084
XM_047442645.1	2113	1885.29	20.9312	0.49964
XM_047442649.1	3971	3743.29	30.2066	0.363153
XM_047442650.1	4059	3831.29	13.6802	0.16069
XM_047442651.1	3905	3677.29	6.05019	0.0740428
XM_047442652.1	4974	4746.29	0	0
XM_047442653.1	4832	4604.29	0	0
XM_047442654.1	5016	4788.29	0	0
XM_047442655.1	4877	4649.29	0	0
XM_047442656.1	4769	4541.29	0.0328448	0.000325484
XM_047442657.1	4908	4680.29	0	0
XM_047442658.1	5346	5118.29	0	0
XM_047442659.1	4989	4761.29	0	0
XM_047442660.1	4874	4646.29	0	0
XM_047442661.1	4752	4524.29	5.61761	0.0558783
XM_047442662.1	4843	4615.29	0	0
XM_047442663.1	5013	4785.29	0	0
XM_047442664.1	4766	4538.29	0.0812704	0.000805902
XM_047442665.1	4986	4758.29	0	0
XM_047442666.1	4905	4677.29	0	0
XM_047442667.1	4847	4619.29	0	0
XM_047442668.1	4593	4365.29	0	0
XM_047442669.1	4715	4487.29	0	0
XM_047442670.1	4746	4518.29	0	0
XM_047442671.1	4726	4498.29	0	0
XM_047442672.1	4839	4611.29	19.4129	0.189456
XM_047442673.1	4951	4723.29	0	0
XM_047442674.1	4939	4711.29	0	0
XM_047442675.1	5245	5017.29	48.4585	0.434653
XM_047442676.1	33118	32890.3	54.5901	0.0746945
XM_047442677.1	2706	2478.29	114.157	2.07297
XM_047442678.1	804	576.487	0	0
XM_047442679.1	5277	5049.29	0	0
XM_047442680.1	8179	7951.29	0	0
XM_047442681.1	2896	2668.29	0.00153578	2.59023e-05
XM_047442682.1	2863	2635.29	52.3204	0.893479
XM_047442683.1	2851	2623.29	0.068284	0.00117143
XM_047442684.1	2780	2552.29	56.6288	0.998502
XM_047442685.1	2876	2648.29	0	0
XM_047442686.1	2724	2496.29	18.7855	0.338665
XM_047442687.1	2840	2612.29	0	0
XM_047442688.1	2864	2636.29	0	0
XM_047442689.1	2820	2592.29	39.8033	0.690999
XM_047442690.1	2906	2678.29	2.04489	0.0343601
XM_047442691.1	2831	2603.29	0	0
XM_047442692.1	2674	2446.29	62.869	1.15657
XM_047442693.1	2662	2434.29	0	0
XM_047442694.1	5912	5684.29	0	0
XM_047442695.1	7089	6861.29	52.6435	0.345288
XM_047442696.1	4197	3969.29	0.00618275	7.00989e-05
XM_047442697.1	4102	3874.29	0	0
XM_047442698.1	5366	5138.29	0	0
XM_047442699.1	7312	7084.29	13.9538	0.088642
XM_047442700.1	7306	7078.29	272.986	1.73562
XM_047442701.1	7303	7075.29	12.2216	0.0777367
XM_047442702.1	7297	7069.29	0	0
XM_047442703.1	7231	7003.29	66.2619	0.425798
XM_047442704.1	7222	6994.29	0	0
XM_047442705.1	6161	5933.29	0.000368509	2.79508e-06
XM_047442706.1	6116	5888.29	12.5747	0.0961063
XM_047442707.1	867	639.427	1	0.0703803
XM_047442708.1	1918	1690.29	0	0
XM_047442709.1	378	174.332	0	0
XM_047442710.1	1511	1283.29	0	0
XM_047442711.1	1599	1371.29	0	0
XM_047442712.1	1575	1347.29	0	0
XM_047442713.1	1770	1542.29	0.5	0.0145897
XM_047442714.1	1330	1102.29	0	0
XM_047442715.1	1965	1737.29	0	0
XM_047442716.1	1472	1244.29	0	0
XM_047442717.1	1587	1359.29	0	0
XM_047442718.1	1780	1552.29	0.363443	0.0105367
XM_047442719.1	7442	7214.29	0	0
XM_047442720.1	7267	7039.29	0	0
XM_047442721.1	1302	1074.29	0	0
XM_047442722.1	1220	992.293	0	0
XM_047442723.1	2619	2391.29	21.0907	0.396918
XM_047442724.1	4757	4529.29	0	0
XM_047442725.1	2713	2485.29	0	0
XM_047442726.1	2697	2469.29	0	0
XM_047442727.1	2761	2533.29	16.0255	0.284687
XM_047442728.1	4516	4288.29	0	0
XM_047442730.1	1545	1317.29	0	0
XM_047442731.1	1542	1314.29	0.00181495	6.21462e-05
XM_047442732.1	3691	3463.29	0	0
XM_047442733.1	2480	2252.29	0	0
XM_047442734.1	4675	4447.29	3.06154	0.0309804
XM_047442735.1	2195	1967.29	0	0
XM_047442736.1	1469	1241.29	0	0
XM_047442737.1	1468	1240.29	0	0
XM_047442738.1	1465	1237.29	0	0
XM_047442739.1	3020	2792.29	0	0
XM_047442740.1	5361	5133.29	73.2964	0.642583
XM_047442741.1	5232	5004.29	68.6962	0.617778
XM_047442742.1	1535	1307.29	0	0
XM_047442743.1	6918	6690.29	0.00577104	3.88196e-05
XM_047442744.1	1190	962.293	0	0
XM_047442745.1	6891	6663.29	28.1144	0.189881
XM_047442746.1	6179	5951.29	0	0
XM_047442747.1	6741	6513.29	0	0
XM_047442748.1	21754	21526.3	0.000288354	6.02835e-07
XM_047442749.1	21688	21460.3	0.0194219	4.07284e-05
XM_047442750.1	6730	6502.29	0	0
XM_047442751.1	21646	21418.3	0.284922	0.000598665
XM_047442752.1	21619	21391.3	1.60615	0.00337903
XM_047442753.1	6585	6357.29	0	0
XM_047442754.1	21598	21370.3	6.17447	0.0130026
XM_047442755.1	5247	5019.29	0	0
XM_047442756.1	4869	4641.29	0	0
XM_047442757.1	4598	4370.29	0	0
XM_047442758.1	5045	4817.29	0	0
XM_047442759.1	2109	1881.29	31.3723	0.750467
XM_047442760.1	2315	2087.29	17.9563	0.387147
XM_047442761.1	2250	2022.29	0	0
XM_047442762.1	1679	1451.29	0	0
XM_047442763.1	6612	6384.29	0	0
XM_047442764.1	6516	6288.29	0	0
XM_047442765.1	6459	6231.29	0	0
XM_047442766.1	6381	6153.29	0	0
XM_047442767.1	4275	4047.29	0	0
XM_047442768.1	3459	3231.29	0	0
XM_047442769.1	2517	2289.29	0	0
XM_047442770.1	2253	2025.29	0	0
XM_047442771.1	9234	9006.29	0.713751	0.0035665
XM_047442772.1	9240	9012.29	0.286425	0.00143027
XM_047442775.1	4834	4606.29	0	0
XM_047442776.1	4336	4108.29	0	0
XM_047442777.1	1761	1533.29	0	0
XM_047442778.1	4132	3904.29	0	0
XM_047442785.1	978	750.293	0	0
XM_047442786.1	1448	1220.29	0	0
XM_047442787.1	1278	1050.29	70.518	3.02156
XM_047442795.1	294	113.843	0	0
XM_047442796.1	1490	1262.29	0	0
XM_047442797.1	1041	813.293	0	0
XM_047442798.1	546	322.964	0	0
XM_047442799.1	487	267.803	0	0
XM_047442800.1	678	451.406	0	0
XM_047442801.1	1861	1633.29	0	0
XM_047442802.1	1829	1601.29	0	0
XM_047442803.1	2087	1859.29	233.366	5.64848
XM_047442804.1	8869	8641.29	0	0
XM_047442805.1	9382	9154.29	31.2794	0.153771
XM_047442806.1	4729	4501.29	19.3465	0.193423
XM_047442808.1	1107	879.293	0	0
XM_047442809.1	6538	6310.29	85.8319	0.612127
XM_047442810.1	1478	1250.29	1.21393	0.0436942
XM_047442811.1	744	516.753	0	0
XM_047442812.1	822	594.427	0	0
XM_047442813.1	855	627.427	0	0
XM_047442814.1	936	708.293	0	0
XM_047442815.1	821	593.487	0	0
XM_047442816.1	1951	1723.29	1.0933	0.028551
XM_047442817.1	1949	1721.29	2	0.0522899
XM_047442818.1	4960	4732.29	75.3103	0.716185
XM_047442819.1	2708	2480.29	0	0
XM_047442820.1	3073	2845.29	0	0
XM_047442821.1	1598	1370.29	0	0
XM_047442822.1	1838	1610.29	4.05838	0.11342
XM_047442823.1	6335	6107.29	0	0
XM_047442824.1	6323	6095.29	0	0
XM_047442825.1	6546	6318.29	0	0
XM_047442826.1	6254	6026.29	0	0
XM_047442827.1	6236	6008.29	0	0
XM_047442828.1	6459	6231.29	0	0
XM_047442829.1	6233	6005.29	0	0
XM_047442830.1	6161	5933.29	0	0
XM_047442831.1	6158	5930.29	0	0
XM_047442832.1	6381	6153.29	0	0
XM_047442833.1	1265	1037.29	0	0
XM_047442834.1	6068	5840.29	0	0
XM_047442835.1	6237	6009.29	0.00019679	1.47375e-06
XM_047442836.1	5993	5765.29	0.000660269	5.15397e-06
XM_047442837.1	5903	5675.29	0	0
XM_047442838.1	1578	1350.29	0	0
XM_047442839.1	3767	3539.29	7.51179	0.0955145
XM_047442840.1	1765	1537.29	1.67408	0.0490073
XM_047442841.1	1757	1529.29	0.404571	0.0119055
XM_047442842.1	678	451.406	0	0
XM_047442843.1	1883	1655.29	0	0
XM_047442846.1	1739	1511.29	3.01995	0.0899277
XM_047442847.1	1582	1354.29	1.88079	0.0624985
XM_047442848.1	1564	1336.29	11.9403	0.40212
XM_047442849.1	4113	3885.29	0	0
XM_047442850.1	2726	2498.29	0	0
XM_047442851.1	2966	2738.29	0	0
XM_047442852.1	1999	1771.29	0	0
XM_047442853.1	2891	2663.29	4.04224e-08	6.83039e-10
XM_047442854.1	2277	2049.29	0	0
XM_047442855.1	2623	2395.29	0	0
XM_047442856.1	1742	1514.29	0	0
XM_047442857.1	2741	2513.29	0	0
XM_047442858.1	2828	2600.29	2.51434	0.0435155
XM_047442859.1	3316	3088.29	0	0
XM_047442860.1	1950	1722.29	0	0
XM_047442861.1	2810	2582.29	0	0
XM_047442862.1	2506	2278.29	0	0
XM_047442863.1	2447	2219.29	0	0
XM_047442864.1	3059	2831.29	0	0
XM_047442865.1	4014	3786.29	139.618	1.65946
XM_047442866.1	2372	2144.29	50.4545	1.05891
XM_047442867.1	1837	1609.29	0	0
XM_047442868.1	1880	1652.29	0	0
XM_047442869.1	2013	1785.29	0.000184953	4.66225e-06
XM_047442870.1	1756	1528.29	0	0
XM_047442873.1	1829	1601.29	4.64065	0.130422
XM_047442874.1	6016	5788.29	0	0
XM_047442875.1	5563	5335.29	0	0
XM_047442876.1	5066	4838.29	0	0
XM_047442877.1	5512	5284.29	0	0
XM_047442878.1	634	408.137	4	0.441059
XM_047442879.1	1417	1189.29	0.381522	0.0144369
XM_047442880.1	797	569.487	0	0
XM_047442885.1	695	468.041	0	0
XM_047442886.1	1672	1444.29	62.6029	1.95066
XM_047442887.1	915	687.293	14.1305	0.925246
XM_047442888.1	6171	5943.29	0	0
XM_047442890.1	2878	2650.29	0	0
XM_047442891.1	10840	10612.3	121.503	0.515254
XM_047442892.1	10635	10407.3	0	0
XM_047442893.1	10629	10401.3	0	0
XM_047442894.1	10605	10377.3	12.9331	0.0560869
XM_047442895.1	10422	10194.3	22.753	0.100444
XM_047442896.1	10196	9968.29	29.5305	0.133319
XM_047442897.1	10166	9938.29	22.1986	0.100521
XM_047442898.1	10321	10093.3	0.0833312	0.00037155
XM_047442899.1	2271	2043.29	0	0
XM_047442900.1	8887	8659.29	360.865	1.87545
XM_047442901.1	5428	5200.29	9.08125	0.0785887
XM_047442902.1	3675	3447.29	0	0
XM_047442903.1	3645	3417.29	2.4676	0.0324963
XM_047442904.1	3413	3185.29	15.2345	0.21524
XM_047442905.1	3383	3155.29	3.80143e-05	5.42188e-07
XM_047442906.1	3492	3264.29	0	0
XM_047442907.1	3236	3008.29	37.3345	0.558512
XM_047442908.1	3230	3002.29	99.3814	1.48968
XM_047442909.1	3206	2978.29	14.4651	0.218572
XM_047442910.1	3173	2945.29	0	0
XM_047442911.1	3149	2921.29	11.6232	0.179057
XM_047442912.1	3053	2825.29	288.42	4.59414
XM_047442913.1	2250	2022.29	0	0
XM_047442914.1	3023	2795.29	110.306	1.77588
XM_047442916.1	3124	2896.29	0	0
XM_047442917.1	3418	3190.29	534.332	7.53742
XM_047442918.1	3361	3133.29	2.03893e-07	2.9285e-09
XM_047442919.1	3241	3013.29	58.6514	0.87595
XM_047442920.1	3184	2956.29	3.56747	0.0543069
XM_047442921.1	3178	2950.29	4.75957e-07	7.26014e-09
XM_047442922.1	3058	2830.29	448.534	7.13191
XM_047442923.1	3001	2773.29	25.9613	0.421282
XM_047442924.1	1436	1208.29	1283.98	47.822
XM_047442925.1	4273	4045.29	13.1213	0.145971
XM_047442926.1	10338	10110.3	1.22391	0.00544788
XM_047442927.1	4154	3926.29	5.67204	0.0650128
XM_047442928.1	4620	4392.29	0	0
XM_047442929.1	3289	3061.29	0	0
XM_047442930.1	3304	3076.29	151.505	2.21637
XM_047442931.1	793	565.487	0	0
XM_047442932.1	985	757.293	0	0
XM_047442933.1	858	630.427	0	0
XM_047442934.1	883	655.427	0	0
XM_047442935.1	981	753.293	0	0
XM_047442936.1	1102	874.293	2	0.102947
XM_047442937.1	4055	3827.29	0	0
XM_047442938.1	2368	2140.29	0	0
XM_047442939.1	2236	2008.29	0	0
XM_047442940.1	906	678.293	0	0
XM_047442941.1	2200	1972.29	0	0
XM_047442942.1	2659	2431.29	13.7016	0.253617
XM_047442943.1	646	419.888	0	0
XM_047442944.1	2655	2427.29	73.7197	1.3668
XM_047442945.1	1723	1495.29	5.20028	0.15651
XM_047442946.1	716	488.852	3.39785	0.312802
XM_047442947.1	794	566.487	0	0
XM_047442948.1	1885	1657.29	0	0
XM_047442951.1	672	445.496	8.22308	0.830678
XM_047442952.1	872	644.427	0	0
XM_047442953.1	2662	2434.29	11.6048	0.214539
XM_047442954.1	4757	4529.29	0	0
XM_047442956.1	2743	2515.29	20.6631	0.369699
XM_047442957.1	2199	1971.29	347.17	7.92561
XM_047442958.1	2710	2482.29	0	0
XM_047442959.1	2229	2001.29	21.8735	0.49187
XM_047442960.1	4211	3983.29	8.47726	0.0957758
XM_047442961.1	6933	6705.29	2.35866	0.0158303
XM_047442962.1	6753	6525.29	5.1079	0.0352278
XM_047442963.1	6827	6599.29	1.22925	0.00838269
XM_047442964.1	2860	2632.29	1.37672	0.0235372
XM_047442965.1	1381	1153.29	0	0
XM_047442966.1	1377	1149.29	0	0
XM_047442967.1	1146	918.293	0	0
XM_047442968.1	1673	1445.29	317.579	9.88867
XM_047442969.1	1142	914.293	0	0
XM_047442970.1	4894	4666.29	0	0
XM_047442971.1	2357	2129.29	0	0
XM_047442972.1	4128	3900.29	62.4818	0.720939
XM_047442973.1	4202	3974.29	6.00708	0.0680215
XM_047442974.1	6538	6310.29	3.77731	0.0269386
XM_047442975.1	1370	1142.29	0	0
XM_047442976.1	793	565.487	0	0
XM_047442977.1	1465	1237.29	0	0
XM_047442978.1	1338	1110.29	0	0
XM_047442979.1	1363	1135.29	0	0
XM_047442980.1	1461	1233.29	0	0
XM_047442981.1	1052	824.293	0.847944	0.0462943
XM_047442982.1	1200	972.293	1.45034	0.0671298
XM_047442983.1	793	565.487	0	0
XM_047442984.1	4960	4732.29	75.3103	0.716185
XM_047442985.1	1319	1091.29	0	0
XM_047442986.1	1200	972.293	1.45034	0.0671298
XM_047442987.1	1746	1518.29	55.6385	1.64916
XM_047442988.1	1997	1769.29	1.46291	0.0372099
XM_047442989.1	12571	12343.3	8.18458	0.0298406
XM_047442990.1	11429	11201.3	247.372	0.99386
XM_047442991.1	10931	10703.3	42.5717	0.178997
XM_047442992.1	793	565.487	0	0
XM_047442993.1	985	757.293	0	0
XM_047442994.1	858	630.427	0	0
XM_047442995.1	883	655.427	0	0
XM_047442996.1	981	753.293	0	0
XM_047442997.1	3204	2976.29	0	0
XM_047442998.1	1096	868.293	0.00205725	0.000106626
XM_047442999.1	1200	972.293	1.45034	0.0671298
XM_047443000.1	6191	5963.29	6.06433	0.0457656
XM_047443001.1	2695	2467.29	0	0
XM_047443002.1	2708	2480.29	0	0
XM_047443003.1	2410	2182.29	0	0
XM_047443004.1	3366	3138.29	5.70193	0.0817656
XM_047443005.1	5413	5185.29	0	0
XM_047443006.1	5087	4859.29	1.6717	0.015482
XM_047443007.1	5084	4856.29	7.58292	0.0702706
XM_047443008.1	4869	4641.29	6.38889	0.0619482
XM_047443009.1	5018	4790.29	157.302	1.4778
XM_047443010.1	5287	5059.29	0	0
XM_047443011.1	5003	4775.29	0.185314	0.00174642
XM_047443012.1	5424	5196.29	46.1241	0.399463
XM_047443013.1	4946	4718.29	0.77014	0.00734559
XM_047443014.1	4880	4652.29	18.3959	0.177949
XM_047443015.1	3754	3526.29	1.59734e-07	2.03854e-09
XM_047443016.1	4130	3902.29	0	0
XM_047443017.1	793	565.487	0	0
XM_047443018.1	985	757.293	0	0
XM_047443019.1	858	630.427	0	0
XM_047443020.1	883	655.427	0	0
XM_047443021.1	981	753.293	0	0
XM_047443022.1	1914	1686.29	0	0
XM_047443023.1	1808	1580.29	16.9927	0.483914
XM_047443024.1	1224	996.293	74.9464	3.38537
XM_047443025.1	1200	972.293	1.45034	0.0671298
XM_047443026.1	20517	20289.3	7.90592	0.0175359
XM_047443027.1	10161	9933.29	0	0
XM_047443028.1	3934	3706.29	2.04968	0.024888
XM_047443029.1	3850	3622.29	0	0
XM_047443030.1	4185	3957.29	31.4461	0.357611
XM_047443031.1	3698	3470.29	25.5042	0.330741
XM_047443032.1	3173	2945.29	0	0
XM_047443033.1	3820	3592.29	0	0
XM_047443034.1	13408	13180.3	0	0
XM_047443035.1	2536	2308.29	7.18341	0.14005
XM_047443036.1	2462	2234.29	0	0
XM_047443037.1	11013	10785.3	5.11798	0.0213555
XM_047443038.1	11881	11653.3	31.6016	0.12204
XM_047443039.1	3110	2882.29	0	0
XM_047443040.1	13786	13558.3	14.1854	0.0470845
XM_047443041.1	2417	2189.29	0	0
XM_047443042.1	562	337.904	1.08319	0.144262
XM_047443043.1	1124	896.293	0	0
XM_047443044.1	2407	2179.29	0	0
XM_047443045.1	3080	2852.29	3.32514e-08	5.24635e-10
XM_047443046.1	12632	12404.3	0	0
XM_047443047.1	1349	1121.29	0	0
XM_047443048.1	1101	873.293	2.74281e-06	1.41344e-07
XM_047443049.1	2390	2162.29	0	0
XM_047443050.1	2033	1805.29	28.2061	0.703133
XM_047443051.1	1098	870.293	7.37126	0.38117
XM_047443052.1	1967	1739.29	0	0
XM_047443053.1	2888	2660.29	8.60802e-07	1.45618e-08
XM_047443054.1	2201	1973.29	4.49387	0.102488
XM_047443055.1	1844	1616.29	21.2228	0.590913
XM_047443056.1	2197	1969.29	0	0
XM_047443057.1	1950	1722.29	0	0
XM_047443058.1	5360	5132.29	101.534	0.890312
XM_047443059.1	2300	2072.29	1.61774	0.0351316
XM_047443060.1	2226	1998.29	4.93053	0.111039
XM_047443061.1	2220	1992.29	40.0123	0.90382
XM_047443062.1	984	756.293	0	0
XM_047443063.1	988	760.293	7.25535	0.429457
XM_047443064.1	6286	6058.29	0	0
XM_047443065.1	2655	2427.29	73.7197	1.3668
XM_047443066.1	1723	1495.29	5.20028	0.15651
XM_047443067.1	716	488.852	3.39785	0.312802
XM_047443068.1	646	419.888	0	0
XM_047443069.1	618	392.338	0	0
XM_047443070.1	4475	4247.29	20.8162	0.220563
XM_047443071.1	618	392.338	0	0
XM_047443072.1	3208	2980.29	0	0
XM_047443073.1	16241	16013.3	67.388	0.189385
XM_047443074.1	3154	2926.29	0	0
XM_047443075.1	2464	2236.29	0	0
XM_047443076.1	3067	2839.29	0	0
XM_047443077.1	4724	4496.29	34.3414	0.343721
XM_047443078.1	3034	2806.29	0	0
XM_047443079.1	3025	2797.29	0	0
XM_047443080.1	2168	1940.29	0	0
XM_047443081.1	1972	1744.29	0	0
XM_047443082.1	2507	2279.29	16.8569	0.332828
XM_047443083.1	1350	1122.29	1.48321	0.0594756
XM_047443084.1	1350	1122.29	1.48321	0.0594756
XM_047443085.1	1350	1122.29	1.48321	0.0594756
XM_047443086.1	805	577.487	11.1769	0.871006
XM_047443087.1	3035	2807.29	0	0
XM_047443088.1	2790	2562.29	6.12675	0.107608
XM_047443090.1	1982	1754.29	0	0
XM_047443091.1	1635	1407.29	0	0
XM_047443092.1	1638	1410.29	0	0
XM_047443093.1	1362	1134.29	0	0
XM_047443094.1	1349	1121.29	5.09927	0.204659
XM_047443095.1	1362	1134.29	0	0
XM_047443096.1	1816	1588.29	0	0
XM_047443097.1	1725	1497.29	0	0
XM_047443098.1	1686	1458.29	0	0
XM_047443099.1	1635	1407.29	0	0
XM_047443100.1	1561	1333.29	0	0
XM_047443101.1	1539	1311.29	0	0
XM_047443102.1	3245	3017.29	0	0
XM_047443103.1	1799	1571.29	0	0
XM_047443104.1	2660	2432.29	59.2203	1.09571
XM_047443105.1	1633	1405.29	0	0
XM_047443106.1	1226	998.293	0	0
XM_047443107.1	832	604.427	0	0
XM_047443108.1	1085	857.293	0	0
XM_047443109.1	1555	1327.29	0	0
XM_047443111.1	5655	5427.29	44.9598	0.372807
XM_047443112.1	5608	5380.29	34.1929	0.286004
XM_047443113.1	5571	5343.29	0	0
XM_047443114.1	5524	5296.29	0	0
XM_047443115.1	9287	9059.29	0	0
XM_047443116.1	2370	2142.29	0	0
XM_047443117.1	3284	3056.29	102.78	1.51341
XM_047443118.1	3511	3283.29	0	0
XM_047443119.1	8616	8388.29	0	0
XM_047443121.1	1571	1343.29	1.60669	0.0538274
XM_047443122.1	3722	3494.29	159	2.04776
XM_047443123.1	10974	10746.3	3.96737e-05	1.66145e-07
XM_047443124.1	10811	10583.3	9.95344e-08	4.23248e-10
XM_047443125.1	10728	10500.3	12.4905	0.0535328
XM_047443126.1	10740	10512.3	0.619325	0.00265133
XM_047443127.1	10736	10508.3	8.34247	0.0357277
XM_047443128.1	9345	9117.29	0	0
XM_047443129.1	10823	10595.3	71.7127	0.304597
XM_047443130.1	10653	10425.3	0	0
XM_047443131.1	10613	10385.3	0.0588189	0.000254883
XM_047443132.1	10697	10469.3	0.00057333	2.4645e-06
XM_047443133.1	10135	9907.29	209.484	0.951563
XM_047443134.1	10634	10406.3	0.354476	0.00153297
XM_047443135.1	4964	4736.29	1.43411	0.0136265
XM_047443136.1	4961	4733.29	3.41856	0.0325029
XM_047443137.1	7879	7651.29	19.3526	0.113828
XM_047443138.1	6532	6304.29	0	0
XM_047443139.1	5904	5676.29	0	0
XM_047443140.1	9018	8790.29	105.858	0.541953
XM_047443141.1	9829	9601.29	0	0
XM_047443142.1	1811	1583.29	0	0
XM_047443143.1	11343	11115.3	40.6715	0.164669
XM_047443144.1	10718	10490.3	8.74557	0.0375183
XM_047443145.1	10722	10494.3	9.44634e-07	4.05091e-09
XM_047443146.1	10637	10409.3	0	0
XM_047443147.1	10635	10407.3	63.452	0.274379
XM_047443148.1	9084	8856.29	0	0
XM_047443149.1	10790	10562.3	0	0
XM_047443150.1	10621	10393.3	0	0
XM_047443151.1	10559	10331.3	50.2132	0.218729
XM_047443152.1	10647	10419.3	3.09776	0.0133799
XM_047443153.1	10643	10415.3	42.815	0.184998
XM_047443154.1	10559	10331.3	0	0
XM_047443155.1	10520	10292.3	0.295221	0.00129086
XM_047443156.1	10647	10419.3	89.1347	0.384991
XM_047443157.1	9413	9185.29	0	0
XM_047443158.1	10520	10292.3	16.1538	0.0706326
XM_047443159.1	10632	10404.3	0	0
XM_047443160.1	10628	10400.3	0	0
XM_047443161.1	10541	10313.3	53.832	0.234901
XM_047443162.1	10526	10298.3	0	0
XM_047443163.1	10427	10199.3	84.5609	0.373114
XM_047443164.1	9056	8828.29	0	0
XM_047443165.1	10451	10223.3	0	0
XM_047443166.1	10412	10184.3	0	0
XM_047443167.1	10055	9827.29	0	0
XM_047443168.1	10319	10091.3	0	0
XM_047443169.1	2205	1977.29	170.57	3.88216
XM_047443170.1	853	625.427	0	0
XM_047443171.1	1354	1126.29	0.5	0.0199784
XM_047443172.1	3129	2901.29	2.52111	0.0391059
XM_047443173.1	1208	980.293	0	0
XM_047443174.1	1495	1267.29	4.05117	0.143862
XM_047443175.1	1203	975.293	0	0
XM_047443176.1	957	729.293	0	0
XM_047443177.1	264	94.6304	0	0
XM_047443178.1	9309	9081.29	0	0
XM_047443180.1	2979	2751.29	0	0
XM_047443182.1	2289	2061.29	0	0
XM_047443183.1	2737	2509.29	0	0
XM_047443184.1	4309	4081.29	76.4942	0.843477
XM_047443185.1	2183	1955.29	0	0
XM_047443186.1	688	461.088	0	0
XM_047443187.1	1090	862.293	0	0
XM_047443188.1	1666	1438.29	0	0
XM_047443189.1	1544	1316.29	7.67189	0.262296
XM_047443198.1	421	209.523	0	0
XM_047443199.1	9350	9122.29	0	0
XM_047443202.1	1440	1212.29	53.8933	2.00064
XM_047443203.1	2200	1972.29	0	0
XM_047443205.1	2068	1840.29	0	0
XM_047443206.1	9246	9018.29	0	0
XM_047443207.1	2202	1974.29	1	0.0227945
XM_047443208.1	13829	13601.3	0	0
XM_047443209.1	19388	19160.3	2.47191	0.00580594
XM_047443210.1	4271	4043.29	0	0
XM_047443211.1	3537	3309.29	0	0
XM_047443212.1	1345	1117.29	0	0
XM_047443213.1	4851	4623.29	3	0.029202
XM_047443222.1	3712	3484.29	14.0159	0.181029
XM_047443223.1	8957	8729.29	0	0
XM_047443224.1	4677	4449.29	0	0
XM_047443225.1	5185	4957.29	0.503101	0.00456723
XM_047443226.1	737	509.753	0.104088	0.00918934
XM_047443227.1	5185	4957.29	0.503101	0.00456723
XM_047443228.1	9861	9633.29	0	0
XM_047443229.1	2629	2401.29	0	0
XM_047443230.1	2560	2332.29	0	0
XM_047443231.1	3335	3107.29	0	0
XM_047443232.1	3309	3081.29	0	0
XM_047443234.1	3240	3012.29	0	0
XM_047443235.1	2581	2353.29	0	0
XM_047443236.1	961	733.293	0	0
XM_047443237.1	1057	829.293	0	0
XM_047443238.1	1054	826.293	0	0
XM_047443239.1	12281	12053.3	0	0
XM_047443240.1	678	451.406	0	0
XM_047443241.1	6272	6044.29	0	0
XM_047443242.1	6249	6021.29	0	0
XM_047443243.1	1521	1293.29	0	0
XM_047443244.1	8890	8662.29	0	0
XM_047443245.1	5488	5260.29	0	0
XM_047443246.1	5407	5179.29	0	0
XM_047443247.1	1338	1110.29	0	0
XM_047443248.1	5679	5451.29	0	0
XM_047443249.1	5656	5428.29	0	0
XM_047443250.1	4895	4667.29	0	0
XM_047443251.1	7296	7068.29	22.6447	0.144177
XM_047443252.1	7078	6850.29	8.63683e-08	5.67398e-10
XM_047443253.1	1725	1497.29	0	0
XM_047443254.1	1595	1367.29	13.1809	0.433837
XM_047443255.1	504	283.647	0	0
XM_047443256.1	648	421.846	0	0
XM_047443257.1	2849	2621.29	26.3474	0.452339
XM_047443258.1	1653	1425.29	0	0
XM_047443259.1	3447	3219.29	1.60688	0.0224629
XM_047443260.1	592	367.025	0	0
XM_047443261.1	1525	1297.29	2282.44	79.178
XM_047443265.1	1538	1310.29	2.73657	0.0939897
XM_047443267.1	1837	1609.29	0	0
XM_047443268.1	1390	1162.29	0	0
XM_047443269.1	571	346.526	0	0
XM_047443270.1	1755	1527.29	0	0
XM_047443271.1	5161	4933.29	50.4168	0.459918
XM_047443272.1	4879	4651.29	0	0
XM_047443273.1	597	371.913	53.0111	6.41456
XM_047443274.1	999	771.293	0	0
XM_047443275.1	1211	983.293	4.2659	0.19524
XM_047443276.1	809	581.487	45.9403	3.55546
XM_047443277.1	678	451.406	12.5247	1.24866
XM_047443278.1	5592	5364.29	0	0
XM_047443279.1	4187	3959.29	47.4896	0.539788
XM_047443280.1	4172	3944.29	14.2026	0.162047
XM_047443281.1	5120	4892.29	0	0
XM_047443282.1	5075	4847.29	0	0
XM_047443283.1	5161	4933.29	0	0
XM_047443284.1	4941	4713.29	156.949	1.49857
XM_047443285.1	5005	4777.29	1.36274e-05	1.28373e-07
XM_047443286.1	5817	5589.29	69.7675	0.561744
XM_047443287.1	5174	4946.29	43.3465	0.394381
XM_047443288.1	3678	3450.29	0	0
XM_047443289.1	7741	7513.29	4.57119	0.0273805
XM_047443290.1	3849	3621.29	0	0
XM_047443291.1	1370	1142.29	32.138	1.26614
XM_047443292.1	1006	778.293	408.809	23.6384
XM_047443293.1	1121	893.293	42.4231	2.13723
XM_047443294.1	1480	1252.29	143.227	5.14709
XM_047443295.1	884	656.427	1.18015	0.080908
XM_047443296.1	920	692.293	0	0
XM_047443297.1	1394	1166.29	0	0
XM_047443298.1	760	532.648	15.4387	1.3044
XM_047443299.1	796	568.487	0	0
XM_047443300.1	1270	1042.29	0	0
XM_047443301.1	664	437.717	0	0
XM_047443302.1	700	472.947	0	0
XM_047443303.1	1174	946.293	0	0
XM_047443304.1	1074	846.293	0	0
XM_047443305.1	1922	1694.29	56.4888	1.50043
XM_047443306.1	610	384.573	182.571	21.3647
XM_047443307.1	11080	10852.3	772.921	3.2052
XM_047443308.1	10481	10253.3	7.04602	0.030926
XM_047443309.1	8661	8433.29	0.817519	0.00436258
XM_047443310.1	9700	9472.29	1.32377	0.00628926
XM_047443311.1	11074	10846.3	15.2359	0.0632163
XM_047443312.1	13059	12831.3	20.8162	0.0730085
XM_047443313.1	10561	10333.3	2.44781	0.0106606
XM_047443314.1	7395	7167.29	0.465548	0.00292315
XM_047443315.1	6864	6636.29	0	0
XM_047443316.1	7548	7320.29	207.022	1.27271
XM_047443317.1	578	353.315	0	0
XM_047443318.1	6062	5834.29	0	0
XM_047443319.1	6295	6067.29	46.2258	0.342872
XM_047443320.1	3693	3465.29	402.674	5.22945
XM_047443321.1	4561	4333.29	2.13779	0.0222018
XM_047443322.1	7123	6895.29	16.9276	0.11048
XM_047443323.1	6694	6466.29	53.4068	0.371692
XM_047443324.1	4132	3904.29	13.3891	0.154331
XM_047443325.1	2797	2569.29	0	0
XM_047443326.1	2202	1974.29	0	0
XM_047443327.1	1926	1698.29	0	0
XM_047443328.1	720	492.802	0	0
XM_047443329.1	4500	4272.29	0	0
XM_047443330.1	4435	4207.29	3.4676e-07	3.7091e-09
XM_047443331.1	4374	4146.29	27.9109	0.302939
XM_047443332.1	1284	1056.29	4.67981	0.199382
XM_047443333.1	1218	990.293	0	0
XM_047443334.1	981	753.293	0	0
XM_047443335.1	525	303.13	0	0
XM_047443336.1	5809	5581.29	71.1861	0.573988
XM_047443337.1	5729	5501.29	28.4352	0.232613
XM_047443338.1	5700	5472.29	0	0
XM_047443339.1	5855	5627.29	33.8215	0.27048
XM_047443340.1	3535	3307.29	0	0
XM_047443341.1	3424	3196.29	0	0
XM_047443342.1	5293	5065.29	35.531	0.315679
XM_047443343.1	2990	2762.29	0	0
XM_047443345.1	1161	933.293	0	0
XM_047443346.1	1143	915.293	0	0
XM_047443347.1	1150	922.293	0	0
XM_047443348.1	1161	933.293	0	0
XM_047443349.1	1143	915.293	0	0
XM_047443350.1	1150	922.293	0	0
XM_047443360.1	1132	904.293	0	0
XM_047443361.1	1143	915.293	0	0
XM_047443362.1	1132	904.293	0	0
XM_047443363.1	1143	915.293	0	0
XM_047443370.1	1132	904.293	0	0
XM_047443371.1	1143	915.293	0	0
XM_047443372.1	1125	897.293	0	0
XM_047443373.1	1132	904.293	0	0
XM_047443374.1	1143	915.293	0	0
XM_047443375.1	1125	897.293	0	0
XM_047443376.1	1132	904.293	0	0
XM_047443377.1	1143	915.293	0	0
XM_047443378.1	1125	897.293	0	0
XM_047443379.1	1132	904.293	0	0
XM_047443380.1	1143	915.293	0	0
XM_047443381.1	1125	897.293	0	0
XM_047443382.1	1128	900.293	0	0
XM_047443383.1	1139	911.293	0	0
XM_047443384.1	1132	904.293	0	0
XM_047443385.1	1143	915.293	0	0
XM_047443386.1	1125	897.293	0	0
XM_047443387.1	1132	904.293	0	0
XM_047443388.1	1071	843.293	0	0
XM_047443389.1	1143	915.293	0	0
XM_047443390.1	1090	862.293	0	0
XM_047443392.1	950	722.293	0	0
XM_047443393.1	1960	1732.29	0	0
XM_047443394.1	2193	1965.29	4.44742	0.101841
XM_047443395.1	2164	1936.29	0	0
XM_047443396.1	1425	1197.29	0	0
XM_047443397.1	1602	1374.29	0	0
XM_047443398.1	1002	774.293	0	0
XM_047443399.1	1315	1087.29	646.563	26.7613
XM_047443400.1	568	343.63	0	0
XM_047443401.1	1493	1265.29	0	0
XM_047443402.1	1504	1276.29	0	0
XM_047443403.1	1443	1215.29	0	0
XM_047443404.1	1581	1353.29	0	0
XM_047443405.1	1520	1292.29	0	0
XM_047443406.1	1739	1511.29	0	0
XM_047443407.1	1451	1223.29	0	0
XM_047443408.1	1624	1396.29	0	0
XM_047443409.1	1406	1178.29	0	0
XM_047443410.1	1406	1178.29	0	0
XM_047443411.1	1483	1255.29	0	0
XM_047443412.1	1444	1216.29	0	0
XM_047443413.1	1264	1036.29	0	0
XM_047443414.1	1794	1566.29	0	0
XM_047443415.1	1381	1153.29	0	0
XM_047443416.1	1823	1595.29	0	0
XM_047443417.1	1477	1249.29	0	0
XM_047443418.1	3479	3251.29	0	0
XM_047443419.1	836	608.427	14.7504	1.09103
XM_047443420.1	2471	2243.29	0	0
XM_047443421.1	2468	2240.29	0	0
XM_047443422.1	14976	14748.3	10.7839	0.0329061
XM_047443423.1	1042	814.293	3	0.165799
XM_047443424.1	1061	833.293	0.563287	0.0304211
XM_047443425.1	1226	998.293	29.6052	1.3346
XM_047443426.1	551	327.472	0	0
XM_047443427.1	4448	4220.29	22.9489	0.244716
XM_047443428.1	1363	1135.29	7.43726	0.294814
XM_047443429.1	1643	1415.29	7.67151	0.243936
XM_047443430.1	2484	2256.29	2.9105	0.0580515
XM_047443431.1	2370	2142.29	15.2306	0.319948
XM_047443432.1	2358	2130.29	0	0
XM_047443433.1	2337	2109.29	2.63473	0.0562136
XM_047443434.1	2042	1814.29	8.95771	0.222194
XM_047443435.1	10206	9978.29	47.3491	0.213549
XM_047443436.1	10065	9837.29	2.05814	0.00941547
XM_047443437.1	10181	9953.29	43.9783	0.198844
XM_047443438.1	5673	5445.29	0.000318625	2.6333e-06
XM_047443439.1	1089	861.293	45.6638	2.38596
XM_047443440.1	1055	827.293	71.9093	3.91172
XM_047443441.1	1044	816.293	109.854	6.05637
XM_047443442.1	2288	2060.29	0.0891117	0.00194647
XM_047443443.1	2246	2018.29	11.2866	0.251663
XM_047443444.1	9774	9546.29	0	0
XM_047443445.1	1992	1764.29	0	0
XM_047443446.1	1711	1483.29	0	0
XM_047443447.1	2864	2636.29	0	0
XM_047443448.1	1536	1308.29	0	0
XM_047443449.1	4792	4564.29	0	0
XM_047443450.1	1570	1342.29	0	0
XM_047443451.1	3768	3540.29	0	0
XM_047443452.1	3568	3340.29	0	0
XM_047443453.1	3535	3307.29	9.76274	0.132844
XM_047443454.1	3419	3191.29	0	0
XM_047443455.1	3234	3006.29	4.81294	0.0720479
XM_047443456.1	3143	2915.29	0	0
XM_047443457.1	7305	7077.29	19.1826	0.121978
XM_047443458.1	7608	7380.29	8.96828	0.0546862
XM_047443459.1	9350	9122.29	4.62359	0.0228096
XM_047443460.1	7554	7326.29	0	0
XM_047443461.1	2861	2633.29	0.246185	0.00420731
XM_047443462.1	3154	2926.29	2.06746	0.0317952
XM_047443463.1	2807	2579.29	14.4844	0.252722
XM_047443464.1	3100	2872.29	0	0
XM_047443465.1	2843	2615.29	0.117351	0.00201934
XM_047443466.1	3054	2826.29	6.53155	0.104002
XM_047443467.1	2707	2479.29	52.9622	0.961348
XM_047443468.1	3000	2772.29	0	0
XM_047443469.1	2334	2106.29	12.3132	0.263084
XM_047443470.1	2202	1974.29	13.7295	0.312958
XM_047443471.1	2184	1956.29	5.6841	0.130759
XM_047443472.1	2124	1896.29	20.8636	0.495139
XM_047443473.1	1518	1290.29	0	0
XM_047443474.1	3170	2942.29	12.441	0.190288
XM_047443475.1	3890	3662.29	0	0
XM_047443476.1	4019	3791.29	25.4957	0.302636
XM_047443477.1	3878	3650.29	0	0
XM_047443478.1	3717	3489.29	0	0
XM_047443479.1	3907	3679.29	0	0
XM_047443480.1	3586	3358.29	0	0
XM_047443481.1	3894	3666.29	0	0
XM_047443482.1	3623	3395.29	0	0
XM_047443483.1	3170	2942.29	0	0
XM_047443484.1	4049	3821.29	72.8907	0.858429
XM_047443485.1	3401	3173.29	24.7424	0.350893
XM_047443486.1	3087	2859.29	0	0
XM_047443487.1	2861	2633.29	0	0
XM_047443488.1	3366	3138.29	18.948	0.271713
XM_047443489.1	5699	5471.29	0	0
XM_047443490.1	2386	2158.29	0	0
XM_047443491.1	2103	1875.29	0	0
XM_047443492.1	3029	2801.29	48.2622	0.775338
XM_047443493.1	2949	2721.29	0	0
XM_047443494.1	1976	1748.29	4.48007	0.115322
XM_047443495.1	890	662.427	0	0
XM_047443496.1	1164	936.293	5.55005	0.266764
XM_047443497.1	1182	954.293	0	0
XM_047443498.1	529	306.759	0	0
XM_047443499.1	568	343.63	0	0
XM_047443500.1	1112	884.293	3.51932	0.179104
XM_047443501.1	5145	4917.29	48.9277	0.447787
XM_047443502.1	4082	3854.29	11.9462	0.139485
XM_047443503.1	4738	4510.29	35.6552	0.355763
XM_047443504.1	1084	856.293	51.3953	2.70111
XM_047443505.1	5705	5477.29	0	0
XM_047443506.1	5636	5408.29	0	0
XM_047443507.1	5420	5192.29	0	0
XM_047443508.1	5417	5189.29	0	0
XM_047443509.1	5297	5069.29	0	0
XM_047443510.1	5228	5000.29	6.51276	0.0586154
XM_047443511.1	4265	4037.29	2.47518	0.0275904
XM_047443512.1	1103	875.293	4.59314e-08	2.36156e-09
XM_047443513.1	4577	4349.29	0	0
XM_047443514.1	875	647.427	0	0
XM_047443515.1	945	717.293	0	0
XM_047443516.1	819	591.487	0	0
XM_047443517.1	759	531.648	0	0
XM_047443518.1	1807	1579.29	0	0
XM_047443519.1	1405	1177.29	0	0
XM_047443520.1	1465	1237.29	0	0
XM_047443521.1	1016	788.293	0	0
XM_047443522.1	9312	9084.29	0.00110338	5.46611e-06
XM_047443523.1	4904	4676.29	0.708817	0.00682142
XM_047443524.1	1893	1665.29	7.7384e-05	2.09123e-06
XM_047443525.1	1814	1586.29	0	0
XM_047443526.1	1582	1354.29	0	0
XM_047443527.1	1665	1437.29	0	0
XM_047443528.1	1394	1166.29	13.6329	0.526044
XM_047443529.1	1315	1087.29	0	0
XM_047443530.1	1129	901.293	0	0
XM_047443531.1	1222	994.293	0	0
XM_047443532.1	7558	7330.29	0	0
XM_047443533.1	3843	3615.29	0	0
XM_047443534.1	4800	4572.29	0	0
XM_047443535.1	4186	3958.29	4.22747	0.0480634
XM_047443536.1	1986	1758.29	0	0
XM_047443537.1	14202	13974.3	3.03461	0.00977272
XM_047443538.1	1785	1557.29	0	0
XM_047443539.1	3898	3670.29	0	0
XM_047443540.1	2348	2120.29	0	0
XM_047443541.1	2286	2058.29	0	0
XM_047443542.1	2292	2064.29	8.64142e-05	1.88389e-06
XM_047443543.1	2289	2061.29	0.158243	0.00345484
XM_047443544.1	2231	2003.29	0	0
XM_047443545.1	2226	1998.29	0	0
XM_047443546.1	3672	3444.29	0	0
XM_047443547.1	2174	1946.29	0	0
XM_047443548.1	2112	1884.29	0	0
XM_047443549.1	2212	1984.29	0	0
XM_047443550.1	2209	1981.29	0	0
XM_047443551.1	2112	1884.29	9.6453	0.230361
XM_047443552.1	2150	1922.29	0	0
XM_047443553.1	2153	1925.29	0.00643208	0.000150348
XM_047443554.1	2150	1922.29	18.6175	0.435857
XM_047443555.1	2095	1867.29	0	0
XM_047443556.1	4786	4558.29	19.7433	0.194922
XM_047443557.1	3672	3444.29	0	0
XM_047443558.1	2093	1865.29	9.2283	0.222647
XM_047443559.1	2090	1862.29	0.0257375	0.000621957
XM_047443560.1	1415	1187.29	23.8318	0.903321
XM_047443561.1	2519	2291.29	0	0
XM_047443562.1	3550	3322.29	0	0
XM_047443563.1	4053	3825.29	5.25737	0.0618509
XM_047443564.1	3803	3575.29	0	0
XM_047443565.1	3949	3721.29	0	0
XM_047443566.1	4262	4034.29	0	0
XM_047443567.1	4336	4108.29	0	0
XM_047443568.1	3487	3259.29	0	0
XM_047443569.1	4097	3869.29	0	0
XM_047443570.1	3064	2836.29	0	0
XM_047443571.1	3501	3273.29	0	0
XM_047443572.1	3050	2822.29	0	0
XM_047443573.1	3357	3129.29	0	0
XM_047443574.1	2965	2737.29	0	0
XM_047443575.1	3084	2856.29	0	0
XM_047443576.1	2334	2106.29	1	0.021366
XM_047443577.1	2690	2462.29	0	0
XM_047443578.1	3845	3617.29	0	0
XM_047443579.1	6292	6064.29	9.8778	0.0733031
XM_047443580.1	6131	5903.29	77.9878	0.594531
XM_047443581.1	1952	1724.29	12.3179	0.321489
XM_047443582.1	3674	3446.29	0	0
XM_047443583.1	2328	2100.29	0	0
XM_047443584.1	1394	1166.29	1.38672	0.0535084
XM_047443585.1	723	495.802	18.506	1.67976
XM_047443586.1	7894	7666.29	10.6777	0.062681
XM_047443587.1	739	511.753	0	0
XM_047443588.1	7873	7645.29	0	0
XM_047443589.1	11547	11319.3	0.0147934	5.88153e-05
XM_047443590.1	10792	10564.3	0	0
XM_047443591.1	3927	3699.29	51.4226	0.625573
XM_047443592.1	8947	8719.29	0	0
XM_047443593.1	2799	2571.29	10.0477	0.175857
XM_047443594.1	8971	8743.29	0	0
XM_047443595.1	3002	2774.29	0	0
XM_047443596.1	8793	8565.29	0	0
XM_047443597.1	8832	8604.29	21.9079	0.114585
XM_047443598.1	8909	8681.29	0	0
XM_047443599.1	2092	1864.29	0	0
XM_047443600.1	5421	5193.29	95.4815	0.827406
XM_047443601.1	2912	2684.29	3.1093e-06	5.21285e-08
XM_047443602.1	1085	857.293	77.3424	4.06004
XM_047443603.1	2217	1989.29	0	0
XM_047443607.1	13583	13355.3	137.444	0.463141
XM_047443618.1	3591	3363.29	0	0
XM_047443619.1	1621	1393.29	0	0
XM_047443640.1	3670	3442.29	0	0
XM_047443641.1	3129	2901.29	0	0
XM_047443642.1	13580	13352.3	547.067	1.84386
XM_047443645.1	2342	2114.29	1	0.0212852
XM_047443648.1	2272	2044.29	0	0
XM_047443656.1	13359	13131.3	0	0
XM_047443659.1	12568	12340.3	0	0
XM_047443660.1	11833	11605.3	10.206	0.0395769
XM_047443661.1	10892	10664.3	85.807	0.362104
XM_047443662.1	12147	11919.3	0	0
XM_047443664.1	9109	8881.29	34.8461	0.176571
XM_047443666.1	12848	12620.3	71.887	0.256344
XM_047443667.1	9965	9737.29	0	0
XM_047443670.1	9743	9515.29	6.87945	0.0325367
XM_047443671.1	9740	9512.29	371.302	1.75665
XM_047443672.1	9797	9569.29	0	0
XM_047443673.1	9725	9497.29	7.03795	0.0333495
XM_047443674.1	9674	9446.29	0	0
XM_047443676.1	9599	9371.29	21.8031	0.104703
XM_047443677.1	9575	9347.29	12.7766	0.0615136
XM_047443679.1	9557	9329.29	2.49395	0.0120304
XM_047443680.1	9485	9257.29	36.6814	0.178321
XM_047443681.1	9452	9224.29	0.617461	0.00301244
XM_047443682.1	9449	9221.29	28.3065	0.138146
XM_047443685.1	13356	13128.3	0	0
XM_047443686.1	9434	9206.29	0.625479	0.00305753
XM_047443687.1	9431	9203.29	7.82836	0.0382798
XM_047443689.1	9302	9074.29	0.768393	0.00381077
XM_047443690.1	9284	9056.29	1.12174	0.0055742
XM_047443695.1	9281	9053.29	10.0944	0.0501782
XM_047443696.1	9266	9038.29	0.199543	0.000993554
XM_047443698.1	9214	8986.29	70.3806	0.352464
XM_047443704.1	996	768.293	13.8606	0.811891
XM_047443708.1	2582	2354.29	1.83885	0.0351502
XM_047443709.1	9564	9336.29	3.26336	0.0157302
XM_047443710.1	2054	1826.29	0	0
XM_047443711.1	3635	3407.29	111.135	1.46786
XM_047443712.1	1964	1736.29	0.000931239	2.41368e-05
XM_047443717.1	7584	7356.29	47.0767	0.287998
XM_047443718.1	7424	7196.29	0	0
XM_047443719.1	7420	7192.29	40.9043	0.255943
XM_047443720.1	1863	1635.29	38.6221	1.06288
XM_047443721.1	9395	9167.29	0	0
XM_047443722.1	9525	9297.29	0	0
XM_047443723.1	9656	9428.29	92.558	0.441797
XM_047443724.1	9371	9143.29	4.48754e-08	2.20876e-10
XM_047443725.1	9445	9217.29	0	0
XM_047443726.1	9677	9449.29	0	0
XM_047443727.1	9367	9139.29	0	0
XM_047443728.1	1808	1580.29	0	0
XM_047443729.1	5847	5619.29	25.9554	0.207868
XM_047443730.1	8899	8671.29	0	0
XM_047443731.1	3354	3126.29	71.3743	1.02744
XM_047443732.1	2292	2064.29	0.000226066	4.9284e-06
XM_047443733.1	650	423.846	13.0664	1.38736
XM_047443734.1	6987	6759.29	0	0
XM_047443735.1	4167	3939.29	0	0
XM_047443736.1	4076	3848.29	0	0
XM_047443737.1	5009	4781.29	0	0
XM_047443738.1	3483	3255.29	3.85825	0.0533387
XM_047443739.1	2698	2470.29	8.53284	0.155449
XM_047443740.1	3530	3302.29	213.436	2.90867
XM_047443741.1	3022	2794.29	19.9804	0.321791
XM_047443742.1	3767	3539.29	0	0
XM_047443743.1	5526	5298.29	0	0
XM_047443744.1	5184	4956.29	0	0
XM_047443745.1	5053	4825.29	0.0629127	0.000586755
XM_047443746.1	5315	5087.29	21.2141	0.187664
XM_047443747.1	4944	4716.29	0.0168165	0.000160463
XM_047443748.1	4948	4720.29	249.583	2.37952
XM_047443749.1	4936	4708.29	7.24885	0.0692864
XM_047443750.1	5210	4982.29	1.58407	0.0143083
XM_047443751.1	4955	4727.29	76.7168	0.730332
XM_047443752.1	5312	5084.29	0.0468662	0.000414831
XM_047443753.1	4941	4713.29	2.3304e-05	2.2251e-07
XM_047443754.1	4941	4713.29	6.90081e-06	6.58898e-08
XM_047443755.1	5207	4979.29	40.7647	0.368434
XM_047443756.1	4836	4608.29	0.0273183	0.000266782
XM_047443757.1	4818	4590.29	267.984	2.62731
XM_047443758.1	4847	4619.29	166.526	1.62236
XM_047443759.1	5204	4976.29	0.0853612	0.000771964
XM_047443760.1	4469	4241.29	0	0
XM_047443761.1	4367	4139.29	0	0
XM_047443762.1	4112	3884.29	2.75126e-07	3.18758e-09
XM_047443763.1	4098	3870.29	0	0
XM_047443764.1	4080	3852.29	0	0
XM_047443765.1	4469	4241.29	0	0
XM_047443766.1	4364	4136.29	0	0
XM_047443767.1	4109	3881.29	1.15467e-07	1.33883e-09
XM_047443768.1	4364	4136.29	0.000154059	1.67617e-06
XM_047443769.1	4361	4133.29	7.03712e-05	7.66198e-07
XM_047443770.1	4004	3776.29	294.675	3.51172
XM_047443771.1	4361	4133.29	0.0297678	0.00032411
XM_047443772.1	4256	4028.29	1.10703	0.0123674
XM_047443773.1	4001	3773.29	137.39	1.63861
XM_047443774.1	5472	5244.29	0	0
XM_047443775.1	5057	4829.29	169.833	1.58263
XM_047443776.1	5687	5459.29	0	0
XM_047443777.1	8480	8252.29	17.1004	0.0932556
XM_047443778.1	8045	7817.29	0	0
XM_047443779.1	8033	7805.29	0	0
XM_047443780.1	8027	7799.29	0	0
XM_047443781.1	8021	7793.29	0	0
XM_047443782.1	7997	7769.29	0	0
XM_047443783.1	7976	7748.29	0	0
XM_047443784.1	7901	7673.29	0	0
XM_047443785.1	7895	7667.29	0.878913	0.00515877
XM_047443786.1	7877	7649.29	4.00819	0.0235814
XM_047443787.1	7871	7643.29	1.80585	0.0106327
XM_047443788.1	7871	7643.29	0	0
XM_047443789.1	7850	7622.29	0.85988	0.00507685
XM_047443790.1	5421	5193.29	0	0
XM_047443791.1	7847	7619.29	3.78883	0.0223786
XM_047443792.1	7823	7595.29	9.79349	0.0580277
XM_047443793.1	8457	8229.29	22.2016	0.121413
XM_047443794.1	8497	8269.29	0	0
XM_047443795.1	7934	7706.29	0	0
XM_047443796.1	7931	7703.29	0	0
XM_047443797.1	8030	7802.29	0	0
XM_047443798.1	5773	5545.29	0	0
XM_047443799.1	5387	5159.29	154.313	1.34603
XM_047443800.1	5111	4883.29	56.6723	0.522276
XM_047443801.1	5367	5139.29	0	0
XM_047443802.1	6582	6354.29	6.92982	0.0490791
XM_047443803.1	6201	5973.29	2.54351e-07	1.91629e-09
XM_047443804.1	6569	6341.29	10.9972	0.0780453
XM_047443805.1	6452	6224.29	24.1892	0.174893
XM_047443806.1	6563	6335.29	10.3296	0.0733768
XM_047443807.1	6195	5967.29	2.20118e-07	1.66005e-09
XM_047443808.1	6660	6432.29	8.41937e-05	5.89056e-07
XM_047443809.1	6576	6348.29	6.36442	0.0451174
XM_047443810.1	6673	6445.29	108.956	0.760766
XM_047443811.1	6791	6563.29	0	0
XM_047443812.1	6486	6258.29	102.552	0.737448
XM_047443813.1	6583	6355.29	101.252	0.716988
XM_047443814.1	6273	6045.29	226.466	1.68589
XM_047443815.1	6326	6098.29	0	0
XM_047443816.1	6785	6557.29	0	0
XM_047443817.1	6221	5993.29	0.480702	0.00360954
XM_047443818.1	6442	6214.29	2.68574	0.0194498
XM_047443819.1	6345	6117.29	0.128533	0.000945575
XM_047443820.1	6429	6201.29	1.10818e-06	8.0421e-09
XM_047443821.1	5955	5727.29	0.126452	0.000993615
XM_047443822.1	6339	6111.29	2.06732	0.0152236
XM_047443823.1	6215	5987.29	8.14333	0.0612088
XM_047443824.1	6423	6195.29	1.76085e-05	1.2791e-07
XM_047443825.1	6326	6098.29	3.31716	0.0244794
XM_047443826.1	6436	6208.29	40.7636	0.29549
XM_047443827.1	6548	6320.29	0	0
XM_047443828.1	5667	5439.29	34.2949	0.283746
XM_047443829.1	10180	9952.29	9.52141	0.0430547
XM_047443830.1	9649	9421.29	5.71751	0.0273111
XM_047443831.1	10239	10011.3	3.5692	0.0160444
XM_047443832.1	10115	9887.29	8.31551	0.037849
XM_047443834.1	10336	10108.3	21.935	0.0976565
XM_047443835.1	4385	4157.29	4.57474	0.049522
XM_047443836.1	5904	5676.29	64.4105	0.510663
XM_047443837.1	5865	5637.29	12.8896	0.102899
XM_047443838.1	7728	7500.29	1211.96	7.27198
XM_047443839.1	7444	7216.29	295.036	1.83994
XM_047443840.1	3248	3020.29	4127.78	61.5049
XM_047443841.1	639	413.014	19.5131	2.1262
XM_047443842.1	6971	6743.29	6.58327	0.0439351
XM_047443843.1	6698	6470.29	374.932	2.60778
XM_047443844.1	6515	6287.29	41.2481	0.295245
XM_047443845.1	6587	6359.29	0	0
XM_047443846.1	4631	4403.29	4.43816	0.0453594
XM_047443847.1	2568	2340.29	0	0
XM_047443848.1	5123	4895.29	0	0
XM_047443849.1	18209	17981.3	61.1475	0.153038
XM_047443850.1	5279	5051.29	15.2174	0.135576
XM_047443851.1	7460	7232.29	23.8843	0.148621
XM_047443852.1	6323	6095.29	0.0266912	0.000197068
XM_047443853.1	6269	6041.29	365.256	2.72089
XM_047443854.1	4939	4711.29	87.4069	0.834926
XM_047443855.1	4736	4508.29	37.5045	0.374381
XM_047443856.1	2425	2197.29	127.347	2.60822
XM_047443857.1	2062	1834.29	0	0
XM_047443858.1	1984	1756.29	0	0
XM_047443859.1	2032	1804.29	0	0
XM_047443860.1	3074	2846.29	22.0643	0.348861
XM_047443861.1	1739	1511.29	0	0
XM_047443862.1	1735	1507.29	0	0
XM_047443863.1	2945	2717.29	36.8915	0.610988
XM_047443864.1	2053	1825.29	2.00029	0.0493177
XM_047443866.1	13639	13411.3	17.8851	0.0600155
XM_047443867.1	2718	2490.29	0	0
XM_047443868.1	5076	4848.29	0	0
XM_047443869.1	13816	13588.3	44.7567	0.14823
XM_047443870.1	3162	2934.29	11.8588	0.181878
XM_047443871.1	1632	1404.29	11.5468	0.370037
XM_047443872.1	5712	5484.29	0	0
XM_047443873.1	6574	6346.29	0	0
XM_047443874.1	2501	2273.29	3	0.0593893
XM_047443875.1	950	722.293	0	0
XM_047443876.1	2871	2643.29	0	0
XM_047443877.1	4301	4073.29	0	0
XM_047443878.1	4749	4521.29	0	0
XM_047443879.1	4281	4053.29	0	0
XM_047443880.1	2614	2386.29	1.0783e-07	2.03356e-09
XM_047443881.1	1132	904.293	0	0
XM_047443882.1	1113	885.293	0	0
XM_047443883.1	1668	1440.29	5.94702	0.185819
XM_047443884.1	5333	5105.29	49.1237	0.433025
XM_047443885.1	8140	7912.29	0	0
XM_047443886.1	8295	8067.29	439.968	2.45435
XM_047443887.1	8280	8052.29	571.057	3.19155
XM_047443888.1	8041	7813.29	0	0
XM_047443889.1	8181	7953.29	477.642	2.7027
XM_047443890.1	3842	3614.29	0	0
XM_047443891.1	3839	3611.29	0	0
XM_047443892.1	6416	6188.29	135.497	0.985372
XM_047443894.1	6229	6001.29	251.797	1.8882
XM_047443895.1	6022	5794.29	45.0039	0.349536
XM_047443897.1	4095	3867.29	0	0
XM_047443898.1	3932	3704.29	53.2454	0.646873
XM_047443900.1	5230	5002.29	4.01318	0.0361046
XM_047443901.1	5108	4880.29	115.215	1.06244
XM_047443902.1	5017	4789.29	0	0
XM_047443903.1	4109	3881.29	1.90636	0.022104
XM_047443904.1	3567	3339.29	10.8887	0.146746
XM_047443905.1	15408	15180.3	112.761	0.334289
XM_047443907.1	5404	5176.29	0	0
XM_047443909.1	1795	1567.29	13.6996	0.39337
XM_047443910.1	3240	3012.29	833.358	12.4502
XM_047443911.1	4934	4706.29	0	0
XM_047443912.1	4869	4641.29	0	0
XM_047443913.1	6509	6281.29	24.1529	0.173046
XM_047443914.1	6365	6137.29	5.07336	0.0372015
XM_047443915.1	6359	6131.29	45.7603	0.335876
XM_047443917.1	3855	3627.29	0.00512861	6.36296e-05
XM_047443918.1	2777	2549.29	0	0
XM_047443919.1	6709	6481.29	67.2236	0.466769
XM_047443920.1	1522	1294.29	484.742	16.8547
XM_047443931.1	4766	4538.29	94.018	0.932311
XM_047443932.1	3138	2910.29	17.1069	0.264531
XM_047443936.1	1728	1500.29	0	0
XM_047443939.1	1305	1077.29	0	0
XM_047443941.1	9430	9202.29	1.53675	0.00751537
XM_047443944.1	4412	4184.29	9.39238	0.101017
XM_047443947.1	6876	6648.29	55.846	0.378028
XM_047443953.1	6011	5783.29	20.8032	0.161882
XM_047443954.1	23217	22989.3	20.6643	0.0404517
XM_047443957.1	7445	7217.29	842.186	5.25141
XM_047443958.1	3733	3505.29	298.003	3.82594
XM_047443959.1	1876	1648.29	35.3091	0.964039
XM_047443960.1	3699	3471.29	67.3812	0.873554
XM_047443961.1	4703	4475.29	0	0
XM_047443963.1	5966	5738.29	0	0
XM_047443964.1	6769	6541.29	0	0
XM_047443965.1	8601	8373.29	16.2338	0.0872502
XM_047443966.1	5028	4800.29	3.62559e-07	3.39902e-09
XM_047443968.1	2238	2010.29	27.5086	0.615816
XM_047443969.1	3237	3009.29	0	0
XM_047443971.1	2867	2639.29	0	0
XM_047443972.1	2441	2213.29	0	0
XM_047443973.1	1436	1208.29	0	0
XM_047443974.1	1157	929.293	0	0
XM_047443975.1	3230	3002.29	36.9472	0.553822
XM_047443976.1	3180	2952.29	0.00284437	4.33579e-05
XM_047443977.1	2970	2742.29	43.2478	0.709728
XM_047443978.1	2309	2081.29	16.3192	0.352865
XM_047443979.1	1175	947.293	7.25883	0.344845
XM_047443980.1	1181	953.293	9.86715	0.465809
XM_047443981.1	1103	875.293	0	0
XM_047443982.1	1100	872.293	0	0
XM_047443983.1	8952	8724.29	0	0
XM_047443984.1	9419	9191.29	0.0149805	7.33487e-05
XM_047443985.1	5417	5189.29	107.451	0.931843
XM_047443986.1	5564	5336.29	0	0
XM_047443987.1	9202	8974.29	0	0
XM_047443988.1	5463	5235.29	0	0
XM_047443989.1	5287	5059.29	0	0
XM_047443990.1	6156	5928.29	0	0
XM_047443991.1	9242	9014.29	10.7374	0.0536058
XM_047443992.1	5199	4971.29	0	0
XM_047443993.1	5375	5147.29	0	0
XM_047443994.1	5354	5126.29	0	0
XM_047443995.1	6068	5840.29	0	0
XM_047443996.1	5347	5119.29	0	0
XM_047443997.1	8644	8416.29	0	0
XM_047443998.1	5020	4792.29	0	0
XM_047443999.1	1408	1180.29	0	0
XM_047444000.1	1045	817.293	0	0
XM_047444001.1	4718	4490.29	0	0
XM_047444002.1	9756	9528.29	20.6753	0.0976516
XM_047444003.1	9588	9360.29	67.5477	0.32476
XM_047444004.1	9984	9756.29	114.396	0.527676
XM_047444005.1	2683	2455.29	25.8137	0.47314
XM_047444006.1	2994	2766.29	0	0
XM_047444007.1	2859	2631.29	0	0
XM_047444008.1	2991	2763.29	0	0
XM_047444009.1	3020	2792.29	0	0
XM_047444010.1	3063	2835.29	0	0
XM_047444011.1	3186	2958.29	0	0
XM_047444012.1	3060	2832.29	0	0
XM_047444013.1	1975	1747.29	0	0
XM_047444014.1	2980	2752.29	40.3358	0.659535
XM_047444015.1	722	494.802	7.63494	0.69441
XM_047444016.1	4335	4107.29	0	0
XM_047444017.1	3791	3563.29	0	0
XM_047444018.1	3199	2971.29	0	0
XM_047444019.1	3161	2933.29	0	0
XM_047444020.1	9882	9654.29	0	0
XM_047444021.1	9254	9026.29	3.00224e-07	1.49685e-09
XM_047444022.1	6115	5887.29	0	0
XM_047444023.1	1696	1468.29	7.30197	0.223805
XM_047444024.1	1691	1463.29	0.064801	0.00199293
XM_047444025.1	2007	1779.29	0.297412	0.00752234
XM_047444026.1	2012	1784.29	6.60149	0.166501
XM_047444027.1	1681	1453.29	141.902	4.39419
XM_047444028.1	1676	1448.29	41.0477	1.27548
XM_047444029.1	1992	1764.29	66.4621	1.6953
XM_047444030.1	1537	1309.29	56.5906	1.94513
XM_047444031.1	1418	1190.29	17.8405	0.674521
XM_047444032.1	1056	828.293	62.7987	3.412
XM_047444033.1	947	719.293	0	0
XM_047444034.1	1136	908.293	0	0
XM_047444035.1	1329	1101.29	6.44686	0.263443
XM_047444036.1	2882	2654.29	9.27284	0.157219
XM_047444037.1	7872	7644.29	2.23603	0.0131638
XM_047444038.1	7853	7625.29	0	0
XM_047444039.1	7856	7628.29	0	0
XM_047444040.1	7753	7525.29	0	0
XM_047444041.1	7856	7628.29	0	0
XM_047444042.1	7859	7631.29	57.0741	0.336576
XM_047444043.1	7787	7559.29	0	0
XM_047444044.1	7714	7486.29	110.67	0.665279
XM_047444045.1	7717	7489.29	0	0
XM_047444046.1	7750	7522.29	0	0
XM_047444047.1	7684	7456.29	0	0
XM_047444048.1	8658	8430.29	29.0026	0.154823
XM_047444049.1	6793	6565.29	0	0
XM_047444050.1	6787	6559.29	0	0
XM_047444051.1	7767	7539.29	5.81019	0.0346818
XM_047444052.1	7751	7523.29	0.00605311	3.62087e-05
XM_047444053.1	7822	7594.29	0	0
XM_047444054.1	7798	7570.29	0	0
XM_047444055.1	7664	7436.29	0	0
XM_047444056.1	6610	6382.29	0	0
XM_047444057.1	6604	6376.29	0	0
XM_047444058.1	6574	6346.29	0	0
XM_047444059.1	6887	6659.29	13.7121	0.0926656
XM_047444060.1	6499	6271.29	0	0
XM_047444061.1	6472	6244.29	0	0
XM_047444062.1	6418	6190.29	0	0
XM_047444063.1	7399	7171.29	32.2126	0.202149
XM_047444064.1	6205	5977.29	0	0
XM_047444065.1	6011	5783.29	6.7574	0.0525831
XM_047444066.1	3077	2849.29	6	0.0947668
XM_047444067.1	24653	24425.3	47.822	0.0881111
XM_047444068.1	24900	24672.3	11.6744	0.0212946
XM_047444069.1	6515	6287.29	203.746	1.45837
XM_047444070.1	25120	24892.3	12.9147	0.0233487
XM_047444071.1	25025	24797.3	30.3322	0.055048
XM_047444072.1	8516	8288.29	908.543	4.93313
XM_047444073.1	24748	24520.3	18.1674	0.0333433
XM_047444074.1	8641	8413.29	53.1913	0.284523
XM_047444075.1	6363	6135.29	338.033	2.47951
XM_047444076.1	8546	8318.29	0.396719	0.0021463
XM_047444077.1	23376	23148.3	33.3001	0.0647393
XM_047444078.1	4991	4763.29	1060.45	10.019
XM_047444079.1	23623	23395.3	7.20861	0.0138664
XM_047444080.1	6039	5811.29	117.033	0.906309
XM_047444081.1	6082	5854.29	0	0
XM_047444082.1	6193	5965.29	3.01115	0.0227166
XM_047444083.1	14788	14560.3	39.8659	0.123218
XM_047444084.1	5341	5113.29	1.17819	0.0103695
XM_047444085.1	10818	10590.3	14.294	0.060742
XM_047444086.1	2019	1791.29	5.73987	0.144204
XM_047444087.1	2463	2235.29	0	0
XM_047444088.1	3392	3164.29	4.72154	0.0671506
XM_047444089.1	4843	4615.29	6.61368	0.064489
XM_047444090.1	4076	3848.29	0	0
XM_047444091.1	6879	6651.29	0	0
XM_047444092.1	2716	2488.29	20.0431	0.362497
XM_047444093.1	6873	6645.29	0	0
XM_047444094.1	7001	6773.29	0	0
XM_047444095.1	3566	3338.29	1.88924	0.0254686
XM_047444096.1	14279	14051.3	23.8794	0.0764803
XM_047444097.1	15427	15199.3	0	0
XM_047444098.1	6779	6551.29	35.2401	0.242077
XM_047444099.1	1975	1747.29	0	0
XM_047444100.1	2161	1933.29	0	0
XM_047444101.1	2150	1922.29	2.45435	0.0574591
XM_047444102.1	6773	6545.29	98.5239	0.677415
XM_047444103.1	3082	2854.29	0	0
XM_047444104.1	5726	5498.29	9.89335	0.0809763
XM_047444105.1	5729	5501.29	4.68336	0.038312
XM_047444106.1	6147	5919.29	0.0776689	0.000590499
XM_047444107.1	6254	6026.29	8.62055	0.0643764
XM_047444108.1	6001	5773.29	0	0
XM_047444109.1	6786	6558.29	8.16102	0.056001
XM_047444110.1	6893	6665.29	14.534	0.0981315
XM_047444111.1	5894	5666.29	0	0
XM_047444112.1	4665	4437.29	2.79742	0.0283715
XM_047444113.1	4523	4295.29	10.835	0.113521
XM_047444114.1	3011	2783.29	0	0
XM_047444115.1	5565	5337.29	252.307	2.12741
XM_047444116.1	5538	5310.29	0	0
XM_047444117.1	781	553.487	0	0
XM_047444118.1	1615	1387.29	0	0
XM_047444119.1	5929	5701.29	0	0
XM_047444120.1	5979	5751.29	12.7456	0.0997329
XM_047444121.1	5829	5601.29	7.01185	0.0563361
XM_047444123.1	6762	6534.29	0	0
XM_047444126.1	10827	10599.3	47.1832	0.200333
XM_047444128.1	7218	6990.29	0	0
XM_047444129.1	7513	7285.29	0	0
XM_047444130.1	6654	6426.29	0	0
XM_047444133.1	3624	3396.29	0	0
XM_047444134.1	3556	3328.29	0	0
XM_047444141.1	2587	2359.29	0	0
XM_047444142.1	1723	1495.29	0	0
XM_047444144.1	5908	5680.29	0	0
XM_047444146.1	3375	3147.29	0	0
XM_047444147.1	15540	15312.3	942.922	2.77126
XM_047444155.1	9362	9134.29	0	0
XM_047444156.1	9465	9237.29	68.2393	0.332454
XM_047444157.1	9373	9145.29	21.2388	0.104514
XM_047444158.1	9270	9042.29	11.9262	0.059356
XM_047444159.1	9832	9604.29	30.9114	0.144842
XM_047444160.1	3947	3719.29	0	0
XM_047444161.1	3615	3387.29	0	0
XM_047444162.1	4368	4140.29	0	0
XM_047444163.1	2049	1821.29	6.55184	0.161892
XM_047444164.1	822	594.427	0	0
XM_047444165.1	4291	4063.29	0	0
XM_047444166.1	3978	3750.29	0	0
XM_047444167.1	3381	3153.29	5.16345	0.0736916
XM_047444168.1	2144	1916.29	1.38965	0.0326352
XM_047444169.1	1831	1603.29	1.91467	0.0537431
XM_047444170.1	1902	1674.29	0	0
XM_047444171.1	949	721.293	0	0
XM_047444172.1	4105	3877.29	1.06179	0.012324
XM_047444173.1	3792	3564.29	1.18848	0.0150058
XM_047444174.1	592	367.025	5.31914	0.652211
XM_047444175.1	1344	1116.29	5.64638e-05	2.27633e-06
XM_047444176.1	5214	4986.29	189.437	1.70974
XM_047444177.1	5232	5004.29	23.1376	0.208074
XM_047444178.1	5281	5053.29	1.73599e-05	1.54602e-07
XM_047444179.1	5315	5087.29	0.0010543	9.3265e-06
XM_047444180.1	5349	5121.29	3.59874e-05	3.16237e-07
XM_047444181.1	5248	5020.29	321.151	2.87887
XM_047444182.1	5116	4888.29	167.992	1.54658
XM_047444183.1	5245	5017.29	0.0218266	0.000195776
XM_047444184.1	2448	2220.29	0	0
XM_047444185.1	2405	2177.29	0	0
XM_047444186.1	2213	1985.29	0	0
XM_047444187.1	2695	2467.29	0	0
XM_047444188.1	2579	2351.29	0	0
XM_047444189.1	2785	2557.29	0	0
XM_047444190.1	2604	2376.29	0	0
XM_047444191.1	2567	2339.29	0	0
XM_047444192.1	2161	1933.29	11.4716	0.267034
XM_047444193.1	1861	1633.29	0	0
XM_047444194.1	1953	1725.29	72.1742	1.88261
XM_047444195.1	2017	1789.29	21.3218	0.53627
XM_047444196.1	1774	1546.29	0	0
XM_047444197.1	6176	5948.29	15.7776	0.119369
XM_047444198.1	3392	3164.29	0.000512373	7.28705e-06
XM_047444199.1	9937	9709.29	3.00875e-08	1.39457e-10
XM_047444200.1	10081	9853.29	0	0
XM_047444201.1	10063	9835.29	61.9828	0.283613
XM_047444202.1	5906	5678.29	27.4068	0.217212
XM_047444203.1	10051	9823.29	0	0
XM_047444204.1	9892	9664.29	0	0
XM_047444205.1	8731	8503.29	61.3122	0.324491
XM_047444206.1	7086	6858.29	66.9177	0.439104
XM_047444207.1	3275	3047.29	0	0
XM_047444208.1	5783	5555.29	5.5725e-08	4.51425e-10
XM_047444209.1	9820	9592.29	0	0
XM_047444210.1	7053	6825.29	2.69802	0.0177896
XM_047444211.1	9934	9706.29	0	0
XM_047444212.1	3324	3096.29	0	0
XM_047444213.1	3306	3078.29	202.068	2.95413
XM_047444214.1	6969	6741.29	1.07039	0.00714566
XM_047444215.1	3273	3045.29	0	0
XM_047444216.1	5981	5753.29	55.468	0.433879
XM_047444217.1	3769	3541.29	0	0
XM_047444218.1	8794	8566.29	13.0648	0.0686358
XM_047444219.1	4310	4082.29	0.401089	0.00442159
XM_047444220.1	4307	4079.29	1.09891	0.0121233
XM_047444221.1	3197	2969.29	301.88	4.57535
XM_047444222.1	3152	2924.29	0.012788	0.0001968
XM_047444223.1	6777	6549.29	918.819	6.31361
XM_047444224.1	6997	6769.29	1133.63	7.53653
XM_047444225.1	6199	5971.29	1355.09	10.2127
XM_047444226.1	1300	1072.29	0	0
XM_047444227.1	12107	11879.3	1.7845	0.00676034
XM_047444228.1	6016	5788.29	100.479	0.781206
XM_047444229.1	12104	11876.3	42.8132	0.162233
XM_047444230.1	11504	11276.3	2.37066e-06	9.46118e-09
XM_047444231.1	5780	5552.29	3.80359e-08	3.08293e-10
XM_047444232.1	6429	6201.29	0	0
XM_047444233.1	6393	6165.29	4.16132	0.0303752
XM_047444234.1	5730	5502.29	2.07759e-07	1.69925e-09
XM_047444235.1	6327	6099.29	0	0
XM_047444236.1	6294	6066.29	0.000114544	8.49749e-07
XM_047444237.1	6294	6066.29	0	0
XM_047444238.1	6291	6063.29	13.6534	0.101339
XM_047444239.1	8000	7772.29	90.3341	0.523052
XM_047444240.1	6225	5997.29	0	0
XM_047444241.1	6126	5898.29	0	0
XM_047444242.1	6024	5796.29	0	0
XM_047444243.1	5364	5136.29	0.000277059	2.42753e-06
XM_047444244.1	5284	5056.29	0.0215931	0.000192188
XM_047444245.1	5223	4995.29	76.8123	0.692009
XM_047444246.1	5140	4912.29	13.5117	0.123785
XM_047444247.1	5149	4921.29	0.00635876	5.81481e-05
XM_047444248.1	5670	5442.29	75.2213	0.622015
XM_047444249.1	4506	4278.29	6.74443	0.0709443
XM_047444250.1	5834	5606.29	1.27927e-06	1.0269e-08
XM_047444251.1	1804	1576.29	574.418	16.3996
XM_047444252.1	1851	1623.29	157.086	4.35495
XM_047444253.1	6345	6117.29	1.33701	0.00983598
XM_047444254.1	5586	5358.29	54.5021	0.45775
XM_047444255.1	2226	1998.29	8.32355	0.187453
XM_047444256.1	5636	5408.29	0.139886	0.00116401
XM_047444257.1	5803	5575.29	19.2161	0.15511
XM_047444258.1	3130	2902.29	0	0
XM_047444259.1	5617	5389.29	0	0
XM_047444260.1	2410	2182.29	0	0
XM_047444261.1	6010	5782.29	0.674968	0.00525322
XM_047444262.1	5583	5355.29	3.71972e-08	3.12586e-10
XM_047444263.1	5633	5405.29	0	0
XM_047444264.1	1938	1710.29	0	0
XM_047444265.1	5800	5572.29	2.94449e-08	2.37804e-10
XM_047444266.1	2988	2760.29	0	0
XM_047444267.1	1074	846.293	1	0.0531767
XM_047444268.1	1079	851.293	0	0
XM_047444269.1	5564	5336.29	0	0
XM_047444270.1	960	732.293	0	0
XM_047444271.1	993	765.293	0	0
XM_047444272.1	1144	916.293	0	0
XM_047444273.1	1111	883.293	0	0
XM_047444274.1	954	726.293	0	0
XM_047444275.1	1807	1579.29	71.594	2.04012
XM_047444276.1	5668	5440.29	0	0
XM_047444277.1	14114	13886.3	1.65371	0.00535937
XM_047444278.1	14111	13883.3	2.22385	0.00720869
XM_047444279.1	10564	10336.3	0.0329621	0.000143513
XM_047444280.1	10314	10086.3	0	0
XM_047444281.1	10167	9939.29	0	0
XM_047444282.1	9953	9725.29	3.42188	0.0158345
XM_047444283.1	10239	10011.3	0	0
XM_047444284.1	9878	9650.29	4.9964	0.0233002
XM_047444285.1	9833	9605.29	0	0
XM_047444286.1	9873	9645.29	0	0
XM_047444287.1	23729	23501.3	7.00563	0.0134152
XM_047444288.1	9036	8808.29	0	0
XM_047444289.1	9033	8805.29	0	0
XM_047444290.1	15185	14957.3	25.5721	0.0769407
XM_047444291.1	3001	2773.29	0	0
XM_047444292.1	2890	2662.29	0	0
XM_047444293.1	2815	2587.29	0	0
XM_047444299.1	9762	9534.29	11.6171	0.0548343
XM_047444300.1	8337	8109.29	0	0
XM_047444302.1	8298	8070.29	5.12169e-06	2.85605e-08
XM_047444315.1	7848	7620.29	22.5538	0.133196
XM_047444326.1	2306	2078.29	0	0
XM_047444329.1	20885	20657.3	0	0
XM_047444331.1	20162	19934.3	0	0
XM_047444333.1	20784	20556.3	0	0
XM_047444335.1	20090	19862.3	0	0
XM_047444336.1	10574	10346.3	2	0.00869936
XM_047444337.1	14654	14426.3	23.6753	0.0738555
XM_047444338.1	2110	1882.29	2.91979	0.0698082
XM_047444339.1	2251	2023.29	26.7858	0.595783
XM_047444340.1	15591	15363.3	0	0
XM_047444356.1	2106	1878.29	15.6308	0.374508
XM_047444358.1	2235	2007.29	10.9122	0.24465
XM_047444359.1	6376	6148.29	0	0
XM_047444360.1	6373	6145.29	0	0
XM_047444361.1	6373	6145.29	0	0
XM_047444362.1	6340	6112.29	0	0
XM_047444363.1	6334	6106.29	0	0
XM_047444364.1	6256	6028.29	0	0
XM_047444365.1	6253	6025.29	0	0
XM_047444366.1	6250	6022.29	0	0
XM_047444367.1	6247	6019.29	0	0
XM_047444368.1	6232	6004.29	0	0
XM_047444369.1	6229	6001.29	0	0
XM_047444370.1	6223	5995.29	0	0
XM_047444371.1	6220	5992.29	0	0
XM_047444372.1	6220	5992.29	31.0327	0.233061
XM_047444373.1	6217	5989.29	0	0
XM_047444374.1	6214	5986.29	0	0
XM_047444375.1	6208	5980.29	0	0
XM_047444376.1	6175	5947.29	0	0
XM_047444377.1	6097	5869.29	0	0
XM_047444378.1	6097	5869.29	0	0
XM_047444379.1	6091	5863.29	0	0
XM_047444380.1	6088	5860.29	0	0
XM_047444381.1	6073	5845.29	0	0
XM_047444382.1	6049	5821.29	0	0
XM_047444383.1	5012	4784.29	0.0400052	0.000376306
XM_047444384.1	5006	4778.29	26.6628	0.251117
XM_047444385.1	3241	3013.29	0	0
XM_047444386.1	9729	9501.29	2.08801e-08	9.88992e-11
XM_047444387.1	9818	9590.29	0	0
XM_047444388.1	9740	9512.29	0	0
XM_047444389.1	9609	9381.29	0.772089	0.0037038
XM_047444390.1	5715	5487.29	0	0
XM_047444391.1	5426	5198.29	0	0
XM_047444392.1	5622	5394.29	0	0
XM_047444393.1	5579	5351.29	0	0
XM_047444394.1	8590	8362.29	36.119	0.19438
XM_047444395.1	8765	8537.29	70.24	0.37026
XM_047444396.1	8620	8392.29	150.924	0.809321
XM_047444397.1	8586	8358.29	29.5391	0.159046
XM_047444398.1	8235	8007.29	30.8719	0.173508
XM_047444399.1	8641	8413.29	131.281	0.702228
XM_047444400.1	8583	8355.29	0	0
XM_047444401.1	8762	8534.29	1.53871e-07	8.11395e-10
XM_047444402.1	41996	41768.3	34.4961	0.0371677
XM_047444403.1	8332	8104.29	483.67	2.68582
XM_047444404.1	41872	41644.3	0	0
XM_047444405.1	8249	8021.29	0.0575774	0.000323035
XM_047444406.1	2302	2074.29	0	0
XM_047444407.1	4311	4083.29	0	0
XM_047444409.1	1674	1446.29	0	0
XM_047444410.1	5183	4955.29	173.146	1.57248
XM_047444411.1	5040	4812.29	28.9423	0.27066
XM_047444412.1	5096	4868.29	24.5668	0.227098
XM_047444413.1	4868	4640.29	25.8138	0.25035
XM_047444414.1	1671	1443.29	0	0
XM_047444415.1	4870	4642.29	9.00174	0.0872643
XM_047444416.1	3189	2961.29	0	0
XM_047444417.1	1232	1004.29	0	0
XM_047444418.1	4699	4471.29	0	0
XM_047444419.1	2621	2393.29	0	0
XM_047444420.1	2576	2348.29	0	0
XM_047444421.1	5035	4807.29	0	0
XM_047444422.1	1268	1040.29	5.38244	0.232844
XM_047444423.1	2647	2419.29	7.98705	0.148573
XM_047444424.1	2437	2209.29	0	0
XM_047444425.1	2529	2301.29	0	0
XM_047444426.1	2514	2286.29	7.26378	0.142979
XM_047444427.1	2332	2104.29	2.27684	0.0486933
XM_047444428.1	2304	2076.29	5.088	0.110281
XM_047444429.1	2442	2214.29	0	0
XM_047444430.1	2566	2338.29	1.79521	0.0345509
XM_047444431.1	2214	1986.29	7.52282e-06	1.70443e-07
XM_047444432.1	2103	1875.29	34.5429	0.828957
XM_047444433.1	2090	1862.29	0	0
XM_047444434.1	2568	2340.29	0	0
XM_047444435.1	7378	7150.29	0	0
XM_047444436.1	7369	7141.29	1.61932e-08	1.02046e-10
XM_047444437.1	7321	7093.29	0	0
XM_047444438.1	7297	7069.29	0	0
XM_047444439.1	4572	4344.29	0	0
XM_047444440.1	3949	3721.29	8.03437	0.0971628
XM_047444441.1	3892	3664.29	2.33833	0.0287183
XM_047444442.1	10076	9848.29	106.719	0.487668
XM_047444443.1	4523	4295.29	4.18625e-05	4.38606e-07
XM_047444444.1	4309	4081.29	0.480519	0.00529853
XM_047444445.1	4294	4066.29	177.159	1.96068
XM_047444446.1	4307	4079.29	0.669545	0.00738648
XM_047444447.1	4322	4094.29	2.04429	0.0224702
XM_047444448.1	4346	4118.29	141.781	1.54932
XM_047444449.1	4130	3902.29	0.0582244	0.000671471
XM_047444450.1	4132	3904.29	0.0411885	0.000474762
XM_047444451.1	6724	6496.29	0.00375082	2.59838e-05
XM_047444452.1	6758	6530.29	48.8984	0.33698
XM_047444453.1	6621	6393.29	17.7011	0.1246
XM_047444454.1	6420	6192.29	11.0656	0.0804205
XM_047444455.1	1706	1478.29	36.7765	1.11957
XM_047444456.1	6407	6179.29	0	0
XM_047444457.1	4520	4292.29	7.27422e-06	7.62675e-08
XM_047444458.1	4291	4063.29	28.8617	0.319659
XM_047444459.1	4304	4076.29	0.108208	0.00119464
XM_047444460.1	4368	4140.29	11.0451	0.120055
XM_047444461.1	4343	4115.29	24.0389	0.262879
XM_047444462.1	4129	3901.29	0.00615919	7.10489e-05
XM_047444463.1	1220	992.293	10.0841	0.45734
XM_047444464.1	4127	3899.29	0.00872541	0.000100703
XM_047444465.1	4142	3914.29	0.0285462	0.000328199
XM_047444466.1	4242	4014.29	0.00417403	4.67939e-05
XM_047444467.1	4903	4675.29	144.959	1.39534
XM_047444468.1	6634	6406.29	0	0
XM_047444469.1	4433	4205.29	0	0
XM_047444470.1	4281	4053.29	0	0
XM_047444471.1	4256	4028.29	0	0
XM_047444472.1	4241	4013.29	0	0
XM_047444473.1	4040	3812.29	0	0
XM_047444474.1	4027	3799.29	0	0
XM_047444475.1	3903	3675.29	0	0
XM_047444476.1	4418	4190.29	0	0
XM_047444477.1	25987	25759.3	0	0
XM_047444478.1	25819	25591.3	0.0146756	2.58075e-05
XM_047444479.1	25540	25312.3	0	0
XM_047444480.1	15646	15418.3	13.9811	0.0408081
XM_047444481.1	25354	25126.3	0	0
XM_047444482.1	25354	25126.3	0	0
XM_047444483.1	25261	25033.3	0	0
XM_047444484.1	25243	25015.3	0	0
XM_047444485.1	25150	24922.3	0	0
XM_047444486.1	1997	1769.29	8.73609	0.222208
XM_047444487.1	9091	8863.29	31.2233	0.158535
XM_047444488.1	1368	1140.29	12.8348	0.50654
XM_047444489.1	7818	7590.29	562.06	3.33247
XM_047444490.1	3488	3260.29	63.312	0.873921
XM_047444491.1	7809	7581.29	1917.62	11.3831
XM_047444492.1	3481	3253.29	0	0
XM_047444493.1	3561	3333.29	18.1884	0.245563
XM_047444494.1	3664	3436.29	0	0
XM_047444495.1	3568	3340.29	0	0
XM_047444496.1	3394	3166.29	1.69434	0.0240819
XM_047444497.1	3427	3199.29	0	0
XM_047444498.1	3371	3143.29	0.400961	0.00574064
XM_047444499.1	3545	3317.29	0	0
XM_047444500.1	3311	3083.29	0	0
XM_047444501.1	3157	2929.29	22.9499	0.352582
XM_047444502.1	3699	3471.29	0	0
XM_047444503.1	4900	4672.29	15.8992	0.15314
XM_047444504.1	26214	25986.3	20.1581	0.0349098
XM_047444505.1	3856	3628.29	27.5961	0.342285
XM_047444506.1	3925	3697.29	36.8847	0.448957
XM_047444510.1	2850	2622.29	111.505	1.91362
XM_047444511.1	2760	2532.29	0	0
XM_047444512.1	2406	2178.29	0	0
XM_047444513.1	2712	2484.29	26.4483	0.479113
XM_047444515.1	3711	3483.29	0	0
XM_047444551.1	5639	5411.29	0	0
XM_047444554.1	5564	5336.29	2.32924	0.0196434
XM_047444555.1	4829	4601.29	0	0
XM_047444557.1	4725	4497.29	0	0
XM_047444558.1	4651	4423.29	0	0
XM_047444559.1	1666	1438.29	0	0
XM_047444568.1	4382	4154.29	17.0378	0.184569
XM_047444569.1	4574	4346.29	0	0
XM_047444570.1	1354	1126.29	0.0270727	0.00108174
XM_047444572.1	1294	1066.29	74.8468	3.15892
XM_047444573.1	1196	968.293	309.201	14.3707
XM_047444582.1	6054	5826.29	0	0
XM_047444583.1	5919	5691.29	0	0
XM_047444584.1	6423	6195.29	0	0
XM_047444585.1	11574	11346.3	15.188	0.0602405
XM_047444586.1	6390	6162.29	0	0
XM_047444587.1	5056	4828.29	42.8044	0.398967
XM_047444588.1	7117	6889.29	0	0
XM_047444589.1	7270	7042.29	18.3923	0.117534
XM_047444590.1	7346	7118.29	0	0
XM_047444591.1	6821	6593.29	3.55809e-05	2.4286e-07
XM_047444592.1	5200	4972.29	0	0
XM_047444593.1	5118	4890.29	6.04593	0.0556378
XM_047444594.1	5079	4851.29	22.2844	0.206722
XM_047444595.1	2092	1864.29	0	0
XM_047444596.1	3841	3613.29	0	0
XM_047444597.1	3838	3610.29	0	0
XM_047444598.1	3829	3601.29	0	0
XM_047444599.1	4638	4410.29	0	0
XM_047444600.1	3775	3547.29	0	0
XM_047444601.1	3772	3544.29	0	0
XM_047444602.1	3766	3538.29	0	0
XM_047444603.1	4557	4329.29	57.299	0.595625
XM_047444604.1	2728	2500.29	0	0
XM_047444605.1	910	682.293	0	0
XM_047444606.1	2703	2475.29	0	0
XM_047444607.1	2634	2406.29	0	0
XM_047444608.1	2551	2323.29	0	0
XM_047444609.1	2654	2426.29	3.04647	0.0565062
XM_047444610.1	2624	2396.29	0	0
XM_047444611.1	2559	2331.29	0	0
XM_047444612.1	2582	2354.29	30.9199	0.591044
XM_047444613.1	2408	2180.29	0	0
XM_047444614.1	2416	2188.29	1	0.0205654
XM_047444615.1	1991	1763.29	0	0
XM_047444616.1	1590	1362.29	0	0
XM_047444617.1	1523	1295.29	0	0
XM_047444618.1	1500	1272.29	0	0
XM_047444619.1	1488	1260.29	0	0
XM_047444620.1	4901	4673.29	0.00366656	3.53084e-05
XM_047444621.1	928	700.293	73.5847	4.72879
XM_047444622.1	1048	820.293	0	0
XM_047444623.1	925	697.293	10.3215	0.666145
XM_047444624.1	802	574.487	136.697	10.7083
XM_047444625.1	742	514.753	0	0
XM_047444626.1	10222	9994.29	10.5417	0.0474678
XM_047444627.1	5835	5607.29	0	0
XM_047444628.1	5073	4845.29	0	0
XM_047444629.1	5749	5521.29	0	0
XM_047444630.1	5944	5716.29	0	0
XM_047444631.1	5829	5601.29	10.9619	0.0880727
XM_047444632.1	2280	2052.29	0	0
XM_047444633.1	4255	4027.29	0	0
XM_047444634.1	1949	1721.29	0	0
XM_047444635.1	1447	1219.29	3.63781e-05	1.34269e-06
XM_047444636.1	1243	1015.29	59.2906	2.62807
XM_047444637.1	2348	2120.29	1.50205	0.0318808
XM_047444638.1	3782	3554.29	17.6589	0.22359
XM_047444639.1	3705	3477.29	5.79712	0.0750262
XM_047444640.1	4001	3773.29	0	0
XM_047444641.1	1321	1093.29	0	0
XM_047444642.1	5838	5610.29	268.755	2.15583
XM_047444643.1	5691	5463.29	192.814	1.58828
XM_047444644.1	5664	5436.29	20.3249	0.168255
XM_047444645.1	4672	4444.29	2992.52	30.3024
XM_047444646.1	1494	1266.29	0	0
XM_047444647.1	4776	4548.29	106.194	1.05074
XM_047444648.1	4726	4498.29	111.233	1.11283
XM_047444649.1	5503	5275.29	0	0
XM_047444650.1	3631	3403.29	0	0
XM_047444651.1	5395	5167.29	6.63319	0.0577699
XM_047444652.1	3523	3295.29	0	0
XM_047444653.1	5362	5134.29	0	0
XM_047444654.1	3490	3262.29	0	0
XM_047444655.1	3318	3090.29	0	0
XM_047444656.1	3265	3037.29	0	0
XM_047444657.1	5254	5026.29	0	0
XM_047444658.1	3382	3154.29	0	0
XM_047444659.1	3391	3163.29	0	0
XM_047444660.1	3210	2982.29	0	0
XM_047444661.1	5620	5392.29	10.7228	0.0894903
XM_047444662.1	3283	3055.29	0	0
XM_047444663.1	5122	4894.29	0	0
XM_047444664.1	3250	3022.29	0	0
XM_047444665.1	3069	2841.29	0	0
XM_047444666.1	3045	2817.29	0	0
XM_047444667.1	2978	2750.29	0	0
XM_047444668.1	2937	2709.29	0	0
XM_047444669.1	3010	2782.29	0	0
XM_047444670.1	2741	2513.29	0	0
XM_047444671.1	4672	4444.29	0	0
XM_047444672.1	2800	2572.29	0	0
XM_047444673.1	2701	2473.29	0	0
XM_047444674.1	2692	2464.29	0	0
XM_047444675.1	2520	2292.29	0	0
XM_047444676.1	2607	2379.29	0	0
XM_047444677.1	4432	4204.29	0	0
XM_047444678.1	2560	2332.29	0	0
XM_047444679.1	3736	3508.29	4.95786	0.0635976
XM_047444680.1	4338	4110.29	0	0
XM_047444681.1	2452	2224.29	0	0
XM_047444682.1	2224	1996.29	0	0
XM_047444683.1	4224	3996.29	20.6371	0.232399
XM_047444684.1	3662	3434.29	0	0
XM_047444685.1	2941	2713.29	0	0
XM_047444686.1	4813	4585.29	0	0
XM_047444688.1	4796	4568.29	0	0
XM_047444689.1	5220	4992.29	23.404	0.210975
XM_047444690.1	2438	2210.29	0	0
XM_047444691.1	2289	2061.29	0	0
XM_047444692.1	2624	2396.29	0	0
XM_047444693.1	3369	3141.29	12.4961	0.179023
XM_047444694.1	3210	2982.29	17.3508	0.261825
XM_047444695.1	3373	3145.29	0	0
XM_047444696.1	3441	3213.29	0	0
XM_047444697.1	2477	2249.29	0	0
XM_047444698.1	1959	1731.29	9.45197	0.245694
XM_047444699.1	2020	1792.29	0.240458	0.0060377
XM_047444700.1	1868	1640.29	4.00047	0.109757
XM_047444701.1	2027	1799.29	0	0
XM_047444702.1	3480	3252.29	0	0
XM_047444703.1	2390	2162.29	4.77525	0.0993856
XM_047444704.1	2443	2215.29	0.273276	0.00555152
XM_047444705.1	2450	2222.29	0	0
XM_047444706.1	2291	2063.29	2.50116	0.0545536
XM_047444707.1	2399	2171.29	0.00012929	2.67971e-06
XM_047444708.1	1821	1593.29	9.68734	0.273622
XM_047444709.1	3216	2988.29	0	0
XM_047444710.1	3342	3114.29	0	0
XM_047444711.1	2830	2602.29	0	0
XM_047444712.1	2252	2024.29	0.000164071	3.64755e-06
XM_047444713.1	2244	2016.29	5.30912	0.118498
XM_047444714.1	2322	2094.29	0	0
XM_047444715.1	3392	3164.29	0	0
XM_047444716.1	871	643.427	12.7605	0.892504
XM_047444717.1	14365	14137.3	0	0
XM_047444718.1	14256	14028.3	0	0
XM_047444719.1	4719	4491.29	0	0
XM_047444720.1	11769	11541.3	0.0550882	0.000214806
XM_047444721.1	4619	4391.29	21.6269	0.221638
XM_047444722.1	884	656.427	99.8344	6.84441
XM_047444723.1	4620	4392.29	10.0422	0.102892
XM_047444724.1	4703	4475.29	18.5624	0.186661
XM_047444725.1	11541	11313.3	31.3385	0.124661
XM_047444726.1	1164	936.293	2.83969	0.13649
XM_047444727.1	10321	10093.3	0	0
XM_047444728.1	4847	4619.29	72.6481	0.707768
XM_047444729.1	12093	11865.3	18.7769	0.0712177
XM_047444730.1	10079	9851.29	0	0
XM_047444731.1	2465	2237.29	0	0
XM_047444732.1	5046	4818.29	34.418	0.321466
XM_047444733.1	7367	7139.29	0	0
XM_047444734.1	7020	6792.29	36.1552	0.239551
XM_047444735.1	6693	6465.29	328.107	2.28386
XM_047444736.1	13890	13662.3	0.0400517	0.000131929
XM_047444737.1	1097	869.293	52.5362	2.71978
XM_047444738.1	1037	809.293	3.24558	0.18048
XM_047444739.1	13621	13393.3	53.1015	0.178427
XM_047444740.1	1653	1425.29	33.3883	1.05422
XM_047444741.1	2337	2109.29	0	0
XM_047444742.1	2258	2030.29	0	0
XM_047444743.1	3336	3108.29	0.000773868	1.12044e-05
XM_047444744.1	3100	2872.29	0	0
XM_047444745.1	2359	2131.29	0	0
XM_047444746.1	3856	3628.29	0.501394	0.00621898
XM_047444747.1	4088	3860.29	0.385767	0.00449724
XM_047444748.1	7404	7176.29	81.3212	0.509971
XM_047444749.1	2763	2535.29	0	0
XM_047444761.1	5924	5696.29	0	0
XM_047444771.1	12068	11840.3	1	0.00380084
XM_047444772.1	2655	2427.29	3	0.0556213
XM_047444775.1	3216	2988.29	0	0
XM_047444776.1	2732	2504.29	17.1294	0.307821
XM_047444777.1	2641	2413.29	30.4862	0.568506
XM_047444778.1	2458	2230.29	0	0
XM_047444794.1	1559	1331.29	0.0866667	0.00292968
XM_047444795.1	1359	1131.29	17.4387	0.693716
XM_047444798.1	1926	1698.29	0	0
XM_047444799.1	18110	17882.3	58.7206	0.147778
XM_047444800.1	3895	3667.29	0	0
XM_047444801.1	3880	3652.29	0	0
XM_047444802.1	5949	5721.29	0	0
XM_047444803.1	5907	5679.29	25.8801	0.205075
XM_047444804.1	3071	2843.29	0	0
XM_047444805.1	5744	5516.29	3.18272	0.0259653
XM_047444806.1	2706	2478.29	0	0
XM_047444807.1	2383	2155.29	0	0
XM_047444808.1	2341	2113.29	9.68292	0.2062
XM_047444809.1	5316	5088.29	90.1702	0.797505
XM_047444810.1	6898	6670.29	3.50448	0.023644
XM_047444811.1	6667	6439.29	0	0
XM_047444812.1	6634	6406.29	0.536467	0.00376859
XM_047444813.1	5885	5657.29	195.357	1.55404
XM_047444814.1	6931	6703.29	26.0351	0.174789
XM_047444815.1	4156	3928.29	0	0
XM_047444816.1	6463	6235.29	0	0
XM_047444817.1	2276	2048.29	0	0
XM_047444818.1	9233	9005.29	0	0
XM_047444819.1	9259	9031.29	0	0
XM_047444820.1	9230	9002.29	0	0
XM_047444821.1	9158	8930.29	0	0
XM_047444822.1	1450	1222.29	0	0
XM_047444823.1	6494	6266.29	0	0
XM_047444824.1	5230	5002.29	0	0
XM_047444825.1	4887	4659.29	0	0
XM_047444826.1	2089	1861.29	47.4794	1.14797
XM_047444827.1	1296	1068.29	223.728	9.42479
XM_047444828.1	1547	1319.29	39.2022	1.33725
XM_047444829.1	18354	18126.3	27.4995	0.0682744
XM_047444830.1	13943	13715.3	0	0
XM_047444831.1	3903	3675.29	0	0
XM_047444832.1	2823	2595.29	78.7554	1.36564
XM_047444833.1	5601	5373.29	0	0
XM_047444834.1	2153	1925.29	52.5809	1.22906
XM_047444835.1	2963	2735.29	3.5072	0.0577031
XM_047444836.1	3603	3375.29	0	0
XM_047444837.1	1505	1277.29	43.8682	1.54561
XM_047444838.1	2706	2478.29	0	0
XM_047444839.1	5942	5714.29	0	0
XM_047444840.1	1318	1090.29	8.65137	0.357095
XM_047444841.1	1702	1474.29	8.07776	0.246575
XM_047444842.1	942	714.293	0	0
XM_047444843.1	1408	1180.29	0	0
XM_047444844.1	922	694.293	0	0
XM_047444845.1	2303	2075.29	35.4022	0.767702
XM_047444846.1	3788	3560.29	0.0325594	0.00041156
XM_047444847.1	3637	3409.29	4.80818e-06	6.34685e-08
XM_047444848.1	3046	2818.29	11.273	0.18001
XM_047444849.1	2989	2761.29	5.11645e-07	8.3387e-09
XM_047444850.1	1619	1391.29	0	0
XM_047444851.1	1033	805.293	354.952	19.8362
XM_047444852.1	1089	861.293	118.238	6.178
XM_047444853.1	1576	1348.29	0	0
XM_047444854.1	1273	1045.29	0.111696	0.00480884
XM_047444855.1	1787	1559.29	0.000142214	4.10446e-06
XM_047444856.1	1454	1226.29	80.0486	2.93766
XM_047444857.1	2142	1914.29	0.00048946	1.15067e-05
XM_047444858.1	2126	1898.29	2.28117e-07	5.408e-09
XM_047444859.1	2081	1853.29	0	0
XM_047444860.1	2030	1802.29	12.6074	0.314806
XM_047444861.1	2393	2165.29	0	0
XM_047444862.1	2268	2040.29	0	0
XM_047444863.1	9582	9354.29	0	0
XM_047444864.1	2095	1867.29	239.459	5.77113
XM_047444865.1	2033	1805.29	44.1713	1.10112
XM_047444866.1	1967	1739.29	132.778	3.43554
XM_047444867.1	14544	14316.3	1651.61	5.19183
XM_047444868.1	14569	14341.3	0	0
XM_047444869.1	14466	14238.3	1.3436	0.00424672
XM_047444870.1	14560	14332.3	1.87857e-07	5.89866e-10
XM_047444871.1	14454	14226.3	1.34297	0.0042483
XM_047444872.1	14545	14317.3	0	0
XM_047444873.1	14451	14223.3	6.64396e-06	2.10218e-08
XM_047444874.1	14430	14202.3	179.893	0.570031
XM_047444875.1	14871	14643.3	3.82388e-06	1.17519e-08
XM_047444876.1	14376	14148.3	0.000952714	3.0304e-06
XM_047444877.1	14361	14133.3	0	0
XM_047444878.1	7698	7470.29	40.785	0.2457
XM_047444879.1	11692	11464.3	0	0
XM_047444880.1	11598	11370.3	0	0
XM_047444881.1	11574	11346.3	0	0
XM_047444882.1	11614	11386.3	0	0
XM_047444883.1	11520	11292.3	0	0
XM_047444884.1	11979	11751.3	0	0
XM_047444885.1	11590	11362.3	0	0
XM_047444886.1	11484	11256.3	0	0
XM_047444887.1	11427	11199.3	0	0
XM_047444888.1	2175	1947.29	0	0
XM_047444889.1	5422	5194.29	47.9543	0.415473
XM_047444890.1	5715	5487.29	0	0
XM_047444891.1	5703	5475.29	0	0
XM_047444892.1	3268	3040.29	0	0
XM_047444893.1	4191	3963.29	0	0
XM_047444894.1	4713	4485.29	4.67425	0.046899
XM_047444895.1	4139	3911.29	0	0
XM_047444896.1	1987	1759.29	0	0
XM_047444897.1	2037	1809.29	0	0
XM_047444898.1	1930	1702.29	13.5015	0.356935
XM_047444899.1	4079	3851.29	0	0
XM_047444900.1	1895	1667.29	4.92376	0.132901
XM_047444901.1	1735	1507.29	0	0
XM_047444902.1	1812	1584.29	0	0
XM_047444903.1	2582	2354.29	0	0
XM_047444904.1	2449	2221.29	0	0
XM_047444905.1	2540	2312.29	0	0
XM_047444906.1	3612	3384.29	0	0
XM_047444907.1	1666	1438.29	0	0
XM_047444908.1	1395	1167.29	0	0
XM_047444909.1	2312	2084.29	2.09595	0.0452549
XM_047444910.1	5578	5350.29	1353.2	11.3822
XM_047444911.1	2874	2646.29	15.457	0.262863
XM_047444912.1	1939	1711.29	0	0
XM_047444913.1	3575	3347.29	0	0
XM_047444914.1	1323	1095.29	0.581384	0.0238877
XM_047444915.1	3320	3092.29	0	0
XM_047444916.1	1612	1384.29	0	0
XM_047444917.1	4965	4737.29	4.14064	0.039335
XM_047444918.1	7362	7134.29	26.2687	0.165703
XM_047444919.1	7263	7035.29	7.04793	0.0450839
XM_047444920.1	7348	7120.29	0.379265	0.00239711
XM_047444921.1	7335	7107.29	3.16797	0.0200594
XM_047444922.1	7259	7031.29	523.26	3.34908
XM_047444923.1	7267	7039.29	0.0337091	0.000215507
XM_047444924.1	7245	7017.29	7.64426	0.0490239
XM_047444925.1	7191	6963.29	6.59809	0.0426428
XM_047444926.1	7240	7012.29	0.00336853	2.16184e-05
XM_047444927.1	7219	6991.29	0.0215323	0.000138604
XM_047444928.1	7143	6915.29	4.35649	0.028351
XM_047444929.1	7215	6987.29	1.94809	0.0125471
XM_047444930.1	7139	6911.29	354.28	2.3069
XM_047444931.1	7125	6897.29	4.7235	0.0308197
XM_047444932.1	7174	6946.29	0.00303133	1.96392e-05
XM_047444933.1	12211	11983.3	9.6416	0.0362089
XM_047444934.1	12112	11884.3	35.1834	0.133231
XM_047444935.1	5166	4938.29	46.8707	0.427137
XM_047444936.1	5426	5198.29	248.598	2.15218
XM_047444937.1	2666	2438.29	25.6582	0.473568
XM_047444938.1	3479	3251.29	40.2343	0.556906
XM_047444940.1	2452	2224.29	0	0
XM_047444941.1	4663	4435.29	2737.79	27.7792
XM_047444942.1	7893	7665.29	175.741	1.03178
XM_047444943.1	3386	3158.29	1.28996e-07	1.83808e-09
XM_047444944.1	5495	5267.29	4.71129e-06	4.02526e-08
XM_047444945.1	4913	4685.29	70.0611	0.672949
XM_047444946.1	5154	4926.29	51.0404	0.466268
XM_047444947.1	4869	4641.29	10.0954	0.0978879
XM_047444948.1	2908	2680.29	43.1366	0.724278
XM_047444951.1	2239	2011.29	0	0
XM_047444962.1	3299	3071.29	0	0
XM_047444963.1	2125	1897.29	58.4828	1.38719
XM_047444970.1	2264	2036.29	21.6774	0.479081
XM_047444971.1	1091	863.293	10.5994	0.552542
XM_047444972.1	1715	1487.29	75.0413	2.27063
XM_047444974.1	1955	1727.29	19.9059	0.518631
XM_047444975.1	3046	2818.29	76.4468	1.22072
XM_047444976.1	2751	2523.29	68.4878	1.22148
XM_047444992.1	1877	1649.29	0	0
XM_047444995.1	3380	3152.29	0	0
XM_047444996.1	3368	3140.29	0	0
XM_047444998.1	6966	6738.29	0	0
XM_047445005.1	3182	2954.29	0	0
XM_047445006.1	3547	3319.29	20.4186	0.276836
XM_047445007.1	3668	3440.29	0.74126	0.00969655
XM_047445010.1	3541	3313.29	0.47295	0.00642389
XM_047445012.1	5289	5061.29	114.243	1.01581
XM_047445013.1	5169	4941.29	31.1535	0.283733
XM_047445015.1	5277	5049.29	57.0141	0.508152
XM_047445018.1	5212	4984.29	0	0
XM_047445021.1	5163	4935.29	2.73011	0.0248948
XM_047445024.1	6888	6660.29	11.3698	0.0768251
XM_047445028.1	7009	6781.29	2.11973	0.0140673
XM_047445030.1	6882	6654.29	1.68475	0.011394
XM_047445031.1	5081	4853.29	27.4991	0.254991
XM_047445032.1	4985	4757.29	0	0
XM_047445033.1	4979	4751.29	0	0
XM_047445034.1	2800	2572.29	4.3545	0.0761834
XM_047445035.1	2530	2302.29	7.65277	0.149589
XM_047445039.1	2545	2317.29	0	0
XM_047445042.1	2779	2551.29	0	0
XM_047445043.1	2583	2355.29	0	0
XM_047445046.1	2528	2300.29	0	0
XM_047445047.1	4487	4259.29	139.234	1.47112
XM_047445048.1	4528	4300.29	5.66383e-06	5.92726e-08
XM_047445049.1	1940	1712.29	0.0194515	0.000511232
XM_047445052.1	1862	1634.29	0	0
XM_047445055.1	10771	10543.3	6.34124e-07	2.7067e-09
XM_047445056.1	10384	10156.3	0	0
XM_047445057.1	10620	10392.3	0	0
XM_047445058.1	37861	37633.3	0	0
XM_047445063.1	11038	10810.3	5.95264	0.0247807
XM_047445068.1	10295	10067.3	0	0
XM_047445074.1	27254	27026.3	49.4315	0.0823113
XM_047445077.1	10790	10562.3	0	0
XM_047445078.1	10679	10451.3	12.6625	0.0545245
XM_047445079.1	10917	10689.3	17.9519	0.0755795
XM_047445080.1	16406	16178.3	2.88271e-05	8.01882e-08
XM_047445081.1	10077	9849.29	13.1865	0.0602514
XM_047445082.1	13203	12975.3	8.75647	0.0303707
XM_047445083.1	10791	10563.3	22.2321	0.0947161
XM_047445084.1	10819	10591.3	0.0367183	0.000156018
XM_047445085.1	10581	10353.3	0.00101765	4.42347e-06
XM_047445086.1	9294	9066.29	0	0
XM_047445087.1	10072	9844.29	5.2645e-07	2.40666e-09
XM_047445088.1	9589	9361.29	0	0
XM_047445089.1	10033	9805.29	302.955	1.39047
XM_047445090.1	10092	9864.29	64.7513	0.29541
XM_047445091.1	9524	9296.29	50.4189	0.244077
XM_047445092.1	9882	9654.29	0.00157928	7.36176e-06
XM_047445093.1	15668	15440.3	12.3732	0.0360637
XM_047445094.1	10603	10375.3	0	0
XM_047445095.1	13720	13492.3	6.16879	0.0205758
XM_047445096.1	13734	13506.3	1.48832	0.00495911
XM_047445097.1	13768	13540.3	0.0473925	0.000157516
XM_047445098.1	5117	4889.29	0	0
XM_047445099.1	6889	6661.29	3.31104	0.0223691
XM_047445100.1	2087	1859.29	0	0
XM_047445101.1	4642	4414.29	42.2964	0.431206
XM_047445102.1	8512	8284.29	12.4592	0.0676826
XM_047445103.1	4762	4534.29	210.124	2.08549
XM_047445104.1	4674	4446.29	337.704	3.41807
XM_047445105.1	3807	3579.29	287.879	3.61955
XM_047445106.1	655	428.76	0	0
XM_047445107.1	589	364.098	16.7554	2.07099
XM_047445108.1	1456	1228.29	0	0
XM_047445109.1	1519	1291.29	0	0
XM_047445110.1	1283	1055.29	0	0
XM_047445111.1	7184	6956.29	4.09588	0.0264979
XM_047445112.1	4028	3800.29	0	0
XM_047445113.1	1045	817.293	0	0
XM_047445114.1	3900	3672.29	2.13951	0.0262192
XM_047445115.1	10080	9852.29	0	0
XM_047445116.1	9762	9534.29	87.7441	0.414163
XM_047445117.1	1891	1663.29	0	0
XM_047445118.1	1832	1604.29	0	0
XM_047445119.1	4505	4277.29	0	0
XM_047445120.1	4340	4112.29	0	0
XM_047445121.1	10719	10491.3	22.1493	0.095011
XM_047445122.1	10704	10476.3	23.4065	0.100548
XM_047445123.1	4517	4289.29	1790.32	18.784
XM_047445124.1	4484	4256.29	141.345	1.49448
XM_047445125.1	10543	10315.3	0.0291949	0.00012737
XM_047445126.1	7618	7390.29	23.3157	0.14198
XM_047445127.1	2009	1781.29	0	0
XM_047445128.1	1934	1706.29	0	0
XM_047445129.1	1784	1556.29	6.44498e-07	1.86368e-08
XM_047445130.1	1708	1480.29	109.743	3.33634
XM_047445131.1	1850	1622.29	0	0
XM_047445132.1	1835	1607.29	0	0
XM_047445133.1	1775	1547.29	0	0
XM_047445134.1	11732	11504.3	4.55706	0.0178266
XM_047445135.1	2451	2223.29	102.408	2.0729
XM_047445136.1	2017	1789.29	44.3467	1.11538
XM_047445137.1	4035	3807.29	0	0
XM_047445138.1	11684	11456.3	5.23227	0.0205536
XM_047445139.1	3493	3265.29	0	0
XM_047445140.1	3198	2970.29	7.50015	0.113635
XM_047445141.1	5480	5252.29	200.326	1.71644
XM_047445142.1	5439	5211.29	0	0
XM_047445143.1	5286	5058.29	0	0
XM_047445144.1	5211	4983.29	0	0
XM_047445145.1	4487	4259.29	575.157	6.07703
XM_047445146.1	4729	4501.29	85.1979	0.851793
XM_047445147.1	2641	2413.29	21.1092	0.393645
XM_047445148.1	4685	4457.29	0.000287542	2.90316e-06
XM_047445149.1	2247	2019.29	31.902	0.710985
XM_047445150.1	1810	1582.29	251.099	7.14169
XM_047445151.1	2448	2220.29	312.689	6.33789
XM_047445152.1	4723	4495.29	31.9935	0.320292
XM_047445153.1	4702	4474.29	0.0620881	0.000624491
XM_047445154.1	4317	4089.29	0	0
XM_047445155.1	4201	3973.29	39.8781	0.451675
XM_047445156.1	5058	4830.29	0	0
XM_047445157.1	811	583.487	128.704	9.92665
XM_047445158.1	15738	15510.3	45.8274	0.132968
XM_047445159.1	15729	15501.3	46.1468	0.133973
XM_047445160.1	15723	15495.3	0.504721	0.00146586
XM_047445161.1	15714	15486.3	957.417	2.78225
XM_047445162.1	15711	15483.3	12.7972	0.0371959
XM_047445163.1	15708	15480.3	6.69014	0.019449
XM_047445164.1	15696	15468.3	168.471	0.490146
XM_047445165.1	15696	15468.3	55.8813	0.16258
XM_047445166.1	15681	15453.3	1.84843	0.00538301
XM_047445167.1	15681	15453.3	0.377757	0.0011001
XM_047445168.1	15669	15441.3	47.1522	0.137423
XM_047445169.1	15654	15426.3	206.157	0.601422
XM_047445170.1	15642	15414.3	3.56537	0.0104094
XM_047445171.1	15639	15411.3	1.89279	0.0055272
XM_047445172.1	15630	15402.3	1.89062	0.00552408
XM_047445173.1	15624	15396.3	181.375	0.530156
XM_047445174.1	15624	15396.3	0.96203	0.002812
XM_047445175.1	15618	15390.3	1.20959	0.00353699
XM_047445176.1	15615	15387.3	41.0676	0.12011
XM_047445177.1	15612	15384.3	0.509107	0.00148927
XM_047445178.1	15609	15381.3	1.2098	0.00353967
XM_047445179.1	15606	15378.3	31.2071	0.0913245
XM_047445180.1	15600	15372.3	13.1951	0.0386293
XM_047445181.1	15597	15369.3	31.341	0.09177
XM_047445182.1	15597	15369.3	6.99126	0.0204712
XM_047445183.1	15588	15360.3	6.99578	0.0204965
XM_047445184.1	15582	15354.3	3.56213	0.0104405
XM_047445185.1	15579	15351.3	8.52826	0.025001
XM_047445186.1	15537	15309.3	14.0708	0.0413625
XM_047445187.1	15525	15297.3	7.43897	0.0218847
XM_047445188.1	15519	15291.3	2.34641	0.0069056
XM_047445189.1	15510	15282.3	2.33715	0.00688242
XM_047445190.1	15507	15279.3	1.23724	0.00364413
XM_047445191.1	15498	15270.3	1.23219	0.00363139
XM_047445192.1	15913	15685.3	0	0
XM_047445193.1	15898	15670.3	0	0
XM_047445194.1	12600	12372.3	19.7042	0.0716723
XM_047445195.1	29735	29507.3	24.6035	0.0375241
XM_047445196.1	12579	12351.3	15.0329	0.0547737
XM_047445197.1	12171	11943.3	33.9294	0.127848
XM_047445198.1	29714	29486.3	21.9747	0.0335386
XM_047445199.1	2216	1988.29	60.8204	1.37661
XM_047445200.1	7810	7582.29	0	0
XM_047445201.1	8201	7973.29	0	0
XM_047445202.1	6455	6227.29	0	0
XM_047445203.1	6339	6111.29	0	0
XM_047445204.1	6105	5877.29	0	0
XM_047445205.1	5672	5444.29	0	0
XM_047445206.1	846	618.427	0	0
XM_047445207.1	5672	5444.29	0	0
XM_047445208.1	7048	6820.29	0	0
XM_047445210.1	7027	6799.29	0	0
XM_047445224.1	6625	6397.29	63.5649	0.447161
XM_047445238.1	5812	5584.29	0	0
XM_047445241.1	3962	3734.29	137.227	1.65376
XM_047445281.1	10249	10021.3	0	0
XM_047445282.1	10438	10210.3	16.8559	0.0742943
XM_047445300.1	10432	10204.3	3.15506	0.0139145
XM_047445321.1	4351	4123.29	0	0
XM_047445323.1	4351	4123.29	0	0
XM_047445324.1	4351	4123.29	0	0
XM_047445327.1	4351	4123.29	2.48154	0.0270844
XM_047445328.1	4315	4087.29	3.53901	0.0389662
XM_047445329.1	4147	3919.29	0	0
XM_047445330.1	4045	3817.29	0	0
XM_047445331.1	3702	3474.29	0.827225	0.0107152
XM_047445334.1	3562	3334.29	2.24196	0.0302598
XM_047445335.1	3604	3376.29	2.08625	0.027808
XM_047445336.1	3672	3444.29	4.01273	0.0524303
XM_047445337.1	3412	3184.29	2.27403	0.0321384
XM_047445338.1	4541	4313.29	33.7579	0.352215
XM_047445339.1	2667	2439.29	1.51687	0.027985
XM_047445340.1	2573	2345.29	0	0
XM_047445341.1	4930	4702.29	48.6301	0.465412
XM_047445342.1	2896	2668.29	2.53103	0.0426881
XM_047445349.1	3365	3137.29	0	0
XM_047445350.1	3031	2803.29	19.8778	0.319111
XM_047445356.1	2622	2394.29	0	0
XM_047445357.1	2171	1943.29	60.2663	1.39566
XM_047445358.1	2407	2179.29	0	0
XM_047445359.1	2174	1946.29	0	0
XM_047445360.1	2216	1988.29	0	0
XM_047445361.1	2404	2176.29	0	0
XM_047445362.1	2308	2080.29	26.8577	0.581015
XM_047445363.1	2311	2083.29	11.0427	0.238544
XM_047445364.1	2853	2625.29	0	0
XM_047445365.1	2381	2153.29	37.8286	0.790604
XM_047445367.1	9393	9165.29	132.739	0.651769
XM_047445368.1	1960	1732.29	486.085	12.628
XM_047445369.1	5285	5057.29	0	0
XM_047445370.1	5053	4825.29	0	0
XM_047445371.1	3961	3733.29	461.01	5.55726
XM_047445372.1	2797	2569.29	13.8978	0.243431
XM_047445373.1	3609	3381.29	0	0
XM_047445374.1	2837	2609.29	154.269	2.66071
XM_047445375.1	3265	3037.29	19.6317	0.29088
XM_047445376.1	2476	2248.29	0	0
XM_047445377.1	2488	2260.29	0	0
XM_047445378.1	2268	2040.29	0	0
XM_047445379.1	636	410.055	16.6381	1.82601
XM_047445380.1	1229	1001.29	0	0
XM_047445381.1	3048	2820.29	49.4365	0.788852
XM_047445382.1	1289	1061.29	0	0
XM_047445383.1	3545	3317.29	0	0
XM_047445384.1	2139	1911.29	18.5507	0.436793
XM_047445385.1	1601	1373.29	0	0
XM_047445386.1	1472	1244.29	0	0
XM_047445387.1	1614	1386.29	0	0
XM_047445388.1	1495	1267.29	10.7732	0.382569
XM_047445389.1	1797	1569.29	9.86166	0.282806
XM_047445390.1	2184	1956.29	8.32997	0.191625
XM_047445391.1	3146	2918.29	0	0
XM_047445392.1	13022	12794.3	0	0
XM_047445393.1	4676	4448.29	1	0.0101169
XM_047445394.1	9051	8823.29	0	0
XM_047445395.1	4387	4159.29	0	0
XM_047445396.1	7725	7497.29	0	0
XM_047445397.1	7644	7416.29	0	0
XM_047445398.1	7600	7372.29	0	0
XM_047445399.1	1741	1513.29	0	0
XM_047445400.1	1726	1498.29	0	0
XM_047445401.1	1633	1405.29	0	0
XM_047445402.1	4056	3828.29	1	0.0117554
XM_047445403.1	2286	2058.29	0	0
XM_047445404.1	1068	840.293	0	0
XM_047445405.1	2821	2593.29	3.06289e-07	5.31522e-09
XM_047445406.1	2769	2541.29	0	0
XM_047445407.1	4259	4031.29	2.58531	0.0288609
XM_047445408.1	1999	1771.29	0	0
XM_047445409.1	2842	2614.29	0	0
XM_047445410.1	2434	2206.29	0	0
XM_047445411.1	2958	2730.29	0	0
XM_047445412.1	1631	1403.29	0	0
XM_047445413.1	1565	1337.29	0	0
XM_047445414.1	2261	2033.29	0	0
XM_047445415.1	1302	1074.29	0	0
XM_047445416.1	3453	3225.29	13.4145	0.187175
XM_047445417.1	2948	2720.29	0	0
XM_047445418.1	2927	2699.29	0	0
XM_047445419.1	2914	2686.29	0	0
XM_047445420.1	3108	2880.29	2.41055	0.0376635
XM_047445421.1	2867	2639.29	1.37734e-05	2.34852e-07
XM_047445422.1	1189	961.293	0	0
XM_047445423.1	1098	870.293	85.6122	4.42703
XM_047445424.1	1092	864.293	108.402	5.64443
XM_047445428.1	3628	3400.29	0	0
XM_047445429.1	3616	3388.29	361.32	4.79902
XM_047445430.1	3427	3199.29	0	0
XM_047445431.1	2329	2101.29	0	0
XM_047445433.1	940	712.293	62.5968	3.9549
XM_047445434.1	2314	2086.29	0	0
XM_047445471.1	1384	1156.29	47.6014	1.85265
XM_047445508.1	6056	5828.29	88.246	0.68139
XM_047445511.1	6001	5773.29	24.8119	0.19341
XM_047445513.1	6221	5993.29	21.4678	0.1612
XM_047445514.1	6033	5805.29	46.5706	0.361019
XM_047445515.1	5905	5677.29	2.39912e-05	1.90175e-07
XM_047445516.1	6049	5821.29	0	0
XM_047445517.1	5963	5735.29	0	0
XM_047445518.1	6062	5834.29	0	0
XM_047445519.1	5994	5766.29	0	0
XM_047445520.1	5908	5680.29	0	0
XM_047445521.1	6007	5779.29	0	0
XM_047445522.1	1832	1604.29	0	0
XM_047445523.1	5898	5670.29	0	0
XM_047445524.1	5930	5702.29	0	0
XM_047445525.1	5844	5616.29	0	0
XM_047445526.1	5888	5660.29	0	0
XM_047445527.1	5943	5715.29	0	0
XM_047445528.1	5789	5561.29	0	0
XM_047445529.1	5888	5660.29	0	0
XM_047445530.1	5795	5567.29	0	0
XM_047445531.1	1817	1589.29	384.795	10.896
XM_047445532.1	1123	895.293	19.6755	0.989013
XM_047445533.1	1163	935.293	19.6961	0.947706
XM_047445536.1	3768	3540.29	0	0
XM_047445537.1	4013	3785.29	0	0
XM_047445538.1	9759	9531.29	0	0
XM_047445539.1	10059	9831.29	8.69746e-05	3.98129e-07
XM_047445540.1	9840	9612.29	0	0
XM_047445541.1	9978	9750.29	7.33429	0.0338519
XM_047445542.1	9684	9456.29	8.26883e-06	3.93519e-08
XM_047445543.1	9678	9450.29	5.49017e-06	2.61447e-08
XM_047445544.1	9780	9552.29	105.454	0.496817
XM_047445545.1	9774	9546.29	71.1174	0.335261
XM_047445546.1	9855	9627.29	4.54078	0.021226
XM_047445547.1	9603	9375.29	0.000139593	6.70072e-07
XM_047445548.1	9780	9552.29	120.866	0.569429
XM_047445549.1	8336	8108.29	0	0
XM_047445550.1	2639	2411.29	0	0
XM_047445551.1	2558	2330.29	30.2708	0.584595
XM_047445552.1	1277	1049.29	16.6973	0.716129
XM_047445553.1	3416	3188.29	112.546	1.5886
XM_047445554.1	8473	8245.29	0	0
XM_047445555.1	4091	3863.29	47.121	0.548908
XM_047445556.1	3915	3687.29	56.9763	0.69539
XM_047445557.1	3822	3594.29	0	0
XM_047445558.1	2545	2317.29	33.6972	0.654418
XM_047445559.1	1665	1437.29	0	0
XM_047445560.1	1662	1434.29	0	0
XM_047445561.1	2356	2128.29	0	0
XM_047445562.1	1584	1356.29	0	0
XM_047445563.1	2378	2150.29	0	0
XM_047445564.1	1589	1361.29	0	0
XM_047445565.1	1392	1164.29	0	0
XM_047445566.1	1400	1172.29	0	0
XM_047445567.1	6049	5821.29	5.37464	0.0415501
XM_047445568.1	1494	1266.29	8.42221	0.299319
XM_047445569.1	498	278.077	7.11452	1.15139
XM_047445570.1	779	551.487	23.9166	1.95167
XM_047445571.1	2108	1880.29	0	0
XM_047445572.1	5137	4909.29	2	0.0183338
XM_047445573.1	3158	2930.29	2	0.0307158
XM_047445574.1	1390	1162.29	0	0
XM_047445575.1	1235	1007.29	1.01666	0.0454215
XM_047445576.1	1890	1662.29	0	0
XM_047445577.1	13457	13229.3	8.209	0.0279252
XM_047445578.1	6546	6318.29	81.0532	0.577315
XM_047445579.1	5827	5599.29	20.2308	0.162601
XM_047445580.1	1460	1232.29	0	0
XM_047445581.1	8350	8122.29	23.9934	0.13294
XM_047445582.1	8496	8268.29	167.809	0.913359
XM_047445583.1	7951	7723.29	0	0
XM_047445584.1	7906	7678.29	0	0
XM_047445585.1	7227	6999.29	240.641	1.54724
XM_047445586.1	6421	6193.29	0	0
XM_047445587.1	2374	2146.29	141.696	2.97106
XM_047445588.1	2213	1985.29	88.9081	2.01539
XM_047445589.1	2449	2221.29	224.149	4.54123
XM_047445590.1	2376	2148.29	0	0
XM_047445591.1	10105	9877.29	49.8448	0.227104
XM_047445592.1	10136	9908.29	0	0
XM_047445593.1	10114	9886.29	0	0
XM_047445594.1	10090	9862.29	99.6314	0.454633
XM_047445595.1	10115	9887.29	0	0
XM_047445596.1	4118	3890.29	162.144	1.87569
XM_047445597.1	3558	3330.29	0	0
XM_047445598.1	3292	3064.29	0	0
XM_047445599.1	2393	2165.29	55.1807	1.14687
XM_047445603.1	2857	2629.29	0	0
XM_047445604.1	2843	2615.29	0	0
XM_047445610.1	4456	4228.29	11.3082	0.120357
XM_047445611.1	3762	3534.29	21.2645	0.270767
XM_047445612.1	3767	3539.29	10.8929	0.138506
XM_047445613.1	4277	4049.29	0	0
XM_047445615.1	6173	5945.29	19.5534	0.14801
XM_047445616.1	2734	2506.29	191.141	3.43213
XM_047445617.1	4223	3995.29	45.1943	0.509069
XM_047445618.1	4146	3918.29	0	0
XM_047445619.1	4089	3861.29	100.749	1.17423
XM_047445620.1	4024	3796.29	0	0
XM_047445621.1	4115	3887.29	0	0
XM_047445622.1	3694	3466.29	0	0
XM_047445623.1	1456	1228.29	0.00209669	7.68199e-05
XM_047445624.1	13805	13577.3	0	0
XM_047445625.1	8059	7831.29	142.802	0.820624
XM_047445626.1	6489	6261.29	66.6061	0.478732
XM_047445627.1	8652	8424.29	599.092	3.20039
XM_047445628.1	5029	4801.29	0	0
XM_047445629.1	4984	4756.29	113.593	1.07479
XM_047445630.1	5026	4798.29	0	0
XM_047445631.1	7957	7729.29	73.4855	0.427862
XM_047445632.1	7820	7592.29	0	0
XM_047445633.1	4026	3798.29	158.898	1.88266
XM_047445634.1	1860	1632.29	0	0
XM_047445635.1	1095	867.293	3.14813	0.163354
XM_047445636.1	11084	10856.3	59.2903	0.245779
XM_047445637.1	10816	10588.3	0	0
XM_047445638.1	10829	10601.3	0	0
XM_047445639.1	10613	10385.3	0	0
XM_047445640.1	10593	10365.3	0	0
XM_047445641.1	11695	11467.3	22.1233	0.0868222
XM_047445642.1	10506	10278.3	0	0
XM_047445643.1	10401	10173.3	483.34	2.13813
XM_047445644.1	10331	10103.3	1818.6	8.1006
XM_047445645.1	10308	10080.3	1552.5	6.93108
XM_047445646.1	10430	10202.3	30.301	0.13366
XM_047445647.1	10573	10345.3	96.5207	0.419875
XM_047445648.1	9096	8868.29	0	0
XM_047445649.1	9027	8799.29	0	0
XM_047445650.1	8940	8712.29	298.132	1.53999
XM_047445651.1	8852	8624.29	292.428	1.52594
XM_047445652.1	5468	5240.29	0	0
XM_047445653.1	4653	4425.29	0	0
XM_047445654.1	5232	5004.29	0	0
XM_047445655.1	5417	5189.29	0	0
XM_047445656.1	5223	4995.29	0	0
XM_047445657.1	4001	3773.29	0	0
XM_047445660.1	104229	104001	0	0
XM_047445661.1	103893	103665	0	0
XM_047445663.1	102768	102540	0	0
XM_047445665.1	101208	100980	0.00043663	1.9459e-07
XM_047445668.1	100785	100557	0.137886	6.17089e-05
XM_047445671.1	7542	7314.29	1.24386	0.00765317
XM_047445674.1	2507	2279.29	7.16494	0.141467
XM_047445676.1	6434	6206.29	221.173	1.60377
XM_047445687.1	1877	1649.29	26.2225	0.715514
XM_047445692.1	1689	1461.29	12.6987	0.391079
XM_047445693.1	1599	1371.29	9.7846	0.321111
XM_047445694.1	1598	1370.29	0	0
XM_047445696.1	1554	1326.29	5.28686	0.179391
XM_047445708.1	1480	1252.29	0	0
XM_047445710.1	1417	1189.29	0	0
XM_047445712.1	1470	1242.29	0	0
XM_047445717.1	1500	1272.29	0	0
XM_047445718.1	2400	2172.29	28.1377	0.582924
XM_047445719.1	1410	1182.29	12.6646	0.482067
XM_047445720.1	1839	1611.29	30.5889	0.854342
XM_047445721.1	5027	4799.29	0	0
XM_047445722.1	7469	7241.29	4.76351	0.0296042
XM_047445723.1	938	710.293	0	0
XM_047445724.1	1848	1620.29	0	0
XM_047445725.1	1910	1682.29	0	0
XM_047445726.1	2226	1998.29	0	0
XM_047445727.1	2238	2010.29	0	0
XM_047445728.1	1697	1469.29	0	0
XM_047445729.1	1160	932.293	0	0
XM_047445730.1	19301	19073.3	2.00111	0.00472159
XM_047445731.1	11881	11653.3	0.796989	0.00307784
XM_047445732.1	12022	11794.3	85.4543	0.326065
XM_047445733.1	4767	4539.29	167.024	1.6559
XM_047445734.1	7003	6775.29	0	0
XM_047445735.1	5917	5689.29	6.22931	0.0492747
XM_047445736.1	7058	6830.29	11.5895	0.0763605
XM_047445737.1	5838	5610.29	0	0
XM_047445738.1	5135	4907.29	0	0
XM_047445739.1	1955	1727.29	30.9712	0.806926
XM_047445740.1	1554	1326.29	58.5921	1.98812
XM_047445741.1	1452	1224.29	0.0220822	0.000811706
XM_047445742.1	971	743.293	0	0
XM_047445743.1	692	465.041	6.27609e-05	6.07351e-06
XM_047445744.1	935	707.293	0	0
XM_047445745.1	1594	1366.29	0	0
XM_047445746.1	905	677.361	9.85666	0.654865
XM_047445747.1	1597	1369.29	0	0
XM_047445748.1	1601	1373.29	5.81337	0.190505
XM_047445749.1	4973	4745.29	25.7782	0.244473
XM_047445750.1	28529	28301.3	5.39246	0.00857478
XM_047445751.1	9090	8862.29	0	0
XM_047445752.1	12388	12160.3	0	0
XM_047445753.1	5426	5198.29	0	0
XM_047445754.1	5113	4885.29	0	0
XM_047445755.1	5116	4888.29	39.7814	0.36624
XM_047445756.1	5006	4778.29	48.6259	0.45797
XM_047445757.1	28037	27809.3	71.2303	0.11527
XM_047445758.1	5244	5016.29	0	0
XM_047445759.1	5220	4992.29	0	0
XM_047445760.1	5085	4857.29	213.969	1.98243
XM_047445761.1	5040	4812.29	29.5471	0.276316
XM_047445762.1	5064	4836.29	37.7069	0.350873
XM_047445763.1	5199	4971.29	0	0
XM_047445764.1	4269	4041.29	237.43	2.64398
XM_047445765.1	5175	4947.29	0	0
XM_047445766.1	4642	4414.29	44.7555	0.456276
XM_047445767.1	4950	4722.29	0.00161905	1.54294e-05
XM_047445768.1	4974	4746.29	0.00218506	2.07181e-05
XM_047445769.1	5109	4881.29	0	0
XM_047445771.1	4808	4580.29	0.000210218	2.06547e-06
XM_047445772.1	4022	3794.29	2726.71	32.3408
XM_047445773.1	4012	3784.29	108.845	1.29439
XM_047445774.1	2403	2175.29	0	0
XM_047445775.1	16978	16750.3	4.27535	0.0114866
XM_047445776.1	16960	16732.3	18.6705	0.0502161
XM_047445777.1	11453	11225.3	6.71829e-07	2.69342e-09
XM_047445778.1	10615	10387.3	0	0
XM_047445779.1	10853	10625.3	0	0
XM_047445780.1	10520	10292.3	0	0
XM_047445781.1	10514	10286.3	105.43	0.461264
XM_047445782.1	10419	10191.3	0	0
XM_047445783.1	10245	10017.3	0	0
XM_047445784.1	9963	9735.29	22.734	0.105092
XM_047445785.1	2982	2754.29	0	0
XM_047445786.1	3136	2908.29	0	0
XM_047445787.1	2739	2511.29	0	0
XM_047445788.1	6615	6387.29	0.000272696	1.92134e-06
XM_047445789.1	6579	6351.29	1.0082e-06	7.14378e-09
XM_047445790.1	8399	8171.29	0	0
XM_047445791.1	9022	8794.29	5.03348	0.0257579
XM_047445792.1	7271	7043.29	0	0
XM_047445793.1	1222	994.293	0	0
XM_047445794.1	842	614.427	0	0
XM_047445795.1	858	630.427	0	0
XM_047445796.1	1202	974.293	0	0
XM_047445797.1	806	578.487	0	0
XM_047445798.1	972	744.293	0	0
XM_047445799.1	3154	2926.29	0	0
XM_047445800.1	1174	946.293	0	0
XM_047445802.1	2062	1834.29	0	0
XM_047445803.1	7337	7109.29	342.111	2.16562
XM_047445804.1	3193	2965.29	0	0
XM_047445805.1	1798	1570.29	0	0
XM_047445806.1	3795	3567.29	6.28086	0.0792361
XM_047445807.1	2018	1790.29	329.646	8.28641
XM_047445808.1	3504	3276.29	49.9719	0.686413
XM_047445809.1	3468	3240.29	31.2793	0.434425
XM_047445810.1	1658	1430.29	81.5168	2.56487
XM_047445811.1	8458	8230.29	290.15	1.58653
XM_047445812.1	8422	8194.29	5.61887	0.0308589
XM_047445813.1	8338	8110.29	22.5048	0.124876
XM_047445814.1	2877	2649.29	25.6759	0.436151
XM_047445815.1	2455	2227.29	0	0
XM_047445816.1	1784	1556.29	49.7447	1.43846
XM_047445817.1	1952	1724.29	0	0
XM_047445818.1	4173	3945.29	0.285711	0.00325904
XM_047445819.1	4010	3782.29	3.7436	0.0445427
XM_047445820.1	4010	3782.29	0.759272	0.00903409
XM_047445821.1	4007	3779.29	0.0540633	0.000643775
XM_047445822.1	4071	3843.29	4.29614	0.0503057
XM_047445823.1	3908	3680.29	12.5897	0.153949
XM_047445824.1	3905	3677.29	0.908755	0.0111214
XM_047445825.1	3976	3748.29	35.3603	0.424546
XM_047445826.1	3973	3745.29	0.654269	0.00786163
XM_047445827.1	2166	1938.29	0	0
XM_047445830.1	4804	4576.29	115.078	1.13167
XM_047445831.1	4744	4516.29	46.5476	0.463829
XM_047445832.1	4675	4447.29	34.2532	0.346615
XM_047445833.1	5858	5630.29	54.5713	0.43619
XM_047445834.1	5216	4988.29	0	0
XM_047445835.1	5777	5549.29	5.57168	0.0451846
XM_047445836.1	9997	9769.29	0	0
XM_047445837.1	5159	4931.29	62.2596	0.568182
XM_047445838.1	9940	9712.29	0	0
XM_047445839.1	2673	2445.29	97.9888	1.80338
XM_047445840.1	6942	6714.29	109.176	0.73176
XM_047445841.1	11175	10947.3	0	0
XM_047445842.1	11842	11614.3	0	0
XM_047445843.1	11603	11375.3	0	0
XM_047445844.1	37262	37034.3	51.4094	0.0624713
XM_047445845.1	12461	12233.3	29.8193	0.109698
XM_047445846.1	10347	10119.3	0	0
XM_047445847.1	9861	9633.29	2.08453	0.00973811
XM_047445848.1	4254	4026.29	0	0
XM_047445849.1	3486	3258.29	61.1056	0.843982
XM_047445850.1	4159	3931.29	38.5163	0.440911
XM_047445851.1	1850	1622.29	0.0992315	0.00275272
XM_047445852.1	3095	2867.29	0	0
XM_047445855.1	2663	2435.29	0	0
XM_047445856.1	2503	2275.29	9.11512	0.180288
XM_047445870.1	8819	8591.29	12.312	0.0644929
XM_047445878.1	1326	1098.29	0	0
XM_047445879.1	629	403.218	0	0
XM_047445880.1	1093	865.293	0	0
XM_047445881.1	1133	905.293	0	0
XM_047445888.1	1200	972.293	1	0.0462855
XM_047445893.1	3037	2809.29	0	0
XM_047445897.1	2488	2260.29	0	0
XM_047445899.1	2478	2250.29	12.8757	0.257499
XM_047445900.1	4563	4335.29	0	0
XM_047445902.1	1121	893.293	21.8731	1.10194
XM_047445904.1	2018	1790.29	7.22603	0.181643
XM_047445905.1	1955	1727.29	0	0
XM_047445907.1	11738	11510.3	0.000774061	3.02643e-06
XM_047445908.1	12871	12643.3	0	0
XM_047445910.1	3279	3051.29	0	0
XM_047445911.1	5619	5391.29	0.00017456	1.45712e-06
XM_047445912.1	5589	5361.29	0.00018019	1.51253e-06
XM_047445913.1	1311	1083.29	0	0
XM_047445914.1	1080	852.293	44.3519	2.34189
XM_047445915.1	552	328.307	92.8095	12.722
XM_047445916.1	1558	1330.29	56.4028	1.90808
XM_047445917.1	3466	3238.29	0	0
XM_047445918.1	2579	2351.29	0	0
XM_047445919.1	3966	3738.29	2.86304	0.0344665
XM_047445920.1	3963	3735.29	21.3275	0.256956
XM_047445921.1	3890	3662.29	214.852	2.64015
XM_047445922.1	3993	3765.29	25.8589	0.309068
XM_047445923.1	4694	4466.29	511.459	5.15354
XM_047445924.1	5209	4981.29	0	0
XM_047445925.1	10731	10503.3	0	0
XM_047445926.1	4596	4368.29	0	0
XM_047445927.1	5642	5414.29	0	0
XM_047445928.1	4213	3985.29	4.43571	0.0500893
XM_047445929.1	3948	3720.29	0	0
XM_047445930.1	3966	3738.29	0	0
XM_047445931.1	3828	3600.29	0	0
XM_047445932.1	3846	3618.29	0	0
XM_047445933.1	3708	3480.29	0	0
XM_047445934.1	3562	3334.29	0	0
XM_047445935.1	6715	6487.29	0	0
XM_047445936.1	3713	3485.29	39.1323	0.505287
XM_047445937.1	7578	7350.29	32.29	0.1977
XM_047445938.1	3373	3145.29	19.2871	0.275962
XM_047445939.1	4712	4484.29	0	0
XM_047445940.1	4709	4481.29	0	0
XM_047445941.1	4869	4641.29	0	0
XM_047445942.1	4866	4638.29	0	0
XM_047445943.1	6076	5848.29	0	0
XM_047445944.1	4633	4405.29	6.99974	0.0715072
XM_047445945.1	12200	11972.3	0	0
XM_047445946.1	2239	2011.29	0.345542	0.00773157
XM_047445947.1	1110	882.293	0	0
XM_047445948.1	1248	1020.29	0	0
XM_047445949.1	1129	901.293	0	0
XM_047445950.1	1179	951.293	0	0
XM_047445951.1	1216	988.293	0	0
XM_047445952.1	2334	2106.29	0	0
XM_047445953.1	1334	1106.29	5.55813	0.2261
XM_047445954.1	2452	2224.29	5.08012	0.102784
XM_047445955.1	2352	2124.29	0	0
XM_047445956.1	1071	843.293	11.8532	0.632556
XM_047445957.1	1071	843.293	60.227	3.21406
XM_047445958.1	779	551.487	0	0
XM_047445959.1	2632	2404.29	20.5699	0.385023
XM_047445960.1	2330	2102.29	27.5825	0.590449
XM_047445961.1	2862	2634.29	12.0841	0.20644
XM_047445962.1	2144	1916.29	10.924	0.256545
XM_047445963.1	2448	2220.29	0.83696	0.0169643
XM_047445964.1	1811	1583.29	3.95029	0.112282
XM_047445965.1	1906	1678.29	0	0
XM_047445966.1	2976	2748.29	37.8798	0.620279
XM_047445967.1	2543	2315.29	0	0
XM_047445968.1	1726	1498.29	0.111718	0.00335557
XM_047445969.1	1631	1403.29	0.000528267	1.69413e-05
XM_047445971.1	3732	3504.29	127.719	1.6402
XM_047445972.1	3299	3071.29	0	0
XM_047445973.1	2482	2254.29	9.01377	0.179944
XM_047445974.1	2567	2339.29	64.167	1.23444
XM_047445975.1	3204	2976.29	11.9997	0.181442
XM_047445976.1	2387	2159.29	0.341343	0.00711412
XM_047445977.1	1214	986.293	6.07894	0.277373
XM_047445978.1	1163	935.293	1.02217	0.0491833
XM_047445979.1	1542	1314.29	0	0
XM_047445980.1	13023	12795.3	344.315	1.21101
XM_047445981.1	4743	4515.29	0	0
XM_047445982.1	4441	4213.29	0	0
XM_047445983.1	2758	2530.29	0	0
XM_047445984.1	4427	4199.29	0	0
XM_047445985.1	4359	4131.29	0	0
XM_047445986.1	2457	2229.29	0	0
XM_047445987.1	4208	3980.29	0	0
XM_047445988.1	2539	2311.29	0	0
XM_047445989.1	4140	3912.29	0	0
XM_047445990.1	6025	5797.29	10.6874	0.0829641
XM_047445991.1	2569	2341.29	0	0
XM_047445992.1	2499	2271.29	3.44408	0.0682404
XM_047445993.1	4509	4281.29	0	0
XM_047445994.1	2676	2448.29	0	0
XM_047445995.1	7046	6818.29	116.811	0.770992
XM_047445996.1	6010	5782.29	725.039	5.64292
XM_047445997.1	4979	4751.29	49.5937	0.469739
XM_047445998.1	10162	9934.29	192.712	0.872999
XM_047445999.1	4872	4644.29	0	0
XM_047446000.1	8879	8651.29	3.24713	0.0168912
XM_047446001.1	10480	10252.3	5.85985	0.0257222
XM_047446002.1	10329	10101.3	5.81679	0.0259149
XM_047446003.1	5795	5567.29	207.729	1.67917
XM_047446004.1	8578	8350.29	5.09992	0.0274855
XM_047446005.1	10559	10331.3	5.21082	0.0226983
XM_047446006.1	975	747.293	37.1522	2.23736
XM_047446007.1	2658	2430.29	0.554099	0.0102606
XM_047446008.1	4311	4083.29	0	0
XM_047446009.1	4258	4030.29	0	0
XM_047446010.1	3823	3595.29	0.000296683	3.71365e-06
XM_047446011.1	2471	2243.29	0	0
XM_047446012.1	6992	6764.29	729.169	4.85119
XM_047446013.1	5576	5348.29	8.81902	0.0742075
XM_047446014.1	2885	2657.29	3.34072	0.0565774
XM_047446015.1	4859	4631.29	966.227	9.38899
XM_047446016.1	4821	4593.29	0	0
XM_047446017.1	3126	2898.29	0	0
XM_047446018.1	3308	3080.29	0	0
XM_047446019.1	10590	10362.3	14.1047	0.0612563
XM_047446020.1	7567	7339.29	0	0
XM_047446021.1	1941	1713.29	0	0
XM_047446022.1	1068	840.293	0	0
XM_047446023.1	986	758.293	0	0
XM_047446024.1	6486	6258.29	0.0248799	0.00017891
XM_047446025.1	3844	3616.29	39.932	0.496935
XM_047446026.1	13477	13249.3	7.00406	0.0237903
XM_047446027.1	6787	6559.29	0	0
XM_047446028.1	3326	3098.29	0	0
XM_047446029.1	2155	1927.29	0	0
XM_047446031.1	2150	1922.29	0	0
XM_047446033.1	2127	1899.29	0	0
XM_047446037.1	925	697.293	0	0
XM_047446038.1	929	701.293	9.60031	0.616067
XM_047446039.1	484	265.13	40.1344	6.8124
XM_047446045.1	5008	4780.29	6.05247	0.0569798
XM_047446072.1	3389	3161.29	0	0
XM_047446074.1	3975	3747.29	0	0
XM_047446075.1	3049	2821.29	0	0
XM_047446076.1	3311	3083.29	0	0
XM_047446077.1	3236	3008.29	0	0
XM_047446078.1	1741	1513.29	0.182192	0.00541813
XM_047446079.1	1252	1024.29	0	0
XM_047446081.1	6485	6257.29	61.9081	0.445249
XM_047446084.1	7474	7246.29	60.9573	0.378575
XM_047446091.1	2925	2697.29	35.7312	0.596159
XM_047446092.1	4277	4049.29	23.9957	0.266684
XM_047446094.1	3509	3281.29	496.265	6.80629
XM_047446095.1	772	544.487	0	0
XM_047446096.1	1143	915.293	20.415	1.00376
XM_047446097.1	6177	5949.29	41.6661	0.315181
XM_047446098.1	775	547.487	0	0
XM_047446099.1	6455	6227.29	0	0
XM_047446100.1	6123	5895.29	0	0
XM_047446101.1	2251	2023.29	0	0
XM_047446102.1	5914	5686.29	43.0667	0.340843
XM_047446103.1	4889	4661.29	57.0849	0.551134
XM_047446104.1	7461	7233.29	0	0
XM_047446105.1	1069	841.293	386.883	20.6954
XM_047446106.1	712	484.852	0	0
XM_047446107.1	7651	7423.29	0	0
XM_047446108.1	7630	7402.29	0	0
XM_047446109.1	7627	7399.29	0	0
XM_047446110.1	7766	7538.29	0	0
XM_047446111.1	7597	7369.29	0	0
XM_047446112.1	7594	7366.29	34.3082	0.2096
XM_047446113.1	674	447.496	44.0923	4.43421
XM_047446114.1	7576	7348.29	0	0
XM_047446115.1	7573	7345.29	1.0791e-05	6.61145e-08
XM_047446116.1	7388	7160.29	14.273	0.0897071
XM_047446117.1	7370	7142.29	0	0
XM_047446118.1	7546	7318.29	0	0
XM_047446119.1	7367	7139.29	2.83977e-06	1.79007e-08
XM_047446120.1	7525	7297.29	0	0
XM_047446121.1	7492	7264.29	0	0
XM_047446122.1	7286	7058.29	0	0
XM_047446123.1	705	477.9	0	0
XM_047446124.1	7268	7040.29	3.87354	0.0247605
XM_047446125.1	7387	7159.29	0	0
XM_047446126.1	7366	7138.29	0	0
XM_047446127.1	7333	7105.29	36.2459	0.229572
XM_047446128.1	7312	7084.29	32.3241	0.205339
XM_047446129.1	7127	6899.29	14.5559	0.0949463
XM_047446130.1	7282	7054.29	0	0
XM_047446131.1	7073	6845.29	0	0
XM_047446132.1	9430	9202.29	0	0
XM_047446133.1	600	374.838	0.0111837	0.00134271
XM_047446134.1	7052	6824.29	0	0
XM_047446135.1	6989	6761.29	0	0
XM_047446136.1	3938	3710.29	18.1162	0.219736
XM_047446137.1	562	337.904	19.258	2.56483
XM_047446138.1	834	606.427	105.131	7.8018
XM_047446139.1	660	433.717	2.39462	0.248469
XM_047446140.1	3022	2794.29	0	0
XM_047446141.1	2476	2248.29	3.78802	0.075823
XM_047446142.1	3765	3537.29	8.02044	0.10204
XM_047446143.1	593	367.988	0	0
XM_047446144.1	8223	7995.29	29.3035	0.16494
XM_047446145.1	8376	8148.29	38.9504	0.215123
XM_047446146.1	8230	8002.29	58.7556	0.330428
XM_047446147.1	8453	8225.29	9.77987e-05	5.35086e-07
XM_047446148.1	8102	7874.29	69.5205	0.397323
XM_047446149.1	8000	7772.29	0	0
XM_047446150.1	4781	4553.29	0	0
XM_047446151.1	7245	7017.29	53.6625	0.344147
XM_047446152.1	10932	10704.3	23.0053	0.0967192
XM_047446153.1	8556	8328.29	0	0
XM_047446154.1	7912	7684.29	11.507	0.0673907
XM_047446155.1	7522	7294.29	41.2216	0.254322
XM_047446156.1	7297	7069.29	65.2937	0.41566
XM_047446157.1	7242	7014.29	0	0
XM_047446158.1	6930	6702.29	0	0
XM_047446159.1	28660	28432.3	9.96755	0.0157768
XM_047446160.1	5541	5313.29	0	0
XM_047446161.1	1744	1516.29	374.169	11.1052
XM_047446162.1	3331	3103.29	0	0
XM_047446163.1	2963	2735.29	0	0
XM_047446164.1	6441	6213.29	0	0
XM_047446165.1	2490	2262.29	0	0
XM_047446166.1	5757	5529.29	0.000538605	4.38373e-06
XM_047446167.1	4002	3774.29	0	0
XM_047446168.1	1672	1444.29	0	0
XM_047446169.1	3299	3071.29	0	0
XM_047446170.1	6474	6246.29	34.0247	0.24514
XM_047446171.1	6147	5919.29	42.0651	0.319812
XM_047446172.1	6459	6231.29	183.57	1.32576
XM_047446173.1	6132	5904.29	245.549	1.8716
XM_047446174.1	6514	6286.29	7.81131	0.0559206
XM_047446175.1	6499	6271.29	37.2237	0.267119
XM_047446176.1	6172	5944.29	46.6025	0.352818
XM_047446185.1	20974	20746.3	84.1576	0.182556
XM_047446191.1	9947	9719.29	640.597	2.96615
XM_047446197.1	11645	11417.3	0	0
XM_047446199.1	5623	5395.29	25.7583	0.214855
XM_047446200.1	5599	5371.29	0	0
XM_047446201.1	5563	5335.29	115.458	0.973883
XM_047446202.1	5359	5131.29	6.66995	0.0584976
XM_047446205.1	9878	9650.29	50.4623	0.235326
XM_047446208.1	5488	5260.29	78.5378	0.67191
XM_047446219.1	3774	3546.29	128.874	1.63543
XM_047446223.1	5455	5227.29	72.9768	0.628276
XM_047446228.1	5226	4998.29	370.174	3.33293
XM_047446229.1	5222	4994.29	69.1029	0.62268
XM_047446231.1	6658	6430.29	0	0
XM_047446232.1	6521	6293.29	0	0
XM_047446237.1	4529	4301.29	0	0
XM_047446238.1	4417	4189.29	3.78858	0.0406985
XM_047446239.1	4153	3925.29	0.00821785	9.42168e-05
XM_047446240.1	4230	4002.29	0	0
XM_047446241.1	972	744.293	10.0843	0.609737
XM_047446242.1	2469	2241.29	66.7812	1.3409
XM_047446243.1	3123	2895.29	41.6431	0.647281
XM_047446244.1	2907	2679.29	1.21311e-06	2.03761e-08
XM_047446245.1	3040	2812.29	0	0
XM_047446246.1	3096	2868.29	0	0
XM_047446247.1	2312	2084.29	0	0
XM_047446248.1	2250	2022.29	24.6244	0.54798
XM_047446249.1	1601	1373.29	37.1412	1.21713
XM_047446250.1	1263	1035.29	0	0
XM_047446251.1	1773	1545.29	0	0
XM_047446252.1	2441	2213.29	3	0.0609993
XM_047446253.1	998	770.293	0	0
XM_047446254.1	2289	2061.29	20.8245	0.454649
XM_047446255.1	2670	2442.29	0	0
XM_047446256.1	2434	2206.29	0	0
XM_047446257.1	1706	1478.29	2.30041	0.0700305
XM_047446258.1	745	517.701	0	0
XM_047446259.1	6607	6379.29	20.6179	0.14545
XM_047446260.1	9758	9530.29	343.854	1.62372
XM_047446261.1	1493	1265.29	7.90704	0.281232
XM_047446262.1	1120	892.293	0	0
XM_047446263.1	1105	877.293	0	0
XM_047446264.1	1069	841.293	0	0
XM_047446265.1	922	694.293	0	0
XM_047446266.1	907	679.293	0	0
XM_047446267.1	878	650.427	0	0
XM_047446268.1	3714	3486.29	26.4614	0.341579
XM_047446269.1	2857	2629.29	15.2371	0.260799
XM_047446270.1	2412	2184.29	3.30447	0.0680821
XM_047446271.1	3604	3376.29	2.43033e-06	3.23942e-08
XM_047446272.1	952	724.293	18.5085	1.15001
XM_047446273.1	10475	10247.3	0	0
XM_047446274.1	10354	10126.3	13.0352	0.0579307
XM_047446275.1	10271	10043.3	19.4089	0.0869696
XM_047446276.1	1153	925.293	0	0
XM_047446277.1	1138	910.293	0	0
XM_047446278.1	1674	1446.29	0	0
XM_047446279.1	1800	1572.29	0	0
XM_047446280.1	940	712.293	3.30026	0.208512
XM_047446281.1	1476	1248.29	0	0
XM_047446282.1	24740	24512.3	12.9715	0.0238149
XM_047446283.1	24817	24589.3	0.0178184	3.2611e-05
XM_047446284.1	6177	5949.29	0.000598692	4.52877e-06
XM_047446285.1	6123	5895.29	0.0108104	8.25238e-05
XM_047446286.1	7534	7306.29	0	0
XM_047446287.1	3532	3304.29	0	0
XM_047446288.1	3011	2783.29	0	0
XM_047446289.1	4722	4494.29	0.19349	0.00193749
XM_047446290.1	4668	4440.29	11.0561	0.112055
XM_047446291.1	6545	6317.29	1.50227	0.0107019
XM_047446292.1	5225	4997.29	125.572	1.13084
XM_047446293.1	4830	4602.29	0	0
XM_047446294.1	4791	4563.29	0	0
XM_047446295.1	4641	4413.29	0	0
XM_047446296.1	4602	4374.29	131.498	1.35286
XM_047446297.1	4569	4341.29	0	0
XM_047446298.1	4542	4314.29	0.00018687	1.94928e-06
XM_047446299.1	4530	4302.29	0.00118059	1.23492e-05
XM_047446300.1	4699	4471.29	0.0197908	0.000199192
XM_047446301.1	4476	4248.29	1.34733e-07	1.42726e-09
XM_047446302.1	4470	4242.29	2.89121e-05	3.06706e-07
XM_047446303.1	4455	4227.29	0	0
XM_047446304.1	4639	4411.29	0.001256	1.28134e-05
XM_047446305.1	4633	4405.29	0.0566899	0.000579126
XM_047446306.1	4383	4155.29	0	0
XM_047446307.1	4380	4152.29	0.0110291	0.000119535
XM_047446308.1	4567	4339.29	0.153651	0.00159352
XM_047446309.1	4356	4128.29	21.3269	0.232487
XM_047446310.1	4350	4122.29	0.000641394	7.0021e-06
XM_047446311.1	4543	4315.29	0.0737575	0.000769198
XM_047446312.1	4344	4116.29	0.143279	0.00156645
XM_047446313.1	4513	4285.29	155.309	1.63102
XM_047446314.1	4507	4279.29	186.249	1.95869
XM_047446315.1	4308	4080.29	5.6126	0.0619034
XM_047446316.1	4290	4062.29	0.0135168	0.000149742
XM_047446317.1	4284	4056.29	0.0394558	0.000437748
XM_047446318.1	4278	4050.29	1.61863e-08	1.79847e-10
XM_047446319.1	4471	4243.29	19.354	0.205263
XM_047446320.1	4447	4219.29	77.1703	0.8231
XM_047446321.1	4441	4213.29	4.08696e-06	4.36537e-08
XM_047446322.1	4218	3990.29	72.3286	0.815732
XM_047446323.1	4194	3966.29	218.44	2.4785
XM_047446324.1	4357	4129.29	936.713	10.2088
XM_047446325.1	4122	3894.29	1499.22	17.3253
XM_047446326.1	3781	3553.29	6.15985	0.0780156
XM_047446327.1	3715	3487.29	0.861753	0.0111208
XM_047446328.1	3709	3481.29	6.04619	0.0781598
XM_047446329.1	3703	3475.29	0	0
XM_047446330.1	3643	3415.29	23.1124	0.30455
XM_047446331.1	3619	3391.29	11.8837	0.157699
XM_047446332.1	2881	2653.29	0	0
XM_047446333.1	5425	5197.29	32.2896	0.279594
XM_047446334.1	5356	5128.29	0	0
XM_047446335.1	4901	4673.29	25.7619	0.248083
XM_047446336.1	4333	4105.29	0	0
XM_047446337.1	4222	3994.29	0	0
XM_047446338.1	4060	3832.29	0	0
XM_047446339.1	1482	1254.29	0	0
XM_047446340.1	2351	2123.29	0	0
XM_047446341.1	3153	2925.29	0	0
XM_047446342.1	1260	1032.29	339.497	14.8005
XM_047446343.1	1438	1210.29	0	0
XM_047446353.1	10199	9971.29	248.243	1.12039
XM_047446354.1	10489	10261.3	5.08225	0.0222893
XM_047446355.1	10477	10249.3	1.4387	0.00631712
XM_047446356.1	10471	10243.3	3.50304	0.0153903
XM_047446358.1	10405	10177.3	1.68339	0.0074438
XM_047446360.1	10115	9887.29	85.4235	0.388814
XM_047446361.1	10016	9788.29	68.7385	0.316035
XM_047446362.1	10405	10177.3	1.53766	0.00679938
XM_047446363.1	10112	9884.29	47.2871	0.215297
XM_047446366.1	10013	9785.29	278.121	1.27909
XM_047446368.1	10402	10174.3	6.20703	0.027455
XM_047446371.1	10393	10165.3	0.463544	0.00205217
XM_047446372.1	10100	9872.29	14.4563	0.0658996
XM_047446373.1	10001	9773.29	11.3754	0.0523802
XM_047446374.1	10073	9845.29	183.929	0.840745
XM_047446375.1	9962	9734.29	93.3162	0.431415
XM_047446376.1	10058	9830.29	31.4873	0.144149
XM_047446377.1	10055	9827.29	127.436	0.583578
XM_047446378.1	10321	10093.3	0.492793	0.00219722
XM_047446379.1	9917	9689.29	3.61881	0.016808
XM_047446380.1	10306	10078.3	0.0782546	0.000349434
XM_047446381.1	9893	9665.29	186.217	0.867057
XM_047446382.1	9989	9761.29	62.2902	0.28718
XM_047446383.1	9890	9662.29	102.158	0.47581
XM_047446384.1	9887	9659.29	417.836	1.94672
XM_047446385.1	10273	10045.3	0.000788664	3.53323e-06
XM_047446386.1	9983	9755.29	139.434	0.643236
XM_047446390.1	9872	9644.29	70.0355	0.326806
XM_047446392.1	1365	1137.29	0	0
XM_047446395.1	9806	9578.29	33.4717	0.157265
XM_047446396.1	9902	9674.29	11.1408	0.0518249
XM_047446397.1	9791	9563.29	5.27021	0.0248006
XM_047446398.1	9887	9659.29	1.75875	0.00819411
XM_047446412.1	2680	2452.29	0	0
XM_047446413.1	2602	2374.29	0	0
XM_047446414.1	2554	2326.29	0	0
XM_047446415.1	2527	2299.29	0	0
XM_047446416.1	2500	2272.29	0	0
XM_047446417.1	1846	1618.29	23.5405	0.654636
XM_047446418.1	1611	1383.29	8.90438	0.289689
XM_047446419.1	1532	1304.29	5.51484	0.190283
XM_047446420.1	1445	1217.29	0	0
XM_047446421.1	4038	3810.29	100.473	1.18668
XM_047446425.1	3295	3067.29	516.526	7.57842
XM_047446426.1	1191	963.293	185.726	8.67676
XM_047446427.1	670	443.585	0	0
XM_047446428.1	4495	4267.29	23.3096	0.245824
XM_047446429.1	3859	3631.29	99.726	1.23592
XM_047446430.1	2138	1910.29	8.03262	0.189234
XM_047446431.1	5289	5061.29	72.8361	0.647631
XM_047446432.1	5250	5022.29	149.244	1.33732
XM_047446433.1	2878	2650.29	0	0
XM_047446434.1	3081	2853.29	0	0
XM_047446435.1	5166	4938.29	1.74853	0.0159345
XM_047446436.1	3809	3581.29	0	0
XM_047446437.1	3056	2828.29	0	0
XM_047446438.1	2923	2695.29	0	0
XM_047446439.1	5031	4803.29	162.646	1.52386
XM_047446440.1	4120	3892.29	261.399	3.02232
XM_047446441.1	6297	6069.29	0	0
XM_047446442.1	6009	5781.29	0	0
XM_047446443.1	5972	5744.29	0	0
XM_047446444.1	6233	6005.29	0	0
XM_047446445.1	5929	5701.29	116.452	0.919209
XM_047446446.1	5755	5527.29	0	0
XM_047446447.1	4135	3907.29	64.9484	0.748057
XM_047446448.1	3947	3719.29	0	0
XM_047446449.1	3714	3486.29	34.78	0.44896
XM_047446450.1	5003	4775.29	78.5688	0.740445
XM_047446451.1	4928	4700.29	60.4699	0.57897
XM_047446452.1	5050	4822.29	0	0
XM_047446453.1	5046	4818.29	0	0
XM_047446454.1	9299	9071.29	127.828	0.63416
XM_047446455.1	9261	9033.29	0	0
XM_047446456.1	9214	8986.29	21.4034	0.107187
XM_047446457.1	9139	8911.29	18.373	0.0927856
XM_047446458.1	2894	2666.29	27.78	0.468886
XM_047446459.1	2937	2709.29	0	0
XM_047446460.1	8402	8174.29	0.974759	0.00536648
XM_047446461.1	8484	8256.29	1.1111e-06	6.05636e-09
XM_047446462.1	8418	8190.29	0.0667716	0.000366889
XM_047446463.1	8474	8246.29	5.85275e-06	3.19406e-08
XM_047446464.1	8552	8324.29	0	0
XM_047446465.1	8399	8171.29	1.61235	0.00887993
XM_047446466.1	8418	8190.29	0.0667716	0.000366889
XM_047446467.1	8484	8256.29	1.1111e-06	6.05636e-09
XM_047446468.1	8415	8187.29	0.110338	0.000606496
XM_047446469.1	5103	4875.29	0	0
XM_047446470.1	3482	3254.29	0	0
XM_047446471.1	2399	2171.29	0	0
XM_047446472.1	2389	2161.29	0	0
XM_047446473.1	2467	2239.29	0	0
XM_047446474.1	2333	2105.29	0	0
XM_047446475.1	2314	2086.29	0	0
XM_047446476.1	35229	35001.3	18.501	0.0237877
XM_047446477.1	9240	9012.29	3.59047	0.0179291
XM_047446478.1	9240	9012.29	28.5897	0.142763
XM_047446479.1	8732	8504.29	163.188	0.863557
XM_047446480.1	8446	8218.29	17.3942	0.0952502
XM_047446481.1	9225	8997.29	3.2391	0.0162015
XM_047446482.1	8431	8203.29	15.6066	0.0856176
XM_047446483.1	8636	8408.29	2.73687	0.0146483
XM_047446484.1	35199	34971.3	10.2955	0.0132489
XM_047446485.1	8527	8299.29	0	0
XM_047446486.1	8594	8366.29	0	0
XM_047446487.1	8703	8475.29	0	0
XM_047446488.1	8365	8137.29	0	0
XM_047446489.1	8579	8351.29	0	0
XM_047446490.1	8374	8146.29	0	0
XM_047446491.1	8359	8131.29	0	0
XM_047446492.1	8329	8101.29	12.7391	0.0707663
XM_047446493.1	8314	8086.29	11.3969	0.0634276
XM_047446494.1	8314	8086.29	1.11581	0.00620987
XM_047446495.1	8410	8182.29	0	0
XM_047446496.1	8299	8071.29	0.991714	0.0055295
XM_047446497.1	8395	8167.29	0	0
XM_047446498.1	8242	8014.29	0	0
XM_047446499.1	2825	2597.29	0	0
XM_047446510.1	3976	3748.29	0	0
XM_047446511.1	4593	4365.29	4.45843	0.0459633
XM_047446512.1	3934	3706.29	47.3111	0.574468
XM_047446513.1	3658	3430.29	0	0
XM_047446530.1	1959	1731.29	261.545	6.79858
XM_047446544.1	3153	2925.29	0	0
XM_047446546.1	741	513.753	0	0
XM_047446557.1	1489	1261.29	0	0
XM_047446558.1	1463	1235.29	0	0
XM_047446559.1	1299	1071.29	2536.58	106.557
XM_047446560.1	4268	4040.29	0	0
XM_047446561.1	4068	3840.29	3.88955	0.0455803
XM_047446562.1	4226	3998.29	860.522	9.68566
XM_047446563.1	4244	4016.29	38.4352	0.430671
XM_047446564.1	4044	3816.29	89.5155	1.0556
XM_047446565.1	4000	3772.29	113.334	1.35207
XM_047446566.1	9010	8782.29	5.25433	0.0269248
XM_047446567.1	4112	3884.29	7.8246	0.0906551
XM_047446568.1	3549	3321.29	19.955	0.270388
XM_047446569.1	3661	3433.29	0.491527	0.00644287
XM_047446570.1	3800	3572.29	0.0103065	0.000129839
XM_047446571.1	1937	1709.29	0	0
XM_047446572.1	3818	3590.29	0	0
XM_047446573.1	560	336.006	0	0
XM_047446574.1	768	540.541	0	0
XM_047446580.1	1153	925.293	5	0.243183
XM_047446594.1	5608	5380.29	0	0
XM_047446668.1	5446	5218.29	88.1012	0.759794
XM_047446672.1	3298	3070.29	49.8431	0.73058
XM_047446677.1	5404	5176.29	40.4926	0.352045
XM_047446726.1	5341	5113.29	18.3978	0.161923
XM_047446727.1	5338	5110.29	13.8152	0.121661
XM_047446728.1	3145	2917.29	0	0
XM_047446729.1	5209	4981.29	0	0
XM_047446730.1	5483	5255.29	114.834	0.98337
XM_047446731.1	3410	3182.29	0	0
XM_047446732.1	6004	5776.29	19.4757	0.151736
XM_047446733.1	5759	5531.29	13.7874	0.112176
XM_047446734.1	5373	5145.29	4.56678	0.0399432
XM_047446735.1	3398	3170.29	0	0
XM_047446736.1	3368	3140.29	0	0
XM_047446737.1	3311	3083.29	10.0676	0.146944
XM_047446738.1	3305	3077.29	0	0
XM_047446739.1	3668	3440.29	0	0
XM_047446740.1	3682	3454.29	9.12547	0.118888
XM_047446741.1	3293	3065.29	0	0
XM_047446742.1	3269	3041.29	6.5451	0.0968501
XM_047446743.1	3194	2966.29	34.2654	0.519858
XM_047446744.1	3143	2915.29	8.36238	0.129089
XM_047446745.1	3101	2873.29	5.25496	0.0823061
XM_047446746.1	3098	2870.29	3.13934	0.0492214
XM_047446747.1	6849	6621.29	133.222	0.90547
XM_047446748.1	2680	2452.29	332.552	6.1028
XM_047446749.1	1639	1411.29	274.649	8.75797
XM_047446751.1	1995	1767.29	6.49381e-05	1.65361e-06
XM_047446752.1	1641	1413.29	27.6452	0.880299
XM_047446753.1	3584	3356.29	0	0
XM_047446754.1	1004	776.293	4.20586	0.243821
XM_047446755.1	21300	21072.3	48.2741	0.103097
XM_047446760.1	1682	1454.29	0	0
XM_047446761.1	519	297.525	0	0
XM_047446773.1	6794	6566.29	17.3941	0.119213
XM_047446827.1	1824	1596.29	0.0772202	0.00217701
XM_047446828.1	2670	2442.29	0	0
XM_047446829.1	2417	2189.29	0	0
XM_047446830.1	2487	2259.29	0	0
XM_047446831.1	2342	2114.29	0	0
XM_047446832.1	2604	2376.29	16.6559	0.315435
XM_047446839.1	3847	3619.29	16.5291	0.205527
XM_047446853.1	4348	4120.29	0	0
XM_047446864.1	4011	3783.29	12.0971	0.143898
XM_047446870.1	1072	844.293	0	0
XM_047446871.1	1018	790.293	2	0.11389
XM_047446873.1	2244	2016.29	37.7651	0.842905
XM_047446878.1	2306	2078.29	54.9235	1.18931
XM_047446879.1	4223	3995.29	0	0
XM_047446880.1	3149	2921.29	0	0
XM_047446881.1	1678	1450.29	4.38544	0.136082
XM_047446882.1	1354	1126.29	5	0.199784
XM_047446883.1	4083	3855.29	5.9383	0.0693182
XM_047446884.1	4285	4057.29	5	0.0554595
XM_047446885.1	1518	1290.29	2	0.0697564
XM_047446886.1	3892	3664.29	18.9131	0.232281
XM_047446887.1	3424	3196.29	1	0.0140798
XM_047446888.1	3751	3523.29	0.0138214	0.000176541
XM_047446889.1	4231	4003.29	14.2617	0.160323
XM_047446890.1	880	652.427	34.6589	2.3907
XM_047446891.1	5740	5512.29	3.00557	0.0245379
XM_047446892.1	3740	3512.29	0	0
XM_047446893.1	1627	1399.29	0	0
XM_047446894.1	5799	5571.29	0	0
XM_047446895.1	5840	5612.29	0	0
XM_047446896.1	4949	4721.29	0	0
XM_047446897.1	4970	4742.29	0	0
XM_047446898.1	5121	4893.29	1	0.00919689
XM_047446899.1	5684	5456.29	0	0
XM_047446900.1	4814	4586.29	0	0
XM_047447002.1	1377	1149.29	0	0
XM_047447003.1	1254	1026.29	0	0
XM_047447004.1	1298	1070.29	0	0
XM_047447005.1	1254	1026.29	0	0
XM_047447035.1	4131	3903.29	0	0
XM_047447036.1	4316	4088.29	0	0
XM_047447037.1	4163	3935.29	0	0
XM_047447038.1	3903	3675.29	0	0
XM_047447039.1	3801	3573.29	0	0
XM_047447040.1	2242	2014.29	9.30316	0.20785
XM_047447041.1	573	348.421	3.43665	0.443888
XM_047447042.1	6039	5811.29	0	0
XM_047447071.1	3856	3628.29	0	0
XM_047447085.1	4785	4557.29	0	0
XM_047447086.1	4757	4529.29	27.08	0.269067
XM_047447087.1	2675	2447.29	26.0183	0.478449
XM_047447088.1	6536	6308.29	394.551	2.81471
XM_047447089.1	11454	11226.3	94.7185	0.3797
XM_047447090.1	11288	11060.3	4.17794	0.0169996
XM_047447091.1	11285	11057.3	28.58	0.11632
XM_047447092.1	11427	11199.3	146.353	0.588104
XM_047447093.1	11261	11033.3	6.25888	0.025529
XM_047447094.1	11424	11196.3	0.00369593	1.48557e-05
XM_047447095.1	11258	11030.3	0.000134237	5.47679e-07
XM_047447096.1	11225	10997.3	2.31888e-07	9.48931e-10
XM_047447097.1	11388	11160.3	4.80937e-05	1.93934e-07
XM_047447098.1	7976	7748.29	0	0
XM_047447099.1	2353	2125.29	0	0
XM_047447100.1	2806	2578.29	0.0285986	0.000499178
XM_047447101.1	11364	11136.3	1.07764e-05	4.35485e-08
XM_047447102.1	11361	11133.3	0	0
XM_047447103.1	11280	11052.3	0	0
XM_047447104.1	11114	10886.3	0	0
XM_047447105.1	11277	11049.3	0	0
XM_047447106.1	11214	10986.3	0	0
XM_047447107.1	3131	2903.29	0	0
XM_047447108.1	3941	3713.29	10.321	0.125085
XM_047447109.1	3451	3223.29	13.2688	0.185257
XM_047447110.1	3103	2875.29	14.4326	0.225893
XM_047447131.1	3789	3561.29	36.4974	0.461208
XM_047447132.1	3280	3052.29	174.017	2.56572
XM_047447133.1	2259	2031.29	79.5155	1.76166
XM_047447134.1	2260	2032.29	12.9944	0.287749
XM_047447135.1	1955	1727.29	0	0
XM_047447136.1	1959	1731.29	31.5061	0.818966
XM_047447137.1	2118	1890.29	0.334727	0.00796901
XM_047447138.1	2778	2550.29	5.79851e-06	1.02322e-07
XM_047447139.1	2404	2176.29	342.988	7.09258
XM_047447140.1	1657	1429.29	21.953	0.691218
XM_047447141.1	7229	7001.29	0.780168	0.00501478
XM_047447142.1	4906	4678.29	0	0
XM_047447143.1	4758	4530.29	29.373	0.291786
XM_047447144.1	3578	3350.29	24.8138	0.333313
XM_047447145.1	4353	4125.29	0	0
XM_047447146.1	4347	4119.29	0	0
XM_047447147.1	4302	4074.29	0	0
XM_047447148.1	4257	4029.29	0	0
XM_047447149.1	3437	3209.29	1.28286e-05	1.79892e-07
XM_047447150.1	4680	4452.29	27.4487	0.277448
XM_047447151.1	4044	3816.29	0	0
XM_047447152.1	6014	5786.29	51.3009	0.398994
XM_047447153.1	4328	4100.29	0	0
XM_047447154.1	4166	3938.29	13.1337	0.150079
XM_047447155.1	6532	6304.29	16.5603	0.118216
XM_047447156.1	4452	4224.29	0	0
XM_047447157.1	4166	3938.29	0	0
XM_047447158.1	5407	5179.29	10.0839	0.0876191
XM_047447159.1	4045	3817.29	0	0
XM_047447160.1	4039	3811.29	0	0
XM_047447161.1	4373	4145.29	0	0
XM_047447162.1	4356	4128.29	0	0
XM_047447163.1	3807	3579.29	0	0
XM_047447164.1	3185	2957.29	0	0
XM_047447165.1	3135	2907.29	0	0
XM_047447166.1	2880	2652.29	0	0
XM_047447173.1	3011	2783.29	15.1295	0.244628
XM_047447174.1	1726	1498.29	0	0
XM_047447175.1	2961	2733.29	0	0
XM_047447176.1	1743	1515.29	6.81761	0.202478
XM_047447177.1	3068	2840.29	11.7872	0.186762
XM_047447178.1	3085	2857.29	1.94305	0.0306035
XM_047447179.1	3045	2817.29	9.12042	0.145688
XM_047447182.1	3759	3531.29	66.9571	0.853306
XM_047447184.1	3722	3494.29	0	0
XM_047447227.1	1499	1271.29	0	0
XM_047447228.1	5833	5605.29	0	0
XM_047447229.1	5732	5504.29	100.682	0.823177
XM_047447230.1	5641	5413.29	0	0
XM_047447231.1	5499	5271.29	174.033	1.48579
XM_047447235.1	5262	5034.29	85.1441	0.76113
XM_047447240.1	1516	1288.29	73.0742	2.55265
XM_047447241.1	2825	2597.29	3.15486	0.054664
XM_047447242.1	2806	2578.29	30.4551	0.531581
XM_047447243.1	1765	1537.29	42.7336	1.25099
XM_047447244.1	2033	1805.29	18.4468	0.459849
XM_047447265.1	4972	4744.29	0.00506694	4.80637e-05
XM_047447267.1	4778	4550.29	0	0
XM_047447278.1	4706	4478.29	0	0
XM_047447283.1	4642	4414.29	0	0
XM_047447284.1	4542	4314.29	28.2809	0.295002
XM_047447293.1	14816	14588.3	25.6416	0.0791011
XM_047447294.1	2298	2070.29	441.127	9.58901
XM_047447295.1	16401	16173.3	0	0
XM_047447296.1	12107	11879.3	0	0
XM_047447297.1	16093	15865.3	12.8675	0.0364997
XM_047447298.1	16424	16196.3	0	0
XM_047447299.1	16155	15927.3	6.61686e-06	1.86961e-08
XM_047447300.1	2551	2323.29	8.68537	0.168239
XM_047447301.1	11314	11086.3	0.511942	0.00207815
XM_047447302.1	2217	1989.29	0	0
XM_047447303.1	11233	11005.3	0	0
XM_047447304.1	2828	2600.29	3.74965	0.064895
XM_047447305.1	2139	1911.29	19.6202	0.461974
XM_047447306.1	2392	2164.29	0.314786	0.00654548
XM_047447307.1	11478	11250.3	0	0
XM_047447308.1	4979	4751.29	0	0
XM_047447309.1	10623	10395.3	0	0
XM_047447310.1	1795	1567.29	0	0
XM_047447311.1	1317	1089.29	25.9014	1.07009
XM_047447312.1	1095	867.293	0	0
XM_047447313.1	2225	1997.29	0	0
XM_047447314.1	1049	821.293	117.983	6.4649
XM_047447315.1	2583	2355.29	6.26244	0.119658
XM_047447316.1	4151	3923.29	1.77174	0.0203231
XM_047447317.1	4145	3917.29	22.9618	0.263792
XM_047447318.1	4099	3871.29	47.9803	0.557763
XM_047447319.1	4040	3812.29	0	0
XM_047447320.1	5186	4958.29	0	0
XM_047447321.1	4022	3794.29	148.097	1.75654
XM_047447322.1	3970	3742.29	15.1965	0.182747
XM_047447323.1	3967	3739.29	0.0161247	0.000194064
XM_047447324.1	2095	1867.29	28.4497	0.685658
XM_047447325.1	4093	3865.29	4.2814	0.0498478
XM_047447326.1	5005	4777.29	0	0
XM_047447327.1	3597	3369.29	0	0
XM_047447328.1	3999	3771.29	0	0
XM_047447329.1	3468	3240.29	0	0
XM_047447330.1	3465	3237.29	0	0
XM_047447331.1	4106	3878.29	0	0
XM_047447332.1	2036	1808.29	0	0
XM_047447333.1	3083	2855.29	0	0
XM_047447334.1	3892	3664.29	0	0
XM_047447335.1	7378	7150.29	0	0
XM_047447336.1	2320	2092.29	0	0
XM_047447337.1	3360	3132.29	0	0
XM_047447338.1	3455	3227.29	0	0
XM_047447339.1	3360	3132.29	0	0
XM_047447340.1	3261	3033.29	0	0
XM_047447341.1	4752	4524.29	0.00157574	1.56739e-05
XM_047447342.1	4713	4485.29	0.0171797	0.000172372
XM_047447343.1	4710	4482.29	4.35467	0.0437217
XM_047447344.1	4707	4479.29	0.00809054	8.1285e-05
XM_047447345.1	4701	4473.29	6.22932	0.0626694
XM_047447346.1	4718	4490.29	0.00620496	6.2188e-05
XM_047447347.1	4673	4445.29	0.0331208	0.000335307
XM_047447348.1	4452	4224.29	8.88565	0.0946624
XM_047447349.1	4526	4298.29	0	0
XM_047447350.1	4407	4179.29	7.5074	0.0808405
XM_047447351.1	4401	4173.29	2.93115	0.0316083
XM_047447352.1	4373	4145.29	35.9249	0.390016
XM_047447353.1	4367	4139.29	13.3477	0.145118
XM_047447355.1	5741	5513.29	27.6504	0.225701
XM_047447356.1	3869	3641.29	289.679	3.58017
XM_047447357.1	3853	3625.29	36.4177	0.452076
XM_047447358.1	3703	3475.29	6.87448	0.0890206
XM_047447359.1	5980	5752.29	0	0
XM_047447360.1	5176	4948.29	0	0
XM_047447361.1	5055	4827.29	0	0
XM_047447362.1	5120	4892.29	0	0
XM_047447363.1	5057	4829.29	0	0
XM_047447364.1	5058	4830.29	0	0
XM_047447365.1	4843	4615.29	7.30784	0.0712578
XM_047447366.1	690	463.088	0	0
XM_047447367.1	556	332.141	0	0
XM_047447368.1	3030	2802.29	0	0
XM_047447369.1	5650	5422.29	0	0
XM_047447370.1	3166	2938.29	0	0
XM_047447371.1	2964	2736.29	60.4427	0.994084
XM_047447372.1	1679	1451.29	84.2108	2.61129
XM_047447373.1	3641	3413.29	184.867	2.43741
XM_047447374.1	2431	2203.29	0	0
XM_047447375.1	2358	2130.29	15.8951	0.335789
XM_047447376.1	14048	13820.3	15.477	0.0503977
XM_047447377.1	1953	1725.29	0	0
XM_047447378.1	6907	6679.29	0	0
XM_047447379.1	2571	2343.29	3.94044	0.0756764
XM_047447380.1	3270	3042.29	20.361	0.301189
XM_047447381.1	2701	2473.29	0	0
XM_047447382.1	7484	7256.29	4.12578	0.0255878
XM_047447383.1	4460	4232.29	0	0
XM_047447384.1	4292	4064.29	0	0
XM_047447385.1	4222	3994.29	3.12819	0.0352448
XM_047447386.1	3664	3436.29	0	0
XM_047447387.1	4520	4292.29	0	0
XM_047447388.1	4003	3775.29	0	0
XM_047447389.1	4030	3802.29	8.71483	0.103147
XM_047447390.1	3479	3251.29	0	0
XM_047447391.1	3449	3221.29	0	0
XM_047447392.1	3951	3723.29	0	0
XM_047447393.1	3964	3736.29	0	0
XM_047447394.1	3300	3072.29	0	0
XM_047447395.1	3294	3066.29	0	0
XM_047447396.1	2032	1804.29	0	0
XM_047447397.1	2246	2018.29	0	0
XM_047447398.1	2039	1811.29	11.8073	0.293362
XM_047447399.1	3016	2788.29	0	0
XM_047447400.1	1135	907.293	0	0
XM_047447401.1	787	559.487	1.78977	0.143963
XM_047447402.1	3258	3030.29	0	0
XM_047447403.1	10715	10487.3	0	0
XM_047447404.1	10712	10484.3	0	0
XM_047447405.1	10791	10563.3	0	0
XM_047447406.1	10701	10473.3	0	0
XM_047447407.1	10559	10331.3	0	0
XM_047447408.1	10686	10458.3	0	0
XM_047447409.1	10599	10371.3	0	0
XM_047447410.1	10596	10368.3	0	0
XM_047447411.1	10445	10217.3	5.29036e-07	2.33019e-09
XM_047447412.1	10560	10332.3	0	0
XM_047447413.1	10512	10284.3	0	0
XM_047447414.1	10509	10281.3	0	0
XM_047447415.1	1356	1128.29	2.72525	0.108699
XM_047447416.1	10422	10194.3	1.16234e-05	5.13118e-08
XM_047447417.1	10326	10098.3	4.99999	0.0222825
XM_047447418.1	5314	5086.29	0	0
XM_047447419.1	1904	1676.29	14.5664	0.391062
XM_047447420.1	1376	1148.29	1.67054	0.0654705
XM_047447421.1	1254	1026.29	1.44393	0.0633164
XM_047447422.1	3816	3588.29	0	0
XM_047447423.1	3023	2795.29	0	0
XM_047447424.1	527	304.945	0.723956	0.10684
XM_047447425.1	567	342.699	0	0
XM_047447426.1	553	329.241	9.32398	1.27447
XM_047447427.1	760	532.648	15.5614	1.31478
XM_047447428.1	879	651.427	3.04577	0.210413
XM_047447429.1	4383	4155.29	0	0
XM_047447430.1	1843	1615.29	0	0
XM_047447431.1	1301	1073.29	0	0
XM_047447432.1	1105	877.293	0	0
XM_047447433.1	1175	947.293	0	0
XM_047447434.1	979	751.293	0.00412926	0.000247346
XM_047447435.1	1172	944.293	0	0
XM_047447436.1	976	748.293	0.995871	0.0598926
XM_047447437.1	2924	2696.29	100.258	1.67337
XM_047447438.1	3324	3096.29	54.8439	0.797129
XM_047447439.1	7752	7524.29	19.7159	0.117922
XM_047447440.1	3800	3572.29	13.3676	0.168403
XM_047447441.1	3848	3620.29	0	0
XM_047447442.1	4069	3841.29	9.56164	0.11202
XM_047447443.1	3598	3370.29	0	0
XM_047447444.1	3892	3664.29	0	0
XM_047447445.1	8898	8670.29	0	0
XM_047447446.1	8715	8487.29	0.179693	0.000952807
XM_047447447.1	8819	8591.29	1.00659e-08	5.27275e-11
XM_047447448.1	8924	8696.29	0	0
XM_047447449.1	4844	4616.29	9.43895	0.0920179
XM_047447450.1	2593	2365.29	13.4884	0.256637
XM_047447451.1	1828	1600.29	0	0
XM_047447452.1	2612	2384.29	0	0
XM_047447453.1	1021	793.293	21.0585	1.19464
XM_047447454.1	1024	796.293	0	0
XM_047447455.1	1643	1415.29	0	0
XM_047447456.1	2427	2199.29	0	0
XM_047447457.1	1045	817.293	16.5933	0.913688
XM_047447458.1	2732	2504.29	0	0
XM_047447459.1	2603	2375.29	0	0
XM_047447460.1	2796	2568.29	0	0
XM_047447461.1	1934	1706.29	402.828	10.6245
XM_047447462.1	1513	1285.29	0	0
XM_047447463.1	1855	1627.29	17.3151	0.478853
XM_047447464.1	1790	1562.29	17.7705	0.511893
XM_047447465.1	3956	3728.29	10.155	0.122578
XM_047447466.1	1529	1301.29	36.6911	1.2689
XM_047447467.1	1113	885.293	57.1283	2.90407
XM_047447468.1	2001	1773.29	0.0992161	0.00251793
XM_047447469.1	1599	1371.29	0	0
XM_047447470.1	1219	991.293	1.21114	0.0549839
XM_047447471.1	1601	1373.29	117.999	3.86684
XM_047447472.1	2339	2111.29	36.8442	0.785349
XM_047447473.1	1613	1385.29	23.0841	0.749917
XM_047447474.1	982	754.293	14.5158	0.866051
XM_047447475.1	1068	840.293	9.14489	0.489767
XM_047447476.1	3694	3466.29	0.00014197	1.84321e-06
XM_047447477.1	3734	3506.29	78.3691	1.00586
XM_047447478.1	5493	5265.29	19.9689	0.170677
XM_047447479.1	22320	22092.3	167.078	0.340347
XM_047447480.1	5029	4801.29	6.99499	0.0655649
XM_047447481.1	3746	3518.29	0	0
XM_047447482.1	22916	22688.3	1.10641	0.00219461
XM_047447483.1	3147	2919.29	0.543007	0.00837086
XM_047447484.1	2276	2048.29	178.959	3.9319
XM_047447485.1	3495	3267.29	0	0
XM_047447486.1	1696	1468.29	1.15138e-07	3.52898e-09
XM_047447487.1	2293	2065.29	0.000674213	1.46912e-05
XM_047447488.1	2950	2722.29	0.189729	0.00313647
XM_047447489.1	2251	2023.29	0	0
XM_047447490.1	2754	2526.29	0.013132	0.000233931
XM_047447491.1	3502	3274.29	34.0447	0.467923
XM_047447492.1	1961	1733.29	7.21095	0.187224
XM_047447493.1	1304	1076.29	0	0
XM_047447494.1	1140	912.293	2	0.0986592
XM_047447495.1	11976	11748.3	784.622	3.00558
XM_047447496.1	3033	2805.29	0	0
XM_047447497.1	4698	4470.29	0	0
XM_047447498.1	1667	1439.29	0	0
XM_047447499.1	2859	2631.29	2	0.0342061
XM_047447505.1	8506	8278.29	47.1123	0.256115
XM_047447506.1	8245	8017.29	12.306	0.0690767
XM_047447507.1	8264	8036.29	0	0
XM_047447508.1	8194	7966.29	0	0
XM_047447509.1	8056	7828.29	18.2943	0.10517
XM_047447510.1	2479	2251.29	4.56397	0.0912331
XM_047447511.1	2341	2113.29	0	0
XM_047447512.1	2254	2026.29	0	0
XM_047447513.1	979	751.293	0	0
XM_047447514.1	6087	5859.29	0	0
XM_047447515.1	5958	5730.29	0	0
XM_047447516.1	5706	5478.29	0	0
XM_047447517.1	80542	80314.3	0	0
XM_047447518.1	77581	77353.3	0	0
XM_047447519.1	75405	75177.3	0	0
XM_047447520.1	74169	73941.3	0	0
XM_047447521.1	76047	75819.3	0	0
XM_047447522.1	69250	69022.3	0	0
XM_047447523.1	77957	77729.3	0	0
XM_047447524.1	69156	68928.3	0	0
XM_047447525.1	65302	65074.3	0	0
XM_047447526.1	73063	72835.3	0	0
XM_047447527.1	40139	39911.3	0	0
XM_047447528.1	74724	74496.3	39.6404	0.0239467
XM_047447529.1	57483	57255.3	0	0
XM_047447530.1	46167	45939.3	0	0
XM_047447531.1	46073	45845.3	0	0
XM_047447532.1	46029	45801.3	0	0
XM_047447533.1	45900	45672.3	0	0
XM_047447534.1	5319	5091.29	0	0
XM_047447535.1	80633	80405.3	0	0
XM_047447536.1	5450	5222.29	0	0
XM_047447537.1	4386	4158.29	0	0
XM_047447538.1	3200	2972.29	0	0
XM_047447539.1	5962	5734.29	0.0128846	0.000101119
XM_047447540.1	5905	5677.29	0	0
XM_047447541.1	5529	5301.29	2.51559e-05	2.1355e-07
XM_047447542.1	5800	5572.29	0	0
XM_047447543.1	5805	5577.29	5.10546	0.0411959
XM_047447544.1	5774	5546.29	0	0
XM_047447545.1	5752	5524.29	0	0
XM_047447546.1	5741	5513.29	0	0
XM_047447547.1	5595	5367.29	53.5629	0.449109
XM_047447548.1	5680	5452.29	0.0199797	0.000164912
XM_047447549.1	5843	5615.29	67.5679	0.541515
XM_047447550.1	5524	5296.29	0	0
XM_047447551.1	5548	5320.29	4.64179e-08	3.92638e-10
XM_047447552.1	5472	5244.29	2.57451e-05	2.20928e-07
XM_047447553.1	5496	5268.29	120.869	1.03249
XM_047447554.1	6346	6118.29	32.836	0.241525
XM_047447555.1	5820	5592.29	0.263493	0.00212042
XM_047447556.1	5957	5729.29	0.042606	0.000334666
XM_047447557.1	5846	5618.29	0	0
XM_047447558.1	6276	6048.29	0	0
XM_047447559.1	5872	5644.29	0	0
XM_047447560.1	5877	5649.29	0.0442514	0.000352513
XM_047447561.1	5726	5498.29	21.0624	0.172394
XM_047447562.1	5700	5472.29	0.00471177	3.87487e-05
XM_047447563.1	5721	5493.29	0	0
XM_047447564.1	5695	5467.29	0	0
XM_047447565.1	5835	5607.29	0	0
XM_047447566.1	5806	5578.29	18.728	0.151089
XM_047447567.1	5811	5583.29	5.48326	0.0441968
XM_047447568.1	5830	5602.29	25.8703	0.207815
XM_047447569.1	5704	5476.29	0.397025	0.00326267
XM_047447570.1	5754	5526.29	0	0
XM_047447571.1	6125	5897.29	0	0
XM_047447572.1	6177	5949.29	0	0
XM_047447573.1	5553	5325.29	0.000572522	4.83828e-06
XM_047447574.1	6182	5954.29	0	0
XM_047447575.1	5549	5321.29	0	0
XM_047447576.1	5649	5421.29	0	0
XM_047447577.1	5682	5454.29	0	0
XM_047447578.1	5575	5347.29	0	0
XM_047447579.1	5606	5378.29	0.00101155	8.46418e-06
XM_047447580.1	4645	4417.29	0	0
XM_047447581.1	3556	3328.29	22.5466	0.304861
XM_047447582.1	4770	4542.29	0	0
XM_047447583.1	4329	4101.29	0	0
XM_047447584.1	6148	5920.29	12.0976	0.0919599
XM_047447585.1	2330	2102.29	0	0
XM_047447586.1	3926	3698.29	19.0167	0.231406
XM_047447587.1	4437	4209.29	52.7656	0.564136
XM_047447588.1	5958	5730.29	0	0
XM_047447589.1	2616	2388.29	0	0
XM_047447590.1	2616	2388.29	0	0
XM_047447591.1	5031	4803.29	0	0
XM_047447592.1	2971	2743.29	245.998	4.03555
XM_047447593.1	2589	2361.29	25.08	0.477991
XM_047447594.1	1773	1545.29	98.2678	2.86182
XM_047447595.1	9123	8895.29	0	0
XM_047447596.1	9105	8877.29	0	0
XM_047447597.1	9042	8814.29	3.37626e-06	1.72381e-08
XM_047447598.1	9024	8796.29	5.56678e-05	2.84804e-07
XM_047447599.1	9018	8790.29	0.000141867	7.26305e-07
XM_047447600.1	9006	8778.29	0	0
XM_047447601.1	8982	8754.29	0.0393891	0.000202487
XM_047447602.1	8982	8754.29	0	0
XM_047447603.1	8964	8736.29	0	0
XM_047447604.1	8941	8713.29	24.5763	0.126933
XM_047447605.1	8951	8723.29	0	0
XM_047447606.1	8047	7819.29	0	0
XM_047447607.1	3399	3171.29	12.9834	0.184244
XM_047447608.1	3382	3154.29	0.00370133	5.28078e-05
XM_047447609.1	3346	3118.29	0.333007	0.00480594
XM_047447610.1	2989	2761.29	2.37875	0.0387685
XM_047447611.1	3276	3048.29	0.0107965	0.000159393
XM_047447612.1	3312	3084.29	0.0720101	0.0010507
XM_047447613.1	2983	2755.29	330.541	5.39884
XM_047447614.1	3306	3078.29	7.78708	0.113843
XM_047447615.1	3270	3042.29	8.95e-08	1.32393e-09
XM_047447616.1	2966	2738.29	0.00614126	0.00010093
XM_047447617.1	4423	4195.29	80.7448	0.866152
XM_047447618.1	4406	4178.29	19.5356	0.210412
XM_047447619.1	2896	2668.29	1.38379	0.0233388
XM_047447620.1	3219	2991.29	0.0333571	0.000501847
XM_047447621.1	3763	3535.29	8.29023	0.105532
XM_047447622.1	3727	3499.29	1.89115	0.0243214
XM_047447623.1	4049	3821.29	94.5497	1.11351
XM_047447624.1	4372	4144.29	7.69836	0.0835968
XM_047447625.1	4032	3804.29	16.511	0.195318
XM_047447626.1	4336	4108.29	2.14138	0.0234571
XM_047447627.1	4330	4102.29	0.000277823	3.04778e-06
XM_047447628.1	4026	3798.29	1.29578	0.0153527
XM_047447629.1	4349	4121.29	7.08168	0.0773294
XM_047447630.1	4313	4085.29	0.0011125	1.22552e-05
XM_047447631.1	3353	3125.29	1.82786	0.0263205
XM_047447632.1	3347	3119.29	151	2.17852
XM_047447633.1	3670	3442.29	5.1398	0.0671956
XM_047447634.1	3330	3102.29	0.00940572	0.000136443
XM_047447635.1	3634	3406.29	4.19993e-07	5.54884e-09
XM_047447636.1	4279	4051.29	5.18719	0.057621
XM_047447637.1	4243	4015.29	4.93401e-06	5.53e-08
XM_047447638.1	4262	4034.29	0.158508	0.00176817
XM_047447639.1	3260	3032.29	1.10779	0.016441
XM_047447640.1	3391	3163.29	0	0
XM_047447641.1	3383	3155.29	16.815	0.239828
XM_047447642.1	3130	2902.29	32.3046	0.500917
XM_047447643.1	3979	3751.29	35.554	0.42653
XM_047447644.1	2007	1779.29	7.30103	0.184663
XM_047447645.1	1780	1552.29	21.6613	0.627991
XM_047447646.1	1633	1405.29	0.670152	0.0214609
XM_047447647.1	4341	4113.29	0	0
XM_047447648.1	4128	3900.29	0	0
XM_047447649.1	4113	3885.29	0	0
XM_047447650.1	4101	3873.29	5.47744	0.0636413
XM_047447651.1	3885	3657.29	0	0
XM_047447652.1	3735	3507.29	0	0
XM_047447653.1	3720	3492.29	0	0
XM_047447654.1	3372	3144.29	0	0
XM_047447655.1	3087	2859.29	0	0
XM_047447656.1	2748	2520.29	40.6154	0.72524
XM_047447657.1	2275	2047.29	0	0
XM_047447658.1	2643	2415.29	13.6894	0.255068
XM_047447659.1	2200	1972.29	0.000124773	2.84703e-06
XM_047447661.1	3581	3353.29	0.587982	0.00789105
XM_047447662.1	1186	958.293	19	0.892272
XM_047447663.1	8795	8567.29	105.829	0.555907
XM_047447664.1	5065	4837.29	0	0
XM_047447665.1	4297	4069.29	15.6467	0.17304
XM_047447666.1	12629	12401.3	0	0
XM_047447667.1	12609	12381.3	0	0
XM_047447668.1	12488	12260.3	0	0
XM_047447669.1	10537	10309.3	0	0
XM_047447670.1	5159	4931.29	43.3746	0.395838
XM_047447671.1	919	691.293	0	0
XM_047447672.1	3235	3007.29	0	0
XM_047447673.1	5612	5384.29	0	0
XM_047447674.1	4704	4476.29	26.8434	0.269874
XM_047447675.1	6022	5794.29	15.1168	0.117409
XM_047447676.1	2296	2068.29	37.2151	0.809748
XM_047447677.1	4856	4628.29	0	0
XM_047447678.1	4853	4625.29	0	0
XM_047447679.1	4829	4601.29	0	0
XM_047447680.1	4805	4577.29	0	0
XM_047447681.1	4809	4581.29	0	0
XM_047447682.1	4802	4574.29	0	0
XM_047447683.1	4785	4557.29	0	0
XM_047447684.1	4782	4554.29	0	0
XM_047447685.1	4956	4728.29	2.22668	0.0211932
XM_047447686.1	4786	4558.29	7.08534	0.0699521
XM_047447687.1	4767	4539.29	10.6705	0.105789
XM_047447688.1	3857	3629.29	0	0
XM_047447689.1	3833	3605.29	0	0
XM_047447690.1	3830	3602.29	0	0
XM_047447691.1	3841	3613.29	4.38433	0.0546063
XM_047447692.1	3838	3610.29	1.05579e-08	1.31606e-10
XM_047447693.1	3814	3586.29	32.6206	0.409344
XM_047447694.1	3811	3583.29	7.06656e-08	8.875e-10
XM_047447695.1	4498	4270.29	17.5941	0.185418
XM_047447696.1	10268	10040.3	16.9826	0.0761203
XM_047447697.1	10233	10005.3	0	0
XM_047447698.1	10100	9872.29	21.3562	0.0973528
XM_047447699.1	9835	9607.29	0	0
XM_047447700.1	8038	7810.29	143.034	0.824166
XM_047447701.1	16241	16013.3	7.23874	0.0203434
XM_047447702.1	16310	16082.3	0	0
XM_047447703.1	16214	15986.3	14.4134	0.0405751
XM_047447704.1	16214	15986.3	10.6579	0.0300032
XM_047447705.1	16495	16267.3	9.33682	0.0258301
XM_047447706.1	16765	16537.3	0	0
XM_047447707.1	16283	16055.3	0	0
XM_047447708.1	16308	16080.3	0	0
XM_047447709.1	16578	16350.3	0.10397	0.000286172
XM_047447710.1	16223	15995.3	0	0
XM_047447711.1	8066	7838.29	0.0558522	0.000320672
XM_047447712.1	16110	15882.3	0	0
XM_047447713.1	37041	36813.3	0	0
XM_047447714.1	36343	36115.3	27.5969	0.0343884
XM_047447715.1	7306	7078.29	0	0
XM_047447717.1	5528	5300.29	119.993	1.01883
XM_047447718.1	5682	5454.29	10.7431	0.0886411
XM_047447719.1	5423	5195.29	0	0
XM_047447720.1	5440	5212.29	0	0
XM_047447721.1	4947	4719.29	0	0
XM_047447722.1	5707	5479.29	655.835	5.38657
XM_047447723.1	2191	1963.29	24.9184	0.571185
XM_047447724.1	2128	1900.29	0	0
XM_047447725.1	3386	3158.29	0	0
XM_047447726.1	4142	3914.29	0	0
XM_047447727.1	4112	3884.29	0.0639525	0.000740948
XM_047447728.1	4247	4019.29	0	0
XM_047447729.1	4083	3855.29	1853.12	21.6316
XM_047447730.1	4323	4095.29	0.30309	0.00333064
XM_047447731.1	4263	4035.29	7.08193	0.0789803
XM_047447732.1	5148	4920.29	8.6254	0.0788916
XM_047447733.1	4395	4167.29	0	0
XM_047447734.1	4179	3951.29	0	0
XM_047447735.1	4194	3966.29	0	0
XM_047447736.1	4306	4078.29	0	0
XM_047447737.1	5145	4917.29	47.7923	0.437395
XM_047447738.1	4176	3948.29	0	0
XM_047447739.1	7756	7528.29	21.7748	0.130166
XM_047447740.1	4486	4258.29	0	0
XM_047447741.1	3909	3681.29	52.6244	0.643323
XM_047447742.1	3341	3113.29	0	0
XM_047447743.1	2960	2732.29	0.46564	0.00766947
XM_047447744.1	2928	2700.29	34.2361	0.570579
XM_047447745.1	6402	6174.29	1.01509e-06	7.39876e-09
XM_047447746.1	6345	6117.29	0.33793	0.00248605
XM_047447747.1	6342	6114.29	0.662062	0.00487298
XM_047447748.1	1237	1009.29	0	0
XM_047447749.1	1040	812.293	0	0
XM_047447750.1	3664	3436.29	0	0
XM_047447751.1	4451	4223.29	3.53391e-05	3.76571e-07
XM_047447752.1	3617	3389.29	0	0
XM_047447753.1	3504	3276.29	0	0
XM_047447754.1	7354	7126.29	0	0
XM_047447755.1	7351	7123.29	0	0
XM_047447756.1	7210	6982.29	21.7732	0.140335
XM_047447757.1	7207	6979.29	6.88254e-06	4.43792e-08
XM_047447758.1	7195	6967.29	0.844008	0.00545161
XM_047447759.1	7192	6964.29	3.83281	0.0247675
XM_047447760.1	7180	6952.29	0	0
XM_047447761.1	7168	6940.29	6.37836e-05	4.13593e-07
XM_047447762.1	6409	6181.29	9.76326	0.0710817
XM_047447763.1	6338	6110.29	0.011008	8.10752e-05
XM_047447764.1	6335	6107.29	19.4033	0.142978
XM_047447765.1	5313	5085.29	33.1553	0.293413
XM_047447766.1	3208	2980.29	134.621	2.03281
XM_047447767.1	6623	6395.29	0	0
XM_047447768.1	8047	7819.29	0	0
XM_047447769.1	6273	6045.29	0	0
XM_047447770.1	7279	7051.29	0	0
XM_047447771.1	6574	6346.29	0	0
XM_047447772.1	5816	5588.29	0	0
XM_047447773.1	8032	7804.29	3.0601	0.0176459
XM_047447774.1	7907	7679.29	0	0
XM_047447775.1	7853	7625.29	0	0
XM_047447776.1	7778	7550.29	54.0277	0.322029
XM_047447777.1	6674	6446.29	0	0
XM_047447778.1	8219	7991.29	84.3511	0.475025
XM_047447779.1	3009	2781.29	0	0
XM_047447780.1	3183	2955.29	0	0
XM_047447781.1	2898	2670.29	15.7379	0.265235
XM_047447782.1	8106	7878.29	180.485	1.03098
XM_047447783.1	2873	2645.29	6.43308	0.109443
XM_047447784.1	11429	11201.3	1094.13	4.39583
XM_047447785.1	8683	8455.29	0	0
XM_047447786.1	8473	8245.29	0	0
XM_047447787.1	8392	8164.29	49.4588	0.272626
XM_047447788.1	9330	9102.29	19.1094	0.0944796
XM_047447789.1	8598	8370.29	0	0
XM_047447790.1	7598	7370.29	0	0
XM_047447791.1	7667	7439.29	0	0
XM_047447792.1	5663	5435.29	18.0097	0.149116
XM_047447793.1	5294	5066.29	0	0
XM_047447794.1	5241	5013.29	18.5605	0.166613
XM_047447795.1	4702	4474.29	0	0
XM_047447796.1	6456	6228.29	0	0
XM_047447797.1	4669	4441.29	0	0
XM_047447798.1	2971	2743.29	1.76116	0.0288915
XM_047447799.1	41744	41516.3	11.2274	0.0121704
XM_047447800.1	6263	6035.29	0	0
XM_047447801.1	6254	6026.29	220.619	1.64753
XM_047447802.1	7552	7324.29	0	0
XM_047447803.1	7543	7315.29	0.000183371	1.12808e-06
XM_047447804.1	6363	6135.29	0	0
XM_047447805.1	6354	6126.29	63.6087	0.467262
XM_047447806.1	5117	4889.29	30.5235	0.280951
XM_047447807.1	6452	6224.29	0	0
XM_047447808.1	5187	4959.29	8.25667	0.0749251
XM_047447809.1	6406	6178.29	154.84	1.12786
XM_047447810.1	6476	6248.29	9.41177	0.0677879
XM_047447811.1	4344	4116.29	570.941	6.24205
XM_047447812.1	4243	4015.29	19.0432	0.213435
XM_047447813.1	6074	5846.29	123.115	0.947703
XM_047447814.1	7150	6922.29	70.3407	0.457298
XM_047447815.1	6805	6577.29	133.428	0.912939
XM_047447816.1	8932	8704.29	14.7609	0.0763168
XM_047447817.1	6093	5865.29	0	0
XM_047447818.1	4614	4386.29	10.9794	0.112648
XM_047447819.1	11531	11303.3	0.770624	0.00306817
XM_047447820.1	11516	11288.3	8.01442	0.0319511
XM_047447821.1	6752	6524.29	39.0805	0.269569
XM_047447822.1	4989	4761.29	8.99665e-07	8.50351e-09
XM_047447823.1	6116	5888.29	0	0
XM_047447824.1	5079	4851.29	49.2519	0.456886
XM_047447825.1	5241	5013.29	8.45922	0.0759363
XM_047447826.1	4742	4514.29	0	0
XM_047447827.1	3296	3068.29	1.33387e-05	1.9564e-07
XM_047447828.1	2675	2447.29	0	0
XM_047447829.1	3983	3755.29	1.44198	0.0172805
XM_047447830.1	4587	4359.29	1.26036	0.0130113
XM_047447831.1	2284	2056.29	37.3424	0.817259
XM_047447832.1	2175	1947.29	8.08255e-06	1.86792e-07
XM_047447833.1	2127	1899.29	94.4873	2.23884
XM_047447834.1	8724	8496.29	6.77702	0.0358964
XM_047447835.1	7374	7146.29	9.14535	0.057592
XM_047447836.1	7038	6810.29	0	0
XM_047447837.1	7204	6976.29	54.3909	0.350868
XM_047447838.1	8703	8475.29	56.1692	0.298254
XM_047447839.1	5691	5463.29	0	0
XM_047447840.1	5300	5072.29	1.34542e-07	1.1937e-09
XM_047447841.1	10447	10219.3	37.2376	0.163985
XM_047447842.1	10756	10528.3	3.22212e-08	1.37729e-10
XM_047447843.1	10452	10224.3	5.47047e-07	2.40787e-09
XM_047447844.1	10455	10227.3	0	0
XM_047447845.1	10648	10420.3	0	0
XM_047447846.1	10403	10175.3	0	0
XM_047447847.1	8101	7873.29	0.0891815	0.000509754
XM_047447848.1	8165	7937.29	0	0
XM_047447849.1	8319	8091.29	0	0
XM_047447850.1	5305	5077.29	3.48511e-08	3.08906e-10
XM_047447851.1	8410	8182.29	0	0
XM_047447852.1	8612	8384.29	0	0
XM_047447853.1	8346	8118.29	0.000590474	3.27325e-06
XM_047447854.1	7735	7507.29	73.8994	0.442996
XM_047447855.1	8168	7940.29	0	0
XM_047447856.1	8319	8091.29	0	0
XM_047447857.1	10032	9804.29	4.4309	0.0203385
XM_047447858.1	8204	7976.29	0	0
XM_047447859.1	8106	7878.29	0	0
XM_047447860.1	8358	8130.29	0	0
XM_047447861.1	8447	8219.29	1.11588e-08	6.10978e-11
XM_047447862.1	8603	8375.29	0	0
XM_047447863.1	8706	8478.29	32.528	0.17266
XM_047447864.1	8461	8233.29	0	0
XM_047447865.1	8325	8097.29	0	0
XM_047447866.1	8151	7923.29	2.07211e-06	1.17693e-08
XM_047447867.1	8338	8110.29	0.162785	0.000903273
XM_047447868.1	8094	7866.29	0	0
XM_047447869.1	8079	7851.29	0	0
XM_047447870.1	7836	7608.29	13.2173	0.0781804
XM_047447871.1	7615	7387.29	0	0
XM_047447872.1	3652	3424.29	1	0.0131423
XM_047447873.1	3426	3198.29	11.6802	0.164351
XM_047447874.1	3239	3011.29	0	0
XM_047447875.1	3152	2924.29	0	0
XM_047447876.1	10063	9835.29	42.8146	0.195906
XM_047447877.1	9986	9758.29	29.6079	0.136545
XM_047447878.1	9909	9681.29	0	0
XM_047447879.1	9663	9435.29	0	0
XM_047447880.1	14303	14075.3	0	0
XM_047447881.1	7880	7652.29	7.72372	0.0454231
XM_047447882.1	6532	6304.29	4.80579	0.034306
XM_047447883.1	6746	6518.29	0	0
XM_047447884.1	4370	4142.29	9.75443e-06	1.05975e-07
XM_047447885.1	3109	2881.29	0	0
XM_047447886.1	1623	1395.29	0	0
XM_047447887.1	5773	5545.29	0	0
XM_047447888.1	5393	5165.29	0	0
XM_047447889.1	4536	4308.29	37.1472	0.388028
XM_047447890.1	5764	5536.29	0	0
XM_047447891.1	4351	4123.29	9.00376	0.0982702
XM_047447892.1	4194	3966.29	0	0
XM_047447893.1	6143	5915.29	1.977e-08	1.50409e-10
XM_047447894.1	5876	5648.29	0	0
XM_047447895.1	5384	5156.29	0	0
XM_047447896.1	3788	3560.29	1.14466e-06	1.44688e-08
XM_047447897.1	1406	1178.29	77.0562	2.94304
XM_047447898.1	9065	8837.29	31.7282	0.161573
XM_047447899.1	17637	17409.3	27.0887	0.0700245
XM_047447900.1	3358	3130.29	63.2978	0.910009
XM_047447901.1	3915	3687.29	0	0
XM_047447902.1	1625	1397.29	117.223	3.77546
XM_047447903.1	5126	4898.29	0	0
XM_047447904.1	5034	4806.29	11.9428	0.111825
XM_047447905.1	1197	969.293	37.1417	1.72444
XM_047447906.1	4724	4496.29	89.2229	0.893025
XM_047447907.1	1908	1680.29	0.000329707	8.83051e-06
XM_047447908.1	1764	1536.29	0	0
XM_047447909.1	890	662.427	12.035	0.817618
XM_047447910.1	4713	4485.29	264.225	2.6511
XM_047447911.1	6638	6410.29	16.5798	0.116397
XM_047447912.1	6632	6404.29	0.0803569	0.000564669
XM_047447913.1	1944	1716.29	13.1421	0.344601
XM_047447914.1	6623	6395.29	0	0
XM_047447915.1	6608	6380.29	0	0
XM_047447916.1	3952	3724.29	0	0
XM_047447917.1	6590	6362.29	0	0
XM_047447918.1	6560	6332.29	0	0
XM_047447919.1	6548	6320.29	0	0
XM_047447920.1	6533	6305.29	0	0
XM_047447921.1	6515	6287.29	0	0
XM_047447922.1	6458	6230.29	0	0
XM_047447923.1	6455	6227.29	1013.82	7.32662
XM_047447924.1	6428	6200.29	88.4395	0.641914
XM_047447925.1	6356	6128.29	0	0
XM_047447926.1	6350	6122.29	27.9885	0.205735
XM_047447927.1	2725	2497.29	0	0
XM_047447928.1	2647	2419.29	0	0
XM_047447929.1	3823	3595.29	8.08247	0.10117
XM_047447930.1	5194	4966.29	0	0
XM_047447931.1	5593	5365.29	0	0
XM_047447932.1	5709	5481.29	0	0
XM_047447933.1	5589	5361.29	0	0
XM_047447934.1	5434	5206.29	0	0
XM_047447935.1	3866	3638.29	107.973	1.33555
XM_047447936.1	7844	7616.29	3.45091	0.0203907
XM_047447937.1	8103	7875.29	0	0
XM_047447938.1	4232	4004.29	3.42026	0.0384393
XM_047447939.1	5144	4916.29	9.06453	0.0829755
XM_047447940.1	4062	3834.29	0	0
XM_047447941.1	6372	6144.29	0	0
XM_047447942.1	6411	6183.29	0	0
XM_047447943.1	6405	6177.29	0	0
XM_047447944.1	6390	6162.29	0	0
XM_047447945.1	6419	6191.29	0	0
XM_047447946.1	6413	6185.29	0	0
XM_047447947.1	6384	6156.29	0	0
XM_047447948.1	6398	6170.29	0	0
XM_047447949.1	6263	6035.29	0.00125695	9.37267e-06
XM_047447950.1	6377	6149.29	0	0
XM_047447951.1	5033	4805.29	0	0
XM_047447952.1	6227	5999.29	4.58743	0.0344121
XM_047447953.1	2543	2315.29	0.11498	0.0022349
XM_047447954.1	4994	4766.29	0	0
XM_047447955.1	3037	2809.29	0	0
XM_047447956.1	2905	2677.29	0	0
XM_047447957.1	3474	3246.29	0	0
XM_047447958.1	4164	3936.29	10.1345	0.115866
XM_047447959.1	2063	1835.29	0	0
XM_047447960.1	3472	3244.29	0	0
XM_047447961.1	3442	3214.29	0	0
XM_047447962.1	3324	3096.29	134.118	1.94934
XM_047447963.1	3294	3066.29	37.5722	0.551436
XM_047447964.1	7161	6933.29	191.576	1.2435
XM_047447965.1	3762	3534.29	0	0
XM_047447966.1	2017	1789.29	5.3466	0.134474
XM_047447967.1	1265	1037.29	0	0
XM_047447968.1	3558	3330.29	0	0
XM_047447969.1	3345	3117.29	0	0
XM_047447970.1	3315	3087.29	1	0.0145769
XM_047447971.1	2919	2691.29	0	0
XM_047447972.1	4578	4350.29	0	0
XM_047447973.1	2808	2580.29	1.5	0.0261616
XM_047447974.1	1884	1656.29	0	0
XM_047447975.1	1758	1530.29	0	0
XM_047447976.1	8529	8301.29	0	0
XM_047447977.1	3736	3508.29	0	0
XM_047447978.1	3602	3374.29	2195.39	29.28
XM_047447979.1	3353	3125.29	50.9372	0.733477
XM_047447980.1	8016	7788.29	109.26	0.631338
XM_047447981.1	8135	7907.29	23.7501	0.13517
XM_047447985.1	7767	7539.29	1.88208e-08	1.12344e-10
XM_047447987.1	11808	11580.3	65.1228	0.253079
XM_047447988.1	11197	10969.3	31.2186	0.128079
XM_047447989.1	11194	10966.3	42.0103	0.1724
XM_047447990.1	11168	10940.3	517.688	2.12952
XM_047447991.1	11098	10870.3	78.5425	0.325166
XM_047447992.1	11089	10861.3	33.9452	0.14065
XM_047447993.1	11583	11355.3	34.1521	0.135351
XM_047447994.1	10972	10744.3	44.6154	0.186874
XM_047447995.1	10946	10718.3	388.793	1.63243
XM_047447996.1	8897	8669.29	610.177	3.16749
XM_047447997.1	751	523.701	0	0
XM_047447998.1	4152	3924.29	3.96587e-06	4.54799e-08
XM_047447999.1	5275	5047.29	49.9099	0.445011
XM_047448000.1	4647	4419.29	1.0387	0.0105774
XM_047448001.1	4768	4540.29	129.276	1.28137
XM_047448002.1	4795	4567.29	7.51275	0.0740256
XM_047448003.1	4406	4178.29	21.1237	0.227517
XM_047448004.1	4552	4324.29	0.00121037	1.25964e-05
XM_047448005.1	4609	4381.29	17.8476	0.183324
XM_047448006.1	4753	4525.29	2.06147	0.0205009
XM_047448007.1	3169	2941.29	0	0
XM_047448008.1	16128	15900.3	0	0
XM_047448009.1	14483	14255.3	0	0
XM_047448010.1	4875	4647.29	0	0
XM_047448011.1	8831	8603.29	0	0
XM_047448012.1	7908	7680.29	0	0
XM_047448013.1	8179	7951.29	0	0
XM_047448014.1	7256	7028.29	0	0
XM_047448015.1	6159	5931.29	0	0
XM_047448016.1	2463	2235.29	0	0
XM_047448017.1	3332	3104.29	0	0
XM_047448018.1	3311	3083.29	0	0
XM_047448019.1	3021	2793.29	3.68926	0.0594381
XM_047448020.1	2221	1993.29	0	0
XM_047448021.1	1735	1507.29	0	0
XM_047448022.1	9974	9746.29	0.000202785	9.36353e-07
XM_047448023.1	4018	3790.29	0	0
XM_047448024.1	3437	3209.29	3.31296	0.0464568
XM_047448025.1	2012	1784.29	5.99312	0.151157
XM_047448026.1	2330	2102.29	3.55826	0.0761704
XM_047448027.1	5924	5696.29	19.5421	0.154391
XM_047448028.1	6781	6553.29	3.44182	0.0236358
XM_047448029.1	6795	6567.29	0	0
XM_047448030.1	5924	5696.29	0	0
XM_047448031.1	6580	6352.29	0	0
XM_047448032.1	6135	5907.29	0	0
XM_047448033.1	6290	6062.29	0	0
XM_047448034.1	6017	5789.29	0	0
XM_047448035.1	6491	6263.29	0	0
XM_047448036.1	5968	5740.29	0	0
XM_047448037.1	6662	6434.29	1.56962	0.0109783
XM_047448038.1	6881	6653.29	0	0
XM_047448039.1	6745	6517.29	0	0
XM_047448040.1	6369	6141.29	0	0
XM_047448041.1	5859	5631.29	0	0
XM_047448042.1	5217	4989.29	0.423896	0.00382351
XM_047448043.1	2682	2454.29	0	0
XM_047448044.1	3863	3635.29	0	0
XM_047448045.1	8322	8094.29	885.262	4.92193
XM_047448046.1	494	274.359	75.1121	12.3206
XM_047448047.1	3260	3032.29	0	0
XM_047448048.1	3094	2866.29	0	0
XM_047448049.1	2812	2584.29	0	0
XM_047448050.1	2761	2533.29	0	0
XM_047448051.1	2801	2573.29	0	0
XM_047448052.1	3129	2901.29	0	0
XM_047448053.1	2996	2768.29	0	0
XM_047448054.1	3157	2929.29	0	0
XM_047448055.1	3140	2912.29	0	0
XM_047448056.1	3357	3129.29	0	0
XM_047448057.1	1642	1414.29	1.20908	0.0384732
XM_047448058.1	1167	939.293	0	0
XM_047448059.1	1040	812.293	0	0
XM_047448060.1	864	636.427	15.6882	1.10934
XM_047448061.1	708	480.9	0	0
XM_047448062.1	10166	9938.29	0	0
XM_047448063.1	10321	10093.3	0	0
XM_047448064.1	10076	9848.29	0	0
XM_047448065.1	3004	2776.29	148.683	2.41011
XM_047448066.1	2391	2163.29	43.8139	0.911463
XM_047448067.1	2410	2182.29	99.9237	2.06062
XM_047448068.1	2725	2497.29	0	0
XM_047448069.1	2416	2188.29	5.64359	0.116063
XM_047448070.1	2440	2212.29	0	0
XM_047448071.1	1645	1417.29	0	0
XM_047448072.1	3379	3151.29	0	0
XM_047448073.1	5463	5235.29	2.28937	0.0196796
XM_047448074.1	3304	3076.29	0	0
XM_047448075.1	2743	2515.29	0	0
XM_047448076.1	4341	4113.29	49.8557	0.545466
XM_047448077.1	4121	3893.29	0.977403	0.0112979
XM_047448078.1	2806	2578.29	2	0.0349092
XM_047448079.1	4060	3832.29	44.4927	0.522484
XM_047448080.1	1178	950.293	4.77052	0.225918
XM_047448081.1	32127	31899.3	0	0
XM_047448082.1	31359	31131.3	7.03728	0.010173
XM_047448083.1	4953	4725.29	0	0
XM_047448084.1	32040	31812.3	0	0
XM_047448085.1	30566	30338.3	0	0
XM_047448086.1	3032	2804.29	0	0
XM_047448087.1	4023	3795.29	2669.99	31.6596
XM_047448088.1	3933	3705.29	41.0105	0.498098
XM_047448089.1	3888	3660.29	103.293	1.26998
XM_047448090.1	2109	1881.29	923.578	22.0932
XM_047448091.1	2669	2441.29	3.15802	0.0582154
XM_047448092.1	2453	2225.29	0	0
XM_047448093.1	4676	4448.29	0	0
XM_047448094.1	4694	4466.29	0	0
XM_047448095.1	1132	904.293	0	0
XM_047448096.1	5206	4978.29	52.2064	0.471939
XM_047448097.1	18356	18128.3	0.000454002	1.12705e-06
XM_047448098.1	18187	17959.3	3.61387	0.00905578
XM_047448099.1	18233	18005.3	0.000592212	1.4802e-06
XM_047448100.1	45535	45307.3	26.5758	0.0263974
XM_047448101.1	18463	18235.3	8.35507e-06	2.06196e-08
XM_047448102.1	18470	18242.3	6.81221e-06	1.68055e-08
XM_047448103.1	18689	18461.3	0	0
XM_047448104.1	18442	18214.3	1.60447e-05	3.96425e-08
XM_047448105.1	18482	18254.3	0	0
XM_047448106.1	18400	18172.3	0.0396929	9.82981e-05
XM_047448107.1	18228	18000.3	0.000866654	2.16675e-06
XM_047448108.1	18405	18177.3	5.79302e-06	1.43423e-08
XM_047448109.1	18473	18245.3	0.000263469	6.49862e-07
XM_047448110.1	18344	18116.3	2.37386e-05	5.89696e-08
XM_047448111.1	18277	18049.3	0.103212	0.000257342
XM_047448112.1	18305	18077.3	154.357	0.384268
XM_047448113.1	18343	18115.3	75.3025	0.187071
XM_047448114.1	18348	18120.3	8.92284e-06	2.21605e-08
XM_047448115.1	18505	18277.3	0	0
XM_047448116.1	1789	1561.29	0	0
XM_047448118.1	9377	9149.29	0	0
XM_047448119.1	9362	9134.29	0	0
XM_047448120.1	9261	9033.29	7.75688e-08	3.86441e-10
XM_047448121.1	9326	9098.29	73.4585	0.36335
XM_047448122.1	9225	8997.29	22.8295	0.11419
XM_047448123.1	9216	8988.29	1.3777e-08	6.89794e-11
XM_047448124.1	9290	9062.29	0	0
XM_047448125.1	9275	9047.29	814.061	4.0493
XM_047448126.1	9147	8919.29	0	0
XM_047448127.1	9212	8984.29	2.2153	0.0110966
XM_047448128.1	9068	8840.29	164.973	0.839822
XM_047448129.1	8967	8739.29	26.3478	0.135678
XM_047448130.1	5978	5750.29	0	0
XM_047448131.1	5933	5705.29	0	0
XM_047448132.1	5673	5445.29	0.00574105	4.74474e-05
XM_047448133.1	5622	5394.29	17.8534	0.148946
XM_047448134.1	19685	19457.3	0	0
XM_047448135.1	5791	5563.29	0	0
XM_047448136.1	5737	5509.29	0	0
XM_047448137.1	5552	5324.29	0.000567892	4.80006e-06
XM_047448138.1	5732	5504.29	0	0
XM_047448139.1	5623	5395.29	0	0
XM_047448140.1	4691	4463.29	1.99539	0.0201194
XM_047448141.1	5407	5179.29	0.000543383	4.72148e-06
XM_047448142.1	5389	5161.29	3.12728	0.0272678
XM_047448143.1	4632	4404.29	2.50815e-05	2.56283e-07
XM_047448144.1	5353	5125.29	0.217297	0.00190799
XM_047448145.1	5271	5043.29	5.3086e-06	4.73705e-08
XM_047448146.1	4578	4350.29	5.53083	0.0572155
XM_047448147.1	5181	4953.29	16.0502	0.145823
XM_047448148.1	4469	4241.29	0	0
XM_047448149.1	4433	4205.29	0	0
XM_047448150.1	3961	3733.29	206.803	2.49292
XM_047448151.1	1767	1539.29	13.3238	0.389536
XM_047448152.1	2476	2248.29	17.7274	0.354842
XM_047448153.1	2412	2184.29	0	0
XM_047448154.1	2595	2367.29	0	0
XM_047448155.1	2362	2134.29	0	0
XM_047448156.1	1663	1435.29	15.3617	0.48166
XM_047448157.1	5658	5430.29	33.5112	0.277721
XM_047448158.1	2930	2702.29	0	0
XM_047448159.1	2795	2567.29	0	0
XM_047448160.1	2503	2275.29	0	0
XM_047448161.1	1995	1767.29	0	0
XM_047448162.1	4652	4424.29	0	0
XM_047448163.1	4565	4337.29	0	0
XM_047448164.1	4635	4407.29	0	0
XM_047448165.1	4469	4241.29	0	0
XM_047448166.1	4515	4287.29	0	0
XM_047448167.1	4421	4193.29	1.6286	0.0174784
XM_047448168.1	4418	4190.29	4.34456	0.0466599
XM_047448169.1	4491	4263.29	0	0
XM_047448170.1	4488	4260.29	0	0
XM_047448171.1	4428	4200.29	0	0
XM_047448172.1	4325	4097.29	0	0
XM_047448173.1	4310	4082.29	0	0
XM_047448174.1	4307	4079.29	0	0
XM_047448175.1	4320	4092.29	0	0
XM_047448176.1	4127	3899.29	0	0
XM_047448177.1	4173	3945.29	0	0
XM_047448178.1	3648	3420.29	0	0
XM_047448179.1	3237	3009.29	0	0
XM_047448180.1	3300	3072.29	0	0
XM_047448182.1	9751	9523.29	7.77581	0.0367452
XM_047448183.1	10173	9945.29	3.6448e-07	1.64929e-09
XM_047448184.1	10054	9826.29	686.198	3.14269
XM_047448185.1	10078	9850.29	0.0369231	0.000168691
XM_047448186.1	9547	9319.29	54.4731	0.263052
XM_047448187.1	10241	10013.3	126.222	0.567285
XM_047448188.1	6131	5903.29	2.4377	0.0185835
XM_047448189.1	4539	4311.29	23.8001	0.248436
XM_047448190.1	4397	4169.29	0	0
XM_047448191.1	4329	4101.29	0	0
XM_047448192.1	8965	8737.29	278.285	1.43336
XM_047448193.1	7887	7659.29	100.634	0.591284
XM_047448194.1	7580	7352.29	0	0
XM_047448195.1	12225	11997.3	411.924	1.54517
XM_047448196.1	1090	862.293	0	0
XM_047448197.1	1065	837.293	28.7733	1.54652
XM_047448198.1	9340	9112.29	0	0
XM_047448199.1	9877	9649.29	0	0
XM_047448200.1	1499	1271.29	0	0
XM_047448201.1	2728	2500.29	39.1987	0.705542
XM_047448202.1	1348	1120.29	0	0
XM_047448203.1	988	760.293	14.8419	0.878519
XM_047448204.1	7320	7092.29	0	0
XM_047448205.1	7314	7086.29	0	0
XM_047448206.1	3338	3110.29	38.0936	0.55118
XM_047448207.1	3284	3056.29	281.077	4.13879
XM_047448208.1	3227	2999.29	35.3864	0.530957
XM_047448209.1	3176	2948.29	7.24478	0.110585
XM_047448210.1	3173	2945.29	607.063	9.27572
XM_047448211.1	3065	2837.29	8.31897	0.13195
XM_047448212.1	3396	3168.29	0.0982396	0.00139542
XM_047448213.1	2464	2236.29	35.6449	0.717318
XM_047448214.1	2479	2251.29	0	0
XM_047448215.1	7311	7083.29	0	0
XM_047448216.1	5568	5340.29	0	0
XM_047448217.1	7191	6963.29	0	0
XM_047448218.1	6021	5793.29	60.0572	0.466532
XM_047448219.1	5984	5756.29	110.751	0.865855
XM_047448220.1	7188	6960.29	0	0
XM_047448221.1	7182	6954.29	0	0
XM_047448222.1	10073	9845.29	6.05045	0.0276568
XM_047448223.1	3939	3711.29	0	0
XM_047448224.1	3744	3516.29	0	0
XM_047448225.1	3624	3396.29	0	0
XM_047448226.1	3743	3515.29	1.34247	0.0171864
XM_047448227.1	3477	3249.29	0	0
XM_047448228.1	7179	6951.29	0	0
XM_047448229.1	7059	6831.29	0	0
XM_047448230.1	3589	3361.29	0	0
XM_047448231.1	3480	3252.29	0	0
XM_047448232.1	7050	6822.29	0	0
XM_047448233.1	3168	2940.29	0	0
XM_047448234.1	3528	3300.29	0	0
XM_047448235.1	3181	2953.29	0	0
XM_047448236.1	3462	3234.29	0	0
XM_047448237.1	3622	3394.29	0	0
XM_047448238.1	6925	6697.29	79.449	0.533865
XM_047448239.1	6922	6694.29	734.37	4.93688
XM_047448240.1	5340	5112.29	0	0
XM_047448241.1	4611	4383.29	14.8052	0.152005
XM_047448242.1	6799	6571.29	216.515	1.48279
XM_047448243.1	1694	1466.29	10.3532	0.317756
XM_047448244.1	668	441.629	40.1275	4.08909
XM_047448245.1	6793	6565.29	303.361	2.07945
XM_047448246.1	2301	2073.29	8.75576	0.190053
XM_047448247.1	6793	6565.29	134.512	0.922037
XM_047448248.1	2433	2205.29	0	0
XM_047448249.1	2801	2573.29	46.3258	0.81017
XM_047448250.1	1864	1636.29	0	0
XM_047448251.1	6670	6442.29	85.0518	0.594135
XM_047448252.1	2741	2513.29	0	0
XM_047448253.1	1096	868.293	79.9671	4.14464
XM_047448254.1	1789	1561.29	31.9821	0.92186
XM_047448255.1	6661	6433.29	398.585	2.78824
XM_047448256.1	7375	7147.29	145.439	0.915762
XM_047448257.1	6081	5853.29	22.9211	0.176229
XM_047448258.1	6137	5909.29	0	0
XM_047448259.1	4077	3849.29	8.60235	0.100572
XM_047448260.1	4245	4017.29	0	0
XM_047448261.1	4307	4079.29	0	0
XM_047448262.1	4345	4117.29	0	0
XM_047448263.1	4076	3848.29	0	0
XM_047448264.1	4161	3933.29	0	0
XM_047448265.1	3992	3764.29	0	0
XM_047448266.1	4036	3808.29	0	0
XM_047448267.1	5623	5395.29	2.72051	0.0226922
XM_047448268.1	3742	3514.29	0	0
XM_047448269.1	4101	3873.29	0	0
XM_047448270.1	4083	3855.29	8.41616	0.0982424
XM_047448271.1	3999	3771.29	71.0672	0.84805
XM_047448272.1	3781	3553.29	0	0
XM_047448273.1	3569	3341.29	2.72063	0.0366435
XM_047448274.1	952	724.293	23.6707	1.47075
XM_047448275.1	2688	2460.29	0	0
XM_047448276.1	1631	1403.29	35.7159	1.14539
XM_047448277.1	1415	1187.29	0	0
XM_047448278.1	1357	1129.29	4.34402	0.173112
XM_047448279.1	8617	8389.29	13.7853	0.0739493
XM_047448280.1	8710	8482.29	0	0
XM_047448281.1	9055	8827.29	38.0591	0.194032
XM_047448282.1	8784	8556.29	0	0
XM_047448283.1	6257	6029.29	0	0
XM_047448284.1	17402	17174.3	0	0
XM_047448285.1	18220	17992.3	64.7422	0.161936
XM_047448286.1	17647	17419.3	0	0
XM_047448287.1	16878	16650.3	0	0
XM_047448288.1	17246	17018.3	0	0
XM_047448289.1	1008	780.293	168.421	9.71359
XM_047448290.1	8319	8091.29	30.4639	0.169438
XM_047448291.1	2610	2382.29	0	0
XM_047448292.1	2607	2379.29	0	0
XM_047448293.1	2684	2456.29	0	0
XM_047448294.1	1400	1172.29	7.94509	0.305003
XM_047448295.1	2102	1874.29	70.0026	1.68081
XM_047448296.1	2097	1869.29	11.355	0.273371
XM_047448297.1	8894	8666.29	0	0
XM_047448298.1	8789	8561.29	0	0
XM_047448299.1	8717	8489.29	0	0
XM_047448300.1	3644	3416.29	73.8036	0.97222
XM_047448301.1	3639	3411.29	0	0
XM_047448302.1	3424	3196.29	0	0
XM_047448303.1	3395	3167.29	22.9019	0.325406
XM_047448304.1	3349	3121.29	0	0
XM_047448305.1	4935	4707.29	11.7419	0.112256
XM_047448306.1	4663	4435.29	0	0
XM_047448307.1	6323	6095.29	54.7351	0.404123
XM_047448308.1	6486	6258.29	0	0
XM_047448309.1	6379	6151.29	0	0
XM_047448310.1	6219	5991.29	0.153791	0.00115519
XM_047448311.1	6208	5980.29	72.2324	0.543565
XM_047448312.1	6103	5875.29	4.42596	0.0339016
XM_047448313.1	6435	6207.29	0	0
XM_047448314.1	6275	6047.29	0	0
XM_047448315.1	2514	2286.29	109.171	2.1489
XM_047448316.1	6133	5905.29	0	0
XM_047448317.1	3100	2872.29	29.8699	0.468002
XM_047448318.1	6864	6636.29	11.1374	0.0755264
XM_047448319.1	3508	3280.29	156.666	2.14934
XM_047448320.1	2011	1783.29	276.396	6.97512
XM_047448321.1	4100	3872.29	0	0
XM_047448322.1	4231	4003.29	0	0
XM_047448323.1	4171	3943.29	0	0
XM_047448324.1	4157	3929.29	0	0
XM_047448325.1	3805	3577.29	0	0
XM_047448326.1	4446	4218.29	0	0
XM_047448327.1	4222	3994.29	0	0
XM_047448328.1	4324	4096.29	0	0
XM_047448329.1	4454	4226.29	28.6823	0.305419
XM_047448330.1	7899	7671.29	0	0
XM_047448331.1	7214	6986.29	4.32127	0.027836
XM_047448332.1	7433	7205.29	32.6919	0.204188
XM_047448333.1	7188	6960.29	0	0
XM_047448334.1	7896	7668.29	0	0
XM_047448335.1	7178	6950.29	0	0
XM_047448336.1	9067	8839.29	50.0279	0.254704
XM_047448337.1	2194	1966.29	1	0.0228873
XM_047448338.1	3026	2798.29	0	0
XM_047448339.1	7995	7767.29	41.3146	0.239374
XM_047448340.1	3307	3079.29	0	0
XM_047448341.1	1518	1290.29	0	0
XM_047448342.1	1553	1325.29	0	0
XM_047448343.1	1200	972.293	0	0
XM_047448344.1	4927	4699.29	0	0
XM_047448345.1	4924	4696.29	0	0
XM_047448346.1	4924	4696.29	0	0
XM_047448347.1	4852	4624.29	0	0
XM_047448348.1	4852	4624.29	0	0
XM_047448349.1	4810	4582.29	0	0
XM_047448351.1	3979	3751.29	0	0
XM_047448352.1	4693	4465.29	0	0
XM_047448353.1	4690	4462.29	0	0
XM_047448354.1	4690	4462.29	0	0
XM_047448355.1	4648	4420.29	0	0
XM_047448356.1	10001	9773.29	4.83381e-05	2.22583e-07
XM_047448357.1	9962	9734.29	101.809	0.470678
XM_047448358.1	9487	9259.29	9.13664	0.0444069
XM_047448359.1	4470	4242.29	19.0184	0.201751
XM_047448360.1	10365	10137.3	76.7353	0.340656
XM_047448361.1	7840	7612.29	125.396	0.741331
XM_047448362.1	6349	6121.29	0	0
XM_047448363.1	6349	6121.29	0	0
XM_047448364.1	5807	5579.29	0	0
XM_047448365.1	16895	16667.3	12.5473	0.0338786
XM_047448366.1	16791	16563.3	6.71703	0.0182504
XM_047448367.1	2075	1847.29	36.3007	0.884344
XM_047448368.1	1120	892.293	9.11733	0.459835
XM_047448369.1	8835	8607.29	0	0
XM_047448370.1	1282	1054.29	0	0
XM_047448371.1	7846	7618.29	0	0
XM_047448372.1	7771	7543.29	53.723	0.32051
XM_047448373.1	7320	7092.29	0	0
XM_047448374.1	7725	7497.29	0	0
XM_047448375.1	1543	1315.29	0	0
XM_047448376.1	3228	3000.29	0	0
XM_047448377.1	4737	4509.29	0	0
XM_047448378.1	4734	4506.29	0	0
XM_047448379.1	4707	4479.29	0	0
XM_047448380.1	4704	4476.29	0	0
XM_047448381.1	4635	4407.29	0	0
XM_047448382.1	4632	4404.29	0	0
XM_047448383.1	4623	4395.29	0	0
XM_047448384.1	4620	4392.29	0	0
XM_047448385.1	4518	4290.29	4.10451	0.0430543
XM_047448386.1	3749	3521.29	0	0
XM_047448387.1	2018	1790.29	0	0
XM_047448388.1	1673	1445.29	8.08718	0.251816
XM_047448389.1	1190	962.293	0	0
XM_047448390.1	1050	822.293	24.4283	1.33693
XM_047448396.1	5321	5093.29	0	0
XM_047448397.1	5093	4865.29	0	0
XM_047448398.1	5568	5340.29	0	0
XM_047448399.1	3820	3592.29	62.759	0.786224
XM_047448400.1	3093	2865.29	0	0
XM_047448401.1	3290	3062.29	4.99909	0.073466
XM_047448402.1	3377	3149.29	0	0
XM_047448403.1	2769	2541.29	0	0
XM_047448404.1	1738	1510.29	0	0
XM_047448405.1	1717	1489.29	0.0775915	0.00234464
XM_047448406.1	2266	2038.29	6.43846	0.142154
XM_047448407.1	2273	2045.29	0.058543	0.00128813
XM_047448408.1	2663	2435.29	0	0
XM_047448409.1	2113	1885.29	2.49025e-05	5.94438e-07
XM_047448410.1	1978	1750.29	0	0
XM_047448411.1	1703	1475.29	0	0
XM_047448412.1	2217	1989.29	0	0
XM_047448413.1	5742	5514.29	38.5636	0.314724
XM_047448414.1	6222	5994.29	18.9671	0.142398
XM_047448415.1	6130	5902.29	0	0
XM_047448416.1	2970	2742.29	12.7907	0.209905
XM_047448417.1	2517	2289.29	0	0
XM_047448418.1	1746	1518.29	0	0
XM_047448419.1	1506	1278.29	28.8326	1.01507
XM_047448420.1	1435	1207.29	0.588244	0.0219274
XM_047448421.1	1214	986.293	0	0
XM_047448422.1	1359	1131.29	84.6862	3.36884
XM_047448423.1	1207	979.293	0	0
XM_047448424.1	1139	911.293	0	0
XM_047448425.1	1954	1726.29	0	0
XM_047448426.1	1643	1415.29	84.9447	2.70105
XM_047448427.1	1883	1655.29	10.1781	0.276716
XM_047448428.1	5292	5064.29	3.38126	0.030047
XM_047448429.1	2262	2034.29	0	0
XM_047448430.1	3407	3179.29	4.61649	0.0653467
XM_047448431.1	3628	3400.29	0	0
XM_047448432.1	1806	1578.29	64.749	1.84624
XM_047448433.1	1877	1649.29	364.811	9.95434
XM_047448434.1	1797	1569.29	0	0
XM_047448435.1	7826	7598.29	0.0242114	0.000143399
XM_047448436.1	3359	3131.29	0	0
XM_047448437.1	3263	3035.29	14.025	0.207943
XM_047448438.1	2381	2153.29	2.52164	0.0527015
XM_047448439.1	1017	789.293	0	0
XM_047448440.1	5807	5579.29	17.5491	0.141553
XM_047448441.1	1962	1734.29	0	0
XM_047448442.1	10967	10739.3	8.02512	0.0336293
XM_047448443.1	10964	10736.3	1.59146	0.00667088
XM_047448444.1	10955	10727.3	29.3153	0.122983
XM_047448445.1	8274	8046.29	0	0
XM_047448446.1	10940	10712.3	3.97123	0.0166834
XM_047448447.1	8318	8090.29	1.22706e-08	6.82566e-11
XM_047448448.1	10937	10709.3	0.789502	0.00331768
XM_047448449.1	8018	7790.29	34.4264	0.198875
XM_047448450.1	10892	10664.3	1.36655	0.0057668
XM_047448451.1	10889	10661.3	0.914186	0.00385893
XM_047448452.1	8204	7976.29	0	0
XM_047448453.1	8201	7973.29	0	0
XM_047448454.1	8260	8032.29	0	0
XM_047448455.1	8261	8033.29	1.09302e-08	6.1232e-11
XM_047448456.1	10865	10637.3	0.675794	0.00285907
XM_047448457.1	8181	7953.29	0	0
XM_047448459.1	8108	7880.29	0	0
XM_047448460.1	7895	7667.29	0.299001	0.00175498
XM_047448462.1	7868	7640.29	0.111573	0.000657193
XM_047448466.1	11637	11409.3	0	0
XM_047448467.1	10609	10381.3	0.0414348	0.00017962
XM_047448468.1	12577	12349.3	8.40969	0.0306464
XM_047448469.1	8500	8272.29	0	0
XM_047448470.1	10162	9934.29	0	0
XM_047448471.1	10861	10633.3	0	0
XM_047448472.1	8275	8047.29	53.5881	0.299682
XM_047448473.1	7619	7391.29	0	0
XM_047448474.1	7097	6869.29	0	0
XM_047448475.1	8069	7841.29	0	0
XM_047448476.1	8280	8052.29	91.5279	0.511536
XM_047448477.1	11580	11352.3	0	0
XM_047448478.1	11580	11352.3	0	0
XM_047448479.1	7058	6830.29	0	0
XM_047448480.1	7027	6799.29	0.00162179	1.07343e-05
XM_047448481.1	7040	6812.29	0.000118197	7.80827e-07
XM_047448482.1	7562	7334.29	0.0018263	1.12062e-05
XM_047448483.1	11541	11313.3	0	0
XM_047448484.1	8404	8176.29	83.6041	0.460165
XM_047448485.1	11541	11313.3	0	0
XM_047448486.1	11523	11295.3	1.66775e-06	6.64472e-09
XM_047448487.1	7523	7295.29	179.391	1.10662
XM_047448488.1	7001	6773.29	28.2453	0.187667
XM_047448489.1	7523	7295.29	0	0
XM_047448490.1	7001	6773.29	0	0
XM_047448491.1	12043	11815.3	68.7933	0.262026
XM_047448492.1	6970	6742.29	3.94325e-05	2.63202e-07
XM_047448493.1	6746	6518.29	103.121	0.711958
XM_047448494.1	8444	8216.29	0	0
XM_047448495.1	11484	11256.3	43.7053	0.174735
XM_047448496.1	7466	7238.29	90.6096	0.563353
XM_047448497.1	6944	6716.29	66.2178	0.443698
XM_047448498.1	8348	8120.29	49.7102	0.275497
XM_047448499.1	6313	6085.29	9.89625e-09	7.31866e-11
XM_047448500.1	9994	9766.29	0	0
XM_047448501.1	9937	9709.29	0	0
XM_047448502.1	5384	5156.29	0	0
XM_047448503.1	9898	9670.29	0	0
XM_047448504.1	5345	5117.29	243.189	2.13868
XM_047448505.1	5288	5060.29	287.374	2.55572
XM_047448506.1	8090	7862.29	164.217	0.939965
XM_047448507.1	7761	7533.29	28.3172	0.169164
XM_047448508.1	7735	7507.29	19.4349	0.116504
XM_047448509.1	6778	6550.29	0.0850583	0.000584384
XM_047448510.1	6985	6757.29	0.000365322	2.43302e-06
XM_047448511.1	4725	4497.29	3.20077e-05	3.20292e-07
XM_047448512.1	4688	4460.29	6.6587	0.0671844
XM_047448513.1	4648	4420.29	0.324644	0.0033052
XM_047448514.1	6523	6295.29	0	0
XM_047448515.1	2250	2022.29	68.4202	1.52259
XM_047448516.1	1561	1333.29	0	0
XM_047448517.1	1531	1303.29	0	0
XM_047448518.1	921	693.293	3.33655	0.216582
XM_047448519.1	1164	936.293	0.299549	0.0143979
XM_047448520.1	4095	3867.29	0.00608178	7.07727e-05
XM_047448521.1	2904	2676.29	203.767	3.42644
XM_047448522.1	1488	1260.29	3.73194	0.133262
XM_047448523.1	3091	2863.29	0	0
XM_047448524.1	3131	2903.29	0	0
XM_047448525.1	2886	2658.29	1.65977e-05	2.80987e-07
XM_047448526.1	2291	2063.29	18.6477	0.406731
XM_047448527.1	6551	6323.29	12.4754	0.0887879
XM_047448528.1	6548	6320.29	18.9167	0.134694
XM_047448529.1	1458	1230.29	0	0
XM_047448530.1	6303	6075.29	0	0
XM_047448531.1	6364	6136.29	0	0
XM_047448532.1	6300	6072.29	0	0
XM_047448533.1	6220	5992.29	0	0
XM_047448534.1	3923	3695.29	5.14891	0.062706
XM_047448535.1	3920	3692.29	10.6515	0.129825
XM_047448536.1	3627	3399.29	1.61375	0.0213644
XM_047448537.1	3547	3319.29	0.233271	0.0031627
XM_047448538.1	3624	3396.29	3.64288	0.0482705
XM_047448539.1	1396	1168.29	50.8	1.95684
XM_047448540.1	3544	3316.29	0.54186	0.0073532
XM_047448541.1	6953	6725.29	68.5725	0.458861
XM_047448542.1	3526	3298.29	0	0
XM_047448543.1	2782	2554.29	0	0
XM_047448544.1	1162	934.293	5.6194	0.270675
XM_047448545.1	1315	1087.29	5.84854	0.242071
XM_047448546.1	3922	3694.29	0	0
XM_047448547.1	3919	3691.29	0	0
XM_047448548.1	3868	3640.29	0	0
XM_047448549.1	3865	3637.29	0	0
XM_047448550.1	1372	1144.29	0	0
XM_047448551.1	3938	3710.29	40.1345	0.486802
XM_047448552.1	3770	3542.29	39.4901	0.501702
XM_047448553.1	3040	2812.29	35.1211	0.562017
XM_047448554.1	2730	2502.29	0	0
XM_047448555.1	800	572.487	0	0
XM_047448556.1	2315	2087.29	17.0186	0.366929
XM_047448557.1	2302	2074.29	2.46642e-05	5.35106e-07
XM_047448558.1	2137	1909.29	5.26407e-07	1.24077e-08
XM_047448559.1	770	542.487	6.1056	0.506502
XM_047448560.1	1405	1177.29	21.7276	0.830558
XM_047448561.1	1167	939.293	49.8968	2.39064
XM_047448562.1	3251	3023.29	0	0
XM_047448563.1	697	469.994	35.8487	3.4326
XM_047448564.1	5235	5007.29	7.68144	0.069037
XM_047448565.1	2280	2052.29	0	0
XM_047448566.1	2410	2182.29	17.8335	0.367761
XM_047448567.1	2215	1987.29	0	0
XM_047448568.1	2276	2048.29	41.8552	0.919601
XM_047448569.1	1600	1372.29	420.856	13.8016
XM_047448570.1	2051	1823.29	36.6908	0.905613
XM_047448571.1	2211	1983.29	84.8176	1.9246
XM_047448572.1	2181	1953.29	0	0
XM_047448573.1	1986	1758.29	86.0467	2.20234
XM_047448574.1	1575	1347.29	64.6235	2.15859
XM_047448575.1	4585	4357.29	0	0
XM_047448576.1	1216	988.293	0	0
XM_047448577.1	929	701.293	0	0
XM_047448578.1	3452	3224.29	21.5762	0.30115
XM_047448579.1	3489	3261.29	9.28564	0.128134
XM_047448580.1	2535	2307.29	21.9083	0.427314
XM_047448581.1	5566	5338.29	19.4549	0.164009
XM_047448582.1	5603	5375.29	11.2269	0.0939942
XM_047448583.1	3354	3126.29	0	0
XM_047448585.1	3159	2931.29	0	0
XM_047448586.1	3032	2804.29	0	0
XM_047448587.1	1966	1738.29	0	0
XM_047448588.1	2175	1947.29	6.94518	0.160507
XM_047448589.1	2147	1919.29	0	0
XM_047448590.1	1609	1381.29	20.3871	0.664221
XM_047448591.1	2096	1868.29	0	0
XM_047448592.1	3084	2856.29	0	0
XM_047448593.1	3169	2941.29	0	0
XM_047448594.1	3634	3406.29	34.8332	0.460207
XM_047448595.1	3277	3049.29	65.1714	0.961835
XM_047448596.1	1963	1735.29	0	0
XM_047448597.1	9136	8908.29	0	0
XM_047448598.1	9869	9641.29	2.87426	0.0134163
XM_047448599.1	8937	8709.29	54.495	0.281589
XM_047448600.1	9779	9551.29	0.0961744	0.000453148
XM_047448601.1	4430	4202.29	0	0
XM_047448602.1	4032	3804.29	0.330322	0.00390757
XM_047448603.1	3834	3606.29	0.0018835	2.35043e-05
XM_047448604.1	5996	5768.29	356.324	2.77997
XM_047448605.1	1963	1735.29	228.1	5.91555
XM_047448606.1	5897	5669.29	146.777	1.16512
XM_047448608.1	1794	1566.29	1	0.0287322
XM_047448609.1	1860	1632.29	0	0
XM_047448610.1	1641	1413.29	0	0
XM_047448611.1	1531	1303.29	0	0
XM_047448612.1	2364	2136.29	18.4746	0.389185
XM_047448613.1	4212	3984.29	28.3954	0.320729
XM_047448614.1	2447	2219.29	46.4277	0.941467
XM_047448615.1	2589	2361.29	119.676	2.28086
XM_047448616.1	2390	2162.29	0	0
XM_047448617.1	3789	3561.29	355.78	4.4959
XM_047448618.1	1972	1744.29	63.4762	1.6377
XM_047448619.1	2177	1949.29	0	0
XM_047448620.1	2109	1881.29	0	0
XM_047448621.1	1980	1752.29	63.0508	1.6193
XM_047448622.1	1976	1748.29	99.1412	2.55201
XM_047448623.1	2875	2647.29	0	0
XM_047448624.1	1024	796.293	0	0
XM_047448625.1	1434	1206.29	0	0
XM_047448626.1	1007	779.293	0	0
XM_047448627.1	4533	4305.29	0	0
XM_047448628.1	2678	2450.29	19.9104	0.365682
XM_047448629.1	2196	1968.29	0	0
XM_047448630.1	2193	1965.29	0	0
XM_047448631.1	3482	3254.29	42.1861	0.583385
XM_047448632.1	2102	1874.29	0	0
XM_047448633.1	2149	1921.29	0	0
XM_047448634.1	1513	1285.29	0	0
XM_047448635.1	1342	1114.29	0	0
XM_047448636.1	1334	1106.29	0	0
XM_047448637.1	5598	5370.29	0	0
XM_047448638.1	3932	3704.29	5.21479	0.063354
XM_047448639.1	3610	3382.29	0	0
XM_047448640.1	5001	4773.29	26.7995	0.252669
XM_047448641.1	8825	8597.29	11.9085	0.0623357
XM_047448642.1	11387	11159.3	68.2389	0.275193
XM_047448643.1	3921	3693.29	0	0
XM_047448644.1	5657	5429.29	0	0
XM_047448645.1	12879	12651.3	0	0
XM_047448646.1	9112	8884.29	0	0
XM_047448647.1	887	659.427	4.74547	0.323858
XM_047448648.1	2082	1854.29	106.363	2.58138
XM_047448649.1	2958	2730.29	1.704e-07	2.80868e-09
XM_047448650.1	2981	2753.29	40.1125	0.655646
XM_047448651.1	3185	2957.29	2.31703	0.0352597
XM_047448652.1	1837	1609.29	5.72058	0.159973
XM_047448653.1	6424	6196.29	11.3349	0.0823243
XM_047448654.1	6424	6196.29	11.3349	0.0823243
XM_047448655.1	4817	4589.29	84.0193	0.823902
XM_047448656.1	5075	4847.29	0	0
XM_047448657.1	3686	3458.29	0	0
XM_047448658.1	2353	2125.29	9.62181	0.203742
XM_047448659.1	2048	1820.29	0	0
XM_047448660.1	1883	1655.29	0	0
XM_047448661.1	6900	6672.29	0	0
XM_047448662.1	6534	6306.29	0	0
XM_047448663.1	7484	7256.29	0	0
XM_047448664.1	6735	6507.29	0	0
XM_047448665.1	7319	7091.29	0	0
XM_047448666.1	2174	1946.29	11.6302	0.268919
XM_047448667.1	2880	2652.29	36.2147	0.614476
XM_047448668.1	1342	1114.29	2.92654	0.118194
XM_047448669.1	9189	8961.29	0	0
XM_047448670.1	9132	8904.29	0	0
XM_047448671.1	8799	8571.29	0	0
XM_047448672.1	8718	8490.29	0	0
XM_047448673.1	8576	8348.29	0	0
XM_047448674.1	8652	8424.29	0	0
XM_047448675.1	572	347.526	0	0
XM_047448676.1	8649	8421.29	0	0
XM_047448677.1	8514	8286.29	0	0
XM_047448678.1	8724	8496.29	0	0
XM_047448679.1	5463	5235.29	6.90149	0.0593258
XM_047448680.1	6379	6151.29	0	0
XM_047448681.1	3798	3570.29	5.54683	0.069917
XM_047448682.1	3249	3021.29	0	0
XM_047448683.1	6209	5981.29	0	0
XM_047448684.1	962	734.293	55.4685	3.39953
XM_047448685.1	1258	1030.29	0	0
XM_047448686.1	1046	818.293	1.41348e-06	7.77361e-08
XM_047448687.1	1693	1465.29	91.0627	2.79678
XM_047448688.1	1591	1363.29	0	0
XM_047448689.1	1466	1238.29	18.9307	0.687995
XM_047448690.1	1609	1381.29	0	0
XM_047448691.1	1507	1279.29	0	0
XM_047448692.1	1549	1321.29	179.876	6.12654
XM_047448693.1	1447	1219.29	69.859	2.57844
XM_047448694.1	1413	1185.29	6.6095	0.250949
XM_047448695.1	1315	1087.29	97.5855	4.03907
XM_047448696.1	1166	938.293	23.2279	1.11407
XM_047448697.1	1364	1136.29	0	0
XM_047448698.1	1220	992.293	10.005	0.453752
XM_047448699.1	3636	3408.29	0	0
XM_047448700.1	3363	3135.29	52.3922	0.752022
XM_047448701.1	1964	1736.29	28.1649	0.730006
XM_047448702.1	8538	8310.29	0	0
XM_047448703.1	1399	1171.29	0.704993	0.027087
XM_047448704.1	1519	1291.29	0	0
XM_047448705.1	8455	8227.29	0	0
XM_047448706.1	6691	6463.29	0	0
XM_047448707.1	6674	6446.29	0	0
XM_047448708.1	5522	5294.29	16.9527	0.144103
XM_047448709.1	3274	3046.29	0	0
XM_047448710.1	2513	2285.29	7.73594	0.15234
XM_047448711.1	2917	2689.29	0	0
XM_047448712.1	2913	2685.29	15.0939	0.25296
XM_047448713.1	1902	1674.29	4.46714	0.120072
XM_047448714.1	1194	966.293	8.27298	0.385297
XM_047448715.1	1191	963.293	0	0
XM_047448716.1	1307	1079.29	0	0
XM_047448717.1	4172	3944.29	744.57	8.4953
XM_047448718.1	4758	4530.29	70.9573	0.704877
XM_047448719.1	2072	1844.29	0.0528286	0.00128908
XM_047448721.1	7839	7611.29	0	0
XM_047448722.1	6748	6520.29	0	0
XM_047448723.1	3076	2848.29	35.8374	0.566231
XM_047448724.1	7469	7241.29	30.2254	0.187844
XM_047448725.1	1937	1709.29	0	0
XM_047448726.1	2671	2443.29	0	0
XM_047448727.1	1916	1688.29	2.73277	0.0728447
XM_047448728.1	1085	857.293	40.0107	2.10034
XM_047448729.1	3249	3021.29	52.4185	0.780789
XM_047448730.1	821	593.487	0	0
XM_047448731.1	4515	4287.29	317.402	3.33173
XM_047448732.1	1117	889.293	29.0164	1.46839
XM_047448733.1	1387	1159.29	75.8571	2.94473
XM_047448734.1	6273	6045.29	0	0
XM_047448735.1	6017	5789.29	0	0
XM_047448736.1	6017	5789.29	0	0
XM_047448738.1	3579	3351.29	0	0
XM_047448739.1	3531	3303.29	0.000924109	1.25898e-05
XM_047448740.1	12358	12130.3	0	0
XM_047448741.1	9686	9458.29	0	0
XM_047448742.1	9447	9219.29	11.6986	0.0571054
XM_047448743.1	9374	9146.29	5.52588	0.0271894
XM_047448744.1	4970	4742.29	0	0
XM_047448745.1	4731	4503.29	53.2241	0.531888
XM_047448746.1	4508	4280.29	0	0
XM_047448747.1	8213	7985.29	0	0
XM_047448748.1	2020	1792.29	3.27521	0.082238
XM_047448749.1	12719	12491.3	156.963	0.565498
XM_047448750.1	12671	12443.3	44.8859	0.162337
XM_047448751.1	1538	1310.29	30.6151	1.0515
XM_047448752.1	10948	10720.3	10.113	0.0424536
XM_047448753.1	5087	4859.29	0	0
XM_047448754.1	24802	24574.3	8.22885	0.0150696
XM_047448755.1	7649	7421.29	87.6064	0.531249
XM_047448756.1	7686	7458.29	11.6071	0.0700368
XM_047448757.1	24520	24292.3	2.33294	0.00432192
XM_047448758.1	4054	3826.29	0	0
XM_047448759.1	6019	5791.29	0	0
XM_047448760.1	1900	1672.29	12.6739	0.341067
XM_047448761.1	2704	2476.29	1	0.0181736
XM_047448762.1	6194	5966.29	31.28	0.235942
XM_047448763.1	1466	1238.29	0	0
XM_047448764.1	3724	3496.29	2.61879	0.0337082
XM_047448765.1	2713	2485.29	0	0
XM_047448766.1	2660	2432.29	0	0
XM_047448767.1	3301	3073.29	0	0
XM_047448768.1	1433	1205.29	19.9143	0.743559
XM_047448769.1	2857	2629.29	0	0
XM_047448770.1	1250	1022.29	0.0124485	0.000548002
XM_047448771.1	2486	2258.29	0	0
XM_047448772.1	3362	3134.29	8.82364	0.126692
XM_047448773.1	2109	1881.29	0	0
XM_047448774.1	2737	2509.29	0	0
XM_047448775.1	9952	9724.29	0.02942	0.000136153
XM_047448776.1	9486	9258.29	0	0
XM_047448777.1	9727	9499.29	0	0
XM_047448778.1	2621	2393.29	0.946462	0.0177971
XM_047448779.1	9692	9464.29	0	0
XM_047448780.1	9724	9496.29	0	0
XM_047448781.1	9624	9396.29	0	0
XM_047448782.1	9621	9393.29	0	0
XM_047448783.1	2185	1957.29	6.86498	0.157843
XM_047448784.1	9454	9226.29	0	0
XM_047448785.1	9451	9223.29	0	0
XM_047448786.1	4341	4113.29	0	0
XM_047448787.1	11953	11725.3	9.24933	0.0355
XM_047448788.1	1791	1563.29	2	0.0575747
XM_047448789.1	7678	7450.29	26.7553	0.161614
XM_047448790.1	7765	7537.29	0	0
XM_047448791.1	7640	7412.29	0	0
XM_047448792.1	7611	7383.29	0	0
XM_047448793.1	7735	7507.29	0	0
XM_047448794.1	7953	7725.29	0	0
XM_047448795.1	7628	7400.29	0	0
XM_047448796.1	7522	7294.29	0	0
XM_047448797.1	7550	7322.29	0	0
XM_047448798.1	7630	7402.29	0	0
XM_047448799.1	7524	7296.29	0	0
XM_047448800.1	7658	7430.29	0	0
XM_047448801.1	7385	7157.29	0	0
XM_047448802.1	7493	7265.29	0	0
XM_047448803.1	7424	7196.29	51.0263	0.3191
XM_047448804.1	7500	7272.29	0	0
XM_047448805.1	7452	7224.29	0	0
XM_047448806.1	7465	7237.29	0	0
XM_047448807.1	7623	7395.29	0	0
XM_047448808.1	7791	7563.29	0	0
XM_047448809.1	7602	7374.29	0	0
XM_047448810.1	7944	7716.29	0	0
XM_047448811.1	7357	7129.29	0	0
XM_047448812.1	7589	7361.29	0	0
XM_047448813.1	7486	7258.29	0	0
XM_047448814.1	7747	7519.29	0	0
XM_047448815.1	7920	7692.29	0	0
XM_047448816.1	7744	7516.29	0	0
XM_047448817.1	7598	7370.29	0	0
XM_047448818.1	7649	7421.29	0	0
XM_047448819.1	8356	8128.29	47.9737	0.265611
XM_047448820.1	1397	1169.29	0	0
XM_047448821.1	5767	5539.29	1044.94	8.48942
XM_047448822.1	3996	3768.29	16.9155	0.202014
XM_047448823.1	1246	1018.29	28.507	1.25986
XM_047448824.1	8478	8250.29	44.1573	0.240866
XM_047448825.1	8803	8575.29	0.00410439	2.15398e-05
XM_047448826.1	9045	8817.29	15.4387	0.0787984
XM_047448827.1	8603	8375.29	0.00141195	7.58686e-06
XM_047448828.1	9329	9101.29	24.9031	0.123138
XM_047448829.1	11334	11106.3	7.25123	0.0293822
XM_047448830.1	8746	8518.29	84.8308	0.448171
XM_047448831.1	9418	9190.29	0.000196679	9.63099e-07
XM_047448832.1	8503	8275.29	287.227	1.56201
XM_047448833.1	22212	21984.3	23.6875	0.0484896
XM_047448834.1	8248	8020.29	0.00155698	8.73643e-06
XM_047448835.1	11047	10819.3	84.0997	0.349815
XM_047448836.1	11277	11049.3	7.12833	0.0290332
XM_047448837.1	11131	10903.3	19.9115	0.0821843
XM_047448838.1	11104	10876.3	42.0977	0.174188
XM_047448839.1	5256	5028.29	27.9608	0.250249
XM_047448840.1	2271	2043.29	0	0
XM_047448841.1	2169	1941.29	14.3263	0.332113
XM_047448842.1	1998	1770.29	27.9162	0.709665
XM_047448843.1	3199	2971.29	0	0
XM_047448844.1	706	478.9	0	0
XM_047448845.1	531	308.697	108.516	15.8199
XM_047448846.1	4228	4000.29	0	0
XM_047448847.1	4120	3892.29	0	0
XM_047448848.1	1941	1713.29	33.0882	0.869128
XM_047448849.1	3634	3406.29	28.3534	0.374598
XM_047448850.1	1263	1035.29	0	0
XM_047448851.1	2248	2020.29	0	0
XM_047448852.1	5623	5395.29	18.7876	0.156711
XM_047448853.1	9797	9569.29	0	0
XM_047448854.1	9914	9686.29	0	0
XM_047448855.1	9613	9385.29	0	0
XM_047448856.1	11058	10830.3	0	0
XM_047448857.1	9649	9421.29	0	0
XM_047448858.1	9396	9168.29	0	0
XM_047448859.1	11371	11143.3	0	0
XM_047448860.1	11109	10881.3	0	0
XM_047448861.1	10433	10205.3	0	0
XM_047448862.1	10428	10200.3	0	0
XM_047448863.1	3728	3500.29	1	0.0128569
XM_047448864.1	2807	2579.29	127.007	2.21601
XM_047448865.1	2221	1993.29	124.887	2.81959
XM_047448866.1	2655	2427.29	19.7821	0.366768
XM_047448867.1	2635	2407.29	22.1651	0.414366
XM_047448868.1	2632	2404.29	11.2238	0.210084
XM_047448869.1	2643	2415.29	0	0
XM_047448870.1	2704	2476.29	0	0
XM_047448871.1	9011	8783.29	0	0
XM_047448872.1	8927	8699.29	0	0
XM_047448873.1	5604	5376.29	0	0
XM_047448874.1	12237	12009.3	0	0
XM_047448875.1	4618	4390.29	33.2143	0.340466
XM_047448876.1	5007	4779.29	53.4381	0.503187
XM_047448877.1	4513	4285.29	79.4425	0.834286
XM_047448878.1	4458	4230.29	78.0193	0.829992
XM_047448879.1	4455	4227.29	4.09553e-06	4.36004e-08
XM_047448881.1	4437	4209.29	1.18055e-05	1.26217e-07
XM_047448882.1	4701	4473.29	1.06074e-05	1.06715e-07
XM_047448883.1	3122	2894.29	0	0
XM_047448884.1	3144	2916.29	0	0
XM_047448885.1	2859	2631.29	4.71057e-07	8.0565e-09
XM_047448886.1	2828	2600.29	5.36419	0.0928377
XM_047448887.1	2986	2758.29	0	0
XM_047448888.1	3679	3451.29	407.1	5.30838
XM_047448889.1	6238	6010.29	54.3357	0.406848
XM_047448890.1	6187	5959.29	28.1204	0.212358
XM_047448891.1	3514	3286.29	238.161	3.26142
XM_047448892.1	6064	5836.29	8.73809	0.0673786
XM_047448893.1	6013	5785.29	0	0
XM_047448894.1	5625	5397.29	0	0
XM_047448895.1	2685	2457.29	0	0
XM_047448896.1	2622	2394.29	0	0
XM_047448897.1	1597	1369.29	15.7784	0.518572
XM_047448898.1	2322	2094.29	17.4901	0.375835
XM_047448900.1	914	686.293	25.2722	1.6572
XM_047448901.1	2278	2050.29	0	0
XM_047448902.1	8251	8023.29	22.4409	0.125872
XM_047448903.1	3532	3304.29	7.55076	0.102838
XM_047448904.1	9171	8943.29	5.27279	0.0265329
XM_047448905.1	7182	6954.29	2.14725	0.0138954
XM_047448906.1	7149	6921.29	1458.9	9.48595
XM_047448907.1	7384	7156.29	0	0
XM_047448908.1	7176	6948.29	0.00241079	1.56144e-05
XM_047448909.1	7386	7158.29	52.1834	0.328069
XM_047448910.1	7060	6832.29	805.639	5.3066
XM_047448911.1	7152	6924.29	8.75115e-06	5.68764e-08
XM_047448912.1	7296	7068.29	7.39965	0.0471128
XM_047448913.1	7051	6823.29	1042.55	6.87615
XM_047448914.1	7121	6893.29	0.000872653	5.69714e-06
XM_047448915.1	7092	6864.29	0.282514	0.0018522
XM_047448916.1	7367	7139.29	75.4983	0.475909
XM_047448917.1	7359	7131.29	49.3677	0.311542
XM_047448918.1	9042	8814.29	8.59915	0.0439046
XM_047448919.1	1694	1466.29	0	0
XM_047448920.1	910	682.293	5.41743	0.357326
XM_047448921.1	4318	4090.29	11.4814	0.126323
XM_047448922.1	4051	3823.29	0	0
XM_047448923.1	4157	3929.29	219.989	2.51958
XM_047448924.1	3969	3741.29	0	0
XM_047448925.1	3831	3603.29	0	0
XM_047448926.1	3928	3700.29	510.858	6.21307
XM_047448927.1	3891	3663.29	0	0
XM_047448928.1	2505	2277.29	18.8842	0.373183
XM_047448929.1	2649	2421.29	29.2898	0.544392
XM_047448930.1	2911	2683.29	0.449282	0.00753517
XM_047448931.1	1394	1166.29	0.0111492	0.00043021
XM_047448932.1	6478	6250.29	0	0
XM_047448933.1	3614	3386.29	62.0217	0.824255
XM_047448934.1	1219	991.293	20.2947	0.921347
XM_047448935.1	3541	3313.29	0	0
XM_047448936.1	3541	3313.29	0	0
XM_047448937.1	6439	6211.29	0	0
XM_047448938.1	3669	3441.29	102.971	1.34659
XM_047448939.1	6436	6208.29	0	0
XM_047448940.1	7779	7551.29	0	0
XM_047448941.1	10921	10693.3	0	0
XM_047448942.1	8166	7938.29	0	0
XM_047448943.1	7943	7715.29	0	0
XM_047448944.1	7976	7748.29	0	0
XM_047448945.1	7817	7589.29	0	0
XM_047448946.1	7935	7707.29	0	0
XM_047448947.1	7826	7598.29	565.185	3.34747
XM_047448948.1	6382	6154.29	0	0
XM_047448949.1	8193	7965.29	34.5893	0.195426
XM_047448950.1	6379	6151.29	0	0
XM_047448951.1	2785	2557.29	0	0
XM_047448952.1	3644	3416.29	0	0
XM_047448953.1	3527	3299.29	0	0
XM_047448954.1	2681	2453.29	0	0
XM_047448955.1	2917	2689.29	0	0
XM_047448956.1	6259	6031.29	0	0
XM_047448957.1	6373	6145.29	0	0
XM_047448958.1	6148	5920.29	41.5527	0.315862
XM_047448959.1	6863	6635.29	27.8404	0.188824
XM_047448960.1	6220	5992.29	2.63675e-06	1.98024e-08
XM_047448961.1	6337	6109.29	0	0
XM_047448962.1	6319	6091.29	0	0
XM_047448963.1	1347	1119.29	0	0
XM_047448964.1	6316	6088.29	0	0
XM_047448965.1	6280	6052.29	0	0
XM_047448966.1	6277	6049.29	0	0
XM_047448967.1	6274	6046.29	0	0
XM_047448968.1	2871	2643.29	0.000335845	5.71789e-06
XM_047448969.1	6271	6043.29	0	0
XM_047448970.1	3122	2894.29	3.68695	0.057328
XM_047448971.1	3065	2837.29	23.3442	0.370268
XM_047448972.1	3049	2821.29	4.02008	0.0641253
XM_047448973.1	2745	2517.29	0.000612976	1.09585e-05
XM_047448974.1	2844	2616.29	0	0
XM_047448975.1	6217	5989.29	0	0
XM_047448976.1	2441	2213.29	0	0
XM_047448977.1	2637	2409.29	0	0
XM_047448978.1	2516	2288.29	0	0
XM_047448979.1	1997	1769.29	7.36913	0.187438
XM_047448980.1	2333	2105.29	0	0
XM_047448981.1	6040	5812.29	0	0
XM_047448982.1	12687	12459.3	123.753	0.446998
XM_047448983.1	12640	12412.3	2.62361	0.00951239
XM_047448984.1	12529	12301.3	5.22311	0.0191082
XM_047448985.1	6028	5800.29	0	0
XM_047448986.1	12481	12253.3	33.6497	0.123587
XM_047448987.1	12430	12202.3	20.4772	0.0755218
XM_047448988.1	12382	12154.3	133.481	0.494232
XM_047448989.1	2826	2598.29	93.3353	1.61659
XM_047448990.1	2655	2427.29	4.56649e-07	8.46647e-09
XM_047448991.1	1623	1395.29	0	0
XM_047448992.1	5986	5758.29	0	0
XM_047448993.1	4428	4200.29	0	0
XM_047448994.1	5983	5755.29	0	0
XM_047448995.1	5980	5752.29	0	0
XM_047448996.1	5652	5424.29	6.83594	0.0567149
XM_047448997.1	5929	5701.29	0	0
XM_047448998.1	5805	5577.29	2.90315e-05	2.34255e-07
XM_047448999.1	5592	5364.29	0	0
XM_047449000.1	5991	5763.29	17.497	0.136627
XM_047449001.1	5637	5409.29	1.26716e-05	1.05423e-07
XM_047449002.1	5610	5382.29	0	0
XM_047449003.1	5655	5427.29	0	0
XM_047449004.1	5929	5701.29	0	0
XM_047449005.1	6081	5853.29	3.37946	0.025983
XM_047449006.1	5681	5453.29	33.9608	0.28026
XM_047449007.1	5472	5244.29	0	0
XM_047449008.1	5871	5643.29	0	0
XM_047449009.1	5517	5289.29	0	0
XM_047449010.1	5244	5016.29	0	0
XM_047449011.1	5513	5285.29	22.8718	0.194748
XM_047449012.1	5926	5698.29	0	0
XM_047449013.1	5289	5061.29	0	0
XM_047449014.1	1768	1540.29	123.632	3.61218
XM_047449015.1	1873	1645.29	4.1487e-05	1.13478e-06
XM_047449016.1	5923	5695.29	0	0
XM_047449017.1	3132	2904.29	0	0
XM_047449018.1	5920	5692.29	0	0
XM_047449019.1	2247	2019.29	0	0
XM_047449020.1	3051	2823.29	0	0
XM_047449021.1	2128	1900.29	8.28833	0.196286
XM_047449022.1	1851	1623.29	1.56988	0.0435224
XM_047449023.1	2655	2427.29	0	0
XM_047449024.1	1839	1611.29	0	0
XM_047449025.1	1842	1614.29	0	0
XM_047449026.1	5899	5671.29	0	0
XM_047449027.1	6206	5978.29	15.779	0.118781
XM_047449028.1	5887	5659.29	0	0
XM_047449029.1	3106	2878.29	3.64166	0.0569386
XM_047449030.1	2369	2141.29	0	0
XM_047449031.1	1668	1440.29	0	0
XM_047449032.1	2986	2758.29	0.000123984	2.02287e-06
XM_047449033.1	1609	1381.29	41.5405	1.3534
XM_047449034.1	1531	1303.29	10.84	0.374307
XM_047449035.1	5860	5632.29	29.4566	0.235364
XM_047449036.1	7614	7386.29	12.0148	0.0732038
XM_047449037.1	2865	2637.29	0	0
XM_047449038.1	2264	2036.29	15.8544	0.350391
XM_047449039.1	5857	5629.29	0	0
XM_047449040.1	2592	2364.29	7.20821	0.137205
XM_047449041.1	5830	5602.29	0	0
XM_047449042.1	3176	2948.29	8.76057	0.133722
XM_047449043.1	5827	5599.29	0	0
XM_047449044.1	3501	3273.29	9.38095	0.128975
XM_047449045.1	5824	5596.29	0	0
XM_047449046.1	5821	5593.29	0	0
XM_047449047.1	5803	5575.29	0	0
XM_047449048.1	5800	5572.29	0	0
XM_047449049.1	5797	5569.29	0	0
XM_047449050.1	2693	2465.29	38.4708	0.702271
XM_047449051.1	2339	2111.29	26.8826	0.573013
XM_047449052.1	1777	1549.29	0	0
XM_047449053.1	5794	5566.29	0	0
XM_047449054.1	3675	3447.29	1.08383	0.014149
XM_047449055.1	3472	3244.29	76.3218	1.0587
XM_047449056.1	5767	5539.29	0	0
XM_047449057.1	10897	10669.3	3.08227	0.013001
XM_047449058.1	4162	3934.29	0	0
XM_047449059.1	4414	4186.29	0	0
XM_047449060.1	5764	5536.29	0	0
XM_047449061.1	5737	5509.29	0	0
XM_047449062.1	4241	4013.29	81.9407	0.918843
XM_047449063.1	7669	7441.29	0	0
XM_047449064.1	2977	2749.29	515.251	8.43413
XM_047449065.1	9813	9585.29	1.26652	0.00594631
XM_047449066.1	2526	2298.29	0.000131722	2.57927e-06
XM_047449067.1	2412	2184.29	0	0
XM_047449068.1	2373	2145.29	4.82589	0.101235
XM_047449069.1	2370	2142.29	17.1357	0.359969
XM_047449070.1	2358	2130.29	0.0116174	0.000245421
XM_047449071.1	2328	2100.29	6.51968	0.139698
XM_047449072.1	2325	2097.29	16.2793	0.349316
XM_047449073.1	2295	2067.29	8.50749	0.1852
XM_047449074.1	2289	2061.29	113.927	2.48731
XM_047449075.1	2286	2058.29	8.69892	0.190196
XM_047449077.1	2253	2025.29	1.35126	0.0300258
XM_047449078.1	2250	2022.29	2.74562	0.0610996
XM_047449079.1	2238	2010.29	0.000553919	1.24002e-05
XM_047449080.1	2199	1971.29	7.10638	0.162233
XM_047449081.1	7031	6803.29	17.0444	0.112747
XM_047449082.1	6977	6749.29	66.582	0.443957
XM_047449083.1	6923	6695.29	3.79405	0.0255021
XM_047449084.1	1872	1644.29	16.1655	0.442438
XM_047449085.1	5642	5414.29	2.63125	0.0218707
XM_047449086.1	1067	839.293	296.498	15.8983
XM_047449087.1	1528	1300.29	73.3703	2.53934
XM_047449088.1	2616	2388.29	0	0
XM_047449089.1	947	719.293	0	0
XM_047449090.1	5483	5255.29	19.1164	0.163701
XM_047449093.1	5753	5525.29	0	0
XM_047449094.1	5744	5516.29	0	0
XM_047449095.1	5738	5510.29	0	0
XM_047449096.1	5732	5504.29	0	0
XM_047449097.1	5708	5480.29	0	0
XM_047449098.1	5702	5474.29	0	0
XM_047449099.1	5684	5456.29	0	0
XM_047449100.1	5585	5357.29	0	0
XM_047449101.1	5570	5342.29	0	0
XM_047449102.1	5567	5339.29	0	0
XM_047449103.1	5555	5327.29	0	0
XM_047449104.1	10943	10715.3	0	0
XM_047449105.1	5495	5267.29	0	0
XM_047449106.1	5420	5192.29	0	0
XM_047449107.1	5408	5180.29	0	0
XM_047449108.1	5342	5114.29	0	0
XM_047449109.1	5546	5318.29	0	0
XM_047449110.1	2835	2607.29	9.57008	0.165184
XM_047449111.1	2796	2568.29	0	0
XM_047449112.1	6494	6266.29	0	0
XM_047449113.1	2891	2663.29	0	0
XM_047449114.1	2888	2660.29	0	0
XM_047449115.1	6063	5835.29	0.965053	0.0074427
XM_047449116.1	6176	5948.29	0	0
XM_047449117.1	2647	2419.29	446.099	8.29822
XM_047449118.1	5913	5685.29	0	0
XM_047449119.1	8123	7895.29	1.62962	0.00928882
XM_047449120.1	2566	2338.29	0	0
XM_047449121.1	2532	2304.29	0.0625397	0.00122141
XM_047449122.1	2649	2421.29	0	0
XM_047449123.1	2501	2273.29	0	0
XM_047449124.1	2733	2505.29	17.5356	0.314995
XM_047449125.1	1232	1004.29	36.7279	1.6458
XM_047449126.1	1317	1089.29	0.000215853	8.91776e-06
XM_047449127.1	1315	1087.29	2.19014	0.09065
XM_047449128.1	8096	7868.29	0	0
XM_047449129.1	8078	7850.29	0	0
XM_047449130.1	8024	7796.29	0.137129	0.000791558
XM_047449131.1	3638	3410.29	0	0
XM_047449132.1	3835	3607.29	0	0
XM_047449133.1	3686	3458.29	0	0
XM_047449134.1	8297	8069.29	75.4118	0.420578
XM_047449135.1	3354	3126.29	6.60704	0.0951085
XM_047449136.1	3620	3392.29	0	0
XM_047449137.1	3432	3204.29	0	0
XM_047449138.1	3522	3294.29	0	0
XM_047449139.1	10580	10352.3	0	0
XM_047449140.1	12623	12395.3	2.36871	0.00859998
XM_047449142.1	2515	2287.29	0	0
XM_047449143.1	1380	1152.29	0	0
XM_047449144.1	11571	11343.3	16.2828	0.0646
XM_047449145.1	8847	8619.29	0	0
XM_047449146.1	8731	8503.29	0	0
XM_047449147.1	4614	4386.29	0	0
XM_047449148.1	1698	1470.29	14.528	0.444677
XM_047449149.1	13088	12860.3	0	0
XM_047449150.1	12920	12692.3	23.1262	0.0819987
XM_047449151.1	12474	12246.3	0	0
XM_047449152.1	15899	15671.3	2.28955e-05	6.57489e-08
XM_047449153.1	2341	2113.29	38.3015	0.81564
XM_047449154.1	7885	7657.29	23.5024	0.138127
XM_047449155.1	7122	6894.29	3.8099	0.0248694
XM_047449156.1	7011	6783.29	27.8323	0.184651
XM_047449157.1	16131	15903.3	0	0
XM_047449158.1	16095	15867.3	3.16613e-06	8.97982e-09
XM_047449159.1	16056	15828.3	23.2669	0.0661526
XM_047449160.1	12608	12380.3	0.000151008	5.48923e-07
XM_047449161.1	12551	12323.3	9.15551	0.0334347
XM_047449162.1	8381	8153.29	0	0
XM_047449163.1	8243	8015.29	0	0
XM_047449164.1	14095	13867.3	0	0
XM_047449165.1	5049	4821.29	0	0
XM_047449166.1	4011	3783.29	0	0
XM_047449167.1	3168	2940.29	0	0
XM_047449168.1	6370	6142.29	51.3755	0.376416
XM_047449169.1	1463	1235.29	0.000852342	3.10518e-05
XM_047449170.1	1579	1351.29	0.00212502	7.07712e-05
XM_047449171.1	6342	6114.29	1121.38	8.2537
XM_047449172.1	1558	1330.29	114.664	3.87902
XM_047449173.1	4231	4003.29	0	0
XM_047449174.1	6603	6375.29	0	0
XM_047449175.1	4227	3999.29	0	0
XM_047449176.1	4271	4043.29	0	0
XM_047449177.1	4228	4000.29	0	0
XM_047449178.1	4222	3994.29	6.3514e-07	7.15602e-09
XM_047449179.1	4325	4097.29	0	0
XM_047449180.1	4219	3991.29	7.97927e-07	8.99688e-09
XM_047449181.1	4120	3892.29	0	0
XM_047449182.1	4117	3889.29	0	0
XM_047449183.1	4113	3885.29	0	0
XM_047449184.1	4121	3893.29	0.000510611	5.90222e-06
XM_047449185.1	3949	3721.29	4.65339e-07	5.62753e-09
XM_047449186.1	4350	4122.29	39.783	0.434311
XM_047449187.1	3908	3680.29	0	0
XM_047449188.1	4004	3776.29	0	0
XM_047449189.1	3847	3619.29	0	0
XM_047449190.1	3844	3616.29	0	0
XM_047449191.1	3272	3044.29	0	0
XM_047449192.1	3761	3533.29	37.7912	0.481342
XM_047449193.1	17493	17265.3	40.0681	0.10444
XM_047449194.1	2105	1877.29	23.272	0.557884
XM_047449195.1	2102	1874.29	0	0
XM_047449196.1	1794	1566.29	12.4736	0.358394
XM_047449197.1	2523	2295.29	10.2304	0.200584
XM_047449198.1	1480	1252.29	0	0
XM_047449199.1	1508	1280.29	0	0
XM_047449200.1	2220	1992.29	0	0
XM_047449201.1	4167	3939.29	9.66256	0.110387
XM_047449202.1	3571	3343.29	0	0
XM_047449203.1	3529	3301.29	0	0
XM_047449204.1	3433	3205.29	15.9032	0.223285
XM_047449205.1	3191	2963.29	0	0
XM_047449206.1	3267	3039.29	109.177	1.61659
XM_047449207.1	3068	2840.29	176.477	2.79619
XM_047449208.1	3195	2967.29	0	0
XM_047449209.1	4000	3772.29	0	0
XM_047449210.1	3628	3400.29	0	0
XM_047449211.1	3480	3252.29	4.10496	0.0568018
XM_047449212.1	3493	3265.29	0	0
XM_047449213.1	3797	3569.29	0	0
XM_047449214.1	3826	3598.29	9.99377	0.12499
XM_047449215.1	3438	3210.29	7.67667	0.107614
XM_047449216.1	3612	3384.29	0	0
XM_047449217.1	3376	3148.29	0	0
XM_047449218.1	3405	3177.29	0	0
XM_047449219.1	5670	5442.29	0	0
XM_047449220.1	6256	6028.29	0	0
XM_047449221.1	5509	5281.29	0	0
XM_047449222.1	6084	5856.29	0	0
XM_047449223.1	6050	5822.29	0	0
XM_047449224.1	5526	5298.29	0	0
XM_047449225.1	5513	5285.29	0	0
XM_047449226.1	5927	5699.29	0	0
XM_047449227.1	6651	6423.29	3.98122	0.0278933
XM_047449228.1	6771	6543.29	0	0
XM_047449229.1	6468	6240.29	0	0
XM_047449230.1	4021	3793.29	0	0
XM_047449231.1	3425	3197.29	0	0
XM_047449233.1	2523	2295.29	44.2593	0.867779
XM_047449234.1	5509	5281.29	236.551	2.0157
XM_047449236.1	2233	2005.29	0	0
XM_047449237.1	2245	2017.29	0	0
XM_047449238.1	2901	2673.29	10.4922	0.176629
XM_047449239.1	1208	980.293	230.565	10.5847
XM_047449240.1	3297	3069.29	0	0
XM_047449241.1	3018	2790.29	27.5458	0.44427
XM_047449242.1	2882	2654.29	0	0
XM_047449243.1	4738	4510.29	0	0
XM_047449244.1	3035	2807.29	16.4655	0.263955
XM_047449245.1	2876	2648.29	0	0
XM_047449246.1	8028	7800.29	5.82851e-08	3.36271e-10
XM_047449247.1	8188	7960.29	99.2646	0.561187
XM_047449248.1	1786	1558.29	0	0
XM_047449249.1	8750	8522.29	0	0
XM_047449250.1	2209	1981.29	23.7124	0.538602
XM_047449251.1	2115	1887.29	47.334	1.12869
XM_047449252.1	1457	1229.29	6.70328	0.2454
XM_047449253.1	1214	986.293	5.93807	0.270945
XM_047449254.1	5200	4972.29	0	0
XM_047449255.1	3356	3128.29	170.465	2.45229
XM_047449256.1	4943	4715.29	3.39759e-07	3.24268e-09
XM_047449257.1	3087	2859.29	0	0
XM_047449258.1	3001	2773.29	26.4622	0.42941
XM_047449259.1	3392	3164.29	0	0
XM_047449260.1	3447	3219.29	0	0
XM_047449261.1	3603	3375.29	0	0
XM_047449262.1	3430	3202.29	0	0
XM_047449263.1	3815	3587.29	49.7752	0.624436
XM_047449264.1	1957	1729.29	0	0
XM_047449265.1	1769	1541.29	0	0
XM_047449266.1	9542	9314.29	75.3818	0.364216
XM_047449267.1	7532	7304.29	104.241	0.64225
XM_047449268.1	9801	9573.29	101.762	0.478371
XM_047449269.1	5967	5739.29	0.177073	0.00138847
XM_047449270.1	6067	5839.29	0.0363751	0.000280341
XM_047449271.1	6313	6085.29	0	0
XM_047449272.1	5699	5471.29	0	0
XM_047449273.1	5674	5446.29	0	0
XM_047449274.1	5993	5765.29	5.82085	0.0454367
XM_047449275.1	5946	5718.29	4.41039	0.0347099
XM_047449276.1	6118	5890.29	4.01063	0.0306421
XM_047449277.1	6093	5865.29	3.29783	0.0253035
XM_047449278.1	6046	5818.29	0.856147	0.00662209
XM_047449279.1	5443	5215.29	16.5381	0.142708
XM_047449280.1	5490	5262.29	20.0556	0.171515
XM_047449281.1	5590	5362.29	11.5953	0.0973135
XM_047449282.1	5955	5727.29	0.00539658	4.24044e-05
XM_047449283.1	3703	3475.29	0	0
XM_047449284.1	6627	6399.29	1.58223e-06	1.11271e-08
XM_047449285.1	6847	6619.29	0	0
XM_047449286.1	6630	6402.29	3.35738	0.0235997
XM_047449287.1	6832	6604.29	0	0
XM_047449288.1	6835	6607.29	1.02367	0.00697233
XM_047449289.1	6745	6517.29	0	0
XM_047449290.1	6718	6490.29	0.271139	0.00188005
XM_047449291.1	6564	6336.29	368.927	2.62028
XM_047449292.1	6887	6659.29	174.881	1.18184
XM_047449293.1	6558	6330.29	145.436	1.03393
XM_047449294.1	6652	6424.29	29.0952	0.203816
XM_047449295.1	6857	6629.29	0	0
XM_047449296.1	6534	6306.29	4.59253e-08	3.27733e-10
XM_047449297.1	6863	6635.29	0	0
XM_047449298.1	6763	6535.29	0	0
XM_047449299.1	6769	6541.29	99.57	0.685026
XM_047449300.1	7048	6820.29	0	0
XM_047449301.1	6658	6430.29	3.67333e-08	2.57082e-10
XM_047449302.1	6796	6568.29	0	0
XM_047449303.1	6739	6511.29	0	0
XM_047449304.1	6561	6333.29	0.000162338	1.15354e-06
XM_047449305.1	6601	6373.29	24.1771	0.170719
XM_047449306.1	6884	6656.29	0	0
XM_047449307.1	14156	13928.3	0	0
XM_047449308.1	6660	6432.29	46.6272	0.326224
XM_047449309.1	6766	6538.29	0	0
XM_047449310.1	6860	6632.29	0	0
XM_047449311.1	6685	6457.29	0	0
XM_047449312.1	6679	6451.29	0	0
XM_047449313.1	6719	6491.29	8.75629e-06	6.0706e-08
XM_047449314.1	6542	6314.29	7.6591e-08	5.45878e-10
XM_047449315.1	6655	6427.29	0	0
XM_047449316.1	7008	6780.29	0	0
XM_047449317.1	6672	6444.29	0	0
XM_047449318.1	6890	6662.29	0	0
XM_047449319.1	6773	6545.29	0	0
XM_047449320.1	2977	2749.29	0	0
XM_047449321.1	3101	2873.29	0	0
XM_047449322.1	2912	2684.29	0	0
XM_047449323.1	4589	4361.29	43.5258	0.449132
XM_047449324.1	5243	5015.29	29.268	0.262627
XM_047449325.1	10755	10527.3	0	0
XM_047449326.1	10688	10460.3	50.6187	0.217776
XM_047449327.1	10478	10250.3	3.42653e-08	1.50439e-10
XM_047449328.1	10440	10212.3	48.531	0.213864
XM_047449329.1	10236	10008.3	62.9306	0.282972
XM_047449330.1	9895	9667.29	0.200662	0.000934121
XM_047449331.1	6315	6087.29	0	0
XM_047449332.1	6301	6073.29	22.5236	0.1669
XM_047449333.1	8860	8632.29	0	0
XM_047449334.1	8595	8367.29	0.000118593	6.37847e-07
XM_047449335.1	8532	8304.29	0	0
XM_047449336.1	8523	8295.29	16.5867	0.0899851
XM_047449337.1	6802	6574.29	0	0
XM_047449338.1	2646	2418.29	0	0
XM_047449339.1	7854	7626.29	0	0
XM_047449340.1	7839	7611.29	0	0
XM_047449341.1	7774	7546.29	0.906646	0.00540687
XM_047449342.1	7715	7487.29	0	0
XM_047449343.1	7576	7348.29	128.344	0.786014
XM_047449344.1	14380	14152.3	0	0
XM_047449345.1	7675	7447.29	31.0639	0.187715
XM_047449346.1	7834	7606.29	0	0
XM_047449347.1	7804	7576.29	0	0
XM_047449348.1	7789	7561.29	0	0
XM_047449349.1	7290	7062.29	3.03572e-08	1.93446e-10
XM_047449350.1	7363	7135.29	0	0
XM_047449351.1	14261	14033.3	0	0
XM_047449352.1	7346	7118.29	0	0
XM_047449353.1	7754	7526.29	2.40723	0.0143939
XM_047449354.1	7695	7467.29	0	0
XM_047449355.1	7556	7328.29	340.369	2.09021
XM_047449356.1	7526	7298.29	33.5255	0.206726
XM_047449357.1	7650	7422.29	0	0
XM_047449358.1	7620	7392.29	0	0
XM_047449359.1	7617	7389.29	34.8483	0.212237
XM_047449360.1	7270	7042.29	8.12846e-08	5.19442e-10
XM_047449361.1	7283	7055.29	0	0
XM_047449362.1	14085	13857.3	0	0
XM_047449363.1	3690	3462.29	238.466	3.0996
XM_047449364.1	3687	3459.29	206.51	2.68656
XM_047449365.1	3570	3342.29	39.7328	0.534992
XM_047449366.1	3567	3339.29	20.0726	0.270514
XM_047449367.1	1447	1219.29	0	0
XM_047449368.1	13848	13620.3	2.79776e-06	9.24415e-09
XM_047449369.1	3900	3672.29	0	0
XM_047449370.1	3447	3219.29	0	0
XM_047449371.1	5688	5460.29	0	0
XM_047449372.1	3475	3247.29	0	0
XM_047449373.1	3862	3634.29	46.4684	0.575413
XM_047449374.1	5350	5122.29	35.2084	0.309331
XM_047449375.1	5974	5746.29	43.5862	0.341353
XM_047449376.1	5575	5347.29	147.065	1.2377
XM_047449377.1	5416	5188.29	0	0
XM_047449378.1	4252	4024.29	0	0
XM_047449379.1	4021	3793.29	0	0
XM_047449380.1	3146	2918.29	0	0
XM_047449381.1	5132	4904.29	0	0
XM_047449382.1	4953	4725.29	0.00871122	8.29646e-05
XM_047449383.1	3586	3358.29	0	0
XM_047449384.1	1425	1197.29	0	0
XM_047449385.1	5221	4993.29	0	0
XM_047449386.1	4481	4253.29	161.377	1.70749
XM_047449387.1	4128	3900.29	155.154	1.79022
XM_047449388.1	4092	3864.29	3.19716	0.0372337
XM_047449389.1	14359	14131.3	0	0
XM_047449390.1	5306	5078.29	0	0
XM_047449391.1	14088	13860.3	0	0
XM_047449392.1	13851	13623.3	2.06861e-06	6.83344e-09
XM_047449393.1	11172	10944.3	3.28256e-07	1.34979e-09
XM_047449394.1	5181	4953.29	0	0
XM_047449395.1	14252	14024.3	0	0
XM_047449396.1	14133	13905.3	0	0
XM_047449397.1	14070	13842.3	0	0
XM_047449398.1	13720	13492.3	1.1718	0.00390849
XM_047449399.1	1814	1586.29	0	0
XM_047449400.1	1939	1711.29	95.2791	2.50562
XM_047449401.1	11041	10813.3	4.85497	0.0202056
XM_047449402.1	5187	4959.29	0	0
XM_047449403.1	5478	5250.29	0	0
XM_047449404.1	1581	1353.29	40.8707	1.35913
XM_047449405.1	3035	2807.29	6.75889e-06	1.0835e-07
XM_047449406.1	3071	2843.29	0	0
XM_047449407.1	3011	2783.29	45.3787	0.733729
XM_047449408.1	2878	2650.29	23.6304	0.401253
XM_047449409.1	3008	2780.29	4.65724	0.0753843
XM_047449410.1	2875	2647.29	5.44586	0.0925778
XM_047449411.1	15260	15032.3	0	0
XM_047449412.1	15139	14911.3	82.5939	0.249273
XM_047449413.1	14882	14654.3	0	0
XM_047449414.1	14294	14066.3	20.3425	0.0650828
XM_047449415.1	15170	14942.3	86.0593	0.259193
XM_047449416.1	6119	5891.29	31.8114	0.243004
XM_047449417.1	1898	1670.29	1.01927	0.0274625
XM_047449418.1	1387	1159.29	0	0
XM_047449419.1	1672	1444.29	0	0
XM_047449420.1	5981	5753.29	225.446	1.76347
XM_047449421.1	1064	836.293	3	0.161438
XM_047449422.1	2657	2429.29	0	0
XM_047449423.1	7424	7196.29	0	0
XM_047449424.1	5159	4931.29	5.22992	0.0477283
XM_047449425.1	950	722.293	1.00152	0.0624006
XM_047449426.1	10984	10756.3	0.00209071	8.74728e-06
XM_047449427.1	10926	10698.3	14.5198	0.0610787
XM_047449428.1	3304	3076.29	5.73016	0.0838265
XM_047449429.1	2537	2309.29	0	0
XM_047449430.1	354	155.786	0	0
XM_047449431.1	938	710.293	0	0
XM_047449432.1	576	351.35	0	0
XM_047449433.1	4691	4463.29	24.9051	0.251117
XM_047449434.1	756	528.701	10.0267	0.853473
XM_047449435.1	2868	2640.29	10.0291	0.170943
XM_047449436.1	4983	4755.29	44.1826	0.418135
XM_047449437.1	770	542.487	1	0.082957
XM_047449438.1	1082	854.293	14.4398	0.76067
XM_047449439.1	2445	2217.29	35	0.710374
XM_047449440.1	6321	6093.29	5.22001	0.0385533
XM_047449441.1	1336	1108.29	0	0
XM_047449442.1	7703	7475.29	1	0.00602024
XM_047449443.1	2844	2616.29	0	0
XM_047449444.1	2826	2598.29	0	0
XM_047449445.1	2573	2345.29	51.902	0.995931
XM_047449446.1	6851	6623.29	14.8161	0.10067
XM_047449447.1	6172	5944.29	5.41777	0.0410169
XM_047449448.1	6185	5957.29	22.4076	0.169273
XM_047449449.1	6103	5875.29	18.5327	0.141955
XM_047449450.1	3767	3539.29	0	0
XM_047449451.1	3677	3449.29	0	0
XM_047449452.1	7480	7252.29	0	0
XM_047449453.1	3590	3362.29	0	0
XM_047449454.1	3728	3500.29	2.01594	0.0259188
XM_047449455.1	4183	3955.29	0	0
XM_047449456.1	3527	3299.29	0	0
XM_047449457.1	7393	7165.29	0	0
XM_047449458.1	7390	7162.29	0	0
XM_047449459.1	7923	7695.29	0	0
XM_047449460.1	4033	3805.29	0	0
XM_047449461.1	3566	3338.29	2.1904	0.0295285
XM_047449462.1	3509	3281.29	0	0
XM_047449463.1	7836	7608.29	0	0
XM_047449464.1	7833	7605.29	0	0
XM_047449465.1	3615	3387.29	0	0
XM_047449466.1	14475	14247.3	0	0
XM_047449467.1	7284	7056.29	0	0
XM_047449468.1	18278	18050.3	0	0
XM_047449469.1	7139	6911.29	0	0
XM_047449470.1	5234	5006.29	113.706	1.02214
XM_047449471.1	13744	13516.3	89.2934	0.297306
XM_047449472.1	3440	3212.29	0	0
XM_047449473.1	3279	3051.29	0	0
XM_047449474.1	13554	13326.3	0.000126126	4.2593e-07
XM_047449475.1	2991	2763.29	119.179	1.94096
XM_047449476.1	1056	828.293	76.3127	4.14624
XM_047449477.1	915	687.293	18.9778	1.24264
XM_047449478.1	5067	4839.29	0	0
XM_047449479.1	5695	5467.29	3.23959	0.0266662
XM_047449480.1	5740	5512.29	0	0
XM_047449481.1	5569	5341.29	1.36443	0.011496
XM_047449482.1	5656	5428.29	0	0
XM_047449483.1	5352	5124.29	0	0
XM_047449484.1	5064	4836.29	0.000386086	3.59264e-06
XM_047449485.1	4979	4751.29	36.8089	0.348645
XM_047449486.1	5251	5023.29	0	0
XM_047449487.1	4727	4499.29	0	0
XM_047449488.1	5201	4973.29	84.774	0.767116
XM_047449489.1	13452	13224.3	0.000155662	5.29726e-07
XM_047449490.1	1715	1487.29	86.4387	2.6155
XM_047449491.1	906	678.293	120.542	7.99768
XM_047449492.1	2520	2292.29	0	0
XM_047449493.1	1618	1390.29	15.5813	0.50436
XM_047449494.1	1041	813.293	36.4358	2.01615
XM_047449495.1	2049	1821.29	56.7945	1.40336
XM_047449496.1	6851	6623.29	22.4265	0.15238
XM_047449497.1	7254	7026.29	0	0
XM_047449498.1	7106	6878.29	49.9936	0.327097
XM_047449499.1	4038	3810.29	0	0
XM_047449500.1	5765	5537.29	493.517	4.01095
XM_047449501.1	4034	3806.29	0	0
XM_047449502.1	1960	1732.29	0	0
XM_047449503.1	1710	1482.29	0	0
XM_047449504.1	1943	1715.29	22.1162	0.58025
XM_047449505.1	18823	18595.3	29.9876	0.072574
XM_047449506.1	2101	1873.29	3.17042	0.0761646
XM_047449507.1	1839	1611.29	0	0
XM_047449508.1	8246	8018.29	0.840791	0.00471898
XM_047449509.1	7693	7465.29	0	0
XM_047449510.1	3006	2778.29	0	0
XM_047449511.1	2515	2287.29	2.77964	0.0546902
XM_047449512.1	5118	4890.29	0	0
XM_047449513.1	4983	4755.29	0	0
XM_047449514.1	5028	4800.29	14.9984	0.140611
XM_047449515.1	5015	4787.29	0	0
XM_047449516.1	5012	4784.29	0	0
XM_047449517.1	4877	4649.29	0	0
XM_047449518.1	4874	4646.29	0	0
XM_047449519.1	4792	4564.29	36.6972	0.361828
XM_047449520.1	4694	4466.29	0	0
XM_047449521.1	4691	4463.29	0	0
XM_047449522.1	4027	3799.29	0	0
XM_047449523.1	3034	2806.29	336.329	5.39353
XM_047449525.1	1279	1051.29	1073.02	45.9331
XM_047449526.1	6732	6504.29	13.3307	0.0922347
XM_047449527.1	7746	7518.29	3.93555	0.0235575
XM_047449528.1	2660	2432.29	2.00038	0.0370117
XM_047449529.1	6387	6159.29	0	0
XM_047449530.1	6387	6159.29	395.479	2.88958
XM_047449531.1	2466	2238.29	0.000472961	9.50934e-06
XM_047449532.1	2576	2348.29	0.228713	0.0043831
XM_047449533.1	8307	8079.29	42.9821	0.239418
XM_047449534.1	8262	8034.29	98.6508	0.55258
XM_047449535.1	8178	7950.29	2.32022	0.0131338
XM_047449536.1	8175	7947.29	4534.29	25.6763
XM_047449537.1	1535	1307.29	0	0
XM_047449538.1	8094	7866.29	74.2064	0.424535
XM_047449539.1	8049	7821.29	173.371	0.997565
XM_047449540.1	8046	7818.29	323.38	1.86141
XM_047449541.1	8016	7788.29	434.715	2.51191
XM_047449542.1	27591	27363.3	124.027	0.203981
XM_047449543.1	1470	1242.29	0	0
XM_047449544.1	693	466.041	0	0
XM_047449545.1	1435	1207.29	0	0
XM_047449546.1	6252	6024.29	0	0
XM_047449547.1	6489	6261.29	0	0
XM_047449548.1	6298	6070.29	0	0
XM_047449549.1	7421	7193.29	0	0
XM_047449550.1	6353	6125.29	0	0
XM_047449551.1	6014	5786.29	0	0
XM_047449552.1	5541	5313.29	0	0
XM_047449553.1	6170	5942.29	0	0
XM_047449554.1	5102	4874.29	45.5849	0.420873
XM_047449555.1	2010	1782.29	3.67925	0.0929014
XM_047449556.1	1947	1719.29	0	0
XM_047449557.1	2521	2293.29	8.37796e-07	1.64407e-08
XM_047449558.1	2488	2260.29	3.65	0.0726726
XM_047449559.1	1685	1457.29	0	0
XM_047449560.1	3385	3157.29	0	0
XM_047449561.1	2300	2072.29	27.7558	0.602761
XM_047449562.1	1578	1350.29	8.96453	0.298773
XM_047449563.1	4187	3959.29	0	0
XM_047449564.1	3447	3219.29	29.3487	0.41027
XM_047449565.1	3573	3345.29	9.70512	0.13056
XM_047449566.1	7071	6843.29	2.63001	0.0172956
XM_047449567.1	3466	3238.29	35.3968	0.491915
XM_047449568.1	3381	3153.29	12.8628	0.183575
XM_047449569.1	7456	7228.29	0	0
XM_047449570.1	7312	7084.29	0	0
XM_047449571.1	7206	6978.29	0	0
XM_047449572.1	7137	6909.29	0	0
XM_047449573.1	7104	6876.29	0	0
XM_047449574.1	8393	8165.29	2.21553	0.0122109
XM_047449575.1	7372	7144.29	1	0.00629917
XM_047449576.1	3294	3066.29	0	0
XM_047449577.1	3461	3233.29	0	0
XM_047449578.1	3532	3304.29	0	0
XM_047449579.1	4224	3996.29	0	0
XM_047449580.1	4802	4574.29	0.00234646	2.30851e-05
XM_047449581.1	4382	4154.29	0	0
XM_047449582.1	4131	3903.29	0	0
XM_047449583.1	2857	2629.29	168.576	2.88536
XM_047449584.1	6195	5967.29	11.7142	0.0883442
XM_047449585.1	6151	5923.29	0	0
XM_047449586.1	6124	5896.29	0	0
XM_047449587.1	2090	1862.29	0	0
XM_047449588.1	2395	2167.29	39.6112	0.822513
XM_047449589.1	3087	2859.29	1.49297	0.0234981
XM_047449590.1	5836	5608.29	40.7648	0.327112
XM_047449591.1	2944	2716.29	5.49473	0.0910357
XM_047449592.1	2548	2320.29	0	0
XM_047449593.1	2191	1963.29	10.5289	0.241345
XM_047449594.1	2031	1803.29	0	0
XM_047449596.1	1844	1616.29	25.036	0.697088
XM_047449597.1	1315	1087.29	0	0
XM_047449598.1	913	685.293	0	0
XM_047449599.1	773	545.487	60.4917	4.99062
XM_047449600.1	2676	2448.29	0	0
XM_047449601.1	1939	1711.29	0	0
XM_047449602.1	2649	2421.29	18.8232	0.349855
XM_047449603.1	2653	2425.29	0	0
XM_047449604.1	3816	3588.29	0	0
XM_047449605.1	3722	3494.29	0	0
XM_047449606.1	3480	3252.29	0	0
XM_047449607.1	667	440.629	0.420914	0.0429895
XM_047449608.1	930	702.293	0.687295	0.044042
XM_047449609.1	4746	4518.29	508.665	5.06641
XM_047449610.1	4329	4101.29	24.4184	0.267941
XM_047449611.1	9453	9225.29	28.2137	0.137633
XM_047449612.1	3387	3159.29	0	0
XM_047449613.1	1221	993.293	0	0
XM_047449614.1	3566	3338.29	0	0
XM_047449615.1	2629	2401.29	0	0
XM_047449616.1	1385	1157.29	8	0.311092
XM_047449617.1	6666	6438.29	0	0
XM_047449618.1	6308	6080.29	0	0
XM_047449619.1	6500	6272.29	2.90481	0.0208417
XM_047449620.1	6436	6208.29	0	0
XM_047449621.1	6436	6208.29	0	0
XM_047449622.1	6227	5999.29	1.60662	0.0120519
XM_047449623.1	6100	5872.29	0	0
XM_047449624.1	6419	6191.29	2.57354e-07	1.87065e-09
XM_047449625.1	6146	5918.29	4.31658	0.0328235
XM_047449626.1	6355	6127.29	0	0
XM_047449627.1	6100	5872.29	0	0
XM_047449628.1	6277	6049.29	0	0
XM_047449629.1	4417	4189.29	0	0
XM_047449630.1	2696	2468.29	22.9204	0.417896
XM_047449631.1	2832	2604.29	0	0
XM_047449632.1	2825	2597.29	0	0
XM_047449633.1	2797	2569.29	224.712	3.936
XM_047449634.1	7582	7354.29	61.3306	0.3753
XM_047449635.1	7378	7150.29	0	0
XM_047449636.1	8438	8210.29	6.86601	0.0376347
XM_047449637.1	4025	3797.29	49.3886	0.585322
XM_047449638.1	3980	3752.29	18.4612	0.221414
XM_047449639.1	3752	3524.29	0	0
XM_047449640.1	4550	4322.29	9.76995	0.101723
XM_047449641.1	2832	2604.29	0	0
XM_047449642.1	670	443.585	0	0
XM_047449643.1	1241	1013.29	217.684	9.66794
XM_047449644.1	2753	2525.29	0	0
XM_047449645.1	1137	909.293	0	0
XM_047449646.1	41699	41471.3	1.45079e-06	1.57434e-09
XM_047449647.1	1589	1361.29	12.0562	0.398566
XM_047449648.1	1851	1623.29	0	0
XM_047449652.1	3510	3282.29	34.7032	0.475811
XM_047449653.1	3550	3322.29	0	0
XM_047449654.1	3602	3374.29	2.18712	0.0291697
XM_047449655.1	3608	3380.29	0	0
XM_047449656.1	3207	2979.29	0	0
XM_047449657.1	2860	2632.29	0	0
XM_047449658.1	5963	5735.29	12.214	0.0958398
XM_047449659.1	6131	5903.29	0	0
XM_047449660.1	3139	2911.29	0	0
XM_047449661.1	3927	3699.29	8.8715	0.107925
XM_047449662.1	3022	2794.29	0	0
XM_047449663.1	3604	3376.29	0	0
XM_047449664.1	3008	2780.29	0	0
XM_047449665.1	3014	2786.29	0	0
XM_047449666.1	3561	3333.29	0	0
XM_047449667.1	1963	1735.29	23.1857	0.601297
XM_047449668.1	2657	2429.29	4.50939	0.0835372
XM_047449669.1	3413	3185.29	0	0
XM_047449670.1	3407	3179.29	5.87236	0.0831236
XM_047449671.1	2663	2435.29	0	0
XM_047449672.1	5847	5619.29	0	0
XM_047449673.1	2902	2674.29	14.1795	0.238614
XM_047449674.1	937	709.293	10.354	0.656938
XM_047449675.1	937	709.293	0	0
XM_047449676.1	2044	1816.29	0	0
XM_047449677.1	3760	3532.29	18.0191	0.229572
XM_047449678.1	6120	5892.29	28.5746	0.218242
XM_047449679.1	5380	5152.29	0	0
XM_047449680.1	5079	4851.29	0	0
XM_047449681.1	6207	5979.29	4.45597	0.0335378
XM_047449682.1	4403	4175.29	0.00772926	8.33092e-05
XM_047449683.1	4918	4690.29	0	0
XM_047449684.1	4865	4637.29	0.722732	0.00701382
XM_047449685.1	5626	5398.29	6.55764	0.0546681
XM_047449686.1	2401	2173.29	0	0
XM_047449687.1	4736	4508.29	368.519	3.67866
XM_047449688.1	2463	2235.29	89.6048	1.80401
XM_047449689.1	2297	2069.29	49.1542	1.06901
XM_047449690.1	2741	2513.29	105.758	1.89371
XM_047449691.1	2738	2510.29	4.98176	0.0893101
XM_047449692.1	2899	2671.29	0	0
XM_047449693.1	9741	9513.29	50.0479	0.236754
XM_047449694.1	9738	9510.29	22.1171	0.104659
XM_047449695.1	5676	5448.29	6.7826	0.0560245
XM_047449696.1	2497	2269.29	0	0
XM_047449697.1	2824	2596.29	0.563097	0.0097605
XM_047449698.1	2062	1834.29	99.0276	2.42957
XM_047449699.1	2249	2021.29	517.972	11.5324
XM_047449700.1	1784	1556.29	29.0747	0.840748
XM_047449701.1	1667	1439.29	8.46923	0.264812
XM_047449702.1	1664	1436.29	0	0
XM_047449703.1	29307	29079.3	44.5115	0.0688859
XM_047449704.1	4056	3828.29	958.735	11.2703
XM_047449705.1	5365	5137.29	19.7234	0.172778
XM_047449706.1	2481	2253.29	0	0
XM_047449707.1	2602	2374.29	0	0
XM_047449708.1	1546	1318.29	34.2369	1.16876
XM_047449709.1	6040	5812.29	0	0
XM_047449710.1	5644	5416.29	0	0
XM_047449711.1	5542	5314.29	2	0.0169366
XM_047449712.1	2978	2750.29	0	0
XM_047449713.1	6343	6115.29	0	0
XM_047449714.1	6302	6074.29	0	0
XM_047449715.1	6393	6165.29	0	0
XM_047449716.1	6669	6441.29	48.2405	0.33704
XM_047449717.1	6283	6055.29	0	0
XM_047449718.1	5982	5754.29	12.7673	0.09985
XM_047449719.1	6013	5785.29	7.62994	0.0593523
XM_047449720.1	859	631.427	0	0
XM_047449721.1	676	449.451	0	0
XM_047449722.1	832	604.427	122.953	9.15453
XM_047449731.1	4379	4151.29	11.5298	0.124992
XM_047449732.1	10582	10354.3	10.8674	0.0472333
XM_047449733.1	4189	3961.29	0	0
XM_047449734.1	4027	3799.29	1.98291	0.0234878
XM_047449735.1	4185	3957.29	8.34366	0.0948857
XM_047449736.1	3858	3630.29	0	0
XM_047449737.1	4233	4005.29	16.7146	0.187803
XM_047449738.1	3991	3763.29	2.91988	0.0349171
XM_047449739.1	10546	10318.3	12.9782	0.0566042
XM_047449740.1	4197	3969.29	24.4931	0.277698
XM_047449741.1	4146	3918.29	0	0
XM_047449742.1	4850	4622.29	43.546	0.423968
XM_047449743.1	6518	6290.29	9.1497	0.0654603
XM_047449744.1	6334	6106.29	0	0
XM_047449745.1	6273	6045.29	0	0
XM_047449746.1	6323	6095.29	0	0
XM_047449747.1	2614	2386.29	21.9988	0.414876
XM_047449748.1	690	463.088	54.4094	5.28753
XM_047449749.1	4459	4231.29	0	0
XM_047449750.1	4664	4436.29	15.3485	0.1557
XM_047449751.1	1537	1309.29	0	0
XM_047449752.1	1405	1177.29	13.0511	0.498889
XM_047449753.1	1331	1103.29	24.6215	1.0043
XM_047449754.1	4390	4162.29	0	0
XM_047449755.1	4826	4598.29	5.40443	0.0528927
XM_047449756.1	4214	3986.29	0	0
XM_047449757.1	8857	8629.29	1.76911	0.00922618
XM_047449758.1	1411	1183.29	83.0904	3.1601
XM_047449759.1	1276	1048.29	0	0
XM_047449760.1	4428	4200.29	1.41189e-07	1.51274e-09
XM_047449761.1	4648	4420.29	138.222	1.40725
XM_047449762.1	8006	7778.29	0	0
XM_047449763.1	7916	7688.29	0	0
XM_047449765.1	1503	1275.29	7.43711	0.262444
XM_047449766.1	1242	1014.29	9.34804	0.414762
XM_047449767.1	2070	1842.29	0	0
XM_047449768.1	4338	4110.29	0	0
XM_047449769.1	13268	13040.3	142.162	0.490611
XM_047449770.1	6867	6639.29	26.5665	0.180075
XM_047449771.1	7537	7309.29	0	0
XM_047449772.1	7192	6964.29	60.2573	0.389381
XM_047449773.1	12617	12389.3	8.36173	0.0303733
XM_047449774.1	16397	16169.3	1352.76	3.76507
XM_047449775.1	11121	10893.3	103.834	0.428968
XM_047449776.1	12433	12205.3	46.7194	0.172263
XM_047449777.1	12571	12343.3	127.663	0.465452
XM_047449778.1	12755	12527.3	0	0
XM_047449779.1	11835	11607.3	82.1105	0.318354
XM_047449780.1	11973	11745.3	0	0
XM_047449781.1	12715	12487.3	0	0
XM_047449782.1	7493	7265.29	0	0
XM_047449783.1	11077	10849.3	3.709e-07	1.5385e-09
XM_047449784.1	7255	7027.29	0.0299965	0.000192099
XM_047449785.1	11789	11561.3	0.00492531	1.91721e-05
XM_047449786.1	12692	12464.3	0	0
XM_047449787.1	7209	6981.29	0	0
XM_047449788.1	7211	6983.29	0.0288364	0.000185833
XM_047449789.1	7878	7650.29	0.0107934	6.34926e-05
XM_047449790.1	7051	6823.29	0	0
XM_047449791.1	7165	6937.29	0	0
XM_047449792.1	7071	6843.29	62.3549	0.41006
XM_047449793.1	7658	7430.29	9.02178	0.0546422
XM_047449794.1	7007	6779.29	48.6192	0.32275
XM_047449795.1	11651	11423.3	530.445	2.08973
XM_047449796.1	7005	6777.29	0	0
XM_047449797.1	7027	6799.29	43.773	0.289724
XM_047449798.1	6988	6760.29	0	0
XM_047449799.1	6823	6595.29	242.125	1.65215
XM_047449800.1	13265	13037.3	286.557	0.989158
XM_047449801.1	11118	10890.3	240.472	0.993729
XM_047449802.1	7024	6796.29	169.339	1.12131
XM_047449803.1	6864	6636.29	107.165	0.726721
XM_047449804.1	7068	6840.29	238.026	1.566
XM_047449805.1	7142	6914.29	0	0
XM_047449806.1	6941	6713.29	1.82319e-08	1.22219e-10
XM_047449807.1	7206	6978.29	1.0064e-08	6.49029e-11
XM_047449808.1	13130	12902.3	0	0
XM_047449809.1	2659	2431.29	56.5593	1.04691
XM_047449810.1	12573	12345.3	81.0459	0.295442
XM_047449811.1	3005	2777.29	0	0
XM_047449812.1	2957	2729.29	0	0
XM_047449813.1	2909	2681.29	0	0
XM_047449814.1	2783	2555.29	0	0
XM_047449815.1	2735	2507.29	0	0
XM_047449816.1	2687	2459.29	0	0
XM_047449817.1	2639	2411.29	0	0
XM_047449818.1	3438	3210.29	0	0
XM_047449819.1	3730	3502.29	0	0
XM_047449820.1	4193	3965.29	0	0
XM_047449821.1	4310	4082.29	0	0
XM_047449822.1	4181	3953.29	0.0858358	0.000977129
XM_047449823.1	4181	3953.29	0	0
XM_047449824.1	4178	3950.29	0.000630392	7.18164e-06
XM_047449825.1	4201	3973.29	80.9578	0.91696
XM_047449826.1	4364	4136.29	12.4896	0.135888
XM_047449827.1	2034	1806.29	3.74568	0.0933221
XM_047449828.1	1889	1661.29	52.4505	1.42084
XM_047449829.1	2175	1947.29	0	0
XM_047449830.1	2121	1893.29	3.95676	0.0940511
XM_047449831.1	5118	4890.29	0	0
XM_047449833.1	7771	7543.29	0	0
XM_047449834.1	7699	7471.29	0	0
XM_047449835.1	6139	5911.29	17.3054	0.131748
XM_047449836.1	6115	5887.29	0	0
XM_047449837.1	6109	5881.29	0	0
XM_047449838.1	6106	5878.29	0	0
XM_047449839.1	6034	5806.29	0	0
XM_047449840.1	6031	5803.29	0	0
XM_047449841.1	5947	5719.29	0	0
XM_047449842.1	5831	5603.29	0	0
XM_047449843.1	5780	5552.29	0	0
XM_047449844.1	5708	5480.29	0	0
XM_047449845.1	5624	5396.29	0	0
XM_047449846.1	14891	14663.3	0	0
XM_047449847.1	14894	14666.3	0	0
XM_047449848.1	14791	14563.3	0	0
XM_047449849.1	14794	14566.3	0	0
XM_047449850.1	14762	14534.3	44.4311	0.137574
XM_047449851.1	14648	14420.3	117.405	0.3664
XM_047449852.1	14702	14474.3	0	0
XM_047449853.1	14517	14289.3	8.72515e-05	2.74792e-07
XM_047449854.1	14508	14280.3	0.00105544	3.32612e-06
XM_047449855.1	14484	14256.3	136.981	0.432409
XM_047449856.1	14478	14250.3	9.58474e-07	3.02691e-09
XM_047449857.1	14475	14247.3	1535.34	4.84969
XM_047449858.1	14375	14147.3	196.712	0.62575
XM_047449859.1	14424	14196.3	59.2619	0.187864
XM_047449860.1	14048	13820.3	8.34238e-08	2.71653e-10
XM_047449861.1	4646	4418.29	0	0
XM_047449862.1	4595	4367.29	0	0
XM_047449863.1	5779	5551.29	0	0
XM_047449864.1	5494	5266.29	0	0
XM_047449865.1	5412	5184.29	428.482	3.7195
XM_047449866.1	4740	4512.29	0	0
XM_047449867.1	4099	3871.29	386.579	4.49391
XM_047449868.1	4000	3772.29	171.054	2.04066
XM_047449869.1	1922	1694.29	0	0
XM_047449870.1	1472	1244.29	0	0
XM_047449871.1	4126	3898.29	2.22904e-05	2.57327e-07
XM_047449872.1	4506	4278.29	136.636	1.43727
XM_047449873.1	4555	4327.29	0	0
XM_047449874.1	4392	4164.29	1.22127e-05	1.31982e-07
XM_047449875.1	915	687.293	0.00132679	8.68765e-05
XM_047449876.1	881	653.427	0.000837861	5.77054e-05
XM_047449877.1	4131	3903.29	0	0
XM_047449878.1	866	638.427	46.2101	3.25737
XM_047449879.1	12959	12731.3	11.4601	0.0405096
XM_047449880.1	832	604.427	63.0027	4.69091
XM_047449881.1	4074	3846.29	53.5926	0.627053
XM_047449882.1	4126	3898.29	0	0
XM_047449883.1	2960	2732.29	0	0
XM_047449884.1	2757	2529.29	5.86242	0.104309
XM_047449885.1	2920	2692.29	0	0
XM_047449886.1	2416	2188.29	218.361	4.49068
XM_047449887.1	2338	2110.29	9.47837	0.202131
XM_047449888.1	5904	5676.29	0	0
XM_047449889.1	5823	5595.29	0	0
XM_047449890.1	5897	5669.29	0	0
XM_047449891.1	5547	5319.29	12.5633	0.10629
XM_047449892.1	5448	5220.29	181.414	1.56394
XM_047449893.1	5367	5139.29	0.000342516	2.9993e-06
XM_047449894.1	5328	5100.29	34.4382	0.30387
XM_047449895.1	5286	5058.29	58.8298	0.523403
XM_047449896.1	5205	4977.29	222.488	2.01167
XM_047449897.1	5571	5343.29	72.4205	0.609951
XM_047449898.1	3050	2822.29	3.41111	0.0543921
XM_047449899.1	5658	5430.29	0	0
XM_047449900.1	5655	5427.29	0	0
XM_047449901.1	5655	5427.29	0	0
XM_047449902.1	5598	5370.29	0.34274	0.00287216
XM_047449903.1	5595	5367.29	0.175149	0.00146857
XM_047449904.1	5580	5352.29	0	0
XM_047449905.1	5577	5349.29	0	0
XM_047449906.1	5060	4832.29	0	0
XM_047449907.1	5057	4829.29	0	0
XM_047449908.1	5523	5295.29	0	0
XM_047449909.1	5520	5292.29	0	0
XM_047449910.1	5517	5289.29	0	0
XM_047449911.1	4985	4757.29	0	0
XM_047449912.1	4982	4754.29	0	0
XM_047449913.1	4928	4700.29	0	0
XM_047449914.1	4925	4697.29	0	0
XM_047449915.1	4925	4697.29	0	0
XM_047449916.1	4922	4694.29	0	0
XM_047449917.1	5406	5178.29	0	0
XM_047449918.1	5403	5175.29	0	0
XM_047449919.1	5400	5172.29	0	0
XM_047449920.1	5346	5118.29	0.0732441	0.000644006
XM_047449921.1	4811	4583.29	0	0
XM_047449922.1	4808	4580.29	0	0
XM_047449923.1	4754	4526.29	76.7721	0.763314
XM_047449924.1	4751	4523.29	37.6732	0.374818
XM_047449925.1	4751	4523.29	5.9607	0.0593042
XM_047449926.1	4748	4520.29	2.84168	0.0282911
XM_047449927.1	4733	4505.29	0	0
XM_047449928.1	4730	4502.29	0	0
XM_047449929.1	4929	4701.29	0	0
XM_047449930.1	4744	4516.29	0	0
XM_047449931.1	4075	3847.29	1169.44	13.6793
XM_047449932.1	6667	6439.29	325.513	2.27495
XM_047449933.1	10450	10222.3	0	0
XM_047449934.1	12442	12214.3	0	0
XM_047449935.1	12391	12163.3	0	0
XM_047449936.1	12376	12148.3	0	0
XM_047449937.1	12286	12058.3	0	0
XM_047449938.1	12271	12043.3	0	0
XM_047449939.1	12109	11881.3	0	0
XM_047449940.1	12604	12376.3	0	0
XM_047449941.1	12565	12337.3	0	0
XM_047449942.1	12365	12137.3	0	0
XM_047449943.1	12338	12110.3	0	0
XM_047449944.1	4482	4254.29	0	0
XM_047449945.1	4443	4215.29	0	0
XM_047449946.1	10369	10141.3	0	0
XM_047449947.1	10737	10509.3	19.6061	0.0839577
XM_047449948.1	10599	10371.3	0	0
XM_047449949.1	7197	6969.29	621.984	4.01636
XM_047449950.1	10765	10537.3	18.6824	0.0797895
XM_047449951.1	6914	6686.29	20.3911	0.137245
XM_047449952.1	6917	6689.29	20.2153	0.136001
XM_047449953.1	6839	6611.29	0	0
XM_047449954.1	6744	6516.29	0	0
XM_047449955.1	10548	10320.3	0	0
XM_047449956.1	4654	4426.29	0	0
XM_047449957.1	10225	9997.29	0	0
XM_047449958.1	5040	4812.29	1.33875	0.0125196
XM_047449959.1	1832	1604.29	0	0
XM_047449960.1	1933	1705.29	1.40057	0.0369614
XM_047449961.1	10530	10302.3	164.554	0.718813
XM_047449962.1	8914	8686.29	0	0
XM_047449963.1	26061	25833.3	43.064	0.07502
XM_047449964.1	10321	10093.3	2.21534e-06	9.87756e-09
XM_047449965.1	10437	10209.3	2.71903	0.0119856
XM_047449966.1	4806	4578.29	0	0
XM_047449967.1	10318	10090.3	48.6293	0.216889
XM_047449968.1	12177	11949.3	0	0
XM_047449969.1	11921	11693.3	0	0
XM_047449970.1	7544	7316.29	0.0571532	0.000351554
XM_047449971.1	17156	16928.3	0	0
XM_047449972.1	20476	20248.3	1.86254	0.00413961
XM_047449973.1	20467	20239.3	0	0
XM_047449974.1	20386	20158.3	1.38048	0.0030819
XM_047449975.1	1107	879.293	0	0
XM_047449976.1	1376	1148.29	0	0
XM_047449977.1	967	739.293	0	0
XM_047449979.1	10051	9823.29	92.0773	0.42183
XM_047449980.1	5955	5727.29	88.3449	0.694184
XM_047449981.1	1179	951.293	48.4402	2.29157
XM_047449982.1	9967	9739.29	32.9578	0.152291
XM_047449983.1	4528	4300.29	0	0
XM_047449984.1	4525	4297.29	0	0
XM_047449985.1	4355	4127.29	0	0
XM_047449986.1	4380	4152.29	0	0
XM_047449987.1	4304	4076.29	0	0
XM_047449988.1	4217	3989.29	0	0
XM_047449989.1	9892	9664.29	0	0
XM_047449990.1	9880	9652.29	0	0
XM_047449991.1	9874	9646.29	0	0
XM_047449992.1	4313	4085.29	0	0
XM_047449993.1	4259	4031.29	0	0
XM_047449994.1	1183	955.293	0	0
XM_047449995.1	1260	1032.29	0	0
XM_047449996.1	9847	9619.29	2.84588e-05	1.33142e-07
XM_047449997.1	839	611.427	26.6264	1.95979
XM_047449998.1	1146	918.293	0	0
XM_047449999.1	769	541.541	0	0
XM_047450000.1	9814	9586.29	351.321	1.64929
XM_047450001.1	9796	9568.29	282.152	1.32706
XM_047450002.1	4338	4110.29	34.7608	0.380592
XM_047450003.1	4378	4150.29	0	0
XM_047450004.1	4323	4095.29	0	0
XM_047450005.1	4314	4086.29	7.54522	0.0830968
XM_047450006.1	4311	4083.29	46.3203	0.510509
XM_047450007.1	4281	4053.29	267.813	2.97349
XM_047450008.1	4796	4568.29	0.00295645	2.91245e-05
XM_047450009.1	9751	9523.29	219.883	1.03907
XM_047450010.1	4254	4026.29	0.876703	0.00979918
XM_047450011.1	4763	4535.29	0.00185357	1.83927e-05
XM_047450012.1	4224	3996.29	0.14376	0.00161891
XM_047450013.1	4203	3975.29	142.637	1.61474
XM_047450014.1	4197	3969.29	0.114228	0.0012951
XM_047450015.1	4191	3963.29	76.5513	0.869238
XM_047450016.1	4707	4479.29	0	0
XM_047450017.1	9705	9477.29	17.4612	0.0829147
XM_047450018.1	4164	3936.29	7.27033	0.0831207
XM_047450019.1	4134	3906.29	3.64322	0.0419723
XM_047450020.1	5060	4832.29	56.7205	0.528237
XM_047450021.1	4107	3879.29	1.69456	0.0196583
XM_047450022.1	4101	3873.29	2.23217	0.0259351
XM_047450023.1	4089	3861.29	0.307358	0.00358223
XM_047450024.1	4077	3849.29	0.260581	0.00304653
XM_047450025.1	4074	3846.29	1.72846	0.0202236
XM_047450026.1	4056	3828.29	22.6986	0.266831
XM_047450027.1	3081	2853.29	74.8212	1.1801
XM_047450028.1	4044	3816.29	11.3044	0.133305
XM_047450029.1	3999	3771.29	5.05317	0.0602998
XM_047450030.1	3966	3738.29	0.280257	0.00337384
XM_047450031.1	3966	3738.29	5.3562	0.0644801
XM_047450032.1	3954	3726.29	0.236837	0.00286032
XM_047450033.1	3999	3771.29	0	0
XM_047450034.1	4036	3808.29	18.4693	0.218254
XM_047450035.1	3867	3639.29	22.5834	0.279264
XM_047450036.1	4254	4026.29	0	0
XM_047450037.1	9667	9439.29	150.272	0.716443
XM_047450038.1	10599	10371.3	64.8447	0.281374
XM_047450039.1	25882	25654.3	13.6087	0.0238726
XM_047450040.1	10203	9975.29	369.205	1.66565
XM_047450041.1	10222	9994.29	4.39221	0.0197776
XM_047450042.1	5017	4789.29	8.05963	0.0757331
XM_047450043.1	4578	4350.29	0.44407	0.00459383
XM_047450044.1	5944	5716.29	2.54029	0.0199991
XM_047450045.1	4267	4039.29	31.2102	0.347723
XM_047450046.1	4264	4036.29	1.50122	0.0167381
XM_047450047.1	5630	5402.29	6.82779	0.056878
XM_047450048.1	5191	4963.29	0.514095	0.00466139
XM_047450049.1	3931	3703.29	0	0
XM_047450050.1	4509	4281.29	111.727	1.17442
XM_047450051.1	4596	4368.29	0	0
XM_047450052.1	4599	4371.29	1.43513	0.0147749
XM_047450053.1	3920	3692.29	103.865	1.26595
XM_047450054.1	3917	3689.29	0	0
XM_047450055.1	3847	3619.29	1.83692	0.0228406
XM_047450056.1	3844	3616.29	9.95885e-06	1.23933e-07
XM_047450057.1	3883	3655.29	3.13939e-05	3.86514e-07
XM_047450058.1	3880	3652.29	9.67658e-05	1.19234e-06
XM_047450059.1	3807	3579.29	12.4785	0.156895
XM_047450060.1	4534	4306.29	0.139035	0.00145299
XM_047450061.1	4485	4257.29	482.377	5.09912
XM_047450062.1	1751	1523.29	2.53549	0.0749068
XM_047450063.1	2288	2060.29	24.3699	0.532313
XM_047450064.1	6351	6123.29	457.433	3.3619
XM_047450065.1	6425	6197.29	1.8736e-08	1.36056e-10
XM_047450066.1	5006	4778.29	0.0145929	0.000137439
XM_047450067.1	1151	923.293	58.131	2.83342
XM_047450068.1	6266	6038.29	0	0
XM_047450069.1	7002	6774.29	0.0727135	0.000483052
XM_047450070.1	5230	5002.29	263.754	2.37286
XM_047450071.1	746	518.701	0.464913	0.0403364
XM_047450072.1	746	518.701	0.464913	0.0403364
XM_047450073.1	2006	1778.29	48.2775	1.22175
XM_047450074.1	2343	2115.29	87.3327	1.85801
XM_047450075.1	1507	1279.29	15.8498	0.557564
XM_047450076.1	1412	1184.29	0	0
XM_047450077.1	5352	5124.29	32.5881	0.286198
XM_047450078.1	1892	1664.29	2.73949	0.0740767
XM_047450079.1	2596	2368.29	0	0
XM_047450080.1	1985	1757.29	2.50856	0.0642424
XM_047450081.1	1997	1769.29	18.752	0.476968
XM_047450082.1	1035	807.293	0	0
XM_047450083.1	1065	837.293	0	0
XM_047450084.1	894	666.361	1.29593	0.0875213
XM_047450085.1	2290	2062.29	0	0
XM_047450086.1	2235	2007.29	0	0
XM_047450087.1	2449	2221.29	4.87104	0.0986867
XM_047450088.1	2159	1931.29	20.4204	0.475837
XM_047450089.1	14900	14672.3	0	0
XM_047450090.1	14846	14618.3	0	0
XM_047450091.1	14864	14636.3	0	0
XM_047450092.1	15089	14861.3	0	0
XM_047450093.1	14429	14201.3	0	0
XM_047450094.1	2963	2735.29	0	0
XM_047450095.1	11492	11264.3	0.0720774	0.000287963
XM_047450096.1	5929	5701.29	7.21698e-06	5.69672e-08
XM_047450097.1	11465	11237.3	0	0
XM_047450098.1	11447	11219.3	701.48	2.81379
XM_047450099.1	24708	24480.3	17.9717	0.033038
XM_047450100.1	8226	7998.29	0	0
XM_047450101.1	8388	8160.29	562.525	3.10226
XM_047450102.1	1157	929.293	0	0
XM_047450103.1	4464	4236.29	0	0
XM_047450104.1	4517	4289.29	18.0894	0.189793
XM_047450105.1	5612	5384.29	0	0
XM_047450106.1	4342	4114.29	0	0
XM_047450107.1	4378	4150.29	0	0
XM_047450108.1	3889	3661.29	0.00249677	3.06893e-05
XM_047450109.1	3885	3657.29	0	0
XM_047450110.1	4480	4252.29	55.0751	0.582874
XM_047450111.1	5755	5527.29	166.65	1.35686
XM_047450112.1	4840	4612.29	0	0
XM_047450113.1	3816	3588.29	132.928	1.66713
XM_047450114.1	3926	3698.29	0	0
XM_047450115.1	3859	3631.29	0	0
XM_047450116.1	5377	5149.29	3.25337	0.0284334
XM_047450117.1	3804	3576.29	0	0
XM_047450118.1	2081	1853.29	0	0
XM_047450119.1	1859	1631.29	1	0.0275874
XM_047450120.1	1793	1565.29	0	0
XM_047450121.1	5438	5210.29	3.16444e-07	2.73324e-09
XM_047450122.1	5353	5125.29	0.477192	0.00419002
XM_047450123.1	5417	5189.29	4.992e-07	4.32921e-09
XM_047450124.1	1469	1241.29	0	0
XM_047450125.1	1700	1472.29	0	0
XM_047450126.1	1742	1514.29	0	0
XM_047450127.1	1486	1258.29	0	0
XM_047450128.1	1439	1211.29	54.5293	2.02592
XM_047450129.1	5414	5186.29	4.30541e-08	3.73594e-10
XM_047450130.1	5444	5216.29	0	0
XM_047450131.1	5243	5015.29	0	0
XM_047450132.1	12790	12562.3	0	0
XM_047450133.1	7034	6806.29	0	0
XM_047450134.1	5901	5673.29	0	0
XM_047450135.1	5127	4899.29	0	0
XM_047450136.1	4623	4395.29	0	0
XM_047450137.1	4282	4054.29	0	0
XM_047450138.1	5076	4848.29	0.136479	0.00126683
XM_047450139.1	2140	1912.29	0	0
XM_047450140.1	6275	6047.29	126.3	0.939907
XM_047450141.1	5661	5433.29	0.00380706	3.15333e-05
XM_047450142.1	5643	5415.29	4.99147e-06	4.1481e-08
XM_047450143.1	9095	8867.29	0	0
XM_047450144.1	9386	9158.29	0	0
XM_047450145.1	5469	5241.29	277.205	2.38015
XM_047450146.1	9461	9233.29	0	0
XM_047450147.1	9324	9096.29	0	0
XM_047450148.1	9026	8798.29	0	0
XM_047450149.1	5466	5238.29	42.518	0.365279
XM_047450150.1	5448	5220.29	223.71	1.92856
XM_047450151.1	2489	2261.29	0	0
XM_047450152.1	2011	1783.29	23.1222	0.583511
XM_047450153.1	5445	5217.29	33.8735	0.292185
XM_047450154.1	1008	780.293	0.3957	0.0228218
XM_047450155.1	2733	2505.29	0	0
XM_047450156.1	4871	4643.29	0	0
XM_047450157.1	14990	14762.3	64.6179	0.196989
XM_047450158.1	4985	4757.29	13.7908	0.130458
XM_047450159.1	8793	8565.29	0	0
XM_047450160.1	8966	8738.29	0	0
XM_047450161.1	8749	8521.29	0	0
XM_047450162.1	8868	8640.29	0	0
XM_047450163.1	8854	8626.29	0	0
XM_047450164.1	8651	8423.29	0	0
XM_047450165.1	8541	8313.29	0	0
XM_047450166.1	8746	8518.29	0	0
XM_047450167.1	8963	8735.29	0	0
XM_047450168.1	8865	8637.29	0	0
XM_047450169.1	8648	8420.29	0	0
XM_047450170.1	8790	8562.29	0	0
XM_047450171.1	8960	8732.29	32.8129	0.169106
XM_047450172.1	8787	8559.29	10.7262	0.0563961
XM_047450173.1	8743	8515.29	31.8238	0.168188
XM_047450174.1	8862	8634.29	2.65377	0.0138318
XM_047450175.1	8645	8417.29	39.3594	0.210435
XM_047450176.1	8535	8307.29	0	0
XM_047450177.1	8957	8729.29	30.9695	0.15966
XM_047450178.1	8798	8570.29	131.877	0.692492
XM_047450179.1	8784	8556.29	10.1085	0.0531673
XM_047450180.1	8740	8512.29	30.0029	0.15862
XM_047450181.1	8642	8414.29	37.0825	0.198333
XM_047450182.1	8900	8672.29	0	0
XM_047450183.1	8727	8499.29	0	0
XM_047450184.1	8683	8455.29	0	0
XM_047450185.1	8897	8669.29	0	0
XM_047450186.1	8680	8452.29	0	0
XM_047450187.1	8582	8354.29	0	0
XM_047450188.1	8472	8244.29	0	0
XM_047450189.1	8894	8666.29	0	0
XM_047450190.1	8677	8449.29	0	0
XM_047450191.1	8579	8351.29	0	0
XM_047450192.1	368	166.382	0	0
XM_054328410.1	14968	14740.3	46.5029	0.141976
XM_054328411.1	14937	14709.3	6.32726e-06	1.93583e-08
XM_054328412.1	14715	14487.3	0	0
XM_054328413.1	14666	14438.3	86.9834	0.271121
XM_054328414.1	14666	14438.3	0	0
XM_054328415.1	14665	14437.3	0.0441294	0.000137558
XM_054328416.1	14713	14485.3	55.7782	0.173292
XM_054328417.1	14895	14667.3	33.2305	0.10196
XM_054328418.1	14473	14245.3	0	0
XM_054328419.1	1595	1367.29	71.6947	2.35976
XM_054328420.1	14948	14720.3	89.1357	0.272507
XM_054328421.1	3479	3251.29	8	0.110733
XM_054328422.1	1045	817.293	0	0
XM_054328423.1	774	546.487	396.171	32.6246
XM_054328424.1	4564	4336.29	0	0
XM_054328425.1	4465	4237.29	0	0
XM_054328427.1	7708	7480.29	4.40756	0.0265168
XM_054328428.1	4203	3975.29	35.9599	0.407091
XM_054328429.1	4063	3835.29	0	0
XM_054328432.1	662	435.717	0	0
XM_054328433.1	547	323.768	0	0
XM_054328434.1	2185	1957.29	11.5146	0.26475
XM_054328435.1	1623	1395.29	0	0
XM_054328437.1	4030	3802.29	0	0
XM_054328438.1	3911	3683.29	0	0
XM_054328439.1	4377	4149.29	0	0
XM_054328440.1	4337	4109.29	0	0
XM_054328441.1	3257	3029.29	0	0
XM_054328442.1	3626	3398.29	0	0
XM_054328443.1	4646	4418.29	158.535	1.61478
XM_054328444.1	4544	4316.29	32.7783	0.341758
XM_054328445.1	1752	1524.29	8.52501	0.251691
XM_054328446.1	1777	1549.29	0.971702	0.0282255
XM_054328447.1	2368	2140.29	0	0
XM_054328448.1	2234	2006.29	0	0
XM_054328449.1	2345	2117.29	0	0
XM_054328450.1	3134	2906.29	4.57182	0.0707933
XM_054328451.1	1281	1053.29	10.2877	0.439551
XM_054328452.1	1049	821.293	0	0
XM_054328453.1	1001	773.293	1.65545	0.0963414
XM_054328454.1	4292	4064.29	0	0
XM_054328455.1	4084	3856.29	0	0
XM_054328456.1	4063	3835.29	0	0
XM_054328457.1	4584	4356.29	0	0
XM_054328458.1	3732	3504.29	0	0
XM_054328459.1	3354	3126.29	0	0
XM_054328460.1	1918	1690.29	0.000402227	1.07091e-05
XM_054328461.1	985	757.293	0	0
XM_054328462.1	988	760.293	0	0
XM_054328463.1	3003	2775.29	0	0
XM_054328464.1	2765	2537.29	0	0
XM_054328465.1	3408	3180.29	0	0
XM_054328466.1	2860	2632.29	0	0
XM_054328467.1	2601	2373.29	0	0
XM_054328468.1	4273	4045.29	0	0
XM_054328469.1	2764	2536.29	0	0
XM_054328470.1	2881	2653.29	0	0
XM_054328471.1	3895	3667.29	2.50871	0.0307856
XM_054328472.1	3557	3329.29	0	0
XM_054328473.1	2732	2504.29	0	0
XM_054328474.1	2618	2390.29	0	0
XM_054328475.1	2469	2241.29	0	0
XM_054328476.1	3870	3642.29	0	0
XM_054328477.1	2857	2629.29	0	0
XM_054328478.1	2708	2480.29	0	0
XM_054328479.1	2696	2468.29	0	0
XM_054328480.1	2445	2217.29	0	0
XM_054328481.1	3868	3640.29	0	0
XM_054328482.1	2830	2602.29	0	0
XM_054328483.1	2681	2453.29	0	0
XM_054328484.1	2418	2190.29	0	0
XM_054328485.1	2806	2578.29	0.000316146	5.51819e-06
XM_054328486.1	2794	2566.29	0.189485	0.00332284
XM_054328487.1	2657	2429.29	0	0
XM_054328488.1	2645	2417.29	0	0
XM_054328489.1	3795	3567.29	12.5236	0.157991
XM_054328490.1	2770	2542.29	2.23857	0.0396266
XM_054328491.1	2370	2142.29	0	0
XM_054328492.1	2537	2309.29	0	0
XM_054328493.1	2131	1903.29	1.17204	0.0277126
XM_054328494.1	1514	1286.29	7.33771	0.256722
XM_054328495.1	3955	3727.29	6.67553	0.0805999
XM_054328496.1	972	744.293	0	0
XM_054328497.1	1188	960.293	0	0
XM_054328498.1	1077	849.293	0	0
XM_054328499.1	1236	1008.29	0	0
XM_054328500.1	1442	1214.29	0.055067	0.00204084
XM_054328501.1	1149	921.293	0	0
XM_054328502.1	1060	832.293	0	0
XM_054328503.1	2998	2770.29	0	0
XM_054328504.1	3152	2924.29	7.17421	0.110407
XM_054328505.1	1810	1582.29	8.63874	0.2457
XM_054328506.1	1621	1393.29	1.99178	0.064334
XM_054328507.1	4114	3886.29	698.054	8.08343
XM_054328508.1	2624	2396.29	21.6279	0.406178
XM_054328509.1	3407	3179.29	220.581	3.12234
XM_054328510.1	3392	3164.29	30.2718	0.430531
XM_054328511.1	3282	3054.29	10.4874	0.154525
XM_054328512.1	3193	2965.29	50.7446	0.77013
XM_054328513.1	3176	2948.29	7.2409	0.110526
XM_054328514.1	3161	2933.29	0.686595	0.0105339
XM_054328515.1	3066	2838.29	6.96348	0.110411
XM_054328516.1	3051	2823.29	0.167287	0.00266654
XM_054328517.1	2962	2734.29	3.18591	0.0524362
XM_054328518.1	687	460.134	0	0
XM_054328519.1	757	529.648	0	0
XM_054328520.1	736	508.753	0	0
XM_054328521.1	594	368.988	0	0
XM_054328522.1	643	416.972	0	0
XM_054328523.1	2061	1833.29	0	0
XM_054328524.1	1604	1376.29	0	0
XM_054328525.1	1217	989.293	0	0
XM_054328526.1	972	744.293	0	0
XM_054328527.1	7170	6942.29	0	0
XM_054328528.1	7283	7055.29	0	0
XM_054328529.1	7167	6939.29	0	0
XM_054328530.1	7218	6990.29	0	0
XM_054328531.1	7088	6860.29	0	0
XM_054328532.1	7201	6973.29	0	0
XM_054328533.1	7014	6786.29	0	0
XM_054328534.1	6633	6405.29	0	0
XM_054328535.1	6600	6372.29	0	0
XM_054328536.1	6597	6369.29	0	0
XM_054328537.1	6378	6150.29	0	0
XM_054328538.1	6375	6147.29	0	0
XM_054328539.1	6420	6192.29	0	0
XM_054328540.1	6418	6190.29	0	0
XM_054328541.1	2140	1912.29	0	0
XM_054328542.1	1997	1769.29	0	0
XM_054328543.1	2761	2533.29	0	0
XM_054328544.1	2093	1865.29	0	0
XM_054328545.1	2479	2251.29	0	0
XM_054328546.1	2996	2768.29	0	0
XM_054328547.1	2236	2008.29	0	0
XM_054328548.1	6203	5975.29	29.6689	0.223452
XM_054328549.1	4720	4492.29	0	0
XM_054328550.1	4645	4417.29	0	0
XM_054328551.1	4654	4426.29	0	0
XM_054328552.1	4737	4509.29	0	0
XM_054328553.1	4638	4410.29	0	0
XM_054328554.1	3815	3587.29	0	0
XM_054328555.1	3749	3521.29	1.88546	0.0240967
XM_054328556.1	2490	2262.29	0	0
XM_054328557.1	3667	3439.29	5.7948	0.0758248
XM_054328558.1	2745	2517.29	0	0
XM_054328559.1	3730	3502.29	0	0
XM_054328560.1	5373	5145.29	0	0
XM_054328561.1	5187	4959.29	2.71061	0.0245974
XM_054328562.1	4842	4614.29	5.44695e-07	5.3124e-09
XM_054328563.1	5182	4954.29	0	0
XM_054328564.1	6899	6671.29	0	0
XM_054328565.1	6806	6578.29	0	0
XM_054328566.1	6725	6497.29	0	0
XM_054328567.1	6701	6473.29	0	0
XM_054328568.1	5834	5606.29	0	0
XM_054328569.1	5747	5519.29	0	0
XM_054328570.1	5660	5432.29	0	0
XM_054328571.1	5654	5426.29	0	0
XM_054328572.1	5567	5339.29	2.57111	0.021671
XM_054328573.1	5616	5388.29	10.4137	0.0869751
XM_054328574.1	2657	2429.29	76.8708	1.42404
XM_054328575.1	2585	2357.29	0	0
XM_054328576.1	1977	1749.29	0	0
XM_054328577.1	3917	3689.29	0	0
XM_054328578.1	1830	1602.29	0	0
XM_054328579.1	3448	3220.29	53.8632	0.75273
XM_054328580.1	5587	5359.29	0	0
XM_054328581.1	3129	2901.29	0	0
XM_054328582.1	5022	4794.29	0	0
XM_054328583.1	3550	3322.29	0	0
XM_054328584.1	5080	4852.29	0	0
XM_054328585.1	4863	4635.29	0	0
XM_054328586.1	3616	3388.29	0	0
XM_054328587.1	5072	4844.29	0	0
XM_054328588.1	5030	4802.29	0	0
XM_054328589.1	5024	4796.29	0	0
XM_054328590.1	5543	5315.29	0	0
XM_054328591.1	6115	5887.29	49.7245	0.380099
XM_054328592.1	4952	4724.29	0	0
XM_054328593.1	4877	4649.29	0	0
XM_054328594.1	5620	5392.29	6.86863e-08	5.73244e-10
XM_054328595.1	3146	2918.29	0	0
XM_054328596.1	2972	2744.29	0	0
XM_054328597.1	2993	2765.29	0	0
XM_054328598.1	2921	2693.29	0	0
XM_054328599.1	2681	2453.29	0.182618	0.00334993
XM_054328600.1	2589	2361.29	12.3394	0.235172
XM_054328601.1	2821	2593.29	3.06289e-07	5.31522e-09
XM_054328602.1	2767	2539.29	26.9508	0.47764
XM_054328603.1	2789	2561.29	17.8	0.312755
XM_054328604.1	2769	2541.29	0	0
XM_054328605.1	1420	1192.29	0	0
XM_054328606.1	3100	2872.29	28.6944	0.449584
XM_054328607.1	3043	2815.29	44.9442	0.718443
XM_054328608.1	1682	1454.29	0	0
XM_054328609.1	1824	1596.29	8.13485	0.22934
XM_054328610.1	1944	1716.29	0	0
XM_054328611.1	1569	1341.29	0	0
XM_054328612.1	1942	1714.29	0	0
XM_054328613.1	1543	1315.29	0	0
XM_054328614.1	1684	1456.29	0	0
XM_054328615.1	1954	1726.29	3.98873	0.103983
XM_054328616.1	1598	1370.29	0	0
XM_054328617.1	1167	939.293	5.25946	0.251989
XM_054328618.1	1399	1171.29	0	0
XM_054328619.1	1487	1259.29	5.46741	0.195388
XM_054328620.1	5159	4931.29	0	0
XM_054328621.1	1554	1326.29	0.248997	0.00844885
XM_054328622.1	852	624.427	0	0
XM_054328623.1	7096	6868.29	0.221711	0.00145271
XM_054328624.1	1702	1474.29	0.229291	0.00699914
XM_054328625.1	9275	9047.29	0	0
XM_054328626.1	8068	7840.29	0	0
XM_054328627.1	6996	6768.29	99.1905	0.659528
XM_054328628.1	1345	1117.29	21.2576	0.856226
XM_054328629.1	6482	6254.29	0	0
XM_054328630.1	1559	1331.29	68.994	2.33228
XM_054328631.1	7275	7047.29	0	0
XM_054328632.1	7691	7463.29	157.807	0.951566
XM_054328633.1	7358	7130.29	2284.08	14.4161
XM_054328634.1	8256	8028.29	120.83	0.677319
XM_054328635.1	11203	10975.3	21.5033	0.088172
XM_054328636.1	7114	6886.29	0	0
XM_054328637.1	7245	7017.29	0	0
XM_054328638.1	7194	6966.29	0	0
XM_054328639.1	7167	6939.29	0	0
XM_054328640.1	7137	6909.29	0	0
XM_054328641.1	7089	6861.29	3.4781e-08	2.28128e-10
XM_054328642.1	7086	6858.29	0	0
XM_054328643.1	7008	6780.29	277.038	1.83879
XM_054328644.1	6981	6753.29	25.977	0.173108
XM_054328645.1	6951	6723.29	809.772	5.4203
XM_054328646.1	6900	6672.29	0.663968	0.00447831
XM_054328647.1	6798	6570.29	25.576	0.175182
XM_054328648.1	6795	6567.29	0	0
XM_054328649.1	6714	6486.29	124.621	0.864642
XM_054328650.1	6657	6429.29	386.976	2.70871
XM_054328651.1	6612	6384.29	0.130733	0.000921544
XM_054328652.1	6606	6378.29	0.219733	0.00155036
XM_054328653.1	6318	6090.29	18.1613	0.134199
XM_054328654.1	736	508.753	0	0
XM_054328655.1	5059	4831.29	0	0
XM_054328656.1	4994	4766.29	0	0
XM_054328657.1	5315	5087.29	82.9623	0.733899
XM_054328658.1	3195	2967.29	0	0
XM_054328659.1	5363	5135.29	0	0
XM_054328660.1	5316	5088.29	0	0
XM_054328661.1	5421	5193.29	0	0
XM_054328662.1	5254	5026.29	0	0
XM_054328663.1	5201	4973.29	0	0
XM_054328664.1	5394	5166.29	0	0
XM_054328665.1	2329	2101.29	0	0
XM_054328666.1	1372	1144.29	0	0
XM_054328667.1	1369	1141.29	0	0
XM_054328668.1	2472	2244.29	1.72052	0.0345002
XM_054328669.1	2130	1902.29	8.28463	0.195992
XM_054328670.1	1911	1683.29	0.682767	0.0182539
XM_054328671.1	1885	1657.29	16.8319	0.457064
XM_054328672.1	1932	1704.29	6.64096	0.175359
XM_054328673.1	1974	1746.29	0	0
XM_054328674.1	2376	2148.29	0	0
XM_054328675.1	1902	1674.29	6.13626	0.164936
XM_054328676.1	3356	3128.29	41.9242	0.603114
XM_054328677.1	4038	3810.29	134.602	1.58977
XM_054328678.1	2381	2153.29	0	0
XM_054328679.1	1772	1544.29	2.38036	0.0693673
XM_054328680.1	1397	1169.29	45.5562	1.75334
XM_054328681.1	1502	1274.29	6.3695	0.224946
XM_054328682.1	1201	973.293	0	0
XM_054328683.1	1021	793.293	8.1456	0.462095
XM_054328684.1	3182	2954.29	0	0
XM_054328685.1	5062	4834.29	6.9776	0.0649554
XM_054328686.1	4363	4135.29	9.20625	0.100189
XM_054328687.1	4190	3962.29	0	0
XM_054328688.1	2330	2102.29	0	0
XM_054328689.1	2423	2195.29	29.8836	0.612608
XM_054328690.1	49561	49333.3	0.044602	4.06871e-05
XM_054328691.1	3870	3642.29	0	0
XM_054328692.1	49534	49306.3	0.0944745	8.62293e-05
XM_054328693.1	4034	3806.29	0	0
XM_054328694.1	49321	49093.3	35.7316	0.0327546
XM_054328695.1	6141	5913.29	0	0
XM_054328696.1	4906	4678.29	0	0
XM_054328697.1	754	526.701	16.0456	1.37099
XM_054328698.1	3098	2870.29	0	0
XM_054328699.1	4037	3809.29	10.7467	0.126962
XM_054328700.1	4015	3787.29	0	0
XM_054328701.1	3881	3653.29	18.4081	0.226761
XM_054328702.1	3995	3767.29	24.7098	0.295177
XM_054328703.1	3905	3677.29	0	0
XM_054328704.1	3788	3560.29	0	0
XM_054328705.1	2398	2170.29	3.71036e-05	7.69379e-07
XM_054328706.1	2804	2576.29	0	0
XM_054328707.1	2383	2155.29	0.499963	0.0104394
XM_054328708.1	7087	6859.29	0	0
XM_054328709.1	5352	5124.29	0	0
XM_054328710.1	4206	3978.29	0.5	0.00565608
XM_054328711.1	3893	3665.29	0	0
XM_054328712.1	5273	5045.29	29.0371	0.259006
XM_054328713.1	2371	2143.29	0	0
XM_054328714.1	6805	6577.29	0	0
XM_054328715.1	4631	4403.29	0	0
XM_054328716.1	3117	2889.29	0	0
XM_054328717.1	2648	2420.29	0	0
XM_054328718.1	6802	6574.29	0	0
XM_054328719.1	6733	6505.29	0	0
XM_054328720.1	6730	6502.29	0	0
XM_054328721.1	5345	5117.29	0	0
XM_054328722.1	8286	8058.29	355.256	1.98399
XM_054328723.1	6557	6329.29	0	0
XM_054328724.1	6654	6426.29	0	0
XM_054328725.1	6617	6389.29	33.6246	0.236836
XM_054328726.1	5610	5382.29	9.30503	0.0778023
XM_054328727.1	2076	1848.29	87.7014	2.13539
XM_054328728.1	5266	5038.29	0	0
XM_054328729.1	5198	4970.29	0	0
XM_054328730.1	2545	2317.29	0	0
XM_054328731.1	6651	6423.29	0	0
XM_054328732.1	6614	6386.29	64.0167	0.451114
XM_054328733.1	6523	6295.29	0	0
XM_054328734.1	2221	1993.29	0	0
XM_054328735.1	2559	2331.29	5.07385	0.0979451
XM_054328736.1	8283	8055.29	1.57846	0.00881851
XM_054328737.1	6614	6386.29	0.0351159	0.000247456
XM_054328738.1	2073	1845.29	16.4	0.399963
XM_054328739.1	2542	2314.29	0	0
XM_054328740.1	5273	5045.29	0	0
XM_054328741.1	8214	7986.29	0.755511	0.00425734
XM_054328742.1	6545	6317.29	0.012143	8.65042e-05
XM_054328743.1	2004	1776.29	30.8034	0.780417
XM_054328744.1	2473	2245.29	0	0
XM_054328745.1	6582	6354.29	0	0
XM_054328746.1	8211	7983.29	0.0384382	0.000216682
XM_054328747.1	2001	1773.29	21.0789	0.534945
XM_054328748.1	1451	1223.29	19.06	0.701187
XM_054328749.1	2716	2488.29	0	0
XM_054328750.1	2122	1894.29	0	0
XM_054328751.1	2853	2625.29	0	0
XM_054328752.1	2623	2395.29	0	0
XM_054328753.1	1835	1607.29	0	0
XM_054328754.1	1778	1550.29	0	0
XM_054328755.1	1884	1656.29	0	0
XM_054328756.1	4304	4076.29	0	0
XM_054328757.1	4239	4011.29	4.01949	0.045095
XM_054328758.1	4173	3945.29	0	0
XM_054328759.1	3889	3661.29	3.17795	0.0390621
XM_054328760.1	3825	3597.29	0	0
XM_054328761.1	3822	3594.29	0	0
XM_054328762.1	4004	3776.29	0	0
XM_054328763.1	3806	3578.29	0	0
XM_054328764.1	2259	2031.29	0	0
XM_054328765.1	3938	3710.29	0	0
XM_054328766.1	3935	3707.29	0	0
XM_054328767.1	2196	1968.29	0	0
XM_054328768.1	2193	1965.29	0	0
XM_054328769.1	3863	3635.29	0	0
XM_054328770.1	3929	3701.29	1.20682	0.0146734
XM_054328771.1	3926	3698.29	3.6681	0.0446357
XM_054328772.1	619	393.338	0	0
XM_054328773.1	3996	3768.29	0	0
XM_054328774.1	4846	4618.29	7.66794	0.0747205
XM_054328775.1	3832	3604.29	9.91885e-07	1.23846e-08
XM_054328776.1	1541	1313.29	0	0
XM_054328777.1	1360	1132.29	38.7348	1.53952
XM_054328778.1	5412	5184.29	92.2216	0.800544
XM_054328779.1	4562	4334.29	0	0
XM_054328780.1	4593	4365.29	37.6665	0.388315
XM_054328781.1	4022	3794.29	7.89646	0.0936578
XM_054328782.1	3852	3624.29	0	0
XM_054328783.1	3850	3622.29	0	0
XM_054328784.1	995	767.293	0	0
XM_054328785.1	927	699.293	0	0
XM_054328786.1	2955	2727.29	0	0
XM_054328787.1	2915	2687.29	0	0
XM_054328788.1	4023	3795.29	0	0
XM_054328789.1	3410	3182.29	0	0
XM_054328790.1	5498	5270.29	1.21294	0.0103573
XM_054328791.1	3171	2943.29	0	0
XM_054328792.1	3096	2868.29	0	0
XM_054328793.1	3211	2983.29	4.03162	0.0608171
XM_054328794.1	3452	3224.29	0	0
XM_054328795.1	3242	3014.29	0	0
XM_054328796.1	2353	2125.29	0	0
XM_054328797.1	2097	1869.29	0	0
XM_054328798.1	2279	2051.29	0	0
XM_054328799.1	2878	2650.29	0	0
XM_054328800.1	2323	2095.29	0	0
XM_054328801.1	2851	2623.29	0	0
XM_054328802.1	2777	2549.29	0	0
XM_054328803.1	2776	2548.29	0	0
XM_054328804.1	3381	3153.29	0	0
XM_054328805.1	3216	2988.29	0	0
XM_054328806.1	2837	2609.29	0	0
XM_054328807.1	2976	2748.29	0	0
XM_054328808.1	2848	2620.29	0	0
XM_054328809.1	2773	2545.29	0	0
XM_054328810.1	2774	2546.29	0	0
XM_054328811.1	3937	3709.29	0	0
XM_054328812.1	2854	2626.29	0	0
XM_054328813.1	3216	2988.29	0	0
XM_054328814.1	2983	2755.29	0	0
XM_054328815.1	3096	2868.29	0	0
XM_054328816.1	2941	2713.29	0	0
XM_054328817.1	3174	2946.29	2.37	0.0362005
XM_054328818.1	2776	2548.29	0	0
XM_054328819.1	2702	2474.29	0	0
XM_054328820.1	2714	2486.29	0	0
XM_054328821.1	1937	1709.29	0	0
XM_054328822.1	5592	5364.29	0	0
XM_054328823.1	5552	5324.29	1.50708e-05	1.27385e-07
XM_054328824.1	5375	5147.29	410.922	3.59272
XM_054328825.1	5651	5423.29	127.019	1.05402
XM_054328826.1	5612	5384.29	0	0
XM_054328827.1	5340	5112.29	12.668	0.111515
XM_054328828.1	5340	5112.29	130.195	1.14609
XM_054328829.1	5618	5390.29	0	0
XM_054328830.1	5587	5359.29	40.6953	0.341727
XM_054328831.1	5495	5267.29	0	0
XM_054328832.1	5531	5303.29	245.448	2.08284
XM_054328833.1	5480	5252.29	0	0
XM_054328834.1	5530	5302.29	0	0
XM_054328835.1	5447	5219.29	132.231	1.14015
XM_054328836.1	5411	5183.29	0.209473	0.00181871
XM_054328837.1	8771	8543.29	35.1814	0.185323
XM_054328838.1	8654	8426.29	60.1007	0.320986
XM_054328839.1	8905	8677.29	0	0
XM_054328840.1	4627	4399.29	93.3801	0.955242
XM_054328841.1	7161	6933.29	0	0
XM_054328842.1	6798	6570.29	28	0.191785
XM_054328843.1	7013	6785.29	0	0
XM_054328844.1	6867	6639.29	1.68577e-05	1.14266e-07
XM_054328845.1	2485	2257.29	0	0
XM_054328846.1	2485	2257.29	4.5631e-08	9.09734e-10
XM_054328847.1	2455	2227.29	0	0
XM_054328848.1	2407	2179.29	0.0084811	0.000175137
XM_054328849.1	2953	2725.29	0	0
XM_054328850.1	2305	2077.29	15.3891	0.333393
XM_054328851.1	2206	1978.29	0.0235287	0.000535242
XM_054328852.1	2167	1939.29	2.14621	0.0498047
XM_054328853.1	2134	1906.29	0	0
XM_054328854.1	2098	1870.29	5.29873	0.127498
XM_054328855.1	1669	1441.29	13.4829	0.420992
XM_054328856.1	1676	1448.29	0	0
XM_054328857.1	1635	1407.29	0	0
XM_054328858.1	2520	2292.29	0	0
XM_054328859.1	2232	2004.29	0	0
XM_054328860.1	2142	1914.29	0	0
XM_054328861.1	7457	7229.29	0	0
XM_054328862.1	4539	4311.29	35.5	0.370564
XM_054328863.1	4782	4554.29	0	0
XM_054328864.1	606	380.649	0	0
XM_054328865.1	1505	1277.29	0	0
XM_054328866.1	1484	1256.29	11.2701	0.403717
XM_054328867.1	2796	2568.29	5.49686	0.0963191
XM_054328868.1	1418	1190.29	7.77888	0.294107
XM_054328869.1	1397	1169.29	0	0
XM_054328870.1	1478	1250.29	21.1772	0.762251
XM_054328871.1	1629	1401.29	0.351533	0.0112896
XM_054328872.1	2538	2310.29	6.95368	0.135453
XM_054328873.1	1813	1585.29	11.4695	0.325595
XM_054328874.1	2768	2540.29	0	0
XM_054328875.1	2843	2615.29	0	0
XM_054328876.1	3000	2772.29	0	0
XM_054328877.1	2737	2509.29	0	0
XM_054328878.1	2840	2612.29	0	0
XM_054328879.1	2932	2704.29	0	0
XM_054328880.1	2997	2769.29	0	0
XM_054328881.1	2734	2506.29	0	0
XM_054328882.1	2935	2707.29	0	0
XM_054328883.1	3075	2847.29	0	0
XM_054328884.1	3323	3095.29	3.80917	0.0553822
XM_054328885.1	2839	2611.29	0	0
XM_054328886.1	2591	2363.29	0	0
XM_054328887.1	2559	2331.29	5.34982	0.103273
XM_054328888.1	2588	2360.29	0	0
XM_054328889.1	2272	2044.29	0	0
XM_054328890.1	2257	2029.29	0	0
XM_054328891.1	2254	2026.29	0	0
XM_054328892.1	2152	1924.29	0	0
XM_054328893.1	2609	2381.29	3.53803	0.0668638
XM_054328894.1	2090	1862.29	0	0
XM_054328895.1	2239	2011.29	0	0
XM_054328896.1	2072	1844.29	0	0
XM_054328897.1	1999	1771.29	0	0
XM_054328898.1	2005	1777.29	0	0
XM_054328899.1	1920	1692.29	33.3578	0.887082
XM_054328900.1	1921	1693.29	71.1327	1.89051
XM_054328901.1	1918	1690.29	0	0
XM_054328902.1	1833	1605.29	0	0
XM_054328903.1	850	622.427	0	0
XM_054328904.1	3119	2891.29	0	0
XM_054328905.1	3026	2798.29	0	0
XM_054328906.1	2933	2705.29	0	0
XM_054328907.1	2102	1874.29	0	0
XM_054328908.1	2692	2464.29	0	0
XM_054328909.1	5536	5308.29	1784.42	15.1281
XM_054328910.1	5533	5305.29	888.265	7.53487
XM_054328911.1	5530	5302.29	644.683	5.47173
XM_054328912.1	5530	5302.29	0	0
XM_054328913.1	5530	5302.29	4.72796	0.0401285
XM_054328914.1	5527	5299.29	257.815	2.18944
XM_054328915.1	5527	5299.29	0	0
XM_054328916.1	5524	5296.29	0	0
XM_054328917.1	5524	5296.29	150.107	1.27547
XM_054328918.1	5521	5293.29	0	0
XM_054328919.1	5521	5293.29	0	0
XM_054328920.1	5419	5191.29	90.3048	0.782848
XM_054328921.1	5416	5188.29	33.7766	0.292977
XM_054328922.1	5413	5185.29	0	0
XM_054328923.1	1987	1759.29	99.8959	2.55536
XM_054328924.1	1919	1691.29	0	0
XM_054328925.1	2069	1841.29	0	0
XM_054328926.1	2037	1809.29	115.526	2.87351
XM_054328927.1	1853	1625.29	292.846	8.10866
XM_054328928.1	1957	1729.29	116.818	3.04008
XM_054328929.1	1889	1661.29	74.0584	2.00618
XM_054328930.1	888	660.427	4.53184	0.30881
XM_054328931.1	3145	2917.29	25.3677	0.391331
XM_054328932.1	3152	2924.29	4.88799	0.0752232
XM_054328933.1	3010	2782.29	18.9884	0.307134
XM_054328934.1	3760	3532.29	0	0
XM_054328935.1	3756	3528.29	0	0
XM_054328936.1	3896	3668.29	0	0
XM_054328937.1	3638	3410.29	0	0
XM_054328938.1	3623	3395.29	0	0
XM_054328939.1	909	681.293	0	0
XM_054328940.1	852	624.427	0	0
XM_054328941.1	998	770.293	0	0
XM_054328942.1	1070	842.293	0	0
XM_054328943.1	711	483.852	0	0
XM_054328944.1	702	474.947	0	0
XM_054328945.1	654	427.803	0	0
XM_054328946.1	800	572.487	0	0
XM_054328947.1	965	737.293	0	0
XM_054328948.1	8583	8355.29	0	0
XM_054328949.1	4063	3835.29	0	0
XM_054328950.1	8925	8697.29	0	0
XM_054328951.1	3289	3061.29	2.81054e-08	4.13169e-10
XM_054328952.1	1885	1657.29	0	0
XM_054328953.1	1929	1701.29	0	0
XM_054328954.1	2388	2160.29	0	0
XM_054328955.1	4174	3946.29	0	0
XM_054328956.1	3681	3453.29	0	0
XM_054328957.1	1370	1142.29	0	0
XM_054328958.1	1253	1025.29	0	0
XM_054328959.1	1380	1152.29	0	0
XM_054328960.1	1254	1026.29	0	0
XM_054328961.1	1137	909.293	0	0
XM_054328962.1	911	683.293	0	0
XM_054328963.1	1158	930.293	0	0
XM_054328964.1	1027	799.293	0	0
XM_054328965.1	1157	929.293	0	0
XM_054328966.1	1657	1429.29	0	0
XM_054328967.1	1187	959.293	0	0
XM_054328968.1	1206	978.293	0	0
XM_054328969.1	940	712.293	0	0
XM_054328970.1	1353	1125.29	0	0
XM_054328971.1	888	660.427	0	0
XM_054328972.1	738	510.753	0	0
XM_054328973.1	578	353.315	0	0
XM_054328974.1	671	444.496	1.12917	0.114323
XM_054328975.1	1034	806.293	13.6345	0.761005
XM_054328976.1	6001	5773.29	0	0
XM_054328977.1	6163	5935.29	43.3566	0.328742
XM_054328978.1	5172	4944.29	0	0
XM_054328979.1	5058	4830.29	0	0
XM_054328980.1	2659	2431.29	0	0
XM_054328981.1	2503	2275.29	0	0
XM_054328982.1	2452	2224.29	0	0
XM_054328983.1	2347	2119.29	0	0
XM_054328984.1	3850	3622.29	0	0
XM_054328985.1	3520	3292.29	0	0
XM_054328986.1	3384	3156.29	1.83919	0.0262236
XM_054328987.1	3381	3153.29	6.77376	0.0966735
XM_054328988.1	21477	21249.3	2.01201	0.00426117
XM_054328989.1	8509	8281.29	15.0206	0.0816268
XM_054328990.1	18015	17787.3	52.9788	0.13404
XM_054328991.1	6828	6600.29	1.19131e-08	8.12279e-11
XM_054328992.1	15596	15368.3	0.109093	0.000319457
XM_054328993.1	12770	12542.3	0	0
XM_054328994.1	12704	12476.3	0	0
XM_054328995.1	12668	12440.3	0	0
XM_054328996.1	12653	12425.3	0	0
XM_054328997.1	12620	12392.3	0	0
XM_054328998.1	12614	12386.3	0	0
XM_054328999.1	12611	12383.3	0	0
XM_054329000.1	12611	12383.3	0	0
XM_054329001.1	12602	12374.3	0	0
XM_054329002.1	12587	12359.3	0	0
XM_054329003.1	12584	12356.3	0	0
XM_054329004.1	12554	12326.3	0	0
XM_054329005.1	12548	12320.3	0	0
XM_054329006.1	12545	12317.3	0	0
XM_054329007.1	9085	8857.29	0	0
XM_054329008.1	11602	11374.3	0	0
XM_054329009.1	12503	12275.3	0	0
XM_054329010.1	9028	8800.29	0	0
XM_054329011.1	12455	12227.3	0	0
XM_054329012.1	9001	8773.29	0	0
XM_054329013.1	12437	12209.3	0	0
XM_054329014.1	13092	12864.3	0	0
XM_054329015.1	9416	9188.29	0	0
XM_054329016.1	12386	12158.3	0	0
XM_054329017.1	8869	8641.29	0	0
XM_054329018.1	12278	12050.3	0	0
XM_054329019.1	11012	10784.3	0.501768	0.00209389
XM_054329020.1	8653	8425.29	0	0
XM_054329021.1	8036	7808.29	0	0
XM_054329022.1	6958	6730.29	0	0
XM_054329023.1	3751	3523.29	0	0
XM_054329024.1	3548	3320.29	0	0
XM_054329025.1	3608	3380.29	1.21205	0.0161365
XM_054329026.1	3503	3275.29	0	0
XM_054329027.1	3515	3287.29	0	0
XM_054329028.1	1648	1420.29	0	0
XM_054329029.1	1658	1430.29	0	0
XM_054329030.1	1881	1653.29	0	0
XM_054329031.1	1634	1406.29	0	0
XM_054329032.1	1830	1602.29	0	0
XM_054329033.1	1991	1763.29	0	0
XM_054329034.1	1441	1213.29	0	0
XM_054329035.1	1235	1007.29	0	0
XM_054329036.1	1229	1001.29	0	0
XM_054329037.1	3352	3124.29	0	0
XM_054329038.1	2838	2610.29	0	0
XM_054329039.1	2552	2324.29	23.3777	0.45264
XM_054329040.1	414	203.726	1019.51	225.209
XM_054329041.1	1321	1093.29	6.73467	0.277218
XM_054329042.1	1668	1440.29	68.8415	2.15101
XM_054329043.1	1387	1159.29	0	0
XM_054329044.1	1412	1184.29	0	0
XM_054329045.1	1298	1070.29	0	0
XM_054329046.1	3040	2812.29	28.3186	0.453161
XM_054329047.1	1488	1260.29	0	0
XM_054329048.1	1752	1524.29	44.6595	1.31852
XM_054329049.1	1418	1190.29	0	0
XM_054329050.1	995	767.293	1.82263	0.1069
XM_054329051.1	1069	841.293	23.0096	1.23085
XM_054329052.1	1084	856.293	62.0676	3.26201
XM_054329053.1	1046	818.293	1.03855	0.0571161
XM_054329054.1	4562	4334.29	0	0
XM_054329055.1	4481	4253.29	0	0
XM_054329056.1	4706	4478.29	71.0258	0.71375
XM_054329057.1	5062	4834.29	0	0
XM_054329058.1	4394	4166.29	0	0
XM_054329059.1	4497	4269.29	0	0
XM_054329060.1	3982	3754.29	0	0
XM_054329061.1	4020	3792.29	786.352	9.33163
XM_054329062.1	3939	3711.29	199.012	2.41322
XM_054329063.1	2067	1839.29	0	0
XM_054329064.1	2478	2250.29	9.67963	0.193581
XM_054329065.1	1986	1758.29	0	0
XM_054329066.1	1980	1752.29	34.549	0.8873
XM_054329067.1	2011	1783.29	0	0
XM_054329068.1	2230	2002.29	0	0
XM_054329069.1	4447	4219.29	92.5234	0.986856
XM_054329070.1	1854	1626.29	0	0
XM_054329071.1	3989	3761.29	2199.26	26.3136
XM_054329072.1	7925	7697.29	27.7411	0.162191
XM_054329073.1	7760	7532.29	0	0
XM_054329074.1	7799	7571.29	0	0
XM_054329075.1	7778	7550.29	0	0
XM_054329076.1	7760	7532.29	0.904056	0.00540145
XM_054329077.1	6379	6151.29	434.025	3.17535
XM_054329078.1	6367	6139.29	317.089	2.32437
XM_054329079.1	6358	6130.29	1379.68	10.1283
XM_054329080.1	6241	6013.29	76.3852	0.571662
XM_054329081.1	6232	6004.29	0	0
XM_054329082.1	6220	5992.29	0	0
XM_054329083.1	6202	5974.29	193.255	1.45575
XM_054329084.1	6181	5953.29	10.3333	0.078113
XM_054329085.1	6266	6038.29	0	0
XM_054329086.1	6160	5932.29	1307.99	9.92258
XM_054329087.1	6094	5866.29	0	0
XM_054329088.1	6064	5836.29	30.8436	0.237832
XM_054329089.1	6013	5785.29	0	0
XM_054329090.1	6106	5878.29	0	0
XM_054329091.1	6145	5917.29	0	0
XM_054329092.1	5917	5689.29	0	0
XM_054329093.1	5896	5668.29	0	0
XM_054329094.1	5769	5541.29	1079.36	8.76593
XM_054329095.1	5952	5724.29	44.7867	0.352102
XM_054329096.1	1965	1737.29	57.2955	1.48419
XM_054329097.1	1969	1741.29	2.44786	0.0632641
XM_054329098.1	1833	1605.29	2.20337	0.0617696
XM_054329099.1	1851	1623.29	5.05683e-07	1.40192e-08
XM_054329100.1	6343	6115.29	20.7243	0.152513
XM_054329101.1	1187	959.293	22.3928	1.05051
XM_054329102.1	2698	2470.29	46.376	0.844865
XM_054329103.1	1299	1071.29	0	0
XM_054329104.1	3226	2998.29	28.5747	0.428893
XM_054329105.1	1795	1567.29	0	0
XM_054329106.1	1795	1567.29	0	0
XM_054329107.1	3719	3491.29	0	0
XM_054329108.1	3358	3130.29	4.68237	0.0673168
XM_054329109.1	1704	1476.29	0.03112	0.000948657
XM_054329110.1	3570	3342.29	0.13573	0.00182756
XM_054329111.1	1284	1056.29	49.2973	2.1003
XM_054329112.1	1272	1044.29	0	0
XM_054329113.1	1298	1070.29	0	0
XM_054329114.1	3223	2995.29	0	0
XM_054329115.1	1208	980.293	35.0099	1.60723
XM_054329116.1	1665	1437.29	0.0234293	0.000733593
XM_054329117.1	3074	2846.29	1.01245	0.0160079
XM_054329118.1	3355	3127.29	0	0
XM_054329119.1	3071	2843.29	0	0
XM_054329120.1	1649	1421.29	0.00159442	5.04848e-05
XM_054329121.1	1151	923.293	8.87325	0.432499
XM_054329122.1	1338	1110.29	0	0
XM_054329123.1	1423	1195.29	0	0
XM_054329124.1	1363	1135.29	0	0
XM_054329125.1	1656	1428.29	0	0
XM_054329126.1	1698	1470.29	0	0
XM_054329127.1	3704	3476.29	2.07572	0.0268717
XM_054329128.1	1555	1327.29	0	0
XM_054329129.1	1129	901.293	6.00144	0.299662
XM_054329130.1	1509	1281.29	0	0
XM_054329131.1	1651	1423.29	2.88853	0.0913325
XM_054329132.1	1634	1406.29	0	0
XM_054329133.1	1048	820.293	0	0
XM_054329134.1	1489	1261.29	0	0
XM_054329135.1	1254	1026.29	0	0
XM_054329136.1	976	748.293	1.30652	0.0785754
XM_054329137.1	1722	1494.29	0	0
XM_054329138.1	2374	2146.29	0	0
XM_054329139.1	2535	2307.29	0	0
XM_054329140.1	2320	2092.29	2.43522	0.0523791
XM_054329141.1	2216	1988.29	0	0
XM_054329142.1	2195	1967.29	0	0
XM_054329143.1	7733	7505.29	277.44	1.66358
XM_054329144.1	8153	7925.29	0	0
XM_054329145.1	7857	7629.29	0	0
XM_054329146.1	7857	7629.29	0	0
XM_054329147.1	7727	7499.29	283.027	1.69844
XM_054329148.1	7775	7547.29	0	0
XM_054329149.1	7703	7475.29	142.086	0.855391
XM_054329150.1	7745	7517.29	0	0
XM_054329151.1	7700	7472.29	66.3291	0.399478
XM_054329152.1	7827	7599.29	0	0
XM_054329153.1	7571	7343.29	2.12131e-07	1.30003e-09
XM_054329154.1	7568	7340.29	9.54697e-08	5.85321e-10
XM_054329155.1	7590	7362.29	0	0
XM_054329156.1	7304	7076.29	0.0331568	0.000210867
XM_054329157.1	7301	7073.29	157.572	1.00254
XM_054329158.1	7274	7046.29	0.00422355	2.69748e-05
XM_054329159.1	7196	6968.29	2.63754	0.0170339
XM_054329160.1	7204	6976.29	1.49454e-08	9.64108e-11
XM_054329161.1	7193	6965.29	6.28734	0.0406228
XM_054329162.1	7193	6965.29	1.13412	0.00732762
XM_054329163.1	7206	6978.29	5.73259e-08	3.69696e-10
XM_054329164.1	7190	6962.29	2.72317	0.0176021
XM_054329165.1	7166	6938.29	1.22277	0.0079311
XM_054329166.1	7163	6935.29	0.521144	0.0033817
XM_054329167.1	7142	6914.29	61.8026	0.402255
XM_054329168.1	7164	6936.29	0	0
XM_054329169.1	4901	4673.29	0	0
XM_054329170.1	7034	6806.29	0	0
XM_054329171.1	6767	6539.29	0.000100434	6.91183e-07
XM_054329172.1	6737	6509.29	1.01164e-05	6.99412e-08
XM_054329173.1	1420	1192.29	3.8335	0.144695
XM_054329174.1	1350	1122.29	19.4855	0.781353
XM_054329175.1	2423	2195.29	21.9925	0.450843
XM_054329176.1	2485	2257.29	698.8	13.9318
XM_054329177.1	1779	1551.29	12.8044	0.371457
XM_054329178.1	1605	1377.29	0	0
XM_054329179.1	1504	1276.29	0	0
XM_054329180.1	1491	1263.29	0	0
XM_054329181.1	1349	1121.29	40.8539	1.63967
XM_054329182.1	1205	977.293	39.3492	1.81198
XM_054329183.1	1187	959.293	1.93714	0.0908766
XM_054329184.1	1331	1103.29	2.86373	0.116811
XM_054329185.1	1048	820.293	4.29931	0.235869
XM_054329186.1	1169	941.293	0	0
XM_054329187.1	1313	1085.29	0	0
XM_054329188.1	1471	1243.29	14.1113	0.510781
XM_054329189.1	882	654.427	0	0
XM_054329190.1	843	615.427	0	0
XM_054329191.1	2851	2623.29	0	0
XM_054329192.1	3797	3569.29	0.0746378	0.000941064
XM_054329193.1	4605	4377.29	0	0
XM_054329194.1	3951	3723.29	22.0208	0.266163
XM_054329195.1	1951	1723.29	0.06386	0.00166768
XM_054329196.1	1816	1588.29	6.79646	0.192572
XM_054329197.1	7543	7315.29	26.314	0.161882
XM_054329198.1	5586	5358.29	6.01908e-07	5.05529e-09
XM_054329199.1	5340	5112.29	166.405	1.46485
XM_054329200.1	2777	2549.29	4.25728	0.0751545
XM_054329201.1	2889	2661.29	0.000211285	3.57289e-06
XM_054329202.1	3457	3229.29	7.39515	0.103058
XM_054329203.1	2805	2577.29	0	0
XM_054329204.1	2354	2126.29	6.10389	0.129189
XM_054329205.1	2744	2516.29	12.5909	0.225184
XM_054329206.1	5800	5572.29	0	0
XM_054329207.1	9235	9007.29	69.8718	0.3491
XM_054329208.1	5852	5624.29	0	0
XM_054329209.1	5734	5506.29	0	0
XM_054329210.1	5647	5419.29	12.3965	0.102943
XM_054329211.1	5617	5389.29	0	0
XM_054329212.1	9052	8824.29	0.00214135	1.09207e-05
XM_054329213.1	5551	5323.29	0	0
XM_054329214.1	3814	3586.29	0	0
XM_054329215.1	2265	2037.29	0	0
XM_054329216.1	3550	3322.29	0	0
XM_054329217.1	3749	3521.29	0	0
XM_054329218.1	3628	3400.29	0	0
XM_054329219.1	3563	3335.29	0	0
XM_054329220.1	2954	2726.29	1.86087	0.0307174
XM_054329221.1	3767	3539.29	0	0
XM_054329222.1	2305	2077.29	0	0
XM_054329223.1	3590	3362.29	0	0
XM_054329224.1	3701	3473.29	0	0
XM_054329225.1	3584	3356.29	0	0
XM_054329226.1	3518	3290.29	0	0
XM_054329227.1	2906	2678.29	0	0
XM_054329228.1	5770	5542.29	9.97476	0.0809944
XM_054329229.1	2611	2383.29	10.7356	0.202717
XM_054329230.1	1764	1536.29	6.52031	0.191001
XM_054329231.1	4508	4280.29	7.98753	0.083981
XM_054329232.1	8510	8282.29	0.687986	0.00373828
XM_054329233.1	8444	8216.29	80.5439	0.441163
XM_054329234.1	8441	8213.29	6.6338	0.0363486
XM_054329235.1	8430	8202.29	0	0
XM_054329236.1	8408	8180.29	124.745	0.68627
XM_054329237.1	8405	8177.29	10.2724	0.0565333
XM_054329238.1	8381	8153.29	5.25009	0.0289785
XM_054329239.1	8378	8150.29	0.408473	0.00225544
XM_054329240.1	8378	8150.29	1.94608	0.0107456
XM_054329241.1	8375	8147.29	2.75143	0.015198
XM_054329242.1	8375	8147.29	0.147481	0.000814639
XM_054329243.1	8372	8144.29	0.20933	0.0011567
XM_054329244.1	8342	8114.29	0.145804	0.000808651
XM_054329245.1	8312	8084.29	0.984932	0.00548285
XM_054329246.1	8309	8081.29	19.9468	0.11108
XM_054329247.1	8306	8078.29	28.048	0.156252
XM_054329248.1	8306	8078.29	1.53652	0.00855974
XM_054329249.1	8303	8075.29	2.16849	0.0120849
XM_054329250.1	8273	8045.29	31.6794	0.177206
XM_054329251.1	8270	8042.29	44.5076	0.249056
XM_054329252.1	8270	8042.29	2.44201	0.013665
XM_054329253.1	8267	8039.29	3.44318	0.0192746
XM_054329254.1	8243	8015.29	1.66088	0.00932525
XM_054329255.1	8138	7910.29	40.0101	0.227625
XM_054329256.1	8105	7877.29	89.4259	0.510891
XM_054329257.1	8102	7874.29	63.0095	0.360111
XM_054329258.1	8078	7850.29	3.36131	0.0192692
XM_054329259.1	8075	7847.29	6.39399	0.0366686
XM_054329260.1	8006	7778.29	13.4624	0.0778899
XM_054329261.1	8003	7775.29	19.1718	0.110966
XM_054329262.1	8003	7775.29	9.13321	0.0528626
XM_054329263.1	8000	7772.29	13.0586	0.0756121
XM_054329264.1	7970	7742.29	21.5784	0.125427
XM_054329265.1	7967	7739.29	30.703	0.178535
XM_054329266.1	7967	7739.29	14.7815	0.0859529
XM_054329267.1	7964	7736.29	21.1147	0.122827
XM_054329268.1	7940	7712.29	1.01522	0.00592406
XM_054329269.1	7868	7640.29	0.668798	0.00393937
XM_054329270.1	7772	7544.29	0.118113	0.000704564
XM_054329271.1	7769	7541.29	0.172437	0.00102903
XM_054329272.1	7769	7541.29	0.0747611	0.000446141
XM_054329273.1	7766	7538.29	0.109668	0.000654708
XM_054329274.1	7733	7505.29	0.287065	0.0017213
XM_054329275.1	7730	7502.29	0.184747	0.00110822
XM_054329276.1	991	763.293	2.25141	0.132741
XM_054329277.1	1842	1614.29	0	0
XM_054329278.1	1922	1694.29	0	0
XM_054329279.1	1451	1223.29	0	0
XM_054329280.1	1154	926.293	126.565	6.14905
XM_054329281.1	1833	1605.29	0	0
XM_054329282.1	1803	1575.29	0	0
XM_054329283.1	8156	7928.29	0	0
XM_054329284.1	8051	7823.29	0	0
XM_054329285.1	9990	9762.29	0	0
XM_054329286.1	9924	9696.29	0	0
XM_054329287.1	10322	10094.3	0	0
XM_054329288.1	9542	9314.29	0.00477018	2.30477e-05
XM_054329289.1	9512	9284.29	0	0
XM_054329290.1	9739	9511.29	0	0
XM_054329291.1	9329	9101.29	13.8009	0.0682412
XM_054329292.1	9430	9202.29	9.15248e-08	4.47595e-10
XM_054329293.1	9446	9218.29	0	0
XM_054329294.1	9908	9680.29	0	0
XM_054329295.1	9406	9178.29	2.53073e-08	1.24087e-10
XM_054329296.1	9574	9346.29	138.522	0.666993
XM_054329297.1	5522	5294.29	0	0
XM_054329298.1	3775	3547.29	0	0
XM_054329299.1	3680	3452.29	0	0
XM_054329300.1	2303	2075.29	0	0
XM_054329301.1	2150	1922.29	0	0
XM_054329302.1	5859	5631.29	0	0
XM_054329303.1	5945	5717.29	0	0
XM_054329304.1	5662	5434.29	0	0
XM_054329305.1	6236	6008.29	480.296	3.59749
XM_054329306.1	5499	5271.29	218.007	1.86121
XM_054329307.1	5814	5586.29	0	0
XM_054329308.1	4239	4011.29	0.00160697	1.80288e-05
XM_054329309.1	3460	3232.29	0	0
XM_054329310.1	3990	3762.29	37.0375	0.443028
XM_054329311.1	2250	2022.29	0.0120704	0.000268609
XM_054329312.1	2242	2014.29	2.76573	0.0617916
XM_054329313.1	4385	4157.29	0	0
XM_054329314.1	4074	3846.29	0	0
XM_054329315.1	4012	3784.29	39.9261	0.474804
XM_054329316.1	3976	3748.29	12.2042	0.146528
XM_054329317.1	3825	3597.29	0	0
XM_054329318.1	2593	2365.29	0	0
XM_054329319.1	2595	2367.29	0	0
XM_054329320.1	5695	5467.29	2.31257e-08	1.90355e-10
XM_054329321.1	5619	5391.29	5	0.0417368
XM_054329322.1	2197	1969.29	0	0
XM_054329323.1	1820	1592.29	0	0
XM_054329324.1	3706	3478.29	0	0
XM_054329325.1	3545	3317.29	0	0
XM_054329326.1	2260	2032.29	0	0
XM_054329327.1	3640	3412.29	0	0
XM_054329328.1	3523	3295.29	0	0
XM_054329329.1	3457	3229.29	0	0
XM_054329330.1	2845	2617.29	0	0
XM_054329331.1	2465	2237.29	0	0
XM_054329332.1	1422	1194.29	2.63993	0.0994774
XM_054329333.1	1305	1077.29	6.01422	0.25124
XM_054329334.1	1212	984.293	0	0
XM_054329335.1	2822	2594.29	584.794	10.1444
XM_054329336.1	2623	2395.29	17.9443	0.337141
XM_054329337.1	2617	2389.29	37.2939	0.702442
XM_054329338.1	2708	2480.29	0.00949465	0.000172273
XM_054329339.1	2702	2474.29	4.91801	0.0894501
XM_054329340.1	2503	2275.29	0.480723	0.00950824
XM_054329341.1	3277	3049.29	0	0
XM_054329342.1	3177	2949.29	1.35626	0.020695
XM_054329343.1	2503	2275.29	34.6154	0.68466
XM_054329344.1	4245	4017.29	0	0
XM_054329345.1	4255	4027.29	0	0
XM_054329346.1	4146	3918.29	0	0
XM_054329347.1	4234	4006.29	0	0
XM_054329348.1	5829	5601.29	34.2909	0.275508
XM_054329349.1	4156	3928.29	75.4465	0.864326
XM_054329350.1	3701	3473.29	0	0
XM_054329351.1	4069	3841.29	1.27114	0.0148922
XM_054329352.1	4141	3913.29	0	0
XM_054329353.1	4162	3934.29	0	0
XM_054329354.1	4030	3802.29	0	0
XM_054329355.1	4024	3796.29	0	0
XM_054329356.1	4096	3868.29	0	0
XM_054329357.1	3614	3386.29	2.18334e-05	2.90161e-07
XM_054329358.1	3608	3380.29	0.000466865	6.21555e-06
XM_054329359.1	3937	3709.29	84.5649	1.02599
XM_054329360.1	4031	3803.29	0	0
XM_054329361.1	4020	3792.29	0	0
XM_054329362.1	4638	4410.29	94.243	0.961665
XM_054329363.1	4627	4399.29	54.0498	0.552908
XM_054329364.1	4027	3799.29	0	0
XM_054329365.1	3868	3640.29	0	0
XM_054329366.1	3736	3508.29	0	0
XM_054329367.1	3730	3502.29	0	0
XM_054329368.1	3314	3086.29	5.72314e-06	8.34526e-08
XM_054329369.1	3643	3415.29	4.50879	0.059412
XM_054329370.1	3637	3409.29	96.1071	1.26863
XM_054329371.1	3709	3481.29	0	0
XM_054329372.1	3720	3492.29	0	0
XM_054329373.1	3272	3044.29	0.239567	0.00354146
XM_054329374.1	3134	2906.29	27.3119	0.422916
XM_054329375.1	2817	2589.29	6.71498	0.116709
XM_054329376.1	2404	2176.29	14.8335	0.306738
XM_054329377.1	8109	7881.29	0	0
XM_054329378.1	7334	7106.29	0	0
XM_054329379.1	7211	6983.29	0	0
XM_054329380.1	5787	5559.29	0	0
XM_054329381.1	7108	6880.29	0	0
XM_054329382.1	5664	5436.29	4.4832e-08	3.71131e-10
XM_054329383.1	5828	5600.29	0	0
XM_054329384.1	5464	5236.29	2.21254e-06	1.90156e-08
XM_054329385.1	5624	5396.29	9.09594e-07	7.58567e-09
XM_054329386.1	5595	5367.29	6.76871	0.0567535
XM_054329387.1	5543	5315.29	35.785	0.302982
XM_054329388.1	5068	4840.29	55.8695	0.519452
XM_054329389.1	4992	4764.29	81.6352	0.771119
XM_054329390.1	662	435.717	0	0
XM_054329391.1	547	323.768	0	0
XM_054329392.1	2080	1852.29	0	0
XM_054329393.1	4529	4301.29	0	0
XM_054329394.1	4231	4003.29	0	0
XM_054329395.1	2136	1908.29	0	0
XM_054329396.1	1265	1037.29	0	0
XM_054329397.1	1205	977.293	0	0
XM_054329398.1	2082	1854.29	0	0
XM_054329399.1	1101	873.293	0	0
XM_054329400.1	1160	932.293	0	0
XM_054329401.1	1314	1086.29	0	0
XM_054329402.1	1151	923.293	0	0
XM_054329403.1	2018	1790.29	0	0
XM_054329404.1	1056	828.293	0	0
XM_054329405.1	1047	819.293	0	0
XM_054329406.1	1215	987.293	0	0
XM_054329407.1	1001	773.293	0	0
XM_054329408.1	1210	982.293	0	0
XM_054329409.1	1097	869.293	0	0
XM_054329410.1	1251	1023.29	0	0
XM_054329411.1	964	736.293	0	0
XM_054329412.1	2623	2395.29	0	0
XM_054329413.1	1964	1736.29	0	0
XM_054329414.1	1002	774.293	0	0
XM_054329415.1	941	713.293	0	0
XM_054329416.1	947	719.293	0	0
XM_054329417.1	916	688.293	0	0
XM_054329418.1	940	712.293	0	0
XM_054329419.1	1147	919.293	0	0
XM_054329420.1	1567	1339.29	0	0
XM_054329421.1	2569	2341.29	0	0
XM_054329422.1	887	659.427	0	0
XM_054329423.1	2505	2277.29	0	0
XM_054329424.1	898	670.361	0	0
XM_054329425.1	906	678.293	0	0
XM_054329426.1	1274	1046.29	0	0
XM_054329427.1	2451	2223.29	0	0
XM_054329428.1	5323	5095.29	0	0
XM_054329429.1	1075	847.293	0	0
XM_054329430.1	1964	1736.29	0	0
XM_054329431.1	1922	1694.29	0	0
XM_054329432.1	1960	1732.29	0	0
XM_054329433.1	1918	1690.29	0	0
XM_054329434.1	1411	1183.29	0	0
XM_054329435.1	1451	1223.29	0	0
XM_054329436.1	896	668.361	0	0
XM_054329437.1	1056	828.293	0	0
XM_054329438.1	1053	825.293	0	0
XM_054329439.1	1019	791.293	1.21499	0.0690997
XM_054329440.1	2027	1799.29	1.78501	0.0446459
XM_054329441.1	1036	808.293	0	0
XM_054329442.1	1583	1355.29	0	0
XM_054329443.1	994	766.293	0	0
XM_054329444.1	5248	5020.29	2.31868e-05	2.07852e-07
XM_054329445.1	5391	5163.29	0	0
XM_054329446.1	5744	5516.29	0	0
XM_054329447.1	5381	5153.29	0	0
XM_054329448.1	2002	1774.29	0	0
XM_054329449.1	1980	1752.29	0	0
XM_054329450.1	1856	1628.29	0	0
XM_054329451.1	2216	1988.29	96.594	2.18631
XM_054329452.1	895	667.361	0	0
XM_054329453.1	966	738.293	0	0
XM_054329454.1	1037	809.293	0	0
XM_054329455.1	1444	1216.29	0	0
XM_054329456.1	1240	1012.29	0	0
XM_054329457.1	1201	973.293	0	0
XM_054329458.1	3184	2956.29	0	0
XM_054329459.1	1154	926.293	0	0
XM_054329460.1	1060	832.293	2.2915	0.123904
XM_054329461.1	3090	2862.29	0	0
XM_054329462.1	1107	879.293	1.7621	0.090186
XM_054329463.1	1503	1275.29	57.2487	2.02021
XM_054329464.1	1425	1197.29	0	0
XM_054329465.1	1344	1116.29	30.4965	1.22946
XM_054329466.1	1302	1074.29	0	0
XM_054329467.1	844	616.427	35.4363	2.58708
XM_054329468.1	3193	2965.29	138.79	2.10635
XM_054329469.1	2959	2731.29	30.4009	0.500911
XM_054329470.1	2151	1923.29	122.444	2.86507
XM_054329471.1	1757	1529.29	136.141	4.00626
XM_054329472.1	1754	1526.29	65.084	1.91902
XM_054329473.1	1232	1004.29	0	0
XM_054329474.1	1268	1040.29	5.38244	0.232844
XM_054329475.1	3004	2776.29	0	0
XM_054329476.1	2905	2677.29	0	0
XM_054329477.1	1295	1067.29	0	0
XM_054329478.1	4758	4530.29	0	0
XM_054329479.1	3676	3448.29	26.9976	0.352341
XM_054329480.1	4595	4367.29	1.09268	0.0112596
XM_054329481.1	3104	2876.29	8.99823	0.140788
XM_054329482.1	3097	2869.29	0	0
XM_054329483.1	4641	4413.29	33.7956	0.34462
XM_054329484.1	4551	4323.29	87.1257	0.90693
XM_054329485.1	2920	2692.29	0	0
XM_054329486.1	2802	2574.29	1	0.0174817
XM_054329487.1	7398	7170.29	0	0
XM_054329488.1	6022	5794.29	38.9474	0.302497
XM_054329489.1	1212	984.293	0	0
XM_054329490.1	4982	4754.29	0	0
XM_054329491.1	4558	4330.29	0	0
XM_054329492.1	4899	4671.29	0	0
XM_054329493.1	4521	4293.29	0	0
XM_054329494.1	4168	3940.29	0	0
XM_054329495.1	4217	3989.29	0	0
XM_054329496.1	5042	4814.29	0	0
XM_054329497.1	4281	4053.29	0	0
XM_054329498.1	4165	3937.29	0	0
XM_054329499.1	4214	3986.29	0	0
XM_054329500.1	4153	3925.29	0	0
XM_054329501.1	4150	3922.29	0	0
XM_054329502.1	4176	3948.29	0	0
XM_054329503.1	4057	3829.29	0	0
XM_054329504.1	2015	1787.29	0	0
XM_054329505.1	1896	1668.29	0.0313922	0.000846821
XM_054329506.1	2012	1784.29	2.12707e-07	5.36485e-09
XM_054329507.1	2000	1772.29	3.55105e-07	9.01703e-09
XM_054329508.1	1997	1769.29	2.53021e-05	6.43575e-07
XM_054329509.1	1881	1653.29	5.23628	0.142533
XM_054329510.1	4222	3994.29	0	0
XM_054329511.1	4106	3878.29	0	0
XM_054329512.1	3937	3709.29	0	0
XM_054329513.1	4053	3825.29	0	0
XM_054329514.1	4207	3979.29	0	0
XM_054329515.1	4091	3863.29	0	0
XM_054329516.1	3922	3694.29	0	0
XM_054329517.1	3925	3697.29	0	0
XM_054329518.1	1837	1609.29	0	0
XM_054329519.1	3789	3561.29	0	0
XM_054329520.1	1511	1283.29	0	0
XM_054329521.1	3477	3249.29	0	0
XM_054329522.1	10438	10210.3	15.1631	0.0668334
XM_054329523.1	8618	8390.29	2.06372	0.0110692
XM_054329524.1	9657	9429.29	3.02365	0.0144309
XM_054329525.1	11031	10803.3	31.4475	0.131
XM_054329526.1	13016	12788.3	38.4646	0.13536
XM_054329527.1	10518	10290.3	5.21927	0.0228257
XM_054329528.1	7352	7124.29	1.3823	0.00873177
XM_054329529.1	6821	6593.29	0	0
XM_054329530.1	3163	2935.29	0	0
XM_054329531.1	3268	3040.29	2.20451	0.0326316
XM_054329532.1	2922	2694.29	0	0
XM_054329533.1	2917	2689.29	5.79503	0.0969749
XM_054329534.1	3026	2798.29	1.92629	0.0309792
XM_054329535.1	2869	2641.29	0	0
XM_054329536.1	2692	2464.29	17.4064	0.317876
XM_054329537.1	2801	2573.29	0	0
XM_054329538.1	2905	2677.29	0	0
XM_054329539.1	2659	2431.29	0	0
XM_054329540.1	6755	6527.29	12.7716	0.088055
XM_054329541.1	1215	987.293	0	0
XM_054329542.1	1478	1250.29	0	0
XM_054329543.1	1427	1199.29	0	0
XM_054329544.1	1373	1145.29	0	0
XM_054329545.1	1331	1103.29	1.04525e-08	4.26353e-10
XM_054329546.1	4607	4379.29	1.63761e-05	1.68286e-07
XM_054329547.1	4406	4178.29	0	0
XM_054329548.1	4245	4017.29	44.317	0.496455
XM_054329549.1	4504	4276.29	91.2992	0.960819
XM_054329550.1	4108	3880.29	0	0
XM_054329551.1	1597	1369.29	0	0
XM_054329552.1	1572	1344.29	0	0
XM_054329553.1	1576	1348.29	0	0
XM_054329554.1	1533	1305.29	0	0
XM_054329555.1	1457	1229.29	0	0
XM_054329556.1	1426	1198.29	0	0
XM_054329557.1	575	350.386	0	0
XM_054329558.1	2261	2033.29	0	0
XM_054329559.1	2252	2024.29	0	0
XM_054329560.1	2223	1995.29	1	0.0225546
XM_054329561.1	8716	8488.29	1.93628	0.0102658
XM_054329562.1	5820	5592.29	0	0
XM_054329563.1	5791	5563.29	0	0
XM_054329564.1	2872	2644.29	0	0
XM_054329565.1	3025	2797.29	2.58592	0.0416025
XM_054329566.1	1867	1639.29	0	0
XM_054329567.1	5068	4840.29	0	0
XM_054329568.1	5065	4837.29	0	0
XM_054329569.1	5056	4828.29	0	0
XM_054329570.1	5005	4777.29	0	0
XM_054329571.1	4942	4714.29	0	0
XM_054329572.1	5012	4784.29	0	0
XM_054329573.1	4917	4689.29	5.57438	0.0534973
XM_054329574.1	5034	4806.29	0	0
XM_054329575.1	5031	4803.29	0	0
XM_054329576.1	4931	4703.29	0	0
XM_054329577.1	1943	1715.29	0	0
XM_054329578.1	5987	5759.29	0	0
XM_054329579.1	1452	1224.29	0	0
XM_054329580.1	1288	1060.29	0	0
XM_054329581.1	1047	819.293	0	0
XM_054329582.1	8491	8263.29	40.4011	0.22003
XM_054329583.1	3738	3510.29	0	0
XM_054329584.1	3669	3441.29	0	0
XM_054329585.1	2468	2240.29	1.47627	0.0296555
XM_054329586.1	2481	2253.29	15.9861	0.319276
XM_054329587.1	2079	1851.29	0	0
XM_054329588.1	2652	2424.29	13.6665	0.253697
XM_054329589.1	2107	1879.29	6.51903	0.15611
XM_054329590.1	2022	1794.29	0.00878259	0.000220278
XM_054329591.1	2014	1786.29	4.02046	0.10129
XM_054329592.1	1989	1761.29	0	0
XM_054329593.1	2043	1815.29	0	0
XM_054329594.1	2618	2390.29	0	0
XM_054329595.1	2441	2213.29	0	0
XM_054329596.1	2435	2207.29	0	0
XM_054329597.1	2258	2030.29	0	0
XM_054329598.1	5675	5447.29	0	0
XM_054329599.1	5601	5373.29	0	0
XM_054329600.1	2888	2660.29	1.78638e-06	3.02195e-08
XM_054329601.1	3636	3408.29	0	0
XM_054329602.1	3281	3053.29	0	0
XM_054329603.1	3245	3017.29	0	0
XM_054329604.1	3177	2949.29	0	0
XM_054329605.1	3134	2906.29	0	0
XM_054329606.1	3277	3049.29	0	0
XM_054329607.1	2989	2761.29	0	0
XM_054329608.1	2761	2533.29	0	0
XM_054329609.1	3746	3518.29	0	0
XM_054329610.1	2665	2437.29	0	0
XM_054329611.1	2395	2167.29	14.7038	0.305319
XM_054329612.1	611	385.534	16.207	1.89183
XM_054329613.1	3548	3320.29	0	0
XM_054329614.1	1051	823.293	0	0
XM_054329615.1	3306	3078.29	0	0
XM_054329616.1	3290	3062.29	0	0
XM_054329617.1	1293	1065.29	0	0
XM_054329618.1	1035	807.293	0	0
XM_054329619.1	5794	5566.29	0	0
XM_054329620.1	22605	22377.3	0	0
XM_054329621.1	21225	20997.3	11.143	0.0238827
XM_054329622.1	4289	4061.29	0	0
XM_054329623.1	4286	4058.29	0	0
XM_054329624.1	4286	4058.29	0	0
XM_054329625.1	4283	4055.29	0	0
XM_054329626.1	4216	3988.29	0	0
XM_054329627.1	4213	3985.29	0	0
XM_054329628.1	4213	3985.29	0	0
XM_054329629.1	4210	3982.29	0	0
XM_054329630.1	2906	2678.29	0	0
XM_054329631.1	2903	2675.29	0	0
XM_054329632.1	2332	2104.29	0	0
XM_054329633.1	2389	2161.29	0	0
XM_054329634.1	2288	2060.29	0	0
XM_054329635.1	2386	2158.29	0	0
XM_054329636.1	2386	2158.29	0	0
XM_054329637.1	2387	2159.29	0	0
XM_054329638.1	2383	2155.29	0	0
XM_054329639.1	2383	2155.29	0	0
XM_054329640.1	2380	2152.29	0	0
XM_054329641.1	2353	2125.29	0	0
XM_054329642.1	2350	2122.29	0	0
XM_054329643.1	2347	2119.29	0	0
XM_054329644.1	2347	2119.29	0	0
XM_054329645.1	2344	2116.29	0	0
XM_054329646.1	1982	1754.29	0	0
XM_054329647.1	1367	1139.29	0	0
XM_054329648.1	1309	1081.29	0	0
XM_054329649.1	980	752.293	0	0
XM_054329650.1	3524	3296.29	8.26212	0.1128
XM_054329651.1	2600	2372.29	0	0
XM_054329652.1	2292	2064.29	0	0
XM_054329653.1	2581	2353.29	0	0
XM_054329654.1	1343	1115.29	6.72502	0.27136
XM_054329655.1	4119	3891.29	0	0
XM_054329656.1	5805	5577.29	0	0
XM_054329657.1	5787	5559.29	359.458	2.90985
XM_054329658.1	5791	5563.29	4.11405	0.0332797
XM_054329659.1	5698	5470.29	7.0921	0.0583454
XM_054329660.1	3654	3426.29	3.013e-05	3.95746e-07
XM_054329661.1	3634	3406.29	4.83235e-08	6.38438e-10
XM_054329662.1	3543	3315.29	5.63452e-07	7.64852e-09
XM_054329663.1	3547	3319.29	0	0
XM_054329664.1	3523	3295.29	0	0
XM_054329665.1	1900	1672.29	0	0
XM_054329666.1	3876	3648.29	0	0
XM_054329667.1	3669	3441.29	0	0
XM_054329668.1	3887	3659.29	0	0
XM_054329669.1	3632	3404.29	0	0
XM_054329670.1	3705	3477.29	0	0
XM_054329671.1	3471	3243.29	0	0
XM_054329672.1	1863	1635.29	38.2783	1.05341
XM_054329673.1	1129	901.293	241.597	12.0634
XM_054329674.1	1148	920.293	0	0
XM_054329675.1	1351	1123.29	0	0
XM_054329676.1	1261	1033.29	0	0
XM_054329677.1	1329	1101.29	0	0
XM_054329678.1	1168	940.293	0	0
XM_054329679.1	1057	829.293	0	0
XM_054329680.1	596	370.951	0	0
XM_054329681.1	629	403.218	0	0
XM_054329682.1	913	685.293	0	0
XM_054329683.1	880	652.427	1.82069	0.125587
XM_054329684.1	2872	2644.29	0	0
XM_054329685.1	2875	2647.29	0	0
XM_054329686.1	2869	2641.29	0	0
XM_054329687.1	2872	2644.29	0	0
XM_054329688.1	5821	5593.29	0	0
XM_054329689.1	3020	2792.29	0	0
XM_054329690.1	3023	2795.29	0	0
XM_054329691.1	3017	2789.29	0	0
XM_054329692.1	3020	2792.29	0	0
XM_054329693.1	2821	2593.29	0	0
XM_054329694.1	2824	2596.29	0	0
XM_054329695.1	2821	2593.29	0	0
XM_054329696.1	5766	5538.29	0	0
XM_054329697.1	3536	3308.29	0	0
XM_054329698.1	3324	3096.29	5.49733	0.079901
XM_054329699.1	2517	2289.29	0	0
XM_054329700.1	2263	2035.29	43.7105	0.966499
XM_054329701.1	2207	1979.29	0	0
XM_054329702.1	2114	1886.29	518.575	12.3721
XM_054329703.1	2194	1966.29	66.3021	1.51747
XM_054329704.1	1093	865.293	0	0
XM_054329705.1	795	567.487	0	0
XM_054329706.1	795	567.487	0	0
XM_054329707.1	3199	2971.29	0	0
XM_054329708.1	6074	5846.29	0	0
XM_054329709.1	2051	1823.29	0	0
XM_054329710.1	2536	2308.29	0	0
XM_054329711.1	2515	2287.29	0	0
XM_054329712.1	2341	2113.29	0	0
XM_054329713.1	2367	2139.29	0	0
XM_054329714.1	1181	953.293	5	0.23604
XM_054329715.1	1463	1235.29	0	0
XM_054329716.1	4377	4149.29	0	0
XM_054329717.1	4280	4052.29	0	0
XM_054329718.1	4238	4010.29	0	0
XM_054329719.1	1684	1456.29	1.95781	0.0605012
XM_054329720.1	1586	1358.29	18.9615	0.628234
XM_054329721.1	1707	1479.29	24.6698	0.750504
XM_054329722.1	655	428.76	0	0
XM_054329723.1	1944	1716.29	0	0
XM_054329724.1	4646	4418.29	0	0
XM_054329725.1	4544	4316.29	0	0
XM_054329726.1	2024	1796.29	0	0
XM_054329727.1	1684	1456.29	0	0
XM_054329728.1	990	762.293	0	0
XM_054329729.1	1752	1524.29	8.52501	0.251691
XM_054329730.1	1777	1549.29	0.971702	0.0282255
XM_054329731.1	6575	6347.29	0	0
XM_054329732.1	7755	7527.29	0	0
XM_054329733.1	6882	6654.29	2.32761	0.0157416
XM_054329734.1	6541	6313.29	0	0
XM_054329735.1	5112	4884.29	0	0
XM_054329736.1	6251	6023.29	6.7938	0.05076
XM_054329737.1	2234	2006.29	0	0
XM_054329738.1	2345	2117.29	0	0
XM_054329739.1	5386	5158.29	0	0
XM_054329740.1	2807	2579.29	6.99651	0.122074
XM_054329741.1	1281	1053.29	0	0
XM_054329742.1	1049	821.293	0	0
XM_054329743.1	1001	773.293	0	0
XM_054329744.1	1513	1285.29	0	0
XM_054329745.1	943	715.293	0	0
XM_054329746.1	733	505.753	1.13917	0.101366
XM_054329747.1	657	430.76	0	0
XM_054329748.1	1313	1085.29	5.23138	0.216926
XM_054329749.1	1580	1352.29	1.67839	0.0558554
XM_054329750.1	1414	1186.29	3.61555	0.137159
XM_054329751.1	4292	4064.29	0	0
XM_054329752.1	4084	3856.29	0	0
XM_054329753.1	4062	3834.29	8.24143	0.0967297
XM_054329754.1	4584	4356.29	60.1813	0.621708
XM_054329755.1	3740	3512.29	0	0
XM_054329756.1	3449	3221.29	17.0574	0.2383
XM_054329757.1	1880	1652.29	0.0038256	0.000104197
XM_054329758.1	1923	1695.29	19.0839	0.5066
XM_054329759.1	1511	1283.29	0	0
XM_054329760.1	1346	1118.29	0.509958	0.0205221
XM_054329761.1	985	757.293	0	0
XM_054329762.1	1566	1338.29	0	0
XM_054329763.1	1436	1208.29	0	0
XM_054329764.1	988	760.293	0	0
XM_054329765.1	3511	3283.29	0	0
XM_054329766.1	2765	2537.29	0	0
XM_054329767.1	3408	3180.29	0	0
XM_054329768.1	2860	2632.29	0	0
XM_054329769.1	2601	2373.29	0	0
XM_054329770.1	4273	4045.29	0	0
XM_054329771.1	2744	2516.29	0	0
XM_054329772.1	2764	2536.29	0	0
XM_054329773.1	2881	2653.29	0	0
XM_054329774.1	3895	3667.29	2.50871	0.0307856
XM_054329775.1	3557	3329.29	0	0
XM_054329776.1	2732	2504.29	0	0
XM_054329777.1	2618	2390.29	0	0
XM_054329778.1	2469	2241.29	0	0
XM_054329779.1	3870	3642.29	0	0
XM_054329780.1	2857	2629.29	0	0
XM_054329781.1	2708	2480.29	0	0
XM_054329782.1	2696	2468.29	0	0
XM_054329783.1	2445	2217.29	0	0
XM_054329784.1	3868	3640.29	0	0
XM_054329785.1	2830	2602.29	0	0
XM_054329786.1	2681	2453.29	0	0
XM_054329787.1	2418	2190.29	0	0
XM_054329788.1	3819	3591.29	2.35555	0.0295178
XM_054329789.1	2806	2578.29	0.000316146	5.51819e-06
XM_054329790.1	2794	2566.29	0.189485	0.00332284
XM_054329791.1	2657	2429.29	0	0
XM_054329792.1	2645	2417.29	0	0
XM_054329793.1	3795	3567.29	12.5236	0.157991
XM_054329794.1	2770	2542.29	2.23857	0.0396266
XM_054329795.1	2370	2142.29	0	0
XM_054329796.1	2537	2309.29	0	0
XM_054329797.1	2131	1903.29	1.17204	0.0277126
XM_054329798.1	1331	1103.29	10.169	0.41479
XM_054329799.1	617	391.417	0	0
XM_054329800.1	1514	1286.29	7.33771	0.256722
XM_054329801.1	1149	921.293	0	0
XM_054329802.1	1283	1055.29	0	0
XM_054329803.1	972	744.293	0	0
XM_054329804.1	1188	960.293	0	0
XM_054329805.1	1077	849.293	0	0
XM_054329806.1	2711	2483.29	723.601	13.1133
XM_054329807.1	1383	1155.29	0	0
XM_054329808.1	2581	2353.29	0	0
XM_054329809.1	1350	1122.29	0	0
XM_054329810.1	1447	1219.29	0	0
XM_054329811.1	2548	2320.29	0	0
XM_054329812.1	1642	1414.29	0	0
XM_054329813.1	4388	4160.29	11.054	0.119574
XM_054329814.1	4355	4127.29	0	0
XM_054329815.1	1606	1378.29	0	0
XM_054329816.1	4233	4005.29	0.392271	0.00440751
XM_054329817.1	4046	3818.29	0	0
XM_054329818.1	1090	862.293	0	0
XM_054329819.1	1225	997.293	0	0
XM_054329820.1	1442	1214.29	0.387439	0.0143589
XM_054329821.1	1149	921.293	0	0
XM_054329822.1	947	719.293	0	0
XM_054329823.1	1678	1450.29	0	0
XM_054329824.1	1534	1306.29	0	0
XM_054329825.1	3152	2924.29	720.769	11.0922
XM_054329826.1	2729	2501.29	1.57601e-07	2.83555e-09
XM_054329827.1	3037	2809.29	0	0
XM_054329828.1	2766	2538.29	0	0
XM_054329829.1	2691	2463.29	205.421	3.75293
XM_054329830.1	2890	2662.29	21.5366	0.364052
XM_054329831.1	2245	2017.29	16.7082	0.372737
XM_054329832.1	2182	1954.29	4.48717	0.10333
XM_054329833.1	4566	4338.29	17.8337	0.184997
XM_054329834.1	4565	4337.29	14.7612	0.15316
XM_054329835.1	768	540.541	0.999385	0.0832044
XM_054329836.1	2951	2723.29	0	0
XM_054329837.1	3260	3032.29	66.6408	0.989035
XM_054329838.1	2681	2453.29	0	0
XM_054329839.1	3200	2972.29	0.00281629	4.2641e-05
XM_054329840.1	2709	2481.29	0	0
XM_054329841.1	2624	2396.29	0.927304	0.017415
XM_054329842.1	1763	1535.29	1.19817e-05	3.51213e-07
XM_054329843.1	1495	1267.29	2.52207e-06	8.95618e-08
XM_054329844.1	3414	3186.29	52.8961	0.747102
XM_054329845.1	3036	2808.29	22.7856	0.36514
XM_054329846.1	2649	2421.29	0	0
XM_054329847.1	2637	2409.29	0	0
XM_054329848.1	2794	2566.29	0	0
XM_054329849.1	2784	2556.29	0	0
XM_054329850.1	2889	2661.29	0	0
XM_054329851.1	2659	2431.29	0	0
XM_054329852.1	1668	1440.29	0	0
XM_054329853.1	3218	2990.29	0	0
XM_054329854.1	3205	2977.29	0	0
XM_054329855.1	3059	2831.29	0	0
XM_054329856.1	3332	3104.29	24.4083	0.353849
XM_054329857.1	3161	2933.29	0	0
XM_054329858.1	3071	2843.29	0	0
XM_054329859.1	1810	1582.29	8.63874	0.2457
XM_054329860.1	1621	1393.29	1.99178	0.064334
XM_054329861.1	4114	3886.29	0	0
XM_054329862.1	2624	2396.29	0	0
XM_054329863.1	3407	3179.29	8.79067	0.124433
XM_054329864.1	3392	3164.29	0	0
XM_054329865.1	3408	3180.29	0	0
XM_054329866.1	3193	2965.29	0	0
XM_054329867.1	3282	3054.29	0	0
XM_054329868.1	3304	3076.29	0	0
XM_054329869.1	3176	2948.29	2.20938e-07	3.37243e-09
XM_054329870.1	4231	4003.29	0	0
XM_054329871.1	4049	3821.29	0	0
XM_054329872.1	4112	3884.29	0	0
XM_054329873.1	4155	3927.29	0	0
XM_054329874.1	4043	3815.29	0	0
XM_054329875.1	3818	3590.29	0	0
XM_054329876.1	3734	3506.29	0	0
XM_054329877.1	3953	3725.29	0	0
XM_054329878.1	3897	3669.29	0	0
XM_054329879.1	4047	3819.29	0	0
XM_054329880.1	3894	3666.29	0	0
XM_054329881.1	3957	3729.29	0	0
XM_054329882.1	7164	6936.29	429.192	2.78462
XM_054329883.1	6863	6635.29	1334.48	9.05098
XM_054329884.1	6900	6672.29	1805.58	12.1782
XM_054329885.1	6653	6425.29	2255.88	15.8003
XM_054329886.1	3699	3471.29	260.527	3.37756
XM_054329887.1	3704	3476.29	2.01127	0.0260374
XM_054329888.1	3790	3562.29	0	0
XM_054329889.1	3814	3586.29	0	0
XM_054329890.1	3647	3419.29	179.123	2.35753
XM_054329891.1	3697	3469.29	274.998	3.56723
XM_054329892.1	3608	3380.29	0.117541	0.00156486
XM_054329893.1	3706	3478.29	0	0
XM_054329894.1	3670	3442.29	0.19533	0.00255366
XM_054329895.1	3552	3324.29	0.0330813	0.000447843
XM_054329896.1	3643	3415.29	0	0
XM_054329897.1	3589	3361.29	61.4062	0.822145
XM_054329898.1	3538	3310.29	0.0730024	0.000992459
XM_054329899.1	3441	3213.29	0	0
XM_054329900.1	2797	2569.29	96.7012	1.69379
XM_054329901.1	2464	2236.29	84.3848	1.69816
XM_054329902.1	2631	2403.29	10.8292	0.202783
XM_054329903.1	2467	2239.29	0	0
XM_054329904.1	2443	2215.29	81.4449	1.65453
XM_054329905.1	1472	1244.29	9.46707	0.342401
XM_054329906.1	1430	1202.29	72.8595	2.72721
XM_054329907.1	1457	1229.29	0.00790945	0.000289556
XM_054329908.1	687	460.134	0	0
XM_054329909.1	757	529.648	0	0
XM_054329910.1	736	508.753	0	0
XM_054329911.1	730	502.753	0	0
XM_054329912.1	594	368.988	0	0
XM_054329913.1	643	416.972	0	0
XM_054329914.1	2061	1833.29	0	0
XM_054329915.1	2835	2607.29	0	0
XM_054329916.1	2789	2561.29	0	0
XM_054329917.1	2808	2580.29	0	0
XM_054329918.1	2423	2195.29	1.20036	0.0246071
XM_054329919.1	2717	2489.29	0	0
XM_054329920.1	907	679.293	0	0
XM_054329921.1	1836	1608.29	0.200533	0.00561129
XM_054329922.1	1188	960.293	0	0
XM_054329923.1	2718	2490.29	0	0
XM_054329924.1	3864	3636.29	0	0
XM_054329925.1	1745	1517.29	0	0
XM_054329926.1	1604	1376.29	0	0
XM_054329927.1	1217	989.293	0	0
XM_054329928.1	972	744.293	0	0
XM_054329929.1	1752	1524.29	39.0392	1.15259
XM_054329930.1	1434	1206.29	8.96151	0.334326
XM_054329931.1	7170	6942.29	0	0
XM_054329932.1	7282	7054.29	0	0
XM_054329933.1	7167	6939.29	1.53317e-05	9.94299e-08
XM_054329934.1	8579	8351.29	0	0
XM_054329935.1	7088	6860.29	0	0
XM_054329936.1	7200	6972.29	0	0
XM_054329937.1	7014	6786.29	0	0
XM_054329938.1	6633	6405.29	0	0
XM_054329939.1	6600	6372.29	0	0
XM_054329940.1	6597	6369.29	0	0
XM_054329941.1	7924	7696.29	0	0
XM_054329942.1	6378	6150.29	0	0
XM_054329943.1	6498	6270.29	1.09824e-05	7.88231e-08
XM_054329944.1	6375	6147.29	0	0
XM_054329945.1	7698	7470.29	0	0
XM_054329946.1	7697	7469.29	0	0
XM_054329947.1	482	263.537	7.51035	1.28251
XM_054329948.1	1599	1371.29	146.608	4.81137
XM_054329949.1	1579	1351.29	85.5937	2.85059
XM_054329950.1	1572	1344.29	0.0079523	0.00026622
XM_054329951.1	1533	1305.29	62.75	2.16346
XM_054329952.1	1457	1229.29	0	0
XM_054329953.1	1426	1198.29	0	0
XM_054329954.1	10438	10210.3	118.564	0.522584
XM_054329955.1	8618	8390.29	25.2314	0.135334
XM_054329956.1	9657	9429.29	28.032	0.133788
XM_054329957.1	11031	10803.3	220.06	0.916702
XM_054329958.1	13016	12788.3	198.776	0.699509
XM_054329959.1	10518	10290.3	40.2379	0.175975
XM_054329960.1	7352	7124.29	26.3492	0.166444
XM_054329961.1	6821	6593.29	0	0
XM_054329962.1	6757	6529.29	38.2516	0.263649
XM_054329963.1	1215	987.293	0	0
XM_054329964.1	968	740.293	0	0
XM_054329965.1	1478	1250.29	0	0
XM_054329966.1	863	635.427	0	0
XM_054329967.1	1427	1199.29	0	0
XM_054329968.1	1373	1145.29	0	0
XM_054329969.1	767	539.541	0	0
XM_054329970.1	6756	6528.29	0	0
XM_054329971.1	1215	987.293	0	0
XM_054329972.1	1211	983.293	0	0
XM_054329973.1	968	740.293	0	0
XM_054329974.1	863	635.427	0	0
XM_054329975.1	1427	1199.29	0	0
XM_054329976.1	1373	1145.29	0	0
XM_054329977.1	767	539.541	0	0
XM_054329978.1	1331	1103.29	0	0
XM_054329979.1	1277	1049.29	0	0
XM_054329980.1	578	353.315	0	0
XM_054329981.1	578	353.315	0	0
XM_054329982.1	6141	5913.29	0	0
XM_054329983.1	4076	3848.29	0	0
XM_054329984.1	7457	7229.29	0	0
XM_054329985.1	4539	4311.29	6.42795e-08	6.70976e-10
XM_054329986.1	4782	4554.29	0	0
XM_054329987.1	606	380.649	0	0
XM_054329988.1	22605	22377.3	0	0
XM_054329989.1	21225	20997.3	11.143	0.0238827
XM_054329990.1	5068	4840.29	0	0
XM_054329991.1	5065	4837.29	0	0
XM_054329992.1	5056	4828.29	0	0
XM_054329993.1	5005	4777.29	0	0
XM_054329994.1	4942	4714.29	0	0
XM_054329995.1	5012	4784.29	0	0
XM_054329996.1	4917	4689.29	5.57438	0.0534973
XM_054329997.1	5999	5771.29	0	0
XM_054329998.1	5996	5768.29	0	0
XM_054329999.1	6052	5824.29	0	0
XM_054330000.1	6346	6118.29	0	0
XM_054330001.1	6037	5809.29	0	0
XM_054330002.1	4441	4213.29	33.2013	0.35463
XM_054330003.1	3555	3327.29	117.844	1.59389
XM_054330004.1	3589	3361.29	8.84184	0.11838
XM_054330005.1	2016	1788.29	53.5889	1.34858
XM_054330006.1	3113	2885.29	113.46	1.76969
XM_054330007.1	3412	3184.29	0	0
XM_054330008.1	5194	4966.29	17.219	0.156033
XM_054330009.1	3184	2956.29	0	0
XM_054330010.1	3148	2920.29	0	0
XM_054330011.1	3242	3014.29	0	0
XM_054330012.1	5928	5700.29	0	0
XM_054330013.1	3076	2848.29	0	0
XM_054330014.1	4858	4630.29	0	0
XM_054330015.1	3049	2821.29	0	0
XM_054330016.1	2941	2713.29	0	0
XM_054330017.1	4723	4495.29	0	0
XM_054330018.1	2632	2404.29	0	0
XM_054330019.1	2597	2369.29	0	0
XM_054330020.1	5457	5229.29	0	0
XM_054330021.1	5034	4806.29	0	0
XM_054330022.1	5031	4803.29	0	0
XM_054330023.1	4931	4703.29	0	0
XM_054330024.1	5719	5491.29	0	0
XM_054330025.1	3293	3065.29	0	0
XM_054330026.1	4844	4616.29	167.453	1.63246
XM_054330027.1	3172	2944.29	0	0
XM_054330028.1	3256	3028.29	4.00568	0.0595279
XM_054330029.1	2240	2012.29	0	0
XM_054330030.1	4454	4226.29	120.751	1.2858
XM_054330031.1	4384	4156.29	156.993	1.69987
XM_054330032.1	1427	1199.29	21.384	0.802427
XM_054330033.1	5131	4903.29	0	0
XM_054330034.1	5741	5513.29	0	0
XM_054330035.1	1618	1390.29	0	0
XM_054330036.1	5195	4967.29	2.6928	0.0243965
XM_054330037.1	5193	4965.29	0	0
XM_054330038.1	7079	6851.29	9.68241e-07	6.35994e-09
XM_054330039.1	7010	6782.29	1.03012	0.00683526
XM_054330040.1	5315	5087.29	0	0
XM_054330041.1	5501	5273.29	0	0
XM_054330042.1	3486	3258.29	0	0
XM_054330043.1	3322	3094.29	3.32512e-07	4.83602e-09
XM_054330044.1	8076	7848.29	0	0
XM_054330045.1	8037	7809.29	0	0
XM_054330046.1	8016	7788.29	0	0
XM_054330047.1	7986	7758.29	0	0
XM_054330048.1	7836	7608.29	0	0
XM_054330049.1	8175	7947.29	0	0
XM_054330050.1	8027	7799.29	0	0
XM_054330051.1	7797	7569.29	0	0
XM_054330052.1	7735	7507.29	0	0
XM_054330053.1	7785	7557.29	0	0
XM_054330054.1	7776	7548.29	0	0
XM_054330055.1	7646	7418.29	0	0
XM_054330056.1	7746	7518.29	0	0
XM_054330057.1	7682	7454.29	0	0
XM_054330058.1	8052	7824.29	0	0
XM_054330059.1	7725	7497.29	0	0
XM_054330060.1	8085	7857.29	0	0
XM_054330061.1	7535	7307.29	3.81062e-06	2.34683e-08
XM_054330062.1	7935	7707.29	0	0
XM_054330063.1	7787	7559.29	0	0
XM_054330064.1	7884	7656.29	0	0
XM_054330065.1	7748	7520.29	0	0
XM_054330066.1	7546	7318.29	0	0
XM_054330067.1	7727	7499.29	0	0
XM_054330068.1	7358	7130.29	0	0
XM_054330069.1	7697	7469.29	83.9871	0.506029
XM_054330070.1	7543	7315.29	0	0
XM_054330071.1	7824	7596.29	74.481	0.441252
XM_054330072.1	7381	7153.29	485.354	3.05348
XM_054330073.1	7319	7091.29	682.567	4.33173
XM_054330074.1	2305	2077.29	0	0
XM_054330075.1	2152	1924.29	0	0
XM_054330076.1	1493	1265.29	3.79305	0.134909
XM_054330077.1	3767	3539.29	0	0
XM_054330078.1	2305	2077.29	0	0
XM_054330079.1	3590	3362.29	0	0
XM_054330080.1	3701	3473.29	0	0
XM_054330081.1	3584	3356.29	0	0
XM_054330082.1	3518	3290.29	0	0
XM_054330083.1	2906	2678.29	0	0
XM_054330084.1	2303	2075.29	0	0
XM_054330085.1	662	435.717	0	0
XM_054330086.1	547	323.768	0	0
XM_054330087.1	2488	2260.29	0	0
XM_054330088.1	4720	4492.29	0	0
XM_054330089.1	4598	4370.29	0	0
XM_054330090.1	4510	4282.29	0	0
XM_054330091.1	4333	4105.29	0	0
XM_054330092.1	4638	4410.29	0	0
XM_054330093.1	4384	4156.29	0.131424	0.00142302
XM_054330094.1	3815	3587.29	0	0
XM_054330095.1	3749	3521.29	0	0
XM_054330096.1	2490	2262.29	0	0
XM_054330097.1	3667	3439.29	0	0
XM_054330098.1	2745	2517.29	2.46368	0.0440445
XM_054330099.1	3730	3502.29	0	0
XM_054330100.1	5090	4862.29	1.24812	0.011552
XM_054330101.1	5185	4957.29	107.644	0.977207
XM_054330102.1	5229	5001.29	57.5548	0.517895
XM_054330103.1	4837	4609.29	144.637	1.41217
XM_054330104.1	5177	4949.29	129.216	1.17494
XM_054330105.1	6902	6674.29	0	0
XM_054330106.1	6809	6581.29	0	0
XM_054330107.1	6728	6500.29	0	0
XM_054330108.1	6722	6494.29	0	0
XM_054330109.1	6704	6476.29	0	0
XM_054330110.1	6617	6389.29	0	0
XM_054330111.1	6611	6383.29	0	0
XM_054330112.1	6437	6209.29	0	0
XM_054330113.1	5837	5609.29	0	0
XM_054330114.1	5750	5522.29	0	0
XM_054330115.1	5744	5516.29	0	0
XM_054330116.1	5663	5435.29	0	0
XM_054330117.1	5657	5429.29	0	0
XM_054330118.1	5570	5342.29	0	0
XM_054330119.1	2512	2284.29	23.2975	0.458987
XM_054330120.1	2240	2012.29	44.3812	0.992546
XM_054330121.1	908	680.293	9.33562	0.617574
XM_054330122.1	753	525.701	10.4937	0.89832
XM_054330123.1	2151	1923.29	28.8168	0.674283
XM_054330124.1	781	553.487	0	0
XM_054330125.1	1773	1545.29	30.2115	0.879841
XM_054330126.1	1124	896.293	0	0
XM_054330127.1	5091	4863.29	1	0.00925362
XM_054330128.1	3388	3160.29	0.519014	0.00739084
XM_054330129.1	5592	5364.29	8.85445	0.0742834
XM_054330130.1	3129	2901.29	0	0
XM_054330131.1	4969	4741.29	0	0
XM_054330132.1	5010	4782.29	0.0328672	0.000309292
XM_054330133.1	3817	3589.29	0	0
XM_054330134.1	5083	4855.29	15.5913	0.144514
XM_054330135.1	4859	4631.29	0	0
XM_054330136.1	3616	3388.29	0	0
XM_054330137.1	3524	3296.29	8.26212	0.1128
XM_054330138.1	2600	2372.29	0	0
XM_054330139.1	2292	2064.29	0	0
XM_054330140.1	2581	2353.29	0	0
XM_054330141.1	4523	4295.29	0	0
XM_054330142.1	4119	3891.29	0	0
XM_054330143.1	1899	1671.29	0	0
XM_054330144.1	1881	1653.29	0	0
XM_054330145.1	3876	3648.29	0	0
XM_054330146.1	3669	3441.29	0	0
XM_054330147.1	3887	3659.29	0	0
XM_054330148.1	3632	3404.29	0	0
XM_054330149.1	3705	3477.29	0	0
XM_054330150.1	3471	3243.29	0	0
XM_054330151.1	2539	2311.29	0	0
XM_054330152.1	2680	2452.29	0	0
XM_054330153.1	2375	2147.29	0	0
XM_054330154.1	2185	1957.29	0	0
XM_054330155.1	2081	1853.29	6.19154	0.150348
XM_054330156.1	1863	1635.29	38.2783	1.05341
XM_054330157.1	1193	965.293	13.0225	0.607122
XM_054330158.1	1351	1123.29	0	0
XM_054330159.1	1261	1033.29	0	0
XM_054330160.1	1329	1101.29	0	0
XM_054330161.1	1168	940.293	0	0
XM_054330162.1	989	761.293	0	0
XM_054330163.1	1057	829.293	0	0
XM_054330164.1	678	451.406	0	0
XM_054330165.1	596	370.951	0	0
XM_054330166.1	1134	906.293	0	0
XM_054330167.1	1307	1079.29	0	0
XM_054330168.1	1301	1073.29	0	0
XM_054330169.1	1721	1493.29	0	0
XM_054330170.1	1767	1539.29	0	0
XM_054330171.1	6252	6024.29	0	0
XM_054330172.1	6249	6021.29	0	0
XM_054330173.1	6216	5988.29	0	0
XM_054330174.1	1160	932.293	0	0
XM_054330175.1	5047	4819.29	1.70661e-06	1.59365e-08
XM_054330176.1	4996	4768.29	3.68722	0.0348
XM_054330177.1	913	685.293	0	0
XM_054330178.1	767	539.541	233.77	19.4987
XM_054330179.1	2872	2644.29	0	0
XM_054330180.1	2875	2647.29	0	0
XM_054330181.1	3355	3127.29	2.09043	0.0300822
XM_054330182.1	2869	2641.29	0	0
XM_054330183.1	2872	2644.29	0	0
XM_054330184.1	3589	3361.29	0	0
XM_054330185.1	3391	3163.29	0	0
XM_054330186.1	3388	3160.29	0	0
XM_054330187.1	3391	3163.29	0	0
XM_054330188.1	2821	2593.29	0	0
XM_054330189.1	2824	2596.29	0	0
XM_054330190.1	3540	3312.29	0	0
XM_054330191.1	7620	7392.29	0	0
XM_054330192.1	2821	2593.29	0	0
XM_054330193.1	3536	3308.29	0	0
XM_054330194.1	5766	5538.29	0	0
XM_054330195.1	3324	3096.29	5.49733	0.079901
XM_054330196.1	2517	2289.29	0	0
XM_054330197.1	3709	3481.29	5.43622	0.0702746
XM_054330198.1	3712	3484.29	1.28731	0.0166268
XM_054330199.1	1302	1074.29	0	0
XM_054330200.1	531	308.697	0	0
XM_054330201.1	599	373.876	0.543299	0.0653964
XM_054330202.1	2190	1962.29	0	0
XM_054330203.1	2199	1971.29	0.64952	0.014828
XM_054330204.1	2114	1886.29	45.1354	1.07684
XM_054330205.1	1093	865.293	0	0
XM_054330206.1	1534	1306.29	0.202263	0.00696815
XM_054330207.1	795	567.487	0	0
XM_054330208.1	611	385.534	16.207	1.89183
XM_054330209.1	4030	3802.29	0	0
XM_054330210.1	3911	3683.29	0	0
XM_054330211.1	4377	4149.29	0	0
XM_054330212.1	4337	4109.29	0	0
XM_054330213.1	3257	3029.29	0	0
XM_054330214.1	3626	3398.29	0	0
XM_054330215.1	1684	1456.29	1.95781	0.0605012
XM_054330216.1	1586	1358.29	18.9615	0.628234
XM_054330217.1	1707	1479.29	24.6698	0.750504
XM_054330218.1	655	428.76	0	0
XM_054330219.1	1463	1235.29	0	0
XM_054330220.1	1965	1737.29	0	0
XM_054330221.1	4646	4418.29	0	0
XM_054330222.1	4544	4316.29	0	0
XM_054330223.1	2024	1796.29	0	0
XM_054330224.1	1684	1456.29	0	0
XM_054330225.1	1681	1453.29	0	0
XM_054330226.1	988	760.293	0	0
XM_054330227.1	1752	1524.29	8.52501	0.251691
XM_054330228.1	1777	1549.29	0.971702	0.0282255
XM_054330229.1	6687	6459.29	0	0
XM_054330231.1	5717	5489.29	0	0
XM_054330232.1	5537	5309.29	0	0
XM_054330233.1	5737	5509.29	0	0
XM_054330234.1	5556	5328.29	0	0
XM_054330235.1	2517	2289.29	0	0
XM_054330236.1	3134	2906.29	4.57182	0.0707933
XM_054330237.1	1513	1285.29	0	0
XM_054330238.1	739	511.753	0	0
XM_054330239.1	657	430.76	0	0
XM_054330240.1	1313	1085.29	5.23138	0.216926
XM_054330241.1	1580	1352.29	1.67839	0.0558554
XM_054330242.1	1412	1184.29	19.9072	0.756471
XM_054330243.1	4292	4064.29	0	0
XM_054330244.1	4084	3856.29	0	0
XM_054330245.1	4062	3834.29	8.24143	0.0967297
XM_054330246.1	4584	4356.29	60.1813	0.621708
XM_054330247.1	3740	3512.29	0	0
XM_054330248.1	3449	3221.29	17.0574	0.2383
XM_054330249.1	1880	1652.29	0.0038256	0.000104197
XM_054330250.1	1923	1695.29	19.0839	0.5066
XM_054330251.1	985	757.293	0	0
XM_054330252.1	988	760.293	0	0
XM_054330253.1	3511	3283.29	0	0
XM_054330254.1	2765	2537.29	0	0
XM_054330255.1	3408	3180.29	0	0
XM_054330256.1	2860	2632.29	0	0
XM_054330257.1	2601	2373.29	0	0
XM_054330258.1	4273	4045.29	0	0
XM_054330259.1	2744	2516.29	0	0
XM_054330260.1	2764	2536.29	0	0
XM_054330261.1	2881	2653.29	0	0
XM_054330262.1	3895	3667.29	2.50871	0.0307856
XM_054330263.1	3557	3329.29	0	0
XM_054330264.1	2732	2504.29	0	0
XM_054330265.1	2618	2390.29	0	0
XM_054330266.1	2469	2241.29	0	0
XM_054330267.1	3870	3642.29	0	0
XM_054330268.1	2857	2629.29	0	0
XM_054330269.1	2708	2480.29	0	0
XM_054330270.1	2696	2468.29	0	0
XM_054330271.1	2445	2217.29	0	0
XM_054330272.1	3868	3640.29	0	0
XM_054330273.1	2830	2602.29	0	0
XM_054330274.1	2681	2453.29	0	0
XM_054330275.1	2418	2190.29	0	0
XM_054330276.1	3819	3591.29	2.35555	0.0295178
XM_054330277.1	2806	2578.29	0.000316146	5.51819e-06
XM_054330278.1	2794	2566.29	0.189485	0.00332284
XM_054330279.1	2657	2429.29	0	0
XM_054330280.1	2645	2417.29	0	0
XM_054330281.1	3795	3567.29	12.5236	0.157991
XM_054330282.1	2770	2542.29	2.23857	0.0396266
XM_054330283.1	2370	2142.29	0	0
XM_054330284.1	2537	2309.29	0	0
XM_054330285.1	2131	1903.29	1.17204	0.0277126
XM_054330286.1	1331	1103.29	10.169	0.41479
XM_054330287.1	617	391.417	0	0
XM_054330288.1	1514	1286.29	7.33771	0.256722
XM_054330289.1	772	544.487	0	0
XM_054330290.1	976	748.293	0	0
XM_054330291.1	860	632.427	0	0
XM_054330292.1	1188	960.293	0	0
XM_054330293.1	1077	849.293	0	0
XM_054330294.1	2711	2483.29	723.601	13.1133
XM_054330295.1	2583	2355.29	0.383533	0.00732824
XM_054330296.1	1447	1219.29	0	0
XM_054330297.1	2550	2322.29	0	0
XM_054330298.1	1649	1421.29	2.73648	0.0866463
XM_054330299.1	4392	4164.29	0	0
XM_054330300.1	4359	4131.29	0	0
XM_054330301.1	1622	1394.29	0	0
XM_054330302.1	4568	4340.29	0	0
XM_054330303.1	4050	3822.29	0.18336	0.00215885
XM_054330304.1	1187	959.293	0	0
XM_054330305.1	1149	921.293	0	0
XM_054330306.1	1110	882.293	0	0
XM_054330307.1	899	671.361	0.369321	0.0247566
XM_054330308.1	1678	1450.29	0	0
XM_054330309.1	1534	1306.29	0	0
XM_054330310.1	2729	2501.29	1.57601e-07	2.83555e-09
XM_054330311.1	3037	2809.29	0	0
XM_054330312.1	2766	2538.29	0	0
XM_054330313.1	2691	2463.29	205.421	3.75293
XM_054330314.1	2890	2662.29	21.5366	0.364052
XM_054330315.1	2245	2017.29	16.7082	0.372737
XM_054330316.1	2182	1954.29	4.48717	0.10333
XM_054330317.1	4566	4338.29	17.8337	0.184997
XM_054330318.1	4565	4337.29	14.7612	0.15316
XM_054330319.1	768	540.541	0.999385	0.0832044
XM_054330320.1	1762	1534.29	0	0
XM_054330321.1	2951	2723.29	0	0
XM_054330322.1	3260	3032.29	66.6408	0.989035
XM_054330323.1	2681	2453.29	0	0
XM_054330324.1	3200	2972.29	0.00281629	4.2641e-05
XM_054330325.1	2709	2481.29	0	0
XM_054330326.1	2624	2396.29	0.927304	0.017415
XM_054330327.1	1763	1535.29	1.19817e-05	3.51213e-07
XM_054330328.1	1495	1267.29	2.52207e-06	8.95618e-08
XM_054330329.1	2649	2421.29	0	0
XM_054330330.1	2637	2409.29	0	0
XM_054330331.1	2794	2566.29	0	0
XM_054330332.1	2784	2556.29	0	0
XM_054330333.1	2889	2661.29	0	0
XM_054330334.1	2659	2431.29	0	0
XM_054330335.1	1668	1440.29	0	0
XM_054330336.1	3221	2993.29	0	0
XM_054330337.1	3213	2985.29	0	0
XM_054330338.1	3059	2831.29	0	0
XM_054330339.1	3332	3104.29	24.4083	0.353849
XM_054330340.1	3161	2933.29	0	0
XM_054330341.1	3071	2843.29	0	0
XM_054330342.1	1559	1331.29	214.216	7.24135
XM_054330343.1	1810	1582.29	8.63874	0.2457
XM_054330344.1	1621	1393.29	1.99178	0.064334
XM_054330345.1	4114	3886.29	0	0
XM_054330346.1	2624	2396.29	0	0
XM_054330347.1	3407	3179.29	220.581	3.12234
XM_054330348.1	3392	3164.29	30.2718	0.430531
XM_054330349.1	3282	3054.29	10.4874	0.154525
XM_054330350.1	3193	2965.29	50.7446	0.77013
XM_054330351.1	3176	2948.29	7.2409	0.110526
XM_054330352.1	3161	2933.29	0.686595	0.0105339
XM_054330353.1	3066	2838.29	6.96348	0.110411
XM_054330354.1	3051	2823.29	0.167287	0.00266654
XM_054330355.1	2962	2734.29	3.18591	0.0524362
XM_054330356.1	4001	3773.29	0	0
XM_054330357.1	3819	3591.29	0	0
XM_054330358.1	3926	3698.29	0	0
XM_054330359.1	3814	3586.29	0	0
XM_054330360.1	3482	3254.29	0	0
XM_054330361.1	3724	3496.29	2.91026	0.0374598
XM_054330362.1	3668	3440.29	0	0
XM_054330363.1	3818	3590.29	0.00185052	2.31956e-05
XM_054330364.1	3888	3660.29	0	0
XM_054330365.1	3589	3361.29	0.000395668	5.29745e-06
XM_054330366.1	3664	3436.29	0	0
XM_054330367.1	3455	3227.29	0	0
XM_054330368.1	3455	3227.29	0	0
XM_054330369.1	3464	3236.29	0	0
XM_054330370.1	3721	3493.29	0	0
XM_054330371.1	3703	3475.29	0	0
XM_054330372.1	3353	3125.29	0	0
XM_054330373.1	6846	6618.29	125.091	0.850593
XM_054330374.1	6863	6635.29	5.47691	0.0371465
XM_054330375.1	6900	6672.29	16.3904	0.110549
XM_054330376.1	6653	6425.29	0.00835897	5.85467e-05
XM_054330377.1	3699	3471.29	49.4791	0.641465
XM_054330378.1	3786	3558.29	0	0
XM_054330379.1	3810	3582.29	0	0
XM_054330380.1	3696	3468.29	0	0
XM_054330381.1	3643	3415.29	0.0728566	0.000960026
XM_054330382.1	3693	3465.29	229.668	2.98265
XM_054330383.1	3702	3474.29	0	0
XM_054330384.1	3588	3360.29	0	0
XM_054330385.1	3666	3438.29	158.52	2.07483
XM_054330386.1	3552	3324.29	13.513	0.182935
XM_054330387.1	3639	3411.29	0	0
XM_054330388.1	3663	3435.29	0	0
XM_054330389.1	3585	3357.29	46.0274	0.616977
XM_054330390.1	3534	3306.29	250.705	3.41243
XM_054330391.1	3555	3327.29	0	0
XM_054330392.1	2798	2570.29	0	0
XM_054330393.1	2464	2236.29	0	0
XM_054330394.1	2443	2215.29	0	0
XM_054330395.1	2464	2236.29	0	0
XM_054330396.1	2632	2404.29	0	0
XM_054330397.1	1472	1244.29	9.46707	0.342401
XM_054330398.1	1430	1202.29	72.8595	2.72721
XM_054330399.1	1457	1229.29	0.00790945	0.000289556
XM_054330400.1	687	460.134	0	0
XM_054330401.1	757	529.648	0	0
XM_054330402.1	736	508.753	0	0
XM_054330403.1	730	502.753	0	0
XM_054330404.1	594	368.988	0	0
XM_054330405.1	643	416.972	0	0
XM_054330406.1	2061	1833.29	0	0
XM_054330407.1	3151	2923.29	0	0
XM_054330408.1	3105	2877.29	0	0
XM_054330409.1	3124	2896.29	0	0
XM_054330410.1	2423	2195.29	1.20036	0.0246071
XM_054330411.1	3033	2805.29	0	0
XM_054330412.1	1223	995.293	0	0
XM_054330413.1	1836	1608.29	0.200533	0.00561129
XM_054330414.1	1251	1023.29	10.7997	0.474957
XM_054330415.1	1188	960.293	0	0
XM_054330416.1	2718	2490.29	0	0
XM_054330417.1	3864	3636.29	0	0
XM_054330418.1	1745	1517.29	0	0
XM_054330419.1	1604	1376.29	0	0
XM_054330420.1	1217	989.293	0	0
XM_054330421.1	972	744.293	0	0
XM_054330422.1	1752	1524.29	39.0392	1.15259
XM_054330423.1	1434	1206.29	8.96151	0.334326
XM_054330424.1	7170	6942.29	0	0
XM_054330425.1	7283	7055.29	0	0
XM_054330426.1	7167	6939.29	0	0
XM_054330427.1	7081	6853.29	0	0
XM_054330428.1	8584	8356.29	0	0
XM_054330429.1	7088	6860.29	0	0
XM_054330430.1	7201	6973.29	0	0
XM_054330431.1	7014	6786.29	0	0
XM_054330432.1	6633	6405.29	0	0
XM_054330433.1	6600	6372.29	0	0
XM_054330434.1	6597	6369.29	0	0
XM_054330435.1	6378	6150.29	0	0
XM_054330436.1	6490	6262.29	0	0
XM_054330437.1	6375	6147.29	0	0
XM_054330438.1	7702	7474.29	0	0
XM_054330439.1	7702	7474.29	0	0
XM_054330440.1	7148	6920.29	0.138583	0.000901217
XM_054330441.1	7355	7127.29	0.0122992	7.76592e-05
XM_054330442.1	7147	6919.29	3.18235	0.020698
XM_054330443.1	7206	6978.29	2.80037e-05	1.80596e-07
XM_054330444.1	7106	6878.29	24.2397	0.158595
XM_054330445.1	7126	6898.29	0.032594	0.000212637
XM_054330446.1	2999	2771.29	30.7532	0.499402
XM_054330447.1	3028	2800.29	0.077879	0.00125158
XM_054330448.1	4077	3849.29	0	0
XM_054330449.1	4758	4530.29	0	0
XM_054330450.1	611	385.534	16.207	1.89183
XM_054330451.1	2600	2372.29	0	0
XM_054330452.1	2292	2064.29	0	0
XM_054330453.1	2581	2353.29	0	0
XM_054330454.1	4523	4295.29	0	0
XM_054330455.1	4119	3891.29	0	0
XM_054330456.1	1899	1671.29	0	0
XM_054330457.1	1881	1653.29	0	0
XM_054330458.1	3876	3648.29	0	0
XM_054330459.1	3669	3441.29	0	0
XM_054330460.1	3887	3659.29	0	0
XM_054330461.1	3632	3404.29	0	0
XM_054330462.1	3705	3477.29	0	0
XM_054330463.1	3471	3243.29	0	0
XM_054330464.1	1863	1635.29	38.2783	1.05341
XM_054330465.1	1148	920.293	0	0
XM_054330466.1	1351	1123.29	0	0
XM_054330467.1	1261	1033.29	0	0
XM_054330468.1	1329	1101.29	0	0
XM_054330469.1	1168	940.293	0	0
XM_054330470.1	989	761.293	0	0
XM_054330471.1	1057	829.293	0	0
XM_054330472.1	678	451.406	0	0
XM_054330473.1	596	370.951	0	0
XM_054330474.1	913	685.293	0	0
XM_054330475.1	880	652.427	1.82069	0.125587
XM_054330476.1	2872	2644.29	0	0
XM_054330477.1	2875	2647.29	0	0
XM_054330478.1	3355	3127.29	2.09043	0.0300822
XM_054330479.1	2869	2641.29	0	0
XM_054330480.1	2872	2644.29	0	0
XM_054330481.1	3589	3361.29	0	0
XM_054330482.1	5821	5593.29	0	0
XM_054330483.1	3391	3163.29	0	0
XM_054330484.1	3388	3160.29	0	0
XM_054330485.1	3391	3163.29	0	0
XM_054330486.1	2821	2593.29	0	0
XM_054330487.1	2824	2596.29	0	0
XM_054330488.1	3540	3312.29	0	0
XM_054330489.1	5770	5542.29	0	0
XM_054330490.1	2821	2593.29	0	0
XM_054330491.1	3536	3308.29	0	0
XM_054330492.1	3324	3096.29	5.49733	0.079901
XM_054330493.1	7235	7007.29	47.5433	0.305338
XM_054330494.1	2517	2289.29	0	0
XM_054330495.1	3709	3481.29	5.43622	0.0702746
XM_054330496.1	3712	3484.29	1.28731	0.0166268
XM_054330497.1	531	308.697	0	0
XM_054330498.1	2199	1971.29	0.64952	0.014828
XM_054330499.1	2190	1962.29	0	0
XM_054330500.1	2114	1886.29	45.1354	1.07684
XM_054330501.1	1093	865.293	0	0
XM_054330502.1	1534	1306.29	0.202263	0.00696815
XM_054330503.1	795	567.487	0	0
XM_054330504.1	4030	3802.29	0	0
XM_054330505.1	3911	3683.29	0	0
XM_054330506.1	4377	4149.29	0	0
XM_054330507.1	4337	4109.29	0	0
XM_054330508.1	3247	3019.29	0	0
XM_054330509.1	1703	1475.29	0	0
XM_054330510.1	2183	1955.29	0	0
XM_054330511.1	2024	1796.29	0	0
XM_054330512.1	1684	1456.29	0	0
XM_054330513.1	1681	1453.29	0	0
XM_054330514.1	988	760.293	0	0
XM_054330515.1	1752	1524.29	22.5935	0.667049
XM_054330516.1	1777	1549.29	2.73331	0.0793959
XM_054330517.1	6688	6460.29	0	0
XM_054330518.1	6251	6023.29	0	0
XM_054330519.1	6036	5808.29	0	0
XM_054330520.1	5895	5667.29	0	0
XM_054330521.1	5717	5489.29	0	0
XM_054330522.1	5537	5309.29	0	0
XM_054330523.1	5738	5510.29	0	0
XM_054330524.1	5557	5329.29	0	0
XM_054330525.1	2368	2140.29	0	0
XM_054330526.1	2234	2006.29	0	0
XM_054330527.1	2345	2117.29	0	0
XM_054330528.1	3170	2942.29	0	0
XM_054330529.1	1281	1053.29	0	0
XM_054330530.1	1049	821.293	0	0
XM_054330531.1	1001	773.293	0	0
XM_054330532.1	1580	1352.29	1.67839	0.0558554
XM_054330533.1	1412	1184.29	19.9072	0.756471
XM_054330534.1	4208	3980.29	0	0
XM_054330535.1	4635	4407.29	6.55505	0.0669339
XM_054330536.1	4021	3793.29	0	0
XM_054330537.1	4000	3772.29	0	0
XM_054330538.1	4440	4212.29	3.57282	0.0381711
XM_054330539.1	4584	4356.29	0	0
XM_054330540.1	4036	3808.29	58.1702	0.687405
XM_054330541.1	2061	1833.29	0	0
XM_054330542.1	1854	1626.29	0	0
XM_054330543.1	985	757.293	0	0
XM_054330544.1	988	760.293	0	0
XM_054330545.1	3511	3283.29	0	0
XM_054330546.1	3003	2775.29	0	0
XM_054330547.1	2765	2537.29	0	0
XM_054330548.1	3408	3180.29	0	0
XM_054330549.1	2860	2632.29	0	0
XM_054330550.1	2601	2373.29	0	0
XM_054330551.1	4273	4045.29	0	0
XM_054330552.1	2764	2536.29	0	0
XM_054330553.1	2881	2653.29	0	0
XM_054330554.1	3895	3667.29	2.50871	0.0307856
XM_054330555.1	3557	3329.29	0	0
XM_054330556.1	2732	2504.29	0	0
XM_054330557.1	2618	2390.29	0	0
XM_054330558.1	2469	2241.29	0	0
XM_054330559.1	3870	3642.29	0	0
XM_054330560.1	2857	2629.29	0	0
XM_054330561.1	2708	2480.29	0	0
XM_054330562.1	2696	2468.29	0	0
XM_054330563.1	2445	2217.29	0	0
XM_054330564.1	3868	3640.29	0	0
XM_054330565.1	2830	2602.29	0	0
XM_054330566.1	2681	2453.29	0	0
XM_054330567.1	2418	2190.29	0	0
XM_054330568.1	3819	3591.29	2.35555	0.0295178
XM_054330569.1	2806	2578.29	0.000316146	5.51819e-06
XM_054330570.1	2794	2566.29	0.189485	0.00332284
XM_054330571.1	2657	2429.29	0	0
XM_054330572.1	2645	2417.29	0	0
XM_054330573.1	2770	2542.29	2.23857	0.0396266
XM_054330574.1	2370	2142.29	0	0
XM_054330575.1	2537	2309.29	0	0
XM_054330576.1	2131	1903.29	1.17204	0.0277126
XM_054330577.1	1331	1103.29	10.169	0.41479
XM_054330578.1	617	391.417	0	0
XM_054330579.1	6459	6231.29	0	0
XM_054330580.1	772	544.487	0	0
XM_054330581.1	976	748.293	0	0
XM_054330582.1	860	632.427	0	0
XM_054330583.1	1188	960.293	0	0
XM_054330584.1	1077	849.293	0	0
XM_054330585.1	1192	964.293	0	0
XM_054330586.1	824	596.427	0	0
XM_054330587.1	910	682.293	0	0
XM_054330588.1	816	588.487	0	0
XM_054330589.1	2663	2435.29	0	0
XM_054330590.1	2583	2355.29	0.383533	0.00732824
XM_054330591.1	1447	1219.29	0	0
XM_054330592.1	2550	2322.29	0	0
XM_054330593.1	1649	1421.29	2.73648	0.0866463
XM_054330594.1	4392	4164.29	0	0
XM_054330595.1	4359	4131.29	0	0
XM_054330596.1	1463	1235.29	1.96585e-07	7.16179e-09
XM_054330597.1	4237	4009.29	0	0
XM_054330598.1	4050	3822.29	0.18336	0.00215885
XM_054330599.1	1187	959.293	0	0
XM_054330600.1	1143	915.293	0	0
XM_054330601.1	1149	921.293	0	0
XM_054330602.1	1110	882.293	0	0
XM_054330603.1	899	671.361	0.369321	0.0247566
XM_054330604.1	2126	1898.29	0	0
XM_054330605.1	2279	2051.29	9.98575e-09	2.19076e-10
XM_054330606.1	3152	2924.29	0	0
XM_054330607.1	2766	2538.29	0	0
XM_054330608.1	3037	2809.29	0	0
XM_054330609.1	2592	2364.29	0	0
XM_054330610.1	2542	2314.29	0	0
XM_054330611.1	2890	2662.29	0	0
XM_054330612.1	2177	1949.29	0	0
XM_054330613.1	2182	1954.29	0	0
XM_054330614.1	4559	4331.29	0	0
XM_054330615.1	4565	4337.29	14.7612	0.15316
XM_054330616.1	768	540.541	0.999385	0.0832044
XM_054330617.1	2224	1996.29	0	0
XM_054330618.1	3414	3186.29	4.33276	0.0611958
XM_054330619.1	3036	2808.29	17.4091	0.278982
XM_054330620.1	2650	2422.29	1.0709e-08	1.9896e-10
XM_054330621.1	2638	2410.29	213.001	3.97699
XM_054330622.1	2795	2567.29	256.26	4.49209
XM_054330623.1	1559	1331.29	214.216	7.24135
XM_054330624.1	1444	1216.29	18.3603	0.679335
XM_054330625.1	3407	3179.29	0	0
XM_054330626.1	3392	3164.29	0	0
XM_054330627.1	3282	3054.29	0	0
XM_054330628.1	3408	3180.29	0	0
XM_054330629.1	3503	3275.29	0	0
XM_054330630.1	3193	2965.29	0	0
XM_054330631.1	3176	2948.29	0	0
XM_054330632.1	3177	2949.29	0	0
XM_054330633.1	4231	4003.29	0	0
XM_054330634.1	4049	3821.29	0	0
XM_054330635.1	4137	3909.29	0	0
XM_054330636.1	4200	3972.29	0	0
XM_054330637.1	4112	3884.29	0	0
XM_054330638.1	4155	3927.29	0	0
XM_054330639.1	4043	3815.29	0	0
XM_054330640.1	4031	3803.29	0	0
XM_054330641.1	3818	3590.29	0	0
XM_054330642.1	3734	3506.29	0	0
XM_054330643.1	3953	3725.29	0	0
XM_054330644.1	3897	3669.29	0	0
XM_054330645.1	4047	3819.29	0	0
XM_054330646.1	4117	3889.29	0	0
XM_054330647.1	3894	3666.29	0	0
XM_054330648.1	3957	3729.29	0	0
XM_054330649.1	3950	3722.29	0	0
XM_054330650.1	3932	3704.29	0	0
XM_054330651.1	3920	3692.29	0	0
XM_054330652.1	6846	6618.29	0	0
XM_054330653.1	6863	6635.29	0	0
XM_054330654.1	6900	6672.29	0	0
XM_054330655.1	6653	6425.29	0	0
XM_054330656.1	6690	6462.29	0	0
XM_054330657.1	5888	5660.29	25.6564	0.203985
XM_054330658.1	3695	3467.29	240.393	3.12014
XM_054330659.1	3786	3558.29	0	0
XM_054330660.1	3810	3582.29	0	0
XM_054330661.1	3692	3464.29	0	0
XM_054330662.1	3693	3465.29	229.668	2.98265
XM_054330663.1	3702	3474.29	0	0
XM_054330664.1	3584	3356.29	0	0
XM_054330665.1	3666	3438.29	158.52	2.07483
XM_054330666.1	3548	3320.29	70.4091	0.954322
XM_054330667.1	3639	3411.29	0	0
XM_054330668.1	3663	3435.29	0	0
XM_054330669.1	3545	3317.29	0	0
XM_054330670.1	3585	3357.29	46.0274	0.616977
XM_054330671.1	3534	3306.29	250.705	3.41243
XM_054330672.1	3555	3327.29	0	0
XM_054330673.1	2797	2569.29	0	0
XM_054330674.1	2467	2239.29	0	0
XM_054330675.1	2467	2239.29	0	0
XM_054330676.1	2443	2215.29	0	0
XM_054330677.1	2631	2403.29	0	0
XM_054330678.1	2479	2251.29	0	0
XM_054330679.1	2475	2247.29	0	0
XM_054330680.1	687	460.134	0	0
XM_054330681.1	757	529.648	0	0
XM_054330682.1	730	502.753	0	0
XM_054330683.1	594	368.988	0	0
XM_054330684.1	643	416.972	0	0
XM_054330685.1	2061	1833.29	9.33333	0.229112
XM_054330686.1	1836	1608.29	0.200533	0.00561129
XM_054330687.1	1251	1023.29	10.7997	0.474957
XM_054330688.1	1188	960.293	0	0
XM_054330689.1	2718	2490.29	0	0
XM_054330690.1	3494	3266.29	0	0
XM_054330691.1	1745	1517.29	0	0
XM_054330692.1	1604	1376.29	0	0
XM_054330693.1	1217	989.293	0	0
XM_054330694.1	972	744.293	0	0
XM_054330695.1	6928	6700.29	173.228	1.1635
XM_054330696.1	9897	9669.29	53.1815	0.247519
XM_054330697.1	7088	6860.29	0	0
XM_054330698.1	7200	6972.29	0	0
XM_054330699.1	7014	6786.29	0	0
XM_054330700.1	6633	6405.29	0	0
XM_054330701.1	6358	6130.29	0.0179019	0.00013142
XM_054330702.1	9322	9094.29	0	0
XM_054330703.1	9097	8869.29	0	0
XM_054330704.1	9096	8868.29	0	0
XM_054330705.1	2600	2372.29	0	0
XM_054330706.1	2292	2064.29	0	0
XM_054330707.1	4523	4295.29	0	0
XM_054330708.1	4119	3891.29	0	0
XM_054330709.1	1899	1671.29	0	0
XM_054330710.1	1881	1653.29	0	0
XM_054330711.1	3876	3648.29	0	0
XM_054330712.1	3669	3441.29	0	0
XM_054330713.1	3887	3659.29	0	0
XM_054330714.1	3632	3404.29	0	0
XM_054330715.1	3705	3477.29	0	0
XM_054330716.1	3471	3243.29	0	0
XM_054330717.1	1863	1635.29	38.2783	1.05341
XM_054330718.1	1193	965.293	13.0225	0.607122
XM_054330719.1	1351	1123.29	0	0
XM_054330720.1	1261	1033.29	0	0
XM_054330721.1	1329	1101.29	0	0
XM_054330722.1	1168	940.293	0	0
XM_054330723.1	989	761.293	0	0
XM_054330724.1	1057	829.293	0	0
XM_054330725.1	678	451.406	0	0
XM_054330726.1	596	370.951	0	0
XM_054330727.1	913	685.293	0	0
XM_054330728.1	2872	2644.29	0	0
XM_054330729.1	2875	2647.29	0	0
XM_054330730.1	2869	2641.29	0	0
XM_054330731.1	2872	2644.29	0	0
XM_054330732.1	3589	3361.29	0	0
XM_054330733.1	5821	5593.29	0	0
XM_054330734.1	3391	3163.29	0	0
XM_054330735.1	3388	3160.29	0	0
XM_054330736.1	2821	2593.29	0	0
XM_054330737.1	2824	2596.29	0	0
XM_054330738.1	3540	3312.29	0	0
XM_054330739.1	7620	7392.29	0	0
XM_054330740.1	2821	2593.29	0	0
XM_054330741.1	5766	5538.29	0	0
XM_054330742.1	3536	3308.29	0	0
XM_054330743.1	3324	3096.29	5.49733	0.079901
XM_054330744.1	2517	2289.29	0	0
XM_054330745.1	3712	3484.29	1.28731	0.0166268
XM_054330746.1	531	308.697	0	0
XM_054330747.1	599	373.876	0.543299	0.0653964
XM_054330748.1	2190	1962.29	0	0
XM_054330749.1	2199	1971.29	0.64952	0.014828
XM_054330750.1	2114	1886.29	45.1354	1.07684
XM_054330751.1	1093	865.293	0	0
XM_054330752.1	1534	1306.29	0.202263	0.00696815
XM_054330753.1	795	567.487	0	0
XM_054330754.1	3914	3686.29	0	0
XM_054330755.1	3937	3709.29	0	0
XM_054330756.1	4168	3940.29	0	0
XM_054330757.1	4647	4419.29	0	0
XM_054330758.1	650	423.846	0	0
XM_054330759.1	4646	4418.29	158.535	1.61478
XM_054330760.1	4544	4316.29	32.7783	0.341758
XM_054330761.1	1684	1456.29	0	0
XM_054330762.1	1752	1524.29	22.5935	0.667049
XM_054330763.1	1777	1549.29	2.73331	0.0793959
XM_054330764.1	6687	6459.29	14.9914	0.104448
XM_054330765.1	6251	6023.29	6.7938	0.05076
XM_054330766.1	6036	5808.29	0	0
XM_054330768.1	5895	5667.29	0	0
XM_054330769.1	5717	5489.29	0	0
XM_054330770.1	5537	5309.29	0	0
XM_054330771.1	5737	5509.29	0	0
XM_054330772.1	5513	5285.29	0	0
XM_054330773.1	2368	2140.29	0	0
XM_054330774.1	2345	2117.29	0	0
XM_054330775.1	3170	2942.29	0	0
XM_054330776.1	1281	1053.29	10.2877	0.439551
XM_054330777.1	1049	821.293	0	0
XM_054330778.1	1001	773.293	1.65545	0.0963414
XM_054330779.1	1513	1285.29	0	0
XM_054330780.1	943	715.293	0	0
XM_054330781.1	733	505.753	1.13917	0.101366
XM_054330782.1	657	430.76	0	0
XM_054330783.1	1313	1085.29	5.23138	0.216926
XM_054330784.1	1580	1352.29	1.67839	0.0558554
XM_054330785.1	1412	1184.29	19.9072	0.756471
XM_054330786.1	4292	4064.29	0	0
XM_054330787.1	4084	3856.29	0	0
XM_054330788.1	4062	3834.29	8.24143	0.0967297
XM_054330789.1	4584	4356.29	60.1813	0.621708
XM_054330790.1	3740	3512.29	0	0
XM_054330791.1	3449	3221.29	17.0574	0.2383
XM_054330792.1	1880	1652.29	0.0038256	0.000104197
XM_054330793.1	1923	1695.29	19.0839	0.5066
XM_054330794.1	988	760.293	0	0
XM_054330795.1	3511	3283.29	0	0
XM_054330796.1	2765	2537.29	0	0
XM_054330797.1	3408	3180.29	0	0
XM_054330798.1	2860	2632.29	0	0
XM_054330799.1	2601	2373.29	0	0
XM_054330800.1	4273	4045.29	0	0
XM_054330801.1	2744	2516.29	0	0
XM_054330802.1	2764	2536.29	0	0
XM_054330803.1	1331	1103.29	10.169	0.41479
XM_054330804.1	1659	1431.29	29.322	0.921948
XM_054330805.1	1683	1455.29	716.902	22.1693
XM_054330806.1	1415	1187.29	2059.21	78.0523
XM_054330807.1	3955	3727.29	6.67553	0.0805999
XM_054330808.1	962	734.293	1	0.0612876
XM_054330809.1	976	748.293	0	0
XM_054330810.1	860	632.427	0	0
XM_054330811.1	1188	960.293	0	0
XM_054330812.1	1077	849.293	0	0
XM_054330813.1	1749	1521.29	0	0
XM_054330814.1	1750	1522.29	0	0
XM_054330815.1	1472	1244.29	0	0
XM_054330816.1	1440	1212.29	0	0
XM_054330817.1	910	682.293	0	0
XM_054330818.1	2663	2435.29	0	0
XM_054330819.1	1143	915.293	0	0
XM_054330820.1	1149	921.293	0	0
XM_054330821.1	1110	882.293	0	0
XM_054330822.1	899	671.361	0.369321	0.0247566
XM_054330823.1	2612	2384.29	0	0
XM_054330824.1	1534	1306.29	0	0
XM_054330825.1	4637	4409.29	332.283	3.39142
XM_054330826.1	3152	2924.29	112.883	1.7372
XM_054330827.1	2766	2538.29	0	0
XM_054330828.1	3037	2809.29	0	0
XM_054330829.1	2592	2364.29	0	0
XM_054330830.1	2542	2314.29	0	0
XM_054330831.1	2890	2662.29	0	0
XM_054330832.1	2177	1949.29	0	0
XM_054330833.1	2182	1954.29	0	0
XM_054330834.1	4566	4338.29	17.8337	0.184997
XM_054330835.1	4565	4337.29	14.7612	0.15316
XM_054330836.1	768	540.541	0.999385	0.0832044
XM_054330837.1	2117	1889.29	0	0
XM_054330838.1	2951	2723.29	0	0
XM_054330839.1	2681	2453.29	0	0
XM_054330840.1	3307	3079.29	0	0
XM_054330841.1	2832	2604.29	0	0
XM_054330842.1	2624	2396.29	0.927304	0.017415
XM_054330843.1	1763	1535.29	1.19817e-05	3.51213e-07
XM_054330844.1	1495	1267.29	2.52207e-06	8.95618e-08
XM_054330845.1	2649	2421.29	0	0
XM_054330846.1	2637	2409.29	0	0
XM_054330847.1	2794	2566.29	0	0
XM_054330848.1	2784	2556.29	40.8495	0.719148
XM_054330849.1	2659	2431.29	29.4974	0.545995
XM_054330850.1	2889	2661.29	128.068	2.16566
XM_054330851.1	1669	1441.29	5.69046	0.177679
XM_054330852.1	3248	3020.29	16.7505	0.249586
XM_054330853.1	3261	3033.29	110.648	1.64162
XM_054330854.1	3059	2831.29	16.1565	0.256806
XM_054330855.1	3325	3097.29	0	0
XM_054330856.1	3154	2926.29	0	0
XM_054330857.1	3064	2836.29	0	0
XM_054330858.1	1559	1331.29	214.216	7.24135
XM_054330859.1	1810	1582.29	8.63874	0.2457
XM_054330860.1	1621	1393.29	1.99178	0.064334
XM_054330861.1	4114	3886.29	698.054	8.08343
XM_054330862.1	2624	2396.29	21.6279	0.406178
XM_054330863.1	6846	6618.29	5071.29	34.4838
XM_054330864.1	6863	6635.29	1533.58	10.4013
XM_054330865.1	6900	6672.29	2069.69	13.9596
XM_054330866.1	6843	6615.29	0	0
XM_054330867.1	3701	3473.29	22.463	0.291051
XM_054330868.1	3786	3558.29	0	0
XM_054330869.1	3810	3582.29	0	0
XM_054330870.1	3698	3470.29	0	0
XM_054330871.1	3693	3465.29	229.668	2.98265
XM_054330872.1	3702	3474.29	0	0
XM_054330873.1	3590	3362.29	0	0
XM_054330874.1	3666	3438.29	158.52	2.07483
XM_054330875.1	3554	3326.29	5.92433	0.0801532
XM_054330876.1	3639	3411.29	0	0
XM_054330877.1	3663	3435.29	0	0
XM_054330878.1	3585	3357.29	46.0274	0.616977
XM_054330879.1	3534	3306.29	250.705	3.41243
XM_054330880.1	3555	3327.29	0	0
XM_054330881.1	3443	3215.29	0	0
XM_054330882.1	2797	2569.29	61.1193	1.07055
XM_054330883.1	2467	2239.29	18.5535	0.37287
XM_054330884.1	2467	2239.29	0	0
XM_054330885.1	2443	2215.29	15.4937	0.31475
XM_054330886.1	2631	2403.29	1.19512	0.0223794
XM_054330887.1	2479	2251.29	0.00168914	3.37658e-05
XM_054330888.1	2475	2247.29	0	0
XM_054330889.1	1472	1244.29	9.46707	0.342401
XM_054330890.1	1430	1202.29	72.8595	2.72721
XM_054330891.1	1457	1229.29	0.00790945	0.000289556
XM_054330892.1	687	460.134	0	0
XM_054330893.1	757	529.648	0	0
XM_054330894.1	796	568.487	0	0
XM_054330895.1	736	508.753	0	0
XM_054330896.1	775	547.487	0	0
XM_054330897.1	594	368.988	0	0
XM_054330898.1	643	416.972	0	0
XM_054330899.1	2061	1833.29	9.33333	0.229112
XM_054330900.1	2996	2768.29	0	0
XM_054330901.1	2949	2721.29	0	0
XM_054330902.1	2968	2740.29	0	0
XM_054330903.1	2423	2195.29	1.20036	0.0246071
XM_054330904.1	2878	2650.29	0	0
XM_054330905.1	1070	842.293	0	0
XM_054330906.1	1836	1608.29	0.200533	0.00561129
XM_054330907.1	1251	1023.29	10.7997	0.474957
XM_054330908.1	1188	960.293	0	0
XM_054330909.1	2718	2490.29	0	0
XM_054330910.1	3864	3636.29	0	0
XM_054330911.1	1745	1517.29	0	0
XM_054330912.1	1604	1376.29	0	0
XM_054330913.1	1217	989.293	0	0
XM_054330914.1	949	721.293	0	0
XM_054330915.1	1752	1524.29	350.26	10.341
XM_054330916.1	1434	1206.29	150.752	5.6241
XM_054330917.1	7170	6942.29	0	0
XM_054330918.1	7282	7054.29	0	0
XM_054330919.1	7167	6939.29	1.53317e-05	9.94299e-08
XM_054330920.1	7080	6852.29	361.511	2.37426
XM_054330921.1	7088	6860.29	0	0
XM_054330922.1	9897	9669.29	53.1815	0.247519
XM_054330923.1	7200	6972.29	0	0
XM_054330924.1	7014	6786.29	0	0
XM_054330925.1	6633	6405.29	0	0
XM_054330926.1	6600	6372.29	0	0
XM_054330927.1	6597	6369.29	0	0
XM_054330928.1	9322	9094.29	0	0
XM_054330929.1	6378	6150.29	0	0
XM_054330930.1	6498	6270.29	1.09824e-05	7.88231e-08
XM_054330931.1	6375	6147.29	0	0
XM_054330932.1	9097	8869.29	0	0
XM_054330933.1	9096	8868.29	0	0
XM_054330934.1	2615	2387.29	177.287	3.34206
XM_054330935.1	2600	2372.29	0	0
XM_054330936.1	2581	2353.29	0	0
XM_054330937.1	2292	2064.29	0	0
XM_054330938.1	1343	1115.29	6.72502	0.27136
XM_054330939.1	4119	3891.29	0	0
XM_054330940.1	1899	1671.29	0	0
XM_054330941.1	1881	1653.29	0	0
XM_054330942.1	3876	3648.29	0	0
XM_054330943.1	3669	3441.29	0	0
XM_054330944.1	3887	3659.29	0	0
XM_054330945.1	3632	3404.29	0	0
XM_054330946.1	3705	3477.29	0	0
XM_054330947.1	3471	3243.29	0	0
XM_054330948.1	1863	1635.29	38.2783	1.05341
XM_054330949.1	1148	920.293	0	0
XM_054330950.1	1351	1123.29	0	0
XM_054330951.1	1261	1033.29	0	0
XM_054330952.1	1329	1101.29	0	0
XM_054330953.1	1168	940.293	0	0
XM_054330954.1	1057	829.293	0	0
XM_054330955.1	596	370.951	0	0
XM_054330956.1	1721	1493.29	0	0
XM_054330957.1	913	685.293	0	0
XM_054330958.1	880	652.427	1.82069	0.125587
XM_054330959.1	2872	2644.29	0	0
XM_054330960.1	2875	2647.29	0	0
XM_054330961.1	2869	2641.29	0	0
XM_054330962.1	2872	2644.29	0	0
XM_054330963.1	5821	5593.29	0	0
XM_054330964.1	3391	3163.29	0	0
XM_054330965.1	3388	3160.29	0	0
XM_054330966.1	2821	2593.29	0	0
XM_054330967.1	2824	2596.29	0	0
XM_054330968.1	3540	3312.29	0	0
XM_054330969.1	7620	7392.29	0	0
XM_054330970.1	2821	2593.29	0	0
XM_054330971.1	3324	3096.29	5.49733	0.079901
XM_054330972.1	5766	5538.29	0	0
XM_054330973.1	3536	3308.29	0	0
XM_054330974.1	2517	2289.29	0	0
XM_054330975.1	3709	3481.29	5.43622	0.0702746
XM_054330976.1	3712	3484.29	1.28731	0.0166268
XM_054330977.1	531	308.697	0	0
XM_054330978.1	599	373.876	0.543299	0.0653964
XM_054330979.1	2190	1962.29	0	0
XM_054330980.1	2199	1971.29	0.64952	0.014828
XM_054330981.1	2114	1886.29	45.1354	1.07684
XM_054330982.1	1093	865.293	0	0
XM_054330983.1	1534	1306.29	0.202263	0.00696815
XM_054330984.1	795	567.487	0	0
XM_054330985.1	4377	4149.29	0	0
XM_054330986.1	4280	4052.29	0	0
XM_054330987.1	4909	4681.29	0	0
XM_054330988.1	3626	3398.29	0	0
XM_054330989.1	1707	1479.29	24.6698	0.750504
XM_054330990.1	739	511.753	2.86237	0.251714
XM_054330991.1	1702	1474.29	0	0
XM_054330992.1	2204	1976.29	0	0
XM_054330993.1	4646	4418.29	29.5734	0.301223
XM_054330994.1	4544	4316.29	5.27607	0.0550101
XM_054330995.1	2024	1796.29	0	0
XM_054330996.1	1684	1456.29	0	0
XM_054330997.1	1681	1453.29	0	0
XM_054330998.1	963	735.293	0	0
XM_054330999.1	1752	1524.29	8.52501	0.251691
XM_054331000.1	1777	1549.29	0.971702	0.0282255
XM_054331001.1	6688	6460.29	10.0575	0.0700615
XM_054331002.1	6251	6023.29	5.50789	0.0411523
XM_054331003.1	6036	5808.29	0	0
XM_054331004.1	5895	5667.29	0	0
XM_054331005.1	5717	5489.29	0	0
XM_054331006.1	5537	5309.29	0	0
XM_054331007.1	5738	5510.29	0	0
XM_054331008.1	5557	5329.29	0	0
XM_054331009.1	2234	2006.29	0	0
XM_054331010.1	2345	2117.29	0	0
XM_054331011.1	5386	5158.29	0	0
XM_054331012.1	1281	1053.29	0	0
XM_054331013.1	1049	821.293	0	0
XM_054331014.1	1001	773.293	0	0
XM_054331015.1	1513	1285.29	0	0
XM_054331016.1	943	715.293	0	0
XM_054331017.1	733	505.753	1.13917	0.101366
XM_054331018.1	657	430.76	0	0
XM_054331019.1	1738	1510.29	0	0
XM_054331020.1	1313	1085.29	5.23138	0.216926
XM_054331021.1	1580	1352.29	1.67839	0.0558554
XM_054331022.1	1414	1186.29	3.61555	0.137159
XM_054331023.1	4292	4064.29	0	0
XM_054331024.1	4084	3856.29	0	0
XM_054331025.1	4062	3834.29	0	0
XM_054331026.1	4584	4356.29	0	0
XM_054331027.1	3740	3512.29	0	0
XM_054331028.1	3449	3221.29	17.0574	0.2383
XM_054331029.1	1880	1652.29	0.0038256	0.000104197
XM_054331030.1	1923	1695.29	19.0839	0.5066
XM_054331031.1	985	757.293	0	0
XM_054331032.1	988	760.293	0	0
XM_054331033.1	2765	2537.29	0	0
XM_054331034.1	3408	3180.29	0	0
XM_054331035.1	2860	2632.29	0	0
XM_054331036.1	2601	2373.29	0	0
XM_054331037.1	3421	3193.29	0	0
XM_054331038.1	1912	1684.29	0	0
XM_054331039.1	3370	3142.29	0	0
XM_054331040.1	2881	2653.29	0	0
XM_054331041.1	2618	2390.29	0	0
XM_054331042.1	2732	2504.29	0	0
XM_054331043.1	2469	2241.29	0	0
XM_054331044.1	3346	3118.29	0	0
XM_054331045.1	2445	2217.29	0	0
XM_054331046.1	3343	3115.29	0	0
XM_054331047.1	2418	2190.29	0	0
XM_054331048.1	3819	3591.29	0	0
XM_054331049.1	3795	3567.29	0	0
XM_054331050.1	2370	2142.29	0	0
XM_054331051.1	2537	2309.29	0	0
XM_054331052.1	2131	1903.29	1.17204	0.0277126
XM_054331053.1	6463	6235.29	44.6793	0.322472
XM_054331054.1	3948	3720.29	24.8165	0.300197
XM_054331055.1	1149	921.293	0	0
XM_054331056.1	1283	1055.29	0	0
XM_054331057.1	976	748.293	0	0
XM_054331058.1	860	632.427	0	0
XM_054331059.1	1188	960.293	0	0
XM_054331060.1	1077	849.293	0	0
XM_054331061.1	2711	2483.29	723.601	13.1133
XM_054331062.1	2583	2355.29	0.383533	0.00732824
XM_054331063.1	1447	1219.29	0	0
XM_054331064.1	2550	2322.29	0	0
XM_054331065.1	1649	1421.29	2.73648	0.0866463
XM_054331066.1	4392	4164.29	0	0
XM_054331067.1	4359	4131.29	0	0
XM_054331068.1	1572	1344.29	3.49691	0.117067
XM_054331069.1	4237	4009.29	0	0
XM_054331070.1	4050	3822.29	0.18336	0.00215885
XM_054331071.1	1187	959.293	0	0
XM_054331072.1	1168	940.293	0	0
XM_054331073.1	1225	997.293	0	0
XM_054331074.1	1442	1214.29	0.387439	0.0143589
XM_054331075.1	1149	921.293	0	0
XM_054331076.1	947	719.293	0	0
XM_054331077.1	4736	4508.29	1575.16	15.7237
XM_054331078.1	2443	2215.29	347.138	7.05202
XM_054331079.1	4982	4754.29	237.277	2.24601
XM_054331080.1	3956	3728.29	21.6928	0.261847
XM_054331081.1	1599	1371.29	501.657	16.4634
XM_054331082.1	1678	1450.29	0	0
XM_054331083.1	1534	1306.29	0	0
XM_054331084.1	3152	2924.29	13.1602	0.202528
XM_054331085.1	2956	2728.29	0	0
XM_054331086.1	2890	2662.29	0	0
XM_054331087.1	2766	2538.29	41.1714	0.729956
XM_054331088.1	2576	2348.29	350.702	6.72091
XM_054331089.1	2542	2314.29	200.047	3.89006
XM_054331090.1	2592	2364.29	0	0
XM_054331091.1	2550	2322.29	0	0
XM_054331092.1	2203	1975.29	23.9212	0.544998
XM_054331093.1	2182	1954.29	85.9007	1.97811
XM_054331094.1	4566	4338.29	17.8337	0.184997
XM_054331095.1	4565	4337.29	14.7612	0.15316
XM_054331096.1	768	540.541	0.999385	0.0832044
XM_054331097.1	2951	2723.29	0	0
XM_054331098.1	3382	3154.29	0	0
XM_054331099.1	2681	2453.29	0	0
XM_054331100.1	3307	3079.29	0	0
XM_054331101.1	2832	2604.29	0	0
XM_054331102.1	2624	2396.29	0.927304	0.017415
XM_054331103.1	1763	1535.29	1.19817e-05	3.51213e-07
XM_054331104.1	1495	1267.29	2.52207e-06	8.95618e-08
XM_054331105.1	3414	3186.29	1.45659	0.0205728
XM_054331106.1	3036	2808.29	9.47878	0.151898
XM_054331107.1	2650	2422.29	1.0709e-08	1.9896e-10
XM_054331108.1	2638	2410.29	213.001	3.97699
XM_054331109.1	2795	2567.29	256.26	4.49209
XM_054331110.1	2784	2556.29	58.2668	1.02578
XM_054331111.1	2659	2431.29	42.4713	0.786141
XM_054331112.1	2889	2661.29	176.894	2.99131
XM_054331113.1	1668	1440.29	0	0
XM_054331114.1	3248	3020.29	16.7505	0.249586
XM_054331115.1	3261	3033.29	110.648	1.64162
XM_054331116.1	3059	2831.29	16.1565	0.256806
XM_054331117.1	3332	3104.29	567.035	8.22033
XM_054331118.1	3161	2933.29	135.288	2.07561
XM_054331119.1	1809	1581.29	5.6689	0.161335
XM_054331120.1	1622	1394.29	649.892	20.9763
XM_054331121.1	3407	3179.29	220.581	3.12234
XM_054331122.1	3392	3164.29	30.2718	0.430531
XM_054331123.1	3282	3054.29	10.4874	0.154525
XM_054331124.1	3193	2965.29	50.7446	0.77013
XM_054331125.1	3176	2948.29	7.2409	0.110526
XM_054331126.1	3161	2933.29	0.686595	0.0105339
XM_054331127.1	3066	2838.29	6.96348	0.110411
XM_054331128.1	3051	2823.29	0.167287	0.00266654
XM_054331129.1	2962	2734.29	3.18591	0.0524362
XM_054331130.1	4231	4003.29	0	0
XM_054331131.1	4049	3821.29	0	0
XM_054331132.1	4137	3909.29	0	0
XM_054331133.1	4200	3972.29	0	0
XM_054331134.1	4112	3884.29	0	0
XM_054331135.1	4155	3927.29	0	0
XM_054331136.1	4043	3815.29	0	0
XM_054331137.1	4031	3803.29	0	0
XM_054331138.1	3818	3590.29	0	0
XM_054331139.1	3734	3506.29	0	0
XM_054331140.1	3953	3725.29	0	0
XM_054331141.1	3897	3669.29	0	0
XM_054331142.1	4047	3819.29	0	0
XM_054331143.1	4117	3889.29	0	0
XM_054331144.1	3894	3666.29	0	0
XM_054331145.1	3957	3729.29	0	0
XM_054331146.1	3950	3722.29	0	0
XM_054331147.1	3932	3704.29	0	0
XM_054331148.1	3920	3692.29	0	0
XM_054331149.1	6846	6618.29	657.302	4.46952
XM_054331150.1	6863	6635.29	195.411	1.32535
XM_054331151.1	6900	6672.29	267.339	1.80314
XM_054331152.1	6653	6425.29	310.47	2.17455
XM_054331153.1	6690	6462.29	427.818	2.9793
XM_054331154.1	3707	3479.29	11.0974	0.14354
XM_054331155.1	3790	3562.29	0	0
XM_054331156.1	3814	3586.29	0	0
XM_054331157.1	3697	3469.29	274.998	3.56723
XM_054331158.1	3608	3380.29	0.117541	0.00156486
XM_054331159.1	3706	3478.29	0	0
XM_054331160.1	3596	3368.29	0	0
XM_054331161.1	3670	3442.29	0.19533	0.00255366
XM_054331162.1	3560	3332.29	0.00122579	1.65544e-05
XM_054331163.1	3643	3415.29	0	0
XM_054331164.1	3557	3329.29	0	0
XM_054331165.1	3589	3361.29	61.4062	0.822145
XM_054331166.1	3538	3310.29	0.0730024	0.000992459
XM_054331167.1	3449	3221.29	0	0
XM_054331168.1	2802	2574.29	0	0
XM_054331169.1	2448	2220.29	0	0
XM_054331170.1	2472	2244.29	0	0
XM_054331171.1	2472	2244.29	0	0
XM_054331172.1	2469	2241.29	0	0
XM_054331173.1	1472	1244.29	9.46707	0.342401
XM_054331174.1	1430	1202.29	72.8595	2.72721
XM_054331175.1	1457	1229.29	0.00790945	0.000289556
XM_054331176.1	687	460.134	0	0
XM_054331177.1	757	529.648	0	0
XM_054331178.1	736	508.753	0	0
XM_054331179.1	730	502.753	0	0
XM_054331180.1	594	368.988	0	0
XM_054331181.1	643	416.972	0	0
XM_054331182.1	2423	2195.29	1.20036	0.0246071
XM_054331183.1	576	351.35	0	0
XM_054331184.1	895	667.361	0	0
XM_054331185.1	2695	2467.29	4.81315	0.0877912
XM_054331186.1	1251	1023.29	10.7997	0.474957
XM_054331187.1	1188	960.293	0	0
XM_054331188.1	2720	2492.29	237.129	4.28181
XM_054331189.1	3864	3636.29	22.1735	0.274421
XM_054331190.1	1749	1521.29	71.7931	2.12379
XM_054331191.1	1604	1376.29	0	0
XM_054331192.1	1217	989.293	0	0
XM_054331193.1	949	721.293	0	0
XM_054331194.1	2441	2213.29	439.06	8.92745
XM_054331195.1	2123	1895.29	0	0
XM_054331196.1	1752	1524.29	638.979	18.8652
XM_054331197.1	1418	1190.29	51.4244	1.94427
XM_054331198.1	7170	6942.29	0.00848527	5.50053e-05
XM_054331199.1	7283	7055.29	0	0
XM_054331200.1	7280	7052.29	0.00151411	9.66203e-06
XM_054331201.1	7218	6990.29	0.000313315	2.0171e-06
XM_054331202.1	7088	6860.29	107.734	0.706729
XM_054331203.1	7201	6973.29	34.1322	0.220277
XM_054331204.1	7014	6786.29	0.0349803	0.000231971
XM_054331205.1	6633	6405.29	461.845	3.24489
XM_054331206.1	6712	6484.29	0	0
XM_054331207.1	6709	6481.29	1.06059e-07	7.36425e-10
XM_054331208.1	6643	6415.29	15.7066	0.110181
XM_054331209.1	6378	6150.29	176.855	1.29409
XM_054331210.1	6375	6147.29	93.8003	0.686693
XM_054331211.1	6419	6191.29	19.2876	0.140197
XM_054331212.1	6417	6189.29	8.20725	0.0596759
XM_054331213.1	2600	2372.29	0	0
XM_054331214.1	2292	2064.29	0	0
XM_054331215.1	2581	2353.29	0	0
XM_054331216.1	1343	1115.29	6.72502	0.27136
XM_054331217.1	4119	3891.29	0	0
XM_054331218.1	1899	1671.29	0	0
XM_054331219.1	1881	1653.29	0	0
XM_054331220.1	3876	3648.29	0	0
XM_054331221.1	3669	3441.29	0	0
XM_054331222.1	3887	3659.29	0	0
XM_054331223.1	3632	3404.29	0	0
XM_054331224.1	3705	3477.29	0	0
XM_054331225.1	3471	3243.29	0	0
XM_054331226.1	1863	1635.29	38.2783	1.05341
XM_054331227.1	1148	920.293	0	0
XM_054331228.1	1351	1123.29	0	0
XM_054331229.1	1261	1033.29	0	0
XM_054331230.1	1329	1101.29	0	0
XM_054331231.1	1168	940.293	0	0
XM_054331232.1	989	761.293	0	0
XM_054331233.1	1057	829.293	0	0
XM_054331234.1	678	451.406	0	0
XM_054331235.1	596	370.951	0	0
XM_054331236.1	1584	1356.29	0	0
XM_054331237.1	1721	1493.29	0	0
XM_054331238.1	913	685.293	0	0
XM_054331239.1	880	652.427	1.82069	0.125587
XM_054331240.1	2872	2644.29	0	0
XM_054331241.1	2875	2647.29	0	0
XM_054331242.1	3355	3127.29	2.09043	0.0300822
XM_054331243.1	2869	2641.29	0	0
XM_054331244.1	2872	2644.29	0	0
XM_054331245.1	3589	3361.29	0	0
XM_054331246.1	5821	5593.29	0	0
XM_054331247.1	3391	3163.29	0	0
XM_054331248.1	3388	3160.29	0	0
XM_054331249.1	3391	3163.29	0	0
XM_054331250.1	2821	2593.29	0	0
XM_054331251.1	2824	2596.29	0	0
XM_054331252.1	7620	7392.29	0	0
XM_054331253.1	2821	2593.29	0	0
XM_054331254.1	3324	3096.29	5.49733	0.079901
XM_054331255.1	3536	3308.29	0	0
XM_054331256.1	7235	7007.29	47.5433	0.305338
XM_054331257.1	2517	2289.29	0	0
XM_054331258.1	3709	3481.29	5.43622	0.0702746
XM_054331259.1	3712	3484.29	1.28731	0.0166268
XM_054331260.1	531	308.697	0	0
XM_054331261.1	599	373.876	0.543299	0.0653964
XM_054331262.1	2190	1962.29	0	0
XM_054331263.1	2199	1971.29	0.64952	0.014828
XM_054331264.1	2114	1886.29	45.1354	1.07684
XM_054331265.1	1093	865.293	0	0
XM_054331266.1	795	567.487	0	0
XM_054331267.1	795	567.487	0	0
XM_054331268.1	4916	4688.29	0	0
XM_054331269.1	1743	1515.29	119.295	3.54298
XM_054331270.1	1684	1456.29	1.95781	0.0605012
XM_054331271.1	1586	1358.29	18.9615	0.628234
XM_054331272.1	1707	1479.29	24.6698	0.750504
XM_054331273.1	1584	1356.29	4.14097e-07	1.37401e-08
XM_054331274.1	2121	1893.29	0	0
XM_054331275.1	1684	1456.29	0	0
XM_054331276.1	2368	2140.29	0	0
XM_054331277.1	2345	2117.29	0	0
XM_054331278.1	1281	1053.29	0	0
XM_054331279.1	1049	821.293	0	0
XM_054331280.1	1001	773.293	0	0
XM_054331281.1	1513	1285.29	0	0
XM_054331282.1	943	715.293	0	0
XM_054331283.1	733	505.753	1.13917	0.101366
XM_054331284.1	657	430.76	0	0
XM_054331285.1	4941	4713.29	256.962	2.4535
XM_054331286.1	1313	1085.29	5.23138	0.216926
XM_054331287.1	1580	1352.29	1.67839	0.0558554
XM_054331288.1	1412	1184.29	19.9072	0.756471
XM_054331289.1	1511	1283.29	0	0
XM_054331290.1	1346	1118.29	0.509958	0.0205221
XM_054331291.1	985	757.293	0	0
XM_054331292.1	1566	1338.29	0	0
XM_054331293.1	1436	1208.29	0	0
XM_054331294.1	988	760.293	0	0
XM_054331295.1	3511	3283.29	0	0
XM_054331296.1	2765	2537.29	0	0
XM_054331297.1	3408	3180.29	0	0
XM_054331298.1	2860	2632.29	0	0
XM_054331299.1	2601	2373.29	0	0
XM_054331300.1	4273	4045.29	0	0
XM_054331301.1	2744	2516.29	0	0
XM_054331302.1	2764	2536.29	0	0
XM_054331303.1	2880	2652.29	0	0
XM_054331304.1	3557	3329.29	0	0
XM_054331305.1	2731	2503.29	0	0
XM_054331306.1	2618	2390.29	0	0
XM_054331307.1	2469	2241.29	0	0
XM_054331308.1	2856	2628.29	0	0
XM_054331309.1	2845	2617.29	0	0
XM_054331310.1	2707	2479.29	0	0
XM_054331311.1	2842	2614.29	0	0
XM_054331312.1	2794	2566.29	0	0
XM_054331313.1	2656	2428.29	0	0
XM_054331314.1	2645	2417.29	0	0
XM_054331315.1	2770	2542.29	0	0
XM_054331316.1	2536	2308.29	0	0
XM_054331317.1	2130	1902.29	0	0
XM_054331318.1	1331	1103.29	10.169	0.41479
XM_054331319.1	617	391.417	0	0
XM_054331320.1	1514	1286.29	7.33771	0.256722
XM_054331321.1	988	760.293	0	0
XM_054331322.1	976	748.293	0	0
XM_054331323.1	1188	960.293	0	0
XM_054331324.1	1077	849.293	0	0
XM_054331325.1	1766	1538.29	0	0
XM_054331326.1	1766	1538.29	0	0
XM_054331327.1	1488	1260.29	0	0
XM_054331328.1	1451	1223.29	0	0
XM_054331329.1	910	682.293	0	0
XM_054331330.1	2711	2483.29	723.601	13.1133
XM_054331331.1	1456	1228.29	0.679618	0.0249003
XM_054331332.1	2547	2319.29	0	0
XM_054331333.1	1472	1244.29	0	0
XM_054331334.1	4357	4129.29	0	0
XM_054331335.1	4235	4007.29	0	0
XM_054331336.1	1163	935.293	5.72773	0.275599
XM_054331337.1	2580	2352.29	0	0
XM_054331338.1	1224	996.293	0	0
XM_054331339.1	1442	1214.29	0.387439	0.0143589
XM_054331340.1	1149	921.293	0	0
XM_054331341.1	946	718.293	0	0
XM_054331342.1	2455	2227.29	0.210811	0.0042595
XM_054331343.1	2556	2328.29	0	0
XM_054331344.1	1611	1383.29	0.00325577	0.000105921
XM_054331345.1	2126	1898.29	0	0
XM_054331346.1	2279	2051.29	9.98575e-09	2.19076e-10
XM_054331347.1	3153	2925.29	120.719	1.85716
XM_054331348.1	2245	2017.29	72.657	1.62088
XM_054331349.1	2242	2014.29	0	0
XM_054331350.1	2149	1921.29	0	0
XM_054331351.1	2147	1919.29	0	0
XM_054331352.1	2266	2038.29	0	0
XM_054331353.1	2264	2036.29	0	0
XM_054331354.1	2771	2543.29	61.044	1.08016
XM_054331355.1	2260	2032.29	299.215	6.62581
XM_054331356.1	2177	1949.29	2.07656e-08	4.79413e-10
XM_054331357.1	2167	1939.29	206.312	4.78765
XM_054331358.1	2059	1831.29	0	0
XM_054331359.1	2055	1827.29	18.1235	0.44635
XM_054331360.1	1508	1280.29	0	0
XM_054331361.1	2283	2055.29	545.036	11.9342
XM_054331362.1	2196	1968.29	0	0
XM_054331363.1	1444	1216.29	0	0
XM_054331364.1	1439	1211.29	285.786	10.6178
XM_054331365.1	4566	4338.29	17.8337	0.184997
XM_054331366.1	4565	4337.29	14.7612	0.15316
XM_054331367.1	768	540.541	0.999385	0.0832044
XM_054331368.1	2117	1889.29	0	0
XM_054331369.1	2572	2344.29	1077.15	20.678
XM_054331370.1	2194	1966.29	682.498	15.6205
XM_054331371.1	2784	2556.29	40.8495	0.719148
XM_054331372.1	2659	2431.29	29.4974	0.545995
XM_054331373.1	2889	2661.29	128.068	2.16566
XM_054331374.1	1669	1441.29	5.69046	0.177679
XM_054331375.1	3248	3020.29	16.7505	0.249586
XM_054331376.1	3261	3033.29	110.648	1.64162
XM_054331377.1	3059	2831.29	16.1565	0.256806
XM_054331378.1	1805	1577.29	182.625	5.21063
XM_054331379.1	1621	1393.29	0	0
XM_054331380.1	3407	3179.29	0	0
XM_054331381.1	3392	3164.29	0	0
XM_054331382.1	3282	3054.29	5.58644	0.0823127
XM_054331383.1	3408	3180.29	0	0
XM_054331384.1	3193	2965.29	0	0
XM_054331385.1	3176	2948.29	0	0
XM_054331386.1	3161	2933.29	0	0
XM_054331387.1	2962	2734.29	0	0
XM_054331388.1	6846	6618.29	657.302	4.46952
XM_054331389.1	6863	6635.29	195.411	1.32535
XM_054331390.1	6900	6672.29	267.339	1.80314
XM_054331391.1	6653	6425.29	310.47	2.17455
XM_054331392.1	6690	6462.29	427.818	2.9793
XM_054331393.1	3703	3475.29	53.7208	0.695654
XM_054331394.1	3704	3476.29	2.01127	0.0260374
XM_054331395.1	3790	3562.29	0	0
XM_054331396.1	3814	3586.29	0	0
XM_054331397.1	3647	3419.29	179.123	2.35753
XM_054331398.1	3697	3469.29	274.998	3.56723
XM_054331399.1	3608	3380.29	0.117541	0.00156486
XM_054331400.1	3706	3478.29	0	0
XM_054331401.1	3670	3442.29	0.19533	0.00255366
XM_054331402.1	3556	3328.29	0.00636164	8.60181e-05
XM_054331403.1	3643	3415.29	0	0
XM_054331404.1	3589	3361.29	61.4062	0.822145
XM_054331405.1	3538	3310.29	0.0730024	0.000992459
XM_054331406.1	3445	3217.29	0	0
XM_054331407.1	2802	2574.29	0	0
XM_054331408.1	2448	2220.29	0	0
XM_054331409.1	2472	2244.29	0	0
XM_054331410.1	2472	2244.29	0	0
XM_054331411.1	2469	2241.29	0	0
XM_054331412.1	1472	1244.29	9.46707	0.342401
XM_054331413.1	1430	1202.29	72.8595	2.72721
XM_054331414.1	1457	1229.29	0.00790945	0.000289556
XM_054331415.1	687	460.134	0	0
XM_054331416.1	757	529.648	0	0
XM_054331417.1	594	368.988	0	0
XM_054331418.1	643	416.972	0	0
XM_054331419.1	2061	1833.29	0	0
XM_054331420.1	2996	2768.29	0	0
XM_054331421.1	2949	2721.29	0	0
XM_054331422.1	2968	2740.29	0	0
XM_054331423.1	2423	2195.29	1.20036	0.0246071
XM_054331424.1	2878	2650.29	0	0
XM_054331425.1	1070	842.293	0	0
XM_054331426.1	1836	1608.29	0.200533	0.00561129
XM_054331427.1	2695	2467.29	4.81315	0.0877912
XM_054331428.1	1251	1023.29	10.7997	0.474957
XM_054331429.1	1188	960.293	0	0
XM_054331430.1	2718	2490.29	0	0
XM_054331431.1	3864	3636.29	0	0
XM_054331432.1	1745	1517.29	0	0
XM_054331433.1	1604	1376.29	0	0
XM_054331434.1	1217	989.293	0	0
XM_054331435.1	949	721.293	0	0
XM_054331436.1	7170	6942.29	3.47353e-08	2.2517e-10
XM_054331437.1	7167	6939.29	65.0677	0.421981
XM_054331438.1	8584	8356.29	0	0
XM_054331439.1	7088	6860.29	0.000416806	2.73422e-06
XM_054331440.1	7201	6973.29	0.000157381	1.01568e-06
XM_054331441.1	6955	6727.29	0.0176818	0.000118285
XM_054331442.1	6633	6405.29	0.00710701	4.99333e-05
XM_054331443.1	6600	6372.29	0.000282634	1.99605e-06
XM_054331444.1	6597	6369.29	0.00814313	5.75364e-05
XM_054331445.1	6378	6150.29	0.000155024	1.13435e-06
XM_054331446.1	6490	6262.29	0	0
XM_054331447.1	6375	6147.29	7.99466e-05	5.85273e-07
XM_054331448.1	4289	4061.29	0	0
XM_054331449.1	4286	4058.29	0	0
XM_054331450.1	4286	4058.29	0	0
XM_054331451.1	4283	4055.29	0	0
XM_054331452.1	4246	4018.29	0	0
XM_054331453.1	4243	4015.29	0	0
XM_054331454.1	4240	4012.29	0	0
XM_054331455.1	4216	3988.29	0	0
XM_054331456.1	3502	3274.29	0	0
XM_054331457.1	4213	3985.29	0	0
XM_054331458.1	4213	3985.29	0	0
XM_054331459.1	4210	3982.29	0	0
XM_054331460.1	2906	2678.29	0	0
XM_054331461.1	2903	2675.29	0	0
XM_054331462.1	2332	2104.29	0	0
XM_054331463.1	2390	2162.29	0	0
XM_054331464.1	2387	2159.29	0	0
XM_054331465.1	2387	2159.29	0	0
XM_054331466.1	2387	2159.29	0	0
XM_054331467.1	2383	2155.29	0	0
XM_054331468.1	2384	2156.29	0	0
XM_054331469.1	2381	2153.29	0	0
XM_054331470.1	2354	2126.29	0	0
XM_054331471.1	2350	2122.29	0	0
XM_054331472.1	2348	2120.29	0	0
XM_054331473.1	1384	1156.29	0	0
XM_054331474.1	1367	1139.29	0	0
XM_054331475.1	1309	1081.29	0	0
XM_054331476.1	980	752.293	0	0
XM_054331477.1	2600	2372.29	0	0
XM_054331478.1	2581	2353.29	0	0
XM_054331479.1	2292	2064.29	0	0
XM_054331480.1	4523	4295.29	0	0
XM_054331481.1	4119	3891.29	0	0
XM_054331482.1	5806	5578.29	60.2507	0.486075
XM_054331483.1	5788	5560.29	448.502	3.63002
XM_054331484.1	5792	5564.29	821.258	6.6422
XM_054331485.1	5699	5471.29	50.5417	0.415721
XM_054331486.1	3654	3426.29	767.4	10.0795
XM_054331487.1	3634	3406.29	36.5855	0.483359
XM_054331488.1	3543	3315.29	0	0
XM_054331489.1	3547	3319.29	0	0
XM_054331490.1	3523	3295.29	0	0
XM_054331491.1	1900	1672.29	0.257735	0.0069359
XM_054331492.1	3727	3499.29	0	0
XM_054331493.1	3509	3281.29	0	0
XM_054331494.1	3450	3222.29	0	0
XM_054331495.1	3545	3317.29	0	0
XM_054331496.1	3311	3083.29	0	0
XM_054331497.1	2539	2311.29	0	0
XM_054331498.1	2743	2515.29	0	0
XM_054331499.1	2680	2452.29	0	0
XM_054331500.1	2375	2147.29	0	0
XM_054331501.1	1863	1635.29	38.2783	1.05341
XM_054331502.1	1193	965.293	13.0225	0.607122
XM_054331503.1	1351	1123.29	0	0
XM_054331504.1	1261	1033.29	0	0
XM_054331505.1	1329	1101.29	0	0
XM_054331506.1	1168	940.293	0	0
XM_054331507.1	989	761.293	0	0
XM_054331508.1	1057	829.293	0	0
XM_054331509.1	678	451.406	0	0
XM_054331510.1	596	370.951	0	0
XM_054331511.1	1721	1493.29	0	0
XM_054331512.1	1696	1468.29	0	0
XM_054331513.1	913	685.293	0	0
XM_054331514.1	880	652.427	1.82069	0.125587
XM_054331515.1	2872	2644.29	0	0
XM_054331516.1	2875	2647.29	0	0
XM_054331517.1	3355	3127.29	2.09043	0.0300822
XM_054331518.1	2869	2641.29	0	0
XM_054331519.1	2872	2644.29	0	0
XM_054331520.1	3391	3163.29	52.8163	0.751399
XM_054331521.1	3388	3160.29	0.0595187	0.000847556
XM_054331522.1	2821	2593.29	0	0
XM_054331523.1	2824	2596.29	0	0
XM_054331524.1	3540	3312.29	0	0
XM_054331525.1	7620	7392.29	0	0
XM_054331526.1	2821	2593.29	0	0
XM_054331527.1	3536	3308.29	0	0
XM_054331528.1	3324	3096.29	5.49733	0.079901
XM_054331529.1	2517	2289.29	0	0
XM_054331530.1	599	373.876	376.375	45.3039
XM_054331531.1	2263	2035.29	43.7105	0.966499
XM_054331532.1	2207	1979.29	0	0
XM_054331533.1	2114	1886.29	518.575	12.3721
XM_054331534.1	2194	1966.29	66.3021	1.51747
XM_054331535.1	1093	865.293	0	0
XM_054331536.1	795	567.487	0	0
XM_054331537.1	795	567.487	0	0
XM_054331538.1	1842	1614.29	0	0
XM_054331539.1	3007	2779.29	0	0
XM_054331540.1	3797	3569.29	2.01122	0.0253583
XM_054331541.1	3046	2818.29	0	0
XM_054331542.1	3452	3224.29	21.5762	0.30115
XM_054331543.1	3489	3261.29	9.28564	0.128134
XM_054331544.1	2535	2307.29	21.9083	0.427314
XM_054331545.1	1607	1379.29	0	0
XM_054331546.1	4829	4601.29	0.223673	0.00218765
XM_054331547.1	4752	4524.29	0	0
XM_054331548.1	4562	4334.29	46.9811	0.487806
XM_054331549.1	4087	3859.29	0.000839839	9.79334e-06
XM_054331550.1	4430	4202.29	0	0
XM_054331551.1	4017	3789.29	74.3463	0.882965
XM_054331552.1	3819	3591.29	0.571095	0.00715648
XM_054331553.1	3770	3542.29	0	0
XM_054331554.1	4241	4013.29	0	0
XM_054331555.1	4166	3938.29	0	0
XM_054331556.1	3526	3298.29	0	0
XM_054331557.1	2655	2427.29	19.7821	0.366768
XM_054331558.1	2792	2564.29	0	0
XM_054331559.1	2789	2561.29	0	0
XM_054331560.1	2643	2415.29	0	0
XM_054331561.1	2704	2476.29	0	0
XM_054331562.1	5194	4966.29	14.5068	0.131456
XM_054331563.1	4474	4246.29	13.5638	0.143752
XM_054331564.1	4620	4392.29	5.25671e-06	5.38598e-08
XM_054331565.1	5053	4825.29	11.769	0.109764
XM_054331566.1	3734	3506.29	0	0
XM_054331567.1	3260	3032.29	0	0
XM_054331568.1	3303	3075.29	3.19152	0.0467039
XM_054331569.1	2501	2273.29	2.0684	0.040947
XM_054331570.1	2234	2006.29	0	0
XM_054331571.1	4497	4269.29	0	0
XM_054331572.1	3526	3298.29	0	0
XM_054331573.1	3557	3329.29	3.2278	0.0436311
XM_054331574.1	4372	4144.29	6.60222	0.0716938
XM_054331575.1	1451	1223.29	5.93888	0.218482
XM_054331576.1	966	738.293	0	0
XM_054331577.1	940	712.293	11.5937	0.732498
XM_054331578.1	962	734.293	0	0
XM_054331579.1	1884	1656.29	0	0
XM_054331580.1	1409	1181.29	0	0
XM_054331581.1	773	545.487	0	0
XM_054331582.1	4110	3882.29	16.9707	0.196722
XM_054331583.1	3153	2925.29	0	0
XM_054331584.1	971	743.293	28.3072	1.71387
XM_054331585.1	5955	5727.29	0.484425	0.00380644
XM_054331586.1	5857	5629.29	7.64643	0.061129
XM_054331587.1	5769	5541.29	0	0
XM_054331588.1	3697	3469.29	55.8768	0.724824
XM_054331589.1	3377	3149.29	12.1549	0.173693
XM_054331590.1	5670	5442.29	142.957	1.18213
XM_054331591.1	3038	2810.29	0	0
XM_054331592.1	8771	8543.29	0	0
XM_054331593.1	8604	8376.29	1.30518	0.00701233
XM_054331594.1	8355	8127.29	30.2694	0.16761
XM_054331595.1	8162	7934.29	15.8139	0.0896961
XM_054331596.1	8609	8381.29	0	0
XM_054331597.1	8152	7924.29	16.0549	0.0911781
XM_054331598.1	8274	8046.29	29.2654	0.163682
XM_054331599.1	7796	7568.29	0	0
XM_054331600.1	8055	7827.29	0.443282	0.00254865
XM_054331601.1	7806	7578.29	12.7563	0.0757523
XM_054331602.1	7613	7385.29	6.16589	0.0375726
XM_054331603.1	7603	7375.29	6.24964	0.0381345
XM_054331604.1	7644	7416.29	0.622006	0.00377442
XM_054331605.1	7895	7667.29	0	0
XM_054331606.1	7479	7251.29	21.0744	0.130792
XM_054331607.1	7469	7241.29	0	0
XM_054331608.1	7728	7500.29	0.630417	0.00378261
XM_054331609.1	7286	7058.29	0.0392443	0.000250218
XM_054331610.1	7733	7505.29	0	0
XM_054331611.1	4468	4240.29	555.918	5.90007
XM_054331612.1	4538	4310.29	31.7902	0.331917
XM_054331613.1	4758	4530.29	351.068	3.48745
XM_054331614.1	4808	4580.29	0.000424516	4.17103e-06
XM_054331615.1	4535	4307.29	168.712	1.76272
XM_054331616.1	3058	2830.29	56.9963	0.90627
XM_054331617.1	1329	1101.29	0	0
XM_054331618.1	2520	2292.29	10.4085	0.204344
XM_054331619.1	8851	8623.29	0	0
XM_054331620.1	8690	8462.29	19.3625	0.102971
XM_054331621.1	8759	8531.29	0	0
XM_054331622.1	8772	8544.29	0	0
XM_054331623.1	8918	8690.29	0	0
XM_054331624.1	8806	8578.29	0	0
XM_054331625.1	8807	8579.29	1.27595	0.00669304
XM_054331626.1	8915	8687.29	0.00055547	2.87752e-06
XM_054331627.1	8848	8620.29	22.6239	0.11811
XM_054331628.1	8756	8528.29	0	0
XM_054331629.1	8769	8541.29	12.0505	0.0634928
XM_054331630.1	8833	8605.29	29.2018	0.152717
XM_054331631.1	8980	8752.29	0	0
XM_054331632.1	8815	8587.29	24.4139	0.127945
XM_054331633.1	8879	8651.29	29.946	0.155776
XM_054331634.1	1122	894.293	185.371	9.32834
XM_054331635.1	954	726.293	1360.56	84.3037
XM_054331636.1	3483	3255.29	23.533	0.325334
XM_054331637.1	3665	3437.29	0	0
XM_054331638.1	3684	3456.29	0	0
XM_054331639.1	3688	3460.29	0	0
XM_054331640.1	3480	3252.29	2.92153e-06	4.04262e-08
XM_054331641.1	3690	3462.29	51.2803	0.666545
XM_054331642.1	3681	3453.29	0	0
XM_054331643.1	16662	16434.3	0	0
XM_054331644.1	16405	16177.3	1.60069	0.00445292
XM_054331645.1	12805	12577.3	5.50193	0.0196866
XM_054331646.1	2736	2508.29	0	0
XM_054331647.1	2647	2419.29	0	0
XM_054331648.1	2609	2381.29	0	0
XM_054331649.1	2624	2396.29	0	0
XM_054331650.1	3670	3442.29	0	0
XM_054331651.1	3816	3588.29	0	0
XM_054331652.1	3789	3561.29	1.04665e-08	1.32262e-10
XM_054331653.1	3530	3302.29	0	0
XM_054331654.1	3265	3037.29	0.038908	0.000576494
XM_054331655.1	3437	3209.29	0	0
XM_054331656.1	3310	3082.29	0	0
XM_054331657.1	3289	3061.29	1.62232e-05	2.38492e-07
XM_054331658.1	3049	2821.29	2.99309	0.0477435
XM_054331659.1	3242	3014.29	0	0
XM_054331660.1	3221	2993.29	0	0
XM_054331661.1	3094	2866.29	0	0
XM_054331662.1	679	452.316	14.8481	1.47731
XM_054331663.1	2081	1853.29	0	0
XM_054331664.1	1967	1739.29	0	0
XM_054331665.1	1801	1573.29	0	0
XM_054331666.1	1356	1128.29	0	0
XM_054331667.1	1342	1114.29	0	0
XM_054331668.1	1840	1612.29	1.5	0.0418687
XM_054331669.1	1275	1047.29	0	0
XM_054331670.1	1499	1271.29	0	0
XM_054331671.1	3751	3523.29	1.25	0.0159663
XM_054331672.1	3751	3523.29	1.25	0.0159663
XM_054331673.1	2457	2229.29	0	0
XM_054331674.1	1825	1597.29	0	0
XM_054331675.1	2394	2166.29	0.5	0.0103871
XM_054331676.1	1589	1361.29	0	0
XM_054331677.1	4810	4582.29	0	0
XM_054331678.1	2971	2743.29	0.5	0.00820238
XM_054331679.1	1433	1205.29	0	0
XM_054331680.1	4310	4082.29	0.401089	0.00442159
XM_054331681.1	4307	4079.29	1.09891	0.0121233
XM_054331682.1	3097	2869.29	13.6175	0.213581
XM_054331683.1	3046	2818.29	11.273	0.18001
XM_054331684.1	2989	2761.29	5.11645e-07	8.3387e-09
XM_054331685.1	2917	2689.29	5.65588	0.0946465
XM_054331686.1	2866	2638.29	4.65256	0.0793617
XM_054331687.1	1619	1391.29	0	0
XM_054331688.1	1379	1151.29	0	0
XM_054331689.1	1697	1469.29	0	0
XM_054331690.1	1450	1222.29	0	0
XM_054331691.1	1062	834.293	0	0
XM_054331692.1	1284	1056.29	0	0
XM_054331693.1	1302	1074.29	0	0
XM_054331694.1	4436	4208.29	3.4742e-07	3.71527e-09
XM_054331695.1	4435	4207.29	4.46907e-06	4.78031e-08
XM_054331696.1	6904	6676.29	0	0
XM_054331697.1	6067	5839.29	7.08667	0.0546165
XM_054331698.1	4671	4443.29	2.62384	0.0265751
XM_054331699.1	9786	9558.29	46.3885	0.21841
XM_054331700.1	6785	6557.29	46.892	0.321822
XM_054331701.1	7020	6792.29	0	0
XM_054331702.1	6896	6668.29	0	0
XM_054331703.1	7147	6919.29	0	0
XM_054331704.1	6250	6022.29	0	0
XM_054331705.1	6912	6684.29	0	0
XM_054331706.1	6126	5898.29	0	0
XM_054331707.1	6752	6524.29	0	0
XM_054331708.1	5157	4929.29	0	0
XM_054331709.1	6891	6663.29	0	0
XM_054331710.1	7003	6775.29	0	0
XM_054331711.1	9867	9639.29	0	0
XM_054331712.1	7674	7446.29	1.71494	0.0103646
XM_054331713.1	7674	7446.29	0	0
XM_054331714.1	1095	867.293	1.19151	0.0618264
XM_054331715.1	9533	9305.29	5.92124	0.0286368
XM_054331716.1	4226	3998.29	0	0
XM_054331717.1	4259	4031.29	237.984	2.65671
XM_054331718.1	4572	4344.29	178.184	1.84583
XM_054331719.1	4212	3984.29	18.4834	0.208773
XM_054331720.1	4171	3943.29	56.4747	0.644521
XM_054331721.1	4085	3857.29	75.207	0.87744
XM_054331722.1	3963	3735.29	51.6541	0.622332
XM_054331723.1	1914	1686.29	13.2781	0.35436
XM_054331724.1	11836	11608.3	0	0
XM_054331725.1	11815	11587.3	0	0
XM_054331726.1	11612	11384.3	0.271856	0.00107467
XM_054331727.1	5068	4840.29	0	0
XM_054331728.1	5065	4837.29	0	0
XM_054331729.1	5056	4828.29	0	0
XM_054331730.1	5005	4777.29	0	0
XM_054331731.1	4942	4714.29	0	0
XM_054331732.1	5012	4784.29	0	0
XM_054331733.1	4917	4689.29	5.57438	0.0534973
XM_054331734.1	5999	5771.29	0	0
XM_054331735.1	5996	5768.29	0	0
XM_054331736.1	6052	5824.29	0	0
XM_054331737.1	6346	6118.29	0	0
XM_054331738.1	6037	5809.29	0	0
XM_054331739.1	4441	4213.29	33.2013	0.35463
XM_054331740.1	3555	3327.29	117.844	1.59389
XM_054331741.1	3589	3361.29	8.84184	0.11838
XM_054331742.1	2016	1788.29	53.5889	1.34858
XM_054331743.1	3113	2885.29	113.46	1.76969
XM_054331744.1	3412	3184.29	0	0
XM_054331745.1	5194	4966.29	17.219	0.156033
XM_054331746.1	3184	2956.29	0	0
XM_054331747.1	3148	2920.29	0	0
XM_054331748.1	3242	3014.29	0	0
XM_054331749.1	5928	5700.29	0	0
XM_054331750.1	3076	2848.29	0	0
XM_054331751.1	4858	4630.29	0	0
XM_054331752.1	3049	2821.29	0	0
XM_054331753.1	2941	2713.29	0	0
XM_054331754.1	4723	4495.29	0	0
XM_054331755.1	2632	2404.29	0	0
XM_054331756.1	2597	2369.29	0	0
XM_054331757.1	5457	5229.29	0	0
XM_054331758.1	5034	4806.29	0	0
XM_054331759.1	5031	4803.29	0	0
XM_054331760.1	4931	4703.29	0	0
XM_054331761.1	3699	3471.29	0	0
XM_054331762.1	3941	3713.29	0	0
XM_054331763.1	3726	3498.29	0	0
XM_054331764.1	4104	3876.29	0	0
XM_054331765.1	4427	4199.29	0	0
XM_054331766.1	4135	3907.29	0	0
XM_054331767.1	3885	3657.29	0	0
XM_054331768.1	3644	3416.29	0	0
XM_054331769.1	3834	3606.29	0	0
XM_054331770.1	4026	3798.29	0	0
XM_054331771.1	3910	3682.29	0	0
XM_054331772.1	3909	3681.29	0	0
XM_054331773.1	3915	3687.29	0	0
XM_054331774.1	3890	3662.29	0	0
XM_054331775.1	4778	4550.29	0	0
XM_054331776.1	3911	3683.29	0	0
XM_054331777.1	3751	3523.29	0	0
XM_054331778.1	3878	3650.29	0	0
XM_054331779.1	3860	3632.29	0	0
XM_054331780.1	4099	3871.29	0	0
XM_054331781.1	3905	3677.29	0	0
XM_054331782.1	3884	3656.29	19.8096	0.243824
XM_054331783.1	3874	3646.29	0	0
XM_054331784.1	4055	3827.29	0	0
XM_054331785.1	4068	3840.29	0	0
XM_054331786.1	3873	3645.29	0	0
XM_054331787.1	4064	3836.29	0	0
XM_054331788.1	3798	3570.29	0	0
XM_054331789.1	3863	3635.29	0	0
XM_054331790.1	4435	4207.29	0	0
XM_054331791.1	4427	4199.29	0	0
XM_054331792.1	4210	3982.29	0	0
XM_054331793.1	4083	3855.29	2.95121	0.0344497
XM_054331794.1	2867	2639.29	0	0
XM_054331795.1	1849	1621.29	0	0
XM_054331796.1	5719	5491.29	0	0
XM_054331797.1	3293	3065.29	0	0
XM_054331798.1	4844	4616.29	167.453	1.63246
XM_054331799.1	3172	2944.29	0	0
XM_054331800.1	3256	3028.29	4.00568	0.0595279
XM_054331801.1	2240	2012.29	0	0
XM_054331802.1	4454	4226.29	120.751	1.2858
XM_054331803.1	4384	4156.29	156.993	1.69987
XM_054331804.1	1427	1199.29	21.384	0.802427
XM_054331805.1	5131	4903.29	0	0
XM_054331806.1	5741	5513.29	0	0
XM_054331807.1	1618	1390.29	0	0
XM_054331808.1	5195	4967.29	2.6928	0.0243965
XM_054331809.1	5193	4965.29	0	0
XM_054331810.1	7079	6851.29	9.68241e-07	6.35994e-09
XM_054331811.1	7010	6782.29	1.03012	0.00683526
XM_054331812.1	5315	5087.29	0	0
XM_054331813.1	5501	5273.29	0	0
XM_054331814.1	3486	3258.29	0	0
XM_054331815.1	3322	3094.29	3.32512e-07	4.83602e-09
XM_054331816.1	5299	5071.29	0	0
XM_054331817.1	8076	7848.29	0	0
XM_054331818.1	8037	7809.29	0	0
XM_054331819.1	8016	7788.29	0	0
XM_054331820.1	7986	7758.29	0	0
XM_054331821.1	7836	7608.29	0	0
XM_054331822.1	8175	7947.29	0	0
XM_054331823.1	8027	7799.29	0	0
XM_054331824.1	7797	7569.29	0	0
XM_054331825.1	7735	7507.29	0	0
XM_054331826.1	7785	7557.29	0	0
XM_054331827.1	7776	7548.29	0	0
XM_054331828.1	7646	7418.29	0	0
XM_054331829.1	7746	7518.29	0	0
XM_054331830.1	7682	7454.29	0	0
XM_054331831.1	8052	7824.29	0	0
XM_054331832.1	7725	7497.29	0	0
XM_054331833.1	8085	7857.29	0	0
XM_054331834.1	7535	7307.29	3.81062e-06	2.34683e-08
XM_054331835.1	7935	7707.29	0	0
XM_054331836.1	7787	7559.29	0	0
XM_054331837.1	7884	7656.29	0	0
XM_054331838.1	7748	7520.29	0	0
XM_054331839.1	7546	7318.29	0	0
XM_054331840.1	7727	7499.29	0	0
XM_054331841.1	7358	7130.29	0	0
XM_054331842.1	7697	7469.29	83.9871	0.506029
XM_054331843.1	7543	7315.29	0	0
XM_054331844.1	7824	7596.29	74.481	0.441252
XM_054331845.1	7381	7153.29	485.354	3.05348
XM_054331846.1	7319	7091.29	682.567	4.33173
XM_054331847.1	1888	1660.29	0	0
XM_054331848.1	15350	15122.3	337.002	1.0029
XM_054331849.1	15479	15251.3	101.398	0.299202
XM_054331850.1	15285	15057.3	440.821	1.31752
XM_054331851.1	15182	14954.3	748.166	2.25151
XM_054331852.1	15973	15745.3	79.6502	0.227656
XM_054331853.1	15107	14879.3	1027.46	3.10758
XM_054331854.1	14844	14616.3	0	0
XM_054331855.1	9531	9303.29	78.8295	0.381324
XM_054331856.1	8287	8059.29	339.603	1.89634
XM_054331857.1	8668	8440.29	626.672	3.34138
XM_054331858.1	8581	8353.29	857.45	4.61948
XM_054331859.1	1554	1326.29	0.248997	0.00844885
XM_054331860.1	852	624.427	0	0
XM_054331861.1	1579	1351.29	0	0
XM_054331862.1	983	755.293	0	0
XM_054331863.1	5844	5616.29	2.22596	0.0178365
XM_054331864.1	6035	5807.29	0	0
XM_054331865.1	6000	5772.29	0	0
XM_054331866.1	5997	5769.29	0	0
XM_054331867.1	7893	7665.29	0	0
XM_054331868.1	6038	5810.29	2.02308	0.0156696
XM_054331869.1	5903	5675.29	0	0
XM_054331870.1	5132	4904.29	15.0013	0.137656
XM_054331871.1	5120	4892.29	0	0
XM_054331872.1	1887	1659.29	5.20836	0.14126
XM_054331873.1	5142	4914.29	7.73067	0.0707943
XM_054331874.1	368	166.382	0	0
XM_054331875.1	6163	5935.29	844.943	6.4066
XM_054331876.1	6118	5890.29	18.6934	0.142821
XM_054331877.1	2167	1939.29	0	0
XM_054331878.1	1562	1334.29	0	0
XM_054331879.1	5197	4969.29	260.151	2.35599
XM_054331880.1	5247	5019.29	11.1307	0.0997982
XM_054331881.1	4981	4753.29	5.91262e-08	5.59793e-10
XM_054331882.1	4966	4738.29	4.5052e-06	4.27893e-08
XM_054331883.1	5819	5591.29	5.18322	0.0417186
XM_054331884.1	5893	5665.29	0	0
XM_054331885.1	6024	5796.29	62.4085	0.484547
XM_054331886.1	6054	5826.29	0	0
XM_054331887.1	5980	5752.29	0	0
XM_054331888.1	5990	5762.29	0	0
XM_054331889.1	5887	5659.29	0	0
XM_054331890.1	5813	5585.29	20.0936	0.161902
XM_054331891.1	5984	5756.29	0	0
XM_054331892.1	5771	5543.29	399.657	3.2446
XM_054331893.1	6006	5778.29	24.6049	0.19163
XM_054331894.1	5932	5704.29	10.675	0.0842189
XM_054331895.1	5942	5714.29	0	0
XM_054331896.1	5872	5644.29	7.83396e-05	6.24617e-07
XM_054331897.1	5839	5611.29	140.852	1.12965
XM_054331898.1	5926	5698.29	40.6524	0.321059
XM_054331899.1	5936	5708.29	0	0
XM_054331900.1	5866	5638.29	0.000306292	2.44473e-06
XM_054331901.1	5949	5721.29	7.77051	0.061122
XM_054331902.1	8378	8150.29	0	0
XM_054331903.1	8379	8151.29	0	0
XM_054331904.1	7763	7535.29	137.303	0.820015
XM_054331905.1	7754	7526.29	1011.34	6.04724
XM_054331906.1	8239	8011.29	0	0
XM_054331907.1	7512	7284.29	0	0
XM_054331908.1	7649	7421.29	8.62672e-07	5.23129e-09
XM_054331909.1	7577	7349.29	6.72643	0.041189
XM_054331910.1	7574	7346.29	71.736	0.439452
XM_054331911.1	7480	7252.29	4.2102e-05	2.61258e-07
XM_054331912.1	7417	7189.29	11.7952	0.0738349
XM_054331913.1	5190	4962.29	14.0952	0.12783
XM_054331914.1	2669	2441.29	3.15802	0.0582154
XM_054331915.1	2459	2231.29	0	0
XM_054331916.1	2453	2225.29	0	0
XM_054331917.1	4264	4036.29	0	0
XM_054331918.1	4359	4131.29	0	0
XM_054331919.1	4120	3892.29	4.76359	0.0550771
XM_054331920.1	4114	3886.29	73.9102	0.855876
XM_054331921.1	4057	3829.29	87.4056	1.02722
XM_054331922.1	4036	3808.29	0	0
XM_054331923.1	4098	3870.29	0.019219	0.000223475
XM_054331924.1	4041	3813.29	0.0206016	0.000243132
XM_054331925.1	4035	3807.29	0.344001	0.00406617
XM_054331926.1	1817	1589.29	0	0
XM_054331927.1	1754	1526.29	0	0
XM_054331928.1	1754	1526.29	0	0
XM_054331929.1	1885	1657.29	0	0
XM_054331930.1	1321	1093.29	0.00381875	0.000157191
XM_054331931.1	1789	1561.29	0	0
XM_054331932.1	3372	3144.29	16.7372	0.239554
XM_054331933.1	4842	4614.29	10.6577	0.103945
XM_054331934.1	1290	1062.29	0.0175566	0.00074377
XM_054331935.1	1254	1026.29	0	0
XM_054331936.1	1205	977.293	17.9809	0.827997
XM_054331937.1	1167	939.293	1.74182	0.0834534
XM_054331938.1	3143	2915.29	0	0
XM_054331939.1	3212	2984.29	0	0
XM_054331940.1	3047	2819.29	1.97911	0.0315916
XM_054331941.1	2938	2710.29	1.13361	0.018823
XM_054331942.1	3262	3034.29	0	0
XM_054331943.1	3066	2838.29	0	0
XM_054331944.1	2928	2700.29	0	0
XM_054331945.1	3160	2932.29	0	0
XM_054331946.1	2856	2628.29	0	0
XM_054331947.1	2261	2033.29	0	0
XM_054331948.1	2273	2045.29	0	0
XM_054331949.1	2290	2062.29	0	0
XM_054331950.1	2209	1981.29	0	0
XM_054331951.1	2189	1961.29	0	0
XM_054331952.1	2204	1976.29	0	0
XM_054331953.1	2192	1964.29	0	0
XM_054331954.1	2133	1905.29	0	0
XM_054331955.1	2108	1880.29	0	0
XM_054331956.1	2320	2092.29	0	0
XM_054331957.1	1821	1593.29	0	0
XM_054331958.1	2722	2494.29	59.7431	1.07791
XM_054331959.1	1652	1424.29	23.8154	0.752491
XM_054331960.1	1515	1287.29	30.6674	1.07211
XM_054331961.1	1922	1694.29	434.689	11.546
XM_054331962.1	1966	1738.29	39.8687	1.03217
XM_054331963.1	1959	1731.29	50.083	1.30185
XM_054331964.1	1691	1463.29	9.63326e-07	2.96268e-08
XM_054331965.1	1786	1558.29	0	0
XM_054331966.1	1724	1496.29	0	0
XM_054331967.1	1042	814.293	239.569	13.2401
XM_054331968.1	1082	854.293	0	0
XM_054331969.1	1136	908.293	0.254811	0.0126251
XM_054331970.1	967	739.293	0	0
XM_054331971.1	1652	1424.29	0	0
XM_054331972.1	1552	1324.29	0	0
XM_054331973.1	1464	1236.29	0	0
XM_054331974.1	4409	4181.29	938.833	10.1046
XM_054331975.1	4490	4262.29	5947.2	62.793
XM_054331976.1	17315	17087.3	3.15206	0.00830162
XM_054331977.1	4077	3849.29	0	0
XM_054331978.1	4758	4530.29	0	0
XM_054331979.1	1554	1326.29	0.248997	0.00844885
XM_054331980.1	2138	1910.29	382.664	9.01487
XM_054331981.1	2238	2010.29	27.5086	0.615816
XM_054331982.1	13885	13657.3	120.847	0.398211
XM_054331983.1	14037	13809.3	0	0
XM_054331984.1	18354	18126.3	27.4995	0.0682744
XM_054331985.1	13943	13715.3	0	0
XM_054331986.1	13841	13613.3	0	0
XM_054331987.1	10115	9887.29	5.51659	0.0251094
XM_054331988.1	10362	10134.3	0	0
XM_054331989.1	10148	9920.29	0	0
XM_054331990.1	10438	10210.3	16.8559	0.0742943
XM_054331991.1	10071	9843.29	0.00151591	6.93067e-06
XM_054331992.1	10196	9968.29	1.98329	0.00895382
XM_054331993.1	10252	10024.3	0.655773	0.00294403
XM_054331994.1	10249	10021.3	0	0
XM_054331995.1	10432	10204.3	3.15506	0.0139145
XM_054331996.1	10435	10207.3	0	0
XM_054331997.1	9994	9766.29	1.21171e-07	5.58356e-10
XM_054331998.1	482	263.537	7.51035	1.28251
XM_054331999.1	482	263.537	7.51035	1.28251
XM_054332000.1	2074	1846.29	793.295	19.3364
XM_054332001.1	2570	2342.29	39.9191	0.766975
XM_054332002.1	2118	1890.29	266.471	6.34399
XM_054332003.1	2447	2219.29	0	0
XM_054332004.1	2349	2121.29	2.06711	0.0438535
XM_054332005.1	1900	1672.29	0.822734	0.0221406
XM_054332006.1	2135	1907.29	0	0
XM_054332007.1	2115	1887.29	6.38559	0.152266
XM_054332008.1	2050	1822.29	1.40827	0.0347785
XM_054332009.1	1265	1037.29	8.98101	0.389642
XM_054332010.1	1199	971.293	0	0
XM_054332011.1	1829	1601.29	44.4693	1.24977
XM_054332012.1	4911	4683.29	40.7243	0.391331
XM_054332013.1	4796	4568.29	17700.6	174.372
XM_054332014.1	1561	1333.29	0.5	0.0168767
XM_054332015.1	5545	5317.29	822.976	6.96528
XM_054332016.1	5942	5714.29	0	0
XM_054332017.1	5948	5720.29	392.12	3.08491
XM_054332018.1	5891	5663.29	32.9781	0.262059
XM_054332019.1	4844	4616.29	647.061	6.30804
XM_054332020.1	5883	5655.29	23.1013	0.183833
XM_054332021.1	5872	5644.29	12.0706	0.0962417
XM_054332022.1	7299	7071.29	121.333	0.772186
XM_054332023.1	5827	5599.29	118.628	0.953443
XM_054332024.1	6213	5985.29	145.779	1.0961
XM_054332025.1	8230	8002.29	114.239	0.642454
XM_054332026.1	1518	1290.29	2.5	0.0871955
XM_054332027.1	3436	3208.29	1.9097	0.0267876
XM_054332028.1	2755	2527.29	0	0
XM_054332029.1	2462	2234.29	0	0
XM_054332030.1	2596	2368.29	2.5903	0.0492218
XM_054332031.1	1721	1493.29	0	0
XM_054332032.1	1821	1593.29	0	0
XM_054332033.1	1730	1502.29	0	0
XM_054332034.1	1691	1463.29	0	0
XM_054332035.1	1640	1412.29	0	0
XM_054332036.1	1561	1333.29	0	0
XM_054332037.1	1632	1404.29	0	0
XM_054332038.1	2539	2311.29	0	0
XM_054332039.1	2743	2515.29	0	0
XM_054332040.1	2680	2452.29	0	0
XM_054332041.1	2375	2147.29	0	0
XM_054332042.1	1721	1493.29	0	0
XM_054332043.1	1767	1539.29	0	0
XM_054332044.1	1302	1074.29	0	0
XM_054332045.1	1608	1380.29	0	0
XM_054332046.1	1308	1080.29	0	0
XM_054332047.1	1721	1493.29	0	0
XM_054332048.1	1767	1539.29	0	0
XM_054332050.1	2539	2311.29	0	0
XM_054332051.1	2680	2452.29	0	0
XM_054332052.1	2375	2147.29	0	0
XM_054332053.1	1721	1493.29	0	0
XM_054332054.1	1601	1373.29	0	0
XM_054332055.1	1721	1493.29	0	0
XM_054332056.1	1179	951.293	0	0
XM_054332057.1	1294	1066.29	0	0
XM_054332058.1	4706	4478.29	180.775	1.81664
XM_054332059.1	3855	3627.29	152.288	1.88941
XM_054332060.1	4486	4258.29	0	0
XM_054332061.1	6709	6481.29	58.1767	0.403952
XM_054332062.1	6337	6109.29	117.037	0.862134
XM_054332063.1	6220	5992.29	64.173	0.481949
XM_054332064.1	8110	7882.29	12.5089	0.0714182
XM_054332065.1	9352	9124.29	22.8163	0.112535
XM_054332066.1	10638	10410.3	16.8434	0.0728129
XM_054332067.1	6165	5937.29	0	0
XM_054332068.1	7433	7205.29	0	0
XM_054332069.1	8884	8656.29	9.53287	0.0495603
XM_054332070.1	6277	6049.29	0	0
XM_054332071.1	6298	6070.29	227.158	1.68407
XM_054332072.1	8365	8137.29	36.1001	0.199651
XM_054332073.1	6355	6127.29	30.2027	0.221829
XM_054332074.1	6771	6543.29	0	0
XM_054332075.1	7927	7699.29	0	0
XM_054332076.1	6714	6486.29	135.195	0.938008
XM_054332077.1	6606	6378.29	0	0
XM_054332078.1	6778	6550.29	0	0
XM_054332079.1	6576	6348.29	0	0
XM_054332080.1	4953	4725.29	623.799	5.94098
XM_054332081.1	4866	4638.29	167.555	1.6257
XM_054332082.1	4803	4575.29	0	0
XM_054332083.1	4254	4026.29	0	0
XM_054332084.1	4316	4088.29	0	0
XM_054332085.1	4313	4085.29	0	0
XM_054332086.1	1587	1359.29	0	0
XM_054332087.1	1490	1262.29	39.0808	1.3933
XM_054332088.1	4350	4122.29	15.1382	0.165263
XM_054332089.1	4241	4013.29	122.539	1.3741
XM_054332090.1	4238	4010.29	40.6482	0.456149
XM_054332091.1	4178	3950.29	2026.29	23.0841
XM_054332092.1	2552	2324.29	0	0
XM_054332093.1	1970	1742.29	0	0
XM_054332094.1	1154	926.293	0	0
XM_054332095.1	1883	1655.29	0	0
XM_054332096.1	885	657.427	0	0
XM_054332097.1	1936	1708.29	0	0
XM_054332098.1	845	617.427	0	0
XM_054332099.1	2666	2438.29	34.4778	0.636349
XM_054332100.1	2526	2298.29	0	0
XM_054332101.1	2549	2321.29	14.8928	0.288728
XM_054332102.1	2377	2149.29	0	0
XM_054332103.1	2287	2059.29	36.7658	0.803466
XM_054332104.1	2426	2198.29	2.86406	0.0586325
XM_054332105.1	1712	1484.29	0	0
XM_054332106.1	1619	1391.29	0	0
XM_054332107.1	1616	1388.29	0	0
XM_054332108.1	1583	1355.29	0	0
XM_054332109.1	1627	1399.29	0	0
XM_054332110.1	1623	1395.29	0	0
XM_054332111.1	1357	1129.29	1.5	0.059776
XM_054332112.1	1528	1300.29	0	0
XM_054332113.1	6089	5861.29	82.4271	0.632876
XM_054332114.1	6155	5927.29	0	0
XM_054332115.1	1936	1708.29	93.4494	2.46182
XM_054332116.1	3482	3254.29	0	0
XM_054332117.1	2862	2634.29	0	0
XM_054332118.1	2850	2622.29	0	0
XM_054332119.1	1998	1770.29	0	0
XM_054332120.1	2938	2710.29	0	0
XM_054332121.1	2296	2068.29	0	0
XM_054332122.1	2653	2425.29	0	0
XM_054332123.1	3028	2800.29	0	0
XM_054332124.1	2670	2442.29	0	0
XM_054332125.1	2602	2374.29	0	0
XM_054332126.1	2679	2451.29	0	0
XM_054332127.1	2346	2118.29	0	0
XM_054332128.1	1750	1522.29	521.532	15.4179
XM_054332129.1	3333	3105.29	0.0531557	0.000770353
XM_054332130.1	3468	3240.29	22.6511	0.314591
XM_054332131.1	3132	2904.29	19.3395	0.299673
XM_054332132.1	950	722.293	13.9017	0.86616
XM_054332133.1	3067	2839.29	0	0
XM_054332134.1	3334	3106.29	0	0
XM_054332135.1	1710	1482.29	0	0
XM_054332136.1	1605	1377.29	0	0
XM_054332137.1	1503	1275.29	0	0
XM_054332138.1	1074	846.293	0	0
XM_054332139.1	2593	2365.29	1300.74	24.7484
XM_054332140.1	5196	4968.29	5.62051	0.0509109
XM_054332141.1	5275	5047.29	0	0
XM_054332142.1	3483	3255.29	0	0
XM_054332143.1	4055	3827.29	1.16719	0.0137244
XM_054332144.1	3252	3024.29	0	0
XM_054332145.1	3354	3126.29	0.737143	0.0106112
XM_054332146.1	2648	2420.29	0	0
XM_054332147.1	753	525.701	0	0
XM_054332148.1	688	461.088	0.5	0.048801
XM_054332149.1	2849	2621.29	0	0
XM_054332150.1	3687	3459.29	38.146	0.496254
XM_054332151.1	3950	3722.29	68.7673	0.831407
XM_054332152.1	4221	3993.29	201.289	2.26846
XM_054332153.1	1166	938.293	73.1183	3.50695
XM_054332154.1	1492	1264.29	119.998	4.27139
XM_054332155.1	1778	1550.29	2.91246	0.0845451
XM_054332156.1	1390	1162.29	4.79023	0.185474
XM_054332157.1	703	475.947	0	0
XM_054332158.1	4622	4394.29	0	0
XM_054332159.1	8263	8035.29	4.10844	0.02301
XM_054332160.1	6545	6317.29	2.22855	0.0158757
XM_054332161.1	2969	2741.29	0	0
XM_054332162.1	1616	1388.29	0	0
XM_054332163.1	4251	4023.29	0	0
XM_054332164.1	4368	4140.29	0	0
XM_054332165.1	2140	1912.29	0	0
XM_054332166.1	779	551.487	1.25957	0.102785
XM_054332167.1	645	418.93	0	0
XM_054332168.1	890	662.427	0	0
XM_054332169.1	1590	1362.29	3.54985	0.117269
XM_054332170.1	1569	1341.29	271.3	9.10264
XM_054332171.1	2399	2171.29	244.233	5.06206
XM_054332172.1	5688	5460.29	899.941	7.41721
XM_054332173.1	6244	6016.29	189.979	1.42108
XM_054332174.1	5786	5558.29	626.349	5.07128
XM_054332175.1	6421	6193.29	149.23	1.08437
XM_054332176.1	5656	5428.29	869.651	7.20982
XM_054332177.1	3012	2784.29	0	0
XM_054332178.1	2320	2092.29	0	0
XM_054332179.1	4835	4607.29	9.95046	0.097194
XM_054332180.1	3505	3277.29	48.2687	0.662816
XM_054332181.1	2711	2483.29	0	0
XM_054332182.1	1993	1765.29	8.22512	0.209685
XM_054332183.1	2150	1922.29	7.76766	0.18185
XM_054332184.1	1729	1501.29	5.28343	0.158377
XM_054332185.1	1804	1576.29	8.34859	0.238352
XM_054332186.1	2030	1802.29	0	0
XM_054332187.1	4471	4243.29	41.8959	0.444335
XM_054332188.1	4354	4126.29	0	0
XM_054332189.1	4530	4302.29	118.479	1.23932
XM_054332190.1	4525	4297.29	133.862	1.40186
XM_054332191.1	4444	4216.29	0	0
XM_054332192.1	2567	2339.29	36.5004	0.70219
XM_054332193.1	2218	1990.29	176.849	3.99878
XM_054332194.1	2207	1979.29	0	0
XM_054332195.1	2123	1895.29	127.918	3.03738
XM_054332196.1	3402	3174.29	9.66691	0.137051
XM_054332197.1	2077	1849.29	12.1145	0.294809
XM_054332198.1	1220	992.293	0	0
XM_054332199.1	1201	973.293	0	0
XM_054332200.1	1141	913.293	73.7066	3.63194
XM_054332201.1	897	669.361	641.546	43.133
XM_054332202.1	1970	1742.29	8.02299	0.207232
XM_054332203.1	1989	1761.29	27.1996	0.694981
XM_054332204.1	1760	1532.29	17.551	0.515468
XM_054332205.1	1872	1644.29	7.08516	0.193916
XM_054332206.1	1666	1438.29	6.86664e-05	2.14852e-06
XM_054332207.1	1501	1273.29	23.4079	0.827325
XM_054332208.1	1662	1434.29	4.94422	0.155132
XM_054332209.1	1272	1044.29	0	0
XM_054332210.1	3850	3622.29	0	0
XM_054332211.1	3842	3614.29	24.0027	0.298867
XM_054332212.1	3321	3093.29	0	0
XM_054332213.1	882	654.427	0	0
XM_054332214.1	2255	2027.29	7.75414	0.172131
XM_054332215.1	1652	1424.29	10.3173	0.325995
XM_054332216.1	1221	993.293	0	0
XM_054332217.1	1221	993.293	0	0
XM_054332218.1	4439	4211.29	29.6494	0.316842
XM_054332219.1	1778	1550.29	4.38716	0.127354
XM_054332220.1	1464	1236.29	1.35028	0.0491523
XM_054332221.1	1511	1283.29	2.25337	0.079022
XM_054332222.1	1044	816.293	0	0
XM_054332223.1	1087	859.293	0	0
XM_054332224.1	1096	868.293	0	0
XM_054332225.1	1076	848.293	0	0
XM_054332226.1	1448	1220.29	0	0
XM_054332227.1	4359	4131.29	87.3403	0.951418
XM_054332228.1	1141	913.293	0	0
XM_054332229.1	1792	1564.29	0	0
XM_054332230.1	1237	1009.29	0	0
XM_054332231.1	1282	1054.29	0	0
XM_054332232.1	2371	2143.29	0	0
XM_054332233.1	542	319.126	0	0
XM_054332234.1	538	315.318	0	0
XM_054332235.1	1789	1561.29	0	0
XM_054332236.1	1000	772.293	0	0
XM_054332237.1	1379	1151.29	0	0
XM_054332238.1	983	755.293	0	0
XM_054332239.1	1038	810.293	0	0
XM_054332240.1	1063	835.293	0	0
XM_054332241.1	5195	4967.29	0	0
XM_054332242.1	4985	4757.29	6.09253	0.0576342
XM_054332243.1	4564	4336.29	0	0
XM_054332244.1	5371	5143.29	0	0
XM_054332245.1	3494	3266.29	0	0
XM_054332246.1	950	722.293	142.077	8.85225
XM_054332247.1	1351	1123.29	184.56	7.39413
XM_054332248.1	5167	4939.29	0	0
XM_054332249.1	5299	5071.29	44.4169	0.394159
XM_054332250.1	646	419.888	22.5197	2.41363
XM_054332251.1	1806	1578.29	0	0
XM_054332252.1	2293	2065.29	0	0
XM_054332253.1	2368	2140.29	0	0
XM_054332254.1	2304	2076.29	0	0
XM_054332255.1	2169	1941.29	12.0869	0.280199
XM_054332256.1	1244	1016.29	0	0
XM_054332257.1	1241	1013.29	0	0
XM_054332258.1	381	176.619	0	0
XM_054332259.1	353	154.998	0	0
XM_054332260.1	1742	1514.29	45.7002	1.35816
XM_054332261.1	6683	6455.29	62.9029	0.438528
XM_054332262.1	1069	841.293	45.6179	2.44022
XM_054332263.1	5518	5290.29	0	0
XM_054332264.1	5615	5387.29	0	0
XM_054332265.1	4104	3876.29	0	0
XM_054332266.1	4181	3953.29	0	0
XM_054332267.1	3985	3757.29	689.373	8.25699
XM_054332268.1	4289	4061.29	0	0
XM_054332269.1	7358	7130.29	63.7287	0.402226
XM_054332270.1	7303	7075.29	27.1701	0.172818
XM_054332271.1	9309	9081.29	1425.19	7.06264
XM_054332272.1	7046	6818.29	0	0
XM_054332273.1	6991	6763.29	0	0
XM_054332274.1	5019	4791.29	0	0
XM_054332275.1	1765	1537.29	499.051	14.6093
XM_054332276.1	5118	4890.29	35.4546	0.326272
XM_054332277.1	4901	4673.29	778.774	7.49947
XM_054332278.1	3327	3099.29	104.635	1.51935
XM_054332279.1	3294	3066.29	22.0311	0.323344
XM_054332280.1	1416	1188.29	0	0
XM_054332281.1	3807	3579.29	236.269	2.97066
XM_054332282.1	3851	3623.29	0	0
XM_054332283.1	1002	774.293	0	0
XM_054332284.1	4134	3906.29	0	0
XM_054332285.1	3874	3646.29	0	0
XM_054332286.1	15501	15273.3	0	0
XM_054332287.1	15396	15168.3	0	0
XM_054332288.1	15339	15111.3	0	0
XM_054332289.1	15183	14955.3	0	0
XM_054332290.1	15126	14898.3	0	0
XM_054332291.1	15126	14898.3	0	0
XM_054332292.1	15120	14892.3	0	0
XM_054332293.1	15042	14814.3	0	0
XM_054332294.1	15042	14814.3	0	0
XM_054332295.1	15042	14814.3	0	0
XM_054332296.1	15027	14799.3	0	0
XM_054332297.1	15009	14781.3	0	0
XM_054332298.1	15009	14781.3	0	0
XM_054332299.1	14931	14703.3	0	0
XM_054332300.1	14922	14694.3	0	0
XM_054332301.1	14922	14694.3	0	0
XM_054332302.1	14922	14694.3	0	0
XM_054332303.1	14898	14670.3	0	0
XM_054332304.1	14847	14619.3	0	0
XM_054332305.1	14847	14619.3	0	0
XM_054332306.1	14847	14619.3	0	0
XM_054332307.1	14847	14619.3	0	0
XM_054332308.1	14847	14619.3	0	0
XM_054332309.1	14847	14619.3	0	0
XM_054332310.1	14847	14619.3	0	0
XM_054332311.1	14841	14613.3	0	0
XM_054332312.1	14885	14657.3	19.729	0.060575
XM_054332313.1	14844	14616.3	0	0
XM_054332314.1	14769	14541.3	0	0
XM_054332315.1	14769	14541.3	0	0
XM_054332316.1	14769	14541.3	0	0
XM_054332317.1	14922	14694.3	0	0
XM_054332318.1	13819	13591.3	294.972	0.976702
XM_054332319.1	4090	3862.29	50.0414	0.583078
XM_054332320.1	4068	3840.29	77.8009	0.911722
XM_054332321.1	3996	3768.29	35.0127	0.418141
XM_054332322.1	3937	3709.29	2.84004	0.0344568
XM_054332323.1	1074	846.293	10.7749	0.572973
XM_054332324.1	1052	824.293	2.57885	0.140795
XM_054332325.1	3615	3387.29	0.0302057	0.000401308
XM_054332326.1	3606	3378.29	1.15934	0.0154439
XM_054332327.1	2914	2686.29	0	0
XM_054332328.1	2842	2614.29	0	0
XM_054332329.1	1129	901.293	375.4	18.7444
XM_054332330.1	817	589.487	3.06702	0.234145
XM_054332331.1	6060	5832.29	1.24134e-05	9.57844e-08
XM_054332332.1	5858	5630.29	0	0
XM_054332333.1	1376	1148.29	2.94312	0.115345
XM_054332334.1	985	757.293	4.98625	0.296314
XM_054332335.1	2105	1877.29	14.9203	0.357675
XM_054332336.1	4583	4355.29	0	0
XM_054332337.1	4392	4164.29	8.6475	0.0934526
XM_054332338.1	1419	1191.29	20.187	0.762598
XM_054332339.1	1003	775.293	0	0
XM_054332340.1	3594	3366.29	0	0
XM_054332341.1	3820	3592.29	0	0
XM_054332342.1	3622	3394.29	0	0
XM_054332343.1	4754	4526.29	21.279	0.211569
XM_054332344.1	3455	3227.29	0	0
XM_054332345.1	3279	3051.29	0	0
XM_054332346.1	1803	1575.29	22.3975	0.639854
XM_054332347.1	1992	1764.29	32.5781	0.830993
XM_054332348.1	1540	1312.29	0	0
XM_054332349.1	2134	1906.29	60.4033	1.42598
XM_054332350.1	1847	1619.29	9.76533	0.271396
XM_054332351.1	917	689.293	80.3555	5.24631
XM_054332352.1	4493	4265.29	0	0
XM_054332353.1	4490	4262.29	0	0
XM_054332354.1	4491	4263.29	0	0
XM_054332355.1	4487	4259.29	0	0
XM_054332356.1	4484	4256.29	0	0
XM_054332357.1	4485	4257.29	0	0
XM_054332358.1	4482	4254.29	0	0
XM_054332359.1	4364	4136.29	0	0
XM_054332360.1	4361	4133.29	0	0
XM_054332361.1	4362	4134.29	0	0
XM_054332362.1	4359	4131.29	0	0
XM_054332363.1	4356	4128.29	0	0
XM_054332364.1	4355	4127.29	0	0
XM_054332365.1	4353	4125.29	0	0
XM_054332366.1	4265	4037.29	0	0
XM_054332367.1	4162	3934.29	0	0
XM_054332368.1	3377	3149.29	1	0.0142899
XM_054332369.1	2432	2204.29	3.40403e-08	6.94971e-10
XM_054332370.1	2533	2305.29	2.01049e-07	3.9248e-09
XM_054332371.1	1341	1113.29	8.36012	0.337944
XM_054332372.1	1662	1434.29	13.2002	0.414176
XM_054332373.1	1557	1329.29	2.35643	0.0797767
XM_054332374.1	1144	916.293	6.91526	0.339638
XM_054332375.1	2358	2130.29	39.978	0.844548
XM_054332376.1	2355	2127.29	0	0
XM_054332377.1	1924	1696.29	0	0
XM_054332378.1	5057	4829.29	0	0
XM_054332379.1	3668	3440.29	11.8078	0.154459
XM_054332380.1	2040	1812.29	49.3468	1.22539
XM_054332381.1	2845	2617.29	0	0
XM_054332382.1	2006	1778.29	164.409	4.16067
XM_054332383.1	2048	1820.29	9.32059	0.230433
XM_054332384.1	1883	1655.29	0	0
XM_054332385.1	1521	1293.29	0	0
XM_054332386.1	3288	3060.29	0	0
XM_054332387.1	3282	3054.29	5.011	0.0738339
XM_054332388.1	5679	5451.29	0	0
XM_054332389.1	9974	9746.29	0.000202785	9.36353e-07
XM_054332390.1	9900	9672.29	6.99959	0.0325676
XM_054332391.1	2895	2667.29	0	0
XM_054332392.1	2090	1862.29	0	0
XM_054332393.1	2046	1818.29	0	0
XM_054332394.1	2423	2195.29	0	0
XM_054332395.1	2393	2165.29	0	0
XM_054332396.1	2068	1840.29	0	0
XM_054332397.1	1681	1453.29	0	0
XM_054332398.1	1484	1256.29	2	0.0716442
XM_054332399.1	1193	965.293	0	0
XM_054332400.1	2871	2643.29	0	0
XM_054332401.1	1535	1307.29	0	0
XM_054332402.1	1506	1278.29	0	0
XM_054332403.1	2729	2501.29	0	0
XM_054332404.1	2505	2277.29	2.08543	0.0412116
XM_054332405.1	2629	2401.29	0	0
XM_054332406.1	2249	2021.29	30.1096	0.670376
XM_054332407.1	7561	7333.29	586.42	3.59876
XM_054332408.1	5821	5593.29	0.00129695	1.04351e-05
XM_054332409.1	5818	5590.29	0	0
XM_054332410.1	5815	5587.29	0.0164432	0.000132443
XM_054332411.1	3270	3042.29	40.4784	0.598777
XM_054332412.1	6439	6211.29	12.6823	0.0918878
XM_054332413.1	6433	6205.29	109.128	0.791436
XM_054332414.1	2616	2388.29	124.936	2.3542
XM_054332415.1	2865	2637.29	22.1747	0.378392
XM_054332416.1	2838	2610.29	22.3779	0.385809
XM_054332417.1	2797	2569.29	0	0
XM_054332418.1	2454	2226.29	66.7747	1.34981
XM_054332419.1	2427	2199.29	0	0
XM_054332420.1	2738	2510.29	0	0
XM_054332421.1	2469	2241.29	0	0
XM_054332422.1	3651	3423.29	0	0
XM_054332423.1	3431	3203.29	0	0
XM_054332424.1	3548	3320.29	0	0
XM_054332425.1	1434	1206.29	0	0
XM_054332426.1	3082	2854.29	5.69381	0.0897732
XM_054332427.1	2711	2483.29	33.1382	0.600542
XM_054332428.1	722	494.802	106.587	9.6943
XM_054332429.1	763	535.541	0	0
XM_054332430.1	1524	1296.29	0	0
XM_054332431.1	1419	1191.29	0	0
XM_054332432.1	9893	9665.29	209.333	0.974687
XM_054332433.1	4333	4105.29	29.544	0.323867
XM_054332434.1	4964	4736.29	980.88	9.32008
XM_054332435.1	6141	5913.29	0	0
XM_054332436.1	1877	1649.29	9.67064	0.263876
XM_054332437.1	4103	3875.29	0	0
XM_054332438.1	3827	3599.29	13.1742	0.164721
XM_054332439.1	2845	2617.29	3.75805	0.0646179
XM_054332440.1	5498	5270.29	0	0
XM_054332441.1	3332	3104.29	0	0
XM_054332442.1	4769	4541.29	0	0
XM_054332443.1	2065	1837.29	3.51855	0.0861841
XM_054332444.1	5477	5249.29	0	0
XM_054332445.1	2710	2482.29	1.28562e-06	2.33078e-08
XM_054332446.1	3317	3089.29	0	0
XM_054332447.1	1074	846.293	0	0
XM_054332448.1	1059	831.293	0	0
XM_054332449.1	1060	832.293	0	0
XM_054332450.1	1048	820.293	0	0
XM_054332451.1	1017	789.293	0	0
XM_054332452.1	1024	796.293	0	0
XM_054332453.1	1021	793.293	13.4807	0.764751
XM_054332454.1	993	765.293	0	0
XM_054332455.1	1008	780.293	0	0
XM_054332456.1	984	756.293	4.74559	0.282385
XM_054332457.1	981	753.293	0	0
XM_054332458.1	978	750.293	0	0
XM_054332459.1	969	741.293	0	0
XM_054332460.1	966	738.293	4.25851	0.25958
XM_054332461.1	960	732.293	0	0
XM_054332462.1	960	732.293	0	0
XM_054332463.1	1296	1068.29	0	0
XM_054332464.1	1080	852.293	0	0
XM_054332465.1	1059	831.293	0	0
XM_054332466.1	1047	819.293	0	0
XM_054332467.1	1038	810.293	0	0
XM_054332468.1	1026	798.293	8.60861	0.485303
XM_054332469.1	1008	780.293	0	0
XM_054332470.1	1342	1114.29	0	0
XM_054332471.1	1382	1154.29	0	0
XM_054332472.1	1213	985.293	0	0
XM_054332473.1	1320	1092.29	0	0
XM_054332474.1	3027	2799.29	8.09814	0.13019
XM_054332475.1	1601	1373.29	42.1299	1.38061
XM_054332476.1	1456	1228.29	409.873	15.0172
XM_054332477.1	5552	5324.29	0	0
XM_054332478.1	5454	5226.29	0	0
XM_054332479.1	5525	5297.29	0	0
XM_054332480.1	5522	5294.29	0	0
XM_054332481.1	5481	5253.29	0	0
XM_054332482.1	4365	4137.29	30.3739	0.33039
XM_054332483.1	5477	5249.29	0	0
XM_054332484.1	5393	5165.29	49.0042	0.426954
XM_054332485.1	5465	5237.29	0	0
XM_054332486.1	5462	5234.29	0	0
XM_054332487.1	5447	5219.29	0	0
XM_054332488.1	5432	5204.29	0	0
XM_054332489.1	5405	5177.29	0	0
XM_054332490.1	5387	5159.29	0	0
XM_054332491.1	5360	5132.29	0	0
XM_054332492.1	5360	5132.29	8.65537	0.0758956
XM_054332493.1	5357	5129.29	314.123	2.75604
XM_054332494.1	5345	5117.29	0	0
XM_054332495.1	5330	5102.29	0	0
XM_054332496.1	5318	5090.29	0	0
XM_054332497.1	5315	5087.29	0	0
XM_054332498.1	5303	5075.29	27.859	0.247028
XM_054332499.1	5247	5019.29	0	0
XM_054332500.1	5244	5016.29	0	0
XM_054332501.1	5270	5042.29	0	0
XM_054332502.1	5243	5015.29	49.1255	0.440812
XM_054332503.1	5169	4941.29	42.6955	0.388851
XM_054332504.1	3669	3441.29	3.63633	0.0475537
XM_054332505.1	5333	5105.29	0	0
XM_054332506.1	4980	4752.29	3.61225	0.0342071
XM_054332507.1	4984	4756.29	6.53955	0.0618759
XM_054332508.1	4827	4599.29	1.59031	0.0155608
XM_054332509.1	4850	4622.29	121.314	1.18112
XM_054332510.1	4693	4465.29	33.5982	0.338617
XM_054332511.1	4869	4641.29	0.03076	0.000298256
XM_054332512.1	4873	4645.29	4.07345	0.0394631
XM_054332513.1	4716	4488.29	0	0
XM_054332514.1	4735	4507.29	0.59541	0.00594487
XM_054332515.1	4739	4511.29	85.5548	0.853465
XM_054332516.1	4582	4354.29	3.97758e-08	4.11097e-10
XM_054332517.1	4827	4599.29	8.98039	0.0878712
XM_054332518.1	4670	4442.29	11.9638	0.1212
XM_054332519.1	3466	3238.29	43.1772	0.60004
XM_054332520.1	4693	4465.29	179.633	1.81042
XM_054332521.1	3284	3056.29	7.04222e-05	1.03695e-06
XM_054332522.1	2363	2135.29	13.3505	0.281373
XM_054332523.1	2285	2057.29	0	0
XM_054332524.1	3073	2845.29	39.6422	0.627008
XM_054332525.1	3280	3052.29	1.20854	0.0178187
XM_054332526.1	2857	2629.29	36.188	0.619395
XM_054332527.1	1671	1443.29	109.745	3.42193
XM_054332528.1	3512	3284.29	0	0
XM_054332529.1	2468	2240.29	0	0
XM_054332530.1	3488	3260.29	0	0
XM_054332531.1	2423	2195.29	0	0
XM_054332532.1	3748	3520.29	0	0
XM_054332533.1	3355	3127.29	7.4748	0.107566
XM_054332534.1	3536	3308.29	0	0
XM_054332535.1	3375	3147.29	0	0
XM_054332536.1	3443	3215.29	2.18432	0.0305729
XM_054332537.1	3258	3030.29	0.282348	0.00419316
XM_054332538.1	3577	3349.29	38.6085	0.518766
XM_054332539.1	3216	2988.29	32.1916	0.484798
XM_054332540.1	3679	3451.29	6.79638	0.0886213
XM_054332541.1	3332	3104.29	0.952465	0.0138079
XM_054332542.1	3147	2919.29	0.107705	0.00166035
XM_054332543.1	3175	2947.29	0.119302	0.00182165
XM_054332544.1	858	630.427	2.09586	0.149613
XM_054332545.1	445	230.083	0	0
XM_054332546.1	3978	3750.29	0	0
XM_054332547.1	3856	3628.29	0	0
XM_054332548.1	3035	2807.29	0	0
XM_054332549.1	2806	2578.29	0	0
XM_054332550.1	2721	2493.29	0	0
XM_054332551.1	1726	1498.29	3.44302	0.103415
XM_054332552.1	3755	3527.29	0	0
XM_054332553.1	3735	3507.29	0	0
XM_054332554.1	3653	3425.29	0	0
XM_054332555.1	4571	4343.29	0	0
XM_054332556.1	3633	3405.29	0	0
XM_054332557.1	4162	3934.29	0	0
XM_054332558.1	4468	4240.29	0	0
XM_054332559.1	4374	4146.29	0	0
XM_054332560.1	2602	2374.29	6.5	0.123203
XM_054332561.1	2872	2644.29	0	0
XM_054332562.1	2740	2512.29	0	0
XM_054332563.1	2957	2729.29	0	0
XM_054332564.1	2739	2511.29	0	0
XM_054332565.1	1893	1665.29	0	0
XM_054332566.1	3647	3419.29	85.7016	1.12796
XM_054332567.1	1654	1426.29	0	0
XM_054332568.1	2082	1854.29	0	0
XM_054332569.1	2716	2488.29	4.8435	0.0875992
XM_054332570.1	2587	2359.29	0	0
XM_054332571.1	8542	8314.29	0	0
XM_054332572.1	1659	1431.29	0	0
XM_054332573.1	1848	1620.29	0	0
XM_054332574.1	1634	1406.29	0	0
XM_054332575.1	3763	3535.29	10.7805	0.137232
XM_054332576.1	3754	3526.29	6.52188e-06	8.32332e-08
XM_054332577.1	3667	3439.29	6.44956	0.0843923
XM_054332578.1	3300	3072.29	0	0
XM_054332579.1	3661	3433.29	0	0
XM_054332580.1	3765	3537.29	6.28068	0.0799057
XM_054332581.1	2784	2556.29	0	0
XM_054332582.1	2493	2265.29	0	0
XM_054332583.1	3498	3270.29	0.00906954	0.000124807
XM_054332584.1	3260	3032.29	106.485	1.58037
XM_054332585.1	3614	3386.29	21.7732	0.289361
XM_054332586.1	3675	3447.29	17.4626	0.227967
XM_054332587.1	3355	3127.29	6.89446	0.0992142
XM_054332588.1	3416	3188.29	5.61767	0.079294
XM_054332589.1	3401	3173.29	0	0
XM_054332590.1	3468	3240.29	0	0
XM_054332591.1	3448	3220.29	0	0
XM_054332592.1	3351	3123.29	118.033	1.70072
XM_054332593.1	3092	2864.29	281.885	4.42891
XM_054332594.1	3205	2977.29	0	0
XM_054332595.1	3781	3553.29	0	0
XM_054332596.1	3585	3357.29	0	0
XM_054332597.1	3379	3151.29	279.73	3.99478
XM_054332598.1	3326	3098.29	1.82343	0.0264855
XM_054332599.1	3522	3294.29	0	0
XM_054332600.1	3635	3407.29	0	0
XM_054332601.1	3554	3326.29	0	0
XM_054332602.1	3358	3130.29	61.0227	0.877302
XM_054332603.1	3148	2920.29	56.9878	0.878209
XM_054332604.1	3219	2991.29	0	0
XM_054332605.1	3710	3482.29	4.72749	0.0610952
XM_054332606.1	3514	3286.29	20.397	0.27932
XM_054332607.1	3485	3257.29	0	0
XM_054332608.1	3449	3221.29	0	0
XM_054332609.1	3012	2784.29	230.324	3.72277
XM_054332610.1	3190	2962.29	27.7082	0.420943
XM_054332611.1	3083	2855.29	23.2764	0.366867
XM_054332612.1	3431	3203.29	0	0
XM_054332613.1	3171	2943.29	1.56337e-08	2.3904e-10
XM_054332614.1	3204	2976.29	0	0
XM_054332615.1	3298	3070.29	0	0
XM_054332616.1	3359	3131.29	0	0
XM_054332617.1	3295	3067.29	0	0
XM_054332618.1	3035	2807.29	0	0
XM_054332619.1	3529	3301.29	0	0
XM_054332620.1	3309	3081.29	0	0
XM_054332621.1	3465	3237.29	0	0
XM_054332622.1	3049	2821.29	0	0
XM_054332623.1	3082	2854.29	0	0
XM_054332624.1	2961	2733.29	0	0
XM_054332625.1	3253	3025.29	0	0
XM_054332626.1	2581	2353.29	0	0
XM_054332627.1	2580	2352.29	0	0
XM_054332628.1	2524	2296.29	0	0
XM_054332629.1	2407	2179.29	0	0
XM_054332630.1	1320	1092.29	0	0
XM_054332631.1	3591	3363.29	27.5507	0.368647
XM_054332632.1	4196	3968.29	0.0622137	0.000705545
XM_054332633.1	3639	3411.29	0	0
XM_054332634.1	4098	3870.29	5.58435	0.0649338
XM_054332635.1	3640	3412.29	11.442	0.150903
XM_054332636.1	3543	3315.29	0	0
XM_054332637.1	3544	3316.29	657.365	8.92063
XM_054332638.1	3448	3220.29	0	0
XM_054332639.1	3357	3129.29	2.0569	0.0295807
XM_054332640.1	3405	3177.29	0	0
XM_054332641.1	3862	3634.29	1.01678	0.0125906
XM_054332642.1	3309	3081.29	0	0
XM_054332643.1	3237	3009.29	32.2891	0.482874
XM_054332644.1	2696	2468.29	0	0
XM_054332645.1	2315	2087.29	0.0155511	0.00033529
XM_054332646.1	2219	1991.29	20.1493	0.455373
XM_054332647.1	1522	1294.29	49.9968	1.73841
XM_054332648.1	1542	1314.29	0	0
XM_054332649.1	1547	1319.29	0	0
XM_054332650.1	1904	1676.29	69.2509	1.85916
XM_054332651.1	1509	1281.29	47.4451	1.66642
XM_054332652.1	1600	1372.29	4.70474e-06	1.54288e-07
XM_054332653.1	1409	1181.29	1.93084	0.0735581
XM_054332654.1	911	683.293	0	0
XM_054332655.1	853	625.427	0	0
XM_054332656.1	830	602.427	0	0
XM_054332657.1	809	581.487	0	0
XM_054332658.1	679	452.316	0	0
XM_054332659.1	638	412.014	0	0
XM_054332660.1	1699	1471.29	1.13508	0.0347191
XM_054332661.1	2560	2332.29	0	0
XM_054332662.1	2453	2225.29	21	0.424692
XM_054332663.1	1988	1760.29	0	0
XM_054332664.1	2014	1786.29	0	0
XM_054332665.1	2024	1796.29	0	0
XM_054332666.1	1364	1136.29	0	0
XM_054332667.1	1262	1034.29	0	0
XM_054332668.1	961	733.293	0	0
XM_054332669.1	879	651.427	6.98144	0.482304
XM_054332670.1	7931	7703.29	0	0
XM_054332671.1	8984	8756.29	0	0
XM_054332672.1	8041	7813.29	0	0
XM_054332673.1	8083	7855.29	0	0
XM_054332674.1	7928	7700.29	0	0
XM_054332675.1	7913	7685.29	0	0
XM_054332676.1	8966	8738.29	36.1974	0.18642
XM_054332677.1	7910	7682.29	0	0
XM_054332678.1	8002	7774.29	0	0
XM_054332679.1	7892	7664.29	0	0
XM_054332680.1	8044	7816.29	0	0
XM_054332681.1	7859	7631.29	0	0
XM_054332682.1	7841	7613.29	0	0
XM_054332683.1	7820	7592.29	0	0
XM_054332684.1	7802	7574.29	0	0
XM_054332685.1	7547	7319.29	20.4484	0.125728
XM_054332686.1	7532	7304.29	5.55965e-05	3.4254e-07
XM_054332687.1	7627	7399.29	13.1213	0.079805
XM_054332688.1	3040	2812.29	30.7466	0.492016
XM_054332689.1	2320	2092.29	0	0
XM_054332690.1	2214	1986.29	28	0.634391
XM_054332691.1	3578	3350.29	53.4179	0.717541
XM_054332692.1	3575	3347.29	3.48287	0.0468259
XM_054332693.1	3569	3341.29	67.7449	0.91244
XM_054332694.1	3566	3338.29	13.1816	0.177699
XM_054332695.1	3566	3338.29	4.4388	0.0598389
XM_054332696.1	3563	3335.29	0.793795	0.0107107
XM_054332697.1	2299	2071.29	0	0
XM_054332698.1	2285	2057.29	7.48819	0.163803
XM_054332699.1	4674	4446.29	0	0
XM_054332700.1	4676	4448.29	0	0
XM_054332701.1	4380	4152.29	0	0
XM_054332702.1	4305	4077.29	0	0
XM_054332703.1	4334	4106.29	24.6783	0.270463
XM_054332704.1	4344	4116.29	0.498399	0.00544896
XM_054332705.1	4922	4694.29	16.6743	0.159853
XM_054332706.1	4050	3822.29	0.24842	0.00292486
XM_054332707.1	1440	1212.29	0	0
XM_054332708.1	4779	4551.29	0	0
XM_054332709.1	4710	4482.29	0	0
XM_054332710.1	4611	4383.29	0	0
XM_054332711.1	4563	4335.29	13.9891	0.145215
XM_054332712.1	7220	6992.29	17.4241	0.112143
XM_054332713.1	4324	4096.29	0	0
XM_054332714.1	4529	4301.29	9.4494	0.0988661
XM_054332715.1	4577	4349.29	0	0
XM_054332716.1	2472	2244.29	4.0688	0.0815885
XM_054332717.1	3102	2874.29	0	0
XM_054332718.1	2758	2530.29	0	0
XM_054332719.1	2855	2627.29	0	0
XM_054332720.1	2545	2317.29	2.49273	0.0484102
XM_054332721.1	2680	2452.29	0	0
XM_054332722.1	2554	2326.29	0	0
XM_054332723.1	1827	1599.29	0	0
XM_054332724.1	2537	2309.29	39.5096	0.769956
XM_054332725.1	2457	2229.29	0	0
XM_054332726.1	2421	2193.29	4.70516	0.0965428
XM_054332727.1	2412	2184.29	16.2493	0.334784
XM_054332728.1	2376	2148.29	14.5681	0.305176
XM_054332729.1	2244	2016.29	21.0702	0.47028
XM_054332730.1	2270	2042.29	0.0206683	0.000455437
XM_054332731.1	2401	2173.29	19.3068	0.399792
XM_054332732.1	2228	2000.29	88.865	1.99931
XM_054332733.1	2409	2181.29	571.971	11.8005
XM_054332734.1	2039	1811.29	0	0
XM_054332735.1	1886	1658.29	0	0
XM_054332736.1	3338	3110.29	0	0
XM_054332737.1	1601	1373.29	0	0
XM_054332738.1	3155	2927.29	0.5	0.00768681
XM_054332739.1	2153	1925.29	0	0
XM_054332740.1	1481	1253.29	0	0
XM_054332741.1	3177	2949.29	0	0
XM_054332742.1	3174	2946.29	0	0
XM_054332743.1	2657	2429.29	0	0
XM_054332744.1	3198	2970.29	0	0
XM_054332745.1	7424	7196.29	0	0
XM_054332746.1	5159	4931.29	5.22992	0.0477283
XM_054332747.1	1486	1258.29	0	0
XM_054332748.1	1517	1289.29	0	0
XM_054332749.1	1321	1093.29	0	0
XM_054332750.1	1291	1063.29	0	0
XM_054332751.1	6005	5777.29	0	0
XM_054332752.1	5933	5705.29	0.0133816	0.000105554
XM_054332753.1	6985	6757.29	0.741099	0.00493567
XM_054332754.1	3389	3161.29	0	0
XM_054332755.1	2495	2267.29	0	0
XM_054332756.1	4989	4761.29	1.15768	0.0109422
XM_054332757.1	4521	4293.29	0	0
XM_054332758.1	6510	6282.29	3.07609	0.0220355
XM_054332759.1	2740	2512.29	0	0
XM_054332760.1	3564	3336.29	3.46897	0.0467928
XM_054332761.1	1370	1142.29	0	0
XM_054332762.1	3534	3306.29	0.5	0.00680567
XM_054332763.1	3396	3168.29	0	0
XM_054332764.1	3823	3595.29	13.5732	0.169899
XM_054332765.1	3811	3583.29	73.7053	0.925675
XM_054332766.1	3811	3583.29	1.1312	0.0142068
XM_054332767.1	3808	3580.29	5.86355	0.0737029
XM_054332768.1	3808	3580.29	0.100101	0.00125824
XM_054332769.1	3799	3571.29	16.0561	0.202328
XM_054332770.1	3796	3568.29	0.602998	0.00760497
XM_054332771.1	3796	3568.29	1.31014e-08	1.65234e-10
XM_054332772.1	3784	3556.29	6.00858e-06	7.60355e-08
XM_054332773.1	3781	3553.29	0.000643838	8.15432e-06
XM_054332774.1	3993	3765.29	43.1716	0.515991
XM_054332775.1	3981	3753.29	4.16006	0.0498803
XM_054332776.1	3978	3750.29	19.6839	0.236204
XM_054332777.1	3978	3750.29	0.435366	0.00522434
XM_054332778.1	3969	3741.29	50.8362	0.611496
XM_054332779.1	3966	3738.29	1.15015e-07	1.3846e-09
XM_054332780.1	3966	3738.29	2.32184	0.0279512
XM_054332781.1	3963	3735.29	0.186224	0.00224364
XM_054332782.1	3954	3726.29	3.85292e-05	4.65324e-07
XM_054332783.1	3954	3726.29	0.500923	0.00604974
XM_054332784.1	3951	3723.29	0.0034865	4.2141e-05
XM_054332785.1	3951	3723.29	0	0
XM_054332786.1	3709	3481.29	2.28816	0.0295793
XM_054332787.1	3706	3478.29	0.188355	0.00243699
XM_054332788.1	3939	3711.29	3.23284e-07	3.92014e-09
XM_054332789.1	3879	3651.29	8.46235	0.1043
XM_054332790.1	3876	3648.29	0.832269	0.0102664
XM_054332791.1	3864	3636.29	4.6661	0.057748
XM_054332792.1	3864	3636.29	0.0663649	0.000821338
XM_054332793.1	3861	3633.29	0.00548865	6.79841e-05
XM_054332794.1	3619	3391.29	6.21097	0.0824207
XM_054332795.1	3616	3388.29	0.494934	0.00657369
XM_054332796.1	3852	3624.29	0.966906	0.0120061
XM_054332797.1	3592	3364.29	0.583273	0.00780226
XM_054332798.1	3789	3561.29	22.2491	0.281156
XM_054332799.1	3786	3558.29	2.12796	0.0269131
XM_054332800.1	3774	3546.29	12.2433	0.155369
XM_054332801.1	3771	3543.29	0.886959	0.0112652
XM_054332802.1	3762	3534.29	2.49844	0.0318133
XM_054332803.1	3747	3519.29	7.64101e-07	9.77097e-09
XM_054332804.1	2976	2748.29	0	0
XM_054332805.1	2808	2580.29	0	0
XM_054332806.1	2370	2142.29	0	0
XM_054332807.1	1813	1585.29	0	0
XM_054332808.1	1035	807.293	0	0
XM_054332809.1	6436	6208.29	160.584	1.16405
XM_054332810.1	6504	6276.29	0.829923	0.00595082
XM_054332811.1	6660	6432.29	47.0132	0.328924
XM_054332812.1	5732	5504.29	32.1506	0.262863
XM_054332813.1	1225	997.293	224.37	10.1247
XM_054332814.1	1938	1710.29	26.1503	0.688094
XM_054332815.1	704	476.947	11.5484	1.08967
XM_054332816.1	1585	1357.29	7.87346	0.261056
XM_054332817.1	6809	6581.29	75.9505	0.519352
XM_054332818.1	6639	6411.29	0	0
XM_054332819.1	6477	6249.29	0	0
XM_054332820.1	6551	6323.29	21.8803	0.155723
XM_054332821.1	6435	6207.29	39.5566	0.286787
XM_054332822.1	6285	6057.29	44.4458	0.330213
XM_054332823.1	6252	6024.29	37.4899	0.28006
XM_054332824.1	6000	5772.29	263.609	2.0552
XM_054332825.1	2047	1819.29	113.216	2.80057
XM_054332826.1	919	691.293	0	0
XM_054332827.1	6072	5844.29	0.00222405	1.71259e-05
XM_054332828.1	6041	5813.29	0.244252	0.00189086
XM_054332829.1	6010	5782.29	725.039	5.64292
XM_054332830.1	5795	5567.29	207.729	1.67917
XM_054332831.1	5216	4988.29	78.7901	0.710824
XM_054332832.1	4610	4382.29	187.82	1.92878
XM_054332833.1	3243	3015.29	0	0
XM_054332834.1	3240	3012.29	0	0
XM_054332835.1	3453	3225.29	0	0
XM_054332836.1	3129	2901.29	0	0
XM_054332837.1	2919	2691.29	0	0
XM_054332838.1	2808	2580.29	1.5	0.0261616
XM_054332839.1	1758	1530.29	0	0
XM_054332840.1	3842	3614.29	0	0
XM_054332841.1	5900	5672.29	22.4575	0.178174
XM_054332842.1	5690	5462.29	0	0
XM_054332843.1	5991	5763.29	2.45802	0.0191936
XM_054332844.1	7932	7704.29	0.000395825	2.31213e-06
XM_054332845.1	5909	5681.29	41.9586	0.332366
XM_054332846.1	5897	5669.29	0.0199844	0.000158637
XM_054332847.1	5891	5663.29	1159.94	9.21744
XM_054332848.1	8571	8343.29	52.8866	0.285266
XM_054332849.1	5967	5739.29	48.5511	0.3807
XM_054332850.1	5690	5462.29	0	0
XM_054332851.1	5879	5651.29	199.193	1.58624
XM_054332852.1	5888	5660.29	52.1819	0.414881
XM_054332853.1	1395	1167.29	172.182	6.63818
XM_054332854.1	1683	1455.29	0	0
XM_054332855.1	1609	1381.29	0	0
XM_054332856.1	835	607.427	0	0
XM_054332857.1	1403	1175.29	0	0
XM_054332858.1	4792	4564.29	0	0
XM_054332859.1	1781	1553.29	0	0
XM_054332860.1	3704	3476.29	0	0
XM_054332861.1	4901	4673.29	0.00366656	3.53084e-05
XM_054332862.1	4898	4670.29	0.00277411	2.67314e-05
XM_054332863.1	5024	4796.29	0	0
XM_054332864.1	7005	6777.29	0	0
XM_054332865.1	5057	4829.29	26.2858	0.244952
XM_054332866.1	4909	4681.29	190.176	1.82824
XM_054332867.1	2980	2752.29	0	0
XM_054332868.1	898	670.361	1.81107	0.121582
XM_054332869.1	1614	1386.29	0	0
XM_054332870.1	3162	2934.29	11.8588	0.181878
XM_054332871.1	3561	3333.29	17.2799	0.233298
XM_054332872.1	5054	4826.29	0	0
XM_054332873.1	1774	1546.29	2136.91	62.1924
XM_054332874.1	3765	3537.29	8.02044	0.10204
XM_054332875.1	4239	4011.29	0	0
XM_054332876.1	4152	3924.29	0	0
XM_054332877.1	4101	3873.29	0	0
XM_054332878.1	4014	3786.29	0	0
XM_054332879.1	4058	3830.29	83.2994	0.978705
XM_054332880.1	3971	3743.29	0	0
XM_054332881.1	3617	3389.29	37.1241	0.492934
XM_054332882.1	3315	3087.29	6.67822e-08	9.73476e-10
XM_054332883.1	3177	2949.29	326.13	4.9764
XM_054332884.1	3309	3081.29	208.579	3.04636
XM_054332885.1	7842	7614.29	6.93879	0.0410107
XM_054332886.1	1077	849.293	0	0
XM_054332887.1	497	277.191	131.485	21.3471
XM_054332888.1	1558	1330.29	56.4028	1.90808
XM_054332889.1	1800	1572.29	12.8354	0.367383
XM_054332890.1	1665	1437.29	0	0
XM_054332891.1	1653	1425.29	26.959	0.851219
XM_054332892.1	1539	1311.29	34.6365	1.18871
XM_054332893.1	1467	1239.29	0	0
XM_054332894.1	1455	1227.29	0	0
XM_054332895.1	1341	1113.29	0	0
XM_054332896.1	1153	925.293	0	0
XM_054332897.1	1138	910.293	0	0
XM_054332898.1	1674	1446.29	9.80917	0.305224
XM_054332899.1	1800	1572.29	0	0
XM_054332900.1	940	712.293	0	0
XM_054332901.1	922	694.293	0	0
XM_054332902.1	1476	1248.29	0	0
XM_054332903.1	1547	1319.29	39.2022	1.33725
XM_054332904.1	2988	2760.29	24.516	0.399703
XM_054332905.1	2128	1900.29	26.7267	0.632945
XM_054332906.1	2340	2112.29	62.2614	1.3265
XM_054332907.1	1542	1314.29	0	0
XM_054332908.1	875	647.427	0	0
XM_054332909.1	945	717.293	0	0
XM_054332910.1	819	591.487	0	0
XM_054332911.1	6949	6721.29	42.4319	0.284107
XM_054332912.1	6752	6524.29	0	0
XM_054332913.1	6749	6521.29	0	0
XM_054332914.1	6698	6470.29	374.932	2.60778
XM_054332915.1	6566	6338.29	0	0
XM_054332916.1	6515	6287.29	41.2481	0.295245
XM_054332917.1	6587	6359.29	0	0
XM_054332918.1	11042	10814.3	0.626019	0.00260514
XM_054332919.1	10442	10214.3	0	0
XM_054332920.1	6625	6397.29	0	0
XM_054332921.1	6531	6303.29	0	0
XM_054332922.1	11039	10811.3	20.5966	0.0857356
XM_054332923.1	10439	10211.3	1.83662e-07	8.09432e-10
XM_054332924.1	6432	6204.29	0	0
XM_054332925.1	6432	6204.29	0	0
XM_054332926.1	6432	6204.29	0	0
XM_054332927.1	6432	6204.29	0	0
XM_054332928.1	6432	6204.29	0	0
XM_054332929.1	6432	6204.29	0	0
XM_054332930.1	6432	6204.29	0	0
XM_054332931.1	6432	6204.29	0	0
XM_054332932.1	6432	6204.29	0	0
XM_054332933.1	6432	6204.29	6.03426	0.0437697
XM_054332934.1	6432	6204.29	0	0
XM_054332935.1	6432	6204.29	0	0
XM_054332936.1	6429	6201.29	0	0
XM_054332937.1	6429	6201.29	0	0
XM_054332938.1	6396	6168.29	0.00839301	6.12344e-05
XM_054332939.1	6393	6165.29	4.16132	0.0303752
XM_054332940.1	6330	6102.29	10.2293	0.0754388
XM_054332941.1	6330	6102.29	0	0
XM_054332942.1	6330	6102.29	0	0
XM_054332943.1	6330	6102.29	0	0
XM_054332944.1	6330	6102.29	0	0
XM_054332945.1	6330	6102.29	0	0
XM_054332946.1	6330	6102.29	0	0
XM_054332947.1	6327	6099.29	0	0
XM_054332948.1	6294	6066.29	0.000114544	8.49749e-07
XM_054332949.1	6294	6066.29	0	0
XM_054332950.1	6291	6063.29	13.6534	0.101339
XM_054332951.1	8000	7772.29	90.3341	0.523052
XM_054332952.1	6228	6000.29	0	0
XM_054332953.1	6228	6000.29	0	0
XM_054332954.1	6228	6000.29	0	0
XM_054332955.1	6228	6000.29	0	0
XM_054332956.1	6225	5997.29	0	0
XM_054332957.1	6126	5898.29	0	0
XM_054332958.1	6126	5898.29	5.32996	0.0406668
XM_054332959.1	6126	5898.29	0	0
XM_054332960.1	6024	5796.29	0	0
XM_054332961.1	5364	5136.29	0.000277059	2.42753e-06
XM_054332962.1	5284	5056.29	0.0215931	0.000192188
XM_054332963.1	5223	4995.29	76.8123	0.692009
XM_054332964.1	5140	4912.29	13.5117	0.123785
XM_054332965.1	5149	4921.29	0.00635876	5.81481e-05
XM_054332966.1	4544	4316.29	0	0
XM_054332967.1	4450	4222.29	0	0
XM_054332968.1	4351	4123.29	0	0
XM_054332969.1	4351	4123.29	0	0
XM_054332970.1	4351	4123.29	0	0
XM_054332971.1	4351	4123.29	2.48154	0.0270844
XM_054332972.1	4315	4087.29	3.53901	0.0389662
XM_054332973.1	4147	3919.29	0	0
XM_054332974.1	4045	3817.29	0	0
XM_054332975.1	3702	3474.29	0.827225	0.0107152
XM_054332976.1	3562	3334.29	2.24196	0.0302598
XM_054332977.1	3604	3376.29	2.08625	0.027808
XM_054332978.1	3672	3444.29	4.01273	0.0524303
XM_054332979.1	3412	3184.29	2.27403	0.0321384
XM_054332980.1	4541	4313.29	33.7579	0.352215
XM_054332981.1	3991	3763.29	7.48648	0.0895266
XM_054332982.1	3680	3452.29	7.4579	0.097219
XM_054332983.1	3476	3248.29	0	0
XM_054332984.1	3638	3410.29	0	0
XM_054332985.1	2667	2439.29	1.51687	0.027985
XM_054332986.1	2573	2345.29	0	0
XM_054332987.1	4930	4702.29	48.6301	0.465412
XM_054332988.1	2896	2668.29	2.53103	0.0426881
XM_054332989.1	1270	1042.29	0	0
XM_054332990.1	1192	964.293	0	0
XM_054332991.1	1171	943.293	0	0
XM_054332992.1	2154	1926.29	0	0
XM_054332993.1	1061	833.293	0	0
XM_054332994.1	938	710.293	0	0
XM_054332995.1	2393	2165.29	4.17063	0.0866817
XM_054332996.1	2589	2361.29	0	0
XM_054332997.1	2751	2523.29	4.0826	0.0728134
XM_054332998.1	4941	4713.29	0	0
XM_054332999.1	4923	4695.29	0	0
XM_054333000.1	1446	1218.29	0	0
XM_054333001.1	2410	2182.29	0	0
XM_054333002.1	7257	7029.29	0	0
XM_054333003.1	2761	2533.29	0	0
XM_054333004.1	2728	2500.29	0	0
XM_054333005.1	2725	2497.29	0	0
XM_054333006.1	2683	2455.29	0	0
XM_054333007.1	2647	2419.29	0	0
XM_054333008.1	2033	1805.29	17.1754	0.428156
XM_054333009.1	7780	7552.29	4.29062	0.0255672
XM_054333010.1	7395	7167.29	0	0
XM_054333011.1	6019	5791.29	0.0984411	0.000764968
XM_054333012.1	4549	4321.29	24.1531	0.251537
XM_054333013.1	4947	4719.29	0	0
XM_054333014.1	4890	4662.29	0	0
XM_054333015.1	4540	4312.29	0	0
XM_054333016.1	3163	2935.29	0	0
XM_054333017.1	3268	3040.29	25.7515	0.381179
XM_054333018.1	3026	2798.29	27.4091	0.440802
XM_054333019.1	2922	2694.29	0	0
XM_054333020.1	2917	2689.29	85.9483	1.43827
XM_054333021.1	2869	2641.29	0	0
XM_054333022.1	2801	2573.29	0	0
XM_054333023.1	2692	2464.29	298.244	5.44656
XM_054333024.1	2905	2677.29	0	0
XM_054333025.1	2796	2568.29	0	0
XM_054333026.1	2664	2436.29	0	0
XM_054333027.1	2659	2431.29	0	0
XM_054333028.1	1464	1236.29	0	0
XM_054333029.1	1215	987.293	0	0
XM_054333030.1	968	740.293	0	0
XM_054333031.1	863	635.427	0	0
XM_054333032.1	1427	1199.29	0	0
XM_054333033.1	1373	1145.29	0	0
XM_054333034.1	767	539.541	0	0
XM_054333035.1	1331	1103.29	0	0
XM_054333036.1	4624	4396.29	28.4436	0.291166
XM_054333037.1	4255	4027.29	57.388	0.641284
XM_054333038.1	4416	4188.29	0.000104499	1.12283e-06
XM_054333039.1	4514	4286.29	0.000123952	1.30141e-06
XM_054333040.1	4584	4356.29	0	0
XM_054333041.1	4118	3890.29	0	0
XM_054333042.1	575	350.386	0	0
XM_054333043.1	3347	3119.29	3.97782	0.0573893
XM_054333044.1	1181	953.293	0	0
XM_054333045.1	1078	850.293	5.20889	0.275688
XM_054333046.1	1096	868.293	0	0
XM_054333047.1	1106	878.293	12.154	0.622761
XM_054333048.1	1030	802.293	24.5331	1.37613
XM_054333049.1	1043	815.293	0	0
XM_054333050.1	970	742.293	3.36626	0.204087
XM_054333051.1	988	760.293	32.6481	1.9325
XM_054333052.1	663	436.717	44.8097	4.61757
XM_054333053.1	894	666.361	0	0
XM_054333054.1	4023	3795.29	0	0
XM_054333055.1	3096	2868.29	0	0
XM_054333056.1	3410	3182.29	0	0
XM_054333057.1	3171	2943.29	0	0
XM_054333058.1	2981	2753.29	0	0
XM_054333059.1	2845	2617.29	0	0
XM_054333060.1	3242	3014.29	0	0
XM_054333061.1	2279	2051.29	0	0
XM_054333062.1	2973	2745.29	0	0
XM_054333063.1	5502	5274.29	0.428653	0.0036575
XM_054333064.1	2917	2689.29	0	0
XM_054333065.1	2777	2549.29	0	0
XM_054333066.1	2976	2748.29	0	0
XM_054333067.1	3381	3153.29	0	0
XM_054333068.1	3216	2988.29	0	0
XM_054333069.1	2823	2595.29	0	0
XM_054333070.1	2774	2546.29	0	0
XM_054333071.1	3937	3709.29	0	0
XM_054333072.1	2983	2755.29	0	0
XM_054333073.1	3216	2988.29	0	0
XM_054333074.1	3096	2868.29	0	0
XM_054333075.1	2942	2714.29	0	0
XM_054333076.1	2894	2666.29	0	0
XM_054333077.1	2820	2592.29	0	0
XM_054333078.1	2833	2605.29	0	0
XM_054333079.1	3003	2775.29	0	0
XM_054333080.1	2702	2474.29	0	0
XM_054333081.1	2748	2520.29	0	0
XM_054333082.1	1310	1082.29	21.7113	0.902784
XM_054333083.1	1071	843.293	0.73538	0.0392442
XM_054333084.1	1259	1031.29	0	0
XM_054333085.1	3301	3073.29	0.00841103	0.000123165
XM_054333086.1	3251	3023.29	0	0
XM_054333087.1	2228	2000.29	0	0
XM_054333088.1	3051	2823.29	0	0
XM_054333089.1	1880	1652.29	1.5859	0.0431947
XM_054333090.1	8268	8040.29	49.9909	0.279809
XM_054333091.1	913	685.293	76.0954	4.99717
XM_054333092.1	2257	2029.29	4.85841	0.107744
XM_054333093.1	1790	1562.29	0	0
XM_054333094.1	4308	4080.29	228.8	2.52352
XM_054333095.1	4063	3835.29	25.9546	0.30455
XM_054333096.1	3888	3660.29	18.9679	0.233209
XM_054333097.1	4004	3776.29	0	0
XM_054333098.1	4151	3923.29	55.7443	0.639429
XM_054333099.1	3919	3691.29	96.6034	1.17776
XM_054333100.1	3001	2773.29	0	0
XM_054333101.1	2981	2753.29	10.0567	0.164379
XM_054333102.1	1551	1323.29	0	0
XM_054333103.1	1097	869.293	0	0
XM_054333104.1	1259	1031.29	0	0
XM_054333105.1	1457	1229.29	0	0
XM_054333106.1	1169	941.293	2.65402	0.126888
XM_054333107.1	1218	990.293	0	0
XM_054333108.1	1423	1195.29	0	0
XM_054333109.1	948	720.293	0	0
XM_054333110.1	7457	7229.29	0	0
XM_054333111.1	4539	4311.29	35.5	0.370564
XM_054333112.1	4782	4554.29	0	0
XM_054333113.1	5704	5476.29	18.2781	0.150206
XM_054333114.1	3551	3323.29	0	0
XM_054333115.1	1498	1270.29	0	0
XM_054333116.1	1459	1231.29	0	0
XM_054333117.1	1443	1215.29	0	0
XM_054333118.1	1741	1513.29	0	0
XM_054333119.1	1569	1341.29	12.6004	0.422767
XM_054333120.1	1528	1300.29	35.3502	1.22347
XM_054333121.1	2003	1775.29	0	0
XM_054333122.1	4720	4492.29	0	0
XM_054333123.1	4960	4732.29	0	0
XM_054333124.1	4672	4444.29	0	0
XM_054333125.1	4654	4426.29	0	0
XM_054333126.1	4894	4666.29	0	0
XM_054333127.1	4248	4020.29	0	0
XM_054333128.1	4490	4262.29	0	0
XM_054333129.1	4424	4196.29	0	0
XM_054333130.1	4350	4122.29	0	0
XM_054333131.1	4594	4366.29	0	0
XM_054333132.1	4302	4074.29	0	0
XM_054333133.1	4284	4056.29	0	0
XM_054333134.1	4235	4007.29	0	0
XM_054333135.1	4480	4252.29	0	0
XM_054333136.1	3878	3650.29	0	0
XM_054333137.1	3811	3583.29	0	0
XM_054333138.1	606	380.649	0	0
XM_054333139.1	3309	3081.29	0	0
XM_054333140.1	1741	1513.29	0.179226	0.0053299
XM_054333141.1	1702	1474.29	54.0852	1.65096
XM_054333142.1	1132	904.293	8.80117	0.437999
XM_054333143.1	5511	5283.29	0.0037588	3.20175e-05
XM_054333144.1	5536	5308.29	5.81084e-06	4.92636e-08
XM_054333145.1	10833	10605.3	8.33891	0.0353858
XM_054333146.1	11394	11166.3	11.2625	0.045391
XM_054333147.1	7280	7052.29	0.116377	0.000742644
XM_054333148.1	9188	8960.29	98.1912	0.493166
XM_054333149.1	5591	5363.29	0	0
XM_054333150.1	1262	1034.29	0	0
XM_054333151.1	1736	1508.29	0	0
XM_054333152.1	1715	1487.29	0	0
XM_054333153.1	485	265.994	0.742326	0.125593
XM_054333154.1	3174	2946.29	0.0341732	0.000521978
XM_054333155.1	1091	863.293	8.38613	0.437165
XM_054333156.1	1037	809.293	0	0
XM_054333157.1	3849	3621.29	0.000111869	1.39023e-06
XM_054333158.1	7380	7152.29	0	0
XM_054333159.1	7334	7106.29	0	0
XM_054333160.1	7397	7169.29	0	0
XM_054333161.1	7317	7089.29	0	0
XM_054333162.1	7270	7042.29	0	0
XM_054333163.1	7316	7088.29	5.68765e-07	3.61105e-09
XM_054333164.1	7236	7008.29	3.25953	0.0209307
XM_054333165.1	4503	4275.29	2.79412	0.0294118
XM_054333166.1	2987	2759.29	0	0
XM_054333167.1	2906	2678.29	0.887519	0.0149129
XM_054333168.1	3234	3006.29	8.04947	0.120498
XM_054333169.1	1970	1742.29	0	0
XM_054333170.1	1779	1551.29	0	0
XM_054333171.1	1078	850.293	0	0
XM_054333172.1	4826	4598.29	0	0
XM_054333173.1	5367	5139.29	1.79513e-06	1.57193e-08
XM_054333174.1	5315	5087.29	112.084	0.991519
XM_054333175.1	5170	4942.29	12.2288	0.111352
XM_054333176.1	5318	5090.29	26.5983	0.235155
XM_054333177.1	5396	5168.29	51.1103	0.445045
XM_054333178.1	5510	5282.29	328.002	2.79445
XM_054333179.1	5170	4942.29	192.962	1.75705
XM_054333180.1	5364	5136.29	1588.87	13.9213
XM_054333181.1	4599	4371.29	1268.45	13.0589
XM_054333182.1	1512	1284.29	66.6929	2.33699
XM_054333183.1	1459	1231.29	104.509	3.81974
XM_054333184.1	4197	3969.29	0	0
XM_054333185.1	815	587.487	1	0.0766027
XM_054333186.1	2594	2366.29	0	0
XM_054333187.1	1641	1413.29	0	0
XM_054333188.1	1763	1535.29	0	0
XM_054333189.1	1510	1282.29	0	0
XM_054333190.1	1971	1743.29	14.6609	0.37847
XM_054333191.1	1419	1191.29	0.000206304	7.79348e-06
XM_054333192.1	1342	1114.29	0	0
XM_054333193.1	3888	3660.29	12.1984	0.149979
XM_054333194.1	4397	4169.29	215.758	2.32888
XM_054333195.1	4247	4019.29	0	0
XM_054333196.1	1194	966.293	51.4998	2.39849
XM_054333197.1	1020	792.293	0	0
XM_054333198.1	1792	1564.29	0	0
XM_054333199.1	3734	3506.29	0	0
XM_054333200.1	4435	4207.29	0	0
XM_054333201.1	4492	4264.29	2.09892	0.0221509
XM_054333202.1	4197	3969.29	0	0
XM_054333203.1	4376	4148.29	0	0
XM_054333204.1	4474	4246.29	0	0
XM_054333205.1	4432	4204.29	0	0
XM_054333206.1	4672	4444.29	0	0
XM_054333207.1	4166	3938.29	0	0
XM_054333208.1	4248	4020.29	0	0
XM_054333209.1	4231	4003.29	0	0
XM_054333210.1	3038	2810.29	0	0
XM_054333211.1	2796	2568.29	0	0
XM_054333212.1	2669	2441.29	0	0
XM_054333213.1	2088	1860.29	0	0
XM_054333214.1	2684	2456.29	0	0
XM_054333215.1	2624	2396.29	0	0
XM_054333216.1	2609	2381.29	0	0
XM_054333217.1	2577	2349.29	0	0
XM_054333218.1	1731	1503.29	0	0
XM_054333219.1	1954	1726.29	4.88844	0.127438
XM_054333220.1	1819	1591.29	0	0
XM_054333221.1	11078	10850.3	248.126	1.02914
XM_054333222.1	10795	10567.3	261.935	1.11551
XM_054333223.1	10262	10034.3	0	0
XM_054333224.1	1141	913.293	0	0
XM_054333225.1	1923	1695.29	0	0
XM_054333226.1	1147	919.293	2.61101	0.127819
XM_054333227.1	1627	1399.29	0	0
XM_054333228.1	1534	1306.29	0	0
XM_054333229.1	1496	1268.29	0	0
XM_054333230.1	904	676.361	0	0
XM_054333231.1	1856	1628.29	0	0
XM_054333232.1	1474	1246.29	0	0
XM_054333233.1	3706	3478.29	0	0
XM_054333234.1	5521	5293.29	0	0
XM_054333235.1	5279	5051.29	0.158063	0.00140822
XM_054333236.1	5150	4922.29	15.168	0.138677
XM_054333237.1	5137	4909.29	38.4875	0.352812
XM_054333238.1	5177	4949.29	0.0083915	7.63025e-05
XM_054333239.1	5299	5071.29	1.68219e-05	1.49279e-07
XM_054333240.1	5272	5044.29	0.0253746	0.000226381
XM_054333241.1	5656	5428.29	0	0
XM_054333242.1	5683	5455.29	0	0
XM_054333243.1	5371	5143.29	0	0
XM_054333244.1	5331	5103.29	1.26096e-07	1.11197e-09
XM_054333245.1	4857	4629.29	0	0
XM_054333246.1	4518	4290.29	47.1925	0.495026
XM_054333247.1	4491	4263.29	8.85711e-07	9.34951e-09
XM_054333248.1	3818	3590.29	0	0
XM_054333249.1	3921	3693.29	75.5507	0.920591
XM_054333250.1	3849	3621.29	18.9985	0.236101
XM_054333251.1	3765	3537.29	0.219282	0.00278981
XM_054333252.1	1559	1331.29	1329.73	44.9501
XM_054333253.1	3943	3715.29	3.02287	0.0366158
XM_054333254.1	5103	4875.29	0	0
XM_054333255.1	1502	1274.29	233.272	8.23827
XM_054333256.1	4322	4094.29	0	0
XM_054333257.1	4576	4348.29	1016.85	10.524
XM_054333258.1	3445	3217.29	0	0
XM_054333259.1	3599	3371.29	0	0
XM_054333260.1	3438	3210.29	0	0
XM_054333261.1	3529	3301.29	0	0
XM_054333262.1	2232	2004.29	0	0
XM_054333263.1	2175	1947.29	0	0
XM_054333264.1	2172	1944.29	0	0
XM_054333265.1	2121	1893.29	0	0
XM_054333266.1	2064	1836.29	0	0
XM_054333267.1	2036	1808.29	0	0
XM_054333268.1	2212	1984.29	0	0
XM_054333269.1	2059	1831.29	0	0
XM_054333270.1	2405	2177.29	0	0
XM_054333271.1	2179	1951.29	0	0
XM_054333272.1	1957	1729.29	0	0
XM_054333273.1	1893	1665.29	0	0
XM_054333274.1	1836	1608.29	0	0
XM_054333275.1	1973	1745.29	0	0
XM_054333276.1	1679	1451.29	0	0
XM_054333277.1	1411	1183.29	0	0
XM_054333278.1	1254	1026.29	0	0
XM_054333279.1	2227	1999.29	0	0
XM_054333280.1	2179	1951.29	2.07148	0.0477749
XM_054333281.1	6061	5833.29	7.31065e-07	5.64007e-09
XM_054333282.1	5942	5714.29	28.215	0.222208
XM_054333283.1	4916	4688.29	0	0
XM_054333284.1	4735	4507.29	0	0
XM_054333285.1	6298	6070.29	0	0
XM_054333286.1	6189	5961.29	0	0
XM_054333287.1	5924	5696.29	21.191	0.167417
XM_054333288.1	6043	5815.29	5.58163e-07	4.31948e-09
XM_054333289.1	4898	4670.29	0	0
XM_054333290.1	4612	4384.29	0	0
XM_054333291.1	6096	5868.29	0	0
XM_054333292.1	5070	4842.29	0	0
XM_054333293.1	6436	6208.29	20.2355	0.146684
XM_054333294.1	6317	6089.29	10.3742	0.0766711
XM_054333295.1	5110	4882.29	0	0
XM_054333296.1	5756	5528.29	24.1875	0.196898
XM_054333297.1	5875	5647.29	2.50484e-07	1.9961e-09
XM_054333298.1	4549	4321.29	0.00889873	9.26738e-05
XM_054333299.1	4730	4502.29	0	0
XM_054333301.1	3127	2899.29	2.60764	0.040476
XM_054333302.1	2984	2756.29	15.7446	0.257068
XM_054333303.1	3124	2896.29	2.0136	0.0312877
XM_054333304.1	11937	11709.3	10.3096	0.0396235
XM_054333305.1	6817	6589.29	0	0
XM_054333306.1	6714	6486.29	0	0
XM_054333307.1	10213	9985.29	149.673	0.674567
XM_054333308.1	7581	7353.29	0	0
XM_054333309.1	5313	5085.29	7.25241	0.0641813
XM_054333310.1	5569	5341.29	0	0
XM_054333311.1	5581	5353.29	0	0
XM_054333312.1	5429	5201.29	0	0
XM_054333313.1	4352	4124.29	0.00175456	1.91452e-05
XM_054333314.1	6993	6765.29	0	0
XM_054333315.1	2174	1946.29	12.4606	0.288121
XM_054333316.1	5003	4775.29	0	0
XM_054333317.1	4999	4771.29	0	0
XM_054333318.1	4985	4757.29	34.8121	0.329315
XM_054333319.1	7265	7037.29	22.0518	0.14102
XM_054333320.1	6808	6580.29	0.022804	0.000155958
XM_054333321.1	4008	3780.29	0.483628	0.00575742
XM_054333322.1	4964	4736.29	0	0
XM_054333323.1	5202	4974.29	0	0
XM_054333324.1	3929	3701.29	0	0
XM_054333325.1	1868	1640.29	46.4351	1.27399
XM_054333326.1	1855	1627.29	0.024471	0.000676751
XM_054333327.1	4076	3848.29	0	0
XM_054333328.1	1120	892.293	0	0
XM_054333329.1	3160	2932.29	154.433	2.37015
XM_054333330.1	3350	3122.29	16.4331	0.236858
XM_054333331.1	2471	2243.29	0	0
XM_054333332.1	917	689.293	0	0
XM_054333333.1	3174	2946.29	0	0
XM_054333334.1	3100	2872.29	0	0
XM_054333335.1	696	468.994	0	0
XM_054333336.1	717	489.852	0	0
XM_054333337.1	1741	1513.29	0	0
XM_054333338.1	1746	1518.29	0	0
XM_054333339.1	1943	1715.29	0	0
XM_054333340.1	2129	1901.29	0	0
XM_054333341.1	1741	1513.29	0	0
XM_054333342.1	1932	1704.29	0	0
XM_054333343.1	2129	1901.29	0	0
XM_054333344.1	1906	1678.29	0	0
XM_054333345.1	1994	1766.29	6.46885	0.164819
XM_054333346.1	9845	9617.29	9.25043	0.0432864
XM_054333347.1	4726	4498.29	0	0
XM_054333348.1	4785	4557.29	0	0
XM_054333349.1	4723	4495.29	0	0
XM_054333350.1	4642	4414.29	0	0
XM_054333351.1	4639	4411.29	0	0
XM_054333352.1	4636	4408.29	0	0
XM_054333353.1	4633	4405.29	0	0
XM_054333354.1	4630	4402.29	0	0
XM_054333355.1	4627	4399.29	0	0
XM_054333356.1	4591	4363.29	0.00104579	1.07863e-05
XM_054333357.1	4549	4321.29	0	0
XM_054333358.1	4543	4315.29	0	0
XM_054333359.1	4540	4312.29	0	0
XM_054333360.1	4537	4309.29	0	0
XM_054333361.1	4531	4303.29	0	0
XM_054333362.1	4507	4279.29	0	0
XM_054333363.1	4504	4276.29	5.7357	0.0603617
XM_054333364.1	4504	4276.29	0	0
XM_054333365.1	4495	4267.29	0.00220032	2.32047e-05
XM_054333366.1	4453	4225.29	0	0
XM_054333367.1	4420	4192.29	0	0
XM_054333368.1	4417	4189.29	3.53386	0.0379622
XM_054333369.1	4414	4186.29	0	0
XM_054333370.1	4414	4186.29	2.60905	0.0280475
XM_054333371.1	4411	4183.29	0	0
XM_054333372.1	4408	4180.29	14.2389	0.15329
XM_054333373.1	4467	4239.29	0	0
XM_054333374.1	4408	4180.29	0	0
XM_054333375.1	4405	4177.29	18.1329	0.195351
XM_054333376.1	4399	4171.29	0	0
XM_054333377.1	4396	4168.29	0	0
XM_054333378.1	4396	4168.29	0	0
XM_054333379.1	4327	4099.29	0	0
XM_054333380.1	4324	4096.29	0	0
XM_054333381.1	4321	4093.29	8.94302	0.0983227
XM_054333382.1	4318	4090.29	6.5368	0.0719205
XM_054333383.1	4312	4084.29	0	0
XM_054333384.1	4300	4072.29	0	0
XM_054333385.1	4297	4069.29	0	0
XM_054333386.1	4237	4009.29	6.87322	0.0771498
XM_054333387.1	4222	3994.29	0	0
XM_054333388.1	4219	3991.29	0	0
XM_054333389.1	4219	3991.29	0	0
XM_054333390.1	4213	3985.29	0	0
XM_054333391.1	4210	3982.29	0	0
XM_054333392.1	4123	3895.29	0	0
XM_054333393.1	1114	886.293	7.62019	0.386929
XM_054333394.1	1025	797.293	28.2244	1.59312
XM_054333395.1	1036	808.293	3.21537	0.179021
XM_054333396.1	1113	885.293	0.00706813	0.000359302
XM_054333397.1	754	526.701	0	0
XM_054333398.1	675	448.496	20.1822	2.02513
XM_054333399.1	1898	1670.29	0	0
XM_054333400.1	1798	1570.29	44.8655	1.2858
XM_054333401.1	2719	2491.29	0.551925	0.00997005
XM_054333402.1	2680	2452.29	0.0125218	0.000229792
XM_054333403.1	2677	2449.29	0.38112	0.00700266
XM_054333404.1	2704	2476.29	471.201	8.5634
XM_054333405.1	2665	2437.29	15.606	0.288155
XM_054333406.1	2238	2010.29	6.97635	0.156175
XM_054333407.1	2140	1912.29	10.3246	0.242975
XM_054333408.1	2422	2194.29	30.9228	0.634199
XM_054333409.1	2223	1995.29	88.8312	2.00355
XM_054333410.1	2181	1953.29	62.833	1.44765
XM_054333411.1	2155	1927.29	20.367	0.475579
XM_054333412.1	3337	3109.29	135.488	1.96102
XM_054333413.1	1154	926.293	0	0
XM_054333414.1	1177	949.293	0	0
XM_054333415.1	1159	931.293	0	0
XM_054333416.1	1150	922.293	0	0
XM_054333417.1	1190	962.293	0	0
XM_054333418.1	1172	944.293	0	0
XM_054333419.1	1154	926.293	0	0
XM_054333420.1	1190	962.293	0	0
XM_054333421.1	1172	944.293	0	0
XM_054333422.1	1172	944.293	0	0
XM_054333423.1	1154	926.293	0	0
XM_054333424.1	1269	1041.29	0	0
XM_054333425.1	1134	906.293	0	0
XM_054333426.1	1721	1493.29	0	0
XM_054333427.1	1767	1539.29	0	0
XM_054333428.1	1302	1074.29	0	0
XM_054333429.1	1632	1404.29	0	0
XM_054333430.1	1721	1493.29	0	0
XM_054333431.1	1721	1493.29	0	0
XM_054333432.1	1294	1066.29	0	0
XM_054333433.1	1721	1493.29	0	0
XM_054333434.1	1632	1404.29	0	0
XM_054333435.1	1338	1110.29	0	0
XM_054333436.1	813	585.487	0	0
XM_054333437.1	1721	1493.29	0	0
XM_054333438.1	1767	1539.29	0	0
XM_054333439.1	1302	1074.29	0	0
XM_054333440.1	1721	1493.29	0	0
XM_054333441.1	1294	1066.29	0	0
XM_054333442.1	1721	1493.29	0	0
XM_054333443.1	1134	906.293	0	0
XM_054333444.1	1307	1079.29	0	0
XM_054333445.1	1301	1073.29	0	0
XM_054333446.1	1767	1539.29	0	0
XM_054333447.1	1302	1074.29	0	0
XM_054333448.1	1294	1066.29	0	0
XM_054333449.1	1721	1493.29	0	0
XM_054333450.1	1632	1404.29	0	0
XM_054333451.1	1338	1110.29	0	0
XM_054333452.1	1721	1493.29	0	0
XM_054333453.1	813	585.487	0	0
XM_054333454.1	1721	1493.29	0	0
XM_054333455.1	1767	1539.29	0	0
XM_054333456.1	1302	1074.29	0	0
XM_054333457.1	1294	1066.29	0	0
XM_054333458.1	2539	2311.29	0	0
XM_054333459.1	2743	2515.29	0	0
XM_054333460.1	2680	2452.29	0	0
XM_054333461.1	2375	2147.29	0	0
XM_054333462.1	1721	1493.29	0	0
XM_054333463.1	1721	1493.29	0	0
XM_054333464.1	2539	2311.29	0	0
XM_054333465.1	2743	2515.29	0	0
XM_054333466.1	2680	2452.29	0	0
XM_054333467.1	2375	2147.29	0	0
XM_054333468.1	1721	1493.29	0	0
XM_054333469.1	1134	906.293	0	0
XM_054333470.1	2539	2311.29	0	0
XM_054333471.1	2743	2515.29	0	0
XM_054333472.1	2680	2452.29	0	0
XM_054333473.1	2375	2147.29	0	0
XM_054333474.1	1721	1493.29	0	0
XM_054333475.1	1767	1539.29	0	0
XM_054333476.1	1302	1074.29	0	0
XM_054333477.1	1632	1404.29	0	0
XM_054333478.1	2539	2311.29	0	0
XM_054333479.1	2743	2515.29	0	0
XM_054333480.1	2680	2452.29	0	0
XM_054333481.1	2375	2147.29	0	0
XM_054333482.1	1721	1493.29	0	0
XM_054333483.1	1761	1533.29	0	0
XM_054333484.1	2539	2311.29	0	0
XM_054333485.1	2743	2515.29	0	0
XM_054333486.1	2680	2452.29	0	0
XM_054333487.1	2375	2147.29	0	0
XM_054333488.1	1721	1493.29	0	0
XM_054333489.1	1294	1066.29	0	0
XM_054333490.1	2539	2311.29	0	0
XM_054333491.1	2743	2515.29	0	0
XM_054333492.1	2680	2452.29	0	0
XM_054333493.1	2375	2147.29	0	0
XM_054333494.1	1721	1493.29	0	0
XM_054333495.1	1307	1079.29	0	0
XM_054333496.1	1301	1073.29	0	0
XM_054333497.1	1721	1493.29	0	0
XM_054333498.1	1338	1110.29	0	0
XM_054333499.1	1294	1066.29	0	0
XM_054333500.1	1721	1493.29	0	0
XM_054333501.1	1632	1404.29	0	0
XM_054333502.1	1338	1110.29	0	0
XM_054333503.1	1721	1493.29	0	0
XM_054333504.1	1134	906.293	0	0
XM_054333505.1	1307	1079.29	0	0
XM_054333506.1	1301	1073.29	0	0
XM_054333507.1	1767	1539.29	0	0
XM_054333508.1	1302	1074.29	0	0
XM_054333509.1	1294	1066.29	0	0
XM_054333510.1	1785	1557.29	0	0
XM_054333511.1	1761	1533.29	0	0
XM_054333512.1	2389	2161.29	0	0
XM_054333513.1	2288	2060.29	0	0
XM_054333514.1	2386	2158.29	0	0
XM_054333515.1	2386	2158.29	0	0
XM_054333516.1	2386	2158.29	0	0
XM_054333517.1	2383	2155.29	0	0
XM_054333518.1	2383	2155.29	0	0
XM_054333519.1	2380	2152.29	0	0
XM_054333520.1	2353	2125.29	0	0
XM_054333521.1	2350	2122.29	0	0
XM_054333522.1	2347	2119.29	0	0
XM_054333523.1	1982	1754.29	0	0
XM_054333524.1	3524	3296.29	8.26212	0.1128
XM_054333525.1	2600	2372.29	0	0
XM_054333526.1	2292	2064.29	0	0
XM_054333527.1	4523	4295.29	0	0
XM_054333528.1	4119	3891.29	0	0
XM_054333529.1	1899	1671.29	0	0
XM_054333530.1	1881	1653.29	0	0
XM_054333531.1	3876	3648.29	0	0
XM_054333532.1	3669	3441.29	0	0
XM_054333533.1	3887	3659.29	0	0
XM_054333534.1	3632	3404.29	0	0
XM_054333535.1	3705	3477.29	0	0
XM_054333536.1	3471	3243.29	0	0
XM_054333537.1	1863	1635.29	38.2783	1.05341
XM_054333538.1	1129	901.293	241.597	12.0634
XM_054333539.1	1148	920.293	0	0
XM_054333540.1	1351	1123.29	0	0
XM_054333541.1	1261	1033.29	0	0
XM_054333542.1	1329	1101.29	0	0
XM_054333543.1	1168	940.293	0	0
XM_054333544.1	1057	829.293	0	0
XM_054333545.1	596	370.951	0	0
XM_054333546.1	6252	6024.29	0	0
XM_054333547.1	6249	6021.29	0	0
XM_054333548.1	6216	5988.29	0	0
XM_054333549.1	6165	5937.29	0	0
XM_054333550.1	2193	1965.29	0	0
XM_054333551.1	5047	4819.29	1.70661e-06	1.59365e-08
XM_054333552.1	4996	4768.29	3.68722	0.0348
XM_054333553.1	913	685.293	0	0
XM_054333554.1	767	539.541	233.77	19.4987
XM_054333555.1	2872	2644.29	0	0
XM_054333556.1	2875	2647.29	0	0
XM_054333557.1	2869	2641.29	0	0
XM_054333558.1	2872	2644.29	0	0
XM_054333559.1	3589	3361.29	0	0
XM_054333560.1	5821	5593.29	0	0
XM_054333561.1	3391	3163.29	0	0
XM_054333562.1	3388	3160.29	0	0
XM_054333563.1	3391	3163.29	0	0
XM_054333564.1	2821	2593.29	0	0
XM_054333565.1	2824	2596.29	0	0
XM_054333566.1	3540	3312.29	0	0
XM_054333567.1	5770	5542.29	0	0
XM_054333568.1	2821	2593.29	0	0
XM_054333569.1	5766	5538.29	0	0
XM_054333570.1	3324	3096.29	5.49733	0.079901
XM_054333571.1	3536	3308.29	0	0
XM_054333572.1	2517	2289.29	0	0
XM_054333573.1	3709	3481.29	5.43622	0.0702746
XM_054333574.1	531	308.697	0	0
XM_054333575.1	599	373.876	0.543299	0.0653964
XM_054333576.1	2190	1962.29	0	0
XM_054333577.1	2199	1971.29	0.64952	0.014828
XM_054333578.1	2114	1886.29	45.1354	1.07684
XM_054333579.1	1093	865.293	0	0
XM_054333580.1	1534	1306.29	0.202263	0.00696815
XM_054333581.1	795	567.487	0	0
XM_054333582.1	4289	4061.29	0	0
XM_054333583.1	4286	4058.29	0	0
XM_054333584.1	4286	4058.29	0	0
XM_054333585.1	4283	4055.29	0	0
XM_054333586.1	4216	3988.29	0	0
XM_054333587.1	3575	3347.29	0	0
XM_054333588.1	4213	3985.29	0	0
XM_054333589.1	4213	3985.29	0	0
XM_054333590.1	3499	3271.29	0	0
XM_054333591.1	4210	3982.29	0	0
XM_054333592.1	2906	2678.29	0	0
XM_054333593.1	2903	2675.29	0	0
XM_054333594.1	2332	2104.29	0	0
XM_054333595.1	2389	2161.29	0	0
XM_054333596.1	2288	2060.29	0	0
XM_054333597.1	2386	2158.29	0	0
XM_054333598.1	2386	2158.29	0	0
XM_054333599.1	2386	2158.29	0	0
XM_054333600.1	2383	2155.29	0	0
XM_054333601.1	2383	2155.29	0	0
XM_054333602.1	2383	2155.29	0	0
XM_054333603.1	2380	2152.29	0	0
XM_054333604.1	2353	2125.29	0	0
XM_054333605.1	2350	2122.29	0	0
XM_054333606.1	2347	2119.29	0	0
XM_054333607.1	2344	2116.29	0	0
XM_054333608.1	1381	1153.29	0	0
XM_054333609.1	1982	1754.29	0	0
XM_054333610.1	1367	1139.29	0	0
XM_054333611.1	1277	1049.29	0	0
XM_054333612.1	980	752.293	0	0
XM_054333613.1	3524	3296.29	8.26212	0.1128
XM_054333614.1	2600	2372.29	0	0
XM_054333615.1	2581	2353.29	0	0
XM_054333616.1	2292	2064.29	0	0
XM_054333617.1	2638	2410.29	0	0
XM_054333618.1	5806	5578.29	60.2507	0.486075
XM_054333619.1	5788	5560.29	448.502	3.63002
XM_054333620.1	5792	5564.29	821.258	6.6422
XM_054333621.1	5699	5471.29	50.5417	0.415721
XM_054333622.1	3654	3426.29	767.4	10.0795
XM_054333623.1	3634	3406.29	36.5855	0.483359
XM_054333624.1	3543	3315.29	0	0
XM_054333625.1	3547	3319.29	0	0
XM_054333626.1	3523	3295.29	0	0
XM_054333627.1	1899	1671.29	0	0
XM_054333628.1	1881	1653.29	0	0
XM_054333629.1	3876	3648.29	0	0
XM_054333630.1	3669	3441.29	0	0
XM_054333631.1	3887	3659.29	0	0
XM_054333632.1	3632	3404.29	0	0
XM_054333633.1	3705	3477.29	0	0
XM_054333634.1	3471	3243.29	0	0
XM_054333635.1	2539	2311.29	0	0
XM_054333636.1	2680	2452.29	0	0
XM_054333637.1	2375	2147.29	0	0
XM_054333638.1	2185	1957.29	0	0
XM_054333639.1	1863	1635.29	38.2783	1.05341
XM_054333640.1	1148	920.293	0	0
XM_054333641.1	1351	1123.29	0	0
XM_054333642.1	1261	1033.29	0	0
XM_054333643.1	1329	1101.29	0	0
XM_054333644.1	1168	940.293	0	0
XM_054333645.1	1057	829.293	0	0
XM_054333646.1	596	370.951	0	0
XM_054333647.1	1721	1493.29	0	0
XM_054333648.1	6252	6024.29	0	0
XM_054333649.1	6249	6021.29	0	0
XM_054333650.1	6216	5988.29	0	0
XM_054333651.1	2193	1965.29	0	0
XM_054333652.1	5047	4819.29	1.70661e-06	1.59365e-08
XM_054333653.1	629	403.218	0	0
XM_054333654.1	913	685.293	0	0
XM_054333655.1	880	652.427	1.82069	0.125587
XM_054333656.1	2875	2647.29	0	0
XM_054333657.1	2872	2644.29	0	0
XM_054333658.1	3355	3127.29	2.09043	0.0300822
XM_054333659.1	2869	2641.29	0	0
XM_054333660.1	2872	2644.29	0	0
XM_054333661.1	3589	3361.29	0	0
XM_054333662.1	3391	3163.29	0	0
XM_054333663.1	3388	3160.29	0	0
XM_054333664.1	3391	3163.29	0	0
XM_054333665.1	2821	2593.29	0	0
XM_054333666.1	2824	2596.29	0	0
XM_054333667.1	3540	3312.29	0	0
XM_054333668.1	7620	7392.29	0	0
XM_054333669.1	2821	2593.29	0	0
XM_054333670.1	5766	5538.29	0	0
XM_054333671.1	3324	3096.29	5.49733	0.079901
XM_054333672.1	3536	3308.29	0	0
XM_054333673.1	2517	2289.29	0	0
XM_054333674.1	3709	3481.29	5.43622	0.0702746
XM_054333675.1	3712	3484.29	1.28731	0.0166268
XM_054333676.1	531	308.697	0	0
XM_054333677.1	599	373.876	0.543299	0.0653964
XM_054333678.1	2190	1962.29	0	0
XM_054333679.1	2199	1971.29	0.64952	0.014828
XM_054333680.1	2114	1886.29	45.1354	1.07684
XM_054333681.1	1093	865.293	0	0
XM_054333682.1	795	567.487	0	0
XM_054333683.1	795	567.487	0	0
XM_060077549.1	1587	1359.29	0	0
XM_060077550.1	1587	1359.29	0	0
XM_060077551.1	1587	1359.29	0	0
XM_060077552.1	1587	1359.29	0	0
XM_067756347.1	1007	779.293	0	0
XM_373030.12	10459	10231.3	0	0
XR_001736914.1	859	631.427	53.0533	3.78121
XR_001736915.1	915	687.293	42.3456	2.77273
XR_001736931.1	1222	994.293	0	0
XR_001736952.3	4908	4680.29	0	0
XR_001736964.3	35985	35757.3	27.4366	0.0345309
XR_001736965.3	6856	6628.29	7.0946	0.0481691
XR_001736967.3	2521	2293.29	0	0
XR_001736968.3	8939	8711.29	5.56045	0.0287256
XR_001736973.3	3037	2809.29	49.4162	0.791616
XR_001736983.2	2845	2617.29	126.547	2.17592
XR_001737006.1	1535	1307.29	0	0
XR_001737014.2	783	555.487	39.0859	3.16656
XR_001737015.2	1428	1200.29	0	0
XR_001737019.2	5419	5191.29	0	0
XR_001737023.3	2307	2079.29	0	0
XR_001737025.2	683	456.134	86.8793	8.57169
XR_001737026.2	3794	3566.29	0	0
XR_001737062.2	633	407.137	0	0
XR_001737064.2	15117	14889.3	1.16173	0.00351135
XR_001737080.2	8427	8199.29	43.7635	0.240202
XR_001737095.2	4507	4279.29	0	0
XR_001737096.2	3939	3711.29	1.49387	0.0181147
XR_001737099.2	3392	3164.29	0	0
XR_001737123.2	2370	2142.29	0	0
XR_001737124.2	2278	2050.29	0	0
XR_001737125.3	2148	1920.29	0	0
XR_001737126.1	1811	1583.29	0	0
XR_001737127.1	1778	1550.29	0	0
XR_001737140.2	1797	1569.29	0	0
XR_001737141.2	1779	1551.29	0	0
XR_001737149.3	2816	2588.29	0	0
XR_001737151.3	2619	2391.29	0	0
XR_001737156.2	2843	2615.29	0	0
XR_001737159.3	1943	1715.29	5.49552	0.144183
XR_001737161.3	1831	1603.29	0	0
XR_001737193.3	2933	2705.29	1	0.0166352
XR_001737195.2	3116	2888.29	0	0
XR_001737196.3	3049	2821.29	0	0
XR_001737199.2	3147	2919.29	0	0
XR_001737201.3	3144	2916.29	0	0
XR_001737208.3	4073	3845.29	60.4001	0.706888
XR_001737253.2	2065	1837.29	0	0
XR_001737254.2	2880	2652.29	0	0
XR_001737289.2	598	372.913	0	0
XR_001737316.3	3458	3230.29	14.3836	0.200386
XR_001737362.2	1020	792.293	3.95497	0.224647
XR_001737398.3	1377	1149.29	9.72203	0.380687
XR_001737401.2	1845	1617.29	3.20116	0.0890762
XR_001737403.2	1166	938.293	0	0
XR_001737404.2	1147	919.293	0	0
XR_001737407.3	1635	1407.29	0	0
XR_001737430.2	4462	4234.29	70.5988	0.750341
XR_001737477.2	1328	1100.29	17.0855	0.698815
XR_001737504.2	2689	2461.29	15.7246	0.287513
XR_001737514.3	4319	4091.29	0	0
XR_001737517.3	3792	3564.29	0	0
XR_001737544.2	4442	4214.29	2.55573	0.0272919
XR_001737547.3	4880	4652.29	0	0
XR_001737579.3	2051	1823.29	0	0
XR_001737607.3	1674	1446.29	0.519074	0.0161516
XR_001737608.3	2070	1842.29	16.3013	0.398204
XR_001737610.2	50707	50479.3	0	0
XR_001737611.2	49070	48842.3	21.6548	0.0199527
XR_001737612.2	322	132.775	0	0
XR_001737616.2	446	230.915	0	0
XR_001737618.2	351	153.209	0	0
XR_001737631.2	785	557.487	243	19.6162
XR_001737632.3	3700	3472.29	7.43763	0.0963963
XR_001737633.3	7797	7569.29	0	0
XR_001737634.2	607	381.611	0	0
XR_001737646.2	15212	14984.3	0	0
XR_001737649.2	2777	2549.29	0	0
XR_001737651.2	2233	2005.29	0	0
XR_001737665.2	631	405.178	0	0
XR_001737669.2	365	164.195	0	0
XR_001737670.2	11662	11434.3	4.80642	0.0189171
XR_001737671.3	11344	11116.3	0	0
XR_001737673.2	369	167.159	0	0
XR_001737674.2	277	102.552	0	0
XR_001737675.3	1699	1471.29	2.01328	0.0615811
XR_001737676.1	252	87.2826	0	0
XR_001737677.2	2054	1826.29	0	0
XR_001737682.2	897	669.361	0	0
XR_001737683.2	3945	3717.29	13.0611	0.158123
XR_001737706.2	2048	1820.29	0	0
XR_001737707.2	2102	1874.29	0	0
XR_001737708.2	1237	1009.29	0	0
XR_001737711.2	4365	4137.29	31.3945	0.341491
XR_001737728.2	3895	3667.29	38.2553	0.469449
XR_001737741.3	1314	1086.29	0	0
XR_001737742.2	749	521.701	0	0
XR_001737747.2	3190	2962.29	0	0
XR_001737748.2	3082	2854.29	0	0
XR_001737754.2	1647	1419.29	0	0
XR_001737758.2	901	673.361	2.65416	0.177387
XR_001737760.3	136	27.1284	0	0
XR_001737761.2	1179	951.293	0	0
XR_001737763.1	489	269.721	0	0
XR_001737765.2	3710	3482.29	0	0
XR_001737778.2	1450	1222.29	0	0
XR_001737779.2	693	466.041	0	0
XR_001737785.1	605	379.687	0	0
XR_001737786.1	1474	1246.29	0	0
XR_001737787.1	1180	952.293	0	0
XR_001737788.2	1568	1340.29	0	0
XR_001737789.1	690	463.088	0	0
XR_001737792.1	373	170.281	0	0
XR_001737793.1	411	201.028	0	0
XR_001737794.1	311	124.914	0	0
XR_001737795.1	454	237.87	1	0.189192
XR_001737796.1	722	494.802	0	0
XR_001737798.2	931	703.293	0	0
XR_001737799.2	416	205.291	0	0
XR_001737800.2	3862	3634.29	0	0
XR_001737801.2	507	286.472	0	0
XR_001737802.1	1489	1261.29	1.00524	0.0358669
XR_001737803.1	361	161.348	0	0
XR_001737804.2	702	474.947	0	0
XR_001737805.1	620	394.338	0	0
XR_001737807.2	918	690.293	0	0
XR_001737808.2	539	316.223	0	0
XR_001737809.1	344	148.132	0	0
XR_001737811.1	447	231.819	0	0
XR_001737813.2	327	136.154	0	0
XR_001737815.2	193	54.7097	0	0
XR_001737816.3	566	341.699	0	0
XR_001737817.2	286	108.57	0	0
XR_001737818.1	496	276.219	0	0
XR_001737819.1	335	141.797	0	0
XR_001737820.2	503	282.705	0	0
XR_001737821.1	585	360.171	0	0
XR_001737822.1	1002	774.293	0	0
XR_001737823.1	453	236.993	0	0
XR_001737824.1	615	389.417	0	0
XR_001737825.2	918	690.293	0	0
XR_001737826.2	394	187.168	0	0
XR_001737827.3	2290	2062.29	0	0
XR_001737829.1	345	148.943	0	0
XR_001737830.1	757	529.648	0	0
XR_001737831.2	1876	1648.29	0	0
XR_001737832.3	847	619.427	0	0
XR_001737833.1	433	219.537	0	0
XR_001737843.3	4527	4299.29	17.5035	0.183219
XR_001737844.3	4711	4483.29	0	0
XR_001737845.3	1445	1217.29	0	0
XR_001737863.1	822	594.427	0.5	0.0378541
XR_001737864.1	822	594.427	0.5	0.0378541
XR_001737869.2	6853	6625.29	4	0.0271705
XR_001737878.1	966	738.293	0	0
XR_001737879.1	2970	2742.29	0	0
XR_001737881.1	446	230.915	0	0
XR_001737882.3	1897	1669.29	22	0.593106
XR_001737887.2	640	414.014	0	0
XR_001737892.2	3739	3511.29	0	0
XR_001737893.1	550	326.571	0	0
XR_001737896.2	471	253.178	0	0
XR_001737913.3	8756	8528.29	27.1478	0.143256
XR_001737917.3	271	99.0818	0	0
XR_001737918.2	3451	3223.29	3.11384	0.043475
XR_001737919.2	764	536.541	0	0
XR_001737920.2	534	311.445	0	0
XR_001737923.2	1660	1432.29	0	0
XR_001737924.2	2303	2075.29	1.1326	0.0245606
XR_001737925.2	1803	1575.29	0	0
XR_001737929.1	358	158.891	0	0
XR_001737930.2	259	91.7167	0	0
XR_001737948.2	2086	1858.29	0	0
XR_001737950.2	168	41.7172	0	0
XR_001737955.2	5666	5438.29	2.02525	0.0167594
XR_001737956.1	1152	924.293	1	0.0486892
XR_001737957.1	1539	1311.29	0	0
XR_001737958.2	3276	3048.29	0	0
XR_001737959.1	2690	2462.29	0	0
XR_001737960.1	283	106.668	0	0
XR_001737961.2	517	295.585	3	0.456752
XR_001737962.2	1345	1117.29	1	0.0402787
XR_001737964.2	1977	1749.29	0	0
XR_001737965.2	768	540.541	0	0
XR_001737966.2	714	486.852	0	0
XR_001737971.2	1804	1576.29	0	0
XR_001737972.2	3306	3078.29	18.701	0.2734
XR_001737976.2	330	138.255	0.204691	0.0666287
XR_001737977.2	1680	1452.29	0	0
XR_001737978.2	1491	1263.29	0	0
XR_001737979.2	766	538.541	0	0
XR_001737982.2	729	501.753	0	0
XR_001737983.3	1014	786.293	0	0
XR_001737985.1	4140	3912.29	0	0
XR_001737986.1	3583	3355.29	0	0
XR_001737987.2	8934	8706.29	0	0
XR_001737991.3	2623	2395.29	0	0
XR_001737993.2	436	222.144	0	0
XR_001737994.2	445	230.083	4	0.78238
XR_001738013.3	2776	2548.29	8.37502	0.147904
XR_001738015.3	1849	1621.29	0	0
XR_001738016.3	2225	1997.29	0	0
XR_001738020.2	620	394.338	0	0
XR_001738027.1	536	313.414	4	0.57436
XR_001738029.2	674	447.496	0	0
XR_001738031.2	5527	5299.29	100.333	0.852059
XR_001738032.2	1904	1676.29	0	0
XR_001738036.3	848	620.427	0	0
XR_001738037.3	532	309.634	3	0.436028
XR_001738038.2	2744	2516.29	0	0
XR_001738040.3	1422	1194.29	0	0
XR_001738042.2	235	77.5231	0	0
XR_001738043.2	134	26.2749	0	0
XR_001738045.2	1492	1264.29	0	0
XR_001738048.2	920	692.293	0	0
XR_001738057.2	925	697.293	0	0
XR_001738058.2	3568	3340.29	21.2803	0.286705
XR_001738059.3	2563	2335.29	8.06609	0.15544
XR_001738063.2	6468	6240.29	0	0
XR_001738064.2	6406	6178.29	0	0
XR_001738065.2	4575	4347.29	3.19672	0.0330924
XR_001738066.2	5214	4986.29	7.80328	0.0704274
XR_001738068.2	435	221.33	2.80202	0.569736
XR_001738073.2	16596	16368.3	0	0
XR_001738074.2	12758	12530.3	0	0
XR_001738075.2	16367	16139.3	0.00121473	3.38716e-06
XR_001738076.2	16255	16027.3	17.0151	0.0477767
XR_001738081.2	631	405.178	0	0
XR_001738082.2	6548	6320.29	0	0
XR_001738085.2	2808	2580.29	0	0
XR_001738087.2	6666	6438.29	0	0
XR_001738089.2	6651	6423.29	8.82078	0.0618005
XR_001738090.2	3010	2782.29	12.1792	0.196997
XR_001738091.2	3082	2854.29	0	0
XR_001738092.1	729	501.753	0	0
XR_001738093.1	815	587.487	0	0
XR_001738094.2	3088	2860.29	0	0
XR_001738095.3	255	89.2265	0	0
XR_001738096.2	212	64.9181	0	0
XR_001738097.2	294	113.843	0	0
XR_001738100.2	938	710.293	0	0
XR_001738104.3	618	392.338	1	0.114705
XR_001738106.2	8661	8433.29	0.177022	0.000944654
XR_001738108.2	200	58.6283	0	0
XR_001738109.2	5304	5076.29	43.6345	0.386835
XR_001738110.3	4348	4120.29	1	0.0109223
XR_001738111.2	1640	1412.29	1	0.0318653
XR_001738112.2	685	458.134	0	0
XR_001738113.2	3358	3130.29	3.01489	0.0433439
XR_001738114.1	952	724.293	0	0
XR_001738115.2	1283	1055.29	0	0
XR_001738120.2	886	658.427	0	0
XR_001738127.2	5537	5309.29	10.8496	0.091964
XR_001738132.2	1044	816.293	0	0
XR_001738133.2	4238	4010.29	0	0
XR_001738140.2	1768	1540.29	6	0.175303
XR_001738141.2	1056	828.293	0	0
XR_001738142.2	5422	5194.29	6.37564	0.0552382
XR_001738143.3	14544	14316.3	0	0
XR_001738146.3	4879	4651.29	0	0
XR_001738147.2	717	489.852	1	0.0918709
XR_001738151.3	675	448.496	0	0
XR_001738152.3	841	613.427	0	0
XR_001738153.3	936	708.293	0	0
XR_001738155.2	580	355.279	5	0.633348
XR_001738160.3	744	516.753	0	0
XR_001738162.2	660	433.717	0	0
XR_001738163.2	1248	1020.29	0	0
XR_001738166.2	1195	967.293	3	0.139574
XR_001738167.1	221	69.701	0	0
XR_001738168.2	606	380.649	0	0
XR_001738170.3	1267	1039.29	0	0
XR_001738171.2	884	656.427	0	0
XR_001738173.3	4378	4150.29	1.5	0.016265
XR_001738179.2	320	131.369	0	0
XR_001738180.3	1017	789.293	0	0
XR_001738181.1	177	46.3929	0	0
XR_001738185.2	1230	1002.29	0	0
XR_001738192.2	274	100.891	0	0
XR_001738193.2	6988	6760.29	0	0
XR_001738194.3	822	594.427	0	0
XR_001738197.2	1375	1147.29	0	0
XR_001738199.2	1556	1328.29	1	0.0338804
XR_001738200.3	136	27.1284	0	0
XR_001738205.2	2747	2519.29	0	0
XR_001738206.2	2670	2442.29	0	0
XR_001738207.2	644	417.93	241.422	25.9966
XR_001738208.2	636	410.055	192.254	21.0996
XR_001738209.2	912	684.293	0	0
XR_001738210.2	1364	1136.29	0	0
XR_001738211.2	1285	1057.29	0	0
XR_001738212.2	1189	961.293	1	0.0468151
XR_001738231.2	486	266.912	0	0
XR_001738235.2	342	146.678	0	0
XR_001738236.2	412	201.964	1.78823	0.398467
XR_001738237.2	1548	1320.29	2	0.0681713
XR_001738238.3	1689	1461.29	0	0
XR_001738239.2	1943	1715.29	1	0.0262364
XR_001738244.2	1090	862.293	4	0.20876
XR_001738248.2	417	206.073	2	0.436768
XR_001738249.3	880	652.427	0	0
XR_001738250.2	6568	6340.29	0	0
XR_001738252.2	5021	4793.29	0	0
XR_001738254.2	3677	3449.29	0	0
XR_001738255.2	730	502.753	0	0
XR_001738256.3	2765	2537.29	1	0.0177367
XR_001738258.2	599	373.876	0	0
XR_001738261.2	8297	8069.29	77.7307	0.433511
XR_001738262.2	7662	7434.29	76.0588	0.460418
XR_001738263.2	7162	6934.29	0.00427601	2.7751e-05
XR_001738265.2	2106	1878.29	26.68	0.639242
XR_001738266.2	12731	12503.3	20.4496	0.0736043
XR_001738270.2	2284	2056.29	5.09217	0.111445
XR_001738274.2	3414	3186.29	0	0
XR_001738275.2	435	221.33	0	0
XR_001738279.2	3250	3022.29	1	0.0148904
XR_001738291.3	2091	1863.29	0	0
XR_001738294.3	1618	1390.29	34.2992	1.11025
XR_001738297.2	850	622.427	1	0.0723025
XR_001738299.2	671	444.496	0	0
XR_001738302.2	584	359.207	0	0
XR_001738304.2	7895	7667.29	8.31336	0.0487952
XR_001738305.2	1352	1124.29	0	0
XR_001738306.2	858	630.427	0	0
XR_001738307.2	1038	810.293	0	0
XR_001738312.3	2835	2607.29	4.00009	0.0690434
XR_001738314.3	1422	1194.29	0	0
XR_001738319.2	4284	4056.29	1	0.0110946
XR_001738327.3	3879	3651.29	8.99561	0.110873
XR_001738328.3	1942	1714.29	0	0
XR_001738335.2	659	432.717	0	0
XR_001738336.2	695	468.041	0	0
XR_001738337.2	650	423.846	0	0
XR_001738339.2	364	163.525	0	0
XR_001738340.2	1375	1147.29	0	0
XR_001738341.2	933	705.293	0	0
XR_001738343.2	1294	1066.29	0	0
XR_001738344.2	238	79.3455	0	0
XR_001738345.2	228	73.5821	0	0
XR_001738346.1	355	156.626	0	0
XR_001738348.2	1124	896.293	0	0
XR_001738349.1	660	433.717	0	0
XR_001738351.2	1796	1568.29	3.92701	0.112688
XR_001738352.2	1009	781.293	1	0.0576008
XR_001738353.2	587	362.135	0.0932131	0.0115838
XR_001738356.2	695	468.041	0	0
XR_001738357.2	1351	1123.29	0	0
XR_001738358.2	357	158.178	0	0
XR_001738375.2	366	164.863	0	0
XR_001738376.2	948	720.293	0	0
XR_001738385.2	4138	3910.29	0	0
XR_001738386.2	2146	1918.29	0	0
XR_001738387.2	2062	1834.29	0	0
XR_001738388.2	4057	3829.29	0	0
XR_001738389.2	3986	3758.29	11.2862	0.135144
XR_001738390.3	1808	1580.29	0	0
XR_001738412.1	370	167.861	0	0
XR_001738415.2	3338	3110.29	2.83279	0.0409879
XR_001738417.2	3306	3078.29	16.2941	0.238212
XR_001738422.2	6648	6420.29	0	0
XR_001738423.2	2562	2334.29	1	0.0192791
XR_001738424.2	2073	1845.29	1	0.024388
XR_001738425.2	1177	949.293	0	0
XR_001738428.3	2335	2107.29	4.01407	0.0857239
XR_001738430.2	3194	2966.29	0	0
XR_001738432.2	632	406.137	0	0
XR_001738434.2	7007	6779.29	0	0
XR_001738435.2	6894	6666.29	0	0
XR_001738436.2	496	276.219	0	0
XR_001738440.2	3912	3684.29	1	0.0122148
XR_001738441.2	2813	2585.29	0	0
XR_001738442.2	2810	2582.29	0	0
XR_001738443.2	678	451.406	0	0
XR_001738447.1	1143	915.293	0	0
XR_001738448.1	1540	1312.29	0	0
XR_001738449.1	799	571.487	0	0
XR_001738450.2	3952	3724.29	0	0
XR_001738466.2	1489	1261.29	0	0
XR_001738467.2	586	361.171	0	0
XR_001738468.2	511	290.032	0	0
XR_001738473.2	6031	5803.29	0	0
XR_001738474.1	5670	5442.29	0	0
XR_001738475.1	5240	5012.29	0	0
XR_001738476.3	882	654.427	0	0
XR_001738477.2	3049	2821.29	0	0
XR_001738478.2	2822	2594.29	0	0
XR_001738479.2	2758	2530.29	0	0
XR_001738485.2	872	644.427	103	7.19292
XR_001738487.2	680	453.225	0	0
XR_001738488.2	369	167.159	0	0
XR_001738489.2	279	103.985	0	0
XR_001738490.1	886	658.427	1.65001	0.112777
XR_001738491.2	552	328.307	0	0
XR_001738495.2	2545	2317.29	5	0.0971027
XR_001738499.2	976	748.293	1	0.060141
XR_001738504.2	361	161.348	1	0.278919
XR_001738506.2	7892	7664.29	10.0011	0.0587245
XR_001738507.1	2778	2550.29	0	0
XR_001738517.1	354	155.786	0	0
XR_001738518.2	767	539.541	1	0.0834099
XR_001738519.2	388	182.168	0	0
XR_001738520.3	4388	4160.29	48.5696	0.525392
XR_001738521.2	4773	4545.29	0	0
XR_001738523.3	4213	3985.29	0	0
XR_001738524.2	3460	3232.29	0	0
XR_001738525.2	3159	2931.29	6.3219	0.0970579
XR_001738526.2	8352	8124.29	2.90064	0.0160676
XR_001738530.2	4775	4547.29	0	0
XR_001738532.2	3276	3048.29	1.0067	0.0148622
XR_001738533.2	4381	4153.29	0	0
XR_001738534.2	2482	2254.29	0	0
XR_001738537.2	1184	956.293	0	0
XR_001738539.2	2755	2527.29	0	0
XR_001738540.2	1045	817.293	0	0
XR_001738541.2	798	570.487	0	0
XR_001738542.2	1001	773.293	0	0
XR_001738543.2	978	750.293	0	0
XR_001738544.2	934	706.293	0	0
XR_001738545.2	1239	1011.29	0	0
XR_001738550.2	9574	9346.29	4.55301	0.0219231
XR_001738551.1	2296	2068.29	0	0
XR_001738559.3	1836	1608.29	0	0
XR_001738568.1	845	617.427	0	0
XR_001738569.2	1107	879.293	6	0.307086
XR_001738570.3	1457	1229.29	0	0
XR_001738571.1	1371	1143.29	0	0
XR_001738574.1	1094	866.293	0	0
XR_001738575.2	1007	779.293	0	0
XR_001738577.2	401	192.714	0	0
XR_001738578.2	7075	6847.29	0	0
XR_001738585.2	750	522.701	0	0
XR_001738589.3	1580	1352.29	28.8694	0.960747
XR_001738601.2	4938	4710.29	0	0
XR_001738602.2	6137	5909.29	0	0
XR_001738620.2	3480	3252.29	41.1826	0.569857
XR_001738621.2	3493	3265.29	0	0
XR_001738623.3	1018	790.293	0	0
XR_001738624.3	1024	796.293	0	0
XR_001738627.3	1497	1269.29	1	0.0354552
XR_001738628.2	1319	1091.29	0	0
XR_001738640.2	3782	3554.29	5.04426	0.0638684
XR_001738650.3	2048	1820.29	0	0
XR_001738668.3	1688	1460.29	101.831	3.1382
XR_001738671.3	9613	9385.29	0	0
XR_001738672.3	9095	8867.29	39.1018	0.198449
XR_001738674.3	3340	3112.29	0	0
XR_001738688.3	3855	3627.29	28.5766	0.354544
XR_001738699.1	1223	995.293	0	0
XR_001738712.3	2052	1824.29	10.9386	0.269842
XR_001738718.2	4657	4429.29	0	0
XR_001738721.2	4096	3868.29	0	0
XR_001738722.2	3258	3030.29	0	0
XR_001738723.2	1419	1191.29	0	0
XR_001738724.2	4043	3815.29	0	0
XR_001738726.3	1874	1646.29	0	0
XR_001738736.2	2569	2341.29	0	0
XR_001738743.2	4028	3800.29	0	0
XR_001738748.2	6311	6083.29	0	0
XR_001738761.2	2604	2376.29	10.8527	0.205532
XR_001738771.2	2052	1824.29	0	0
XR_001738772.3	1727	1499.29	0	0
XR_001738774.3	3328	3100.29	1.67458	0.0243078
XR_001738775.3	1746	1518.29	110.061	3.26227
XR_001738780.3	17412	17184.3	0	0
XR_001738782.3	3306	3078.29	0	0
XR_001738828.2	2732	2504.29	16.8163	0.302196
XR_001738842.2	1505	1277.29	0	0
XR_001738843.2	1829	1601.29	0	0
XR_001738844.2	1607	1379.29	30.9984	1.0114
XR_001738847.3	4829	4601.29	57.5735	0.563099
XR_001738874.2	3399	3171.29	10.7205	0.152132
XR_001738875.3	2132	1904.29	0.592639	0.0140055
XR_001738876.3	2737	2509.29	0	0
XR_001738877.3	2114	1886.29	16.2029	0.386569
XR_001738878.3	1958	1730.29	4.42465	0.115081
XR_001738880.3	1479	1251.29	165.317	5.94568
XR_001738882.2	1510	1282.29	0	0
XR_001738886.2	3439	3211.29	0	0
XR_001738888.2	1332	1104.29	0	0
XR_001738889.2	1348	1120.29	0	0
XR_001738890.2	4208	3980.29	0	0
XR_001738900.3	2700	2472.29	0	0
XR_001738941.2	12636	12408.3	0	0
XR_001738942.2	1889	1661.29	0	0
XR_001738943.2	12407	12179.3	0	0
XR_001738958.2	2086	1858.29	0	0
XR_001738960.2	1528	1300.29	17.3008	0.59878
XR_001738972.3	2882	2654.29	0	0
XR_001738975.3	2463	2235.29	7.34173	0.147811
XR_001738994.2	6092	5864.29	8.26387	0.0634177
XR_001739001.2	3143	2915.29	0	0
XR_001739002.2	3250	3022.29	12.5488	0.186856
XR_001739013.3	8444	8216.29	0	0
XR_001739022.2	2744	2516.29	0	0
XR_001739023.2	2877	2649.29	0	0
XR_001739024.3	2933	2705.29	0	0
XR_001739090.2	2261	2033.29	1	0.0221331
XR_001739091.1	523	301.192	0	0
XR_001739092.2	1389	1161.29	1.91197	0.0740939
XR_001739095.1	1341	1113.29	3	0.12127
XR_001739097.2	1281	1053.29	8.98772	0.38401
XR_001739109.1	1086	858.293	0	0
XR_001739112.1	286	108.57	0	0
XR_001739113.2	943	715.293	0	0
XR_001739114.1	231	75.3292	0	0
XR_001739115.2	1017	789.293	1.00924	0.0575436
XR_001739116.2	917	689.293	0	0
XR_001739118.2	1370	1142.29	0	0
XR_001739119.2	1017	789.293	1.00924	0.0575436
XR_001739120.2	917	689.293	0	0
XR_001739122.2	1488	1260.29	0	0
XR_001739132.3	8504	8276.29	2.00188	0.0108854
XR_001739134.2	303	119.67	0	0
XR_001739136.3	298	116.438	0	0
XR_001739137.2	8906	8678.29	2.00019	0.0103724
XR_001739139.2	323	133.485	0	0
XR_001739140.2	380	175.793	1	0.256001
XR_001739147.3	1051	823.293	1	0.0546623
XR_001739148.2	778	550.487	1	0.0817514
XR_001739151.2	705	477.9	8.04806	0.757874
XR_001739163.1	944	716.293	2	0.125655
XR_001739165.3	1220	992.293	0	0
XR_001739167.2	1127	899.293	18.2727	0.914413
XR_001739173.2	320	131.369	0	0
XR_001739174.3	3353	3125.29	0	0
XR_001739175.3	4132	3904.29	0	0
XR_001739176.3	2430	2202.29	4.4132	0.0901822
XR_001739177.2	684	457.134	1	0.0984462
XR_001739179.1	406	196.92	0	0
XR_001739180.3	2089	1861.29	7	0.169249
XR_001739183.1	778	550.487	0	0
XR_001739184.2	2713	2485.29	0	0
XR_001739185.2	976	748.293	0	0
XR_001739187.1	533	310.571	0	0
XR_001739188.1	218	67.9952	0	0
XR_001739189.2	1806	1578.29	0	0
XR_001739190.2	1775	1547.29	3	0.0872551
XR_001739191.2	460	243.274	0	0
XR_001739192.2	792	564.487	0	0
XR_001739193.2	1931	1703.29	0	0
XR_001739194.1	551	327.472	0	0
XR_001739195.1	1147	919.293	0	0
XR_001739196.1	580	355.279	0	0
XR_001739197.1	1513	1285.29	0	0
XR_001739198.1	1882	1654.29	0	0
XR_001739199.1	1800	1572.29	0	0
XR_001739200.1	424	212.011	0	0
XR_001739201.1	623	397.299	2	0.226545
XR_001739204.2	618	392.338	0	0
XR_001739205.2	827	599.427	0	0
XR_001739206.2	946	718.293	0	0
XR_001739213.1	844	616.427	0	0
XR_001739214.1	300	117.761	0	0
XR_001739215.1	1820	1592.29	1	0.0282631
XR_001739217.2	387	181.366	0	0
XR_001739219.1	644	417.93	0	0
XR_001739220.1	191	53.6233	0.522027	0.438109
XR_001739221.2	1715	1487.29	4	0.121034
XR_001739222.2	221	69.701	0	0
XR_001739224.1	2089	1861.29	0	0
XR_001739225.1	878	650.427	0	0
XR_001739226.1	402	193.569	0	0
XR_001739227.1	593	367.988	0	0
XR_001739228.3	348	151.011	0	0
XR_001739229.1	227	73.0147	0	0
XR_001739231.2	228	73.5821	0	0
XR_001739232.1	444	229.227	0	0
XR_001739233.2	414	203.726	0	0
XR_001739234.1	1202	974.293	0	0
XR_001739235.1	1030	802.293	0	0
XR_001739236.1	959	731.293	0	0
XR_001739237.1	509	288.355	0	0
XR_001739238.1	531	308.697	0	0
XR_001739239.2	5633	5405.29	0	0
XR_001739241.2	1319	1091.29	0	0
XR_001739247.2	846	618.427	0	0
XR_001739249.2	1087	859.293	0	0
XR_001739253.1	2194	1966.29	0	0
XR_001739257.1	2977	2749.29	0	0
XR_001739258.2	1542	1314.29	2	0.0684826
XR_001739260.1	1248	1020.29	0	0
XR_001739261.2	820	592.487	0	0
XR_001739262.1	1215	987.293	0	0
XR_001739263.1	1599	1371.29	0	0
XR_001739264.3	454	237.87	0	0
XR_001739265.2	839	611.427	0	0
XR_001739266.3	892	664.361	0	0
XR_001739267.2	691	464.041	0	0
XR_001739269.2	7421	7193.29	1	0.00625626
XR_001739270.1	4802	4574.29	0	0
XR_001739271.1	4251	4023.29	0	0
XR_001739272.2	441	226.512	0	0
XR_001739274.1	2584	2356.29	37	0.706667
XR_001739277.1	1095	867.293	0	0
XR_001739282.2	1919	1691.29	0	0
XR_001739283.2	3214	2986.29	3	0.0452096
XR_001739284.2	1984	1756.29	0	0
XR_001739285.2	892	664.361	0	0
XR_001739287.2	1290	1062.29	8	0.338913
XR_001739288.1	1073	845.293	0	0
XR_001739290.3	4053	3825.29	1.00002	0.0117648
XR_001739291.2	1477	1249.29	0	0
XR_001739292.2	1001	773.293	0	0
XR_001739293.2	2496	2268.29	0	0
XR_001739294.1	1478	1250.29	0	0
XR_001739296.1	1642	1414.29	0	0
XR_001739297.2	729	501.753	1	0.0896918
XR_001739298.1	845	617.427	0	0
XR_001739299.1	476	257.994	0	0
XR_001739300.1	643	416.972	0	0
XR_001739301.2	561	336.904	0	0
XR_001739302.1	15038	14810.3	3	0.00911591
XR_001739304.3	2747	2519.29	2.35948	0.0421483
XR_001739311.2	664	437.717	0	0
XR_001739313.2	3849	3621.29	6.432	0.0799327
XR_001739315.1	3046	2818.29	0	0
XR_001739317.2	4638	4410.29	1.00168	0.0102213
XR_001739319.2	1223	995.293	0	0
XR_001739320.2	297	115.768	0	0
XR_001739324.1	676	449.451	0	0
XR_001739326.2	3176	2948.29	0	0
XR_001739327.2	3248	3020.29	0	0
XR_001739328.2	2892	2664.29	0	0
XR_001739329.2	3070	2842.29	0	0
XR_001739331.2	348	151.011	0	0
XR_001739333.1	3165	2937.29	0	0
XR_001739334.1	3126	2898.29	0	0
XR_001739340.3	561	336.904	0	0
XR_001739341.2	921	693.293	0	0
XR_001739354.2	3010	2782.29	2	0.0323496
XR_001739359.2	3045	2817.29	0	0
XR_001739360.2	4046	3818.29	0	0
XR_001739362.2	3942	3714.29	0.538469	0.0065242
XR_001739364.2	3240	3012.29	0	0
XR_001739381.3	1001	773.293	1.99995	0.11639
XR_001739383.1	1849	1621.29	0	0
XR_001739384.1	1797	1569.29	1	0.0286773
XR_001739385.2	1332	1104.29	0	0
XR_001739386.2	1289	1061.29	0	0
XR_001739387.1	619	393.338	0	0
XR_001739388.1	493	273.443	2	0.329158
XR_001739389.1	436	222.144	0	0
XR_001739390.1	469	251.307	0	0
XR_001739391.1	360	160.548	0	0
XR_001739394.2	907	679.293	0	0
XR_001739398.2	809	581.487	0	0
XR_001739399.2	551	327.472	0	0
XR_001739400.1	319	130.608	0	0
XR_001739402.3	3779	3551.29	0	0
XR_001739403.3	1299	1071.29	0	0
XR_001739409.2	5345	5117.29	24	0.211064
XR_001739410.2	966	738.293	0	0
XR_001739413.2	2891	2663.29	2.92405	0.0494093
XR_001739417.1	177	46.3929	0	0
XR_001739418.3	6255	6027.29	10.0592	0.0751075
XR_001739419.2	199	58.0114	2	1.55153
XR_001739420.1	1793	1565.29	1	0.0287506
XR_001739421.3	1776	1548.29	0	0
XR_001739422.1	2033	1805.29	0	0
XR_001739423.1	659	432.717	0	0
XR_001739424.2	1683	1455.29	0	0
XR_001739425.1	877	649.427	0	0
XR_001739429.3	274	100.891	0	0
XR_001739430.2	281	105.3	0	0
XR_001739431.2	416	205.291	0	0
XR_001739432.2	281	105.3	1	0.427378
XR_001739448.2	1418	1190.29	0	0
XR_001739449.2	1652	1424.29	27	0.853113
XR_001739451.1	1118	890.293	0	0
XR_001739452.2	1532	1304.29	0	0
XR_001739454.2	1109	881.293	0	0
XR_001739455.2	530	307.728	0	0
XR_001739456.2	1093	865.293	15	0.780136
XR_001739457.2	379	175.043	0	0
XR_001739458.1	2025	1797.29	0	0
XR_001739459.1	2100	1872.29	0	0
XR_001739460.2	2179	1951.29	0	0
XR_001739461.2	316	128.304	0	0
XR_001739462.2	1341	1113.29	0	0
XR_001739475.2	5122	4894.29	0	0
XR_001739478.1	405	196.152	0	0
XR_001739479.1	646	419.888	0	0
XR_001739480.1	687	460.134	0	0
XR_001739481.1	460	243.274	0	0
XR_001739488.1	1506	1278.29	0	0
XR_001739489.1	785	557.487	0	0
XR_001739491.3	12876	12648.3	0	0
XR_001739492.3	12310	12082.3	6.02936	0.0224576
XR_001739493.3	12704	12476.3	0	0
XR_001739494.3	9981	9753.29	2.02434	0.00934062
XR_001739502.2	10790	10562.3	31.5637	0.134485
XR_001739503.2	2621	2393.29	0	0
XR_001739513.1	991	763.293	0	0
XR_001739519.1	1404	1176.29	0	0
XR_001739520.2	768	540.541	1	0.0832556
XR_001739524.2	11634	11406.3	0	0
XR_001739526.2	508	287.414	1	0.156579
XR_001739527.2	505	284.56	0	0
XR_001739532.1	1882	1654.29	0	0
XR_001739534.2	4019	3791.29	4	0.0474805
XR_001739535.2	12390	12162.3	45.0614	0.166737
XR_001739541.2	798	570.487	0	0
XR_001739542.2	1235	1007.29	0	0
XR_001739545.2	31963	31735.3	7.93731	0.0112557
XR_001739546.2	43945	43717.3	7.55646	0.00777871
XR_001739552.2	1179	951.293	3	0.141922
XR_001739562.2	477	258.967	0	0
XR_001739563.2	225	71.712	0	0
XR_001739564.2	458	241.399	0	0
XR_001739567.2	509	288.355	0	0
XR_001739568.2	490	270.61	0	0
XR_001739569.2	5218	4990.29	3.12964	0.0282235
XR_001739570.1	5918	5690.29	1	0.00790875
XR_001739572.1	281	105.3	0	0
XR_001739577.3	1305	1077.29	0	0
XR_001739579.3	18143	17915.3	23.9389	0.0601342
XR_001739585.2	449	233.505	0	0
XR_001739586.2	2524	2296.29	1	0.0195981
XR_001739587.2	2655	2427.29	0	0
XR_001739599.1	603	377.687	0	0
XR_001739602.2	224	71.1275	3	1.89813
XR_001739605.2	1088	860.293	0	0
XR_001739610.1	5807	5579.29	0	0
XR_001739611.1	5740	5512.29	0	0
XR_001739612.2	6755	6527.29	0	0
XR_001739614.2	1610	1382.29	5.87051	0.191125
XR_001739615.1	2263	2035.29	0	0
XR_001739617.1	2361	2133.29	0	0
XR_001739618.1	2273	2045.29	0	0
XR_001739619.3	2256	2028.29	0	0
XR_001739620.1	2247	2019.29	0	0
XR_001739621.2	3080	2852.29	0	0
XR_001739622.2	2994	2766.29	2	0.0325367
XR_001739624.1	956	728.293	0	0
XR_001739625.2	862	634.427	0	0
XR_001739626.2	908	680.293	0	0
XR_001739627.2	1213	985.293	0	0
XR_001739634.2	620	394.338	0	0
XR_001739639.2	2422	2194.29	0	0
XR_001739641.2	3663	3435.29	2	0.0262004
XR_001739642.2	5164	4936.29	14.0032	0.127664
XR_001739643.2	577	352.35	0	0
XR_001739644.2	2353	2125.29	0	0
XR_001739645.2	284	107.25	4	1.67843
XR_001739651.2	457	240.449	0	0
XR_001739660.2	1114	886.293	0	0
XR_001739662.3	978	750.293	1	0.0599807
XR_001739664.2	966	738.293	0	0
XR_001739665.2	4904	4676.29	13.2837	0.127837
XR_001739666.3	4213	3985.29	81	0.914675
XR_001739668.2	1215	987.293	0	0
XR_001739669.2	604	378.687	0	0
XR_001739670.2	568	343.63	0	0
XR_001739676.2	601	375.763	0	0
XR_001739677.3	5688	5460.29	2.29314	0.0188998
XR_001739681.3	5013	4785.29	2.02048	0.0190015
XR_001739683.2	1897	1669.29	8	0.215675
XR_001739684.2	1226	998.293	3.04404	0.137226
XR_001739685.2	3662	3434.29	0	0
XR_001739686.2	11347	11119.3	12.9382	0.0523646
XR_001739687.1	5654	5426.29	0	0
XR_001739688.1	3549	3321.29	0	0
XR_001739689.1	4691	4463.29	0	0
XR_001739690.2	5749	5521.29	1	0.00815082
XR_001739691.3	1630	1402.29	0	0
XR_001739693.1	973	745.293	0	0
XR_001739694.1	549	325.637	0	0
XR_001739695.3	4537	4309.29	0	0
XR_001739696.3	3369	3141.29	7.04769	0.100967
XR_001739697.3	4524	4296.29	0	0
XR_001739707.2	3888	3660.29	62.9086	0.773458
XR_001739708.2	393	186.228	0	0
XR_001739710.2	1750	1522.29	0	0
XR_001739711.1	523	301.192	0	0
XR_001739714.2	9453	9225.29	24	0.117077
XR_001739715.2	1626	1398.29	3	0.0965529
XR_001739718.2	262	93.4781	0	0
XR_001739719.2	2189	1961.29	6	0.137674
XR_001739723.2	17686	17458.3	5.00052	0.0128901
XR_001739733.2	10321	10093.3	3.00355	0.013392
XR_001739741.2	3715	3487.29	1	0.0129049
XR_001739742.1	772	544.487	0	0
XR_001739743.1	546	322.964	0	0
XR_001739745.1	250	85.998	0	0
XR_001739746.3	5323	5095.29	0	0
XR_001739747.3	5138	4910.29	2.077	0.0190358
XR_001739748.2	807	579.487	0	0
XR_001739749.2	2010	1782.29	0	0
XR_001739750.2	8064	7836.29	0	0
XR_001739751.2	6952	6724.29	2	0.0133852
XR_001739755.2	8277	8049.29	0	0
XR_001739756.2	567	342.699	0	0
XR_001739757.2	348	151.011	0	0
XR_001739758.2	350	152.593	0	0
XR_001739759.2	63273	63045.3	53.6339	0.0382851
XR_001739762.1	1089	861.293	0	0
XR_001739763.2	1016	788.293	2	0.114179
XR_001739765.2	540	317.191	0	0
XR_001739766.2	1535	1307.29	0	0
XR_001739767.2	5284	5056.29	3.95611	0.035211
XR_001739773.3	2874	2646.29	0	0
XR_001739775.3	2671	2443.29	0	0
XR_001739776.2	580	355.279	0	0
XR_001739777.1	416	205.291	0	0
XR_001739778.1	1141	913.293	0	0
XR_001739795.1	1773	1545.29	0	0
XR_001739796.1	672	445.496	0	0
XR_001739797.2	718	490.852	0	0
XR_001739799.1	1548	1320.29	0	0
XR_001739816.2	5246	5018.29	1	0.00896781
XR_001739817.2	357	158.178	0	0
XR_001739818.2	381	176.619	0	0
XR_001739819.1	1198	970.293	0	0
XR_001739820.2	2429	2201.29	0	0
XR_001739832.2	2338	2110.29	0	0
XR_001739834.1	354	155.786	0	0
XR_001739835.1	392	185.43	0	0
XR_001739837.2	6744	6516.29	20.702	0.142973
XR_001739846.2	427	214.584	0	0
XR_001739847.2	1061	833.293	0	0
XR_001739850.3	3178	2950.29	0	0
XR_001739851.3	1061	833.293	0	0
XR_001739852.3	1065	837.293	0	0
XR_001739862.1	1045	817.293	0	0
XR_001739863.2	672	445.496	0	0
XR_001739866.3	8457	8229.29	60.0019	0.328129
XR_001739867.1	496	276.219	0	0
XR_001739872.2	769	541.541	1	0.0831019
XR_001739876.2	3243	3015.29	8.35792	0.124741
XR_001739877.2	2953	2725.29	3.77362	0.0623143
XR_001739878.2	2560	2332.29	0.447827	0.00864112
XR_001739879.2	2045	1817.29	0	0
XR_001739880.2	855	627.427	0	0
XR_001739881.1	636	410.055	0	0
XR_001739882.1	531	308.697	0	0
XR_001739884.2	593	367.988	0	0
XR_001739887.1	2217	1989.29	1.10644	0.0250305
XR_001739888.2	986	758.293	0	0
XR_001739889.2	3366	3138.29	0	0
XR_001739890.2	706	478.9	0	0
XR_001739891.1	1808	1580.29	0	0
XR_001739892.1	464	246.768	0	0
XR_001739893.1	500	280.02	0	0
XR_001739894.1	417	206.073	0	0
XR_001739902.1	596	370.951	0	0
XR_001739903.2	4731	4503.29	16.0389	0.160283
XR_001739904.2	4244	4016.29	5.00509	0.0560827
XR_001739907.2	2521	2293.29	8.22674	0.16144
XR_001739908.2	372	169.412	0	0
XR_001739909.2	6168	5940.29	0	0
XR_001739917.2	1537	1309.29	0	0
XR_001739918.2	5657	5429.29	39.9011	0.330738
XR_001739919.3	1028	800.293	0	0
XR_001739921.2	454	237.87	1	0.189192
XR_001739922.2	522	300.222	0	0
XR_001739924.2	457	240.449	0	0
XR_001739925.2	1560	1332.29	0	0
XR_001739926.2	1372	1144.29	3	0.117985
XR_001739927.3	2644	2416.29	0	0
XR_001739928.2	1482	1254.29	0	0
XR_001739937.2	2556	2328.29	0	0
XR_001739943.3	647	420.888	1	0.106924
XR_001739944.2	859	631.427	0	0
XR_001739947.3	1942	1714.29	0	0
XR_001739948.2	8340	8112.29	1.08707	0.00603052
XR_001739950.2	421	209.523	0	0
XR_001739951.2	428	215.312	0	0
XR_001739953.1	1405	1177.29	1	0.0382259
XR_001739954.1	277	102.552	0	0
XR_001739959.2	2412	2184.29	0	0
XR_001739960.2	1665	1437.29	0	0
XR_001739961.2	3198	2970.29	8.70725	0.131924
XR_001739962.2	1360	1132.29	44.4461	1.76651
XR_001739969.2	10366	10138.3	10.7227	0.047597
XR_001739977.2	9415	9187.29	8.00599	0.0392166
XR_001739978.2	2805	2577.29	50.3342	0.878904
XR_001739984.3	3547	3319.29	0	0
XR_001739987.3	1359	1131.29	0	0
XR_001740003.2	8849	8621.29	201.115	1.04982
XR_001740004.2	8813	8585.29	49.4092	0.258997
XR_001740005.2	8810	8582.29	49.6778	0.260496
XR_001740006.2	7568	7340.29	6.5469	0.0401388
XR_001740007.2	7420	7192.29	330.722	2.06937
XR_001740008.2	7051	6823.29	51.5166	0.339778
XR_001740009.2	6394	6166.29	15.1882	0.110847
XR_001740011.2	1407	1179.29	0	0
XR_001740012.2	1343	1115.29	0	0
XR_001740024.2	1058	830.293	14.9192	0.808642
XR_001740025.3	4566	4338.29	11.5342	0.11965
XR_001740034.2	6476	6248.29	6.54077	0.0471096
XR_001740051.3	4269	4041.29	11.91	0.132628
XR_001740052.2	7608	7380.29	23.5669	0.143705
XR_001740053.3	4108	3880.29	4.07084	0.047213
XR_001740054.3	3962	3734.29	0	0
XR_001740081.2	1811	1583.29	0	0
XR_001740110.2	13056	12828.3	2.00125	0.00702062
XR_001740120.3	5550	5322.29	0	0
XR_001740124.3	4767	4539.29	0	0
XR_001740135.3	3922	3694.29	0	0
XR_001740138.2	5549	5321.29	4.11558	0.0348061
XR_001740141.3	1555	1327.29	0	0
XR_001740143.1	2550	2322.29	0	0
XR_001740155.2	4870	4642.29	4.02684	0.0390368
XR_001740168.3	5358	5130.29	49.3838	0.433196
XR_001740169.3	3484	3256.29	168.493	2.32864
XR_001740192.3	2023	1795.29	0	0
XR_001740196.3	3390	3162.29	43.4739	0.618683
XR_001740214.2	4082	3854.29	0.00215489	2.51606e-05
XR_001740215.2	3320	3092.29	3.22678	0.0469603
XR_001740253.3	1293	1065.29	680.1	28.7307
XR_001740271.2	3264	3036.29	0	0
XR_001740289.3	2332	2104.29	4.53524	0.0969921
XR_001740290.3	1891	1663.29	2.05234e-06	5.55293e-08
XR_001740291.2	2254	2026.29	3.68272e-06	8.17917e-08
XR_001740321.3	1629	1401.29	61.9413	1.98927
XR_001740328.3	2942	2714.29	46.0603	0.763682
XR_001740350.3	2704	2476.29	7.31032	0.132855
XR_001740373.2	2451	2223.29	0	0
XR_001740385.3	5276	5048.29	0.228687	0.00203863
XR_001740393.3	1355	1127.29	0	0
XR_001740394.3	1359	1131.29	0	0
XR_001740398.2	182	48.9193	0	0
XR_001740420.3	1533	1305.29	0	0
XR_001740421.2	1654	1426.29	0	0
XR_001740422.2	4915	4687.29	0	0
XR_001740424.2	3330	3102.29	1	0.0145064
XR_001740425.2	1809	1581.29	0	0
XR_001740433.3	97789	97561.3	12.6626	0.005841
XR_001740437.2	470	252.282	0	0
XR_001740438.2	1007	779.293	0	0
XR_001740440.2	489	269.721	2	0.333702
XR_001740441.2	27703	27475.3	26.5843	0.0435437
XR_001740444.1	2469	2241.29	0	0
XR_001740445.1	3157	2929.29	0	0
XR_001740446.1	2234	2006.29	0	0
XR_001740447.1	2169	1941.29	0	0
XR_001740448.1	2208	1980.29	0	0
XR_001740449.1	2039	1811.29	0	0
XR_001740450.1	2020	1792.29	0	0
XR_001740451.1	3498	3270.29	0	0
XR_001740457.2	5732	5504.29	0	0
XR_001740460.2	5428	5200.29	2.74204	0.0237295
XR_001740461.3	2239	2011.29	0	0
XR_001740462.1	1651	1423.29	0	0
XR_001740463.2	874	646.427	0	0
XR_001740464.1	1615	1387.29	0	0
XR_001740465.2	2203	1975.29	0	0
XR_001740466.3	6047	5819.29	0	0
XR_001740467.2	5239	5011.29	17	0.152666
XR_001740472.2	12532	12304.3	37.5721	0.13742
XR_001740492.2	1313	1085.29	0	0
XR_001740494.2	2181	1953.29	0	0
XR_001740496.3	3361	3133.29	1	0.0143629
XR_001740533.2	6254	6026.29	11.0467	0.0824946
XR_001740542.2	2501	2273.29	2.14058	0.0423758
XR_001740544.2	1439	1211.29	0.279456	0.0103826
XR_001740545.2	1731	1503.29	0	0
XR_001740546.2	756	528.701	0	0
XR_001740547.2	1019	791.293	16.0534	0.913
XR_001740550.1	401	192.714	0	0
XR_001740551.1	289	110.463	0	0
XR_001740552.2	351	153.209	0	0
XR_001740553.2	3564	3336.29	6.4838	0.0874597
XR_001740555.3	1760	1532.29	0	0
XR_001740559.2	644	417.93	0	0
XR_001740561.1	1222	994.293	0	0
XR_001740563.1	682	455.179	0	0
XR_001740564.1	255	89.2265	0.595416	0.300309
XR_001740565.2	698	470.947	0	0
XR_001740567.1	618	392.338	0	0
XR_001740568.2	622	396.338	0	0
XR_001740569.2	895	667.361	2	0.134869
XR_001740570.2	293	113.08	0	0
XR_001740571.1	243	81.9846	0	0
XR_001740572.3	1947	1719.29	1	0.0261753
XR_001740573.1	346	149.65	0	0
XR_001740574.2	634	408.137	0	0
XR_001740575.1	467	249.436	0	0
XR_001740576.2	207	62.4014	0	0
XR_001740577.1	642	416.014	0	0
XR_001740579.2	6697	6469.29	4.76112	0.0331203
XR_001740580.2	331	138.909	0	0
XR_001740581.1	512	290.943	0	0
XR_001740582.2	1174	946.293	0	0
XR_001740583.1	541	318.158	0	0
XR_001740584.1	8296	8068.29	4.00091	0.0223162
XR_001740585.2	445	230.083	0	0
XR_001740586.2	2678	2450.29	0	0
XR_001740587.2	2592	2364.29	0	0
XR_001740588.2	2329	2101.29	0	0
XR_001740589.2	1494	1266.29	0	0
XR_001740591.3	4575	4347.29	0	0
XR_001740592.2	18152	17924.3	5.0067	0.0125705
XR_001740593.2	13425	13197.3	0	0
XR_001740594.2	13136	12908.3	11.347	0.0395597
XR_001740595.2	968	740.293	0	0
XR_001740596.2	1048	820.293	0	0
XR_001740598.2	822	594.427	13.4095	1.01521
XR_001740599.2	917	689.293	0	0
XR_001740602.3	4653	4425.29	4.30461	0.0437758
XR_001740603.2	3651	3423.29	27	0.354946
XR_001740608.2	3962	3734.29	10	0.120513
XR_001740610.2	407	197.751	0	0
XR_001740613.2	4395	4167.29	0.542881	0.00586263
XR_001740614.2	4392	4164.29	1.45712	0.0157469
XR_001740619.2	2939	2711.29	1.02657	0.0170393
XR_001740620.2	970	742.293	0	0
XR_001740621.2	617	391.417	0	0
XR_001740623.1	431	217.835	0	0
XR_001740626.2	1191	963.293	0	0
XR_001740627.2	560	336.006	0	0
XR_001740628.2	608	382.573	0	0
XR_001740633.2	606	380.649	0	0
XR_001740643.2	9854	9626.29	0	0
XR_001740644.2	10272	10044.3	0	0
XR_001740646.2	7021	6793.29	0	0
XR_001740647.2	9849	9621.29	0	0
XR_001740651.2	8957	8729.29	0	0
XR_001740654.1	552	328.307	0	0
XR_001740658.2	587	362.135	0	0
XR_001740661.3	497	277.191	0	0
XR_001740663.2	2562	2334.29	6	0.115675
XR_001740666.3	5200	4972.29	0	0
XR_001740668.2	1091	863.293	1	0.0521295
XR_001740673.1	245	83.2645	2	1.08097
XR_001740674.2	4134	3906.29	0	0
XR_001740675.2	3300	3072.29	0	0
XR_001740676.2	2114	1886.29	0	0
XR_001740677.3	3935	3707.29	0	0
XR_001740678.1	1811	1583.29	0	0
XR_001740679.1	1223	995.293	0	0
XR_001740680.2	466	248.539	0	0
XR_001740698.1	246	83.7785	0	0
XR_001740699.2	866	638.427	15.236	1.07399
XR_001740702.3	668	441.629	4	0.40761
XR_001740705.3	1170	942.293	0	0
XR_001740708.2	2265	2037.29	0	0
XR_001740719.3	805	577.487	0	0
XR_001740721.2	2467	2239.29	0	0
XR_001740722.3	2924	2696.29	0	0
XR_001740724.2	1539	1311.29	2	0.0686392
XR_001740725.2	896	668.361	0	0
XR_001740726.2	2995	2767.29	0	0
XR_001740731.2	6231	6003.29	0	0
XR_001740735.2	1516	1288.29	0	0
XR_001740736.1	676	449.451	0	0
XR_001740739.1	3251	3023.29	0	0
XR_001740740.1	1287	1059.29	0	0
XR_001740742.2	2096	1868.29	0	0
XR_001740744.2	1001	773.293	0	0
XR_001740745.2	968	740.293	0	0
XR_001740746.2	976	748.293	0	0
XR_001740748.3	1208	980.293	0	0
XR_001740749.3	1124	896.293	0	0
XR_001740750.3	1115	887.293	0	0
XR_001740751.2	688	461.088	0	0
XR_001740754.1	300	117.761	0	0
XR_001740755.1	516	294.675	0	0
XR_001740758.1	1308	1080.29	0	0
XR_001740759.1	4375	4147.29	2	0.0217024
XR_001740790.3	2404	2176.29	0	0
XR_001740791.3	2517	2289.29	0	0
XR_001740792.2	1240	1012.29	0	0
XR_001740795.2	2058	1830.29	4	0.0983516
XR_001740799.2	4884	4656.29	0	0
XR_001740800.2	4981	4753.29	0	0
XR_001740802.2	1613	1385.29	0	0
XR_001740803.2	2408	2180.29	0	0
XR_001740804.1	1148	920.293	0	0
XR_001740810.2	10228	10000.3	4.01936	0.0180878
XR_001740811.2	442	227.417	0	0
XR_001740814.2	961	733.293	0	0
XR_001740816.1	210	63.8665	0	0
XR_001740817.1	416	205.291	0	0
XR_001740818.2	4647	4419.29	0	0
XR_001740822.2	4159	3931.29	0	0
XR_001740823.2	4650	4422.29	0	0
XR_001740824.2	2374	2146.29	0	0
XR_001740825.2	3135	2907.29	0	0
XR_001740827.2	539	316.223	0	0
XR_001740829.2	4782	4554.29	0	0
XR_001740830.1	4903	4675.29	1	0.00962572
XR_001740831.1	2957	2729.29	4	0.0659557
XR_001740832.2	2359	2131.29	0	0
XR_001740833.2	2229	2001.29	14.4372	0.324649
XR_001740834.3	5785	5557.29	1.56279	0.0126555
XR_001740838.3	3709	3481.29	2	0.0258542
XR_001740840.1	1027	799.293	0	0
XR_001740841.2	3024	2796.29	0	0
XR_001740843.2	2942	2714.29	0	0
XR_001740844.2	5267	5039.29	0	0
XR_001740846.1	292	112.493	0	0
XR_001740847.1	705	477.9	0	0
XR_001740848.2	330	138.255	0	0
XR_001740850.3	859	631.427	0	0
XR_001740858.2	510	289.15	0	0
XR_001740859.3	350	152.593	0	0
XR_001740861.2	407	197.751	0	0
XR_001740868.2	897	669.361	0	0
XR_001740869.2	447	231.819	0	0
XR_001740871.3	3492	3264.29	7.56124	0.104243
XR_001740872.2	460	243.274	0	0
XR_001740875.3	2922	2694.29	6.71811	0.112213
XR_001740877.2	2366	2138.29	0	0
XR_001740882.2	3627	3399.29	6.48991	0.0859196
XR_001740885.2	1087	859.293	0	0
XR_001740890.2	801	573.487	0	0
XR_001740892.2	278	103.326	0	0
XR_001740893.2	5080	4852.29	35	0.324611
XR_001740896.2	1208	980.293	0	0
XR_001740898.2	1115	887.293	0	0
XR_001740899.2	909	681.293	0	0
XR_001740900.2	2636	2408.29	0	0
XR_001740905.2	894	666.361	3	0.202607
XR_001740907.2	3868	3640.29	14.3906	0.177903
XR_001740926.1	2511	2283.29	0	0
XR_001740930.2	6311	6083.29	38.2408	0.282898
XR_001740934.3	630	404.218	0	0
XR_001740935.3	608	382.573	0	0
XR_001740938.2	1919	1691.29	0	0
XR_001740939.2	2098	1870.29	0	0
XR_001740940.2	432	218.698	0	0
XR_001740941.2	22046	21818.3	1.5872e-06	3.27381e-09
XR_001740943.3	2118	1890.29	0	0
XR_001740944.1	445	230.083	0	0
XR_001740949.2	1780	1552.29	0	0
XR_001740955.2	680	453.225	0	0
XR_001740958.1	4236	4008.29	0	0
XR_001740959.3	3188	2960.29	0	0
XR_001740975.2	1161	933.293	0	0
XR_001740977.2	274	100.891	0	0
XR_001740993.2	13987	13759.3	0	0
XR_001740994.2	3883	3655.29	8.20656	0.101037
XR_001740997.2	3347	3119.29	8	0.115419
XR_001740998.2	727	499.753	0	0
XR_001740999.3	876	648.427	0	0
XR_001741000.2	1574	1346.29	0	0
XR_001741002.2	584	359.207	0	0
XR_001741010.1	533	310.571	0	0
XR_001741011.2	890	662.427	0	0
XR_001741012.2	218	67.9952	0	0
XR_001741015.2	6358	6130.29	3	0.0220233
XR_001741018.2	3678	3450.29	0	0
XR_001741021.1	246	83.7785	0	0
XR_001741022.1	574	349.421	0	0
XR_001741024.2	1585	1357.29	0	0
XR_001741025.1	164	39.7643	0	0
XR_001741026.1	193	54.7097	0	0
XR_001741037.1	2078	1850.29	0	0
XR_001741038.1	2019	1791.29	0	0
XR_001741040.3	885	657.427	3	0.20536
XR_001741042.2	2197	1969.29	3	0.0685572
XR_001741050.2	3235	3007.29	0	0
XR_001741051.3	3718	3490.29	4.00105	0.0515887
XR_001741057.3	2539	2311.29	1	0.019471
XR_001741060.3	2738	2510.29	5	0.0896371
XR_001741061.2	3901	3673.29	0	0
XR_001741062.2	3802	3574.29	0	0
XR_001741070.2	1133	905.293	2	0.0994221
XR_001741071.2	2009	1781.29	0	0
XR_001741076.2	762	534.648	0	0
XR_001741077.3	857	629.427	0	0
XR_001741079.3	1260	1032.29	0	0
XR_001741080.3	597	371.913	0	0
XR_001741081.2	278	103.326	0	0
XR_001741083.2	3368	3140.29	0	0
XR_001741084.2	2159	1931.29	0	0
XR_001741086.2	2068	1840.29	0	0
XR_001741088.2	1611	1383.29	0	0
XR_001741090.2	1551	1323.29	2	0.0680168
XR_001741098.2	1927	1699.29	40.0722	1.06125
XR_001741112.3	7645	7417.29	0	0
XR_001741123.2	5696	5468.29	0	0
XR_001741133.2	4768	4540.29	0	0
XR_001741134.2	2282	2054.29	0	0
XR_001741135.2	2253	2025.29	0	0
XR_001741136.2	4501	4273.29	0	0
XR_001741137.2	4088	3860.29	0	0
XR_001741138.2	2246	2018.29	0	0
XR_001741139.2	4283	4055.29	0	0
XR_001741142.3	1612	1384.29	11.2911	0.367071
XR_001741158.3	595	369.951	14.0597	1.71031
XR_001741182.3	6719	6491.29	0.0170238	0.000118023
XR_001741185.2	6794	6566.29	36.6467	0.251164
XR_001741188.2	6764	6536.29	9.95454	0.0685381
XR_001741192.3	921	693.293	1	0.064912
XR_001741193.2	6259	6031.29	0	0
XR_001741210.2	1800	1572.29	0	0
XR_001741216.2	1632	1404.29	0	0
XR_001741218.2	3066	2838.29	0	0
XR_001741223.3	922	694.293	0	0
XR_001741247.3	3418	3190.29	0	0
XR_001741277.2	2481	2253.29	0	0
XR_001741278.1	1301	1073.29	0	0
XR_001741279.1	1254	1026.29	0	0
XR_001741302.2	8345	8117.29	0	0
XR_001741303.2	8360	8132.29	0	0
XR_001741304.2	8647	8419.29	0	0
XR_001741324.2	1625	1397.29	61.9446	1.99507
XR_001741329.2	1515	1287.29	0	0
XR_001741332.3	3597	3369.29	27.5115	0.367466
XR_001741334.3	933	705.293	89.3014	5.69811
XR_001741339.2	2371	2143.29	0	0
XR_001741340.2	2363	2135.29	0	0
XR_001741341.2	1178	950.293	5.02079	0.23777
XR_001741349.3	9576	9348.29	65.8275	0.316896
XR_001741350.3	9434	9206.29	34.378	0.16805
XR_001741353.3	2632	2404.29	225.001	4.21152
XR_001741367.1	1121	893.293	0	0
XR_001741369.2	2166	1938.29	0	0
XR_001741370.2	2161	1933.29	0	0
XR_001741371.2	2811	2583.29	1.23632	0.0215377
XR_001741374.1	482	263.537	0	0
XR_001741375.1	903	675.361	0	0
XR_001741376.2	258	91.0962	0	0
XR_001741377.2	214	65.919	0	0
XR_001741382.2	7969	7741.29	43	0.249975
XR_001741384.2	1826	1598.29	0	0
XR_001741385.2	1153	925.293	0	0
XR_001741386.2	1021	793.293	0	0
XR_001741387.2	3865	3637.29	6.15139	0.0761092
XR_001741390.1	1294	1066.29	0	0
XR_001741391.1	999	771.293	0	0
XR_001741392.1	513	291.914	1	0.154166
XR_001741393.2	574	349.421	0	0
XR_001741394.1	861	633.427	3	0.213141
XR_001741395.2	498	278.077	0	0
XR_001741396.2	620	394.338	0	0
XR_001741397.2	683	456.134	0	0
XR_001741398.2	4591	4363.29	0	0
XR_001741402.3	2905	2677.29	3.19695	0.0537381
XR_001741403.3	3136	2908.29	0	0
XR_001741404.2	3098	2870.29	0	0
XR_001741415.2	822	594.427	0	0
XR_001741419.3	565	340.768	0	0
XR_001741421.2	3692	3464.29	13.3125	0.172937
XR_001741422.1	936	708.293	0	0
XR_001741431.2	5251	5023.29	10.8789	0.0974625
XR_001741432.2	4531	4303.29	0	0
XR_001741433.2	987	759.293	0	0
XR_001741437.2	1621	1393.29	1	0.0322998
XR_001741441.2	13341	13113.3	9.18026	0.0315054
XR_001741442.2	1579	1351.29	0	0
XR_001741447.3	5563	5335.29	19	0.160265
XR_001741448.3	3152	2924.29	0	0
XR_001741449.3	545	321.964	0	0
XR_001741450.1	141	29.0088	0	0
XR_001741451.1	567	342.699	1	0.13132
XR_001741459.2	4879	4651.29	0	0
XR_001741464.1	635	409.096	0	0
XR_001741465.1	1567	1339.29	0	0
XR_001741466.1	1544	1316.29	0	0
XR_001741469.2	2773	2545.29	0	0
XR_001741481.2	244	82.6579	0	0
XR_001741489.2	949	721.293	0	0
XR_001741497.2	1009	781.293	0	0
XR_001741498.1	805	577.487	2	0.155858
XR_001741499.1	767	539.541	0	0
XR_001741500.1	461	244.098	0	0
XR_001741501.2	2207	1979.29	2	0.0454739
XR_001741502.2	3110	2882.29	0	0
XR_001741503.1	702	474.947	0	0
XR_001741504.2	250	85.998	0	0
XR_001741505.2	1406	1178.29	0	0
XR_001741510.1	822	594.427	0	0
XR_001741512.1	786	558.487	0	0
XR_001741513.2	3406	3178.29	0	0
XR_001741514.2	516	294.675	0	0
XR_001741515.2	1160	932.293	0	0
XR_001741518.2	336	142.48	0	0
XR_001741519.3	754	526.701	0	0
XR_001741520.3	3728	3500.29	3.01258	0.0387325
XR_001741523.1	584	359.207	0	0
XR_001741525.1	550	326.571	0	0
XR_001741526.1	1431	1203.29	0	0
XR_001741527.2	688	461.088	0	0
XR_001741528.1	861	633.427	0	0
XR_001741529.2	268	97.2933	0	0
XR_001741530.1	468	250.385	0	0
XR_001741543.2	1551	1323.29	18.0212	0.612873
XR_001741544.2	1752	1524.29	12.6621	0.373836
XR_001741545.2	857	629.427	3.33786	0.238652
XR_001741546.1	2368	2140.29	24	0.504638
XR_001741550.2	5224	4996.29	12.0121	0.108197
XR_001741551.3	743	515.753	12	1.04709
XR_001741552.2	1056	828.293	0	0
XR_001741554.2	2071	1843.29	10.4327	0.254709
XR_001741555.2	1230	1002.29	0	0
XR_001741557.2	7734	7506.29	12.4576	0.0746878
XR_001741559.3	880	652.427	2.00014	0.137965
XR_001741564.2	1975	1747.29	2	0.0515118
XR_001741565.2	465	247.59	0	0
XR_001741568.3	300	117.761	0	0
XR_001741572.2	866	638.427	2.46498	0.173758
XR_001741577.3	1281	1053.29	0	0
XR_001741578.3	1990	1762.29	4.37795	0.111798
XR_001741579.3	2008	1780.29	0	0
XR_001741580.3	1219	991.293	0	0
XR_001741581.3	1200	972.293	0	0
XR_001741583.3	3327	3099.29	10.9282	0.158682
XR_001741584.3	4827	4599.29	34.128	0.333935
XR_001741585.3	1318	1090.29	0	0
XR_001741586.3	985	757.293	0	0
XR_001741593.2	1437	1209.29	0	0
XR_001741594.2	1484	1256.29	0	0
XR_001741595.2	2342	2114.29	0	0
XR_001741596.2	1468	1240.29	0	0
XR_001741597.2	2261	2033.29	9.48652	0.209966
XR_001741598.1	1595	1367.29	0	0
XR_001741599.2	2035	1807.29	0	0
XR_001741600.2	2004	1776.29	0	0
XR_001741601.2	8423	8195.29	2.96261	0.0162687
XR_001741602.2	7691	7463.29	0	0
XR_001741604.2	541	318.158	0	0
XR_001741605.2	717	489.852	0	0
XR_001741614.1	367	165.66	0	0
XR_001741620.3	4938	4710.29	2.27562	0.0217417
XR_001741623.3	5064	4836.29	0	0
XR_001741624.2	1915	1687.29	0	0
XR_001741626.2	660	433.717	0	0
XR_001741627.2	3209	2981.29	0	0
XR_001741628.2	12290	12062.3	9.05918	0.0337988
XR_001741631.2	3307	3079.29	5.23317	0.0764815
XR_001741633.2	3649	3421.29	0	0
XR_001741634.2	1583	1355.29	0	0
XR_001741635.2	1638	1410.29	0	0
XR_001741636.3	330	138.255	0	0
XR_001741637.3	892	664.361	185	12.5317
XR_001741638.3	814	586.487	0	0
XR_001741643.2	480	261.78	4.89294	0.841155
XR_001741653.1	391	184.59	0	0
XR_001741654.2	517	295.585	0	0
XR_001741655.1	3657	3429.29	0	0
XR_001741656.2	503	282.705	0	0
XR_001741667.2	28938	28710.3	21.0987	0.0330719
XR_001741677.3	5531	5303.29	1	0.00848588
XR_001741679.2	611	385.534	0	0
XR_001741680.3	695	468.041	0	0
XR_001741681.3	770	542.487	0	0
XR_001741682.3	668	441.629	0	0
XR_001741683.3	584	359.207	0	0
XR_001741684.1	197	56.9235	0	0
XR_001741685.2	1184	956.293	0	0
XR_001741686.2	923	695.293	0	0
XR_001741689.1	1162	934.293	0	0
XR_001741691.2	1981	1753.29	5.00967	0.128587
XR_001741692.3	7683	7455.29	3.80946	0.0229954
XR_001741694.2	939	711.293	5.71631	0.361667
XR_001741696.2	956	728.293	0	0
XR_001741697.2	807	579.487	0	0
XR_001741700.1	312	125.588	0	0
XR_001741701.2	1088	860.293	0	0
XR_001741702.3	1776	1548.29	1.82863	0.0531513
XR_001741703.1	1121	893.293	0	0
XR_001741704.2	976	748.293	0	0
XR_001741705.1	1583	1355.29	0	0
XR_001741711.2	2715	2487.29	0	0
XR_001741712.2	2894	2666.29	0	0
XR_001741713.3	3826	3598.29	2	0.0250136
XR_001741714.2	4867	4639.29	0	0
XR_001741715.2	260	92.282	0	0
XR_001741716.2	346	149.65	0	0
XR_001741717.1	3046	2818.29	1	0.0159682
XR_001741718.1	333	140.38	0	0
XR_001741722.2	8542	8314.29	1.00795	0.00545578
XR_001741728.2	1136	908.293	0	0
XR_001741729.1	1050	822.293	0	0
XR_001741730.1	1497	1269.29	0	0
XR_001741734.2	7122	6894.29	46.6485	0.304502
XR_001741738.2	1018	790.293	19.7755	1.12611
XR_001741739.2	1002	774.293	24.2245	1.40796
XR_001741741.2	1102	874.293	0	0
XR_001741742.1	834	606.427	0	0
XR_001741744.2	358	158.891	0	0
XR_001741746.1	4215	3987.29	2.00085	0.0225828
XR_001741753.2	1622	1394.29	0	0
XR_001741754.2	4134	3906.29	8.00037	0.0921696
XR_001741760.2	2700	2472.29	0	0
XR_001741761.2	2725	2497.29	0	0
XR_001741762.2	1163	935.293	0	0
XR_001741764.2	7847	7619.29	1	0.00590646
XR_001741771.2	835	607.427	1	0.074088
XR_001741777.2	3943	3715.29	0.434249	0.00526003
XR_001741778.1	449	233.505	0	0
XR_001741779.1	263	94.0409	0	0
XR_001741780.2	2326	2098.29	1.11267	0.023864
XR_001741784.2	7043	6815.29	10.0943	0.0666549
XR_001741785.3	428	215.312	1	0.209013
XR_001741794.2	1333	1105.29	14	0.570024
XR_001741795.2	4342	4114.29	8	0.0875058
XR_001741796.2	4060	3832.29	0	0
XR_001741797.2	4011	3783.29	0	0
XR_001741798.2	4057	3829.29	0	0
XR_001741799.1	3191	2963.29	0	0
XR_001741800.2	3914	3686.29	0	0
XR_001741802.2	534	311.445	1	0.144497
XR_001741804.2	2946	2718.29	23	0.38078
XR_001741806.2	1600	1372.29	0	0
XR_001741807.1	796	568.487	0	0
XR_001741811.2	733	505.753	0	0
XR_001741812.2	1173	945.293	1.00114	0.0476619
XR_001741813.2	6203	5975.29	0	0
XR_001741814.2	491	271.527	0	0
XR_001741815.2	3434	3206.29	0	0
XR_001741817.2	5269	5041.29	2	0.0178538
XR_001741818.2	3938	3710.29	0	0
XR_001741819.2	2299	2071.29	0	0
XR_001741820.2	2380	2152.29	0	0
XR_001741821.2	3438	3210.29	0	0
XR_001741822.2	317	129.052	0	0
XR_001741824.3	2073	1845.29	0	0
XR_001741825.2	7072	6844.29	6.64523	0.0436942
XR_001741826.1	2201	1973.29	0	0
XR_001741827.3	597	371.913	0	0
XR_001741842.2	770	542.487	8	0.663656
XR_001741843.2	1185	957.293	0	0
XR_001741861.1	1589	1361.29	0	0
XR_001741862.3	6543	6315.29	7.38631	0.0526352
XR_001741884.2	938	710.293	0	0
XR_001741885.1	828	600.427	0	0
XR_001741894.2	5598	5370.29	0	0
XR_001741895.2	793	565.487	0	0
XR_001741901.2	241	81.0542	0	0
XR_001741902.2	2355	2127.29	0	0
XR_001741903.1	1743	1515.29	0	0
XR_001741904.2	2374	2146.29	0	0
XR_001741905.2	2271	2043.29	0	0
XR_001741906.1	1371	1143.29	0	0
XR_001741907.2	1074	846.293	0	0
XR_001741910.2	744	516.753	0	0
XR_001741911.2	393	186.228	0	0
XR_001741912.2	674	447.496	0	0
XR_001741913.1	410	200.199	1	0.224792
XR_001741914.1	810	582.487	0	0
XR_001741915.3	240	80.5243	0	0
XR_001741917.2	3659	3431.29	0	0
XR_001741918.2	535	312.445	5	0.720175
XR_001741919.1	1313	1085.29	0	0
XR_001741920.1	682	455.179	0	0
XR_001741924.3	7229	7001.29	1.09269	0.00702364
XR_001741925.2	1019	791.293	0	0
XR_001741926.2	1343	1115.29	7.00464	0.282644
XR_001741935.1	405	196.152	0	0
XR_001741936.3	1641	1413.29	0	0
XR_001741937.3	1637	1409.29	6	0.191599
XR_001741938.2	1079	851.293	0	0
XR_001741939.2	2564	2336.29	0	0
XR_001741940.2	2057	1829.29	0	0
XR_001741941.2	1722	1494.29	0	0
XR_001741947.1	838	610.427	2	0.147448
XR_001741949.1	1400	1172.29	0	0
XR_001741958.2	958	730.293	3	0.18487
XR_001741960.2	6884	6656.29	0	0
XR_001741964.1	375	171.827	0	0
XR_001741969.2	442	227.417	0.25	0.049472
XR_001741971.3	2705	2477.29	71.3195	1.29561
XR_001741983.3	2671	2443.29	35.0594	0.64576
XR_001741987.2	2488	2260.29	4.6668	0.0929174
XR_001742034.2	9175	8947.29	6.42492	0.0323161
XR_001742035.2	9166	8938.29	25.5326	0.128553
XR_001742036.3	12233	12005.3	24.3137	0.0911425
XR_001742058.2	594	368.988	6.82429	0.832315
XR_001742065.3	2491	2263.29	12.8777	0.256059
XR_001742066.3	1518	1290.29	10.2656	0.358045
XR_001742173.3	2895	2667.29	1.79357	0.0302614
XR_001742177.2	7040	6812.29	3.9847	0.0263235
XR_001742181.2	2997	2769.29	4.45923	0.0724659
XR_001742182.2	3184	2956.29	0	0
XR_001742200.3	2464	2236.29	14.0967	0.283682
XR_001742203.3	1616	1388.29	51.6314	1.67369
XR_001742295.1	1163	935.293	0	0
XR_001742296.2	1063	835.293	0	0
XR_001742346.2	2340	2112.29	0.74916	0.0159611
XR_001742364.2	2263	2035.29	0	0
XR_001742365.3	1878	1650.29	0	0
XR_001742366.2	1924	1696.29	0	0
XR_001742388.2	4258	4030.29	0	0
XR_001742396.2	1910	1682.29	0	0
XR_001742398.2	1819	1591.29	0	0
XR_001742399.2	1733	1505.29	0	0
XR_001742403.2	303	119.67	0	0
XR_001742404.1	1101	873.293	0	0
XR_001742405.1	610	384.573	0	0
XR_001742406.2	907	679.293	0	0
XR_001742409.2	13572	13344.3	5.00136	0.0168669
XR_001742413.2	8513	8285.29	7.21089	0.0391673
XR_001742414.2	40550	40322.3	5.08627	0.00567671
XR_001742418.2	1174	946.293	0	0
XR_001742419.2	566	341.699	0	0
XR_001742420.3	1238	1010.29	0	0
XR_001742421.3	1144	916.293	0	0
XR_001742423.2	664	437.717	0	0
XR_001742424.2	670	443.585	0	0
XR_001742425.2	576	351.35	0	0
XR_001742436.3	401	192.714	0	0
XR_001742437.2	366	164.863	0	0
XR_001742441.2	519	297.525	0	0
XR_001742443.2	830	602.427	0	0
XR_001742447.2	343	147.405	0	0
XR_001742452.2	826	598.427	0	0
XR_001742454.2	8928	8700.29	29.0037	0.150024
XR_001742457.1	2648	2420.29	12.0944	0.224883
XR_001742458.2	1143	915.293	4	0.196672
XR_001742459.2	659	432.717	0	0
XR_001742460.1	2367	2139.29	1	0.0210364
XR_001742463.2	3762	3534.29	0	0
XR_001742465.2	1978	1750.29	0	0
XR_001742473.1	558	334.107	0	0
XR_001742489.2	6259	6031.29	0	0
XR_001742494.1	391	184.59	0	0
XR_001742495.1	431	217.835	0	0
XR_001742497.2	592	367.025	0	0
XR_001742498.2	1010	782.293	4	0.230108
XR_001742499.2	545	321.964	0	0
XR_001742500.1	363	162.855	0	0
XR_001742501.2	1163	935.293	0	0
XR_001742503.2	847	619.427	0	0
XR_001742504.1	216	66.8958	0	0
XR_001742505.1	429	216.04	0	0
XR_001742506.2	4873	4645.29	0	0
XR_001742509.1	624	398.259	1	0.113
XR_001742510.1	2900	2672.29	5	0.0842031
XR_001742511.1	780	552.487	1	0.0814555
XR_001742513.2	4856	4628.29	17.5021	0.170181
XR_001742514.2	1047	819.293	0	0
XR_001742515.2	520	298.404	0	0
XR_001742516.2	1424	1196.29	4.01157	0.15091
XR_001742517.2	2430	2202.29	1	0.0204346
XR_001742518.1	685	458.134	0	0
XR_001742519.2	279	103.985	0	0
XR_001742521.1	470	252.282	0	0
XR_001742522.2	2202	1974.29	0	0
XR_001742523.1	370	167.861	0	0
XR_001742524.1	411	201.028	0	0
XR_001742526.3	1491	1263.29	0	0
XR_001742528.2	1612	1384.29	0	0
XR_001742529.2	1147	919.293	0	0
XR_001742530.1	299	117.078	0	0
XR_001742531.2	2265	2037.29	10.8575	0.239838
XR_001742534.1	2089	1861.29	0	0
XR_001742535.2	741	513.753	0	0
XR_001742536.1	579	354.315	0	0
XR_001742537.2	627	401.259	0	0
XR_001742540.1	602	376.687	0	0
XR_001742541.1	477	258.967	1	0.173779
XR_001742543.1	1350	1122.29	0	0
XR_001742547.2	2282	2054.29	0	0
XR_001742552.2	5495	5267.29	0	0
XR_001742553.2	676	449.451	0	0
XR_001742554.2	11117	10889.3	74.3156	0.30713
XR_001742556.2	493	273.443	0	0
XR_001742557.2	945	717.293	0	0
XR_001742563.1	711	483.852	0	0
XR_001742565.2	630	404.218	0	0
XR_001742566.3	905	677.361	0	0
XR_001742567.2	1004	776.293	0	0
XR_001742568.1	1200	972.293	0	0
XR_001742570.2	851	623.427	0	0
XR_001742571.1	1141	913.293	0	0
XR_001742572.2	1114	886.293	0	0
XR_001742573.2	1076	848.293	0	0
XR_001742574.2	808	580.487	0	0
XR_001742575.2	1135	907.293	0	0
XR_001742576.2	1173	945.293	0	0
XR_001742577.1	1050	822.293	0	0
XR_001742578.1	529	306.759	0	0
XR_001742579.2	1371	1143.29	0	0
XR_001742581.1	598	372.913	0	0
XR_001742583.3	2264	2036.29	0	0
XR_001742584.3	2028	1800.29	0	0
XR_001742592.2	357	158.178	0	0
XR_001742595.2	243	81.9846	0	0
XR_001742597.2	5201	4973.29	0	0
XR_001742599.2	226	72.4338	0	0
XR_001742600.2	676	449.451	1	0.100129
XR_001742606.2	601	375.763	0	0
XR_001742607.2	5874	5646.29	0	0
XR_001742608.2	6309	6081.29	0	0
XR_001742610.1	4174	3946.29	1	0.0114039
XR_001742612.2	881	653.427	0	0
XR_001742613.2	369	167.159	0	0
XR_001742614.2	368	166.382	2	0.54096
XR_001742615.2	488	268.748	0	0
XR_001742616.2	7805	7577.29	9.90953	0.0588547
XR_001742620.2	433	219.537	0	0
XR_001742621.1	242	81.454	0	0
XR_001742624.2	457	240.449	0	0
XR_001742626.2	3683	3455.29	3.46808e-06	4.51697e-08
XR_001742630.2	3723	3495.29	29.6004	0.381115
XR_001742632.2	787	559.487	0	0
XR_001742638.2	2331	2103.29	0	0
XR_001742645.2	3657	3429.29	0	0
XR_001742649.2	2257	2029.29	0	0
XR_001742650.2	990	762.293	0	0
XR_001742651.2	400	191.921	0	0
XR_001742668.2	361	161.348	0	0
XR_001742671.2	417	206.073	0	0
XR_001742672.2	1977	1749.29	0	0
XR_001742673.2	1757	1529.29	4	0.117709
XR_001742674.2	1811	1583.29	0	0
XR_001742675.2	1787	1559.29	0	0
XR_001742681.2	759	531.648	2	0.169297
XR_001742682.2	756	528.701	0	0
XR_001742683.2	2734	2506.29	0	0
XR_001742692.1	324	134.113	1	0.335561
XR_001742693.1	1819	1591.29	0	0
XR_001742694.1	1594	1366.29	8.65434	0.285057
XR_001742700.1	3113	2885.29	0	0
XR_001742709.2	541	318.158	0	0
XR_001742722.2	2039	1811.29	0	0
XR_001742723.2	1735	1507.29	0	0
XR_001742725.3	5864	5636.29	0	0
XR_001742726.2	5869	5641.29	3.81341	0.0304212
XR_001742727.3	9907	9679.29	0	0
XR_001742728.3	5254	5026.29	0	0
XR_001742733.3	5263	5035.29	6.55752	0.0586081
XR_001742742.2	7384	7156.29	6	0.0377316
XR_001742743.2	481	262.672	0	0
XR_001742745.1	2065	1837.29	0	0
XR_001742746.1	807	579.487	0	0
XR_001742747.2	503	282.705	0	0
XR_001742748.2	582	357.279	1	0.125961
XR_001742750.2	739	511.753	0	0
XR_001742755.1	1212	984.293	0	0
XR_001742756.1	1012	784.293	1.00071	0.0574211
XR_001742758.2	7303	7075.29	29.2254	0.185891
XR_001742759.2	17524	17296.3	29.4626	0.0766585
XR_001742771.2	458	241.399	0	0
XR_001742775.2	6234	6006.29	13.4505	0.10078
XR_001742789.2	832	604.427	0	0
XR_001742795.2	1574	1346.29	0	0
XR_001742801.2	651	424.846	0	0
XR_001742802.2	581	356.279	0	0
XR_001742803.1	1055	827.293	0	0
XR_001742804.2	9497	9269.29	5	0.0242754
XR_001742805.2	9873	9645.29	2.00006	0.00933192
XR_001742806.2	9935	9707.29	0	0
XR_001742808.2	5800	5572.29	0	0
XR_001742811.3	2216	1988.29	0	0
XR_001742812.1	475	257.02	0	0
XR_001742813.2	6919	6691.29	7.0064	0.0471224
XR_001742818.2	1003	775.293	2.8606	0.166048
XR_001742822.1	1629	1401.29	2	0.0642308
XR_001742824.2	994	766.293	0	0
XR_001742825.3	6830	6602.29	1.00067	0.00682082
XR_001742826.3	7618	7390.29	5.81092	0.0353855
XR_001742827.1	2374	2146.29	0	0
XR_001742828.2	716	488.852	0	0
XR_001742829.2	3381	3153.29	5.20677	0.0743098
XR_001742830.2	4996	4768.29	3.00006	0.0283145
XR_001742831.2	5140	4912.29	0	0
XR_001742832.1	1732	1504.29	0	0
XR_001742833.2	801	573.487	0	0
XR_001742836.2	1437	1209.29	0	0
XR_001742838.2	3556	3328.29	0	0
XR_001742841.1	404	195.215	0	0
XR_001742858.2	7005	6777.29	9	0.0597625
XR_001742859.2	2590	2362.29	0	0
XR_001742862.1	433	219.537	0	0
XR_001742863.2	585	360.171	0	0
XR_001742865.2	290	111.126	0	0
XR_001742867.2	4863	4635.29	0	0
XR_001742868.2	2675	2447.29	25.1684	0.46282
XR_001742869.2	3699	3471.29	2.84889	0.036934
XR_001742871.2	427	214.584	0	0
XR_001742872.2	487	267.803	0	0
XR_001742873.2	442	227.417	0	0
XR_001742874.3	463	245.87	0	0
XR_001742875.2	356	157.501	0	0
XR_001742880.1	2569	2341.29	0	0
XR_001742881.1	507	286.472	0	0
XR_001742887.2	2197	1969.29	0	0
XR_001742899.1	520	298.404	0	0
XR_001742900.1	487	267.803	0	0
XR_001742904.2	937	709.293	1	0.0634478
XR_001742905.2	515	293.705	0	0
XR_001742906.2	10517	10289.3	5.19855	0.0227373
XR_001742907.3	2815	2587.29	11.0025	0.191376
XR_001742909.3	13401	13173.3	3.00874	0.0102786
XR_001742911.2	252	87.2826	0	0
XR_001742913.2	527	304.945	0	0
XR_001742914.2	456	239.672	0	0
XR_001742915.1	617	391.417	0	0
XR_001742922.2	16707	16479.3	7.11107	0.0194195
XR_001742933.2	606	380.649	0	0
XR_001742934.2	483	264.32	0	0
XR_001742935.2	1121	893.293	0	0
XR_001742936.2	1401	1173.29	4	0.153425
XR_001742937.1	623	397.299	0	0
XR_001742939.1	3912	3684.29	20	0.244297
XR_001742940.2	1152	924.293	0	0
XR_001742941.1	1942	1714.29	0	0
XR_001742942.1	651	424.846	40	4.23712
XR_001742943.2	948	720.293	6.07507	0.379563
XR_001742949.2	561	336.904	0	0
XR_001742957.2	741	513.753	0	0
XR_001742958.1	799	571.487	0	0
XR_001742959.1	566	341.699	2	0.263408
XR_001742960.2	680	453.225	0	0
XR_001742961.2	1614	1386.29	0	0
XR_001742962.3	484	265.13	0	0
XR_001742963.1	1642	1414.29	1	0.0318202
XR_001742965.1	1754	1526.29	0	0
XR_001742973.2	177	46.3929	0	0
XR_001742974.1	1151	923.293	0	0
XR_001742975.1	1173	945.293	0	0
XR_001742976.2	811	583.487	0	0
XR_001742977.2	643	416.972	0	0
XR_001742978.3	5179	4951.29	0	0
XR_001742980.2	7727	7499.29	4.03786	0.0242311
XR_001742981.2	2976	2748.29	0	0
XR_001742982.2	2849	2621.29	0	0
XR_001742983.2	1828	1600.29	0	0
XR_001742984.2	2924	2696.29	0	0
XR_001742985.3	4522	4294.29	3.00166	0.0314566
XR_001742987.2	3159	2931.29	0	0
XR_001742994.2	1492	1264.29	0	0
XR_001742995.2	6174	5946.29	8.04365	0.0608764
XR_001742996.2	6285	6057.29	0	0
XR_001742997.1	687	460.134	0	0
XR_001743001.1	4093	3865.29	1	0.0116429
XR_001743002.2	507	286.472	0	0
XR_001743004.2	371	168.6	0	0
XR_001743005.2	291	111.803	0	0
XR_001743010.1	405	196.152	3	0.68829
XR_001743014.1	359	159.675	0	0
XR_001743018.2	1170	942.293	0	0
XR_001743019.2	1116	888.293	0	0
XR_001743020.2	1240	1012.29	0	0
XR_001743021.2	1245	1017.29	0	0
XR_001743022.2	2369	2141.29	1	0.0210168
XR_001743023.2	1146	918.293	0	0
XR_001743024.2	1127	899.293	0	0
XR_001743039.2	325	134.886	1	0.333638
XR_001743041.1	1129	901.293	1	0.0499317
XR_001743050.3	1472	1244.29	1.00018	0.0361741
XR_001743088.3	2091	1863.29	1.90166	0.0459298
XR_001743134.2	2235	2007.29	0	0
XR_001743135.2	2672	2444.29	0	0
XR_001743136.2	2835	2607.29	0	0
XR_001743174.3	2503	2275.29	5.58488	0.110464
XR_001743178.2	1471	1243.29	0	0
XR_001743219.3	1992	1764.29	0	0
XR_001743220.3	1974	1746.29	0	0
XR_001743238.2	1882	1654.29	0	0
XR_001743335.2	504	283.647	0	0
XR_001743344.3	1232	1004.29	0	0
XR_001743373.2	1412	1184.29	0	0
XR_001743374.2	1755	1527.29	2.8374	0.0836065
XR_001743415.1	2569	2341.29	0	0
XR_001743419.3	1645	1417.29	0	0
XR_001743468.3	3051	2823.29	0	0
XR_001743469.2	11764	11536.3	0	0
XR_001743480.3	4261	4033.29	212.982	2.37644
XR_001743505.2	5837	5609.29	1.17135	0.00939768
XR_001743506.3	2204	1976.29	0	0
XR_001743524.2	11915	11687.3	0	0
XR_001743546.3	2192	1964.29	16.8165	0.385276
XR_001743575.2	1781	1553.29	2.40654	0.0697238
XR_001743668.3	11578	11350.3	70.5099	0.279567
XR_001743670.3	5954	5726.29	0	0
XR_001743692.2	1085	857.293	0	0
XR_001743754.3	1323	1095.29	0	0
XR_001743755.3	1226	998.293	0	0
XR_001743788.2	10507	10279.3	1.07676	0.00471408
XR_001743800.2	319	130.608	0	0
XR_001743802.3	1155	927.293	1	0.0485317
XR_001743806.2	394	187.168	0	0
XR_001743807.2	351	153.209	0	0
XR_001743809.2	6535	6307.29	4.00277	0.0285601
XR_001743812.2	768	540.541	0	0
XR_001743819.3	3629	3401.29	0	0
XR_001743822.3	376	172.561	0	0
XR_001743823.3	311	124.914	0	0
XR_001743824.3	5369	5141.29	8.24567	0.0721765
XR_001743825.2	3249	3021.29	2.30328	0.034308
XR_001743826.1	2173	1945.29	1	0.0231343
XR_001743831.2	657	430.76	0	0
XR_001743833.2	2735	2507.29	0	0
XR_001743836.2	2424	2196.29	0.731932	0.0149976
XR_001743837.2	841	613.427	0	0
XR_001743851.2	466	248.539	0	0
XR_001743853.2	452	236.066	0	0
XR_001743859.2	15087	14859.3	5.33948	0.0161712
XR_001743860.2	14100	13872.3	11.9718	0.0388378
XR_001743865.2	921	693.293	1	0.064912
XR_001743866.2	12533	12305.3	20	0.0731443
XR_001743876.1	1038	810.293	0	0
XR_001743878.2	1520	1292.29	0	0
XR_001743880.1	453	236.993	0	0
XR_001743881.1	611	385.534	9	1.05056
XR_001743884.1	1649	1421.29	0	0
XR_001743886.1	560	336.006	0	0
XR_001743887.2	2622	2394.29	0	0
XR_001743890.2	272	99.7041	0	0
XR_001743891.1	359	159.675	0	0
XR_001743897.2	3011	2783.29	0	0
XR_001743898.1	465	247.59	0	0
XR_001743899.1	1180	952.293	0	0
XR_001743900.2	664	437.717	0	0
XR_001743902.2	1061	833.293	0	0
XR_001743903.2	1035	807.293	0	0
XR_001743904.3	2217	1989.29	1.04058	0.0235407
XR_001743905.2	452	236.066	0	0
XR_001743907.1	577	352.35	0	0
XR_001743915.2	2247	2019.29	0	0
XR_001743918.2	9180	8952.29	4	0.020108
XR_001743921.2	1086	858.293	1.25898e-07	6.60122e-09
XR_001743922.2	3458	3230.29	10.9906	0.153116
XR_001743928.3	2420	2192.29	4.87798	0.100134
XR_001743931.2	1717	1489.29	1.0039	0.0303356
XR_001743932.3	13878	13650.3	77.7284	0.256259
XR_001743933.2	258	91.0962	0	0
XR_001743934.1	554	330.174	0	0
XR_001743939.2	410	200.199	6	1.34875
XR_001743940.2	572	347.526	1.81988	0.235666
XR_001743941.2	1417	1189.29	0	0
XR_001743949.2	5502	5274.29	6.51147	0.0555594
XR_001743950.2	689	462.088	0	0
XR_001743951.1	2145	1917.29	0	0
XR_001743952.1	1839	1611.29	0	0
XR_001743953.1	1839	1611.29	0	0
XR_001743954.1	1778	1550.29	0	0
XR_001743955.1	1065	837.293	0	0
XR_001743957.2	562	337.904	0	0
XR_001743960.1	532	309.634	0	0
XR_001743961.2	1001	773.293	0	0
XR_001743967.2	9162	8934.29	20.792	0.104732
XR_001743970.2	2317	2089.29	0	0
XR_001743973.2	480	261.78	0	0
XR_001743974.2	608	382.573	0	0
XR_001743975.2	1016	788.293	0	0
XR_001743976.2	1012	784.293	0	0
XR_001743977.2	1123	895.293	0	0
XR_001743980.1	377	173.351	0	0
XR_001743981.1	508	287.414	0	0
XR_001743982.1	445	230.083	0	0
XR_001743983.2	1512	1284.29	0	0
XR_001743986.3	1773	1545.29	7.30121	0.212631
XR_001743992.2	11657	11429.3	0	0
XR_001743994.3	7679	7451.29	0	0
XR_001743995.3	7722	7494.29	0.999728	0.00600334
XR_001743996.3	7767	7539.29	0.000272487	1.62651e-06
XR_001743997.3	4958	4730.29	0	0
XR_001743999.3	4280	4052.29	0	0
XR_001744001.2	3003	2775.29	0	0
XR_001744006.2	2938	2710.29	3	0.0498135
XR_001744007.2	687	460.134	0	0
XR_001744010.1	652	425.803	0	0
XR_001744014.3	3011	2783.29	2	0.032338
XR_001744021.2	1394	1166.29	0	0
XR_001744022.2	851	623.427	0	0
XR_001744023.2	560	336.006	0	0
XR_001744024.2	747	519.701	0	0
XR_001744025.1	1831	1603.29	0	0
XR_001744026.2	5810	5582.29	0	0
XR_001744046.2	2408	2180.29	0	0
XR_001744048.2	252	87.2826	0	0
XR_001744053.2	3465	3237.29	15	0.208522
XR_001744055.2	2754	2526.29	0	0
XR_001744057.3	6143	5915.29	19.501	0.148362
XR_001744059.3	11355	11127.3	0	0
XR_001744062.2	10852	10624.3	0	0
XR_001744063.3	10696	10468.3	0	0
XR_001744073.2	316	128.304	0	0
XR_001744074.1	469	251.307	0	0
XR_001744075.1	333	140.38	0	0
XR_001744077.2	510	289.15	0	0
XR_001744097.2	3326	3098.29	1	0.0145251
XR_001744099.2	11580	11352.3	47.1789	0.187028
XR_001744102.2	11431	11203.3	0	0
XR_001744107.2	1495	1267.29	0	0
XR_001744111.2	1532	1304.29	1	0.0345038
XR_001744112.1	566	341.699	0	0
XR_001744113.3	3403	3175.29	0	0
XR_001744114.1	2566	2338.29	0	0
XR_001744118.2	670	443.585	0	0
XR_001744119.2	1868	1640.29	4.02583	0.110453
XR_001744122.2	626	400.259	6.0288	0.677848
XR_001744123.2	4236	4008.29	0	0
XR_001744124.2	1105	877.293	8.99877	0.461616
XR_001744130.1	755	527.701	0	0
XR_001744147.2	1267	1039.29	0	0
XR_001744148.2	1122	894.293	0	0
XR_001744150.2	399	191.106	0	0
XR_001744151.1	1837	1609.29	0	0
XR_001744152.1	1605	1377.29	0	0
XR_001744154.1	1826	1598.29	0	0
XR_001744155.1	1788	1560.29	0	0
XR_001744156.1	1594	1366.29	0	0
XR_001744159.2	2994	2766.29	0	0
XR_001744160.2	3729	3501.29	0	0
XR_001744161.2	842	614.427	0	0
XR_001744164.2	896	668.361	0	0
XR_001744165.2	1180	952.293	0	0
XR_001744172.2	218	67.9952	0	0
XR_001744174.2	339	144.406	0	0
XR_001744176.3	3059	2831.29	39.0023	0.619937
XR_001744178.2	4269	4041.29	4.83514	0.0538432
XR_001744179.1	1593	1365.29	1	0.0329622
XR_001744187.1	382	177.405	0	0
XR_001744188.1	1007	779.293	0	0
XR_001744190.1	598	372.913	0	0
XR_001744191.1	702	474.947	0	0
XR_001744194.1	887	659.427	0	0
XR_001744196.2	488	268.748	0	0
XR_001744197.1	227	73.0147	0	0
XR_001744205.2	9149	8921.29	0	0
XR_001744206.2	9225	8997.29	0	0
XR_001744207.2	8993	8765.29	0	0
XR_001744210.2	1576	1348.29	0	0
XR_001744213.2	2992	2764.29	2.79944e-08	4.55753e-10
XR_001744214.2	2954	2726.29	4.88539	0.0806435
XR_001744215.3	5039	4811.29	1.11601	0.0104388
XR_001744216.3	4301	4073.29	0	0
XR_001744222.2	25246	25018.3	0	0
XR_001744231.2	2769	2541.29	3	0.0531262
XR_001744232.2	1215	987.293	0	0
XR_001744233.3	1912	1684.29	2	0.0534385
XR_001744234.1	789	561.487	0	0
XR_001744235.2	5767	5539.29	0	0
XR_001744236.1	425	212.877	0	0
XR_001744237.1	261	92.9009	0	0
XR_001744239.1	2494	2266.29	0	0
XR_001744242.1	1426	1198.29	1	0.037556
XR_001744243.1	2357	2129.29	0	0
XR_001744244.2	4229	4001.29	9.96721	0.112103
XR_001744246.1	2762	2534.29	0	0
XR_001744250.1	5095	4867.29	0	0
XR_001744251.1	4949	4721.29	0	0
XR_001744252.3	1400	1172.29	0	0
XR_001744254.2	610	384.573	0	0
XR_001744257.2	243	81.9846	0	0
XR_001744258.2	1126	898.293	0	0
XR_001744259.1	1880	1652.29	0	0
XR_001744260.1	454	237.87	0	0
XR_001744261.3	592	367.025	0	0
XR_001744262.2	2426	2198.29	1	0.0204718
XR_001744263.2	5299	5071.29	0	0
XR_001744264.2	3282	3054.29	0	0
XR_001744265.3	16888	16660.3	0	0
XR_001744269.1	363	162.855	0	0
XR_001744271.2	1614	1386.29	0	0
XR_001744272.2	1491	1263.29	1	0.0356236
XR_001744273.2	2061	1833.29	0	0
XR_001744274.2	725	497.753	0	0
XR_001744275.2	629	403.218	0	0
XR_001744280.2	2043	1815.29	1	0.0247911
XR_001744291.2	739	511.753	0	0
XR_001744292.2	886	658.427	0	0
XR_001744293.1	517	295.585	0	0
XR_001744296.2	724	496.802	0	0
XR_001744298.2	3244	3016.29	0	0
XR_001744299.2	853	625.427	4.04411	0.290997
XR_001744300.1	887	659.427	0	0
XR_001744301.2	758	530.648	0	0
XR_001744302.1	773	545.487	0	0
XR_001744303.1	699	471.947	0	0
XR_001744304.2	739	511.753	0	0
XR_001744305.2	1241	1013.29	0	0
XR_001744307.1	765	537.541	0	0
XR_001744308.2	577	352.35	0	0
XR_001744309.1	536	313.414	0	0
XR_001744310.1	560	336.006	0	0
XR_001744311.1	585	360.171	0	0
XR_001744312.2	818	590.487	29.0953	2.21745
XR_001744315.2	525	303.13	0	0
XR_001744317.2	975	747.293	0	0
XR_001744318.2	1060	832.293	0	0
XR_001744321.2	4165	3937.29	0	0
XR_001744323.2	3434	3206.29	0	0
XR_001744324.2	2651	2423.29	0	0
XR_001744325.2	6165	5937.29	0	0
XR_001744328.3	4228	4000.29	1	0.0112499
XR_001744333.2	8554	8326.29	39.6176	0.21413
XR_001744334.2	7293	7065.29	3.94322	0.0251167
XR_001744337.2	2184	1956.29	19.0115	0.437346
XR_001744339.2	5098	4870.29	4	0.0369613
XR_001744344.2	2647	2419.29	0	0
XR_001744345.3	1481	1253.29	1.02868	0.0369377
XR_001744346.1	1127	899.293	0	0
XR_001744363.2	615	389.417	0	0
XR_001744364.2	562	337.904	0	0
XR_001744367.2	1220	992.293	4.91744	0.223019
XR_001744368.2	384	178.976	0	0
XR_001744381.2	2438	2210.29	5.0034	0.101873
XR_001744382.1	1033	805.293	1	0.0558841
XR_001744383.2	844	616.427	0	0
XR_001744384.2	724	496.802	0	0
XR_001744385.2	2069	1841.29	0	0
XR_001744387.3	1953	1725.29	2	0.0521686
XR_001744388.2	1971	1743.29	0	0
XR_001744389.2	2733	2505.29	0	0
XR_001744392.2	13406	13178.3	98.9831	0.338022
XR_001744394.2	228	73.5821	0	0
XR_001744395.1	2449	2221.29	1	0.0202599
XR_001744397.3	10309	10081.3	38.9194	0.173737
XR_001744401.2	10599	10371.3	3.27358	0.0142047
XR_001744402.3	3143	2915.29	2.90009	0.0447683
XR_001744405.2	841	613.427	0	0
XR_001744408.2	14808	14580.3	26.2819	0.0811209
XR_001744415.1	706	478.9	3	0.281916
XR_001744416.2	1450	1222.29	0	0
XR_001744421.1	3177	2949.29	1	0.0152589
XR_001744422.2	1165	937.293	11.903	0.571509
XR_001744423.2	1854	1626.29	6.1096	0.169066
XR_001744424.2	2939	2711.29	0	0
XR_001744427.2	3280	3052.29	0	0
XR_001744432.3	284	107.25	0	0
XR_001744433.3	327	136.154	0	0
XR_001744434.2	2794	2566.29	0	0
XR_001744437.2	4782	4554.29	0	0
XR_001744457.2	332	139.579	0	0
XR_001744458.2	2929	2701.29	6.31581	0.10522
XR_001744460.3	3029	2801.29	0	0
XR_001744462.2	1782	1554.29	0	0
XR_001744463.3	1689	1461.29	0	0
XR_001744464.2	2930	2702.29	5	0.0832683
XR_001744466.2	540	317.191	0	0
XR_001744470.2	520	298.404	0	0
XR_001744471.2	1382	1154.29	0	0
XR_001744472.2	7682	7454.29	0	0
XR_001744480.1	1548	1320.29	0	0
XR_001744483.2	3731	3503.29	0	0
XR_001744484.3	3527	3299.29	0	0
XR_001744485.3	3022	2794.29	0	0
XR_001744486.3	3189	2961.29	1	0.0151971
XR_001744488.3	476	257.994	0	0
XR_001744491.2	2011	1783.29	0	0
XR_001744492.2	4139	3911.29	0.5	0.00575297
XR_001744493.2	1987	1759.29	0	0
XR_001744494.3	4157	3929.29	0	0
XR_001744503.2	971	743.293	52.7405	3.1932
XR_001744505.2	1238	1010.29	0	0
XR_001744530.2	3070	2842.29	2.0766	0.0328796
XR_001744543.2	7075	6847.29	0	0
XR_001744563.2	1100	872.293	4.71121	0.243059
XR_001744571.2	1958	1730.29	0	0
XR_001744630.2	1735	1507.29	0	0
XR_001744665.2	2246	2018.29	232.325	5.18028
XR_001744666.3	2183	1955.29	6.61382	0.152224
XR_001744670.3	2210	1982.29	473.758	10.7555
XR_001744671.3	1688	1460.29	1177.98	36.3028
XR_001744672.3	1917	1689.29	215.356	5.73713
XR_001744673.3	1625	1397.29	76.0177	2.44833
XR_001744674.3	1854	1626.29	10.2535	0.283735
XR_001744687.2	4230	4002.29	0	0
XR_001744700.2	1111	883.293	0	0
XR_001744701.2	1107	879.293	0	0
XR_001744720.2	1553	1325.29	0	0
XR_001744721.2	2278	2050.29	0	0
XR_001744723.2	5515	5287.29	0	0
XR_001744759.1	2007	1779.29	0	0
XR_001744802.1	2924	2696.29	0	0
XR_001744803.1	3018	2790.29	0	0
XR_001744810.3	2892	2664.29	0	0
XR_001744817.2	1675	1447.29	0	0
XR_001744837.2	2221	1993.29	8.78945	0.198442
XR_001744840.2	1824	1596.29	15.1225	0.426337
XR_001744841.2	1699	1471.29	0	0
XR_001744845.3	7719	7491.29	15.8093	0.0949724
XR_001744861.3	4300	4072.29	1.44137e-06	1.59286e-08
XR_001744862.3	3428	3200.29	0	0
XR_001744863.3	4207	3979.29	0.225672	0.00255219
XR_001744873.3	2869	2641.29	24.0924	0.410492
XR_001744887.3	7869	7641.29	109.837	0.646879
XR_001744888.3	7103	6875.29	0	0
XR_001744889.3	6938	6710.29	0	0
XR_001744890.3	6832	6604.29	0	0
XR_001744897.3	51431	51203.3	5.15893	0.00453424
XR_001744898.3	52846	52618.3	0	0
XR_001744904.2	556	332.141	0	0
XR_001744910.3	905	677.361	9	0.59795
XR_001744911.2	5138	4910.29	0	0
XR_001744918.2	410	200.199	0	0
XR_001744922.1	2678	2450.29	0	0
XR_001744923.1	2443	2215.29	0	0
XR_001744924.1	2199	1971.29	0	0
XR_001744926.1	2090	1862.29	0	0
XR_001744928.2	4915	4687.29	4.08786	0.0392478
XR_001744929.1	2016	1788.29	0	0
XR_001744930.1	1808	1580.29	0	0
XR_001744931.2	11266	11038.3	0	0
XR_001744932.2	655	428.76	0	0
XR_001744935.2	3758	3530.29	3.82684	0.0487834
XR_001744938.2	7180	6952.29	0	0
XR_001744945.1	2257	2029.29	34.0028	0.75407
XR_001744947.2	576	351.35	1	0.128086
XR_001744948.3	2583	2355.29	9.4325	0.180229
XR_001744949.2	518	296.555	1.57273	0.238666
XR_001744950.2	3579	3351.29	0	0
XR_001744957.2	789	561.487	0	0
XR_001744958.1	1004	776.293	0	0
XR_001744959.2	742	514.753	0	0
XR_001744960.2	856	628.427	0	0
XR_001744961.2	4287	4059.29	11.2385	0.124595
XR_001744962.2	483	264.32	0	0
XR_001744963.2	595	369.951	0	0
XR_001744964.2	391	184.59	2	0.4876
XR_001744967.1	337	143.078	0	0
XR_001744968.3	518	296.555	13	1.97279
XR_001744970.3	498	278.077	0	0
XR_001744971.2	974	746.293	0	0
XR_001744984.2	4936	4708.29	5.8209	0.0556376
XR_001744986.2	538	315.318	0	0
XR_001744993.1	298	116.438	0	0
XR_001744994.2	291	111.803	0	0
XR_001744999.2	514	292.795	0	0
XR_001745001.3	237	78.7087	0	0
XR_001745002.1	4006	3778.29	2.00493	0.0238807
XR_001745007.1	1692	1464.29	0	0
XR_001745008.2	488	268.748	0	0
XR_001745009.1	373	170.281	0	0
XR_001745010.1	361	161.348	0	0
XR_001745011.3	2908	2680.29	5.92779	0.0995298
XR_001745012.2	1267	1039.29	0	0
XR_001745013.2	1044	816.293	3	0.165393
XR_001745014.1	887	659.427	0	0
XR_001745018.2	290	111.126	0	0
XR_001745019.2	585	360.171	0	0
XR_001745020.1	1277	1049.29	0	0
XR_001745021.1	1199	971.293	0	0
XR_001745022.3	671	444.496	0	0
XR_001745023.1	1071	843.293	0	0
XR_001745024.2	942	714.293	9	0.567033
XR_001745025.2	510	289.15	0	0
XR_001745026.2	426	213.764	0	0
XR_001745027.1	376	172.561	0	0
XR_001745028.1	231	75.3292	0	0
XR_001745029.2	584	359.207	0	0
XR_001745032.2	264	94.6304	0	0
XR_001745033.3	1505	1277.29	9	0.317098
XR_001745034.2	812	584.487	0	0
XR_001745046.2	1094	866.293	2	0.103898
XR_001745048.2	3984	3756.29	5.29251	0.063408
XR_001745057.2	2888	2660.29	8	0.135333
XR_001745059.2	1034	806.293	0	0
XR_001745062.3	202	59.5762	0	0
XR_001745063.2	7017	6789.29	37	0.245256
XR_001745066.2	2223	1995.29	0	0
XR_001745068.2	629	403.218	0	0
XR_001745069.2	857	629.427	0	0
XR_001745073.1	573	348.421	0	0
XR_001745074.2	1966	1738.29	7.22615	0.18708
XR_001745075.2	5629	5401.29	5.13831	0.0428119
XR_001745076.2	1021	793.293	0	0
XR_001745081.1	381	176.619	0	0
XR_001745084.2	419	207.876	0	0
XR_001745088.2	3719	3491.29	0	0
XR_001745089.1	5824	5596.29	0	0
XR_001745090.2	471	253.178	0	0
XR_001745091.3	625	399.259	0	0
XR_001745093.2	943	715.293	0	0
XR_001745097.2	290	111.126	0	0
XR_001745100.2	4381	4153.29	0	0
XR_001745101.2	1012	784.293	0	0
XR_001745107.2	2200	1972.29	0	0
XR_001745108.1	7094	6866.29	24	0.157301
XR_001745109.2	2761	2533.29	1	0.0177647
XR_001745112.2	1913	1685.29	0	0
XR_001745115.2	1064	836.293	0	0
XR_001745119.2	1525	1297.29	0	0
XR_001745121.2	1696	1468.29	0	0
XR_001745122.2	1567	1339.29	0	0
XR_001745123.2	1415	1187.29	0	0
XR_001745124.2	1468	1240.29	0	0
XR_001745125.2	1217	989.293	0	0
XR_001745127.2	1706	1478.29	0	0
XR_001745128.2	4504	4276.29	0	0
XR_001745129.2	943	715.293	0	0
XR_001745130.2	1329	1101.29	0	0
XR_001745131.2	382	177.405	0	0
XR_001745132.2	828	600.427	0	0
XR_001745151.2	415	204.487	0	0
XR_001745153.1	1292	1064.29	0	0
XR_001745154.2	1218	990.293	1	0.0454442
XR_001745155.2	1473	1245.29	0	0
XR_001745156.2	3880	3652.29	0	0
XR_001745158.1	377	173.351	0	0
XR_001745159.1	376	172.561	0	0
XR_001745160.2	359	159.675	0	0
XR_001745161.3	1849	1621.29	0	0
XR_001745162.3	3983	3755.29	10.2568	0.122917
XR_001745164.3	10866	10638.3	28.3948	0.120118
XR_001745166.2	352	154.086	1	0.292065
XR_001745168.3	15157	14929.3	0	0
XR_001745169.3	14284	14056.3	45.6996	0.146313
XR_001745170.2	2064	1836.29	2	0.0490151
XR_001745174.1	244	82.6579	0	0
XR_001745175.2	4599	4371.29	25	0.257379
XR_001745176.2	2808	2580.29	0	0
XR_001745181.2	2280	2052.29	0	0
XR_001745183.2	812	584.487	0	0
XR_001745184.2	249	85.4599	0	0
XR_001745187.2	373	170.281	1	0.264288
XR_001745189.2	2190	1962.29	0	0
XR_001745191.2	1300	1072.29	1.45572	0.0610953
XR_001745204.2	413	202.921	0	0
XR_001745209.1	489	269.721	0	0
XR_001745210.2	971	743.293	0	0
XR_001745215.2	311	124.914	0	0
XR_001745217.1	535	312.445	0	0
XR_001745219.1	3143	2915.29	0	0
XR_001745236.1	687	460.134	0	0
XR_001745238.2	414	203.726	0	0
XR_001745239.2	293	113.08	0	0
XR_001745244.2	549	325.637	12	1.6584
XR_001745251.2	1015	787.293	0	0
XR_001745252.2	1771	1543.29	0	0
XR_001745254.2	9373	9145.29	17.4962	0.086097
XR_001745256.2	12720	12492.3	0	0
XR_001745260.2	2020	1792.29	0	0
XR_001745261.2	2604	2376.29	0	0
XR_001745266.1	284	107.25	0	0
XR_001745273.2	8271	8043.29	82	0.458799
XR_001745275.2	683	456.134	30.588	3.01788
XR_001745276.2	228	73.5821	8.41199	5.1448
XR_001745283.2	729	501.753	0	0
XR_001745284.3	1133	905.293	1	0.0497111
XR_001745285.2	1457	1229.29	0	0
XR_001745286.2	1341	1113.29	0	0
XR_001745287.3	3602	3374.29	0	0
XR_001745288.2	949	721.293	0	0
XR_001745289.2	795	567.487	0	0
XR_001745291.1	427	214.584	2	0.419445
XR_001745292.1	304	120.29	0	0
XR_001745293.1	244	82.6579	0	0
XR_001745295.3	4468	4240.29	17.7112	0.187973
XR_001745296.3	4356	4128.29	0	0
XR_001745301.2	2510	2282.29	3.44836	0.067996
XR_001745314.2	726	498.753	0	0
XR_001745315.2	254	88.6424	0	0
XR_001745316.2	3655	3427.29	8.00169	0.105069
XR_001745318.2	1921	1693.29	1	0.0265773
XR_001745319.1	705	477.9	0	0
XR_001745320.1	699	471.947	0	0
XR_001745322.1	539	316.223	0	0
XR_001745324.2	1282	1054.29	0	0
XR_001745325.2	17053	16825.3	45.413	0.121467
XR_001745326.2	1472	1244.29	0	0
XR_001745327.2	1197	969.293	0	0
XR_001745329.2	1054	826.293	0	0
XR_001745332.2	915	687.293	0	0
XR_001745335.2	653	426.803	0	0
XR_001745336.2	720	492.802	0	0
XR_001745344.2	19840	19612.3	5.49533	0.0126098
XR_001745345.3	292	112.493	0	0
XR_001745347.2	445	230.083	0	0
XR_001745350.1	644	417.93	0	0
XR_001745351.2	3064	2836.29	0	0
XR_001745352.2	1266	1038.29	0	0
XR_001745359.3	2653	2425.29	2.21428	0.0410875
XR_001745362.2	2122	1894.29	0.0917911	0.0021807
XR_001745363.2	5144	4916.29	8	0.0732309
XR_001745366.2	9667	9439.29	0	0
XR_001745367.2	9490	9262.29	0	0
XR_001745368.2	9614	9386.29	0	0
XR_001745369.2	5833	5605.29	0	0
XR_001745370.2	9606	9378.29	0	0
XR_001745371.2	9202	8974.29	0	0
XR_001745372.2	8882	8654.29	0	0
XR_001745373.2	8589	8361.29	1.6967	0.00913218
XR_001745374.2	8581	8353.29	6.3033	0.0339588
XR_001745376.1	2140	1912.29	0	0
XR_001745383.2	441	226.512	0	0
XR_001745384.2	2186	1958.29	2	0.0459615
XR_001745386.2	790	562.487	0	0
XR_001745387.2	759	531.648	3	0.253945
XR_001745392.2	2610	2382.29	2	0.0377813
XR_001745394.2	7104	6876.29	1	0.00654467
XR_001745395.1	4769	4541.29	3.08701	0.0305915
XR_001745397.2	454	237.87	0	0
XR_001745398.3	3648	3420.29	0	0
XR_001745420.3	1455	1227.29	0	0
XR_001745422.2	2718	2490.29	0	0
XR_001745423.2	2469	2241.29	0	0
XR_001745424.2	2736	2508.29	0	0
XR_001745431.2	10670	10442.3	9.20502	0.0396708
XR_001745432.2	3603	3375.29	0	0
XR_001745437.2	2721	2493.29	1.5891	0.0286827
XR_001745438.2	1152	924.293	7.39125	0.359874
XR_001745442.1	501	280.906	0	0
XR_001745444.2	289	110.463	0	0
XR_001745446.2	2050	1822.29	0	0
XR_001745455.2	1582	1354.29	1.01729	0.0338045
XR_001745456.1	1728	1500.29	0	0
XR_001745457.2	1512	1284.29	0	0
XR_001745458.2	1801	1573.29	9.21365	0.263551
XR_001745468.2	1410	1182.29	16.1703	0.61551
XR_001745486.3	2274	2046.29	0	0
XR_001745487.2	3041	2813.29	0	0
XR_001745493.2	1082	854.293	0	0
XR_001745494.2	1082	854.293	0	0
XR_001745504.3	2878	2650.29	21.4598	0.364396
XR_001745514.2	1902	1674.29	0	0
XR_001745515.3	6323	6095.29	15.7431	0.116235
XR_001745517.2	1385	1157.29	0	0
XR_001745528.2	2015	1787.29	2.4735e-07	6.22813e-09
XR_001745529.2	2009	1781.29	2.48605e-05	6.28083e-07
XR_001745537.2	846	618.427	17.1923	1.25109
XR_001745547.2	2244	2016.29	0	0
XR_001745595.2	1732	1504.29	1.84475	0.0551885
XR_001745608.3	860	632.427	0	0
XR_001745609.3	772	544.487	0	0
XR_001745619.3	4451	4223.29	3.73743	0.0398257
XR_001745622.2	2978	2750.29	10.6092	0.173598
XR_001745633.2	528	305.914	1	0.14711
XR_001745634.2	575	350.386	0	0
XR_001745644.2	302	119.035	0	0
XR_001745645.2	648	421.846	0	0
XR_001745649.2	3855	3627.29	2.00016	0.0248156
XR_001745651.3	810	582.487	0	0
XR_001745653.3	3020	2792.29	4.51582	0.0727809
XR_001745657.2	6125	5897.29	8	0.0610491
XR_001745675.2	313	126.323	0	0
XR_001745678.2	374	171.054	0	0
XR_001745682.3	295	114.56	0	0
XR_001745683.3	243	81.9846	0	0
XR_001745684.2	1605	1377.29	11.4093	0.372799
XR_001745686.3	4926	4698.29	0	0
XR_001745687.3	4786	4558.29	0	0
XR_001745688.3	4726	4498.29	0	0
XR_001745699.2	4126	3898.29	3.04007	0.0350955
XR_001745701.1	1102	874.293	0	0
XR_001745702.1	588	363.135	0	0
XR_001745703.2	369	167.159	1	0.269223
XR_001745704.1	1752	1524.29	0	0
XR_001745705.1	1383	1155.29	6	0.233723
XR_001745706.1	1203	975.293	0	0
XR_001745707.1	1208	980.293	0	0
XR_001745708.1	297	115.768	0	0
XR_001745709.1	393	186.228	0	0
XR_001745710.1	345	148.943	0	0
XR_001745711.1	372	169.412	0	0
XR_001745712.1	286	108.57	0	0
XR_001745713.3	1000	772.293	0	0
XR_001745714.3	1294	1066.29	0	0
XR_001745716.3	947	719.293	0	0
XR_001745717.3	603	377.687	0	0
XR_001745718.2	4140	3912.29	0	0
XR_001745719.1	775	547.487	0	0
XR_001745720.1	174	44.9734	0	0
XR_001745721.1	578	353.315	0	0
XR_001745722.1	575	350.386	0	0
XR_001745723.2	707	479.9	0	0
XR_001745724.1	1161	933.293	0	0
XR_001745725.3	499	279.049	0	0
XR_001745726.1	872	644.427	0	0
XR_001745728.2	4002	3774.29	0	0
XR_001745729.2	464	246.768	0	0
XR_001745730.1	752	524.701	1	0.085769
XR_001745731.2	576	351.35	7	0.896602
XR_001745732.1	324	134.113	0	0
XR_001745734.1	329	137.452	0	0
XR_001745735.2	440	225.63	0	0
XR_001745736.2	4983	4755.29	1	0.00946379
XR_001745737.3	3799	3571.29	0	0
XR_001745738.3	1939	1711.29	0	0
XR_001745740.2	602	376.687	0	0
XR_001745741.2	680	453.225	0	0
XR_001745742.1	508	287.414	0	0
XR_001745743.1	1042	814.293	0	0
XR_001745744.1	864	636.427	0	0
XR_001745757.1	729	501.753	0	0
XR_001745758.2	8957	8729.29	0.540703	0.00278754
XR_001745759.2	7288	7060.29	4	0.0254964
XR_001745761.2	829	601.427	0	0
XR_001745763.2	678	451.406	0	0
XR_001745764.1	3316	3088.29	12.0891	0.176164
XR_001745765.1	3158	2930.29	0	0
XR_001745766.1	3256	3028.29	0	0
XR_001745767.1	3066	2838.29	1	0.0158557
XR_001745768.1	766	538.541	0	0
XR_001745769.2	2367	2139.29	0	0
XR_001745778.1	1001	773.293	0	0
XR_001745779.1	410	200.199	0	0
XR_001745780.1	525	303.13	0	0
XR_001745781.3	591	366.025	0	0
XR_001745796.2	1718	1490.29	0	0
XR_001745797.2	1030	802.293	0	0
XR_001745802.2	1805	1577.29	0	0
XR_001745808.3	3215	2987.29	0	0
XR_001745812.3	2750	2522.29	0	0
XR_001745818.3	1874	1646.29	0	0
XR_001745819.2	544	321.029	0	0
XR_001745821.2	1705	1477.29	1.00221	0.0305306
XR_001745822.1	306	121.497	0	0
XR_001745823.2	1923	1695.29	4	0.106184
XR_001745827.2	10810	10582.3	4	0.0170107
XR_001745831.3	2650	2422.29	2	0.0371574
XR_001745832.2	839	611.427	1	0.0736033
XR_001745841.2	2857	2629.29	0	0
XR_001745842.2	14944	14716.3	25.5407	0.0781046
XR_001745844.1	2135	1907.29	1	0.0235953
XR_001745845.3	306	121.497	0	0
XR_001745848.2	294	113.843	2	0.790619
XR_001745849.2	586	361.171	0	0
XR_001745850.1	1147	919.293	0	0
XR_001745851.1	716	488.852	0	0
XR_001745852.1	1173	945.293	0	0
XR_001745853.1	1380	1152.29	0	0
XR_001745854.3	2084	1856.29	1.0505	0.0254679
XR_001745858.2	7335	7107.29	0	0
XR_001745859.2	537	314.382	0	0
XR_001745860.2	914	686.293	8	0.524593
XR_001745861.2	829	601.427	0	0
XR_001745862.3	2075	1847.29	0	0
XR_001745865.1	1288	1060.29	0	0
XR_001745882.2	3986	3758.29	3.91751	0.0469096
XR_001745883.2	2950	2722.29	0.702459	0.0116126
XR_001745884.2	2947	2719.29	3.18523	0.0527141
XR_001745885.2	2012	1784.29	3	0.0756654
XR_001745887.2	333	140.38	0	0
XR_001745888.3	2846	2618.29	0	0
XR_001745890.2	145	30.7766	0	0
XR_001745891.1	1396	1168.29	0	0
XR_001745892.1	2302	2074.29	79	1.71395
XR_001745893.1	1501	1273.29	0	0
XR_001745894.2	7775	7547.29	0	0
XR_001745895.3	1740	1512.29	36	1.07129
XR_001745896.2	245	83.2645	0	0
XR_001745898.2	5966	5738.29	11.2601	0.0883085
XR_001745899.2	534	311.445	0	0
XR_001745913.2	2482	2254.29	0	0
XR_001745916.2	6886	6658.29	0	0
XR_001745917.2	6776	6548.29	15	0.103087
XR_001745919.1	1877	1649.29	74	2.01919
XR_001745923.1	4237	4009.29	0	0
XR_001745925.1	1287	1059.29	0	0
XR_001745928.2	1788	1560.29	1	0.0288427
XR_001745929.2	1569	1341.29	0	0
XR_001745930.2	1126	898.293	0	0
XR_001745931.2	2720	2492.29	0	0
XR_001745932.2	1060	832.293	0	0
XR_001745933.2	989	761.293	0	0
XR_001745946.2	3376	3148.29	19.7266	0.28198
XR_001745947.2	2578	2350.29	0	0
XR_001745948.2	723	495.802	2.04411	0.18554
XR_001745952.2	14221	13993.3	2.71085	0.00871822
XR_001745953.2	616	390.417	3.00518	0.346405
XR_001745954.2	1189	961.293	0	0
XR_001745956.1	847	619.427	0	0
XR_001745961.3	3840	3612.29	1	0.0124583
XR_001745962.2	745	517.701	3.00484	0.261207
XR_001745963.2	1558	1330.29	1	0.0338294
XR_001745965.2	1493	1265.29	5.32965	0.189561
XR_001745967.2	3553	3325.29	0	0
XR_001745970.2	1671	1443.29	0	0
XR_001745974.2	246	83.7785	0	0
XR_001745976.1	220	69.167	4	2.60257
XR_001745977.1	858	630.427	0	0
XR_001745978.3	2630	2402.29	7	0.131134
XR_001745979.1	1318	1090.29	0	0
XR_001745980.2	1667	1439.29	0	0
XR_001745983.1	216	66.8958	0	0
XR_001745984.1	2283	2055.29	0	0
XR_001745987.2	4039	3811.29	0	0
XR_001745991.2	2286	2058.29	0	0
XR_001745994.2	760	532.648	0	0
XR_001745996.1	333	140.38	0	0
XR_001745997.1	351	153.209	0	0
XR_001746003.2	997	769.293	0	0
XR_001746008.2	382	177.405	0	0
XR_001746019.2	505	284.56	0	0
XR_001746027.2	2319	2091.29	0	0
XR_001746030.2	1438	1210.29	3.50194	0.130215
XR_001746031.1	438	223.888	0	0
XR_001746034.2	509	288.355	0	0
XR_001746036.1	499	279.049	0	0
XR_001746037.2	1914	1686.29	0	0
XR_001746046.1	3643	3415.29	1.89973	0.0250326
XR_001746048.2	6204	5976.29	3.66626	0.0276079
XR_001746049.1	3524	3296.29	1.67719	0.022898
XR_001746050.1	3485	3257.29	0	0
XR_001746051.1	2264	2036.29	3.00067	0.0663162
XR_001746056.2	14690	14462.3	1.29146e-06	4.0187e-09
XR_001746057.2	4369	4141.29	0	0
XR_001746062.2	4164	3936.29	2	0.0228657
XR_001746063.3	14657	14429.3	3.08557e-05	9.6235e-08
XR_001746069.1	164	39.7643	2	2.26349
XR_001746072.2	2170	1942.29	1	0.0231701
XR_001746085.2	5526	5298.29	0	0
XR_001746086.2	4484	4256.29	0	0
XR_001746091.3	309	123.455	1	0.36453
XR_001746093.2	992	764.293	0	0
XR_001746095.3	446	230.915	0	0
XR_001746096.2	980	752.293	0	0
XR_001746100.3	702	474.947	0	0
XR_001746101.1	455	238.796	0	0
XR_001746115.2	7294	7066.29	1	0.0063687
XR_001746117.2	585	360.171	0	0
XR_001746120.2	1423	1195.29	0	0
XR_001746124.3	1501	1273.29	5	0.176719
XR_001746138.2	1541	1313.29	14.4174	0.494045
XR_001746144.3	7541	7313.29	14.4385	0.0888486
XR_001746147.2	626	400.259	0	0
XR_001746148.2	2198	1970.29	13.6849	0.312575
XR_001746149.3	8376	8148.29	2.87898	0.0159006
XR_001746150.3	8366	8138.29	15.5029	0.0857281
XR_001746160.3	2881	2653.29	2.59581	0.0440281
XR_001746188.2	8712	8484.29	0	0
XR_001746198.3	7770	7542.29	0	0
XR_001746203.3	3679	3451.29	15.091	0.196778
XR_001746207.3	3445	3217.29	48.635	0.680301
XR_001746208.3	5354	5126.29	0	0
XR_001746213.2	7395	7167.29	0	0
XR_001746216.2	7254	7026.29	0	0
XR_001746217.2	6891	6663.29	0	0
XR_001746225.2	3291	3063.29	0	0
XR_001746226.2	3090	2862.29	0	0
XR_001746227.3	5405	5177.29	0	0
XR_001746228.3	5038	4810.29	0	0
XR_001746229.3	15197	14969.3	27.4628	0.0825632
XR_001746255.3	2807	2579.29	0	0
XR_001746276.2	1251	1023.29	0	0
XR_001746278.2	2344	2116.29	0	0
XR_001746279.3	1876	1648.29	0	0
XR_001746280.3	1759	1531.29	0	0
XR_001746284.2	10929	10701.3	67.5788	0.284195
XR_001746285.2	14020	13792.3	22.3104	0.072797
XR_001746292.2	5780	5552.29	0	0
XR_001746295.3	3120	2892.29	0	0
XR_001746296.3	3046	2818.29	0	0
XR_001746344.2	1596	1368.29	0	0
XR_001746347.2	8675	8447.29	2.9445	0.0156869
XR_001746353.2	914	686.293	0	0
XR_001746359.2	874	646.427	0	0
XR_001746361.2	997	769.293	36.961	2.16219
XR_001746362.2	787	559.487	247.284	19.8906
XR_001746406.3	1806	1578.29	19.1759	0.546778
XR_001746419.2	2560	2332.29	0	0
XR_001746423.3	6063	5835.29	0	0
XR_001746424.3	4421	4193.29	0	0
XR_001746428.1	12759	12531.3	3	0.0107738
XR_001746429.3	1043	815.293	3	0.165596
XR_001746434.2	14567	14339.3	0.204247	0.000641019
XR_001746435.2	11803	11575.3	0	0
XR_001746436.2	9699	9471.29	0	0
XR_001746437.2	9992	9764.29	0	0
XR_001746438.2	9510	9282.29	8.2781	0.0401345
XR_001746439.2	9758	9530.29	0	0
XR_001746440.2	5436	5208.29	0	0
XR_001746441.2	5435	5207.29	0	0
XR_001746443.2	6199	5971.29	2.08649	0.015725
XR_001746457.2	1230	1002.29	0	0
XR_001746458.1	824	596.427	0	0
XR_001746461.1	861	633.427	0	0
XR_001746463.3	8706	8478.29	38.7469	0.20567
XR_001746476.1	3623	3395.29	0	0
XR_001746477.2	5307	5079.29	4.17215	0.0369657
XR_001746478.3	874	646.427	0	0
XR_001746480.2	406	196.92	0	0
XR_001746481.3	488	268.748	0	0
XR_001746482.2	1077	849.293	0	0
XR_001746483.2	497	277.191	0	0
XR_001746484.1	579	354.315	5	0.635072
XR_001746486.3	2622	2394.29	0	0
XR_001746493.2	12975	12747.3	0	0
XR_001746494.2	9518	9290.29	0	0
XR_001746495.2	9995	9767.29	0	0
XR_001746496.2	9510	9282.29	0	0
XR_001746497.2	14065	13837.3	1.82842	0.00594657
XR_001746498.3	2229	2001.29	0	0
XR_001746499.2	1628	1400.29	0	0
XR_001746501.2	1557	1329.29	0	0
XR_001746507.2	527	304.945	0	0
XR_001746508.2	9433	9205.29	0	0
XR_001746516.1	2103	1875.29	0	0
XR_001746518.2	773	545.487	7	0.577505
XR_001746546.1	1568	1340.29	0	0
XR_001746547.2	24500	24272.3	48.7651	0.0904151
XR_001746548.2	9066	8838.29	0	0
XR_001746549.1	2255	2027.29	0	0
XR_001746551.3	753	525.701	0	0
XR_001746552.2	1040	812.293	0	0
XR_001746560.2	1406	1178.29	4.66019	0.177989
XR_001746561.1	396	188.639	0	0
XR_001746563.3	1945	1717.29	39.9285	1.04636
XR_001746564.1	475	257.02	0	0
XR_001746565.1	490	270.61	0	0
XR_001746566.2	460	243.274	0	0
XR_001746567.1	582	357.279	0	0
XR_001746568.1	454	237.87	1	0.189192
XR_001746569.1	787	559.487	0	0
XR_001746571.1	632	406.137	0	0
XR_001746572.1	1029	801.293	0	0
XR_001746574.2	1296	1068.29	0	0
XR_001746575.1	437	223.004	0	0
XR_001746576.2	685	458.134	0	0
XR_001746578.2	1150	922.293	0	0
XR_001746580.2	607	381.611	0	0
XR_001746581.2	1919	1691.29	0	0
XR_001746582.2	551	327.472	0	0
XR_001746583.1	1138	910.293	0	0
XR_001746584.1	2398	2170.29	0	0
XR_001746585.2	1996	1768.29	0	0
XR_001746586.1	516	294.675	0	0
XR_001746594.2	1503	1275.29	0	0
XR_001746595.2	1944	1716.29	0	0
XR_001746599.1	719	491.852	0	0
XR_001746600.2	6643	6415.29	6.81712	0.0478219
XR_001746602.3	3268	3040.29	4.45223	0.0659029
XR_001746603.2	1401	1173.29	0	0
XR_001746604.2	3959	3731.29	0	0
XR_001746613.3	336	142.48	0	0
XR_001746614.2	216	66.8958	0	0
XR_001746617.1	473	255.047	0	0
XR_001746618.1	1750	1522.29	0	0
XR_001746620.2	1843	1615.29	0	0
XR_001746621.2	1775	1547.29	0	0
XR_001746622.1	1718	1490.29	0	0
XR_001746623.2	218	67.9952	0	0
XR_001746625.1	917	689.293	0	0
XR_001746628.1	1857	1629.29	3	0.0828637
XR_001746629.2	1252	1024.29	0	0
XR_001746630.2	3970	3742.29	1.03815	0.0124843
XR_001746631.2	4077	3849.29	2.28907	0.0267621
XR_001746634.2	1152	924.293	2	0.0973784
XR_001746635.2	17298	17070.3	31.4193	0.082832
XR_001746637.2	319	130.608	0	0
XR_001746638.2	5560	5332.29	2.02792	0.0171151
XR_001746640.2	317	129.052	0	0
XR_001746641.2	529	306.759	0	0
XR_001746643.1	4208	3980.29	0	0
XR_001746644.1	4515	4287.29	0	0
XR_001746645.2	713	485.852	0	0
XR_001746648.3	434	220.399	0	0
XR_001746655.2	3212	2984.29	6.21755	0.0937605
XR_001746660.2	3322	3094.29	5.78395	0.0841212
XR_001746662.3	2672	2444.29	0	0
XR_001746665.2	5038	4810.29	31.2844	0.292683
XR_001746667.2	362	162.038	0	0
XR_001746668.2	651	424.846	0	0
XR_001746669.2	551	327.472	0	0
XR_001746670.2	614	388.495	0	0
XR_001746679.2	1345	1117.29	0	0
XR_001746680.3	555	331.174	0	0
XR_001746681.1	411	201.028	0	0
XR_001746682.3	795	567.487	0	0
XR_001746683.2	5297	5069.29	8.12358	0.0721178
XR_001746686.1	1850	1622.29	12.9745	0.359919
XR_001746687.2	1712	1484.29	0	0
XR_001746689.2	556	332.141	1	0.135494
XR_001746690.1	459	242.274	0	0
XR_001746695.3	1794	1566.29	0	0
XR_001746700.1	1432	1204.29	0	0
XR_001746707.3	681	454.225	0	0
XR_001746708.3	1365	1137.29	0	0
XR_001746709.3	1573	1345.29	0	0
XR_001746710.3	604	378.687	0	0
XR_001746711.3	1792	1564.29	0	0
XR_001746718.1	1842	1614.29	0	0
XR_001746719.1	833	605.427	0	0
XR_001746720.2	778	550.487	0	0
XR_001746721.3	606	380.649	0	0
XR_001746723.2	1713	1485.29	4.24177	0.128522
XR_001746724.2	3217	2989.29	0	0
XR_001746729.1	1158	930.293	0	0
XR_001746731.3	438	223.888	0	0
XR_001746758.3	23660	23432.3	14.085	0.0270511
XR_001746759.2	14855	14627.3	0	0
XR_001746760.2	1298	1070.29	0	0
XR_001746762.1	2035	1807.29	0	0
XR_001746763.1	2546	2318.29	0	0
XR_001746764.2	367	165.66	0	0
XR_001746766.2	342	146.678	0	0
XR_001746779.2	4803	4575.29	4.06278	0.0399619
XR_001746780.2	5168	4940.29	0	0
XR_001746781.1	679	452.316	1	0.0994949
XR_001746782.2	564	339.768	1	0.132452
XR_001746784.2	2981	2753.29	0	0
XR_001746785.2	3335	3107.29	0	0
XR_001746788.2	2464	2236.29	0	0
XR_001746789.2	3530	3302.29	0	0
XR_001746790.2	3444	3216.29	0	0
XR_001746791.3	3421	3193.29	0	0
XR_001746793.2	2946	2718.29	0	0
XR_001746794.2	2189	1961.29	0	0
XR_001746795.2	1749	1521.29	0	0
XR_001746802.1	427	214.584	0.0820895	0.017216
XR_001746805.1	3192	2964.29	0	0
XR_001746806.2	339	144.406	0	0
XR_001746807.1	592	367.025	0	0
XR_001746808.1	595	369.951	0	0
XR_001746809.1	386	180.662	0	0
XR_001746810.2	831	603.427	0	0
XR_001746811.2	7667	7439.29	0	0
XR_001746813.2	7550	7322.29	0	0
XR_001746814.2	7535	7307.29	0	0
XR_001746816.2	7376	7148.29	0	0
XR_001746818.2	1155	927.293	0	0
XR_001746819.3	646	419.888	3	0.321536
XR_001746825.2	3007	2779.29	0	0
XR_001746826.2	2408	2180.29	0	0
XR_001746827.2	2705	2477.29	2	0.0363325
XR_001746828.2	1732	1504.29	0	0
XR_001746829.2	277	102.552	0	0
XR_001746834.2	1221	993.293	0	0
XR_001746835.2	985	757.293	0	0
XR_001746836.2	1212	984.293	0	0
XR_001746837.2	1993	1765.29	24.3017	0.619529
XR_001746840.2	3628	3400.29	0	0
XR_001746841.2	6537	6309.29	10.0644	0.0717875
XR_001746842.3	868	640.427	5.37913	0.377994
XR_001746843.2	12473	12245.3	23.4267	0.0860961
XR_001746844.2	12518	12290.3	0.153332	0.000561451
XR_001746845.1	1053	825.293	0	0
XR_001746846.1	929	701.293	0	0
XR_001746847.2	2164	1936.29	9.20281	0.21389
XR_001746851.2	488	268.748	0	0
XR_001746853.2	346	149.65	0	0
XR_001746854.2	327	136.154	0	0
XR_001746858.2	4229	4001.29	0	0
XR_001746859.2	2512	2284.29	0	0
XR_001746861.2	2050	1822.29	3.04655	0.0752371
XR_001746862.2	1070	842.293	0	0
XR_001746863.2	500	280.02	0	0
XR_001746868.2	509	288.355	1	0.156068
XR_001746870.2	3278	3050.29	0	0
XR_001746872.2	8576	8348.29	9.04222	0.0487438
XR_001746873.2	1134	906.293	0	0
XR_001746874.1	658	431.717	0	0
XR_001746875.2	2249	2021.29	0	0
XR_001746876.1	743	515.753	0	0
XR_001746877.2	2898	2670.29	0	0
XR_001746878.1	2460	2232.29	1	0.02016
XR_001746880.2	10735	10507.3	0	0
XR_001746881.2	10770	10542.3	6.09554	0.0260207
XR_001746882.2	7489	7261.29	40.7901	0.252804
XR_001746890.1	391	184.59	0	0
XR_001746891.2	4721	4493.29	3.86323	0.0386926
XR_001746892.2	4037	3809.29	0	0
XR_001746897.2	692	465.041	4.01056	0.388111
XR_001746902.2	3125	2897.29	0	0
XR_001746904.2	2830	2602.29	1.18142	0.020431
XR_001746905.1	941	713.293	0	0
XR_001746906.2	705	477.9	1	0.0941685
XR_001746908.3	2688	2460.29	0	0
XR_001746909.2	1799	1571.29	0	0
XR_001746910.2	7805	7577.29	0	0
XR_001746911.2	4177	3949.29	1	0.0113952
XR_001746912.2	7036	6808.29	0	0
XR_001746913.2	7250	7022.29	0	0
XR_001746914.2	7309	7081.29	0	0
XR_001746916.2	4164	3936.29	1	0.0114329
XR_001746917.3	4132	3904.29	2.00383	0.0230973
XR_001746918.2	1172	944.293	0	0
XR_001746919.2	4386	4158.29	1.01441	0.0109785
XR_001746920.2	370	167.861	1	0.268097
XR_001746924.3	470	252.282	0	0
XR_001746926.3	1553	1325.29	1.01278	0.0343909
XR_001746935.3	4699	4471.29	5.00302	0.0503549
XR_001746936.3	4095	3867.29	0	0
XR_001746946.2	1605	1377.29	0	0
XR_001746947.2	350	152.593	1	0.294922
XR_001746948.2	1175	947.293	0	0
XR_001746949.2	1326	1098.29	0	0
XR_001746950.2	620	394.338	0	0
XR_001746951.2	266	95.93	3	1.40737
XR_001746953.1	940	712.293	0	0
XR_001746956.1	530	307.728	0	0
XR_001746957.2	2886	2658.29	0	0
XR_001746958.2	787	559.487	0	0
XR_001746959.3	2268	2040.29	0	0
XR_001746962.2	9162	8934.29	0	0
XR_001746966.2	9883	9655.29	0	0
XR_001746967.2	9091	8863.29	0	0
XR_001746968.2	8756	8528.29	0	0
XR_001746979.2	9281	9053.29	97.0402	0.482378
XR_001746981.2	1792	1564.29	8.05721	0.231798
XR_001746986.1	612	386.495	0	0
XR_001746995.3	2454	2226.29	0	0
XR_001747009.3	1895	1667.29	0	0
XR_001747018.2	1349	1121.29	6.4247	0.257855
XR_001747025.2	2953	2725.29	0	0
XR_001747052.3	5724	5496.29	17.9819	0.147234
XR_001747058.2	1250	1022.29	0	0
XR_001747069.2	2295	2067.29	2.13113	0.0463927
XR_001747072.2	7422	7194.29	0.000296134	1.85243e-06
XR_001747098.2	5003	4775.29	76.6623	0.722477
XR_001747104.2	6969	6741.29	5.83662	0.0389637
XR_001747122.3	8886	8658.29	50.7723	0.263899
XR_001747124.3	3558	3330.29	8.74056	0.118113
XR_001747146.2	1592	1364.29	0	0
XR_001747147.2	2923	2695.29	4.06914	0.067942
XR_001747148.2	3366	3138.29	0	0
XR_001747149.2	2783	2555.29	3.93498	0.0693017
XR_001747150.2	3361	3133.29	0	0
XR_001747152.2	2134	1906.29	0	0
XR_001747153.2	2603	2375.29	0	0
XR_001747155.2	1421	1193.29	0	0
XR_001747156.2	2908	2680.29	0	0
XR_001747177.3	2678	2450.29	0	0
XR_001747183.3	1481	1253.29	0	0
XR_001747184.3	978	750.293	0	0
XR_001747194.3	1784	1556.29	159.906	4.62397
XR_001747196.3	2508	2280.29	0	0
XR_001747199.2	2040	1812.29	0	0
XR_001747210.2	5080	4852.29	0	0
XR_001747211.2	5007	4779.29	0	0
XR_001747212.2	4985	4757.29	0	0
XR_001747213.3	1927	1699.29	0	0
XR_001747214.2	2110	1882.29	23.7221	0.567165
XR_001747218.2	3817	3589.29	0	0
XR_001747220.2	1144	916.293	17.8961	0.878956
XR_001747221.2	1208	980.293	16.0941	0.738846
XR_001747223.2	920	692.293	8.50199	0.552679
XR_001747253.3	3740	3512.29	0	0
XR_001747255.3	2095	1867.29	11.4147	0.275102
XR_001747259.2	2961	2733.29	11.4467	0.188468
XR_001747270.2	1586	1358.29	0	0
XR_001747271.2	1463	1235.29	3	0.109293
XR_001747272.3	644	417.93	0	0
XR_001747274.2	2491	2263.29	6	0.119303
XR_001747275.2	1797	1569.29	2.28856	0.0656296
XR_001747277.2	318	129.815	0	0
XR_001747278.2	258	91.0962	0	0
XR_001747279.2	355	156.626	0	0
XR_001747281.1	489	269.721	0	0
XR_001747282.1	744	516.753	0	0
XR_001747283.2	263	94.0409	0	0
XR_001747284.1	223	70.6179	0	0
XR_001747285.1	956	728.293	0	0
XR_001747286.1	411	201.028	0.180573	0.0404239
XR_001747287.2	347	150.34	0	0
XR_001747288.1	548	324.67	0	0
XR_001747289.1	254	88.6424	0	0
XR_001747290.1	607	381.611	0	0
XR_001747291.1	509	288.355	0	0
XR_001747292.1	401	192.714	0	0
XR_001747293.1	555	331.174	0	0
XR_001747298.2	3228	3000.29	0	0
XR_001747299.1	326	135.496	0	0
XR_001747300.1	1066	838.293	0	0
XR_001747301.1	821	593.487	0	0
XR_001747302.1	584	359.207	0	0
XR_001747303.1	402	193.569	1.204	0.279919
XR_001747304.1	296	115.202	2.796	1.09225
XR_001747305.2	769	541.541	0	0
XR_001747306.2	928	700.293	0	0
XR_001747307.2	330	138.255	0	0
XR_001747308.1	352	154.086	0	0
XR_001747309.2	687	460.134	0	0
XR_001747310.1	718	490.852	0	0
XR_001747311.2	3951	3723.29	0	0
XR_001747313.1	848	620.427	0	0
XR_001747320.2	645	418.93	0	0
XR_001747329.1	7759	7531.29	7.24484	0.0432914
XR_001747330.2	711	483.852	0	0
XR_001747331.1	1946	1718.29	0	0
XR_001747332.1	1490	1262.29	0	0
XR_001747333.2	1781	1553.29	15.0353	0.435613
XR_001747337.1	1266	1038.29	0	0
XR_001747338.2	520	298.404	0	0
XR_001747339.1	1076	848.293	1	0.0530513
XR_001747341.2	1020	792.293	1	0.056801
XR_001747344.2	1228	1000.29	0	0
XR_001747348.2	3529	3301.29	9.4067	0.128232
XR_001747349.2	891	663.427	0	0
XR_001747350.2	360	160.548	0	0
XR_001747356.1	262	93.4781	7	3.37001
XR_001747359.2	723	495.802	0	0
XR_001747360.1	1445	1217.29	0	0
XR_001747361.2	500	280.02	0	0
XR_001747362.2	357	158.178	0	0
XR_001747363.1	997	769.293	0	0
XR_001747364.3	477	258.967	0	0
XR_001747366.1	727	499.753	0	0
XR_001747367.3	538	315.318	0	0
XR_001747369.3	3239	3011.29	1.58322	0.0236609
XR_001747371.2	3391	3163.29	0	0
XR_001747374.2	3445	3217.29	0	0
XR_001747378.2	3519	3291.29	19.4767	0.266312
XR_001747379.2	2171	1943.29	6	0.138949
XR_001747388.2	3730	3502.29	14	0.179894
XR_001747389.3	10354	10126.3	26.4947	0.117747
XR_001747390.3	9633	9405.29	0	0
XR_001747392.2	440	225.63	0	0
XR_001747394.2	949	721.293	0	0
XR_001747397.2	371	168.6	0	0
XR_001747401.2	487	267.803	0	0
XR_001747402.3	318	129.815	0	0
XR_001747403.2	890	662.427	1	0.0679366
XR_001747404.3	1544	1316.29	0	0
XR_001747405.2	528	305.914	0	0
XR_001747406.1	1453	1225.29	2	0.0734568
XR_001747407.1	1586	1358.29	0	0
XR_001747409.3	3471	3243.29	0	0
XR_001747410.3	3518	3290.29	3.39556	0.0464428
XR_001747411.2	3635	3407.29	13.1476	0.173652
XR_001747412.2	585	360.171	0	0
XR_001747413.2	430	216.949	0	0
XR_001747415.2	7727	7499.29	27.0447	0.162295
XR_001747418.1	2456	2228.29	4.8591	0.0981354
XR_001747419.1	2477	2249.29	1.26318e-05	2.52733e-07
XR_001747422.2	2839	2611.29	1	0.017234
XR_001747423.2	750	522.701	0	0
XR_001747426.1	1234	1006.29	0	0
XR_001747428.2	1204	976.293	0	0
XR_001747429.2	932	704.293	0	0
XR_001747432.1	2092	1864.29	0	0
XR_001747433.2	696	468.994	0	0
XR_001747434.2	665	438.717	0	0
XR_001747436.2	608	382.573	0	0
XR_001747438.2	1027	799.293	2	0.112607
XR_001747439.2	1262	1034.29	0	0
XR_001747443.2	1240	1012.29	0	0
XR_001747444.3	4779	4551.29	84.4308	0.83485
XR_001747451.2	1268	1040.29	1	0.04326
XR_001747453.1	919	691.293	0	0
XR_001747454.1	700	472.947	0	0
XR_001747457.1	433	219.537	0	0
XR_001747458.2	3078	2850.29	0	0
XR_001747459.2	3159	2931.29	0	0
XR_001747460.2	3197	2969.29	0	0
XR_001747461.2	3001	2773.29	0	0
XR_001747462.2	3127	2899.29	0	0
XR_001747463.2	2958	2730.29	0	0
XR_001747465.2	485	265.994	0	0
XR_001747467.3	591	366.025	0	0
XR_001747468.2	271	99.0818	0	0
XR_001747475.2	377	173.351	0	0
XR_001747476.2	5221	4993.29	2.27125	0.0204701
XR_001747479.2	285	107.918	0	0
XR_001747480.2	428	215.312	0	0
XR_001747481.1	1216	988.293	2	0.0910723
XR_001747483.2	385	179.839	0	0
XR_001747493.2	415	204.487	0	0
XR_001747494.1	1427	1199.29	0	0
XR_001747496.2	875	647.427	0	0
XR_001747499.3	1469	1241.29	0	0
XR_001747500.3	1151	923.293	50	2.4371
XR_001747510.2	868	640.427	0	0
XR_001747513.2	6677	6449.29	16	0.111648
XR_001747514.2	1183	955.293	1.03771	0.0488857
XR_001747515.2	2811	2583.29	1	0.0174208
XR_001747520.2	2847	2619.29	0	0
XR_001747521.2	2707	2479.29	0	0
XR_001747523.2	6106	5878.29	0	0
XR_001747524.2	1258	1030.29	0	0
XR_001747525.2	1178	950.293	0	0
XR_001747526.2	522	300.222	0	0
XR_001747527.1	472	254.125	0	0
XR_001747528.2	2840	2612.29	6.77386	0.116696
XR_001747537.3	6546	6318.29	1	0.00712267
XR_001747541.2	9066	8838.29	109.427	0.557185
XR_001747547.2	659	432.717	0	0
XR_001747548.3	2114	1886.29	0	0
XR_001747550.1	415	204.487	0	0
XR_001747551.3	3021	2793.29	12	0.193333
XR_001747552.2	517	295.585	0	0
XR_001747554.3	6920	6692.29	0	0
XR_001747556.2	734	506.753	1	0.0888068
XR_001747560.3	2942	2714.29	4.66697	0.0773786
XR_001747563.2	935	707.293	0	0
XR_001747569.3	1704	1476.29	54.3386	1.65645
XR_001747574.3	461	244.098	0	0
XR_001747580.2	8132	7904.29	5.58011	0.0317704
XR_001747587.2	5836	5608.29	0	0
XR_001747591.2	3462	3234.29	3	0.041743
XR_001747592.2	3939	3711.29	0	0
XR_001747594.1	349	151.837	0	0
XR_001747595.1	367	165.66	0	0
XR_001747597.3	343	147.405	0	0
XR_001747598.2	3109	2881.29	4.64348	0.0725268
XR_001747600.1	667	440.629	0	0
XR_001747602.2	2698	2470.29	0	0
XR_001747603.2	2594	2366.29	0	0
XR_001747604.3	1651	1423.29	0	0
XR_001747605.1	743	515.753	0	0
XR_001747606.1	2010	1782.29	0	0
XR_001747608.2	2616	2388.29	0	0
XR_001747609.2	1033	805.293	0	0
XR_001747610.2	3989	3761.29	0	0
XR_001747611.2	547	323.768	0	0
XR_001747612.2	3984	3756.29	0	0
XR_001747613.2	11170	10942.3	32.0799	0.131937
XR_001747616.2	6007	5779.29	0	0
XR_001747617.3	5286	5058.29	0	0
XR_001747618.2	5264	5036.29	1	0.00893576
XR_001747619.3	5126	4898.29	0	0
XR_001747620.2	5126	4898.29	0	0
XR_001747621.1	1609	1381.29	0	0
XR_001747622.2	2477	2249.29	0	0
XR_001747623.2	4679	4451.29	0	0
XR_001747624.2	4885	4657.29	0	0
XR_001747625.2	3518	3290.29	0	0
XR_001747626.2	3296	3068.29	0	0
XR_001747627.2	3061	2833.29	0.018414	0.000292481
XR_001747628.2	4737	4509.29	0	0
XR_001747629.2	3046	2818.29	26.6549	0.425631
XR_001747630.2	3665	3437.29	0	0
XR_001747632.2	4011	3783.29	0	0
XR_001747635.3	854	626.427	13	0.933931
XR_001747636.2	347	150.34	0	0
XR_001747637.3	238	79.3455	0	0
XR_001747638.2	1103	875.293	0	0
XR_001747639.2	218	67.9952	0	0
XR_001747642.3	3876	3648.29	4	0.0493415
XR_001747657.2	2669	2441.29	0	0
XR_001747659.2	5738	5510.29	14.0042	0.114374
XR_001747662.2	1601	1373.29	0	0
XR_001747663.2	1502	1274.29	1	0.0353161
XR_001747674.2	742	514.753	1	0.0874266
XR_001747681.2	1411	1183.29	2.0246	0.0769999
XR_001747682.2	250	85.998	0	0
XR_001747703.2	4301	4073.29	6	0.06629
XR_001747706.2	1088	860.293	0	0
XR_001747715.2	1501	1273.29	0	0
XR_001747716.1	1606	1378.29	0	0
XR_001747757.3	1478	1250.29	0	0
XR_001747758.3	1447	1219.29	0	0
XR_001747769.2	1359	1131.29	0	0
XR_001747836.2	2471	2243.29	0	0
XR_001747837.2	2101	1873.29	0	0
XR_001747838.2	2321	2093.29	69.8636	1.50198
XR_001747858.2	3142	2914.29	0	0
XR_001747865.2	1622	1394.29	0	0
XR_001747874.2	3316	3088.29	0	0
XR_001747888.2	5724	5496.29	0	0
XR_001747889.2	4716	4488.29	0	0
XR_001747904.3	1585	1357.29	38.5603	1.27852
XR_001747911.3	1328	1100.29	0	0
XR_001747930.2	5377	5149.29	150.298	1.31355
XR_001747939.2	3630	3402.29	0	0
XR_001747956.2	2064	1836.29	24.4413	0.598996
XR_001747957.3	2533	2305.29	0	0
XR_001747959.3	2246	2018.29	0	0
XR_001747967.3	4572	4344.29	13.3317	0.138105
XR_001747968.3	3824	3596.29	26.4867	0.331447
XR_001747974.2	2626	2398.29	0	0
XR_001747977.2	2303	2075.29	73.2455	1.58834
XR_001748005.2	1845	1617.29	3.60278	0.100252
XR_001748008.3	1783	1555.29	1.71351	0.0495811
XR_001748014.3	3850	3622.29	0	0
XR_001748036.3	2554	2326.29	19.2478	0.372357
XR_001748058.2	915	687.293	0	0
XR_001748059.1	399	191.106	0	0
XR_001748061.1	590	365.061	0	0
XR_001748062.2	1364	1136.29	0	0
XR_001748063.2	1459	1231.29	0	0
XR_001748064.1	965	737.293	0	0
XR_001748067.3	674	447.496	0	0
XR_001748068.3	985	757.293	0	0
XR_001748069.2	1038	810.293	0	0
XR_001748070.1	971	743.293	0	0
XR_001748071.2	1070	842.293	1	0.0534292
XR_001748072.1	301	118.444	0	0
XR_001748073.1	591	366.025	0	0
XR_001748074.1	571	346.526	0	0
XR_001748077.2	548	324.67	0	0
XR_001748078.1	1495	1267.29	0	0
XR_001748079.1	696	468.994	0	0
XR_001748080.1	313	126.323	0	0
XR_001748081.2	1056	828.293	0	0
XR_001748082.2	564	339.768	1	0.132452
XR_001748086.3	2426	2198.29	21.7418	0.445095
XR_001748087.3	2429	2201.29	3.35186	0.0685252
XR_001748090.2	2824	2596.29	0	0
XR_001748091.2	3528	3300.29	0.666667	0.00909072
XR_001748092.1	2372	2144.29	0	0
XR_001748095.2	1319	1091.29	0	0
XR_001748098.3	1110	882.293	0.806459	0.041135
XR_001748100.1	1818	1590.29	4.36057	0.123398
XR_001748102.2	526	304.007	0	0
XR_001748105.3	1830	1602.29	0	0
XR_001748108.3	3756	3528.29	0	0
XR_001748109.3	3109	2881.29	3.69362	0.0576909
XR_001748111.2	1247	1019.29	0	0
XR_001748112.3	1782	1554.29	0	0
XR_001748116.2	622	396.338	0.333333	0.037849
XR_001748118.2	557	333.141	2	0.270175
XR_001748122.2	2326	2098.29	2	0.0428949
XR_001748124.2	970	742.293	0	0
XR_001748126.3	581	356.279	0	0
XR_001748134.3	1708	1480.29	14.9363	0.454086
XR_001748136.3	10024	9796.29	6.22323	0.0285888
XR_001748140.2	1646	1418.29	0	0
XR_001748141.2	1392	1164.29	0	0
XR_001748144.2	8314	8086.29	2	0.0111307
XR_001748157.2	2874	2646.29	2	0.0340122
XR_001748159.2	265	95.2601	0	0
XR_001748160.2	2894	2666.29	0	0
XR_001748161.2	3381	3153.29	0	0
XR_001748162.1	3518	3290.29	0	0
XR_001748165.2	987	759.293	0	0
XR_001748177.1	1498	1270.29	0	0
XR_001748178.1	1676	1448.29	0	0
XR_001748180.2	11270	11042.3	14.1478	0.0576597
XR_001748184.2	722	494.802	2.10595	0.191539
XR_001748185.2	970	742.293	0	0
XR_001748186.1	998	770.293	9.02207	0.527099
XR_001748187.1	675	448.496	0	0
XR_001748188.1	1241	1013.29	0	0
XR_001748189.1	2021	1793.29	0	0
XR_001748190.2	2914	2686.29	1	0.0167529
XR_001748191.2	2962	2734.29	0	0
XR_001748194.1	573	348.421	0	0
XR_001748195.2	423	211.123	0	0
XR_001748196.2	628	402.259	0	0
XR_001748197.3	2997	2769.29	1	0.0162507
XR_001748200.2	676	449.451	0	0
XR_001748201.2	2384	2156.29	0	0
XR_001748202.2	2269	2041.29	0	0
XR_001748203.2	2033	1805.29	0	0
XR_001748204.3	3635	3407.29	0	0
XR_001748217.1	1994	1766.29	0	0
XR_001748218.1	1100	872.293	0	0
XR_001748221.3	4878	4650.29	0	0
XR_001748236.2	696	468.994	5	0.479783
XR_001748237.2	397	189.558	0	0
XR_001748240.2	673	446.496	0	0
XR_001748241.2	2273	2045.29	5	0.110016
XR_001748243.2	3707	3479.29	0	0
XR_001748244.2	3156	2928.29	0	0
XR_001748245.2	4775	4547.29	25.7092	0.254436
XR_001748247.2	1240	1012.29	0	0
XR_001748248.2	1078	850.293	0	0
XR_001748250.2	1074	846.293	0	0
XR_001748252.2	918	690.293	1	0.0651941
XR_001748259.3	2588	2360.29	0	0
XR_001748261.3	4469	4241.29	0	0
XR_001748262.3	4053	3825.29	24.7731	0.291446
XR_001748263.3	1685	1457.29	6.5567	0.202479
XR_001748274.1	467	249.436	2.01733	0.363965
XR_001748277.1	1136	908.293	199	9.85983
XR_001748279.2	955	727.293	1.00766	0.0623513
XR_001748281.1	314	126.964	0	0
XR_001748288.2	407	197.751	0	0
XR_001748291.2	857	629.427	3	0.214495
XR_001748292.2	702	474.947	0	0
XR_001748293.2	302	119.035	0	0
XR_001748295.2	2942	2714.29	5.62975	0.0933415
XR_001748297.2	229	74.1994	0	0
XR_001748316.2	1226	998.293	0	0
XR_001748317.2	843	615.427	0	0
XR_001748334.1	661	434.717	1	0.103523
XR_001748336.2	1100	872.293	0	0
XR_001748337.2	924	696.293	0	0
XR_001748338.1	527	304.945	0	0
XR_001748343.2	839	611.427	5	0.368017
XR_001748344.2	6046	5818.29	0	0
XR_001748345.2	5449	5221.29	1.0024	0.00863982
XR_001748346.2	5524	5296.29	0	0
XR_001748348.2	8395	8167.29	3.03301	0.0167124
XR_001748349.2	600	374.838	0	0
XR_001748350.2	491	271.527	0	0
XR_001748351.2	704	476.947	0	0
XR_001748352.2	379	175.043	0	0
XR_001748355.2	852	624.427	0	0
XR_001748356.1	672	445.496	0	0
XR_001748357.1	609	383.573	0	0
XR_001748358.2	572	347.526	0	0
XR_001748359.2	1752	1524.29	0	0
XR_001748360.1	858	630.427	0	0
XR_001748363.2	23025	22797.3	60.2272	0.118892
XR_001748373.2	2499	2271.29	0	0
XR_001748374.2	2666	2438.29	0	0
XR_001748375.2	941	713.293	0	0
XR_001748376.2	2655	2427.29	0	0
XR_001748377.2	566	341.699	0	0
XR_001748378.2	2325	2097.29	4	0.0858308
XR_001748380.1	481	262.672	0	0
XR_001748381.1	562	337.904	0	0
XR_001748382.2	290	111.126	0	0
XR_001748384.2	340	145.187	0	0
XR_001748386.1	1768	1540.29	1	0.0292172
XR_001748387.1	1669	1441.29	0	0
XR_001748390.2	5389	5161.29	2.00568	0.0174882
XR_001748391.2	5641	5413.29	0	0
XR_001748393.1	7757	7529.29	3	0.0179312
XR_001748394.3	717	489.852	0	0
XR_001748395.2	717	489.852	0	0
XR_001748401.1	682	455.179	0	0
XR_001748402.2	1319	1091.29	0	0
XR_001748403.2	5956	5728.29	2.00019	0.0157141
XR_001748408.2	805	577.487	0	0
XR_001748412.2	3868	3640.29	19.2347	0.237789
XR_001748413.1	390	183.77	0	0
XR_001748415.1	943	715.293	0	0
XR_001748416.1	414	203.726	0	0
XR_001748427.1	539	316.223	0	0
XR_001748428.2	290	111.126	0	0
XR_001748429.3	525	303.13	0	0
XR_001748432.2	481	262.672	0	0
XR_001748434.3	36248	36020.3	0.0498876	6.23286e-05
XR_001748435.2	31959	31731.3	0.385314	0.000546474
XR_001748441.1	1954	1726.29	0	0
XR_001748442.2	602	376.687	0	0
XR_001748444.2	1422	1194.29	1	0.0376818
XR_001748457.2	5465	5237.29	2.45098	0.0210608
XR_001748458.2	6118	5890.29	1	0.00764021
XR_001748460.2	1969	1741.29	0	0
XR_001748461.1	409	199.348	0	0
XR_001748462.2	3146	2918.29	0	0
XR_001748463.2	805	577.487	0	0
XR_001748464.2	778	550.487	0	0
XR_001748465.2	7292	7064.29	46.4855	0.296136
XR_001748469.2	2759	2531.29	1.22554	0.0217885
XR_001748474.2	226	72.4338	0	0
XR_001748477.2	785	557.487	10	0.807249
XR_001748480.2	3494	3266.29	0	0
XR_001748484.2	3161	2933.29	0	0
XR_001748485.1	827	599.427	0	0
XR_001748489.2	516	294.675	0	0
XR_001748490.3	3192	2964.29	8.11224	0.123158
XR_001748495.3	2480	2252.29	0	0
XR_001748502.2	215	66.32	0	0
XR_001748523.2	6660	6432.29	1.01025	0.00706811
XR_001748524.2	1513	1285.29	3	0.105042
XR_001748531.2	1214	986.293	10	0.456285
XR_001748534.1	3929	3701.29	2	0.0243175
XR_001748537.2	972	744.293	0	0
XR_001748538.2	848	620.427	9.83885	0.713667
XR_001748551.3	1996	1768.29	0	0
XR_001748560.3	1175	947.293	22.377	1.06307
XR_001748561.3	1077	849.293	0	0
XR_001748562.3	1048	820.293	643.63	35.3109
XR_001748569.3	3598	3370.29	0	0
XR_001748575.2	3124	2896.29	16.4565	0.255703
XR_001748576.2	1857	1629.29	0	0
XR_001748577.3	1954	1726.29	108.256	2.82214
XR_001748578.3	1973	1745.29	3.28807e-05	8.47842e-07
XR_001748580.3	1986	1758.29	1.11548e-07	2.85504e-09
XR_001748588.2	1110	882.293	0	0
XR_001748594.2	5443	5215.29	4.99994	0.0431448
XR_001748610.3	2661	2433.29	0	0
XR_001748631.3	3855	3627.29	0	0
XR_001748645.3	2787	2559.29	0	0
XR_001748646.3	3929	3701.29	12.4653	0.151562
XR_001748647.3	2598	2370.29	0	0
XR_001748654.1	1482	1254.29	0	0
XR_001748670.3	2153	1925.29	0	0
XR_001748686.3	8127	7899.29	65.7816	0.374765
XR_001748687.2	6233	6005.29	0	0
XR_001748690.2	971	743.293	0	0
XR_001748691.2	807	579.487	0	0
XR_001748709.2	2806	2578.29	0	0
XR_001748710.2	2755	2527.29	1.28652	0.0229088
XR_001748720.2	3444	3216.29	0	0
XR_001748741.3	4190	3962.29	419.825	4.7683
XR_001748746.2	2380	2152.29	0	0
XR_001748758.2	4499	4271.29	17.1222	0.180403
XR_001748766.3	2154	1926.29	41.3463	0.965955
XR_001748773.2	642	416.014	0	0
XR_001748777.3	3303	3075.29	9.90536	0.144953
XR_001748778.3	3300	3072.29	0	0
XR_001748818.2	1533	1305.29	10.1333	0.34937
XR_001748834.2	3091	2863.29	0	0
XR_001748876.2	1540	1312.29	4.06259	0.13932
XR_001748882.2	2310	2082.29	0	0
XR_001748890.2	2999	2771.29	14.4726	0.235022
XR_001748912.2	2371	2143.29	0	0
XR_001748932.2	3630	3402.29	0.283768	0.00375348
XR_001748946.2	558	334.107	0	0
XR_001748950.2	521	299.283	1	0.15037
XR_001748951.1	582	357.279	0	0
XR_001748963.2	915	687.293	4	0.261915
XR_001748964.2	616	390.417	0	0
XR_001748965.2	1098	870.293	0	0
XR_001748971.3	15529	15301.3	13	0.0382347
XR_001748976.2	1397	1169.29	8.05614	0.31006
XR_001748977.2	637	411.055	0	0
XR_001748978.2	661	434.717	0	0
XR_001748979.2	849	621.427	0	0
XR_001748996.2	332	139.579	0	0
XR_001749003.3	4904	4676.29	0	0
XR_001749004.1	351	153.209	0	0
XR_001749010.1	962	734.293	0	0
XR_001749013.2	903	675.361	0	0
XR_001749021.2	1381	1153.29	0	0
XR_001749023.2	1364	1136.29	1.01405	0.0401614
XR_001749028.1	1348	1120.29	0	0
XR_001749029.1	4015	3787.29	1	0.0118827
XR_001749032.2	4316	4088.29	0	0
XR_001749033.1	627	401.259	0	0
XR_001749035.2	2204	1976.29	0	0
XR_001749036.2	2404	2176.29	0	0
XR_001749038.3	764	536.541	0	0
XR_001749039.1	1550	1322.29	0	0
XR_001749042.2	3335	3107.29	8.83595	0.127971
XR_001749043.1	836	608.427	0	0
XR_001749044.2	541	318.158	0	0
XR_001749046.2	2683	2455.29	0	0
XR_001749051.2	271	99.0818	0	0
XR_001749054.2	649	422.846	1	0.106429
XR_001749057.2	532	309.634	5	0.726714
XR_001749059.1	2219	1991.29	0	0
XR_001749060.1	679	452.316	0	0
XR_001749061.1	538	315.318	0	0
XR_001749062.1	652	425.803	0	0
XR_001749063.1	646	419.888	0	0
XR_001749064.3	672	445.496	0	0
XR_001749065.3	678	451.406	0	0
XR_001749067.1	2705	2477.29	0	0
XR_001749068.2	4647	4419.29	0	0
XR_001749069.1	3638	3410.29	1	0.0131963
XR_001749070.1	2374	2146.29	0	0
XR_001749071.1	2352	2124.29	0	0
XR_001749076.2	366	164.863	1	0.272972
XR_001749077.2	725	497.753	0	0
XR_001749078.1	367	165.66	0	0
XR_001749082.2	769	541.541	0	0
XR_001749083.3	597	371.913	0.0609872	0.00737971
XR_001749084.2	272	99.7041	1	0.451366
XR_001749090.2	818	590.487	0	0
XR_001749091.2	576	351.35	0	0
XR_001749092.2	886	658.427	0	0
XR_001749099.2	747	519.701	2	0.173188
XR_001749101.1	3501	3273.29	0	0
XR_001749104.2	257	90.3934	0	0
XR_001749105.1	346	149.65	0	0
XR_001749114.2	826	598.427	0	0
XR_001749115.3	1904	1676.29	0	0
XR_001749116.3	1845	1617.29	1	0.0278262
XR_001749117.2	8467	8239.29	15.2495	0.0832929
XR_001749118.2	1521	1293.29	0	0
XR_001749119.2	1539	1311.29	0	0
XR_001749120.2	1253	1025.29	0	0
XR_001749121.3	1349	1121.29	0	0
XR_001749122.3	1301	1073.29	0	0
XR_001749123.2	1058	830.293	5.46327	0.296117
XR_001749129.2	3370	3142.29	0	0
XR_001749130.2	3164	2936.29	0	0
XR_001749132.2	3206	2978.29	0	0
XR_001749136.2	3257	3029.29	0	0
XR_001749137.2	2888	2660.29	0	0
XR_001749139.2	3367	3139.29	0	0
XR_001749140.2	1892	1664.29	0	0
XR_001749141.2	3287	3059.29	0	0
XR_001749142.2	3292	3064.29	0	0
XR_001749143.2	749	521.701	0	0
XR_001749144.2	1054	826.293	13.0957	0.71324
XR_001749145.1	369	167.159	0	0
XR_001749147.2	481	262.672	0	0
XR_001749148.3	1726	1498.29	8	0.24029
XR_001749160.2	797	569.487	0	0
XR_001749161.2	1434	1206.29	0	0
XR_001749166.2	602	376.687	0	0
XR_001749169.1	431	217.835	0	0
XR_001749170.1	243	81.9846	0	0
XR_001749173.2	361	161.348	0	0
XR_001749174.2	332	139.579	0	0
XR_001749176.1	1289	1061.29	0	0
XR_001749177.2	1571	1343.29	0	0
XR_001749178.1	484	265.13	0	0
XR_001749179.1	472	254.125	0	0
XR_001749181.1	1196	968.293	0	0
XR_001749183.1	1861	1633.29	0	0
XR_001749186.2	4555	4327.29	0	0
XR_001749193.2	7453	7225.29	1.00144	0.00623749
XR_001749196.2	12450	12222.3	0	0
XR_001749198.2	356	157.501	0	0
XR_001749199.1	212	64.9181	0	0
XR_001749200.2	266	95.93	0	0
XR_001749202.1	273	100.242	0	0
XR_001749203.3	2135	1907.29	0	0
XR_001749204.2	1232	1004.29	0	0
XR_001749205.2	749	521.701	0	0
XR_001749206.2	3280	3052.29	0	0
XR_001749207.2	1155	927.293	0	0
XR_001749208.2	2710	2482.29	0	0
XR_001749212.2	635	409.096	0	0
XR_001749213.2	535	312.445	0	0
XR_001749215.2	3737	3509.29	0	0
XR_001749216.2	2741	2513.29	0	0
XR_001749217.2	2145	1917.29	0	0
XR_001749219.2	528	305.914	0	0
XR_001749225.2	1285	1057.29	1.00336	0.0427075
XR_001749226.2	1412	1184.29	0	0
XR_001749227.2	388	182.168	0	0
XR_001749229.2	385	179.839	0	0
XR_001749230.2	291	111.803	0	0
XR_001749232.1	1084	856.293	0	0
XR_001749233.2	9967	9739.29	3.0016	0.0138697
XR_001749234.2	1391	1163.29	0	0
XR_001749235.2	1340	1112.29	0	0
XR_001749238.2	3265	3037.29	0	0
XR_001749240.2	7110	6882.29	1.35532	0.00886236
XR_001749241.1	854	626.427	0	0
XR_001749242.3	428	215.312	0	0
XR_001749246.2	6109	5881.29	0	0
XR_001749251.2	6473	6245.29	7.02401	0.0506144
XR_001749252.2	309	123.455	0	0
XR_001749261.3	1508	1280.29	0	0
XR_001749263.2	335	141.797	1	0.317376
XR_001749264.2	622	396.338	0	0
XR_001749265.1	1630	1402.29	0	0
XR_001749266.2	508	287.414	0	0
XR_001749267.2	1811	1583.29	0	0
XR_001749268.2	504	283.647	0	0
XR_001749269.2	544	321.029	0	0
XR_001749270.2	488	268.748	0	0
XR_001749271.2	310	124.224	0	0
XR_001749272.2	314	126.964	0	0
XR_001749273.2	15443	15215.3	18.8468	0.0557441
XR_001749275.3	2063	1835.29	0	0
XR_001749279.2	1915	1687.29	0	0
XR_001749284.2	668	441.629	0	0
XR_001749292.2	4751	4523.29	8.19141	0.0814978
XR_001749297.2	6001	5773.29	13.6993	0.106787
XR_001749300.2	3635	3407.29	0	0
XR_001749303.2	953	725.293	1	0.0620481
XR_001749305.2	445	230.083	0	0
XR_001749306.2	369	167.159	1	0.269223
XR_001749312.2	321	132.144	0	0
XR_001749331.2	1653	1425.29	3.7647	0.118869
XR_001749332.1	1147	919.293	3.32856	0.162946
XR_001749334.2	778	550.487	0	0
XR_001749337.2	5474	5246.29	5.44085	0.046672
XR_001749339.3	5151	4923.29	6.21299	0.056792
XR_001749342.3	3968	3740.29	0	0
XR_001749343.3	4086	3858.29	0	0
XR_001749344.2	1446	1218.29	0	0
XR_001749345.2	1423	1195.29	0	0
XR_001749352.3	630	404.218	0	0
XR_001749353.3	483	264.32	0	0
XR_001749356.2	865	637.427	1.65548	0.116879
XR_001749364.2	484	265.13	0	0
XR_001749365.2	337	143.078	0	0
XR_001749366.2	1385	1157.29	0	0
XR_001749370.2	2127	1899.29	10.2454	0.242762
XR_001749372.2	700	472.947	0	0
XR_001749373.2	530	307.728	0	0
XR_001749374.2	679	452.316	0	0
XR_001749375.2	600	374.838	0	0
XR_001749376.2	818	590.487	0	0
XR_001749377.2	1098	870.293	2	0.10342
XR_001749378.2	614	388.495	0	0
XR_001749379.1	1288	1060.29	0	0
XR_001749384.1	1649	1421.29	0	0
XR_001749390.3	1886	1658.29	65	1.76398
XR_001749391.2	494	274.359	7	1.14821
XR_001749395.2	2481	2253.29	0	0
XR_001749396.2	1992	1764.29	0	0
XR_001749398.2	1398	1170.29	0	0
XR_001749399.2	2012	1784.29	0	0
XR_001749400.2	1890	1662.29	0	0
XR_001749401.2	1293	1065.29	0	0
XR_001749402.2	1887	1659.29	0	0
XR_001749403.2	1954	1726.29	0	0
XR_001749406.2	214	65.919	0	0
XR_001749414.2	648	421.846	3	0.320044
XR_001749416.2	2209	1981.29	0	0
XR_001749425.2	1738	1510.29	2	0.0595952
XR_001749430.1	2548	2320.29	0	0
XR_001749433.2	2998	2770.29	0	0
XR_001749435.2	19774	19546.3	7.26622	0.0167296
XR_001749445.3	204	60.7343	0	0
XR_001749448.2	784	556.487	1	0.08087
XR_001749450.2	334	141.098	1	0.31895
XR_001749479.3	1964	1736.29	0	0
XR_001749498.2	5375	5147.29	0	0
XR_001749631.2	2755	2527.29	3.85473	0.0686405
XR_001749667.3	2205	1977.29	172.324	3.92209
XR_001749694.2	2648	2420.29	10.6109	0.1973
XR_001749705.3	3414	3186.29	171.023	2.41553
XR_001749714.3	2107	1879.29	0.085115	0.00203823
XR_001749768.3	321	132.144	0	0
XR_001749770.1	281	105.3	0	0
XR_001749771.1	260	92.282	0	0
XR_001749777.2	2958	2730.29	0	0
XR_001749779.2	2358	2130.29	0	0
XR_001749780.1	2532	2304.29	0	0
XR_001749786.1	876	648.427	0	0
XR_001749787.2	4039	3811.29	11	0.129886
XR_001749789.2	595	369.951	0	0
XR_001749790.2	1061	833.293	0	0
XR_001749791.2	510	289.15	0	0
XR_001749794.1	1316	1088.29	0	0
XR_001749796.2	5168	4940.29	1.03834	0.00945862
XR_001749797.2	349	151.837	0	0
XR_001749798.2	4583	4355.29	61.0818	0.631156
XR_001749803.2	2161	1933.29	9.06297	0.210967
XR_001749804.2	2047	1819.29	0	0
XR_001749805.2	2030	1802.29	0	0
XR_001749806.1	721	493.802	0	0
XR_001749808.1	740	512.753	0	0
XR_001749811.2	1477	1249.29	0	0
XR_001749817.2	342	146.678	0	0
XR_001749821.2	551	327.472	0	0
XR_001749822.1	377	173.351	0	0
XR_001749824.2	3979	3751.29	0	0
XR_001749825.2	3824	3596.29	0	0
XR_001749828.2	3812	3584.29	0	0
XR_001749842.2	7918	7690.29	3.87948	0.0227024
XR_001749843.1	1281	1053.29	0	0
XR_001749845.1	7464	7236.29	2	0.0124382
XR_001749846.2	725	497.753	2	0.180825
XR_001749851.3	373	170.281	3	0.792863
XR_001749858.3	4009	3781.29	12.0491	0.143403
XR_001749860.1	1689	1461.29	3	0.0923903
XR_001749861.1	504	283.647	0	0
XR_001749863.3	3067	2839.29	3	0.0475503
XR_001749864.3	3508	3280.29	0	0
XR_001749874.3	2748	2520.29	1	0.0178563
XR_001749879.2	639	413.014	0	0
XR_001749881.1	1586	1358.29	0	0
XR_001749882.2	5703	5475.29	0	0
XR_001749886.2	638	412.014	0	0
XR_001749891.3	5419	5191.29	0	0
XR_001749894.1	276	102.102	0	0
XR_001749900.2	2185	1957.29	0	0
XR_001749901.2	3257	3029.29	0	0
XR_001749902.1	3413	3185.29	0	0
XR_001749903.2	3222	2994.29	0	0
XR_001749904.1	3680	3452.29	0	0
XR_001749905.2	612	386.495	0	0
XR_001749917.1	404	195.215	0	0
XR_001749918.1	355	156.626	0	0
XR_001749919.1	195	55.7944	0	0
XR_001749923.2	548	324.67	0	0
XR_001749924.2	2837	2609.29	7.25849	0.125189
XR_001749925.2	768	540.541	0	0
XR_001749927.1	2120	1892.29	0	0
XR_001749928.2	1376	1148.29	0	0
XR_001749929.1	511	290.032	0	0
XR_001749930.2	1026	798.293	0	0
XR_001749938.3	3523	3295.29	0	0
XR_001749939.2	4062	3834.29	0	0
XR_001749944.3	811	583.487	0	0
XR_001749945.1	2418	2190.29	0	0
XR_001749946.1	2282	2054.29	0	0
XR_001749947.1	2332	2104.29	0	0
XR_001749948.1	2174	1946.29	0	0
XR_001749950.1	518	296.555	0	0
XR_001749951.2	265	95.2601	0	0
XR_001749952.2	303	119.67	0	0
XR_001749953.2	437	223.004	0	0
XR_001749954.2	506	285.56	0	0
XR_001749956.2	1112	884.293	0	0
XR_001749964.2	363	162.855	0	0
XR_001749965.1	497	277.191	0	0
XR_001749966.2	3351	3123.29	0	0
XR_001749968.1	537	314.382	2	0.286296
XR_001749969.1	493	273.443	0	0
XR_001749970.1	186	51.1319	0	0
XR_001749971.1	261	92.9009	0	0
XR_001749972.1	347	150.34	0	0
XR_001749973.2	1960	1732.29	1	0.0259789
XR_001749983.2	321	132.144	0	0
XR_001749984.3	1560	1332.29	7	0.236451
XR_001749987.2	612	386.495	0	0
XR_001749988.2	700	472.947	0	0
XR_001749990.2	20159	19931.3	6.13924	0.0138619
XR_001749992.2	11063	10835.3	0	0
XR_001749993.2	8492	8264.29	0	0
XR_001749994.2	8367	8139.29	1	0.00552911
XR_001749995.2	2804	2576.29	0	0
XR_001749997.2	851	623.427	0	0
XR_001749998.1	277	102.552	0	0
XR_001749999.1	541	318.158	0	0
XR_001750000.2	2726	2498.29	0	0
XR_001750001.2	1102	874.293	0	0
XR_001750002.1	1003	775.293	0	0
XR_001750005.2	2723	2495.29	0	0
XR_001750006.2	1722	1494.29	0	0
XR_001750007.2	2889	2661.29	0	0
XR_001750008.2	969	741.293	0	0
XR_001750010.1	217	67.4458	0	0
XR_001750017.3	4322	4094.29	3.08223	0.0338789
XR_001750018.1	784	556.487	0	0
XR_001750019.2	256	89.7297	0	0
XR_001750022.2	5586	5358.29	0	0
XR_001750023.2	5911	5683.29	0	0
XR_001750024.2	5078	4850.29	2.1823	0.0202484
XR_001750030.2	381	176.619	0	0
XR_001750031.3	296	115.202	1	0.390646
XR_001750032.2	2370	2142.29	0	0
XR_001750033.1	193	54.7097	0	0
XR_001750036.1	790	562.487	0.5	0.0400037
XR_001750037.2	6272	6044.29	0	0
XR_001750039.3	874	646.427	1	0.0696182
XR_001750050.2	5679	5451.29	0	0
XR_001750056.2	1304	1076.29	0	0
XR_001750057.2	1239	1011.29	0	0
XR_001750058.2	1389	1161.29	0	0
XR_001750059.2	1178	950.293	1.24916	0.0591567
XR_001750061.1	180	47.9827	0	0
XR_001750062.1	299	117.078	0	0
XR_001750064.2	1046	818.293	0	0
XR_001750066.1	458	241.399	0	0
XR_001750072.2	493	273.443	0	0
XR_001750074.2	853	625.427	0	0
XR_001750076.2	437	223.004	0	0
XR_001750082.3	341	145.916	0	0
XR_001750113.3	2281	2053.29	2.33644	0.0512089
XR_001750164.2	1132	904.293	9.68315	0.481892
XR_001750204.3	4870	4642.29	0	0
XR_001750205.3	4978	4750.29	0	0
XR_001750206.3	4534	4306.29	0	0
XR_001750215.3	5962	5734.29	84.059	0.6597
XR_001750225.3	6603	6375.29	116.515	0.82248
XR_001750287.2	4234	4006.29	0	0
XR_001750415.2	1945	1717.29	10.8873	0.285312
XR_001750495.2	2075	1847.29	0	0
XR_001750598.3	5439	5211.29	511.352	4.41587
XR_001750609.1	5273	5045.29	0	0
XR_001750622.2	1317	1089.29	0	0
XR_001750623.2	866	638.427	0	0
XR_001750624.2	2802	2574.29	0	0
XR_001750625.2	715	487.852	0	0
XR_001750626.2	698	470.947	0	0
XR_001750627.2	838	610.427	12.294	0.906361
XR_001750634.2	331	138.909	0	0
XR_001750638.3	2460	2232.29	8.62655	0.173912
XR_001750653.2	264	94.6304	0	0
XR_001750657.2	1270	1042.29	0	0
XR_001750658.2	963	735.293	0.000259663	1.58925e-05
XR_001750659.1	2180	1952.29	0.5	0.0115257
XR_001750667.2	3229	3001.29	0	0
XR_001750673.1	2355	2127.29	0	0
XR_001750674.1	2087	1859.29	0	0
XR_001750686.2	523	301.192	0	0
XR_001750687.1	861	633.427	0	0
XR_001750688.1	2432	2204.29	0	0
XR_001750690.2	4015	3787.29	2.7246	0.0323755
XR_001750691.2	2802	2574.29	5	0.0874086
XR_001750694.2	1309	1081.29	0	0
XR_001750696.1	1620	1392.29	0	0
XR_001750697.1	1284	1056.29	0	0
XR_001750699.2	1187	959.293	0	0
XR_001750700.2	1119	891.293	0	0
XR_001750706.2	4393	4165.29	0	0
XR_001750707.2	1057	829.293	0	0
XR_001750708.2	870	642.427	0	0
XR_001750712.1	4361	4133.29	0	0
XR_001750713.2	529	306.759	0	0
XR_001750715.2	772	544.487	0	0
XR_001750716.2	372	169.412	0	0
XR_001750717.2	900	672.361	0	0
XR_001750719.2	700	472.947	0	0
XR_001750722.2	648	421.846	0	0
XR_001750723.2	719	491.852	0	0
XR_001750725.1	13286	13058.3	0	0
XR_001750731.2	864	636.427	0	0
XR_001750732.3	2349	2121.29	3.0068	0.0637891
XR_001750738.2	870	642.427	0	0
XR_001750740.3	7292	7064.29	21.4194	0.136452
XR_001750743.3	2101	1873.29	0	0
XR_001750744.3	1921	1693.29	1.87513	0.0498359
XR_001750745.1	1018	790.293	0.124814	0.0071075
XR_001750746.2	884	656.427	13	0.891249
XR_001750751.1	2273	2045.29	0	0
XR_001750753.1	948	720.293	0	0
XR_001750754.1	2038	1810.29	0	0
XR_001750755.1	2082	1854.29	0	0
XR_001750760.3	561	336.904	0	0
XR_001750768.2	1160	932.293	2.06417	0.0996401
XR_001750771.2	3789	3561.29	0	0
XR_001750772.2	3178	2950.29	0	0
XR_001750775.2	2465	2237.29	0	0
XR_001750776.2	882	654.427	0	0
XR_001750785.2	305	120.879	0	0
XR_001750786.2	786	558.487	0	0
XR_001750790.3	744	516.753	0	0
XR_001750792.2	1495	1267.29	23.7675	0.844013
XR_001750793.2	567	342.699	0	0
XR_001750795.1	288	109.828	0	0
XR_001750796.1	276	102.102	0	0
XR_001750820.2	372	169.412	0	0
XR_001750823.2	619	393.338	0	0
XR_001750826.3	6387	6159.29	266.105	1.9443
XR_001750830.1	327	136.154	0	0
XR_001750833.3	1191	963.293	0	0
XR_001750834.2	980	752.293	0	0
XR_001750835.1	1531	1303.29	0	0
XR_001750836.3	1652	1424.29	0	0
XR_001750837.1	881	653.427	0	0
XR_001750838.1	686	459.134	0	0
XR_001750851.2	2727	2499.29	2	0.0360126
XR_001750858.2	2790	2562.29	0	0
XR_001750860.2	1183	955.293	0.417212	0.0196545
XR_001750861.2	6704	6476.29	1.26172	0.00876754
XR_001750862.1	596	370.951	0	0
XR_001750863.1	528	305.914	1.01204	0.148882
XR_001750867.2	351	153.209	0	0
XR_001750874.2	5376	5148.29	0	0
XR_001750875.2	1308	1080.29	0	0
XR_001750876.2	14041	13813.3	0	0
XR_001750878.3	1050	822.293	0	0
XR_001750879.2	934	706.293	0	0
XR_001750881.2	2518	2290.29	2.00015	0.039302
XR_001750887.2	612	386.495	1	0.116439
XR_001750892.2	1407	1179.29	0	0
XR_001750901.1	2104	1876.29	228	5.4686
XR_001750903.2	537	314.382	3.12864	0.447858
XR_001750906.2	2357	2129.29	0	0
XR_001750914.3	2281	2053.29	157.452	3.45095
XR_001750915.3	2566	2338.29	0	0
XR_001750918.2	1337	1109.29	0	0
XR_001750919.1	906	678.293	0.5	0.0331738
XR_001750924.2	3123	2895.29	0	0
XR_001750926.1	579	354.315	0	0
XR_001750927.1	131	24.9698	0	0
XR_001750928.1	626	400.259	0	0
XR_001750929.2	1470	1242.29	0	0
XR_001750930.2	992	764.293	0	0
XR_001750933.1	835	607.427	0	0
XR_001750934.2	404	195.215	0	0
XR_001750936.2	545	321.964	0	0
XR_001750937.2	647	420.888	0	0
XR_001750938.1	731	503.753	0	0
XR_001750939.1	684	457.134	1	0.0984462
XR_001750942.2	2057	1829.29	1.0576	0.0260184
XR_001750945.1	1104	876.293	0	0
XR_001750946.3	2182	1954.29	4.08462	0.0940599
XR_001750947.2	1791	1563.29	1	0.0287874
XR_001750960.2	2218	1990.29	0	0
XR_001750965.1	330	138.255	1.65281	0.538004
XR_001750966.2	886	658.427	0	0
XR_001750974.1	5795	5567.29	0	0
XR_001750975.3	31600	31372.3	0	0
XR_001750978.2	2532	2304.29	1	0.0195301
XR_001750980.2	627	401.259	0	0
XR_001750990.2	554	330.174	0	0
XR_001750993.2	1762	1534.29	0	0
XR_001750998.1	604	378.687	0	0
XR_001751001.3	441	226.512	0	0
XR_001751015.3	3182	2954.29	0	0
XR_001751016.2	838	610.427	1	0.0737239
XR_001751017.1	1246	1018.29	0	0
XR_001751018.3	18056	17828.3	0	0
XR_001751022.2	9299	9071.29	8.49987	0.0421682
XR_001751025.2	1802	1574.29	0	0
XR_001751026.1	140	28.6505	0	0
XR_001751029.3	2810	2582.29	2.5	0.0435689
XR_001751049.3	2028	1800.29	5.79884	0.144957
XR_001751081.2	889	661.427	26.196	1.78236
XR_001751118.2	6443	6215.29	0	0
XR_001751119.2	3645	3417.29	0	0
XR_001751120.2	2729	2501.29	0	0
XR_001751292.3	15594	15366.3	3.50937	0.0102778
XR_001751293.3	1871	1643.29	0	0
XR_001751294.2	4186	3958.29	0	0
XR_001751298.3	2463	2235.29	618.256	12.4473
XR_001751302.2	8331	8103.29	0	0
XR_001751303.2	8233	8005.29	0	0
XR_001751322.3	3812	3584.29	0	0
XR_001751341.3	1804	1576.29	0	0
XR_001751342.3	1677	1449.29	0	0
XR_001751344.3	3693	3465.29	130.761	1.69817
XR_001751350.2	1258	1030.29	0	0
XR_001751351.2	1318	1090.29	0	0
XR_001751352.2	1213	985.293	2.9994	0.136997
XR_001751354.2	1839	1611.29	0	0
XR_001751368.2	5312	5084.29	188.336	1.66704
XR_001751370.2	10811	10583.3	0	0
XR_001751371.3	8870	8642.29	0	0
XR_001751372.2	1467	1239.29	0	0
XR_001751401.2	2756	2528.29	0	0
XR_001751402.2	3915	3687.29	31.1557	0.380252
XR_001751411.3	2003	1775.29	0	0
XR_001751412.3	2492	2264.29	0	0
XR_001751413.3	9833	9605.29	0	0
XR_001751426.2	442	227.417	0	0
XR_001751427.1	833	605.427	0	0
XR_001751428.2	1084	856.293	0	0
XR_001751429.2	1084	856.293	0	0
XR_001751436.3	2638	2410.29	0	0
XR_001751437.2	425	212.877	0	0
XR_001751439.2	2978	2750.29	0	0
XR_001751441.1	1447	1219.29	0	0
XR_001751446.1	3583	3355.29	1	0.0134126
XR_001751449.2	1918	1690.29	2	0.0532488
XR_001751451.2	2514	2286.29	0	0
XR_001751452.2	1997	1769.29	0	0
XR_001751453.2	3056	2828.29	0	0
XR_001751454.2	2186	1958.29	0	0
XR_001751455.1	3523	3295.29	0	0
XR_001751460.2	373	170.281	0	0
XR_001751465.2	1774	1546.29	11.0961	0.322938
XR_001751466.2	2111	1883.29	0	0
XR_001751471.2	212	64.9181	0	0
XR_001751475.2	949	721.293	0	0
XR_001751477.1	405	196.152	0	0
XR_001751478.1	494	274.359	1	0.16403
XR_001751485.3	8165	7937.29	1.39452	0.00790666
XR_001751487.2	1204	976.293	12	0.55315
XR_001751505.1	1775	1547.29	0	0
XR_001751506.2	2984	2756.29	5.00234	0.0816752
XR_001751507.3	1328	1100.29	0	0
XR_001751508.2	493	273.443	1	0.164579
XR_001751510.2	780	552.487	0	0
XR_001751511.2	1836	1608.29	3	0.0839457
XR_001751513.2	576	351.35	0	0
XR_001751514.2	243	81.9846	0	0
XR_001751516.3	964	736.293	0	0
XR_001751517.2	266	95.93	0	0
XR_001751518.3	904	676.361	0	0
XR_001751519.2	1183	955.293	0	0
XR_001751520.2	2050	1822.29	0	0
XR_001751521.2	1129	901.293	0	0
XR_001751522.2	1037	809.293	0	0
XR_001751537.2	342	146.678	0	0
XR_001751548.2	987	759.293	0	0
XR_001751550.2	3316	3088.29	0	0
XR_001751554.3	2306	2078.29	0	0
XR_001751555.1	1054	826.293	3	0.163391
XR_001751569.2	614	388.495	0	0
XR_001751570.2	599	373.876	0	0
XR_001751571.1	439	224.747	0	0
XR_001751584.1	1374	1146.29	2	0.0785193
XR_001751585.2	322	132.775	0	0
XR_001751587.2	497	277.191	0	0
XR_001751592.3	885	657.427	0	0
XR_001751593.2	1311	1083.29	0	0
XR_001751594.2	1045	817.293	0	0
XR_001751595.2	12605	12377.3	9.40052	0.0341797
XR_001751596.2	1513	1285.29	0	0
XR_001751597.2	1107	879.293	0	0
XR_001751601.3	2211	1983.29	0	0
XR_001751602.2	2314	2086.29	0	0
XR_001751603.2	2318	2090.29	0	0
XR_001751604.2	2219	1991.29	0	0
XR_001751605.1	1277	1049.29	0	0
XR_001751613.3	5427	5199.29	0	0
XR_001751617.2	766	538.541	1	0.0835648
XR_001751618.1	618	392.338	0	0
XR_001751620.3	581	356.279	0	0
XR_001751621.1	564	339.768	0	0
XR_001751622.3	697	469.994	0	0
XR_001751624.2	2121	1893.29	0	0
XR_001751627.1	774	546.487	0	0
XR_001751629.2	746	518.701	0	0
XR_001751636.2	6622	6394.29	0	0
XR_001751639.2	969	741.293	0	0
XR_001751640.2	870	642.427	0	0
XR_001751641.2	10502	10274.3	3.9839e-07	1.74501e-09
XR_001751642.2	10384	10156.3	3.00772	0.0133274
XR_001751648.1	1661	1433.29	0	0
XR_001751651.2	369	167.159	0	0
XR_001751653.2	4104	3876.29	1.49459e-07	1.73519e-09
XR_001751655.2	402	193.569	0	0
XR_001751656.3	3039	2811.29	0	0
XR_001751663.2	336	142.48	0	0
XR_001751666.3	2015	1787.29	0	0
XR_001751667.3	1808	1580.29	10.298	0.293264
XR_001751670.2	887	659.427	0	0
XR_001751679.2	9242	9014.29	0	0
XR_001751680.2	9121	8893.29	0	0
XR_001751681.2	1268	1040.29	0	0
XR_001751687.2	4413	4185.29	0	0
XR_001751688.2	3840	3612.29	0	0
XR_001751689.2	1879	1651.29	0	0
XR_001751690.2	1773	1545.29	0	0
XR_001751691.2	1581	1353.29	0	0
XR_001751692.2	1482	1254.29	0	0
XR_001751696.2	1004	776.293	0	0
XR_001751697.2	4073	3845.29	0	0
XR_001751698.2	1747	1519.29	0	0
XR_001751710.2	2036	1808.29	0	0
XR_001751711.2	1560	1332.29	0	0
XR_001751712.1	1635	1407.29	0	0
XR_001751713.2	2634	2406.29	3.0401	0.0568568
XR_001751715.2	525	303.13	0	0
XR_001751721.2	1768	1540.29	0	0
XR_001751723.2	3933	3705.29	5.25347	0.0638066
XR_001751724.2	838	610.427	4.21001	0.310378
XR_001751725.2	3377	3149.29	0	0
XR_001751726.2	3371	3143.29	0	0
XR_001751727.2	2969	2741.29	0	0
XR_001751729.2	4231	4003.29	0.00488014	5.48602e-05
XR_001751730.2	4210	3982.29	6.60732	0.0746679
XR_001751737.2	552	328.307	0	0
XR_001751739.2	1088	860.293	0	0
XR_001751742.2	1151	923.293	0	0
XR_001751743.1	475	257.02	0	0
XR_001751745.2	533	310.571	0	0
XR_001751746.2	470	252.282	0	0
XR_001751756.1	4741	4513.29	0	0
XR_001751764.3	335	141.797	0	0
XR_001751766.2	3364	3136.29	0	0
XR_001751770.2	954	726.293	2.58635	0.160257
XR_001751772.2	44928	44700.3	0	0
XR_001751785.2	7848	7620.29	11.9185	0.0703868
XR_001751787.2	3846	3618.29	2.0048	0.024935
XR_001751790.2	309	123.455	1.00163	0.365123
XR_001751791.2	300	117.761	0	0
XR_001751795.2	9667	9439.29	9.20015	0.043863
XR_001751796.2	704	476.947	0	0
XR_001751797.2	561	336.904	0	0
XR_001751798.3	395	187.965	0.693008	0.165922
XR_001751804.2	581	356.279	1.0066	0.127148
XR_001751806.2	865	637.427	0	0
XR_001751807.2	944	716.293	0	0
XR_001751817.3	873	645.427	24.5283	1.71026
XR_001751821.2	793	565.487	29.2566	2.32832
XR_001751833.3	1327	1099.29	0	0
XR_001751841.1	4156	3928.29	15.724	0.180137
XR_001751877.2	4423	4195.29	36.5349	0.391912
XR_001751899.3	1649	1421.29	0	0
XR_001751901.1	3403	3175.29	0	0
XR_001751902.3	10744	10516.3	0.000213546	9.13842e-07
XR_001751904.2	3513	3285.29	0	0
XR_001751915.3	3036	2808.29	75.7714	1.21424
XR_001751943.2	6729	6501.29	290.982	2.01423
XR_001751978.2	1773	1545.29	1.045	0.0304332
XR_001751996.2	3968	3740.29	25.0851	0.301824
XR_001752000.2	4140	3912.29	0	0
XR_001752006.3	9085	8857.29	14.4404	0.0733705
XR_001752007.3	9115	8887.29	0	0
XR_001752024.3	8787	8559.29	3.11776	0.0163926
XR_001752041.2	7596	7368.29	397.918	2.43035
XR_001752047.1	833	605.427	0	0
XR_001752051.2	982	754.293	0	0
XR_001752052.2	566	341.699	0	0
XR_001752059.3	4626	4398.29	0	0
XR_001752061.3	3386	3158.29	11.1929	0.159489
XR_001752066.1	1729	1501.29	0	0
XR_001752067.2	1842	1614.29	1.3481	0.0375821
XR_001752071.2	2546	2318.29	0	0
XR_001752076.3	1829	1601.29	1	0.0281042
XR_001752077.1	750	522.701	0	0
XR_001752079.3	12028	11800.3	6.37619e-08	2.4317e-10
XR_001752080.2	1584	1356.29	0	0
XR_001752081.2	216	66.8958	0	0
XR_001752087.2	2251	2023.29	1.14512	0.0254704
XR_001752088.3	1058	830.293	1	0.0542014
XR_001752089.3	20316	20088.3	23.3936	0.0524078
XR_001752091.2	17825	17597.3	31.4013	0.0803053
XR_001752092.3	1678	1450.29	2.03098	0.0630221
XR_001752093.2	464	246.768	0	0
XR_001752094.2	449	233.505	2	0.385458
XR_001752102.1	1753	1525.29	0	0
XR_001752105.2	486	266.912	0	0
XR_001752113.3	7585	7357.29	27.1961	0.166353
XR_001752118.3	2515	2287.29	0	0
XR_001752120.3	2415	2187.29	0	0
XR_001752121.1	2122	1894.29	0	0
XR_001752122.3	2208	1980.29	0	0
XR_001752123.3	2191	1963.29	0	0
XR_001752124.3	2373	2145.29	0	0
XR_001752125.3	2378	2150.29	0	0
XR_001752126.3	2365	2137.29	0	0
XR_001752127.3	2360	2132.29	0	0
XR_001752129.2	782	554.487	0	0
XR_001752130.1	590	365.061	0	0
XR_001752131.1	171	43.4345	0	0
XR_001752132.1	255	89.2265	0	0
XR_001752133.3	1245	1017.29	0	0
XR_001752136.2	1135	907.293	0	0
XR_001752138.3	5528	5300.29	4	0.0339627
XR_001752140.3	10464	10236.3	0	0
XR_001752143.3	8653	8425.29	0	0
XR_001752144.3	9732	9504.29	0	0
XR_001752145.3	11282	11054.3	0	0
XR_001752147.3	6910	6682.29	0	0
XR_001752149.3	8615	8387.29	0	0
XR_001752150.3	6800	6572.29	0	0
XR_001752154.3	6769	6541.29	0	0
XR_001752157.3	6762	6534.29	0	0
XR_001752158.3	6807	6579.29	0	0
XR_001752160.3	9844	9616.29	0	0
XR_001752161.3	6659	6431.29	0	0
XR_001752163.3	6697	6469.29	0	0
XR_001752165.3	6529	6301.29	0	0
XR_001752167.2	4419	4191.29	0	0
XR_001752172.2	4462	4234.29	1	0.0106282
XR_001752173.1	6732	6504.29	0	0
XR_001752175.1	4546	4318.29	0	0
XR_001752177.2	3997	3769.29	2.00532	0.0239424
XR_001752179.2	985	757.293	0	0
XR_001752180.2	1578	1350.29	4	0.133314
XR_001752181.1	400	191.921	0	0
XR_001752182.1	1301	1073.29	0	0
XR_001752184.1	1428	1200.29	0	0
XR_001752185.2	1342	1114.29	0	0
XR_001752186.1	1290	1062.29	0	0
XR_001752188.2	561	336.904	0	0
XR_001752189.1	1392	1164.29	3	0.115958
XR_001752201.2	785	557.487	0	0
XR_001752206.1	787	559.487	0	0
XR_001752207.2	1087	859.293	0	0
XR_001752208.2	2829	2601.29	0	0
XR_001752212.2	775	547.487	1	0.0821994
XR_001752221.3	1988	1760.29	4.00024	0.102269
XR_001752227.2	2319	2091.29	2	0.0430385
XR_001752228.2	829	601.427	0	0
XR_001752229.1	878	650.427	0	0
XR_001752230.1	855	627.427	0	0
XR_001752231.1	652	425.803	0	0
XR_001752232.2	3352	3124.29	0	0
XR_001752233.1	489	269.721	0	0
XR_001752234.1	471	253.178	0	0
XR_001752236.1	555	331.174	0	0
XR_001752237.1	911	683.293	0	0
XR_001752238.2	1564	1336.29	0	0
XR_001752241.2	650	423.846	0	0
XR_001752244.2	1051	823.293	0	0
XR_001752245.2	607	381.611	0	0
XR_001752251.1	561	336.904	0	0
XR_001752253.3	892	664.361	0	0
XR_001752254.2	1122	894.293	0	0
XR_001752255.1	1063	835.293	2	0.107754
XR_001752258.2	892	664.361	0	0
XR_001752259.2	629	403.218	0	0
XR_001752260.2	917	689.293	0	0
XR_001752264.2	307	122.069	0	0
XR_001752267.2	3736	3508.29	3.00898	0.0385981
XR_001752268.2	2303	2075.29	0	0
XR_001752272.2	528	305.914	0	0
XR_001752273.2	636	410.055	0	0
XR_001752274.2	759	531.648	0	0
XR_001752276.3	613	387.495	0	0
XR_001752277.2	683	456.134	0	0
XR_001752278.2	1638	1410.29	10.2502	0.327088
XR_001752279.2	1646	1418.29	0.0043926	0.000139379
XR_001752291.1	1316	1088.29	0	0
XR_001752292.1	1424	1196.29	0	0
XR_001752293.2	1047	819.293	1	0.0549291
XR_001752294.3	8284	8056.29	11.3359	0.063323
XR_001752298.2	1316	1088.29	2.70518	0.111865
XR_001752305.3	2879	2651.29	0	0
XR_001752313.2	6409	6181.29	451.793	3.28929
XR_001752321.3	996	768.293	0	0
XR_001752323.2	3432	3204.29	6.00383	0.0843216
XR_001752324.2	327	136.154	0	0
XR_001752325.1	2302	2074.29	0	0
XR_001752326.1	1828	1600.29	0	0
XR_001752327.1	2216	1988.29	0	0
XR_001752329.2	606	380.649	0	0
XR_001752330.1	360	160.548	0	0
XR_001752331.2	811	583.487	0	0
XR_001752332.2	432	218.698	0	0
XR_001752333.1	420	208.678	0	0
XR_001752334.2	816	588.487	2	0.152945
XR_001752336.2	985	757.293	0	0
XR_001752339.2	907	679.293	0	0
XR_001752343.3	524	302.192	0	0
XR_001752344.2	933	705.293	0	0
XR_001752346.3	2021	1793.29	0	0
XR_001752349.2	3544	3316.29	1	0.0135703
XR_001752356.2	855	627.427	0	0
XR_001752362.2	4438	4210.29	68.9637	0.737141
XR_001752367.2	535	312.445	4.11511	0.59272
XR_001752375.2	304	120.29	0	0
XR_001752380.2	1091	863.293	0	0
XR_001752381.2	505	284.56	0	0
XR_001752385.3	4259	4031.29	0	0
XR_001752391.2	705	477.9	1.00587	0.0947209
XR_001752395.1	1669	1441.29	4.07563	0.127258
XR_001752396.2	4833	4605.29	5	0.0488602
XR_001752429.2	2443	2215.29	0	0
XR_001752432.2	1352	1124.29	0	0
XR_001752433.2	1358	1130.29	0	0
XR_001752439.2	1309	1081.29	1.41436	0.0588653
XR_001752447.2	2649	2421.29	4.44663	0.0826467
XR_001752448.2	2620	2392.29	0	0
XR_001752485.3	2984	2756.29	0	0
XR_001752505.2	1796	1568.29	0	0
XR_001752521.3	3405	3177.29	2.22176	0.031469
XR_001752526.3	1621	1393.29	0	0
XR_001752543.3	2143	1915.29	0	0
XR_001752552.3	4091	3863.29	18.8522	0.219607
XR_001752558.2	1756	1528.29	18.9722	0.558666
XR_001752585.1	2667	2439.29	20.6147	0.380325
XR_001752590.2	3238	3010.29	0	0
XR_001752603.3	3478	3250.29	92.2233	1.27691
XR_001752618.3	1228	1000.29	22.8379	1.02748
XR_001752632.3	4368	4140.29	1.97523	0.0214698
XR_001752656.2	1385	1157.29	0	0
XR_001752666.3	5574	5346.29	0	0
XR_001752667.3	5387	5159.29	0	0
XR_001752683.2	6625	6397.29	0	0
XR_001752712.3	3771	3543.29	223.188	2.83469
XR_001752716.3	2925	2697.29	52.3569	0.87355
XR_001752717.3	885	657.427	0	0
XR_001752718.3	905	677.361	0	0
XR_001752719.3	902	674.361	0	0
XR_001752720.3	906	678.293	0	0
XR_001752721.3	969	741.293	1.31828	0.0800312
XR_001752722.3	687	460.134	13.1901	1.29005
XR_001752723.2	571	346.526	0	0
XR_001752726.2	628	402.259	5.8579	0.655358
XR_001752731.2	374	171.054	0.292798	0.077033
XR_001752743.1	346	149.65	0	0
XR_001752744.1	345	148.943	0	0
XR_001752746.2	1007	779.293	0	0
XR_001752747.1	516	294.675	0	0
XR_001752748.1	488	268.748	0	0
XR_001752749.1	542	319.126	0	0
XR_001752750.1	295	114.56	0	0
XR_001752757.2	1174	946.293	3	0.142672
XR_001752759.2	3618	3390.29	27.1577	0.360494
XR_001752762.1	2567	2339.29	0	0
XR_001752763.2	878	650.427	0	0
XR_001752764.1	1504	1276.29	0	0
XR_001752766.3	299	117.078	1.00535	0.386443
XR_001752768.2	1153	925.293	1	0.0486366
XR_001752775.2	318	129.815	0	0
XR_001752776.2	458	241.399	8	1.49141
XR_001752777.2	1204	976.293	10.3493	0.477061
XR_001752778.2	3559	3331.29	5.00326	0.06759
XR_001752779.2	1112	884.293	0	0
XR_001752780.3	3573	3345.29	57.0641	0.767663
XR_001752781.1	1217	989.293	0	0
XR_001752783.2	3018	2790.29	3	0.0483853
XR_001752784.1	974	746.293	0	0
XR_001752787.2	734	506.753	0	0
XR_001752790.2	2931	2703.29	5.00301	0.0832876
XR_001752791.3	1180	952.293	0	0
XR_001752794.1	1136	908.293	0	0
XR_001752795.1	1100	872.293	4	0.206367
XR_001752796.1	1094	866.293	1	0.051949
XR_001752797.1	1069	841.293	0	0
XR_001752801.2	861	633.427	5	0.355235
XR_001752809.1	404	195.215	0	0
XR_001752810.2	360	160.548	0	0
XR_001752811.1	337	143.078	0	0
XR_001752812.2	4649	4421.29	7.00372	0.0712889
XR_001752814.3	1008	780.293	0	0
XR_001752818.1	1204	976.293	0	0
XR_001752820.2	4504	4276.29	24	0.252573
XR_001752821.1	8835	8607.29	7.11621	0.037207
XR_001752822.2	6121	5893.29	3	0.022909
XR_001752823.2	472	254.125	0	0
XR_001752824.2	1511	1283.29	0	0
XR_001752825.1	1588	1360.29	0	0
XR_001752828.2	1720	1492.29	1	0.030157
XR_001752829.1	4793	4565.29	0	0
XR_001752830.1	4445	4217.29	0	0
XR_001752831.1	4249	4021.29	0	0
XR_001752832.1	4481	4253.29	0	0
XR_001752835.1	874	646.427	0	0
XR_001752836.2	264	94.6304	0	0
XR_001752838.2	1612	1384.29	0	0
XR_001752839.2	1423	1195.29	4	0.150601
XR_001752840.2	1602	1374.29	0	0
XR_001752843.3	3307	3079.29	0	0
XR_001752844.3	3110	2882.29	0	0
XR_001752845.3	2423	2195.29	0	0
XR_001752846.1	856	628.427	0	0
XR_001752847.2	8957	8729.29	3.02055	0.0155722
XR_001752848.3	3304	3076.29	0	0
XR_001752854.2	2969	2741.29	0	0
XR_001752856.2	268	97.2933	0	0
XR_001752867.2	580	355.279	0	0
XR_001752869.2	1031	803.293	7.05003	0.394965
XR_001752870.2	9009	8781.29	0	0
XR_001752873.2	637	411.055	0	0
XR_001752875.2	1067	839.293	0	0
XR_001752876.2	1119	891.293	0	0
XR_001752884.2	899	671.361	1	0.0670326
XR_001752885.2	1719	1491.29	1.00574	0.0303506
XR_001752886.2	1877	1649.29	0	0
XR_001752890.3	667	440.629	7.84246	0.800979
XR_001752894.2	816	588.487	0	0
XR_001752895.2	926	698.293	0	0
XR_001752896.2	732	504.753	0	0
XR_001752898.2	426	213.764	0	0
XR_001752899.2	924	696.293	0	0
XR_001752900.1	1896	1668.29	0	0
XR_001752901.1	1999	1771.29	0	0
XR_001752902.1	1183	955.293	0	0
XR_001752906.1	1102	874.293	4	0.205895
XR_001752909.2	898	670.361	0	0
XR_001752910.3	13002	12774.3	173.87	0.612534
XR_001752911.2	521	299.283	0	0
XR_001752914.2	1308	1080.29	2.15002	0.0895662
XR_001752915.2	685	458.134	0	0
XR_001752917.2	4063	3835.29	0	0
XR_001752923.1	3043	2815.29	0	0
XR_001752926.1	832	604.427	0	0
XR_001752929.1	825	597.427	0	0
XR_001752932.2	753	525.701	0.807195	0.0691006
XR_001752940.2	2591	2363.29	0	0
XR_001752942.1	428	215.312	0	0
XR_001752943.2	11873	11645.3	31.5981	0.122111
XR_001752944.2	1272	1044.29	0	0
XR_001752945.3	992	764.293	0	0
XR_001752946.2	3684	3456.29	0	0
XR_001752947.3	19503	19275.3	2.00066	0.00467105
XR_001752948.2	1605	1377.29	1	0.032675
XR_001752949.2	3587	3359.29	0	0
XR_001752950.2	2694	2466.29	0	0
XR_001752951.2	3394	3166.29	0	0
XR_001752952.2	1998	1770.29	0	0
XR_001752958.2	648	421.846	0	0
XR_001752961.3	779	551.487	38.6697	3.15557
XR_001752962.2	852	624.427	242.33	17.465
XR_001752969.2	414	203.726	0	0
XR_001752970.2	469	251.307	0	0
XR_001752972.3	894	666.361	2.90854	0.19643
XR_001752973.3	5587	5359.29	16.1131	0.135305
XR_001752977.3	395	187.965	0	0
XR_001752981.2	11870	11642.3	17.9968	0.0695664
XR_001752982.3	12941	12713.3	27.4243	0.0970779
XR_001752983.2	11800	11572.3	7.31172	0.0284343
XR_001752986.3	4236	4008.29	13.0995	0.147074
XR_001752989.3	866	638.427	0	0
XR_001752991.2	962	734.293	2	0.122575
XR_001752997.1	1997	1769.29	0	0
XR_001752998.2	1821	1593.29	0	0
XR_001752999.1	312	125.588	0	0
XR_001753017.1	969	741.293	1	0.0607089
XR_001753018.2	1467	1239.29	5.13509	0.186473
XR_001753019.2	469	251.307	0	0
XR_001753021.2	685	458.134	0	0
XR_001753032.2	3663	3435.29	1.10723	0.014505
XR_001753033.2	632	406.137	0.0514278	0.00569859
XR_001753038.2	623	397.299	0	0
XR_001753040.2	459	242.274	0	0
XR_001753043.3	1506	1278.29	0	0
XR_001753044.3	2798	2570.29	0	0
XR_001753045.3	2620	2392.29	0	0
XR_001753046.3	1444	1216.29	0	0
XR_001753047.3	2657	2429.29	0	0
XR_001753048.3	2345	2117.29	0	0
XR_001753052.2	794	566.487	0	0
XR_001753053.2	1063	835.293	1	0.053877
XR_001753054.1	547	323.768	0	0
XR_001753055.2	214	65.919	0	0
XR_001753056.1	1484	1256.29	0	0
XR_001753057.2	589	364.098	0	0
XR_001753058.2	3063	2835.29	19.4646	0.308952
XR_001753059.2	3077	2849.29	0.0227222	0.000358886
XR_001753060.1	228	73.5821	0	0
XR_001753061.2	260	92.282	0	0
XR_001753073.3	2836	2608.29	10.5	0.181165
XR_001753079.2	5292	5064.29	6.63734	0.0589818
XR_001753084.3	1360	1132.29	0	0
XR_001753087.3	1532	1304.29	0	0
XR_001753090.3	1245	1017.29	0	0
XR_001753095.2	1137	909.293	0	0
XR_001753096.2	702	474.947	0	0
XR_001753099.2	459	242.274	1.61033	0.299123
XR_001753104.3	9218	8990.29	0	0
XR_001753117.2	8953	8725.29	0	0
XR_001753120.2	7674	7446.29	0	0
XR_001753124.3	6921	6693.29	0	0
XR_001753127.2	626	400.259	0	0
XR_001753132.3	491	271.527	25.8386	4.28252
XR_001753148.2	3052	2824.29	8.96627	0.142871
XR_001753165.2	855	627.427	9.38588	0.673215
XR_001753166.2	1559	1331.29	11.5315	0.389811
XR_001753172.2	9051	8823.29	254.12	1.29614
XR_001753186.2	2224	1996.29	0	0
XR_001753187.2	2335	2107.29	0	0
XR_001753188.2	4449	4221.29	0	0
XR_001753288.2	2913	2685.29	0	0
XR_001753290.3	2784	2556.29	0	0
XR_001753316.3	667	440.629	0	0
XR_001753317.1	393	186.228	0	0
XR_001753318.2	16956	16728.3	2.17818	0.00585981
XR_001753320.2	1211	983.293	0	0
XR_001753321.2	1069	841.293	0	0
XR_001753322.2	223	70.6179	0	0
XR_001753330.2	1791	1563.29	0	0
XR_001753331.2	545	321.964	0	0
XR_001753332.2	3072	2844.29	0	0
XR_001753334.2	2290	2062.29	10.6184	0.231713
XR_001753336.2	1316	1088.29	0	0
XR_001753337.2	1757	1529.29	0	0
XR_001753338.2	848	620.427	0	0
XR_001753339.2	2487	2259.29	1	0.0199191
XR_001753340.2	982	754.293	0	0
XR_001753341.3	950	722.293	0	0
XR_001753344.2	859	631.427	0	0
XR_001753345.2	1279	1051.29	0	0
XR_001753346.2	790	562.487	0	0
XR_001753347.1	1400	1172.29	1	0.0383889
XR_001753348.1	1465	1237.29	0	0
XR_001753355.3	1016	788.293	0	0
XR_001753357.3	943	715.293	0	0
XR_001753359.2	1192	964.293	0	0
XR_001753361.2	1450	1222.29	0	0
XR_001753363.2	1056	828.293	3.39491	0.184453
XR_001753364.3	609	383.573	0	0
XR_001753365.2	460	243.274	0	0
XR_001753368.2	859	631.427	0	0
XR_001753369.2	657	430.76	0	0
XR_001753371.2	4017	3789.29	18.4323	0.218909
XR_001753375.1	1294	1066.29	1	0.0422052
XR_001753376.1	2348	2120.29	0	0
XR_001753377.2	730	502.753	0	0
XR_001753378.3	549	325.637	0	0
XR_001753379.3	416	205.291	0	0
XR_001753381.2	887	659.427	0	0
XR_001753382.2	614	388.495	1	0.11584
XR_001753383.3	1240	1012.29	0	0
XR_001753387.2	330	138.255	0	0
XR_001753388.2	3262	3034.29	2.13486	0.0316632
XR_001753389.2	1611	1383.29	0	0
XR_001753390.2	1928	1700.29	0	0
XR_001753391.2	1491	1263.29	0	0
XR_001753392.2	1760	1532.29	0	0
XR_001753393.2	1417	1189.29	0	0
XR_001753394.2	1430	1202.29	0	0
XR_001753395.2	1816	1588.29	0	0
XR_001753396.2	1296	1068.29	0	0
XR_001753397.2	1188	960.293	0	0
XR_001753398.2	894	666.361	0	0
XR_001753399.2	694	467.041	0	0
XR_001753400.2	602	376.687	0	0
XR_001753401.1	292	112.493	0	0
XR_001753402.2	587	362.135	0	0
XR_001753404.2	2637	2409.29	0	0
XR_001753406.3	1443	1215.29	0	0
XR_001753412.2	1605	1377.29	0	0
XR_001753413.2	9369	9141.29	23.4792	0.11559
XR_001753416.3	5887	5659.29	1	0.00795207
XR_001753422.2	495	275.303	0	0
XR_001753427.1	492	272.443	0	0
XR_001753428.2	1207	979.293	0	0
XR_001753432.3	3133	2905.29	0	0
XR_001753433.3	2867	2639.29	0	0
XR_001753434.3	8322	8094.29	5.01299	0.0278715
XR_001753435.2	2585	2357.29	1.00946	0.0192715
XR_001753436.3	1625	1397.29	0	0
XR_001753437.2	1802	1574.29	0	0
XR_001753440.2	16521	16293.3	0	0
XR_001753443.2	669	442.629	0	0
XR_001753444.2	17424	17196.3	4.51519	0.0118164
XR_001753449.3	11125	10897.3	0	0
XR_001753452.2	371	168.6	0	0
XR_001753453.3	2820	2592.29	4.80849	0.0834771
XR_001753454.2	5199	4971.29	4.20269	0.0380453
XR_001753461.2	5378	5150.29	1	0.00873797
XR_001753470.1	2615	2387.29	6	0.113107
XR_001753472.2	512	290.943	0	0
XR_001753474.3	275	101.511	0	0
XR_001753476.2	1793	1565.29	0	0
XR_001753478.1	1336	1108.29	0	0
XR_001753479.2	936	708.293	0	0
XR_001753480.1	456	239.672	0	0
XR_001753486.1	978	750.293	0	0
XR_001753488.1	6433	6205.29	1	0.00725237
XR_001753490.2	510	289.15	0	0
XR_001753491.2	3598	3370.29	1.00034	0.0133573
XR_001753492.2	1071	843.293	0	0
XR_001753493.2	2541	2313.29	0	0
XR_001753494.1	413	202.921	0	0
XR_001753495.1	465	247.59	4	0.727058
XR_001753500.2	1343	1115.29	1	0.0403509
XR_001753502.1	271	99.0818	0	0
XR_001753505.2	5602	5374.29	124.876	1.04568
XR_001753506.1	689	462.088	0	0
XR_001753507.3	2124	1896.29	0	0
XR_001753510.2	814	586.487	0	0
XR_001753511.2	1017	789.293	0	0
XR_001753512.2	911	683.293	0	0
XR_001753513.2	718	490.852	0	0
XR_001753514.2	606	380.649	0	0
XR_001753515.2	5855	5627.29	23	0.183938
XR_001753518.2	10333	10105.3	3.02156	0.0134563
XR_001753527.1	300	117.761	0	0
XR_001753529.2	401	192.714	0	0
XR_001753531.2	317	129.052	0	0
XR_001753533.1	401	192.714	0	0
XR_001753534.2	510	289.15	0	0
XR_001753535.1	349	151.837	0	0
XR_001753536.2	458	241.399	0	0
XR_001753537.1	468	250.385	0	0
XR_001753538.1	839	611.427	0	0
XR_001753539.1	668	441.629	0	0
XR_001753540.1	372	169.412	0	0
XR_001753541.3	795	567.487	0	0
XR_001753544.3	1277	1049.29	0	0
XR_001753545.1	515	293.705	0	0
XR_001753547.1	1105	877.293	0	0
XR_001753548.2	2575	2347.29	1	0.0191723
XR_001753550.2	840	612.427	0	0
XR_001753554.1	1133	905.293	0	0
XR_001753556.2	1247	1019.29	0	0
XR_001753558.2	4170	3942.29	0	0
XR_001753559.2	4167	3939.29	0	0
XR_001753564.2	8408	8180.29	16.7951	0.0923968
XR_001753565.2	8157	7929.29	33.5897	0.19064
XR_001753566.3	6170	5942.29	0	0
XR_001753567.3	9888	9660.29	23.3677	0.10886
XR_001753568.2	7700	7472.29	0	0
XR_001753576.3	3900	3672.29	0.484095	0.00593246
XR_001753589.3	1729	1501.29	3.36607	0.100902
XR_001753592.2	1541	1313.29	0	0
XR_001753593.2	5580	5352.29	0	0
XR_001753594.2	1024	796.293	0	0
XR_001753599.2	953	725.293	160.282	9.94519
XR_001753600.3	1014	786.293	9.98967e-06	5.71753e-07
XR_001753604.1	2016	1788.29	0	0
XR_001753605.1	2025	1797.29	0	0
XR_001753620.2	6176	5948.29	4.71769	0.0356927
XR_001753633.3	3671	3443.29	120.613	1.57639
XR_001753671.2	2432	2204.29	47.242	0.964497
XR_001753672.2	2320	2092.29	0	0
XR_001753673.2	1906	1678.29	58.4736	1.56796
XR_001753683.2	1733	1505.29	83.5851	2.49891
XR_001753688.3	3410	3182.29	7.00438	0.099054
XR_001753689.3	3467	3239.29	15.5943	0.21665
XR_001753692.3	2741	2513.29	0	0
XR_001753693.1	942	714.293	0	0
XR_001753694.1	967	739.293	10.1286	0.616561
XR_001753699.1	2797	2569.29	1200.57	21.029
XR_001753731.1	2670	2442.29	9.07741	0.167266
XR_001753733.2	1855	1627.29	0	0
XR_001753754.3	8760	8532.29	0	0
XR_001753770.2	3066	2838.29	42.9476	0.680964
XR_001753772.2	2353	2125.29	0	0
XR_001753826.2	2500	2272.29	2.34394	0.0464221
XR_001753827.2	2497	2269.29	14.3406	0.284393
XR_001753828.2	1810	1582.29	9.62684	0.273803
XR_001753829.3	1424	1196.29	1.00799	0.0379193
XR_001753831.2	1955	1727.29	55.3877	1.44308
XR_001753835.2	894	666.361	0	0
XR_001753845.2	1126	898.293	12.2194	0.612175
XR_001753848.3	757	529.648	0	0
XR_001753849.2	624	398.259	0	0
XR_001753855.2	2178	1950.29	0	0
XR_001753856.1	1922	1694.29	9.51696	0.252785
XR_001753857.1	2384	2156.29	10.7962	0.225323
XR_001753858.2	2034	1806.29	0	0
XR_001753859.2	344	148.132	0	0
XR_001753860.2	2726	2498.29	3.16813	0.0570692
XR_001753862.2	3546	3318.29	4.33198	0.0587508
XR_001753869.3	2147	1919.29	5.79641	0.135913
XR_001753870.2	1042	814.293	1	0.0552664
XR_001753871.2	328	136.811	0	0
XR_001753872.2	1192	964.293	10	0.466695
XR_001753876.2	813	585.487	0	0
XR_001753877.2	1889	1661.29	0	0
XR_001753885.2	790	562.487	4.65269	0.37225
XR_001753891.3	1242	1014.29	0	0
XR_001753892.1	1061	833.293	4.58011	0.247355
XR_001753894.2	2079	1851.29	7.36506	0.179037
XR_001753895.1	988	760.293	0	0
XR_001753896.2	5570	5342.29	0	0
XR_001753900.2	5060	4832.29	12.1644	0.113287
XR_001753904.2	4775	4547.29	0	0
XR_001753905.2	3075	2847.29	0	0
XR_001753907.2	4692	4464.29	0	0
XR_001753908.2	2992	2764.29	0	0
XR_001753909.2	5115	4887.29	0	0
XR_001753912.2	4870	4642.29	0	0
XR_001753913.2	5022	4794.29	0	0
XR_001753916.2	4716	4488.29	0	0
XR_001753918.2	2368	2140.29	0	0
XR_001753919.2	2316	2088.29	0	0
XR_001753920.2	2254	2026.29	0	0
XR_001753921.2	4595	4367.29	0	0
XR_001753923.1	4787	4559.29	0	0
XR_001753924.2	3754	3526.29	0	0
XR_001753925.1	3653	3425.29	0	0
XR_001753932.2	716	488.852	0	0
XR_001753933.3	1512	1284.29	11.0077	0.385723
XR_001753934.2	740	512.753	0	0
XR_001753935.2	1083	855.293	0	0
XR_001753937.2	410	200.199	0	0
XR_001753939.2	4336	4108.29	7.80851	0.0855361
XR_001753941.2	239	79.981	0	0
XR_001753942.2	2652	2424.29	1.259	0.0233714
XR_001753943.2	2328	2100.29	0	0
XR_001753959.1	331	138.909	2	0.647951
XR_001753971.2	560	336.006	0	0
XR_001753976.2	695	468.041	0	0
XR_001753981.1	532	309.634	0	0
XR_001753982.2	334	141.098	0	0
XR_001753983.2	320	131.369	0	0
XR_001753993.2	1088	860.293	0	0
XR_001753995.1	522	300.222	0	0
XR_001753996.2	712	484.852	0	0
XR_001753997.1	511	290.032	0	0
XR_001753998.1	408	198.624	0	0
XR_001753999.1	435	221.33	0	0
XR_001754001.3	1556	1328.29	0	0
XR_001754002.2	1090	862.293	1.56478	0.0816658
XR_001754003.2	331	138.909	0	0
XR_001754004.2	261	92.9009	0	0
XR_001754012.3	1639	1411.29	0.000960081	3.06149e-05
XR_001754013.3	1629	1401.29	16.4542	0.528433
XR_001754014.2	778	550.487	0	0
XR_001754015.2	509	288.355	0	0
XR_001754023.3	1707	1479.29	0	0
XR_001754024.2	2558	2330.29	15.0004	0.28969
XR_001754025.2	581	356.279	33.5749	4.24099
XR_001754027.2	489	269.721	0	0
XR_001754028.1	732	504.753	0	0
XR_001754029.1	758	530.648	0	0
XR_001754032.3	2076	1848.29	3.00339	0.073128
XR_001754038.3	1590	1362.29	1.00818	0.0333051
XR_001754041.3	2195	1967.29	0	0
XR_001754044.3	3336	3108.29	0	0
XR_001754056.2	854	626.427	0	0
XR_001754057.2	2124	1896.29	2.08514	0.0494849
XR_001754058.2	3127	2899.29	0	0
XR_001754059.2	2214	1986.29	0	0
XR_001754060.2	6370	6142.29	9.35012	0.0685061
XR_001754061.2	6593	6365.29	0	0
XR_001754062.2	1187	959.293	6.10493	0.286399
XR_001754065.2	13797	13569.3	67.8251	0.224945
XR_001754074.2	757	529.648	0	0
XR_001754085.1	1650	1422.29	0	0
XR_001754094.2	660	433.717	0	0
XR_001754095.2	11504	11276.3	13.5869	0.0542245
XR_001754099.3	2462	2234.29	0	0
XR_001754100.3	1967	1739.29	60.8835	1.57532
XR_001754107.2	1019	791.293	0	0
XR_001754152.2	2848	2620.29	0	0
XR_001754167.2	1622	1394.29	0	0
XR_001754187.2	597	371.913	0	0
XR_001754188.2	855	627.427	0	0
XR_001754240.2	2804	2576.29	38.7869	0.677535
XR_001754251.3	5844	5616.29	4.61777	0.037002
XR_001754265.1	1504	1276.29	33.1746	1.16976
XR_001754319.3	1855	1627.29	0	0
XR_001754329.2	3099	2871.29	0	0
XR_001754334.3	2722	2494.29	24.0773	0.434412
XR_001754352.2	11324	11096.3	0	0
XR_001754408.2	1801	1573.29	0	0
XR_001754433.3	968	740.293	166.827	10.1416
XR_001754440.3	5460	5232.29	0.00011337	9.751e-07
XR_001754451.1	734	506.753	0	0
XR_001754452.2	5581	5353.29	89.8796	0.755583
XR_001754461.2	296	115.202	0	0
XR_001754464.2	796	568.487	0	0
XR_001754475.2	2455	2227.29	0	0
XR_001754477.2	1463	1235.29	13.5049	0.491997
XR_001754478.3	2616	2388.29	29.2456	0.55108
XR_001754484.1	596	370.951	0	0
XR_001754485.1	455	238.796	0	0
XR_001754497.2	16984	16756.3	6.03046	0.0161963
XR_001754498.2	809	581.487	0	0
XR_001754499.2	2548	2320.29	0	0
XR_001754508.1	1570	1342.29	0	0
XR_001754509.1	1114	886.293	0	0
XR_001754510.1	962	734.293	0	0
XR_001754511.2	2995	2767.29	3.78696	0.0615855
XR_001754512.1	1663	1435.29	0	0
XR_001754517.2	572	347.526	0	0
XR_001754519.2	700	472.947	1	0.0951545
XR_001754520.2	715	487.852	0	0
XR_001754521.2	721	493.802	0	0
XR_001754526.1	730	502.753	0	0
XR_001754527.3	1588	1360.29	0	0
XR_001754528.1	1042	814.293	1	0.0552664
XR_001754530.1	897	669.361	0	0
XR_001754531.3	1212	984.293	0	0
XR_001754532.1	999	771.293	0	0
XR_001754534.1	1214	986.293	0	0
XR_001754537.2	1039	811.293	2	0.110942
XR_001754548.1	2029	1801.29	0	0
XR_001754554.3	982	754.293	0	0
XR_001754555.3	753	525.701	0	0
XR_001754556.3	752	524.701	0	0
XR_001754557.2	1061	833.293	0	0
XR_001754558.2	5861	5633.29	0.000113674	9.08113e-07
XR_001754562.2	1076	848.293	0	0
XR_001754563.2	3206	2978.29	3	0.0453311
XR_001754564.3	9958	9730.29	39.773	0.183952
XR_001754579.1	1146	918.293	0	0
XR_001754580.1	1294	1066.29	0	0
XR_001754581.1	538	315.318	0	0
XR_001754587.1	599	373.876	0	0
XR_001754588.2	804	576.487	0	0
XR_001754589.2	674	447.496	0	0
XR_001754590.2	704	476.947	0	0
XR_001754591.1	661	434.717	0	0
XR_001754592.2	3604	3376.29	1	0.0133291
XR_001754593.2	2338	2110.29	0	0
XR_001754596.2	5166	4938.29	1	0.00911309
XR_001754597.1	3051	2823.29	1	0.0159399
XR_001754598.2	300	117.761	0	0
XR_001754608.2	2107	1879.29	0	0
XR_001754609.2	1957	1729.29	0	0
XR_001754611.2	1962	1734.29	0	0
XR_001754612.2	1865	1637.29	0	0
XR_001754614.2	457	240.449	0	0
XR_001754636.3	6780	6552.29	0	0
XR_001754640.2	6413	6185.29	16.1584	0.117565
XR_001754641.3	609	383.573	0	0
XR_001754648.3	1733	1505.29	0	0
XR_001754650.2	2828	2600.29	0	0
XR_001754651.2	2915	2687.29	0	0
XR_001754652.3	515	293.705	0	0
XR_001754655.2	3285	3057.29	0	0
XR_001754657.1	3427	3199.29	0	0
XR_001754658.2	1466	1238.29	0	0
XR_001754659.2	1750	1522.29	0	0
XR_001754661.2	303	119.67	0	0
XR_001754665.2	1194	966.293	0	0
XR_001754666.2	631	405.178	0	0
XR_001754668.2	531	308.697	0	0
XR_001754670.2	1514	1286.29	0	0
XR_001754671.2	6284	6056.29	3.00176	0.0223055
XR_001754672.1	532	309.634	1	0.145343
XR_001754673.2	531	308.697	0	0
XR_001754682.1	1044	816.293	0	0
XR_001754683.2	912	684.293	0	0
XR_001754685.2	1197	969.293	0	0
XR_001754689.2	5193	4965.29	5.92763	0.0537252
XR_001754691.1	431	217.835	2	0.413184
XR_001754692.2	1992	1764.29	0	0
XR_001754693.2	2224	1996.29	6	0.13526
XR_001754702.2	6808	6580.29	0	0
XR_001754703.2	4351	4123.29	0	0
XR_001754705.2	1485	1257.29	1	0.0357936
XR_001754707.1	560	336.006	0	0
XR_001754709.1	363	162.855	0	0
XR_001754710.1	737	509.753	0	0
XR_001754711.1	386	180.662	1	0.249101
XR_001754712.2	2370	2142.29	1.75036	0.0367698
XR_001754713.2	820	592.487	1	0.0759563
XR_001754718.2	525	303.13	0	0
XR_001754720.2	909	681.293	0	0
XR_001754721.2	393	186.228	0	0
XR_001754723.1	286	108.57	0	0
XR_001754724.1	300	117.761	0	0
XR_001754726.2	568	343.63	0	0
XR_001754727.2	557	333.141	0	0
XR_001754734.2	242	81.454	0	0
XR_001754736.2	1783	1555.29	0	0
XR_001754739.2	1737	1509.29	0	0
XR_001754742.2	1860	1632.29	0	0
XR_001754758.2	388	182.168	0	0
XR_001754787.3	3552	3324.29	0	0
XR_001754791.3	2272	2044.29	0	0
XR_001754792.3	2291	2063.29	8.82618	0.19251
XR_001754807.2	4673	4445.29	0	0
XR_001754808.2	4157	3929.29	0	0
XR_001754814.2	4375	4147.29	9.89807	0.107406
XR_001754885.2	1073	845.293	5.81975	0.309841
XR_001754915.2	1913	1685.29	0	0
XR_001754936.2	5701	5473.29	0	0
XR_001754942.2	1101	873.293	0	0
XR_001754952.2	2137	1909.29	0	0
XR_001754953.2	2016	1788.29	0	0
XR_001754954.2	2069	1841.29	0	0
XR_001754957.1	666	439.629	0	0
XR_001754959.3	988	760.293	7.26224	0.429864
XR_001754972.2	4208	3980.29	1	0.0113065
XR_001754973.1	1361	1133.29	0	0
XR_001754975.1	1581	1353.29	0	0
XR_001754980.1	535	312.445	1	0.144035
XR_001754981.1	542	319.126	0	0
XR_001754982.1	1171	943.293	0	0
XR_001754990.2	1086	858.293	0	0
XR_001754998.2	15785	15557.3	29.3764	0.084978
XR_001755001.1	638	412.014	0	0
XR_001755005.1	968	740.293	4	0.243164
XR_001755014.2	5701	5473.29	0	0
XR_001755015.2	4911	4683.29	2.01692	0.0193811
XR_001755016.1	1551	1323.29	0	0
XR_001755028.1	7852	7624.29	0	0
XR_001755029.1	6768	6540.29	1	0.0068809
XR_001755034.2	222	70.1969	1	0.641098
XR_001755040.2	2640	2412.29	19	0.354459
XR_001755054.1	2414	2186.29	0	0
XR_001755055.2	2402	2174.29	0	0
XR_001755056.2	297	115.768	0	0
XR_001755057.1	242	81.454	0	0
XR_001755058.2	427	214.584	0	0
XR_001755062.2	1223	995.293	0	0
XR_001755063.3	2555	2327.29	3.00124	0.0580353
XR_001755068.3	5407	5179.29	0	0
XR_001755071.2	637	411.055	0	0
XR_001755074.3	3396	3168.29	0	0
XR_001755079.2	497	277.191	0	0
XR_001755082.3	3110	2882.29	0	0
XR_001755083.2	1142	914.293	0	0
XR_001755088.2	3481	3253.29	19.3784	0.268063
XR_001755091.2	870	642.427	4.42336	0.309863
XR_001755092.2	7280	7052.29	8.46932	0.0540456
XR_001755094.2	1805	1577.29	0	0
XR_001755096.1	1602	1374.29	0	0
XR_001755097.1	306	121.497	0	0
XR_001755100.1	139	28.2339	0	0
XR_001755102.2	1720	1492.29	1	0.030157
XR_001755103.2	864	636.427	2	0.141424
XR_001755106.2	2583	2355.29	4.02292	0.0768668
XR_001755107.1	2578	2350.29	2.71857	0.0520549
XR_001755109.2	2313	2085.29	53.6962	1.15883
XR_001755110.3	2319	2091.29	0	0
XR_001755113.2	2384	2156.29	35.0245	0.730981
XR_001755116.2	1125	897.293	0	0
XR_001755129.2	1022	794.293	2	0.113316
XR_001755130.2	2800	2572.29	1	0.0174953
XR_001755171.3	3725	3497.29	29.2738	0.376695
XR_001755198.3	848	620.427	0	0
XR_001755245.2	4576	4348.29	0	0
XR_001755249.2	1032	804.293	0	0
XR_001755264.3	3760	3532.29	0	0
XR_001755276.3	3319	3091.29	19.3498	0.281694
XR_001755277.3	9381	9153.29	16.4574	0.0809142
XR_001755341.3	1708	1480.29	4.52292	0.137503
XR_001755343.3	5219	4991.29	425.963	3.84061
XR_001755361.3	4193	3965.29	5.01042	0.0568645
XR_001755364.2	3886	3658.29	28.1558	0.346364
XR_001755412.2	1006	778.293	0	0
XR_001755413.2	352	154.086	0	0
XR_001755415.2	571	346.526	0	0
XR_001755416.3	1667	1439.29	2.005	0.0626913
XR_001755419.2	546	322.964	1	0.139344
XR_001755420.2	753	525.701	0	0
XR_001755422.2	760	532.648	0	0
XR_001755423.2	826	598.427	0	0
XR_001755424.2	708	480.9	0	0
XR_001755425.1	366	164.863	0	0
XR_001755427.1	366	164.863	0	0
XR_001755430.2	4354	4126.29	0	0
XR_001755434.3	990	762.293	0	0
XR_001755436.2	457	240.449	0	0
XR_001755438.2	1008	780.293	0	0
XR_001755442.1	816	588.487	0	0
XR_001755445.2	519	297.525	0	0
XR_001755446.1	937	709.293	0	0
XR_001755447.1	952	724.293	0	0
XR_001755448.2	1339	1111.29	2	0.0809923
XR_001755452.2	2447	2219.29	1.01241	0.0205299
XR_001755453.2	1267	1039.29	0	0
XR_001755454.2	1259	1031.29	0	0
XR_001755457.1	3192	2964.29	0	0
XR_001755470.3	2450	2222.29	0	0
XR_001755472.2	642	416.014	0	0
XR_001755475.2	1434	1206.29	0	0
XR_001755476.2	1383	1155.29	0	0
XR_001755477.2	1431	1203.29	0	0
XR_001755478.2	1365	1137.29	0	0
XR_001755481.2	268	97.2933	0	0
XR_001755482.2	7342	7114.29	9.29175	0.0587771
XR_001755490.2	882	654.427	2.01329	0.138448
XR_001755491.2	691	464.041	0	0
XR_001755493.3	1539	1311.29	0	0
XR_001755494.2	3400	3172.29	1.16162	0.0164791
XR_001755499.2	10560	10332.3	6.12086	0.0266599
XR_001755500.2	13673	13445.3	0	0
XR_001755501.2	2367	2139.29	1.00429	0.0211266
XR_001755503.2	6106	5878.29	8.80217	0.0673878
XR_001755504.2	3926	3698.29	2.00039	0.024342
XR_001755513.1	868	640.427	0	0
XR_001755514.1	495	275.303	1	0.163467
XR_001755534.1	1095	867.293	0	0
XR_001755547.2	1299	1071.29	5.15321	0.216477
XR_001755550.2	494	274.359	0	0
XR_001755557.2	262	93.4781	0	0
XR_001755575.2	3230	3002.29	43.026	0.644941
XR_001755577.2	6465	6237.29	8.10682	0.058492
XR_001755586.3	635	409.096	0	0
XR_001755590.2	869	641.427	0	0
XR_001755591.2	2754	2526.29	1.36807	0.0243707
XR_001755593.2	987	759.293	17	1.00758
XR_001755596.3	500	280.02	0	0
XR_001755606.3	1144	916.293	0	0
XR_001755607.2	3138	2910.29	58	0.896878
XR_001755610.2	3065	2837.29	0	0
XR_001755613.2	565	340.768	0	0
XR_001755615.1	443	228.322	0	0
XR_001755616.2	1339	1111.29	0	0
XR_001755618.2	891	663.427	2.70377e-07	1.83408e-08
XR_001755623.2	896	668.361	6	0.404001
XR_001755624.2	3089	2861.29	0	0
XR_001755630.2	948	720.293	2	0.124958
XR_001755635.2	1931	1703.29	0	0
XR_001755650.2	3033	2805.29	0	0
XR_001755652.2	3620	3392.29	0	0
XR_001755653.2	3566	3338.29	0	0
XR_001755658.3	5646	5418.29	1.70496e-07	1.4161e-09
XR_001755660.2	19777	19549.3	10.2552	0.0236077
XR_001755662.2	1019	791.293	0	0
XR_001755664.2	861	633.427	0	0
XR_001755666.2	1740	1512.29	3.24345	0.096519
XR_001755668.2	1517	1289.29	0	0
XR_001755672.2	6101	5873.29	5.29237	0.0405518
XR_001755673.2	10043	9815.29	11.1539	0.0511408
XR_001755674.2	5980	5752.29	5.00081	0.0391238
XR_001755697.3	3464	3236.29	0	0
XR_001755699.2	689	462.088	1.42869	0.139141
XR_001755701.2	2319	2091.29	0.957078	0.0205956
XR_001755702.2	3206	2978.29	7.63612e-07	1.15384e-08
XR_001755703.2	3178	2950.29	26.5235	0.404583
XR_001755708.2	2229	2001.29	0	0
XR_001755716.3	11118	10890.3	0	0
XR_001755717.3	7563	7335.29	0	0
XR_001755718.3	7820	7592.29	0	0
XR_001755729.3	2340	2112.29	68.3343	1.45588
XR_001755734.2	1674	1446.29	0	0
XR_001755743.2	330	138.255	0	0
XR_001755744.2	3560	3332.29	0.60901	0.00822477
XR_001755748.2	2499	2271.29	0	0
XR_001755749.2	2516	2288.29	0	0
XR_001755750.2	1344	1116.29	1.01675	0.04099
XR_001755751.1	1229	1001.29	0.964793	0.0433626
XR_001755753.2	2503	2275.29	0	0
XR_001755754.2	1747	1519.29	0	0
XR_001755757.2	2434	2206.29	0	0
XR_001755758.2	2447	2219.29	0	0
XR_001755759.2	2295	2067.29	0	0
XR_001755760.3	2856	2628.29	5.22944	0.0895414
XR_001755761.2	3082	2854.29	12.6296	0.199129
XR_001755765.2	2129	1901.29	0	0
XR_001755766.2	2164	1936.29	0	0
XR_001755770.2	3920	3692.29	0	0
XR_001755773.2	3869	3641.29	0	0
XR_001755776.2	1958	1730.29	0	0
XR_001755777.2	1676	1448.29	0	0
XR_001755778.2	1482	1254.29	0	0
XR_001755779.3	1326	1098.29	12	0.491706
XR_001755780.2	2632	2404.29	83.9108	1.57063
XR_001755781.2	656	429.76	0	0
XR_001755782.2	3708	3480.29	0	0
XR_001755783.2	7948	7720.29	0	0
XR_001755784.2	2998	2770.29	7.27067	0.118111
XR_001755791.3	710	482.852	0	0
XR_001755792.2	2060	1832.29	0	0
XR_001755793.2	1802	1574.29	0	0
XR_001755795.1	6948	6720.29	0	0
XR_001755796.1	6849	6621.29	0	0
XR_001755798.2	2853	2625.29	1	0.0171421
XR_001755803.3	13036	12808.3	7	0.0245951
XR_001755804.2	5355	5127.29	0	0
XR_001755805.2	6361	6133.29	0	0
XR_001755808.2	6158	5930.29	10.1973	0.077384
XR_001755820.1	595	369.951	0	0
XR_001755821.2	904	676.361	0	0
XR_001755823.2	1956	1728.29	2	0.0520781
XR_001755829.2	779	551.487	0	0
XR_001755830.1	2173	1945.29	0	0
XR_001755831.1	900	672.361	0	0
XR_001755842.2	3138	2910.29	0.168035	0.0025984
XR_001755849.2	472	254.125	0	0
XR_001755855.2	5036	4808.29	1	0.00935947
XR_001755858.2	2399	2171.29	0	0
XR_001755859.2	2272	2044.29	0	0
XR_001755863.2	1666	1438.29	0	0
XR_001755867.2	1683	1455.29	5.86067	0.181234
XR_001755876.1	2595	2367.29	0	0
XR_001755877.2	6662	6434.29	26.2149	0.183354
XR_001755878.2	921	693.293	1.00065	0.0649545
XR_001755882.1	1940	1712.29	0	0
XR_001755883.1	1859	1631.29	0	0
XR_001755885.2	2044	1816.29	0	0
XR_001755889.2	2162	1934.29	0	0
XR_001755890.2	1410	1182.29	0	0
XR_001755892.2	1350	1122.29	0	0
XR_001755893.2	1378	1150.29	0	0
XR_001755894.2	1804	1576.29	0	0
XR_001755895.2	1600	1372.29	0	0
XR_001755899.2	177	46.3929	0	0
XR_001755900.2	278	103.326	3.74503	1.63114
XR_001755905.3	4241	4013.29	0	0
XR_001755907.1	2052	1824.29	0	0
XR_001755911.2	2553	2325.29	1	0.0193537
XR_001755912.1	286	108.57	1	0.414507
XR_001755913.1	387	181.366	0	0
XR_001755914.2	706	478.9	0	0
XR_001755915.2	2446	2218.29	4	0.081149
XR_001755916.2	5845	5617.29	4.11552	0.0329716
XR_001755917.2	1931	1703.29	5.23693	0.138366
XR_001755938.2	1647	1419.29	0.823667	0.0261169
XR_001755940.2	2319	2091.29	0	0
XR_001755943.2	822	594.427	0	0
XR_001755944.2	4082	3854.29	1.00018	0.0116782
XR_001755949.2	6053	5825.29	30.2988	0.234073
XR_001755950.2	1260	1032.29	0	0
XR_001755951.2	1136	908.293	0	0
XR_001755952.1	1037	809.293	0	0
XR_001755954.1	399	191.106	0	0
XR_001755955.1	1045	817.293	0	0
XR_001755956.1	407	197.751	0	0
XR_001755957.1	318	129.815	0	0
XR_001755959.1	1334	1106.29	0	0
XR_001755960.3	27570	27342.3	8.74208	0.0143887
XR_001755961.3	27544	27316.3	32.216	0.0530753
XR_001755966.2	4195	3967.29	0	0
XR_001755967.2	6823	6595.29	0	0
XR_001755968.1	546	322.964	1	0.139344
XR_001755969.2	970	742.293	0	0
XR_001755971.2	1190	962.293	0	0
XR_001755972.2	1063	835.293	0	0
XR_001755974.2	2250	2022.29	0.967954	0.0215404
XR_001755975.2	506	285.56	0	0
XR_001755976.2	371	168.6	0	0
XR_001755979.2	837	609.427	2	0.14769
XR_001755982.2	548	324.67	0	0
XR_001755983.2	587	362.135	0	0
XR_001755985.2	396	188.639	0	0
XR_001755986.2	3495	3267.29	4.42754	0.0609841
XR_001755987.1	380	175.793	0	0
XR_001755988.2	6410	6182.29	11.2756	0.0820787
XR_001755989.3	784	556.487	0	0
XR_001755990.3	795	567.487	0	0
XR_001755991.2	917	689.293	0	0
XR_001755992.2	927	699.293	0	0
XR_001755993.2	403	194.403	0	0
XR_001755994.3	3165	2937.29	11	0.168534
XR_001755995.1	255	89.2265	0	0
XR_001755996.2	623	397.299	0	0
XR_001755997.2	425	212.877	0	0
XR_001755998.2	2197	1969.29	3.59864	0.0822375
XR_001756002.2	1762	1534.29	10.1099	0.296537
XR_001756003.2	1165	937.293	0	0
XR_001756004.2	1170	942.293	0	0
XR_001756005.2	1165	937.293	0	0
XR_001756006.2	1183	955.293	0	0
XR_001756015.2	3560	3332.29	0.60901	0.00822477
XR_001756017.2	2621	2393.29	0	0
XR_001756018.2	2638	2410.29	0	0
XR_001756019.2	1344	1116.29	1.01675	0.04099
XR_001756020.1	1229	1001.29	0.964793	0.0433626
XR_001756022.2	2625	2397.29	0	0
XR_001756023.2	1747	1519.29	0	0
XR_001756026.2	2556	2328.29	0	0
XR_001756027.2	2569	2341.29	0	0
XR_001756028.2	2417	2189.29	0	0
XR_001756029.3	2978	2750.29	0	0
XR_001756030.2	3204	2976.29	0	0
XR_001756035.2	2164	1936.29	0	0
XR_001756042.2	3920	3692.29	0	0
XR_001756045.2	3869	3641.29	0	0
XR_001756048.2	1958	1730.29	0	0
XR_001756049.2	1692	1464.29	0	0
XR_001756050.2	1487	1259.29	0	0
XR_001756051.3	1399	1171.29	0	0
XR_001756053.2	4219	3991.29	0	0
XR_001756054.2	3509	3281.29	0	0
XR_001756055.2	894	666.361	0	0
XR_001756056.2	875	647.427	0	0
XR_001756057.1	507	286.472	0	0
XR_001756059.2	401	192.714	0	0
XR_001756060.1	3416	3188.29	0	0
XR_001756062.2	7338	7110.29	0	0
XR_001756063.1	2771	2543.29	7	0.123864
XR_001756064.3	3119	2891.29	0	0
XR_001756065.2	3103	2875.29	0	0
XR_001756067.3	3500	3272.29	0	0
XR_001756071.2	4818	4590.29	0	0
XR_001756074.2	4695	4467.29	0	0
XR_001756076.2	2971	2743.29	0	0
XR_001756079.2	1602	1374.29	1	0.0327463
XR_001756080.1	4628	4400.29	0	0
XR_001756081.1	5096	4868.29	0	0
XR_001756082.3	1473	1245.29	0	0
XR_001756083.2	6495	6267.29	0	0
XR_001756084.2	6963	6735.29	0	0
XR_001756085.3	1473	1245.29	0	0
XR_001756087.3	505	284.56	0	0
XR_001756088.2	372	169.412	0	0
XR_001756089.1	382	177.405	0	0
XR_001756090.2	626	400.259	1.5	0.168652
XR_001756091.1	376	172.561	0	0
XR_001756092.1	2995	2767.29	0	0
XR_001756093.1	346	149.65	0	0
XR_001756095.3	3378	3150.29	7.04027	0.100573
XR_001756096.3	184	49.9056	0	0
XR_001756104.1	745	517.701	0	0
XR_001756105.2	3047	2819.29	9.71325	0.155048
XR_001756111.2	700	472.947	0	0
XR_001756112.2	603	377.687	1.77656	0.211685
XR_001756113.2	902	674.361	3.59301	0.239778
XR_001756114.3	5761	5533.29	30.1753	0.24542
XR_001756118.2	893	665.361	0	0
XR_001756120.3	28445	28217.3	107.421	0.171323
XR_001756123.2	1757	1529.29	15.005	0.441559
XR_001756124.2	7615	7387.29	632.038	3.85035
XR_001756126.2	145	30.7766	15.7758	23.0682
XR_001756127.1	796	568.487	0	0
XR_001756128.1	735	507.753	0	0
XR_001756129.1	971	743.293	0	0
XR_001756130.1	728	500.753	0	0
XR_001756131.1	667	440.629	0	0
XR_001756137.2	1084	856.293	0	0
XR_001756138.3	2332	2104.29	0	0
XR_001756139.3	3462	3234.29	0	0
XR_001756140.3	3357	3129.29	0	0
XR_001756141.3	3523	3295.29	0	0
XR_001756145.1	171	43.4345	0	0
XR_001756146.1	642	416.014	0	0
XR_001756147.2	2507	2279.29	0	0
XR_001756151.3	3250	3022.29	5.31171	0.0790934
XR_001756152.2	619	393.338	0	0
XR_001756158.3	4025	3797.29	1.17866	0.0139687
XR_001756160.2	4493	4265.29	0	0
XR_001756161.2	700	472.947	2.8315	0.26943
XR_001756162.3	1881	1653.29	12.1495	0.330712
XR_001756163.2	1310	1082.29	1.09396	0.0454883
XR_001756164.2	1123	895.293	0	0
XR_001756165.1	1614	1386.29	0	0
XR_001756166.1	1611	1383.29	0	0
XR_001756167.1	1912	1684.29	5.6051	0.149764
XR_001756168.1	1540	1312.29	1	0.0342935
XR_001756172.2	1275	1047.29	0	0
XR_001756173.2	1417	1189.29	0	0
XR_001756176.3	5440	5212.29	0	0
XR_001756178.2	1058	830.293	1.31578	0.0713174
XR_001756184.2	2322	2094.29	3.02179	0.0649335
XR_001756185.2	2035	1807.29	3.1581	0.0786393
XR_001756187.2	2784	2556.29	0	0
XR_001756190.2	11524	11296.3	35.0601	0.139675
XR_001756210.3	1652	1424.29	0	0
XR_001756211.3	1015	787.293	3.78552	0.216387
XR_001756212.3	3794	3566.29	0	0
XR_001756213.3	1587	1359.29	0	0
XR_001756214.2	951	723.293	0	0
XR_001756215.2	1462	1234.29	0	0
XR_001756216.3	3730	3502.29	0	0
XR_001756221.2	433	219.537	0	0
XR_001756223.1	221	69.701	0	0
XR_001756238.1	822	594.427	0.5	0.0378541
XR_001756239.1	822	594.427	0.5	0.0378541
XR_001756249.2	1114	886.293	1.0002	0.0507867
XR_001756257.2	442	227.417	0.25	0.049472
XR_001756258.2	10295	10067.3	0	0
XR_001756260.2	4492	4264.29	0	0
XR_001756262.1	1189	961.293	0	0
XR_001756263.1	806	578.487	0	0
XR_001756266.1	2216	1988.29	0	0
XR_001756267.2	4139	3911.29	0.5	0.00575297
XR_001756268.3	4154	3926.29	0	0
XR_001756269.2	466	248.539	0	0
XR_001756271.2	452	236.066	0	0
XR_001756274.2	1740	1512.29	1	0.0297582
XR_001756279.1	3683	3455.29	0	0
XR_001756280.3	3933	3705.29	0	0
XR_001756291.3	7594	7366.29	0.000724509	4.42626e-06
XR_001756295.2	259	91.7167	0	0
XR_001756296.2	249	85.4599	0	0
XR_001756297.3	704	476.947	0	0
XR_001756299.1	716	488.852	0	0
XR_001756300.2	1078	850.293	0	0
XR_001756301.1	668	441.629	0	0
XR_001756307.2	1071	843.293	3	0.160098
XR_001756311.2	3685	3457.29	0	0
XR_001756312.1	3404	3176.29	0	0
XR_001756315.2	306	121.497	0	0
XR_001756317.2	260	92.282	0	0
XR_001756323.2	4229	4001.29	0	0
XR_001756324.2	2887	2659.29	0	0
XR_001756326.2	2425	2197.29	0	0
XR_001756327.2	696	468.994	0	0
XR_001756328.2	665	438.717	0	0
XR_001756330.2	608	382.573	0	0
XR_001756332.2	622	396.338	0.333333	0.037849
XR_001756333.1	1444	1216.29	0	0
XR_001756334.3	1568	1340.29	6.91339	0.232131
XR_001756335.1	790	562.487	0.5	0.0400037
XR_001756336.1	455	238.796	0	0
XR_001756337.1	544	321.029	0	0
XR_001756339.2	1337	1109.29	0	0
XR_001756340.1	906	678.293	0.5	0.0331738
XR_001756341.3	1247	1019.29	0	0
XR_001756344.2	1809	1581.29	0	0
XR_001756345.3	2810	2582.29	2.5	0.0435689
XR_001756346.2	1183	955.293	0.417212	0.0196545
XR_001756347.2	6704	6476.29	1.26172	0.00876754
XR_001756349.2	1084	856.293	0	0
XR_001756351.3	22051	21823.3	12.5783	0.0259384
XR_001756360.2	1011	783.293	0	0
XR_001756362.3	932	704.293	5.88382	0.375966
XR_001756366.3	2836	2608.29	10.5	0.181165
XR_001756373.2	640	414.014	0	0
XR_001756380.1	572	347.526	6.4471	0.834871
XR_001756382.2	384	178.976	0	0
XR_001756384.3	3118	2890.29	0	0
XR_001756385.2	4965	4737.29	0	0
XR_001756386.2	1554	1326.29	0	0
XR_001756387.2	267	96.6399	5	2.32839
XR_001756388.3	4743	4515.29	0	0
XR_001756389.2	752	524.701	0	0
XR_001756390.2	3561	3333.29	3.57978	0.0483309
XR_001756399.2	1509	1281.29	0	0
XR_001756400.2	1222	994.293	0	0
XR_001756404.1	1361	1133.29	0	0
XR_001756406.1	1581	1353.29	0	0
XR_001756407.2	287	109.221	0	0
XR_001756408.2	383	178.191	0	0
XR_001756411.2	1787	1559.29	0	0
XR_001756412.2	1266	1038.29	0	0
XR_001756413.2	1259	1031.29	0	0
XR_001756415.2	3560	3332.29	0.60901	0.00822477
XR_001756416.2	669	442.629	0	0
XR_001756417.1	391	184.59	0	0
XR_001756418.1	486	266.912	0	0
XR_001756421.3	2192	1964.29	0	0
XR_001756422.3	1214	986.293	0	0
XR_001756423.3	616	390.417	0	0
XR_001756440.2	12478	12250.3	0	0
XR_001756441.2	616	390.417	0	0
XR_001756442.3	800	572.487	0	0
XR_001756453.1	1199	971.293	0	0
XR_001756454.1	1649	1421.29	0	0
XR_001756456.1	247	84.4495	0	0
XR_001756460.3	906	678.293	0	0
XR_001756461.3	969	741.293	1.31828	0.0800312
XR_001756490.2	4746	4518.29	1.05675	0.0105254
XR_001756492.2	2286	2058.29	0	0
XR_001756493.2	2035	1807.29	0	0
XR_001756494.2	2020	1792.29	0	0
XR_001756496.3	2002	1774.29	0	0
XR_001756497.2	1975	1747.29	0	0
XR_001756498.2	1681	1453.29	0	0
XR_001756499.2	1890	1662.29	0	0
XR_001756503.1	1650	1422.29	0	0
XR_001756505.2	3456	3228.29	0	0
XR_001756506.1	1114	886.293	0	0
XR_001756507.1	962	734.293	0	0
XR_001756508.2	2995	2767.29	3.78696	0.0615855
XR_001756509.1	1663	1435.29	0	0
XR_001756512.1	1575	1347.29	1	0.0334026
XR_001756516.2	3084	2856.29	0	0
XR_001756517.3	2603	2375.29	0.701941	0.0132992
XR_001756525.1	2569	2341.29	0	0
XR_001756526.2	1719	1491.29	1.00574	0.0303506
XR_001756527.2	1877	1649.29	0	0
XR_001756529.3	390	183.77	0	0
XR_001756530.3	328	136.811	0	0
XR_001756535.1	469	251.307	0	0
XR_001756536.1	333	140.38	0	0
XR_001756537.2	412	201.964	0	0
XR_001756538.2	3377	3149.29	0	0
XR_001756539.2	2784	2556.29	0	0
XR_001756540.2	543	320.029	4	0.562487
XR_001756544.3	4029	3801.29	3.07819	0.0364424
XR_001756548.2	286	108.57	0	0
XR_001756558.2	518	296.555	0	0
XR_001756565.1	3181	2953.29	0	0
XR_001756568.2	616	390.417	0	0
XR_001756580.2	8722	8494.29	19.7935	0.104867
XR_001756587.2	407	197.751	0	0
XR_001756589.2	2167	1939.29	7	0.162441
XR_001756590.3	5764	5536.29	0	0
XR_001756591.3	7373	7145.29	0	0
XR_001756596.3	6432	6204.29	1.16946	0.00848269
XR_001756600.3	4122	3894.29	8.44171	0.0975537
XR_001756601.3	540	317.191	1.0732e-05	1.52266e-06
XR_001756624.3	676	449.451	0	0
XR_001756625.3	570	345.561	0	0
XR_001756626.3	465	247.59	0	0
XR_001756627.3	572	347.526	0	0
XR_001756628.2	685	458.134	0	0
XR_001756635.2	2414	2186.29	0	0
XR_001756638.2	857	629.427	0	0
XR_001756639.2	606	380.649	0	0
XR_001756640.2	3560	3332.29	0.60901	0.00822477
XR_001756643.3	1447	1219.29	0	0
XR_001756644.3	705	477.9	0	0
XR_001756663.2	2463	2235.29	0.542003	0.0109121
XR_001756671.1	469	251.307	0	0
XR_001756672.1	333	140.38	0	0
XR_001756673.2	3377	3149.29	0	0
XR_001756674.2	2904	2676.29	1.36406	0.0229374
XR_001756675.2	2250	2022.29	1.63594	0.0364053
XR_001756687.1	468	250.385	0	0
XR_001756690.2	442	227.417	0.25	0.049472
XR_001756692.1	729	501.753	0	0
XR_001756693.2	3528	3300.29	0.666667	0.00909072
XR_001756705.3	1447	1219.29	0	0
XR_001756706.3	1437	1209.29	0	0
XR_001756708.1	469	251.307	0	0
XR_001756709.1	333	140.38	0	0
XR_001756710.2	2624	2396.29	0	0
XR_001756711.2	2904	2676.29	1.36406	0.0229374
XR_001756712.2	2250	2022.29	1.63594	0.0364053
XR_001756714.2	2823	2595.29	0	0
XR_001756715.1	940	712.293	0	0
XR_001756729.3	1208	980.293	0	0
XR_001756730.3	1198	970.293	0	0
XR_001756731.1	469	251.307	0	0
XR_001756732.1	333	140.38	0	0
XR_001756733.2	3160	2932.29	0	0
XR_001756735.1	1283	1055.29	0	0
XR_001756745.3	1208	980.293	0	0
XR_001756746.3	705	477.9	0	0
XR_001756747.2	3377	3149.29	0	0
XR_001756748.2	2904	2676.29	1.36406	0.0229374
XR_001756749.2	2250	2022.29	1.63594	0.0364053
XR_001756755.2	716	488.852	0	0
XR_001756765.3	1208	980.293	0	0
XR_001756766.3	1198	970.293	0	0
XR_001756767.1	393	186.228	0	0
XR_001756768.1	291	111.803	0	0
XR_001756769.1	409	199.348	0	0
XR_001756771.2	3401	3173.29	6.39519	0.0906955
XR_001756778.2	1068	840.293	0	0
XR_001756788.3	2603	2375.29	0.701941	0.0132992
XR_001756790.3	1447	1219.29	0	0
XR_001756791.3	1437	1209.29	0	0
XR_001756792.1	1024	796.293	0	0
XR_001756803.2	1075	847.293	0	0
XR_001756804.2	1701	1473.29	0	0
XR_001756805.3	1208	980.293	0	0
XR_001756806.2	1090	862.293	1.56478	0.0816658
XR_001756807.2	1025	797.293	0	0
XR_001756813.3	1208	980.293	0	0
XR_001756814.3	1198	970.293	0	0
XR_001756818.2	6838	6610.29	11.6528	0.0793329
XR_001756819.3	672	445.496	0	0
XR_001756842.1	213	65.3686	0	0
XR_001756846.2	688	461.088	0	0
XR_001756847.2	4145	3917.29	0	0
XR_001756848.2	622	396.338	0.333333	0.037849
XR_001756850.2	7100	6872.29	133	0.870948
XR_001756857.2	1985	1757.29	6.3422	0.162419
XR_001756863.2	6322	6094.29	0	0
XR_001756864.2	999	771.293	0	0
XR_001756865.2	6115	5887.29	5.07533	0.0387963
XR_001756881.2	440	225.63	0	0
XR_001756883.2	407	197.751	0	0
XR_001756885.2	2167	1939.29	7	0.162441
XR_001756886.3	5764	5536.29	0	0
XR_001756887.3	7373	7145.29	0	0
XR_001756892.3	6432	6204.29	1.16946	0.00848269
XR_001756903.2	584	359.207	1	0.125284
XR_001756905.1	533	310.571	0	0
XR_001756906.1	1548	1320.29	0	0
XR_001756907.1	1387	1159.29	0	0
XR_001756909.1	4843	4615.29	0	0
XR_001756910.2	332	139.579	0	0
XR_001756912.1	2132	1904.29	0	0
XR_001756922.3	3691	3463.29	0	0
XR_001756923.3	3607	3379.29	0	0
XR_001756924.1	437	223.004	0	0
XR_001756925.1	425	212.877	0	0
XR_001756926.1	173	44.4445	0	0
XR_001756927.1	200	58.6283	0	0
XR_001756928.1	296	115.202	0	0
XR_001756929.1	317	129.052	0	0
XR_001756930.1	231	75.3292	0	0
XR_001756931.2	902	674.361	0	0
XR_001756932.3	233	76.5946	1	0.587549
XR_001756936.1	1770	1542.29	0	0
XR_001756937.1	1304	1076.29	0	0
XR_001756938.1	1612	1384.29	0	0
XR_001756939.2	592	367.025	0	0
XR_001756940.1	583	358.243	0	0
XR_001756941.2	4752	4524.29	0	0
XR_001756942.2	16517	16289.3	0	0
XR_001756945.2	669	442.629	0	0
XR_001756946.2	17757	17529.3	47.7845	0.122677
XR_001756947.2	17424	17196.3	4.51519	0.0118164
XR_001756950.2	429	216.04	11	2.2914
XR_001756956.1	989	761.293	0	0
XR_002956184.2	1137	909.293	0	0
XR_002956187.2	2853	2625.29	0	0
XR_002956188.2	1950	1722.29	18.762	0.490245
XR_002956189.2	1824	1596.29	11.271	0.317756
XR_002956206.2	965	737.293	0	0
XR_002956207.2	590	365.061	0	0
XR_002956208.1	1064	836.293	0	0
XR_002956209.2	8289	8061.29	30.2912	0.169104
XR_002956213.2	1176	948.293	0	0
XR_002956214.1	8128	7900.29	0	0
XR_002956215.2	1036	808.293	20	1.11353
XR_002956216.2	1106	878.293	0	0
XR_002956221.2	398	190.353	4	0.945677
XR_002956222.1	1612	1384.29	0	0
XR_002956226.1	327	136.154	0	0
XR_002956231.2	2146	1918.29	21.0144	0.492997
XR_002956232.2	796	568.487	0	0
XR_002956233.2	1666	1438.29	0	0
XR_002956237.2	3414	3186.29	0	0
XR_002956238.2	3256	3028.29	1	0.0148609
XR_002956240.2	1428	1200.29	0	0
XR_002956243.1	762	534.648	9.0105	0.758444
XR_002956247.2	1683	1455.29	0	0
XR_002956248.2	519	297.525	0	0
XR_002956252.1	390	183.77	0	0
XR_002956275.2	1682	1454.29	0	0
XR_002956295.2	1810	1582.29	0	0
XR_002956296.2	2245	2017.29	0	0
XR_002956306.2	2571	2343.29	0.485793	0.00932969
XR_002956321.2	4692	4464.29	7.48853	0.0754894
XR_002956335.1	149	32.7812	0	0
XR_002956338.2	8358	8130.29	15.5788	0.0862323
XR_002956339.2	8441	8213.29	1.39601e-05	7.64918e-08
XR_002956341.2	10531	10303.3	0	0
XR_002956343.1	1238	1010.29	7.90873	0.352291
XR_002956344.2	6175	5947.29	14.0926	0.106638
XR_002956346.2	1252	1024.29	0	0
XR_002956347.1	1471	1243.29	4.36259	0.157911
XR_002956348.2	2618	2390.29	0	0
XR_002956349.2	354	155.786	0	0
XR_002956350.2	291	111.803	2.11753	0.852353
XR_002956359.2	650	423.846	1	0.106178
XR_002956360.2	390	183.77	0	0
XR_002956361.1	2916	2688.29	0	0
XR_002956362.2	15516	15288.3	5.74457	0.0169099
XR_002956366.2	5537	5309.29	0	0
XR_002956367.1	527	304.945	0	0
XR_002956374.1	309	123.455	0	0
XR_002956379.2	2552	2324.29	0	0
XR_002956381.2	806	578.487	0	0
XR_002956382.2	659	432.717	3.92467	0.40817
XR_002956384.2	1165	937.293	0.899212	0.0431747
XR_002956387.2	5257	5029.29	1.0204	0.0091307
XR_002956398.2	6055	5827.29	0	0
XR_002956399.1	693	466.041	2	0.193129
XR_002956400.1	489	269.721	0	0
XR_002956408.2	1942	1714.29	0	0
XR_002956421.2	3125	2897.29	0	0
XR_002956424.2	1604	1376.29	105.381	3.44583
XR_002956426.2	2562	2334.29	0	0
XR_002956427.2	1074	846.293	0	0
XR_002956430.2	1527	1299.29	0	0
XR_002956431.2	1248	1020.29	0	0
XR_002956484.2	1864	1636.29	0	0
XR_002956486.2	1798	1570.29	0	0
XR_002956487.2	2848	2620.29	100.209	1.72107
XR_002956504.2	3227	2999.29	5	0.0750228
XR_002956505.2	3535	3307.29	0	0
XR_002956506.2	2607	2379.29	0	0
XR_002956507.1	468	250.385	0	0
XR_002956508.2	2699	2471.29	2	0.0364207
XR_002956509.2	611	385.534	0	0
XR_002956510.2	586	361.171	0	0
XR_002956511.2	487	267.803	2.4261	0.407696
XR_002956514.2	928	700.293	54	3.47021
XR_002956518.2	1689	1461.29	4	0.123187
XR_002956521.2	7474	7246.29	13.6672	0.0848799
XR_002956523.2	7191	6963.29	0	0
XR_002956524.2	6382	6154.29	17.2732	0.12631
XR_002956525.2	6279	6051.29	13.5806	0.100998
XR_002956526.2	3391	3163.29	0.0715582	0.00101803
XR_002956528.2	857	629.427	0	0
XR_002956529.1	2454	2226.29	0	0
XR_002956530.1	2457	2229.29	0	0
XR_002956531.1	2461	2233.29	0	0
XR_002956535.2	3843	3615.29	1.29285	0.0160934
XR_002956536.2	2965	2737.29	0	0
XR_002956537.2	2997	2769.29	0	0
XR_002956539.2	660	433.717	0	0
XR_002956543.2	1550	1322.29	0	0
XR_002956557.2	1794	1566.29	0	0
XR_002956577.2	24332	24104.3	33.7472	0.0630065
XR_002956579.2	441	226.512	0	0
XR_002956584.2	513	291.914	0	0
XR_002956590.2	792	564.487	0	0
XR_002956628.2	4799	4571.29	17.5377	0.172654
XR_002956629.2	1281	1053.29	2.36858	0.1012
XR_002956635.2	4086	3858.29	4.1604	0.0485268
XR_002956636.2	9545	9317.29	19.2747	0.093098
XR_002956660.1	517	295.585	0	0
XR_002956661.2	2818	2590.29	6	0.104242
XR_002956667.2	29320	29092.3	45.1711	0.0698755
XR_002956670.2	1882	1654.29	0.693807	0.0188742
XR_002956671.2	901	673.361	0	0
XR_002956672.1	589	364.098	1	0.123602
XR_002956677.1	933	705.293	0	0
XR_002956678.2	948	720.293	0	0
XR_002956679.2	415	204.487	0	0
XR_002956680.2	273	100.242	0	0
XR_002956685.1	726	498.753	0	0
XR_002956686.1	1805	1577.29	0	0
XR_002956689.2	1977	1749.29	0	0
XR_002956691.2	2414	2186.29	0	0
XR_002956693.2	1348	1120.29	0	0
XR_002956694.2	24677	24449.3	3.00019	0.00552236
XR_002956696.2	5751	5523.29	0	0
XR_002956697.2	570	345.561	0	0
XR_002956698.2	825	597.427	0	0
XR_002956700.2	2801	2573.29	3.02675	0.0529335
XR_002956708.2	4624	4396.29	24.9904	0.255816
XR_002956710.2	1686	1458.29	1	0.0308601
XR_002956713.2	323	133.485	0	0
XR_002956715.2	1443	1215.29	0	0
XR_002956716.2	3723	3495.29	0	0
XR_002956717.2	1411	1183.29	0	0
XR_002956724.2	2461	2233.29	64.0175	1.29002
XR_002956725.2	258	91.0962	0	0
XR_002956727.1	844	616.427	0	0
XR_002956730.2	3196	2968.29	0	0
XR_002956731.2	744	516.753	0	0
XR_002956732.2	1077	849.293	0	0
XR_002956733.2	2827	2599.29	0	0
XR_002956735.2	8493	8265.29	0	0
XR_002956746.2	1445	1217.29	230.902	8.53641
XR_002956779.2	2421	2193.29	5.54735	0.113823
XR_002956780.2	962	734.293	0	0
XR_002956781.2	959	731.293	0	0
XR_002956798.2	2021	1793.29	0	0
XR_002956828.2	1427	1199.29	252.071	9.4589
XR_002956835.1	123	22.1632	0	0
XR_002956841.2	4203	3975.29	0	0
XR_002956846.1	3560	3332.29	1.16605	0.0157477
XR_002956847.2	831	603.427	0	0
XR_002956848.2	2470	2242.29	6.00417	0.120504
XR_002956849.2	1163	935.293	8.78079	0.422501
XR_002956859.2	7082	6854.29	0	0
XR_002956861.2	2813	2585.29	0	0
XR_002956866.2	4743	4515.29	11.1665	0.111295
XR_002956867.2	3049	2821.29	0	0
XR_002956870.1	877	649.427	0	0
XR_002956871.2	2112	1884.29	0	0
XR_002956872.2	856	628.427	0	0
XR_002956875.2	392	185.43	0	0
XR_002956880.2	793	565.487	0	0
XR_002956881.2	788	560.487	0	0
XR_002956883.2	5054	4826.29	47.2382	0.440476
XR_002956888.2	1533	1305.29	0	0
XR_002956889.2	1667	1439.29	0	0
XR_002956900.2	5121	4893.29	0	0
XR_002956913.1	377	173.351	1	0.259607
XR_002956914.2	940	712.293	0	0
XR_002956915.2	5788	5560.29	2	0.0161873
XR_002956916.2	1267	1039.29	0	0
XR_002956919.2	252	87.2826	3	1.54681
XR_002956925.2	3832	3604.29	0	0
XR_002956927.2	3273	3045.29	4.29609	0.0634872
XR_002956934.2	903	675.361	0	0
XR_002956935.2	2197	1969.29	0	0
XR_002956968.2	2975	2747.29	18.4776	0.302679
XR_002956969.2	2972	2744.29	15.2215	0.249614
XR_002956970.2	2248	2020.29	0	0
XR_002956977.2	3141	2913.29	0	0
XR_002956978.2	3140	2912.29	0	0
XR_002956979.2	3107	2879.29	0	0
XR_002956980.2	3052	2824.29	0	0
XR_002957007.2	3849	3621.29	13.6325	0.169415
XR_002957008.1	1982	1754.29	0	0
XR_002957013.2	705	477.9	0	0
XR_002957027.2	3283	3055.29	0	0
XR_002957032.2	2236	2008.29	18.0352	0.404143
XR_002957050.2	477	258.967	0	0
XR_002957063.2	1358	1130.29	1.19448	0.0475589
XR_002957064.2	3428	3200.29	0	0
XR_002957065.1	254	88.6424	0	0
XR_002957067.2	1580	1352.29	0	0
XR_002957070.2	3806	3578.29	3.914	0.0492252
XR_002957080.2	3079	2851.29	0	0
XR_002957081.2	2917	2689.29	2	0.0334683
XR_002957082.2	38270	38042.3	0.0470259	5.56305e-05
XR_002957083.2	38089	37861.3	32.5098	0.0386421
XR_002957086.2	2006	1778.29	0	0
XR_002957090.2	3613	3385.29	7.51833	0.0999464
XR_002957091.2	909	681.293	17.9916	1.18844
XR_002957092.2	1531	1303.29	8.40487	0.290222
XR_002957093.1	1137	909.293	76.7024	3.79618
XR_002957094.2	2712	2484.29	33.0032	0.597855
XR_002957098.2	807	579.487	0	0
XR_002957103.2	1082	854.293	1.24533	0.0656022
XR_002957104.1	11531	11303.3	1.00511	0.00400177
XR_002957105.1	10862	10634.3	0	0
XR_002957107.2	2279	2051.29	1	0.0219389
XR_002957120.2	3626	3398.29	0	0
XR_002957121.2	2126	1898.29	0	0
XR_002957136.2	2735	2507.29	0.639625	0.0114806
XR_002957144.2	2915	2687.29	0	0
XR_002957145.2	1880	1652.29	0	0
XR_002957191.2	4845	4617.29	20.2371	0.197244
XR_002957192.2	2635	2407.29	0	0
XR_002957193.2	1870	1642.29	0	0
XR_002957194.2	2771	2543.29	0	0
XR_002957195.2	2489	2261.29	0	0
XR_002957201.2	1821	1593.29	0	0
XR_002957208.2	2494	2266.29	0	0
XR_002957212.2	872	644.427	3	0.209503
XR_002957213.2	521	299.283	0	0
XR_002957214.1	211	64.3426	0	0
XR_002957217.2	3481	3253.29	11.0684	0.15311
XR_002957230.2	702	474.947	0	0
XR_002957231.2	699	471.947	0	0
XR_002957232.2	719	491.852	2.34564	0.21462
XR_002957233.2	722	494.802	0.000643929	5.85664e-05
XR_002957234.2	955	727.293	0	0
XR_002957236.2	2061	1833.29	1.03787	0.0254773
XR_002957238.2	1593	1365.29	0	0
XR_002957239.2	1414	1186.29	0	0
XR_002957240.2	2496	2268.29	0	0
XR_002957242.2	698	470.947	3.08212	0.294523
XR_002957243.2	3953	3725.29	0	0
XR_002957251.2	711	483.852	0	0
XR_002957254.2	3040	2812.29	1.01222	0.0161978
XR_002957257.2	2963	2735.29	5.02809	0.0827259
XR_002957258.2	981	753.293	0	0
XR_002957259.1	1361	1133.29	3.67856	0.146076
XR_002957260.2	11409	11181.3	0	0
XR_002957261.2	11157	10929.3	5.28541	0.0217635
XR_002957264.2	1043	815.293	0	0
XR_002957268.2	554	330.174	0	0
XR_002957269.1	2283	2055.29	1	0.0218962
XR_002957279.2	583	358.243	0	0
XR_002957299.2	8734	8506.29	0	0
XR_002957306.2	1535	1307.29	21.4083	0.736973
XR_002957325.2	9213	8985.29	33.6972	0.168774
XR_002957342.2	1896	1668.29	61.151	1.64958
XR_002957343.2	1893	1665.29	1.72008e-07	4.64836e-09
XR_002957346.1	1601	1373.29	79.7075	2.61203
XR_002957365.2	2945	2717.29	243.864	4.03881
XR_002957381.2	1730	1502.29	2.36866	0.0709561
XR_002957390.2	491	271.527	0	0
XR_002957391.2	577	352.35	0	0
XR_002957396.2	927	699.293	0	0
XR_002957397.2	2172	1944.29	16	0.37034
XR_002957400.2	287	109.221	0	0
XR_002957403.2	2172	1944.29	2	0.0462925
XR_002957404.2	761	533.648	1	0.084331
XR_002957409.2	6488	6260.29	31.3207	0.225153
XR_002957410.2	249	85.4599	0	0
XR_002957411.2	1237	1009.29	0	0
XR_002957412.2	6695	6467.29	68.7181	0.478179
XR_002957414.2	743	515.753	61.6113	5.37603
XR_002957416.2	1366	1138.29	56.5024	2.23385
XR_002957423.2	1832	1604.29	22	0.617136
XR_002957424.2	1893	1665.29	0	0
XR_002957434.2	2013	1785.29	0	0
XR_002957437.2	757	529.648	0	0
XR_002957439.2	1794	1566.29	1.00103	0.0287617
XR_002957440.2	4947	4719.29	5.04923	0.0481494
XR_002957443.2	448	232.626	2	0.386914
XR_002957448.1	638	412.014	0	0
XR_002957477.1	8030	7802.29	0	0
XR_002957478.1	8050	7822.29	4.14413	0.0238419
XR_002957480.1	7010	6782.29	0	0
XR_002957482.2	2607	2379.29	0	0
XR_002957485.2	1715	1487.29	0	0
XR_002957486.2	4089	3861.29	3.01246	0.03511
XR_002957490.2	1211	983.293	1	0.0457677
XR_002957491.2	2725	2497.29	0	0
XR_002957493.2	28312	28084.3	10.5124	0.0168454
XR_002957498.1	414	203.726	0	0
XR_002957522.2	1910	1682.29	2.00158	0.0535443
XR_002957525.2	780	552.487	0	0
XR_002957548.2	2964	2736.29	0	0
XR_002957549.2	4625	4397.29	0	0
XR_002957550.2	4487	4259.29	0	0
XR_002957551.2	1133	905.293	0	0
XR_002957552.2	2263	2035.29	3.72077	0.0822713
XR_002957583.1	1262	1034.29	0	0
XR_002957587.2	3090	2862.29	0	0
XR_002957595.1	3941	3713.29	22.0014	0.266645
XR_002957602.2	1393	1165.29	0	0
XR_002957605.2	6171	5943.29	22.2606	0.168559
XR_002957606.2	59549	59321.3	49.2493	0.0373622
XR_002957608.2	1076	848.293	0	0
XR_002957611.2	1934	1706.29	5.23917e-05	1.38182e-06
XR_002957613.2	980	752.293	1	0.0598212
XR_002957614.1	672	445.496	1	0.101018
XR_002957619.2	1876	1648.29	0	0
XR_002957623.2	1597	1369.29	0	0
XR_002957634.1	1571	1343.29	0.943565	0.0316114
XR_002957645.2	1848	1620.29	0	0
XR_002957667.2	2192	1964.29	6.64696	0.152286
XR_002957674.2	1979	1751.29	0	0
XR_002957687.2	2425	2197.29	0	0
XR_002957693.2	3655	3427.29	0	0
XR_002957694.2	1767	1539.29	0	0
XR_002957697.1	617	391.417	0	0
XR_002957708.2	2049	1821.29	0	0
XR_002957717.2	846	618.427	8.96977	0.652732
XR_002957719.2	1350	1122.29	6	0.240595
XR_002957720.2	9666	9438.29	4.00348	0.0190892
XR_002957721.2	1245	1017.29	0	0
XR_002957722.2	535	312.445	0	0
XR_002957725.2	1782	1554.29	2.09262	0.0605899
XR_002957733.2	1081	853.293	0	0
XR_002957734.1	4143	3915.29	0	0
XR_002957737.1	521	299.283	0	0
XR_002957744.2	5262	5034.29	0	0
XR_002957746.2	1650	1422.29	0	0
XR_002957748.2	699	471.947	0	0
XR_002957749.2	604	378.687	0	0
XR_002957750.2	679	452.316	0	0
XR_002957754.1	1487	1259.29	1	0.0357368
XR_002957756.2	21164	20936.3	7.79707	0.01676
XR_002957757.2	58785	58557.3	0	0
XR_002957758.2	66905	66677.3	1.30186	0.000878674
XR_002957759.2	57457	57229.3	1.04497e-05	8.21727e-09
XR_002957761.2	57393	57165.3	4.84548e-05	3.81458e-08
XR_002957769.2	3702	3474.29	13.8245	0.179071
XR_002957770.2	602	376.687	1.29205	0.154362
XR_002957775.1	2043	1815.29	0	0
XR_002957776.2	838	610.427	0	0
XR_002957777.2	835	607.427	0	0
XR_002957778.2	758	530.648	0	0
XR_002957779.2	755	527.701	0	0
XR_002957798.2	801	573.487	0	0
XR_002957799.2	1673	1445.29	0	0
XR_002957802.2	11361	11133.3	0	0
XR_002957803.2	11747	11519.3	0	0
XR_002957804.2	10672	10444.3	2.63057	0.0113348
XR_002957814.2	3039	2811.29	3.14257	0.0503061
XR_002957850.2	4325	4097.29	0	0
XR_002957855.2	1036	808.293	0	0
XR_002957865.2	359	159.675	0	0
XR_002957866.2	689	462.088	0	0
XR_002957874.2	9665	9437.29	0	0
XR_002957875.2	7963	7735.29	0	0
XR_002957879.2	762	534.648	0	0
XR_002957884.2	779	551.487	0	0
XR_002957885.2	1080	852.293	0	0
XR_002957894.2	6846	6618.29	0	0
XR_002957897.2	2502	2274.29	0	0
XR_002957898.2	797	569.487	0	0
XR_002957899.2	717	489.852	0	0
XR_002957900.2	583	358.243	0	0
XR_002957904.1	1156	928.293	0	0
XR_002957906.2	1402	1174.29	0	0
XR_002957907.2	1888	1660.29	0	0
XR_002957908.2	2021	1793.29	0	0
XR_002957909.2	527	304.945	0.150719	0.0222428
XR_002957910.2	558	334.107	0	0
XR_002957911.2	558	334.107	0	0
XR_002957912.2	451	235.213	0	0
XR_002957913.2	1721	1493.29	2.00091	0.0603012
XR_002957915.2	3187	2959.29	0	0
XR_002957933.2	2066	1838.29	19.7453	0.483384
XR_002957940.2	4459	4231.29	3.43176	0.0364994
XR_002957941.2	4536	4308.29	0	0
XR_002957942.2	3197	2969.29	0	0
XR_002957963.2	2304	2076.29	0	0
XR_002957964.2	2269	2041.29	99.8256	2.20079
XR_002957989.2	1375	1147.29	7.89099	0.309528
XR_002957990.2	2213	1985.29	0	0
XR_002957991.2	1470	1242.29	18.3382	0.664318
XR_002957996.2	2767	2539.29	0	0
XR_002958041.2	2240	2012.29	52.2811	1.16922
XR_002958043.2	906	678.293	0	0
XR_002958044.2	891	663.427	0	0
XR_002958045.2	887	659.427	0	0
XR_002958052.2	1217	989.293	15.4231	0.701597
XR_002958055.2	1852	1624.29	22.0272	0.610291
XR_002958072.2	1614	1386.29	0	0
XR_002958079.2	1724	1496.29	9.73574	0.292816
XR_002958101.2	603	377.687	0	0
XR_002958110.2	8519	8291.29	3.47211	0.0188458
XR_002958111.2	6857	6629.29	0	0
XR_002958113.2	6152	5924.29	40.8964	0.310664
XR_002958114.2	534	311.445	0	0
XR_002958120.1	463	245.87	3	0.549108
XR_002958121.1	652	425.803	0	0
XR_002958124.2	722	494.802	0	0
XR_002958133.2	446	230.915	0	0
XR_002958140.2	1390	1162.29	0	0
XR_002958141.2	15215	14987.3	33.7217	0.101258
XR_002958142.2	215	66.32	0	0
XR_002958148.2	525	303.13	0	0
XR_002958152.2	13199	12971.3	0	0
XR_002958153.1	422	210.345	0	0
XR_002958155.2	329	137.452	0	0
XR_002958156.2	6423	6195.29	7.00117	0.0508571
XR_002958159.2	3056	2828.29	0	0
XR_002958160.2	205	61.3237	0	0
XR_002958167.2	4295	4067.29	12.4247	0.137475
XR_002958192.2	6320	6092.29	13.7556	0.101611
XR_002958196.2	1308	1080.29	0	0
XR_002958199.1	1524	1296.29	0	0
XR_002958200.2	1345	1117.29	0	0
XR_002958202.1	289	110.463	0	0
XR_002958207.2	2123	1895.29	0.349959	0.00830966
XR_002958209.2	1116	888.293	0	0
XR_002958210.1	1790	1562.29	2.67455	0.0770424
XR_002958212.2	921	693.293	1.00617	0.0653127
XR_002958213.2	2266	2038.29	0	0
XR_002958216.1	1315	1087.29	0	0
XR_002958217.2	1564	1336.29	0	0
XR_002958224.2	1897	1669.29	0	0
XR_002958225.2	11620	11392.3	3.51408	0.0138817
XR_002958226.1	1058	830.293	0	0
XR_002958227.2	3566	3338.29	12.9734	0.174893
XR_002958236.2	3910	3682.29	0.316754	0.00387121
XR_002958243.2	1907	1679.29	0	0
XR_002958245.1	996	768.293	0	0
XR_002958250.1	367	165.66	2	0.543318
XR_002958256.2	1391	1163.29	1	0.0386859
XR_002958257.2	5884	5656.29	0	0
XR_002958269.2	3594	3366.29	0	0
XR_002958271.2	1789	1561.29	1.00676	0.0290192
XR_002958275.2	2104	1876.29	0	0
XR_002958294.2	2389	2161.29	0	0
XR_002958305.2	4770	4542.29	205.324	2.03426
XR_002958314.2	8735	8507.29	90.8216	0.480441
XR_002958317.2	9438	9210.29	8.12833	0.0397164
XR_002958324.2	1261	1033.29	0	0
XR_002958331.2	10490	10262.3	0	0
XR_002958332.2	1190	962.293	0	0
XR_002958333.2	1081	853.293	0	0
XR_002958338.2	770	542.487	0	0
XR_002958345.2	382	177.405	3	0.761022
XR_002958352.2	15717	15489.3	32.606	0.0947345
XR_002958356.2	10563	10335.3	0	0
XR_002958357.2	10406	10178.3	0	0
XR_002958361.2	3005	2777.29	0	0
XR_002958362.2	1115	887.293	0	0
XR_002958381.2	1400	1172.29	0	0
XR_002958382.2	710	482.852	0	0
XR_002958388.2	32448	32220.3	31.3109	0.0437329
XR_002958397.2	174	44.9734	0	0
XR_002958400.1	3611	3383.29	0	0
XR_002958401.2	1897	1669.29	0	0
XR_002958408.2	287	109.221	0	0
XR_002958413.2	647	420.888	0	0
XR_002958414.2	2809	2581.29	16	0.278949
XR_002958415.2	2585	2357.29	1.09065	0.0208215
XR_002958418.2	5208	4980.29	6.28552	0.0567974
XR_002958419.2	1996	1768.29	0	0
XR_002958421.2	3731	3503.29	0	0
XR_002958423.2	1738	1510.29	0	0
XR_002958424.1	1412	1184.29	0	0
XR_002958429.1	3172	2944.29	0	0
XR_002958430.2	2265	2037.29	0	0
XR_002958433.2	2636	2408.29	0	0
XR_002958434.2	1194	966.293	3	0.139719
XR_002958438.2	4644	4416.29	26.3304	0.268313
XR_002958441.2	1771	1543.29	0	0
XR_002958443.2	1757	1529.29	0	0
XR_002958444.2	1511	1283.29	0	0
XR_002958445.2	2539	2311.29	69.9018	1.36105
XR_002958447.2	1649	1421.29	137	4.3379
XR_002958458.2	3281	3053.29	0	0
XR_002958459.2	3027	2799.29	0	0
XR_002958460.2	2975	2747.29	34.0129	0.557161
XR_002958476.2	1371	1143.29	0	0
XR_002958478.2	2192	1964.29	13.2224	0.302933
XR_002958479.2	1265	1037.29	7.93818	0.344399
XR_002958484.2	1541	1313.29	0	0
XR_002958490.2	1848	1620.29	0	0
XR_002958498.2	1051	823.293	0	0
XR_002958507.2	1633	1405.29	2.52552	0.0808771
XR_002958514.2	2653	2425.29	0	0
XR_002958527.2	499	279.049	0	0
XR_002958531.2	1449	1221.29	0	0
XR_002958544.2	14052	13824.3	0	0
XR_002958556.2	872	644.427	8.34691	0.5829
XR_002958558.2	2934	2706.29	0	0
XR_002958560.1	1516	1288.29	0	0
XR_002958561.1	1329	1101.29	0	0
XR_002958562.1	1513	1285.29	0	0
XR_002958563.1	1534	1306.29	0	0
XR_002958564.1	1425	1197.29	0	0
XR_002958565.2	1482	1254.29	0	0
XR_002958566.1	1512	1284.29	0	0
XR_002958567.1	1340	1112.29	0	0
XR_002958571.2	1438	1210.29	2.06695	0.0768567
XR_002958580.2	800	572.487	0	0
XR_002958581.2	1119	891.293	0	0
XR_002958601.2	9508	9280.29	0	0
XR_002958619.2	4590	4362.29	0	0
XR_002958621.2	300	117.761	0	0
XR_002958622.2	1081	853.293	0	0
XR_002958627.2	3119	2891.29	0	0
XR_002958628.2	3042	2814.29	0.643956	0.0102974
XR_002958629.2	328	136.811	4	1.31577
XR_002958630.1	664	437.717	0	0
XR_002958633.2	2317	2089.29	0	0
XR_002958636.2	3262	3034.29	0	0
XR_002958640.2	5351	5123.29	0	0
XR_002958652.2	2025	1797.29	0	0
XR_002958654.1	226	72.4338	0	0
XR_002958655.2	246	83.7785	0	0
XR_002958656.2	1145	917.293	0	0
XR_002958658.2	1216	988.293	0	0
XR_002958661.2	286	108.57	0	0
XR_002958722.2	4775	4547.29	52.982	0.524345
XR_002958732.2	11634	11406.3	11.5	0.0453728
XR_002958733.2	11634	11406.3	11.5	0.0453728
XR_002958734.2	263	94.0409	0	0
XR_002958735.2	508	287.414	0	0
XR_002958736.2	728	500.753	2	0.179742
XR_002958737.2	2365	2137.29	0	0
XR_002958742.2	2454	2226.29	0	0
XR_002958745.2	1721	1493.29	6.45141	0.194425
XR_002958751.1	2233	2005.29	4.00612	0.0899059
XR_002958753.1	659	432.717	6	0.624007
XR_002958816.2	2139	1911.29	8.3165	0.195819
XR_002958819.2	2666	2438.29	0	0
XR_002958821.2	473	255.047	0	0
XR_002958824.2	1019	791.293	1.02478	0.0582819
XR_002958825.1	423	211.123	0	0
XR_002958838.2	1626	1398.29	0	0
XR_002958839.2	1560	1332.29	0	0
XR_002958840.2	161	38.3931	3.15105	3.69355
XR_002958842.1	1497	1269.29	0	0
XR_002958843.1	1427	1199.29	1	0.0375247
XR_002958844.1	756	528.701	0	0
XR_002958848.2	2787	2559.29	0	0
XR_002958852.1	2232	2004.29	1	0.0224533
XR_002958853.2	2151	1923.29	0	0
XR_002958860.2	1179	951.293	0	0
XR_002958861.2	1086	858.293	14	0.734065
XR_002958871.2	2300	2072.29	0	0
XR_002958877.1	149	32.7812	0	0
XR_002958878.2	6500	6272.29	0	0
XR_002958881.2	1526	1298.29	0	0
XR_002958889.1	996	768.293	0	0
XR_002958898.2	8493	8265.29	0	0
XR_002958900.1	933	705.293	0	0
XR_002958901.1	335	141.797	0	0
XR_002958902.2	991	763.293	0	0
XR_002958903.2	1876	1648.29	0	0
XR_002958905.2	3716	3488.29	0	0
XR_002958911.2	1896	1668.29	0	0
XR_002958917.1	1412	1184.29	0	0
XR_002958926.1	149	32.7812	0	0
XR_002958929.1	2699	2471.29	0.181737	0.00330949
XR_002958930.1	2702	2474.29	0	0
XR_002958931.1	2706	2478.29	0.194502	0.00353195
XR_002958932.2	1717	1489.29	0	0
XR_002958934.2	4054	3826.29	5.73879	0.0674969
XR_002958935.2	269	97.8901	0	0
XR_002958961.1	149	32.7812	0	0
XR_002958962.2	1650	1422.29	0	0
XR_002958963.2	1208	980.293	0	0
XR_002958964.2	1090	862.293	1.56478	0.0816658
XR_002958971.1	3939	3711.29	0	0
XR_002958975.1	149	32.7812	0	0
XR_002958977.1	202	59.5762	18	13.597
XR_002958989.2	1996	1768.29	0	0
XR_002959009.2	4054	3826.29	5.73879	0.0674969
XR_002959038.2	1628	1400.29	0	0
XR_002959040.2	522	300.222	0	0
XR_002959041.2	550	326.571	0	0
XR_002959047.2	3073	2845.29	0	0
XR_002959050.2	2915	2687.29	0	0
XR_002959051.2	2636	2408.29	0	0
XR_002959053.2	2463	2235.29	0	0
XR_002959054.2	4791	4563.29	0	0
XR_002959055.2	2585	2357.29	0	0
XR_002959057.2	1998	1770.29	0	0
XR_002959063.2	4197	3969.29	0.500444	0.00567394
XR_002959064.2	894	666.361	0.5	0.0337678
XR_002959065.1	1129	901.293	1	0.0499317
XR_002959071.2	2188	1960.29	2.35181	0.0539912
XR_002959072.2	1711	1483.29	1.70847	0.0518351
XR_002959073.2	1396	1168.29	2.15766	0.0831139
XR_002959074.2	2527	2299.29	0	0
XR_002959075.2	2522	2294.29	0	0
XR_002959076.2	547	323.768	1.34307	0.186684
XR_002959077.2	558	334.107	0	0
XR_002959078.1	337	143.078	0	0
XR_002959079.2	1110	882.293	0	0
XR_002959081.2	776	548.487	0	0
XR_002959087.2	4378	4150.29	1.5	0.016265
XR_002959088.2	23844	23616.3	28.6605	0.0546153
XR_002959089.1	3300	3072.29	1	0.014648
XR_002959090.2	1923	1695.29	4	0.106184
XR_002959091.2	558	334.107	0	0
XR_002959092.2	558	334.107	0	0
XR_002959093.2	451	235.213	0	0
XR_002959094.1	576	351.35	1	0.128086
XR_002959095.2	672	445.496	0	0
XR_002959096.2	899	671.361	0	0
XR_002959097.2	548	324.67	0	0
XR_002959101.1	529	306.759	4.43651e-05	6.50858e-06
XR_002959102.2	712	484.852	0	0
XR_002959103.2	647	420.888	0	0
XR_002959104.1	618	392.338	0	0
XR_002959105.1	613	387.495	0	0
XR_002959106.1	881	653.427	0	0
XR_002959107.1	548	324.67	0	0
XR_002959108.1	553	329.241	0	0
XR_002959109.2	1129	901.293	0	0
XR_002959110.2	998	770.293	0	0
XR_002959115.2	3227	2999.29	2	0.0300091
XR_002959116.2	2809	2581.29	0	0
XR_002959118.2	2526	2298.29	0	0
XR_002959120.2	1614	1386.29	0	0
XR_002959134.2	379	175.043	0	0
XR_002959142.2	397	189.558	0	0
XR_002959146.2	527	304.945	0	0
XR_002959150.2	181	48.4869	0	0
XR_002959151.2	181	48.4869	0	0
XR_002959152.2	2941	2713.29	8.0653	0.133772
XR_002959153.2	4384	4156.29	33.6105	0.363924
XR_002959154.2	1375	1147.29	0	0
XR_002959155.2	686	459.134	0	0
XR_002959156.2	543	320.029	0	0
XR_002959160.1	429	216.04	0	0
XR_002959161.1	326	135.496	0	0
XR_002959162.1	776	548.487	0	0
XR_002959163.2	269	97.8901	0	0
XR_002959164.2	264	94.6304	0	0
XR_002959166.2	1049	821.293	1	0.0547954
XR_002959167.1	4167	3939.29	0	0
XR_002959168.2	4764	4536.29	0	0
XR_002959170.1	3716	3488.29	3.44229	0.0444096
XR_002959173.2	1286	1058.29	0	0
XR_002959174.2	1237	1009.29	0	0
XR_002959175.1	319	130.608	0	0
XR_002959176.2	302	119.035	0	0
XR_002959177.1	625	399.259	0	0
XR_002959182.2	2805	2577.29	0	0
XR_002959183.1	2359	2131.29	0	0
XR_002959184.1	2274	2046.29	0.5	0.0109962
XR_002959185.2	2584	2356.29	0	0
XR_002959186.1	2370	2142.29	0	0
XR_002959187.2	422	210.345	0	0
XR_002959189.2	738	510.753	0	0
XR_002959191.2	888	660.427	0	0
XR_002959192.2	461	244.098	0	0
XR_002959193.2	4035	3807.29	1	0.0118202
XR_002959194.2	986	758.293	0	0
XR_002959195.2	1351	1123.29	0	0
XR_002959196.2	959	731.293	0	0
XR_002959197.2	1324	1096.29	0	0
XR_002959198.2	2788	2560.29	0	0
XR_002959203.2	9223	8995.29	0	0
XR_002959204.2	19774	19546.3	7.26622	0.0167296
XR_002959205.2	18857	18629.3	1.00051	0.00241695
XR_002959206.1	1308	1080.29	0	0
XR_002959207.1	2180	1952.29	0.5	0.0115257
XR_002959208.2	1540	1312.29	1.5	0.0514402
XR_002959209.1	917	689.293	0	0
XR_002959213.2	1270	1042.29	0	0
XR_002959214.1	1036	808.293	0	0
XR_002959215.1	958	730.293	2.99974	0.184854
XR_002959222.2	4786	4558.29	4.16283	0.0410987
XR_002959226.2	1937	1709.29	167.549	4.41131
XR_002959227.2	15023	14795.3	15.7502	0.0479078
XR_002959228.2	1220	992.293	0	0
XR_002959229.2	1184	956.293	0	0
XR_002959230.2	822	594.427	0	0
XR_002959231.2	257	90.3934	0	0
XR_002959232.1	4935	4707.29	0	0
XR_002959233.2	2184	1956.29	0.991726	0.0228139
XR_002959234.2	1208	980.293	0	0
XR_002959239.2	1996	1768.29	0	0
XR_002959241.2	1211	983.293	0	0
XR_002959254.2	9143	8915.29	0	0
XR_002959255.2	9283	9055.29	0	0
XR_002959256.2	9044	8816.29	19.8234	0.101189
XR_002959257.2	9029	8801.29	0	0
XR_002959258.2	8915	8687.29	23.37	0.121064
XR_002959260.2	9435	9207.29	0	0
XR_002959262.2	8991	8763.29	0	0
XR_002959263.2	8211	7983.29	37.1573	0.209461
XR_002959267.2	2371	2143.29	0	0
XR_002959268.2	1960	1732.29	0	0
XR_002959269.2	2245	2017.29	0	0
XR_002959270.1	1799	1571.29	0	0
XR_002959272.1	1672	1444.29	0	0
XR_002959273.1	1594	1366.29	0	0
XR_002959274.1	1239	1011.29	0	0
XR_002959275.1	1259	1031.29	0	0
XR_002959276.1	1227	999.293	0	0
XR_002959282.2	5217	4989.29	92.7299	0.836417
XR_002959289.2	9506	9278.29	8.04373	0.039015
XR_002959301.2	1969	1741.29	146.188	3.77816
XR_002959312.2	1818	1590.29	0	0
XR_002959323.2	1982	1754.29	0	0
XR_002959346.2	2464	2236.29	14.2785	0.28734
XR_002959347.2	2413	2185.29	0	0
XR_002959349.2	2643	2415.29	11.5314	0.21486
XR_002959351.2	5995	5767.29	9.11935	0.0711597
XR_002959356.2	2946	2718.29	0	0
XR_002959357.2	2726	2498.29	0	0
XR_002959358.2	2842	2614.29	0	0
XR_002959368.2	1804	1576.29	0	0
XR_002959369.2	1583	1355.29	0	0
XR_002959370.2	1785	1557.29	0	0
XR_002959373.2	3553	3325.29	0	0
XR_002959376.2	5385	5157.29	6.24282	0.0544755
XR_002959377.1	3323	3095.29	0	0
XR_002959378.2	1049	821.293	0	0
XR_002959381.2	1126	898.293	5	0.250492
XR_002959386.2	1625	1397.29	17	0.547525
XR_002959387.2	447	231.819	0	0
XR_002959388.2	383	178.191	1	0.252555
XR_002959389.2	2023	1795.29	0	0
XR_002959390.2	1861	1633.29	0	0
XR_002959392.2	5163	4935.29	4.52118	0.041227
XR_002959393.2	2845	2617.29	4.00348	0.0688379
XR_002959403.1	900	672.361	0	0
XR_002959404.1	2530	2302.29	6.58534	0.128724
XR_002959405.2	957	729.293	2.33992	0.144391
XR_002959414.2	398	190.353	0	0
XR_002959416.2	1868	1640.29	5	0.13718
XR_002959417.2	3007	2779.29	0	0
XR_002959421.1	2076	1848.29	0	0
XR_002959431.1	3599	3371.29	13.2591	0.176995
XR_002959433.2	26567	26339.3	0.0399285	6.82216e-05
XR_002959451.2	1304	1076.29	0	0
XR_002959453.2	1160	932.293	4	0.193086
XR_002959455.2	1555	1327.29	0	0
XR_002959456.2	5494	5266.29	4.14118	0.0353884
XR_002959457.2	2177	1949.29	0	0
XR_002959458.2	240	80.5243	0	0
XR_002959475.1	1417	1189.29	0	0
XR_002959476.2	322	132.775	0	0
XR_002959478.2	3549	3321.29	1.02024	0.0138242
XR_002959479.2	160	37.9606	0	0
XR_002959483.1	1248	1020.29	0	0
XR_002959484.1	337	143.078	0	0
XR_002959509.2	5133	4905.29	0	0
XR_002959514.2	6233	6005.29	0	0
XR_002959546.2	1752	1524.29	18.5889	0.548818
XR_002959557.2	4173	3945.29	0	0
XR_002959558.2	2412	2184.29	0	0
XR_002959559.2	4236	4008.29	0	0
XR_002959560.2	2309	2081.29	0	0
XR_002959561.2	4046	3818.29	0	0
XR_002959562.2	2372	2144.29	0	0
XR_002959563.2	1533	1305.29	0	0
XR_002959564.2	1596	1368.29	0	0
XR_002959568.2	936	708.293	0	0
XR_002959574.2	1596	1368.29	16.6793	0.548583
XR_002959589.2	9415	9187.29	0	0
XR_002959592.2	2137	1909.29	0	0
XR_002959593.2	2080	1852.29	1.11541	0.0270999
XR_002959612.1	718	490.852	1	0.0916837
XR_002959615.2	1004	776.293	0.00230467	0.000133606
XR_002959616.2	1000	772.293	2.74501	0.159957
XR_002959624.2	5545	5317.29	0	0
XR_002959625.2	492	272.443	0	0
XR_002959626.2	1473	1245.29	3	0.108416
XR_002959628.1	2503	2275.29	0	0
XR_002959651.2	3440	3212.29	5.4943	0.0769732
XR_002959652.2	1468	1240.29	0	0
XR_002959654.2	1606	1378.29	0	0
XR_002959658.2	8559	8331.29	18.0666	0.0975902
XR_002959663.2	1096	868.293	0	0
XR_002959664.2	1045	817.293	0	0
XR_002959665.2	1128	900.293	0	0
XR_002959666.2	1257	1029.29	0	0
XR_002959667.2	1191	963.293	0.370662	0.0173166
XR_002959668.2	1069	841.293	0	0
XR_002959675.2	2796	2568.29	3.0002	0.0525712
XR_002959676.2	6345	6117.29	11	0.0809237
XR_002959680.2	1407	1179.29	0	0
XR_002959699.1	164	39.7643	0	0
XR_002959702.2	1162	934.293	0	0
XR_002959712.2	1477	1249.29	0	0
XR_002959722.2	3107	2879.29	0	0
XR_002959761.2	2353	2125.29	16.3533	0.346282
XR_002959774.2	2134	1906.29	107.682	2.54213
XR_002959775.2	1192	964.293	0	0
XR_002959776.2	9031	8803.29	16.1288	0.0824518
XR_002959777.2	768	540.541	0	0
XR_002959778.1	373	170.281	2.88002	0.761154
XR_002959783.1	497	277.191	0	0
XR_002959789.2	524	302.192	0	0
XR_002959790.2	5965	5737.29	0	0
XR_002959791.1	3026	2798.29	1.16591	0.0187505
XR_002959794.2	708	480.9	3.59772	0.336678
XR_002959795.2	609	383.573	0	0
XR_002959796.2	872	644.427	3	0.209503
XR_002959797.2	194	55.1975	0	0
XR_002959799.2	770	542.487	2.0066	0.166461
XR_002959800.2	2748	2520.29	10.707	0.191188
XR_002959803.2	5688	5460.29	9.87049	0.0813514
XR_002959817.2	1188	960.293	0	0
XR_002959819.2	1384	1156.29	0	0
XR_002959821.2	975	747.293	0	0
XR_002959822.2	854	626.427	0	0
XR_002959823.2	885	657.427	1	0.0684533
XR_002959824.2	1245	1017.29	0	0
XR_002959825.2	2575	2347.29	5	0.0958617
XR_002959826.2	3273	3045.29	13.2182	0.195337
XR_002959832.2	10392	10164.3	0	0
XR_002959833.2	14978	14750.3	47.5017	0.144927
XR_002959837.1	1839	1611.29	0	0
XR_002959838.1	627	401.259	0	0
XR_002959839.1	372	169.412	0	0
XR_002959844.2	5439	5211.29	6.52759	0.0563702
XR_004643250.2	1016	788.293	25.5954	1.46122
XR_004837499.2	2776	2548.29	0	0
XR_004837500.2	2676	2448.29	0	0
XR_004837501.2	3996	3768.29	0	0
XR_004837502.2	5225	4997.29	10.3785	0.0934636
XR_004837503.2	1498	1270.29	0	0
XR_004837529.2	3954	3726.29	0	0
XR_004837530.2	967	739.293	0	0
XR_004837531.2	709	481.852	0	0
XR_004837539.2	532	309.634	0	0
XR_004837540.2	757	529.648	0	0
XR_004837541.2	288	109.828	0	0
XR_004837542.2	1476	1248.29	0	0
XR_004837543.1	1389	1161.29	0	0
XR_004837547.2	2249	2021.29	18.007	0.400917
XR_004837564.2	1250	1022.29	55	2.42119
XR_004837567.2	1039	811.293	0	0
XR_004837575.1	3417	3189.29	24.6729	0.348151
XR_004837577.2	277	102.552	26.2225	11.5073
XR_004837588.1	3417	3189.29	24.6729	0.348151
XR_005228024.2	4040	3812.29	0.000576723	6.80805e-06
XR_005228030.2	1784	1556.29	14.4587	0.418099
XR_005646960.1	2955	2727.29	1.9109	0.0315318
XR_005646961.1	2155	1927.29	17.9082	0.418165
XR_005646962.1	1018	790.293	0	0
XR_005646963.2	1056	828.293	0	0
XR_005646964.2	769	541.541	0	0
XR_005646965.2	1205	977.293	0	0
XR_005646966.1	764	536.541	0	0
XR_005646967.2	1143	915.293	7	0.344176
XR_005646968.2	1282	1054.29	0	0
XR_005646972.1	1164	936.293	1	0.0480652
XR_005646978.2	7560	7332.29	4.00365	0.024573
XR_005647007.2	4271	4043.29	0	0
XR_005647010.1	1965	1737.29	0	0
XR_005647011.2	4554	4326.29	0	0
XR_005647012.2	2412	2184.29	0	0
XR_005647013.1	819	591.487	0	0
XR_005647014.2	1697	1469.29	0	0
XR_005647015.2	1583	1355.29	0	0
XR_005647016.2	1511	1283.29	0	0
XR_005647017.2	1795	1567.29	0	0
XR_005647018.2	1636	1408.29	0	0
XR_005647045.2	2463	2235.29	0	0
XR_005647046.2	2704	2476.29	6.61227	0.120168
XR_005647051.2	644	417.93	2	0.215362
XR_005647055.1	1091	863.293	0	0
XR_005647056.1	1182	954.293	0	0
XR_005647057.1	588	363.135	0	0
XR_005647058.2	1489	1261.29	23	0.820643
XR_005647073.2	5216	4988.29	33	0.297717
XR_005647074.1	1098	870.293	5	0.258551
XR_005647076.2	4468	4240.29	43.007	0.456442
XR_005647083.2	1321	1093.29	0	0
XR_005647084.2	1271	1043.29	0	0
XR_005647085.2	1337	1109.29	0	0
XR_005647086.2	1303	1075.29	0	0
XR_005647087.2	1026	798.293	0	0
XR_005647088.2	2962	2734.29	0	0
XR_005647089.2	2999	2771.29	0	0
XR_005647090.2	2782	2554.29	0	0
XR_005647091.2	2333	2105.29	0	0
XR_005647092.1	1128	900.293	1	0.0499871
XR_005647093.2	2057	1829.29	0	0
XR_005647094.2	1962	1734.29	0.946019	0.0245482
XR_005647097.2	1205	977.293	0	0
XR_005647109.1	1460	1232.29	0	0
XR_005647110.1	1132	904.293	0	0
XR_005647118.2	1918	1690.29	0.00527368	0.000140409
XR_005647119.2	1908	1680.29	17.9947	0.481951
XR_005647120.2	396	188.639	0	0
XR_007057923.1	2243	2015.29	0	0
XR_007057924.1	2422	2194.29	0	0
XR_007057925.1	2484	2256.29	0	0
XR_007057926.1	2400	2172.29	0	0
XR_007057927.1	1136	908.293	4.82059	0.238845
XR_007057928.1	1090	862.293	149.641	7.80978
XR_007057929.1	1410	1182.29	0	0
XR_007057930.1	3821	3593.29	7.74832	0.0970414
XR_007057931.1	3658	3430.29	0	0
XR_007057932.1	3522	3294.29	0	0
XR_007057933.1	4548	4320.29	0	0
XR_007057934.1	3215	2987.29	4	0.0602593
XR_007057935.1	2843	2615.29	0	0
XR_007057936.1	3700	3472.29	20.6427	0.267543
XR_007057937.1	2551	2323.29	50.0941	0.970341
XR_007057938.1	1594	1366.29	13.394	0.441172
XR_007057939.1	1322	1094.29	19.0809	0.784707
XR_007057940.1	5033	4805.29	7.76602	0.0727313
XR_007057941.1	3177	2949.29	47.4163	0.723522
XR_007057942.1	7593	7365.29	2.97092	0.0181528
XR_007057943.1	1927	1699.29	0	0
XR_007057944.1	3332	3104.29	18.7534	0.271869
XR_007057945.1	2005	1777.29	2.05763e-08	5.21016e-10
XR_007057946.1	1898	1670.29	0	0
XR_007057947.1	1114	886.293	26.9497	1.36842
XR_007057948.1	11929	11701.3	582.944	2.242
XR_007057949.1	6004	5776.29	45.9095	0.357681
XR_007057950.1	842	614.427	6.37338	0.466811
XR_007057951.1	2213	1985.29	192.818	4.37085
XR_007057952.1	20088	19860.3	7.67613	0.017394
XR_007057953.1	6321	6093.29	0	0
XR_007057954.1	6229	6001.29	9.69273	0.0726848
XR_007057955.1	1589	1361.29	1	0.0330591
XR_007057956.1	3591	3363.29	21.64	0.289558
XR_007057957.1	3348	3120.29	0	0
XR_007057958.1	3336	3108.29	0	0
XR_007057959.1	3275	3047.29	0	0
XR_007057960.1	3263	3035.29	0	0
XR_007057961.1	3279	3051.29	0	0
XR_007057962.1	1165	937.293	0	0
XR_007057963.1	1558	1330.29	4.97377	0.16826
XR_007057964.1	1957	1729.29	0	0
XR_007057965.1	1135	907.293	2.04038	0.101206
XR_007057967.1	1016	788.293	0	0
XR_007057968.1	13164	12936.3	66.2697	0.230541
XR_007057969.1	13142	12914.3	52.6821	0.183584
XR_007057970.1	13161	12933.3	60.3399	0.20996
XR_007057971.1	2540	2312.29	61.5768	1.19844
XR_007057972.1	3547	3319.29	0	0
XR_007057973.1	3558	3330.29	3.46042	0.0467615
XR_007057974.1	1371	1143.29	47.7453	1.87938
XR_007057975.1	1090	862.293	0	0
XR_007057976.1	1087	859.293	0	0
XR_007057977.1	2315	2087.29	0	0
XR_007057978.1	5035	4807.29	0	0
XR_007057979.1	989	761.293	0	0
XR_007057980.1	1018	790.293	0	0
XR_007057981.1	2079	1851.29	0	0
XR_007057982.1	4377	4149.29	0	0
XR_007057983.1	4386	4158.29	14.5557	0.157529
XR_007057984.1	4193	3965.29	9.39483	0.106624
XR_007057985.1	1102	874.293	5.60422	0.28847
XR_007057986.1	446	230.915	0	0
XR_007057987.1	1967	1739.29	1	0.0258744
XR_007057988.1	839	611.427	0	0
XR_007057989.1	656	429.76	6.07534	0.636189
XR_007057990.1	2784	2556.29	0	0
XR_007057991.1	3618	3390.29	19.9611	0.264966
XR_007057992.1	1389	1161.29	0	0
XR_007057993.1	925	697.293	0	0
XR_007057994.1	1684	1456.29	1	0.0309025
XR_007057995.1	4032	3804.29	3.04079	0.0359712
XR_007057996.1	8651	8423.29	0	0
XR_007057997.1	719	491.852	0	0
XR_007057998.1	4632	4404.29	115.163	1.17673
XR_007057999.1	776	548.487	0	0
XR_007058000.1	746	518.701	2	0.173522
XR_007058001.1	878	650.427	0	0
XR_007058002.1	753	525.701	0	0
XR_007058003.1	451	235.213	0	0
XR_007058004.1	423	211.123	0	0
XR_007058005.1	666	439.629	1	0.102366
XR_007058006.1	10098	9870.29	10.1718	0.0463779
XR_007058007.1	7980	7752.29	33.6909	0.19558
XR_007058008.1	6059	5831.29	2	0.015435
XR_007058009.1	3622	3394.29	0	0
XR_007058010.1	599	373.876	0	0
XR_007058011.1	1846	1618.29	0	0
XR_007058012.1	1639	1411.29	2.04951	0.0653543
XR_007058013.1	531	308.697	0	0
XR_007058014.1	7451	7223.29	2.0277	0.0126331
XR_007058015.1	13448	13220.3	43.1689	0.146951
XR_007058016.1	11740	11512.3	0	0
XR_007058017.1	6951	6723.29	0	0
XR_007058018.1	7053	6825.29	5.65449	0.0372833
XR_007058019.1	6894	6666.29	0	0
XR_007058021.1	4854	4626.29	25.2261	0.245391
XR_007058022.1	608	382.573	0	0
XR_007058023.1	278	103.326	2.50098	1.08929
XR_007058024.1	7389	7161.29	1.55866e-07	9.79497e-10
XR_007058025.1	7315	7087.29	0.238456	0.00151416
XR_007058026.1	7309	7081.29	0.761543	0.00483977
XR_007058029.1	299	117.078	9	3.45948
XR_007058030.1	2281	2053.29	0	0
XR_007058031.1	3177	2949.29	2.01492	0.0307455
XR_007058044.1	13073	12845.3	0	0
XR_007058045.1	12960	12732.3	3.76396	0.0133039
XR_007058046.1	12937	12709.3	0	0
XR_007058047.1	14205	13977.3	4.91953	0.0158396
XR_007058048.1	1542	1314.29	0	0
XR_007058049.1	12079	11851.3	3.33242	0.0126542
XR_007058050.1	24728	24500.3	27.9464	0.051333
XR_007058051.1	1005	777.293	0	0
XR_007058052.1	564	339.768	0	0
XR_007058053.1	520	298.404	0	0
XR_007058054.1	764	536.541	0	0
XR_007058055.1	292	112.493	0	0
XR_007058056.1	5801	5573.29	0	0
XR_007058057.1	1787	1559.29	0	0
XR_007058058.1	2318	2090.29	4	0.0861182
XR_007058059.1	3556	3328.29	0	0
XR_007058060.1	945	717.293	0	0
XR_007058061.1	629	403.218	4	0.446439
XR_007058062.1	751	523.701	0	0
XR_007058063.1	2546	2318.29	9.70452	0.188386
XR_007058064.1	3856	3628.29	0.696031	0.00863313
XR_007058065.1	7080	6852.29	4.35121	0.028577
XR_007058066.1	6125	5897.29	0	0
XR_007058067.1	28495	28267.3	13.5549	0.0215801
XR_007058068.1	9585	9357.29	0	0
XR_007058069.1	9524	9296.29	1.96192	0.00949759
XR_007058070.1	319	130.608	0	0
XR_007058071.1	940	712.293	0	0
XR_007058072.1	1228	1000.29	0	0
XR_007058073.1	7157	6929.29	1.30298	0.00846233
XR_007058074.1	369	167.159	1	0.269223
XR_007058075.1	292	112.493	0	0
XR_007058076.1	396	188.639	0	0
XR_007058077.1	2371	2143.29	0	0
XR_007058078.1	1340	1112.29	0	0
XR_007058079.1	3462	3234.29	1	0.0139143
XR_007058080.1	2036	1808.29	0	0
XR_007058081.1	2070	1842.29	0	0
XR_007058082.1	1364	1136.29	0	0
XR_007058083.1	1784	1556.29	0	0
XR_007058084.1	12552	12324.3	0	0
XR_007058085.1	9627	9399.29	35.6602	0.170738
XR_007058086.1	380	175.793	0	0
XR_007058087.1	2812	2584.29	0	0
XR_007058088.1	1125	897.293	7	0.35108
XR_007058089.1	525	303.13	6	0.890768
XR_007058090.1	2063	1835.29	0	0
XR_007058091.1	298	116.438	0	0
XR_007058092.1	347	150.34	1	0.299343
XR_007058093.1	798	570.487	5.10373	0.40261
XR_007058094.1	2478	2250.29	1.05484	0.0210955
XR_007058097.1	21149	20921.3	0	0
XR_007058098.1	20104	19876.3	13.2013	0.0298899
XR_007058099.1	4680	4452.29	15.0211	0.151831
XR_007058100.1	664	437.717	0	0
XR_007058101.1	263	94.0409	4	1.91419
XR_007058105.1	686	459.134	0	0
XR_007058106.1	1115	887.293	7.4761	0.379184
XR_007058107.1	279	103.985	0	0
XR_007058108.1	4764	4536.29	12.0717	0.11976
XR_007058109.1	4013	3785.29	8.80383	0.104668
XR_007058110.1	1572	1344.29	2.85177	0.0954691
XR_007058111.1	1321	1093.29	0	0
XR_007058112.1	1184	956.293	0	0
XR_007058113.1	743	515.753	0	0
XR_007058114.1	923	695.293	0	0
XR_007058115.1	705	477.9	0	0
XR_007058116.1	1746	1518.29	2	0.0592811
XR_007058117.1	643	416.972	0	0
XR_007058118.1	645	418.93	0	0
XR_007058119.1	1112	884.293	0	0
XR_007058120.1	1682	1454.29	1	0.030945
XR_007058121.1	377	173.351	0	0
XR_007058122.1	1020	792.293	1	0.056801
XR_007058123.1	1224	996.293	6.70972e-05	3.03082e-06
XR_007058124.1	278	103.326	0	0
XR_007058125.1	394	187.168	0	0
XR_007058126.1	2151	1923.29	64.9213	1.51909
XR_007058127.1	725	497.753	0	0
XR_007058128.1	3725	3497.29	3	0.0386039
XR_007058129.1	803	575.487	0	0
XR_007058130.1	195	55.7944	0	0
XR_007058131.1	327	136.154	0	0
XR_007058132.1	781	553.487	8.73488	0.710219
XR_007058133.1	2712	2484.29	3	0.0543451
XR_007058138.1	459	242.274	1	0.185753
XR_007058140.1	1958	1730.29	25.8414	0.672108
XR_007058141.1	2243	2015.29	0	0
XR_007058142.1	280	104.615	1.18442	0.509513
XR_007058143.1	3807	3579.29	14	0.176024
XR_007058144.1	9615	9387.29	44.4619	0.213152
XR_007058145.1	3126	2898.29	0	0
XR_007058146.1	2999	2771.29	0	0
XR_007058147.1	1412	1184.29	0	0
XR_007058148.1	2366	2138.29	0	0
XR_007058149.1	3190	2962.29	0	0
XR_007058150.1	371	168.6	0	0
XR_007058151.1	2592	2364.29	0	0
XR_007058152.1	2943	2715.29	0	0
XR_007058153.1	10225	9997.29	16.8323	0.0757709
XR_007058154.1	2288	2060.29	0	0
XR_007058155.1	881	653.427	0	0
XR_007058156.1	1145	917.293	0	0
XR_007058157.1	947	719.293	0	0
XR_007058158.1	321	132.144	0	0
XR_007058159.1	323	133.485	0	0
XR_007058160.1	481	262.672	0	0
XR_007058161.1	237	78.7087	0	0
XR_007058162.1	733	505.753	1	0.0889824
XR_007058163.1	7081	6853.29	33.893	0.222563
XR_007058164.1	7881	7653.29	0	0
XR_007058165.1	7675	7447.29	0	0
XR_007058166.1	1572	1344.29	7.0199	0.235006
XR_007058167.1	1494	1266.29	1	0.0355392
XR_007058168.1	4524	4296.29	0	0
XR_007058169.1	2550	2322.29	16	0.31006
XR_007058171.1	1745	1517.29	1	0.0296601
XR_007058172.1	292	112.493	1	0.400051
XR_007058173.1	1903	1675.29	4.07309	0.109415
XR_007058174.1	1102	874.293	0	0
XR_007058175.1	1089	861.293	0	0
XR_007058176.1	1043	815.293	0	0
XR_007058177.1	1113	885.293	0	0
XR_007058178.1	2655	2427.29	0	0
XR_007058179.1	1100	872.293	0	0
XR_007058180.1	2701	2473.29	0	0
XR_007058181.1	2642	2414.29	0	0
XR_007058182.1	1311	1083.29	1	0.0415428
XR_007058183.1	1376	1148.29	0	0
XR_007058184.1	2712	2484.29	0	0
XR_007058185.1	1107	879.293	0	0
XR_007058186.1	936	708.293	1	0.0635374
XR_007058187.1	982	754.293	0	0
XR_007058188.1	403	194.403	0	0
XR_007058189.1	8461	8233.29	3.25899	0.0178136
XR_007058190.1	16524	16296.3	0	0
XR_007058191.1	16822	16594.3	13.6091	0.0369073
XR_007058192.1	327	136.154	1	0.33053
XR_007058193.1	1349	1121.29	10	0.40135
XR_007058194.1	367	165.66	0	0
XR_007058195.1	539	316.223	0	0
XR_007058196.1	1453	1225.29	0	0
XR_007058197.1	1366	1138.29	1	0.0395356
XR_007058198.1	2989	2761.29	0	0
XR_007058199.1	2731	2503.29	0	0
XR_007058200.1	2743	2515.29	0	0
XR_007058201.1	2730	2502.29	0	0
XR_007058202.1	783	555.487	6	0.486093
XR_007058203.1	278	103.326	0	0
XR_007058204.1	540	317.191	0	0
XR_007058205.1	482	263.537	0	0
XR_007058206.1	311	124.914	0	0
XR_007058207.1	280	104.615	0	0
XR_007058208.1	2471	2243.29	10	0.200612
XR_007058209.1	228	73.5821	0	0
XR_007058210.1	2774	2546.29	2.04228	0.0360952
XR_007058211.1	5236	5008.29	2.31306	0.0207845
XR_007058212.1	1320	1092.29	0	0
XR_007058213.1	293	113.08	0	0
XR_007058214.1	238	79.3455	1	0.567179
XR_007058215.1	498	278.077	5	0.809184
XR_007058216.1	4621	4393.29	29	0.297064
XR_007058217.1	1702	1474.29	0	0
XR_007058218.1	267	96.6399	0	0
XR_007058219.1	222	70.1969	0	0
XR_007058221.1	2372	2144.29	1	0.0209874
XR_007058222.1	1654	1426.29	0	0
XR_007058223.1	469	251.307	0	0
XR_007058224.1	229	74.1994	0	0
XR_007058225.1	3861	3633.29	0	0
XR_007058226.1	312	125.588	0	0
XR_007058228.1	1000	772.293	0	0
XR_007058229.1	896	668.361	0	0
XR_007058230.1	609	383.573	1.02182	0.119886
XR_007058231.1	2385	2157.29	5	0.104305
XR_007058232.1	891	663.427	0	0
XR_007058233.1	960	732.293	0	0
XR_007058234.1	5899	5671.29	1	0.00793524
XR_007058235.1	1071	843.293	0	0
XR_007058236.1	552	328.307	4	0.548305
XR_007058237.1	204	60.7343	0	0
XR_007058238.1	360	160.548	0	0
XR_007058239.1	9074	8846.29	3.02835	0.0154059
XR_007058240.1	951	723.293	0	0
XR_007058241.1	4273	4045.29	3	0.0333744
XR_007058242.1	3427	3199.29	0	0
XR_007058243.1	3417	3189.29	0	0
XR_007058244.1	353	154.998	0	0
XR_007058245.1	3124	2896.29	6	0.093229
XR_007058246.1	499	279.049	0	0
XR_007058247.1	613	387.495	1	0.116138
XR_007058248.1	318	129.815	0	0
XR_007058249.1	1394	1166.29	0	0
XR_007058250.1	1479	1251.29	0	0
XR_007058251.1	1425	1197.29	0	0
XR_007058252.1	576	351.35	0	0
XR_007058253.1	439	224.747	0	0
XR_007058254.1	264	94.6304	0	0
XR_007058259.1	1965	1737.29	0	0
XR_007058260.1	743	515.753	0	0
XR_007058261.1	368	166.382	1	0.27048
XR_007058262.1	2280	2052.29	30.5782	0.670524
XR_007058263.1	1572	1344.29	0	0
XR_007058264.1	681	454.225	0	0
XR_007058265.1	412	201.964	0	0
XR_007058266.1	282	105.999	0	0
XR_007058268.1	1674	1446.29	248	7.71681
XR_007058269.1	302	119.035	0	0
XR_007058270.1	893	665.361	0	0
XR_007058271.1	772	544.487	0	0
XR_007058273.1	867	639.427	0	0
XR_007058274.1	3874	3646.29	5.47439	0.0675657
XR_007058275.1	2625	2397.29	0	0
XR_007058276.1	2435	2207.29	0	0
XR_007058277.1	6337	6109.29	10.012	0.073752
XR_007058278.1	17631	17403.3	12.003	0.0310384
XR_007058279.1	4050	3822.29	0	0
XR_007058280.1	3938	3710.29	1	0.0121293
XR_007058281.1	796	568.487	0	0
XR_007058282.1	160	37.9606	0	0
XR_007058283.1	417	206.073	0	0
XR_007058284.1	4532	4304.29	0	0
XR_007058285.1	4689	4461.29	0	0
XR_007058286.1	356	157.501	0	0
XR_007058287.1	556	332.141	16	2.1679
XR_007058288.1	674	447.496	1	0.100566
XR_007058289.1	17124	16896.3	65.9435	0.17564
XR_007058290.1	377	173.351	0	0
XR_007058291.1	933	705.293	0	0
XR_007058292.1	2819	2591.29	0	0
XR_007058293.1	488	268.748	0	0
XR_007058294.1	2548	2320.29	2.00103	0.0388109
XR_007058304.1	529	306.759	0	0
XR_007058305.1	458	241.399	2	0.372853
XR_007058311.1	1569	1341.29	3	0.100656
XR_007058321.1	228	73.5821	1	0.611604
XR_007058322.1	1852	1624.29	0	0
XR_007058323.1	2098	1870.29	0	0
XR_007058324.1	2004	1776.29	0	0
XR_007058325.1	6139	5911.29	3	0.0228392
XR_007058326.1	485	265.994	0	0
XR_007058327.1	6266	6038.29	1.00293	0.00747476
XR_007058328.1	25472	25244.3	107.908	0.192367
XR_007058329.1	3043	2815.29	12.3646	0.19765
XR_007058333.1	734	506.753	0	0
XR_007058334.1	267	96.6399	0	0
XR_007058335.1	1172	944.293	5.83086	0.277887
XR_007058336.1	5236	5008.29	13.9956	0.12576
XR_007058337.1	3449	3221.29	1.02328	0.0142958
XR_007058338.1	3259	3031.29	0	0
XR_007058339.1	3348	3120.29	0	0
XR_007058340.1	3190	2962.29	3.01741e-08	4.58404e-10
XR_007058341.1	3160	2932.29	0	0
XR_007058342.1	3091	2863.29	0	0
XR_007058343.1	703	475.947	0	0
XR_007058344.1	3149	2921.29	6	0.0924312
XR_007058345.1	3279	3051.29	0	0
XR_007058346.1	3590	3362.29	0	0
XR_007058347.1	1132	904.293	1	0.049766
XR_007058348.1	399	191.106	0	0
XR_007058349.1	526	304.007	0	0
XR_007058350.1	513	291.914	0	0
XR_007058351.1	2644	2416.29	3.32806	0.0619846
XR_007058352.1	564	339.768	0	0
XR_007058353.1	266	95.93	0	0
XR_007058354.1	2946	2718.29	14.0896	0.233263
XR_007058355.1	338	143.726	0	0
XR_007058356.1	866	638.427	0.586207	0.041322
XR_007058357.1	7725	7497.29	0	0
XR_007058358.1	32848	32620.3	30.545	0.04214
XR_007058359.1	5660	5432.29	5.00353	0.0414511
XR_007058360.1	160	37.9606	0	0
XR_007058361.1	6034	5806.29	6.39663	0.0495786
XR_007058362.1	388	182.168	0	0
XR_007058363.1	2496	2268.29	1.43558	0.0284819
XR_007058366.1	6393	6165.29	0	0
XR_007058367.1	30366	30138.3	32.6321	0.0487269
XR_007058369.1	15654	15426.3	76.6041	0.223477
XR_007058370.1	2038	1810.29	0	0
XR_007058371.1	1835	1607.29	0	0
XR_007058372.1	1713	1485.29	0	0
XR_007058373.1	1713	1485.29	0	0
XR_007058374.1	1613	1385.29	4	0.129945
XR_007058375.1	1916	1688.29	34.4559	0.918456
XR_007058376.1	1639	1411.29	1.03695	0.0330661
XR_007058377.1	4577	4349.29	2.9679	0.0307095
XR_007058378.1	4655	4427.29	0	0
XR_007058379.1	848	620.427	1	0.0725356
XR_007058380.1	502	281.791	0	0
XR_007058381.1	2170	1942.29	1	0.0231701
XR_007058382.1	493	273.443	0	0
XR_007058383.1	1387	1159.29	0	0
XR_007058384.1	1224	996.293	4.99536	0.225643
XR_007058391.1	500	280.02	9	1.44642
XR_007058392.1	23633	23405.3	31.5961	0.0607522
XR_007058393.1	299	117.078	0	0
XR_007058394.1	3583	3355.29	0	0
XR_007058395.1	2684	2456.29	2.00071	0.036656
XR_007058396.1	1191	963.293	0	0
XR_007058397.1	5835	5607.29	5.01223	0.0402272
XR_007058398.1	175	45.4777	0	0
XR_007058399.1	292	112.493	0	0
XR_007058400.1	8389	8161.29	6.001	0.0330908
XR_007058401.1	522	300.222	0	0
XR_007058402.1	335	141.797	0	0
XR_007058403.1	4889	4661.29	25.4248	0.245467
XR_007058404.1	1200	972.293	0	0
XR_007058405.1	1180	952.293	0	0
XR_007058406.1	1352	1124.29	0	0
XR_007058407.1	1110	882.293	0	0
XR_007058408.1	771	543.487	0	0
XR_007058409.1	1744	1516.29	0	0
XR_007058410.1	775	547.487	1.00019	0.0822151
XR_007058411.1	372	169.412	0	0
XR_007058412.1	2008	1780.29	0	0
XR_007058413.1	3228	3000.29	0	0
XR_007058414.1	399	191.106	0	0
XR_007058415.1	3166	2938.29	1	0.0153161
XR_007058416.1	261	92.9009	1	0.48442
XR_007058417.1	956	728.293	1	0.0617925
XR_007058418.1	505	284.56	0	0
XR_007058419.1	502	281.791	0	0
XR_007058420.1	383	178.191	0	0
XR_007058421.1	5592	5364.29	3.38635	0.0284094
XR_007058422.1	449	233.505	0	0
XR_007058423.1	546	322.964	0	0
XR_007058424.1	510	289.15	0	0
XR_007058425.1	271	99.0818	0	0
XR_007058426.1	562	337.904	0	0
XR_007058427.1	581	356.279	0	0
XR_007058428.1	357	158.178	0	0
XR_007058429.1	9316	9088.29	25.0164	0.123875
XR_007058430.1	691	464.041	0	0
XR_007058431.1	1120	892.293	0	0
XR_007058432.1	1662	1434.29	0	0
XR_007058433.1	817	589.487	0	0
XR_007058434.1	1995	1767.29	0	0
XR_007058435.1	1766	1538.29	0	0
XR_007058436.1	999	771.293	0	0
XR_007058437.1	3964	3736.29	1.015	0.0122255
XR_007058438.1	736	508.753	0	0
XR_007058439.1	1705	1477.29	40.1071	1.22179
XR_007058440.1	690	463.088	154	14.9658
XR_007058441.1	221	69.701	0	0
XR_007058442.1	2572	2344.29	3.00067	0.0576035
XR_007058443.1	326	135.496	1	0.332136
XR_007058444.1	1359	1131.29	0	0
XR_007058445.1	2253	2025.29	0	0
XR_007058446.1	808	580.487	0	0
XR_007058449.1	435	221.33	0	0
XR_007058451.1	1245	1017.29	0	0
XR_007058452.1	3827	3599.29	0	0
XR_007058453.1	2457	2229.29	1	0.0201872
XR_007058454.1	5097	4869.29	0	0
XR_007058455.1	541	318.158	0	0
XR_007058456.1	2870	2642.29	0	0
XR_007058457.1	4101	3873.29	0	0
XR_007058458.1	4005	3777.29	0	0
XR_007058459.1	3920	3692.29	0	0
XR_007058460.1	2799	2571.29	0	0
XR_007058461.1	3844	3616.29	3	0.0373336
XR_007058462.1	2286	2058.29	1	0.0218643
XR_007058463.1	1228	1000.29	0	0
XR_007058464.1	1189	961.293	0	0
XR_007058465.1	11619	11391.3	0	0
XR_007058466.1	16009	15781.3	9.00508	0.0256796
XR_007058467.1	1033	805.293	2.00088	0.111818
XR_007058468.1	716	488.852	0	0
XR_007058469.1	3467	3239.29	0	0
XR_007058470.1	465	247.59	0	0
XR_007058471.1	442	227.417	0	0
XR_007058472.1	10451	10223.3	0	0
XR_007058473.1	8935	8707.29	7.17151	0.0370655
XR_007058474.1	206	61.8005	0	0
XR_007058476.1	2062	1834.29	13.7968	0.338496
XR_007058477.1	1319	1091.29	0	0
XR_007058478.1	950	722.293	8.20317	0.511105
XR_007058479.1	365	164.195	0	0
XR_007058480.1	295	114.56	0	0
XR_007058481.1	3988	3760.29	5.02214	0.0601048
XR_007058482.1	211	64.3426	0	0
XR_007058483.1	936	708.293	0	0
XR_007058484.1	844	616.427	0	0
XR_007058485.1	454	237.87	0	0
XR_007058486.1	1271	1043.29	2	0.0862712
XR_007058487.1	7149	6921.29	0	0
XR_007058488.1	6658	6430.29	1.04963	0.00734594
XR_007058489.1	2124	1896.29	0	0
XR_007058490.1	7072	6844.29	0	0
XR_007058491.1	6191	5963.29	0	0
XR_007058492.1	6894	6666.29	0	0
XR_007058493.1	7409	7181.29	0	0
XR_007058494.1	716	488.852	2	0.184118
XR_007058495.1	4891	4663.29	18.4283	0.177842
XR_007058496.1	1001	773.293	1	0.0581967
XR_007058497.1	1971	1743.29	0	0
XR_007058498.1	273	100.242	0	0
XR_007058499.1	779	551.487	2	0.163206
XR_007058500.1	492	272.443	0	0
XR_007058501.1	3684	3456.29	0	0
XR_007058502.1	3371	3143.29	0	0
XR_007058503.1	3628	3400.29	0	0
XR_007058504.1	3491	3263.29	1.78253	0.0245824
XR_007058505.1	426	213.764	1	0.210527
XR_007058506.1	945	717.293	5	0.313701
XR_007058507.1	1487	1259.29	5	0.178684
XR_007058508.1	3974	3746.29	0	0
XR_007058510.1	2663	2435.29	0	0
XR_007058511.1	266	95.93	0	0
XR_007058512.1	4166	3938.29	0	0
XR_007058513.1	4081	3853.29	3.09771	0.0361785
XR_007058514.1	11544	11316.3	0.220223	0.00087579
XR_007058515.1	11534	11306.3	0.740038	0.00294562
XR_007058516.1	7768	7540.29	0	0
XR_007058517.1	105	16.2206	0	0
XR_007058518.1	112	18.5095	0	0
XR_007058519.1	103	15.7909	0	0
XR_007058520.1	102	15.661	0	0
XR_007058521.1	63	18.1395	0	0
XR_007058522.1	127	23.5955	0	0
XR_007058523.1	151	33.6891	0	0
XR_007058524.1	69	17.25	0	0
XR_007058525.1	141	29.0088	0	0
XR_007058526.1	71	17.0822	0	0
XR_007058527.1	80	15.4932	0	0
XR_007058528.1	125	22.885	0	0
XR_007058529.1	131	24.9698	1	1.8023
XR_007058530.1	80	15.4932	0	0
XR_007058531.1	130	24.5498	0	0
XR_007058532.1	123	22.1632	0	0
XR_007058533.1	71	17.0822	0	0
XR_007058534.1	127	23.5955	0	0
XR_007058535.1	104	15.9806	0	0
XR_007058536.1	104	15.9806	0	0
XR_007058537.1	104	15.9806	0	0
XR_007058538.1	104	15.9806	0	0
XR_007058539.1	104	15.9806	0	0
XR_007058540.1	103	15.7909	0	0
XR_007058541.1	105	16.2206	0	0
XR_007058542.1	101	15.5262	0	0
XR_007058543.1	103	15.7909	0	0
XR_007058544.1	105	16.2206	0	0
XR_007058545.1	104	15.9806	0	0
XR_007058546.1	105	16.2206	0	0
XR_007058547.1	104	15.9806	0	0
XR_007058548.1	105	16.2206	0	0
XR_007058549.1	107	17.0159	0	0
XR_007058550.1	104	15.9806	0	0
XR_007058551.1	104	15.9806	0	0
XR_007058552.1	104	15.9806	0	0
XR_007058553.1	107	17.0159	0	0
XR_007058554.1	127	23.5955	3	5.72183
XR_007058555.1	187	51.766	3.03325	2.63697
XR_007058556.1	219	68.5314	2	1.31336
XR_007058557.1	925	697.293	22.3767	1.44419
XR_007058558.1	3451	3223.29	0	0
XR_007058559.1	2677	2449.29	82.9489	1.5241
XR_007058560.1	3350	3122.29	0	0
XR_007058561.1	2405	2177.29	2840.05	58.7017
XR_007058562.1	3235	3007.29	0	0
XR_007058563.1	3078	2850.29	127.775	2.01744
XR_007058564.1	2963	2735.29	63.7868	1.04947
XR_007058565.1	1092	864.293	0	0
XR_007058566.1	7297	7069.29	0	0
XR_007058567.1	1469	1241.29	11.1347	0.40369
XR_007058568.1	1789	1561.29	0	0
XR_007058569.1	3334	3106.29	0	0
XR_007058570.1	3322	3094.29	0	0
XR_007058571.1	3184	2956.29	0	0
XR_007058572.1	2077	1849.29	16.9615	0.412763
XR_007058573.1	1212	984.293	232.098	10.6118
XR_007058574.1	1375	1147.29	0.0378539	0.00148483
XR_007058575.1	3552	3324.29	99.0841	1.34137
XR_007058576.1	2311	2083.29	0	0
XR_007058577.1	4342	4114.29	15.8355	0.173212
XR_007058578.1	2682	2454.29	33.9713	0.622914
XR_007058579.1	2474	2246.29	5.27589	0.105699
XR_007058580.1	2286	2058.29	0	0
XR_007058581.1	7324	7096.29	33.6797	0.213589
XR_007058582.1	1766	1538.29	26.2344	0.767493
XR_007058583.1	1725	1497.29	0	0
XR_007058584.1	6899	6671.29	0	0
XR_007058585.1	6793	6565.29	0	0
XR_007058586.1	3076	2848.29	4.01037	0.0633639
XR_007058587.1	2465	2237.29	0	0
XR_007058588.1	9197	8969.29	3.07779	0.0154427
XR_007058589.1	2373	2145.29	12.2119	0.256176
XR_007058590.1	2455	2227.29	0	0
XR_007058591.1	1797	1569.29	83.9371	2.40709
XR_007058592.1	2526	2298.29	2.15329	0.0421637
XR_007058593.1	2391	2163.29	0	0
XR_007058594.1	3523	3295.29	0	0
XR_007058595.1	3520	3292.29	0	0
XR_007058596.1	2534	2306.29	0	0
XR_007058597.1	2436	2208.29	1.64946	0.0336146
XR_007058598.1	7082	6854.29	0	0
XR_007058599.1	5974	5746.29	492.357	3.85598
XR_007058600.1	5925	5697.29	45.7965	0.361748
XR_007058601.1	5805	5577.29	0	0
XR_007058602.1	9626	9398.29	36.3474	0.174047
XR_007058603.1	9163	8935.29	0	0
XR_007058604.1	2647	2419.29	26.3632	0.490401
XR_007058605.1	1261	1033.29	0	0
XR_007058606.1	2725	2497.29	2.64581	0.0476795
XR_007058607.1	2911	2683.29	109.698	1.83981
XR_007058608.1	2379	2151.29	54.2599	1.13507
XR_007058609.1	2111	1883.29	1.74588	0.0417195
XR_007058610.1	1159	931.293	2.14101	0.103461
XR_007058611.1	1322	1094.29	6.71346	0.276093
XR_007058612.1	726	498.753	4.30353	0.388313
XR_007058613.1	1099	871.293	9.22879	0.476675
XR_007058614.1	6874	6646.29	291.682	1.97503
XR_007058615.1	8790	8562.29	8.83236	0.0464225
XR_007058616.1	7260	7032.29	4.74396	0.0303589
XR_007058617.1	6941	6713.29	0	0
XR_007058618.1	8688	8460.29	43.4915	0.231346
XR_007058619.1	6938	6710.29	29.1013	0.19517
XR_007058620.1	3396	3168.29	0	0
XR_007058621.1	4304	4076.29	0	0
XR_007058622.1	3385	3157.29	7.41149	0.105641
XR_007058623.1	1770	1542.29	0	0
XR_007058624.1	3400	3172.29	0	0
XR_007058625.1	3162	2934.29	0	0
XR_007058626.1	3142	2914.29	0	0
XR_007058627.1	4162	3934.29	0	0
XR_007058628.1	3009	2781.29	0	0
XR_007058629.1	2620	2392.29	6.10501	0.114846
XR_007058630.1	5329	5101.29	3.75016	0.0330835
XR_007058631.1	1343	1115.29	0	0
XR_007058632.1	3200	2972.29	9.40996	0.142475
XR_007058633.1	3205	2977.29	1.56121	0.0235984
XR_007058634.1	3812	3584.29	83.2382	1.04511
XR_007058635.1	10251	10023.3	5.60724	0.0251757
XR_007058636.1	2650	2422.29	0	0
XR_007058637.1	2707	2479.29	0	0
XR_007058638.1	1758	1530.29	0	0
XR_007058639.1	2159	1931.29	0	0
XR_007058640.1	2356	2128.29	1.49596	0.0316323
XR_007058641.1	1466	1238.29	0	0
XR_007058642.1	2626	2398.29	0	0
XR_007058643.1	2530	2302.29	0.0108815	0.000212702
XR_007058644.1	2542	2314.29	1.85746	0.0361196
XR_007058645.1	960	732.293	0	0
XR_007058646.1	1390	1162.29	22.6038	0.875202
XR_007058647.1	2512	2284.29	0	0
XR_007058648.1	2984	2756.29	0	0
XR_007058649.1	2980	2752.29	0	0
XR_007058650.1	2954	2726.29	72.6899	1.1999
XR_007058651.1	2823	2595.29	17.8218	0.309035
XR_007058652.1	2674	2446.29	0	0
XR_007058653.1	1707	1479.29	0	0
XR_007058654.1	4866	4638.29	68.8908	0.668413
XR_007058655.1	6778	6550.29	4.64806	0.031934
XR_007058656.1	6084	5856.29	0	0
XR_007058657.1	1679	1451.29	4.5452	0.140942
XR_007058658.1	5116	4888.29	48.4681	0.446212
XR_007058659.1	3237	3009.29	30.456	0.45546
XR_007058660.1	2976	2748.29	8.72579	0.142884
XR_007058661.1	4793	4565.29	0	0
XR_007058662.1	3519	3291.29	136.378	1.86475
XR_007058663.1	2922	2694.29	23.904	0.399271
XR_007058664.1	1532	1304.29	313.05	10.8014
XR_007058665.1	2761	2533.29	0.000500333	8.88825e-06
XR_007058666.1	4007	3779.29	0	0
XR_007058667.1	3954	3726.29	0.0888731	0.00107334
XR_007058668.1	1903	1675.29	852.335	22.8961
XR_007058669.1	462	244.971	0	0
XR_007058670.1	627	401.259	0	0
XR_007058671.1	442	227.417	3	0.593664
XR_007058672.1	1882	1654.29	0	0
XR_007058673.1	1506	1278.29	0	0
XR_007058674.1	1459	1231.29	0	0
XR_007058675.1	777	549.487	0	0
XR_007058676.1	472	254.125	0	0
XR_007058677.1	5367	5139.29	1.00034	0.00875963
XR_007058678.1	1684	1456.29	0	0
XR_007058679.1	22449	22221.3	9.01239	0.0182521
XR_007058680.1	1165	937.293	0	0
XR_007058681.1	4967	4739.29	14.004	0.132978
XR_007058682.1	2949	2721.29	1	0.0165374
XR_007058683.1	6057	5829.29	5	0.0386008
XR_007058684.1	2032	1804.29	0	0
XR_007058685.1	2111	1883.29	4.31311	0.103066
XR_007058686.1	4236	4008.29	8.91374	0.100079
XR_007058687.1	2679	2451.29	0.399775	0.00733944
XR_007058688.1	287	109.221	0	0
XR_007058689.1	1815	1587.29	0	0
XR_007058694.1	223	70.6179	0	0
XR_007058695.1	5140	4912.29	1	0.00916132
XR_007058696.1	865	637.427	0	0
XR_007058697.1	1145	917.293	2	0.0981215
XR_007058698.1	7336	7108.29	4	0.0253243
XR_007058699.1	16639	16411.3	21.2883	0.058377
XR_007058700.1	1092	864.293	0	0
XR_007058701.1	1857	1629.29	0	0
XR_007058702.1	9086	8858.29	0	0
XR_007058703.1	5652	5424.29	0	0
XR_007058704.1	5539	5311.29	0	0
XR_007058705.1	4904	4676.29	0	0
XR_007058706.1	35308	35080.3	22.5534	0.0289328
XR_007058707.1	1409	1181.29	4.35202	0.165796
XR_007058708.1	336	142.48	0	0
XR_007058709.1	10552	10324.3	23.019	0.100338
XR_007058710.1	1010	782.293	1	0.0575271
XR_007058711.1	203	60.1063	0	0
XR_007058712.1	195	55.7944	0	0
XR_007058713.1	285	107.918	3.73679	1.55829
XR_007058714.1	3648	3420.29	4	0.0526306
XR_007058715.1	11614	11386.3	0	0
XR_007058716.1	11838	11610.3	24.3195	0.0942658
XR_007058717.1	6131	5903.29	11.5021	0.0876853
XR_007058718.1	6717	6489.29	0	0
XR_007058719.1	1220	992.293	1.16401	0.052791
XR_007058720.1	663	436.717	1.47092	0.151576
XR_007058721.1	387	181.366	4.36507	1.08312
XR_007058723.1	1111	883.293	10.0014	0.509565
XR_007058724.1	6483	6255.29	37.967	0.27315
XR_007058725.1	441	226.512	0.910109	0.180819
XR_007058726.1	2281	2053.29	3	0.0657525
XR_007058727.1	634	408.137	0	0
XR_007058729.1	1530	1302.29	3.38781	0.117072
XR_007058730.1	10053	9825.29	12.3937	0.056767
XR_007058731.1	3655	3427.29	57.5606	0.755817
XR_007058732.1	9392	9164.29	9.02234	0.044306
XR_007058733.1	5664	5436.29	4.33642	0.035898
XR_007058734.1	5590	5362.29	4.54572	0.0381499
XR_007058735.1	619	393.338	0	0
XR_007058736.1	2892	2664.29	7	0.118238
XR_007058737.1	446	230.915	2	0.38978
XR_007058738.1	692	465.041	2	0.193544
XR_007058739.1	608	382.573	0	0
XR_007058740.1	3572	3344.29	0	0
XR_007058741.1	2139	1911.29	0.00649359	0.000152897
XR_007058742.1	2132	1904.29	0.993506	0.023479
XR_007058743.1	700	472.947	0	0
XR_007058744.1	348	151.011	0	0
XR_007058745.1	292	112.493	0	0
XR_007058746.1	2651	2423.29	2.80799	0.0521473
XR_007058747.1	1788	1560.29	92.4469	2.66642
XR_007058748.1	340	145.187	0	0
XR_007058749.1	448	232.626	0	0
XR_007058750.1	303	119.67	0	0
XR_007058751.1	921	693.293	0	0
XR_007058752.1	13831	13603.3	312.821	1.03489
XR_007058753.1	5226	4998.29	34.6451	0.311934
XR_007058754.1	4265	4037.29	0	0
XR_007058755.1	4502	4274.29	16.9892	0.178876
XR_007058762.1	4689	4461.29	25.1258	0.253455
XR_007058763.1	1172	944.293	1.02388	0.0487961
XR_007058764.1	7463	7235.29	28.5689	0.177697
XR_007058765.1	2236	2008.29	0.183301	0.00410752
XR_007058767.1	3065	2837.29	18	0.285503
XR_007058768.1	1585	1357.29	8	0.265252
XR_007058769.1	3508	3280.29	5.37552e-07	7.3748e-09
XR_007058770.1	538	315.318	0	0
XR_007058772.1	207	62.4014	1	0.721187
XR_007058773.1	3676	3448.29	0	0
XR_007058774.1	566	341.699	0	0
XR_007058775.1	10579	10351.3	43.2411	0.187994
XR_007058776.1	488	268.748	0	0
XR_007058777.1	435	221.33	1	0.203331
XR_007058778.1	3513	3285.29	22.9819	0.314815
XR_007058779.1	536	313.414	1	0.14359
XR_007058780.1	368	166.382	1	0.27048
XR_007058781.1	371	168.6	1.30933e-08	3.4949e-09
XR_007058782.1	3635	3407.29	0	0
XR_007058783.1	2536	2308.29	0	0
XR_007058784.1	3534	3306.29	0	0
XR_007058785.1	388	182.168	0	0
XR_007058786.1	5039	4811.29	7.07279	0.0661563
XR_007058787.1	1835	1607.29	0	0
XR_007058788.1	1716	1488.29	0	0
XR_007058789.1	12357	12129.3	49.022	0.181885
XR_007058790.1	1020	792.293	0	0
XR_007058791.1	4195	3967.29	0	0
XR_007058792.1	4321	4093.29	0	0
XR_007058793.1	3965	3737.29	1	0.0120416
XR_007058794.1	4999	4771.29	30.3502	0.286265
XR_007058795.1	2051	1823.29	0	0
XR_007058796.1	1710	1482.29	0	0
XR_007058797.1	1389	1161.29	0	0
XR_007058798.1	2271	2043.29	0	0
XR_007058799.1	5040	4812.29	11.3001	0.105675
XR_007058800.1	1668	1440.29	0	0
XR_007058801.1	4640	4412.29	4.34566	0.0443235
XR_007058802.1	3264	3036.29	0	0
XR_007058803.1	3219	2991.29	0	0
XR_007058804.1	4856	4628.29	0	0
XR_007058805.1	4526	4298.29	0	0
XR_007058806.1	6642	6414.29	0	0
XR_007058807.1	691	464.041	0	0
XR_007058808.1	310	124.224	0	0
XR_007058809.1	616	390.417	0	0
XR_007058810.1	1975	1747.29	1.09587	0.0282252
XR_007058811.1	233	76.5946	0	0
XR_007058812.1	12491	12263.3	0	0
XR_007058813.1	12554	12326.3	12.0081	0.0438413
XR_007058814.1	7842	7614.29	30.5503	0.180563
XR_007058818.1	3039	2811.29	9.80169	0.156905
XR_007058819.1	729	501.753	0	0
XR_007058820.1	478	259.941	0	0
XR_007058821.1	166	40.7947	0	0
XR_007058822.1	904	676.361	0	0
XR_007058823.1	481	262.672	0	0
XR_007058824.1	1154	926.293	0	0
XR_007058825.1	361	161.348	0	0
XR_007058826.1	227	73.0147	0	0
XR_007058827.1	213	65.3686	0	0
XR_007058828.1	1019	791.293	0	0
XR_007058829.1	477	258.967	0	0
XR_007058830.1	606	380.649	0	0
XR_007058831.1	6493	6265.29	6.19532	0.0445005
XR_007058832.1	3476	3248.29	0	0
XR_007058833.1	2012	1784.29	0	0
XR_007058834.1	459	242.274	0	0
XR_007058835.1	2621	2393.29	3.01694	0.05673
XR_007058836.1	537	314.382	0	0
XR_007058837.1	571	346.526	0	0
XR_007058838.1	1026	798.293	0	0
XR_007058839.1	809	581.487	0	0
XR_007058840.1	746	518.701	3.02107	0.262112
XR_007058841.1	604	378.687	2	0.237679
XR_007058842.1	4080	3852.29	2.00848	0.0234634
XR_007058843.1	1872	1644.29	0	0
XR_007058844.1	1721	1493.29	1.20082	0.036189
XR_007058845.1	294	113.843	0	0
XR_007058846.1	544	321.029	0	0
XR_007058847.1	2212	1984.29	3	0.068039
XR_007058861.1	8125	7897.29	37.2774	0.212427
XR_007058862.1	2408	2180.29	0	0
XR_007058863.1	4294	4066.29	1.00008	0.0110682
XR_007058864.1	12448	12220.3	0	0
XR_007058865.1	7182	6954.29	1.00004	0.00647156
XR_007058866.1	8463	8235.29	0	0
XR_007058867.1	9788	9560.29	0	0
XR_007058868.1	1481	1253.29	4	0.143631
XR_007058869.1	369	167.159	0	0
XR_007058870.1	1004	776.293	0	0
XR_007058871.1	307	122.069	0	0
XR_007058872.1	343	147.405	0	0
XR_007058873.1	536	313.414	0	0
XR_007058874.1	1752	1524.29	0	0
XR_007058875.1	1907	1679.29	9.40719	0.252102
XR_007058876.1	360	160.548	0	0
XR_007058877.1	2711	2483.29	28.4977	0.516446
XR_007058878.1	541	318.158	1	0.141449
XR_007058879.1	4089	3861.29	6.70971	0.0782011
XR_007058880.1	2233	2005.29	0	0
XR_007058881.1	831	603.427	1	0.0745791
XR_007058884.1	1365	1137.29	0	0
XR_007058885.1	1058	830.293	0	0
XR_007058886.1	971	743.293	0	0
XR_007058887.1	786	558.487	0	0
XR_007058888.1	987	759.293	0	0
XR_007058889.1	1016	788.293	0	0
XR_007058890.1	4227	3999.29	0	0
XR_007058891.1	6129	5901.29	6.76131	0.0515615
XR_007058892.1	1984	1756.29	0	0
XR_007058893.1	1173	945.293	0	0
XR_007058894.1	818	590.487	0	0
XR_007058895.1	7455	7227.29	1.38341	0.00861423
XR_007058896.1	335	141.797	0	0
XR_007058897.1	14919	14691.3	13.1645	0.0403262
XR_007058898.1	2834	2606.29	4	0.0690683
XR_007058899.1	5153	4925.29	2	0.0182743
XR_007058900.1	194	55.1975	0	0
XR_007058901.1	3085	2857.29	2.62865	0.0414019
XR_007058902.1	347	150.34	0	0
XR_007058903.1	227	73.0147	0	0
XR_007058904.1	3603	3375.29	3.00205	0.0400266
XR_007058905.1	1310	1082.29	0	0
XR_007058906.1	2308	2080.29	0	0
XR_007058907.1	1224	996.293	0	0
XR_007058908.1	716	488.852	13.0084	1.19754
XR_007058909.1	263	94.0409	0	0
XR_007058910.1	379	175.043	0	0
XR_007058911.1	1599	1371.29	0	0
XR_007058912.1	7089	6861.29	0	0
XR_007058913.1	184	49.9056	0	0
XR_007058914.1	1794	1566.29	7.92425	0.227681
XR_007058915.1	4324	4096.29	8.12004	0.0892091
XR_007058916.1	1530	1302.29	6.00922	0.20766
XR_007058917.1	2846	2618.29	18.9082	0.324993
XR_007058918.1	817	589.487	2	0.152686
XR_007058919.1	4888	4660.29	5.00083	0.0482915
XR_007058920.1	6068	5840.29	35.0191	0.269844
XR_007058921.1	1346	1118.29	1.08274	0.0435723
XR_007058922.1	532	309.634	0	0
XR_007058923.1	3131	2903.29	2.00524	0.0310826
XR_007058924.1	10423	10195.3	9.10387	0.0401854
XR_007058925.1	240	80.5243	8	4.47101
XR_007058926.1	2705	2477.29	3.15143	0.0572496
XR_007058927.1	3206	2978.29	2	0.0302207
XR_007058928.1	1065	837.293	0	0
XR_007058929.1	16368	16140.3	0.00017824	4.96978e-07
XR_007058930.1	16230	16002.3	23.1065	0.0649821
XR_007058931.1	1409	1181.29	0	0
XR_007058932.1	997	769.293	1	0.0584993
XR_007058933.1	216	66.8958	0	0
XR_007058934.1	136	27.1284	1	1.65889
XR_007058937.1	5793	5565.29	0	0
XR_007058938.1	2077	1849.29	0	0
XR_007058939.1	306	121.497	0	0
XR_007058940.1	337	143.078	0	0
XR_007058941.1	2121	1893.29	0	0
XR_007058942.1	1747	1519.29	3	0.0888632
XR_007058943.1	457	240.449	5	0.935815
XR_007058944.1	2083	1855.29	0	0
XR_007058945.1	641	415.014	0	0
XR_007058946.1	654	427.803	0	0
XR_007058947.1	959	731.293	0	0
XR_007058948.1	698	470.947	0	0
XR_007058949.1	1068	840.293	0	0
XR_007058950.1	8495	8267.29	49.434	0.269094
XR_007058951.1	1222	994.293	0	0
XR_007058952.1	1292	1064.29	6	0.253707
XR_007058953.1	270	98.4585	0	0
XR_007058954.1	23946	23718.3	13.605	0.025814
XR_007058955.1	222	70.1969	0	0
XR_007058956.1	1053	825.293	0	0
XR_007058957.1	411	201.028	2	0.447729
XR_007058958.1	407	197.751	0	0
XR_007058959.1	313	126.323	0	0
XR_007058960.1	713	485.852	4.04301	0.374493
XR_007058961.1	3647	3419.29	7.42482	0.0977219
XR_007058962.1	212	64.9181	1	0.693228
XR_007058963.1	169	42.2156	0	0
XR_007058964.1	519	297.525	0	0
XR_007058965.1	505	284.56	0	0
XR_007058966.1	511	290.032	0	0
XR_007058967.1	3240	3012.29	4.33307	0.0647352
XR_007058968.1	2820	2592.29	52.7853	0.916371
XR_007058970.1	690	463.088	0	0
XR_007058971.1	2297	2069.29	7	0.152236
XR_007058972.1	16435	16207.3	0	0
XR_007058973.1	16278	16050.3	0	0
XR_007058974.1	304	120.29	0	0
XR_007058975.1	13351	13123.3	4.05343	0.0139002
XR_007058976.1	289	110.463	0	0
XR_007058977.1	376	172.561	3	0.782388
XR_007058978.1	4537	4309.29	34.6541	0.361902
XR_007058979.1	959	731.293	0	0
XR_007058980.1	2724	2496.29	2.01914	0.036401
XR_007058981.1	3823	3595.29	1	0.0125172
XR_007058982.1	2217	1989.29	10	0.226227
XR_007058983.1	197	56.9235	0	0
XR_007058987.1	569	344.595	0	0
XR_007058988.1	840	612.427	3	0.220449
XR_007058989.1	908	680.293	9	0.595372
XR_007058990.1	1825	1597.29	13.0352	0.367261
XR_007058991.1	2344	2116.29	0	0
XR_007058992.1	2341	2113.29	2.19929	0.0468343
XR_007058993.1	2909	2681.29	0	0
XR_007058994.1	1887	1659.29	2.44568	0.0663313
XR_007058995.1	2102	1874.29	1.64387	0.0394705
XR_007058996.1	2709	2481.29	0	0
XR_007058998.1	446	230.915	0	0
XR_007058999.1	1389	1161.29	1	0.0387526
XR_007059000.1	1565	1337.29	3.46402	0.116573
XR_007059001.1	1073	845.293	0	0
XR_007059002.1	469	251.307	0	0
XR_007059003.1	4284	4056.29	12	0.133136
XR_007059004.1	1752	1524.29	0	0
XR_007059005.1	4069	3841.29	9.24258	0.108282
XR_007059006.1	1616	1388.29	0	0
XR_007059007.1	775	547.487	0	0
XR_007059008.1	886	658.427	16	1.09359
XR_007059009.1	6442	6214.29	2.00001	0.0144838
XR_007059010.1	186	51.1319	0	0
XR_007059011.1	610	384.573	4	0.468084
XR_007059012.1	1070	842.293	0	0
XR_007059013.1	3031	2803.29	0	0
XR_007059014.1	11867	11639.3	1.0017	0.00387307
XR_007059015.1	704	476.947	0	0
XR_007059016.1	300	117.761	0	0
XR_007059017.1	720	492.802	0	0
XR_007059018.1	723	495.802	1.56187	0.141768
XR_007059019.1	548	324.67	4.43813	0.615177
XR_007059020.1	706	478.9	0	0
XR_007059021.1	1618	1390.29	0	0
XR_007059022.1	445	230.083	0	0
XR_007059023.1	368	166.382	2	0.54096
XR_007059024.1	292	112.493	0	0
XR_007059025.1	8313	8085.29	15.7876	0.0878746
XR_007059026.1	536	313.414	0	0
XR_007059027.1	545	321.964	0	0
XR_007059028.1	370	167.861	0	0
XR_007059036.1	6503	6275.29	5.00229	0.0358737
XR_007059037.1	470	252.282	1	0.178384
XR_007059038.1	1022	794.293	0	0
XR_007059039.1	198	57.5294	0	0
XR_007059040.1	879	651.427	2	0.138168
XR_007059041.1	765	537.541	0	0
XR_007059042.1	200	58.6283	1	0.7676
XR_007059043.1	441	226.512	0	0
XR_007059044.1	1630	1402.29	0	0
XR_007059045.1	1113	885.293	0	0
XR_007059046.1	306	121.497	0	0
XR_007059047.1	485	265.994	0	0
XR_007059048.1	1166	938.293	1.38657	0.0665034
XR_007059049.1	5615	5387.29	0	0
XR_007059050.1	5397	5169.29	0	0
XR_007059051.1	3475	3247.29	0	0
XR_007059052.1	5426	5198.29	0	0
XR_007059053.1	3672	3444.29	9.7835	0.127831
XR_007059054.1	896	668.361	4	0.269334
XR_007059055.1	1346	1118.29	1	0.0402426
XR_007059056.1	1466	1238.29	51	1.85348
XR_007059057.1	5153	4925.29	0	0
XR_007059058.1	534	311.445	0	0
XR_007059059.1	2334	2106.29	0	0
XR_007059060.1	1892	1664.29	0	0
XR_007059061.1	1568	1340.29	0	0
XR_007059062.1	1766	1538.29	0	0
XR_007059063.1	4752	4524.29	0	0
XR_007059064.1	3253	3025.29	1.00002	0.0148759
XR_007059065.1	846	618.427	0	0
XR_007059066.1	2230	2002.29	1	0.0224758
XR_007059067.1	1096	868.293	0	0
XR_007059068.1	2449	2221.29	3.10825	0.0629728
XR_007059069.1	3047	2819.29	0	0
XR_007059070.1	2594	2366.29	14.7875	0.281235
XR_007059071.1	435	221.33	0	0
XR_007059072.1	2609	2381.29	1	0.0188986
XR_007059073.1	2952	2724.29	14.7418	0.243522
XR_007059074.1	915	687.293	0	0
XR_007059075.1	180	47.9827	0	0
XR_007059076.1	1357	1129.29	0	0
XR_007059077.1	524	302.192	0	0
XR_007059078.1	417	206.073	0	0
XR_007059079.1	3162	2934.29	6	0.0920217
XR_007059080.1	26670	26442.3	12.8728	0.0219086
XR_007059081.1	5822	5594.29	350.402	2.8188
XR_007059082.1	808	580.487	1	0.0775265
XR_007059083.1	765	537.541	0	0
XR_007059084.1	2305	2077.29	0	0
XR_007059085.1	352	154.086	13	3.79684
XR_007059086.1	608	382.573	0	0
XR_007059087.1	1866	1638.29	0	0
XR_007059088.1	416	205.291	0	0
XR_007059089.1	601	375.763	0	0
XR_007059090.1	1733	1505.29	0	0
XR_007059091.1	1605	1377.29	2	0.06535
XR_007059092.1	1727	1499.29	1.92417	0.0577564
XR_007059094.1	1377	1149.29	0	0
XR_007059095.1	380	175.793	0	0
XR_007059096.1	439	224.747	0	0
XR_007059097.1	538	315.318	0	0
XR_007059098.1	336	142.48	0	0
XR_007059099.1	614	388.495	0	0
XR_007059100.1	805	577.487	1	0.0779292
XR_007059101.1	816	588.487	0	0
XR_007059102.1	5701	5473.29	0	0
XR_007059103.1	5191	4963.29	15.1017	0.13693
XR_007059104.1	2860	2632.29	0	0
XR_007059105.1	420	208.678	0	0
XR_007059106.1	746	518.701	0	0
XR_007059107.1	3298	3070.29	2.49108	0.0365132
XR_007059108.1	6283	6055.29	0	0
XR_007059109.1	945	717.293	0	0
XR_007059110.1	1194	966.293	0	0
XR_007059111.1	1050	822.293	0	0
XR_007059112.1	745	517.701	0	0
XR_007059113.1	686	459.134	0	0
XR_007059114.1	833	605.427	0	0
XR_007059115.1	689	462.088	0	0
XR_007059116.1	428	215.312	0	0
XR_007059117.1	885	657.427	0	0
XR_007059118.1	2970	2742.29	25.8674	0.424504
XR_007059119.1	8528	8300.29	4.61726	0.0250341
XR_007059120.1	5505	5277.29	0	0
XR_007059121.1	8812	8584.29	0	0
XR_007059122.1	1105	877.293	0	0
XR_007059123.1	1949	1721.29	5.58452	0.146007
XR_007059124.1	10041	9813.29	27.4868	0.126052
XR_007059125.1	568	343.63	0	0
XR_007059126.1	3066	2838.29	1	0.0158557
XR_007059127.1	2281	2053.29	2	0.043835
XR_007059128.1	544	321.029	0	0
XR_007059129.1	833	605.427	2	0.148665
XR_007059130.1	443	228.322	0	0
XR_007059131.1	1669	1441.29	0	0
XR_007059133.1	361	161.348	0	0
XR_007059134.1	1978	1750.29	2	0.0514235
XR_007059135.1	1466	1238.29	0	0
XR_007059138.1	1983	1755.29	4	0.102554
XR_007059139.1	1122	894.293	0	0
XR_007059140.1	1754	1526.29	0	0
XR_007059141.1	4733	4505.29	2.00807	0.0200585
XR_007059142.1	60	18.9714	1	2.37215
XR_007059143.1	60	18.9714	6	14.2329
XR_007059144.1	60	18.9714	0	0
XR_007059145.1	132	25.5516	0	0
XR_007059146.1	135	26.7198	0	0
XR_007059147.1	134	26.2749	0	0
XR_007059148.1	74	16.0532	0	0
XR_007059149.1	136	27.1284	0	0
XR_007059150.1	145	30.7766	0	0
XR_007059151.1	134	26.2749	0	0
XR_007059152.1	129	24.2036	0	0
XR_007059153.1	134	26.2749	0	0
XR_007059154.1	137	27.4645	0	0
XR_007059155.1	132	25.5516	0	0
XR_007059156.1	134	26.2749	0	0
XR_007059157.1	126	23.1788	0	0
XR_007059158.1	128	23.852	0	0
XR_007059159.1	137	27.4645	0	0
XR_007059160.1	104	15.9806	0	0
XR_007059161.1	104	15.9806	0	0
XR_007059162.1	104	15.9806	0	0
XR_007059163.1	104	15.9806	0	0
XR_007059164.1	104	15.9806	0	0
XR_007059165.1	103	15.7909	0	0
XR_007059166.1	104	15.9806	0	0
XR_007059167.1	104	15.9806	16	45.0578
XR_007059168.1	103	15.7909	0	0
XR_007059169.1	104	15.9806	0	0
XR_007059170.1	103	15.7909	0	0
XR_007059171.1	104	15.9806	24	67.5867
XR_007059172.1	103	15.7909	0	0
XR_007059173.1	104	15.9806	0	0
XR_007059174.1	101	15.5262	0	0
XR_007059175.1	100	15.2776	3	8.83708
XR_007059176.1	99	15.1945	0	0
XR_007059177.1	99	15.1945	1	2.9618
XR_007059178.1	191	53.6233	0	0
XR_007059179.1	214	65.919	0	0
XR_007059180.1	212	64.9181	0	0
XR_007059181.1	143	29.7861	1	1.51088
XR_007059182.1	6347	6119.29	0.00540374	3.97407e-05
XR_007059183.1	7776	7548.29	8.46487	0.0504677
XR_007059184.1	6129	5901.29	55.7961	0.4255
XR_007059185.1	7738	7510.29	0	0
XR_007059192.1	2413	2185.29	0	0
XR_007059193.1	2251	2023.29	0	0
XR_007059194.1	1484	1256.29	0	0
XR_007059195.1	1507	1279.29	0	0
XR_007059196.1	1699	1471.29	0.0989324	0.00302609
XR_007059197.1	1839	1611.29	6.69921	0.187107
XR_007059198.1	1256	1028.29	4.43974	0.194304
XR_007059199.1	1795	1567.29	0	0
XR_007059200.1	5702	5474.29	0	0
XR_007059201.1	8049	7821.29	488.488	2.81072
XR_007059202.1	8467	8239.29	1.45401e-06	7.9418e-09
XR_007059203.1	8335	8107.29	777.977	4.3185
XR_007059204.1	2424	2196.29	93.0734	1.90712
XR_007059208.1	972	744.293	5.35185	0.323595
XR_007059209.1	8195	7967.29	55.3686	0.312749
XR_007059210.1	1591	1363.29	1.57256	0.051911
XR_007059211.1	1503	1275.29	10.4123	0.367435
XR_007059212.1	1258	1030.29	0	0
XR_007059213.1	3463	3235.29	0	0
XR_007059214.1	3382	3154.29	0	0
XR_007059215.1	3262	3034.29	0	0
XR_007059216.1	5368	5140.29	8.06045	0.0705689
XR_007059217.1	2166	1938.29	2.46005	0.0571171
XR_007059218.1	5538	5310.29	0	0
XR_007059219.1	5477	5249.29	0	0
XR_007059220.1	2323	2095.29	0	0
XR_007059221.1	1923	1695.29	2.16544	0.0574835
XR_007059222.1	730	502.753	22.3838	2.00365
XR_007059223.1	9181	8953.29	0	0
XR_007059224.1	9293	9065.29	22.6706	0.112544
XR_007059225.1	9491	9263.29	50.588	0.245767
XR_007059226.1	5990	5762.29	256.437	2.00275
XR_007059227.1	4221	3993.29	16.9266	0.190757
XR_007059228.1	2511	2283.29	9.71005	0.191382
XR_007059229.1	2988	2760.29	0	0
XR_007059230.1	4633	4405.29	20.1042	0.205378
XR_007059231.1	6837	6609.29	13.054	0.0888856
XR_007059232.1	5551	5323.29	6.69117	0.0565671
XR_007059233.1	2603	2375.29	13.6326	0.258287
XR_007059234.1	3319	3091.29	103.205	1.50247
XR_007059235.1	1790	1562.29	0	0
XR_007059236.1	1011	783.293	65.8127	3.78118
XR_007059237.1	1035	807.293	0	0
XR_007059238.1	2543	2315.29	12.1272	0.235719
XR_007059239.1	4575	4347.29	0	0
XR_007059240.1	3901	3673.29	0	0
XR_007059241.1	782	554.487	38.3239	3.11044
XR_007059242.1	3940	3712.29	0	0
XR_007059243.1	3851	3623.29	0	0
XR_007059244.1	3794	3566.29	6.21391	0.0784134
XR_007059245.1	3848	3620.29	0	0
XR_007059246.1	3334	3106.29	0	0
XR_007059247.1	2395	2167.29	0	0
XR_007059248.1	2398	2170.29	0	0
XR_007059249.1	5476	5248.29	0	0
XR_007059250.1	3937	3709.29	0	0
XR_007059251.1	5622	5394.29	0	0
XR_007059252.1	5679	5451.29	0	0
XR_007059253.1	5906	5678.29	0	0
XR_007059254.1	7615	7387.29	14.2517	0.0868207
XR_007059255.1	5250	5022.29	0	0
XR_007059256.1	3772	3544.29	0	0
XR_007059257.1	2264	2036.29	1.77925	0.0393223
XR_007059258.1	7719	7491.29	0	0
XR_007059259.1	6987	6759.29	0	0
XR_007059260.1	6929	6701.29	0	0
XR_007059261.1	3090	2862.29	0	0
XR_007059262.1	3050	2822.29	0	0
XR_007059263.1	2954	2726.29	10	0.165071
XR_007059264.1	2028	1800.29	0	0
XR_007059265.1	1597	1369.29	0	0
XR_007059266.1	8665	8437.29	17.8824	0.0953817
XR_007059268.1	1475	1247.29	0	0
XR_007059269.1	1555	1327.29	1.7498	0.0593284
XR_007059270.1	6469	6241.29	3.87215	0.0279203
XR_007059271.1	3248	3020.29	0	0
XR_007059272.1	11817	11589.3	0	0
XR_007059273.1	11826	11598.3	22.4426	0.0870806
XR_007059274.1	1618	1390.29	0	0
XR_007059275.1	4501	4273.29	0	0
XR_007059276.1	3656	3428.29	37.9383	0.498015
XR_007059277.1	3765	3537.29	2.29524e-06	2.92011e-08
XR_007059278.1	2966	2738.29	7.51327	0.123479
XR_007059279.1	1520	1292.29	0	0
XR_007059282.1	1964	1736.29	100.299	2.59966
XR_007059283.1	978	750.293	9.38662	0.563015
XR_007059284.1	898	670.361	6.7649	0.454145
XR_007059285.1	1477	1249.29	0	0
XR_007059286.1	1596	1368.29	4.83767	0.159111
XR_007059287.1	1596	1368.29	34.3603	1.13011
XR_007059288.1	1112	884.293	3.03704	0.15456
XR_007059289.1	29084	28856.3	0	0
XR_007059290.1	29337	29109.3	0	0
XR_007059291.1	28799	28571.3	0	0
XR_007059292.1	3983	3755.29	4.55071	0.0545353
XR_007059293.1	27142	26914.3	0	0
XR_007059294.1	4034	3806.29	4.22892e-08	4.99999e-10
XR_007059295.1	2785	2557.29	0	0
XR_007059296.1	6868	6640.29	0	0
XR_007059297.1	45614	45386.3	0	0
XR_007059298.1	7061	6833.29	0	0
XR_007059299.1	5518	5290.29	0	0
XR_007059300.1	20926	20698.3	0.137721	0.000299439
XR_007059301.1	29346	29118.3	0	0
XR_007059302.1	3323	3095.29	0	0
XR_007059303.1	5197	4969.29	0	0
XR_007059304.1	7347	7119.29	0	0
XR_007059305.1	4348	4120.29	0	0
XR_007059306.1	26517	26289.3	2.42758	0.00415563
XR_007059307.1	29001	28773.3	0	0
XR_007059308.1	3894	3666.29	0	0
XR_007059309.1	26243	26015.3	30.8995	0.0534522
XR_007059310.1	7121	6893.29	0	0
XR_007059311.1	3765	3537.29	2.65803	0.0338167
XR_007059312.1	5256	5028.29	0	0
XR_007059313.1	11452	11224.3	16.9176	0.0678299
XR_007059314.1	61271	61043.3	20.5154	0.0151246
XR_007059315.1	20875	20647.3	5.45007	0.011879
XR_007059316.1	8621	8393.29	1.34802	0.00722778
XR_007059317.1	17295	17067.3	0	0
XR_007059318.1	8481	8253.29	0	0
XR_007059319.1	8201	7973.29	0	0
XR_007059320.1	4628	4400.29	0	0
XR_007059321.1	4519	4291.29	0	0
XR_007059322.1	5690	5462.29	38.2484	0.315123
XR_007059323.1	21077	20849.3	0	0
XR_007059324.1	29286	29058.3	0	0
XR_007059325.1	26719	26491.3	0	0
XR_007059326.1	28950	28722.3	0	0
XR_007059327.1	7307	7079.29	0	0
XR_007059328.1	1872	1644.29	4.46547	0.122217
XR_007059329.1	1418	1190.29	110.529	4.17892
XR_007059330.1	1746	1518.29	0	0
XR_007059331.1	2234	2006.29	0	0
XR_007059332.1	1573	1345.29	0	0
XR_007059333.1	1564	1336.29	0	0
XR_007059334.1	4385	4157.29	0	0
XR_007059335.1	934	706.293	5.61412	0.357716
XR_007059336.1	1485	1257.29	0	0
XR_007059337.1	2764	2536.29	0	0
XR_007059338.1	2522	2294.29	2.73076	0.0535644
XR_007059339.1	2604	2376.29	0	0
XR_007059340.1	3198	2970.29	0	0
XR_007059341.1	5398	5170.29	2.96557	0.0258128
XR_007059342.1	2572	2344.29	57.1778	1.09763
XR_007059343.1	2338	2110.29	0.000207157	4.41772e-06
XR_007059344.1	6932	6704.29	129.471	0.869084
XR_007059345.1	1632	1404.29	17.0837	0.547477
XR_007059346.1	1198	970.293	50.2525	2.33076
XR_007059347.1	1077	849.293	0	0
XR_007059349.1	1554	1326.29	6.90234	0.234207
XR_007059350.1	1272	1044.29	5.35957	0.230967
XR_007059351.1	6095	5867.29	164.508	1.2618
XR_007059352.1	839	611.427	0	0
XR_007059353.1	5579	5351.29	248.16	2.08697
XR_007059354.1	5139	4911.29	654.309	5.99556
XR_007059355.1	5062	4834.29	112.549	1.04774
XR_007059356.1	5067	4839.29	0	0
XR_007059357.1	4632	4404.29	15.1452	0.154753
XR_007059358.1	6241	6013.29	0.00322361	2.41253e-05
XR_007059359.1	4811	4583.29	24.693	0.24246
XR_007059360.1	4120	3892.29	518.223	5.99175
XR_007059361.1	4555	4327.29	1.91713	0.0199379
XR_007059362.1	5801	5573.29	124.503	1.00533
XR_007059363.1	4627	4399.29	2.84057	0.029058
XR_007059364.1	5251	5023.29	0.0347691	0.000311493
XR_007059365.1	4550	4322.29	1154.38	12.0193
XR_007059366.1	4043	3815.29	0.000406992	4.80066e-06
XR_007059367.1	5724	5496.29	123.286	1.00945
XR_007059368.1	4304	4076.29	0.110834	0.00122363
XR_007059369.1	5913	5685.29	4.42541e-06	3.50302e-08
XR_007059370.1	4734	4506.29	3.43972	0.0343515
XR_007059371.1	5473	5245.29	49.197	0.422096
XR_007059372.1	4171	3943.29	0	0
XR_007059373.1	4227	3999.29	0.0105403	0.000118607
XR_007059374.1	4099	3871.29	0	0
XR_007059375.1	4611	4383.29	0	0
XR_007059376.1	5396	5168.29	47.9934	0.417904
XR_007059377.1	4094	3866.29	0	0
XR_007059378.1	3659	3431.29	1.43243e-08	1.8787e-10
XR_007059379.1	5340	5112.29	0.00123573	1.0878e-05
XR_007059380.1	5263	5035.29	58.2312	0.520443
XR_007059381.1	5780	5552.29	0	0
XR_007059382.1	2941	2713.29	452.038	7.49757
XR_007059383.1	4927	4699.29	87.0129	0.833284
XR_007059384.1	2669	2441.29	107.469	1.9811
XR_007059385.1	965	737.293	3.00228	0.183254
XR_007059386.1	2514	2286.29	7.20274	0.141778
XR_007059387.1	2059	1831.29	0	0
XR_007059388.1	1795	1567.29	6.30618	0.181075
XR_007059389.1	1836	1608.29	9.62754	0.269397
XR_007059390.1	532	309.634	0	0
XR_007059391.1	671	444.496	0	0
XR_007059392.1	434	220.399	0	0
XR_007059393.1	470	252.282	0	0
XR_007059394.1	161	38.3931	0	0
XR_007059398.1	616	390.417	0	0
XR_007059399.1	589	364.098	0	0
XR_007059400.1	683	456.134	0	0
XR_007059401.1	580	355.279	0	0
XR_007059402.1	349	151.837	3.30012	0.978123
XR_007059403.1	3149	2921.29	2.30023	0.0354355
XR_007059404.1	8861	8633.29	3	0.0156382
XR_007059405.1	1812	1584.29	0	0
XR_007059406.1	453	236.993	0	0
XR_007059407.1	10820	10592.3	0	0
XR_007059408.1	8556	8328.29	14.0203	0.0757606
XR_007059409.1	1796	1568.29	2.00467	0.0575253
XR_007059412.1	1881	1653.29	0	0
XR_007059413.1	18414	18186.3	64.0972	0.158612
XR_007059414.1	16250	16022.3	0	0
XR_007059415.1	11447	11219.3	0	0
XR_007059416.1	3802	3574.29	12	0.151089
XR_007059417.1	2908	2680.29	20.203	0.339216
XR_007059418.1	471	253.178	0	0
XR_007059419.1	931	703.293	0	0
XR_007059421.1	630	404.218	0	0
XR_007059422.1	409	199.348	0	0
XR_007059423.1	3962	3734.29	6	0.0723078
XR_007059424.1	2483	2255.29	0	0
XR_007059425.1	3236	3008.29	0	0
XR_007059426.1	1006	778.293	0	0
XR_007059427.1	3512	3284.29	20.0248	0.27439
XR_007059428.1	469	251.307	0	0
XR_007059436.1	334	141.098	0	0
XR_007059437.1	374	171.054	0	0
XR_007059438.1	1037	809.293	4	0.222432
XR_007059439.1	7081	6853.29	1.16299	0.00763695
XR_007059440.1	8443	8215.29	0	0
XR_007059441.1	7937	7709.29	0	0
XR_007059442.1	1305	1077.29	0	0
XR_007059445.1	19099	18871.3	20.5166	0.0489267
XR_007059446.1	18728	18500.3	0	0
XR_007059447.1	17445	17217.3	0	0
XR_007059448.1	14942	14714.3	0	0
XR_007059449.1	401	192.714	0	0
XR_007059451.1	887	659.427	0	0
XR_007059452.1	1440	1212.29	33	1.22504
XR_007059454.1	183	49.4606	0	0
XR_007059455.1	2419	2191.29	1.22537	0.0251657
XR_007059456.1	3559	3331.29	0	0
XR_007059457.1	417	206.073	1	0.218384
XR_007059458.1	450	234.286	0	0
XR_007059459.1	4192	3964.29	3.00527	0.0341162
XR_007059460.1	2776	2548.29	10.5516	0.186342
XR_007059461.1	5342	5114.29	5.7306	0.0504262
XR_007059462.1	262	93.4781	4	1.92572
XR_007059463.1	647	420.888	1.00874	0.107859
XR_007059464.1	2139	1911.29	0	0
XR_007059465.1	4528	4300.29	0	0
XR_007059467.1	14925	14697.3	10.7348	0.0328698
XR_007059468.1	3586	3358.29	6.76712	0.0906833
XR_007059469.1	5142	4914.29	0	0
XR_007059470.1	1939	1711.29	0	0
XR_007059471.1	1886	1658.29	1	0.0271382
XR_007059472.1	11579	11351.3	0.00419155	1.66177e-05
XR_007059473.1	13154	12926.3	6.88654	0.0239756
XR_007059474.1	1060	832.293	0	0
XR_007059475.1	12888	12660.3	21.5	0.0764254
XR_007059476.1	1036	808.293	0.627335	0.0349279
XR_007059477.1	10934	10706.3	0	0
XR_007059478.1	11957	11729.3	7.4761	0.0286844
XR_007059479.1	2543	2315.29	2.04732	0.0397945
XR_007059480.1	6743	6515.29	5	0.0345365
XR_007059481.1	586	361.171	0	0
XR_007059482.1	1034	806.293	0	0
XR_007059483.1	1022	794.293	0	0
XR_007059484.1	883	655.427	0	0
XR_007059485.1	870	642.427	0	0
XR_007059486.1	4037	3809.29	27.6935	0.327172
XR_007059487.1	1629	1401.29	0	0
XR_007059488.1	1088	860.293	0	0
XR_007059489.1	2426	2198.29	2.55049	0.0522131
XR_007059490.1	1067	839.293	0	0
XR_007059491.1	342	146.678	0	0
XR_007059492.1	829	601.427	0	0
XR_007059493.1	294	113.843	0	0
XR_007059494.1	4038	3810.29	4	0.0472437
XR_007059495.1	6630	6402.29	0	0
XR_007059496.1	6180	5952.29	5.01227	0.0378959
XR_007059497.1	4713	4485.29	0	0
XR_007059501.1	2386	2158.29	0	0
XR_007059506.1	261	92.9009	0	0
XR_007059507.1	4304	4076.29	11.9497	0.131927
XR_007059508.1	5467	5239.29	12.0117	0.103175
XR_007059509.1	13449	13221.3	65.053	0.22143
XR_007059510.1	297	115.768	0	0
XR_007059511.1	951	723.293	0	0
XR_007059512.1	2157	1929.29	0	0
XR_007059513.1	1587	1359.29	0	0
XR_007059514.1	1610	1382.29	0	0
XR_007059515.1	810	582.487	1	0.0772603
XR_007059516.1	564	339.768	1	0.132452
XR_007059517.1	2274	2046.29	0	0
XR_007059518.1	928	700.293	0	0
XR_007059520.1	3268	3040.29	11.5894	0.171549
XR_007059521.1	719	491.852	0	0
XR_007059522.1	682	455.179	0	0
XR_007059523.1	14304	14076.3	0	0
XR_007059524.1	8843	8615.29	2.87086	0.0149963
XR_007059525.1	13359	13131.3	0	0
XR_007059526.1	11520	11292.3	0	0
XR_007059527.1	12906	12678.3	0	0
XR_007059528.1	14027	13799.3	0	0
XR_007059529.1	14180	13952.3	0	0
XR_007059530.1	10275	10047.3	24.7442	0.110832
XR_007059531.1	1254	1026.29	0	0
XR_007059532.1	7867	7639.29	0	0
XR_007059533.1	5924	5696.29	0	0
XR_007059534.1	448	232.626	0	0
XR_007059535.1	1383	1155.29	0	0
XR_007059536.1	868	640.427	0	0
XR_007059537.1	410	200.199	0	0
XR_007059538.1	840	612.427	0	0
XR_007059539.1	1354	1126.29	2.32256	0.0928021
XR_007059540.1	687	460.134	0	0
XR_007059541.1	1171	943.293	35.4557	1.69154
XR_007059542.1	245	83.2645	0	0
XR_007059543.1	827	599.427	0.2	0.0150154
XR_007059544.1	5172	4944.29	5.02934	0.0457771
XR_007059547.1	784	556.487	3	0.24261
XR_007059548.1	484	265.13	14	2.37635
XR_007059549.1	555	331.174	0	0
XR_007059550.1	880	652.427	1.41803	0.0978128
XR_007059551.1	1306	1078.29	122	5.09173
XR_007059554.1	970	742.293	0	0
XR_007059555.1	856	628.427	0	0
XR_007059556.1	461	244.098	0	0
XR_007059557.1	257	90.3934	0	0
XR_007059558.1	5889	5661.29	226.822	1.80306
XR_007059559.1	11778	11550.3	57.7356	0.224954
XR_007059560.1	6695	6467.29	0	0
XR_007059561.1	343	147.405	0	0
XR_007059562.1	732	504.753	0	0
XR_007059563.1	7415	7187.29	49.5197	0.310067
XR_007059564.1	566	341.699	1	0.131704
XR_007059565.1	273	100.242	0	0
XR_007059566.1	492	272.443	0	0
XR_007059567.1	1744	1516.29	0	0
XR_007059568.1	2952	2724.29	0	0
XR_007059569.1	2987	2759.29	6.00702	0.0979723
XR_007059570.1	23519	23291.3	81.0946	0.15669
XR_007059571.1	13077	12849.3	14.012	0.0490754
XR_007059573.1	769	541.541	2	0.166204
XR_007059574.1	2221	1993.29	0	0
XR_007059575.1	2117	1889.29	0	0
XR_007059576.1	1157	929.293	0	0
XR_007059577.1	2400	2172.29	18.5197	0.38367
XR_007059578.1	1544	1316.29	1	0.0341893
XR_007059579.1	463	245.87	0.437201	0.0800235
XR_007059580.1	785	557.487	3.57803	0.288836
XR_007059581.1	2178	1950.29	34.9256	0.805909
XR_007059582.1	1055	827.293	0	0
XR_007059583.1	4307	4079.29	0	0
XR_007059584.1	1919	1691.29	0	0
XR_007059585.1	2428	2200.29	5.03089	0.102898
XR_007059586.1	601	375.763	0	0
XR_007059587.1	1689	1461.29	3.00107	0.0924233
XR_007059588.1	533	310.571	0	0
XR_007059589.1	399	191.106	0	0
XR_007059590.1	472	254.125	0	0
XR_007059591.1	646	419.888	7.43695	0.797082
XR_007059592.1	312	125.588	0	0
XR_007059593.1	1461	1233.29	0	0
XR_007059594.1	697	469.994	5.19139	0.497088
XR_007059595.1	1700	1472.29	15.6512	0.478404
XR_007059596.1	3875	3647.29	0	0
XR_007059597.1	3774	3546.29	0	0
XR_007059598.1	3667	3439.29	2.08658	0.0273029
XR_007059602.1	953	725.293	49	3.04036
XR_007059603.1	266	95.93	0	0
XR_007059604.1	252	87.2826	0	0
XR_007059605.1	289	110.463	0	0
XR_007059606.1	292	112.493	0	0
XR_007059607.1	332	139.579	0	0
XR_007059608.1	646	419.888	0	0
XR_007059609.1	1988	1760.29	3	0.076697
XR_007059610.1	6070	5842.29	21.6409	0.1667
XR_007059611.1	1322	1094.29	19.4903	0.801542
XR_007059612.1	1435	1207.29	1	0.037276
XR_007059615.1	2501	2273.29	0	0
XR_007059616.1	4854	4626.29	0	0
XR_007059617.1	1206	978.293	0.579146	0.0266417
XR_007059618.1	4635	4407.29	6.4265	0.0656213
XR_007059619.1	2310	2082.29	0	0
XR_007059620.1	361	161.348	0	0
XR_007059621.1	628	402.259	4.22972	0.473204
XR_007059622.1	257	90.3934	0	0
XR_007059623.1	3473	3245.29	1.02183	0.0141699
XR_007059625.1	973	745.293	0	0
XR_007059626.1	1126	898.293	0	0
XR_007059627.1	1856	1628.29	0.0518546	0.00143317
XR_007059628.1	240	80.5243	0	0
XR_007059629.1	1880	1652.29	1.01842	0.0277385
XR_007059630.1	6238	6010.29	7.00908	0.0524817
XR_007059631.1	695	468.041	3.64928	0.350886
XR_007059632.1	1646	1418.29	2.35153	0.074615
XR_007059633.1	7775	7547.29	0	0
XR_007059634.1	1316	1088.29	0	0
XR_007059635.1	1028	800.293	8.46377	0.475945
XR_007059636.1	3764	3536.29	0	0
XR_007059637.1	5978	5750.29	0	0
XR_007059638.1	9639	9411.29	0	0
XR_007059639.1	8886	8658.29	5.8014	0.0301538
XR_007059640.1	12815	12587.3	0	0
XR_007059641.1	1037	809.293	0	0
XR_007059642.1	5743	5515.29	5	0.0407985
XR_007059648.1	735	507.753	0	0
XR_007059649.1	12889	12661.3	12.0011	0.0426565
XR_007059650.1	5184	4956.29	7.42805	0.0674466
XR_007059651.1	11891	11663.3	15	0.0578778
XR_007059652.1	7227	6999.29	27	0.173601
XR_007059653.1	957	729.293	0	0
XR_007059654.1	2467	2239.29	1	0.020097
XR_007059655.1	4331	4103.29	1	0.0109676
XR_007059656.1	1470	1242.29	0	0
XR_007059657.1	18218	17990.3	1.02281e-06	2.55858e-09
XR_007059658.1	24052	23824.3	5.70254	0.0107719
XR_007059659.1	22770	22542.3	0	0
XR_007059660.1	22867	22639.3	0	0
XR_007059661.1	17769	17541.3	0	0
XR_007059662.1	25044	24816.3	0	0
XR_007059663.1	18016	17788.3	5.40914	0.0136847
XR_007059664.1	5505	5277.29	9	0.0767492
XR_007059665.1	319	130.608	0	0
XR_007059666.1	1983	1755.29	2	0.051277
XR_007059667.1	3667	3439.29	0	0
XR_007059668.1	1222	994.293	0	0
XR_007059669.1	2440	2212.29	0	0
XR_007059670.1	5168	4940.29	0	0
XR_007059671.1	1155	927.293	0	0
XR_007059672.1	3546	3318.29	0	0
XR_007059673.1	733	505.753	0	0
XR_007059674.1	611	385.534	1	0.116729
XR_007059675.1	10497	10269.3	8.43976	0.0369855
XR_007059676.1	3420	3192.29	3	0.0422922
XR_007059677.1	2162	1934.29	0	0
XR_007059678.1	6506	6278.29	2.0215	0.0144902
XR_007059679.1	920	692.293	0	0
XR_007059680.1	1474	1246.29	23.4719	0.84756
XR_007059681.1	869	641.427	0	0
XR_007059682.1	20338	20110.3	45.8552	0.102615
XR_007059683.1	22785	22557.3	1.71632e-06	3.42416e-09
XR_007059684.1	22533	22305.3	8.39024	0.0169281
XR_007059685.1	22528	22300.3	11.4093	0.0230245
XR_007059686.1	15521	15293.3	3.6691	0.0107969
XR_007059687.1	9496	9268.29	0	0
XR_007059688.1	10074	9846.29	5.39888	0.0246759
XR_007059689.1	6572	6344.29	0	0
XR_007059690.1	2524	2296.29	1	0.0195981
XR_007059691.1	2850	2622.29	26.4807	0.454455
XR_007059692.1	721	493.802	6.24076	0.568757
XR_007059693.1	2018	1790.29	2	0.0502745
XR_007059694.1	4840	4612.29	13.6663	0.133345
XR_007059695.1	1593	1365.29	0	0
XR_007059696.1	1244	1016.29	0	0
XR_007059697.1	4440	4212.29	6.49517	0.0693928
XR_007059698.1	7744	7516.29	1.06754	0.0063918
XR_007059699.1	11397	11169.3	16.0843	0.0648066
XR_007059700.1	2246	2018.29	1.00033	0.022305
XR_007059701.1	713	485.852	0	0
XR_007059702.1	6424	6196.29	3	0.0217887
XR_007059703.1	1414	1186.29	6	0.227615
XR_007059704.1	684	457.134	0	0
XR_007059705.1	1800	1572.29	11.0827	0.317215
XR_007059706.1	9524	9296.29	34.9497	0.16919
XR_007059707.1	486	266.912	0	0
XR_007059708.1	912	684.293	0	0
XR_007059709.1	1815	1587.29	0	0
XR_007059710.1	558	334.107	0	0
XR_007059711.1	3205	2977.29	0	0
XR_007059712.1	3157	2929.29	43.011	0.660783
XR_007059713.1	3552	3324.29	9.01046	0.12198
XR_007059714.1	1906	1678.29	0	0
XR_007059715.1	472	254.125	0	0
XR_007059716.1	5322	5094.29	12	0.106008
XR_007059717.1	1065	837.293	0	0
XR_007059718.1	476	257.994	0	0
XR_007059719.1	3115	2887.29	2.64593	0.0412411
XR_007059720.1	1386	1158.29	2	0.0777059
XR_007059721.1	1991	1763.29	3	0.0765665
XR_007059722.1	3655	3427.29	3	0.0393924
XR_007059723.1	2897	2669.29	1	0.0168596
XR_007059724.1	2955	2727.29	0	0
XR_007059725.1	2880	2652.29	3.11494	0.0528531
XR_007059726.1	7426	7198.29	0	0
XR_007059727.1	7518	7290.29	0	0
XR_007059728.1	7325	7097.29	1.01944	0.00646416
XR_007059729.1	213	65.3686	0	0
XR_007059730.1	15719	15491.3	2	0.00581011
XR_007059731.1	5918	5690.29	1.99973	0.0158153
XR_007059732.1	2439	2211.29	48.8916	0.995016
XR_007059733.1	1531	1303.29	0	0
XR_007059734.1	264	94.6304	0	0
XR_007059735.1	672	445.496	3	0.303054
XR_007059736.1	5556	5328.29	10.0365	0.0847689
XR_007059741.1	554	330.174	1	0.136301
XR_007059742.1	4156	3928.29	2.26807	0.0259833
XR_007059743.1	5470	5242.29	0	0
XR_007059744.1	5402	5174.29	0	0
XR_007059745.1	5310	5082.29	0	0
XR_007059746.1	5482	5254.29	0	0
XR_007059747.1	5155	4927.29	2.22002e-08	2.02764e-10
XR_007059748.1	5087	4859.29	4.17594	0.0386744
XR_007059749.1	3597	3369.29	3.00097	0.0400835
XR_007059750.1	555	331.174	6	0.815337
XR_007059751.1	221	69.701	0	0
XR_007059752.1	58373	58145.3	41.7564	0.0323185
XR_007059753.1	5671	5443.29	0	0
XR_007059754.1	12366	12138.3	0	0
XR_007059755.1	6837	6609.29	0	0
XR_007059756.1	8571	8343.29	0	0
XR_007059757.1	9355	9127.29	0.00091669	4.51984e-06
XR_007059758.1	6600	6372.29	0	0
XR_007059759.1	15610	15382.3	5.14792	0.015061
XR_007059760.1	17040	16812.3	13.7998	0.0369392
XR_007059761.1	9301	9073.29	3.12872	0.0155183
XR_007059762.1	11274	11046.3	0	0
XR_007059763.1	9451	9223.29	0	0
XR_007059764.1	9259	9031.29	0	0
XR_007059765.1	12069	11841.3	0	0
XR_007059766.1	1844	1616.29	0	0
XR_007059767.1	6770	6542.29	19.0506	0.131045
XR_007059768.1	683	456.134	1	0.098662
XR_007059769.1	2898	2670.29	0	0
XR_007059770.1	2914	2686.29	0	0
XR_007059771.1	2895	2667.29	0	0
XR_007059772.1	1384	1156.29	3	0.11676
XR_007059773.1	22099	21871.3	8.14262	0.0167545
XR_007059774.1	3967	3739.29	5.00666	0.0602561
XR_007059775.1	1726	1498.29	2	0.0600725
XR_007059776.1	690	463.088	0	0
XR_007059783.1	731	503.753	0	0
XR_007059784.1	1186	958.293	0	0
XR_007059785.1	481	262.672	0	0
XR_007059786.1	1806	1578.29	6.06598	0.172964
XR_007059787.1	1221	993.293	0	0
XR_007059788.1	690	463.088	0	0
XR_007059789.1	1902	1674.29	22.7295	0.610942
XR_007059790.1	233	76.5946	0	0
XR_007059791.1	1783	1555.29	0	0
XR_007059792.1	18944	18716.3	15.006	0.0360818
XR_007059793.1	167	41.2794	0	0
XR_007059794.1	880	652.427	1	0.0689779
XR_007059795.1	11169	10941.3	29.2137	0.12016
XR_007059796.1	11083	10855.3	0	0
XR_007059797.1	8497	8269.29	0	0
XR_007059798.1	1403	1175.29	29.1689	1.1169
XR_007059799.1	775	547.487	4	0.328798
XR_007059800.1	1880	1652.29	8	0.217894
XR_007059801.1	1384	1156.29	2.00955	0.0782121
XR_007059802.1	9180	8952.29	14.9085	0.0749448
XR_007059803.1	1174	946.293	4	0.190229
XR_007059804.1	22186	21958.3	22.9664	0.0470691
XR_007059805.1	560	336.006	1	0.133935
XR_007059806.1	1809	1581.29	2	0.0569193
XR_007059807.1	472	254.125	0	0
XR_007059808.1	359	159.675	0	0
XR_007059809.1	739	511.753	0	0
XR_007059810.1	900	672.361	0	0
XR_007059811.1	3544	3316.29	5.76554	0.07824
XR_007059812.1	4982	4754.29	12.1307	0.114826
XR_007059813.1	628	402.259	0	0
XR_007059814.1	322	132.775	2	0.677886
XR_007059815.1	2293	2065.29	7.94862	0.173202
XR_007059816.1	5293	5065.29	5	0.044423
XR_007059817.1	729	501.753	0	0
XR_007059818.1	12466	12238.3	0	0
XR_007059819.1	538	315.318	0	0
XR_007059821.1	289	110.463	0	0
XR_007059822.1	1412	1184.29	6	0.228
XR_007059823.1	4144	3916.29	0	0
XR_007059824.1	1944	1716.29	1.07965	0.0283096
XR_007059825.1	730	502.753	0	0
XR_007059826.1	7452	7224.29	18.5517	0.115566
XR_007059827.1	250	85.998	0	0
XR_007059828.1	3543	3315.29	1.11111	0.0150827
XR_007059829.1	702	474.947	0	0
XR_007059830.1	412	201.964	2	0.445655
XR_007059831.1	3934	3706.29	2.00073	0.0242935
XR_007059832.1	3589	3361.29	4.45736e-06	5.96779e-08
XR_007059833.1	1985	1757.29	0	0
XR_007059834.1	5111	4883.29	4.14275	0.0381784
XR_007059835.1	3555	3327.29	5.04066	0.0681771
XR_007059836.1	363	162.855	1.92903	0.533063
XR_007059837.1	2516	2288.29	0	0
XR_007059838.1	680	453.225	0	0
XR_007059840.1	5364	5136.29	2.6591	0.0232984
XR_007059841.1	538	315.318	0	0
XR_007059842.1	4238	4010.29	3	0.0336657
XR_007059843.1	8155	7927.29	0	0
XR_007059844.1	1731	1503.29	2	0.0598727
XR_007059860.1	9094	8866.29	40.4074	0.205098
XR_007059861.1	7000	6772.29	8.18579	0.054396
XR_007059862.1	1290	1062.29	0	0
XR_007059863.1	228	73.5821	0	0
XR_007059864.1	2979	2751.29	0	0
XR_007059865.1	1628	1400.29	0	0
XR_007059866.1	877	649.427	3	0.20789
XR_007059867.1	4448	4220.29	16.7882	0.179021
XR_007059868.1	2477	2249.29	0	0
XR_007059869.1	2243	2015.29	0	0
XR_007059870.1	1958	1730.29	0	0
XR_007059871.1	2085	1857.29	0	0
XR_007059872.1	2564	2336.29	0	0
XR_007059873.1	1959	1731.29	0	0
XR_007059874.1	1181	953.293	0	0
XR_007059875.1	2261	2033.29	0	0
XR_007059876.1	1359	1131.29	0	0
XR_007059877.1	655	428.76	0	0
XR_007059880.1	618	392.338	0	0
XR_007059881.1	3781	3553.29	0	0
XR_007059882.1	615	389.417	0	0
XR_007059883.1	4065	3837.29	1.0152	0.0119061
XR_007059884.1	9700	9472.29	2	0.00950205
XR_007059885.1	1180	952.293	0	0
XR_007059886.1	2205	1977.29	5	0.1138
XR_007059887.1	5348	5120.29	0	0
XR_007059888.1	3946	3718.29	27	0.326785
XR_007059889.1	474	256.047	25	4.39403
XR_007059892.1	621	395.338	1	0.113834
XR_007059893.1	2711	2483.29	1	0.0181223
XR_007059894.1	1812	1584.29	2.81143	0.079861
XR_007059895.1	1218	990.293	0	0
XR_007059896.1	5207	4979.29	9.1694	0.0828734
XR_007059897.1	1456	1228.29	0.00182746	6.69559e-05
XR_007059898.1	5108	4880.29	13.4815	0.124318
XR_007059899.1	2733	2505.29	0	0
XR_007059900.1	5504	5276.29	0	0
XR_007059902.1	392	185.43	0	0
XR_007059903.1	178	46.9587	0	0
XR_007059904.1	814	586.487	0	0
XR_007059906.1	669	442.629	0	0
XR_007059907.1	7123	6895.29	0	0
XR_007059908.1	6680	6452.29	0	0
XR_007059909.1	5178	4950.29	3.00088	0.027281
XR_007059910.1	617	391.417	0	0
XR_007059911.1	1394	1166.29	0	0
XR_007059913.1	1850	1622.29	9	0.249664
XR_007059914.1	2049	1821.29	0	0
XR_007059915.1	584	359.207	0	0
XR_007059916.1	478	259.941	0	0
XR_007059917.1	318	129.815	1	0.346672
XR_007059918.1	815	587.487	0	0
XR_007059919.1	588	363.135	0	0
XR_007059920.1	271	99.0818	0	0
XR_007059921.1	831	603.427	0	0
XR_007059922.1	637	411.055	0	0
XR_007059923.1	525	303.13	0	0
XR_007059924.1	1233	1005.29	6.08322	0.272322
XR_007059925.1	511	290.032	0	0
XR_007059926.1	880	652.427	0	0
XR_007059927.1	337	143.078	3	0.943606
XR_007059928.1	359	159.675	1	0.281843
XR_007059929.1	1130	902.293	48.9047	2.43919
XR_007059930.1	772	544.487	4	0.330609
XR_007059931.1	2675	2447.29	0	0
XR_007059932.1	1244	1016.29	0	0
XR_007059933.1	3047	2819.29	5	0.0798127
XR_007059934.1	2566	2338.29	0	0
XR_007059935.1	2367	2139.29	0	0
XR_007059936.1	211	64.3426	0	0
XR_007059937.1	210	63.8665	0	0
XR_007059938.1	213	65.3686	0	0
XR_007059939.1	213	65.3686	0	0
XR_007059940.1	208	62.9017	0	0
XR_007059941.1	107	17.0159	1.61298	4.26595
XR_007059942.1	107	17.0159	0	0
XR_007059943.1	62	19.3947	0	0
XR_007059944.1	62	19.3947	0	0
XR_007059945.1	133	26.0376	0	0
XR_007059946.1	102	15.661	0	0
XR_007059947.1	142	29.5449	0	0
XR_007059948.1	140	28.6505	0	0
XR_007059949.1	95	14.7859	0	0
XR_007059950.1	135	26.7198	6	10.1056
XR_007059951.1	127	23.5955	0	0
XR_007059952.1	134	26.2749	0	0
XR_007059953.1	134	26.2749	0	0
XR_007059954.1	138	27.821	0	0
XR_007059955.1	128	23.852	0	0
XR_007059956.1	73	16.0795	0	0
XR_007059957.1	76	14.8793	0	0
XR_007059958.1	103	15.7909	0	0
XR_007059959.1	104	15.9806	0	0
XR_007059960.1	104	15.9806	0	0
XR_007059961.1	104	15.9806	0	0
XR_007059962.1	104	15.9806	0	0
XR_007059963.1	103	15.7909	0	0
XR_007059964.1	104	15.9806	1	2.81611
XR_007059965.1	107	17.0159	0	0
XR_007059966.1	105	16.2206	0	0
XR_007059967.1	102	15.661	0	0
XR_007059968.1	103	15.7909	0	0
XR_007059969.1	101	15.5262	0	0
XR_007059970.1	101	15.5262	0	0
XR_007059971.1	104	15.9806	1	2.81611
XR_007059972.1	102	15.661	0	0
XR_007059973.1	103	15.7909	0	0
XR_007059974.1	107	17.0159	0	0
XR_007059975.1	102	15.661	0	0
XR_007059976.1	104	15.9806	0	0
XR_007059977.1	2782	2554.29	28.4565	0.501363
XR_007059978.1	1951	1723.29	38.7417	1.01172
XR_007059979.1	2645	2417.29	28.3765	0.528289
XR_007059980.1	2488	2260.29	50.7767	1.01098
XR_007059981.1	4699	4471.29	0	0
XR_007059982.1	1857	1629.29	46.8975	1.29537
XR_007059983.1	1674	1446.29	0	0
XR_007059984.1	2722	2494.29	37.7053	0.680294
XR_007059985.1	2424	2196.29	0	0
XR_007059986.1	1135	907.293	0	0
XR_007059987.1	912	684.293	0	0
XR_007059988.1	2772	2544.29	0.347805	0.00615193
XR_007059989.1	2714	2486.29	0.00509538	9.22288e-05
XR_007059990.1	2587	2359.29	0.0165394	0.000315486
XR_007059991.1	1589	1361.29	0	0
XR_007059992.1	4955	4727.29	0	0
XR_007059993.1	1152	924.293	0	0
XR_007059994.1	1168	940.293	0	0
XR_007059995.1	2685	2457.29	0	0
XR_007059996.1	2829	2601.29	6.13515	0.10614
XR_007059997.1	2751	2523.29	0	0
XR_007059998.1	3467	3239.29	119.524	1.66054
XR_007059999.1	1711	1483.29	18.6552	0.565999
XR_007060000.1	2711	2483.29	1.138e-05	2.06233e-07
XR_007060001.1	2676	2448.29	58.2663	1.07102
XR_007060002.1	2647	2419.29	66.5259	1.2375
XR_007060003.1	2445	2217.29	0	0
XR_007060004.1	2554	2326.29	5.5958e-05	1.08253e-06
XR_007060005.1	2546	2318.29	0	0
XR_007060006.1	2698	2470.29	0	0
XR_007060007.1	2453	2225.29	0	0
XR_007060008.1	2595	2367.29	497.968	9.46655
XR_007060009.1	4617	4389.29	21.181	0.217167
XR_007060010.1	2239	2011.29	0	0
XR_007060011.1	1890	1662.29	4.63847	0.125577
XR_007060012.1	2147	1919.29	13.879	0.325431
XR_007060013.1	1541	1313.29	7.85474e-08	2.69161e-09
XR_007060014.1	1770	1542.29	5.16498e-06	1.50711e-07
XR_007060015.1	1568	1340.29	294.055	9.87351
XR_007060016.1	1797	1569.29	0.0842528	0.00241614
XR_007060017.1	1505	1277.29	1.27822e-07	4.50356e-09
XR_007060018.1	1944	1716.29	0	0
XR_007060019.1	919	691.293	0	0
XR_007060020.1	871	643.427	0	0
XR_007060021.1	2449	2221.29	0	0
XR_007060022.1	1571	1343.29	0	0
XR_007060023.1	1517	1289.29	0	0
XR_007060024.1	1214	986.293	0	0
XR_007060025.1	1738	1510.29	11.1857	0.333306
XR_007060026.1	1151	923.293	0	0
XR_007060027.1	1151	923.293	0	0
XR_007060028.1	1556	1328.29	0	0
XR_007060029.1	1553	1325.29	0	0
XR_007060030.1	1766	1538.29	9.98631	0.292151
XR_007060031.1	1934	1706.29	4.84926	0.127898
XR_007060032.1	1946	1718.29	4.72232	0.12368
XR_007060033.1	1615	1387.29	0	0
XR_007060034.1	1539	1311.29	0	0
XR_007060035.1	1394	1166.29	0	0
XR_007060036.1	2157	1929.29	402.273	9.38351
XR_007060037.1	4185	3957.29	45.854	0.521461
XR_007060038.1	3999	3771.29	0.000121458	1.44937e-06
XR_007060039.1	1971	1743.29	0	0
XR_007060040.1	2105	1877.29	0	0
XR_007060041.1	3040	2812.29	23.8383	0.381467
XR_007060042.1	2676	2448.29	12.8036	0.235348
XR_007060043.1	3058	2830.29	25.4607	0.404838
XR_007060044.1	2557	2329.29	0	0
XR_007060045.1	8596	8368.29	0	0
XR_007060046.1	8633	8405.29	0	0
XR_007060047.1	8612	8384.29	0	0
XR_007060048.1	8609	8381.29	0	0
XR_007060049.1	8597	8369.29	0	0
XR_007060050.1	8576	8348.29	0	0
XR_007060051.1	8528	8300.29	3.68133e-07	1.99597e-09
XR_007060052.1	8423	8195.29	14.0016	0.0768877
XR_007060053.1	8366	8138.29	0	0
XR_007060054.1	6722	6494.29	0	0
XR_007060055.1	7951	7723.29	0	0
XR_007060056.1	1785	1557.29	5.2654	0.152161
XR_007060057.1	5756	5528.29	0	0
XR_007060058.1	13171	12943.3	0	0
XR_007060059.1	8992	8764.29	8.51479	0.0437219
XR_007060060.1	13059	12831.3	0	0
XR_007060061.1	12713	12485.3	10.8089	0.0389606
XR_007060062.1	5298	5070.29	0	0
XR_007060063.1	2621	2393.29	34.8761	0.655804
XR_007060064.1	2459	2231.29	0	0
XR_007060065.1	4496	4268.29	0	0
XR_007060066.1	4856	4628.29	0	0
XR_007060067.1	4519	4291.29	9.04128	0.0948165
XR_007060068.1	4516	4288.29	23.5845	0.247505
XR_007060069.1	4628	4400.29	0	0
XR_007060070.1	4843	4615.29	0	0
XR_007060071.1	4291	4063.29	186.986	2.07097
XR_007060072.1	4303	4075.29	26.8493	0.296495
XR_007060073.1	4520	4292.29	0	0
XR_007060074.1	4429	4201.29	0	0
XR_007060075.1	5780	5552.29	298.39	2.41854
XR_007060076.1	10846	10618.3	14.0531	0.0595608
XR_007060077.1	10404	10176.3	14.6774	0.0649087
XR_007060078.1	3847	3619.29	26.718	0.332218
XR_007060079.1	9220	8992.29	9.36845	0.0468856
XR_007060080.1	4143	3915.29	0	0
XR_007060081.1	9350	9122.29	5.49577	0.0271123
XR_007060082.1	2663	2435.29	7.69197	0.142144
XR_007060083.1	2793	2565.29	1.10015	0.0193
XR_007060084.1	2022	1794.29	3.29979	0.0827628
XR_007060085.1	2517	2289.29	0	0
XR_007060086.1	7483	7255.29	470.348	2.91747
XR_007060087.1	10947	10719.3	12.3649	0.051912
XR_007060088.1	11066	10838.3	11.0329	0.045811
XR_007060089.1	12120	11892.3	49.7386	0.188222
XR_007060090.1	11068	10840.3	8.24925	0.0342465
XR_007060091.1	10917	10689.3	0.0877848	0.000369584
XR_007060092.1	11187	10959.3	7.26652	0.0298391
XR_007060093.1	9321	9093.29	7.9853	0.0395196
XR_007060094.1	10876	10648.3	0.056621	0.000239298
XR_007060095.1	10967	10739.3	7.49815	0.0314211
XR_007060096.1	10624	10396.3	11.2847	0.0488486
XR_007060097.1	10505	10277.3	12.7717	0.0559259
XR_007060098.1	9440	9212.29	6.93755	0.0338907
XR_007060099.1	11036	10808.3	0.0812812	0.000338435
XR_007060100.1	9570	9342.29	4.13532	0.0199204
XR_007060101.1	10870	10642.3	3.72923e-07	1.57698e-09
XR_007060102.1	2112	1884.29	0.669749	0.0159958
XR_007060103.1	10454	10226.3	0	0
XR_007060104.1	10374	10146.3	0.0122568	5.43641e-05
XR_007060105.1	9451	9223.29	4.72159	0.023038
XR_007060106.1	10494	10266.3	42.2141	0.185049
XR_007060107.1	9442	9214.29	4.85132	0.0236941
XR_007060108.1	9615	9387.29	0	0
XR_007060109.1	9341	9113.29	4.30795	0.0212735
XR_007060110.1	9291	9063.29	0.0230162	0.000114285
XR_007060111.1	2233	2005.29	0.0467209	0.00104852
XR_007060112.1	2114	1886.29	0.0960853	0.0022924
XR_007060113.1	9466	9238.29	0	0
XR_007060114.1	2093	1865.29	0	0
XR_007060115.1	9425	9197.29	6.04341e-05	2.95709e-07
XR_007060116.1	2300	2072.29	46.0436	0.999909
XR_007060117.1	1723	1495.29	0	0
XR_007060118.1	2003	1775.29	38.4246	0.974051
XR_007060119.1	1060	832.293	0	0
XR_007060120.1	7178	6950.29	25.9986	0.168341
XR_007060121.1	701	473.947	2.48127	0.235606
XR_007060122.1	3638	3410.29	2.40477	0.031734
XR_007060123.1	4550	4322.29	0	0
XR_007060124.1	3734	3506.29	0	0
XR_007060125.1	4926	4698.29	6.45891	0.0618673
XR_007060126.1	5205	4977.29	8.4384	0.0762973
XR_007060127.1	3708	3480.29	0	0
XR_007060128.1	3898	3670.29	0	0
XR_007060129.1	2633	2405.29	1	0.01871
XR_007060130.1	4912	4684.29	6.43045	0.0617788
XR_007060131.1	4816	4588.29	12.3613	0.121243
XR_007060132.1	4971	4743.29	1.71718	0.0162921
XR_007060133.1	5237	5009.29	36.9055	0.331556
XR_007060134.1	4848	4620.29	97.4603	0.949294
XR_007060135.1	4693	4465.29	795.499	8.01737
XR_007060136.1	6211	5983.29	0	0
XR_007060137.1	4307	4079.29	0	0
XR_007060138.1	5045	4817.29	0	0
XR_007060139.1	4519	4291.29	0.00592051	6.20888e-05
XR_007060140.1	4533	4305.29	6.80798e-05	7.11636e-07
XR_007060141.1	3198	2970.29	0	0
XR_007060142.1	3145	2917.29	0	0
XR_007060143.1	1289	1061.29	0	0
XR_007060144.1	1292	1064.29	0	0
XR_007060145.1	4027	3799.29	0	0
XR_007060146.1	1391	1163.29	24.6478	0.953524
XR_007060147.1	3283	3055.29	30.6214	0.451039
XR_007060148.1	3347	3119.29	0	0
XR_007060149.1	4044	3816.29	5.32008e-07	6.27363e-09
XR_007060150.1	3172	2944.29	0	0
XR_007060151.1	3027	2799.29	38.3384	0.616351
XR_007060152.1	4126	3898.29	343.866	3.9697
XR_007060153.1	3091	2863.29	0	0
XR_007060154.1	2413	2185.29	0	0
XR_007060155.1	3170	2942.29	121.974	1.86561
XR_007060156.1	1985	1757.29	0	0
XR_007060157.1	8025	7797.29	2.02011	0.0116593
XR_007060158.1	7881	7653.29	2.18487	0.0128475
XR_007060159.1	26542	26314.3	17.1519	0.0293335
XR_007060160.1	25658	25430.3	38.1701	0.0675482
XR_007060161.1	25749	25521.3	0.285022	0.000502594
XR_007060162.1	4405	4177.29	8.71308	0.0938683
XR_007060163.1	4090	3862.29	5.32343e-06	6.20281e-08
XR_007060164.1	4042	3814.29	0.0437324	0.000515978
XR_007060165.1	3624	3396.29	0.00584089	7.73956e-05
XR_007060166.1	3768	3540.29	33.4527	0.42524
XR_007060167.1	3765	3537.29	3.63342	0.0462261
XR_007060168.1	1353	1125.29	0	0
XR_007060169.1	1329	1101.29	0	0
XR_007060170.1	1866	1638.29	0	0
XR_007060171.1	3070	2842.29	0	0
XR_007060172.1	2985	2757.29	0	0
XR_007060173.1	3041	2813.29	0	0
XR_007060174.1	962	734.293	1	0.0612876
XR_007060175.1	788	560.487	3.68721	0.296057
XR_007060176.1	1347	1119.29	0	0
XR_007060177.1	1059	831.293	11	0.595498
XR_007060178.1	534	311.445	0	0
XR_007060182.1	13505	13277.3	45.4068	0.153905
XR_007060183.1	13489	13261.3	19.9982	0.0678651
XR_007060184.1	1195	967.293	0	0
XR_007060187.1	701	473.947	0	0
XR_007060188.1	1913	1685.29	0	0
XR_007060189.1	1489	1261.29	0	0
XR_007060190.1	282	105.999	1	0.42456
XR_007060191.1	1520	1292.29	0	0
XR_007060192.1	3227	2999.29	18.1303	0.272037
XR_007060193.1	318	129.815	1	0.346672
XR_007060194.1	53533	53305.3	39.3301	0.0332045
XR_007060195.1	352	154.086	0	0
XR_007060196.1	44185	43957.3	24.3123	0.0248907
XR_007060197.1	662	435.717	0	0
XR_007060198.1	328	136.811	0	0
XR_007060199.1	6744	6516.29	10.0422	0.0693537
XR_007060200.1	2688	2460.29	19.5606	0.357798
XR_007060201.1	748	520.701	6	0.518567
XR_007060202.1	136	27.1284	3	4.97668
XR_007060203.1	353	154.998	0	0
XR_007060204.1	386	180.662	3.35539	0.835831
XR_007060205.1	1539	1311.29	0	0
XR_007060206.1	897	669.361	0	0
XR_007060207.1	291	111.803	0	0
XR_007060208.1	411	201.028	0	0
XR_007060209.1	556	332.141	0	0
XR_007060210.1	822	594.427	0	0
XR_007060211.1	3601	3373.29	2.00014	0.0266839
XR_007060212.1	5638	5410.29	5.43864	0.0452389
XR_007060213.1	14855	14627.3	0	0
XR_007060214.1	1703	1475.29	1	0.0305045
XR_007060215.1	8534	8306.29	0	0
XR_007060216.1	8786	8558.29	0	0
XR_007060217.1	409	199.348	0	0
XR_007060218.1	283	106.668	0	0
XR_007060219.1	811	583.487	0	0
XR_007060220.1	1492	1264.29	0	0
XR_007060221.1	841	613.427	0	0
XR_007060222.1	756	528.701	0	0
XR_007060223.1	1336	1108.29	5	0.203029
XR_007060224.1	753	525.701	0	0
XR_007060225.1	503	282.705	2.34286	0.372955
XR_007060226.1	505	284.56	0	0
XR_007060227.1	362	162.038	6.65714	1.84889
XR_007060228.1	1799	1571.29	8	0.229126
XR_007060229.1	4019	3791.29	0	0
XR_007060230.1	988	760.293	5.99512e-05	3.54862e-06
XR_007060231.1	1035	807.293	0	0
XR_007060232.1	846	618.427	0	0
XR_007060233.1	1180	952.293	0	0
XR_007060234.1	2222	1994.29	0	0
XR_007060235.1	1071	843.293	0	0
XR_007060236.1	1173	945.293	4.99994	0.238035
XR_007060237.1	1505	1277.29	5.42081	0.190992
XR_007060238.1	423	211.123	0	0
XR_007060239.1	13555	13327.3	0	0
XR_007060240.1	577	352.35	0	0
XR_007060241.1	1680	1452.29	10	0.309876
XR_007060242.1	424	212.011	0	0
XR_007060243.1	2946	2718.29	0	0
XR_007060244.1	4012	3784.29	0	0
XR_007060245.1	1841	1613.29	2.14125	0.0597306
XR_007060246.1	702	474.947	0	0
XR_007060247.1	437	223.004	0	0
XR_007060248.1	565	340.768	0	0
XR_007060249.1	1551	1323.29	2	0.0680168
XR_007060250.1	1348	1120.29	0	0
XR_007060251.1	352	154.086	0	0
XR_007060252.1	453	236.993	0	0
XR_007060253.1	263	94.0409	0	0
XR_007060254.1	1894	1666.29	0	0
XR_007060255.1	1328	1100.29	0	0
XR_007060256.1	3351	3123.29	14.0057	0.201806
XR_007060257.1	3687	3459.29	0	0
XR_007060258.1	941	713.293	0	0
XR_007060259.1	467	249.436	0	0
XR_007060260.1	876	648.427	0	0
XR_007060261.1	460	243.274	0	0
XR_007060262.1	1735	1507.29	0	0
XR_007060263.1	1349	1121.29	0	0
XR_007060264.1	2452	2224.29	0	0
XR_007060265.1	278	103.326	0	0
XR_007060266.1	688	461.088	0	0
XR_007060267.1	683	456.134	0	0
XR_007060268.1	276	102.102	0	0
XR_007060270.1	2242	2014.29	0	0
XR_007060271.1	2049	1821.29	0	0
XR_007060273.1	35869	35641.3	37.7662	0.0476861
XR_007060274.1	21232	21004.3	0	0
XR_007060275.1	1510	1282.29	0	0
XR_007060276.1	6245	6017.29	6.39023	0.0477923
XR_007060277.1	1326	1098.29	0	0
XR_007060278.1	1312	1084.29	0	0
XR_007060279.1	1197	969.293	6.5419	0.303733
XR_007060280.1	13479	13251.3	2	0.00679226
XR_007060281.1	1631	1403.29	0	0
XR_007060282.1	337	143.078	0	0
XR_007060283.1	1119	891.293	0	0
XR_007060284.1	13401	13173.3	0	0
XR_007060285.1	11683	11455.3	16.2589	0.0638745
XR_007060286.1	1640	1412.29	3	0.0955958
XR_007060288.1	570	345.561	0	0
XR_007060289.1	362	162.038	0	0
XR_007060290.1	4486	4258.29	0	0
XR_007060291.1	1713	1485.29	0	0
XR_007060292.1	3204	2976.29	1	0.0151205
XR_007060293.1	1253	1025.29	0	0
XR_007060294.1	608	382.573	6	0.705797
XR_007060295.1	307	122.069	0	0
XR_007060296.1	1884	1656.29	13	0.353223
XR_007060297.1	1067	839.293	0	0
XR_007060298.1	958	730.293	0	0
XR_007060299.1	295	114.56	2	0.785669
XR_007060300.1	772	544.487	15.0035	1.24007
XR_007060301.1	5293	5065.29	0	0
XR_007060302.1	1200	972.293	3	0.138857
XR_007060303.1	3856	3628.29	26	0.322488
XR_007060304.1	4392	4164.29	0	0
XR_007060305.1	4418	4190.29	0	0
XR_007060306.1	4086	3858.29	36.3656	0.424168
XR_007060307.1	1946	1718.29	0	0
XR_007060308.1	1946	1718.29	0	0
XR_007060309.1	3702	3474.29	125.579	1.62665
XR_007060310.1	270	98.4585	0	0
XR_007060316.1	220	69.167	0	0
XR_007060317.1	346	149.65	0	0
XR_007060318.1	1904	1676.29	2.00096	0.0537194
XR_007060319.1	9764	9536.29	1.07119	0.00505511
XR_007060320.1	546	322.964	0	0
XR_007060321.1	979	751.293	0	0
XR_007060322.1	254	88.6424	0	0
XR_007060323.1	1308	1080.29	0	0
XR_007060324.1	527	304.945	0	0
XR_007060325.1	3208	2980.29	0	0
XR_007060326.1	761	533.648	0	0
XR_007060327.1	783	555.487	1	0.0810156
XR_007060328.1	2447	2219.29	3.00044	0.0608433
XR_007060329.1	3298	3070.29	7	0.102603
XR_007060331.1	1156	928.293	0	0
XR_007060332.1	665	438.717	0	0
XR_007060333.1	602	376.687	0	0
XR_007060334.1	1915	1687.29	0	0
XR_007060335.1	2107	1879.29	0	0
XR_007060336.1	2366	2138.29	0	0
XR_007060340.1	802	574.487	0	0
XR_007060341.1	6203	5975.29	22.2479	0.16756
XR_007060342.1	809	581.487	0	0
XR_007060343.1	517	295.585	0	0
XR_007060344.1	824	596.427	0	0
XR_007060345.1	4286	4058.29	0	0
XR_007060346.1	3779	3551.29	0.0108977	0.000138099
XR_007060347.1	5195	4967.29	0	0
XR_007060348.1	951	723.293	0	0
XR_007060349.1	1145	917.293	1.49428	0.0733105
XR_007060350.1	1673	1445.29	0	0
XR_007060351.1	1259	1031.29	0	0
XR_007060352.1	794	566.487	0	0
XR_007060353.1	12717	12489.3	6.16769	0.0222242
XR_007060354.1	11023	10795.3	32.6187	0.13598
XR_007060355.1	11842	11614.3	0	0
XR_007060356.1	554	330.174	3	0.408903
XR_007060357.1	706	478.9	0	0
XR_007060358.1	738	510.753	19	1.67412
XR_007060359.1	658	431.717	1.5739	0.164066
XR_007060360.1	6897	6669.29	0	0
XR_007060361.1	8246	8018.29	5.70434	0.0320159
XR_007060362.1	352	154.086	0	0
XR_007060363.1	347	150.34	0	0
XR_007060364.1	532	309.634	1.83723	0.267029
XR_007060365.1	1615	1387.29	4.62564	0.150053
XR_007060366.1	551	327.472	0	0
XR_007060367.1	568	343.63	0	0
XR_007060368.1	430	216.949	1	0.207436
XR_007060369.1	2873	2645.29	5.29496	0.0900806
XR_007060370.1	17810	17582.3	37.6406	0.0963438
XR_007060371.1	3247	3019.29	7.06978	0.105376
XR_007060372.1	2540	2312.29	3.76172	0.0732126
XR_007060373.1	10949	10721.3	13.1935	0.0553804
XR_007060374.1	1040	812.293	1.17512	0.0651047
XR_007060375.1	1466	1238.29	1.04143	0.0378486
XR_007060376.1	25027	24799.3	26.8409	0.0487079
XR_007060381.1	2357	2129.29	3.50149	0.0740048
XR_007060382.1	2482	2254.29	72.2391	1.44213
XR_007060383.1	622	396.338	6	0.681283
XR_007060384.1	3767	3539.29	172.983	2.19953
XR_007060385.1	1132	904.293	7.02814	0.349762
XR_007060386.1	1051	823.293	0	0
XR_007060387.1	5228	5000.29	4	0.0360004
XR_007060388.1	2138	1910.29	9.28259	0.218681
XR_007060389.1	2426	2198.29	9.73974	0.19939
XR_007060390.1	3464	3236.29	240.221	3.34046
XR_007060391.1	1334	1106.29	0	0
XR_007060392.1	3096	2868.29	7.82306	0.122743
XR_007060393.1	398	190.353	1	0.236419
XR_007060394.1	2425	2197.29	0	0
XR_007060395.1	3001	2773.29	28.5605	0.46346
XR_007060396.1	3195	2967.29	10.6268	0.16117
XR_007060397.1	3323	3095.29	10.4574	0.152042
XR_007060398.1	352	154.086	0	0
XR_007060399.1	15125	14897.3	3.04954	0.00921233
XR_007060400.1	1024	796.293	0	0
XR_007060401.1	889	661.427	0	0
XR_007060402.1	274	100.891	0	0
XR_007060403.1	4319	4091.29	29.8743	0.328609
XR_007060404.1	16203	15975.3	9.14678	0.0257669
XR_007060405.1	264	94.6304	0	0
XR_007060406.1	14615	14387.3	0	0
XR_007060407.1	13385	13157.3	0	0
XR_007060408.1	13413	13185.3	0	0
XR_007060409.1	13906	13678.3	0	0
XR_007060410.1	13114	12886.3	0	0
XR_007060411.1	11990	11762.3	0	0
XR_007060412.1	11987	11759.3	0	0
XR_007060413.1	11970	11742.3	0	0
XR_007060414.1	444	229.227	0	0
XR_007060415.1	268	97.2933	0	0
XR_007060416.1	618	392.338	0	0
XR_007060417.1	815	587.487	0	0
XR_007060418.1	621	395.338	0	0
XR_007060419.1	503	282.705	3	0.477563
XR_007060420.1	1365	1137.29	0	0
XR_007060422.1	6536	6308.29	13.9935	0.0998288
XR_007060423.1	6548	6320.29	1.03363	0.00735984
XR_007060424.1	7375	7147.29	3.57917	0.0225363
XR_007060425.1	228	73.5821	0	0
XR_007060429.1	320	131.369	6	2.05542
XR_007060430.1	6683	6455.29	2	0.013943
XR_007060431.1	903	675.361	0	0
XR_007060432.1	342	146.678	0	0
XR_007060433.1	364	163.525	3	0.825616
XR_007060438.1	7564	7336.29	13	0.079746
XR_007060439.1	5930	5702.29	11	0.0868131
XR_007060440.1	245	83.2645	0	0
XR_007060441.1	4552	4324.29	1	0.010407
XR_007060442.1	245	83.2645	0	0
XR_007060443.1	605	379.687	0	0
XR_007060444.1	398	190.353	0	0
XR_007060445.1	257	90.3934	0	0
XR_007060446.1	364	163.525	0	0
XR_007060447.1	372	169.412	0	0
XR_007060448.1	4043	3815.29	56.9055	0.671225
XR_007060449.1	1772	1544.29	7.95067	0.231695
XR_007060450.1	769	541.541	0	0
XR_007060451.1	146	31.2472	2	2.88046
XR_007060452.1	512	290.943	0	0
XR_007060453.1	255	89.2265	0	0
XR_007060454.1	683	456.134	0	0
XR_007060455.1	2078	1850.29	15.2574	0.371093
XR_007060456.1	383	178.191	0	0
XR_007060457.1	506	285.56	2	0.315192
XR_007060458.1	298	116.438	0	0
XR_007060459.1	2673	2445.29	1	0.018404
XR_007060460.1	2860	2632.29	0	0
XR_007060461.1	2429	2201.29	6.22325	0.127228
XR_007060462.1	1291	1063.29	0.00631007	0.000267069
XR_007060463.1	1285	1057.29	5.35023	0.227729
XR_007060465.1	2514	2286.29	3	0.0590516
XR_007060466.1	9784	9556.29	10.2969	0.0484906
XR_007060467.1	380	175.793	0	0
XR_007060468.1	3293	3065.29	1.82567	0.0268035
XR_007060469.1	493	273.443	0	0
XR_007060470.1	661	434.717	0	0
XR_007060471.1	4833	4605.29	10.6118	0.103699
XR_007060472.1	329	137.452	0.5	0.163705
XR_007060473.1	1503	1275.29	0	0
XR_007060474.1	236	78.1487	0	0
XR_007060475.1	55055	54827.3	26.3306	0.0216125
XR_007060476.1	2389	2161.29	0	0
XR_007060477.1	70138	69910.3	53.2875	0.0343025
XR_007060478.1	1073	845.293	0	0
XR_007060479.1	1054	826.293	0	0
XR_007060481.1	1927	1699.29	1	0.0264834
XR_007060482.1	1033	805.293	0	0
XR_007060483.1	4979	4751.29	3.40118e-06	3.22151e-08
XR_007060484.1	4923	4695.29	39	0.373804
XR_007060485.1	4926	4698.29	0	0
XR_007060486.1	373	170.281	0	0
XR_007060487.1	338	143.726	0	0
XR_007060489.1	10064	9836.29	10.7823	0.0493315
XR_007060490.1	1049	821.293	0	0
XR_007060491.1	1793	1565.29	2.88138	0.0828415
XR_007060492.1	492	272.443	0	0
XR_007060493.1	403	194.403	0	0
XR_007060494.1	36899	36671.3	51.4247	0.0631084
XR_007060495.1	261	92.9009	0	0
XR_007060496.1	665	438.717	0	0
XR_007060497.1	1813	1585.29	0	0
XR_007060498.1	4477	4249.29	0	0
XR_007060499.1	4437	4209.29	0	0
XR_007060500.1	4471	4243.29	0	0
XR_007060501.1	1716	1488.29	0	0
XR_007060502.1	218	67.9952	0	0
XR_007060503.1	195	55.7944	0	0
XR_007060504.1	212	64.9181	0	0
XR_007060505.1	793	565.487	11.4788	0.913518
XR_007060506.1	8786	8558.29	6.00023	0.0315517
XR_007060507.1	1550	1322.29	8	0.272273
XR_007060509.1	198	57.5294	0	0
XR_007060510.1	1007	779.293	0	0
XR_007060511.1	947	719.293	10	0.625657
XR_007060512.1	496	276.219	2.02104	0.329278
XR_007060513.1	387	181.366	11	2.72948
XR_007060515.1	5447	5219.29	1.00023	0.00862446
XR_007060516.1	1357	1129.29	11.1325	0.443637
XR_007060517.1	672	445.496	0	0
XR_007060518.1	2719	2491.29	0	0
XR_007060519.1	15312	15084.3	61.6044	0.183793
XR_007060520.1	943	715.293	0	0
XR_007060521.1	686	459.134	16	1.56828
XR_007060522.1	455	238.796	0	0
XR_007060523.1	2668	2440.29	0	0
XR_007060524.1	3775	3547.29	0	0
XR_007060525.1	3394	3166.29	2.78776	0.039623
XR_007060526.1	8918	8690.29	18.2532	0.094525
XR_007060527.1	704	476.947	2.09132	0.19733
XR_007060528.1	1362	1134.29	1	0.039675
XR_007060529.1	216	66.8958	0	0
XR_007060530.1	4334	4106.29	2.03257	0.022276
XR_007060531.1	21644	21416.3	36.5582	0.0768215
XR_007060532.1	519	297.525	0	0
XR_007060533.1	13188	12960.3	1	0.00347238
XR_007060534.1	10227	9999.29	0	0
XR_007060535.1	29404	29176.3	20.4514	0.0315454
XR_007060536.1	29940	29712.3	2.75908e-07	4.17898e-10
XR_007060537.1	30083	29855.3	0	0
XR_007060538.1	29838	29610.3	0	0
XR_007060539.1	4762	4534.29	77.0556	0.764781
XR_007060540.1	6770	6542.29	1.19603	0.00822726
XR_007060541.1	1682	1454.29	10.0301	0.31038
XR_007060542.1	1647	1419.29	0	0
XR_007060543.1	347	150.34	2.21009	0.661575
XR_007060550.1	387	181.366	1.63976	0.406881
XR_007060551.1	1087	859.293	4.37458	0.229106
XR_007060552.1	434	220.399	0	0
XR_007060553.1	1464	1236.29	0	0
XR_007060555.1	4013	3785.29	4	0.0475557
XR_007060556.1	3302	3074.29	1	0.0146385
XR_007060557.1	487	267.803	31	5.20941
XR_007060558.1	662	435.717	6	0.61971
XR_007060559.1	462	244.971	0	0
XR_007060560.1	2263	2035.29	4.90709	0.108502
XR_007060561.1	1524	1296.29	47	1.63169
XR_007060563.1	512	290.943	0	0
XR_007060564.1	364	163.525	0	0
XR_007060565.1	353	154.998	2	0.580693
XR_007060566.1	676	449.451	0	0
XR_007060567.1	3911	3683.29	0	0
XR_007060568.1	269	97.8901	0	0
XR_007060569.1	303	119.67	0	0
XR_007060570.1	10075	9847.29	6.90716	0.0315664
XR_007060571.1	4545	4317.29	18.4516	0.192338
XR_007060572.1	8983	8755.29	7.29315	0.0374875
XR_007060573.1	2253	2025.29	0	0
XR_007060574.1	4981	4753.29	0.903676	0.0085558
XR_007060575.1	300	117.761	0	0
XR_007060576.1	3592	3364.29	7.29312	0.0975577
XR_007060577.1	1189	961.293	0	0
XR_007060578.1	1385	1157.29	0	0
XR_007060579.1	1735	1507.29	3.08654	0.0921545
XR_007060580.1	342	146.678	0	0
XR_007060581.1	3768	3540.29	27.0498	0.343849
XR_007060582.1	1969	1741.29	12.1478	0.313956
XR_007060583.1	351	153.209	1.86599	0.548111
XR_007060584.1	2252	2024.29	0	0
XR_007060585.1	333	140.38	0	0
XR_007060586.1	836	608.427	0	0
XR_007060587.1	3553	3325.29	11.4298	0.154685
XR_007060588.1	1286	1058.29	0	0
XR_007060589.1	872	644.427	0	0
XR_007060590.1	551	327.472	0	0
XR_007060591.1	388	182.168	0	0
XR_007060592.1	845	617.427	0	0
XR_007060593.1	541	318.158	0	0
XR_007060594.1	541	318.158	0	0
XR_007060595.1	1928	1700.29	7	0.185275
XR_007060596.1	1053	825.293	133.327	7.27028
XR_007060597.1	1195	967.293	0	0
XR_007060598.1	10978	10750.3	0	0
XR_007060599.1	4921	4693.29	0	0
XR_007060600.1	355	156.626	0	0
XR_007060601.1	3734	3506.29	17	0.218194
XR_007060602.1	2597	2369.29	9	0.170949
XR_007060603.1	5686	5458.29	103.642	0.854521
XR_007060604.1	3450	3222.29	82.2535	1.14877
XR_007060605.1	1761	1533.29	22	0.645713
XR_007060606.1	632	406.137	0	0
XR_007060607.1	835	607.427	15	1.11132
XR_007060608.1	6305	6077.29	14.2929	0.10584
XR_007060609.1	906	678.293	0	0
XR_007060610.1	848	620.427	0	0
XR_007060611.1	3144	2916.29	13.2201	0.204007
XR_007060612.1	3191	2963.29	0	0
XR_007060613.1	2738	2510.29	0	0
XR_007060614.1	426	213.764	0	0
XR_007060615.1	436	222.144	0	0
XR_007060616.1	568	343.63	0	0
XR_007060617.1	424	212.011	0	0
XR_007060618.1	3470	3242.29	0	0
XR_007060623.1	3164	2936.29	0	0
XR_007060624.1	595	369.951	0	0
XR_007060625.1	5284	5056.29	0	0
XR_007060626.1	5372	5144.29	0	0
XR_007060627.1	401	192.714	0	0
XR_007060628.1	371	168.6	0	0
XR_007060629.1	1631	1403.29	0	0
XR_007060631.1	1403	1175.29	3	0.114873
XR_007060632.1	3550	3322.29	30	0.406374
XR_007060633.1	3035	2807.29	0	0
XR_007060634.1	868	640.427	1	0.0702704
XR_007060635.1	8335	8107.29	0	0
XR_007060636.1	1906	1678.29	1	0.0268148
XR_007060637.1	2022	1794.29	0	0
XR_007060638.1	1552	1324.29	0	0
XR_007060639.1	5985	5757.29	17	0.132884
XR_007060640.1	4691	4463.29	0	0
XR_007060642.1	761	533.648	2	0.168662
XR_007060643.1	1678	1450.29	0	0
XR_007060644.1	2684	2456.29	5.61824	0.102935
XR_007060645.1	254	88.6424	0	0
XR_007060646.1	1896	1668.29	0	0
XR_007060647.1	249	85.4599	0	0
XR_007060648.1	487	267.803	0	0
XR_007060649.1	962	734.293	0	0
XR_007060650.1	76	14.8793	0	0
XR_007060651.1	104	15.9806	0	0
XR_007060652.1	132	25.5516	0	0
XR_007060653.1	140	28.6505	0	0
XR_007060654.1	71	17.0822	0	0
XR_007060655.1	133	26.0376	0	0
XR_007060656.1	144	30.2443	0	0
XR_007060657.1	132	25.5516	0	0
XR_007060658.1	80	15.4932	0	0
XR_007060659.1	130	24.5498	0	0
XR_007060660.1	126	23.1788	0	0
XR_007060661.1	129	24.2036	0	0
XR_007060662.1	122	21.8712	0	0
XR_007060663.1	105	16.2206	0	0
XR_007060664.1	104	15.9806	0	0
XR_007060665.1	104	15.9806	0	0
XR_007060666.1	106	16.543	0	0
XR_007060667.1	106	16.543	0	0
XR_007060668.1	101	15.5262	0	0
XR_007060669.1	102	15.661	0	0
XR_007060670.1	102	15.661	0	0
XR_007060671.1	107	17.0159	0	0
XR_007060672.1	104	15.9806	0	0
XR_007060673.1	104	15.9806	0	0
XR_007060674.1	104	15.9806	1	2.81611
XR_007060675.1	105	16.2206	0	0
XR_007060676.1	101	15.5262	0	0
XR_007060677.1	104	15.9806	0	0
XR_007060678.1	104	15.9806	0	0
XR_007060679.1	106	16.543	0	0
XR_007060680.1	108	17.4905	0	0
XR_007060681.1	107	17.0159	0	0
XR_007060682.1	99	15.1945	0	0
XR_007060683.1	104	15.9806	0	0
XR_007060684.1	99	15.1945	0	0
XR_007060685.1	227	73.0147	0	0
XR_007060686.1	215	66.32	0	0
XR_007060687.1	215	66.32	0	0
XR_007060688.1	146	31.2472	0	0
XR_007060689.1	3113	2885.29	0	0
XR_007060690.1	2933	2705.29	5.35519	0.0890846
XR_007060691.1	2930	2702.29	24.5144	0.408255
XR_007060692.1	2242	2014.29	0	0
XR_007060693.1	3241	3013.29	168.267	2.51305
XR_007060694.1	853	625.427	106.973	7.69731
XR_007060695.1	6446	6218.29	0	0
XR_007060696.1	6395	6167.29	4.0748e-07	2.9734e-09
XR_007060697.1	6185	5957.29	17.7305	0.133941
XR_007060698.1	2208	1980.29	462.812	10.5176
XR_007060699.1	4757	4529.29	34.0261	0.338083
XR_007060700.1	4759	4531.29	0	0
XR_007060701.1	4562	4334.29	0	0
XR_007060702.1	1546	1318.29	0	0
XR_007060703.1	9640	9412.29	0	0
XR_007060704.1	3275	3047.29	0	0
XR_007060705.1	2741	2513.29	1.98385e-05	3.55229e-07
XR_007060706.1	6142	5914.29	0	0
XR_007060707.1	5959	5731.29	0	0
XR_007060708.1	2445	2217.29	0	0
XR_007060709.1	2991	2763.29	1.59752	0.0260173
XR_007060710.1	3687	3459.29	0	0
XR_007060711.1	4721	4493.29	4.7985	0.0480599
XR_007060712.1	2918	2690.29	89.8525	1.50305
XR_007060713.1	1772	1544.29	0	0
XR_007060714.1	3555	3327.29	0	0
XR_007060715.1	3261	3033.29	7.34826	0.109021
XR_007060716.1	2903	2675.29	0	0
XR_007060717.1	5568	5340.29	3.71023	0.0312664
XR_007060718.1	4794	4566.29	23.5759	0.232353
XR_007060719.1	3318	3090.29	0	0
XR_007060720.1	3084	2856.29	0	0
XR_007060721.1	2547	2319.29	0	0
XR_007060722.1	2660	2432.29	0	0
XR_007060723.1	8542	8314.29	207.87	1.12515
XR_007060724.1	2940	2712.29	0	0
XR_007060725.1	2840	2612.29	0	0
XR_007060726.1	2850	2622.29	0	0
XR_007060728.1	2337	2109.29	1.97437	0.0421244
XR_007060729.1	2271	2043.29	0	0
XR_007060730.1	1152	924.293	3.47098	0.168999
XR_007060731.1	1306	1078.29	10.8057	0.45098
XR_007060732.1	2401	2173.29	0	0
XR_007060733.1	2282	2054.29	3.58562	0.0785497
XR_007060734.1	2431	2203.29	57.0434	1.16513
XR_007060735.1	2299	2071.29	145.184	3.15441
XR_007060736.1	9572	9344.29	22.835	0.109976
XR_007060737.1	1289	1061.29	21.1989	0.89892
XR_007060738.1	10668	10440.3	17.0041	0.0732967
XR_007060739.1	1773	1545.29	0	0
XR_007060740.1	1396	1168.29	0	0
XR_007060741.1	1746	1518.29	0	0
XR_007060742.1	10641	10413.3	14.5564	0.0629085
XR_007060743.1	3223	2995.29	65.4204	0.982915
XR_007060744.1	1475	1247.29	51.8306	1.87008
XR_007060745.1	2130	1902.29	0	0
XR_007060746.1	33987	33759.3	0	0
XR_007060747.1	2917	2689.29	0	0
XR_007060748.1	2833	2605.29	25.5917	0.442063
XR_007060749.1	3126	2898.29	8.60864	0.13367
XR_007060750.1	2861	2633.29	0	0
XR_007060751.1	3057	2829.29	5.44499	0.0866087
XR_007060752.1	2557	2329.29	0	0
XR_007060753.1	1993	1765.29	0	0
XR_007060754.1	2194	1966.29	14.5875	0.333869
XR_007060755.1	2677	2449.29	4.25178	0.0781217
XR_007060756.1	741	513.753	0	0
XR_007060757.1	835	607.427	0	0
XR_007060758.1	1846	1618.29	0	0
XR_007060759.1	2027	1799.29	225.749	5.64632
XR_007060760.1	6064	5836.29	8.67016	0.0668548
XR_007060761.1	8395	8167.29	17.6508	0.0972589
XR_007060762.1	6178	5950.29	0	0
XR_007060763.1	3067	2839.29	73.2047	1.1603
XR_007060764.1	3689	3461.29	98.6418	1.28252
XR_007060765.1	5108	4880.29	0	0
XR_007060766.1	5022	4794.29	13.7428	0.129001
XR_007060767.1	5102	4874.29	253.51	2.34059
XR_007060768.1	5041	4813.29	142.19	1.32944
XR_007060769.1	4867	4639.29	0.17411	0.00168894
XR_007060770.1	4955	4727.29	125.162	1.19152
XR_007060771.1	4886	4658.29	2.03593	0.0196688
XR_007060772.1	4800	4572.29	1.64814	0.016222
XR_007060773.1	4841	4613.29	46.2271	0.450949
XR_007060774.1	4772	4544.29	23.9172	0.236857
XR_007060775.1	4686	4458.29	20.293	0.204842
XR_007060776.1	4753	4525.29	1.83038	0.0182028
XR_007060777.1	6326	6098.29	367.677	2.71332
XR_007060778.1	944	716.293	0	0
XR_007060779.1	947	719.293	9.85184	0.616387
XR_007060780.1	481	262.672	1	0.171328
XR_007060781.1	17853	17625.3	16.1437	0.04122
XR_007060782.1	6381	6153.29	1.00141	0.00732398
XR_007060783.1	1399	1171.29	0	0
XR_007060784.1	683	456.134	0	0
XR_007060785.1	289	110.463	0	0
XR_007060786.1	290	111.126	0	0
XR_007060787.1	479	260.887	0	0
XR_007060788.1	290	111.126	0	0
XR_007060789.1	443	228.322	0	0
XR_007060790.1	290	111.126	0	0
XR_007060791.1	443	228.322	0	0
XR_007060792.1	2431	2203.29	9	0.183828
XR_007060793.1	5588	5360.29	0	0
XR_007060794.1	11170	10942.3	1.82474	0.00750473
XR_007060795.1	3291	3063.29	8.24024	0.121058
XR_007060796.1	1278	1050.29	0	0
XR_007060797.1	1216	988.293	0	0
XR_007060798.1	1274	1046.29	0	0
XR_007060799.1	219	68.5314	0	0
XR_007060801.1	3056	2828.29	7.02258	0.111741
XR_007060802.1	679	452.316	0	0
XR_007060803.1	1620	1392.29	0	0
XR_007060804.1	1818	1590.29	0	0
XR_007060805.1	2644	2416.29	1	0.0186248
XR_007060806.1	1691	1463.29	0	0
XR_007060810.1	640	414.014	0	0
XR_007060811.1	1256	1028.29	0	0
XR_007060812.1	240	80.5243	0	0
XR_007060813.1	597	371.913	0	0
XR_007060814.1	546	322.964	0.911477	0.127009
XR_007060815.1	6102	5874.29	9	0.0689492
XR_007060816.1	956	728.293	0	0
XR_007060817.1	981	753.293	0	0
XR_007060818.1	2690	2462.29	0	0
XR_007060819.1	2763	2535.29	0	0
XR_007060820.1	2734	2506.29	0	0
XR_007060821.1	3251	3023.29	1.06461	0.0158473
XR_007060822.1	2051	1823.29	0	0
XR_007060823.1	1325	1097.29	0	0
XR_007060824.1	2180	1952.29	6.29133	0.145024
XR_007060825.1	751	523.701	0	0
XR_007060826.1	754	526.701	0	0
XR_007060827.1	512	290.943	0	0
XR_007060828.1	515	293.705	0	0
XR_007060829.1	801	573.487	0	0
XR_007060830.1	658	431.717	0	0
XR_007060831.1	1573	1345.29	1.02005	0.0341229
XR_007060833.1	2783	2555.29	0	0
XR_007060834.1	1869	1641.29	0	0
XR_007060835.1	413	202.921	0.87547	0.194159
XR_007060836.1	299	117.078	0	0
XR_007060837.1	731	503.753	1	0.0893357
XR_007060838.1	21350	21122.3	17.5828	0.0374618
XR_007060839.1	8152	7924.29	4.27937	0.0243031
XR_007060840.1	447	231.819	4	0.776522
XR_007060841.1	1122	894.293	0	0
XR_007060842.1	226	72.4338	0	0
XR_007060843.1	1666	1438.29	1	0.0312892
XR_007060845.1	661	434.717	0	0
XR_007060846.1	2124	1896.29	0	0
XR_007060847.1	12468	12240.3	20.4668	0.0752489
XR_007060848.1	1789	1561.29	1.56598	0.0451382
XR_007060849.1	1588	1360.29	1.74506	0.0577326
XR_007060850.1	1164	936.293	0	0
XR_007060851.1	3158	2930.29	42.7726	0.656896
XR_007060852.1	6767	6539.29	21.5696	0.148441
XR_007060853.1	1879	1651.29	0	0
XR_007060854.1	2020	1792.29	0	0
XR_007060855.1	2782	2554.29	0	0
XR_007060856.1	1520	1292.29	0	0
XR_007060857.1	334	141.098	0	0
XR_007060860.1	1060	832.293	3.34922	0.181096
XR_007060861.1	5825	5597.29	90.257	0.72568
XR_007060862.1	282	105.999	3	1.27368
XR_007060863.1	239	79.981	1	0.562672
XR_007060864.1	375	171.827	1	0.26191
XR_007060865.1	10410	10182.3	25.5557	0.11295
XR_007060866.1	261	92.9009	0	0
XR_007060867.1	1893	1665.29	2	0.0540482
XR_007060868.1	1890	1662.29	20.0194	0.541983
XR_007060869.1	5831	5603.29	45.1535	0.362652
XR_007060870.1	432	218.698	1	0.205777
XR_007060871.1	19347	19119.3	22.2374	0.0523425
XR_007060872.1	2145	1917.29	0	0
XR_007060873.1	1918	1690.29	0	0
XR_007060874.1	1895	1667.29	1.18248	0.0319172
XR_007060875.1	1693	1465.29	6.41779	0.197108
XR_007060876.1	3770	3542.29	5	0.0635225
XR_007060877.1	604	378.687	0	0
XR_007060878.1	3538	3310.29	3.01704	0.0410163
XR_007060879.1	228	73.5821	3	1.83481
XR_007060880.1	798	570.487	0	0
XR_007060881.1	353	154.998	3	0.871039
XR_007060882.1	288	109.828	0	0
XR_007060883.1	6452	6224.29	0	0
XR_007060884.1	6322	6094.29	15.6724	0.115733
XR_007060885.1	3794	3566.29	3	0.037857
XR_007060886.1	764	536.541	0	0
XR_007060887.1	440	225.63	0	0
XR_007060888.1	481	262.672	28	4.79719
XR_007060889.1	5491	5263.29	11.3678	0.0971992
XR_007060890.1	2636	2408.29	0	0
XR_007060891.1	15545	15317.3	34.7544	0.10211
XR_007060892.1	469	251.307	0	0
XR_007060893.1	1680	1452.29	16.1537	0.500564
XR_007060896.1	4044	3816.29	0	0
XR_007060897.1	439	224.747	0	0
XR_007060898.1	4765	4537.29	9.63328	0.0955476
XR_007060899.1	2555	2327.29	0.000267598	5.17456e-06
XR_007060900.1	2199	1971.29	2	0.0456584
XR_007060901.1	2096	1868.29	13.3242	0.32095
XR_007060902.1	457	240.449	0	0
XR_007060903.1	1081	853.293	1	0.0527405
XR_007060906.1	1197	969.293	1	0.0464288
XR_007060907.1	172	43.9516	0	0
XR_007060908.1	440	225.63	0	0
XR_007060909.1	1499	1271.29	12.4537	0.440854
XR_007060910.1	674	447.496	1	0.100566
XR_007060911.1	5430	5202.29	12.3476	0.106815
XR_007060912.1	614	388.495	0	0
XR_007060913.1	1177	949.293	8	0.379255
XR_007060914.1	636	410.055	0	0
XR_007060915.1	621	395.338	0	0
XR_007060916.1	2318	2090.29	0	0
XR_007060917.1	2227	1999.29	0	0
XR_007060918.1	1016	788.293	0	0
XR_007060919.1	6662	6434.29	0	0
XR_007060920.1	3465	3237.29	1	0.0139015
XR_007060921.1	6037	5809.29	0	0
XR_007060922.1	3570	3342.29	25	0.336618
XR_007060923.1	2612	2384.29	1.41064	0.0266256
XR_007060924.1	1216	988.293	0	0
XR_007060932.1	9424	9196.29	2.19498	0.0107414
XR_007060944.1	793	565.487	0	0
XR_007060945.1	768	540.541	0	0
XR_007060946.1	680	453.225	0	0
XR_007060947.1	741	513.753	0	0
XR_007060948.1	1508	1280.29	1	0.0351506
XR_007060949.1	11889	11661.3	0.518456	0.00200082
XR_007060950.1	11837	11609.3	0	0
XR_007060951.1	867	639.427	1.00489	0.0707244
XR_007060952.1	1799	1571.29	1	0.0286408
XR_007060953.1	306	121.497	0	0
XR_007060954.1	980	752.293	4.91575	0.294066
XR_007060955.1	893	665.361	0	0
XR_007060956.1	4027	3799.29	0	0
XR_007060958.1	4760	4532.29	0	0
XR_007060959.1	4926	4698.29	0	0
XR_007060960.1	2855	2627.29	0	0
XR_007060961.1	4734	4506.29	0	0
XR_007060962.1	319	130.608	0	0
XR_007060963.1	10649	10421.3	7.00258	0.0302398
XR_007060964.1	246	83.7785	0	0
XR_007060966.1	1637	1409.29	0	0
XR_007060967.1	4848	4620.29	0	0
XR_007060968.1	8961	8733.29	5.79775e-07	2.98761e-09
XR_007060969.1	13458	13230.3	7.62544	0.0259381
XR_007060970.1	2227	1999.29	0	0
XR_007060971.1	1712	1484.29	0	0
XR_007060972.1	11010	10782.3	3	0.0125214
XR_007060973.1	460	243.274	0	0
XR_007060974.1	253	87.9231	3	1.53554
XR_007060975.1	324	134.113	1	0.335561
XR_007060976.1	2271	2043.29	1	0.0220248
XR_007060977.1	2427	2199.29	0	0
XR_007060978.1	643	416.972	0	0
XR_007060979.1	25603	25375.3	11.2156	0.0198908
XR_007060983.1	3907	3679.29	2.98376	0.0364957
XR_007060984.1	1460	1232.29	0	0
XR_007060985.1	1188	960.293	4	0.187456
XR_007060986.1	4606	4378.29	1.25605	0.0129105
XR_007060987.1	406	196.92	0	0
XR_007060988.1	1681	1453.29	0	0
XR_007060989.1	1710	1482.29	0	0
XR_007060990.1	2111	1883.29	3.82221	0.0913354
XR_007060991.1	4822	4594.29	11.1438	0.109158
XR_007060992.1	1839	1611.29	0	0
XR_007060993.1	1564	1336.29	0	0
XR_007060994.1	1535	1307.29	0	0
XR_007060995.1	533	310.571	0	0
XR_007060996.1	10135	9907.29	2.41219	0.0109572
XR_007060997.1	10079	9851.29	0	0
XR_007060998.1	5787	5559.29	7.08575	0.0573599
XR_007060999.1	641	415.014	0	0
XR_007061000.1	250	85.998	0	0
XR_007061001.1	13791	13563.3	41.3423	0.137174
XR_007061002.1	1440	1212.29	0	0
XR_007061003.1	9082	8854.29	16	0.0813221
XR_007061004.1	310	124.224	0	0
XR_007061005.1	1425	1197.29	0	0
XR_007061006.1	1478	1250.29	0	0
XR_007061007.1	19479	19251.3	14.7428	0.0344638
XR_007061008.1	609	383.573	0	0
XR_007061009.1	1165	937.293	0	0
XR_007061010.1	1471	1243.29	0	0
XR_007061011.1	3966	3738.29	1	0.0120384
XR_007061012.1	933	705.293	3	0.191423
XR_007061013.1	677	450.406	0	0
XR_007061014.1	1155	927.293	0	0
XR_007061015.1	7549	7321.29	17.0525	0.10482
XR_007061016.1	12841	12613.3	10.5363	0.0375924
XR_007061017.1	2131	1903.29	0	0
XR_007061018.1	15654	15426.3	3.31632	0.00967468
XR_007061019.1	580	355.279	0	0
XR_007061020.1	637	411.055	0	0
XR_007061021.1	1588	1360.29	1	0.0330834
XR_007061022.1	1889	1661.29	0	0
XR_007061023.1	1263	1035.29	2	0.0869378
XR_007061024.1	305	120.879	13	4.8399
XR_007061026.1	364	163.525	1.56766	0.431428
XR_007061027.1	1927	1699.29	0	0
XR_007061028.1	4519	4291.29	0	0
XR_007061029.1	3301	3073.29	3.10101	0.045409
XR_007061030.1	1687	1459.29	0	0
XR_007061031.1	14102	13874.3	0	0
XR_007061032.1	13501	13273.3	13.6754	0.0463663
XR_007061033.1	374	171.054	0	0
XR_007061034.1	2119	1891.29	0	0
XR_007061035.1	511	290.032	0	0
XR_007061036.1	6484	6256.29	5.00006	0.0359667
XR_007061037.1	2835	2607.29	0	0
XR_007061038.1	216	66.8958	0	0
XR_007061039.1	391	184.59	0	0
XR_007061040.1	5386	5158.29	15.4263	0.134586
XR_007061041.1	5583	5355.29	20.8036	0.174823
XR_007061042.1	556	332.141	0	0
XR_007061043.1	180	47.9827	0	0
XR_007061044.1	190	53.085	0	0
XR_007061046.1	239	79.981	0	0
XR_007061047.1	200	58.6283	0	0
XR_007061048.1	1086	858.293	0	0
XR_007061049.1	874	646.427	0	0
XR_007061050.1	3824	3596.29	0	0
XR_007061051.1	15902	15674.3	0	0
XR_007061052.1	13684	13456.3	0	0
XR_007061053.1	9109	8881.29	0	0
XR_007061054.1	13825	13597.3	0	0
XR_007061055.1	5312	5084.29	5.27928	0.046729
XR_007061056.1	11733	11505.3	20.7217	0.0810533
XR_007061057.1	11607	11379.3	6.04917	0.0239234
XR_007061058.1	7740	7512.29	0	0
XR_007061059.1	5252	5024.29	0	0
XR_007061060.1	5663	5435.29	0	0
XR_007061061.1	2399	2171.29	0	0
XR_007061062.1	203	60.1063	0	0
XR_007061063.1	3917	3689.29	0	0
XR_007061064.1	2437	2209.29	2.03706	0.0414948
XR_007061065.1	921	693.293	2.08887	0.135593
XR_007061066.1	11115	10887.3	25.4953	0.105386
XR_007061067.1	3052	2824.29	1.46185	0.0232935
XR_007061068.1	3439	3211.29	0	0
XR_007061069.1	6286	6058.29	4.29492	0.0319042
XR_007061070.1	2905	2677.29	13.6539	0.22951
XR_007061071.1	20454	20226.3	27.0447	0.0601738
XR_007061072.1	14507	14279.3	49.3547	0.155548
XR_007061073.1	14604	14376.3	0.00459515	1.43845e-05
XR_007061074.1	415	204.487	1	0.220078
XR_007061075.1	754	526.701	0	0
XR_007061076.1	5679	5451.29	0	0
XR_007061077.1	6527	6299.29	1	0.00714415
XR_007061078.1	1654	1426.29	2.34976	0.0741408
XR_007061079.1	1047	819.293	56.5765	3.1077
XR_007061080.1	513	291.914	3	0.462497
XR_007061081.1	20887	20659.3	10.102	0.0220056
XR_007061082.1	1746	1518.29	2	0.0592811
XR_007061083.1	630	404.218	2.01353	0.224174
XR_007061084.1	437	223.004	2	0.403607
XR_007061085.1	388	182.168	0	0
XR_007061086.1	412	201.964	0	0
XR_007061087.1	3269	3041.29	0.14132	0.00209117
XR_007061088.1	3265	3037.29	0.85868	0.0127229
XR_007061095.1	6121	5893.29	0	0
XR_007061096.1	398	190.353	0	0
XR_007061106.1	5618	5390.29	0	0
XR_007061107.1	2111	1883.29	5	0.11948
XR_007061108.1	2753	2525.29	0	0
XR_007061109.1	1577	1349.29	2	0.0667062
XR_007061110.1	686	459.134	0	0
XR_007061111.1	5952	5724.29	0	0
XR_007061112.1	10280	10052.3	3.03511	0.0135879
XR_007061113.1	951	723.293	1	0.0622197
XR_007061114.1	3423	3195.29	7.01503	0.0988009
XR_007061115.1	1644	1416.29	1	0.0317753
XR_007061116.1	608	382.573	0.920059	0.108229
XR_007061117.1	462	244.971	0	0
XR_007061118.1	13462	13234.3	17.6422	0.0599921
XR_007061119.1	1350	1122.29	2.19458	0.0880009
XR_007061120.1	550	326.571	0	0
XR_007061121.1	681	454.225	0	0
XR_007061123.1	1631	1403.29	0	0
XR_007061124.1	1305	1077.29	7.70614	0.321918
XR_007061125.1	575	350.386	0	0
XR_007061131.1	961	733.293	0	0
XR_007061132.1	1648	1420.29	0	0
XR_007061133.1	12475	12247.3	12.4	0.0455642
XR_007061134.1	721	493.802	0	0
XR_007061135.1	931	703.293	1	0.0639891
XR_007061136.1	2243	2015.29	0	0
XR_007061137.1	4146	3918.29	6.39316	0.0734278
XR_007061138.1	1849	1621.29	2	0.055515
XR_007061139.1	924	696.293	1.02367	0.0661625
XR_007061140.1	1718	1490.29	24.8948	0.751759
XR_007061141.1	3830	3602.29	99.5514	1.24369
XR_007061142.1	337	143.078	0	0
XR_007061143.1	404	195.215	0	0
XR_007061144.1	2529	2301.29	33	0.645334
XR_007061145.1	5082	4854.29	6.05251	0.0561115
XR_007061146.1	5179	4951.29	76.9336	0.699262
XR_007061147.1	4589	4361.29	0	0
XR_007061148.1	4441	4213.29	0	0
XR_007061149.1	4024	3796.29	0	0
XR_007061150.1	4691	4463.29	0	0
XR_007061151.1	7949	7721.29	0	0
XR_007061152.1	8505	8277.29	0	0
XR_007061153.1	8379	8151.29	0	0
XR_007061154.1	767	539.541	2.25255	0.187885
XR_007061155.1	778	550.487	0	0
XR_007061156.1	358	158.891	0	0
XR_007061157.1	398	190.353	0	0
XR_007061158.1	1729	1501.29	0	0
XR_007061159.1	999	771.293	0	0
XR_007061160.1	646	419.888	0	0
XR_007061161.1	2735	2507.29	25.574	0.459025
XR_007061162.1	2520	2292.29	6.1504	0.120747
XR_007061163.1	2310	2082.29	3	0.0648368
XR_007061164.1	219	68.5314	1	0.656678
XR_007061165.1	5913	5685.29	10.0012	0.0791665
XR_007061166.1	542	319.126	0	0
XR_007061167.1	595	369.951	0	0
XR_007061168.1	625	399.259	0	0
XR_007061169.1	539	316.223	0	0
XR_007061170.1	492	272.443	0	0
XR_007061171.1	308	122.763	0	0
XR_007061172.1	462	244.971	0	0
XR_007061173.1	1052	824.293	0	0
XR_007061175.1	4332	4104.29	13.0136	0.142692
XR_007061176.1	4899	4671.29	7.15808	0.0689607
XR_007061177.1	1482	1254.29	0	0
XR_007061178.1	292	112.493	0	0
XR_007061179.1	4616	4388.29	4.10933	0.0421422
XR_007061180.1	496	276.219	0	0
XR_007061181.1	433	219.537	0	0
XR_007061182.1	580	355.279	0	0
XR_007061183.1	963	735.293	0	0
XR_007061184.1	396	188.639	0	0
XR_007061185.1	3959	3731.29	17.3383	0.209117
XR_007061186.1	527	304.945	0	0
XR_007061187.1	779	551.487	0	0
XR_007061188.1	4069	3841.29	0	0
XR_007061189.1	3193	2965.29	0	0
XR_007061190.1	1559	1331.29	0	0
XR_007061191.1	368	166.382	0	0
XR_007061192.1	5590	5362.29	0	0
XR_007061193.1	5259	5031.29	13	0.11628
XR_007061194.1	3338	3110.29	0	0
XR_007061195.1	6878	6650.29	0	0
XR_007061196.1	63	18.1395	0	0
XR_007061197.1	60	18.9714	0	0
XR_007061198.1	154	35.1606	1	1.27993
XR_007061199.1	132	25.5516	0	0
XR_007061200.1	134	26.2749	0	0
XR_007061201.1	134	26.2749	0	0
XR_007061202.1	131	24.9698	0	0
XR_007061203.1	145	30.7766	0	0
XR_007061204.1	122	21.8712	0	0
XR_007061205.1	131	24.9698	0	0
XR_007061206.1	128	23.852	0	0
XR_007061207.1	156	35.9189	1	1.25291
XR_007061208.1	75	15.9406	0	0
XR_007061209.1	72	16.5875	0	0
XR_007061210.1	105	16.2206	0	0
XR_007061211.1	104	15.9806	0	0
XR_007061212.1	104	15.9806	0	0
XR_007061213.1	104	15.9806	0	0
XR_007061214.1	104	15.9806	1	2.81611
XR_007061215.1	103	15.7909	0	0
XR_007061216.1	104	15.9806	0	0
XR_007061217.1	102	15.661	0	0
XR_007061218.1	105	16.2206	0	0
XR_007061219.1	105	16.2206	0	0
XR_007061220.1	106	16.543	0	0
XR_007061221.1	103	15.7909	0	0
XR_007061222.1	100	15.2776	0	0
XR_007061223.1	102	15.661	0	0
XR_007061224.1	213	65.3686	0	0
XR_007061225.1	216	66.8958	0	0
XR_007061226.1	2734	2506.29	1.73667	0.0311837
XR_007061227.1	2795	2567.29	0	0
XR_007061228.1	2582	2354.29	0.00187125	3.57695e-05
XR_007061229.1	2622	2394.29	0.311577	0.0058564
XR_007061230.1	2475	2247.29	0	0
XR_007061231.1	8862	8634.29	0	0
XR_007061232.1	9027	8799.29	5.95049	0.0304332
XR_007061233.1	8971	8743.29	0	0
XR_007061234.1	9101	8873.29	35.5999	0.180553
XR_007061235.1	8853	8625.29	8.00818	0.0417832
XR_007061236.1	8853	8625.29	101.766	0.530971
XR_007061237.1	8858	8630.29	16.4685	0.085876
XR_007061238.1	8849	8621.29	0	0
XR_007061239.1	2215	1987.29	0.99974	0.0226395
XR_007061240.1	2227	1999.29	0.000260225	5.85754e-06
XR_007061241.1	2149	1921.29	226.646	5.30881
XR_007061242.1	2133	1905.29	0	0
XR_007061243.1	2130	1902.29	0	0
XR_007061244.1	2053	1825.29	240.353	5.92597
XR_007061245.1	550	326.571	4.43229	0.610791
XR_007061246.1	1281	1053.29	0	0
XR_007061247.1	1886	1658.29	13.8565	0.376041
XR_007061248.1	6207	5979.29	158.065	1.18968
XR_007061249.1	6836	6608.29	5.53793	0.0377138
XR_007061250.1	6955	6727.29	0	0
XR_007061251.1	6724	6496.29	27.7301	0.192101
XR_007061252.1	11349	11121.3	19.4292	0.0786216
XR_007061253.1	4336	4108.29	0	0
XR_007061254.1	4281	4053.29	0	0
XR_007061255.1	4119	3891.29	0	0
XR_007061256.1	4101	3873.29	0	0
XR_007061257.1	3578	3350.29	0	0
XR_007061258.1	2398	2170.29	0	0
XR_007061259.1	1372	1144.29	0	0
XR_007061260.1	3288	3060.29	0	0
XR_007061261.1	4600	4372.29	0	0
XR_007061262.1	6547	6319.29	0	0
XR_007061263.1	970	742.293	8.85096	0.536608
XR_007061264.1	883	655.427	0	0
XR_007061265.1	897	669.361	3.92806	0.264095
XR_007061266.1	810	582.487	0	0
XR_007061267.1	744	516.753	39.1436	3.40895
XR_007061268.1	1472	1244.29	39.4456	1.42665
XR_007061269.1	5618	5390.29	3.36733	0.0281136
XR_007061270.1	2004	1776.29	0	0
XR_007061271.1	2015	1787.29	6.2284	0.156828
XR_007061272.1	2357	2129.29	0	0
XR_007061273.1	1447	1219.29	0	0
XR_007061274.1	1755	1527.29	2.07804	0.0612313
XR_007061275.1	3506	3278.29	0	0
XR_007061276.1	4412	4184.29	21.8277	0.234762
XR_007061277.1	557	333.141	7.83906	1.05896
XR_007061278.1	799	571.487	63.2403	4.98001
XR_007061279.1	4851	4623.29	9.24103	0.0899521
XR_007061280.1	4778	4550.29	2.04041	0.02018
XR_007061281.1	1784	1556.29	17.8836	0.517137
XR_007061282.1	1715	1487.29	10.4866	0.317308
XR_007061283.1	1632	1404.29	0	0
XR_007061284.1	2183	1955.29	0	0
XR_007061285.1	1354	1126.29	41.8657	1.67282
XR_007061286.1	1247	1019.29	34.8995	1.54086
XR_007061287.1	1410	1182.29	0	0
XR_007061288.1	1304	1076.29	0	0
XR_007061289.1	3205	2977.29	0	0
XR_007061290.1	577	352.35	0	0
XR_007061291.1	2365	2137.29	32.3292	0.680728
XR_007061292.1	2272	2044.29	0	0
XR_007061293.1	2027	1799.29	0	0
XR_007061294.1	1383	1155.29	3.87212	0.150834
XR_007061295.1	1425	1197.29	0	0
XR_007061296.1	1365	1137.29	0	0
XR_007061297.1	1483	1255.29	4.21619	0.151153
XR_007061298.1	1102	874.293	3.1085e-08	1.60006e-09
XR_007061299.1	4192	3964.29	0	0
XR_007061300.1	3769	3541.29	0	0
XR_007061301.1	10368	10140.3	4.31944e-05	1.91699e-07
XR_007061302.1	10087	9859.29	0	0
XR_007061303.1	9535	9307.29	44.718	0.216223
XR_007061304.1	7070	6842.29	0	0
XR_007061305.1	6043	5815.29	0	0
XR_007061306.1	10528	10300.3	0	0
XR_007061307.1	10035	9807.29	6.79185e-07	3.1166e-09
XR_007061308.1	9757	9529.29	0	0
XR_007061309.1	9756	9528.29	0	0
XR_007061310.1	2854	2626.29	45.2315	0.775069
XR_007061311.1	1695	1467.29	0	0
XR_007061312.1	2510	2282.29	0	0
XR_007061319.1	5523	5295.29	0	0
XR_007061320.1	1485	1257.29	104.553	3.74233
XR_007061321.1	4593	4365.29	7.19896	0.0742162
XR_007061322.1	4590	4362.29	6.70331	0.069154
XR_007061323.1	928	700.293	0	0
XR_007061324.1	898	670.361	0	0
XR_007061325.1	4242	4014.29	23.7234	0.265957
XR_007061326.1	14446	14218.3	28.6772	0.0907679
XR_007061327.1	2651	2423.29	7.70009	0.142999
XR_007061328.1	3373	3145.29	0	0
XR_007061329.1	1431	1203.29	33.3728	1.24814
XR_007061330.1	6528	6300.29	14.6403	0.104576
XR_007061331.1	6420	6192.29	2.08285	0.0151373
XR_007061332.1	6417	6189.29	0.249415	0.00181353
XR_007061333.1	1174	946.293	0	0
XR_007061334.1	2067	1839.29	175.125	4.2849
XR_007061335.1	2511	2283.29	5.02372	0.0990161
XR_007061336.1	4600	4372.29	52.3919	0.539258
XR_007061337.1	913	685.293	0	0
XR_007061338.1	2480	2252.29	0	0
XR_007061339.1	2421	2193.29	0	0
XR_007061340.1	2440	2212.29	0	0
XR_007061341.1	786	558.487	0	0
XR_007061342.1	3088	2860.29	0	0
XR_007061343.1	2499	2271.29	116.184	2.30206
XR_007061344.1	1125	897.293	0.0167727	0.000841222
XR_007061345.1	4449	4221.29	0	0
XR_007061346.1	7491	7263.29	0	0
XR_007061347.1	7551	7323.29	14.4648	0.0888893
XR_007061348.1	4362	4134.29	0	0
XR_007061349.1	4338	4110.29	0	0
XR_007061350.1	7387	7159.29	33.9268	0.213263
XR_007061351.1	4348	4120.29	55.5084	0.606279
XR_007061352.1	4345	4117.29	1.88802	0.0206365
XR_007061353.1	4255	4027.29	13.325	0.1489
XR_007061354.1	4231	4003.29	18.7508	0.210788
XR_007061355.1	2781	2553.29	46.2197	0.814646
XR_007061356.1	2569	2341.29	0	0
XR_007061357.1	1129	901.293	26.4989	1.32313
XR_007061358.1	1115	887.293	106.933	5.42358
XR_007061359.1	2180	1952.29	0.0116907	0.000269487
XR_007061360.1	1564	1336.29	0	0
XR_007061361.1	879	651.427	32.3107	2.23215
XR_007061362.1	1859	1631.29	0	0
XR_007061363.1	3858	3630.29	0	0
XR_007061364.1	4352	4124.29	5.21448	0.0568989
XR_007061365.1	6720	6492.29	15.9023	0.110231
XR_007061366.1	2967	2739.29	0	0
XR_007061367.1	3888	3660.29	32.137	0.395123
XR_007061368.1	2028	1800.29	49.4032	1.23496
XR_007061369.1	1589	1361.29	310.363	10.2603
XR_007061371.1	2505	2277.29	0.312234	0.00617026
XR_007061372.1	1140	912.293	89.4238	4.41124
XR_007061373.1	1435	1207.29	0	0
XR_007061374.1	1116	888.293	27.5648	1.3965
XR_007061375.1	2826	2598.29	17.1231	0.296577
XR_007061376.1	3875	3647.29	0	0
XR_007061377.1	3461	3233.29	0	0
XR_007061378.1	5920	5692.29	0	0
XR_007061379.1	5853	5625.29	0	0
XR_007061380.1	4511	4283.29	0	0
XR_007061381.1	3694	3466.29	6.14778	0.079817
XR_007061382.1	7054	6826.29	0	0
XR_007061383.1	6256	6028.29	5.8572e-07	4.37258e-09
XR_007061389.1	1383	1155.29	0	0
XR_007061390.1	1203	975.293	1	0.0461431
XR_007061391.1	450	234.286	3	0.576258
XR_007061392.1	2734	2506.29	1.01131	0.0181591
XR_007061393.1	2779	2551.29	0	0
XR_007061394.1	700	472.947	0	0
XR_007061395.1	4031	3803.29	0	0
XR_007061396.1	592	367.025	1	0.122616
XR_007061397.1	712	484.852	0	0
XR_007061398.1	8785	8557.29	13.0886	0.0688335
XR_007061399.1	747	519.701	0	0
XR_007061400.1	286	108.57	0	0
XR_007061401.1	366	164.863	0	0
XR_007061402.1	6158	5930.29	18	0.136596
XR_007061403.1	413	202.921	20.8134	4.61593
XR_007061404.1	477	258.967	0	0
XR_007061405.1	15001	14773.3	0	0
XR_007061406.1	2012	1784.29	8.08461	0.203908
XR_007061407.1	12989	12761.3	20.106	0.0709043
XR_007061408.1	353	154.998	1.88525	0.547374
XR_007061409.1	792	564.487	0	0
XR_007061410.1	2983	2755.29	3	0.049
XR_007061412.1	1671	1443.29	2.31764	0.0722658
XR_007061413.1	2820	2592.29	2	0.0347207
XR_007061414.1	1904	1676.29	0	0
XR_007061415.1	695	468.041	1.01198	0.0973043
XR_007061416.1	256	89.7297	0	0
XR_007061417.1	3342	3114.29	37.1696	0.537119
XR_007061419.1	2319	2091.29	0	0
XR_007061420.1	339	144.406	0	0
XR_007061421.1	1145	917.293	7	0.343425
XR_007061422.1	1749	1521.29	1.46947	0.0434701
XR_007061423.1	322	132.775	0	0
XR_007061424.1	364	163.525	0	0
XR_007061425.1	556	332.141	0	0
XR_007061426.1	4672	4444.29	0	0
XR_007061427.1	1318	1090.29	14.1597	0.584456
XR_007061428.1	1164	936.293	0.840348	0.0403915
XR_007061429.1	972	744.293	5	0.302321
XR_007061430.1	2162	1934.29	1.02919	0.0239451
XR_007061431.1	2298	2070.29	0	0
XR_007061432.1	256	89.7297	0	0
XR_007061433.1	3913	3685.29	2.00028	0.0244265
XR_007061434.1	4008	3780.29	0	0
XR_007061435.1	1096	868.293	0	0
XR_007061436.1	12124	11896.3	33.3465	0.126148
XR_007061437.1	1070	842.293	0	0
XR_007061438.1	242	81.454	0	0
XR_007061439.1	1075	847.293	0	0
XR_007061440.1	2309	2081.29	7.64231	0.165247
XR_007061441.1	219	68.5314	0	0
XR_007061442.1	1630	1402.29	0	0
XR_007061443.1	270	98.4585	0	0
XR_007061444.1	13211	12983.3	4	0.0138649
XR_007061445.1	5372	5144.29	5.04234	0.0441112
XR_007061446.1	2374	2146.29	0	0
XR_007061447.1	1923	1695.29	0	0
XR_007061448.1	4749	4521.29	18.4423	0.183567
XR_007061449.1	5546	5318.29	0	0
XR_007061450.1	5009	4781.29	7.19457	0.0677177
XR_007061451.1	1087	859.293	0	0
XR_007061452.1	5521	5293.29	0	0
XR_007061453.1	2194	1966.29	4	0.0915491
XR_007061454.1	852	624.427	1	0.072071
XR_007061455.1	3153	2925.29	7	0.107689
XR_007061462.1	1659	1431.29	1.03663	0.0325941
XR_007061463.1	4167	3939.29	3.20635	0.0366298
XR_007061464.1	8565	8337.29	27.923	0.150723
XR_007061465.1	494	274.359	0	0
XR_007061466.1	291	111.803	0	0
XR_007061467.1	653	426.803	27	2.84694
XR_007061468.1	682	455.179	0	0
XR_007061469.1	678	451.406	1.16135	0.115781
XR_007061470.1	413	202.921	0	0
XR_007061471.1	1471	1243.29	4	0.144787
XR_007061472.1	679	452.316	0	0
XR_007061473.1	728	500.753	17.012	1.52888
XR_007061474.1	4560	4332.29	88.0121	0.914254
XR_007061475.1	12618	12390.3	30.8883	0.11219
XR_007061477.1	2159	1931.29	0	0
XR_007061478.1	5662	5434.29	13.5646	0.112332
XR_007061479.1	5146	4918.29	15.4725	0.141576
XR_007061480.1	769	541.541	0	0
XR_007061481.1	664	437.717	0.143598	0.0147638
XR_007061482.1	462	244.971	2.65493	0.487732
XR_007061483.1	404	195.215	4.34507	1.00167
XR_007061484.1	4010	3782.29	0	0
XR_007061485.1	3649	3421.29	10.0067	0.131627
XR_007061486.1	6800	6572.29	9.56301	0.0654817
XR_007061487.1	6681	6453.29	0	0
XR_007061488.1	2164	1936.29	0	0
XR_007061489.1	745	517.701	0	0
XR_007061490.1	294	113.843	0	0
XR_007061491.1	1370	1142.29	0	0
XR_007061492.1	1246	1018.29	0	0
XR_007061493.1	954	726.293	0	0
XR_007061494.1	1260	1032.29	0	0
XR_007061495.1	9657	9429.29	0.717575	0.00342476
XR_007061496.1	2850	2622.29	0	0
XR_007061497.1	407	197.751	0	0
XR_007061498.1	2264	2036.29	0	0
XR_007061499.1	2130	1902.29	0	0
XR_007061500.1	1836	1608.29	15.3151	0.428547
XR_007061501.1	1863	1635.29	7.49384	0.20623
XR_007061502.1	1825	1597.29	0	0
XR_007061503.1	1735	1507.29	0	0
XR_007061504.1	1526	1298.29	0	0
XR_007061505.1	1132	904.293	0	0
XR_007061506.1	962	734.293	0	0
XR_007061507.1	947	719.293	1.31472	0.0822561
XR_007061508.1	304	120.29	0	0
XR_007061509.1	940	712.293	0	0
XR_007061510.1	1239	1011.29	0	0
XR_007061511.1	1421	1193.29	54.083	2.03965
XR_007061512.1	1378	1150.29	0	0
XR_007061513.1	43490	43262.3	163.785	0.170375
XR_007061514.1	4215	3987.29	0	0
XR_007061515.1	24372	24144.3	0	0
XR_007061516.1	24369	24141.3	0	0
XR_007061517.1	26128	25900.3	10.9544	0.0190338
XR_007061518.1	24410	24182.3	0	0
XR_007061519.1	26818	26590.3	8.70186	0.0147276
XR_007061520.1	8276	8048.29	5.63702	0.0315201
XR_007061521.1	8591	8363.29	0	0
XR_007061522.1	553	329.241	7.37115	1.00754
XR_007061523.1	1988	1760.29	1.0017	0.0256091
XR_007061524.1	668	441.629	0	0
XR_007061525.1	2290	2062.29	0	0
XR_007061526.1	6618	6390.29	0	0
XR_007061527.1	4882	4654.29	5.21625	0.0504368
XR_007061528.1	3843	3615.29	0	0
XR_007061529.1	6730	6502.29	0	0
XR_007061530.1	3350	3122.29	3.00245	0.0432758
XR_007061531.1	1119	891.293	45.9702	2.32112
XR_007061532.1	1266	1038.29	0	0
XR_007061533.1	1168	940.293	0	0
XR_007061534.1	7560	7332.29	0	0
XR_007061535.1	10987	10759.3	2.63694	0.0110296
XR_007061536.1	8078	7850.29	13.9978	0.0802448
XR_007061537.1	5882	5654.29	11.0121	0.0876461
XR_007061538.1	2466	2238.29	0	0
XR_007061539.1	928	700.293	1	0.0642632
XR_007061540.1	9653	9425.29	1.28382	0.00612986
XR_007061541.1	530	307.728	0	0
XR_007061542.1	304	120.29	0	0
XR_007061543.1	508	287.414	0	0
XR_007061544.1	5861	5633.29	53.4991	0.427392
XR_007061545.1	1897	1669.29	0	0
XR_007061546.1	1892	1664.29	0	0
XR_007061547.1	2155	1927.29	329	7.68228
XR_007061548.1	5059	4831.29	0	0
XR_007061549.1	5047	4819.29	0	0
XR_007061550.1	5428	5200.29	2.99749e-07	2.59401e-09
XR_007061551.1	5433	5205.29	8.02689e-08	6.93976e-10
XR_007061552.1	2001	1773.29	0	0
XR_007061553.1	2944	2716.29	0	0
XR_007061554.1	3156	2928.29	0	0
XR_007061555.1	3152	2924.29	0	0
XR_007061556.1	1769	1541.29	0	0
XR_007061557.1	3701	3473.29	0.0235294	0.000304868
XR_007061558.1	3687	3459.29	5.97647	0.0777499
XR_007061559.1	397	189.558	0	0
XR_007061560.1	6290	6062.29	20.4183	0.151574
XR_007061561.1	1844	1616.29	3	0.0835302
XR_007061562.1	3444	3216.29	10.0352	0.140415
XR_007061563.1	2803	2575.29	120.965	2.11385
XR_007061565.1	1238	1010.29	1	0.0445446
XR_007061566.1	3855	3627.29	23.773	0.294946
XR_007061567.1	436	222.144	0	0
XR_007061568.1	1683	1455.29	2	0.0618474
XR_007061569.1	340	145.187	0	0
XR_007061570.1	320	131.369	0	0
XR_007061571.1	2300	2072.29	1	0.0217166
XR_007061572.1	3621	3393.29	44.9834	0.596586
XR_007061573.1	10511	10283.3	4.3946	0.0192322
XR_007061574.1	533	310.571	0	0
XR_007061575.1	245	83.2645	0	0
XR_007061576.1	15830	15602.3	24.309	0.0701166
XR_007061577.1	3270	3042.29	5.49401	0.0812701
XR_007061578.1	6811	6583.29	3.40926	0.0233056
XR_007061579.1	777	549.487	0	0
XR_007061580.1	1478	1250.29	0	0
XR_007061581.1	3122	2894.29	0	0
XR_007061582.1	523	301.192	3	0.448251
XR_007061583.1	1468	1240.29	0	0
XR_007061584.1	3220	2992.29	3	0.045119
XR_007061585.1	837	609.427	5	0.369224
XR_007061586.1	5573	5345.29	0	0
XR_007061587.1	4821	4593.29	0	0
XR_007061588.1	5063	4835.29	0	0
XR_007061589.1	4842	4614.29	0	0
XR_007061590.1	4544	4316.29	1.40094	0.0146066
XR_007061591.1	2299	2071.29	0	0
XR_007061592.1	2295	2067.29	0	0
XR_007061593.1	2239	2011.29	0	0
XR_007061594.1	4957	4729.29	0	0
XR_007061595.1	1463	1235.29	1.62048	0.0590357
XR_007061596.1	1662	1434.29	0	0
XR_007061597.1	1166	938.293	0	0
XR_007061598.1	379	175.043	0	0
XR_007061599.1	690	463.088	1	0.0971805
XR_007061606.1	2237	2009.29	0.000206027	4.61448e-06
XR_007061607.1	2223	1995.29	2.99979	0.0676592
XR_007061608.1	4935	4707.29	3.0012	0.0286923
XR_007061609.1	975	747.293	0	0
XR_007061610.1	3336	3108.29	0	0
XR_007061611.1	2979	2751.29	0	0
XR_007061612.1	5625	5397.29	0	0
XR_007061613.1	3267	3039.29	0	0
XR_007061614.1	5567	5339.29	0	0
XR_007061615.1	3019	2791.29	3.00697	0.0484803
XR_007061617.1	5665	5437.29	14.0078	0.115939
XR_007061618.1	2556	2328.29	0	0
XR_007061619.1	1443	1215.29	0	0
XR_007061620.1	560	336.006	0	0
XR_007061621.1	639	413.014	1	0.108963
XR_007061622.1	6031	5803.29	0	0
XR_007061623.1	9381	9153.29	0	0
XR_007061624.1	9254	9026.29	0	0
XR_007061625.1	9041	8813.29	0	0
XR_007061626.1	9241	9013.29	0	0
XR_007061627.1	9914	9686.29	0	0
XR_007061628.1	9378	9150.29	0	0
XR_007061629.1	6822	6594.29	0	0
XR_007061630.1	1022	794.293	0	0
XR_007061631.1	276	102.102	0	0
XR_007061632.1	273	100.242	0	0
XR_007061633.1	1369	1141.29	0	0
XR_007061634.1	3350	3122.29	10.1027	0.145615
XR_007061635.1	1040	812.293	1	0.0554025
XR_007061636.1	2188	1960.29	1	0.0229573
XR_007061637.1	906	678.293	0	0
XR_007061638.1	962	734.293	0	0
XR_007061639.1	324	134.113	0	0
XR_007061640.1	9040	8812.29	7.00058	0.0357509
XR_007061641.1	5921	5693.29	0	0
XR_007061642.1	5002	4774.29	0	0
XR_007061643.1	793	565.487	0	0
XR_007061644.1	650	423.846	4.43689	0.4711
XR_007061645.1	472	254.125	0	0
XR_007061646.1	588	363.135	6.20333	0.768776
XR_007061647.1	387	181.366	0	0
XR_007061648.1	393	186.228	0	0
XR_007061649.1	330	138.255	0	0
XR_007061650.1	2411	2183.29	0	0
XR_007061651.1	3374	3146.29	15.1289	0.216396
XR_007061652.1	3378	3150.29	45.0114	0.643004
XR_007061653.1	1332	1104.29	12	0.489034
XR_007061654.1	5007	4779.29	6	0.0564976
XR_007061655.1	3144	2916.29	0	0
XR_007061656.1	2264	2036.29	3.00774	0.0664725
XR_007061660.1	5112	4884.29	79	0.727893
XR_007061661.1	124	22.454	0	0
XR_007061662.1	7496	7268.29	9.32095	0.0577125
XR_007061664.1	1026	798.293	0	0
XR_007061665.1	1000	772.293	0	0
XR_007061666.1	899	671.361	1	0.0670326
XR_007061667.1	441	226.512	0	0
XR_007061668.1	1653	1425.29	0	0
XR_007061669.1	6610	6382.29	4.94613	0.0348763
XR_007061670.1	5168	4940.29	0	0
XR_007061671.1	11077	10849.3	0	0
XR_007061672.1	7782	7554.29	40.0056	0.238325
XR_007061673.1	2059	1831.29	15.03	0.369354
XR_007061674.1	3149	2921.29	13	0.200268
XR_007061675.1	956	728.293	1.38403	0.0855229
XR_007061676.1	353	154.998	0	0
XR_007061680.1	625	399.259	1	0.112717
XR_007061681.1	2543	2315.29	6.14225	0.119389
XR_007061682.1	3127	2899.29	5.86529	0.0910415
XR_007061683.1	4621	4393.29	0	0
XR_007061684.1	324	134.113	0	0
XR_007061685.1	2815	2587.29	15.0058	0.261009
XR_007061686.1	779	551.487	1	0.0816032
XR_007061687.1	2012	1784.29	7.45443	0.188014
XR_007061688.1	231	75.3292	0	0
XR_007061689.1	1972	1744.29	5	0.129001
XR_007061690.1	417	206.073	6	1.3103
XR_007061691.1	352	154.086	0	0
XR_007061692.1	1264	1036.29	0	0
XR_007061696.1	608	382.573	0	0
XR_007061697.1	10600	10372.3	5.95811	0.0258509
XR_007061698.1	183	49.4606	0	0
XR_007061699.1	214	65.919	0	0
XR_007061700.1	6816	6588.29	8	0.0546461
XR_007061701.1	2280	2052.29	2	0.0438564
XR_007061702.1	344	148.132	0	0
XR_007061703.1	4743	4515.29	0	0
XR_007061704.1	1315	1087.29	0	0
XR_007061705.1	756	528.701	2	0.17024
XR_007061706.1	1519	1291.29	0	0
XR_007061711.1	1468	1240.29	0	0
XR_007061712.1	1319	1091.29	0	0
XR_007061713.1	3739	3511.29	0	0
XR_007061714.1	1654	1426.29	0	0
XR_007061715.1	1505	1277.29	0	0
XR_007061716.1	23033	22805.3	7.4622	0.0147256
XR_007061717.1	1187	959.293	4.15121	0.194745
XR_007061718.1	1659	1431.29	0	0
XR_007061719.1	530	307.728	29	4.24105
XR_007061720.1	3750	3522.29	10.3684	0.132474
XR_007061721.1	4952	4724.29	3.1358	0.0298713
XR_007061722.1	7447	7219.29	0	0
XR_007061723.1	837	609.427	2	0.14769
XR_007061724.1	1403	1175.29	0	0
XR_007061725.1	913	685.293	1	0.0656698
XR_007061726.1	1797	1569.29	4.02278	0.115362
XR_007061727.1	5145	4917.29	3.00005	0.0274565
XR_007061728.1	2152	1924.29	0	0
XR_007061729.1	920	692.293	1	0.0650058
XR_007061730.1	508	287.414	0	0
XR_007061731.1	8674	8446.29	2.13685	0.0113855
XR_007061732.1	4367	4139.29	19	0.206571
XR_007061734.1	2607	2379.29	0	0
XR_007061735.1	1752	1524.29	4.66838	0.137829
XR_007061736.1	7371	7143.29	0	0
XR_007061737.1	7246	7018.29	10.1249	0.0649234
XR_007061738.1	2828	2600.29	1.57109	0.0271907
XR_007061739.1	10079	9851.29	25.2489	0.115343
XR_007061740.1	1826	1598.29	0	0
XR_007061741.1	397	189.558	0	0
XR_007061742.1	1576	1348.29	1.63027	0.0544147
XR_007061743.1	409	199.348	0	0
XR_007061744.1	2543	2315.29	0	0
XR_007061745.1	2836	2608.29	11.0523	0.190695
XR_007061746.1	1776	1548.29	0	0
XR_007061747.1	2340	2112.29	12	0.255664
XR_007061748.1	549	325.637	2	0.2764
XR_007061749.1	2037	1809.29	0	0
XR_007061750.1	325	134.886	0	0
XR_007061751.1	484	265.13	0	0
XR_007061753.1	573	348.421	0	0
XR_007061754.1	1643	1415.29	0	0
XR_007061755.1	609	383.573	0	0
XR_007061756.1	219	68.5314	0	0
XR_007061757.1	268	97.2933	0	0
XR_007061758.1	376	172.561	0	0
XR_007061759.1	566	341.699	6	0.790223
XR_007061760.1	1975	1747.29	16.3179	0.420283
XR_007061761.1	2771	2543.29	0	0
XR_007061762.1	1171	943.293	0	0
XR_007061763.1	2784	2556.29	0	0
XR_007061764.1	8795	8567.29	48.8126	0.256407
XR_007061765.1	1111	883.293	5	0.254746
XR_007061766.1	4887	4659.29	0	0
XR_007061767.1	6021	5793.29	0	0
XR_007061768.1	6877	6649.29	0	0
XR_007061769.1	4871	4643.29	4.13977	0.0401229
XR_007061770.1	4031	3803.29	0	0
XR_007061771.1	3456	3228.29	0	0
XR_007061772.1	10457	10229.3	16.0098	0.0704339
XR_007061773.1	27610	27382.3	40.4732	0.0665181
XR_007061774.1	1386	1158.29	0	0
XR_007061775.1	743	515.753	0	0
XR_007061776.1	853	625.427	2.2685	0.163231
XR_007061777.1	9208	8980.29	8.02544	0.040218
XR_007061778.1	14781	14553.3	6.00045	0.0185552
XR_007061779.1	435	221.33	0	0
XR_007061780.1	431	217.835	0	0
XR_007061781.1	2896	2668.29	0	0
XR_007061782.1	3710	3482.29	6.44653	0.0833111
XR_007061783.1	2216	1988.29	0	0
XR_007061784.1	3460	3232.29	0	0
XR_007061785.1	2126	1898.29	0	0
XR_007061786.1	2855	2627.29	0	0
XR_007061787.1	2313	2085.29	0	0
XR_007061788.1	3215	2987.29	0	0
XR_007061789.1	1966	1738.29	0	0
XR_007061790.1	2371	2143.29	0	0
XR_007061791.1	2080	1852.29	1.31937	0.0320551
XR_007061792.1	515	293.705	0	0
XR_007061793.1	1265	1037.29	0	0
XR_007061794.1	3758	3530.29	0	0
XR_007061795.1	2856	2628.29	22.3079	0.381968
XR_007061796.1	2724	2496.29	14.7154	0.265289
XR_007061797.1	785	557.487	1.78985	0.144485
XR_007061798.1	319	130.608	0	0
XR_007061799.1	1284	1056.29	7.12367	0.303502
XR_007061800.1	222	70.1969	2	1.2822
XR_007061801.1	750	522.701	2.02157	0.174052
XR_007061802.1	1831	1603.29	14	0.392968
XR_007061803.1	1159	931.293	2.02633	0.0979185
XR_007061804.1	512	290.943	0	0
XR_007061805.1	334	141.098	0	0
XR_007061806.1	5694	5466.29	52.9801	0.436177
XR_007061807.1	4069	3841.29	3.22444	0.0377762
XR_007061808.1	951	723.293	0	0
XR_007061809.1	503	282.705	0	0
XR_007061810.1	385	179.839	1	0.250241
XR_007061811.1	1987	1759.29	7.85584	0.200954
XR_007061812.1	939	711.293	1	0.0632694
XR_007061813.1	2253	2025.29	0	0
XR_007061814.1	1072	844.293	1	0.0533027
XR_007061815.1	163	39.2066	1	1.14784
XR_007061816.1	2016	1788.29	3.02733	0.076184
XR_007061817.1	4652	4424.29	19.8787	0.202202
XR_007061818.1	1837	1609.29	19	0.531326
XR_007061819.1	1913	1685.29	0	0
XR_007061820.1	1689	1461.29	6.41859	0.197672
XR_007061821.1	546	322.964	4.58141	0.638391
XR_007061822.1	1882	1654.29	0	0
XR_007061823.1	373	170.281	0	0
XR_007061824.1	422	210.345	0	0
XR_007061825.1	315	127.681	0	0
XR_007061826.1	231	75.3292	0	0
XR_007061827.1	764	536.541	0	0
XR_007061828.1	661	434.717	0	0
XR_007061829.1	1474	1246.29	1	0.0361095
XR_007061830.1	1309	1081.29	0	0
XR_007061831.1	2102	1874.29	6	0.144064
XR_007061832.1	2854	2626.29	1.5	0.0257034
XR_007061833.1	958	730.293	0	0
XR_007061834.1	4590	4362.29	26.0536	0.268779
XR_007061835.1	1020	792.293	0	0
XR_007061836.1	200	58.6283	0	0
XR_007061837.1	3155	2927.29	1.44403	0.0222
XR_007061838.1	3304	3076.29	0	0
XR_007061839.1	2203	1975.29	0	0
XR_007061840.1	2457	2229.29	0	0
XR_007061841.1	1480	1252.29	3.55597	0.127789
XR_007061842.1	2027	1799.29	62.9002	1.57323
XR_007061843.1	4710	4482.29	42.0015	0.421703
XR_007061846.1	4768	4540.29	0	0
XR_007061847.1	1279	1051.29	0	0
XR_007061848.1	590	365.061	0	0
XR_007061849.1	1321	1093.29	0	0
XR_007061850.1	1324	1096.29	4	0.164201
XR_007061851.1	3593	3365.29	1	0.0133727
XR_007061852.1	7157	6929.29	43.3787	0.281728
XR_007061853.1	9204	8976.29	2.85688	0.0143231
XR_007061854.1	7080	6852.29	0.407607	0.002677
XR_007061855.1	6590	6362.29	26.2972	0.186011
XR_007061856.1	6331	6103.29	0	0
XR_007061857.1	9052	8824.29	39.2677	0.200262
XR_007061858.1	6928	6700.29	12.4379	0.0835403
XR_007061859.1	6898	6670.29	80.6148	0.543891
XR_007061860.1	8714	8486.29	7.15127e-06	3.79234e-08
XR_007061861.1	583	358.243	4	0.502486
XR_007061862.1	661	434.717	0	0
XR_007061863.1	1758	1530.29	7.19526	0.211599
XR_007061864.1	2219	1991.29	6.19793	0.140073
XR_007061865.1	1103	875.293	0	0
XR_007061866.1	867	639.427	0	0
XR_007061867.1	536	313.414	0	0
XR_007061868.1	1379	1151.29	0	0
XR_007061869.1	504	283.647	0	0
XR_007061870.1	745	517.701	0	0
XR_007061871.1	742	514.753	0	0
XR_007061872.1	1278	1050.29	0	0
XR_007061873.1	2571	2343.29	0	0
XR_007061874.1	2854	2626.29	7.11072	0.121846
XR_007061875.1	5320	5092.29	0	0
XR_007061876.1	4907	4679.29	0	0
XR_007061877.1	4910	4682.29	0	0
XR_007061878.1	4914	4686.29	0	0
XR_007061879.1	3185	2957.29	0	0
XR_007061880.1	423	211.123	0	0
XR_007061881.1	3002	2774.29	179.672	2.91454
XR_007061882.1	577	352.35	0	0
XR_007061883.1	269	97.8901	0	0
XR_007061884.1	404	195.215	0	0
XR_007061885.1	178	46.9587	0	0
XR_007061886.1	5143	4915.29	12.4778	0.114243
XR_007061887.1	3127	2899.29	0	0
XR_007061888.1	3465	3237.29	91.0287	1.26543
XR_007061889.1	3468	3240.29	0.000150852	2.09512e-06
XR_007061890.1	3472	3244.29	94.0404	1.30448
XR_007061891.1	576	351.35	0	0
XR_007061892.1	1036	808.293	0	0
XR_007061893.1	1495	1267.29	0	0
XR_007061894.1	303	119.67	0	0
XR_007061895.1	2187	1959.29	0	0
XR_007061896.1	827	599.427	0	0
XR_007061897.1	658	431.717	0	0
XR_007061898.1	598	372.913	0	0
XR_007061899.1	5650	5422.29	6.01127	0.0498914
XR_007061900.1	1349	1121.29	0	0
XR_007061901.1	1717	1489.29	0	0
XR_007061902.1	252	87.2826	0	0
XR_007061903.1	9479	9251.29	1.37819	0.00670424
XR_007061904.1	260	92.282	0	0
XR_007061905.1	26155	25927.3	0	0
XR_007061906.1	25572	25344.3	2.07474e-06	3.68405e-09
XR_007061907.1	25311	25083.3	3.02323	0.00542411
XR_007061908.1	109	17.8694	0	0
XR_007061909.1	106	16.543	0	0
XR_007061910.1	108	17.4905	0	0
XR_007061911.1	134	26.2749	0	0
XR_007061912.1	86	16.0191	0	0
XR_007061913.1	76	14.8793	0	0
XR_007061914.1	68	17.931	0	0
XR_007061915.1	104	15.9806	0	0
XR_007061916.1	104	15.9806	0	0
XR_007061917.1	107	17.0159	0	0
XR_007061918.1	104	15.9806	0	0
XR_007061919.1	100	15.2776	0	0
XR_007061920.1	103	15.7909	0	0
XR_007061921.1	104	15.9806	3	8.44833
XR_007061922.1	103	15.7909	0	0
XR_007061923.1	104	15.9806	0	0
XR_007061924.1	101	15.5262	0	0
XR_007061925.1	100	15.2776	1	2.94569
XR_007061926.1	103	15.7909	0	0
XR_007061927.1	100	15.2776	1	2.94569
XR_007061928.1	4497	4269.29	0	0
XR_007061929.1	1347	1119.29	0	0
XR_007061930.1	1397	1169.29	0	0
XR_007061931.1	2568	2340.29	0	0
XR_007061932.1	2367	2139.29	4.62289	0.097249
XR_007061933.1	2245	2017.29	0.0392433	0.000875466
XR_007061934.1	2255	2027.29	4.4616e-05	9.90412e-07
XR_007061935.1	1256	1028.29	0	0
XR_007061936.1	1028	800.293	2.66748	0.150001
XR_007061937.1	1031	803.293	0.0157862	0.000884391
XR_007061938.1	3025	2797.29	2.30254	0.0370434
XR_007061939.1	2597	2369.29	333.324	6.33125
XR_007061940.1	4315	4087.29	261.888	2.88351
XR_007061941.1	738	510.753	0	0
XR_007061942.1	677	450.406	21.1765	2.11589
XR_007061943.1	3526	3298.29	4.44903	0.0607042
XR_007061944.1	2241	2013.29	0.330817	0.00739475
XR_007061945.1	5604	5376.29	3.69525	0.0309316
XR_007061946.1	6381	6153.29	2.15757	0.0157797
XR_007061947.1	2248	2020.29	0	0
XR_007061948.1	2251	2023.29	0	0
XR_007061949.1	1795	1567.29	0	0
XR_007061950.1	1029	801.293	202.875	11.3941
XR_007061951.1	2634	2406.29	0	0
XR_007061952.1	7161	6933.29	8.88559e-05	5.76752e-07
XR_007061953.1	14013	13785.3	7.65836	0.0250013
XR_007061954.1	1092	864.293	0	0
XR_007061955.1	1985	1757.29	23.5537	0.603194
XR_007061956.1	2019	1791.29	0	0
XR_007061957.1	1475	1247.29	32.0847	1.15764
XR_007061958.1	1907	1679.29	0	0
XR_007061959.1	2366	2138.29	0	0
XR_007061960.1	18231	18003.3	555.086	1.38756
XR_007061961.1	4223	3995.29	78.2062	0.880917
XR_007061962.1	1599	1371.29	0	0
XR_007061963.1	1647	1419.29	0	0
XR_007061964.1	2428	2200.29	9.59507	0.19625
XR_007061965.1	1986	1758.29	0	0
XR_007061966.1	1962	1734.29	0	0
XR_007061967.1	2268	2040.29	589.446	13.0015
XR_007061968.1	8806	8578.29	26.1835	0.137363
XR_007061969.1	7725	7497.29	0	0
XR_007061970.1	7537	7309.29	0	0
XR_007061971.1	6907	6679.29	0	0
XR_007061972.1	966	738.293	3.29533	0.200869
XR_007061973.1	2574	2346.29	59.3238	1.13786
XR_007061974.1	2540	2312.29	0	0
XR_007061975.1	1985	1757.29	0	0
XR_007061976.1	3169	2941.29	4.48394e-08	6.86062e-10
XR_007061977.1	3824	3596.29	0	0
XR_007061978.1	4590	4362.29	0	0
XR_007061979.1	2949	2721.29	0	0
XR_007061980.1	2081	1853.29	0	0
XR_007061981.1	5136	4908.29	7.89483	0.072386
XR_007061982.1	4246	4018.29	60.8451	0.681438
XR_007061983.1	5270	5042.29	6.71722	0.059952
XR_007061984.1	1221	993.293	3.41975	0.154938
XR_007061985.1	3698	3470.29	0	0
XR_007061986.1	890	662.427	33.4104	2.26979
XR_007061987.1	2148	1920.29	7.73817	0.181348
XR_007061988.1	1363	1135.29	0	0
XR_007061989.1	2697	2469.29	10.0002	0.182255
XR_007061990.1	3790	3562.29	3.60992e-07	4.56048e-09
XR_007061991.1	3748	3520.29	0	0
XR_007061992.1	2220	1992.29	0	0
XR_007061993.1	2187	1959.29	50.1094	1.15096
XR_007061994.1	3703	3475.29	0	0
XR_007061995.1	3697	3469.29	1.77509e-05	2.30261e-07
XR_007061996.1	3676	3448.29	67.8014	0.884865
XR_007061997.1	2151	1923.29	0	0
XR_007061998.1	3652	3424.29	6.94256	0.0912412
XR_007061999.1	3634	3406.29	2.19014e-06	2.89355e-08
XR_007062000.1	3607	3379.29	55.492	0.739004
XR_007062001.1	1827	1599.29	0	0
XR_007062002.1	1037	809.293	0	0
XR_007062003.1	1388	1160.29	9.34288	0.362372
XR_007062004.1	2846	2618.29	37.2838	0.640832
XR_007062005.1	914	686.293	8.84491	0.579997
XR_007062007.1	685	458.134	38.007	3.73348
XR_007062008.1	3384	3156.29	14.2401	0.203038
XR_007062009.1	3229	3001.29	2.98497	0.0447584
XR_007062010.1	2982	2754.29	1.67894	0.0274326
XR_007062011.1	2670	2442.29	8.80711	0.162285
XR_007062012.1	2516	2288.29	0	0
XR_007062013.1	3807	3579.29	5.0335	0.063287
XR_007062014.1	2485	2257.29	0	0
XR_007062015.1	8994	8766.29	0	0
XR_007062016.1	2505	2277.29	88.747	1.75379
XR_007062017.1	4796	4568.29	5.8526	0.057655
XR_007062018.1	4407	4179.29	23.7051	0.255259
XR_007062019.1	3021	2793.29	1.17743e-08	1.89698e-10
XR_007062020.1	4187	3959.29	22.8891	0.260168
XR_007062021.1	4191	3963.29	0	0
XR_007062022.1	2860	2632.29	0	0
XR_007062023.1	935	707.293	0	0
XR_007062024.1	584	359.207	0	0
XR_007062025.1	3520	3292.29	30	0.410077
XR_007062029.1	1666	1438.29	0	0
XR_007062030.1	1242	1014.29	0	0
XR_007062031.1	2995	2767.29	0	0
XR_007062032.1	994	766.293	0	0
XR_007062033.1	1192	964.293	0	0
XR_007062034.1	1148	920.293	0	0
XR_007062035.1	489	269.721	0	0
XR_007062036.1	428	215.312	3	0.627039
XR_007062037.1	417	206.073	0	0
XR_007062038.1	959	731.293	26.7987	1.64917
XR_007062039.1	6786	6558.29	1.00053	0.00686563
XR_007062040.1	1371	1143.29	0	0
XR_007062041.1	9749	9521.29	41.9433	0.198248
XR_007062042.1	302	119.035	0	0
XR_007062043.1	2343	2115.29	3.00545	0.0639412
XR_007062044.1	3771	3543.29	4.0307	0.0511936
XR_007062045.1	509	288.355	2	0.312136
XR_007062049.1	17001	16773.3	16.0231	0.0429904
XR_007062050.1	2730	2502.29	1.3237	0.0238064
XR_007062051.1	22608	22380.3	17.3523	0.0348926
XR_007062052.1	1254	1026.29	1	0.0438501
XR_007062053.1	382	177.405	1	0.253674
XR_007062054.1	2963	2735.29	0	0
XR_007062055.1	1837	1609.29	0	0
XR_007062056.1	1133	905.293	8.00079	0.397728
XR_007062057.1	556	332.141	0	0
XR_007062058.1	1337	1109.29	0.416775	0.0169082
XR_007062059.1	3537	3309.29	4.02065	0.0546769
XR_007062060.1	1715	1487.29	0	0
XR_007062061.1	743	515.753	2	0.174514
XR_007062062.1	897	669.361	0	0
XR_007062063.1	3677	3449.29	1.00009	0.0130482
XR_007062067.1	5026	4798.29	56.8167	0.532883
XR_007062068.1	324	134.113	0	0
XR_007062069.1	557	333.141	0	0
XR_007062070.1	8474	8246.29	1.00723	0.00549684
XR_007062071.1	1249	1021.29	0	0
XR_007062072.1	19757	19529.3	26.1667	0.0602983
XR_007062073.1	9737	9509.29	23	0.108848
XR_007062074.1	439	224.747	0	0
XR_007062075.1	13829	13601.3	45.3623	0.150092
XR_007062076.1	5557	5329.29	40.5413	0.34235
XR_007062077.1	1873	1645.29	3	0.0820579
XR_007062078.1	2299	2071.29	5	0.108635
XR_007062079.1	205	61.3237	0	0
XR_007062080.1	2016	1788.29	0	0
XR_007062081.1	1466	1238.29	0	0
XR_007062082.1	975	747.293	0	0
XR_007062083.1	557	333.141	0	0
XR_007062084.1	13895	13667.3	17.605	0.0579689
XR_007062085.1	374	171.054	0	0
XR_007062086.1	1236	1008.29	0	0
XR_007062087.1	7225	6997.29	3.38853	0.0217933
XR_007062088.1	4476	4248.29	3.09068	0.0327403
XR_007062089.1	129	24.2036	0	0
XR_007062090.1	315	127.681	2	0.704928
XR_007062091.1	1112	884.293	0	0
XR_007062092.1	729	501.753	0	0
XR_007062093.1	1639	1411.29	0	0
XR_007062094.1	6529	6301.29	34.9047	0.249285
XR_007062095.1	6735	6507.29	10.0953	0.0698171
XR_007062096.1	5821	5593.29	0	0
XR_007062097.1	394	187.168	0	0
XR_007062098.1	471	253.178	0	0
XR_007062099.1	2383	2155.29	1.02513	0.021405
XR_007062100.1	591	366.025	0	0
XR_007062101.1	783	555.487	0	0
XR_007062102.1	835	607.427	0	0
XR_007062103.1	242	81.454	0	0
XR_007062104.1	304	120.29	0	0
XR_007062106.1	617	391.417	0	0
XR_007062107.1	3169	2941.29	44.7229	0.68428
XR_007062108.1	974	746.293	1	0.0603021
XR_007062109.1	2074	1846.29	0	0
XR_007062110.1	2310	2082.29	6.63549	0.143408
XR_007062111.1	778	550.487	0	0
XR_007062112.1	3424	3196.29	4.00191	0.056346
XR_007062113.1	602	376.687	0	0
XR_007062114.1	8351	8123.29	26.5867	0.14729
XR_007062115.1	1440	1212.29	0	0
XR_007062116.1	281	105.3	0	0
XR_007062117.1	1827	1599.29	6.91198e-06	1.94499e-07
XR_007062118.1	1811	1583.29	6.70514	0.190585
XR_007062119.1	2084	1856.29	0	0
XR_007062120.1	1827	1599.29	6.91198e-06	1.94499e-07
XR_007062121.1	1824	1596.29	9.06887e-05	2.55672e-06
XR_007062122.1	1752	1524.29	0	0
XR_007062123.1	1736	1508.29	0	0
XR_007062124.1	1087	859.293	0	0
XR_007062125.1	1129	901.293	0	0
XR_007062127.1	1364	1136.29	0	0
XR_007062128.1	1071	843.293	0	0
XR_007062129.1	2140	1912.29	0	0
XR_007062130.1	1540	1312.29	2.00436	0.0687365
XR_007062132.1	431	217.835	0	0
XR_007062133.1	4420	4192.29	34	0.36498
XR_007062137.1	28169	27941.3	433.703	0.698534
XR_007062138.1	5112	4884.29	19.3504	0.178292
XR_007062139.1	765	537.541	1.19903	0.100383
XR_007062140.1	678	451.406	0	0
XR_007062141.1	837	609.427	60.5799	4.47351
XR_007062142.1	616	390.417	0	0
XR_007062143.1	5794	5566.29	18	0.145529
XR_007062144.1	601	375.763	0	0
XR_007062145.1	832	604.427	5	0.372279
XR_007062146.1	427	214.584	9.80099	2.05549
XR_007062147.1	1459	1231.29	2	0.0730989
XR_007062148.1	932	704.293	0	0
XR_007062149.1	3090	2862.29	5	0.0786137
XR_007062150.1	3184	2956.29	0	0
XR_007062151.1	717	489.852	0	0
XR_007062152.1	228	73.5821	0	0
XR_007062153.1	191	53.6233	0	0
XR_007062154.1	291	111.803	0	0
XR_007062155.1	317	129.052	0	0
XR_007062156.1	887	659.427	1.00919	0.0688727
XR_007062157.1	2308	2080.29	0	0
XR_007062158.1	6311	6083.29	9.09044	0.0672494
XR_007062159.1	1968	1740.29	0	0
XR_007062160.1	1228	1000.29	0	0
XR_007062161.1	1230	1002.29	0	0
XR_007062162.1	660	433.717	0	0
XR_007062163.1	355	156.626	0	0
XR_007062164.1	811	583.487	0	0
XR_007062165.1	785	557.487	0	0
XR_007062166.1	948	720.293	0	0
XR_007062167.1	874	646.427	0	0
XR_007062168.1	598	372.913	0	0
XR_007062169.1	410	200.199	0	0
XR_007062170.1	600	374.838	0	0
XR_007062171.1	591	366.025	0	0
XR_007062172.1	581	356.279	0	0
XR_007062173.1	272	99.7041	0	0
XR_007062174.1	242	81.454	0	0
XR_007062175.1	568	343.63	0	0
XR_007062176.1	342	146.678	1	0.306815
XR_007062177.1	302	119.035	0	0
XR_007062178.1	293	113.08	0	0
XR_007062179.1	1000	772.293	4	0.233088
XR_007062180.1	468	250.385	0	0
XR_007062181.1	463	245.87	14	2.5625
XR_007062183.1	1038	810.293	0	0
XR_007062184.1	894	666.361	0	0
XR_007062185.1	2749	2521.29	1.01011	0.0180297
XR_007062186.1	794	566.487	0	0
XR_007062187.1	633	407.137	1	0.110535
XR_007062189.1	13250	13022.3	11.4225	0.0394745
XR_007062190.1	4498	4270.29	7.90145	0.0832705
XR_007062191.1	765	537.541	0	0
XR_007062192.1	735	507.753	1	0.0886319
XR_007062193.1	1214	986.293	0	0
XR_007062194.1	3129	2901.29	8.18938	0.127029
XR_007062195.1	297	115.768	57	22.1579
XR_007062196.1	445	230.083	2	0.39119
XR_007062197.1	5332	5104.29	9.74694	0.0859359
XR_007062198.1	23039	22811.3	43.5533	0.0859237
XR_007062199.1	5157	4929.29	8.03345	0.0733432
XR_007062200.1	392	185.43	1	0.242696
XR_007062201.1	1980	1752.29	0	0
XR_007062202.1	258	91.0962	0	0
XR_007062203.1	12800	12572.3	2.00058	0.00716116
XR_007062204.1	235	77.5231	0	0
XR_007062205.1	20813	20585.3	61.0609	0.13349
XR_007062206.1	1108	880.293	0	0
XR_007062207.1	878	650.427	8.24799	0.570679
XR_007062208.1	562	337.904	0	0
XR_007062209.1	1518	1290.29	0	0
XR_007062210.1	4400	4172.29	5	0.0539309
XR_007062211.1	758	530.648	13	1.1025
XR_007062212.1	828	600.427	0	0
XR_007062213.1	1868	1640.29	1.00081	0.0274582
XR_007062214.1	2514	2286.29	0	0
XR_007062215.1	633	407.137	0	0
XR_007062216.1	12852	12624.3	46.2218	0.164772
XR_007062217.1	1091	863.293	10.3562	0.539866
XR_007062218.1	7053	6825.29	43.7685	0.288591
XR_007062219.1	31016	30788.3	14.266	0.0208525
XR_007062220.1	6176	5948.29	0	0
XR_007062221.1	783	555.487	0	0
XR_007062222.1	11782	11554.3	58.5287	0.227965
XR_007062223.1	255	89.2265	1.2295	0.620123
XR_007062224.1	4724	4496.29	32.9724	0.330019
XR_007062225.1	1939	1711.29	0	0
XR_007062226.1	1189	961.293	0	0
XR_007062227.1	2032	1804.29	8.15157	0.203318
XR_007062228.1	4667	4439.29	0	0
XR_007062229.1	4736	4508.29	0	0
XR_007062230.1	2544	2316.29	22.2398	0.432096
XR_007062231.1	586	361.171	6.19905	0.772422
XR_007062232.1	357	158.178	1.85433	0.527574
XR_007062233.1	540	317.191	0	0
XR_007062237.1	3488	3260.29	1.00013	0.0138052
XR_007062238.1	506	285.56	0	0
XR_007062239.1	408	198.624	0	0
XR_007062240.1	8395	8167.29	69.8501	0.384885
XR_007062241.1	861	633.427	4	0.284188
XR_007062242.1	1939	1711.29	0	0
XR_007062243.1	1252	1024.29	2.00275	0.0879923
XR_007062244.1	1867	1639.29	0	0
XR_007062245.1	3606	3378.29	1.11117	0.0148022
XR_007062246.1	885	657.427	4.28205	0.293121
XR_007062247.1	877	649.427	0	0
XR_007062248.1	1333	1105.29	5	0.20358
XR_007062249.1	426	213.764	0	0
XR_007062250.1	352	154.086	0	0
XR_007062251.1	6785	6557.29	2.00231	0.013742
XR_007062252.1	8900	8672.29	7.09858	0.0368366
XR_007062253.1	24534	24306.3	34.9746	0.0647555
XR_007062254.1	19675	19447.3	38.1445	0.0882704
XR_007062255.1	6745	6517.29	1.04577	0.00722121
XR_007062256.1	655	428.76	0	0
XR_007062257.1	421	209.523	1	0.214789
XR_007062259.1	2296	2068.29	2	0.0435171
XR_007062260.1	8749	8521.29	13.814	0.0729553
XR_007062264.1	1051	823.293	5.62656	0.307561
XR_007062265.1	758	530.648	0.373441	0.0316707
XR_007062266.1	1195	967.293	0	0
XR_007062267.1	1608	1380.29	0	0
XR_007062268.1	357	158.178	0	0
XR_007062269.1	2792	2564.29	0	0
XR_007062270.1	1486	1258.29	0	0
XR_007062271.1	353	154.998	0	0
XR_007062272.1	1649	1421.29	22.5221	0.713127
XR_007062273.1	699	471.947	0	0
XR_007062274.1	828	600.427	8.48552	0.636004
XR_007062275.1	1060	832.293	15	0.811068
XR_007062276.1	1183	955.293	2.02517	0.0954042
XR_007062277.1	2197	1969.29	13.8634	0.316811
XR_007062278.1	3056	2828.29	0	0
XR_007062279.1	2194	1966.29	0	0
XR_007062280.1	633	407.137	0	0
XR_007062281.1	1302	1074.29	0	0
XR_007062282.1	3116	2888.29	0	0
XR_007062283.1	1565	1337.29	8.79421	0.295946
XR_007062284.1	625	399.259	40	4.50866
XR_007062285.1	1178	950.293	0	0
XR_007062286.1	220	69.167	0	0
XR_007062287.1	2524	2296.29	0	0
XR_007062288.1	908	680.293	0	0
XR_007062289.1	1043	815.293	0	0
XR_007062290.1	2128	1900.29	0	0
XR_007062291.1	944	716.293	0	0
XR_007062292.1	43009	42781.3	23.9581	0.0252023
XR_007062293.1	313	126.323	0	0
XR_007062294.1	589	364.098	5	0.618008
XR_007062295.1	1672	1444.29	4	0.124637
XR_007062296.1	1498	1270.29	0	0
XR_007062297.1	2265	2037.29	2.00352	0.0442571
XR_007062298.1	315	127.681	0	0
XR_007062299.1	2245	2017.29	0	0
XR_007062312.1	950	722.293	0	0
XR_007062313.1	823	595.427	0	0
XR_007062314.1	7084	6856.29	14.3523	0.094205
XR_007062315.1	2698	2470.29	0	0
XR_007062316.1	2467	2239.29	1	0.020097
XR_007062317.1	650	423.846	0	0
XR_007062318.1	641	415.014	0	0
XR_007062319.1	1775	1547.29	0	0
XR_007062320.1	4279	4051.29	0	0
XR_007062321.1	767	539.541	0	0
XR_007062322.1	2779	2551.29	26.0904	0.460216
XR_007062323.1	4368	4140.29	9.62105	0.104576
XR_007062324.1	9095	8867.29	62.6798	0.318111
XR_007062325.1	9027	8799.29	0.000218124	1.11557e-06
XR_007062326.1	14078	13850.3	0	0
XR_007062327.1	4760	4532.29	0	0
XR_007062328.1	3254	3026.29	0	0
XR_007062329.1	1437	1209.29	29	1.07922
XR_007062330.1	2633	2405.29	1.32173	0.0247296
XR_007062331.1	3091	2863.29	0	0
XR_007062332.1	739	511.753	0	0
XR_007062333.1	593	367.988	0	0
XR_007062334.1	230	74.7519	0	0
XR_007062335.1	358	158.891	0	0
XR_007062336.1	14521	14293.3	29.0498	0.0914647
XR_007062337.1	465	247.59	1	0.181764
XR_007062338.1	433	219.537	0	0
XR_007062339.1	552	328.307	0	0
XR_007062342.1	3412	3184.29	6	0.084797
XR_007062343.1	3702	3474.29	9	0.116578
XR_007062344.1	1240	1012.29	0	0
XR_007062345.1	1012	784.293	0	0
XR_007062346.1	3361	3133.29	0	0
XR_007062347.1	3088	2860.29	0	0
XR_007062348.1	1619	1391.29	0	0
XR_007062349.1	8457	8229.29	26	0.142185
XR_007062350.1	5221	4993.29	0	0
XR_007062351.1	2382	2154.29	0	0
XR_007062352.1	378	174.332	0	0
XR_007062353.1	542	319.126	0	0
XR_007062354.1	724	496.802	0	0
XR_007062355.1	1969	1741.29	0	0
XR_007062356.1	1491	1263.29	1.00022	0.0356316
XR_007062357.1	1230	1002.29	7	0.314301
XR_007062358.1	740	512.753	0	0
XR_007062359.1	453	236.993	0	0
XR_007062361.1	2372	2144.29	0	0
XR_007062362.1	3582	3354.29	1	0.0134166
XR_007062363.1	5045	4817.29	15	0.14013
XR_007062364.1	651	424.846	0	0
XR_007062365.1	585	360.171	0	0
XR_007062366.1	337	143.078	0	0
XR_007062368.1	6885	6657.29	4.78996	0.03238
XR_007062369.1	4951	4723.29	1	0.0095279
XR_007062370.1	4077	3849.29	0	0
XR_007062371.1	1252	1024.29	1	0.0439357
XR_007062372.1	1093	865.293	9.00534	0.468359
XR_007062373.1	225	71.712	0	0
XR_007062374.1	861	633.427	1	0.0710469
XR_007062375.1	470	252.282	0	0
XR_007062376.1	128	23.852	0	0
XR_007062377.1	300	117.761	0	0
XR_007062378.1	1030	802.293	0	0
XR_007062379.1	1980	1752.29	0	0
XR_007062380.1	229	74.1994	3	1.81955
XR_007062381.1	667	440.629	0	0
XR_007062382.1	674	447.496	0	0
XR_007062383.1	427	214.584	0	0
XR_007062384.1	338	143.726	0	0
XR_007062385.1	1055	827.293	0	0
XR_007062386.1	2699	2471.29	0	0
XR_007062387.1	435	221.33	0	0
XR_007062388.1	194	55.1975	0	0
XR_007062389.1	1054	826.293	0	0
XR_007062390.1	1246	1018.29	0	0
XR_007062392.1	669	442.629	1	0.101672
XR_007062393.1	2630	2402.29	0	0
XR_007062394.1	1121	893.293	0	0
XR_007062395.1	2703	2475.29	0	0
XR_007062396.1	8298	8070.29	0.110136	0.000614161
XR_007062397.1	739	511.753	1.75454	0.154293
XR_007062398.1	136	27.1284	0	0
XR_007062399.1	141	29.0088	0	0
XR_007062400.1	73	16.0795	0	0
XR_007062401.1	78	15.0992	0	0
XR_007062402.1	132	25.5516	0	0
XR_007062403.1	141	29.0088	0	0
XR_007062404.1	129	24.2036	0	0
XR_007062405.1	132	25.5516	0	0
XR_007062406.1	128	23.852	0	0
XR_007062407.1	104	15.9806	0	0
XR_007062408.1	104	15.9806	0	0
XR_007062409.1	101	15.5262	0	0
XR_007062410.1	104	15.9806	0	0
XR_007062411.1	104	15.9806	0	0
XR_007062412.1	104	15.9806	0	0
XR_007062413.1	104	15.9806	0	0
XR_007062414.1	100	15.2776	0	0
XR_007062415.1	108	17.4905	0	0
XR_007062416.1	106	16.543	0	0
XR_007062417.1	102	15.661	0	0
XR_007062418.1	105	16.2206	0	0
XR_007062419.1	102	15.661	1	2.87358
XR_007062420.1	101	15.5262	0	0
XR_007062421.1	100	15.2776	0	0
XR_007062422.1	101	15.5262	0	0
XR_007062423.1	69	17.25	0	0
XR_007062424.1	217	67.4458	0	0
XR_007062425.1	213	65.3686	0	0
XR_007062426.1	3800	3572.29	0	0
XR_007062427.1	1930	1702.29	0	0
XR_007062428.1	1686	1458.29	0	0
XR_007062429.1	1721	1493.29	15.5329	0.468112
XR_007062430.1	1454	1226.29	0	0
XR_007062431.1	3256	3028.29	0	0
XR_007062432.1	4176	3948.29	0	0
XR_007062433.1	4075	3847.29	0	0
XR_007062434.1	2993	2765.29	11.1846	0.182021
XR_007062435.1	3912	3684.29	0.228278	0.00278838
XR_007062436.1	2120	1892.29	0	0
XR_007062437.1	1883	1655.29	20.3264	0.552621
XR_007062438.1	10504	10276.3	75.752	0.331742
XR_007062439.1	3682	3454.29	0	0
XR_007062440.1	2723	2495.29	0	0
XR_007062441.1	1672	1444.29	0	0
XR_007062442.1	1666	1438.29	0	0
XR_007062443.1	1512	1284.29	11.1295	0.38999
XR_007062444.1	1581	1353.29	0	0
XR_007062445.1	1439	1211.29	5.0457	0.187463
XR_007062446.1	2026	1798.29	1.96086	0.0490714
XR_007062447.1	5615	5387.29	52.4513	0.438155
XR_007062448.1	873	645.427	2.13147	0.148619
XR_007062449.1	1292	1064.29	9.51465	0.402322
XR_007062450.1	1242	1014.29	5.01222	0.222387
XR_007062451.1	1046	818.293	0	0
XR_007062452.1	2375	2147.29	100.726	2.11102
XR_007062453.1	3896	3668.29	188.587	2.31361
XR_007062454.1	3756	3528.29	0	0
XR_007062455.1	1788	1560.29	0	0
XR_007062456.1	2957	2729.29	0	0
XR_007062457.1	1984	1756.29	0	0
XR_007062458.1	7316	7088.29	6.85186e-07	4.3502e-09
XR_007062459.1	4977	4749.29	76.0161	0.720309
XR_007062460.1	4627	4399.29	0	0
XR_007062461.1	1569	1341.29	11.6274	0.390122
XR_007062462.1	4285	4057.29	28.3429	0.314377
XR_007062463.1	5212	4984.29	0	0
XR_007062464.1	6666	6438.29	184.443	1.28924
XR_007062465.1	2061	1833.29	26.9925	0.662603
XR_007062466.1	2729	2501.29	134.421	2.4185
XR_007062467.1	1137	909.293	62.0351	3.07026
XR_007062468.1	2657	2429.29	0	0
XR_007062469.1	2587	2359.29	0	0
XR_007062470.1	1795	1567.29	1.26103e-08	3.6209e-10
XR_007062471.1	1752	1524.29	5.81053	0.17155
XR_007062474.1	1354	1126.29	63.3415	2.53092
XR_007062475.1	2122	1894.29	28.9391	0.687512
XR_007062476.1	7955	7727.29	0	0
XR_007062477.1	7904	7676.29	0	0
XR_007062478.1	6774	6546.29	15.1053	0.103843
XR_007062479.1	6783	6555.29	0.0377146	0.000258916
XR_007062480.1	2073	1845.29	0	0
XR_007062481.1	441	226.512	0	0
XR_007062482.1	5215	4987.29	524.128	4.7295
XR_007062483.1	5319	5091.29	135.097	1.19416
XR_007062484.1	5131	4903.29	21.2249	0.194805
XR_007062485.1	2098	1870.29	0	0
XR_007062486.1	1465	1237.29	51.2494	1.86405
XR_007062487.1	846	618.427	24.037	1.74918
XR_007062488.1	1434	1206.29	0	0
XR_007062489.1	657	430.76	0	0
XR_007062490.1	9505	9277.29	0	0
XR_007062491.1	1055	827.293	216.553	11.7801
XR_007062492.1	1521	1293.29	91.4425	3.18195
XR_007062493.1	2337	2109.29	0	0
XR_007062494.1	2276	2048.29	0	0
XR_007062495.1	4364	4136.29	16.6234	0.180863
XR_007062496.1	1194	966.293	0	0
XR_007062498.1	7863	7635.29	10.36	0.0610625
XR_007062499.1	7126	6898.29	18.8309	0.122849
XR_007062500.1	2596	2368.29	0	0
XR_007062501.1	1888	1660.29	0	0
XR_007062502.1	1478	1250.29	0	0
XR_007062503.1	2393	2165.29	0	0
XR_007062504.1	2622	2394.29	367.169	6.9013
XR_007062505.1	1842	1614.29	40.6379	1.1329
XR_007062506.1	530	307.728	19.1368	2.79862
XR_007062507.1	565	340.768	0	0
XR_007062508.1	1235	1007.29	0	0
XR_007062509.1	4231	4003.29	82.8537	0.931401
XR_007062513.1	2355	2127.29	18.1764	0.384524
XR_007062514.1	2347	2119.29	3.10938	0.0660276
XR_007062515.1	1102	874.293	86.0673	4.4302
XR_007062516.1	1191	963.293	0	0
XR_007062517.1	1686	1458.29	0	0
XR_007062518.1	3601	3373.29	0	0
XR_007062519.1	3827	3599.29	9.23089	0.115417
XR_007062520.1	1638	1410.29	0	0
XR_007062521.1	1493	1265.29	0	0
XR_007062522.1	3551	3323.29	0	0
XR_007062523.1	3181	2953.29	0	0
XR_007062524.1	1506	1278.29	0	0
XR_007062525.1	1485	1257.29	0	0
XR_007062526.1	1377	1149.29	0	0
XR_007062527.1	1377	1149.29	0	0
XR_007062528.1	3927	3699.29	0	0
XR_007062529.1	2505	2277.29	0	0
XR_007062530.1	936	708.293	0	0
XR_007062531.1	2126	1898.29	0	0
XR_007062532.1	3003	2775.29	21.8031	0.353551
XR_007062533.1	2752	2524.29	1.87334	0.0333978
XR_007062534.1	2748	2520.29	16.4765	0.294208
XR_007062535.1	6314	6086.29	1.39131e-08	1.02876e-10
XR_007062536.1	6223	5995.29	12.9752	0.0973969
XR_007062537.1	6226	5998.29	6.53499	0.0490298
XR_007062538.1	5854	5626.29	0	0
XR_007062539.1	5891	5663.29	0	0
XR_007062540.1	5850	5622.29	0	0
XR_007062541.1	1572	1344.29	0	0
XR_007062542.1	3513	3285.29	0	0
XR_007062543.1	2676	2448.29	9.0535	0.166416
XR_007062544.1	3786	3558.29	0	0
XR_007062545.1	3201	2973.29	0	0
XR_007062546.1	280	104.615	0	0
XR_007062547.1	717	489.852	0	0
XR_007062549.1	621	395.338	0	0
XR_007062550.1	603	377.687	0	0
XR_007062551.1	553	329.241	0	0
XR_007062552.1	1437	1209.29	4	0.148857
XR_007062553.1	522	300.222	0	0
XR_007062554.1	1352	1124.29	0	0
XR_007062555.1	5004	4776.29	6.17062	0.0581407
XR_007062556.1	6292	6064.29	3.53972	0.0262682
XR_007062557.1	5921	5693.29	0	0
XR_007062558.1	537	314.382	0	0
XR_007062559.1	552	328.307	0	0
XR_007062560.1	625	399.259	2	0.225433
XR_007062561.1	2147	1919.29	2	0.0468955
XR_007062562.1	931	703.293	0	0
XR_007062563.1	972	744.293	0	0
XR_007062564.1	328	136.811	0	0
XR_007062565.1	945	717.293	0	0
XR_007062566.1	3648	3420.29	31.7449	0.417689
XR_007062567.1	6438	6210.29	0	0
XR_007062568.1	4417	4189.29	9.55649	0.10266
XR_007062569.1	6403	6175.29	0	0
XR_007062570.1	1471	1243.29	106.295	3.84753
XR_007062571.1	1297	1069.29	0	0
XR_007062572.1	2276	2048.29	25.5692	0.561782
XR_007062573.1	447	231.819	1.28901	0.250236
XR_007062574.1	327	136.154	0	0
XR_007062575.1	1296	1068.29	8.18561	0.344828
XR_007062576.1	1448	1220.29	0	0
XR_007062577.1	5938	5710.29	1	0.00788105
XR_007062578.1	3607	3379.29	0	0
XR_007062579.1	3529	3301.29	0	0
XR_007062580.1	984	756.293	0	0
XR_007062581.1	926	698.293	0	0
XR_007062582.1	382	177.405	0	0
XR_007062583.1	368	166.382	0	0
XR_007062584.1	247	84.4495	0	0
XR_007062585.1	2512	2284.29	6	0.118207
XR_007062586.1	954	726.293	0	0
XR_007062588.1	1168	940.293	12.3781	0.592425
XR_007062589.1	2020	1792.29	1.52813	0.0383702
XR_007062590.1	847	619.427	1.47187	0.106935
XR_007062592.1	576	351.35	0	0
XR_007062593.1	1299	1071.29	0	0
XR_007062594.1	407	197.751	0	0
XR_007062595.1	486	266.912	0	0
XR_007062596.1	164	39.7643	0	0
XR_007062597.1	471	253.178	0	0
XR_007062598.1	418	206.92	1	0.21749
XR_007062599.1	707	479.9	0	0
XR_007062600.1	275	101.511	0	0
XR_007062601.1	272	99.7041	1	0.451366
XR_007062602.1	2718	2490.29	0	0
XR_007062605.1	2326	2098.29	2.62412	0.0562808
XR_007062606.1	8090	7862.29	1	0.00572391
XR_007062607.1	239	79.981	0	0
XR_007062608.1	4641	4413.29	185.526	1.89184
XR_007062609.1	427	214.584	0	0
XR_007062610.1	16571	16343.3	0	0
XR_007062611.1	2656	2428.29	58.0165	1.07521
XR_007062615.1	2923	2695.29	1.00749	0.016822
XR_007062616.1	15513	15285.3	17.435	0.0513324
XR_007062617.1	761	533.648	0	0
XR_007062618.1	562	337.904	0	0
XR_007062619.1	1098	870.293	0	0
XR_007062620.1	625	399.259	0	0
XR_007062621.1	605	379.687	0	0
XR_007062622.1	536	313.414	0	0
XR_007062623.1	5260	5032.29	1	0.00894286
XR_007062626.1	3476	3248.29	0	0
XR_007062627.1	2561	2333.29	3	0.0578621
XR_007062628.1	1582	1354.29	0	0
XR_007062629.1	1805	1577.29	0	0
XR_007062630.1	593	367.988	1	0.122295
XR_007062631.1	499	279.049	0	0
XR_007062632.1	496	276.219	0	0
XR_007062633.1	5305	5077.29	6.00015	0.0531829
XR_007062634.1	306	121.497	1.90208	0.70454
XR_007062635.1	1045	817.293	3	0.165191
XR_007062636.1	7235	7007.29	55.7575	0.358093
XR_007062637.1	325	134.886	0	0
XR_007062638.1	587	362.135	0	0
XR_007062640.1	3225	2997.29	0	0
XR_007062641.1	1049	821.293	0	0
XR_007062642.1	1194	966.293	0	0
XR_007062643.1	721	493.802	0	0
XR_007062644.1	1455	1227.29	0	0
XR_007062645.1	4588	4360.29	0	0
XR_007062646.1	431	217.835	3.06008	0.632188
XR_007062647.1	1119	891.293	1.00984	0.0509888
XR_007062648.1	249	85.4599	0	0
XR_007062649.1	1177	949.293	4.2761	0.202717
XR_007062650.1	969	741.293	0	0
XR_007062651.1	1894	1666.29	0	0
XR_007062652.1	1714	1486.29	2.09869	0.0635457
XR_007062653.1	3300	3072.29	4.87257	0.0713736
XR_007062654.1	4792	4564.29	0	0
XR_007062655.1	1125	897.293	1	0.0501543
XR_007062656.1	387	181.366	0	0
XR_007062657.1	4422	4194.29	17.3007	0.18563
XR_007062658.1	557	333.141	0	0
XR_007062659.1	545	321.964	0	0
XR_007062660.1	602	376.687	0	0
XR_007062661.1	530	307.728	0	0
XR_007062662.1	472	254.125	1	0.17709
XR_007062663.1	2627	2399.29	0	0
XR_007062664.1	206	61.8005	2	1.4564
XR_007062665.1	10683	10455.3	4.0325	0.0173572
XR_007062666.1	6014	5786.29	7.18042	0.055846
XR_007062667.1	6728	6500.29	0	0
XR_007062668.1	1321	1093.29	7.00147	0.288201
XR_007062669.1	255	89.2265	0	0
XR_007062670.1	5520	5292.29	9	0.0765316
XR_007062671.1	3211	2983.29	0	0
XR_007062672.1	663	436.717	0	0
XR_007062673.1	4599	4371.29	39.7437	0.409167
XR_007062674.1	4613	4385.29	0.495865	0.0050887
XR_007062675.1	5192	4964.29	0	0
XR_007062676.1	5074	4846.29	0	0
XR_007062677.1	733	505.753	0	0
XR_007062678.1	5006	4778.29	0	0
XR_007062679.1	1296	1068.29	2.01155	0.0847388
XR_007062680.1	9879	9651.29	26.9986	0.125892
XR_007062681.1	4632	4404.29	0	0
XR_007062682.1	3635	3407.29	0	0
XR_007062686.1	669	442.629	0	0
XR_007062687.1	1000	772.293	0	0
XR_007062688.1	1717	1489.29	8.71749	0.263423
XR_007062689.1	1641	1413.29	0.128774	0.00410052
XR_007062690.1	2743	2515.29	0	0
XR_007062691.1	3487	3259.29	2	0.0276152
XR_007062692.1	3565	3337.29	0	0
XR_007062694.1	3255	3027.29	0	0
XR_007062695.1	882	654.427	4.00725	0.275567
XR_007062696.1	4392	4164.29	12.0576	0.130305
XR_007062697.1	331	138.909	0	0
XR_007062698.1	592	367.025	0	0
XR_007062699.1	1732	1504.29	0	0
XR_007062700.1	765	537.541	0	0
XR_007062701.1	768	540.541	0	0
XR_007062702.1	350	152.593	0	0
XR_007062703.1	1357	1129.29	3.51651	0.140135
XR_007062704.1	790	562.487	1.97386	0.157923
XR_007062705.1	688	461.088	2.5118	0.245157
XR_007062706.1	982	754.293	0	0
XR_007062707.1	1015	787.293	0	0
XR_007062708.1	3536	3308.29	1.14539	0.0155808
XR_007062709.1	3521	3293.29	24.5948	0.33609
XR_007062710.1	4972	4744.29	30.3452	0.287846
XR_007062711.1	4801	4573.29	0	0
XR_007062712.1	4683	4455.29	39.7917	0.401937
XR_007062713.1	1095	867.293	48.9568	2.54033
XR_007062718.1	447	231.819	0	0
XR_007062719.1	1250	1022.29	0	0
XR_007062720.1	2826	2598.29	6.02079	0.104282
XR_007062721.1	2043	1815.29	8.03661	0.199236
XR_007062722.1	1923	1695.29	4	0.106184
XR_007062723.1	4782	4554.29	49.6593	0.490707
XR_007062724.1	4786	4558.29	0	0
XR_007062725.1	4057	3829.29	0	0
XR_007062726.1	4209	3981.29	1.14648e-08	1.29594e-10
XR_007062727.1	2966	2738.29	19.7027	0.323808
XR_007062728.1	2182	1954.29	51.0601	1.1758
XR_007062731.1	1013	785.293	1.03358	0.0592317
XR_007062737.1	869	641.427	6.03333	0.423304
XR_007062738.1	520	298.404	16	2.413
XR_007062739.1	400	191.921	0	0
XR_007062740.1	398	190.353	0	0
XR_007062741.1	1938	1710.29	3.35197	0.0882006
XR_007062743.1	888	660.427	1	0.0681424
XR_007062745.1	829	601.427	1.00681	0.075337
XR_007062746.1	628	402.259	0	0
XR_007062747.1	509	288.355	0	0
XR_007062748.1	385	179.839	0	0
XR_007062749.1	14396	14168.3	22.7077	0.0721271
XR_007062750.1	727	499.753	4	0.360203
XR_007062751.1	794	566.487	0	0
XR_007062752.1	207	62.4014	0	0
XR_007062753.1	845	617.427	2	0.145776
XR_007062754.1	1795	1567.29	0	0
XR_007062759.1	3888	3660.29	7.518	0.0924333
XR_007062760.1	398	190.353	0	0
XR_007062761.1	360	160.548	10	2.80309
XR_007062763.1	2433	2205.29	0	0
XR_007062764.1	1555	1327.29	0	0
XR_007062765.1	2117	1889.29	0	0
XR_007062766.1	2543	2315.29	3.77117	0.0733014
XR_007062767.1	674	447.496	1.27111	0.127832
XR_007062768.1	477	258.967	0	0
XR_007062769.1	332	139.579	0	0
XR_007062770.1	508	287.414	0	0
XR_007062771.1	1834	1606.29	24.6209	0.689796
XR_007062772.1	2684	2456.29	0	0
XR_007062773.1	697	469.994	2.00027	0.191531
XR_007062774.1	7403	7175.29	19.7728	0.124014
XR_007062775.1	1447	1219.29	65.1928	2.40621
XR_007062776.1	2068	1840.29	2	0.0489086
XR_007062777.1	305	120.879	0	0
XR_007062778.1	1029	801.293	0	0
XR_007062779.1	514	292.795	0	0
XR_007062780.1	2257	2029.29	0	0
XR_007062781.1	4555	4327.29	0	0
XR_007062782.1	402	193.569	0	0
XR_007062783.1	3903	3675.29	4.00046	0.0489846
XR_007062784.1	3466	3238.29	0	0
XR_007062785.1	466	248.539	0.193267	0.0349949
XR_007062788.1	4597	4369.29	0	0
XR_007062789.1	526	304.007	4.0277	0.596232
XR_007062790.1	318	129.815	0	0
XR_007062791.1	447	231.819	0	0
XR_007062792.1	337	143.078	0	0
XR_007062793.1	789	561.487	1	0.0801499
XR_007062794.1	1170	942.293	1.03907	0.0496253
XR_007062795.1	668	441.629	2	0.203805
XR_007062796.1	890	662.427	1.71218	0.11632
XR_007062797.1	3112	2884.29	0	0
XR_007062798.1	3064	2836.29	8.83084	0.140118
XR_007062799.1	465	247.59	1.00231	0.182184
XR_007062800.1	776	548.487	2	0.164099
XR_007062802.1	319	130.608	10	3.44566
XR_007062803.1	302	119.035	0	0
XR_007062816.1	6749	6521.29	0	0
XR_007062817.1	1038	810.293	1	0.0555393
XR_007062820.1	326	135.496	0	0
XR_007062821.1	252	87.2826	0	0
XR_007062822.1	21255	21027.3	54.994	0.117699
XR_007062823.1	1958	1730.29	0	0
XR_007062825.1	1345	1117.29	0	0
XR_007062826.1	1323	1095.29	0	0
XR_007062827.1	2069	1841.29	1	0.024441
XR_007062837.1	4942	4714.29	0	0
XR_007062838.1	2678	2450.29	0	0
XR_007062839.1	2390	2162.29	1.00068	0.0208269
XR_007062840.1	403	194.403	0	0
XR_007062858.1	566	341.699	0	0
XR_007062859.1	363	162.855	0	0
XR_007062860.1	1869	1641.29	1.05804	0.0290106
XR_007062861.1	1910	1682.29	1	0.026751
XR_007062862.1	2713	2485.29	0	0
XR_007062863.1	1827	1599.29	2	0.0562787
XR_007062864.1	836	608.427	4	0.295865
XR_007062865.1	255	89.2265	0	0
XR_007062868.1	3193	2965.29	0	0
XR_007062869.1	207	62.4014	0	0
XR_007062870.1	1141	913.293	0	0
XR_007062871.1	1091	863.293	0	0
XR_007062872.1	649	422.846	1.00402	0.106857
XR_007062873.1	1811	1583.29	0	0
XR_007062874.1	377	173.351	0	0
XR_007062875.1	2096	1868.29	1	0.0240878
XR_007062876.1	1669	1441.29	9.06468	0.283036
XR_007062877.1	311	124.914	0	0
XR_007062878.1	676	449.451	0	0
XR_007062879.1	350	152.593	2	0.589844
XR_007062880.1	1014	786.293	3.58487	0.205178
XR_007062881.1	13425	13197.3	23.5185	0.0801988
XR_007062884.1	343	147.405	0	0
XR_007062885.1	485	265.994	1	0.169188
XR_007062886.1	2748	2520.29	0	0
XR_007062887.1	2418	2190.29	0	0
XR_007062888.1	1178	950.293	2	0.0947141
XR_007062889.1	328	136.811	0	0
XR_007062890.1	717	489.852	0	0
XR_007062891.1	7676	7448.29	13.5004	0.0815704
XR_007062892.1	1016	788.293	0	0
XR_007062893.1	1832	1604.29	2	0.0561033
XR_007062894.1	462	244.971	0	0
XR_007062895.1	324	134.113	0	0
XR_007062896.1	631	405.178	0	0
XR_007062897.1	1772	1544.29	0	0
XR_007062898.1	812	584.487	0	0
XR_007062899.1	12304	12076.3	14.8153	0.0552103
XR_007062901.1	575	350.386	0	0
XR_007062902.1	487	267.803	0	0
XR_007062903.1	606	380.649	0	0
XR_007062904.1	551	327.472	0	0
XR_007062905.1	485	265.994	0	0
XR_007062906.1	807	579.487	0	0
XR_007062907.1	1015	787.293	2.00072	0.114365
XR_007062908.1	4679	4451.29	45.1688	0.456662
XR_007062909.1	944	716.293	1	0.0628277
XR_007062910.1	898	670.361	0	0
XR_007062911.1	4403	4175.29	4.00047	0.0431187
XR_007062912.1	8924	8696.29	98.3386	0.508899
XR_007062913.1	1881	1653.29	1	0.0272203
XR_007062914.1	1298	1070.29	62.4825	2.62723
XR_007062915.1	1531	1303.29	10.662	0.368163
XR_007062916.1	1527	1299.29	0	0
XR_007062917.1	969	741.293	17.2976	1.05012
XR_007062918.1	904	676.361	0	0
XR_007062919.1	4100	3872.29	10.0261	0.116522
XR_007062920.1	870	642.427	0	0
XR_007062921.1	767	539.541	0	0
XR_007062922.1	243	81.9846	0	0
XR_007062923.1	2958	2730.29	0	0
XR_007062924.1	485	265.994	0	0
XR_007062925.1	394	187.168	2	0.480885
XR_007062926.1	317	129.052	0	0
XR_007062927.1	2734	2506.29	28.4792	0.511374
XR_007062928.1	4009	3781.29	38.2856	0.455656
XR_007062929.1	590	365.061	2	0.246551
XR_007062930.1	267	96.6399	0	0
XR_007062931.1	1903	1675.29	9.06322	0.243464
XR_007062932.1	6206	5978.29	5.19687	0.0391207
XR_007062933.1	578	353.315	1	0.127374
XR_007062934.1	7179	6951.29	17.3784	0.112509
XR_007062935.1	8940	8712.29	6.07693	0.0313902
XR_007062936.1	4753	4525.29	0	0
XR_007062937.1	1962	1734.29	1.0671	0.0276901
XR_007062938.1	471	253.178	0	0
XR_007062939.1	36113	35885.3	8.58506	0.0107664
XR_007062940.1	3448	3220.29	4.15838	0.0581127
XR_007062941.1	280	104.615	0	0
XR_007062944.1	3431	3203.29	0	0
XR_007062945.1	3074	2846.29	0	0
XR_007062946.1	2357	2129.29	0	0
XR_007062947.1	927	699.293	0	0
XR_007062948.1	2722	2494.29	0	0
XR_007062949.1	265	95.2601	0	0
XR_007062950.1	2286	2058.29	5.06545	0.110752
XR_007062951.1	5585	5357.29	0	0
XR_007062952.1	6444	6216.29	16.0789	0.116404
XR_007062953.1	1259	1031.29	0	0
XR_007062954.1	10911	10683.3	12.2289	0.0515138
XR_007062955.1	9563	9335.29	0	0
XR_007062956.1	2578	2350.29	0	0
XR_007062957.1	747	519.701	3.53594	0.306192
XR_007062958.1	7967	7739.29	5	0.0290744
XR_007062959.1	27438	27210.3	9.13941	0.0151157
XR_007062960.1	6377	6149.29	8.96659	0.0656213
XR_007062961.1	737	509.753	0	0
XR_007062962.1	691	464.041	0	0
XR_007062963.1	2427	2199.29	0	0
XR_007062964.1	536	313.414	0	0
XR_007062965.1	7427	7199.29	2.21268	0.0138316
XR_007062966.1	820	592.487	0	0
XR_007062972.1	1940	1712.29	0	0
XR_007062978.1	1585	1357.29	1	0.0331565
XR_007062985.1	704	476.947	0	0
XR_007062986.1	8014	7786.29	3.0729	0.0177607
XR_007062997.1	111	18.1077	0	0
XR_007062998.1	62	19.3947	0.5	1.16019
XR_007062999.1	153	34.6374	0	0
XR_007063000.1	134	26.2749	0	0
XR_007063001.1	125	22.885	47	92.425
XR_007063002.1	63	18.1395	0	0
XR_007063003.1	71	17.0822	0	0
XR_007063004.1	136	27.1284	0	0
XR_007063005.1	139	28.2339	0	0
XR_007063006.1	140	28.6505	0	0
XR_007063007.1	154	35.1606	0	0
XR_007063008.1	108	17.4905	0	0
XR_007063009.1	131	24.9698	0	0
XR_007063010.1	104	15.9806	0	0
XR_007063011.1	104	15.9806	0	0
XR_007063012.1	104	15.9806	10	28.1611
XR_007063013.1	104	15.9806	0	0
XR_007063014.1	104	15.9806	0	0
XR_007063015.1	104	15.9806	0	0
XR_007063016.1	103	15.7909	15	42.749
XR_007063017.1	103	15.7909	0	0
XR_007063018.1	105	16.2206	0	0
XR_007063019.1	102	15.661	0	0
XR_007063020.1	102	15.661	0	0
XR_007063021.1	101	15.5262	0	0
XR_007063022.1	109	17.8694	0	0
XR_007063023.1	101	15.5262	0	0
XR_007063024.1	210	63.8665	0	0
XR_007063025.1	1272	1044.29	0	0
XR_007063026.1	676	449.451	0	0
XR_007063027.1	684	457.134	0	0
XR_007063028.1	1706	1478.29	5.20915	0.15858
XR_007063029.1	3841	3613.29	0.00226132	2.81645e-05
XR_007063030.1	3943	3715.29	0	0
XR_007063031.1	3788	3560.29	0	0
XR_007063032.1	3774	3546.29	1.79057e-08	2.27227e-10
XR_007063033.1	3503	3275.29	0	0
XR_007063034.1	3507	3279.29	0	0
XR_007063035.1	4119	3891.29	81.0399	0.937232
XR_007063036.1	7704	7476.29	0	0
XR_007063037.1	7599	7371.29	0.00911026	5.56198e-05
XR_007063038.1	1427	1199.29	0	0
XR_007063039.1	1298	1070.29	0	0
XR_007063040.1	7497	7269.29	43.6847	0.270445
XR_007063041.1	11176	10948.3	0.000233406	9.59419e-07
XR_007063042.1	7449	7221.29	23.4199	0.145953
XR_007063043.1	6949	6721.29	49.1792	0.329284
XR_007063044.1	6919	6691.29	30.4759	0.204969
XR_007063045.1	11018	10790.3	15.0566	0.0627968
XR_007063046.1	1027	799.293	14.0679	0.792073
XR_007063047.1	754	526.701	0	0
XR_007063048.1	738	510.753	0	0
XR_007063049.1	722	494.802	0	0
XR_007063050.1	1826	1598.29	0	0
XR_007063051.1	1641	1413.29	0.00702688	0.000223755
XR_007063052.1	3022	2794.29	5.35173	0.0861915
XR_007063055.1	2224	1996.29	0	0
XR_007063056.1	2511	2283.29	0	0
XR_007063057.1	2305	2077.29	11.9974	0.259915
XR_007063058.1	2296	2068.29	0	0
XR_007063059.1	3920	3692.29	0	0
XR_007063060.1	3012	2784.29	20.724	0.334966
XR_007063061.1	3010	2782.29	0	0
XR_007063062.1	3989	3761.29	0	0
XR_007063063.1	7368	7140.29	8.10286	0.0510698
XR_007063064.1	8200	7972.29	34.6252	0.195457
XR_007063065.1	1281	1053.29	71.331	3.04769
XR_007063066.1	973	745.293	19.7569	1.19298
XR_007063067.1	12266	12038.3	8.18518	0.0305989
XR_007063068.1	10674	10446.3	2.62407e-05	1.13046e-07
XR_007063069.1	1663	1435.29	1	0.0313546
XR_007063070.1	2171	1943.29	56.5853	1.31041
XR_007063071.1	2069	1841.29	86.6202	2.11709
XR_007063072.1	7645	7417.29	0	0
XR_007063073.1	829	601.427	0	0
XR_007063074.1	5878	5650.29	0	0
XR_007063075.1	3822	3594.29	0	0
XR_007063076.1	3305	3077.29	0	0
XR_007063077.1	3448	3220.29	0	0
XR_007063078.1	3556	3328.29	8.65369	0.11701
XR_007063079.1	2134	1906.29	0	0
XR_007063080.1	3809	3581.29	9.52241	0.11966
XR_007063081.1	3505	3277.29	0	0
XR_007063082.1	5280	5052.29	8.8173	0.0785397
XR_007063083.1	3555	3327.29	0	0
XR_007063084.1	2465	2237.29	19.4843	0.391926
XR_007063085.1	1208	980.293	0	0
XR_007063086.1	1225	997.293	45.2027	2.03978
XR_007063087.1	1112	884.293	7.30148	0.371584
XR_007063088.1	1456	1228.29	147.299	5.39685
XR_007063089.1	6505	6277.29	0	0
XR_007063090.1	6109	5881.29	0	0
XR_007063091.1	5584	5356.29	0	0
XR_007063092.1	5468	5240.29	9.69658	0.0832732
XR_007063093.1	5092	4864.29	46.3776	0.429072
XR_007063094.1	2045	1817.29	5.70702	0.141327
XR_007063095.1	1279	1051.29	13.9701	0.598021
XR_007063096.1	956	728.293	4.90695	0.303213
XR_007063097.1	943	715.293	5.1174	0.321964
XR_007063098.1	6706	6478.29	59.1705	0.411042
XR_007063099.1	6762	6534.29	0	0
XR_007063100.1	6619	6391.29	39.2692	0.276507
XR_007063101.1	6571	6343.29	5.00176	0.0354854
XR_007063102.1	6586	6358.29	0	0
XR_007063103.1	4376	4148.29	12.6113	0.136814
XR_007063104.1	7292	7064.29	0	0
XR_007063105.1	1685	1457.29	3.50078	0.108109
XR_007063106.1	6627	6399.29	0	0
XR_007063107.1	2568	2340.29	0	0
XR_007063108.1	5713	5485.29	4019.98	32.9812
XR_007063109.1	5798	5570.29	0.850274	0.00686947
XR_007063110.1	5602	5374.29	75.9175	0.635716
XR_007063111.1	3268	3040.29	364.224	5.39132
XR_007063112.1	5240	5012.29	62.1982	0.558449
XR_007063113.1	3137	2909.29	0	0
XR_007063114.1	950	722.293	109.651	6.83187
XR_007063115.1	967	739.293	8.264	0.503055
XR_007063117.1	1429	1201.29	0	0
XR_007063118.1	2942	2714.29	1.48782	0.0246681
XR_007063119.1	2607	2379.29	1.11004	0.0209958
XR_007063120.1	2607	2379.29	0.265631	0.00502427
XR_007063121.1	2484	2256.29	0.0384903	0.000767711
XR_007063122.1	1615	1387.29	4.47927	0.145305
XR_007063123.1	5158	4930.29	0	0
XR_007063124.1	4720	4492.29	265.65	2.66124
XR_007063125.1	17874	17646.3	29.6063	0.0755046
XR_007063126.1	4499	4271.29	16.5122	0.173975
XR_007063128.1	3931	3703.29	6.33742	0.0770134
XR_007063129.1	3928	3700.29	0	0
XR_007063130.1	2094	1866.29	0	0
XR_007063132.1	2507	2279.29	0	0
XR_007063133.1	2416	2188.29	0	0
XR_007063134.1	2897	2669.29	0	0
XR_007063135.1	1574	1346.29	0	0
XR_007063136.1	1448	1220.29	0.0815345	0.0030069
XR_007063137.1	1403	1175.29	0	0
XR_007063138.1	1660	1432.29	0.291886	0.00917113
XR_007063139.1	2651	2423.29	0	0
XR_007063140.1	3186	2958.29	87.1034	1.32506
XR_007063141.1	1932	1704.29	140.405	3.70749
XR_007063142.1	1931	1703.29	0.0325935	0.000861161
XR_007063143.1	2613	2385.29	0	0
XR_007063144.1	3434	3206.29	0	0
XR_007063145.1	1048	820.293	1.51214	0.0829594
XR_007063146.1	6613	6385.29	0	0
XR_007063147.1	4477	4249.29	0	0
XR_007063149.1	1279	1051.29	1	0.0428074
XR_007063150.1	338	143.726	0	0
XR_007063151.1	4064	3836.29	11.0731	0.129897
XR_007063152.1	630	404.218	1	0.111334
XR_007063153.1	848	620.427	0	0
XR_007063154.1	8420	8192.29	5.09674	0.0279982
XR_007063155.1	4521	4293.29	15.3273	0.160664
XR_007063156.1	19913	19685.3	19.0085	0.0434558
XR_007063157.1	239	79.981	0	0
XR_007063158.1	3481	3253.29	0	0
XR_007063159.1	936	708.293	42.0581	2.67226
XR_007063160.1	469	251.307	0	0
XR_007063161.1	599	373.876	0	0
XR_007063166.1	744	516.753	0	0
XR_007063170.1	1896	1668.29	0	0
XR_007063171.1	3838	3610.29	6.93304	0.0864218
XR_007063172.1	5538	5310.29	7.0044e-08	5.93601e-10
XR_007063173.1	5467	5239.29	7.24368	0.0622198
XR_007063174.1	895	667.361	0	0
XR_007063175.1	4800	4572.29	0	0
XR_007063176.1	3664	3436.29	5	0.065482
XR_007063179.1	5077	4849.29	1	0.00928034
XR_007063180.1	16495	16267.3	0	0
XR_007063181.1	16170	15942.3	0	0
XR_007063182.1	15218	14990.3	0	0
XR_007063183.1	12934	12706.3	6.11227	0.0216484
XR_007063184.1	7905	7677.29	7.553	0.0442745
XR_007063185.1	16103	15875.3	0	0
XR_007063186.1	15988	15760.3	0	0
XR_007063187.1	8442	8214.29	1.33633	0.00732124
XR_007063188.1	5621	5393.29	0	0
XR_007063189.1	1798	1570.29	7.66132	0.219566
XR_007063190.1	2024	1796.29	1.08335	0.0271414
XR_007063191.1	551	327.472	0	0
XR_007063192.1	736	508.753	0	0
XR_007063193.1	306	121.497	1	0.370405
XR_007063194.1	3766	3538.29	35.7188	0.454303
XR_007063195.1	3121	2893.29	59.1642	0.920256
XR_007063196.1	182	48.9193	0	0
XR_007063197.1	445	230.083	0	0
XR_007063198.1	3230	3002.29	66.5982	0.998279
XR_007063199.1	1587	1359.29	5.04088	0.166892
XR_007063200.1	1776	1548.29	9.28739	0.26995
XR_007063201.1	883	655.427	2.99428	0.205594
XR_007063202.1	2508	2280.29	0	0
XR_007063203.1	2685	2457.29	0	0
XR_007063205.1	294	113.843	0	0
XR_007063206.1	3998	3770.29	69	0.8236
XR_007063207.1	2625	2397.29	20.5409	0.385603
XR_007063208.1	778	550.487	0	0
XR_007063209.1	8926	8698.29	0	0
XR_007063210.1	411	201.028	0	0
XR_007063211.1	465	247.59	0	0
XR_007063212.1	9814	9586.29	17.5124	0.0822125
XR_007063213.1	925	697.293	10.3117	0.665511
XR_007063214.1	447	231.819	0	0
XR_007063215.1	1624	1396.29	0	0
XR_007063216.1	345	148.943	0	0
XR_007063217.1	341	145.916	0	0
XR_007063220.1	2587	2359.29	6.46261	0.123273
XR_007063221.1	449	233.505	0	0
XR_007063222.1	10915	10687.3	0.000181584	7.64633e-07
XR_007063223.1	10833	10605.3	7.00058	0.0297067
XR_007063224.1	536	313.414	0	0
XR_007063225.1	3715	3487.29	0	0
XR_007063226.1	3744	3516.29	0	0
XR_007063227.1	1561	1333.29	0	0
XR_007063228.1	996	768.293	1.81225	0.106153
XR_007063229.1	1477	1249.29	0	0
XR_007063230.1	1080	852.293	3	0.158407
XR_007063231.1	516	294.675	0	0
XR_007063232.1	366	164.863	0	0
XR_007063233.1	854	626.427	0	0
XR_007063234.1	446	230.915	0	0
XR_007063235.1	349	151.837	0	0
XR_007063236.1	2901	2673.29	5	0.0841716
XR_007063237.1	1779	1551.29	2	0.0580201
XR_007063238.1	3750	3522.29	0	0
XR_007063239.1	337	143.078	0	0
XR_007063240.1	806	578.487	0	0
XR_007063241.1	1082	854.293	0	0
XR_007063242.1	2143	1915.29	0	0
XR_007063243.1	511	290.032	0	0
XR_007063244.1	631	405.178	3	0.33321
XR_007063245.1	418	206.92	0	0
XR_007063246.1	1959	1731.29	1.00151	0.0260332
XR_007063247.1	812	584.487	0	0
XR_007063248.1	645	418.93	0	0
XR_007063249.1	1385	1157.29	0	0
XR_007063252.1	1541	1313.29	0	0
XR_007063253.1	1134	906.293	0	0
XR_007063254.1	2309	2081.29	0	0
XR_007063255.1	386	180.662	0	0
XR_007063256.1	386	180.662	0	0
XR_007063257.1	6794	6566.29	10.5929	0.0726
XR_007063258.1	640	414.014	1	0.108699
XR_007063259.1	287	109.221	0	0
XR_007063260.1	1746	1518.29	0	0
XR_007063261.1	662	435.717	0	0
XR_007063262.1	5492	5264.29	2.21439e-05	1.89303e-07
XR_007063263.1	5451	5223.29	1.00164	0.00862996
XR_007063264.1	5653	5425.29	6.10837	0.0506693
XR_007063265.1	1013	785.293	0	0
XR_007063266.1	994	766.293	0	0
XR_007063267.1	1114	886.293	0	0
XR_007063268.1	1013	785.293	0	0
XR_007063269.1	1775	1547.29	3.0143	0.0876709
XR_007063270.1	517	295.585	1	0.152251
XR_007063271.1	3003	2775.29	1	0.0162156
XR_007063272.1	493	273.443	0	0
XR_007063273.1	824	596.427	0	0
XR_007063274.1	1074	846.293	0	0
XR_007063275.1	1569	1341.29	2.33956	0.0784968
XR_007063276.1	283	106.668	0	0
XR_007063277.1	3330	3102.29	2	0.0290128
XR_007063278.1	1281	1053.29	0	0
XR_007063279.1	425	212.877	1	0.211405
XR_007063280.1	322	132.775	0	0
XR_007063281.1	10220	9992.29	2.00061	0.00901029
XR_007063282.1	9001	8773.29	25.3098	0.129828
XR_007063283.1	2320	2092.29	4	0.0860359
XR_007063284.1	404	195.215	0	0
XR_007063285.1	4549	4321.29	2.02067	0.0210438
XR_007063286.1	582	357.279	0	0
XR_007063287.1	422	210.345	0	0
XR_007063288.1	715	487.852	0	0
XR_007063290.1	1939	1711.29	11	0.289275
XR_007063291.1	3186	2958.29	7	0.106488
XR_007063292.1	3078	2850.29	0	0
XR_007063293.1	610	384.573	0	0
XR_007063294.1	257	90.3934	0	0
XR_007063295.1	736	508.753	0	0
XR_007063296.1	257	90.3934	6.99605	3.48304
XR_007063297.1	891	663.427	1	0.0678342
XR_007063298.1	1439	1211.29	0	0
XR_007063299.1	436	222.144	3.14216	0.636555
XR_007063300.1	901	673.361	0	0
XR_007063301.1	2173	1945.29	0	0
XR_007063302.1	2333	2105.29	0	0
XR_007063303.1	796	568.487	0	0
XR_007063304.1	1090	862.293	6.70983	0.350186
XR_007063305.1	1032	804.293	3.82877	0.214233
XR_007063306.1	1749	1521.29	7.2078	0.213222
XR_007063307.1	426	213.764	0	0
XR_007063308.1	482	263.537	0	0
XR_007063309.1	491	271.527	0	0
XR_007063310.1	790	562.487	0	0
XR_007063311.1	955	727.293	0	0
XR_007063312.1	6630	6402.29	0	0
XR_007063313.1	608	382.573	0	0
XR_007063314.1	1133	905.293	11.0522	0.549417
XR_007063315.1	1208	980.293	0	0
XR_007063316.1	681	454.225	0	0
XR_007063317.1	397	189.558	1	0.237411
XR_007063318.1	336	142.48	0	0
XR_007063321.1	3467	3239.29	9.00414	0.125093
XR_007063322.1	3245	3017.29	0	0
XR_007063323.1	1285	1057.29	63.9697	2.72283
XR_007063324.1	486	266.912	0	0
XR_007063325.1	872	644.427	6.58485	0.459848
XR_007063326.1	631	405.178	14.9111	1.65617
XR_007063327.1	1313	1085.29	1.55941	0.064663
XR_007063328.1	1163	935.293	8.10925	0.390189
XR_007063329.1	460	243.274	3.904	0.722199
XR_007063330.1	2460	2232.29	1.00103	0.0201807
XR_007063331.1	459	242.274	0	0
XR_007063332.1	5678	5450.29	2.00557	0.01656
XR_007063333.1	3573	3345.29	0	0
XR_007063334.1	2043	1815.29	28.0475	0.695328
XR_007063335.1	2350	2122.29	14.148	0.300008
XR_007063336.1	310	124.224	6	2.17365
XR_007063337.1	861	633.427	0	0
XR_007063341.1	7096	6868.29	0	0
XR_007063343.1	3002	2774.29	0	0
XR_007063344.1	2055	1827.29	0	0
XR_007063345.1	2850	2622.29	22.3687	0.383885
XR_007063346.1	329	137.452	0	0
XR_007063347.1	1560	1332.29	3.01404	0.10181
XR_007063348.1	426	213.764	0	0
XR_007063349.1	978	750.293	2	0.119961
XR_007063350.1	1858	1630.29	8	0.220834
XR_007063351.1	8472	8244.29	50	0.272935
XR_007063352.1	4973	4745.29	6.00446	0.0569447
XR_007063353.1	21825	21597.3	6.00078	0.012504
XR_007063354.1	3992	3764.29	13	0.155418
XR_007063355.1	3392	3164.29	0	0
XR_007063356.1	3218	2990.29	10.507	0.158127
XR_007063357.1	847	619.427	0	0
XR_007063358.1	742	514.753	0	0
XR_007063359.1	420	208.678	0	0
XR_007063360.1	14931	14703.3	32.8864	0.100657
XR_007063361.1	989	761.293	0	0
XR_007063362.1	663	436.717	0	0
XR_007063363.1	6259	6031.29	17.6432	0.131647
XR_007063364.1	263	94.0409	0	0
XR_007063365.1	214	65.919	0	0
XR_007063366.1	2346	2118.29	2	0.0424899
XR_007063367.1	336	142.48	1	0.315856
XR_007063368.1	1720	1492.29	1	0.030157
XR_007063369.1	427	214.584	0	0
XR_007063370.1	229	74.1994	0	0
XR_007063371.1	413	202.921	0	0
XR_007063372.1	1482	1254.29	26.7592	0.9601
XR_007063373.1	2751	2523.29	24.0135	0.428282
XR_007063374.1	3062	2834.29	6.62653	0.105216
XR_007063375.1	3976	3748.29	0	0
XR_007063376.1	4904	4676.29	0	0
XR_007063377.1	2987	2759.29	3.37347	0.0550201
XR_007063378.1	428	215.312	0	0
XR_007063379.1	606	380.649	2	0.236454
XR_007063380.1	1870	1642.29	1	0.0274026
XR_007063383.1	6957	6729.29	3	0.0200629
XR_007063384.1	34276	34048.3	0	0
XR_007063385.1	30845	30617.3	41.0541	0.0603437
XR_007063386.1	20540	20312.3	23.3911	0.0518243
XR_007063387.1	366	164.863	9	2.45675
XR_007063388.1	2420	2192.29	9.00906	0.184937
XR_007063389.1	296	115.202	0	0
XR_007063390.1	1533	1305.29	0	0
XR_007063391.1	363	162.855	0	0
XR_007063392.1	2701	2473.29	8.47502	0.154208
XR_007063393.1	950	722.293	6.52498	0.406544
XR_007063394.1	867	639.427	0	0
XR_007063395.1	896	668.361	0	0
XR_007063396.1	3496	3268.29	526.057	7.24359
XR_007063397.1	4201	3973.29	53.4241	0.605103
XR_007063398.1	1465	1237.29	1.0074	0.0366413
XR_007063399.1	520	298.404	1	0.150813
XR_007063400.1	4706	4478.29	4.6342	0.0465698
XR_007063401.1	607	381.611	2	0.235858
XR_007063402.1	184	49.9056	0	0
XR_007063403.1	833	605.427	0	0
XR_007063404.1	614	388.495	0	0
XR_007063405.1	2648	2420.29	0	0
XR_007063406.1	576	351.35	0	0
XR_007063407.1	223	70.6179	0	0
XR_007063408.1	4334	4106.29	14.3778	0.157574
XR_007063409.1	2611	2383.29	8	0.151062
XR_007063410.1	3032	2804.29	0	0
XR_007063411.1	430	216.949	0	0
XR_007063412.1	8023	7795.29	0	0
XR_007063413.1	309	123.455	0	0
XR_007063414.1	3313	3085.29	6.08367	0.0887383
XR_007063415.1	2663	2435.29	0	0
XR_007063416.1	2591	2363.29	3	0.0571276
XR_007063417.1	300	117.761	0	0
XR_007063418.1	3759	3531.29	0	0
XR_007063419.1	1178	950.293	0	0
XR_007063420.1	371	168.6	0	0
XR_007063421.1	1408	1180.29	0	0
XR_007063422.1	420	208.678	0	0
XR_007063423.1	327	136.154	0	0
XR_007063424.1	220	69.167	3	1.95193
XR_007063425.1	1104	876.293	0	0
XR_007063426.1	6048	5820.29	36.0064	0.278405
XR_007063427.1	39716	39488.3	15.0599	0.0171631
XR_007063428.1	1160	932.293	0	0
XR_007063429.1	1201	973.293	0	0
XR_007063430.1	485	265.994	1	0.169188
XR_007063431.1	824	596.427	8	0.603635
XR_007063432.1	1422	1194.29	0	0
XR_007063433.1	10934	10706.3	45.4249	0.19094
XR_007063434.1	1378	1150.29	0	0
XR_007063435.1	418	206.92	1.06127	0.230816
XR_007063436.1	296	115.202	0	0
XR_007063437.1	6811	6583.29	28.878	0.197409
XR_007063438.1	5245	5017.29	1.48943	0.0133596
XR_007063439.1	7021	6793.29	2	0.0132493
XR_007063440.1	1169	941.293	0	0
XR_007063441.1	1058	830.293	0	0
XR_007063442.1	408	198.624	0	0
XR_007063443.1	3605	3377.29	33.2352	0.442865
XR_007063444.1	3180	2952.29	12.7842	0.194875
XR_007063445.1	190	53.085	0	0
XR_007063446.1	157	36.3884	1	1.23674
XR_007063447.1	7673	7445.29	18.1716	0.109838
XR_007063448.1	12091	11863.3	0.000941276	3.57071e-06
XR_007063449.1	12282	12054.3	44.4697	0.166022
XR_007063450.1	8830	8602.29	0	0
XR_007063451.1	3044	2816.29	0	0
XR_007063452.1	2876	2648.29	9.49292	0.161315
XR_007063453.1	883	655.427	0	0
XR_007063454.1	221	69.701	0	0
XR_007063455.1	211	64.3426	0	0
XR_007063456.1	1382	1154.29	2.02209	0.0788365
XR_007063457.1	2368	2140.29	3	0.0630798
XR_007063458.1	1760	1532.29	192.603	5.6567
XR_007063459.1	726	498.753	1.06862	0.096423
XR_007063460.1	3330	3102.29	3.01234	0.0436982
XR_007063461.1	11041	10813.3	6.1197	0.0254691
XR_007063462.1	11399	11171.3	85.294	0.343603
XR_007063463.1	600	374.838	1	0.12006
XR_007063464.1	2692	2464.29	51.257	0.936059
XR_007063465.1	2200	1972.29	9.50425	0.216864
XR_007063466.1	377	173.351	0	0
XR_007063467.1	1212	984.293	3	0.137164
XR_007063468.1	5122	4894.29	5	0.0459751
XR_007063469.1	415	204.487	0	0
XR_007063470.1	736	508.753	0	0
XR_007063472.1	957	729.293	1.09591	0.0676261
XR_007063473.1	1028	800.293	0	0
XR_007063474.1	2075	1847.29	0	0
XR_007063475.1	4011	3783.29	0	0
XR_007063476.1	4229	4001.29	0	0
XR_007063477.1	4111	3883.29	0	0
XR_007063478.1	1257	1029.29	24	1.04934
XR_007063479.1	2028	1800.29	16.6412	0.415992
XR_007063480.1	666	439.629	2	0.204732
XR_007063481.1	2028	1800.29	0	0
XR_007063482.1	1353	1125.29	4.0458	0.161801
XR_007063483.1	372	169.412	0	0
XR_007063485.1	2192	1964.29	19	0.435301
XR_007063486.1	4942	4714.29	62.0302	0.592146
XR_007063487.1	4866	4638.29	402.777	3.90794
XR_007063488.1	4049	3821.29	69.443	0.817825
XR_007063489.1	4022	3794.29	0	0
XR_007063490.1	415	204.487	0	0
XR_007063491.1	412	201.964	2	0.445655
XR_007063492.1	7827	7599.29	0	0
XR_007063493.1	348	151.011	0	0
XR_007063494.1	468	250.385	0	0
XR_007063498.1	849	621.427	0	0
XR_007063499.1	590	365.061	1	0.123275
XR_007063500.1	805	577.487	0	0
XR_007063501.1	344	148.132	0	0
XR_007063502.1	1047	819.293	0	0
XR_007063503.1	948	720.293	10.0092	0.625365
XR_007063504.1	1559	1331.29	19.0896	0.645307
XR_007063505.1	1927	1699.29	0	0
XR_007063508.1	668	441.629	5	0.509512
XR_007063509.1	565	340.768	0	0
XR_007063510.1	2908	2680.29	33.8385	0.56816
XR_007063511.1	2333	2105.29	0	0
XR_007063515.1	1456	1228.29	1	0.0366387
XR_007063516.1	573	348.421	1	0.129163
XR_007063517.1	11251	11023.3	103.006	0.420527
XR_007063518.1	1574	1346.29	0	0
XR_007063519.1	1435	1207.29	0	0
XR_007063520.1	1974	1746.29	73	1.88126
XR_007063521.1	3343	3115.29	5.0123	0.072407
XR_007063522.1	2818	2590.29	14.525	0.252354
XR_007063523.1	1748	1520.29	47.475	1.40533
XR_007063524.1	8352	8124.29	8.8388	0.048961
XR_007063525.1	2214	1986.29	0	0
XR_007063526.1	387	181.366	0	0
XR_007063527.1	1014	786.293	0	0
XR_007063528.1	2683	2455.29	0	0
XR_007063534.1	290	111.126	0	0
XR_007063535.1	1831	1603.29	0	0
XR_007063536.1	1230	1002.29	0	0
XR_007063537.1	2555	2327.29	5.00178	0.0967198
XR_007063538.1	830	602.427	0	0
XR_007063539.1	3314	3086.29	0	0
XR_007063540.1	3326	3098.29	0	0
XR_007063541.1	3220	2992.29	0	0
XR_007063542.1	1450	1222.29	0	0
XR_007063543.1	10181	9953.29	0	0
XR_007063544.1	9161	8933.29	0	0
XR_007063545.1	8265	8037.29	5.00399	0.0280188
XR_007063546.1	3282	3054.29	0	0
XR_007063547.1	529	306.759	0	0
XR_007063548.1	456	239.672	0	0
XR_007063549.1	1267	1039.29	2	0.0866032
XR_007063550.1	686	459.134	12.4267	1.21803
XR_007063551.1	340	145.187	1.57911	0.489471
XR_007063552.1	917	689.293	1	0.0652887
XR_007063553.1	4220	3992.29	9.15924	0.103247
XR_007063554.1	248	84.9745	0	0
XR_007063560.1	1771	1543.29	0	0
XR_007063561.1	476	257.994	1	0.174435
XR_007063562.1	429	216.04	0	0
XR_007063563.1	4733	4505.29	0	0
XR_007063565.1	2216	1988.29	5.44702	0.123288
XR_007063566.1	416	205.291	1	0.219216
XR_007063567.1	650	423.846	0	0
XR_007063568.1	380	175.793	0	0
XR_007063576.1	5448	5220.29	3.00029	0.0258649
XR_007063577.1	458	241.399	0	0
XR_007063578.1	970	742.293	0	0
XR_007063579.1	458	241.399	0	0
XR_007063580.1	4275	4047.29	0	0
XR_007063581.1	453	236.993	0	0
XR_007063582.1	278	103.326	0	0
XR_007063583.1	240	80.5243	0	0
XR_007063584.1	206	61.8005	0	0
XR_007063585.1	8603	8375.29	2	0.0107466
XR_007063586.1	2554	2326.29	22.0255	0.426092
XR_007063587.1	3039	2811.29	0	0
XR_007063588.1	2266	2038.29	0	0
XR_007063589.1	291	111.803	0	0
XR_007063590.1	6094	5866.29	45.276	0.347334
XR_007063591.1	4172	3944.29	0.000320446	3.65618e-06
XR_007063592.1	4806	4578.29	3.55048	0.0349001
XR_007063593.1	4271	4043.29	0	0
XR_007063594.1	4259	4031.29	20.6799	0.230859
XR_007063595.1	4206	3978.29	0	0
XR_007063596.1	2533	2305.29	0	0
XR_007063597.1	2468	2240.29	4.21206	0.084612
XR_007063598.1	4829	4601.29	19.1427	0.187226
XR_007063599.1	5070	4842.29	0	0
XR_007063600.1	5335	5107.29	0	0
XR_007063601.1	3886	3658.29	36.2399	0.445811
XR_007063602.1	3725	3497.29	31.5729	0.406279
XR_007063603.1	405	196.152	0	0
XR_007063604.1	3622	3394.29	0	0
XR_007063605.1	3358	3130.29	0	0
XR_007063606.1	3422	3194.29	0	0
XR_007063607.1	3477	3249.29	0	0
XR_007063608.1	3489	3261.29	0	0
XR_007063609.1	4630	4402.29	2.05162	0.0209729
XR_007063610.1	3225	2997.29	0	0
XR_007063611.1	3154	2926.29	0	0
XR_007063612.1	583	358.243	0	0
XR_007063613.1	3156	2928.29	0	0
XR_007063614.1	194	55.1975	0	0
XR_007063615.1	5559	5331.29	5.00964	0.0422879
XR_007063616.1	1031	803.293	62.4684	3.49968
XR_007063617.1	103	15.7909	0	0
XR_007063618.1	63	18.1395	0	0
XR_007063619.1	65	17.8776	0	0
XR_007063620.1	61	19.9714	0	0
XR_007063621.1	132	25.5516	0	0
XR_007063622.1	135	26.7198	0	0
XR_007063623.1	77	15.2645	0	0
XR_007063624.1	132	25.5516	0	0
XR_007063625.1	132	25.5516	0	0
XR_007063626.1	71	17.0822	0	0
XR_007063627.1	70	16.7714	0	0
XR_007063628.1	83	15.7086	0	0
XR_007063629.1	80	15.4932	0	0
XR_007063630.1	134	26.2749	0	0
XR_007063631.1	131	24.9698	0	0
XR_007063632.1	95	14.7859	0	0
XR_007063633.1	134	26.2749	0	0
XR_007063634.1	129	24.2036	0	0
XR_007063635.1	128	23.852	0	0
XR_007063636.1	132	25.5516	0	0
XR_007063637.1	91	14.4116	0	0
XR_007063638.1	104	15.9806	0	0
XR_007063639.1	104	15.9806	0	0
XR_007063640.1	104	15.9806	0	0
XR_007063641.1	104	15.9806	1	2.81611
XR_007063642.1	101	15.5262	0	0
XR_007063643.1	103	15.7909	0	0
XR_007063644.1	100	15.2776	0	0
XR_007063645.1	106	16.543	0	0
XR_007063646.1	99	15.1945	0	0
XR_007063647.1	104	15.9806	0	0
XR_007063648.1	106	16.543	1	2.72036
XR_007063649.1	99	15.1945	0	0
XR_007063650.1	101	15.5262	0	0
XR_007063651.1	102	15.661	0	0
XR_007063652.1	164	39.7643	0	0
XR_007063653.1	1377	1149.29	9.72203	0.380687
XR_007063654.1	1142	914.293	35.2934	1.7372
XR_007063655.1	2205	1977.29	20.5133	0.466883
XR_007063656.1	2342	2114.29	0	0
XR_007063657.1	2115	1887.29	24.5339	0.585018
XR_007063658.1	2294	2066.29	0	0
XR_007063659.1	4679	4451.29	1054.71	10.6632
XR_007063660.1	2042	1814.29	0	0
XR_007063661.1	2934	2706.29	0	0
XR_007063662.1	2267	2039.29	0	0
XR_007063663.1	2142	1914.29	0	0
XR_007063664.1	3905	3677.29	0	0
XR_007063665.1	3199	2971.29	0	0
XR_007063666.1	3887	3659.29	0	0
XR_007063667.1	5772	5544.29	0	0
XR_007063668.1	2832	2604.29	51.3639	0.887586
XR_007063669.1	2772	2544.29	68.6575	1.2144
XR_007063670.1	2732	2504.29	15.899	0.285711
XR_007063671.1	1803	1575.29	642.018	18.3412
XR_007063672.1	1165	937.293	6.01359	0.288736
XR_007063673.1	13702	13474.3	3.64186e-07	1.21635e-09
XR_007063674.1	14935	14707.3	31.8363	0.0974165
XR_007063675.1	14200	13972.3	0	0
XR_007063676.1	12073	11845.3	0	0
XR_007063677.1	1252	1024.29	0	0
XR_007063678.1	949	721.293	23.9909	1.49684
XR_007063679.1	3279	3051.29	35.206	0.519248
XR_007063680.1	18887	18659.3	9.50214	0.0229176
XR_007063681.1	2212	1984.29	0	0
XR_007063682.1	1950	1722.29	0	0
XR_007063683.1	3413	3185.29	0	0
XR_007063684.1	2730	2502.29	78.3553	1.4092
XR_007063685.1	2343	2115.29	6.80039	0.144679
XR_007063686.1	36978	36750.3	0	0
XR_007063687.1	798	570.487	58.3635	4.60403
XR_007063688.1	3432	3204.29	0	0
XR_007063689.1	4496	4268.29	106.198	1.11971
XR_007063690.1	790	562.487	2.9428	0.235446
XR_007063691.1	2759	2531.29	6.23814	0.110906
XR_007063692.1	2472	2244.29	0	0
XR_007063693.1	3215	2987.29	85.8954	1.294
XR_007063694.1	2338	2110.29	33.4797	0.713973
XR_007063695.1	54553	54325.3	19.6772	0.0163006
XR_007063696.1	2938	2710.29	94.8225	1.57448
XR_007063697.1	703	475.947	0	0
XR_007063698.1	660	433.717	0	0
XR_007063699.1	2574	2346.29	10.2964	0.197491
XR_007063700.1	2007	1779.29	0	0
XR_007063701.1	2234	2006.29	0	0
XR_007063702.1	1640	1412.29	19.1804	0.611188
XR_007063703.1	1696	1468.29	2.74206	0.0840438
XR_007063704.1	3334	3106.29	13.9491	0.20209
XR_007063706.1	5095	4867.29	0	0
XR_007063707.1	5164	4936.29	0	0
XR_007063708.1	5275	5047.29	4.04054	0.0360266
XR_007063709.1	5443	5215.29	0	0
XR_007063710.1	1811	1583.29	2.01966	0.0574062
XR_007063711.1	547	323.768	0	0
XR_007063712.1	1012	784.293	0	0
XR_007063713.1	897	669.361	0	0
XR_007063714.1	1043	815.293	0	0
XR_007063715.1	44320	44092.3	0	0
XR_007063716.1	42455	42227.3	16.2004	0.0172654
XR_007063717.1	2069	1841.29	0	0
XR_007063718.1	545	321.964	0	0
XR_007063719.1	1002	774.293	1	0.0581215
XR_007063720.1	5259	5031.29	5.17068	0.0462498
XR_007063721.1	369	167.159	0	0
XR_007063722.1	1501	1273.29	74.8365	2.64501
XR_007063723.1	235	77.5231	1	0.580512
XR_007063724.1	1467	1239.29	0	0
XR_007063725.1	1099	871.293	0	0
XR_007063726.1	822	594.427	0	0
XR_007063727.1	1701	1473.29	0	0
XR_007063728.1	816	588.487	0	0
XR_007063729.1	295	114.56	0	0
XR_007063730.1	2897	2669.29	0	0
XR_007063731.1	1804	1576.29	0	0
XR_007063732.1	1612	1384.29	1.81136	0.0588871
XR_007063733.1	2481	2253.29	2	0.0399443
XR_007063734.1	2641	2413.29	4.52276	0.0843405
XR_007063735.1	5766	5538.29	31.0242	0.252096
XR_007063736.1	651	424.846	0	0
XR_007063737.1	775	547.487	0	0
XR_007063738.1	1580	1352.29	3.82073	0.12715
XR_007063739.1	3724	3496.29	0	0
XR_007063741.1	658	431.717	2	0.208484
XR_007063742.1	3602	3374.29	4	0.0533482
XR_007063743.1	436	222.144	0	0
XR_007063744.1	396	188.639	0	0
XR_007063745.1	2615	2387.29	0	0
XR_007063746.1	309	123.455	0	0
XR_007063747.1	752	524.701	0	0
XR_007063748.1	14236	14008.3	2	0.00642521
XR_007063749.1	1001	773.293	0	0
XR_007063750.1	1700	1472.29	0	0
XR_007063751.1	604	378.687	0	0
XR_007063752.1	581	356.279	0	0
XR_007063753.1	623	397.299	0	0
XR_007063754.1	3618	3390.29	0	0
XR_007063755.1	1359	1131.29	0	0
XR_007063756.1	922	694.293	0	0
XR_007063757.1	3650	3422.29	2	0.0263
XR_007063758.1	1062	834.293	0	0
XR_007063759.1	2286	2058.29	0	0
XR_007063760.1	1376	1148.29	2	0.0783826
XR_007063761.1	749	521.701	1	0.0862622
XR_007063762.1	3219	2991.29	29.8794	0.449527
XR_007063763.1	4902	4674.29	13.237	0.127443
XR_007063764.1	1676	1448.29	0	0
XR_007063765.1	660	433.717	2.00077	0.207603
XR_007063766.1	363	162.855	1	0.276338
XR_007063767.1	3772	3544.29	0	0
XR_007063768.1	4203	3975.29	12.7545	0.144389
XR_007063769.1	1128	900.293	1.17659	0.0588145
XR_007063770.1	3206	2978.29	0	0
XR_007063771.1	1056	828.293	2.38987	0.129847
XR_007063772.1	282	105.999	0	0
XR_007063773.1	845	617.427	3	0.218664
XR_007063774.1	877	649.427	0	0
XR_007063775.1	710	482.852	0	0
XR_007063776.1	1282	1054.29	0	0
XR_007063777.1	1070	842.293	0	0
XR_007063778.1	438	223.888	0	0
XR_007063779.1	2141	1913.29	0	0
XR_007063780.1	1317	1089.29	7.15117	0.295444
XR_007063781.1	214	65.919	1	0.682703
XR_007063782.1	350	152.593	0	0
XR_007063783.1	2073	1845.29	0	0
XR_007063784.1	463	245.87	0	0
XR_007063785.1	528	305.914	0	0
XR_007063786.1	351	153.209	0	0
XR_007063787.1	3512	3284.29	1	0.0137025
XR_007063788.1	1611	1383.29	28.2488	0.919027
XR_007063789.1	4232	4004.29	0	0
XR_007063790.1	1922	1694.29	0	0
XR_007063791.1	4116	3888.29	0	0
XR_007063792.1	4053	3825.29	7.1549	0.0841746
XR_007063793.1	3748	3520.29	0	0
XR_007063794.1	1551	1323.29	6.88441	0.234128
XR_007063795.1	4673	4445.29	2	0.0202475
XR_007063796.1	12980	12752.3	29.8533	0.105353
XR_007063803.1	1288	1060.29	0	0
XR_007063804.1	437	223.004	4	0.807214
XR_007063805.1	1642	1414.29	6	0.190921
XR_007063806.1	3115	2887.29	50.1133	0.781096
XR_007063807.1	287	109.221	5	2.06018
XR_007063808.1	2592	2364.29	0	0
XR_007063809.1	1598	1370.29	0	0
XR_007063810.1	596	370.951	0	0
XR_007063813.1	5409	5181.29	1.00592	0.00873714
XR_007063814.1	279	103.985	0	0
XR_007063815.1	517	295.585	0	0
XR_007063816.1	365	164.195	0	0
XR_007063817.1	448	232.626	0	0
XR_007063818.1	253	87.9231	0	0
XR_007063820.1	972	744.293	0	0
XR_007063825.1	3809	3581.29	1	0.0125662
XR_007063826.1	5637	5409.29	2.43613	0.0202676
XR_007063827.1	183	49.4606	0	0
XR_007063828.1	1125	897.293	0	0
XR_007063829.1	3447	3219.29	0	0
XR_007063830.1	248	84.9745	0	0
XR_007063831.1	528	305.914	0	0
XR_007063832.1	2828	2600.29	1	0.0173069
XR_007063835.1	1470	1242.29	0.865475	0.0313525
XR_007063836.1	2634	2406.29	4.13452	0.0773249
XR_007063837.1	335	141.797	18.7007	5.93513
XR_007063838.1	2580	2352.29	3.00054	0.0574051
XR_007063839.1	1056	828.293	0	0
XR_007063840.1	672	445.496	1	0.101018
XR_007063841.1	1921	1693.29	0	0
XR_007063842.1	1346	1118.29	0	0
XR_007063843.1	3744	3516.29	0	0
XR_007063844.1	13133	12905.3	1.03572	0.00361173
XR_007063845.1	3607	3379.29	1	0.0133173
XR_007063846.1	340	145.187	0	0
XR_007063847.1	3064	2836.29	0	0
XR_007063848.1	8526	8298.29	5.51494	0.0299085
XR_007063849.1	388	182.168	0	0
XR_007063850.1	475	257.02	1	0.175095
XR_007063851.1	524	302.192	0	0
XR_007063852.1	445	230.083	0	0
XR_007063853.1	438	223.888	0	0
XR_007063854.1	5103	4875.29	0	0
XR_007063855.1	194	55.1975	0	0
XR_007063856.1	425	212.877	0	0
XR_007063857.1	3648	3420.29	0	0
XR_007063858.1	723	495.802	0	0
XR_007063859.1	2929	2701.29	0	0
XR_007063860.1	285	107.918	0	0
XR_007063861.1	5773	5545.29	0	0
XR_007063862.1	287	109.221	0	0
XR_007063863.1	505	284.56	0	0
XR_007063864.1	12914	12686.3	8.36852	0.0296863
XR_007063865.1	668	441.629	1	0.101902
XR_007063867.1	284	107.25	0	0
XR_007063868.1	336	142.48	0	0
XR_007063869.1	306	121.497	0	0
XR_007063870.1	11040	10812.3	12.5391	0.0521902
XR_007063871.1	928	700.293	0	0
XR_007063872.1	696	468.994	1	0.0959565
XR_007063873.1	6419	6191.29	0	0
XR_007063874.1	10054	9826.29	8.4158	0.0385432
XR_007063875.1	736	508.753	0	0
XR_007063876.1	379	175.043	0	0
XR_007063877.1	7384	7156.29	0	0
XR_007063878.1	6455	6227.29	12.0225	0.0868834
XR_007063879.1	611	385.534	0	0
XR_007063880.1	570	345.561	1	0.130232
XR_007063881.1	861	633.427	0	0
XR_007063882.1	1949	1721.29	3	0.0784348
XR_007063883.1	978	750.293	7.23309	0.433845
XR_007063884.1	1837	1609.29	26.6673	0.745739
XR_007063885.1	1010	782.293	0	0
XR_007063886.1	1172	944.293	1.79041	0.0853275
XR_007063887.1	1361	1133.29	1.20085	0.0476857
XR_007063888.1	834	606.427	1.75957	0.130578
XR_007063889.1	1251	1023.29	0	0
XR_007063890.1	6178	5950.29	66.8824	0.505843
XR_007063891.1	470	252.282	0	0
XR_007063892.1	4113	3885.29	2	0.0231659
XR_007063893.1	604	378.687	0	0
XR_007063894.1	466	248.539	0	0
XR_007063895.1	488	268.748	4	0.669818
XR_007063896.1	1299	1071.29	0	0
XR_007063897.1	11380	11152.3	0	0
XR_007063898.1	11788	11560.3	0	0
XR_007063899.1	11596	11368.3	0	0
XR_007063900.1	11908	11680.3	0	0
XR_007063901.1	10564	10336.3	0	0
XR_007063902.1	11068	10840.3	0	0
XR_007063903.1	10756	10528.3	0	0
XR_007063904.1	10228	10000.3	0	0
XR_007063905.1	10036	9808.29	0	0
XR_007063906.1	11260	11032.3	0	0
XR_007063907.1	12069	11841.3	0	0
XR_007063908.1	433	219.537	0	0
XR_007063909.1	11547	11319.3	9.00346	0.0357958
XR_007063910.1	999	771.293	0	0
XR_007063911.1	1056	828.293	0	0
XR_007063912.1	909	681.293	0	0
XR_007063913.1	1078	850.293	0	0
XR_007063914.1	822	594.427	0	0
XR_007063915.1	966	738.293	6	0.365733
XR_007063916.1	898	670.361	0	0
XR_007063917.1	836	608.427	1	0.0739662
XR_007063918.1	781	553.487	0	0
XR_007063920.1	162	38.7685	0	0
XR_007063921.1	363	162.855	0	0
XR_007063922.1	2364	2136.29	0	0
XR_007063923.1	611	385.534	0	0
XR_007063924.1	2157	1929.29	3	0.0699786
XR_007063925.1	642	416.014	0	0
XR_007063926.1	907	679.293	0	0
XR_007063927.1	2872	2644.29	0	0
XR_007063928.1	910	682.293	0	0
XR_007063929.1	1430	1202.29	0	0
XR_007063930.1	3755	3527.29	0	0
XR_007063931.1	3539	3311.29	0	0
XR_007063932.1	7539	7311.29	0	0
XR_007063933.1	2047	1819.29	0	0
XR_007063934.1	1889	1661.29	0	0
XR_007063935.1	1188	960.293	0	0
XR_007063936.1	989	761.293	1.24386	0.0735293
XR_007063937.1	1223	995.293	0	0
XR_007063938.1	1060	832.293	0	0
XR_007063939.1	1598	1370.29	0	0
XR_007063940.1	697	469.994	0	0
XR_007063941.1	3820	3592.29	0	0
XR_007063942.1	5641	5413.29	0	0
XR_007063943.1	787	559.487	0	0
XR_007063944.1	991	763.293	0	0
XR_007063945.1	9889	9661.29	16.7197	0.0778817
XR_007063947.1	10055	9827.29	2.57781	0.0118048
XR_007063948.1	471	253.178	0	0
XR_007063949.1	72	16.5875	0	0
XR_007063950.1	93	14.4286	0	0
XR_007063951.1	127	23.5955	0	0
XR_007063952.1	68	17.931	0	0
XR_007063953.1	61	19.9714	0	0
XR_007063954.1	128	23.852	0	0
XR_007063955.1	131	24.9698	0	0
XR_007063956.1	66	18.52	0	0
XR_007063957.1	104	15.9806	0	0
XR_007063958.1	104	15.9806	0	0
XR_007063959.1	107	17.0159	0	0
XR_007063960.1	105	16.2206	0	0
XR_007063961.1	104	15.9806	0	0
XR_007063962.1	104	15.9806	0	0
XR_007063963.1	102	15.661	0	0
XR_007063964.1	99	15.1945	0	0
XR_007063965.1	102	15.661	0	0
XR_007063966.1	102	15.661	0	0
XR_007063967.1	102	15.661	0	0
XR_007063968.1	99	15.1945	0	0
XR_007063969.1	101	15.5262	0	0
XR_007063970.1	899	671.361	0	0
XR_007063971.1	107	17.0159	0	0
XR_007063972.1	750	522.701	4.35797	0.375209
XR_007063973.1	773	545.487	0	0
XR_007063974.1	1162	934.293	0	0
XR_007063975.1	1599	1371.29	0	0
XR_007063976.1	1509	1281.29	0	0
XR_007063977.1	5075	4847.29	37.1544	0.344947
XR_007063978.1	4556	4328.29	47.8234	0.49724
XR_007063979.1	1604	1376.29	17.4098	0.56928
XR_007063980.1	2600	2372.29	7.41774	0.140717
XR_007063981.1	4435	4207.29	0	0
XR_007063982.1	4686	4458.29	0	0
XR_007063983.1	4566	4338.29	0	0
XR_007063984.1	3665	3437.29	0	0
XR_007063987.1	1672	1444.29	0	0
XR_007063988.1	1667	1439.29	0	0
XR_007063990.1	2090	1862.29	8.58584	0.20748
XR_007063991.1	20372	20144.3	2.18753	0.00488703
XR_007063992.1	4975	4747.29	174.232	1.65168
XR_007063993.1	1671	1443.29	11.696	0.364689
XR_007063994.1	2253	2025.29	13.2371	0.294136
XR_007063995.1	1488	1260.29	27.8618	0.994899
XR_007063996.1	1494	1266.29	34.3052	1.21918
XR_007063997.1	4873	4645.29	0	0
XR_007063998.1	8429	8201.29	47.2162	0.25909
XR_007063999.1	1350	1122.29	0	0
XR_007064000.1	1063	835.293	0	0
XR_007064001.1	989	761.293	0	0
XR_007064002.1	2279	2051.29	6.68369	0.146633
XR_007064003.1	2328	2100.29	0	0
XR_007064004.1	6570	6342.29	52.4583	0.372229
XR_007064005.1	6498	6270.29	0.0611019	0.00043854
XR_007064006.1	3013	2785.29	0	0
XR_007064007.1	1621	1393.29	77.5193	2.50386
XR_007064008.1	1409	1181.29	1.35843	0.0517513
XR_007064009.1	6080	5852.29	0	0
XR_007064010.1	3638	3410.29	0	0
XR_007064011.1	5244	5016.29	3	0.0269141
XR_007064013.1	2507	2279.29	0	0
XR_007064014.1	2299	2071.29	343.342	7.45982
XR_007064015.1	2215	1987.29	33.31	0.754319
XR_007064016.1	2137	1909.29	3.80278	0.0896337
XR_007064017.1	2853	2625.29	0	0
XR_007064018.1	2141	1913.29	4.998	0.117559
XR_007064019.1	1525	1297.29	10.5826	0.367111
XR_007064020.1	7468	7240.29	0	0
XR_007064021.1	4829	4601.29	0	0
XR_007064022.1	3434	3206.29	0	0
XR_007064023.1	3163	2935.29	15.9702	0.244851
XR_007064024.1	3377	3149.29	0	0
XR_007064025.1	7379	7151.29	0	0
XR_007064026.1	4740	4512.29	23.2733	0.232115
XR_007064027.1	7514	7286.29	21.3131	0.131639
XR_007064028.1	5583	5355.29	23.8387	0.200328
XR_007064029.1	6960	6732.29	0	0
XR_007064030.1	6889	6661.29	27.4154	0.185216
XR_007064031.1	1622	1394.29	0	0
XR_007064032.1	2143	1915.29	21.8412	0.513197
XR_007064033.1	1672	1444.29	58.2364	1.8146
XR_007064034.1	2031	1803.29	21.3128	0.531883
XR_007064035.1	2096	1868.29	12.4753	0.300502
XR_007064036.1	2275	2047.29	0	0
XR_007064037.1	2359	2131.29	3.99103	0.0842721
XR_007064038.1	2235	2007.29	0	0
XR_007064039.1	10012	9784.29	174.12	0.80087
XR_007064040.1	9897	9669.29	76.8224	0.357549
XR_007064041.1	9894	9666.29	152.315	0.709127
XR_007064042.1	3154	2926.29	0	0
XR_007064043.1	4767	4539.29	40.0879	0.397436
XR_007064044.1	1264	1036.29	3.41863	0.148461
XR_007064045.1	814	586.487	0	0
XR_007064046.1	981	753.293	0	0
XR_007064047.1	953	725.293	17.8127	1.10525
XR_007064048.1	2050	1822.29	0	0
XR_007064049.1	1942	1714.29	0	0
XR_007064050.1	1450	1222.29	0	0
XR_007064051.1	5237	5009.29	0	0
XR_007064052.1	1754	1526.29	0	0
XR_007064053.1	2136	1908.29	5	0.117914
XR_007064054.1	1669	1441.29	0	0
XR_007064055.1	773	545.487	0.5	0.0412504
XR_007064056.1	464	246.768	0	0
XR_007064057.1	7584	7356.29	66.1594	0.404739
XR_007064058.1	550	326.571	0	0
XR_007064059.1	4888	4660.29	4	0.0386268
XR_007064060.1	601	375.763	0	0
XR_007064061.1	4569	4341.29	1	0.0103663
XR_007064062.1	352	154.086	1	0.292065
XR_007064063.1	339	144.406	0	0
XR_007064064.1	435	221.33	3	0.609992
XR_007064065.1	3145	2917.29	0	0
XR_007064066.1	3711	3483.29	0	0
XR_007064067.1	2762	2534.29	0	0
XR_007064068.1	2565	2337.29	0	0
XR_007064069.1	2229	2001.29	0	0
XR_007064070.1	364	163.525	0	0
XR_007064071.1	524	302.192	0	0
XR_007064072.1	520	298.404	4.59905	0.693595
XR_007064073.1	583	358.243	9.07341	1.13982
XR_007064074.1	2212	1984.29	10	0.226797
XR_007064075.1	3375	3147.29	11.8713	0.169748
XR_007064076.1	847	619.427	5	0.363264
XR_007064077.1	3187	2959.29	17.4722	0.265706
XR_007064078.1	2027	1799.29	5.28686	0.132232
XR_007064079.1	1998	1770.29	0	0
XR_007064080.1	1001	773.293	0	0
XR_007064081.1	1246	1018.29	0	0
XR_007064082.1	951	723.293	0.5	0.0311098
XR_007064083.1	964	736.293	0	0
XR_007064084.1	2086	1858.29	7.01584	0.169906
XR_007064085.1	1151	923.293	1	0.0487419
XR_007064086.1	421	209.523	1	0.214789
XR_007064087.1	8896	8668.29	4.11853	0.0213821
XR_007064088.1	2820	2592.29	0	0
XR_007064089.1	9528	9300.29	5.01951	0.0242888
XR_007064090.1	1924	1696.29	0	0
XR_007064091.1	456	239.672	0	0
XR_007064092.1	856	628.427	0	0
XR_007064093.1	846	618.427	0	0
XR_007064099.1	984	756.293	0	0
XR_007064100.1	1152	924.293	0	0
XR_007064101.1	1479	1251.29	0	0
XR_007064104.1	1482	1254.29	0	0
XR_007064105.1	5031	4803.29	26	0.2436
XR_007064106.1	1519	1291.29	0	0
XR_007064107.1	1263	1035.29	1.02998	0.0447723
XR_007064108.1	1851	1623.29	3.06466	0.0849626
XR_007064109.1	215	66.32	0	0
XR_007064110.1	396	188.639	0	0
XR_007064111.1	6154	5926.29	0	0
XR_007064112.1	792	564.487	4	0.318896
XR_007064113.1	1114	886.293	1.19848	0.0608548
XR_007064114.1	2492	2264.29	0	0
XR_007064115.1	1436	1208.29	2.13813	0.0796351
XR_007064116.1	1108	880.293	0	0
XR_007064117.1	1268	1040.29	9.93365	0.42973
XR_007064118.1	1671	1443.29	0	0
XR_007064119.1	6198	5970.29	0	0
XR_007064120.1	604	378.687	0	0
XR_007064121.1	12415	12187.3	0	0
XR_007064122.1	6971	6743.29	0	0
XR_007064123.1	19079	18851.3	2.00035	0.00477536
XR_007064124.1	4575	4347.29	1	0.010352
XR_007064125.1	6085	5857.29	24.8766	0.191134
XR_007064126.1	5803	5575.29	10.439	0.0842626
XR_007064127.1	5793	5565.29	1.0444	0.00844538
XR_007064128.1	13834	13606.3	30.2376	0.100011
XR_007064129.1	1933	1705.29	0	0
XR_007064130.1	849	621.427	0	0
XR_007064131.1	757	529.648	0	0
XR_007064132.1	1232	1004.29	0	0
XR_007064133.1	805	577.487	0	0
XR_007064134.1	8378	8150.29	7	0.0386516
XR_007064135.1	258	91.0962	0	0
XR_007064136.1	274	100.891	0	0
XR_007064138.1	425	212.877	0	0
XR_007064139.1	2093	1865.29	0	0
XR_007064140.1	1963	1735.29	1	0.025934
XR_007064141.1	4347	4119.29	0	0
XR_007064142.1	4255	4027.29	0	0
XR_007064143.1	3716	3488.29	0	0
XR_007064144.1	4320	4092.29	0	0
XR_007064145.1	4372	4144.29	0	0
XR_007064146.1	3660	3432.29	0	0
XR_007064147.1	1784	1556.29	0.212139	0.0061344
XR_007064148.1	867	639.427	0	0
XR_007064149.1	1668	1440.29	2	0.0624916
XR_007064150.1	2572	2344.29	4.08536	0.0784261
XR_007064151.1	527	304.945	0	0
XR_007064152.1	1787	1559.29	0	0
XR_007064153.1	8730	8502.29	0	0
XR_007064154.1	1839	1611.29	0	0
XR_007064155.1	4301	4073.29	22.0113	0.243189
XR_007064156.1	2294	2066.29	0	0
XR_007064157.1	5673	5445.29	9.33547	0.0771538
XR_007064158.1	926	698.293	12.784	0.823894
XR_007064159.1	4530	4302.29	0	0
XR_007064160.1	3962	3734.29	5.70269	0.0687248
XR_007064161.1	1459	1231.29	4.0045	0.146362
XR_007064162.1	891	663.427	0.00401048	0.000272047
XR_007064163.1	887	659.427	15.996	1.09166
XR_007064164.1	3984	3756.29	1	0.0119807
XR_007064165.1	352	154.086	1	0.292065
XR_007064166.1	1997	1769.29	0	0
XR_007064167.1	793	565.487	2	0.159166
XR_007064168.1	3791	3563.29	0	0
XR_007064169.1	1755	1527.29	0	0
XR_007064170.1	941	713.293	0	0
XR_007064173.1	45743	45515.3	10.1391	0.010025
XR_007064174.1	19938	19710.3	13.4644	0.0307423
XR_007064175.1	40787	40559.3	0	0
XR_007064176.1	13102	12874.3	2.40079	0.00839215
XR_007064177.1	2596	2368.29	10.0846	0.191631
XR_007064178.1	2585	2357.29	0	0
XR_007064179.1	527	304.945	0	0
XR_007064180.1	11607	11379.3	7.02978	0.0278015
XR_007064181.1	825	597.427	0	0
XR_007064182.1	1168	940.293	0	0
XR_007064183.1	3256	3028.29	0	0
XR_007064184.1	445	230.083	0	0
XR_007064190.1	652	425.803	0	0
XR_007064191.1	3051	2823.29	4.02878	0.0642184
XR_007064192.1	1471	1243.29	0	0
XR_007064193.1	3450	3222.29	3.80316	0.0531156
XR_007064194.1	10279	10051.3	3.50387	0.015688
XR_007064195.1	3515	3287.29	0	0
XR_007064196.1	3523	3295.29	12.7503	0.174129
XR_007064197.1	297	115.768	0	0
XR_007064198.1	3860	3632.29	8.18138	0.101365
XR_007064199.1	334	141.098	0.314264	0.100235
XR_007064203.1	1407	1179.29	0	0
XR_007064204.1	2173	1945.29	4.01435	0.0928693
XR_007064205.1	415	204.487	0	0
XR_007064206.1	2105	1877.29	1.04234	0.0249872
XR_007064213.1	9660	9432.29	5.20281	0.0248235
XR_007064214.1	9066	8838.29	0	0
XR_007064215.1	514	292.795	0	0
XR_007064216.1	432	218.698	0	0
XR_007064217.1	5010	4782.29	11	0.103514
XR_007064218.1	4595	4367.29	23.8404	0.245666
XR_007064219.1	32238	32010.3	57.5073	0.0808491
XR_007064220.1	2609	2381.29	5.74176	0.108511
XR_007064221.1	5677	5449.29	23.0208	0.190118
XR_007064222.1	21124	20896.3	4.04259e-05	8.70628e-08
XR_007064223.1	20931	20703.3	13.5377	0.029427
XR_007064224.1	6691	6463.29	0	0
XR_007064225.1	3043	2815.29	0	0
XR_007064226.1	5526	5298.29	1	0.00849388
XR_007064227.1	3567	3339.29	0	0
XR_007064228.1	4649	4421.29	0	0
XR_007064234.1	570	345.561	0	0
XR_007064235.1	522	300.222	0	0
XR_007064236.1	1366	1138.29	1.27039	0.0502256
XR_007064237.1	753	525.701	4	0.342424
XR_007064238.1	4155	3927.29	20	0.229181
XR_007064239.1	191	53.6233	0	0
XR_007064246.1	415	204.487	17	3.74132
XR_007064259.1	760	532.648	2.00521	0.169419
XR_007064260.1	335	141.797	0	0
XR_007064263.1	381	176.619	0	0
XR_007064264.1	417	206.073	0	0
XR_007064265.1	1989	1761.29	3.00312	0.0767331
XR_007064266.1	940	712.293	8	0.505444
XR_007064267.1	6569	6341.29	23	0.163227
XR_007064268.1	3130	2902.29	0	0
XR_007064269.1	864	636.427	5	0.35356
XR_007064270.1	878	650.427	3	0.20757
XR_007064271.1	639	413.014	0	0
XR_007064272.1	701	473.947	0	0
XR_007064273.1	579	354.315	0	0
XR_007064274.1	1335	1107.29	0	0
XR_007064275.1	579	354.315	3.01479	0.382922
XR_007064276.1	1762	1534.29	0	0
XR_007064280.1	1192	964.293	3	0.140008
XR_007064281.1	524	302.192	0	0
XR_007064282.1	674	447.496	0	0
XR_007064283.1	269	97.8901	0	0
XR_007064284.1	310	124.224	0	0
XR_007064285.1	603	377.687	0	0
XR_007064286.1	18508	18280.3	0	0
XR_007064287.1	17681	17453.3	0.74076	0.00191004
XR_007064288.1	17639	17411.3	20.148	0.0520766
XR_007064289.1	18877	18649.3	0	0
XR_007064290.1	10308	10080.3	0	0
XR_007064291.1	18586	18358.3	0	0
XR_007064292.1	1060	832.293	0	0
XR_007064293.1	4691	4463.29	0	0
XR_007064294.1	6560	6332.29	6	0.0426415
XR_007064295.1	1551	1323.29	0	0
XR_007064296.1	755	527.701	0	0
XR_007064297.1	483	264.32	2	0.340519
XR_007064298.1	7994	7766.29	0	0
XR_007064299.1	1861	1633.29	2	0.0551072
XR_007064300.1	266	95.93	0	0
XR_007064301.1	574	349.421	0	0
XR_007064302.1	866	638.427	0	0
XR_007064303.1	1378	1150.29	4	0.156493
XR_007064305.1	2061	1833.29	4.07458	0.100022
XR_007064306.1	2534	2306.29	10.4686	0.204275
XR_007064307.1	474	256.047	0	0
XR_007064308.1	274	100.891	11	4.90663
XR_007064309.1	2970	2742.29	4.00017	0.0656458
XR_007064310.1	571	346.526	2	0.259739
XR_007064312.1	3392	3164.29	4.00633	0.0569786
XR_007064313.1	1104	876.293	0	0
XR_007064314.1	281	105.3	0	0
XR_007064315.1	294	113.843	0	0
XR_007064316.1	672	445.496	0	0
XR_007064317.1	491	271.527	0	0
XR_007064318.1	469	251.307	0	0
XR_007064319.1	4709	4481.29	3.05273	0.0306569
XR_007064320.1	628	402.259	0	0
XR_007064321.1	2293	2065.29	3	0.0653705
XR_007064322.1	874	646.427	6.14763	0.427987
XR_007064323.1	1185	957.293	7.85237	0.369146
XR_007064324.1	705	477.9	0	0
XR_007064325.1	4565	4337.29	0	0
XR_007064326.1	428	215.312	0	0
XR_007064327.1	3453	3225.29	5.00947	0.069898
XR_007064328.1	1317	1089.29	0	0
XR_007064329.1	22509	22281.3	31.8967	0.0644239
XR_007064330.1	502	281.791	1	0.159704
XR_007064331.1	2261	2033.29	4	0.0885324
XR_007064332.1	3123	2895.29	0	0
XR_007064333.1	4253	4025.29	0	0
XR_007064334.1	4054	3826.29	0	0
XR_007064335.1	2496	2268.29	1	0.0198401
XR_007064336.1	7058	6830.29	8	0.05271
XR_007064337.1	2902	2674.29	0	0
XR_007064338.1	650	423.846	0	0
XR_007064339.1	270	98.4585	0	0
XR_007064341.1	520	298.404	0	0
XR_007064342.1	6791	6563.29	4.02968	0.0276306
XR_007064343.1	10632	10404.3	0	0
XR_007064344.1	3894	3666.29	0	0
XR_007064349.1	2596	2368.29	8.73992	0.166079
XR_007064350.1	173	44.4445	0	0
XR_007064351.1	2106	1878.29	0	0
XR_007064352.1	2203	1975.29	0	0
XR_007064353.1	2035	1807.29	0	0
XR_007064354.1	2265	2037.29	0	0
XR_007064355.1	2254	2026.29	0	0
XR_007064356.1	9723	9495.29	16.2718	0.0771202
XR_007064357.1	12853	12625.3	15.0087	0.0534989
XR_007064359.1	2377	2149.29	0	0
XR_007064360.1	175	45.4777	0	0
XR_007064361.1	2073	1845.29	0	0
XR_007064362.1	3636	3408.29	0	0
XR_007064363.1	1842	1614.29	0	0
XR_007064364.1	1458	1230.29	8.68849	0.317818
XR_007064365.1	902	674.361	8	0.533875
XR_007064366.1	355	156.626	0	0
XR_007064367.1	836	608.427	1	0.0739662
XR_007064368.1	703	475.947	0	0
XR_007064369.1	8213	7985.29	0.3012	0.00169749
XR_007064370.1	11431	11203.3	4.63637	0.0186241
XR_007064371.1	706	478.9	0	0
XR_007064372.1	1042	814.293	0	0
XR_007064373.1	952	724.293	0	0
XR_007064374.1	853	625.427	0	0
XR_007064375.1	849	621.427	0	0
XR_007064377.1	295	114.56	0	0
XR_007064378.1	149	32.7812	0	0
XR_007064379.1	1590	1362.29	0	0
XR_007064387.1	2100	1872.29	0	0
XR_007064389.1	2934	2706.29	3.00085	0.0499014
XR_007064390.1	1613	1385.29	0	0
XR_007064391.1	603	377.687	0	0
XR_007064392.1	16895	16667.3	0	0
XR_007064393.1	107	17.0159	0	0
XR_007064394.1	66	18.52	0	0
XR_007064395.1	135	26.7198	0	0
XR_007064396.1	73	16.0795	0	0
XR_007064397.1	77	15.2645	0	0
XR_007064398.1	75	15.9406	0	0
XR_007064399.1	75	15.9406	1	2.82318
XR_007064400.1	74	16.0532	0	0
XR_007064401.1	77	15.2645	0	0
XR_007064402.1	130	24.5498	0	0
XR_007064403.1	65	17.8776	0	0
XR_007064404.1	69	17.25	0	0
XR_007064405.1	88	15.1865	0	0
XR_007064406.1	129	24.2036	0	0
XR_007064407.1	104	15.9806	0	0
XR_007064408.1	104	15.9806	0	0
XR_007064409.1	101	15.5262	0	0
XR_007064410.1	104	15.9806	0	0
XR_007064411.1	101	15.5262	0	0
XR_007064412.1	101	15.5262	0	0
XR_007064413.1	216	66.8958	0	0
XR_007064414.1	216	66.8958	0	0
XR_007064415.1	1938	1710.29	0	0
XR_007064416.1	2978	2750.29	26.4589	0.432947
XR_007064417.1	2888	2660.29	14.6963	0.24861
XR_007064418.1	3258	3030.29	0	0
XR_007064419.1	3255	3027.29	0	0
XR_007064420.1	3905	3677.29	0	0
XR_007064421.1	766	538.541	0	0
XR_007064422.1	1598	1370.29	49.3292	1.62007
XR_007064423.1	2658	2430.29	0	0
XR_007064424.1	4235	4007.29	0	0
XR_007064425.1	4170	3942.29	24.2509	0.276835
XR_007064426.1	4148	3920.29	94.7624	1.08783
XR_007064427.1	2139	1911.29	15.3242	0.360823
XR_007064428.1	4952	4724.29	0	0
XR_007064429.1	2118	1890.29	1.15629	0.0275283
XR_007064430.1	1028	800.293	23.0797	1.29785
XR_007064431.1	3863	3635.29	0	0
XR_007064432.1	1745	1517.29	0	0
XR_007064433.1	2047	1819.29	0	0
XR_007064434.1	1168	940.293	1309.65	62.6809
XR_007064435.1	8058	7830.29	0	0
XR_007064436.1	1318	1090.29	42.7762	1.76563
XR_007064437.1	1175	947.293	0	0
XR_007064438.1	1403	1175.29	0	0
XR_007064439.1	1787	1559.29	72.4607	2.0913
XR_007064440.1	1585	1357.29	3.58108	0.118736
XR_007064441.1	4399	4171.29	0	0
XR_007064442.1	4312	4084.29	0	0
XR_007064443.1	1963	1735.29	0	0
XR_007064444.1	2828	2600.29	18.87	0.326582
XR_007064445.1	2457	2229.29	8.85518	0.178761
XR_007064446.1	1827	1599.29	0	0
XR_007064447.1	1531	1303.29	0	0
XR_007064448.1	4228	4000.29	0	0
XR_007064449.1	1362	1134.29	19.9862	0.792953
XR_007064450.1	1059	831.293	17.416	0.942838
XR_007064451.1	1246	1018.29	2.35219	0.103954
XR_007064452.1	1652	1424.29	16.7885	0.530464
XR_007064453.1	1574	1346.29	0.000485173	1.62181e-05
XR_007064454.1	1653	1425.29	6.42505e-07	2.02869e-08
XR_007064455.1	1637	1409.29	21.7257	0.693767
XR_007064456.1	1638	1410.29	7.45522e-07	2.37899e-08
XR_007064457.1	2243	2015.29	10.7733	0.240575
XR_007064458.1	1885	1657.29	0	0
XR_007064459.1	1356	1128.29	57.6949	2.30122
XR_007064460.1	1230	1002.29	0	0
XR_007064464.1	11205	10977.3	0	0
XR_007064465.1	1297	1069.29	0	0
XR_007064466.1	4455	4227.29	0	0
XR_007064467.1	2761	2533.29	100.936	1.7931
XR_007064468.1	4326	4098.29	0	0
XR_007064469.1	2456	2228.29	6.08139	0.122821
XR_007064470.1	3641	3413.29	2.66139	0.0350895
XR_007064471.1	4857	4629.29	25.9529	0.252298
XR_007064472.1	1596	1368.29	51.0903	1.68036
XR_007064473.1	3183	2955.29	6.0006	0.0913768
XR_007064474.1	1548	1320.29	0	0
XR_007064475.1	1904	1676.29	0	0
XR_007064476.1	13126	12898.3	36.1797	0.126234
XR_007064477.1	5961	5733.29	17.8389	0.140025
XR_007064478.1	4886	4658.29	0	0
XR_007064479.1	13192	12964.3	153.421	0.532573
XR_007064480.1	2955	2727.29	27.5075	0.453902
XR_007064481.1	920	692.293	10.073	0.654801
XR_007064482.1	3175	2947.29	8.70652	0.132942
XR_007064483.1	1806	1578.29	0	0
XR_007064484.1	1765	1537.29	0	0
XR_007064485.1	1315	1087.29	0	0
XR_007064486.1	1293	1065.29	0	0
XR_007064487.1	2078	1850.29	0.641162	0.0155944
XR_007064488.1	6185	5957.29	373.131	2.81874
XR_007064489.1	794	566.487	1.60309	0.127354
XR_007064490.1	1415	1187.29	14.4792	0.548818
XR_007064491.1	1057	829.293	14.9653	0.812119
XR_007064492.1	1011	783.293	10.3211	0.592984
XR_007064493.1	1857	1629.29	16.6474	0.459821
XR_007064494.1	10130	9902.29	62.5985	0.284492
XR_007064495.1	1118	890.293	0	0
XR_007064496.1	1103	875.293	0	0
XR_007064497.1	1099	871.293	0	0
XR_007064498.1	824	596.427	0	0
XR_007064499.1	5369	5141.29	0	0
XR_007064500.1	2040	1812.29	0	0
XR_007064501.1	167	41.2794	0	0
XR_007064502.1	728	500.753	0	0
XR_007064503.1	2669	2441.29	8.35329	0.153986
XR_007064504.1	3978	3750.29	35.5945	0.42713
XR_007064505.1	3473	3245.29	0	0
XR_007064506.1	3593	3365.29	7.83763	0.10481
XR_007064507.1	3526	3298.29	60.4259	0.824473
XR_007064508.1	3562	3334.29	0	0
XR_007064509.1	3021	2793.29	83.5323	1.3458
XR_007064510.1	3057	2829.29	0	0
XR_007064511.1	3088	2860.29	0	0
XR_007064512.1	3439	3211.29	0	0
XR_007064513.1	3110	2882.29	0	0
XR_007064514.1	2636	2408.29	10.1557	0.189776
XR_007064515.1	2672	2444.29	0	0
XR_007064516.1	3801	3573.29	6.79875e-07	8.56254e-09
XR_007064517.1	2658	2430.29	29.3563	0.543607
XR_007064518.1	2694	2466.29	0	0
XR_007064519.1	3023	2795.29	0	0
XR_007064520.1	2987	2759.29	8.62737e-08	1.40709e-09
XR_007064521.1	3296	3068.29	0	0
XR_007064522.1	3349	3121.29	17.9186	0.258352
XR_007064523.1	3385	3157.29	0	0
XR_007064524.1	2844	2616.29	20.0163	0.344302
XR_007064525.1	2660	2432.29	0	0
XR_007064526.1	2602	2374.29	48.2525	0.914592
XR_007064527.1	3262	3034.29	0	0
XR_007064528.1	2459	2231.29	1.41728	0.0285852
XR_007064529.1	2481	2253.29	4.66394	0.0931489
XR_007064530.1	2495	2267.29	0	0
XR_007064531.1	2624	2396.29	4.63322	0.0870132
XR_007064532.1	2080	1852.29	3	0.0728876
XR_007064533.1	2252	2024.29	0	0
XR_007064534.1	1836	1608.29	0	0
XR_007064535.1	494	274.359	0	0
XR_007064536.1	2520	2292.29	0	0
XR_007064537.1	1563	1335.29	0	0
XR_007064538.1	3073	2845.29	0	0
XR_007064539.1	2356	2128.29	0	0
XR_007064540.1	362	162.038	0	0
XR_007064541.1	297	115.768	0	0
XR_007064543.1	1337	1109.29	3	0.121707
XR_007064545.1	1818	1590.29	8	0.226389
XR_007064546.1	623	397.299	4	0.453091
XR_007064547.1	3466	3238.29	0	0
XR_007064548.1	4869	4641.29	0	0
XR_007064549.1	3348	3120.29	0	0
XR_007064550.1	3363	3135.29	0	0
XR_007064551.1	473	255.047	0	0
XR_007064552.1	269	97.8901	0	0
XR_007064553.1	1638	1410.29	0	0
XR_007064554.1	443	228.322	13	2.56235
XR_007064555.1	953	725.293	0	0
XR_007064556.1	1054	826.293	1	0.0544638
XR_007064557.1	1184	956.293	0	0
XR_007064558.1	100	15.2776	0	0
XR_007064559.1	3191	2963.29	0	0
XR_007064560.1	3174	2946.29	0	0
XR_007064561.1	3239	3011.29	0	0
XR_007064562.1	3056	2828.29	0.000810183	1.28914e-05
XR_007064563.1	3145	2917.29	0	0
XR_007064564.1	4612	4384.29	0	0
XR_007064565.1	4869	4641.29	0	0
XR_007064566.1	3041	2813.29	1.188	0.0190039
XR_007064567.1	4741	4513.29	0	0
XR_007064568.1	5592	5364.29	0	0
XR_007064569.1	4912	4684.29	0	0
XR_007064570.1	5113	4885.29	18.835	0.173507
XR_007064571.1	2066	1838.29	21.8261	0.534323
XR_007064572.1	658	431.717	0	0
XR_007064573.1	2293	2065.29	14	0.305062
XR_007064574.1	8651	8423.29	13.0155	0.0695377
XR_007064575.1	286	108.57	0	0
XR_007064576.1	1387	1159.29	0	0
XR_007064577.1	315	127.681	0	0
XR_007064578.1	294	113.843	0	0
XR_007064579.1	1505	1277.29	0	0
XR_007064580.1	19143	18915.3	7.00422	0.0166644
XR_007064581.1	10366	10138.3	122.861	0.54537
XR_007064582.1	9248	9020.29	5	0.0249455
XR_007064583.1	3946	3718.29	2.67703	0.0324006
XR_007064584.1	349	151.837	0	0
XR_007064585.1	450	234.286	0	0
XR_007064586.1	3716	3488.29	0	0
XR_007064587.1	2161	1933.29	0	0
XR_007064588.1	4981	4753.29	32.8647	0.311155
XR_007064589.1	3475	3247.29	4.00711	0.0555331
XR_007064590.1	471	253.178	0	0
XR_007064591.1	479	260.887	0	0
XR_007064592.1	264	94.6304	0	0
XR_007064593.1	178	46.9587	0	0
XR_007064595.1	340	145.187	0	0
XR_007064596.1	1017	789.293	16.1366	0.920061
XR_007064597.1	5649	5421.29	1.37134	0.0113837
XR_007064598.1	143	29.7861	0	0
XR_007064599.1	715	487.852	0	0
XR_007064600.1	461	244.098	0	0
XR_007064601.1	1392	1164.29	0	0
XR_007064602.1	340	145.187	1	0.309967
XR_007064603.1	1698	1470.29	0	0
XR_007064604.1	343	147.405	5	1.52651
XR_007064605.1	772	544.487	0	0
XR_007064606.1	2184	1956.29	1.12369	0.0258498
XR_007064607.1	688	461.088	1.87631	0.183131
XR_007064608.1	8859	8631.29	2.564	0.0133686
XR_007064609.1	533	310.571	0	0
XR_007064610.1	5672	5444.29	7.93106	0.0655589
XR_007064611.1	4849	4621.29	5.01884	0.0488745
XR_007064612.1	2846	2618.29	0	0
XR_007064613.1	1818	1590.29	0	0
XR_007064614.1	943	715.293	3	0.188747
XR_007064615.1	1763	1535.29	0	0
XR_007064616.1	1122	894.293	7	0.352258
XR_007064617.1	3524	3296.29	2.14919	0.0293421
XR_007064618.1	528	305.914	0	0
XR_007064619.1	762	534.648	0	0
XR_007064625.1	2931	2703.29	11.0034	0.183178
XR_007064626.1	1089	861.293	1	0.0522506
XR_007064628.1	4651	4423.29	1.3932	0.0141746
XR_007064629.1	1070	842.293	2.63002	0.14052
XR_007064630.1	3390	3162.29	7	0.0996181
XR_007064631.1	797	569.487	5	0.39512
XR_007064632.1	751	523.701	0	0
XR_007064633.1	631	405.178	26	2.88782
XR_007064634.1	13545	13317.3	9.42473	0.0318489
XR_007064635.1	2887	2659.29	20.1733	0.341393
XR_007064636.1	572	347.526	0	0
XR_007064637.1	471	253.178	0	0
XR_007064638.1	2453	2225.29	0	0
XR_007064639.1	1062	834.293	1.94857	0.105109
XR_007064641.1	914	686.293	0	0
XR_007064642.1	3804	3576.29	0	0
XR_007064643.1	5335	5107.29	0	0
XR_007064644.1	5483	5255.29	0	0
XR_007064645.1	891	663.427	0	0
XR_007064646.1	698	470.947	0	0
XR_007064647.1	2765	2537.29	12.5705	0.222958
XR_007064648.1	6112	5884.29	1.00011	0.00764887
XR_007064649.1	1444	1216.29	0	0
XR_007064650.1	1313	1085.29	0	0
XR_007064651.1	1323	1095.29	0	0
XR_007064652.1	844	616.427	0	0
XR_007064653.1	516	294.675	0	0
XR_007064654.1	61420	61192.3	0.000314194	2.3107e-07
XR_007064655.1	59444	59216.3	44.8171	0.03406
XR_007064656.1	57310	57082.3	6.29817e-07	4.96541e-10
XR_007064657.1	66778	66550.3	17.7719	0.0120179
XR_007064658.1	55212	54984.3	3.87301	0.00316995
XR_007064659.1	53630	53402.3	0	0
XR_007064660.1	57266	57038.3	0.00102236	8.06642e-07
XR_007064661.1	45164	44936.3	58.5731	0.0586602
XR_007064662.1	961	733.293	0	0
XR_007064663.1	15523	15295.3	6.02225	0.0177192
XR_007064664.1	5916	5688.29	3.99778	0.0316285
XR_007064665.1	5945	5717.29	0.00374954	2.95141e-05
XR_007064666.1	3752	3524.29	3.11532	0.0397807
XR_007064667.1	843	615.427	0	0
XR_007064668.1	303	119.67	0	0
XR_007064669.1	1065	837.293	0	0
XR_007064670.1	366	164.863	0	0
XR_007064671.1	10808	10580.3	25.6972	0.109303
XR_007064672.1	683	456.134	1	0.098662
XR_007064673.1	752	524.701	0	0
XR_007064674.1	1092	864.293	1	0.0520692
XR_007064675.1	2585	2357.29	51.5494	0.98413
XR_007064676.1	1148	920.293	2	0.0978016
XR_007064677.1	301	118.444	2	0.759907
XR_007064678.1	1139	911.293	0	0
XR_007064679.1	2723	2495.29	8.07572	0.145647
XR_007064680.1	624	398.259	0	0
XR_007064681.1	720	492.802	3	0.273962
XR_007064682.1	728	500.753	2	0.179742
XR_007064683.1	539	316.223	0	0
XR_007064684.1	3244	3016.29	0	0
XR_007064686.1	1136	908.293	0	0
XR_007064687.1	12366	12138.3	2.72497e-05	1.01029e-07
XR_007064688.1	12246	12018.3	22.4384	0.0840218
XR_007064689.1	546	322.964	0	0
XR_007064690.1	4093	3865.29	5.12278	0.0596439
XR_007064691.1	3193	2965.29	9.71703	0.147472
XR_007064692.1	4480	4252.29	4.02585	0.0426066
XR_007064693.1	489	269.721	1.0162	0.169553
XR_007064695.1	1960	1732.29	10.0662	0.261508
XR_007064696.1	1631	1403.29	5.80894	0.186291
XR_007064697.1	4079	3851.29	2	0.0233704
XR_007064698.1	873	645.427	0	0
XR_007064699.1	500	280.02	0	0
XR_007064700.1	15522	15294.3	129.891	0.382201
XR_007064701.1	15680	15452.3	20.0073	0.0582692
XR_007064702.1	5614	5386.29	8.79712	0.0735009
XR_007064703.1	5642	5414.29	0	0
XR_007064704.1	1426	1198.29	1	0.037556
XR_007064705.1	1457	1229.29	3.00746	0.1101
XR_007064706.1	2551	2323.29	2	0.0387408
XR_007064707.1	451	235.213	0	0
XR_007064708.1	645	418.93	0	0
XR_007064709.1	5595	5367.29	50.1237	0.420272
XR_007064710.1	762	534.648	0.5	0.0420867
XR_007064711.1	618	392.338	0	0
XR_007064712.1	682	455.179	3	0.296607
XR_007064713.1	713	485.852	0	0
XR_007064714.1	7433	7205.29	23.1424	0.144544
XR_007064715.1	10613	10385.3	16.3641	0.0709113
XR_007064716.1	5917	5689.29	0	0
XR_007064717.1	5709	5481.29	0	0
XR_007064718.1	5115	4887.29	22.029	0.202847
XR_007064719.1	586	361.171	0	0
XR_007064720.1	4206	3978.29	5.42613	0.0613812
XR_007064721.1	2673	2445.29	6.03419	0.111053
XR_007064722.1	592	367.025	0	0
XR_007064723.1	818	590.487	0	0
XR_007064724.1	315	127.681	0	0
XR_007064725.1	4566	4338.29	10.6201	0.110167
XR_007064726.1	1647	1419.29	0	0
XR_007064727.1	1585	1357.29	3.1874	0.105683
XR_007064728.1	879	651.427	1.68128	0.116149
XR_007064729.1	2923	2695.29	1.31872	0.0220186
XR_007064730.1	15319	15091.3	10.1718	0.0303328
XR_007064731.1	13472	13244.3	12.0019	0.0407816
XR_007064732.1	3472	3244.29	6.0489	0.083907
XR_007064733.1	1371	1143.29	1	0.0393627
XR_007064734.1	756	528.701	0	0
XR_007064735.1	20894	20666.3	0	0
XR_007064736.1	24243	24015.3	21.5129	0.0403137
XR_007064737.1	20541	20313.3	0	0
XR_007064738.1	21865	21637.3	0	0
XR_007064739.1	20580	20352.3	0	0
XR_007064740.1	14149	13921.3	15.1518	0.048981
XR_007064741.1	348	151.011	0	0
XR_007064742.1	1678	1450.29	13	0.403394
XR_007064743.1	6645	6417.29	9.56453	0.067074
XR_007064744.1	15975	15747.3	34.0858	0.0974114
XR_007064745.1	828	600.427	4	0.299807
XR_007064746.1	1398	1170.29	0	0
XR_007064747.1	299	117.078	1	0.384387
XR_007064748.1	631	405.178	0	0
XR_007064749.1	1099	871.293	13.0874	0.675977
XR_007064750.1	409	199.348	0	0
XR_007064751.1	3278	3050.29	4.57463	0.0674927
XR_007064752.1	3489	3261.29	7.43074	0.102538
XR_007064753.1	1011	783.293	0	0
XR_007064754.1	2934	2706.29	14.6337	0.243345
XR_007064755.1	3250	3022.29	422.924	6.2975
XR_007064756.1	586	361.171	2	0.249207
XR_007064757.1	588	363.135	13.0908	1.62234
XR_007064758.1	591	366.025	1.00693	0.123803
XR_007064759.1	440	225.63	3	0.598367
XR_007064760.1	3059	2831.29	0	0
XR_007064761.1	771	543.487	0	0
XR_007064762.1	854	626.427	0	0
XR_007064763.1	792	564.487	0	0
XR_007064764.1	3035	2807.29	0	0
XR_007064765.1	429	216.04	0	0
XR_007064766.1	1024	796.293	0	0
XR_007064767.1	1344	1116.29	8	0.322518
XR_007064768.1	531	308.697	0	0
XR_007064769.1	2358	2130.29	0	0
XR_007064770.1	2558	2330.29	0	0
XR_007064771.1	8676	8448.29	2.07956	0.0110776
XR_007064772.1	13237	13009.3	14.0089	0.048461
XR_007064773.1	20494	20266.3	12.1723	0.0270296
XR_007064775.1	5131	4903.29	0	0
XR_007064776.1	4584	4356.29	8.06753	0.0833424
XR_007064777.1	1114	886.293	0	0
XR_007064778.1	1104	876.293	0	0
XR_007064779.1	2796	2568.29	3.32663	0.0582911
XR_007064780.1	2082	1854.29	7	0.169888
XR_007064781.1	740	512.753	0	0
XR_007064782.1	882	654.427	0	0
XR_007064784.1	1154	926.293	1.28344	0.0623546
XR_007064785.1	921	693.293	0	0
XR_007064786.1	344	148.132	0.187669	0.0570146
XR_007064787.1	1459	1231.29	0	0
XR_007064788.1	2190	1962.29	6	0.137604
XR_007064789.1	1612	1384.29	0	0
XR_007064790.1	1686	1458.29	0	0
XR_007064791.1	1433	1205.29	0	0
XR_007064792.1	1750	1522.29	0	0
XR_007064793.1	1157	929.293	0	0
XR_007064794.1	2772	2544.29	3.28539	0.0581115
XR_007064795.1	980	752.293	0	0
XR_007064796.1	2856	2628.29	0	0
XR_007064798.1	4222	3994.29	3.00957	0.0339083
XR_007064799.1	4219	3991.29	3	0.0338259
XR_007064800.1	3558	3330.29	5.69947	0.0770183
XR_007064801.1	9022	8794.29	10.9343	0.0559543
XR_007064802.1	275	101.511	0	0
XR_007064803.1	2863	2635.29	0	0
XR_007064804.1	1129	901.293	0	0
XR_007064805.1	3403	3175.29	1.00288	0.0142137
XR_007064806.1	107	17.0159	0	0
XR_007064807.1	70	16.7714	0	0
XR_007064808.1	133	26.0376	0.2	0.345678
XR_007064809.1	133	26.0376	0	0
XR_007064810.1	133	26.0376	0	0
XR_007064811.1	133	26.0376	0	0
XR_007064812.1	132	25.5516	0	0
XR_007064813.1	135	26.7198	0	0
XR_007064814.1	133	26.0376	1	1.72839
XR_007064815.1	209	63.3154	0	0
XR_007064816.1	59	18.5	0	0
XR_007064817.1	70	16.7714	0.5	1.34166
XR_007064818.1	65	17.8776	0	0
XR_007064819.1	128	23.852	0	0
XR_007064820.1	131	24.9698	0	0
XR_007064821.1	128	23.852	0	0
XR_007064822.1	220	69.167	0	0
XR_007064823.1	84	15.6223	0	0
XR_007064824.1	104	15.9806	0	0
XR_007064825.1	104	15.9806	0	0
XR_007064826.1	104	15.9806	0	0
XR_007064827.1	104	15.9806	0	0
XR_007064828.1	101	15.5262	0	0
XR_007064829.1	101	15.5262	5	14.4926
XR_007064830.1	104	15.9806	0	0
XR_007064831.1	101	15.5262	0	0
XR_007064832.1	102	15.661	0	0
XR_007064833.1	103	15.7909	0	0
XR_007064834.1	102	15.661	0	0
XR_007064835.1	101	15.5262	0	0
XR_007064836.1	101	15.5262	0	0
XR_007064837.1	102	15.661	0	0
XR_007064838.1	2453	2225.29	90.0256	1.82063
XR_007064839.1	2485	2257.29	1.46422	0.0291917
XR_007064840.1	2482	2254.29	0	0
XR_007064841.1	5541	5313.29	2.98681e-07	2.5298e-09
XR_007064842.1	5538	5310.29	54.8474	0.464815
XR_007064843.1	5478	5250.29	685.963	5.87976
XR_007064844.1	5475	5247.29	0	0
XR_007064845.1	2320	2092.29	17.8246	0.383389
XR_007064846.1	987	759.293	14.061	0.833391
XR_007064847.1	4882	4654.29	9.4321	0.0912005
XR_007064848.1	13332	13104.3	152.763	0.524623
XR_007064849.1	1163	935.293	9.57902	0.460909
XR_007064850.1	1309	1081.29	0	0
XR_007064851.1	2122	1894.29	6.20658	0.147451
XR_007064852.1	2008	1780.29	0.000998929	2.52514e-05
XR_007064853.1	1045	817.293	73.2209	4.03181
XR_007064854.1	1145	917.293	0	0
XR_007064855.1	3133	2905.29	0	0
XR_007064856.1	3175	2947.29	0	0
XR_007064857.1	3171	2943.29	0	0
XR_007064858.1	7649	7421.29	102.514	0.621648
XR_007064860.1	4125	3897.29	151.989	1.75506
XR_007064861.1	4023	3795.29	248.988	2.95241
XR_007064862.1	5451	5223.29	67.7803	0.583984
XR_007064863.1	923	695.293	8.96809	0.580463
XR_007064864.1	2053	1825.29	0	0
XR_007064865.1	2102	1874.29	31.4903	0.756105
XR_007064866.1	5448	5220.29	0	0
XR_007064867.1	2772	2544.29	0	0
XR_007064868.1	2007	1779.29	0	0
XR_007064869.1	2374	2146.29	234.014	4.90676
XR_007064870.1	2251	2023.29	0	0
XR_007064871.1	4594	4366.29	1272.64	13.117
XR_007064872.1	1959	1731.29	0.0459299	0.0011939
XR_007064873.1	1947	1719.29	162.717	4.25918
XR_007064874.1	6554	6326.29	106.487	0.757512
XR_007064875.1	6407	6179.29	28.4673	0.207324
XR_007064876.1	1609	1381.29	0	0
XR_007064877.1	1608	1380.29	0	0
XR_007064878.1	4276	4048.29	0	0
XR_007064879.1	5013	4785.29	45.4763	0.42768
XR_007064880.1	5469	5241.29	0	0
XR_007064881.1	17824	17596.3	0	0
XR_007064882.1	17260	17032.3	0	0
XR_007064883.1	17746	17518.3	16.5283	0.0424599
XR_007064884.1	17741	17513.3	0	0
XR_007064885.1	3048	2820.29	0	0
XR_007064886.1	2901	2673.29	316.756	5.33238
XR_007064887.1	3062	2834.29	0.0325493	0.00051682
XR_007064888.1	2924	2696.29	2.55472	0.0426402
XR_007064889.1	3493	3265.29	103.387	1.42491
XR_007064890.1	3526	3298.29	0.310094	0.00423103
XR_007064891.1	1954	1726.29	11.6991	0.304987
XR_007064892.1	1012	784.293	434.48	24.9306
XR_007064893.1	759	531.648	27.7969	2.35296
XR_007064894.1	3184	2956.29	0	0
XR_007064895.1	2794	2566.29	0	0
XR_007064896.1	3398	3170.29	0	0
XR_007064897.1	3338	3110.29	6.79818e-06	9.83634e-08
XR_007064898.1	3338	3110.29	0	0
XR_007064899.1	3278	3050.29	5.31104	0.0783575
XR_007064900.1	3128	2900.29	7.32066e-07	1.13593e-08
XR_007064901.1	3402	3174.29	0	0
XR_007064902.1	2270	2042.29	1.49494	0.0329418
XR_007064903.1	2120	1892.29	0	0
XR_007064904.1	1227	999.293	0	0
XR_007064905.1	2366	2138.29	0	0
XR_007064906.1	1095	867.293	31.9899	1.65993
XR_007064907.1	1028	800.293	0	0
XR_007064908.1	3495	3267.29	0	0
XR_007064909.1	7069	6841.29	29.9595	0.197078
XR_007064910.1	4795	4567.29	0	0
XR_007064911.1	1396	1168.29	0	0
XR_007064912.1	732	504.753	12.3599	1.10199
XR_007064913.1	1448	1220.29	0	0
XR_007064914.1	1477	1249.29	0	0
XR_007064915.1	2057	1829.29	99.3889	2.4451
XR_007064916.1	1869	1641.29	13.5581	0.371754
XR_007064917.1	1849	1621.29	0	0
XR_007064918.1	1352	1124.29	0	0
XR_007064919.1	1451	1223.29	0	0
XR_007064920.1	1676	1448.29	1.07442e-08	3.33856e-10
XR_007064921.1	8183	7955.29	90.9271	0.514375
XR_007064922.1	1654	1426.29	165.947	5.23604
XR_007064923.1	6750	6522.29	19.5408	0.134829
XR_007064924.1	5569	5341.29	0	0
XR_007064925.1	5141	4913.29	0	0
XR_007064926.1	2262	2034.29	2	0.0442444
XR_007064929.1	1974	1746.29	14.2046	0.366061
XR_007064930.1	2489	2261.29	441.763	8.79175
XR_007064931.1	2192	1964.29	760.625	17.4263
XR_007064932.1	721	493.802	1	0.0911358
XR_007064933.1	1839	1611.29	15.1214	0.422338
XR_007064934.1	9769	9541.29	22.0749	0.10412
XR_007064935.1	961	733.293	0	0
XR_007064936.1	5272	5044.29	0	0
XR_007064937.1	1182	954.293	0	0
XR_007064938.1	542	319.126	0	0
XR_007064939.1	1907	1679.29	0	0
XR_007064940.1	1737	1509.29	9.06728	0.270362
XR_007064941.1	499	279.049	5	0.806366
XR_007064944.1	393	186.228	1	0.241655
XR_007064945.1	420	208.678	1	0.215658
XR_007064946.1	2006	1778.29	0	0
XR_007064947.1	2299	2071.29	5.9864	0.130067
XR_007064948.1	1725	1497.29	4.59437	0.13809
XR_007064949.1	2666	2438.29	18.7392	0.345865
XR_007064950.1	7143	6915.29	88.037	0.572924
XR_007064951.1	1412	1184.29	0	0
XR_007064952.1	4536	4308.29	3.70646	0.0387165
XR_007064953.1	4541	4313.29	0.755694	0.0078846
XR_007064954.1	6958	6730.29	25.0762	0.167676
XR_007064955.1	2007	1779.29	1.26013	0.031872
XR_007064956.1	2062	1834.29	12.3501	0.303001
XR_007064957.1	4136	3908.29	3.1653	0.0364477
XR_007064959.1	2023	1795.29	8.86923	0.222327
XR_007064960.1	1382	1154.29	2.5	0.0974689
XR_007064961.1	1495	1267.29	0	0
XR_007064962.1	616	390.417	0	0
XR_007064963.1	744	516.753	0	0
XR_007064964.1	823	595.427	0.5	0.0377906
XR_007064965.1	1034	806.293	0	0
XR_007064966.1	568	343.63	0	0
XR_007064967.1	1576	1348.29	5	0.166889
XR_007064968.1	971	743.293	0	0
XR_007064969.1	955	727.293	0	0
XR_007064970.1	801	573.487	0	0
XR_007064971.1	1269	1041.29	0	0
XR_007064972.1	1402	1174.29	0	0
XR_007064973.1	1378	1150.29	0	0
XR_007064977.1	2226	1998.29	0	0
XR_007064981.1	12127	11899.3	9.94162e-05	3.75992e-07
XR_007064982.1	12010	11782.3	76.0123	0.290333
XR_007064983.1	12145	11917.3	0	0
XR_007064984.1	1450	1222.29	2	0.0736371
XR_007064985.1	3407	3179.29	6.55195	0.0927432
XR_007064986.1	734	506.753	0	0
XR_007064987.1	11524	11296.3	5.2771	0.0210233
XR_007064988.1	8886	8658.29	0	0
XR_007064989.1	12644	12416.3	0	0
XR_007064990.1	19581	19353.3	0	0
XR_007064991.1	12249	12021.3	0	0
XR_007064992.1	201	59.1453	0	0
XR_007064993.1	6695	6467.29	9.37812	0.0652582
XR_007064994.1	738	510.753	0	0
XR_007064995.1	663	436.717	0	0
XR_007064996.1	506	285.56	0	0
XR_007064997.1	1658	1430.29	3.01609	0.094899
XR_007064998.1	318	129.815	1	0.346672
XR_007064999.1	976	748.293	0	0
XR_007065000.1	424	212.011	0	0
XR_007065001.1	519	297.525	0	0
XR_007065002.1	10464	10236.3	17.3966	0.0764826
XR_007065003.1	543	320.029	0.50416	0.0708959
XR_007065004.1	700	472.947	0.5	0.0475773
XR_007065005.1	1266	1038.29	5.15208	0.223308
XR_007065006.1	761	533.648	0	0
XR_007065007.1	4303	4075.29	4.8802	0.0538916
XR_007065008.1	5021	4793.29	2.82591	0.0265318
XR_007065009.1	190	53.085	0	0
XR_007065010.1	2197	1969.29	6.46025	0.147632
XR_007065011.1	1271	1043.29	2	0.0862712
XR_007065012.1	1297	1069.29	0	0
XR_007065013.1	940	712.293	0	0
XR_007065014.1	803	575.487	0	0
XR_007065015.1	930	702.293	0	0
XR_007065016.1	700	472.947	0	0
XR_007065018.1	337	143.078	0	0
XR_007065019.1	1299	1071.29	0	0
XR_007065020.1	4189	3961.29	9.4782	0.107679
XR_007065021.1	1370	1142.29	0	0
XR_007065022.1	1231	1003.29	7.69462	0.345145
XR_007065024.1	1476	1248.29	5	0.180258
XR_007065025.1	1317	1089.29	1	0.041314
XR_007065026.1	6447	6219.29	10.7077	0.0774815
XR_007065027.1	236	78.1487	0	0
XR_007065028.1	282	105.999	0	0
XR_007065029.1	700	472.947	0	0
XR_007065030.1	843	615.427	38.6214	2.82419
XR_007065031.1	590	365.061	1	0.123275
XR_007065032.1	508	287.414	3	0.469738
XR_007065033.1	2538	2310.29	5.00194	0.0974347
XR_007065034.1	3835	3607.29	14.7267	0.183724
XR_007065035.1	6191	5963.29	6.47799	0.0488874
XR_007065036.1	6097	5869.29	0	0
XR_007065037.1	2320	2092.29	8.5475	0.183848
XR_007065042.1	1080	852.293	19.1064	1.00886
XR_007065043.1	9538	9310.29	0	0
XR_007065044.1	8917	8689.29	22.9147	0.118679
XR_007065046.1	1806	1578.29	6.43503	0.183487
XR_007065047.1	3597	3369.29	49.5764	0.662184
XR_007065048.1	665	438.717	5	0.512894
XR_007065049.1	1536	1308.29	4	0.137593
XR_007065050.1	811	583.487	1	0.0771279
XR_007065051.1	1212	984.293	2	0.0914424
XR_007065052.1	1139	911.293	2.1213	0.104758
XR_007065053.1	1212	984.293	0	0
XR_007065054.1	4912	4684.29	0	0
XR_007065056.1	27150	26922.3	18.8606	0.0315272
XR_007065057.1	27162	26934.3	10.2381	0.0171063
XR_007065058.1	1160	932.293	0	0
XR_007065059.1	1128	900.293	0	0
XR_007065060.1	1136	908.293	0	0
XR_007065061.1	544	321.029	0	0
XR_007065062.1	667	440.629	0	0
XR_007065063.1	768	540.541	8.21981	0.684345
XR_007065065.1	278	103.326	0	0
XR_007065066.1	10088	9860.29	0	0
XR_007065067.1	5144	4916.29	0	0
XR_007065068.1	20405	20177.3	4.02597	0.00897946
XR_007065069.1	1279	1051.29	0	0
XR_007065070.1	499	279.049	0	0
XR_007065071.1	2186	1958.29	0	0
XR_007065072.1	2135	1907.29	11.1949	0.264148
XR_007065073.1	331	138.909	0	0
XR_007065074.1	2133	1905.29	2	0.0472401
XR_007065075.1	1349	1121.29	0	0
XR_007065076.1	405	196.152	0	0
XR_007065079.1	1081	853.293	8	0.421924
XR_007065081.1	4911	4683.29	46.6301	0.448082
XR_007065082.1	4246	4018.29	62.2666	0.697358
XR_007065083.1	1143	915.293	2	0.0983359
XR_007065084.1	1176	948.293	0	0
XR_007065085.1	678	451.406	0	0
XR_007065086.1	6433	6205.29	24.122	0.174942
XR_007065087.1	6453	6225.29	0.292708	0.00211601
XR_007065088.1	863	635.427	2	0.141647
XR_007065089.1	2314	2086.29	10.3666	0.223615
XR_007065090.1	405	196.152	0	0
XR_007065091.1	2313	2085.29	53.529	1.15522
XR_007065092.1	4178	3950.29	120.993	1.37839
XR_007065093.1	1394	1166.29	9.5881	0.369971
XR_007065094.1	285	107.918	5	2.08506
XR_007065095.1	330	138.255	0	0
XR_007065096.1	354	155.786	0	0
XR_007065097.1	3208	2980.29	7.68358	0.116024
XR_007065099.1	1093	865.293	2.0128	0.104684
XR_007065100.1	2679	2451.29	0	0
XR_007065101.1	1403	1175.29	0	0
XR_007065102.1	3049	2821.29	0	0
XR_007065103.1	1341	1113.29	1.00203	0.0405053
XR_007065104.1	650	423.846	3.07799	0.326814
XR_007065105.1	5764	5536.29	23.7857	0.193348
XR_007065106.1	1220	992.293	0	0
XR_007065107.1	636	410.055	0	0
XR_007065108.1	635	409.096	5.42566	0.596856
XR_007065109.1	304	120.29	0	0
XR_007065110.1	542	319.126	21	2.96141
XR_007065111.1	2837	2609.29	1.36721	0.0235806
XR_007065112.1	2440	2212.29	0	0
XR_007065113.1	2340	2112.29	2.24053	0.0477351
XR_007065114.1	6618	6390.29	43.009	0.302887
XR_007065115.1	2179	1951.29	4.52783	0.104426
XR_007065116.1	886	658.427	0.472168	0.0322723
XR_007065117.1	245	83.2645	0	0
XR_007065118.1	463	245.87	1.00056	0.183139
XR_007065119.1	313	126.323	0	0
XR_007065120.1	440	225.63	0	0
XR_007065121.1	448	232.626	1	0.193457
XR_007065122.1	3253	3025.29	1	0.0148756
XR_007065123.1	6010	5782.29	0	0
XR_007065124.1	860	632.427	0	0
XR_007065126.1	3414	3186.29	0	0
XR_007065127.1	3322	3094.29	0	0
XR_007065128.1	476	257.994	0	0
XR_007065129.1	21959	21731.3	8.04703	0.0166645
XR_007065130.1	618	392.338	0	0
XR_007065131.1	2601	2373.29	14.7975	0.280595
XR_007065132.1	741	513.753	0	0
XR_007065133.1	595	369.951	0	0
XR_007065134.1	4084	3856.29	36.5807	0.426898
XR_007065135.1	665	438.717	1.43862	0.147572
XR_007065136.1	704	476.947	0	0
XR_007065137.1	379	175.043	0	0
XR_007065138.1	799	571.487	0	0
XR_007065139.1	348	151.011	0	0
XR_007065140.1	11797	11569.3	2.02431	0.00787431
XR_007065144.1	234	77.1167	0	0
XR_007065145.1	240	80.5243	0	0
XR_007065146.1	12317	12089.3	1	0.00372256
XR_007065147.1	7248	7020.29	8.65181	0.0554618
XR_007065148.1	1144	916.293	1	0.0491143
XR_007065149.1	468	250.385	0	0
XR_007065150.1	2532	2304.29	11.2098	0.218928
XR_007065151.1	1805	1577.29	0	0
XR_007065152.1	1700	1472.29	0	0
XR_007065153.1	1697	1469.29	0	0
XR_007065154.1	1724	1496.29	17.567	0.528351
XR_007065155.1	2459	2231.29	7.55125	0.152302
XR_007065156.1	14232	14004.3	3	0.00964056
XR_007065157.1	14900	14672.3	0	0
XR_007065158.1	1452	1224.29	93	3.41853
XR_007065159.1	518	296.555	0	0
XR_007065160.1	1671	1443.29	5	0.155904
XR_007065161.1	7693	7465.29	0	0
XR_007065162.1	2352	2124.29	0	0
XR_007065163.1	2603	2375.29	0	0
XR_007065164.1	5143	4915.29	0	0
XR_007065165.1	3895	3667.29	5	0.0613574
XR_007065166.1	752	524.701	0	0
XR_007065167.1	617	391.417	0	0
XR_007065168.1	824	596.427	2.7893	0.210465
XR_007065169.1	444	229.227	0	0
XR_007065170.1	1061	833.293	1	0.0540063
XR_007065171.1	854	626.427	3	0.215523
XR_007065172.1	753	525.701	0	0
XR_007065173.1	2507	2279.29	4	0.0789773
XR_007065174.1	4875	4647.29	12.8341	0.124282
XR_007065175.1	813	585.487	7.06634	0.54315
XR_007065178.1	2983	2755.29	8.09846	0.132275
XR_007065179.1	2997	2769.29	3.29482	0.0535432
XR_007065180.1	1305	1077.29	0	0
XR_007065181.1	2340	2112.29	0	0
XR_007065182.1	1664	1436.29	0	0
XR_007065183.1	498	278.077	0	0
XR_007065185.1	775	547.487	2	0.164399
XR_007065186.1	1388	1160.29	1.00091	0.0388214
XR_007065187.1	696	468.994	0	0
XR_007065188.1	1031	803.293	0	0
XR_007065189.1	638	412.014	0	0
XR_007065191.1	1409	1181.29	0	0
XR_007065192.1	1305	1077.29	1.00644	0.0420432
XR_007065193.1	2633	2405.29	0	0
XR_007065194.1	580	355.279	0	0
XR_007065195.1	2349	2121.29	0	0
XR_007065196.1	271	99.0818	0	0
XR_007065197.1	1697	1469.29	0	0
XR_007065206.1	530	307.728	0	0
XR_007065207.1	600	374.838	0	0
XR_007065208.1	677	450.406	0	0
XR_007065209.1	772	544.487	0	0
XR_007065210.1	677	450.406	0	0
XR_007065211.1	602	376.687	0	0
XR_007065212.1	644	417.93	0	0
XR_007065213.1	919	691.293	0	0
XR_007065214.1	884	656.427	0	0
XR_007065215.1	837	609.427	0	0
XR_007065217.1	409	199.348	0	0
XR_007065218.1	1178	950.293	0	0
XR_007065219.1	9866	9638.29	0	0
XR_007065220.1	4927	4699.29	0	0
XR_007065221.1	1975	1747.29	1	0.0257559
XR_007065222.1	392	185.43	0	0
XR_007065223.1	348	151.011	2	0.596025
XR_007065224.1	2109	1881.29	2.04745	0.0489778
XR_007065225.1	62	19.3947	0	0
XR_007065226.1	133	26.0376	0	0
XR_007065227.1	124	22.454	0	0
XR_007065228.1	135	26.7198	0	0
XR_007065229.1	135	26.7198	0	0
XR_007065230.1	103	15.7909	0	0
XR_007065231.1	104	15.9806	0	0
XR_007065232.1	104	15.9806	0	0
XR_007065233.1	104	15.9806	0	0
XR_007065234.1	102	15.661	0	0
XR_007065235.1	104	15.9806	0	0
XR_007065236.1	104	15.9806	0	0
XR_007065237.1	104	15.9806	0	0
XR_007065238.1	104	15.9806	0	0
XR_007065239.1	106	16.543	0	0
XR_007065240.1	104	15.9806	1	2.81611
XR_007065241.1	104	15.9806	0	0
XR_007065242.1	104	15.9806	0	0
XR_007065243.1	104	15.9806	0	0
XR_007065244.1	104	15.9806	4	11.2644
XR_007065245.1	104	15.9806	0	0
XR_007065246.1	104	15.9806	0	0
XR_007065247.1	104	15.9806	0	0
XR_007065248.1	104	15.9806	0	0
XR_007065249.1	104	15.9806	0	0
XR_007065250.1	103	15.7909	0	0
XR_007065251.1	127	23.5955	0	0
XR_007065252.1	132	25.5516	0	0
XR_007065253.1	4193	3965.29	0	0
XR_007065254.1	4100	3872.29	3.8677	0.0449497
XR_007065255.1	2745	2517.29	92.7644	1.6584
XR_007065256.1	4625	4397.29	0	0
XR_007065257.1	3084	2856.29	0	0
XR_007065258.1	1926	1698.29	0	0
XR_007065259.1	1582	1354.29	17.5143	0.581998
XR_007065260.1	3518	3290.29	0	0
XR_007065261.1	3188	2960.29	0	0
XR_007065262.1	655	428.76	5.98903	0.628614
XR_007065263.1	1305	1077.29	125.198	5.23005
XR_007065264.1	1638	1410.29	11.6342	0.371251
XR_007065265.1	1766	1538.29	182.572	5.34117
XR_007065266.1	2408	2180.29	25.0559	0.517175
XR_007065267.1	2173	1945.29	9.03658	0.209055
XR_007065268.1	916	688.293	0.382717	0.0250234
XR_007065269.1	1918	1690.29	0	0
XR_007065270.1	1621	1393.29	0	0
XR_007065277.1	2579	2351.29	0	0
XR_007065280.1	3016	2788.29	0	0
XR_007065281.1	2958	2730.29	0	0
XR_007065282.1	2721	2493.29	0	0
XR_007065283.1	2703	2475.29	0	0
XR_007065284.1	2620	2392.29	0	0
XR_007065285.1	2584	2356.29	0	0
XR_007065286.1	2461	2233.29	1.77801	0.0358288
XR_007065287.1	2864	2636.29	0	0
XR_007065288.1	8219	7991.29	0	0
XR_007065289.1	3234	3006.29	7.25909	0.108666
XR_007065290.1	1439	1211.29	32.8778	1.22151
XR_007065291.1	3526	3298.29	6.1414	0.0837954
XR_007065292.1	2386	2158.29	16.167	0.337102
XR_007065293.1	2631	2403.29	20.6982	0.387587
XR_007065295.1	1762	1534.29	0	0
XR_007065296.1	1740	1512.29	22.8939	0.681282
XR_007065297.1	3410	3182.29	0.0981055	0.00138738
XR_007065298.1	1267	1039.29	0	0
XR_007065299.1	1312	1084.29	0.13043	0.00541345
XR_007065300.1	1734	1506.29	49.5103	1.4792
XR_007065301.1	2687	2459.29	410.983	7.52065
XR_007065302.1	2739	2511.29	3.50651	0.0628376
XR_007065303.1	5697	5469.29	0	0
XR_007065304.1	5679	5451.29	16.6889	0.137775
XR_007065305.1	5658	5430.29	30.3097	0.251189
XR_007065306.1	5571	5343.29	0	0
XR_007065307.1	5550	5322.29	0	0
XR_007065308.1	1160	932.293	0	0
XR_007065309.1	794	566.487	0	0
XR_007065310.1	737	509.753	0	0
XR_007065311.1	991	763.293	0	0
XR_007065312.1	1058	830.293	69.7413	3.78008
XR_007065313.1	2298	2070.29	983.051	21.3691
XR_007065314.1	2263	2035.29	0.356232	0.00787678
XR_007065315.1	9047	8819.29	46.7608	0.238611
XR_007065316.1	8963	8735.29	29.3994	0.151462
XR_007065317.1	2208	1980.29	10.0709	0.228867
XR_007065321.1	3111	2883.29	2.81057	0.043868
XR_007065322.1	2683	2455.29	0	0
XR_007065323.1	3337	3109.29	14.9022	0.215691
XR_007065324.1	2872	2644.29	0	0
XR_007065325.1	2872	2644.29	0	0
XR_007065326.1	2941	2713.29	0	0
XR_007065327.1	2681	2453.29	4.11712	0.0755243
XR_007065328.1	2683	2455.29	0	0
XR_007065329.1	2683	2455.29	0	0
XR_007065330.1	2636	2408.29	0	0
XR_007065331.1	2599	2371.29	0	0
XR_007065332.1	2702	2474.29	0	0
XR_007065333.1	2705	2477.29	0	0
XR_007065334.1	2709	2481.29	0	0
XR_007065335.1	3264	3036.29	1	0.0148217
XR_007065336.1	1264	1036.29	0	0
XR_007065337.1	5590	5362.29	0	0
XR_007065338.1	5379	5151.29	5.0198	0.0438543
XR_007065339.1	5056	4828.29	52.0836	0.485456
XR_007065340.1	9997	9769.29	313.242	1.44298
XR_007065341.1	7070	6842.29	7.07232	0.046516
XR_007065342.1	8065	7837.29	0	0
XR_007065343.1	7016	6788.29	4.75627	0.0315318
XR_007065344.1	6948	6720.29	1.8469e-06	1.23679e-08
XR_007065345.1	6848	6620.29	0	0
XR_007065346.1	6697	6469.29	6.38514	0.0444177
XR_007065347.1	4986	4758.29	16.7413	0.158336
XR_007065348.1	7086	6858.29	0	0
XR_007065349.1	5024	4796.29	0	0
XR_007065350.1	2448	2220.29	0	0
XR_007065351.1	1730	1502.29	0	0
XR_007065352.1	5689	5461.29	151.902	1.25173
XR_007065353.1	2166	1938.29	7.28301	0.169096
XR_007065354.1	1053	825.293	0	0
XR_007065355.1	13709	13481.3	17.5293	0.0585161
XR_007065356.1	1732	1504.29	0	0
XR_007065357.1	1524	1296.29	8.01926	0.278403
XR_007065358.1	302	119.035	0	0
XR_007065359.1	956	728.293	0	0
XR_007065360.1	1855	1627.29	0	0
XR_007065361.1	683	456.134	0	0
XR_007065362.1	986	758.293	1	0.0593479
XR_007065363.1	3549	3321.29	0	0
XR_007065364.1	3467	3239.29	0	0
XR_007065365.1	3549	3321.29	0	0
XR_007065366.1	3468	3240.29	0	0
XR_007065367.1	3594	3366.29	0	0
XR_007065368.1	3484	3256.29	0	0
XR_007065369.1	3428	3200.29	0	0
XR_007065370.1	3198	2970.29	0	0
XR_007065371.1	3210	2982.29	0	0
XR_007065372.1	3389	3161.29	0	0
XR_007065373.1	3428	3200.29	0	0
XR_007065374.1	3077	2849.29	0	0
XR_007065375.1	3229	3001.29	0	0
XR_007065376.1	3125	2897.29	0	0
XR_007065377.1	3135	2907.29	0	0
XR_007065378.1	3428	3200.29	0	0
XR_007065379.1	3430	3202.29	0	0
XR_007065380.1	3189	2961.29	0	0
XR_007065381.1	1200	972.293	4.90351e-08	2.26961e-09
XR_007065382.1	1165	937.293	46.9225	2.25293
XR_007065386.1	661	434.717	0	0
XR_007065387.1	685	458.134	0	0
XR_007065388.1	2497	2269.29	0	0
XR_007065389.1	2421	2193.29	0	0
XR_007065390.1	2395	2167.29	0	0
XR_007065391.1	2398	2170.29	0	0
XR_007065392.1	1493	1265.29	2	0.0711346
XR_007065393.1	2382	2154.29	0	0
XR_007065394.1	2643	2415.29	0	0
XR_007065395.1	2388	2160.29	0	0
XR_007065396.1	2310	2082.29	0	0
XR_007065397.1	2256	2028.29	0	0
XR_007065398.1	2137	1909.29	0	0
XR_007065399.1	2112	1884.29	0	0
XR_007065400.1	1960	1732.29	0	0
XR_007065401.1	2664	2436.29	0	0
XR_007065402.1	3083	2855.29	336.315	5.30076
XR_007065403.1	4145	3917.29	0	0
XR_007065404.1	5972	5744.29	0	0
XR_007065405.1	4650	4422.29	0	0
XR_007065406.1	4243	4015.29	0	0
XR_007065407.1	4797	4569.29	0	0
XR_007065408.1	4353	4125.29	0	0
XR_007065409.1	5586	5358.29	11.0422	0.0927408
XR_007065410.1	4055	3827.29	0	0
XR_007065411.1	3226	2998.29	2.09986	0.031518
XR_007065412.1	2935	2707.29	0	0
XR_007065413.1	3779	3551.29	0	0
XR_007065414.1	4776	4548.29	3.71589	0.0367669
XR_007065415.1	6603	6375.29	0	0
XR_007065416.1	4255	4027.29	0	0
XR_007065417.1	6477	6249.29	0	0
XR_007065418.1	6070	5842.29	0	0
XR_007065419.1	4895	4667.29	0	0
XR_007065420.1	5302	5074.29	0	0
XR_007065421.1	5430	5202.29	0	0
XR_007065422.1	5428	5200.29	0	0
XR_007065423.1	6513	6285.29	5.06072e-07	3.62351e-09
XR_007065424.1	4153	3925.29	0	0
XR_007065425.1	4469	4241.29	35.2694	0.374233
XR_007065426.1	4416	4188.29	4.52758	0.0486488
XR_007065427.1	4721	4493.29	0	0
XR_007065428.1	4677	4449.29	0	0
XR_007065429.1	4292	4064.29	5.31744	0.0588789
XR_007065430.1	4597	4369.29	0	0
XR_007065431.1	4018	3790.29	12.8619	0.152713
XR_007065432.1	3605	3377.29	0	0
XR_007065434.1	1466	1238.29	0	0
XR_007065435.1	1369	1141.29	5.75392e-06	2.26887e-07
XR_007065436.1	1359	1131.29	0.999994	0.03978
XR_007065437.1	387	181.366	0	0
XR_007065438.1	1207	979.293	129.073	5.93151
XR_007065439.1	1526	1298.29	4	0.138653
XR_007065440.1	2858	2630.29	0	0
XR_007065441.1	5147	4919.29	0	0
XR_007065442.1	790	562.487	0	0
XR_007065448.1	2369	2141.29	180.65	3.79668
XR_007065449.1	19936	19708.3	26.6711	0.0609024
XR_007065450.1	2540	2312.29	22.1492	0.431079
XR_007065451.1	4348	4120.29	37.4343	0.408868
XR_007065453.1	3615	3387.29	4.99083	0.0663074
XR_007065454.1	2691	2463.29	0	0
XR_007065455.1	474	256.047	9	1.58185
XR_007065456.1	1454	1226.29	8.00608	0.293811
XR_007065457.1	335	141.797	0	0
XR_007065458.1	3864	3636.29	0	0
XR_007065459.1	539	316.223	0	0
XR_007065460.1	2835	2607.29	2.15546	0.0372042
XR_007065461.1	2227	1999.29	0.0516009	0.00116151
XR_007065462.1	3648	3420.29	73.0475	0.961135
XR_007065463.1	1395	1167.29	31.651	1.22025
XR_007065464.1	506	285.56	21	3.30952
XR_007065465.1	4365	4137.29	72.2473	0.785865
XR_007065466.1	2329	2101.29	6.72411	0.144009
XR_007065467.1	2861	2633.29	0	0
XR_007065468.1	801	573.487	0	0
XR_007065472.1	1547	1319.29	0	0
XR_007065473.1	1544	1316.29	0	0
XR_007065474.1	1378	1150.29	0	0
XR_007065475.1	27563	27335.3	29.99	0.0493737
XR_007065476.1	7499	7271.29	15.1094	0.093514
XR_007065477.1	276	102.102	0	0
XR_007065478.1	9010	8782.29	0	0
XR_007065480.1	4645	4417.29	1	0.0101879
XR_007065481.1	741	513.753	5.00943	0.43881
XR_007065482.1	2677	2449.29	1.00035	0.0183804
XR_007065483.1	811	583.487	1	0.0771279
XR_007065484.1	15806	15578.3	0	0
XR_007065485.1	1453	1225.29	0	0
XR_007065486.1	15291	15063.3	39.1283	0.1169
XR_007065488.1	2599	2371.29	0	0
XR_007065489.1	2529	2301.29	0	0
XR_007065490.1	3349	3121.29	0	0
XR_007065491.1	3218	2990.29	0	0
XR_007065492.1	3063	2835.29	0	0
XR_007065493.1	3011	2783.29	0	0
XR_007065494.1	2880	2652.29	9	0.152709
XR_007065495.1	2208	1980.29	0	0
XR_007065496.1	1931	1703.29	0	0
XR_007065497.1	2276	2048.29	0	0
XR_007065498.1	2226	1998.29	0	0
XR_007065499.1	2364	2136.29	0	0
XR_007065500.1	3634	3406.29	0	0
XR_007065501.1	3629	3401.29	0	0
XR_007065502.1	2333	2105.29	0	0
XR_007065503.1	2447	2219.29	11	0.223059
XR_007065504.1	5890	5662.29	56.0031	0.445105
XR_007065505.1	5703	5475.29	0	0
XR_007065506.1	421	209.523	0	0
XR_007065507.1	1882	1654.29	15.7074	0.427301
XR_007065508.1	1004	776.293	2	0.115944
XR_007065509.1	927	699.293	0	0
XR_007065510.1	1100	872.293	0	0
XR_007065511.1	942	714.293	0	0
XR_007065512.1	831	603.427	0	0
XR_007065513.1	589	364.098	0	0
XR_007065514.1	590	365.061	0	0
XR_007065515.1	271	99.0818	0	0
XR_007065516.1	7700	7472.29	1	0.00602266
XR_007065517.1	562	337.904	0	0
XR_007065518.1	1103	875.293	0	0
XR_007065519.1	702	474.947	0	0
XR_007065520.1	2142	1914.29	0	0
XR_007065521.1	1395	1167.29	45.282	1.74577
XR_007065522.1	440	225.63	23	4.58748
XR_007065523.1	3240	3012.29	0	0
XR_007065524.1	456	239.672	0	0
XR_007065525.1	494	274.359	0	0
XR_007065526.1	2148	1920.29	0	0
XR_007065527.1	859	631.427	0	0
XR_007065528.1	986	758.293	0	0
XR_007065529.1	3336	3108.29	0	0
XR_007065530.1	1427	1199.29	0	0
XR_007065531.1	1106	878.293	32.7146	1.67627
XR_007065532.1	1345	1117.29	5.44836	0.219453
XR_007065533.1	242	81.454	0	0
XR_007065534.1	245	83.2645	0	0
XR_007065535.1	1651	1423.29	0	0
XR_007065537.1	1236	1008.29	0	0
XR_007065538.1	479	260.887	0.5	0.0862501
XR_007065539.1	1169	941.293	2.28576	0.109282
XR_007065540.1	1179	951.293	0	0
XR_007065541.1	100	15.2776	0	0
XR_007065542.1	575	350.386	0	0
XR_007065543.1	473	255.047	0	0
XR_007065544.1	3691	3463.29	1.10847	0.0144037
XR_007065545.1	1059	831.293	0	0
XR_007065546.1	6348	6120.29	6.70482	0.0493012
XR_007065547.1	3376	3148.29	15.0496	0.215125
XR_007065551.1	258	91.0962	0	0
XR_007065552.1	4622	4394.29	0	0
XR_007065553.1	1490	1262.29	0	0
XR_007065554.1	1290	1062.29	6.02198	0.255115
XR_007065555.1	361	161.348	5	1.3946
XR_007065556.1	503	282.705	0	0
XR_007065557.1	629	403.218	0	0
XR_007065558.1	1643	1415.29	1.02704	0.0326574
XR_007065559.1	2745	2517.29	74.8343	1.33786
XR_007065560.1	1050	822.293	0	0
XR_007065562.1	2046	1818.29	1.40342	0.0347349
XR_007065563.1	328	136.811	0	0
XR_007065564.1	953	725.293	2	0.124096
XR_007065565.1	329	137.452	0	0
XR_007065566.1	8160	7932.29	0	0
XR_007065567.1	607	381.611	0	0
XR_007065568.1	664	437.717	0	0
XR_007065569.1	1077	849.293	0	0
XR_007065570.1	2626	2398.29	5.00574	0.0939309
XR_007065571.1	261	92.9009	0	0
XR_007065572.1	491	271.527	14	2.32037
XR_007065573.1	765	537.541	5	0.418601
XR_007065574.1	3420	3192.29	3.03192	0.0427422
XR_007065575.1	1225	997.293	0	0
XR_007065576.1	841	613.427	4	0.293453
XR_007065577.1	2264	2036.29	7.76138	0.17153
XR_007065578.1	4445	4217.29	3.04192	0.0324606
XR_007065579.1	2738	2510.29	3.1491	0.0564553
XR_007065580.1	245	83.2645	0	0
XR_007065581.1	469	251.307	2	0.358152
XR_007065582.1	2509	2281.29	1	0.019727
XR_007065583.1	2539	2311.29	1.66355e-08	3.23908e-10
XR_007065584.1	1713	1485.29	0	0
XR_007065585.1	1611	1383.29	25.2585	0.821741
XR_007065586.1	1437	1209.29	4.00083	0.148888
XR_007065587.1	1811	1583.29	89.1429	2.53377
XR_007065588.1	411	201.028	1.00725	0.225488
XR_007065589.1	296	115.202	0	0
XR_007065590.1	716	488.852	0	0
XR_007065591.1	569	344.595	1	0.130597
XR_007065592.1	397	189.558	0	0
XR_007065593.1	929	701.293	0	0
XR_007065594.1	274	100.891	2	0.892114
XR_007065595.1	13058	12830.3	29.4582	0.103327
XR_007065596.1	7736	7508.29	98.4884	0.590318
XR_007065597.1	1399	1171.29	0	0
XR_007065598.1	1573	1345.29	2.1435	0.071705
XR_007065600.1	345	148.943	0	0
XR_007065601.1	224	71.1275	0	0
XR_007065602.1	672	445.496	2.00005	0.202041
XR_007065604.1	2242	2014.29	25	0.558547
XR_007065605.1	676	449.451	5.04238	0.504888
XR_007065606.1	445	230.083	1	0.195595
XR_007065607.1	571	346.526	0	0
XR_007065608.1	766	538.541	0	0
XR_007065609.1	2466	2238.29	2.34049	0.0470579
XR_007065610.1	1618	1390.29	0	0
XR_007065611.1	324	134.113	0	0
XR_007065612.1	238	79.3455	0	0
XR_007065613.1	246	83.7785	0	0
XR_007065614.1	11878	11650.3	11.0001	0.0424914
XR_007065615.1	870	642.427	1.04167	0.0729704
XR_007065616.1	2700	2472.29	0	0
XR_007065617.1	1076	848.293	6.16674	0.327154
XR_007065618.1	3761	3533.29	0	0
XR_007065619.1	3541	3313.29	0	0
XR_007065620.1	385	179.839	0	0
XR_007065621.1	403	194.403	0	0
XR_007065622.1	4923	4695.29	6	0.0575083
XR_007065623.1	363	162.855	0	0
XR_007065624.1	2042	1814.29	1.93361	0.0479627
XR_007065625.1	2943	2715.29	0	0
XR_007065626.1	1443	1215.29	0	0
XR_007065627.1	2715	2487.29	4.99207	0.0903225
XR_007065628.1	1215	987.293	6.00793	0.273855
XR_007065629.1	2054	1826.29	3.0029	0.0739968
XR_007065630.1	2199	1971.29	0	0
XR_007065631.1	569	344.595	0	0
XR_007065632.1	631	405.178	1	0.11107
XR_007065633.1	1522	1294.29	0	0
XR_007065634.1	1343	1115.29	2	0.0807018
XR_007065635.1	1325	1097.29	0.0627658	0.0025742
XR_007065636.1	8491	8263.29	0	0
XR_007065637.1	3766	3538.29	6.44573	0.0819823
XR_007065638.1	1563	1335.29	0	0
XR_007065639.1	2054	1826.29	0	0
XR_007065640.1	1873	1645.29	2.00534	0.0548513
XR_007065641.1	1728	1500.29	1	0.0299962
XR_007065642.1	8018	7790.29	37.3168	0.215572
XR_007065643.1	778	550.487	1	0.0817514
XR_007065644.1	598	372.913	2	0.241359
XR_007065645.1	1921	1693.29	1	0.0265773
XR_007065646.1	2203	1975.29	3	0.068349
XR_007065647.1	585	360.171	1	0.124949
XR_007065648.1	758	530.648	0	0
XR_007065649.1	720	492.802	0	0
XR_007065650.1	24771	24543.3	23.0107	0.0421929
XR_007065651.1	560	336.006	0	0
XR_007065652.1	572	347.526	0	0
XR_007065653.1	773	545.487	0	0
XR_007065654.1	730	502.753	1	0.0895134
XR_007065655.1	334	141.098	0	0
XR_007065656.1	181	48.4869	0	0
XR_007065657.1	1436	1208.29	0	0
XR_007065659.1	5945	5717.29	0	0
XR_007065660.1	1293	1065.29	6.5428	0.276399
XR_007065661.1	822	594.427	0	0
XR_007065662.1	773	545.487	0	0
XR_007065663.1	776	548.487	0	0
XR_007065664.1	646	419.888	0	0
XR_007065665.1	4392	4164.29	0	0
XR_007065666.1	622	396.338	0	0
XR_007065667.1	571	346.526	0	0
XR_007065668.1	2176	1948.29	21	0.485073
XR_007065669.1	293	113.08	0	0
XR_007065672.1	820	592.487	3.19441	0.242635
XR_007065673.1	362	162.038	0	0
XR_007065674.1	365	164.195	0	0
XR_007065675.1	739	511.753	0	0
XR_007065676.1	662	435.717	0	0
XR_007065677.1	1919	1691.29	4.23438	0.112671
XR_007065678.1	1460	1232.29	7.15084	0.261147
XR_007065679.1	4189	3961.29	15.1701	0.172343
XR_007065680.1	4376	4148.29	0	0
XR_007065681.1	676	449.451	0	0
XR_007065682.1	1034	806.293	0	0
XR_007065683.1	962	734.293	0	0
XR_007065684.1	1094	866.293	1.5232	0.079129
XR_007065685.1	450	234.286	1	0.192086
XR_007065686.1	8377	8149.29	12.0322	0.0664459
XR_007065687.1	566	341.699	10.0141	1.3189
XR_007065688.1	2767	2539.29	7.02863	0.124566
XR_007065689.1	916	688.293	0	0
XR_007065690.1	507	286.472	0	0
XR_007065691.1	3552	3324.29	0	0
XR_007065692.1	4624	4396.29	0	0
XR_007065693.1	3544	3316.29	0	0
XR_007065694.1	4890	4662.29	13.2292	0.127696
XR_007065695.1	1375	1147.29	1	0.0392254
XR_007065696.1	2070	1842.29	0	0
XR_007065697.1	650	423.846	0	0
XR_007065698.1	915	687.293	0	0
XR_007065699.1	2729	2501.29	4	0.0719677
XR_007065700.1	1375	1147.29	1	0.0392254
XR_007065701.1	4035	3807.29	15.0156	0.177488
XR_007065703.1	529	306.759	2	0.29341
XR_007065704.1	325	134.886	0	0
XR_007065705.1	221	69.701	0	0
XR_007065706.1	363	162.855	0	0
XR_007065707.1	389	182.969	1	0.24596
XR_007065708.1	394	187.168	0	0
XR_007065709.1	860	632.427	0	0
XR_007065710.1	942	714.293	1	0.0630036
XR_007065711.1	257	90.3934	1	0.497858
XR_007065712.1	11867	11639.3	6.06596	0.0234539
XR_007065713.1	12062	11834.3	0	0
XR_007065714.1	662	435.717	0	0
XR_007065715.1	579	354.315	0	0
XR_007065716.1	3244	3016.29	8.84719	0.132
XR_007065717.1	1331	1103.29	0	0
XR_007065718.1	1301	1073.29	0	0
XR_007065719.1	295	114.56	0	0
XR_007065720.1	2884	2656.29	0	0
XR_007065721.1	1719	1491.29	0	0
XR_007065722.1	691	464.041	0	0
XR_007065723.1	424	212.011	0	0
XR_007065724.1	677	450.406	0	0
XR_007065725.1	4052	3824.29	2.00086	0.0235455
XR_007065726.1	675	448.496	0	0
XR_007065727.1	606	380.649	0	0
XR_007065728.1	660	433.717	0	0
XR_007065729.1	1678	1450.29	0	0
XR_007065730.1	1216	988.293	0	0
XR_007065731.1	739	511.753	0	0
XR_007065732.1	6308	6080.29	0	0
XR_007065733.1	5930	5702.29	2.42959	0.0191746
XR_007065734.1	3980	3752.29	3.10274	0.0372127
XR_007065735.1	398	190.353	0	0
XR_007065736.1	397	189.558	0	0
XR_007065737.1	350	152.593	0	0
XR_007065738.1	346	149.65	1	0.300721
XR_007065739.1	603	377.687	4	0.476617
XR_007065740.1	976	748.293	0	0
XR_007065741.1	685	458.134	0	0
XR_007065742.1	1309	1081.29	3.00578	0.1251
XR_007065743.1	242	81.454	0	0
XR_007065744.1	1280	1052.29	4.00123	0.171119
XR_007065745.1	954	726.293	42.7681	2.65003
XR_007065746.1	3524	3296.29	8.22702	0.112321
XR_007065747.1	705	477.9	0	0
XR_007065748.1	1140	912.293	5.53859	0.273216
XR_007065749.1	689	462.088	1	0.0973908
XR_007065750.1	118	20.1815	0	0
XR_007065751.1	3742	3514.29	71.2197	0.91202
XR_007065752.1	942	714.293	55.4048	3.49071
XR_007065754.1	2815	2587.29	48.1811	0.838056
XR_007065755.1	279	103.985	0	0
XR_007065756.1	3582	3354.29	0	0
XR_007065757.1	2248	2020.29	85.7443	1.91
XR_007065758.1	2141	1913.29	22.3361	0.525374
XR_007065759.1	6815	6587.29	83.0446	0.567344
XR_007065760.1	8111	7883.29	235.954	1.34698
XR_007065761.1	1578	1350.29	14	0.466597
XR_007065762.1	455	238.796	0	0
XR_007065763.1	299	117.078	0	0
XR_007065764.1	712	484.852	0	0
XR_007065765.1	581	356.279	0	0
XR_007065766.1	426	213.764	0	0
XR_007065767.1	677	450.406	0	0
XR_007065768.1	776	548.487	15	1.23074
XR_007065769.1	445	230.083	0	0
XR_007065770.1	390	183.77	1	0.244888
XR_007065771.1	1099	871.293	0	0
XR_007065772.1	2379	2151.29	4.80213	0.100456
XR_007065776.1	7017	6789.29	0	0
XR_007065777.1	6972	6744.29	0	0
XR_007065778.1	6288	6060.29	0	0
XR_007065779.1	4457	4229.29	31.016	0.330035
XR_007065780.1	6088	5860.29	0	0
XR_007065781.1	6938	6710.29	0	0
XR_007065782.1	6812	6584.29	0	0
XR_007065783.1	6951	6723.29	0	0
XR_007065784.1	6854	6626.29	0	0
XR_007065785.1	13738	13510.3	644.042	2.14532
XR_007065786.1	7012	6784.29	0	0
XR_007065787.1	6694	6466.29	0	0
XR_007065788.1	6056	5828.29	0	0
XR_007065789.1	6913	6685.29	0	0
XR_007065790.1	6552	6324.29	8.28023	0.0589213
XR_007065791.1	6077	5849.29	19.4391	0.14956
XR_007065792.1	6876	6648.29	0	0
XR_007065793.1	9225	8997.29	0	0
XR_007065794.1	9263	9035.29	0	0
XR_007065795.1	9413	9185.29	0	0
XR_007065796.1	6758	6530.29	0	0
XR_007065797.1	323	133.485	3	1.01142
XR_007065798.1	9472	9244.29	0	0
XR_007065799.1	9467	9239.29	0	0
XR_007065800.1	9317	9089.29	0	0
XR_007065801.1	5992	5764.29	0	0
XR_007065802.1	8826	8598.29	18.4616	0.0966273
XR_007065803.1	6029	5801.29	1.59623	0.0123826
XR_007065804.1	6716	6488.29	0	0
XR_007065805.1	2780	2552.29	19.6921	0.347219
XR_007065806.1	6855	6627.29	0	0
XR_007065807.1	8444	8216.29	2.17965	0.0119386
XR_007065808.1	6761	6533.29	0	0
XR_007065809.1	6892	6664.29	0	0
XR_007065810.1	5984	5756.29	0	0
XR_007065811.1	7017	6789.29	0	0
XR_007065812.1	2716	2488.29	0	0
XR_007065813.1	362	162.038	0	0
XR_007065814.1	13118	12890.3	9.39598e-06	3.28036e-08
XR_007065815.1	5146	4918.29	0	0
XR_007065816.1	17258	17030.3	19.4635	0.051433
XR_007065817.1	4467	4239.29	0	0
XR_007065818.1	2720	2492.29	0	0
XR_007065819.1	2582	2354.29	0	0
XR_007065820.1	2746	2518.29	0	0
XR_007065821.1	2414	2186.29	0	0
XR_007065822.1	2749	2521.29	0	0
XR_007065823.1	537	314.382	0	0
XR_007065824.1	464	246.768	1	0.18237
XR_007065825.1	507	286.472	1	0.157094
XR_007065826.1	364	163.525	3	0.825616
XR_007065827.1	5320	5092.29	0	0
XR_007065828.1	260	92.282	3	1.46301
XR_007065829.1	1677	1449.29	0	0
XR_007065830.1	1796	1568.29	0	0
XR_007065831.1	5984	5756.29	3.13238	0.0244892
XR_007065832.1	487	267.803	0	0
XR_007065833.1	489	269.721	0	0
XR_007065834.1	460	243.274	0.867619	0.1605
XR_007065835.1	660	433.717	1.02336	0.106185
XR_007065836.1	260	92.282	0	0
XR_007065837.1	1030	802.293	3	0.168279
XR_007065838.1	3480	3252.29	1.19281	0.0165052
XR_007065839.1	3401	3173.29	0	0
XR_007065840.1	1424	1196.29	0	0
XR_007065841.1	852	624.427	0	0
XR_007065842.1	3712	3484.29	6.00861	0.0776071
XR_007065843.1	466	248.539	4.5627	0.826171
XR_007065844.1	578	353.315	4.4373	0.565196
XR_007065845.1	366	164.863	0	0
XR_007065846.1	276	102.102	3	1.3223
XR_007065847.1	2429	2201.29	1.00786	0.0206047
XR_007065848.1	1102	874.293	5	0.257368
XR_007065849.1	2279	2051.29	1.14443	0.0251076
XR_007065850.1	1045	817.293	0	0
XR_007065851.1	331	138.909	0	0
XR_007065852.1	1676	1448.29	0	0
XR_007065853.1	824	596.427	0	0
XR_007065854.1	2962	2734.29	0	0
XR_007065855.1	286	108.57	0	0
XR_007065856.1	914	686.293	0	0
XR_007065857.1	2483	2255.29	0	0
XR_007065858.1	1186	958.293	0	0
XR_007065859.1	4327	4099.29	0	0
XR_007065860.1	3192	2964.29	3.3671	0.0511183
XR_007065861.1	593	367.988	0	0
XR_007065862.1	3105	2877.29	4	0.0625631
XR_007065863.1	1026	798.293	8.28163	0.466869
XR_007065864.1	4996	4768.29	21.9255	0.206933
XR_007065865.1	332	139.579	0	0
XR_007065866.1	263	94.0409	0	0
XR_007065867.1	952	724.293	1	0.0621338
XR_007065868.1	409	199.348	0	0
XR_007065869.1	372	169.412	0	0
XR_007065870.1	442	227.417	0	0
XR_007065871.1	16073	15845.3	18.7295	0.0531946
XR_007065872.1	5461	5233.29	0	0
XR_007065876.1	5828	5600.29	20.5844	0.165413
XR_007065877.1	1879	1651.29	3.89391	0.106122
XR_007065878.1	784	556.487	3.01359	0.243709
XR_007065879.1	463	245.87	0	0
XR_007065880.1	336	142.48	0	0
XR_007065881.1	3634	3406.29	22.7838	0.301014
XR_007065882.1	284	107.25	0	0
XR_007065883.1	1021	793.293	0	0
XR_007065884.1	280	104.615	0	0
XR_007065885.1	1322	1094.29	4	0.164501
XR_007065886.1	594	368.988	0	0
XR_007065887.1	373	170.281	0	0
XR_007065888.1	1642	1414.29	0	0
XR_007065889.1	782	554.487	3	0.243485
XR_007065890.1	358	158.891	0	0
XR_007065891.1	382	177.405	1	0.253674
XR_007065892.1	1172	944.293	0	0
XR_007065893.1	505	284.56	0	0
XR_007065894.1	3047	2819.29	2	0.0319251
XR_007065895.1	853	625.427	0	0
XR_007065896.1	621	395.338	0	0
XR_007065897.1	3145	2917.29	0	0
XR_007065898.1	624	398.259	0	0
XR_007065899.1	968	740.293	1.01138	0.0614826
XR_007065900.1	441	226.512	0	0
XR_007065901.1	379	175.043	0	0
XR_007065902.1	652	425.803	0	0
XR_007065903.1	421	209.523	0	0
XR_007065904.1	6671	6443.29	5.23064	0.0365333
XR_007065905.1	785	557.487	0	0
XR_007065906.1	966	738.293	12.0109	0.732134
XR_007065907.1	5224	4996.29	99.575	0.896901
XR_007065908.1	294	113.843	0	0
XR_007065909.1	967	739.293	4	0.243492
XR_007065910.1	1131	903.293	2	0.0996422
XR_007065911.1	1721	1493.29	4.61269	0.139012
XR_007065912.1	8464	8236.29	7.24028	0.0395609
XR_007065913.1	7126	6898.29	5.50233e-07	3.58961e-09
XR_007065917.1	2598	2370.29	0	0
XR_007065918.1	797	569.487	1	0.0790239
XR_007065920.1	1185	957.293	0	0
XR_007065921.1	647	420.888	0	0
XR_007065922.1	554	330.174	0	0
XR_007065923.1	5219	4991.29	22.2693	0.200787
XR_007065924.1	460	243.274	2	0.369979
XR_007065925.1	1181	953.293	0	0
XR_007065926.1	343	147.405	0	0
XR_007065927.1	556	332.141	0	0
XR_007065928.1	491	271.527	0	0
XR_007065929.1	409	199.348	0	0
XR_007065930.1	2635	2407.29	2	0.037389
XR_007065931.1	1525	1297.29	2.60807	0.0904741
XR_007065932.1	605	379.687	0	0
XR_007065933.1	2238	2010.29	3	0.067159
XR_007065934.1	2853	2625.29	2.36265	0.0405009
XR_007065935.1	627	401.259	0.638884	0.0716539
XR_007065936.1	1647	1419.29	0	0
XR_007065937.1	2913	2685.29	0	0
XR_007065938.1	2823	2595.29	0	0
XR_007065939.1	2444	2216.29	1.00006	0.0203068
XR_007065940.1	1489	1261.29	52	1.85537
XR_007065941.1	1127	899.293	2.00108	0.10014
XR_007065942.1	888	660.427	0	0
XR_007065943.1	664	437.717	0	0
XR_007065944.1	633	407.137	0	0
XR_007065945.1	643	416.972	0	0
XR_007065947.1	4426	4198.29	18.3688	0.196902
XR_007065948.1	4798	4570.29	0	0
XR_007065949.1	1539	1311.29	1	0.0343196
XR_007065950.1	4624	4396.29	21.7649	0.222799
XR_007065951.1	313	126.323	0	0
XR_007065952.1	1853	1625.29	0	0
XR_007065953.1	1850	1622.29	0	0
XR_007065954.1	1424	1196.29	9	0.338569
XR_007065955.1	2295	2067.29	21.6157	0.470555
XR_007065956.1	2036	1808.29	34.4622	0.857663
XR_007065957.1	2856	2628.29	0	0
XR_007065958.1	1655	1427.29	0	0
XR_007065959.1	441	226.512	0	0
XR_007065961.1	2118	1890.29	1.16864	0.0278224
XR_007065962.1	2350	2122.29	0	0
XR_007065963.1	464	246.768	0	0
XR_007065964.1	2822	2594.29	0	0
XR_007065965.1	8459	8231.29	0	0
XR_007065966.1	1244	1016.29	0	0
XR_007065967.1	1218	990.293	0.224337	0.0101948
XR_007065968.1	1216	988.293	3.58611	0.163298
XR_007065969.1	1374	1146.29	0	0
XR_007065970.1	1343	1115.29	0	0
XR_007065971.1	3633	3405.29	4.01508	0.0530618
XR_007065972.1	985	757.293	0	0
XR_007065973.1	2724	2496.29	0	0
XR_007065974.1	614	388.495	0	0
XR_007065975.1	2699	2471.29	16.8367	0.306602
XR_007065976.1	190	53.085	0	0
XR_007065977.1	553	329.241	0	0
XR_007065978.1	4032	3804.29	12.0868	0.142981
XR_007065979.1	257	90.3934	0	0
XR_007065980.1	1286	1058.29	0	0
XR_007065981.1	202	59.5762	0	0
XR_007065982.1	103	15.7909	0	0
XR_007065983.1	104	15.9806	0.333333	0.938704
XR_007065984.1	104	15.9806	1	2.81611
XR_007065985.1	62	19.3947	0	0
XR_007065986.1	61	19.9714	3	6.76012
XR_007065987.1	135	26.7198	0	0
XR_007065988.1	128	23.852	0	0
XR_007065989.1	137	27.4645	0	0
XR_007065990.1	75	15.9406	0	0
XR_007065991.1	139	28.2339	0	0
XR_007065992.1	129	24.2036	0	0
XR_007065993.1	137	27.4645	0	0
XR_007065994.1	128	23.852	1	1.88677
XR_007065995.1	104	15.9806	0	0
XR_007065996.1	104	15.9806	0	0
XR_007065997.1	104	15.9806	0	0
XR_007065998.1	104	15.9806	0	0
XR_007065999.1	104	15.9806	0	0
XR_007066000.1	157	36.3884	0	0
XR_007066001.1	107	17.0159	0	0
XR_007066002.1	104	15.9806	0	0
XR_007066003.1	105	16.2206	0	0
XR_007066004.1	104	15.9806	0	0
XR_007066005.1	103	15.7909	0	0
XR_007066006.1	100	15.2776	0	0
XR_007066007.1	109	17.8694	0	0
XR_007066008.1	191	53.6233	8.97887	7.53548
XR_007066009.1	191	53.6233	8.97887	7.53548
XR_007066010.1	191	53.6233	8.97887	7.53548
XR_007066011.1	191	53.6233	8.97887	7.53548
XR_007066012.1	191	53.6233	8.97887	7.53548
XR_007066013.1	191	53.6233	8.97887	7.53548
XR_007066014.1	191	53.6233	8.97887	7.53548
XR_007066015.1	191	53.6233	8.97887	7.53548
XR_007066016.1	191	53.6233	8.97887	7.53548
XR_007066017.1	191	53.6233	8.97887	7.53548
XR_007066018.1	191	53.6233	0	0
XR_007066019.1	192	54.1729	0	0
XR_007066020.1	189	52.6441	0	0
XR_007066021.1	216	66.8958	0	0
XR_007066022.1	837	609.427	3	0.221535
XR_007066023.1	3516	3288.29	0	0
XR_007066024.1	1002	774.293	0	0
XR_007066025.1	1139	911.293	0	0
XR_007066026.1	1157	929.293	1	0.0484272
XR_007066027.1	3443	3215.29	0	0
XR_007066028.1	675	448.496	3.65335	0.366586
XR_007066029.1	7369	7141.29	1.28818	0.00811789
XR_007066030.1	1465	1237.29	3.7285	0.135614
XR_007066031.1	602	376.687	0	0
XR_007066032.1	855	627.427	0	0
XR_007066033.1	1950	1722.29	9.09984	0.237776
XR_007066034.1	416	205.291	3	0.657647
XR_007066035.1	5052	4824.29	31.4923	0.293774
XR_007066036.1	466	248.539	3	0.543212
XR_007066037.1	1669	1441.29	0	0
XR_007066038.1	1674	1446.29	0	0
XR_007066039.1	1760	1532.29	0	0
XR_007066040.1	1722	1494.29	0	0
XR_007066041.1	772	544.487	0	0
XR_007066042.1	452	236.066	0	0
XR_007066048.1	10552	10324.3	124.213	0.541438
XR_007066049.1	9139	8911.29	105.356	0.532059
XR_007066050.1	1706	1478.29	9.12523	0.277796
XR_007066051.1	820	592.487	0.141412	0.0107411
XR_007066052.1	527	304.945	0.262256	0.038703
XR_007066053.1	946	718.293	1.73774	0.108875
XR_007066054.1	666	439.629	4	0.409464
XR_007066055.1	1124	896.293	0	0
XR_007066056.1	973	745.293	0	0
XR_007066057.1	1492	1264.29	4	0.142382
XR_007066058.1	1303	1075.29	3.42447	0.143321
XR_007066059.1	943	715.293	0	0
XR_007066060.1	637	411.055	0	0
XR_007066061.1	379	175.043	0	0
XR_007066062.1	2818	2590.29	10	0.173737
XR_007066065.1	615	389.417	0	0
XR_007066066.1	604	378.687	0	0
XR_007066067.1	917	689.293	0	0
XR_007066068.1	4276	4048.29	0	0
XR_007066069.1	4905	4677.29	0	0
XR_007066070.1	3884	3656.29	5.10405	0.0628226
XR_007066071.1	4082	3854.29	0	0
XR_007066072.1	4149	3921.29	0	0
XR_007066073.1	3674	3446.29	0	0
XR_007066074.1	1029	801.293	0	0
XR_007066075.1	193	54.7097	0	0
XR_007066076.1	408	198.624	0	0
XR_007066077.1	448	232.626	1	0.193457
XR_007066078.1	432	218.698	0	0
XR_007066079.1	7479	7251.29	21.0537	0.130664
XR_007066082.1	1354	1126.29	4	0.159827
XR_007066083.1	890	662.427	0	0
XR_007066084.1	682	455.179	0	0
XR_007066085.1	1117	889.293	0	0
XR_007066086.1	610	384.573	0	0
XR_007066087.1	1759	1531.29	411.392	12.0904
XR_007066088.1	877	649.427	0	0
XR_007066089.1	702	474.947	0	0
XR_007066090.1	9995	9767.29	1	0.00460753
XR_007066091.1	7527	7299.29	19.736	0.12168
XR_007066092.1	999	771.293	0	0
XR_007066093.1	755	527.701	0	0
XR_007066094.1	1617	1389.29	4.73803	0.153478
XR_007066095.1	582	357.279	2	0.251921
XR_007066096.1	2404	2176.29	6.01105	0.124301
XR_007066099.1	2496	2268.29	0	0
XR_007066100.1	2015	1787.29	10.303	0.259423
XR_007066101.1	641	415.014	7	0.759063
XR_007066102.1	980	752.293	0	0
XR_007066103.1	527	304.945	0	0
XR_007066104.1	8294	8066.29	7.59449	0.0423708
XR_007066105.1	3681	3453.29	6.54915	0.0853481
XR_007066106.1	7811	7583.29	30.8564	0.183117
XR_007066107.1	17286	17058.3	12.3494	0.0325802
XR_007066108.1	3572	3344.29	8	0.107653
XR_007066109.1	3062	2834.29	1.23951	0.0196811
XR_007066110.1	301	118.444	0	0
XR_007066111.1	266	95.93	0	0
XR_007066112.1	15364	15136.3	0	0
XR_007066113.1	15272	15044.3	0	0
XR_007066114.1	15128	14900.3	0	0
XR_007066115.1	6296	6068.29	0	0
XR_007066116.1	6200	5972.29	0	0
XR_007066117.1	15365	15137.3	0	0
XR_007066118.1	13427	13199.3	0	0
XR_007066119.1	13196	12968.3	0	0
XR_007066120.1	15181	14953.3	0	0
XR_007066121.1	13041	12813.3	0	0
XR_007066122.1	13104	12876.3	0	0
XR_007066123.1	3061	2833.29	0	0
XR_007066124.1	2886	2658.29	0	0
XR_007066125.1	3165	2937.29	0	0
XR_007066126.1	786	558.487	0	0
XR_007066127.1	880	652.427	0	0
XR_007066128.1	4581	4353.29	74.177	0.766821
XR_007066129.1	3124	2896.29	0	0
XR_007066130.1	288	109.828	0	0
XR_007066131.1	8113	7885.29	0	0
XR_007066132.1	6195	5967.29	0	0
XR_007066133.1	7810	7582.29	0	0
XR_007066134.1	7696	7468.29	0	0
XR_007066135.1	5706	5478.29	0	0
XR_007066136.1	6997	6769.29	3.0014	0.0199537
XR_007066137.1	7100	6872.29	0	0
XR_007066138.1	4830	4602.29	0	0
XR_007066139.1	323	133.485	0	0
XR_007066140.1	4609	4381.29	0	0
XR_007066141.1	3160	2932.29	0	0
XR_007066142.1	2262	2034.29	24.482	0.541596
XR_007066143.1	2133	1905.29	0	0
XR_007066144.1	3521	3293.29	20.2721	0.277019
XR_007066145.1	2481	2253.29	0	0
XR_007066146.1	517	295.585	0	0
XR_007066147.1	286	108.57	0	0
XR_007066148.1	7318	7090.29	43.922	0.278779
XR_007066149.1	2256	2028.29	0	0
XR_007066150.1	26979	26751.3	26.2605	0.0441774
XR_007066151.1	7637	7409.29	0	0
XR_007066152.1	5590	5362.29	0	0
XR_007066153.1	1119	891.293	0	0
XR_007066154.1	1318	1090.29	0	0
XR_007066155.1	968	740.293	0	0
XR_007066156.1	18410	18182.3	12.5327	0.0310198
XR_007066157.1	481	262.672	0	0
XR_007066158.1	515	293.705	0	0
XR_007066159.1	421	209.523	0	0
XR_007066160.1	813	585.487	0	0
XR_007066161.1	4739	4511.29	0	0
XR_007066162.1	4834	4606.29	0	0
XR_007066163.1	770	542.487	1	0.082957
XR_007066164.1	3063	2835.29	0	0
XR_007066165.1	8646	8418.29	2.03245	0.0108652
XR_007066166.1	4671	4443.29	0	0
XR_007066167.1	1411	1183.29	0	0
XR_007066171.1	1500	1272.29	0	0
XR_007066172.1	752	524.701	0	0
XR_007066173.1	949	721.293	0	0
XR_007066174.1	526	304.007	0	0
XR_007066175.1	254	88.6424	0	0
XR_007066176.1	13016	12788.3	63.3107	0.222796
XR_007066177.1	12923	12695.3	0.000162968	5.77699e-07
XR_007066178.1	640	414.014	0	0
XR_007066179.1	1633	1405.29	5	0.16012
XR_007066180.1	3436	3208.29	50.155	0.70353
XR_007066181.1	2735	2507.29	0	0
XR_007066182.1	4437	4209.29	0	0
XR_007066183.1	4293	4065.29	0	0
XR_007066184.1	2591	2363.29	331.689	6.31621
XR_007066185.1	4239	4011.29	0	0
XR_007066186.1	4236	4008.29	0	0
XR_007066187.1	4191	3963.29	0	0
XR_007066188.1	4068	3840.29	0	0
XR_007066189.1	4053	3825.29	0	0
XR_007066190.1	4050	3822.29	0	0
XR_007066191.1	4794	4566.29	0	0
XR_007066192.1	4752	4524.29	0	0
XR_007066193.1	1319	1091.29	12.005	0.495065
XR_007066194.1	1272	1044.29	0	0
XR_007066195.1	1197	969.293	0	0
XR_007066196.1	640	414.014	0	0
XR_007066197.1	1377	1149.29	0	0
XR_007066198.1	1290	1062.29	0	0
XR_007066199.1	2496	2268.29	1.00022	0.0198444
XR_007066200.1	8300	8072.29	15.0006	0.0836287
XR_007066201.1	7958	7730.29	0	0
XR_007066202.1	4195	3967.29	1.1252	0.0127637
XR_007066203.1	2476	2248.29	15.418	0.308616
XR_007066205.1	839	611.427	1	0.0736033
XR_007066206.1	414	203.726	0	0
XR_007066207.1	5435	5207.29	11.0075	0.0951307
XR_007066208.1	6115	5887.29	0.000397405	3.0378e-06
XR_007066209.1	6416	6188.29	8	0.0581784
XR_007066210.1	2303	2075.29	5.02558	0.10898
XR_007066211.1	12116	11888.3	31.904	0.120772
XR_007066212.1	1406	1178.29	1	0.0381934
XR_007066213.1	6586	6358.29	13.1721	0.0932305
XR_007066214.1	502	281.791	0	0
XR_007066215.1	160	37.9606	0	0
XR_007066216.1	2042	1814.29	0	0
XR_007066217.1	14300	14072.3	2	0.00639598
XR_007066218.1	1815	1587.29	1	0.0283521
XR_007066219.1	920	692.293	14.3811	0.934854
XR_007066220.1	3089	2861.29	63.6189	1.00061
XR_007066221.1	2549	2321.29	1.84706e-08	3.58091e-10
XR_007066222.1	6302	6074.29	16.4852	0.122135
XR_007066223.1	2484	2256.29	3.44417	0.068696
XR_007066224.1	1337	1109.29	0	0
XR_007066225.1	735	507.753	7.93392	0.703199
XR_007066226.1	1620	1392.29	0	0
XR_007066227.1	2466	2238.29	5.5553	0.111695
XR_007066228.1	923	695.293	1.93637	0.125332
XR_007066230.1	833	605.427	1	0.0743327
XR_007066231.1	1908	1680.29	0	0
XR_007066232.1	1083	855.293	0	0
XR_007066233.1	1023	795.293	34.3516	1.94385
XR_007066234.1	5367	5139.29	4.00038	0.03503
XR_007066235.1	6738	6510.29	1	0.00691261
XR_007066236.1	5287	5059.29	0	0
XR_007066237.1	4436	4208.29	7	0.0748573
XR_007066238.1	268	97.2933	0	0
XR_007066239.1	207	62.4014	0	0
XR_007066240.1	3815	3587.29	8	0.100361
XR_007066241.1	271	99.0818	5.97905	2.71569
XR_007066242.1	3479	3251.29	22.001	0.304529
XR_007066243.1	691	464.041	5	0.484904
XR_007066244.1	1348	1120.29	0	0
XR_007066245.1	1237	1009.29	0	0
XR_007066246.1	1342	1114.29	0	0
XR_007066247.1	1280	1052.29	0	0
XR_007066248.1	1328	1100.29	0	0
XR_007066249.1	1166	938.293	0	0
XR_007066250.1	759	531.648	0	0
XR_007066251.1	753	525.701	0	0
XR_007066252.1	2819	2591.29	0	0
XR_007066253.1	2765	2537.29	0	0
XR_007066254.1	6662	6434.29	5	0.0349713
XR_007066255.1	7917	7689.29	0	0
XR_007066256.1	2433	2205.29	0	0
XR_007066257.1	3321	3093.29	0	0
XR_007066258.1	37784	37556.3	14.5088	0.0173856
XR_007066259.1	773	545.487	0	0
XR_007066260.1	550	326.571	0	0
XR_007066261.1	4134	3906.29	15.7953	0.181973
XR_007066262.1	1159	931.293	0	0
XR_007066263.1	1004	776.293	0	0
XR_007066264.1	17989	17761.3	36.8265	0.0933099
XR_007066265.1	2104	1876.29	0	0
XR_007066266.1	706	478.9	11.6513	1.09489
XR_007066267.1	7375	7147.29	10.8687	0.0684353
XR_007066268.1	953	725.293	1	0.0620481
XR_007066269.1	306	121.497	12	4.44486
XR_007066270.1	1005	777.293	0	0
XR_007066271.1	12270	12042.3	14.0172	0.0523835
XR_007066272.1	414	203.726	0	0
XR_007066273.1	762	534.648	1.00221	0.084359
XR_007066274.1	1877	1649.29	0	0
XR_007066275.1	7362	7134.29	19	0.119852
XR_007066276.1	792	564.487	0	0
XR_007066277.1	1935	1707.29	5.01515	0.132196
XR_007066278.1	1782	1554.29	0	0
XR_007066280.1	767	539.541	0	0
XR_007066281.1	6217	5989.29	13.4056	0.100728
XR_007066282.1	550	326.571	2	0.275609
XR_007066283.1	591	366.025	0	0
XR_007066284.1	638	412.014	3	0.327681
XR_007066285.1	553	329.241	0	0
XR_007066286.1	1913	1685.29	4	0.106814
XR_007066287.1	1178	950.293	0	0
XR_007066288.1	11410	11182.3	3.14676	0.0126641
XR_007066289.1	1076	848.293	0	0
XR_007066290.1	853	625.427	0	0
XR_007066291.1	926	698.293	0	0
XR_007066292.1	2563	2335.29	0	0
XR_007066293.1	984	756.293	0	0
XR_007066294.1	929	701.293	0	0
XR_007066295.1	1895	1667.29	0	0
XR_007066296.1	778	550.487	1	0.0817514
XR_007066297.1	2134	1906.29	1.00422	0.0237073
XR_007066298.1	1643	1415.29	11.4733	0.364826
XR_007066299.1	1166	938.293	0	0
XR_007066300.1	2760	2532.29	8.05475	0.143146
XR_007066301.1	497	277.191	0	0
XR_007066302.1	244	82.6579	0	0
XR_007066303.1	443	228.322	0	0
XR_007066304.1	519	297.525	0	0
XR_007066305.1	13483	13255.3	15.6781	0.0532287
XR_007066306.1	5494	5266.29	3.71676	0.0317615
XR_007066307.1	2146	1918.29	1.00026	0.0234662
XR_007066308.1	1337	1109.29	1.03798	0.0421101
XR_007066309.1	4669	4441.29	7.81174	0.0791554
XR_007066310.1	260	92.282	0	0
XR_007066311.1	503	282.705	0	0
XR_007066312.1	365	164.195	0	0
XR_007066313.1	3689	3461.29	5.82906	0.0757884
XR_007066314.1	1727	1499.29	2.77014	0.0831491
XR_007066315.1	504	283.647	0	0
XR_007066316.1	2769	2541.29	0	0
XR_007066317.1	1012	784.293	0	0
XR_007066318.1	2790	2562.29	2.00033	0.0351331
XR_007066319.1	651	424.846	0	0
XR_007066320.1	1953	1725.29	1	0.0260843
XR_007066321.1	655	428.76	0	0
XR_007066322.1	591	366.025	0	0
XR_007066323.1	1403	1175.29	3.00223	0.114958
XR_007066324.1	1138	910.293	0	0
XR_007066325.1	978	750.293	0	0
XR_007066326.1	246	83.7785	0	0
XR_007066327.1	319	130.608	1.98484	0.683908
XR_007066328.1	655	428.76	0	0
XR_007066329.1	230	74.7519	0	0
XR_007066330.1	3167	2939.29	2	0.0306217
XR_007066331.1	907	679.293	0	0
XR_007066332.1	3941	3713.29	0	0
XR_007066333.1	3932	3704.29	0	0
XR_007066334.1	1516	1288.29	0	0
XR_007066335.1	14146	13918.3	7.07585	0.0228789
XR_007066336.1	3153	2925.29	4.02414	0.0619079
XR_007066337.1	3138	2910.29	7	0.108244
XR_007066338.1	3408	3180.29	31	0.438669
XR_007066341.1	3521	3293.29	4	0.0546603
XR_007066342.1	557	333.141	0	0
XR_007066343.1	923	695.293	23	1.48868
XR_007066344.1	10409	10181.3	36.4133	0.160953
XR_007066345.1	223	70.6179	0	0
XR_007066346.1	2742	2514.29	0	0
XR_007066347.1	764	536.541	0	0
XR_007066348.1	1493	1265.29	1	0.0355673
XR_007066349.1	459	242.274	0	0
XR_007066350.1	1777	1549.29	0	0
XR_007066351.1	1739	1511.29	0	0
XR_007066352.1	10193	9965.29	0	0
XR_007066353.1	428	215.312	0	0
XR_007066354.1	645	418.93	0	0
XR_007066355.1	284	107.25	0	0
XR_007066356.1	2269	2041.29	0	0
XR_007066357.1	3741	3513.29	0	0
XR_007066358.1	1142	914.293	1	0.0492217
XR_007066359.1	2432	2204.29	228.727	4.66972
XR_007066360.1	2677	2449.29	4	0.0734956
XR_007066361.1	255	89.2265	0	0
XR_007066362.1	2245	2017.29	0	0
XR_007066363.1	2693	2465.29	0	0
XR_007066364.1	2938	2710.29	0	0
XR_007066365.1	3756	3528.29	0	0
XR_007066366.1	1612	1384.29	2	0.0650196
XR_007066367.1	2035	1807.29	11	0.273909
XR_007066368.1	3826	3598.29	32	0.400217
XR_007066369.1	1591	1363.29	2	0.0660211
XR_007066370.1	1237	1009.29	13.1801	0.587685
XR_007066371.1	10982	10754.3	54.6919	0.228867
XR_007066372.1	1816	1588.29	2.00435	0.0567918
XR_007066373.1	920	692.293	0	0
XR_007066374.1	608	382.573	0	0
XR_007066375.1	403	194.403	0	0
XR_007066376.1	423	211.123	0	0
XR_007066377.1	554	330.174	0	0
XR_007066378.1	777	549.487	0	0
XR_007066379.1	4033	3805.29	11.2194	0.132685
XR_007066380.1	408	198.624	2	0.453148
XR_007066381.1	693	466.041	0	0
XR_007066382.1	5093	4865.29	8.45698	0.0782255
XR_007066383.1	6159	5931.29	0	0
XR_007066384.1	822	594.427	0	0
XR_007066385.1	711	483.852	0	0
XR_007066386.1	287	109.221	0	0
XR_007066387.1	4848	4620.29	5.57164	0.0542695
XR_007066388.1	10936	10708.3	17.9683	0.0755143
XR_007066389.1	297	115.768	0	0
XR_007066391.1	389	182.969	0	0
XR_007066392.1	6369	6141.29	13.8657	0.101607
XR_007066393.1	3094	2866.29	0	0
XR_007066394.1	4129	3901.29	120	1.38425
XR_007066395.1	2775	2547.29	0	0
XR_007066396.1	173	44.4445	0	0
XR_007066397.1	8462	8234.29	5.00283	0.0273421
XR_007066398.1	347	150.34	0	0
XR_007066399.1	2498	2270.29	4.00185	0.079327
XR_007066400.1	2188	1960.29	29.1216	0.668555
XR_007066401.1	241	81.0542	0	0
XR_007066402.1	267	96.6399	0	0
XR_007066403.1	621	395.338	0	0
XR_007066404.1	716	488.852	1	0.0920588
XR_007066407.1	2342	2114.29	0	0
XR_007066410.1	2669	2441.29	7.0658	0.130252
XR_007066411.1	876	648.427	0	0
XR_007066412.1	1197	969.293	0	0
XR_007066413.1	2270	2042.29	0	0
XR_007066414.1	534	311.445	0	0
XR_007066415.1	2591	2363.29	6	0.114255
XR_007066416.1	2222	1994.29	0	0
XR_007066417.1	1147	919.293	0	0
XR_007066418.1	336	142.48	0	0
XR_007066419.1	636	410.055	1	0.109749
XR_007066420.1	5362	5134.29	5	0.043826
XR_007066421.1	347	150.34	0	0
XR_007066422.1	2453	2225.29	0	0
XR_007066423.1	2707	2479.29	4.79277	0.0869964
XR_007066424.1	566	341.699	0	0
XR_007066425.1	1909	1681.29	0	0
XR_007066426.1	12455	12227.3	0	0
XR_007066427.1	4313	4085.29	0	0
XR_007066428.1	4256	4028.29	1	0.0111718
XR_007066429.1	3092	2864.29	55	0.864147
XR_007066430.1	4202	3974.29	6	0.0679413
XR_007066431.1	927	699.293	0	0
XR_007066432.1	314	126.964	0	0
XR_007066433.1	1426	1198.29	0	0
XR_007066434.1	1215	987.293	0	0
XR_007066435.1	3156	2928.29	4	0.0614735
XR_007066436.1	2553	2325.29	1.259	0.0243663
XR_007066437.1	3122	2894.29	8.15844	0.126855
XR_007066438.1	3466	3238.29	0	0
XR_007066439.1	309	123.455	0	0
XR_007066440.1	3020	2792.29	3.3903	0.0546411
XR_007066441.1	625	399.259	0	0
XR_007066442.1	2832	2604.29	22.067	0.381325
XR_007066443.1	441	226.512	3	0.596037
XR_007066444.1	545	321.964	0	0
XR_007066445.1	3087	2859.29	0	0
XR_007066446.1	1967	1739.29	0	0
XR_007066447.1	1903	1675.29	0	0
XR_007066448.1	2572	2344.29	0	0
XR_007066449.1	2545	2317.29	0	0
XR_007066450.1	609	383.573	0	0
XR_007066451.1	279	103.985	0	0
XR_007066452.1	1317	1089.29	0	0
XR_007066453.1	1068	840.293	0	0
XR_007066454.1	416	205.291	0	0
XR_007066455.1	3283	3055.29	1	0.0147295
XR_007066456.1	5865	5637.29	0	0
XR_007066457.1	4564	4336.29	4.3739	0.0453934
XR_007066458.1	2772	2544.29	0	0
XR_007066459.1	17390	17162.3	9.33868	0.0244879
XR_007066460.1	13073	12845.3	5.06433	0.0177427
XR_007066461.1	604	378.687	0	0
XR_007066462.1	963	735.293	0	0
XR_007066463.1	653	426.803	0	0
XR_007066464.1	1441	1213.29	0	0
XR_007066465.1	346	149.65	0	0
XR_007066466.1	355	156.626	1	0.287329
XR_007066467.1	794	566.487	0	0
XR_007066468.1	1464	1236.29	8	0.291213
XR_007066469.1	1640	1412.29	0	0
XR_007066470.1	894	666.361	0	0
XR_007066471.1	3499	3271.29	0	0
XR_007066472.1	1311	1083.29	0	0
XR_007066473.1	7812	7584.29	4.20322	0.0249407
XR_007066474.1	525	303.13	0	0
XR_007066475.1	932	704.293	0	0
XR_007066476.1	205	61.3237	1	0.733861
XR_007066477.1	201	59.1453	0	0
XR_007066478.1	64	17.5957	0	0
XR_007066479.1	134	26.2749	0	0
XR_007066480.1	134	26.2749	0	0
XR_007066481.1	134	26.2749	0	0
XR_007066482.1	104	15.9806	0	0
XR_007066483.1	102	15.661	0	0
XR_007066484.1	103	15.7909	0	0
XR_007066485.1	102	15.661	0	0
XR_007066486.1	104	15.9806	0	0
XR_007066487.1	101	15.5262	0	0
XR_007066488.1	103	15.7909	0	0
XR_007066489.1	102	15.661	0	0
XR_007066490.1	104	15.9806	0	0
XR_007066491.1	103	15.7909	0	0
XR_007066492.1	723	495.802	10	0.907682
XR_007066493.1	135	26.7198	0	0
XR_007066494.1	170	42.8561	0	0
XR_007066495.1	216	66.8958	0	0
XR_007066496.1	2177	1949.29	0	0
XR_007066497.1	1016	788.293	1	0.0570893
XR_007066498.1	1074	846.293	0	0
XR_007066499.1	3232	3004.29	1.00025	0.0149833
XR_007066500.1	3658	3430.29	1.0274	0.0134787
XR_007066501.1	5462	5234.29	0	0
XR_007066502.1	2186	1958.29	0.781197	0.0179525
XR_007066503.1	1035	807.293	2	0.111491
XR_007066504.1	701	473.947	0	0
XR_007066505.1	8806	8578.29	239.42	1.25604
XR_007066506.1	325	134.886	0	0
XR_007066507.1	8749	8521.29	65.5249	0.346053
XR_007066508.1	2540	2312.29	8	0.1557
XR_007066509.1	15719	15491.3	190.469	0.553322
XR_007066510.1	561	336.904	4.16572	0.55645
XR_007066511.1	400	191.921	0	0
XR_007066512.1	7289	7061.29	0	0
XR_007066513.1	4286	4058.29	0.795984	0.0088268
XR_007066514.1	4112	3884.29	0	0
XR_007066515.1	4102	3874.29	0	0
XR_007066516.1	4296	4068.29	3.08201	0.0340929
XR_007066517.1	6007	5779.29	0	0
XR_007066518.1	6632	6404.29	0	0
XR_007066519.1	4324	4096.29	0	0
XR_007066520.1	6005	5777.29	0	0
XR_007066521.1	6630	6402.29	0	0
XR_007066522.1	4284	4056.29	28.2439	0.313355
XR_007066523.1	3697	3469.29	549.319	7.12567
XR_007066524.1	4110	3882.29	0	0
XR_007066525.1	4100	3872.29	0	0
XR_007066526.1	3898	3670.29	26.1736	0.320926
XR_007066527.1	3908	3680.29	17.1443	0.209642
XR_007066528.1	4332	4104.29	1.37111e-06	1.50341e-08
XR_007066529.1	4533	4305.29	38.4661	0.402084
XR_007066530.1	7351	7123.29	36.4848	0.230502
XR_007066531.1	7349	7121.29	267.912	1.69307
XR_007066532.1	3936	3708.29	0	0
XR_007066533.1	2245	2017.29	0	0
XR_007066534.1	3660	3432.29	0	0
XR_007066535.1	5304	5076.29	652.027	5.78044
XR_007066536.1	1822	1594.29	61.8735	1.74654
XR_007066537.1	3173	2945.29	17.6837	0.270201
XR_007066538.1	5165	4937.29	0	0
XR_007066539.1	3117	2889.29	57.6796	0.898406
XR_007066540.1	2583	2355.29	0	0
XR_007066541.1	493	273.443	0	0
XR_007066543.1	1864	1636.29	17.6204	0.484615
XR_007066544.1	11068	10840.3	47.4562	0.197013
XR_007066545.1	11006	10778.3	16.3107	0.0681028
XR_007066546.1	1329	1101.29	0	0
XR_007066548.1	1151	923.293	0	0
XR_007066549.1	1321	1093.29	0	0
XR_007066550.1	1293	1065.29	0	0
XR_007066551.1	1231	1003.29	0	0
XR_007066552.1	1229	1001.29	0	0
XR_007066560.1	16885	16657.3	4.68571e-06	1.26594e-08
XR_007066561.1	16681	16453.3	101.815	0.278483
XR_007066562.1	3996	3768.29	0	0
XR_007066563.1	373	170.281	0	0
XR_007066564.1	5065	4837.29	8.82415	0.0820942
XR_007066565.1	6902	6674.29	15.1653	0.102256
XR_007066566.1	8982	8754.29	0	0
XR_007066567.1	1990	1762.29	0	0
XR_007066568.1	8800	8572.29	2.01921	0.0106005
XR_007066569.1	4315	4087.29	71.1396	0.783281
XR_007066570.1	4874	4646.29	0	0
XR_007066571.1	1771	1543.29	0	0
XR_007066572.1	1026	798.293	0	0
XR_007066574.1	1027	799.293	1	0.0563036
XR_007066575.1	2188	1960.29	0	0
XR_007066576.1	599	373.876	0	0
XR_007066577.1	536	313.414	0	0
XR_007066578.1	279	103.985	0	0
XR_007066579.1	401	192.714	0	0
XR_007066580.1	2727	2499.29	5.52645	0.0995111
XR_007066581.1	1017	789.293	0	0
XR_007066582.1	4584	4356.29	6.42354	0.066359
XR_007066583.1	2330	2102.29	0	0
XR_007066584.1	3155	2927.29	0	0
XR_007066585.1	2130	1902.29	0	0
XR_007066586.1	2022	1794.29	0	0
XR_007066587.1	4908	4680.29	0	0
XR_007066588.1	4831	4603.29	0	0
XR_007066589.1	4854	4626.29	0	0
XR_007066590.1	2278	2050.29	0	0
XR_007066591.1	2145	1917.29	0	0
XR_007066592.1	1929	1701.29	0	0
XR_007066593.1	1335	1107.29	56.87	2.31134
XR_007066594.1	1061	833.293	0	0
XR_007066595.1	1097	869.293	0	0
XR_007066596.1	1071	843.293	0	0
XR_007066597.1	417	206.073	1	0.218384
XR_007066598.1	193	54.7097	0	0
XR_007066600.1	589	364.098	0	0
XR_007066601.1	3044	2816.29	3.91272	0.0625236
XR_007066603.1	1580	1352.29	18.704	0.622452
XR_007066604.1	1868	1640.29	0	0
XR_007066605.1	1920	1692.29	0	0
XR_007066606.1	1644	1416.29	0	0
XR_007066607.1	3967	3739.29	0	0
XR_007066608.1	5042	4814.29	1.48046	0.0138391
XR_007066609.1	5882	5654.29	0	0
XR_007066610.1	3637	3409.29	0	0
XR_007066611.1	5608	5380.29	0	0
XR_007066612.1	6437	6209.29	0	0
XR_007066613.1	3728	3500.29	0	0
XR_007066614.1	6393	6165.29	0	0
XR_007066615.1	5838	5610.29	0	0
XR_007066616.1	3576	3348.29	0	0
XR_007066617.1	4248	4020.29	0	0
XR_007066618.1	2844	2616.29	9.81654	0.168855
XR_007066619.1	804	576.487	4	0.312258
XR_007066620.1	309	123.455	0	0
XR_007066621.1	1978	1750.29	0	0
XR_007066622.1	2061	1833.29	4.10384	0.10074
XR_007066623.1	2446	2218.29	0	0
XR_007066624.1	518	296.555	0	0
XR_007066625.1	2254	2026.29	0	0
XR_007066626.1	276	102.102	1	0.440766
XR_007066627.1	5371	5143.29	19.2028	0.168022
XR_007066628.1	2027	1799.29	31.6587	0.791834
XR_007066629.1	609	383.573	0	0
XR_007066630.1	3252	3024.29	495.453	7.37261
XR_007066631.1	1416	1188.29	0	0
XR_007066632.1	1465	1237.29	1	0.0363722
XR_007066633.1	1229	1001.29	1	0.044945
XR_007066634.1	252	87.2826	0	0
XR_007066635.1	951	723.293	0	0
XR_007066636.1	2715	2487.29	25.9961	0.470352
XR_007066637.1	263	94.0409	0	0
XR_007066638.1	267	96.6399	0	0
XR_007066647.1	2202	1974.29	57.9433	1.32079
XR_007066649.1	7113	6885.29	16.9584	0.110842
XR_007066652.1	607	381.611	0	0
XR_007066653.1	5159	4931.29	0	0
XR_007066654.1	3056	2828.29	0	0
XR_007066655.1	3103	2875.29	0	0
XR_007066656.1	2952	2724.29	0	0
XR_007066657.1	2909	2681.29	0	0
XR_007066658.1	2764	2536.29	0	0
XR_007066659.1	3964	3736.29	0	0
XR_007066660.1	3360	3132.29	0	0
XR_007066661.1	2973	2745.29	0	0
XR_007066662.1	2494	2266.29	0	0
XR_007066663.1	2382	2154.29	0	0
XR_007066664.1	6179	5951.29	5.11195	0.038656
XR_007066665.1	3590	3362.29	15.0785	0.20182
XR_007066666.1	3518	3290.29	0	0
XR_007066667.1	6059	5831.29	7.87663	0.060788
XR_007066668.1	3470	3242.29	31.1535	0.432411
XR_007066669.1	6056	5828.29	16.2394	0.125392
XR_007066670.1	3467	3239.29	107.233	1.48978
XR_007066671.1	1458	1230.29	9	0.329212
XR_007066672.1	1378	1150.29	0	0
XR_007066673.1	1266	1038.29	0.0371554	0.00161044
XR_007066674.1	1263	1035.29	1.96284	0.0853227
XR_007066675.1	7598	7370.29	0	0
XR_007066676.1	4471	4243.29	0	0
XR_007066677.1	575	350.386	4.9999	0.642181
XR_007066678.1	423	211.123	9.59144e-05	2.04452e-05
XR_007066679.1	791	563.487	0	0
XR_007066680.1	3593	3365.29	13.6918	0.183096
XR_007066681.1	3467	3239.29	9.99576	0.13887
XR_007066682.1	2115	1887.29	0	0
XR_007066683.1	2536	2308.29	36	0.701865
XR_007066684.1	465	247.59	0	0
XR_007066685.1	969	741.293	0	0
XR_007066686.1	1127	899.293	0	0
XR_007066687.1	299	117.078	0	0
XR_007066689.1	614	388.495	0	0
XR_007066691.1	1052	824.293	8.65158	0.472341
XR_007066692.1	1870	1642.29	1	0.0274026
XR_007066693.1	1245	1017.29	3.32062	0.146898
XR_007066695.1	3946	3718.29	10	0.121032
XR_007066696.1	956	728.293	0	0
XR_007066697.1	571	346.526	0	0
XR_007066698.1	546	322.964	0	0
XR_007066699.1	522	300.222	0	0
XR_007066700.1	9730	9502.29	0	0
XR_007066701.1	1036	808.293	0	0
XR_007066702.1	1399	1171.29	0	0
XR_007066703.1	359	159.675	1	0.281843
XR_007066704.1	829	601.427	1	0.0748271
XR_007066705.1	6287	6059.29	0	0
XR_007066706.1	5204	4976.29	0	0
XR_007066707.1	148	32.2992	0	0
XR_007066712.1	5642	5414.29	1429.92	11.8854
XR_007066713.1	757	529.648	0	0
XR_007066714.1	993	765.293	0	0
XR_007066715.1	635	409.096	0	0
XR_007066716.1	537	314.382	0	0
XR_007066717.1	770	542.487	0	0
XR_007066718.1	50408	50180.3	57.7447	0.0517871
XR_007066719.1	2298	2070.29	0	0
XR_007066720.1	544	321.029	1	0.140184
XR_007066721.1	1368	1140.29	0	0
XR_007066722.1	2145	1917.29	0	0
XR_007066723.1	1386	1158.29	0	0
XR_007066724.1	1001	773.293	0	0
XR_007066725.1	547	323.768	0	0
XR_007066726.1	2462	2234.29	0	0
XR_007066727.1	526	304.007	0	0
XR_007066728.1	2690	2462.29	3.311	0.0605149
XR_007066729.1	2132	1904.29	0	0
XR_007066730.1	473	255.047	0	0
XR_007066731.1	1214	986.293	1	0.0456285
XR_007066732.1	441	226.512	0	0
XR_007066733.1	357	158.178	0	0
XR_007066734.1	260	92.282	0	0
XR_007066735.1	3217	2989.29	0	0
XR_007066736.1	5374	5146.29	0	0
XR_007066737.1	1147	919.293	0	0
XR_007066738.1	4044	3816.29	9.00024	0.106134
XR_007066739.1	1043	815.293	0	0
XR_007066740.1	722	494.802	2	0.181903
XR_007066741.1	1439	1211.29	1.07272	0.0398548
XR_007066742.1	6527	6299.29	0	0
XR_007066743.1	7188	6960.29	0	0
XR_007066744.1	294	113.843	1	0.39531
XR_007066745.1	5912	5684.29	0	0
XR_007066746.1	2935	2707.29	1	0.0166229
XR_007066747.1	8170	7942.29	7.26719	0.0411778
XR_007066748.1	1876	1648.29	2	0.0546057
XR_007066749.1	276	102.102	0	0
XR_007066750.1	3141	2913.29	0	0
XR_007066751.1	2634	2406.29	0	0
XR_007066752.1	3270	3042.29	0	0
XR_007066753.1	2630	2402.29	0	0
XR_007066754.1	3190	2962.29	0	0
XR_007066755.1	2693	2465.29	0	0
XR_007066756.1	2967	2739.29	0	0
XR_007066757.1	2127	1899.29	1	0.0236946
XR_007066758.1	979	751.293	0	0
XR_007066759.1	1434	1206.29	2.49125	0.092941
XR_007066760.1	9052	8824.29	11.4471	0.058379
XR_007066761.1	3556	3328.29	2.02093	0.0273258
XR_007066762.1	301	118.444	3	1.13986
XR_007066763.1	3950	3722.29	1.00034	0.0120943
XR_007066764.1	1195	967.293	0	0
XR_007066765.1	2829	2601.29	0	0
XR_007066766.1	210	63.8665	0	0
XR_007066767.1	318	129.815	0	0
XR_007066768.1	2474	2246.29	1	0.0200344
XR_007066769.1	807	579.487	0	0
XR_007066770.1	18407	18179.3	18.1875	0.0450235
XR_007066771.1	7214	6986.29	21.0245	0.135432
XR_007066772.1	238	79.3455	1	0.567179
XR_007066773.1	708	480.9	6	0.561486
XR_007066774.1	387	181.366	0	0
XR_007066775.1	344	148.132	0	0
XR_007066776.1	1775	1547.29	1.00311	0.0291754
XR_007066777.1	6319	6091.29	2.00571	0.0148184
XR_007066778.1	1053	825.293	4.02145	0.219289
XR_007066779.1	5308	5080.29	7.24423	0.064172
XR_007066780.1	389	182.969	0	0
XR_007066781.1	363	162.855	0	0
XR_007066782.1	6702	6474.29	16	0.111217
XR_007066783.1	4190	3962.29	23.3381	0.26507
XR_007066784.1	2461	2233.29	403.874	8.13846
XR_007066788.1	231	75.3292	0	0
XR_007066789.1	18210	17982.3	99.5134	0.249045
XR_007066790.1	30628	30400.3	68.0037	0.100669
XR_007066791.1	4059	3831.29	2.39161	0.0280923
XR_007066792.1	3501	3273.29	0	0
XR_007066793.1	405	196.152	6	1.37658
XR_007066794.1	1577	1349.29	7.57712	0.25272
XR_007066795.1	1555	1327.29	127.563	4.32515
XR_007066796.1	2892	2664.29	0	0
XR_007066797.1	558	334.107	0	0
XR_007066798.1	6688	6460.29	3.00222	0.0209138
XR_007066799.1	1186	958.293	0	0
XR_007066800.1	1141	913.293	0	0
XR_007066801.1	1138	910.293	0	0
XR_007066802.1	947	719.293	0	0
XR_007066803.1	902	674.361	0	0
XR_007066804.1	827	599.427	0	0
XR_007066805.1	854	626.427	0	0
XR_007066806.1	11978	11750.3	10.435	0.0399655
XR_007066807.1	11897	11669.3	0	0
XR_007066808.1	11710	11482.3	0	0
XR_007066809.1	647	420.888	0	0
XR_007066810.1	3791	3563.29	1.10864	0.0140017
XR_007066811.1	1934	1706.29	0	0
XR_007066812.1	2094	1866.29	3.73278	0.0900108
XR_007066813.1	1906	1678.29	0	0
XR_007066814.1	28214	27986.3	15.4255	0.0248048
XR_007066815.1	27141	26913.3	0	0
XR_007066816.1	24147	23919.3	7.04146	0.0132482
XR_007066817.1	17883	17655.3	0	0
XR_007066818.1	17458	17230.3	0	0
XR_007066819.1	11684	11456.3	1.28854	0.00506169
XR_007066820.1	13332	13104.3	0	0
XR_007066821.1	11673	11445.3	0	0
XR_007066822.1	302	119.035	0	0
XR_007066823.1	1732	1504.29	0	0
XR_007066824.1	3367	3139.29	8.43983e-06	1.20988e-07
XR_007066825.1	640	414.014	1.82908	0.19882
XR_007066826.1	2301	2073.29	0	0
XR_007066827.1	2211	1983.29	12.931	0.293417
XR_007066829.1	982	754.293	0	0
XR_007066830.1	2244	2016.29	1	0.0223197
XR_007066831.1	3334	3106.29	3.001	0.0434776
XR_007066832.1	1798	1570.29	0	0
XR_007066833.1	2230	2002.29	3	0.0674273
XR_007066834.1	1245	1017.29	0	0
XR_007066835.1	6502	6274.29	6.24245	0.0447747
XR_007066836.1	519	297.525	0	0
XR_007066837.1	3897	3669.29	0	0
XR_007066838.1	3796	3568.29	0	0
XR_007066839.1	7586	7358.29	5.62144	0.0343805
XR_007066840.1	4934	4706.29	0	0
XR_007066841.1	3542	3314.29	0	0
XR_007066843.1	7673	7445.29	5.64003e-07	3.40912e-09
XR_007066847.1	295	114.56	2	0.785669
XR_007066848.1	380	175.793	0	0
XR_007066849.1	285	107.918	0	0
XR_007066850.1	303	119.67	0	0
XR_007066851.1	5928	5700.29	1.00412	0.00792739
XR_007066852.1	3155	2927.29	3.19912	0.0491821
XR_007066854.1	556	332.141	0	0
XR_007066855.1	1699	1471.29	85.2083	2.6063
XR_007066856.1	609	383.573	0	0
XR_007066857.1	1778	1550.29	11.1768	0.324448
XR_007066858.1	1910	1682.29	0	0
XR_007066859.1	1644	1416.29	0	0
XR_007066860.1	1565	1337.29	3.42588e-05	1.15289e-06
XR_007066861.1	700	472.947	0	0
XR_007066862.1	587	362.135	0	0
XR_007066863.1	475	257.02	0	0
XR_007066865.1	483	264.32	0	0
XR_007066866.1	2464	2236.29	0	0
XR_007066867.1	10640	10412.3	111.97	0.483948
XR_007066868.1	5749	5521.29	14.1486	0.115323
XR_007066869.1	2646	2418.29	0	0
XR_007066870.1	1286	1058.29	15.6858	0.667025
XR_007066874.1	1909	1681.29	1.05804	0.0283206
XR_007066875.1	1983	1755.29	1	0.0256385
XR_007066876.1	6250	6022.29	14.9577	0.111775
XR_007066877.1	892	664.361	103	6.97711
XR_007066878.1	2013	1785.29	25	0.630192
XR_007066879.1	2202	1974.29	29.1011	0.663345
XR_007066880.1	7371	7143.29	0	0
XR_007066881.1	717	489.852	0	0
XR_007066882.1	593	367.988	2	0.24459
XR_007066883.1	271	99.0818	0	0
XR_007066884.1	3441	3213.29	11.8998	0.166659
XR_007066885.1	2605	2377.29	3.5513	0.0672274
XR_007066886.1	2427	2199.29	7.00148	0.143268
XR_007066887.1	260	92.282	0	0
XR_007066888.1	258	91.0962	0.416644	0.205829
XR_007066889.1	164	39.7643	1.3548	1.53329
XR_007066890.1	824	596.427	0	0
XR_007066891.1	415	204.487	0	0
XR_007066892.1	2748	2520.29	1.35364	0.024171
XR_007066893.1	1432	1204.29	0	0
XR_007066894.1	1250	1022.29	0	0
XR_007066895.1	1514	1286.29	0	0
XR_007066896.1	2078	1850.29	9.2047	0.223878
XR_007066897.1	1475	1247.29	2.08725	0.0753093
XR_007066898.1	3543	3315.29	6	0.0814463
XR_007066899.1	3946	3718.29	4.86291	0.0588566
XR_007066900.1	1476	1248.29	2	0.0721034
XR_007066903.1	925	697.293	0	0
XR_007066904.1	1590	1362.29	54.4935	1.80018
XR_007066905.1	722	494.802	0	0
XR_007066907.1	246	83.7785	0	0
XR_007066908.1	4483	4255.29	0	0
XR_007066909.1	1532	1304.29	3.03762	0.104809
XR_007066910.1	8822	8594.29	0	0
XR_007066911.1	1355	1127.29	2	0.0798427
XR_007066912.1	1172	944.293	9	0.428922
XR_007066913.1	3293	3065.29	9.73322	0.142898
XR_007066914.1	4924	4696.29	1	0.00958268
XR_007066915.1	4984	4756.29	2.76126e-08	2.61265e-10
XR_007066916.1	4506	4278.29	27.4172	0.2884
XR_007066917.1	13085	12857.3	103.34	0.361709
XR_007066918.1	3037	2809.29	23.7247	0.380054
XR_007066919.1	3464	3236.29	1.09657	0.0152486
XR_007066920.1	2289	2061.29	25.0596	0.547113
XR_007066921.1	3866	3638.29	0	0
XR_007066924.1	335	141.797	0	0
XR_007066925.1	2465	2237.29	0	0
XR_007066926.1	1463	1235.29	0	0
XR_007066927.1	1625	1397.29	3.5321	0.11376
XR_007066928.1	1441	1213.29	11.4679	0.425364
XR_007066929.1	474	256.047	0	0
XR_007066930.1	989	761.293	0	0
XR_007066931.1	3022	2794.29	2	0.0322107
XR_007066932.1	3187	2959.29	20.5297	0.312203
XR_007066933.1	3240	3012.29	0	0
XR_007066934.1	2014	1786.29	2	0.0503871
XR_007066935.1	2063	1835.29	0	0
XR_007066936.1	3238	3010.29	0	0
XR_007066937.1	401	192.714	0	0
XR_007066938.1	1308	1080.29	0	0
XR_007066939.1	1413	1185.29	3	0.113904
XR_007066940.1	5029	4801.29	1.03971	0.00974528
XR_007066941.1	7730	7502.29	11.0096	0.066042
XR_007066942.1	3717	3489.29	1	0.0128975
XR_007066943.1	1026	798.293	0	0
XR_007066944.1	10371	10143.3	0	0
XR_007066945.1	5963	5735.29	0	0
XR_007066946.1	5550	5322.29	0.0997661	0.000843581
XR_007066947.1	5442	5214.29	4.01065	0.0346148
XR_007066948.1	1610	1382.29	0	0
XR_007066949.1	2422	2194.29	0	0
XR_007066950.1	490	270.61	2	0.332605
XR_007066952.1	1781	1553.29	0	0
XR_007066953.1	4957	4729.29	48	0.456759
XR_007066954.1	1115	887.293	0	0
XR_007066956.1	438	223.888	1.56377	0.31433
XR_007066957.1	482	263.537	0	0
XR_007066958.1	795	567.487	0	0
XR_007066959.1	483	264.32	0	0
XR_007066960.1	2671	2443.29	5.04942	0.0930054
XR_007066961.1	1240	1012.29	7	0.311196
XR_007066962.1	1744	1516.29	1	0.0296797
XR_007066963.1	12916	12688.3	12.1729	0.0431751
XR_007066964.1	754	526.701	0	0
XR_007066965.1	2356	2128.29	0	0
XR_007066966.1	5224	4996.29	3.32936	0.0299885
XR_007066967.1	1561	1333.29	0	0
XR_007066968.1	335	141.797	0	0
XR_007066969.1	335	141.797	0	0
XR_007066970.1	1898	1670.29	0	0
XR_007066971.1	1690	1462.29	0	0
XR_007066972.1	164	39.7643	1.3548	1.53329
XR_007066973.1	3316	3088.29	0	0
XR_007066974.1	3259	3031.29	4	0.0593847
XR_007066975.1	2146	1918.29	0	0
XR_007066976.1	14601	14373.3	398.796	1.24864
XR_007066978.1	29925	29697.3	71.9722	0.109066
XR_007066979.1	11898	11670.3	46.4953	0.179296
XR_007066980.1	8921	8693.29	4.25519	0.0220281
XR_007066981.1	9088	8860.29	14.6097	0.0742054
XR_007066982.1	29829	29601.3	2.31353e-06	3.51728e-09
XR_007066983.1	837	609.427	0	0
XR_007066984.1	7330	7102.29	1.58665	0.0100537
XR_007066985.1	10476	10248.3	10.1806	0.044706
XR_007066986.1	7720	7492.29	5.94083	0.0356841
XR_007066988.1	4210	3982.29	8.91478	0.100744
XR_007066989.1	773	545.487	0	0
XR_007066990.1	2009	1781.29	2	0.0505286
XR_007066991.1	909	681.293	1	0.0660554
XR_007066992.1	24214	23986.3	9.19375	0.0172493
XR_007066993.1	6721	6493.29	10.1115	0.0700801
XR_007066994.1	12839	12611.3	0	0
XR_007066995.1	24211	23983.3	10.9136	0.0204786
XR_007066996.1	10596	10368.3	20.5645	0.089259
XR_007066997.1	10409	10181.3	0	0
XR_007066998.1	10256	10028.3	0	0
XR_007066999.1	9273	9045.29	11.4687	0.0570603
XR_007067002.1	1351	1123.29	0	0
XR_007067003.1	3439	3211.29	0	0
XR_007067004.1	573	348.421	3	0.387489
XR_007067005.1	397	189.558	0	0
XR_007067006.1	4202	3974.29	2.90215	0.0328626
XR_007067007.1	2450	2222.29	0	0
XR_007067008.1	1437	1209.29	6.00027	0.223296
XR_007067009.1	596	370.951	0	0
XR_007067010.1	2929	2701.29	0.828585	0.0138041
XR_007067011.1	2926	2698.29	3.80157	0.063404
XR_007067012.1	3236	3008.29	0	0
XR_007067013.1	2585	2357.29	0.0034386	6.56463e-05
XR_007067014.1	3407	3179.29	0	0
XR_007067015.1	1917	1689.29	7.19208	0.191598
XR_007067016.1	2420	2192.29	42.0761	0.863732
XR_007067018.1	2468	2240.29	0	0
XR_007067019.1	9885	9657.29	79.7429	0.371603
XR_007067020.1	4052	3824.29	0	0
XR_007067021.1	4036	3808.29	0	0
XR_007067022.1	1579	1351.29	0	0
XR_007067023.1	4944	4716.29	54.7909	0.522818
XR_007067024.1	4917	4689.29	0.000198822	1.90809e-06
XR_007067025.1	304	120.29	0	0
XR_007067026.1	1413	1185.29	1	0.0379679
XR_007067027.1	2642	2414.29	0	0
XR_007067028.1	2577	2349.29	11.6534	0.223234
XR_007067029.1	1571	1343.29	4.19798	0.140641
XR_007067030.1	548	324.67	0	0
XR_007067031.1	664	437.717	6	0.616879
XR_007067032.1	425	212.877	0	0
XR_007067033.1	3955	3727.29	3.20701	0.0387212
XR_007067034.1	2168	1940.29	4	0.0927758
XR_007067035.1	243	81.9846	0	0
XR_007067036.1	182	48.9193	0	0
XR_007067037.1	487	267.803	0	0
XR_007067038.1	486	266.912	0	0
XR_007067039.1	1432	1204.29	0	0
XR_007067040.1	2042	1814.29	0	0
XR_007067041.1	1542	1314.29	5	0.171206
XR_007067042.1	1092	864.293	0	0
XR_007067043.1	999	771.293	0	0
XR_007067044.1	287	109.221	0	0
XR_007067045.1	22676	22448.3	7.59522	0.0152265
XR_007067046.1	2724	2496.29	0	0
XR_007067047.1	346	149.65	1	0.300721
XR_007067048.1	1301	1073.29	0	0
XR_007067049.1	1461	1233.29	0	0
XR_007067050.1	235	77.5231	0	0
XR_007067051.1	1502	1274.29	0	0
XR_007067052.1	4015	3787.29	1.00026	0.0118857
XR_007067053.1	229	74.1994	0	0
XR_007067054.1	4032	3804.29	0	0
XR_007067055.1	470	252.282	0	0
XR_007067056.1	3337	3109.29	23.6785	0.342717
XR_007067057.1	1205	977.293	2.82553	0.130112
XR_007067058.1	2262	2034.29	0.698798	0.015459
XR_007067059.1	4863	4635.29	210.856	2.04716
XR_007067060.1	4896	4668.29	0.0125908	0.000121377
XR_007067061.1	3854	3626.29	40.4271	0.501709
XR_007067062.1	1427	1199.29	0	0
XR_007067063.1	4792	4564.29	47.5456	0.468791
XR_007067064.1	3912	3684.29	0	0
XR_007067065.1	1685	1457.29	0	0
XR_007067066.1	1425	1197.29	0	0
XR_007067067.1	2453	2225.29	28.545	0.577277
XR_007067068.1	1735	1507.29	0	0
XR_007067069.1	1793	1565.29	0	0
XR_007067070.1	1536	1308.29	0	0
XR_007067071.1	3702	3474.29	0	0
XR_007067072.1	745	517.701	11	0.956216
XR_007067073.1	2370	2142.29	9.02403	0.189568
XR_007067079.1	2366	2138.29	11	0.231509
XR_007067080.1	2414	2186.29	0	0
XR_007067082.1	1654	1426.29	12.8415	0.405182
XR_007067083.1	801	573.487	5	0.392364
XR_007067084.1	576	351.35	5.00404	0.640948
XR_007067085.1	481	262.672	0	0
XR_007067086.1	2216	1988.29	65.068	1.47275
XR_007067087.1	2739	2511.29	8.94786	0.160348
XR_007067088.1	1790	1562.29	0	0
XR_007067089.1	432	218.698	8	1.64622
XR_007067090.1	1457	1229.29	0	0
XR_007067091.1	164	39.7643	1.38939	1.57244
XR_007067092.1	1991	1763.29	5.56754	0.142096
XR_007067093.1	832	604.427	0	0
XR_007067094.1	659	432.717	0	0
XR_007067095.1	1007	779.293	0	0
XR_007067096.1	879	651.427	0	0
XR_007067097.1	517	295.585	2.00942	0.305935
XR_007067099.1	4109	3881.29	45.013	0.52192
XR_007067100.1	1826	1598.29	85.1269	2.39692
XR_007067101.1	2142	1914.29	42.4052	0.996904
XR_007067102.1	631	405.178	0	0
XR_007067103.1	558	334.107	4	0.538786
XR_007067105.1	858	630.427	0	0
XR_007067106.1	361	161.348	0	0
XR_007067107.1	3257	3029.29	10	0.14856
XR_007067109.1	330	138.255	8	2.60407
XR_007067110.1	1647	1419.29	3.08226	0.0977327
XR_007067111.1	299	117.078	0	0
XR_007067112.1	162	38.7685	0	0
XR_007067117.1	497	277.191	0	0
XR_007067118.1	2259	2031.29	2.02007	0.0447543
XR_007067120.1	670	443.585	0	0
XR_007067121.1	855	627.427	2.00447	0.143773
XR_007067122.1	900	672.361	0	0
XR_007067123.1	748	520.701	3.52461	0.304625
XR_007067124.1	911	683.293	2.75662	0.181557
XR_007067125.1	933	705.293	1.70964	0.109088
XR_007067126.1	1117	889.293	7.5504	0.382092
XR_007067127.1	979	751.293	4.50927	0.270109
XR_007067128.1	2375	2147.29	16.3044	0.341709
XR_007067129.1	2167	1939.29	0	0
XR_007067130.1	336	142.48	0.493629	0.155916
XR_007067131.1	1498	1270.29	4.5146	0.15994
XR_007067132.1	162	38.7685	0	0
XR_007067133.1	6625	6397.29	40.1385	0.282363
XR_007067134.1	844	616.427	0	0
XR_007067135.1	439	224.747	0	0
XR_007067136.1	160	37.9606	0.991058	1.17492
XR_007067137.1	635	409.096	0	0
XR_007067138.1	516	294.675	0	0
XR_007067139.1	1804	1576.29	3.08581	0.0880997
XR_007067140.1	353	154.998	0	0
XR_007067141.1	295	114.56	3	1.1785
XR_007067142.1	2542	2314.29	0	0
XR_007067143.1	1678	1450.29	2.40907	0.0747542
XR_007067144.1	1234	1006.29	1	0.0447216
XR_007067145.1	941	713.293	2.15395	0.135897
XR_007067146.1	369	167.159	2.84951	0.767153
XR_007067147.1	1667	1439.29	1.22034	0.038157
XR_007067149.1	2342	2114.29	26.6306	0.566838
XR_007067150.1	2110	1882.29	4.06535	0.0971971
XR_007067151.1	937	709.293	0	0
XR_007067152.1	845	617.427	2.43353	0.177375
XR_007067153.1	372	169.412	0	0
XR_007067154.1	1512	1284.29	11.2485	0.394161
XR_007067155.1	1570	1342.29	2.00883	0.0673501
XR_007067156.1	2200	1972.29	7.00324	0.159797
XR_007067157.1	430	216.949	0	0
XR_007067158.1	395	187.965	2	0.478846
XR_007067159.1	197	56.9235	0	0
XR_007067160.1	769	541.541	0	0
XR_007067161.1	369	167.159	0	0
XR_007067162.1	344	148.132	0	0
XR_007067163.1	732	504.753	3.42829	0.305662
XR_007067164.1	14865	14637.3	219.477	0.674793
XR_007067165.1	323	133.485	5	1.6857
XR_007067166.1	674	447.496	0	0
XR_007067167.1	648	421.846	4	0.426725
XR_007067168.1	4602	4374.29	19.3241	0.198808
XR_007067169.1	4971	4743.29	0	0
XR_007067170.1	5662	5434.29	8	0.0662505
XR_007067171.1	155	35.6229	0	0
XR_007067172.1	210	63.8665	0	0
XR_007067174.1	3552	3324.29	0	0
XR_007067175.1	214	65.919	0	0
XR_007067176.1	2873	2645.29	0	0
XR_007067177.1	3616	3388.29	0	0
XR_007067178.1	3463	3235.29	0	0
XR_007067179.1	2739	2511.29	0	0
XR_007067180.1	3010	2782.29	6.00787	0.0971762
XR_007067181.1	6656	6428.29	0	0
XR_007067182.1	3987	3759.29	26.2352	0.314066
XR_007067183.1	216	66.8958	0	0
XR_007067184.1	2816	2588.29	0	0
XR_007067185.1	2311	2083.29	0	0
XR_007067186.1	2698	2470.29	0	0
XR_007067187.1	2573	2345.29	0	0
XR_007067188.1	2322	2094.29	0	0
XR_007067189.1	2754	2526.29	0	0
XR_007067190.1	2095	1867.29	0	0
XR_007067191.1	2290	2062.29	0	0
XR_007067192.1	2668	2440.29	0	0
XR_007067193.1	2514	2286.29	0	0
XR_007067194.1	3505	3277.29	1.06631	0.0146423
XR_007067195.1	2507	2279.29	0	0
XR_007067196.1	2313	2085.29	2	0.0431624
XR_007067197.1	2973	2745.29	0	0
XR_007067198.1	2354	2126.29	0	0
XR_007067199.1	2062	1834.29	5.88448	0.144372
XR_007067200.1	2262	2034.29	0	0
XR_007067201.1	2476	2248.29	0	0
XR_007067202.1	2441	2213.29	0	0
XR_007067203.1	599	373.876	0	0
XR_007067204.1	4672	4444.29	9.18667	0.0930246
XR_007067205.1	1186	958.293	6.00571	0.282038
XR_007067206.1	320	131.369	1	0.342571
XR_007067207.1	244	82.6579	0	0
XR_007067208.1	471	253.178	1	0.177753
XR_007067209.1	2174	1946.29	0	0
XR_007067210.1	920	692.293	1	0.0650058
XR_007067211.1	1311	1083.29	0	0
XR_007067212.1	1173	945.293	1	0.0476075
XR_007067213.1	1631	1403.29	0	0
XR_007067215.1	2050	1822.29	0	0
XR_007067216.1	4066	3838.29	1.26756	0.0148619
XR_007067217.1	5143	4915.29	0	0
XR_007067218.1	3636	3408.29	0	0
XR_007067219.1	5050	4822.29	0	0
XR_007067220.1	4870	4642.29	0	0
XR_007067221.1	4576	4348.29	0	0
XR_007067222.1	4130	3902.29	0	0
XR_007067223.1	4192	3964.29	0	0
XR_007067224.1	1499	1271.29	1	0.0353995
XR_007067225.1	386	180.662	0	0
XR_007067226.1	1593	1365.29	2.10422	0.0693596
XR_007067227.1	3762	3534.29	39.7721	0.506428
XR_007067228.1	3564	3336.29	8.33846	0.112477
XR_007067229.1	6232	6004.29	4	0.0299806
XR_007067230.1	802	574.487	0	0
XR_007067232.1	539	316.223	0	0
XR_007067233.1	104	15.9806	0	0
XR_007067234.1	771	543.487	0	0
XR_007067235.1	4608	4380.29	7	0.0719179
XR_007067236.1	478	259.941	0	0
XR_007067237.1	708	480.9	0	0
XR_007067238.1	2834	2606.29	8	0.138137
XR_007067239.1	104	15.9806	0	0
XR_007067242.1	1657	1429.29	0	0
XR_007067243.1	244	82.6579	0	0
XR_007067245.1	765	537.541	1	0.0837203
XR_007067246.1	5472	5244.29	12.6268	0.108355
XR_007067247.1	104	15.9806	0.333333	0.938704
XR_007067248.1	4726	4498.29	11.6731	0.116783
XR_007067250.1	541	318.158	0	0
XR_007067251.1	3467	3239.29	6	0.0833572
XR_007067252.1	3534	3306.29	82.4756	1.1226
XR_007067253.1	2215	1987.29	33.1539	0.750783
XR_007067254.1	1160	932.293	2.00075	0.096579
XR_007067255.1	2372	2144.29	16.1037	0.337974
XR_007067256.1	1773	1545.29	2.00038	0.0582564
XR_007067257.1	1757	1529.29	46.1271	1.3574
XR_007067258.1	316	128.304	0	0
XR_007067259.1	298	116.438	1	0.386498
XR_007067260.1	1150	922.293	0	0
XR_007067261.1	337	143.078	0	0
XR_007067262.1	2355	2127.29	40.3563	0.853742
XR_007067263.1	1739	1511.29	2.24544	0.0668644
XR_007067264.1	1011	783.293	23.071	1.32551
XR_007067266.1	2015	1787.29	10.0731	0.253635
XR_007067267.1	1212	984.293	4	0.182885
XR_007067268.1	2680	2452.29	23.8159	0.437055
XR_007067269.1	1428	1200.29	7.01944	0.263183
XR_007067270.1	1076	848.293	0	0
XR_007067273.1	161	38.3931	0	0
XR_007067274.1	103	15.7909	0	0
XR_007067275.1	5442	5214.29	219.238	1.89218
XR_007067276.1	1245	1017.29	87.7414	3.88151
XR_007067277.1	5425	5197.29	14.9027	0.129042
XR_007067278.1	871	643.427	2	0.139886
XR_007067279.1	297	115.768	5	1.94368
XR_007067280.1	323	133.485	0	0
XR_007067281.1	261	92.9009	3	1.45326
XR_007067282.1	153	34.6374	0	0
XR_007067283.1	62	19.3947	0.5	1.16019
XR_007067284.1	1243	1015.29	35.0314	1.55278
XR_007067286.1	475	257.02	1	0.175095
XR_007067287.1	1225	997.293	8.21857	0.370865
XR_007067288.1	2501	2273.29	37.2731	0.737875
XR_007067289.1	638	412.014	0	0
XR_007067290.1	758	530.648	12.5537	1.06466
XR_007067291.1	2226	1998.29	15.0385	0.338678
XR_007067292.1	1050	822.293	2.98282	0.163246
XR_007067293.1	2004	1776.29	0	0
XR_007067294.1	1892	1664.29	5	0.135202
XR_007067295.1	1911	1683.29	0	0
XR_007067296.1	62	19.3947	0	0
XR_007067297.1	325	134.886	0	0
XR_007067298.1	802	574.487	0	0
XR_007067299.1	873	645.427	0	0
XR_007067300.1	957	729.293	0	0
XR_007067301.1	1111	883.293	0	0
XR_007067302.1	768	540.541	0	0
XR_007067303.1	659	432.717	0	0
XR_007067304.1	932	704.293	0	0
XR_007067305.1	961	733.293	0	0
XR_007067306.1	549	325.637	0	0
XR_007067307.1	62	19.3947	0	0
XR_007067308.1	799	571.487	0	0
XR_007067309.1	729	501.753	0	0
XR_007067310.1	206	61.8005	0	0
XR_007067311.1	1152	924.293	0	0
XR_007067312.1	1165	937.293	0	0
XR_007067313.1	562	337.904	0	0
XR_007067314.1	801	573.487	0	0
XR_007067315.1	1415	1187.29	0	0
XR_007067316.1	1374	1146.29	3.60163	0.141399
XR_007067317.1	917	689.293	0	0
XR_007067318.1	1089	861.293	0	0
XR_007067319.1	737	509.753	1.44461	0.127537
XR_007067320.1	911	683.293	0	0
XR_007067321.1	1501	1273.29	0	0
XR_007067322.1	427	214.584	12.4124	2.60316
XR_007067323.1	1421	1193.29	14.3152	0.539876
XR_007067324.1	62	19.3947	0	0
XR_007067326.1	871	643.427	0	0
XR_007067327.1	2206	1978.29	2.38928	0.0543524
XR_007067328.1	1341	1113.29	5.04518	0.203943
XR_007067329.1	689	462.088	4.00162	0.389721
XR_007067330.1	1083	855.293	0	0
XR_007067331.1	1369	1141.29	4.17617	0.164673
XR_007067332.1	949	721.293	0	0
XR_007067333.1	1458	1230.29	1	0.0365792
XR_007067334.1	1550	1322.29	0	0
XR_007067335.1	2050	1822.29	3.06	0.0755693
XR_007067336.1	1077	849.293	0	0
XR_007067339.1	1948	1720.29	9	0.235441
XR_007067341.1	978	750.293	0	0
XR_007067342.1	64	17.5957	0	0
XR_007067343.1	706	478.9	0	0
XR_007067344.1	1442	1214.29	0	0
XR_007067345.1	1649	1421.29	0	0
XR_007067346.1	1451	1223.29	1	0.0367885
XR_007067347.1	152	34.1384	0	0
XR_007067348.1	1349	1121.29	5	0.200675
XR_007067349.1	1386	1158.29	8	0.310823
XR_007067350.1	5766	5538.29	6.22871	0.0506133
XR_007067351.1	374	171.054	0	0
XR_007067352.1	224	71.1275	2	1.26542
XR_007067353.1	128	23.852	0	0
XR_007067354.1	1354	1126.29	5.52176	0.220632
XR_007067355.1	488	268.748	0	0
XR_007067356.1	92	14.5444	0	0
XR_007067357.1	423	211.123	0	0
XR_007067358.1	1807	1579.29	17.0648	0.486274
XR_007067359.1	275	101.511	1	0.443332
XR_007067360.1	1818	1590.29	1.0154	0.0287344
XR_007067364.1	2200	1972.29	2	0.0456353
XR_007067365.1	77	15.2645	0	0
XR_007067366.1	1816	1588.29	5.45484	0.154559
XR_007067367.1	6860	6632.29	2	0.0135709
XR_007067368.1	132	25.5516	0	0
XR_007067369.1	127	23.5955	0	0
XR_007067370.1	3749	3521.29	14	0.178924
XR_007067371.1	130	24.5498	0	0
XR_007067372.1	883	655.427	0	0
XR_007067373.1	718	490.852	0	0
XR_007067374.1	820	592.487	0	0
XR_007067375.1	785	557.487	0	0
XR_007067376.1	2189	1961.29	0	0
XR_007067377.1	5363	5135.29	31.8712	0.279303
XR_007067378.1	104	15.9806	0	0
XR_007067379.1	104	15.9806	1	2.81611
XR_007067380.1	103	15.7909	0	0
XR_007067381.1	102	15.661	0	0
XR_007067382.1	86	16.0191	0	0
XR_007067383.1	212	64.9181	0	0
XR_007067384.1	212	64.9181	0	0
XR_007067385.1	141	29.0088	0	0
XR_007067386.1	141	29.0088	0	0
XR_007067387.1	68	17.931	0	0
XR_007067388.1	83	15.7086	0	0
XR_007067389.1	84	15.6223	0	0
XR_007067390.1	135	26.7198	0	0
XR_007067391.1	133	26.0376	0	0
XR_007067392.1	108	17.4905	0	0
XR_007067393.1	134	26.2749	0	0
XR_007067394.1	137	27.4645	0	0
XR_007067395.1	136	27.1284	3	4.97668
XR_007067396.1	130	24.5498	1	1.83313
XR_007067397.1	187	51.766	0	0
XR_007067398.1	184	49.9056	0	0
XR_007067399.1	122	21.8712	0	0
XR_007067400.1	130	24.5498	0	0
XR_007067401.1	122	21.8712	0	0
XR_007067402.1	122	21.8712	0	0
XR_007067403.1	67	17.5357	0	0
XR_007067404.1	75	15.9406	0	0
XR_007067405.1	125	22.885	0	0
XR_007067406.1	101	15.5262	12	34.7822
XR_007067407.1	104	15.9806	0	0
XR_007067408.1	104	15.9806	0	0
XR_007067409.1	104	15.9806	0	0
XR_007067410.1	104	15.9806	0	0
XR_007067411.1	101	15.5262	0	0
XR_007067412.1	105	16.2206	0	0
XR_007067413.1	102	15.661	0	0
XR_007067414.1	104	15.9806	0	0
XR_007067415.1	104	15.9806	0	0
XR_007067416.1	104	15.9806	0	0
XR_007067417.1	104	15.9806	4	11.2644
XR_007067418.1	104	15.9806	0	0
XR_007067419.1	104	15.9806	0	0
XR_007067420.1	103	15.7909	0	0
XR_007067421.1	102	15.661	0	0
XR_007067422.1	107	17.0159	0	0
XR_007067423.1	104	15.9806	0	0
XR_007067424.1	103	15.7909	0	0
XR_007067425.1	105	16.2206	0	0
XR_007067426.1	104	15.9806	0	0
XR_007067427.1	102	15.661	0	0
XR_007067428.1	101	15.5262	0	0
XR_007067429.1	107	17.0159	0	0
XR_007067430.1	102	15.661	0	0
XR_007067431.1	101	15.5262	0	0
XR_007067432.1	100	15.2776	2	5.89139
XR_007067433.1	101	15.5262	0	0
XR_007067434.1	99	15.1945	0	0
XR_007067435.1	101	15.5262	0	0
XR_007067436.1	104	15.9806	0	0
XR_007067437.1	105	16.2206	0	0
XR_007067438.1	100	15.2776	0	0
XR_007067439.1	99	15.1945	0	0
XR_007067440.1	107	17.0159	0	0
XR_007067441.1	5345	5117.29	0	0
XR_007067442.1	104	15.9806	0	0
XR_007067443.1	129	24.2036	1	1.85936
XR_007067444.1	1213	985.293	11.0869	0.506391
XR_007067445.1	4144	3916.29	1.01696	0.0116862
XR_007067446.1	3097	2869.29	10.2274	0.160411
XR_007067447.1	889	661.427	38.946	2.64986
XR_007067448.1	3871	3643.29	163.722	2.02235
XR_007067449.1	7390	7162.29	0.0808162	0.000507796
XR_007067450.1	1943	1715.29	5.62562	0.147596
XR_007067451.1	1886	1658.29	0	0
XR_007067452.1	1837	1609.29	0	0
XR_007067453.1	1594	1366.29	0	0
XR_007067454.1	1372	1144.29	0	0
XR_007067457.1	981	753.293	63.35	3.78464
XR_007067458.1	893	665.361	0	0
XR_007067459.1	2367	2139.29	4.13032	0.0868872
XR_007067460.1	2364	2136.29	0	0
XR_007067461.1	2342	2114.29	317.288	6.75354
XR_007067462.1	2878	2650.29	9.54472	0.162073
XR_007067463.1	35426	35198.3	35.6912	0.0456333
XR_007067464.1	7180	6952.29	8.36097	0.0541217
XR_007067465.1	3069	2841.29	363.474	5.75705
XR_007067466.1	3088	2860.29	11.5293	0.181398
XR_007067467.1	3063	2835.29	1.0848	0.0172184
XR_007067468.1	2668	2440.29	8.20908	0.151389
XR_007067470.1	10068	9840.29	0	0
XR_007067471.1	11183	10955.3	17.9562	0.0737619
XR_007067472.1	6041	5813.29	0	0
XR_007067473.1	5535	5307.29	0	0
XR_007067474.1	1732	1504.29	0	0
XR_007067475.1	1685	1457.29	15.2974	0.472404
XR_007067476.1	2711	2483.29	52.4657	0.950802
XR_007067477.1	1798	1570.29	0	0
XR_007067478.1	3220	2992.29	0	0
XR_007067479.1	1636	1408.29	0	0
XR_007067480.1	1576	1348.29	0	0
XR_007067481.1	2995	2767.29	12.7924	0.208037
XR_007067482.1	597	371.913	6.52867	0.789997
XR_007067483.1	5547	5319.29	0	0
XR_007067484.1	702	474.947	0	0
XR_007067485.1	2346	2118.29	3.09237	0.0656973
XR_007067486.1	4536	4308.29	8	0.0835655
XR_007067487.1	1270	1042.29	1	0.043177
XR_007067488.1	4878	4650.29	50.5291	0.488994
XR_007067489.1	1596	1368.29	0	0
XR_007067490.1	4838	4610.29	0	0
XR_007067491.1	4787	4559.29	3.82327	0.0377381
XR_007067492.1	474	256.047	0	0
XR_007067493.1	325	134.886	0	0
XR_007067495.1	2462	2234.29	0	0
XR_007067496.1	1682	1454.29	0	0
XR_007067497.1	1040	812.293	0	0
XR_007067498.1	702	474.947	0	0
XR_007067499.1	21549	21321.3	62.1002	0.131076
XR_007067500.1	499	279.049	0	0
XR_007067501.1	632	406.137	1	0.110808
XR_007067502.1	1024	796.293	11.8965	0.672337
XR_007067503.1	849	621.427	3	0.217257
XR_007067504.1	5520	5292.29	4	0.0340141
XR_007067505.1	2077	1849.29	8	0.194682
XR_007067506.1	1728	1500.29	0	0
XR_007067507.1	596	370.951	0	0
XR_007067508.1	480	261.78	0	0
XR_007067509.1	246	83.7785	0	0
XR_007067510.1	440	225.63	3	0.598367
XR_007067511.1	559	335.04	1	0.134322
XR_007067512.1	416	205.291	0	0
XR_007067513.1	714	486.852	0	0
XR_007067518.1	96271	96043.3	79.345	0.0371788
XR_007067519.1	11809	11581.3	8.17629	0.0317718
XR_007067520.1	518	296.555	0	0
XR_007067521.1	224	71.1275	0	0
XR_007067522.1	442	227.417	0	0
XR_007067523.1	2036	1808.29	0	0
XR_007067524.1	4024	3796.29	1	0.0118545
XR_007067525.1	2143	1915.29	0	0
XR_007067526.1	2149	1921.29	0	0
XR_007067527.1	2026	1798.29	0	0
XR_007067528.1	1865	1637.29	0	0
XR_007067529.1	9658	9430.29	3	0.0143165
XR_007067530.1	777	549.487	0	0
XR_007067531.1	554	330.174	0	0
XR_007067532.1	745	517.701	0	0
XR_007067533.1	605	379.687	0	0
XR_007067534.1	1412	1184.29	0	0
XR_007067535.1	1417	1189.29	1.05721	0.0400052
XR_007067536.1	390	183.77	0	0
XR_007067537.1	2742	2514.29	9	0.16109
XR_007067538.1	1283	1055.29	7.01549	0.299176
XR_007067539.1	906	678.293	0	0
XR_007067540.1	345	148.943	0	0
XR_007067541.1	218	67.9952	0	0
XR_007067542.1	286	108.57	0	0
XR_007067544.1	526	304.007	0	0
XR_007067545.1	475	257.02	0	0
XR_007067546.1	571	346.526	1	0.129869
XR_007067547.1	254	88.6424	0	0
XR_007067548.1	3448	3220.29	0	0
XR_007067549.1	3669	3441.29	0	0
XR_007067550.1	3224	2996.29	0	0
XR_007067551.1	9176	8948.29	2.00303	0.0100737
XR_007067552.1	12724	12496.3	0	0
XR_007067553.1	489	269.721	0	0
XR_007067554.1	1642	1414.29	0	0
XR_007067555.1	486	266.912	1	0.168606
XR_007067556.1	13929	13701.3	5.09583	0.0167377
XR_007067557.1	13997	13769.3	0.00574705	1.87835e-05
XR_007067559.1	260	92.282	3	1.46301
XR_007067560.1	4879	4651.29	48.2992	0.467314
XR_007067561.1	464	246.768	0	0
XR_007067562.1	964	736.293	0	0
XR_007067563.1	895	667.361	0	0
XR_007067564.1	881	653.427	1.04574	0.0720227
XR_007067565.1	692	465.041	0	0
XR_007067566.1	198	57.5294	0	0
XR_007067567.1	4676	4448.29	89.1854	0.902283
XR_007067568.1	550	326.571	0	0
XR_007067569.1	563	338.802	0	0
XR_007067570.1	2585	2357.29	3	0.057273
XR_007067571.1	579	354.315	0	0
XR_007067572.1	968	740.293	1	0.0607909
XR_007067573.1	351	153.209	0	0
XR_007067574.1	372	169.412	0	0
XR_007067575.1	8635	8407.29	14.1044	0.075499
XR_007067576.1	4848	4620.29	6.02984	0.0587325
XR_007067577.1	1780	1552.29	0	0
XR_007067578.1	1367	1139.29	15	0.592513
XR_007067579.1	1949	1721.29	4	0.10458
XR_007067580.1	777	549.487	1	0.0819002
XR_007067581.1	1719	1491.29	7	0.211241
XR_007067582.1	3271	3043.29	14.4536	0.213735
XR_007067583.1	1376	1148.29	0.546364	0.0214127
XR_007067584.1	952	724.293	2	0.124268
XR_007067585.1	3520	3292.29	0	0
XR_007067586.1	470	252.282	3.38519	0.603865
XR_007067587.1	7184	6956.29	11.5475	0.0747055
XR_007067588.1	1374	1146.29	1.00032	0.0392723
XR_007067589.1	540	317.191	0	0
XR_007067590.1	536	313.414	0	0
XR_007067591.1	537	314.382	0	0
XR_007067593.1	765	537.541	6.9664	0.583229
XR_007067594.1	278	103.326	2	0.871093
XR_007067595.1	878	650.427	1	0.06919
XR_007067596.1	1136	908.293	0	0
XR_007067597.1	2557	2329.29	5.04613	0.0974936
XR_007067598.1	1902	1674.29	3.11448	0.0837137
XR_007067599.1	1606	1378.29	27	0.881585
XR_007067605.1	9537	9309.29	1.00004	0.0048344
XR_007067606.1	7099	6871.29	0	0
XR_007067607.1	5673	5445.29	13.4081	0.110812
XR_007067608.1	6174	5946.29	34.7463	0.262969
XR_007067609.1	772	544.487	9.38374	0.775588
XR_007067610.1	2690	2462.29	3.15923	0.057741
XR_007067611.1	2147	1919.29	0	0
XR_007067612.1	469	251.307	0	0
XR_007067613.1	5339	5111.29	4.49943	0.0396159
XR_007067614.1	5331	5103.29	0	0
XR_007067615.1	5240	5012.29	14.5006	0.130194
XR_007067616.1	1774	1546.29	6.0052	0.174774
XR_007067617.1	670	443.585	0	0
XR_007067618.1	890	662.427	0	0
XR_007067619.1	266	95.93	0	0
XR_007067620.1	5148	4920.29	5.15267	0.0471285
XR_007067621.1	3430	3202.29	0	0
XR_007067622.1	2983	2755.29	0	0
XR_007067623.1	2527	2299.29	2	0.0391451
XR_007067624.1	2917	2689.29	0	0
XR_007067625.1	8373	8145.29	11.7094	0.0646947
XR_007067626.1	8265	8037.29	0	0
XR_007067627.1	6601	6373.29	4.53244	0.0320044
XR_007067628.1	5396	5168.29	0	0
XR_007067629.1	5558	5330.29	0	0
XR_007067630.1	3274	3046.29	0	0
XR_007067631.1	343	147.405	0	0
XR_007067632.1	335	141.797	0	0
XR_007067633.1	4621	4393.29	0	0
XR_007067634.1	2083	1855.29	5.99343	0.14538
XR_007067635.1	3072	2844.29	0	0
XR_007067636.1	3076	2848.29	0	0
XR_007067637.1	371	168.6	0	0
XR_007067638.1	1794	1566.29	6.10151	0.17531
XR_007067639.1	206	61.8005	0	0
XR_007067641.1	1149	921.293	0	0
XR_007067642.1	1047	819.293	0	0
XR_007067643.1	996	768.293	0	0
XR_007067644.1	926	698.293	0	0
XR_007067645.1	5018	4790.29	0	0
XR_007067646.1	4898	4670.29	0	0
XR_007067647.1	3770	3542.29	6.03505	0.0766723
XR_007067648.1	2951	2723.29	0	0
XR_007067649.1	871	643.427	3.00107	0.209903
XR_007067650.1	608	382.573	3.85997	0.454059
XR_007067651.1	395	187.965	1.57178	0.37632
XR_007067652.1	3121	2893.29	0	0
XR_007067653.1	2447	2219.29	1.01677	0.0206182
XR_007067654.1	436	222.144	0	0
XR_007067655.1	1780	1552.29	2.00461	0.0581164
XR_007067659.1	3007	2779.29	9.4243	0.152601
XR_007067660.1	3493	3265.29	1.06538	0.0146834
XR_007067661.1	1147	919.293	0	0
XR_007067662.1	800	572.487	3.54564	0.278723
XR_007067663.1	827	599.427	0	0
XR_007067664.1	1950	1722.29	6.0941	0.159237
XR_007067665.1	2014	1786.29	2	0.0503871
XR_007067666.1	500	280.02	0	0
XR_007067667.1	1732	1504.29	2	0.0598329
XR_007067668.1	294	113.843	0	0
XR_007067669.1	196	56.3656	10	7.98414
XR_007067670.1	1813	1585.29	0	0
XR_007067671.1	5991	5763.29	44.0196	0.34373
XR_007067672.1	703	475.947	0	0
XR_007067673.1	1072	844.293	0	0
XR_007067674.1	1345	1117.29	0	0
XR_007067675.1	6569	6341.29	0	0
XR_007067676.1	3497	3269.29	0	0
XR_007067677.1	4536	4308.29	0	0
XR_007067678.1	2099	1871.29	0	0
XR_007067679.1	404	195.215	0	0
XR_007067680.1	610	384.573	0	0
XR_007067681.1	11727	11499.3	0	0
XR_007067682.1	12276	12048.3	0	0
XR_007067683.1	11228	11000.3	1	0.00409108
XR_007067684.1	9535	9307.29	0	0
XR_007067685.1	9927	9699.29	10.7721	0.0499808
XR_007067686.1	9531	9303.29	0	0
XR_007067687.1	2178	1950.29	1	0.023075
XR_007067688.1	2292	2064.29	0	0
XR_007067689.1	4214	3986.29	0	0
XR_007067690.1	4243	4015.29	0	0
XR_007067691.1	5117	4889.29	0	0
XR_007067692.1	4110	3882.29	9.97674e-05	1.15649e-06
XR_007067693.1	4084	3856.29	0.9999	0.0116689
XR_007067694.1	5533	5305.29	0	0
XR_007067695.1	4469	4241.29	0	0
XR_007067697.1	2727	2499.29	0	0
XR_007067698.1	1188	960.293	0.283363	0.0132795
XR_007067699.1	2704	2476.29	2	0.0363471
XR_007067702.1	6180	5952.29	0	0
XR_007067703.1	6250	6022.29	0	0
XR_007067704.1	3793	3565.29	1.33711	0.0168777
XR_007067705.1	3835	3607.29	1.42232e-07	1.77442e-09
XR_007067706.1	6292	6064.29	0	0
XR_007067707.1	813	585.487	0	0
XR_007067708.1	301	118.444	0	0
XR_007067710.1	2336	2108.29	7.00272	0.149478
XR_007067711.1	4387	4159.29	5	0.0540994
XR_007067712.1	1998	1770.29	0	0
XR_007067713.1	1226	998.293	0	0
XR_007067714.1	353	154.998	0	0
XR_007067715.1	4338	4110.29	1	0.0109489
XR_007067716.1	3752	3524.29	0	0
XR_007067717.1	1926	1698.29	8.01957	0.212511
XR_007067718.1	1881	1653.29	0	0
XR_007067719.1	486	266.912	0	0
XR_007067720.1	1490	1262.29	1	0.0356518
XR_007067721.1	2538	2310.29	15	0.292191
XR_007067723.1	570	345.561	0	0
XR_007067724.1	592	367.025	0	0
XR_007067725.1	717	489.852	0	0
XR_007067726.1	5813	5585.29	0	0
XR_007067727.1	1503	1275.29	0	0
XR_007067728.1	1216	988.293	0	0
XR_007067729.1	702	474.947	0	0
XR_007067730.1	2613	2385.29	0	0
XR_007067731.1	2061	1833.29	0.0958338	0.0023525
XR_007067732.1	2058	1830.29	0.905019	0.0222525
XR_007067733.1	2241	2013.29	0	0
XR_007067734.1	2569	2341.29	0	0
XR_007067735.1	2503	2275.29	0	0
XR_007067736.1	2528	2300.29	0	0
XR_007067737.1	2392	2164.29	0	0
XR_007067738.1	2400	2172.29	0	0
XR_007067739.1	2356	2128.29	0	0
XR_007067740.1	2304	2076.29	0	0
XR_007067741.1	550	326.571	0	0
XR_007067742.1	561	336.904	0	0
XR_007067743.1	1157	929.293	0	0
XR_007067744.1	3393	3165.29	1	0.0142177
XR_007067745.1	686	459.134	2	0.196035
XR_007067746.1	4714	4486.29	0	0
XR_007067747.1	3558	3330.29	3.00493	0.0406064
XR_007067748.1	589	364.098	0	0
XR_007067749.1	534	311.445	0	0
XR_007067750.1	872	644.427	0	0
XR_007067751.1	1193	965.293	0	0
XR_007067752.1	3706	3478.29	8.00666	0.103592
XR_007067753.1	650	423.846	1.05724	0.112256
XR_007067755.1	1228	1000.29	2	0.0899798
XR_007067756.1	5318	5090.29	0	0
XR_007067757.1	1385	1157.29	0	0
XR_007067758.1	965	737.293	0	0
XR_007067759.1	3548	3320.29	0	0
XR_007067760.1	3472	3244.29	0	0
XR_007067761.1	128	23.852	11	20.7544
XR_007067762.1	134	26.2749	0	0
XR_007067763.1	72	16.5875	1	2.71307
XR_007067764.1	125	22.885	0	0
XR_007067765.1	128	23.852	0	0
XR_007067766.1	122	21.8712	0	0
XR_007067767.1	123	22.1632	0	0
XR_007067768.1	105	16.2206	0	0
XR_007067769.1	100	15.2776	0	0
XR_007067770.1	103	15.7909	0	0
XR_007067771.1	100	15.2776	0	0
XR_007067772.1	212	64.9181	0	0
XR_007067773.1	107	17.0159	0	0
XR_007067774.1	2466	2238.29	31.0021	0.623328
XR_007067775.1	2742	2514.29	0	0
XR_007067776.1	2506	2278.29	28.9514	0.571877
XR_007067777.1	3508	3280.29	0	0
XR_007067778.1	3388	3160.29	0	0
XR_007067779.1	2258	2030.29	1.28296	0.0284379
XR_007067780.1	16818	16590.3	0	0
XR_007067781.1	16250	16022.3	17.1524	0.0481774
XR_007067782.1	13804	13576.3	0	0
XR_007067783.1	3464	3236.29	0	0
XR_007067784.1	7869	7641.29	276.114	1.62616
XR_007067785.1	7901	7673.29	0.139988	0.000821016
XR_007067786.1	8137	7909.29	62.402	0.355061
XR_007067787.1	2719	2491.29	38.0627	0.68757
XR_007067788.1	2288	2060.29	0	0
XR_007067789.1	1958	1730.29	0	0
XR_007067790.1	3327	3099.29	122.447	1.77799
XR_007067791.1	1184	956.293	1	0.0470599
XR_007067792.1	2716	2488.29	0	0
XR_007067793.1	1688	1460.29	26.8738	0.828193
XR_007067794.1	1676	1448.29	62.3662	1.93792
XR_007067795.1	5662	5434.29	23.7702	0.196848
XR_007067796.1	2176	1948.29	54.3571	1.25558
XR_007067798.1	5867	5639.29	6.22298	0.049661
XR_007067799.1	5867	5639.29	6.22298	0.049661
XR_007067800.1	6163	5935.29	0	0
XR_007067801.1	7264	7036.29	1.67738	0.0107283
XR_007067802.1	5867	5639.29	6.22298	0.049661
XR_007067803.1	2727	2499.29	0	0
XR_007067804.1	3280	3052.29	0	0
XR_007067805.1	1361	1133.29	0	0
XR_007067806.1	610	384.573	0	0
XR_007067807.1	1695	1467.29	12.5424	0.384687
XR_007067809.1	7780	7552.29	0	0
XR_007067810.1	7783	7555.29	25.9422	0.154525
XR_007067811.1	2279	2051.29	0	0
XR_007067813.1	4444	4216.29	4.53795	0.0484363
XR_007067816.1	7744	7516.29	0	0
XR_007067817.1	7362	7134.29	6.4191	0.0404917
XR_007067818.1	344	148.132	0	0
XR_007067819.1	1075	847.293	0	0
XR_007067820.1	2238	2010.29	0	0
XR_007067821.1	458	241.399	0	0
XR_007067822.1	4816	4588.29	3.00353	0.0294593
XR_007067823.1	3479	3251.29	0	0
XR_007067824.1	809	581.487	0	0
XR_007067826.1	6821	6593.29	33.9148	0.231489
XR_007067827.1	3158	2930.29	8.00179	0.122891
XR_007067828.1	761	533.648	0	0
XR_007067829.1	8280	8052.29	4.23474	0.0236674
XR_007067830.1	5054	4826.29	0	0
XR_007067831.1	4155	3927.29	0	0
XR_007067833.1	5593	5365.29	11.1558	0.0935729
XR_007067834.1	979	751.293	0	0
XR_007067835.1	541	318.158	0	0
XR_007067836.1	3078	2850.29	0.334899	0.0052877
XR_007067837.1	3990	3762.29	2.37505	0.0284094
XR_007067838.1	3122	2894.29	0	0
XR_007067839.1	2197	1969.29	2.00185	0.045747
XR_007067840.1	344	148.132	0	0
XR_007067841.1	1169	941.293	0	0
XR_007067842.1	1125	897.293	5	0.250771
XR_007067843.1	831	603.427	1	0.0745791
XR_007067844.1	6672	6444.29	269.431	1.88155
XR_007067845.1	3384	3156.29	2.02094	0.028815
XR_007067846.1	467	249.436	1	0.180419
XR_007067847.1	482	263.537	8	1.36613
XR_007067849.1	7264	7036.29	1.67738	0.0107283
XR_007067850.1	1300	1072.29	1.09571	0.0459857
XR_007067854.1	2933	2705.29	17	0.282798
XR_007067855.1	639	413.014	2.00887	0.218892
XR_007067859.1	654	427.803	3.77718	0.397343
XR_007067860.1	1908	1680.29	2.15623	0.05775
XR_007067861.1	178	46.9587	0	0
XR_007067862.1	1149	921.293	0	0
XR_007067863.1	2428	2200.29	2	0.0409064
XR_007067864.1	566	341.699	0	0
XR_007067865.1	9134	8906.29	0	0
XR_007067866.1	8936	8708.29	12.4651	0.0644175
XR_007067867.1	21234	21006.3	0	0
XR_007067868.1	12500	12272.3	23.9899	0.0879719
XR_007067869.1	12551	12323.3	0.0814284	0.000297366
XR_007067870.1	562	337.904	0	0
XR_007067871.1	1428	1200.29	0	0
XR_007067872.1	2515	2287.29	0	0
XR_007067873.1	1891	1663.29	9.67031	0.261646
XR_007067874.1	1930	1702.29	0	0
XR_007067875.1	2668	2440.29	0	0
XR_007067876.1	2930	2702.29	0	0
XR_007067877.1	2364	2136.29	1.12373	0.0236724
XR_007067878.1	3736	3508.29	1	0.0128276
XR_007067879.1	4709	4481.29	5.49044	0.0551374
XR_007067880.1	374	171.054	8.99751	2.36718
XR_007067881.1	3357	3129.29	5.00049	0.0719133
XR_007067882.1	10919	10691.3	57.5943	0.242433
XR_007067883.1	594	368.988	1.14665	0.13985
XR_007067884.1	2962	2734.29	4.41851	0.0727232
XR_007067885.1	4695	4467.29	15.5024	0.156169
XR_007067886.1	246	83.7785	0	0
XR_007067887.1	1012	784.293	0	0
XR_007067888.1	3973	3745.29	0	0
XR_007067889.1	8457	8229.29	0	0
XR_007067890.1	8720	8492.29	0	0
XR_007067891.1	8175	7947.29	5.65548	0.0320252
XR_007067892.1	3654	3426.29	0	0
XR_007067893.1	2753	2525.29	0.205318	0.00365897
XR_007067894.1	899	671.361	2	0.134065
XR_007067895.1	1244	1016.29	0	0
XR_007067896.1	552	328.307	0	0
XR_007067897.1	3255	3027.29	1.3807	0.0205252
XR_007067898.1	1366	1138.29	19.7509	0.780865
XR_007067899.1	2575	2347.29	6.32276	0.121222
XR_007067903.1	3604	3376.29	11	0.146621
XR_007067904.1	701	473.947	0	0
XR_007067905.1	4927	4699.29	0	0
XR_007067906.1	1498	1270.29	63.2112	2.2394
XR_007067907.1	689	462.088	0.24695	0.0240507
XR_007067908.1	1205	977.293	89	4.09833
XR_007067909.1	3290	3062.29	0.0636341	0.000935159
XR_007067910.1	2743	2515.29	314.293	5.62327
XR_007067913.1	713	485.852	3.01305	0.27909
XR_007067914.1	1479	1251.29	3.02849	0.108921
XR_007067915.1	7895	7667.29	91.8719	0.539241
XR_007067916.1	4335	4107.29	5.43791	0.0595825
XR_007067917.1	907	679.293	0	0
XR_007067918.1	3952	3724.29	0	0
XR_007067919.1	685	458.134	0	0
XR_007067920.1	629	403.218	0	0
XR_007067921.1	2770	2542.29	0	0
XR_007067922.1	3720	3492.29	0	0
XR_007067923.1	4206	3978.29	0	0
XR_007067924.1	5259	5031.29	6.73776	0.0602668
XR_007067925.1	527	304.945	0	0
XR_007067926.1	248	84.9745	0	0
XR_007067934.1	658	431.717	0	0
XR_007067935.1	362	162.038	0	0
XR_007067936.1	707	479.9	0	0
XR_007067937.1	631	405.178	0	0
XR_007067938.1	6041	5813.29	13.4249	0.103927
XR_007067939.1	177	46.3929	2	1.94008
XR_007067940.1	191	53.6233	0	0
XR_007067941.1	215	66.32	0.473081	0.321021
XR_007067942.1	135	26.7198	0	0
XR_007067943.1	76	14.8793	0	0
XR_007067944.1	61	19.9714	0	0
XR_007067945.1	121	21.4671	0	0
XR_007067946.1	136	27.1284	0	0
XR_007067947.1	128	23.852	0	0
XR_007067948.1	128	23.852	0	0
XR_007067949.1	106	16.543	0	0
XR_007067950.1	104	15.9806	0	0
XR_007067951.1	106	16.543	0	0
XR_007067952.1	109	17.8694	0	0
XR_007067953.1	107	17.0159	46	121.659
XR_007067954.1	1257	1029.29	0	0
XR_007067955.1	1100	872.293	54.6514	2.81956
XR_007067956.1	1374	1146.29	0	0
XR_007067957.1	1374	1146.29	0	0
XR_007067958.1	904	676.361	57.6642	3.83681
XR_007067959.1	2784	2556.29	0	0
XR_007067960.1	1949	1721.29	95.3672	2.49337
XR_007067961.1	3304	3076.29	0	0
XR_007067962.1	3227	2999.29	0	0
XR_007067963.1	8840	8612.29	0	0
XR_007067964.1	8754	8526.29	0	0
XR_007067965.1	2748	2520.29	10.4565	0.186713
XR_007067966.1	1617	1389.29	10.9369	0.354277
XR_007067967.1	1536	1308.29	0	0
XR_007067968.1	1463	1235.29	0	0
XR_007067969.1	1501	1273.29	0	0
XR_007067970.1	15055	14827.3	23.6976	0.0719259
XR_007067971.1	2824	2596.29	0	0
XR_007067972.1	1279	1051.29	0	0
XR_007067973.1	2803	2575.29	0	0
XR_007067974.1	2933	2705.29	194.59	3.23705
XR_007067975.1	1864	1636.29	22.5593	0.620451
XR_007067976.1	1628	1400.29	0	0
XR_007067977.1	4100	3872.29	0	0
XR_007067978.1	4063	3835.29	292.715	3.4347
XR_007067979.1	3717	3489.29	0.309639	0.00399357
XR_007067980.1	4868	4640.29	0	0
XR_007067981.1	6261	6033.29	105.867	0.789674
XR_007067982.1	3536	3308.29	108.464	1.47544
XR_007067983.1	4182	3954.29	7.11526	0.0809775
XR_007067984.1	4122	3894.29	6.68131	0.0772103
XR_007067985.1	4128	3900.29	9.06585	0.104605
XR_007067986.1	4068	3840.29	8.53619	0.100033
XR_007067987.1	4636	4408.29	0	0
XR_007067988.1	3951	3723.29	14.7018	0.177699
XR_007067989.1	3897	3669.29	19.1583	0.234973
XR_007067990.1	2164	1936.29	0	0
XR_007067991.1	2105	1877.29	0	0
XR_007067992.1	2099	1871.29	0	0
XR_007067993.1	3156	2928.29	0	0
XR_007067994.1	4812	4584.29	0	0
XR_007067995.1	2714	2486.29	0.839333	0.0151923
XR_007067996.1	2717	2489.29	0.160667	0.00290465
XR_007067997.1	5079	4851.29	12.0016	0.111333
XR_007067998.1	244	82.6579	0	0
XR_007067999.1	2453	2225.29	3.03862	0.0614513
XR_007068000.1	242	81.454	23.1771	12.8053
XR_007068001.1	366	164.863	1.82294	0.497612
XR_007068002.1	4520	4292.29	23.558	0.246997
XR_007068003.1	944	716.293	1	0.0628277
XR_007068004.1	5864	5636.29	0	0
XR_007068005.1	1354	1126.29	7	0.279698
XR_007068006.1	715	487.852	1	0.0922475
XR_007068007.1	290	111.126	0.864969	0.35029
XR_007068008.1	4047	3819.29	4	0.0471324
XR_007068009.1	7660	7432.29	0	0
XR_007068010.1	338	143.726	0.596134	0.18666
XR_007068011.1	1542	1314.29	10	0.342413
XR_007068012.1	995	767.293	0	0
XR_007068013.1	380	175.793	0	0
XR_007068014.1	525	303.13	2	0.296923
XR_007068015.1	687	460.134	0	0
XR_007068016.1	1555	1327.29	8	0.271247
XR_007068017.1	868	640.427	0	0
XR_007068018.1	7138	6910.29	31.2399	0.203449
XR_007068019.1	630	404.218	0	0
XR_007068020.1	2617	2389.29	9.1103	0.171595
XR_007068021.1	233	76.5946	0	0
XR_007068022.1	1198	970.293	0	0
XR_007068023.1	1347	1119.29	9	0.36186
XR_007068024.1	1385	1157.29	32.8058	1.2757
XR_007068025.1	627	401.259	1.16987	0.131206
XR_007068026.1	1872	1644.29	21.0451	0.57599
XR_007068027.1	4017	3789.29	2.31244	0.0274634
XR_007068028.1	3944	3716.29	0	0
XR_007068029.1	4173	3945.29	0	0
XR_007068030.1	17078	16850.3	143.113	0.382219
XR_007068031.1	17242	17014.3	0	0
XR_007068032.1	3833	3605.29	0	0
XR_007068033.1	1528	1300.29	2.15314	0.0745201
XR_007068034.1	343	147.405	0	0
XR_007068035.1	343	147.405	0	0
XR_007068036.1	5815	5587.29	68.0212	0.547879
XR_007068037.1	8332	8104.29	5.06938	0.0281503
XR_007068038.1	7536	7308.29	11.1746	0.068811
XR_007068040.1	444	229.227	1	0.196326
XR_007068041.1	21448	21220.3	92.1102	0.195343
XR_007068042.1	3639	3411.29	0	0
XR_007068043.1	4321	4093.29	0	0
XR_007068044.1	4398	4170.29	0	0
XR_007068045.1	2514	2286.29	1.0001	0.0196859
XR_007068046.1	2402	2174.29	0	0
XR_007068047.1	2811	2583.29	0	0
XR_007068048.1	1017	789.293	0	0
XR_007068049.1	1127	899.293	0	0
XR_007068050.1	945	717.293	0	0
XR_007068051.1	1071	843.293	0	0
XR_007068052.1	761	533.648	0	0
XR_007068053.1	879	651.427	0	0
XR_007068054.1	1109	881.293	0	0
XR_007068055.1	1005	777.293	0	0
XR_007068056.1	2192	1964.29	7.1877	0.164674
XR_007068057.1	971	743.293	0	0
XR_007068058.1	1158	930.293	5.29284	0.256042
XR_007068059.1	959	731.293	0	0
XR_007068060.1	940	712.293	5	0.315903
XR_007068061.1	594	368.988	0	0
XR_007068062.1	601	375.763	0	0
XR_007068063.1	701	473.947	1	0.0949538
XR_007068064.1	224	71.1275	0	0
XR_007068065.1	2270	2042.29	28	0.616996
XR_007068066.1	6888	6660.29	0.000620332	4.19153e-06
XR_007068067.1	6838	6610.29	19.028	0.129543
XR_007068068.1	2856	2628.29	53.0198	0.907835
XR_007068069.1	2953	2725.29	0	0
XR_007068070.1	358	158.891	1.12879e-08	3.19709e-09
XR_007068071.1	355	156.626	4	1.14932
XR_007068072.1	809	581.487	0	0
XR_007068082.1	3166	2938.29	0	0
XR_007068083.1	645	418.93	2.51259	0.269912
XR_007068084.1	2032	1804.29	0	0
XR_007068085.1	719	491.852	0	0
XR_007068086.1	3869	3641.29	0	0
XR_007068088.1	665	438.717	0	0
XR_007068089.1	1051	823.293	3.14093	0.171691
XR_007068090.1	1701	1473.29	0	0
XR_007068091.1	3416	3188.29	1.00022	0.0141181
XR_007068092.1	505	284.56	0	0
XR_007068093.1	3658	3430.29	1.1313	0.0148419
XR_007068094.1	425	212.877	1	0.211405
XR_007068095.1	1077	849.293	0	0
XR_007068096.1	530	307.728	0	0
XR_007068097.1	1105	877.293	26	1.33374
XR_007068098.1	919	691.293	0	0
XR_007068099.1	1513	1285.29	0	0
XR_007068100.1	715	487.852	2	0.184495
XR_007068101.1	673	446.496	0	0
XR_007068102.1	756	528.701	0	0
XR_007068103.1	674	447.496	0	0
XR_007068104.1	2133	1905.29	0	0
XR_007068105.1	373	170.281	0	0
XR_007068106.1	347	150.34	0	0
XR_007068107.1	1630	1402.29	0	0
XR_007068108.1	2216	1988.29	2.05392	0.0464884
XR_007068109.1	4505	4277.29	16.9071	0.177886
XR_007068110.1	1731	1503.29	2.37768	0.071179
XR_007068111.1	578	353.315	2	0.254748
XR_007068112.1	2289	2061.29	2.05263	0.044814
XR_007068113.1	1739	1511.29	3.00767	0.0895619
XR_007068114.1	578	353.315	0	0
XR_007068117.1	1171	943.293	46	2.19459
XR_007068118.1	3095	2867.29	12.961	0.203427
XR_007068119.1	2181	1953.29	0	0
XR_007068120.1	4388	4160.29	0	0
XR_007068121.1	3154	2926.29	0	0
XR_007068123.1	287	109.221	1	0.412036
XR_007068124.1	295	114.56	0	0
XR_007068125.1	2546	2318.29	23.0382	0.447222
XR_007068126.1	1334	1106.29	5	0.203396
XR_007068127.1	3339	3111.29	4.78839	0.0692613
XR_007068128.1	3000	2772.29	0	0
XR_007068129.1	2853	2625.29	4.00159	0.0685958
XR_007068130.1	1585	1357.29	0	0
XR_007068131.1	1668	1440.29	0	0
XR_007068132.1	3088	2860.29	0.768695	0.0120944
XR_007068133.1	12488	12260.3	7.80146	0.0286363
XR_007068134.1	2576	2348.29	0	0
XR_007068135.1	3496	3268.29	0.080618	0.00111008
XR_007068136.1	1232	1004.29	14	0.62735
XR_007068137.1	3218	2990.29	15.8227	0.238128
XR_007068138.1	4190	3962.29	0	0
XR_007068139.1	978	750.293	0	0
XR_007068140.1	7271	7043.29	1.00233	0.00640436
XR_007068141.1	678	451.406	3.0273	0.301808
XR_007068142.1	3002	2774.29	3	0.0486644
XR_007068143.1	1953	1725.29	1	0.0260843
XR_007068144.1	3176	2948.29	12	0.183169
XR_007068145.1	7693	7465.29	0	0
XR_007068148.1	2318	2090.29	0	0
XR_007068149.1	3151	2923.29	18.4916	0.284671
XR_007068150.1	5440	5212.29	5.00115	0.0431801
XR_007068151.1	2766	2538.29	0	0
XR_007068152.1	8382	8154.29	10.7486	0.059321
XR_007068156.1	948	720.293	1	0.0624788
XR_007068159.1	2221	1993.29	5.10446	0.115245
XR_007068160.1	1440	1212.29	1.89634	0.0703964
XR_007068161.1	3669	3441.29	9.93543	0.129929
XR_007068162.1	372	169.412	0	0
XR_007068163.1	682	455.179	0	0
XR_007068164.1	104	15.9806	0	0
XR_007068165.1	103	15.7909	3	8.5498
XR_007068166.1	108	17.4905	0	0
XR_007068167.1	107	17.0159	0	0
XR_007068168.1	106	16.543	0	0
XR_007068169.1	60	18.9714	0	0
XR_007068170.1	68	17.931	0	0
XR_007068171.1	68	17.931	0	0
XR_007068172.1	83	15.7086	0	0
XR_007068173.1	83	15.7086	0	0
XR_007068174.1	83	15.7086	0	0
XR_007068175.1	127	23.5955	0	0
XR_007068176.1	143	29.7861	0	0
XR_007068177.1	143	29.7861	0	0
XR_007068178.1	143	29.7861	0	0
XR_007068179.1	3059	2831.29	21.0888	0.335205
XR_007068180.1	8269	8041.29	76.7886	0.429747
XR_007068181.1	712	484.852	0	0
XR_007068182.1	3499	3271.29	16.9339	0.232959
XR_007068183.1	1853	1625.29	0	0
XR_007068184.1	6080	5852.29	3.44611	0.0265
XR_007068185.1	6716	6488.29	7.78803	0.0540181
XR_007068186.1	2008	1780.29	248.808	6.28949
XR_007068187.1	931	703.293	0	0
XR_007068188.1	2624	2396.29	0	0
XR_007068189.1	917	689.293	0	0
XR_007068190.1	5174	4946.29	12.1469	0.110517
XR_007068191.1	5057	4829.29	9.37442	0.0873581
XR_007068192.1	1888	1660.29	131.576	3.56645
XR_007068193.1	5551	5323.29	2007.83	16.9742
XR_007068194.1	2569	2341.29	0	0
XR_007068195.1	5187	4959.29	254.42	2.30873
XR_007068196.1	7706	7478.29	0	0
XR_007068197.1	7571	7343.29	0	0
XR_007068198.1	1623	1395.29	6.06729	0.195691
XR_007068199.1	3419	3191.29	74.3557	1.04855
XR_007068200.1	4659	4431.29	0	0
XR_007068201.1	1972	1744.29	0	0
XR_007068202.1	1801	1573.29	8.0074	0.229047
XR_007068203.1	7794	7566.29	84.084	0.500118
XR_007068204.1	2111	1883.29	17.8201	0.425827
XR_007068205.1	860	632.427	16.5211	1.17563
XR_007068206.1	6267	6039.29	0	0
XR_007068207.1	1262	1034.29	16.2452	0.706845
XR_007068208.1	1459	1231.29	0	0
XR_007068209.1	668	441.629	8.20269	0.835874
XR_007068210.1	5818	5590.29	129.18	1.03993
XR_007068211.1	2645	2417.29	5.348	0.0995645
XR_007068212.1	1163	935.293	3.00147	0.144421
XR_007068213.1	492	272.443	2	0.330366
XR_007068214.1	328	136.811	0	0
XR_007068215.1	3584	3356.29	0	0
XR_007068216.1	575	350.386	0	0
XR_007068217.1	1619	1391.29	0	0
XR_007068218.1	2729	2501.29	0	0
XR_007068219.1	12022	11794.3	21.5472	0.0822168
XR_007068220.1	11504	11276.3	0	0
XR_007068221.1	2801	2573.29	1	0.0174885
XR_007068222.1	12614	12386.3	31.666	0.115052
XR_007068223.1	842	614.427	2	0.146488
XR_007068224.1	405	196.152	0	0
XR_007068225.1	2968	2740.29	15.0282	0.246804
XR_007068226.1	1426	1198.29	42.9778	1.61407
XR_007068227.1	3134	2906.29	1.10745	0.0171485
XR_007068228.1	412	201.964	0	0
XR_007068229.1	904	676.361	0	0
XR_007068230.1	7010	6782.29	0.2635	0.00174842
XR_007068231.1	1472	1244.29	1	0.0361676
XR_007068232.1	6072	5844.29	0	0
XR_007068233.1	5339	5111.29	0	0
XR_007068234.1	5857	5629.29	0	0
XR_007068235.1	4996	4768.29	0	0
XR_007068236.1	5893	5665.29	0	0
XR_007068237.1	6911	6683.29	0	0
XR_007068238.1	4287	4059.29	0	0
XR_007068239.1	4658	4430.29	0	0
XR_007068240.1	443	228.322	0	0
XR_007068241.1	419	207.876	0	0
XR_007068242.1	2404	2176.29	8.6273	0.178402
XR_007068243.1	6759	6531.29	25.4352	0.175258
XR_007068244.1	22044	21816.3	47.769	0.098539
XR_007068245.1	718	490.852	1.59786	0.146498
XR_007068246.1	2442	2214.29	1	0.0203239
XR_007068247.1	726	498.753	1	0.0902313
XR_007068248.1	3430	3202.29	1.03838	0.0145927
XR_007068249.1	8381	8153.29	16.3864	0.0904468
XR_007068250.1	8065	7837.29	0.586529	0.00336795
XR_007068251.1	2320	2092.29	2.31715	0.0498394
XR_007068252.1	2353	2125.29	2.35545	0.0498766
XR_007068253.1	4038	3810.29	0	0
XR_007068254.1	3582	3354.29	0	0
XR_007068255.1	2920	2692.29	0	0
XR_007068256.1	3311	3083.29	3.28654	0.0479696
XR_007068257.1	807	579.487	0	0
XR_007068258.1	3032	2804.29	0	0
XR_007068259.1	3741	3513.29	0	0
XR_007068260.1	2453	2225.29	0	0
XR_007068261.1	459	242.274	0	0
XR_007068262.1	2188	1960.29	11.9007	0.273209
XR_007068263.1	1253	1025.29	2.66765	0.117091
XR_007068264.1	1392	1164.29	0	0
XR_007068265.1	2707	2479.29	0	0
XR_007068266.1	3405	3177.29	14.155	0.200491
XR_007068267.1	4239	4011.29	8.28973	0.0930033
XR_007068268.1	914	686.293	0	0
XR_007068269.1	897	669.361	0	0
XR_007068270.1	2027	1799.29	0	0
XR_007068271.1	1950	1722.29	0	0
XR_007068272.1	1096	868.293	0	0
XR_007068273.1	2918	2690.29	20.4328	0.341799
XR_007068274.1	812	584.487	3.26044	0.251041
XR_007068275.1	4866	4638.29	3.93415	0.0381711
XR_007068276.1	1083	855.293	5.19001	0.273083
XR_007068277.1	753	525.701	0.470945	0.0403157
XR_007068278.1	1146	918.293	2.33905	0.114631
XR_007068279.1	3878	3650.29	1	0.0123286
XR_007068280.1	5395	5167.29	8	0.0696737
XR_007068281.1	768	540.541	0	0
XR_007068282.1	479	260.887	0	0
XR_007068283.1	520	298.404	0	0
XR_007068284.1	2444	2216.29	11.3491	0.23045
XR_007068285.1	1090	862.293	0	0
XR_007068299.1	1750	1522.29	0	0
XR_007068300.1	11321	11093.3	1.00352	0.00407106
XR_007068301.1	251	86.6409	0	0
XR_007068302.1	788	560.487	0	0
XR_007068303.1	576	351.35	0	0
XR_007068304.1	620	394.338	0	0
XR_007068305.1	5308	5080.29	9.66206	0.08559
XR_007068306.1	2595	2367.29	5.30323	0.100816
XR_007068307.1	2676	2448.29	6.62246	0.12173
XR_007068308.1	1434	1206.29	31.3223	1.16854
XR_007068309.1	689	462.088	2.6146	0.254638
XR_007068310.1	464	246.768	0	0
XR_007068311.1	556	332.141	0	0
XR_007068312.1	2640	2412.29	5.777	0.107774
XR_007068313.1	1476	1248.29	3.03692	0.109486
XR_007068314.1	3319	3091.29	0	0
XR_007068315.1	6358	6130.29	6.63106	0.0486793
XR_007068316.1	9765	9537.29	0	0
XR_007068317.1	9527	9299.29	2.0192	0.00977175
XR_007068318.1	6215	5987.29	0	0
XR_007068319.1	12999	12771.3	0	0
XR_007068320.1	6955	6727.29	4.00067	0.026763
XR_007068321.1	6016	5788.29	0	0
XR_007068322.1	12744	12516.3	4.36922	0.0157098
XR_007068323.1	5672	5444.29	0	0
XR_007068324.1	5646	5418.29	0	0
XR_007068325.1	11174	10946.3	1	0.00411126
XR_007068326.1	12753	12525.3	1.63085	0.00585962
XR_007068327.1	800	572.487	0	0
XR_007068328.1	1777	1549.29	0	0
XR_007068333.1	261	92.9009	1	0.48442
XR_007068334.1	606	380.649	0	0
XR_007068335.1	9425	9197.29	1.00112	0.00489855
XR_007068336.1	2548	2320.29	0	0
XR_007068337.1	3709	3481.29	1	0.0129271
XR_007068338.1	4785	4557.29	2.10271	0.0207642
XR_007068339.1	12783	12555.3	14.1277	0.0506393
XR_007068340.1	3623	3395.29	0	0
XR_007068341.1	440	225.63	0	0
XR_007068342.1	444	229.227	1	0.196326
XR_007068343.1	326	135.496	0	0
XR_007068344.1	19306	19078.3	12.4464	0.0293594
XR_007068345.1	896	668.361	2.15683	0.145227
XR_007068346.1	15337	15109.3	31.2172	0.0929806
XR_007068347.1	10088	9860.29	5.03205	0.0229666
XR_007068348.1	694	467.041	0	0
XR_007068349.1	2587	2359.29	0	0
XR_007068350.1	5499	5271.29	46.323	0.395478
XR_007068351.1	5353	5125.29	23.5642	0.206908
XR_007068352.1	4574	4346.29	0	0
XR_007068353.1	4516	4288.29	0	0
XR_007068354.1	5358	5130.29	12.2114	0.107119
XR_007068355.1	4542	4314.29	17.1127	0.178505
XR_007068356.1	2418	2190.29	171.796	3.52982
XR_007068357.1	761	533.648	4	0.337324
XR_007068358.1	395	187.965	0	0
XR_007068359.1	1538	1310.29	0.901723	0.0309704
XR_007068360.1	1534	1306.29	0	0
XR_007068362.1	6229	6001.29	4	0.0299956
XR_007068363.1	507	286.472	0	0
XR_007068364.1	2428	2200.29	0	0
XR_007068365.1	210	63.8665	0	0
XR_007068366.1	11439	11211.3	20.3404	0.081648
XR_007068367.1	902	674.361	0	0
XR_007068368.1	1591	1363.29	1	0.0330106
XR_007068369.1	1761	1533.29	0	0
XR_007068370.1	150	33.1792	0	0
XR_007068371.1	2644	2416.29	0	0
XR_007068372.1	2878	2650.29	0	0
XR_007068373.1	2946	2718.29	0	0
XR_007068374.1	2895	2667.29	0	0
XR_007068375.1	2430	2202.29	0	0
XR_007068376.1	1648	1420.29	0	0
XR_007068377.1	1994	1766.29	1.92088	0.0489417
XR_007068378.1	2126	1898.29	0	0
XR_007068379.1	2123	1895.29	0	0
XR_007068380.1	2421	2193.29	0	0
XR_007068381.1	2555	2327.29	2.95263	0.0570953
XR_007068382.1	1176	948.293	1	0.0474569
XR_007068383.1	3210	2982.29	0	0
XR_007068384.1	3493	3265.29	192.72	2.65611
XR_007068385.1	2528	2300.29	3	0.0586922
XR_007068386.1	602	376.687	0	0
XR_007068387.1	6994	6766.29	7.72933	0.0514083
XR_007068388.1	1611	1383.29	1	0.0325333
XR_007068389.1	971	743.293	0	0
XR_007068390.1	361	161.348	0	0
XR_007068391.1	2918	2690.29	0	0
XR_007068392.1	10315	10087.3	0	0
XR_007068393.1	6400	6172.29	7.33044	0.0534473
XR_007068394.1	7139	6911.29	1.68279	0.0109576
XR_007068395.1	804	576.487	0	0
XR_007068396.1	13754	13526.3	0	0
XR_007068397.1	2302	2074.29	8.90386	0.193175
XR_007068398.1	501	280.906	0	0
XR_007068399.1	4678	4450.29	12.0537	0.121892
XR_007068400.1	524	302.192	0	0
XR_007068401.1	15045	14817.3	4.79975	0.0145778
XR_007068402.1	5141	4913.29	1.40844	0.0129006
XR_007068403.1	573	348.421	0	0
XR_007068404.1	2686	2458.29	0	0
XR_007068405.1	8620	8392.29	13.8771	0.0744149
XR_007068406.1	3948	3720.29	12.8276	0.155172
XR_007068407.1	2132	1904.29	15.5709	0.367978
XR_007068408.1	472	254.125	0	0
XR_007068409.1	1657	1429.29	0	0
XR_007068410.1	450	234.286	0	0
XR_007068411.1	1485	1257.29	0	0
XR_007068412.1	3296	3068.29	14.051	0.206088
XR_007068414.1	1437	1209.29	1.00141	0.0372667
XR_007068415.1	2527	2299.29	5.25861	0.102925
XR_007068416.1	414	203.726	0	0
XR_007068417.1	3967	3739.29	12.344	0.148562
XR_007068418.1	107	17.0159	16	42.3162
XR_007068419.1	103	15.7909	3.38702	9.65278
XR_007068420.1	61	19.9714	0	0
XR_007068421.1	70	16.7714	0	0
XR_007068422.1	132	25.5516	0	0
XR_007068423.1	65	17.8776	0	0
XR_007068424.1	132	25.5516	0	0
XR_007068425.1	139	28.2339	0	0
XR_007068426.1	147	31.7551	0	0
XR_007068427.1	130	24.5498	0	0
XR_007068428.1	139	28.2339	0	0
XR_007068429.1	133	26.0376	0	0
XR_007068430.1	128	23.852	0	0
XR_007068431.1	68	17.931	0	0
XR_007068432.1	72	16.5875	0	0
XR_007068433.1	104	15.9806	0	0
XR_007068434.1	104	15.9806	0	0
XR_007068435.1	104	15.9806	0	0
XR_007068436.1	104	15.9806	0	0
XR_007068437.1	104	15.9806	0	0
XR_007068438.1	104	15.9806	0	0
XR_007068439.1	103	15.7909	0	0
XR_007068440.1	104	15.9806	0	0
XR_007068441.1	104	15.9806	0	0
XR_007068442.1	104	15.9806	0	0
XR_007068443.1	102	15.661	0	0
XR_007068444.1	99	15.1945	0	0
XR_007068445.1	99	15.1945	0	0
XR_007068446.1	127	23.5955	0	0
XR_007068447.1	127	23.5955	0	0
XR_007068448.1	216	66.8958	0	0
XR_007068449.1	219	68.5314	0	0
XR_007068450.1	220	69.167	0	0
XR_007068451.1	4880	4652.29	0	0
XR_007068452.1	4796	4568.29	0	0
XR_007068453.1	963	735.293	0	0
XR_007068454.1	1538	1310.29	0.901723	0.0309704
XR_007068455.1	6686	6458.29	2.06535	0.0143919
XR_007068456.1	6686	6458.29	2.06535	0.0143919
XR_007068457.1	3420	3192.29	0	0
XR_007068458.1	3549	3321.29	0	0
XR_007068459.1	3423	3195.29	0	0
XR_007068460.1	3249	3021.29	3.01735	0.0449443
XR_007068461.1	10761	10533.3	0	0
XR_007068462.1	9487	9259.29	0	0
XR_007068463.1	1861	1633.29	0	0
XR_007068464.1	1892	1664.29	0	0
XR_007068465.1	3682	3454.29	0	0
XR_007068466.1	4775	4547.29	0	0
XR_007068467.1	557	333.141	0	0
XR_007068468.1	150	33.1792	0	0
XR_007068469.1	1184	956.293	3.60778	0.169782
XR_007068470.1	2766	2538.29	0	0
XR_007068471.1	3000	2772.29	0	0
XR_007068472.1	3068	2840.29	0	0
XR_007068473.1	3017	2789.29	0	0
XR_007068474.1	2552	2324.29	0	0
XR_007068475.1	1950	1722.29	0	0
XR_007068476.1	1994	1766.29	1.92088	0.0489417
XR_007068477.1	2126	1898.29	0	0
XR_007068478.1	2129	1901.29	0	0
XR_007068479.1	2123	1895.29	0	0
XR_007068480.1	2421	2193.29	0	0
XR_007068481.1	2555	2327.29	2.95263	0.0570953
XR_007068482.1	1572	1344.29	0	0
XR_007068484.1	138	27.821	0	0
XR_007068485.1	138	27.821	0	0
XR_007068486.1	132	25.5516	0	0
XR_007068487.1	2901	2673.29	2.42747	0.0408648
XR_007068488.1	1461	1233.29	2.26084	0.0824984
XR_007068489.1	607	381.611	21.3774	2.52102
XR_007068490.1	972	744.293	20.6158	1.24652
XR_007068491.1	193	54.7097	0	0
XR_007068492.1	704	476.947	2.23619	0.210999
XR_007068493.1	6207	5979.29	38.7105	0.291354
XR_007068494.1	1417	1189.29	32.003	1.211
XR_007068495.1	900	672.361	0	0
XR_007068496.1	858	630.427	1.00055	0.0714246
XR_007068497.1	2297	2069.29	0	0
XR_007068498.1	2395	2167.29	2.35081	0.0488138
XR_007068499.1	1586	1358.29	4.92537	0.163188
XR_007068500.1	2199	1971.29	0	0
XR_007068501.1	798	570.487	12.7148	1.00301
XR_007068502.1	1118	890.293	0	0
XR_007068503.1	2286	2058.29	0	0
XR_007068504.1	1397	1169.29	8.48311	0.326493
XR_007068505.1	1100	872.293	0	0
XR_007068506.1	107	17.0159	0	0
XR_007068507.1	3096	2868.29	6.87789	0.107913
XR_007068508.1	2494	2266.29	0	0
XR_007068509.1	856	628.427	0	0
XR_007068510.1	962	734.293	2.96542	0.181743
XR_007068511.1	796	568.487	0	0
XR_007068512.1	6014	5786.29	0	0
XR_007068513.1	5954	5726.29	0	0
XR_007068514.1	10287	10059.3	37.5436	0.167962
XR_007068515.1	527	304.945	0	0
XR_007068516.1	5421	5193.29	0	0
XR_007068517.1	2390	2162.29	0	0
XR_007068518.1	1768	1540.29	0	0
XR_007068519.1	2381	2153.29	0	0
XR_007068520.1	2208	1980.29	0	0
XR_007068521.1	4942	4714.29	19.267	0.183925
XR_007068522.1	2313	2085.29	0	0
XR_007068523.1	1765	1537.29	0	0
XR_007068524.1	1729	1501.29	0	0
XR_007068525.1	1673	1445.29	0	0
XR_007068526.1	1547	1319.29	0	0
XR_007068527.1	3430	3202.29	0	0
XR_007068528.1	4383	4155.29	0	0
XR_007068529.1	3980	3752.29	0	0
XR_007068530.1	1924	1696.29	1	0.0265303
XR_007068531.1	1887	1659.29	1	0.0271218
XR_007068532.1	164	39.7643	1.38939	1.57244
XR_007068533.1	1618	1390.29	9.75435	0.315743
XR_007068534.1	1197	969.293	12.4356	0.577371
XR_007068535.1	688	461.088	3	0.292806
XR_007068536.1	7976	7748.29	0	0
XR_007068537.1	1793	1565.29	0	0
XR_007068538.1	1423	1195.29	0	0
XR_007068539.1	446	230.915	0	0
XR_007068540.1	439	224.747	0	0
XR_007068541.1	107	17.0159	0	0
XR_007068542.1	107	17.0159	0	0
XR_007068543.1	101	15.5262	0	0
XR_007068544.1	6017	5789.29	0	0
XR_007068545.1	2504	2276.29	0	0
XR_007068546.1	5715	5487.29	0	0
XR_007068547.1	3808	3580.29	0	0
XR_007068548.1	4105	3877.29	8.90702	0.103382
XR_007068549.1	4222	3994.29	0	0
XR_007068554.1	106	16.543	0	0
XR_007068555.1	2903	2675.29	48.5859	0.8173
XR_007068556.1	5732	5504.29	8.8998	0.0727648
XR_007068557.1	1349	1121.29	0	0
XR_007068558.1	6601	6373.29	2	0.0141224
XR_007068559.1	6866	6638.29	0	0
XR_007068560.1	1693	1465.29	0	0
XR_007068561.1	11557	11329.3	20.6123	0.0818778
XR_007068562.1	4759	4531.29	0	0
XR_007068563.1	4222	3994.29	2772.38	31.236
XR_007068564.1	1132	904.293	0	0
XR_007068565.1	1119	891.293	0	0
XR_007068566.1	1053	825.293	0	0
XR_007068567.1	584	359.207	0	0
XR_007068568.1	478	259.941	0	0
XR_007068569.1	851	623.427	21.7244	1.56821
XR_007068570.1	4553	4325.29	0	0
XR_007068571.1	1947	1719.29	15	0.39263
XR_007068572.1	138	27.821	0	0
XR_007068573.1	1641	1413.29	0	0
XR_007068574.1	1118	890.293	0	0
XR_007068575.1	1189	961.293	0	0
XR_007068576.1	1313	1085.29	0	0
XR_007068577.1	6203	5975.29	70.3355	0.529733
XR_007068578.1	3178	2950.29	1.11105	0.0169477
XR_007068579.1	245	83.2645	0	0
XR_007068580.1	261	92.9009	0	0
XR_007068581.1	516	294.675	3.88903	0.593936
XR_007068582.1	3549	3321.29	0	0
XR_007068583.1	3467	3239.29	0	0
XR_007068584.1	3549	3321.29	0	0
XR_007068585.1	3468	3240.29	0	0
XR_007068586.1	3594	3366.29	0	0
XR_007068587.1	3484	3256.29	0	0
XR_007068588.1	3428	3200.29	0	0
XR_007068589.1	3198	2970.29	0	0
XR_007068590.1	3210	2982.29	0	0
XR_007068591.1	3428	3200.29	0	0
XR_007068592.1	3077	2849.29	0	0
XR_007068593.1	3229	3001.29	0	0
XR_007068594.1	3125	2897.29	0	0
XR_007068595.1	3135	2907.29	0	0
XR_007068596.1	3428	3200.29	0	0
XR_007068597.1	3430	3202.29	0	0
XR_007068598.1	3189	2961.29	0	0
XR_007068599.1	2644	2416.29	6.19002	0.115288
XR_007068602.1	162	38.7685	0	0
XR_007068603.1	1287	1059.29	0.0200694	0.00085263
XR_007068604.1	2031	1803.29	9.00071	0.224622
XR_007068605.1	592	367.025	0	0
XR_007068608.1	8330	8102.29	25.3291	0.140687
XR_007068609.1	8886	8658.29	1.58562	0.00824157
XR_007068610.1	405	196.152	0	0
XR_007068611.1	11543	11315.3	0.248588	0.000988682
XR_007068612.1	11533	11305.3	0.835447	0.00332567
XR_007068613.1	1882	1654.29	0	0
XR_007068614.1	1511	1283.29	0	0
XR_007068615.1	1464	1236.29	0	0
XR_007068616.1	782	554.487	0	0
XR_007068617.1	4878	4650.29	15.7944	0.152849
XR_007068618.1	3756	3528.29	21.4521	0.273619
XR_007068619.1	4746	4518.29	33.5185	0.333851
XR_007068620.1	1387	1159.29	0	0
XR_007068621.1	221	69.701	0	0
XR_007068622.1	59472	59244.3	0	0
XR_007068623.1	653	426.803	2	0.210884
XR_007068624.1	2596	2368.29	0	0
XR_007068625.1	2297	2069.29	0	0
XR_007068626.1	458	241.399	0	0
XR_007068627.1	1899	1671.29	20.6133	0.555056
XR_007068628.1	215	66.32	0	0
XR_007068629.1	4436	4208.29	0	0
XR_007068630.1	7949	7721.29	0	0
XR_007068631.1	8505	8277.29	0	0
XR_007068632.1	8379	8151.29	0	0
XR_007068633.1	2386	2158.29	0	0
XR_007068634.1	60	18.9714	0	0
XR_007068635.1	7360	7132.29	0	0
XR_007068636.1	7332	7104.29	0	0
XR_007068637.1	7335	7107.29	0	0
XR_007068638.1	6980	6752.29	4.55987	0.0303909
XR_007068639.1	931	703.293	1	0.0639891
XR_007068640.1	75	15.9406	0	0
XR_007068641.1	1938	1710.29	0	0
XR_007068643.1	1352	1124.29	0	0
XR_007068644.1	1080	852.293	0	0
XR_007068645.1	1738	1510.29	0	0
XR_007068646.1	1007	779.293	0	0
XR_007068647.1	835	607.427	0	0
XR_007068648.1	465	247.59	0	0
XR_007068649.1	5082	4854.29	56.3096	0.522034
XR_007068650.1	3717	3489.29	0	0
XR_007068651.1	3545	3317.29	0	0
XR_007068652.1	3421	3193.29	0	0
XR_007068653.1	216	66.8958	0	0
XR_007068654.1	2073	1845.29	0	0
XR_007068655.1	8213	7985.29	0.3012	0.00169749
XR_007068656.1	281	105.3	0	0
XR_007068657.1	294	113.843	0	0
XR_007068658.1	672	445.496	0	0
XR_007068659.1	1225	997.293	0	0
XR_007068660.1	1423	1195.29	0	0
XR_007068661.1	446	230.915	0	0
XR_007068662.1	439	224.747	0	0
XR_007068664.1	101	15.5262	0	0
XR_007068665.1	1876	1648.29	0	0
XR_007068666.1	2266	2038.29	258.527	5.70797
XR_007068667.1	700	472.947	0.5	0.0475773
XR_007068668.1	543	320.029	0.50416	0.0708959
XR_007068669.1	1268	1040.29	0.368273	0.0159315
XR_007068670.1	1382	1154.29	2.5	0.0974689
XR_007068671.1	1495	1267.29	0	0
XR_007068672.1	616	390.417	0	0
XR_007068673.1	744	516.753	0	0
XR_007068674.1	823	595.427	0.5	0.0377906
XR_007068675.1	104	15.9806	0	0
XR_007068676.1	838	610.427	0	0
XR_007068677.1	5196	4968.29	13.216	0.119711
XR_007068678.1	756	528.701	0	0
XR_007068679.1	770	542.487	0	0
XR_007068680.1	754	526.701	0	0
XR_007068681.1	684	457.134	2.02168	0.199027
XR_007068682.1	812	584.487	0	0
XR_007068683.1	851	623.427	0	0
XR_007068684.1	826	598.427	0	0
XR_007068685.1	619	393.338	2	0.228826
XR_007068686.1	3311	3083.29	0	0
XR_007068688.1	291	111.803	0	0
XR_007068689.1	780	552.487	0	0
XR_007068690.1	4313	4085.29	0	0
XR_007068691.1	4256	4028.29	1	0.0111718
XR_007068692.1	1305	1077.29	0	0
XR_007068693.1	3774	3546.29	0	0
XR_007068694.1	3604	3376.29	0	0
XR_007068695.1	2095	1867.29	0	0
XR_007068696.1	3194	2966.29	0	0
XR_007068697.1	3772	3544.29	0	0
XR_007068698.1	3706	3478.29	0	0
XR_007068699.1	3699	3471.29	0	0
XR_007068700.1	2937	2709.29	0	0
XR_007068701.1	2663	2435.29	2.00002	0.0369594
XR_007068702.1	3665	3437.29	0	0
XR_007068703.1	1186	958.293	0	0
XR_007068704.1	3192	2964.29	0	0
XR_007068705.1	1538	1310.29	0.901723	0.0309704
XR_007068706.1	1229	1001.29	1	0.044945
XR_007068707.1	252	87.2826	0	0
XR_007068708.1	104	15.9806	0	0
XR_007068709.1	4446	4218.29	80.5922	0.859802
XR_007068710.1	762	534.648	9.0105	0.758444
XR_007068711.1	886	658.427	0	0
XR_007068712.1	792	564.487	0	0
XR_007068713.1	1155	927.293	0	0
XR_007068714.1	602	376.687	0	0
XR_007068715.1	538	315.318	0	0
XR_007068716.1	2214	1986.29	69.3469	1.57118
XR_007068717.1	1975	1747.29	1.09587	0.0282252
XR_007068718.1	2125	1897.29	0	0
XR_007068719.1	2380	2152.29	3.05635	0.0639063
XR_007068720.1	3226	2998.29	2.16583	0.0325081
XR_007068721.1	1124	896.293	15.0221	0.754265
XR_007068722.1	1109	881.293	0	0
XR_007068723.1	104	15.9806	0.333333	0.938704
XR_007068727.1	1973	1745.29	0	0
XR_007068728.1	1869	1641.29	0	0
XR_007068729.1	1826	1598.29	0	0
XR_007068730.1	2494	2266.29	0	0
XR_007068731.1	1700	1472.29	0	0
XR_007068732.1	2613	2385.29	0	0
XR_007068733.1	2991	2763.29	0	0
XR_007068734.1	2889	2661.29	4.97551	0.0841371
XR_007068735.1	509	288.355	0.2	0.0312136
XR_007068737.1	331	138.909	0	0
XR_007068738.1	261	92.9009	0	0
XR_007068739.1	1025	797.293	0	0
XR_007068740.1	1198	970.293	0	0
XR_007068741.1	428	215.312	0	0
XR_007068742.1	4862	4634.29	0	0
XR_007068743.1	1132	904.293	0	0
XR_007068744.1	1119	891.293	0	0
XR_007068745.1	1053	825.293	0	0
XR_007068746.1	584	359.207	0	0
XR_007068747.1	478	259.941	0	0
XR_007068749.1	4454	4226.29	0	0
XR_007068750.1	4361	4133.29	0	0
XR_007068751.1	3382	3154.29	0	0
XR_007068752.1	302	119.035	1	0.378067
XR_007068753.1	245	83.2645	0	0
XR_007068754.1	827	599.427	0.2	0.0150154
XR_007068755.1	136	27.1284	0	0
XR_007068756.1	1233	1005.29	0	0
XR_007068757.1	11543	11315.3	0.248588	0.000988682
XR_007068758.1	11533	11305.3	0.835447	0.00332567
XR_007068759.1	442	227.417	0.25	0.049472
XR_007068760.1	426	213.764	0	0
XR_007068761.1	6379	6151.29	71.106	0.520214
XR_007068762.1	5475	5247.29	6.50564	0.0557952
XR_007068763.1	9667	9439.29	67.5978	0.322282
XR_007068764.1	12615	12387.3	0	0
XR_007068765.1	12919	12691.3	0	0
XR_007068766.1	1975	1747.29	1.09587	0.0282252
XR_007068767.1	180	47.9827	0	0
XR_007068768.1	1037	809.293	0	0
XR_007068769.1	2233	2005.29	0	0
XR_007068770.1	3445	3217.29	0	0
XR_007068771.1	347	150.34	0	0
XR_007068772.1	1109	881.293	0	0
XR_007068773.1	3054	2826.29	0	0
XR_007068774.1	3118	2890.29	0	0
XR_007068775.1	3517	3289.29	0	0
XR_007068776.1	3923	3695.29	0	0
XR_007068777.1	2292	2064.29	0	0
XR_007068778.1	2233	2005.29	0	0
XR_007068779.1	2184	1956.29	0	0
XR_007068780.1	1801	1573.29	0	0
XR_007068781.1	4834	4606.29	0	0
XR_007068782.1	3209	2981.29	0	0
XR_007068783.1	1699	1471.29	0	0
XR_007068784.1	658	431.717	0	0
XR_007068785.1	661	434.717	5.57342	0.576975
XR_007068786.1	443	228.322	13	2.56235
XR_007068787.1	1496	1268.29	0	0
XR_007068788.1	1415	1187.29	0	0
XR_007068789.1	133	26.0376	0	0
XR_007068790.1	132	25.5516	0	0
XR_007068791.1	102	15.661	0	0
XR_007068792.1	133	26.0376	0.2	0.345678
XR_007068793.1	133	26.0376	0.2	0.345678
XR_007068794.1	640	414.014	0	0
XR_007068795.1	1265	1037.29	0	0
XR_007068796.1	639	413.014	0	0
XR_007068797.1	898	670.361	0	0
XR_007068798.1	3867	3639.29	0	0
XR_007068799.1	3906	3678.29	0	0
XR_007068800.1	1057	829.293	0	0
XR_007068801.1	1060	832.293	0	0
XR_007068802.1	1031	803.293	0	0
XR_007068803.1	537	314.382	0	0
XR_007068804.1	1538	1310.29	0.901723	0.0309704
XR_007068805.1	1494	1266.29	4.2655e-06	1.51593e-07
XR_007068807.1	509	288.355	0.2	0.0312136
XR_007068808.1	1395	1167.29	0	0
XR_007068809.1	3188	2960.29	0	0
XR_007068810.1	2540	2312.29	0	0
XR_007068811.1	1553	1325.29	0	0
XR_007068812.1	1132	904.293	0	0
XR_007068813.1	1119	891.293	0	0
XR_007068814.1	1053	825.293	0	0
XR_007068815.1	584	359.207	0	0
XR_007068816.1	478	259.941	0	0
XR_007068817.1	6037	5809.29	12.8951	0.099895
XR_007068818.1	1334	1106.29	0	0
XR_007068819.1	827	599.427	0.2	0.0150154
XR_007068820.1	1822	1594.29	2.3716	0.0669445
XR_007068821.1	301	118.444	0	0
XR_007068822.1	2717	2489.29	0	0
XR_007068823.1	138	27.821	0	0
XR_007068824.1	11543	11315.3	0.248588	0.000988682
XR_007068825.1	11533	11305.3	0.835447	0.00332567
XR_007068826.1	1399	1171.29	0	0
XR_007068827.1	3786	3558.29	0	0
XR_007068828.1	403	194.403	0	0
XR_007068829.1	590	365.061	4.27887	0.527479
XR_007068830.1	1285	1057.29	10.2324	0.435535
XR_007068831.1	2603	2375.29	0.701941	0.0132992
XR_007068832.1	2889	2661.29	4.97551	0.0841371
XR_007068833.1	1650	1422.29	0	0
XR_007068835.1	1132	904.293	0	0
XR_007068836.1	1119	891.293	0	0
XR_007068837.1	1053	825.293	0	0
XR_007068838.1	584	359.207	0	0
XR_007068839.1	478	259.941	0	0
XR_007068840.1	1822	1594.29	2.3716	0.0669445
XR_007068841.1	301	118.444	0	0
XR_007068843.1	6851	6623.29	14.9892	0.101847
XR_007068844.1	234	77.1167	2	1.16714
XR_007068845.1	827	599.427	0.2	0.0150154
XR_007068846.1	138	27.821	0	0
XR_007068847.1	1245	1017.29	18	0.796285
XR_007068848.1	2603	2375.29	0.701941	0.0132992
XR_007068849.1	2889	2661.29	4.97551	0.0841371
XR_007068850.1	1650	1422.29	0	0
XR_007068852.1	1553	1325.29	0	0
XR_007068853.1	1132	904.293	0	0
XR_007068854.1	1119	891.293	0	0
XR_007068855.1	1053	825.293	0	0
XR_007068856.1	584	359.207	0	0
XR_007068857.1	478	259.941	0	0
XR_007068858.1	827	599.427	0.2	0.0150154
XR_007068859.1	139	28.2339	0	0
XR_007068860.1	1208	980.293	0	0
XR_007068861.1	1650	1422.29	0	0
XR_007068862.1	1494	1266.29	4.2655e-06	1.51593e-07
XR_007068863.1	1090	862.293	1.56478	0.0816658
XR_007068865.1	5416	5188.29	0.0278805	0.000241834
XR_007068866.1	1132	904.293	0	0
XR_007068867.1	1119	891.293	0	0
XR_007068868.1	1053	825.293	0	0
XR_007068869.1	584	359.207	0	0
XR_007068870.1	478	259.941	0	0
XR_007068871.1	5948	5720.29	0	0
XR_007068872.1	1127	899.293	0	0
XR_007068873.1	245	83.2645	0	0
XR_007068874.1	301	118.444	0	0
XR_007068875.1	137	27.4645	0	0
XR_007068876.1	1134	906.293	0	0
XR_007068877.1	3487	3259.29	13.7784	0.190247
XR_007068878.1	1208	980.293	0	0
XR_007068879.1	1650	1422.29	0	0
XR_007068880.1	1494	1266.29	4.2655e-06	1.51593e-07
XR_007068881.1	1090	862.293	1.56478	0.0816658
XR_007068883.1	1132	904.293	0	0
XR_007068884.1	1119	891.293	0	0
XR_007068885.1	1053	825.293	0	0
XR_007068886.1	584	359.207	0	0
XR_007068887.1	478	259.941	0	0
XR_007068888.1	713	485.852	0	0
XR_007068889.1	761	533.648	1	0.084331
XR_007068890.1	1149	921.293	0	0
XR_007068891.1	1460	1232.29	0	0
XR_007068892.1	624	398.259	0	0
XR_007068893.1	1016	788.293	0	0
XR_007068894.1	245	83.2645	0	0
XR_007068895.1	925	697.293	0	0
XR_007068896.1	139	28.2339	0	0
XR_007068897.1	1151	923.293	0	0
XR_007068898.1	1687	1459.29	0	0
XR_007068899.1	2889	2661.29	4.97551	0.0841371
XR_007068900.1	509	288.355	0.2	0.0312136
XR_007068902.1	274	100.891	0	0
XR_007068903.1	204	60.7343	0	0
XR_007068904.1	1025	797.293	0	0
XR_007068905.1	64	17.5957	0	0
XR_007068906.1	104	15.9806	0	0
XR_007068907.1	2854	2626.29	1.5	0.0257034
XR_007068908.1	1116	888.293	1.00858	0.0510973
XR_007068909.1	1251	1023.29	0	0
XR_007068910.1	101	15.5262	0	0
XR_007068911.1	104	15.9806	0	0
XR_007068912.1	3293	3065.29	0	0
XR_007068913.1	3913	3685.29	3.76691	0.0459997
XR_007068914.1	978	750.293	0	0
XR_007068915.1	730	502.753	0	0
XR_007068916.1	2292	2064.29	0	0
XR_007068917.1	2233	2005.29	0	0
XR_007068918.1	2184	1956.29	0	0
XR_007068919.1	440	225.63	0	0
XR_007068920.1	6322	6094.29	0	0
XR_007068921.1	999	771.293	0	0
XR_007068922.1	6115	5887.29	5.07533	0.0387963
XR_007068923.1	594	368.988	50.106	6.11111
XR_007068924.1	2204	1976.29	24.8777	0.5665
XR_007068925.1	3311	3083.29	0	0
XR_007068926.1	1801	1573.29	0	0
XR_007068927.1	3550	3322.29	0	0
XR_007068928.1	4834	4606.29	0	0
XR_007068929.1	2105	1877.29	0	0
XR_007068930.1	3209	2981.29	0	0
XR_007068931.1	3326	3098.29	0	0
XR_007068932.1	1699	1471.29	0	0
XR_007068933.1	658	431.717	0	0
XR_007068934.1	1717	1489.29	0	0
XR_007068935.1	202	59.5762	0	0
XR_007068936.1	661	434.717	5.57342	0.576975
XR_007068937.1	443	228.322	13	2.56235
XR_007068938.1	1496	1268.29	0	0
XR_007068939.1	1415	1187.29	0	0
XR_007068940.1	4840	4612.29	132.251	1.2904
XR_007068941.1	1109	881.293	0	0
XR_007068942.1	3054	2826.29	0	0
XR_007068943.1	3517	3289.29	0	0
XR_007068944.1	3923	3695.29	0	0
XR_007068945.1	3921	3693.29	0	0
XR_007068946.1	553	329.241	0.666667	0.091125
XR_007068947.1	4122	3894.29	8.44171	0.0975537
XR_007068948.1	540	317.191	1.0732e-05	1.52266e-06
XR_007068949.1	133	26.0376	0	0
XR_007068950.1	132	25.5516	0	0
XR_007068951.1	102	15.661	0	0
XR_007068952.1	133	26.0376	0.2	0.345678
XR_007068953.1	133	26.0376	0.2	0.345678
XR_007068954.1	658	431.717	0	0
XR_007068955.1	2558	2330.29	1.00319	0.0193739
XR_007068956.1	2089	1861.29	0	0
XR_007068957.1	8780	8552.29	0	0
XR_007068958.1	4968	4740.29	0	0
XR_007068959.1	3355	3127.29	0	0
XR_007068960.1	3340	3112.29	0	0
XR_007068961.1	3473	3245.29	0	0
XR_007068962.1	7258	7030.29	13.0191	0.0833392
XR_007068963.1	5167	4939.29	0	0
XR_007068964.1	658	431.717	0	0
XR_007068966.1	133	26.0376	0	0
XR_007068967.1	133	26.0376	0	0
XR_007068968.1	78	15.0992	0	0
XR_007068969.1	239	79.981	0	0
XR_007068970.1	13069	12841.3	7.76181	0.0272017
XR_007068971.1	600	374.838	0	0
XR_007068972.1	963	735.293	0	0
XR_007068973.1	653	426.803	0	0
XR_007068974.1	1357	1129.29	2	0.0797013
XR_007068975.1	1565	1337.29	12.5473	0.422246
XR_007068976.1	1655	1427.29	0	0
XR_007068978.1	699	471.947	0	0
XR_007068979.1	479	260.887	0.5	0.0862501
XR_007068980.1	15372	15144.3	0	0
XR_007068981.1	260	92.282	0	0
XR_007068982.1	1415	1187.29	0	0
XR_007068983.1	6480	6252.29	51.043	0.3674
XR_007068984.1	2861	2633.29	0	0
XR_007068985.1	2922	2694.29	0	0
XR_007068986.1	2640	2412.29	4.84249	0.0903402
XR_007068987.1	2805	2577.29	0	0
XR_007068988.1	2463	2235.29	0	0
XR_007068989.1	2446	2218.29	0	0
XR_007068990.1	2749	2521.29	0	0
XR_007068991.1	3355	3127.29	11.6247	0.167285
XR_007068992.1	4402	4174.29	1.46864e-07	1.58334e-09
XR_007068993.1	2318	2090.29	13.7907	0.296908
XR_007068994.1	3528	3300.29	0.666667	0.00909072
XR_007068995.1	3786	3558.29	0	0
XR_007068996.1	1395	1167.29	0	0
XR_007068997.1	7351	7123.29	0	0
XR_007068998.1	7030	6802.29	0	0
XR_007068999.1	6914	6686.29	0	0
XR_007069000.1	7738	7510.29	0	0
XR_007069001.1	6863	6635.29	0	0
XR_007069002.1	3873	3645.29	0	0
XR_007069003.1	1995	1767.29	2.09709	0.0534012
XR_007069004.1	6647	6419.29	0	0
XR_007069005.1	5980	5752.29	0	0
XR_007069006.1	5979	5751.29	26.9799	0.211114
XR_007069007.1	5742	5514.29	0	0
XR_007069008.1	2239	2011.29	0	0
XR_007069009.1	2773	2545.29	0	0
XR_007069010.1	2721	2493.29	0	0
XR_007069011.1	1863	1635.29	5.92824	0.163145
XR_007069012.1	1918	1690.29	0	0
XR_007069013.1	2540	2312.29	0	0
XR_007069014.1	1718	1490.29	0	0
XR_007069015.1	1667	1439.29	0	0
XR_007069016.1	1545	1317.29	0	0
XR_007069017.1	765	537.541	0	0
XR_007069018.1	143	29.7861	1	1.51088
XR_007069019.1	1516	1288.29	0	0
XR_007069020.1	1653	1425.29	4.69542	0.148256
XR_007069021.1	102	15.661	0	0
XR_007069022.1	2626	2398.29	5.00574	0.0939309
XR_007069023.1	773	545.487	0	0
XR_007069024.1	217	67.4458	0	0
XR_007069025.1	7047	6819.29	2.11376e-05	1.39495e-07
XR_007069026.1	6983	6755.29	8.7	0.0579585
XR_007069027.1	2910	2682.29	3	0.0503335
XR_007069028.1	2355	2127.29	0	0
XR_007069029.1	1878	1650.29	0	0
XR_007069030.1	1676	1448.29	0	0
XR_007069031.1	1531	1303.29	0.217124	0.00749734
XR_007069032.1	1876	1648.29	0	0
XR_007069033.1	1674	1446.29	0	0
XR_007069034.1	1529	1301.29	1.78288	0.0616578
XR_007069035.1	4633	4405.29	0	0
XR_007069036.1	4833	4605.29	10.6118	0.103699
XR_007069037.1	329	137.452	0.5	0.163705
XR_007069038.1	690	463.088	0	0
XR_007069040.1	104	15.9806	0	0
XR_007069041.1	104	15.9806	0	0
XR_007069042.1	238	79.3455	0	0
XR_007069043.1	104	15.9806	0	0
XR_007069044.1	104	15.9806	0	0
XR_007069045.1	1825	1597.29	5.68603	0.160202
XR_007069046.1	119	20.6954	0	0
XR_007069047.1	119	20.6954	0	0
XR_007069048.1	119	20.6954	0	0
XR_007069049.1	119	20.6954	0	0
XR_007069050.1	119	20.6954	0	0
XR_007069051.1	119	20.6954	0	0
XR_007069052.1	119	20.6954	0	0
XR_007069053.1	119	20.6954	0	0
XR_007069054.1	119	20.6954	0	0
XR_007069055.1	119	20.6954	0	0
XR_007069056.1	119	20.6954	0	0
XR_007069057.1	119	20.6954	0	0
XR_007069058.1	119	20.6954	0	0
XR_007069059.1	119	20.6954	0	0
XR_007069060.1	119	20.6954	0	0
XR_007069061.1	119	20.6954	0	0
XR_007069062.1	102	15.661	0	0
XR_007069063.1	2809	2581.29	0	0
XR_007069064.1	2526	2298.29	0	0
XR_007069065.1	1656	1428.29	0	0
XR_007069066.1	4969	4741.29	28.9124	0.274429
XR_007069067.1	3379	3151.29	13.1123	0.187255
XR_007069068.1	7735	7507.29	0	0
XR_007069069.1	6699	6471.29	0	0
XR_007069070.1	1434	1206.29	0	0
XR_007069071.1	701	473.947	0	0
XR_007069072.1	751	523.701	0	0
XR_007069073.1	290	111.126	0	0
XR_007069074.1	279	103.985	0	0
XR_007069075.1	290	111.126	0	0
XR_007069077.1	4113	3885.29	0	0
XR_007069079.1	1667	1439.29	0	0
XR_007069080.1	1730	1502.29	37.3307	1.11829
XR_007069081.1	3143	2915.29	1.63902e-05	2.53013e-07
XR_007069082.1	4300	4072.29	13.399	0.148073
XR_007069083.1	525	303.13	0	0
XR_007069084.1	2592	2364.29	3.13894	0.0597481
XR_007069085.1	749	521.701	0	0
XR_007069088.1	581	356.279	1.06961	0.135106
XR_007069089.1	186	51.1319	1	0.880138
XR_007069090.1	574	349.421	0	0
XR_007069091.1	667	440.629	0	0
XR_007069093.1	219	68.5314	0	0
XR_007069094.1	860	632.427	0	0
XR_007069095.1	3839	3611.29	0	0
XR_007069096.1	1353	1125.29	0	0
XR_007069097.1	2224	1996.29	14.6988	0.331361
XR_007069098.1	636	410.055	1.30117	0.142802
XR_007069099.1	534	311.445	0	0
XR_007069100.1	2368	2140.29	6	0.12616
XR_007069101.1	183	49.4606	0	0
XR_007069102.1	3175	2947.29	0.00583957	8.9166e-05
XR_007069103.1	3161	2933.29	3.99416	0.0612791
XR_007069104.1	3581	3353.29	0	0
XR_007069105.1	7838	7610.29	15.0661	0.0890924
XR_007069106.1	319	130.608	0	0
XR_007069107.1	134	26.2749	0	0
XR_007069108.1	104	15.9806	0	0
XR_007069109.1	104	15.9806	0	0
XR_007069110.1	1557	1329.29	3.14956	0.106628
XR_007069111.1	3847	3619.29	0	0
XR_007069112.1	1076	848.293	0	0
XR_007069113.1	1001	773.293	0	0
XR_007069114.1	1246	1018.29	0	0
XR_007069115.1	951	723.293	0.5	0.0311098
XR_007069116.1	964	736.293	0	0
XR_007069117.1	421	209.523	1	0.214789
XR_007069118.1	71	17.0822	0	0
XR_007069119.1	24154	23926.3	42.5391	0.0800119
XR_007069120.1	2676	2448.29	5.5	0.101098
XR_007069121.1	1095	867.293	0	0
XR_007069122.1	922	694.293	0	0
XR_007069123.1	785	557.487	0	0
XR_007069128.1	1195	967.293	0	0
XR_007069129.1	623	397.299	0	0
XR_007069130.1	1287	1059.29	1.51709	0.0644523
XR_007069131.1	716	488.852	0	0
XR_007069132.1	4031	3803.29	0	0
XR_007069133.1	350	152.593	0	0
XR_007069134.1	2033	1805.29	0	0
XR_007069135.1	3445	3217.29	0	0
XR_007069137.1	17958	17730.3	0	0
XR_007069138.1	1827	1599.29	6.91198e-06	1.94499e-07
XR_007069139.1	1811	1583.29	6.70514	0.190585
XR_007069140.1	2084	1856.29	0	0
XR_007069141.1	1827	1599.29	6.91198e-06	1.94499e-07
XR_007069142.1	1824	1596.29	9.06887e-05	2.55672e-06
XR_007069143.1	3806	3578.29	3.914	0.0492252
XR_007069144.1	1752	1524.29	0	0
XR_007069145.1	1736	1508.29	0	0
XR_007069146.1	1580	1352.29	0	0
XR_007069147.1	2156	1928.29	0	0
XR_007069148.1	9073	8845.29	27.7258	0.141063
XR_007069149.1	8071	7843.29	0	0
XR_007069150.1	12994	12766.3	49.7957	0.175537
XR_007069151.1	8469	8241.29	446.276	2.43697
XR_007069152.1	5802	5574.29	24.1229	0.194752
XR_007069153.1	8254	8026.29	0	0
XR_007069154.1	8609	8381.29	55.8895	0.300097
XR_007069155.1	865	637.427	0	0
XR_007069156.1	6760	6532.29	281.708	1.94078
XR_007069157.1	472	254.125	0	0
XR_007069158.1	1319	1091.29	0	0
XR_007069160.1	345	148.943	0	0
XR_007069162.1	2197	1969.29	0	0
XR_007069163.1	2560	2332.29	9	0.173661
XR_007069164.1	2103	1875.29	0	0
XR_007069165.1	1450	1222.29	0	0
XR_007069166.1	1074	846.293	24.8909	1.32362
XR_007069167.1	3439	3211.29	0	0
XR_007069168.1	17336	17108.3	30.8739	0.0812133
XR_007069169.1	3220	2992.29	14.0912	0.211926
XR_007069170.1	794	566.487	0	0
XR_007069171.1	12171	11943.3	31.3445	0.118108
XR_007069172.1	3201	2973.29	0	0
XR_007069173.1	1111	883.293	1.24525	0.0634446
XR_007069174.1	3281	3053.29	0	0
XR_007069175.1	954	726.293	7.88341	0.488477
XR_007069176.1	2779	2551.29	0	0
XR_007069177.1	3183	2955.29	0	0
XR_007069178.1	398	190.353	0	0
XR_007069179.1	38159	37931.3	95.9669	0.113859
XR_007069180.1	36332	36104.3	0	0
XR_007069181.1	38077	37849.3	0.263964	0.000313855
XR_007069182.1	2605	2377.29	6.66613	0.126192
XR_007069183.1	2940	2712.29	0	0
XR_007069184.1	6218	5990.29	3.21333	0.0241407
XR_007069185.1	5173	4945.29	0	0
XR_007069186.1	2307	2079.29	0	0
XR_007069187.1	6788	6560.29	13.3993	0.0919183
XR_007069188.1	1586	1358.29	4.92537	0.163188
XR_007069189.1	695	468.041	0	0
XR_007069190.1	5162	4934.29	31.519	0.287468
XR_007069191.1	1118	890.293	0	0
XR_007069192.1	1397	1169.29	8.48311	0.326493
XR_007069193.1	1100	872.293	0	0
XR_007069194.1	414	203.726	0	0
XR_007069195.1	5866	5638.29	0	0
XR_007069196.1	3576	3348.29	3.58573	0.0481944
XR_007069197.1	2933	2705.29	0	0
XR_007069198.1	2103	1875.29	0	0
XR_007069199.1	2007	1779.29	0	0
XR_007069200.1	1782	1554.29	1.23677	0.0358094
XR_007069201.1	2076	1848.29	0	0
XR_007069202.1	211	64.3426	0	0
XR_007069203.1	762	534.648	0.5	0.0420867
XR_007069204.1	787	559.487	0	0
XR_007069205.1	70	16.7714	0.5	1.34166
XR_007069206.1	921	693.293	0	0
XR_007069207.1	494	274.359	0	0
XR_007069208.1	2050	1822.29	0	0
XR_007069209.1	2520	2292.29	0	0
XR_007069210.1	1563	1335.29	0	0
XR_007069211.1	1513	1285.29	3	0.105042
XR_007069212.1	946	718.293	0	0
XR_007069213.1	6981	6753.29	0	0
XR_007069214.1	6922	6694.29	0	0
XR_007069215.1	4631	4403.29	1	0.0102203
XR_007069216.1	6805	6577.29	0	0
XR_007069217.1	6697	6469.29	0	0
XR_007069218.1	395	187.965	0	0
XR_007069219.1	2423	2195.29	8.42462	0.172703
XR_007069220.1	2374	2146.29	1.76579	0.0370247
XR_007069221.1	365	164.195	2.69587	0.738893
XR_007069222.1	463	245.87	0	0
XR_007069223.1	430	216.949	2.5	0.518589
XR_007069224.1	642	416.014	0	0
XR_007069225.1	777	549.487	0	0
XR_007069226.1	824	596.427	0	0
XR_007069227.1	750	522.701	0	0
XR_007069228.1	1103	875.293	0	0
XR_007069229.1	1099	871.293	0	0
XR_007069230.1	2324	2096.29	0	0
XR_007069231.1	2505	2277.29	0	0
XR_007069232.1	2319	2091.29	0	0
XR_007069233.1	1439	1211.29	0	0
XR_007069234.1	2315	2087.29	0	0
XR_007069235.1	2091	1863.29	0	0
XR_007069236.1	1086	858.293	0	0
XR_007069237.1	4410	4182.29	1.93854e-07	2.08594e-09
XR_007069238.1	3717	3489.29	0	0
XR_007069239.1	4414	4186.29	5.22735e-08	5.61945e-10
XR_007069240.1	1786	1558.29	0	0
XR_007069241.1	3661	3433.29	0	0
XR_007069242.1	4358	4130.29	5.45671	0.0594555
XR_007069243.1	3665	3437.29	0	0
XR_007069244.1	2095	1867.29	0	0
XR_007069245.1	4511	4283.29	0	0
XR_007069246.1	2091	1863.29	0	0
XR_007069247.1	4520	4292.29	0	0
XR_007069248.1	4632	4404.29	0	0
XR_007069249.1	1892	1664.29	0	0
XR_007069250.1	4524	4296.29	0	0
XR_007069251.1	4469	4241.29	0	0
XR_007069252.1	1211	983.293	0	0
XR_007069253.1	5219	4991.29	0	0
XR_007069254.1	903	675.361	0	0
XR_007069255.1	5981	5753.29	0	0
XR_007069256.1	5690	5462.29	0	0
XR_007069257.1	1970	1742.29	2.49369	0.0644114
XR_007069258.1	4460	4232.29	0	0
XR_007069259.1	1614	1386.29	0	0
XR_007069260.1	1157	929.293	0	0
XR_007069261.1	848	620.427	0	0
XR_007069262.1	1072	844.293	0	0
XR_007069263.1	933	705.293	0	0
XR_007069264.1	724	496.802	0	0
XR_007069265.1	4099	3871.29	0	0
XR_007069266.1	3503	3275.29	0	0
XR_007069267.1	4377	4149.29	0	0
XR_007069268.1	3990	3762.29	0	0
XR_007069269.1	3221	2993.29	0	0
XR_007069270.1	3594	3366.29	0	0
XR_007069271.1	2984	2756.29	0	0
XR_007069272.1	2985	2757.29	0	0
XR_007069273.1	3796	3568.29	0	0
XR_007069274.1	3757	3529.29	0	0
XR_007069275.1	3318	3090.29	0	0
XR_007069276.1	4793	4565.29	3.14022	0.0309552
XR_007069277.1	2212	1984.29	0	0
XR_007069278.1	1169	941.293	0	0
XR_007069279.1	1186	958.293	0	0
XR_007069280.1	1390	1162.29	0	0
XR_007069281.1	1147	919.293	1.70229	0.0833341
XR_007069282.1	1168	940.293	1	0.0478607
XR_007069283.1	1025	797.293	0	0
XR_007069284.1	1002	774.293	0	0
XR_007069285.1	695	468.041	0	0
XR_007069286.1	1220	992.293	0	0
XR_007069287.1	980	752.293	0	0
XR_007069288.1	1220	992.293	0	0
XR_007069289.1	980	752.293	0	0
XR_007069290.1	806	578.487	0	0
XR_007069291.1	949	721.293	0	0
XR_007069292.1	774	546.487	0.598553	0.0492907
XR_007069293.1	5838	5610.29	0	0
XR_007069294.1	614	388.495	0	0
XR_007069295.1	951	723.293	0	0
XR_007069296.1	474	256.047	0	0
XR_007069297.1	1412	1184.29	0	0
XR_007069298.1	2026	1798.29	49.2214	1.23179
XR_007069299.1	3582	3354.29	10.7786	0.144611
XR_007069300.1	1192	964.293	4.22992	0.197408
XR_007069301.1	1262	1034.29	0	0
XR_007069302.1	130	24.5498	0	0
XR_007069303.1	11504	11276.3	11.7932	0.0470661
XR_007069304.1	1167	939.293	0	0
XR_007069305.1	1136	908.293	0	0
XR_007069306.1	827	599.427	0	0
XR_007069307.1	1051	823.293	0	0
XR_007069308.1	912	684.293	0	0
XR_007069309.1	703	475.947	2.53785	0.239966
XR_007069310.1	1195	967.293	0	0
XR_007069311.1	400	191.921	0	0
XR_007069312.1	691	464.041	1	0.0969808
XR_007069313.1	805	577.487	0	0
XR_007069314.1	948	720.293	0	0
XR_007069315.1	1794	1566.29	0	0
XR_007069316.1	770	542.487	0	0
XR_007069317.1	949	721.293	0	0
XR_007069318.1	7710	7482.29	4.85504	0.0292012
XR_007069321.1	655	428.76	0	0
XR_007069322.1	651	424.846	0	0
XR_007069323.1	908	680.293	0.0263189	0.00174106
XR_007069324.1	918	690.293	0	0
XR_007069325.1	967	739.293	2.02329	0.123164
XR_007069326.1	1018	790.293	0	0
XR_007069327.1	3205	2977.29	0	0
XR_007069328.1	1164	936.293	0	0
XR_007069329.1	554	330.174	0	0
XR_007069330.1	107	17.0159	0	0
XR_007069331.1	101	15.5262	0	0
XR_007069332.1	101	15.5262	0	0
XR_007069334.1	107	17.0159	0	0
XR_007069335.1	1264	1036.29	20	0.86854
XR_007069336.1	414	203.726	0	0
XR_007069337.1	398	190.353	0	0
XR_007069338.1	7447	7219.29	0	0
XR_007069339.1	3392	3164.29	0	0
XR_007069340.1	2314	2086.29	0	0
XR_007069341.1	1125	897.293	0	0
XR_007069342.1	5200	4972.29	0	0
XR_007069343.1	5207	4979.29	0	0
XR_007069344.1	13394	13166.3	123.6	0.422472
XR_007069345.1	1398	1170.29	0	0
XR_007069348.1	2517	2289.29	0	0
XR_007069349.1	3063	2835.29	0	0
XR_007069350.1	3141	2913.29	0	0
XR_007069351.1	1506	1278.29	0	0
XR_007069352.1	2798	2570.29	0	0
XR_007069353.1	2620	2392.29	0	0
XR_007069354.1	1444	1216.29	0	0
XR_007069355.1	2657	2429.29	0	0
XR_007069356.1	2345	2117.29	0	0
XR_007069357.1	1889	1661.29	0	0
XR_007069358.1	870	642.427	4	0.280206
XR_007069359.1	1678	1450.29	2.40907	0.0747542
XR_007069360.1	8442	8214.29	21.5162	0.11788
XR_007069361.1	4894	4666.29	0	0
XR_007069362.1	4051	3823.29	0	0
XR_007069363.1	5780	5552.29	0	0
XR_007069364.1	3772	3544.29	0	0
XR_007069365.1	2512	2284.29	10.181	0.200576
XR_007069366.1	5069	4841.29	2.49166	0.0231617
XR_007069367.1	2383	2155.29	28.0518	0.585729
XR_007069369.1	3399	3171.29	3.27632	0.0464936
XR_007069370.1	106	16.543	0	0
XR_007069371.1	2178	1950.29	0	0
XR_007069372.1	2171	1943.29	35.8571	0.830383
XR_007069373.1	2164	1936.29	0	0
XR_007069374.1	1986	1758.29	6.07684	0.155535
XR_007069375.1	307	122.069	0	0
XR_007069376.1	351	153.209	0	0
XR_007069377.1	35575	35347.3	137.531	0.1751
XR_007069378.1	35493	35265.3	0.245972	0.000313893
XR_007069379.1	33205	32977.3	20.5341	0.0280222
XR_007069380.1	3480	3252.29	0	0
XR_007069381.1	6434	6206.29	6.31516	0.0457925
XR_007069382.1	1854	1626.29	3.74765	0.103706
XR_007069383.1	299	117.078	5.56577	2.13941
XR_007069384.1	330	138.255	0	0
XR_007069385.1	22676	22448.3	7.59522	0.0152265
XR_007069386.1	778	550.487	0	0
XR_007069387.1	782	554.487	0	0
XR_007069388.1	2746	2518.29	0	0
XR_007069389.1	2206	1978.29	0	0
XR_007069390.1	5895	5667.29	0	0
XR_007069391.1	823	595.427	0	0
XR_007069392.1	2783	2555.29	0	0
XR_007069393.1	2682	2454.29	0	0
XR_007069394.1	3446	3218.29	0	0
XR_007069395.1	3315	3087.29	0	0
XR_007069396.1	3160	2932.29	0	0
XR_007069397.1	3108	2880.29	0	0
XR_007069398.1	2977	2749.29	0	0
XR_007069399.1	2360	2132.29	0	0
XR_007069400.1	2080	1852.29	0	0
XR_007069401.1	2430	2202.29	0	0
XR_007069402.1	2380	2152.29	0	0
XR_007069404.1	4238	4010.29	3.43139	0.0385067
XR_007069405.1	3111	2883.29	3.97696	0.0620732
XR_007069406.1	2347	2119.29	0	0
XR_007069407.1	460	243.274	17.7891	3.2908
XR_007069408.1	337	143.078	0	0
XR_007069409.1	469	251.307	0	0
XR_007069410.1	429	216.04	0	0
XR_007069411.1	426	213.764	0	0
XR_007069412.1	534	311.445	0	0
XR_007069413.1	765	537.541	10.4632	0.875986
XR_007069414.1	433	219.537	0	0
XR_007069415.1	735	507.753	0	0
XR_007069416.1	2043	1815.29	0	0
XR_007069417.1	2038	1810.29	0	0
XR_007069418.1	936	708.293	24.8619	1.57966
XR_007069419.1	2303	2075.29	13.5948	0.294806
XR_007069420.1	468	250.385	5.45634	0.980699
XR_007069421.1	327	136.154	0	0
XR_007069422.1	508	287.414	0	0
XR_007069423.1	553	329.241	1.7672	0.241554
XR_007069424.1	448	232.626	0	0
XR_007069425.1	429	216.04	0	0
XR_007069426.1	473	255.047	1.80773	0.318975
XR_007069427.1	421	209.523	0	0
XR_007069428.1	538	315.318	0	0
XR_007069429.1	379	175.043	1.0165	0.261339
XR_007069430.1	7547	7319.29	9.95756	0.0612246
XR_007069431.1	7771	7543.29	0	0
XR_007069432.1	2512	2284.29	6.74501	0.132884
XR_007069433.1	7914	7686.29	15.6679	0.0917351
XR_007069434.1	829	601.427	27	2.02033
XR_007069435.1	760	532.648	2.28891	0.193388
XR_007069436.1	1779	1551.29	1	0.02901
XR_007069437.1	7742	7514.29	0	0
XR_007069438.1	2953	2725.29	209.906	3.4662
XR_007069440.1	421	209.523	0	0
XR_007069442.1	164	39.7643	0	0
XR_007069443.1	511	290.032	0	0
XR_007069444.1	1393	1165.29	0	0
XR_007069445.1	1952	1724.29	0	0
XR_007069446.1	1240	1012.29	1.47574	0.0656065
XR_007069447.1	1799	1571.29	2.52426	0.0722967
XR_007069448.1	100	15.2776	0	0
XR_007069449.1	760	532.648	0	0
XR_007069450.1	293	113.08	0	0
XR_007069451.1	4420	4192.29	40.099	0.430452
XR_007069452.1	1938	1710.29	0	0
XR_007069453.1	1484	1256.29	3.22127	0.115393
XR_007069454.1	1189	961.293	0	0
XR_007069455.1	3260	3032.29	0	0
XR_007069456.1	1996	1768.29	0	0
XR_007069457.1	141	29.0088	1	1.55136
XR_007069458.1	232	76.0463	0	0
XR_007069459.1	802	574.487	0	0
XR_007069460.1	3447	3219.29	0	0
XR_007069461.1	105	16.2206	0	0
XR_007069462.1	1214	986.293	7.00528	0.31964
XR_007069463.1	469	251.307	1	0.179076
XR_007069464.1	638	412.014	0	0
XR_007069465.1	2787	2559.29	0	0
XR_007069466.1	553	329.241	0	0
XR_007069467.1	1727	1499.29	1.92417	0.0577564
XR_007069468.1	1807	1579.29	0	0
XR_007069469.1	2589	2361.29	7.77696	0.148219
XR_007069470.1	5474	5246.29	8.44835	0.0724706
XR_007069472.1	5602	5374.29	0	0
XR_007069473.1	762	534.648	9.0105	0.758444
XR_007069474.1	12615	12387.3	0	0
XR_007069475.1	12919	12691.3	0	0
XR_007069476.1	2720	2492.29	9.06084	0.163611
XR_007069477.1	1140	912.293	32.2229	1.58954
XR_007069478.1	471	253.178	0	0
XR_007069479.1	616	390.417	0	0
XR_007069480.1	1975	1747.29	1.09587	0.0282252
XR_007069481.1	558	334.107	0	0
XR_007069482.1	1254	1026.29	0	0
XR_007069483.1	633	407.137	0	0
XR_007069484.1	1201	973.293	2.88325	0.133316
XR_007069485.1	633	407.137	0	0
XR_007069486.1	6143	5915.29	19.501	0.148362
XR_007069488.1	17951	17723.3	0	0
XR_007069489.1	17004	16776.3	0	0
XR_007069490.1	6383	6155.29	0	0
XR_007069491.1	16551	16323.3	0	0
XR_007069492.1	15014	14786.3	0	0
XR_007069493.1	17674	17446.3	0	0
XR_007069494.1	17827	17599.3	18.3485	0.046919
XR_007069495.1	15902	15674.3	5.37139	0.015422
XR_007069496.1	13920	13692.3	4.22109	0.0138736
XR_007069497.1	10182	9954.29	0	0
XR_007069498.1	7137	6909.29	0	0
XR_007069499.1	8112	7884.29	36.7416	0.209719
XR_007069500.1	11535	11307.3	0	0
XR_007069501.1	8198	7970.29	0	0
XR_007069502.1	12523	12295.3	0	0
XR_007069503.1	13643	13415.3	0	0
XR_007069504.1	11411	11183.3	0.0017312	6.96659e-06
XR_007069505.1	11033	10805.3	5.74449	0.0239253
XR_007069506.1	11875	11647.3	0	0
XR_007069507.1	12401	12173.3	44.3512	0.163961
XR_007069508.1	12268	12040.3	0	0
XR_007069509.1	104	15.9806	0	0
XR_007069510.1	565	340.768	4	0.528255
XR_007069515.1	8329	8101.29	1.5	0.00833257
XR_007069516.1	1210	982.293	0	0
XR_007069517.1	1042	814.293	0	0
XR_007069518.1	1052	824.293	0	0
XR_007069519.1	75	15.9406	0	0
XR_007069520.1	608	382.573	0	0
XR_007069521.1	752	524.701	0	0
XR_007069522.1	684	457.134	0	0
XR_007069523.1	1943	1715.29	0	0
XR_007069526.1	6953	6725.29	0	0
XR_007069527.1	3962	3734.29	0	0
XR_007069528.1	2422	2194.29	0	0
XR_007069529.1	3071	2843.29	0	0
XR_007069530.1	2372	2144.29	0	0
XR_007069531.1	280	104.615	0	0
XR_007069534.1	773	545.487	0.5	0.0412504
XR_007069535.1	15975	15747.3	34.0858	0.0974114
XR_007069536.1	1311	1083.29	6.16023	0.255914
XR_007069538.1	639	413.014	0	0
XR_007069539.1	1923	1695.29	0	0
XR_007069540.1	1633	1405.29	0	0
XR_007069541.1	1586	1358.29	0	0
XR_007069542.1	4102	3874.29	0.0617291	0.000717034
XR_007069543.1	704	476.947	0	0
XR_007069544.1	1484	1256.29	0	0
XR_007069545.1	10429	10201.3	17.89	0.0789219
XR_007069546.1	1525	1297.29	2.60807	0.0904741
XR_007069547.1	3497	3269.29	0	0
XR_007069548.1	3264	3036.29	0	0
XR_007069549.1	4128	3900.29	0	0
XR_007069550.1	5955	5727.29	0	0
XR_007069551.1	3607	3379.29	0	0
XR_007069552.1	5324	5096.29	0	0
XR_007069553.1	3595	3367.29	0	0
XR_007069554.1	4149	3921.29	0	0
XR_007069555.1	5829	5601.29	0	0
XR_007069556.1	5422	5194.29	0	0
XR_007069557.1	4002	3774.29	0	0
XR_007069558.1	4247	4019.29	0	0
XR_007069559.1	4023	3795.29	0	0
XR_007069560.1	3616	3388.29	3.80583	0.0505488
XR_007069561.1	4654	4426.29	0	0
XR_007069562.1	4782	4554.29	0	0
XR_007069563.1	3705	3477.29	0	0
XR_007069564.1	4780	4552.29	0	0
XR_007069565.1	3949	3721.29	0	0
XR_007069566.1	4307	4079.29	0	0
XR_007069567.1	4238	4010.29	0	0
XR_007069568.1	2287	2059.29	0	0
XR_007069569.1	7161	6933.29	6.14368	0.0398778
XR_007069572.1	3108	2880.29	2.5	0.0390612
XR_007069573.1	3752	3524.29	6.9458	0.0886937
XR_007069574.1	1839	1611.29	0.5	0.0139649
XR_007069575.1	1810	1582.29	4.35606	0.123894
XR_007069576.1	1968	1740.29	16.6938	0.431693
XR_007069578.1	394	187.168	0	0
XR_007069579.1	575	350.386	0	0
XR_007069580.1	1918	1690.29	0	0
XR_007069581.1	1177	949.293	0	0
XR_007069582.1	1851	1623.29	0	0
XR_007069583.1	3071	2843.29	9.74971	0.154316
XR_007069584.1	5593	5365.29	11.1558	0.0935729
XR_007069585.1	215	66.32	0.473081	0.321021
XR_007069586.1	427	214.584	0	0
XR_007069587.1	136	27.1284	0	0
XR_007069588.1	3284	3056.29	0.936366	0.0137877
XR_007069589.1	568	343.63	0	0
XR_007069590.1	371	168.6	0	0
XR_007069591.1	506	285.56	0	0
XR_007069592.1	3385	3157.29	0	0
XR_007069593.1	6985	6757.29	41.6473	0.277368
XR_007069594.1	318	129.815	0	0
XR_007069595.1	1487	1259.29	0	0
XR_007069596.1	340	145.187	0	0
XR_007069597.1	914	686.293	0	0
XR_007069598.1	961	733.293	0	0
XR_007069599.1	961	733.293	0	0
XR_007069605.1	1132	904.293	0	0
XR_007069606.1	943	715.293	0	0
XR_007069607.1	943	715.293	0	0
XR_007069608.1	943	715.293	0	0
XR_007069609.1	1007	779.293	1.39361	0.0804789
XR_007069610.1	943	715.293	0	0
XR_007069611.1	956	728.293	0	0
XR_007069612.1	943	715.293	0	0
XR_007069613.1	1466	1238.29	0	0
XR_007069614.1	1270	1042.29	0	0
XR_007069617.1	827	599.427	0	0
XR_007069618.1	631	405.178	0	0
XR_007069619.1	1270	1042.29	0	0
XR_007069620.1	1327	1099.29	0	0
XR_007069621.1	1232	1004.29	0	0
XR_007069622.1	1302	1074.29	0	0
XR_007069623.1	754	526.701	0	0
XR_007069624.1	1302	1074.29	0	0
XR_007069625.1	1302	1074.29	0	0
XR_007069626.1	1302	1074.29	0	0
XR_007069627.1	1225	997.293	0	0
XR_007069628.1	1225	997.293	0	0
XR_007069629.1	1225	997.293	0	0
XR_007069630.1	754	526.701	0	0
XR_007069631.1	677	450.406	0	0
XR_007069632.1	677	450.406	0	0
XR_007069633.1	677	450.406	0	0
XR_007069634.1	778	550.487	0	0
XR_007069635.1	677	450.406	0	0
XR_007069636.1	7574	7346.29	37.2361	0.228107
XR_007069637.1	7278	7050.29	0	0
XR_007069638.1	7371	7143.29	5.19393	0.032722
XR_007069639.1	1682	1454.29	0	0
XR_007069640.1	1081	853.293	0	0
XR_007069641.1	1025	797.293	0	0
XR_007069642.1	1014	786.293	0	0
XR_007069643.1	2603	2375.29	0.701941	0.0132992
XR_007069644.1	2889	2661.29	4.97551	0.0841371
XR_007069645.1	1650	1422.29	0	0
XR_007069647.1	509	288.355	0.2	0.0312136
XR_007069648.1	1025	797.293	0	0
XR_007069649.1	1461	1233.29	0	0
XR_007069650.1	1451	1223.29	0	0
XR_007069651.1	3487	3259.29	13.7784	0.190247
XR_007069652.1	509	288.355	0.2	0.0312136
XR_007069653.1	1494	1266.29	4.2655e-06	1.51593e-07
XR_007069655.1	331	138.909	0	0
XR_007069656.1	261	92.9009	0	0
XR_007069657.1	939	711.293	7.40858	0.468736
XR_007069658.1	2892	2664.29	0	0
XR_007069659.1	2760	2532.29	0	0
XR_007069660.1	2682	2454.29	0	0
XR_007069661.1	703	475.947	100.451	9.49815
XR_007069662.1	5901	5673.29	0	0
XR_007069663.1	2366	2138.29	0	0
XR_007069664.1	2067	1839.29	0	0
XR_007069665.1	2067	1839.29	0	0
XR_007069666.1	1622	1394.29	0	0
XR_007070607.1	6040	5812.29	0	0
XR_007071491.1	8741	8513.29	0	0
XR_007071492.1	16373	16145.3	0	0
XR_007071493.1	15654	15426.3	99.0963	0.289093
XR_007071494.1	15388	15160.3	0	0
XR_007071495.1	5810	5582.29	3.35693	0.0270628
XR_007071512.1	9379	9151.29	39.9954	0.196685
XR_007071513.1	2443	2215.29	5.18757	0.105384
XR_007072653.1	1506	1278.29	263.179	9.26538
XR_007073104.1	3311	3083.29	0	0
XR_007073105.1	1084	856.293	722.713	37.9827
XR_007073106.1	1243	1015.29	0	0
XR_007073107.1	3882	3654.29	16.0784	0.198008
XR_007073108.1	4648	4420.29	59.5799	0.606584
XR_007073109.1	3421	3193.29	6.99854	0.0986304
XR_007073110.1	4595	4367.29	29.5996	0.305011
XR_007073111.1	5345	5117.29	0	0
XR_007073112.1	2743	2515.29	0	0
XR_007073113.1	5189	4961.29	0	0
XR_007073114.1	5606	5378.29	95.042	0.795267
XR_007073115.1	3710	3482.29	14.6727	0.189621
XR_007073116.1	1943	1715.29	1	0.0262364
XR_007073288.1	6689	6461.29	12.7885	0.0890725
XR_007073748.1	1113	885.293	1.64029	0.0833828
XR_007074202.1	1804	1576.29	1.34465	0.0383896
XR_007074203.1	3160	2932.29	33.2878	0.510881
XR_007074204.1	6342	6114.29	14.1665	0.10427
XR_007074605.1	5271	5043.29	0	0
XR_007074622.1	5226	4998.29	0	0
XR_007075418.1	3820	3592.29	48.3672	0.605928
XR_007075419.1	7998	7770.29	0	0
XR_007075420.1	3946	3718.29	0	0
XR_007076376.1	2534	2306.29	0	0
XR_007076377.1	2506	2278.29	0	0
XR_007076378.1	3491	3263.29	76.3814	1.05335
XR_007076379.1	2435	2207.29	0	0
XR_007076380.1	2332	2104.29	8.57813	0.183455
XR_007076381.1	4692	4464.29	131.175	1.32233
XR_007076382.1	1530	1302.29	11.8748	0.410356
XR_007076383.1	3576	3348.29	70.0726	0.941819
XR_007076384.1	1735	1507.29	0	0
XR_007076385.1	1791	1563.29	0	0
XR_007076386.1	895	667.361	5.26616	0.35512
XR_007076387.1	2357	2129.29	0	0
XR_007076388.1	1553	1325.29	0	0
XR_007076389.1	3033	2805.29	60.0333	0.963066
XR_007076390.1	7254	7026.29	0	0
XR_007076391.1	1956	1728.29	0	0
XR_007076392.1	1973	1745.29	0.197926	0.00510361
XR_007076393.1	3356	3128.29	32.0023	0.460379
XR_007076394.1	1800	1572.29	15.575	0.445797
XR_007076395.1	1700	1472.29	0.285621	0.00873048
XR_007076396.1	1896	1668.29	0	0
XR_007076397.1	1626	1398.29	159.23	5.1247
XR_007076398.1	1992	1764.29	0	0
XR_007076399.1	1913	1685.29	9.16278	0.244678
XR_007076400.1	1817	1589.29	25.1633	0.712535
XR_007076401.1	1934	1706.29	0	0
XR_007076402.1	1640	1412.29	23.0645	0.734955
XR_007076403.1	1838	1610.29	36.2425	1.01288
XR_007076404.1	677	450.406	70.9217	7.08626
XR_007076405.1	677	450.406	70.9217	7.08626
XR_007076406.1	2231	2003.29	0	0
XR_007076407.1	2068	1840.29	17.4508	0.426748
XR_007077528.1	1091	863.293	0	0
XR_007077529.1	8975	8747.29	4.25554e-08	2.18939e-10
XR_007077530.1	10594	10366.3	10.2895	0.0446699
XR_007077531.1	8839	8611.29	0	0
XR_007077532.1	9650	9422.29	0	0
XR_007077533.1	10692	10464.3	10.2915	0.0442598
XR_007077534.1	8349	8121.29	290.415	1.6093
XR_007077535.1	14114	13886.3	46.9265	0.152081
XR_007077536.1	9073	8845.29	61.1617	0.311178
XR_007077537.1	8325	8097.29	734.285	4.081
XR_007077538.1	8609	8381.29	110.864	0.595281
XR_007077539.1	8995	8767.29	0.000521898	2.67893e-06
XR_007077540.1	8897	8669.29	0	0
XR_007077541.1	10614	10386.3	0.000515071	2.23177e-06
XR_007077542.1	10516	10288.3	0.000468664	2.05003e-06
XR_007077543.1	8271	8043.29	0.000921982	5.15859e-06
XR_007077544.1	8558	8330.29	508.895	2.74923
XR_007077545.1	10181	9953.29	0	0
XR_007077546.1	10103	9875.29	0	0
XR_007077547.1	6001	5773.29	0	0
XR_007077548.1	5285	5057.29	15.0696	0.134099
XR_007077549.1	4617	4389.29	12.2819	0.125925
XR_007078319.1	1355	1127.29	0	0
XR_007078551.1	6138	5910.29	0	0
XR_007078552.1	2495	2267.29	0	0
XR_007078553.1	2110	1882.29	0	0
XR_007078554.1	1745	1517.29	0	0
XR_007078555.1	3112	2884.29	0	0
XR_007078556.1	5574	5346.29	0	0
XR_007078557.1	31436	31208.3	61.961	0.0893492
XR_007078558.1	9014	8786.29	3.40182	0.017424
XR_007078559.1	4707	4479.29	20.2057	0.203005
XR_007078560.1	2769	2541.29	0	0
XR_007078561.1	3029	2801.29	0	0
XR_007078562.1	2629	2401.29	11.6734	0.218773
XR_007078563.1	8987	8759.29	4.72834	0.024293
XR_007078564.1	3665	3437.29	0	0
XR_007078565.1	2528	2300.29	0	0
XR_007078566.1	6829	6601.29	10.7442	0.0732469
XR_007078567.1	5051	4823.29	1.48078	0.0138162
XR_007078568.1	2927	2699.29	0	0
XR_007078569.1	6781	6553.29	12.4348	0.085393
XR_007078570.1	2670	2442.29	34.8166	0.64155
XR_007078917.1	4261	4033.29	0	0
XR_007079562.1	3294	3066.29	22.4225	0.329089
XR_007079563.1	3381	3153.29	66.7524	0.952675
XR_007079564.1	2003	1775.29	0	0
XR_007079565.1	2201	1973.29	0	0
XR_007079566.1	3150	2922.29	1.8082	0.0278461
XR_007079567.1	1970	1742.29	0.148088	0.00382509
XR_007079568.1	3138	2910.29	11.0182	0.170379
XR_007079569.1	2581	2353.29	0	0
XR_007079570.1	1379	1151.29	0	0
XR_007079571.1	1648	1420.29	0	0
XR_007079572.1	1207	979.293	489.761	22.5068
XR_007079573.1	793	565.487	676.502	53.838
XR_007079574.1	1641	1413.29	42.4891	1.35297
XR_007080108.1	2685	2457.29	0	0
XR_007080680.1	1759	1531.29	40.294	1.1842
XR_007080681.1	1724	1496.29	119.394	3.59095
XR_007080682.1	1892	1664.29	66.6862	1.80322
XR_007081557.1	1506	1278.29	60.8429	2.14201
XR_007081578.1	1291	1063.29	0	0
XR_007081579.1	1483	1255.29	0	0
XR_007081580.1	5230	5002.29	32.9962	0.29685
XR_007081581.1	5231	5003.29	0	0
XR_007081582.1	15411	15183.3	0	0
XR_007081583.1	2630	2402.29	0	0
XR_007081584.1	980	752.293	0	0
XR_007081585.1	2636	2408.29	45.6699	0.85342
XR_007081586.1	2510	2282.29	15.9222	0.31396
XR_007081587.1	2239	2011.29	3.87645	0.0867363
XR_007081588.1	12986	12758.3	4.91871	0.01735
XR_007081589.1	5025	4797.29	1.8361	0.0172244
XR_007081622.1	7117	6889.29	42.3886	0.276896
XR_007081643.1	2686	2458.29	0	0
XR_007081736.1	948	720.293	3.24523	0.202758
XR_007082254.1	1323	1095.29	0	0
XR_007082293.1	2019	1791.29	0	0
XR_007082522.1	2049	1821.29	14.1881	0.350579
XR_007082530.1	1508	1280.29	10.9884	0.386249
XR_007082531.1	3462	3234.29	4.44859	0.0618992
XR_007082532.1	3803	3575.29	0	0
XR_007082533.1	3411	3183.29	4.16465	0.0588768
XR_007082534.1	1558	1330.29	4.31393e-08	1.45938e-09
XR_007082535.1	2709	2481.29	0	0
XR_007082536.1	2587	2359.29	0	0
XR_007082537.1	993	765.293	11.1009	0.652786
XR_007082538.1	1290	1062.29	4.66586	0.197665
XR_007082539.1	1059	831.293	11.0563	0.598549
XR_007082540.1	2357	2129.29	0	0
XR_007082541.1	3729	3501.29	0	0
XR_007082542.1	3534	3306.29	31.1577	0.424098
XR_007082543.1	6450	6222.29	47.0192	0.340069
XR_007082544.1	7452	7224.29	0.19486	0.00121386
XR_007082545.1	6933	6705.29	0	0
XR_007082546.1	5098	4870.29	0	0
XR_007082547.1	4643	4415.29	0	0
XR_007082548.1	7895	7667.29	49.2224	0.28891
XR_007082549.1	6100	5872.29	0	0
XR_007082550.1	5911	5683.29	1.12265	0.00888968
XR_007082551.1	1261	1033.29	0	0
XR_007083050.1	3261	3033.29	3.23072	0.0479322
XR_007083281.1	3712	3484.29	11.7413	0.15165
XR_007083290.1	2655	2427.29	39.9337	0.740388
XR_007083314.1	3277	3049.29	0.00514103	7.58741e-05
XR_007083519.1	2573	2345.29	0	0
XR_007083520.1	3553	3325.29	23.7544	0.321481
XR_007083521.1	3518	3290.29	0	0
XR_007083522.1	3003	2775.29	71.8464	1.16503
XR_007083684.1	7408	7180.29	0	0
XR_007083702.1	7508	7280.29	0	0
XR_007083713.1	8412	8184.29	0	0
XR_007083715.1	8215	7987.29	0	0
XR_007083723.1	18740	18512.3	0	0
XR_007083735.1	1626	1398.29	37.0221	1.19153
XR_007083740.1	1494	1266.29	11.6714	0.414792
XR_007083742.1	3903	3675.29	58.738	0.719233
XR_007083745.1	3771	3543.29	40.8221	0.518479
XR_007083755.1	14264	14036.3	2.35377e-07	7.54666e-10
XR_007084231.1	1290	1062.29	3.4691	0.146965
XR_007084237.1	1257	1029.29	0	0
XR_007084322.1	2856	2628.29	0	0
XR_007084410.1	1079	851.293	0	0
XR_007084411.1	1582	1354.29	368.067	12.2308
XR_007085257.1	4579	4351.29	13.1782	0.136295
XR_007085611.1	2001	1773.29	69.8935	1.77377
XR_007085617.1	2129	1901.29	0	0
XR_007085624.1	2786	2558.29	484.487	8.52264
XR_007085889.1	5686	5458.29	0	0
XR_007085903.1	7549	7321.29	0	0
XR_007085917.1	5454	5226.29	0	0
XR_007085926.1	7316	7088.29	0	0
XR_007085938.1	6000	5772.29	4.95814	0.0386556
XR_007085954.1	4836	4608.29	0.0240228	0.000234598
XR_007085960.1	4837	4609.29	0.0178415	0.000174196
XR_007086058.1	655	428.76	0	0
XR_007086095.1	3548	3320.29	0	0
XR_007086101.1	3402	3174.29	0	0
XR_007086107.1	3112	2884.29	0	0
XR_007086122.1	1911	1683.29	1	0.0267351
XR_007086128.1	2204	1976.29	0	0
XR_007086154.1	704	476.947	0	0
XR_007086183.1	274	100.891	0	0
XR_007086184.1	337	143.078	0	0
XR_007086185.1	2390	2162.29	1.22359	0.0254662
XR_007086186.1	1539	1311.29	0	0
XR_007086187.1	2250	2022.29	3.71133	0.08259
XR_007086188.1	873	645.427	11.6347	0.811243
XR_007086189.1	1931	1703.29	4.33691	0.114586
XR_007086190.1	442	227.417	0	0
XR_007086191.1	388	182.168	0	0
XR_007086192.1	1284	1056.29	0	0
XR_007086193.1	2067	1839.29	0	0
XR_007086194.1	2868	2640.29	0	0
XR_007086195.1	1600	1372.29	10	0.327941
XR_007086196.1	3732	3504.29	77.2838	0.9925
XR_007086197.1	1348	1120.29	6.7928	0.272872
XR_007086198.1	2695	2467.29	0	0
XR_007086199.1	3448	3220.29	15.1293	0.211429
XR_007086200.1	334	141.098	0	0
XR_007086202.1	1374	1146.29	0	0
XR_007086203.1	2117	1889.29	10.4987	0.250081
XR_007086204.1	1190	962.293	0	0
XR_007086205.1	1063	835.293	3	0.161631
XR_007086206.1	5247	5019.29	0	0
XR_007086207.1	4027	3799.29	1	0.0118451
XR_007086208.1	834	606.427	0	0
XR_007086209.1	686	459.134	0	0
XR_007086210.1	1692	1464.29	3.92187	0.120533
XR_007086211.1	7003	6775.29	10.213	0.0678374
XR_007086212.1	604	378.687	2.42917	0.288682
XR_007086213.1	377	173.351	1	0.259607
XR_007086214.1	388	182.168	0	0
XR_007086215.1	866	638.427	0	0
XR_007086216.1	410	200.199	0	0
XR_007086217.1	921	693.293	0	0
XR_007086218.1	4846	4618.29	10.1924	0.0993204
XR_007086219.1	525	303.13	2.80757	0.416815
XR_007086220.1	2999	2771.29	6	0.0974341
XR_007086221.1	7046	6818.29	0	0
XR_007086222.1	14735	14507.3	22.1446	0.0686947
XR_007086223.1	2087	1859.29	20.695	0.50091
XR_007086224.1	3374	3146.29	16.0544	0.229634
XR_007086225.1	1681	1453.29	0	0
XR_007086226.1	2348	2120.29	6	0.12735
XR_007086227.1	748	520.701	0	0
XR_007086228.1	628	402.259	0	0
XR_007086229.1	1599	1371.29	6.61073	0.216951
XR_007086230.1	17901	17673.3	11.9126	0.0303341
XR_007086231.1	1566	1338.29	9.13329	0.307127
XR_007086232.1	7821	7593.29	10.0315	0.0594536
XR_007086233.1	3638	3410.29	67.0331	0.884586
XR_007086234.1	1258	1030.29	26.7727	1.16943
XR_007086235.1	1776	1548.29	7	0.203464
XR_007086236.1	8722	8494.29	16.3964	0.0868689
XR_007086240.1	5037	4809.29	0	0
XR_007086241.1	4752	4524.29	53.491	0.532074
XR_007086242.1	6139	5911.29	4.00046	0.0304558
XR_007086243.1	2484	2256.29	58	1.15684
XR_007086244.1	8693	8465.29	0	0
XR_007086245.1	1482	1254.29	0	0
XR_007086246.1	690	463.088	2	0.194361
XR_007086247.1	8445	8217.29	22.929	0.125574
XR_007086248.1	1317	1089.29	0	0
XR_007086249.1	323	133.485	1	0.337141
XR_007086250.1	1488	1260.29	4.75718	0.169871
XR_007086251.1	186	51.1319	0	0
XR_007086252.1	3262	3034.29	2.07541	0.0307815
XR_007086254.1	13964	13736.3	15.087	0.0494283
XR_007086255.1	5346	5118.29	0	0
XR_007086256.1	5496	5268.29	0	0
XR_007086257.1	2270	2042.29	0	0
XR_007086258.1	2600	2372.29	0	0
XR_007086259.1	2542	2314.29	0	0
XR_007086260.1	2636	2408.29	0	0
XR_007086261.1	3289	3061.29	5.99338	0.0881067
XR_007086262.1	3530	3302.29	0	0
XR_007086263.1	889	661.427	0	0
XR_007086264.1	871	643.427	3	0.209828
XR_007086265.1	461	244.098	0	0
XR_007086266.1	188	52.1922	0	0
XR_007086267.1	2548	2320.29	3.00068	0.0581995
XR_007086268.1	3061	2833.29	0	0
XR_007086269.1	380	175.793	0	0
XR_007086270.1	3527	3299.29	15.6481	0.213444
XR_007086271.1	3733	3505.29	0	0
XR_007086272.1	3688	3460.29	0	0
XR_007086273.1	672	445.496	1	0.101018
XR_007086274.1	5395	5167.29	22.062	0.192143
XR_007086275.1	136	27.1284	0	0
XR_007086276.1	197	56.9235	1	0.790589
XR_007086277.1	1013	785.293	0	0
XR_007086278.1	697	469.994	0	0
XR_007086279.1	1740	1512.29	0	0
XR_007086280.1	929	701.293	0	0
XR_007086281.1	8795	8567.29	7.50811	0.0394393
XR_007086282.1	2887	2659.29	1	0.0169229
XR_007086283.1	586	361.171	15	1.86905
XR_007086284.1	2641	2413.29	19.3787	0.361373
XR_007086285.1	2701	2473.29	0	0
XR_007086286.1	3846	3618.29	10.1877	0.126711
XR_007086288.1	6821	6593.29	0	0
XR_007086289.1	13944	13716.3	39.1965	0.128603
XR_007086290.1	8149	7921.29	10.1264	0.0575309
XR_007086291.1	359	159.675	0	0
XR_007086292.1	2011	1783.29	1.38292	0.0348993
XR_007086293.1	588	363.135	1.61515	0.200165
XR_007086294.1	3241	3013.29	8.38485	0.125226
XR_007086295.1	637	411.055	0	0
XR_007086296.1	617	391.417	0	0
XR_007086297.1	1667	1439.29	0	0
XR_007086298.1	1834	1606.29	0	0
XR_007086299.1	5134	4906.29	9.01302	0.0826721
XR_007086300.1	804	576.487	0	0
XR_007086301.1	3422	3194.29	2	0.0281772
XR_007086302.1	17055	16827.3	56.3794	0.150782
XR_007086303.1	24287	24059.3	12.2466	0.0229073
XR_007086304.1	9975	9747.29	18.7547	0.0865901
XR_007086305.1	5540	5312.29	4.00025	0.0338881
XR_007086306.1	3854	3626.29	0	0
XR_007086307.1	7307	7079.29	39.7076	0.252421
XR_007086308.1	1078	850.293	1.01319	0.0536245
XR_007086309.1	1106	878.293	0	0
XR_007086310.1	558	334.107	17	2.28984
XR_007086311.1	1371	1143.29	0	0
XR_007086313.1	316	128.304	0	0
XR_007086314.1	631	405.178	1	0.11107
XR_007086315.1	2235	2007.29	2.00021	0.0448443
XR_007086316.1	296	115.202	0	0
XR_007086317.1	1790	1562.29	0	0
XR_007086318.1	5117	4889.29	0	0
XR_007086319.1	1198	970.293	2	0.0927618
XR_007086320.1	3999	3771.29	0	0
XR_007086321.1	1560	1332.29	0	0
XR_007086322.1	5452	5224.29	2	0.0172284
XR_007086323.1	1167	939.293	4.0312	0.193141
XR_007086324.1	283	106.668	0	0
XR_007086325.1	723	495.802	0	0
XR_007086326.1	5369	5141.29	0	0
XR_007086327.1	3539	3311.29	3	0.0407724
XR_007086328.1	728	500.753	0	0
XR_007086329.1	653	426.803	0	0
XR_007086330.1	143	29.7861	0	0
XR_007086331.1	487	267.803	0	0
XR_007086333.1	436	222.144	4.63426	0.938832
XR_007086334.1	396	188.639	2.01951	0.481787
XR_007086335.1	454	237.87	0	0
XR_007086336.1	1794	1566.29	15.0229	0.431642
XR_007086337.1	591	366.025	0	0
XR_007086338.1	824	596.427	0	0
XR_007086339.1	10815	10587.3	4.73753e-07	2.01377e-09
XR_007086340.1	6387	6159.29	0	0
XR_007086341.1	10674	10446.3	45.5527	0.196243
XR_007086342.1	6167	5939.29	0	0
XR_007086343.1	6026	5798.29	1.23303	0.00957006
XR_007086345.1	5736	5508.29	0	0
XR_007086347.1	5611	5383.29	0	0
XR_007086374.1	10329	10101.3	0	0
XR_007086380.1	10183	9955.29	0.000358589	1.62101e-06
XR_007086461.1	341	145.916	2	0.616836
XR_007086472.1	4440	4212.29	1	0.0106837
XR_007086495.1	1276	1048.29	0	0
XR_007086610.1	12801	12573.3	21.6756	0.0775826
XR_007086621.1	3904	3676.29	0	0
XR_007086623.1	2828	2600.29	0	0
XR_007086624.1	221	69.701	0	0
XR_007086626.1	11609	11381.3	0	0
XR_007086704.1	4897	4669.29	4.26618	0.0411178
XR_007086799.1	31282	31054.3	46.2814	0.0670698
XR_007086810.1	1745	1517.29	3.00668	0.0891784
XR_007086821.1	239	79.981	0	0
XR_007086829.1	234	77.1167	0	0
XR_007086836.1	285	107.918	3	1.25104
XR_007086846.1	2555	2327.29	1.17314	0.0226851
XR_007086862.1	1311	1083.29	4	0.166171
XR_007086868.1	1290	1062.29	0	0
XR_007086880.1	988	760.293	0	0
XR_007086906.1	1612	1384.29	2	0.0650196
XR_007086966.1	1915	1687.29	2	0.0533435
XR_007087013.1	261	92.9009	0	0
XR_007087045.1	900	672.361	0	0
XR_007087053.1	942	714.293	0	0
XR_007087069.1	232	76.0463	0	0
XR_007087073.1	379	175.043	0	0
XR_007087079.1	2830	2602.29	0	0
XR_007087089.1	1293	1065.29	0	0
XR_007087095.1	240	80.5243	0	0
XR_007087101.1	685	458.134	0	0
XR_007087106.1	716	488.852	7.66008	0.705178
XR_007087110.1	16219	15991.3	20.3974	0.0574028
XR_007087111.1	741	513.753	0	0
XR_007087112.1	13123	12895.3	1	0.00348988
XR_007087113.1	8875	8647.29	106.601	0.554783
XR_007087114.1	6766	6538.29	0	0
XR_007087115.1	7285	7057.29	22.016	0.140392
XR_007087116.1	1250	1022.29	6.05618	0.266604
XR_007087117.1	955	727.293	0	0
XR_007087118.1	652	425.803	0	0
XR_007087119.1	399	191.106	0	0
XR_007087120.1	271	99.0818	0	0
XR_007087121.1	192	54.1729	0	0
XR_007087122.1	866	638.427	0	0
XR_007087123.1	6625	6397.29	268.068	1.88578
XR_007087126.1	7614	7386.29	13.1605	0.0801838
XR_007087127.1	439	224.747	0	0
XR_007087128.1	4414	4186.29	13.7982	0.148332
XR_007087129.1	1081	853.293	1.09276	0.0576328
XR_007087130.1	2026	1798.29	8	0.200204
XR_007087131.1	575	350.386	0	0
XR_007087132.1	10212	9984.29	21.3819	0.0963763
XR_007087133.1	289	110.463	0	0
XR_007087134.1	705	477.9	0	0
XR_007087135.1	7564	7336.29	12.6578	0.0776471
XR_007087136.1	9566	9338.29	0	0
XR_007087137.1	7158	6930.29	4.01835	0.0260939
XR_007087138.1	1325	1097.29	1.0128	0.0415378
XR_007087139.1	3452	3224.29	18.4058	0.256899
XR_007087140.1	536	313.414	0	0
XR_007087141.1	4367	4139.29	0.0412553	0.000448535
XR_007087142.1	1683	1455.29	0	0
XR_007087143.1	3948	3720.29	8.67261	0.10491
XR_007087144.1	3479	3251.29	0	0
XR_007087145.1	1513	1285.29	0	0
XR_007087146.1	1919	1691.29	0	0
XR_007087147.1	550	326.571	2	0.275609
XR_007087148.1	2141	1913.29	3	0.0705638
XR_007087149.1	3747	3519.29	2.01606	0.0257804
XR_007087150.1	712	484.852	0	0
XR_007087151.1	1066	838.293	14.821	0.795651
XR_007087152.1	783	555.487	21.179	1.71583
XR_007087153.1	769	541.541	0	0
XR_007087154.1	709	481.852	0	0
XR_007087155.1	1235	1007.29	0	0
XR_007087156.1	1441	1213.29	1.07657	0.0399319
XR_007087157.1	2751	2523.29	8.98103	0.160177
XR_007087158.1	2408	2180.29	47.0888	0.971953
XR_007087159.1	565	340.768	2.33563	0.308453
XR_007087160.1	446	230.915	4.62552	0.901468
XR_007087161.1	5694	5466.29	25.669	0.211329
XR_007087162.1	1508	1280.29	4	0.140602
XR_007087163.1	429	216.04	1	0.208309
XR_007087164.1	675	448.496	0	0
XR_007087166.1	3632	3404.29	0	0
XR_007087167.1	833	605.427	0	0
XR_007087168.1	6915	6687.29	0	0
XR_007087169.1	2924	2696.29	2.00019	0.0333846
XR_007087170.1	612	386.495	1.00715	0.117272
XR_007087171.1	3676	3448.29	6	0.078305
XR_007087172.1	466	248.539	0	0
XR_007087173.1	396	188.639	0	0
XR_007087174.1	1098	870.293	7.90819	0.408934
XR_007087175.1	1098	870.293	0	0
XR_007087176.1	1098	870.293	7.90819	0.408934
XR_007087177.1	579	354.315	0	0
XR_007087178.1	4066	3838.29	3.03316	0.0355631
XR_007087179.1	764	536.541	0	0
XR_007087180.1	611	385.534	0	0
XR_007087181.1	416	205.291	0	0
XR_007087182.1	1835	1607.29	0	0
XR_007087184.1	12828	12600.3	10.5241	0.0375878
XR_007087185.1	10793	10565.3	17.4743	0.0744322
XR_007087186.1	10987	10759.3	0	0
XR_007087187.1	6558	6330.29	2.20171	0.0156523
XR_007087188.1	1785	1557.29	4.02539	0.116327
XR_007087189.1	3823	3595.29	12	0.150207
XR_007087190.1	3823	3595.29	15.1518	0.189659
XR_007087191.1	3085	2857.29	13.6221	0.214552
XR_007087192.1	1572	1344.29	0	0
XR_007087193.1	1667	1439.29	12.3037	0.384705
XR_007087194.1	208	62.9017	1	0.715451
XR_007087195.1	2591	2363.29	2.33857	0.0445322
XR_007087196.1	211	64.3426	0	0
XR_007087197.1	1177	949.293	2	0.0948139
XR_007087201.1	2206	1978.29	3.54148	0.0805632
XR_007087202.1	291	111.803	0	0
XR_007087203.1	3741	3513.29	18.5939	0.238176
XR_007087204.1	2460	2232.29	2.62082	0.0528358
XR_007087205.1	3778	3550.29	8.03019	0.10179
XR_007087206.1	642	416.014	0	0
XR_007087207.1	551	327.472	0	0
XR_007087208.1	1250	1022.29	0	0
XR_007087209.1	1556	1328.29	0	0
XR_007087210.1	3903	3675.29	3	0.0367343
XR_007087211.1	383	178.191	0	0
XR_007087213.1	607	381.611	0	0
XR_007087214.1	291	111.803	0.880776	0.354532
XR_007087215.1	7235	7007.29	4.5296	0.0290906
XR_007087216.1	7095	6867.29	11.2312	0.0736008
XR_007087217.1	4382	4154.29	0	0
XR_007087218.1	3099	2871.29	0	0
XR_007087219.1	1209	981.293	31.0689	1.42485
XR_007087220.1	705	477.9	22	2.07171
XR_007087221.1	4349	4121.29	85.0395	0.928602
XR_007087222.1	1205	977.293	3.18389	0.146614
XR_007087223.1	408	198.624	0	0
XR_007087224.1	397	189.558	0	0
XR_007087225.1	2017	1789.29	1.00041	0.0251616
XR_007087226.1	302	119.035	0	0
XR_007087227.1	309	123.455	0	0
XR_007087228.1	4605	4377.29	2	0.0205621
XR_007087229.1	1987	1759.29	1.0334	0.0264347
XR_007087230.1	2114	1886.29	4.88037	0.116436
XR_007087231.1	505	284.56	1	0.15815
XR_007087232.1	242	81.454	0	0
XR_007087233.1	3296	3068.29	13.0692	0.191688
XR_007087234.1	483	264.32	0	0
XR_007087235.1	606	380.649	0	0
XR_007087236.1	401	192.714	0	0
XR_007087237.1	4002	3774.29	0	0
XR_007087238.1	1291	1063.29	0	0
XR_007087239.1	1333	1105.29	1	0.040716
XR_007087240.1	397	189.558	0	0
XR_007087241.1	273	100.242	1	0.448945
XR_007087242.1	702	474.947	0	0
XR_007087243.1	2410	2182.29	0	0
XR_007087244.1	592	367.025	1	0.122616
XR_007087245.1	6807	6579.29	5.0028	0.0342197
XR_007087246.1	3012	2784.29	95.3502	1.54116
XR_007087247.1	761	533.648	0	0
XR_007087248.1	191	53.6233	0	0
XR_007087249.1	295	114.56	0	0
XR_007087250.1	20331	20103.3	9.18487	0.0205612
XR_007087251.1	9417	9189.29	0	0
XR_007087252.1	27722	27494.3	0	0
XR_007087253.1	25982	25754.3	8.16744	0.0142718
XR_007087254.1	4214	3986.29	1.00213	0.0113135
XR_007087258.1	1058	830.293	2.19443	0.118941
XR_007087259.1	7830	7602.29	0	0
XR_007087264.1	266	95.93	0	0
XR_007087265.1	372	169.412	0	0
XR_007087266.1	6307	6079.29	17	0.125846
XR_007087267.1	8293	8065.29	0.000258367	1.44165e-06
XR_007087268.1	8229	8001.29	14.3173	0.0805276
XR_007087269.1	1807	1579.29	0	0
XR_007087270.1	1740	1512.29	1	0.0297582
XR_007087271.1	4605	4377.29	7.12415	0.0732436
XR_007087272.1	1474	1246.29	0	0
XR_007087273.1	4197	3969.29	95	1.07709
XR_007087274.1	560	336.006	0	0
XR_007087275.1	372	169.412	0	0
XR_007087276.1	534	311.445	0	0
XR_007087277.1	4506	4278.29	0	0
XR_007087278.1	4264	4036.29	0	0
XR_007087279.1	259	91.7167	0	0
XR_007087280.1	363	162.855	0	0
XR_007087281.1	3446	3218.29	9.79389	0.136953
XR_007087282.1	772	544.487	0	0
XR_007087283.1	1508	1280.29	0	0
XR_007087284.1	3470	3242.29	0.010676	0.000148184
XR_007087285.1	27127	26899.3	0	0
XR_007087286.1	26441	26213.3	28.6045	0.0491083
XR_007087287.1	380	175.793	0	0
XR_007087288.1	9516	9288.29	35.9524	0.174194
XR_007087289.1	9561	9333.29	0.047644	0.000229729
XR_007087290.1	552	328.307	0	0
XR_007087292.1	485	265.994	0	0
XR_007087293.1	2228	2000.29	11.4534	0.257682
XR_007087294.1	973	745.293	0	0
XR_007087295.1	4206	3978.29	2.00912	0.0227275
XR_007087296.1	1094	866.293	4.02532	0.209111
XR_007087297.1	4081	3853.29	1.02271	0.0119444
XR_007087307.1	29741	29513.3	36.1314	0.0550947
XR_007087308.1	3265	3037.29	1.76258	0.0261158
XR_007087309.1	5184	4956.29	1.31351	0.0119266
XR_007087310.1	13013	12785.3	6.0114	0.0211596
XR_007087311.1	728	500.753	0	0
XR_007087312.1	38411	38183.3	27.935	0.0329244
XR_007087313.1	454	237.87	0	0
XR_007087314.1	2557	2329.29	7.01671	0.135566
XR_007087315.1	1266	1038.29	0	0
XR_007087316.1	353	154.998	0	0
XR_007087317.1	2170	1942.29	0	0
XR_007087318.1	2677	2449.29	2	0.0367478
XR_007087319.1	1628	1400.29	0	0
XR_007087320.1	229	74.1994	0	0
XR_007087321.1	7615	7387.29	2	0.0121839
XR_007087322.1	201	59.1453	3.00692	2.28794
XR_007087323.1	803	575.487	0	0
XR_007087324.1	770	542.487	0	0
XR_007087325.1	762	534.648	0	0
XR_007087326.1	661	434.717	0	0
XR_007087327.1	489	269.721	0	0
XR_007087328.1	1706	1478.29	0	0
XR_007087329.1	7628	7400.29	15.7135	0.0955576
XR_007087330.1	3791	3563.29	0	0
XR_007087331.1	956	728.293	2	0.123585
XR_007087332.1	40758	40530.3	109.089	0.121128
XR_007087333.1	1736	1508.29	3	0.0895113
XR_007087379.1	265	95.2601	0	0
XR_007087392.1	8145	7917.29	4.99627	0.0283996
XR_007087400.1	6821	6593.29	0	0
XR_007087404.1	6375	6147.29	1.72986	0.0126639
XR_007087407.1	12535	12307.3	3.34768	0.0122412
XR_007087454.1	1512	1284.29	1	0.0350411
XR_007087465.1	7394	7166.29	10	0.0627983
XR_007087543.1	267	96.6399	0	0
XR_007087580.1	211	64.3426	0	0
XR_007087590.1	7900	7672.29	1	0.00586566
XR_007087614.1	451	235.213	0.500049	0.0956739
XR_007087780.1	1721	1493.29	3	0.0904104
XR_007087791.1	5309	5081.29	131.723	1.16662
XR_007087796.1	2886	2658.29	3.02213	0.0511626
XR_007087797.1	4722	4494.29	10.057	0.100705
XR_007087815.1	480	261.78	0	0
XR_007087817.1	477	258.967	0	0
XR_007087819.1	476	257.994	0	0
XR_007087827.1	481	262.672	0	0
XR_007087885.1	1877	1649.29	0	0
XR_007087903.1	330	138.255	0	0
XR_007087918.1	2156	1928.29	18.0382	0.420982
XR_007087938.1	3143	2915.29	0	0
XR_007088012.1	1882	1654.29	16.1967	0.440611
XR_007088015.1	945	717.293	0	0
XR_007088030.1	1912	1684.29	0	0
XR_007088035.1	2000	1772.29	0	0
XR_007088047.1	9682	9454.29	4.31197	0.0205253
XR_007088051.1	2793	2565.29	3.8245	0.0670934
XR_007088052.1	2146	1918.29	10.0846	0.236585
XR_007088053.1	227	73.0147	1	0.616356
XR_007088054.1	608	382.573	0	0
XR_007088055.1	2061	1833.29	1.07595	0.0264121
XR_007088056.1	34888	34660.3	49.8305	0.0647002
XR_007088057.1	1548	1320.29	0	0
XR_007088058.1	380	175.793	0	0
XR_007088059.1	2920	2692.29	25.7523	0.430464
XR_007088060.1	5771	5543.29	7.51335	0.0609969
XR_007088061.1	3078	2850.29	1.32643	0.0209429
XR_007088062.1	803	575.487	0	0
XR_007088063.1	393	186.228	0	0
XR_007088064.1	4204	3976.29	1	0.0113178
XR_007088065.1	5462	5234.29	0	0
XR_007088066.1	24082	23854.3	5.43151	0.010247
XR_007088067.1	603	377.687	0	0
XR_007088068.1	2407	2179.29	0	0
XR_007088069.1	2669	2441.29	0	0
XR_007088070.1	1166	938.293	0	0
XR_007088071.1	1095	867.293	0	0
XR_007088072.1	1727	1499.29	0	0
XR_007088073.1	2426	2198.29	0	0
XR_007088074.1	4534	4306.29	2.1444	0.0224101
XR_007088075.1	2175	1947.29	5.92969	0.137038
XR_007088076.1	1289	1061.29	0	0
XR_007088077.1	832	604.427	0	0
XR_007088078.1	349	151.837	0	0
XR_007088079.1	316	128.304	0	0
XR_007088080.1	9298	9070.29	19.0933	0.094733
XR_007088081.1	592	367.025	0	0
XR_007088082.1	254	88.6424	0	0
XR_007088083.1	285	107.918	0	0
XR_007088084.1	807	579.487	0	0
XR_007088085.1	325	134.886	0	0
XR_007088086.1	343	147.405	0	0
XR_007088087.1	322	132.775	0	0
XR_007088088.1	511	290.032	3	0.465498
XR_007088089.1	750	522.701	0	0
XR_007088090.1	454	237.87	0	0
XR_007088091.1	1623	1395.29	3	0.0967605
XR_007088092.1	4878	4650.29	16.4738	0.159425
XR_007088093.1	996	768.293	1	0.0585754
XR_007088094.1	899	671.361	0	0
XR_007088095.1	446	230.915	1	0.19489
XR_007088096.1	393	186.228	4	0.966621
XR_007088097.1	282	105.999	5	2.1228
XR_007088098.1	1425	1197.29	0	0
XR_007088099.1	1518	1290.29	11.0263	0.384579
XR_007088100.1	3131	2903.29	10.7147	0.166085
XR_007088101.1	2024	1796.29	4.54904	0.113969
XR_007088102.1	794	566.487	0	0
XR_007088103.1	916	688.293	7	0.457685
XR_007088104.1	531	308.697	0	0
XR_007088105.1	270	98.4585	0	0
XR_007088106.1	233	76.5946	0	0
XR_007088107.1	287	109.221	0	0
XR_007088108.1	1373	1145.29	0	0
XR_007088109.1	1202	974.293	1	0.0461905
XR_007088110.1	1258	1030.29	0	0
XR_007088111.1	1453	1225.29	0	0
XR_007088112.1	1062	834.293	0	0
XR_007088113.1	688	461.088	0	0
XR_007088114.1	1142	914.293	1	0.0492217
XR_007088115.1	265	95.2601	0	0
XR_007088116.1	536	313.414	0	0
XR_007088117.1	3436	3208.29	1.0098	0.0141645
XR_007088118.1	1119	891.293	0	0
XR_007088119.1	3142	2914.29	9.00987	0.139132
XR_007088120.1	1240	1012.29	0	0
XR_007088121.1	4253	4025.29	7.87556	0.0880493
XR_007088122.1	4673	4445.29	0	0
XR_007088123.1	3997	3769.29	1	0.0119394
XR_007088124.1	993	765.293	0.763662	0.0449071
XR_007088125.1	3047	2819.29	0	0
XR_007088126.1	7190	6962.29	6.16641	0.0398587
XR_007088127.1	2203	1975.29	1	0.022783
XR_007088128.1	3102	2874.29	0	0
XR_007088129.1	2050	1822.29	0	0
XR_007088130.1	2496	2268.29	0	0
XR_007088131.1	1929	1701.29	0	0
XR_007088132.1	1894	1666.29	0	0
XR_007088133.1	664	437.717	0	0
XR_007088134.1	8587	8359.29	3.02437	0.016282
XR_007088135.1	673	446.496	0	0
XR_007088136.1	627	401.259	0	0
XR_007088137.1	996	768.293	0	0
XR_007088138.1	1527	1299.29	0	0
XR_007088139.1	2037	1809.29	0	0
XR_007088140.1	28623	28395.3	27.02	0.0428234
XR_007088143.1	13321	13093.3	12.0008	0.041248
XR_007088145.1	3167	2939.29	0	0
XR_007088146.1	771	543.487	0	0
XR_007088147.1	1047	819.293	0	0
XR_007088163.1	5405	5177.29	58	0.504159
XR_007088215.1	12377	12149.3	16.0753	0.0595458
XR_007088244.1	4130	3902.29	7	0.0807273
XR_007088257.1	6786	6558.29	3.00025	0.0205878
XR_007088272.1	3063	2835.29	0	0
XR_007088281.1	883	655.427	0	0
XR_007088291.1	567	342.699	0	0
XR_007088385.1	705	477.9	0.000209936	1.97694e-05
XR_007088398.1	1284	1056.29	0.979931	0.0417497
XR_007088410.1	2228	2000.29	0	0
XR_007088436.1	2153	1925.29	0	0
XR_007088647.1	397	189.558	0	0
XR_007088648.1	703	475.947	0	0
XR_007088649.1	814	586.487	0	0
XR_007088650.1	292	112.493	0	0
XR_007088651.1	514	292.795	0	0
XR_007088652.1	448	232.626	0	0
XR_007088653.1	2015	1787.29	0	0
XR_007088654.1	6180	5952.29	5	0.0378032
XR_007088655.1	239	79.981	0	0
XR_007088656.1	1548	1320.29	1	0.0340857
XR_007088657.1	1697	1469.29	0	0
XR_007088658.1	6606	6378.29	4	0.0282227
XR_007088659.1	826	598.427	0	0
XR_007088660.1	866	638.427	0	0
XR_007088661.1	798	570.487	0	0
XR_007088662.1	3392	3164.29	0	0
XR_007088663.1	626	400.259	0	0
XR_007088664.1	2085	1857.29	0	0
XR_007088665.1	266	95.93	0	0
XR_007088666.1	3534	3306.29	0	0
XR_007088667.1	1598	1370.29	0	0
XR_007088669.1	248	84.9745	0	0
XR_007088670.1	2159	1931.29	5.70751e-06	1.32997e-07
XR_007088671.1	2153	1925.29	0.000406561	9.50323e-06
XR_007088672.1	2215	1987.29	0	0
XR_007088673.1	2142	1914.29	1.04894	0.0246595
XR_007088674.1	296	115.202	0	0
XR_007088675.1	822	594.427	0	0
XR_007088676.1	648	421.846	0	0
XR_007088679.1	472	254.125	0	0
XR_007088680.1	240	80.5243	0	0
XR_007088681.1	5757	5529.29	3	0.0244171
XR_007088682.1	4088	3860.29	2	0.0233159
XR_007088683.1	1066	838.293	0	0
XR_007088684.1	1658	1430.29	5.21495	0.164084
XR_007088685.1	2159	1931.29	0	0
XR_007088686.1	1974	1746.29	0	0
XR_007088687.1	1972	1744.29	0	0
XR_007088688.1	750	522.701	0	0
XR_007088689.1	4556	4328.29	0	0
XR_007088690.1	6444	6216.29	12.1752	0.0881427
XR_007088691.1	6429	6201.29	0	0
XR_007088692.1	517	295.585	2	0.304501
XR_007088693.1	6380	6152.29	147.149	1.07637
XR_007088694.1	5957	5729.29	43.614	0.342584
XR_007088695.1	6005	5777.29	0	0
XR_007088696.1	6428	6200.29	7.36036	0.0534231
XR_007088697.1	7932	7704.29	601.431	3.51314
XR_007088698.1	3850	3622.29	3	0.0372718
XR_007088699.1	333	140.38	0	0
XR_007088701.1	840	612.427	0	0
XR_007088702.1	1072	844.293	0	0
XR_007088703.1	141	29.0088	1	1.55136
XR_007088704.1	62	19.3947	0	0
XR_007088705.1	61	19.9714	1	2.25337
XR_007088706.1	199	58.0114	0	0
XR_007088707.1	70	16.7714	0	0
XR_007088708.1	134	26.2749	0	0
XR_007088709.1	133	26.0376	0	0
XR_007088710.1	132	25.5516	0	0
XR_007088711.1	129	24.2036	0	0
XR_007088712.1	79	15.3333	0	0
XR_007088713.1	68	17.931	0	0
XR_007088714.1	71	17.0822	0	0
XR_007088715.1	127	23.5955	0	0
XR_007088716.1	137	27.4645	0	0
XR_007088717.1	134	26.2749	0	0
XR_007088718.1	135	26.7198	0	0
XR_007088719.1	138	27.821	0	0
XR_007088720.1	123	22.1632	0	0
XR_007088721.1	183	49.4606	0	0
XR_007088722.1	185	50.4591	0	0
XR_007088723.1	134	26.2749	0	0
XR_007088724.1	132	25.5516	0	0
XR_007088725.1	135	26.7198	0	0
XR_007088726.1	134	26.2749	0	0
XR_007088727.1	128	23.852	0	0
XR_007088728.1	148	32.2992	2	2.78664
XR_007088729.1	69	17.25	0	0
XR_007088730.1	65	17.8776	0	0
XR_007088731.1	112	18.5095	0	0
XR_007088732.1	128	23.852	0	0
XR_007088733.1	60	18.9714	0	0
XR_007088734.1	104	15.9806	4	11.2644
XR_007088735.1	104	15.9806	0	0
XR_007088736.1	104	15.9806	0	0
XR_007088737.1	103	15.7909	0	0
XR_007088738.1	103	15.7909	0	0
XR_007088739.1	105	16.2206	0	0
XR_007088740.1	105	16.2206	0	0
XR_007088741.1	104	15.9806	0	0
XR_007088742.1	101	15.5262	0	0
XR_007088743.1	104	15.9806	0	0
XR_007088744.1	104	15.9806	0	0
XR_007088745.1	104	15.9806	0	0
XR_007088746.1	103	15.7909	0	0
XR_007088747.1	104	15.9806	0	0
XR_007088748.1	104	15.9806	0	0
XR_007088749.1	104	15.9806	0	0
XR_007088750.1	104	15.9806	0	0
XR_007088751.1	107	17.0159	0	0
XR_007088752.1	104	15.9806	0	0
XR_007088753.1	104	15.9806	0	0
XR_007088754.1	102	15.661	1	2.87358
XR_007088755.1	105	16.2206	0	0
XR_007088756.1	103	15.7909	0	0
XR_007088757.1	105	16.2206	0	0
XR_007088758.1	104	15.9806	0	0
XR_007088759.1	100	15.2776	0	0
XR_007088760.1	103	15.7909	0	0
XR_007088761.1	105	16.2206	15	41.6166
XR_007088762.1	103	15.7909	0	0
XR_007088763.1	103	15.7909	0	0
XR_007088764.1	101	15.5262	0	0
XR_007088765.1	102	15.661	0	0
XR_007088766.1	104	15.9806	0	0
XR_007088767.1	104	15.9806	0	0
XR_007088768.1	99	15.1945	0	0
XR_007088769.1	101	15.5262	0	0
XR_007088770.1	135	26.7198	1	1.68426
XR_007088771.1	213	65.3686	0	0
XR_007088772.1	216	66.8958	0	0
XR_007088773.1	216	66.8958	0	0
XR_007090409.1	5631	5403.29	22.0203	0.183403
XR_007093273.1	3055	2827.29	0	0
XR_007093307.1	2329	2101.29	0	0
XR_007093316.1	3007	2779.29	0	0
XR_007093326.1	2284	2056.29	0	0
XR_007093335.1	2409	2181.29	0	0
XR_007093366.1	3004	2776.29	0	0
XR_007094382.1	1176	948.293	17.9931	0.853898
XR_007095622.1	6138	5910.29	2.34176e-08	1.7831e-10
XR_007095623.1	6051	5823.29	15.8229	0.122282
XR_007095624.1	3529	3301.29	10.3088	0.140529
XR_007095625.1	1700	1472.29	81.2239	2.48274
XR_007095626.1	2153	1925.29	19.1016	0.446493
XR_007095627.1	2098	1870.29	21.8556	0.525891
XR_007095628.1	2092	1864.29	4.87488e-05	1.17677e-06
XR_007095629.1	1371	1143.29	0	0
XR_007095630.1	1035	807.293	37.5757	2.09468
XR_007095631.1	1001	773.293	0	0
XR_007095632.1	1269	1041.29	0	0
XR_007095633.1	1244	1016.29	0	0
XR_007095634.1	1160	932.293	0	0
XR_007095635.1	1172	944.293	0	0
XR_007095636.1	1145	917.293	0	0
XR_007095637.1	1516	1288.29	0	0
XR_007095638.1	1511	1283.29	0	0
XR_007095639.1	1447	1219.29	0	0
XR_007095640.1	1442	1214.29	0	0
XR_007095641.1	1222	994.293	0	0
XR_007095642.1	2710	2482.29	31.6187	0.573236
XR_007095643.1	2707	2479.29	0	0
XR_007095644.1	5537	5309.29	17.2383	0.146117
XR_007095645.1	2069	1841.29	0	0
XR_007095646.1	3943	3715.29	2.30758	0.0279516
XR_007095647.1	1117	889.293	164.696	8.3345
XR_007095648.1	3586	3358.29	0	0
XR_007095649.1	3655	3427.29	21.5549	0.283034
XR_007095650.1	1288	1060.29	0	0
XR_007095651.1	3405	3177.29	0	0
XR_007095652.1	5949	5721.29	0	0
XR_007095653.1	4803	4575.29	11.1543	0.109715
XR_007095654.1	5007	4779.29	0	0
XR_007095655.1	4998	4770.29	0	0
XR_007095656.1	3917	3689.29	0	0
XR_007095657.1	4016	3788.29	0	0
XR_007095658.1	4501	4273.29	0	0
XR_007095659.1	1985	1757.29	0	0
XR_007095660.1	1290	1062.29	5.12604	0.21716
XR_007095661.1	2474	2246.29	2.5079	0.0502443
XR_007095662.1	8416	8188.29	139.215	0.765129
XR_007095663.1	5784	5556.29	31.218	0.25285
XR_007095664.1	17732	17504.3	7.02626	0.0180643
XR_007095665.1	3582	3354.29	0	0
XR_007095666.1	3744	3516.29	0	0
XR_007095667.1	2059	1831.29	2.98621	0.0733845
XR_007095668.1	1298	1070.29	0	0
XR_007095669.1	1432	1204.29	0	0
XR_007095670.1	7400	7172.29	35.1321	0.220439
XR_007095671.1	6244	6016.29	165.696	1.23944
XR_007095672.1	6060	5832.29	0	0
XR_007095673.1	6236	6008.29	0	0
XR_007095674.1	6314	6086.29	3.1644	0.0233981
XR_007095675.1	1393	1165.29	0	0
XR_007095676.1	1723	1495.29	0	0
XR_007095677.1	2553	2325.29	0	0
XR_007095678.1	3318	3090.29	7.0569	0.102768
XR_007095679.1	2336	2108.29	0.0739646	0.00157883
XR_007095680.1	1261	1033.29	32.363	1.40951
XR_007095681.1	3218	2990.29	0	0
XR_007095682.1	1282	1054.29	62.9373	2.68651
XR_007095683.1	6386	6158.29	0	0
XR_007095684.1	5657	5429.29	11.5055	0.0953681
XR_007095685.1	5480	5252.29	0	0
XR_007095686.1	4751	4523.29	10.7192	0.106647
XR_007095687.1	3606	3378.29	0	0
XR_007095688.1	2877	2649.29	0	0
XR_007095689.1	1608	1380.29	0	0
XR_007095690.1	1155	927.293	89.9598	4.3659
XR_007095691.1	1337	1109.29	0	0
XR_007095692.1	16590	16362.3	27.7835	0.0764162
XR_007095693.1	2650	2422.29	0	0
XR_007095694.1	10550	10322.3	27.699	0.120762
XR_007095695.1	5599	5371.29	44.0159	0.368785
XR_007095696.1	1057	829.293	0	0
XR_007095697.1	2263	2035.29	0	0
XR_007095698.1	5956	5728.29	0	0
XR_007095699.1	3170	2942.29	225.871	3.45475
XR_007095700.1	2671	2443.29	0	0
XR_007095701.1	2605	2377.29	0	0
XR_007095702.1	911	683.293	0	0
XR_007095703.1	874	646.427	18.3056	1.2744
XR_007095704.1	922	694.293	3.6236	0.234876
XR_007095705.1	1744	1516.29	518.479	15.3883
XR_007095706.1	1386	1158.29	17.6342	0.68514
XR_007095707.1	1975	1747.29	84.7002	2.18153
XR_007095708.1	4564	4336.29	28.3495	0.294218
XR_007095709.1	4097	3869.29	1.04881e-05	1.21985e-07
XR_007095710.1	4028	3800.29	0.606632	0.00718374
XR_007095711.1	7723	7495.29	0	0
XR_007095712.1	7461	7233.29	7.29165	0.0453662
XR_007095713.1	2159	1931.29	0	0
XR_007095714.1	2156	1928.29	0	0
XR_007095715.1	934	706.293	5.95594	0.379496
XR_007095716.1	1608	1380.29	29.2857	0.954831
XR_007095717.1	4267	4039.29	0.000104313	1.16218e-06
XR_007095718.1	4087	3859.29	66.7723	0.778629
XR_007095719.1	4051	3823.29	0	0
XR_007095720.1	14435	14207.3	1080.66	3.42311
XR_007095721.1	1973	1745.29	53.2184	1.37226
XR_007095722.1	2283	2055.29	14.2509	0.312041
XR_007095723.1	2317	2089.29	0	0
XR_007095724.1	2084	1856.29	48.7902	1.18285
XR_007095725.1	1025	797.293	0	0
XR_007095726.1	9137	8909.29	71.7448	0.362401
XR_007095727.1	3040	2812.29	0	0
XR_007095728.1	1969	1741.29	267.88	6.92326
XR_007095729.1	3787	3559.29	17.4701	0.220888
XR_007095730.1	9455	9227.29	0	0
XR_007095731.1	4749	4521.29	0	0
XR_007095732.1	9555	9327.29	0	0
XR_007095733.1	6882	6654.29	12.4213	0.0840058
XR_007095734.1	9624	9396.29	1.68138	0.00805288
XR_007095735.1	9460	9232.29	0	0
XR_007095736.1	2026	1798.29	0	0
XR_007095737.1	2385	2157.29	0	0
XR_007095738.1	2328	2100.29	49.8598	1.06835
XR_007095739.1	2691	2463.29	7.87548	0.143881
XR_007095740.1	2643	2415.29	0.422442	0.00787118
XR_007095741.1	3002	2774.29	1.02675	0.0166554
XR_007095742.1	1948	1720.29	0	0
XR_007095743.1	2250	2022.29	5.46991e-05	1.21725e-06
XR_007095744.1	1410	1182.29	0	0
XR_007095745.1	1353	1125.29	0	0
XR_007095746.1	1275	1047.29	9.78887	0.420636
XR_007095747.1	1257	1029.29	0	0
XR_007095748.1	1243	1015.29	4.084	0.181024
XR_007095749.1	1200	972.293	9.99246	0.462506
XR_007095750.1	1563	1335.29	0.388412	0.0130906
XR_007095751.1	1175	947.293	5.03476	0.239187
XR_007095752.1	2342	2114.29	0	0
XR_007095753.1	1688	1460.29	0	0
XR_007095754.1	1573	1345.29	0	0
XR_007095755.1	1516	1288.29	10.528	0.367769
XR_007095756.1	1265	1037.29	28.2092	1.22386
XR_007095757.1	3125	2897.29	0.408147	0.00633967
XR_007095758.1	2507	2279.29	0	0
XR_007095759.1	2435	2207.29	56.4617	1.15116
XR_007095760.1	2327	2099.29	0.00597425	0.000128071
XR_007095761.1	2981	2753.29	0	0
XR_007095762.1	2984	2756.29	0	0
XR_007095763.1	1379	1151.29	41.3267	1.61543
XR_007095764.1	6611	6383.29	0	0
XR_007095765.1	7870	7642.29	0	0
XR_007095766.1	6247	6019.29	0	0
XR_007095767.1	6227	5999.29	77.17	0.578883
XR_007095768.1	1175	947.293	323.945	15.3896
XR_007095769.1	1128	900.293	775.161	38.7481
XR_007095770.1	532	309.634	120.471	17.5096
XR_007095771.1	1791	1563.29	33.9193	0.976448
XR_007095772.1	5251	5023.29	0.187495	0.00167975
XR_007095773.1	5204	4976.29	0.0387549	0.00035048
XR_007095774.1	5184	4956.29	0	0
XR_007095775.1	6714	6486.29	17.4198	0.120861
XR_007095776.1	5083	4855.29	11.089	0.102783
XR_007095777.1	5130	4902.29	14.7816	0.135695
XR_007095778.1	5092	4864.29	0.00411019	3.80264e-05
XR_007095779.1	3297	3069.29	74.6322	1.09428
XR_007095780.1	3225	2997.29	616.295	9.25341
XR_007095781.1	2624	2396.29	3.23334	0.0607231
XR_007095782.1	212	64.9181	0	0
XR_007095783.1	1821	1593.29	0	0
XR_007095784.1	857	629.427	0	0
XR_007095785.1	487	267.803	0	0
XR_007095786.1	914	686.293	1.00051	0.0656075
XR_007095787.1	6176	5948.29	0	0
XR_007095788.1	5970	5742.29	1.36557	0.0107022
XR_007095789.1	1421	1193.29	6.07716	0.22919
XR_007095790.1	413	202.921	0	0
XR_007095791.1	296	115.202	2.71539	1.06076
XR_007095792.1	397	189.558	0	0
XR_007095793.1	391	184.59	0	0
XR_007095794.1	12112	11884.3	15.3643	0.0581811
XR_007095795.1	864	636.427	0	0
XR_007095796.1	9018	8790.29	10.3528	0.0530024
XR_007095797.1	774	546.487	0	0
XR_007095798.1	1653	1425.29	0	0
XR_007095799.1	1124	896.293	0	0
XR_007095800.1	1014	786.293	0	0
XR_007095801.1	362	162.038	0	0
XR_007095812.1	735	507.753	0	0
XR_007095813.1	753	525.701	0	0
XR_007095814.1	13257	13029.3	0	0
XR_007095815.1	1445	1217.29	3.04458	0.112557
XR_007095816.1	2109	1881.29	20.9784	0.501832
XR_007095817.1	3217	2989.29	6.43177	0.0968288
XR_007095818.1	2167	1939.29	9.06308	0.210317
XR_007095819.1	549	325.637	0	0
XR_007095820.1	2247	2019.29	0	0
XR_007095821.1	960	732.293	0	0
XR_007095822.1	6148	5920.29	0	0
XR_007095823.1	1604	1376.29	0	0
XR_007095824.1	1405	1177.29	0	0
XR_007095825.1	3233	3005.29	3.00023	0.0449273
XR_007095826.1	6706	6478.29	10.0087	0.0695279
XR_007095827.1	605	379.687	0	0
XR_007095828.1	1881	1653.29	0	0
XR_007095829.1	1422	1194.29	2.00852	0.0756847
XR_007095830.1	199	58.0114	0	0
XR_007095831.1	4534	4306.29	17.5767	0.183686
XR_007095832.1	4678	4450.29	10.1258	0.102396
XR_007095833.1	5655	5427.29	6.43568	0.0533646
XR_007095834.1	3799	3571.29	65.6546	0.827336
XR_007095835.1	528	305.914	0	0
XR_007095836.1	992	764.293	0	0
XR_007095837.1	1146	918.293	1	0.0490073
XR_007095838.1	6978	6750.29	0	0
XR_007095839.1	10315	10087.3	7.41009	0.0330591
XR_007095840.1	15992	15764.3	35	0.0999162
XR_007095841.1	1081	853.293	1.59173	0.0839487
XR_007095842.1	15117	14889.3	2.00646	0.00606456
XR_007095843.1	535	312.445	1	0.144035
XR_007095844.1	5521	5293.29	7.90058	0.06717
XR_007095845.1	2195	1967.29	3.33827	0.076365
XR_007095846.1	989	761.293	0	0
XR_007095847.1	2528	2300.29	2	0.0391281
XR_007095848.1	292	112.493	0	0
XR_007095849.1	395	187.965	0	0
XR_007095850.1	5452	5224.29	30.2715	0.260764
XR_007095851.1	1368	1140.29	16	0.63146
XR_007095852.1	332	139.579	0	0
XR_007095853.1	373	170.281	0	0
XR_007095854.1	1367	1139.29	14.7106	0.58108
XR_007095855.1	531	308.697	5	0.728921
XR_007095856.1	604	378.687	0	0
XR_007095857.1	465	247.59	0	0
XR_007095858.1	4629	4401.29	7.01242	0.0717018
XR_007095859.1	7019	6791.29	1.04872	0.00694944
XR_007095860.1	656	429.76	1.28422	0.13448
XR_007095861.1	341	145.916	2	0.616836
XR_007095862.1	2854	2626.29	2.764	0.0473627
XR_007095864.1	6251	6023.29	0	0
XR_007095865.1	4527	4299.29	0	0
XR_007095866.1	4455	4227.29	0	0
XR_007095867.1	1281	1053.29	0	0
XR_007095868.1	1111	883.293	0	0
XR_007095869.1	4278	4050.29	37.4687	0.416317
XR_007095870.1	486	266.912	4.65333	0.78458
XR_007095871.1	395	187.965	0	0
XR_007095872.1	1126	898.293	0	0
XR_007095873.1	4112	3884.29	0	0
XR_007095874.1	3807	3579.29	1	0.0125732
XR_007095875.1	4715	4487.29	5.25786	0.0527311
XR_007095876.1	2131	1903.29	0	0
XR_007095877.1	820	592.487	0	0
XR_007095878.1	823	595.427	2	0.151162
XR_007095879.1	4715	4487.29	6	0.060174
XR_007095880.1	5662	5434.29	0	0
XR_007095881.1	3784	3556.29	0	0
XR_007095882.1	5318	5090.29	0	0
XR_007095883.1	846	618.427	0	0
XR_007095884.1	3029	2801.29	0	0
XR_007095885.1	680	453.225	0	0
XR_007095886.1	757	529.648	0	0
XR_007095887.1	2549	2321.29	1	0.0193871
XR_007095888.1	462	244.971	0	0
XR_007095889.1	5484	5256.29	14.8399	0.127056
XR_007095890.1	1298	1070.29	0	0
XR_007095891.1	2959	2731.29	4	0.0659074
XR_007095892.1	912	684.293	0	0
XR_007095893.1	4691	4463.29	4.33959	0.0437558
XR_007095894.1	347	150.34	0	0
XR_007095895.1	2302	2074.29	4.00039	0.0867909
XR_007095896.1	6174	5946.29	2	0.0151365
XR_007095897.1	815	587.487	0	0
XR_007095898.1	728	500.753	0	0
XR_007095899.1	1523	1295.29	0	0
XR_007095900.1	438	223.888	0	0
XR_007095901.1	263	94.0409	0	0
XR_007095902.1	202	59.5762	0	0
XR_007095903.1	574	349.421	0	0
XR_007095904.1	2956	2728.29	21.0091	0.346544
XR_007095905.1	1771	1543.29	10.2508	0.298919
XR_007095906.1	1097	869.293	0	0
XR_007095907.1	1497	1269.29	0	0
XR_007095908.1	2234	2006.29	0	0
XR_007095910.1	452	236.066	0	0
XR_007095911.1	1443	1215.29	0	0
XR_007095912.1	205	61.3237	0	0
XR_007095913.1	4529	4301.29	4.01155	0.0419716
XR_007095914.1	588	363.135	0	0
XR_007095915.1	246	83.7785	0	0
XR_007095916.1	1319	1091.29	7	0.288668
XR_007095917.1	273	100.242	2	0.897891
XR_007095918.1	918	690.293	0	0
XR_007095919.1	383	178.191	0	0
XR_007095920.1	379	175.043	0	0
XR_007095921.1	324	134.113	0	0
XR_007095922.1	3528	3300.29	4	0.0545443
XR_007095923.1	2779	2551.29	2	0.0352786
XR_007095924.1	1281	1053.29	0	0
XR_007095925.1	1183	955.293	0	0
XR_007095926.1	1165	937.293	0	0
XR_007095927.1	1102	874.293	0	0
XR_007095928.1	359	159.675	1	0.281843
XR_007095929.1	3711	3483.29	9.0028	0.116313
XR_007095930.1	1478	1250.29	0	0
XR_007095931.1	1482	1254.29	0	0
XR_007095932.1	1541	1313.29	0	0
XR_007095933.1	1107	879.293	5.26314	0.269373
XR_007095934.1	422	210.345	0	0
XR_007095935.1	97731	97503.3	28.6156	0.0132076
XR_007095936.1	42908	42680.3	6.46445	0.00681626
XR_007095937.1	42850	42622.3	41.708	0.0440377
XR_007095938.1	291	111.803	0	0
XR_007095939.1	4510	4282.29	8	0.0840729
XR_007095940.1	12917	12689.3	36.176	0.1283
XR_007095941.1	12516	12288.3	13.0079	0.0476385
XR_007095942.1	32003	31775.3	74.9464	0.106146
XR_007095943.1	2216	1988.29	36	0.814825
XR_007095944.1	6933	6705.29	0	0
XR_007095945.1	6799	6571.29	0	0
XR_007095946.1	436	222.144	0	0
XR_007095947.1	876	648.427	0	0
XR_007095948.1	410	200.199	0	0
XR_007095949.1	869	641.427	0	0
XR_007095950.1	629	403.218	0	0
XR_007095951.1	54397	54169.3	75.144	0.0624286
XR_007095952.1	296	115.202	0	0
XR_007095953.1	2053	1825.29	0	0
XR_007095954.1	233	76.5946	0	0
XR_007095955.1	1966	1738.29	32	0.828456
XR_007095956.1	14277	14049.3	13.2132	0.0423249
XR_007095957.1	396	188.639	0	0
XR_007095958.1	926	698.293	0	0
XR_007095959.1	871	643.427	0	0
XR_007095960.1	259	91.7167	0	0
XR_007095961.1	548	324.67	0	0
XR_007095962.1	684	457.134	0	0
XR_007095963.1	1343	1115.29	0	0
XR_007095964.1	2676	2448.29	5.5	0.101098
XR_007095965.1	26737	26509.3	1.08526	0.00184237
XR_007095966.1	436	222.144	0	0
XR_007095967.1	433	219.537	0	0
XR_007095968.1	344	148.132	0	0
XR_007095969.1	391	184.59	0	0
XR_007095970.1	487	267.803	0	0
XR_007095971.1	344	148.132	0	0
XR_007095972.1	431	217.835	0	0
XR_007095973.1	697	469.994	0	0
XR_007095974.1	2663	2435.29	0	0
XR_007095975.1	2658	2430.29	0	0
XR_007095976.1	1415	1187.29	1	0.0379039
XR_007095979.1	398	190.353	1	0.236419
XR_007095981.1	661	434.717	19.8975	2.05985
XR_007095982.1	9606	9378.29	0	0
XR_007095983.1	9383	9155.29	6.25842	0.0307634
XR_007095984.1	5781	5553.29	0	0
XR_007095985.1	5957	5729.29	1.02558	0.00805585
XR_007095986.1	13092	12864.3	50.0031	0.174925
XR_007095987.1	2072	1844.29	2.00094	0.0488254
XR_007095988.1	2981	2753.29	0	0
XR_007095989.1	11066	10838.3	27.3696	0.113645
XR_007095990.1	486	266.912	0	0
XR_007095991.1	4491	4263.29	0	0
XR_007095992.1	2735	2507.29	2	0.0358977
XR_007095993.1	4184	3956.29	5.10572	0.0580779
XR_007095994.1	966	738.293	0	0
XR_007095995.1	6942	6714.29	17.0695	0.11441
XR_007095996.1	4235	4007.29	1.00713	0.0113104
XR_007095997.1	4038	3810.29	0	0
XR_007095998.1	1187	959.293	0	0
XR_007095999.1	1621	1393.29	1	0.0322998
XR_007096000.1	764	536.541	0	0
XR_007096001.1	1346	1118.29	6.02611	0.242507
XR_007096002.1	219	68.5314	0	0
XR_007096003.1	8332	8104.29	14.6832	0.0815358
XR_007096004.1	771	543.487	2.35376	0.194902
XR_007096005.1	2787	2559.29	3	0.0527526
XR_007096006.1	5947	5719.29	21	0.165242
XR_007096007.1	3684	3456.29	24.6934	0.321523
XR_007096008.1	308	122.763	0	0
XR_007096009.1	8617	8389.29	2.01169	0.0107914
XR_007096010.1	981	753.293	12	0.716901
XR_007096011.1	408	198.624	1	0.226574
XR_007096012.1	434	220.399	1	0.204189
XR_007096013.1	1535	1307.29	2.74306	0.094429
XR_007096014.1	9538	9310.29	5	0.0241685
XR_007096015.1	34658	34430.3	16.3818	0.0214123
XR_007096021.1	30099	29871.3	0	0
XR_007096022.1	34752	34524.3	14.3145	0.0186592
XR_007096023.1	313	126.323	0	0
XR_007096024.1	215	66.32	0	0
XR_007096025.1	447	231.819	0	0
XR_007096026.1	513	291.914	0	0
XR_007096027.1	10886	10658.3	32.6957	0.138053
XR_007096028.1	4654	4426.29	0	0
XR_007096029.1	4444	4216.29	20.787	0.221872
XR_007096030.1	26767	26539.3	620.296	1.05185
XR_007096032.1	4079	3851.29	0	0
XR_007096033.1	3997	3769.29	0	0
XR_007096034.1	4896	4668.29	18.6533	0.179821
XR_007096035.1	434	220.399	0	0
XR_007096036.1	4357	4129.29	11.6204	0.126645
XR_007096037.1	4653	4425.29	6.8325	0.0694832
XR_007096038.1	3696	3468.29	0	0
XR_007096039.1	1056	828.293	1.39589	0.0758417
XR_007096040.1	805	577.487	0	0
XR_007096041.1	272	99.7041	0	0
XR_007096042.1	376	172.561	0	0
XR_007096043.1	4612	4384.29	6.02777	0.0618728
XR_007096044.1	2316	2088.29	5	0.107751
XR_007096045.1	9941	9713.29	19.5679	0.0906609
XR_007096046.1	4051	3823.29	37.7912	0.444832
XR_007096047.1	2381	2153.29	0	0
XR_007096048.1	2361	2133.29	0	0
XR_007096049.1	3857	3629.29	25.2928	0.31363
XR_007096050.1	2193	1965.29	0	0
XR_007096051.1	1635	1407.29	11.0593	0.353659
XR_007096052.1	818	590.487	0	0
XR_007096053.1	815	587.487	0	0
XR_007096054.1	1132	904.293	0	0
XR_007096055.1	481	262.672	0	0
XR_007096056.1	333	140.38	2	0.64116
XR_007096057.1	3393	3165.29	0	0
XR_007096058.1	3239	3011.29	0	0
XR_007096059.1	2638	2410.29	11.4865	0.214466
XR_007096060.1	4010	3782.29	5.51355	0.0656022
XR_007096061.1	2792	2564.29	0	0
XR_007096062.1	3310	3082.29	0	0
XR_007096063.1	3320	3092.29	0	0
XR_007096064.1	642	416.014	0	0
XR_007096065.1	1137	909.293	0	0
XR_007096066.1	2897	2669.29	0.00124058	2.09155e-05
XR_007096067.1	2884	2656.29	1.00118	0.0169621
XR_007096068.1	977	749.293	0	0
XR_007096069.1	1012	784.293	0	0
XR_007096070.1	1136	908.293	1.00091	0.0495918
XR_007096071.1	575	350.386	0	0
XR_007096072.1	1351	1123.29	7.86847	0.315239
XR_007096073.1	2261	2033.29	0	0
XR_007096074.1	1406	1178.29	1.00086	0.0382261
XR_007096075.1	1293	1065.29	1	0.0422448
XR_007096076.1	517	295.585	0	0
XR_007096077.1	1898	1670.29	8.13271	0.219121
XR_007096079.1	579	354.315	0	0
XR_007096080.1	1404	1176.29	0	0
XR_007096081.1	472	254.125	0	0
XR_007096082.1	1851	1623.29	4	0.110893
XR_007096083.1	576	351.35	0	0
XR_007096084.1	284	107.25	0	0
XR_007096085.1	341	145.916	0	0
XR_007096086.1	1696	1468.29	9	0.275849
XR_007096088.1	776	548.487	0	0
XR_007096089.1	776	548.487	0	0
XR_007096090.1	704	476.947	0	0
XR_007096091.1	404	195.215	0	0
XR_007096092.1	829	601.427	0	0
XR_007096093.1	1029	801.293	0	0
XR_007096094.1	6325	6097.29	14.4667	0.106776
XR_007096109.1	632	406.137	0	0
XR_007096110.1	810	582.487	5	0.386301
XR_007096111.1	2829	2601.29	1.5057	0.026049
XR_007096112.1	2771	2543.29	22.8479	0.404289
XR_007096113.1	508	287.414	0	0
XR_007096114.1	467	249.436	1.47785	0.266633
XR_007096115.1	10876	10648.3	198.021	0.836899
XR_007096116.1	11967	11739.3	3.01074	0.0115418
XR_007096117.1	226	72.4338	0	0
XR_007096118.1	757	529.648	0	0
XR_007096119.1	5317	5089.29	8.70642	0.0769883
XR_007096120.1	6640	6412.29	19.966	0.140127
XR_007096121.1	886	658.427	0	0
XR_007096122.1	1373	1145.29	0	0
XR_007096123.1	424	212.011	0	0
XR_007096124.1	32832	32604.3	20.7825	0.0286857
XR_007096125.1	3625	3397.29	0	0
XR_007096126.1	808	580.487	0	0
XR_007096127.1	3973	3745.29	0	0
XR_007096128.1	2970	2742.29	179.11	2.93932
XR_007096131.1	654	427.803	0	0
XR_007096132.1	193	54.7097	0	0
XR_007096133.1	473	255.047	0	0
XR_007096134.1	202	59.5762	0	0
XR_007096135.1	388	182.168	0	0
XR_007096136.1	1154	926.293	2	0.0971681
XR_007096137.1	595	369.951	0	0
XR_007096138.1	636	410.055	0	0
XR_007096139.1	1235	1007.29	0	0
XR_007096140.1	1169	941.293	0	0
XR_007096141.1	11519	11291.3	47.2572	0.188351
XR_007096142.1	1947	1719.29	25	0.654383
XR_007096143.1	10734	10506.3	1.03202	0.0044206
XR_007096144.1	4294	4066.29	1.00017	0.0110692
XR_007096145.1	257	90.3934	0	0
XR_007096146.1	5334	5106.29	1.19101	0.0104967
XR_007096147.1	5327	5099.29	7.81105	0.0689353
XR_007096148.1	13720	13492.3	19.6934	0.0656866
XR_007096149.1	4346	4118.29	8.48964	0.0927715
XR_007096150.1	4051	3823.29	7.92893	0.0933296
XR_007096151.1	13265	13037.3	50.5656	0.174546
XR_007096152.1	18620	18392.3	15.0585	0.0368459
XR_007096153.1	1279	1051.29	2.02054	0.0864938
XR_007096154.1	1012	784.293	3.11714	0.178863
XR_007096155.1	1670	1442.29	4.21892	0.131641
XR_007096156.1	4398	4170.29	4.5861	0.0494902
XR_007096157.1	2481	2253.29	4.02603	0.0804084
XR_007096158.1	598	372.913	1	0.12068
XR_007096159.1	538	315.318	0	0
XR_007096160.1	1490	1262.29	0	0
XR_007096161.1	1288	1060.29	0	0
XR_007096162.1	1409	1181.29	0	0
XR_007096163.1	1829	1601.29	0	0
XR_007096164.1	686	459.134	0	0
XR_007096165.1	594	368.988	0	0
XR_007096166.1	420	208.678	0	0
XR_007096167.1	1308	1080.29	0	0
XR_007096168.1	9577	9349.29	3.03963	0.0146313
XR_007096169.1	19839	19611.3	19.2106	0.0440837
XR_007096170.1	971	743.293	0	0
XR_007096171.1	1921	1693.29	0	0
XR_007096172.1	501	280.906	0	0
XR_007096173.1	370	167.861	1	0.268097
XR_007096174.1	2664	2436.29	0	0
XR_007096175.1	784	556.487	0	0
XR_007096176.1	295	114.56	5	1.96417
XR_007096177.1	3707	3479.29	0	0
XR_007096178.1	3724	3496.29	0	0
XR_007096179.1	3627	3399.29	7	0.0926727
XR_007096180.1	3522	3294.29	9.90589	0.135324
XR_007096181.1	333	140.38	13	4.16754
XR_007096182.1	607	381.611	0	0
XR_007096183.1	2490	2262.29	12	0.238712
XR_007096184.1	179	47.3322	0	0
XR_007096187.1	496	276.219	0	0
XR_007096188.1	3343	3115.29	43.0246	0.621528
XR_007096189.1	457	240.449	0	0
XR_007096191.1	1217	989.293	0	0
XR_007096193.1	611	385.534	1	0.116729
XR_007096194.1	1512	1284.29	0	0
XR_007096195.1	5016	4788.29	0	0
XR_007096196.1	4822	4594.29	0.000372432	3.64813e-06
XR_007096197.1	4791	4563.29	4.00169	0.0394646
XR_007096198.1	6621	6393.29	22.0623	0.155299
XR_007096199.1	2771	2543.29	9.69744	0.171594
XR_007096200.1	2716	2488.29	0	0
XR_007096201.1	1835	1607.29	4	0.111997
XR_007096202.1	6660	6432.29	4.02596	0.0281674
XR_007096203.1	7705	7477.29	38.3661	0.230911
XR_007096204.1	3842	3614.29	4.39178	0.054684
XR_007096205.1	2171	1943.29	8	0.185265
XR_007096208.1	6782	6554.29	11.0498	0.0758702
XR_007096209.1	2738	2510.29	5	0.0896371
XR_007096210.1	1046	818.293	0	0
XR_007096211.1	591	366.025	0	0
XR_007096212.1	5012	4784.29	3	0.0282193
XR_007096213.1	941	713.293	1	0.063092
XR_007096215.1	777	549.487	0	0
XR_007096216.1	470	252.282	0	0
XR_007096217.1	431	217.835	0	0
XR_007096218.1	5996	5768.29	1	0.0078018
XR_007096219.1	502	281.791	0	0
XR_007096220.1	508	287.414	0	0
XR_007096221.1	24651	24423.3	15.0685	0.0277657
XR_007096222.1	3452	3224.29	27.9083	0.389531
XR_007096223.1	4518	4290.29	1.00355	0.0105267
XR_007096224.1	297	115.768	0	0
XR_007096225.1	1974	1746.29	6.00004	0.154625
XR_007096226.1	3577	3349.29	2	0.0268732
XR_007096227.1	86	16.0191	19	53.3773
XR_007096228.1	1419	1191.29	3.21694	0.121525
XR_007096229.1	4975	4747.29	18.7831	0.178058
XR_007096230.1	2088	1860.29	0	0
XR_007096231.1	1785	1557.29	0	0
XR_007096232.1	2091	1863.29	0	0
XR_007096233.1	1990	1762.29	0	0
XR_007096234.1	1277	1049.29	0	0
XR_007096235.1	1174	946.293	0	0
XR_007096236.1	1807	1579.29	0	0
XR_007096237.1	812	584.487	0	0
XR_007096238.1	658	431.717	4.31364	0.449662
XR_007096239.1	823	595.427	0	0
XR_007096240.1	779	551.487	0	0
XR_007096241.1	1089	861.293	0	0
XR_007096243.1	8926	8698.29	148.92	0.770481
XR_007096244.1	405	196.152	0	0
XR_007096245.1	483	264.32	0	0
XR_007096246.1	4515	4287.29	76.3558	0.801495
XR_007096247.1	320	131.369	0	0
XR_007096248.1	6268	6040.29	9	0.0670543
XR_007096249.1	972	744.293	0	0
XR_007096250.1	1538	1310.29	4.48666	0.154098
XR_007096251.1	579	354.315	0	0
XR_007096252.1	1867	1639.29	2.0045	0.0550289
XR_007096253.1	11415	11187.3	74.0131	0.297732
XR_007096254.1	11423	11195.3	1.28698e-07	5.17343e-10
XR_007096255.1	11711	11483.3	25.6176	0.100396
XR_007096256.1	8664	8436.29	7581.37	40.4425
XR_007096257.1	562	337.904	0	0
XR_007096258.1	1327	1099.29	0	0
XR_007096259.1	1933	1705.29	8.63742	0.227944
XR_007096260.1	212	64.9181	0	0
XR_007096262.1	475	257.02	0	0
XR_007096263.1	1324	1096.29	0	0
XR_007096264.1	4681	4453.29	7	0.070739
XR_007096265.1	4763	4535.29	0	0
XR_007096266.1	4993	4765.29	0	0
XR_007096267.1	7461	7233.29	1	0.00622166
XR_007096268.1	709	481.852	0	0
XR_007096269.1	331	138.909	0	0
XR_007096270.1	5583	5355.29	18.649	0.156717
XR_007096271.1	5940	5712.29	2	0.0157566
XR_007096272.1	5636	5408.29	10.2484	0.0852783
XR_007096273.1	5873	5645.29	7.38217	0.0588491
XR_007096274.1	4442	4214.29	3.00552	0.0320949
XR_007096275.1	2734	2506.29	3	0.0538681
XR_007096276.1	876	648.427	1	0.0694034
XR_007096277.1	1209	981.293	0	0
XR_007096278.1	1074	846.293	0	0
XR_007096279.1	276	102.102	0	0
XR_007096280.1	267	96.6399	0	0
XR_007096281.1	1409	1181.29	0	0
XR_007096282.1	4752	4524.29	1.00402	0.00998697
XR_007096283.1	3975	3747.29	0	0
XR_007096284.1	2294	2066.29	2.11645	0.0460955
XR_007096285.1	588	363.135	0	0
XR_007096286.1	597	371.913	0	0
XR_007096287.1	432	218.698	0	0
XR_007096288.1	3177	2949.29	2.67555	0.0408261
XR_007096289.1	2466	2238.29	4.48902	0.0902562
XR_007096290.1	3641	3413.29	5.19279	0.0684651
XR_007096291.1	1824	1596.29	0	0
XR_007096292.1	3027	2799.29	0.681433	0.0109551
XR_007096293.1	11511	11283.3	1.62101	0.00646536
XR_007096294.1	1190	962.293	0	0
XR_007096295.1	1589	1361.29	5.20579	0.172099
XR_007096296.1	108	17.4905	2	5.146
XR_007096297.1	63	18.1395	0	0
XR_007096298.1	66	18.52	0	0
XR_007096299.1	136	27.1284	0	0
XR_007096300.1	136	27.1284	0	0
XR_007096301.1	132	25.5516	0	0
XR_007096302.1	129	24.2036	0	0
XR_007096303.1	134	26.2749	6	10.2767
XR_007096304.1	134	26.2749	0	0
XR_007096305.1	72	16.5875	0	0
XR_007096306.1	131	24.9698	0	0
XR_007096307.1	135	26.7198	0	0
XR_007096308.1	128	23.852	0	0
XR_007096309.1	128	23.852	0	0
XR_007096310.1	138	27.821	0	0
XR_007096311.1	128	23.852	0	0
XR_007096312.1	124	22.454	0	0
XR_007096313.1	104	15.9806	0	0
XR_007096314.1	105	16.2206	0	0
XR_007096315.1	104	15.9806	1	2.81611
XR_007096316.1	104	15.9806	0	0
XR_007096317.1	104	15.9806	0	0
XR_007096318.1	103	15.7909	0	0
XR_007096319.1	104	15.9806	0	0
XR_007096320.1	106	16.543	0	0
XR_007096321.1	104	15.9806	0	0
XR_007096322.1	104	15.9806	0	0
XR_007096323.1	101	15.5262	0	0
XR_007096324.1	104	15.9806	0	0
XR_007096325.1	104	15.9806	0	0
XR_007096326.1	104	15.9806	0	0
XR_007096327.1	101	15.5262	0	0
XR_007096328.1	101	15.5262	0	0
XR_007096329.1	103	15.7909	0	0
XR_007096330.1	104	15.9806	0	0
XR_007096331.1	104	15.9806	0	0
XR_007096333.1	106	16.543	0	0
XR_007096334.1	100	15.2776	0	0
XR_007096335.1	108	17.4905	0	0
XR_007096336.1	101	15.5262	0	0
XR_007096337.1	103	15.7909	0	0
XR_007096338.1	102	15.661	0	0
XR_007096339.1	100	15.2776	0	0
XR_007096340.1	166	40.7947	0	0
XR_007096341.1	216	66.8958	0	0
XR_007096342.1	212	64.9181	0	0
XR_007096343.1	217	67.4458	0	0
XR_007096344.1	213	65.3686	0	0
XR_007096345.1	208	62.9017	0	0
XR_007096346.1	212	64.9181	0	0
XR_007096347.1	4674	4446.29	14.7496	0.149288
XR_007096348.1	7398	7170.29	0	0
XR_007096349.1	7457	7229.29	0	0
XR_007096350.1	7255	7027.29	0	0
XR_007096351.1	7612	7384.29	0	0
XR_007096352.1	7576	7348.29	0	0
XR_007096353.1	7017	6789.29	0	0
XR_007096354.1	2207	1979.29	92.6916	2.10752
XR_007096355.1	2410	2182.29	0	0
XR_007096356.1	2871	2643.29	7.19007	0.122414
XR_007096357.1	2020	1792.29	0	0
XR_007096358.1	2427	2199.29	0	0
XR_007096359.1	2421	2193.29	0	0
XR_007096360.1	1964	1736.29	5.17898	0.134234
XR_007096361.1	674	447.496	103.101	10.3685
XR_007096362.1	3593	3365.29	18.1125	0.242214
XR_007096363.1	1612	1384.29	19.6721	0.639537
XR_007096364.1	1214	986.293	31.1445	1.42108
XR_007096365.1	1276	1048.29	0	0
XR_007096366.1	1195	967.293	31.9447	1.48622
XR_007096367.1	1453	1225.29	0	0
XR_007096368.1	1318	1090.29	15.778	0.651254
XR_007096369.1	1036	808.293	0	0
XR_007096370.1	839	611.427	0.0179461	0.00132089
XR_007096371.1	1576	1348.29	0	0
XR_007096372.1	3228	3000.29	45.6585	0.684858
XR_007096373.1	4046	3818.29	50.4608	0.59474
XR_007096374.1	3044	2816.29	8.12199	0.129786
XR_007096375.1	9607	9379.29	0	0
XR_007096376.1	9604	9376.29	0	0
XR_007096377.1	2112	1884.29	0	0
XR_007096378.1	9025	8797.29	0	0
XR_007096379.1	6755	6527.29	1	0.0068946
XR_007096380.1	4158	3930.29	152.176	1.74247
XR_007096381.1	2984	2756.29	1.10715e-07	1.80769e-09
XR_007096382.1	1463	1235.29	19.6562	0.716096
XR_007096383.1	2885	2657.29	0	0
XR_007096384.1	5185	4957.29	145.863	1.32417
XR_007096385.1	1877	1649.29	25.0565	0.683699
XR_007096386.1	1174	946.293	10.4144	0.495278
XR_007096387.1	4290	4062.29	0.00177414	1.96544e-05
XR_007096388.1	4471	4243.29	38.461	0.407905
XR_007096389.1	6900	6672.29	10.2002	0.0687978
XR_007096390.1	681	454.225	0	0
XR_007096391.1	943	715.293	0	0
XR_007096392.1	661	434.717	2.00249	0.207303
XR_007096393.1	8708	8480.29	17.1568	0.0910472
XR_007096394.1	6872	6644.29	0	0
XR_007096395.1	972	744.293	30.8322	1.86425
XR_007096396.1	2082	1854.29	0	0
XR_008485566.1	1679	1451.29	0	0
XR_008485567.1	1637	1409.29	436.074	13.9252
XR_008485568.1	1665	1437.29	0	0
XR_008485569.1	512	290.943	0	0
XR_008485570.1	1818	1590.29	0	0
XR_008485571.1	1681	1453.29	0	0
XR_008485572.1	665	438.717	0	0
XR_008485573.1	7086	6858.29	0	0
XR_008485574.1	336	142.48	0	0
XR_008485575.1	2144	1916.29	63.1099	1.4821
XR_008485576.1	513	291.914	10.0965	1.55654
XR_008485577.1	868	640.427	3.76591	0.264632
XR_008485578.1	536	313.414	4.79544	0.688578
XR_008485579.1	648	421.846	0	0
XR_008485580.1	713	485.852	0	0
XR_008485581.1	488	268.748	5.50992	0.922662
XR_008485582.1	1240	1012.29	0	0
XR_008485583.1	3304	3076.29	6	0.087774
XR_008485584.1	650	423.846	2	0.212356
XR_008485586.1	1586	1358.29	0	0
XR_008485587.1	2603	2375.29	12.3069	0.23317
XR_008485588.1	1497	1269.29	0	0
XR_008485589.1	2011	1783.29	15.3131	0.386441
XR_008485590.1	2926	2698.29	0	0
XR_008485591.1	2748	2520.29	0	0
XR_008485592.1	2703	2475.29	0	0
XR_008485593.1	2649	2421.29	0	0
XR_008485594.1	2620	2392.29	0	0
XR_008485595.1	2620	2392.29	0	0
XR_008485596.1	2584	2356.29	0	0
XR_008485597.1	2461	2233.29	0	0
XR_008485598.1	2311	2083.29	0	0
XR_008485599.1	1716	1488.29	3.06185	0.0925845
XR_008485600.1	2001	1773.29	66.5663	1.68934
XR_008485601.1	3334	3106.29	0.032869	0.000476196
XR_008485602.1	3322	3094.29	6.62848	0.0964039
XR_008485603.1	3184	2956.29	0	0
XR_008485604.1	2566	2338.29	9.08408	0.174833
XR_008485605.1	4465	4237.29	0	0
XR_008485606.1	2572	2344.29	57.1778	1.09763
XR_008485607.1	2569	2341.29	0	0
XR_008485608.1	4292	4064.29	0	0
XR_008485609.1	2396	2168.29	0	0
XR_008485610.1	2393	2165.29	0	0
XR_008485611.1	5405	5177.29	0	0
XR_008485612.1	1849	1621.29	1.5	0.0416363
XR_008485613.1	1849	1621.29	1.5	0.0416363
XR_008485614.1	1133	905.293	0	0
XR_008485615.1	1350	1122.29	0	0
XR_008485616.1	1063	835.293	0	0
XR_008485617.1	989	761.293	0	0
XR_008485618.1	1785	1557.29	0	0
XR_008485619.1	17839	17611.3	0	0
XR_008485620.1	17275	17047.3	0	0
XR_008485621.1	17761	17533.3	19.2685	0.0494569
XR_008485622.1	17724	17496.3	0	0
XR_008485623.1	2701	2473.29	4.86868	0.0885886
XR_008485624.1	2276	2048.29	0	0
XR_008485625.1	2311	2083.29	0	0
XR_008485626.1	1272	1044.29	7.22246e-05	3.11247e-06
XR_008485627.1	3124	2896.29	1.3734e-07	2.13401e-09
XR_008485628.1	916	688.293	33.9374	2.21895
XR_008485629.1	1607	1379.29	0	0
XR_008485630.1	1487	1259.29	0	0
XR_008485631.1	1762	1534.29	0	0
XR_008485632.1	991	763.293	0	0
XR_008485633.1	1058	830.293	69.7413	3.78008
XR_008485634.1	2360	2132.29	84.9064	1.79199
XR_008485635.1	2961	2733.29	0	0
XR_008485636.1	2861	2633.29	0	0
XR_008485637.1	405	196.152	0	0
XR_008485638.1	401	192.714	0	0
XR_008485639.1	1016	788.293	0	0
XR_008485640.1	1024	796.293	0	0
XR_008485641.1	1290	1062.29	0	0
XR_008485642.1	3639	3411.29	0	0
XR_008485643.1	3455	3227.29	9.02784	0.125889
XR_008485644.1	3155	2927.29	0	0
XR_008485645.1	3256	3028.29	0	0
XR_008485646.1	4176	3948.29	0	0
XR_008485647.1	4075	3847.29	0	0
XR_008485648.1	2993	2765.29	11.1846	0.182021
XR_008485649.1	3912	3684.29	0.228278	0.00278838
XR_008485650.1	2224	1996.29	0	0
XR_008485651.1	1609	1381.29	0	0
XR_008485652.1	1597	1369.29	0	0
XR_008485653.1	1571	1343.29	0.943565	0.0316114
XR_008485654.1	1615	1387.29	0	0
XR_008485655.1	3202	2974.29	73.5607	1.11302
XR_008485656.1	2445	2217.29	0	0
XR_008485657.1	1027	799.293	0	0
XR_008485658.1	733	505.753	0	0
XR_008485659.1	1216	988.293	0	0
XR_008485660.1	4201	3973.29	0	0
XR_008485661.1	4168	3940.29	0	0
XR_008485662.1	2793	2565.29	12.9771	0.227658
XR_008485663.1	135	26.7198	0	0
XR_008485664.1	1609	1381.29	0	0
XR_008485665.1	1597	1369.29	0	0
XR_008485666.1	3281	3053.29	0	0
XR_008485667.1	3221	2993.29	0	0
XR_008485668.1	1571	1343.29	0.943565	0.0316114
XR_008485669.1	1979	1751.29	0	0
XR_008485670.1	457	240.449	0	0
XR_008485671.1	453	236.993	0	0
XR_008485672.1	454	237.87	0.47321	0.0895276
XR_008485673.1	410	200.199	0	0
XR_008485674.1	2926	2698.29	0	0
XR_008485675.1	2703	2475.29	0	0
XR_008485676.1	2649	2421.29	4.44663	0.0826467
XR_008485677.1	2620	2392.29	0	0
XR_008485678.1	2620	2392.29	0	0
XR_008485679.1	2584	2356.29	0	0
XR_008485680.1	2461	2233.29	1.77801	0.0358288
XR_008485681.1	1047	819.293	0	0
XR_008485682.1	13998	13770.3	197.704	0.646124
XR_008485683.1	1516	1288.29	0	0
XR_008485684.1	10879	10651.3	1.50089	0.00634147
XR_008485685.1	5797	5569.29	0	0
XR_008485686.1	2039	1811.29	0	0
XR_008485687.1	1390	1162.29	8.77241	0.339661
XR_008485688.1	5531	5303.29	2.53153	0.0214823
XR_008485689.1	1250	1022.29	0	0
XR_008485690.1	2444	2216.29	0	0
XR_008485691.1	1216	988.293	0	0
XR_008485692.1	1024	796.293	0	0
XR_008485693.1	4548	4320.29	0	0
XR_008485694.1	4205	3977.29	6.18495	0.0699827
XR_008485695.1	2444	2216.29	0	0
XR_008485696.1	1216	988.293	0	0
XR_008485697.1	1024	796.293	0	0
XR_008485698.1	1946	1718.29	0	0
XR_008485699.1	4548	4320.29	0	0
XR_008485700.1	4205	3977.29	6.18495	0.0699827
XR_008485701.1	2444	2216.29	0	0
XR_008485702.1	1216	988.293	0	0
XR_008485703.1	1024	796.293	0	0
XR_008485704.1	1406	1178.29	0	0
XR_008485705.1	2444	2216.29	0	0
XR_008485706.1	1027	799.293	0	0
XR_008485707.1	733	505.753	0	0
XR_008485708.1	1216	988.293	0	0
XR_008485709.1	1024	796.293	0	0
XR_008485710.1	4548	4320.29	0	0
XR_008485711.1	4205	3977.29	6.18495	0.0699827
XR_008485712.1	2444	2216.29	0	0
XR_008485713.1	1216	988.293	0	0
XR_008485714.1	1024	796.293	0	0
XR_008485715.1	1423	1195.29	0	0
XR_008485716.1	1605	1377.29	96.2528	3.14506
XR_008485717.1	1602	1374.29	0	0
XR_008485718.1	4509	4281.29	83.7936	0.880802
XR_008485719.1	2445	2217.29	3.27486	0.0664679
XR_008485720.1	1216	988.293	0	0
XR_008485721.1	4086	3858.29	0.000519778	6.06269e-06
XR_008485722.1	4082	3854.29	0.00215489	2.51606e-05
XR_008485723.1	4015	3787.29	66.5603	0.790913
XR_008485724.1	3320	3092.29	3.22678	0.0469603
XR_008485725.1	3195	2967.29	37.9959	0.57626
XR_008485726.1	1648	1420.29	0	0
XR_008485727.1	1597	1369.29	0	0
XR_008485728.1	1510	1282.29	0	0
XR_008485729.1	9213	8985.29	33.6972	0.168774
XR_008485730.1	1609	1381.29	0	0
XR_008485731.1	1597	1369.29	0	0
XR_008485732.1	3281	3053.29	0	0
XR_008485733.1	3221	2993.29	0	0
XR_008485734.1	1571	1343.29	0.943565	0.0316114
XR_008485735.1	1979	1751.29	0	0
XR_008485736.1	1001	773.293	0	0
XR_008485737.1	2446	2218.29	0	0
XR_008485738.1	2254	2026.29	0	0
XR_008485739.1	6589	6361.29	4.56832	0.0323187
XR_008485740.1	2817	2589.29	16.1563	0.280804
XR_008485741.1	2596	2368.29	0.949102	0.0180351
XR_008485742.1	2530	2302.29	0.0108815	0.000212702
XR_008485743.1	5569	5341.29	0.000715975	6.03245e-06
XR_008485744.1	5560	5332.29	276.269	2.33163
XR_008485745.1	3768	3540.29	0	0
XR_008485746.1	1741	1513.29	0	0
XR_008485747.1	1790	1562.29	0	0
XR_008485748.1	1682	1454.29	0	0
XR_008485749.1	1523	1295.29	0.545467	0.0189515
XR_008485750.1	1528	1300.29	0.00277207	9.59412e-05
XR_008485751.1	1397	1169.29	0	0
XR_008485752.1	1181	953.293	0	0
XR_008485753.1	948	720.293	0	0
XR_008485754.1	843	615.427	0	0
XR_008485755.1	1476	1248.29	0	0
XR_008485756.1	3806	3578.29	52.928	0.665659
XR_008485757.1	2460	2232.29	0	0
XR_008485758.1	2406	2178.29	0	0
XR_008485759.1	1940	1712.29	0	0
XR_008485760.1	2359	2131.29	0	0
XR_008485761.1	2487	2259.29	0	0
XR_008485762.1	1635	1407.29	1	0.0319785
XR_008485763.1	1754	1526.29	0	0
XR_008485764.1	2320	2092.29	0	0
XR_008485765.1	6672	6444.29	23.8576	0.166607
XR_008485766.1	6666	6438.29	184.443	1.28924
XR_008485767.1	2532	2304.29	0	0
XR_008485768.1	2061	1833.29	26.9925	0.662603
XR_008485769.1	2526	2298.29	0	0
XR_008485770.1	1930	1702.29	0	0
XR_008485771.1	1686	1458.29	0	0
XR_008485772.1	24653	24425.3	992.488	1.82864
XR_008485773.1	2300	2072.29	46.0436	0.999909
XR_008485774.1	2221	1993.29	8.78945	0.198442
XR_008485775.1	1723	1495.29	0	0
XR_008485776.1	6006	5778.29	0	0
XR_008485777.1	2568	2340.29	0	0
XR_008485778.1	808	580.487	0.0459782	0.00356452
XR_008485779.1	806	578.487	5.21839	0.405962
XR_008485780.1	1125	897.293	25.9459	1.3013
XR_008485781.1	1884	1656.29	0	0
XR_008485782.1	3307	3079.29	0	0
XR_008485783.1	3905	3677.29	0	0
XR_008485784.1	12147	11919.3	6.90767	0.026081
XR_008485785.1	3688	3460.29	20.73	0.269606
XR_008485786.1	2422	2194.29	0	0
XR_008485787.1	2929	2701.29	0.828585	0.0138041
XR_008485788.1	2926	2698.29	3.80157	0.063404
XR_008485789.1	3236	3008.29	0	0
XR_008485790.1	2585	2357.29	0.0034386	6.56463e-05
XR_008485791.1	2816	2588.29	0	0
XR_008485792.1	2619	2391.29	0	0
XR_008485793.1	1731	1503.29	0.852727	0.0255275
XR_008485794.1	2843	2615.29	0	0
XR_008485795.1	2748	2520.29	0	0
XR_008485796.1	2530	2302.29	0	0
XR_008485797.1	1264	1036.29	141.521	6.14585
XR_008485798.1	1114	886.293	9.2701	0.470705
XR_008485799.1	3876	3648.29	3.37761	0.0416641
XR_008485800.1	3750	3522.29	6.84809e-07	8.74956e-09
XR_008485801.1	3514	3286.29	0	0
XR_008485802.1	3713	3485.29	0	0
XR_008485803.1	3841	3613.29	0	0
XR_008485804.1	3710	3482.29	0	0
XR_008485805.1	3587	3359.29	0	0
XR_008485806.1	3715	3487.29	0	0
XR_008485807.1	5987	5759.29	16.5653	0.129441
XR_008485808.1	3527	3299.29	0	0
XR_008485809.1	6342	6114.29	14.1665	0.10427
XR_008485810.1	4261	4033.29	0	0
XR_008485811.1	3374	3146.29	0	0
XR_008485812.1	2630	2402.29	0	0
XR_008485813.1	7222	6994.29	0	0
XR_008485814.1	7149	6921.29	0	0
XR_008485815.1	2474	2246.29	2.5079	0.0502443
XR_008485816.1	4407	4179.29	426.866	4.59654
XR_008485817.1	741	513.753	0	0
XR_008485818.1	777	549.487	0	0
XR_008485819.1	1372	1144.29	0	0
XR_008485820.1	7064	6836.29	1.70113e-07	1.11985e-09
XR_008485821.1	6748	6520.29	28.253	0.195002
XR_008485822.1	6871	6643.29	1.30641e-06	8.84987e-09
XR_008485823.1	5638	5410.29	0	0
XR_008485824.1	5520	5292.29	134.744	1.14579
XR_008485825.1	4801	4573.29	0.00144498	1.42192e-05
XR_008485826.1	1466	1238.29	0	0
XR_008485827.1	1467	1239.29	0	0
XR_008485828.1	1315	1087.29	0	0
XR_008485829.1	1293	1065.29	0	0
XR_008485830.1	1318	1090.29	42.7762	1.76563
XR_008485831.1	1106	878.293	46.8873	2.40247
XR_008485832.1	1963	1735.29	0	0
XR_008485833.1	1706	1478.29	0	0
XR_008485834.1	1797	1569.29	0	0
XR_008485835.1	1389	1161.29	0	0
XR_008485836.1	3419	3191.29	74.3557	1.04855
XR_008485837.1	1165	937.293	0	0
XR_008485838.1	1170	942.293	0	0
XR_008485839.1	1165	937.293	0	0
XR_008485840.1	1183	955.293	0	0
XR_008485841.1	1165	937.293	0	0
XR_008485842.1	162	38.7685	0	0
XR_008485843.1	162	38.7685	0	0
XR_008485844.1	162	38.7685	0	0
XR_008485845.1	162	38.7685	0	0
XR_008485846.1	127	23.5955	0	0
XR_008485847.1	162	38.7685	0	0
XR_008485848.1	2444	2216.29	0	0
XR_008485849.1	1027	799.293	0	0
XR_008485850.1	733	505.753	0	0
XR_008485851.1	1216	988.293	0	0
XR_008485852.1	4509	4281.29	83.7936	0.880802
XR_008485853.1	2444	2216.29	0	0
XR_008485854.1	1027	799.293	0	0
XR_008485855.1	733	505.753	0	0
XR_008485856.1	1216	988.293	0	0
XR_009530070.1	12753	12525.3	0	0
XR_009530071.1	12499	12271.3	251.363	0.921834
XR_009530072.1	12665	12437.3	1.57707e-08	5.70645e-11
XR_009530073.1	12671	12443.3	0	0
XR_009530074.1	2623	2395.29	0	0
XR_009530075.1	2514	2286.29	39.9449	0.786269
XR_009530076.1	2541	2313.29	0	0
XR_009530077.1	7401	7173.29	35.1945	0.2208
XR_009530078.1	2585	2357.29	0	0
XR_009530079.1	2317	2089.29	31.8936	0.686984
XR_009530080.1	2515	2287.29	21.9325	0.431528
XR_009530081.1	2503	2275.29	0	0
XR_010947450.1	5877	5649.29	0	0
XR_010947461.1	5746	5518.29	0	0
XR_010947475.1	4988	4760.29	11	0.103992
XR_108647.3	700	472.947	0	0
XR_108730.5	737	509.753	0	0
XR_108752.5	628	402.259	0	0
XR_109256.5	647	420.888	0	0
XR_109334.3	1505	1277.29	5	0.176166
XR_109812.5	2784	2556.29	1	0.0176048
XR_110033.3	1452	1224.29	0	0
XR_110093.6	8034	7806.29	0	0
XR_110136.5	707	479.9	0	0
XR_110261.4	2429	2201.29	0	0
XR_158845.6	1858	1630.29	4.01934	0.110951
XR_158870.6	1705	1477.29	0	0
XR_158931.5	2357	2129.29	0	0
XR_159162.6	691	464.041	0	0
XR_159169.5	1320	1092.29	9	0.370805
XR_241034.4	2001	1773.29	66.5663	1.68934
XR_241072.3	1185	957.293	0.0468536	0.00220262
XR_241147.4	752	524.701	0	0
XR_241158.4	910	682.293	0	0
XR_241171.4	810	582.487	0	0
XR_241172.3	5877	5649.29	0	0
XR_241190.4	826	598.427	0	0
XR_241266.4	6728	6500.29	15.1591	0.10495
XR_241267.4	3249	3021.29	1	0.0148953
XR_241279.5	2471	2243.29	14.7971	0.296847
XR_241384.6	2590	2362.29	9.18575	0.174994
XR_241401.5	785	557.487	1	0.0807249
XR_241416.3	977	749.293	25	1.50152
XR_241462.2	2332	2104.29	0	0
XR_241522.3	5281	5053.29	93.545	0.833083
XR_241555.5	2213	1985.29	0	0
XR_241588.4	851	623.427	0	0
XR_241608.4	998	770.293	0	0
XR_241706.4	724	496.802	0	0
XR_241722.5	636	410.055	6	0.658493
XR_241729.6	1895	1667.29	0	0
XR_241749.6	556	332.141	0	0
XR_241750.6	627	401.259	0	0
XR_241790.6	10365	10137.3	40.6874	0.180626
XR_241794.2	5184	4956.29	18	0.16344
XR_241808.5	826	598.427	0	0
XR_241864.5	2341	2113.29	0	0
XR_241866.4	5450	5222.29	25.4276	0.219122
XR_241893.5	1083	855.293	137.231	7.2207
XR_241974.4	1145	917.293	0	0
XR_241980.4	11519	11291.3	5.99717	0.0239026
XR_241983.4	1197	969.293	0	0
XR_241992.5	601	375.763	0	0
XR_242076.2	1724	1496.29	486.292	14.6259
XR_242077.3	1661	1433.29	32.4839	1.01994
XR_242147.3	3167	2939.29	1.00347	0.0153639
XR_242157.5	12310	12082.3	0	0
XR_242174.5	4422	4194.29	0	0
XR_242200.5	3298	3070.29	0.000347492	5.0934e-06
XR_242213.1	3120	2892.29	6.03113	0.0938422
XR_242241.4	3804	3576.29	0	0
XR_242372.3	1860	1632.29	19.7817	0.54539
XR_242442.4	608	382.573	0	0
XR_242492.3	1412	1184.29	0	0
XR_242531.6	885	657.427	0	0
XR_242550.5	954	726.293	0	0
XR_242551.5	1108	880.293	0	0
XR_242613.4	1008	780.293	4	0.230698
XR_242619.5	764	536.541	0.0310724	0.00260624
XR_242624.4	3404	3176.29	0	0
XR_242682.5	1220	992.293	2.81803	0.127805
XR_242691.6	3069	2841.29	2.56318	0.0405981
XR_242763.6	1688	1460.29	0	0
XR_242781.4	690	463.088	24.1624	2.34812
XR_242802.4	4333	4105.29	287.175	3.14807
XR_242827.2	2028	1800.29	2.0718	0.0517901
XR_242848.4	3217	2989.29	0	0
XR_242862.5	1426	1198.29	4.74282	0.178121
XR_242906.4	327	136.154	0	0
XR_242930.3	2332	2104.29	0	0
XR_242964.4	903	675.361	0	0
XR_242978.5	2756	2528.29	0	0
XR_243023.5	1956	1728.29	131.546	3.42533
XR_243117.5	1463	1235.29	291.79	10.6302
XR_243118.5	923	695.293	7.45512	0.482535
XR_243135.5	562	337.904	1	0.133183
XR_243169.5	916	688.293	0	0
XR_243235.4	2461	2233.29	0	0
XR_243236.5	1772	1544.29	4	0.116566
XR_243293.2	1838	1610.29	358.532	10.0199
XR_243387.4	896	668.361	0	0
XR_243401.4	7416	7188.29	188.759	1.18174
XR_243420.5	1118	890.293	0	0
XR_243442.1	3673	3445.29	2.0206	0.0263935
XR_243458.5	524	302.192	0	0
XR_243488.4	2054	1826.29	6	0.147851
XR_243528.4	1839	1611.29	0.5	0.0139649
XR_243612.4	1980	1752.29	0	0
XR_243711.6	5026	4798.29	0	0
XR_243718.2	512	290.943	0	0
XR_243722.5	935	707.293	0	0
XR_243740.4	1031	803.293	5	0.280116
XR_243770.4	1199	971.293	27.0559	1.25359
XR_243788.5	815	587.487	0.47942	0.0367249
XR_243789.5	856	628.427	0	0
XR_243796.5	388	182.168	0	0
XR_243808.4	870	642.427	58.3956	4.09071
XR_243835.5	1176	948.293	0	0
XR_243875.4	1768	1540.29	0	0
XR_243945.4	1899	1671.29	12.3095	0.33146
XR_243950.4	815	587.487	4.74638	0.363586
XR_244033.2	1658	1430.29	97.238	3.05952
XR_244089.5	1105	877.293	181.273	9.29889
XR_244132.4	1219	991.293	0	0
XR_244179.4	2052	1824.29	0	0
XR_244188.4	852	624.427	79.1166	5.70201
XR_244227.5	699	471.947	0	0
XR_244242.4	318	129.815	0	0
XR_244249.4	2869	2641.29	0	0
XR_244309.5	1475	1247.29	0	0
XR_244322.4	5531	5303.29	0	0
XR_244325.5	1568	1340.29	2.0267	0.0680507
XR_244329.5	3460	3232.29	2.02489	0.0281924
XR_244419.5	1201	973.293	0	0
XR_244440.4	565	340.768	16.5731	2.1887
XR_244444.3	712	484.852	0	0
XR_244468.5	1755	1527.29	3	0.0883977
XR_244514.3	1079	851.293	0	0
XR_244519.1	3862	3634.29	6.03872	0.0747768
XR_244544.6	427	214.584	0	0
XR_244659.5	3018	2790.29	6.0619	0.097769
XR_244742.4	327	136.154	0	0
XR_244745.4	648	421.846	6	0.640088
XR_244774.5	230	74.7519	0	0
XR_244779.4	1016	788.293	0	0
XR_244814.2	1092	864.293	112.98	5.88278
XR_244829.5	226	72.4338	0.701746	0.435995
XR_244868.1	3063	2835.29	1.44349	0.0229117
XR_244972.4	1917	1689.29	397.86	10.5991
XR_244974.5	3285	3057.29	0	0
XR_244991.5	1025	797.293	1	0.0564448
XR_245001.4	692	465.041	0	0
XR_245002.5	673	446.496	0	0
XR_245007.4	947	719.293	0	0
XR_245041.5	300	117.761	0	0
XR_245083.4	1244	1016.29	0	0
XR_245100.2	3658	3430.29	343.751	4.50978
XR_245151.1	7807	7579.29	0	0
XR_245208.4	544	321.029	0	0
XR_245209.4	1947	1719.29	12.707	0.332609
XR_245246.5	4485	4257.29	9.64382	0.101943
XR_245251.4	408	198.624	0	0
XR_245255.4	7686	7458.29	2.1944	0.013241
XR_245260.3	1464	1236.29	0	0
XR_245276.4	2817	2589.29	16.1563	0.280804
XR_245277.4	2763	2535.29	29.9871	0.53229
XR_245320.4	587	362.135	1	0.124272
XR_245358.3	2110	1882.29	0.00010413	2.4896e-06
XR_245442.5	1345	1117.29	0	0
XR_245450.4	976	748.293	0	0
XR_245477.3	1513	1285.29	0	0
XR_245565.4	481	262.672	0	0
XR_245566.4	493	273.443	1	0.164579
XR_245572.4	757	529.648	0	0
XR_245604.4	2171	1943.29	0	0
XR_245646.5	490	270.61	0	0
XR_245673.5	4999	4771.29	0	0
XR_245681.5	6675	6447.29	59.4611	0.415047
XR_245776.5	1701	1473.29	0	0
XR_245875.4	286	108.57	0	0
XR_245896.5	1554	1326.29	0	0
XR_245944.4	1479	1251.29	83.605	3.00688
XR_245946.3	1665	1437.29	453.348	14.1948
XR_245953.4	1627	1399.29	86.7645	2.79046
XR_245978.4	921	693.293	6	0.389472
XR_245987.4	1365	1137.29	0	0
XR_245988.3	1029	801.293	0	0
XR_246024.4	455	238.796	0	0
XR_246028.3	1362	1134.29	2	0.07935
XR_246038.3	1303	1075.29	0	0
XR_246061.3	4318	4090.29	737.042	8.10924
XR_246107.4	3605	3377.29	204.975	2.73133
XR_246111.6	812	584.487	40.7976	3.14125
XR_246119.4	402	193.569	0	0
XR_246160.5	777	549.487	7.30862	0.598578
XR_246185.4	586	361.171	0	0
XR_246197.3	3027	2799.29	0	0
XR_246202.2	2094	1866.29	0	0
XR_246237.4	1837	1609.29	45.1082	1.26143
XR_246243.4	6298	6070.29	0	0
XR_246244.4	6393	6165.29	63.1621	0.461047
XR_246297.2	2654	2426.29	27.5138	0.510327
XR_246305.5	3502	3274.29	0	0
XR_246327.5	848	620.427	7	0.507749
XR_246378.6	835	607.427	0	0
XR_246421.6	8172	7944.29	2.21959e-08	1.25736e-10
XR_246513.4	279	103.985	0	0
XR_246540.4	4682	4454.29	20.1425	0.203505
XR_246575.3	1074	846.293	0	0
XR_246688.4	1182	954.293	0	0
XR_246689.4	905	677.361	0	0
XR_246985.5	958	730.293	0	0
XR_247024.4	5662	5434.29	0	0
XR_247101.4	1042	814.293	0	0
XR_247156.3	1904	1676.29	1	0.0268468
XR_247157.3	1902	1674.29	0	0
XR_247190.5	648	421.846	26.3998	2.81636
XR_247213.4	2110	1882.29	0	0
XR_247214.4	2028	1800.29	5.00437	0.125097
XR_247259.4	994	766.293	0	0
XR_247295.4	967	739.293	8	0.486985
XR_247331.3	2622	2394.29	1.0273	0.0193091
XR_247456.3	978	750.293	0	0
XR_254217.4	5150	4922.29	5.635	0.0515191
XR_254221.4	1238	1010.29	41.3866	1.84355
XR_254364.3	1263	1035.29	2.91283	0.126618
XR_254374.4	1008	780.293	1.88671	0.108815
XR_254376.2	1279	1051.29	0	0
XR_254459.3	1178	950.293	0.0207585	0.000983059
XR_426643.4	1200	972.293	0	0
XR_426658.4	738	510.753	0	0
XR_426659.4	493	273.443	0	0
XR_426674.4	352	154.086	0	0
XR_426677.5	1279	1051.29	8.77465	0.375619
XR_426701.4	652	425.803	0	0
XR_426711.4	698	470.947	0	0
XR_426717.3	2569	2341.29	0	0
XR_426720.4	204	60.7343	0	0
XR_426726.4	5052	4824.29	5.88997	0.0549441
XR_426736.4	1298	1070.29	0	0
XR_426737.4	1340	1112.29	0	0
XR_426738.4	1596	1368.29	0	0
XR_426740.4	2809	2581.29	0.30862	0.00538058
XR_426762.4	1447	1219.29	48.7801	1.80043
XR_426771.2	1397	1169.29	11.2751	0.433951
XR_426772.4	1281	1053.29	0	0
XR_426807.5	3974	3746.29	4.01963	0.0482866
XR_426810.5	3462	3234.29	0	0
XR_426815.4	737	509.753	0.190009	0.0167748
XR_426845.5	1218	990.293	10.6152	0.482401
XR_426846.5	1231	1003.29	1.82175e-07	8.17152e-09
XR_426851.4	334	141.098	0	0
XR_426859.4	387	181.366	0	0
XR_426873.4	453	236.993	2	0.379784
XR_426875.4	3096	2868.29	8.00426	0.125586
XR_426890.4	1209	981.293	18	0.825498
XR_426933.4	1391	1163.29	17	0.657661
XR_426935.4	817	589.487	0	0
XR_426950.3	3474	3246.29	7.16059	0.0992667
XR_426953.4	4604	4376.29	0	0
XR_426956.4	2398	2170.29	0	0
XR_426989.4	3061	2833.29	71.6999	1.13886
XR_427002.4	4313	4085.29	5.59037	0.0615828
XR_427009.3	4279	4051.29	1	0.0111083
XR_427010.4	1349	1121.29	2	0.08027
XR_427017.4	1385	1157.29	0	0
XR_427020.4	390	183.77	0	0
XR_427021.5	946	718.293	0	0
XR_427030.4	500	280.02	1	0.160714
XR_427046.4	830	602.427	0	0
XR_427047.5	641	415.014	3	0.325313
XR_427070.3	1193	965.293	0	0
XR_427073.2	1005	777.293	30.1488	1.74553
XR_427085.4	1330	1102.29	20.8683	0.851987
XR_427093.4	3012	2784.29	160.675	2.59702
XR_427154.5	1795	1567.29	6.42371	0.18445
XR_427156.5	1797	1569.29	1.11806	0.0320631
XR_427158.4	459	242.274	0	0
XR_427162.4	558	334.107	0	0
XR_427194.5	1373	1145.29	2	0.0785879
XR_427200.3	1003	775.293	0	0
XR_427213.4	589	364.098	0	0
XR_427226.4	1858	1630.29	0	0
XR_427235.4	2402	2174.29	4.0277	0.0833646
XR_427322.4	1041	813.293	0	0
XR_427323.4	1439	1211.29	0	0
XR_427349.4	282	105.999	0	0
XR_427355.3	4421	4193.29	0	0
XR_427361.4	3622	3394.29	0	0
XR_427367.4	1154	926.293	43.6012	2.11832
XR_427389.3	353	154.998	1.04169	0.302452
XR_427412.4	841	613.427	0	0
XR_427423.3	416	205.291	0	0
XR_427440.3	3104	2876.29	0	0
XR_427488.2	1326	1098.29	34.791	1.42558
XR_427495.3	1051	823.293	0	0
XR_427503.5	2428	2200.29	1.31522	0.0269005
XR_427508.4	1049	821.293	0	0
XR_427540.4	3025	2797.29	0	0
XR_427567.4	2759	2531.29	0	0
XR_427569.4	6213	5985.29	9.41031	0.0707556
XR_427577.3	1145	917.293	3	0.147182
XR_427579.4	4642	4414.29	0	0
XR_427598.4	302	119.035	0	0
XR_427618.3	422	210.345	0	0
XR_427660.3	1216	988.293	0	0
XR_427687.3	1101	873.293	0	0
XR_427695.4	342	146.678	0	0
XR_427717.4	4101	3873.29	4.37951	0.0508848
XR_427752.4	1280	1052.29	0	0
XR_427770.4	1914	1686.29	1	0.0266876
XR_427781.5	1669	1441.29	48.4577	1.51305
XR_427783.3	4167	3939.29	14.2852	0.163196
XR_427804.3	2619	2391.29	0.00921948	0.000173507
XR_427816.3	688	461.088	11.7353	1.14539
XR_427861.4	1161	933.293	0	0
XR_427872.3	189	52.6441	0	0
XR_427882.5	1146	918.293	0	0
XR_427883.5	1284	1056.29	0	0
XR_427895.4	1646	1418.29	0	0
XR_427924.5	1455	1227.29	0	0
XR_427954.2	732	504.753	0	0
XR_428004.3	775	547.487	0	0
XR_428022.3	636	410.055	0	0
XR_428030.5	30903	30675.3	7.04213	0.0103314
XR_428077.2	1953	1725.29	94.9032	2.47548
XR_428081.4	1530	1302.29	0	0
XR_428090.4	12483	12255.3	4.65821	0.0171056
XR_428133.5	731	503.753	0	0
XR_428139.4	1657	1429.29	20.9097	0.658367
XR_428146.3	587	362.135	1.00224	0.12455
XR_428152.3	869	641.427	5.40784	0.379418
XR_428154.4	609	383.573	0	0
XR_428160.4	1044	816.293	0	0
XR_428174.4	2985	2757.29	117.63	1.9199
XR_428175.5	4112	3884.29	69.0956	0.800536
XR_428213.4	416	205.291	0	0
XR_428214.4	362	162.038	0	0
XR_428232.4	835	607.427	0	0
XR_428238.2	128	23.852	0	0
XR_428267.5	4476	4248.29	1.93414	0.0204888
XR_428274.4	1265	1037.29	0	0
XR_428311.4	985	757.293	2.9816	0.177185
XR_428314.4	2932	2704.29	0	0
XR_428318.4	773	545.487	0	0
XR_428359.4	11954	11726.3	0.000254139	9.75333e-07
XR_428360.4	587	362.135	0	0
XR_428379.4	4824	4596.29	27.4566	0.268833
XR_428387.3	3414	3186.29	0	0
XR_428397.5	800	572.487	0	0
XR_428405.3	771	543.487	0	0
XR_428418.5	2205	1977.29	25.1749	0.572979
XR_428426.4	6531	6303.29	109.46	0.781502
XR_428436.4	656	429.76	0	0
XR_428440.3	3468	3240.29	3.67018	0.0509736
XR_428445.4	768	540.541	0	0
XR_428448.4	939	711.293	4.00631	0.253477
XR_428456.4	1113	885.293	0	0
XR_428473.3	462	244.971	0	0
XR_428496.4	1558	1330.29	0	0
XR_428498.4	575	350.386	0	0
XR_428503.3	886	658.427	65.2462	4.45954
XR_428544.3	734	506.753	0	0
XR_428583.3	715	487.852	0	0
XR_428592.5	417	206.073	0	0
XR_428608.4	4343	4115.29	0	0
XR_428610.2	2918	2690.29	0	0
XR_428650.2	880	652.427	0	0
XR_428680.5	495	275.303	0	0
XR_428682.4	725	497.753	0	0
XR_428684.2	270	98.4585	0	0
XR_428692.4	1834	1606.29	209.074	5.85756
XR_428706.4	1296	1068.29	12.5601	0.529107
XR_428707.4	4399	4171.29	0	0
XR_428742.4	4517	4289.29	1	0.010492
XR_428749.5	3155	2927.29	0	0
XR_428752.5	1005	777.293	5.00379	0.289705
XR_428753.5	336	142.48	0	0
XR_428756.5	3924	3696.29	0	0
XR_428765.3	407	197.751	0	0
XR_428804.2	524	302.192	2	0.297845
XR_428807.3	2106	1878.29	3.20607	0.0768161
XR_428808.4	1169	941.293	0	0
XR_428810.4	375	171.827	0	0
XR_428818.4	545	321.964	0	0
XR_428823.2	629	403.218	0	0
XR_428848.5	2722	2494.29	0	0
XR_428851.5	2620	2392.29	0	0
XR_428862.4	1487	1259.29	0	0
XR_428889.4	2823	2595.29	0	0
XR_428913.3	1340	1112.29	76.2	3.08303
XR_428991.3	582	357.279	0	0
XR_428993.4	823	595.427	1	0.0755811
XR_429020.4	297	115.768	0	0
XR_429054.4	3467	3239.29	0	0
XR_429056.4	1834	1606.29	0	0
XR_429073.3	3924	3696.29	0	0
XR_429075.3	3946	3718.29	0	0
XR_429076.3	3665	3437.29	0	0
XR_429078.3	3601	3373.29	0	0
XR_429079.3	3662	3434.29	0	0
XR_429086.5	4118	3890.29	0	0
XR_429104.2	2173	1945.29	0	0
XR_429164.3	276	102.102	0	0
XR_429171.5	4139	3911.29	0	0
XR_429176.3	248	84.9745	0	0
XR_429190.3	2000	1772.29	0	0
XR_429192.5	4129	3901.29	0	0
XR_429222.5	4631	4403.29	189.094	1.9326
XR_429233.4	1061	833.293	0	0
XR_429273.4	734	506.753	2.29934	0.204198
XR_429280.4	388	182.168	0	0
XR_429281.3	367	165.66	0	0
XR_429287.3	2196	1968.29	365.84	8.36457
XR_429343.4	1540	1312.29	1.5	0.0514402
XR_429356.5	249	85.4599	0	0
XR_429358.2	413	202.921	0	0
XR_429360.3	723	495.802	0	0
XR_429367.4	612	386.495	0	0
XR_429419.5	3252	3024.29	5.97445	0.0889029
XR_429459.4	1844	1616.29	10.1123	0.28156
XR_429460.4	1841	1613.29	0.003263	9.10219e-05
XR_429514.4	331	138.909	0	0
XR_429682.3	245	83.2645	0	0
XR_429709.3	707	479.9	0	0
XR_429728.4	891	663.427	18.4319	1.25032
XR_429763.4	588	363.135	0	0
XR_429796.4	2758	2530.29	0	0
XR_429862.4	3687	3459.29	0	0
XR_429905.3	1726	1498.29	28.5992	0.859011
XR_429909.4	2360	2132.29	0	0
XR_429913.5	1470	1242.29	256.556	9.29394
XR_429914.5	1574	1346.29	120.388	4.02427
XR_429918.2	4218	3990.29	56.395	0.636031
XR_429919.2	4479	4251.29	0	0
XR_429947.4	410	200.199	0	0
XR_429949.5	290	111.126	0	0
XR_429954.3	369	167.159	0	0
XR_429957.3	329	137.452	0	0
XR_429960.3	369	167.159	0	0
XR_429962.4	734	506.753	2.08316e-06	1.84998e-07
XR_429965.4	646	419.888	9.96992	1.06856
XR_429986.3	583	358.243	1	0.125622
XR_429997.4	534	311.445	0	0
XR_430037.4	9333	9105.29	417.214	2.06209
XR_430041.5	4380	4152.29	0	0
XR_430072.4	5878	5650.29	69.0973	0.550342
XR_430098.4	1812	1584.29	0	0
XR_430122.5	3709	3481.29	131.748	1.70312
XR_430124.5	3699	3471.29	9.20207	0.119299
XR_430146.5	3962	3734.29	0	0
XR_430147.2	3569	3341.29	0	0
XR_430184.4	671	444.496	0	0
XR_430188.4	2200	1972.29	0.000179813	4.10291e-06
XR_430206.4	1829	1601.29	7.94512	0.223291
XR_430278.4	884	656.427	0	0
XR_430280.4	760	532.648	0	0
XR_430281.3	2032	1804.29	0	0
XR_430311.2	2516	2288.29	0	0
XR_430321.4	835	607.427	0.000116431	8.62614e-06
XR_430332.4	2830	2602.29	47	0.8128
XR_430337.3	714	486.852	0	0
XR_430342.5	3844	3616.29	0	0
XR_430343.5	8442	8214.29	21.5162	0.11788
XR_430359.4	1166	938.293	0	0
XR_430386.3	714	486.852	0	0
XR_430420.4	1583	1355.29	0	0
XR_430432.4	862	634.427	0	0
XR_430435.4	994	766.293	0	0
XR_430436.4	1135	907.293	0	0
XR_430484.4	2035	1807.29	1.00366	0.0249919
XR_430506.4	1481	1253.29	0	0
XR_430523.4	987	759.293	0	0
XR_430541.4	323	133.485	0	0
XR_430542.4	336	142.48	0	0
XR_430548.2	3818	3590.29	32.3917	0.406019
XR_430556.4	3400	3172.29	49.2148	0.698176
XR_430558.4	4516	4288.29	32.4119	0.340144
XR_430559.4	5348	5120.29	24.3076	0.213643
XR_430586.4	542	319.126	1.46215	0.206192
XR_430589.4	896	668.361	0	0
XR_430602.5	128	23.852	0	0
XR_430626.3	2545	2317.29	0	0
XR_430635.5	3762	3534.29	0	0
XR_430640.3	5143	4915.29	121	1.10784
XR_430692.4	608	382.573	0	0
XR_430693.5	8801	8573.29	26.3569	0.138353
XR_430703.5	2756	2528.29	0	0
XR_430711.3	140	28.6505	0	0
XR_430715.3	425	212.877	0	0
XR_430735.3	1175	947.293	1.58436	0.0752683
XR_430788.4	847	619.427	0	0
XR_430790.4	410	200.199	0	0
XR_430793.5	290	111.126	0	0
XR_430796.3	369	167.159	0	0
XR_430798.5	3465	3237.29	0.63148	0.00877848
XR_430801.4	3376	3148.29	16.7639	0.239631
XR_430813.3	932	704.293	0	0
XR_430894.4	993	765.293	0	0
XR_430905.4	375	171.827	0	0
XR_921723.4	1166	938.293	12.5776	0.603258
XR_921734.4	1326	1098.29	20.8746	0.855348
XR_921736.2	1372	1144.29	0	0
XR_921738.2	1371	1143.29	0	0
XR_921741.2	2685	2457.29	0	0
XR_921742.3	2641	2413.29	0	0
XR_921747.2	1248	1020.29	1.62381	0.0716228
XR_921748.2	1213	985.293	0	0
XR_921764.4	2294	2066.29	33.667	0.733255
XR_921765.2	2231	2003.29	0	0
XR_921769.2	1278	1050.29	0	0
XR_921796.4	4510	4282.29	0	0
XR_921872.2	2476	2248.29	273.551	5.47556
XR_921897.3	1522	1294.29	0	0
XR_921902.3	2554	2326.29	0	0
XR_921903.3	3639	3411.29	0	0
XR_921904.3	3455	3227.29	9.02784	0.125889
XR_921905.3	3155	2927.29	0	0
XR_921906.2	3820	3592.29	0	0
XR_921908.2	1318	1090.29	0	0
XR_921910.2	733	505.753	51.0888	4.546
XR_921911.4	5927	5699.29	0	0
XR_921991.4	1249	1021.29	0	0
XR_922006.3	2549	2321.29	0	0
XR_922007.3	1422	1194.29	0.206444	0.00777917
XR_922018.3	3557	3329.29	337.074	4.55633
XR_922021.4	819	591.487	72.1342	5.48831
XR_922024.3	1450	1222.29	27.6509	1.01807
XR_922026.3	6247	6019.29	5.96715	0.0446132
XR_922028.2	233	76.5946	0	0
XR_922031.3	298	116.438	0	0
XR_922043.3	1453	1225.29	0.959633	0.0352458
XR_922045.3	6247	6019.29	5.96715	0.0446132
XR_922062.4	2727	2499.29	5.52645	0.0995111
XR_922063.3	2405	2177.29	0	0
XR_922065.4	16888	16660.3	3.66058e-06	9.88802e-09
XR_922066.2	1651	1423.29	0	0
XR_922068.4	2499	2271.29	0	0
XR_922074.4	2570	2342.29	4.04108	0.0776423
XR_922077.4	2682	2454.29	0	0
XR_922079.4	1327	1099.29	0	0
XR_922082.3	431	217.835	0	0
XR_922083.3	317	129.052	0.339519	0.118397
XR_922087.4	2778	2550.29	0	0
XR_922089.3	3970	3742.29	0	0
XR_922090.3	977	749.293	0	0
XR_922104.2	1377	1149.29	0	0
XR_922106.2	1338	1110.29	0	0
XR_922129.4	387	181.366	0	0
XR_922135.3	324	134.113	0	0
XR_922145.3	860	632.427	0	0
XR_922146.3	737	509.753	1.21262	0.107055
XR_922147.2	770	542.487	0	0
XR_922148.3	856	628.427	1.6379e-06	1.17294e-07
XR_922149.2	872	644.427	0	0
XR_922150.1	1046	818.293	0	0
XR_922151.2	3297	3069.29	0	0
XR_922160.3	1429	1201.29	0	0
XR_922171.2	360	160.548	2	0.560619
XR_922183.3	888	660.427	1	0.0681424
XR_922184.3	1321	1093.29	0	0
XR_922186.2	316	128.304	0	0
XR_922187.3	4431	4203.29	5	0.0535331
XR_922189.4	760	532.648	0	0
XR_922190.3	293	113.08	0	0
XR_922193.3	702	474.947	0	0
XR_922195.2	4775	4547.29	0	0
XR_922199.3	536	313.414	0	0
XR_922202.3	491	271.527	0	0
XR_922210.2	715	487.852	0	0
XR_922211.2	562	337.904	0	0
XR_922213.2	3170	2942.29	4.08936	0.0625478
XR_922214.3	2826	2598.29	0	0
XR_922216.4	10168	9940.29	0	0
XR_922233.3	870	642.427	0	0
XR_922234.2	1088	860.293	0	0
XR_922249.3	682	455.179	0	0
XR_922250.3	2968	2740.29	5.07454	0.0833377
XR_922259.3	884	656.427	0	0
XR_922261.3	1316	1088.29	0	0
XR_922277.2	389	182.969	0	0
XR_922278.4	898	670.361	2	0.134265
XR_922284.4	1591	1363.29	31.5277	1.04075
XR_922291.4	535	312.445	3	0.432105
XR_922299.4	480	261.78	0	0
XR_922303.3	1129	901.293	0	0
XR_922305.3	1676	1448.29	0	0
XR_922306.3	3008	2780.29	0	0
XR_922307.2	5815	5587.29	41.9641	0.338002
XR_922308.3	662	435.717	0	0
XR_922309.3	676	449.451	0	0
XR_922310.3	959	731.293	0	0
XR_922311.3	552	328.307	0	0
XR_922312.3	417	206.073	0	0
XR_922313.3	13555	13327.3	0	0
XR_922314.3	806	578.487	0	0
XR_922315.3	13510	13282.3	21.9438	0.0743499
XR_922328.2	236	78.1487	0	0
XR_922329.3	157	36.3884	0	0
XR_922334.3	7003	6775.29	24.0568	0.159791
XR_922337.2	457	240.449	0	0
XR_922341.3	1380	1152.29	0	0
XR_922350.2	1086	858.293	2.00681	0.105223
XR_922351.2	1221	993.293	0	0
XR_922357.4	525	303.13	0	0
XR_922360.3	7626	7398.29	28.0983	0.170919
XR_922370.3	284	107.25	0	0
XR_922371.3	269	97.8901	0	0
XR_922376.3	369	167.159	0	0
XR_922383.2	750	522.701	0	0
XR_922386.2	1648	1420.29	0	0
XR_922387.3	463	245.87	0	0
XR_922390.2	258	91.0962	0	0
XR_922391.1	647	420.888	0	0
XR_922393.3	5719	5491.29	1	0.00819535
XR_922395.3	330	138.255	0	0
XR_922396.3	5343	5115.29	0.000591572	5.2045e-06
XR_922398.3	652	425.803	0	0
XR_922402.2	719	491.852	0	0
XR_922404.1	122	21.8712	0	0
XR_922422.3	432	218.698	0	0
XR_922425.3	1065	837.293	0	0
XR_922426.2	1130	902.293	0	0
XR_922432.2	1935	1707.29	32	0.843498
XR_922433.3	3320	3092.29	4.73221	0.0688693
XR_922438.3	4342	4114.29	0	0
XR_922440.3	984	756.293	0	0
XR_922442.3	6867	6639.29	0	0
XR_922443.4	1241	1013.29	0	0
XR_922454.3	885	657.427	0	0
XR_922456.3	1761	1533.29	0	0
XR_922458.4	411	201.028	0	0
XR_922462.2	499	279.049	0	0
XR_922473.3	5199	4971.29	18.4863	0.167349
XR_922474.3	503	282.705	0	0
XR_922475.3	461	244.098	0	0
XR_922476.3	454	237.87	0	0
XR_922477.2	305	120.879	0	0
XR_922482.3	788	560.487	0	0
XR_922484.2	733	505.753	0	0
XR_922508.2	630	404.218	0	0
XR_922509.2	627	401.259	0	0
XR_922529.4	2200	1972.29	0	0
XR_922530.4	2307	2079.29	0	0
XR_922535.3	3627	3399.29	0	0
XR_922537.2	243	81.9846	0	0
XR_922550.3	1084	856.293	2	0.105111
XR_922552.3	1220	992.293	10	0.453526
XR_922553.3	3273	3045.29	0	0
XR_922555.3	666	439.629	0	0
XR_922576.4	661	434.717	0	0
XR_922577.4	668	441.629	6	0.611414
XR_922579.1	348	151.011	0	0
XR_922584.2	790	562.487	0	0
XR_922595.4	1028	800.293	0	0
XR_922596.4	1000	772.293	0	0
XR_922598.1	821	593.487	0	0
XR_922599.2	786	558.487	4	0.322322
XR_922600.2	577	352.35	0	0
XR_922605.2	1010	782.293	1	0.0575271
XR_922612.2	5788	5560.29	0	0
XR_922613.3	696	468.994	1	0.0959565
XR_922615.1	701	473.947	0	0
XR_922619.2	487	267.803	0	0
XR_922621.2	698	470.947	1	0.0955586
XR_922622.2	493	273.443	0	0
XR_922623.3	1301	1073.29	0	0
XR_922624.3	394	187.168	0	0
XR_922641.3	631	405.178	0	0
XR_922645.2	1066	838.293	0	0
XR_922648.3	923	695.293	0	0
XR_922661.2	1732	1504.29	0	0
XR_922688.3	3154	2926.29	0	0
XR_922689.3	3044	2816.29	4.0819	0.0652269
XR_922703.3	335	141.797	0	0
XR_922709.4	2603	2375.29	1.08742	0.0206027
XR_922710.3	2561	2333.29	0	0
XR_922713.3	278	103.326	0	0
XR_922714.3	351	153.209	0	0
XR_922716.3	301	118.444	0	0
XR_922726.3	762	534.648	0	0
XR_922732.1	429	216.04	0	0
XR_922739.3	1309	1081.29	0	0
XR_922740.2	1313	1085.29	0	0
XR_922743.1	246	83.7785	0	0
XR_922745.3	1002	774.293	0	0
XR_922747.2	3845	3617.29	1.03961	0.0129339
XR_922748.1	186	51.1319	0	0
XR_922750.1	578	353.315	0	0
XR_922752.2	3188	2960.29	0	0
XR_922753.3	727	499.753	0	0
XR_922758.2	2622	2394.29	1.10279e-08	2.0728e-10
XR_922770.1	1419	1191.29	0	0
XR_922771.3	1918	1690.29	0	0
XR_922772.4	1283	1055.29	14.024	0.598054
XR_922773.4	1764	1536.29	0	0
XR_922775.1	623	397.299	0	0
XR_922776.2	633	407.137	0	0
XR_922777.3	4071	3843.29	6.7994	0.0796176
XR_922779.2	639	413.014	0	0
XR_922782.3	546	322.964	0	0
XR_922783.2	559	335.04	0	0
XR_922784.4	661	434.717	1	0.103523
XR_922789.3	893	665.361	17.2568	1.1672
XR_922791.3	2136	1908.29	0	0
XR_922797.4	1946	1718.29	22	0.576193
XR_922803.3	1630	1402.29	0	0
XR_922805.3	1023	795.293	0	0
XR_922806.2	519	297.525	0	0
XR_922807.2	430	216.949	0	0
XR_922808.2	1110	882.293	0	0
XR_922813.1	776	548.487	0	0
XR_922814.3	4235	4007.29	1.01131	0.0113574
XR_922834.3	3303	3075.29	92.2489	1.34995
XR_922835.3	2387	2159.29	22.2725	0.464194
XR_922836.2	1559	1331.29	0.400943	0.0135535
XR_922837.3	5846	5618.29	0	0
XR_922856.3	1791	1563.29	0	0
XR_922861.3	1912	1684.29	0	0
XR_922865.3	3753	3525.29	0	0
XR_922871.2	984	756.293	0	0
XR_922883.4	2260	2032.29	0	0
XR_922884.2	4275	4047.29	0	0
XR_922885.4	4225	3997.29	0	0
XR_922891.3	2429	2201.29	24.0285	0.491238
XR_922892.4	8976	8748.29	0	0
XR_922902.3	2087	1859.29	107.924	2.61223
XR_922903.3	1389	1161.29	103.773	4.02148
XR_922908.3	2013	1785.29	248.859	6.27317
XR_922909.4	813	585.487	28.0068	2.15272
XR_922911.4	5347	5119.29	0	0
XR_922915.3	7042	6814.29	0	0
XR_922929.4	1034	806.293	6.82049	0.380684
XR_922942.2	1877	1649.29	0.47416	0.0129381
XR_922943.2	1686	1458.29	1.99632	0.0616066
XR_922944.3	3388	3160.29	0.165102	0.00235107
XR_922945.1	1806	1578.29	1.9325	0.0551028
XR_922965.2	1976	1748.29	0	0
XR_922968.4	9078	8850.29	0	0
XR_922984.3	1290	1062.29	0	0
XR_922991.3	1195	967.293	29.4657	1.37088
XR_922992.3	1684	1456.29	0	0
XR_922998.3	1520	1292.29	0	0
XR_923000.4	3321	3093.29	275.2	4.00377
XR_923015.3	1225	997.293	0	0
XR_923016.4	1396	1168.29	0	0
XR_923024.3	1221	993.293	0	0
XR_923043.3	1356	1128.29	7.36466	0.293747
XR_923044.3	1264	1036.29	0	0
XR_923047.3	3145	2917.29	45.2832	0.698553
XR_923048.3	3098	2870.29	13.0895	0.205229
XR_923049.2	1455	1227.29	0	0
XR_923051.3	1783	1555.29	0	0
XR_923053.3	1274	1046.29	4.74956	0.204288
XR_923054.4	2330	2102.29	0	0
XR_923057.4	2971	2743.29	87.0511	1.42805
XR_923062.3	2088	1860.29	0	0
XR_923067.3	4833	4605.29	227.797	2.22604
XR_923074.3	7593	7365.29	0	0
XR_923075.3	646	419.888	0	0
XR_923076.3	585	360.171	0	0
XR_923077.3	4541	4313.29	29.5984	0.308817
XR_923078.3	1686	1458.29	0	0
XR_923084.3	3398	3170.29	0	0
XR_923085.3	2630	2402.29	0	0
XR_923090.2	1919	1691.29	0	0
XR_923092.3	679	452.316	0	0
XR_923097.1	763	535.541	0	0
XR_923098.2	768	540.541	0	0
XR_923107.3	537	314.382	7.01805	1.00462
XR_923109.4	688	461.088	7.66437	0.748058
XR_923111.4	862	634.427	0	0
XR_923112.4	825	597.427	0	0
XR_923113.4	704	476.947	0	0
XR_923114.4	741	513.753	0	0
XR_923123.1	427	214.584	0	0
XR_923124.2	445	230.083	0	0
XR_923125.2	208	62.9017	0	0
XR_923126.1	423	211.123	0	0
XR_923127.1	711	483.852	0	0
XR_923128.1	707	479.9	0	0
XR_923137.3	3121	2893.29	0	0
XR_923138.3	3355	3127.29	0	0
XR_923141.1	422	210.345	0	0
XR_923142.3	1192	964.293	0	0
XR_923143.3	881	653.427	0	0
XR_923144.3	2160	1932.29	0	0
XR_923145.3	2465	2237.29	0	0
XR_923150.3	5756	5528.29	0	0
XR_923152.3	5754	5526.29	0	0
XR_923153.2	336	142.48	0	0
XR_923175.2	704	476.947	3	0.283069
XR_923178.2	624	398.259	1.71523	0.19382
XR_923180.1	234	77.1167	0	0
XR_923181.2	338	143.726	0	0
XR_923182.1	855	627.427	0	0
XR_923185.3	845	617.427	0	0
XR_923186.2	624	398.259	1.71523	0.19382
XR_923189.4	654	427.803	0	0
XR_923196.4	9758	9530.29	1.43498e-08	6.77611e-11
XR_923203.3	1672	1444.29	10.9926	0.34252
XR_923204.3	1663	1435.29	25.0074	0.784098
XR_923207.3	479	260.887	0	0
XR_923223.4	523	301.192	0	0
XR_923227.4	1687	1459.29	4	0.123356
XR_923234.3	147	31.7551	0	0
XR_923236.3	396	188.639	0	0
XR_923237.3	884	656.427	0	0
XR_923239.2	533	310.571	0	0
XR_923240.1	288	109.828	0	0
XR_923242.4	459	242.274	1	0.185753
XR_923243.3	722	494.802	0	0
XR_923245.3	672	445.496	0	0
XR_923246.3	801	573.487	0	0
XR_923247.3	437	223.004	0	0
XR_923249.3	3401	3173.29	2	0.0283636
XR_923250.3	645	418.93	0	0
XR_923251.3	1171	943.293	0	0
XR_923257.4	3809	3581.29	0	0
XR_923259.3	2756	2528.29	12.3409	0.219665
XR_923260.3	754	526.701	0	0
XR_923264.2	1909	1681.29	0	0
XR_923265.2	1109	881.293	0	0
XR_923266.2	1842	1614.29	0	0
XR_923267.2	1081	853.293	0	0
XR_923269.1	359	159.675	0	0
XR_923272.2	672	445.496	0	0
XR_923280.3	3342	3114.29	0	0
XR_923281.3	7050	6822.29	3.33016	0.0219673
XR_923282.3	1144	916.293	0.801299	0.0393552
XR_923283.3	4869	4641.29	0	0
XR_923284.3	4866	4638.29	12.8604	0.124779
XR_923286.4	1350	1122.29	0	0
XR_923287.4	1190	962.293	0	0
XR_923288.1	1588	1360.29	0	0
XR_923289.3	1676	1448.29	0	0
XR_923290.4	944	716.293	0	0
XR_923291.4	881	653.427	1	0.0688724
XR_923292.3	2584	2356.29	0	0
XR_923293.3	4052	3824.29	0	0
XR_923294.3	2423	2195.29	0	0
XR_923295.3	2392	2164.29	0	0
XR_923296.2	437	223.004	0	0
XR_923297.3	336	142.48	0	0
XR_923302.1	968	740.293	0	0
XR_923303.1	400	191.921	0	0
XR_923306.4	1514	1286.29	0	0
XR_923310.3	1080	852.293	0	0
XR_923311.4	1477	1249.29	5	0.180114
XR_923314.3	3050	2822.29	25.9299	0.413467
XR_923317.3	426	213.764	0	0
XR_923318.2	2707	2479.29	0	0
XR_923323.3	974	746.293	0	0
XR_923328.3	3153	2925.29	5.22058	0.080314
XR_923329.4	1291	1063.29	0	0
XR_923330.4	7689	7461.29	15.0259	0.0906291
XR_923341.3	538	315.318	0	0
XR_923342.2	242	81.454	0	0
XR_923353.2	2342	2114.29	0	0
XR_923354.4	579	354.315	0	0
XR_923360.3	319	130.608	0	0
XR_923361.3	288	109.828	0	0
XR_923366.2	2047	1819.29	0	0
XR_923367.2	3077	2849.29	0	0
XR_923370.3	713	485.852	0	0
XR_923371.2	796	568.487	0	0
XR_923372.2	1668	1440.29	0	0
XR_923377.3	1000	772.293	0	0
XR_923378.3	3888	3660.29	0	0
XR_923382.4	319	130.608	0	0
XR_923383.4	234	77.1167	0	0
XR_923388.1	978	750.293	0	0
XR_923389.3	717	489.852	1	0.0918709
XR_923393.3	1218	990.293	0	0
XR_923394.3	1735	1507.29	0	0
XR_923410.3	13183	12955.3	4.25146	0.0147684
XR_923412.3	571	346.526	0	0
XR_923413.2	615	389.417	0	0
XR_923414.2	1256	1028.29	0	0
XR_923415.1	1188	960.293	0	0
XR_923416.1	1087	859.293	0	0
XR_923417.3	843	615.427	0	0
XR_923418.2	748	520.701	0	0
XR_923419.3	888	660.427	0	0
XR_923420.1	168	41.7172	0	0
XR_923421.3	1601	1373.29	0	0
XR_923422.4	1218	990.293	0	0
XR_923458.3	194	55.1975	0	0
XR_923461.3	350	152.593	0	0
XR_923464.3	231	75.3292	0	0
XR_923467.3	2448	2220.29	11	0.222959
XR_923470.3	453	236.993	0	0
XR_923475.1	143	29.7861	0	0
XR_923476.3	1606	1378.29	0	0
XR_923477.3	1164	936.293	22.8487	1.09823
XR_923481.1	393	186.228	0	0
XR_923482.2	329	137.452	0	0
XR_923484.3	630	404.218	0	0
XR_923485.4	273	100.242	0	0
XR_923486.4	1713	1485.29	1	0.0302991
XR_923493.1	349	151.837	0	0
XR_923496.2	432	218.698	1	0.205777
XR_923497.3	554	330.174	0	0
XR_923498.3	406	196.92	0	0
XR_923501.3	1251	1023.29	0	0
XR_923505.3	6004	5776.29	2.00238	0.0156006
XR_923506.2	549	325.637	0	0
XR_923507.3	1594	1366.29	0	0
XR_923509.3	395	187.965	0	0
XR_923510.3	269	97.8901	0	0
XR_923512.3	943	715.293	0	0
XR_923513.3	729	501.753	0	0
XR_923517.3	547	323.768	4	0.555991
XR_923518.3	535	312.445	0	0
XR_923526.3	871	643.427	0	0
XR_923532.3	351	153.209	0	0
XR_923544.3	2198	1970.29	0	0
XR_923547.2	593	367.988	0	0
XR_923548.3	365	164.195	0	0
XR_923556.1	1476	1248.29	0	0
XR_923559.3	3816	3588.29	0	0
XR_923560.3	3456	3228.29	4.02671	0.0561331
XR_923561.3	3534	3306.29	0	0
XR_923566.3	29452	29224.3	0	0
XR_923573.3	3400	3172.29	4.02731	0.0571326
XR_923576.2	509	288.355	3	0.468204
XR_923578.1	279	103.985	0	0
XR_923579.2	598	372.913	0	0
XR_923580.2	405	196.152	0	0
XR_923581.3	1424	1196.29	0	0
XR_923583.3	1203	975.293	1	0.0461431
XR_923585.4	1002	774.293	0	0
XR_923586.2	854	626.427	0	0
XR_923588.3	381	176.619	0	0
XR_923589.3	527	304.945	0	0
XR_923596.2	300	117.761	2	0.764311
XR_923598.3	546	322.964	0	0
XR_923602.3	740	512.753	0	0
XR_923603.3	737	509.753	0	0
XR_923622.2	649	422.846	0	0
XR_923624.3	224	71.1275	0	0
XR_923634.3	946	718.293	0	0
XR_923635.3	426	213.764	0	0
XR_923636.3	305	120.879	0	0
XR_923637.3	373	170.281	0	0
XR_923638.3	543	320.029	0	0
XR_923647.3	373	170.281	0	0
XR_923648.3	427	214.584	0	0
XR_923649.3	303	119.67	0	0
XR_923650.3	321	132.144	0	0
XR_923652.2	467	249.436	0	0
XR_923653.2	363	162.855	0	0
XR_923654.2	347	150.34	0	0
XR_923656.1	574	349.421	0	0
XR_923661.1	781	553.487	0	0
XR_923662.1	751	523.701	0	0
XR_923663.1	632	406.137	0	0
XR_923683.2	853	625.427	0	0
XR_923685.3	9559	9331.29	20.9595	0.101084
XR_923689.4	451	235.213	0.500049	0.0956739
XR_923692.3	729	501.753	9	0.807226
XR_923707.3	373	170.281	0	0
XR_923718.3	704	476.947	0	0
XR_923732.3	2276	2048.29	1	0.021971
XR_923733.3	620	394.338	1	0.114123
XR_923737.2	1037	809.293	0	0
XR_923746.4	245	83.2645	0	0
XR_923747.3	430	216.949	0	0
XR_923748.3	1957	1729.29	0	0
XR_923749.3	2006	1778.29	0	0
XR_923750.3	2022	1794.29	0	0
XR_923757.3	1092	864.293	0	0
XR_923759.3	1983	1755.29	0	0
XR_923760.2	398	190.353	0	0
XR_923766.4	602	376.687	3.46887	0.414428
XR_923769.4	846	618.427	8.0854	0.588376
XR_923777.3	962	734.293	0	0
XR_923785.3	2137	1909.29	43.89	1.03451
XR_923798.3	401	192.714	0	0
XR_923799.3	857	629.427	0	0
XR_923801.3	782	554.487	0	0
XR_923802.3	773	545.487	0	0
XR_923803.3	696	468.994	0	0
XR_923809.3	7285	7057.29	23.7019	0.151143
XR_923815.3	600	374.838	0	0
XR_923851.3	445	230.083	0	0
XR_923855.3	1096	868.293	0	0
XR_923856.2	1166	938.293	0	0
XR_923858.3	935	707.293	0	0
XR_923859.3	1081	853.293	0	0
XR_923872.3	632	406.137	15	1.66211
XR_923873.3	624	398.259	0	0
XR_923875.3	241	81.0542	0	0
XR_923877.3	3718	3490.29	0	0
XR_923878.3	8236	8008.29	0	0
XR_923908.2	910	682.293	0	0
XR_923909.3	2397	2169.29	5.46163	0.113304
XR_923910.3	769	541.541	0	0
XR_923914.3	404	195.215	0	0
XR_923916.3	592	367.025	0	0
XR_923917.3	2009	1781.29	15.012	0.379267
XR_923921.2	1069	841.293	6	0.320956
XR_923923.2	543	320.029	0	0
XR_923924.3	603	377.687	2	0.238309
XR_923927.3	371	168.6	0	0
XR_923928.3	807	579.487	0	0
XR_923929.3	791	563.487	0	0
XR_923930.3	713	485.852	0	0
XR_923931.3	1137	909.293	2.54319	0.125868
XR_923934.3	673	446.496	0	0
XR_923935.2	470	252.282	0	0
XR_923937.3	1888	1660.29	0	0
XR_923939.2	263	94.0409	0	0
XR_923940.1	314	126.964	0	0
XR_923942.1	1165	937.293	0	0
XR_923944.3	725	497.753	0	0
XR_923947.4	1484	1256.29	14	0.50151
XR_923948.3	4114	3886.29	0	0
XR_923949.3	1329	1101.29	2.02477	0.0827397
XR_923950.4	260	92.282	0	0
XR_923951.1	197	56.9235	0	0
XR_923954.2	396	188.639	0	0
XR_923955.1	297	115.768	0	0
XR_923956.2	441	226.512	0	0
XR_923957.2	693	466.041	1.27803	0.123412
XR_923963.2	1798	1570.29	0	0
XR_923980.2	2242	2014.29	0	0
XR_923981.4	228	73.5821	0	0
XR_923987.2	1734	1506.29	0	0
XR_923992.3	1612	1384.29	2.23634	0.0727029
XR_923998.3	2084	1856.29	1	0.0242435
XR_924000.3	716	488.852	0	0
XR_924007.3	582	357.279	0	0
XR_924008.1	865	637.427	0	0
XR_924009.1	528	305.914	0	0
XR_924010.2	384	178.976	0	0
XR_924019.2	664	437.717	0	0
XR_924020.2	1786	1558.29	0	0
XR_924021.2	1201	973.293	0	0
XR_924022.2	1153	925.293	0	0
XR_924024.3	1193	965.293	0	0
XR_924026.3	2149	1921.29	3.46448	0.0811497
XR_924027.3	1701	1473.29	0	0
XR_924034.3	684	457.134	3.6296	0.35732
XR_924035.3	1919	1691.29	1.3704	0.0364646
XR_924039.3	2888	2660.29	14.2928	0.241785
XR_924046.3	529	306.759	0	0
XR_924050.2	3989	3761.29	0	0
XR_924055.3	2202	1974.29	0	0
XR_924057.3	4222	3994.29	0	0
XR_924064.3	354	155.786	0	0
XR_924066.2	556	332.141	0	0
XR_924069.3	702	474.947	1.02736	0.0973462
XR_924076.2	1739	1511.29	0	0
XR_924077.3	605	379.687	0	0
XR_924086.3	1084	856.293	0	0
XR_924090.2	2457	2229.29	0	0
XR_924098.2	1412	1184.29	0	0
XR_924103.3	7905	7677.29	0	0
XR_924105.4	7044	6816.29	37.0914	0.244888
XR_924113.3	1486	1258.29	2.92134	0.104482
XR_924119.2	4357	4129.29	0	0
XR_924126.3	1843	1615.29	0	0
XR_924128.2	1417	1189.29	0.547871	0.0207316
XR_924161.3	712	484.852	0	0
XR_924171.4	9176	8948.29	14.9268	0.0750704
XR_924173.2	2957	2729.29	0	0
XR_924174.3	3219	2991.29	0	0
XR_924177.3	1918	1690.29	0	0
XR_924178.4	1571	1343.29	0	0
XR_924185.4	4553	4325.29	0	0
XR_924186.4	4612	4384.29	0	0
XR_924187.4	1845	1617.29	0	0
XR_924188.4	4513	4285.29	0	0
XR_924189.4	1908	1680.29	5.27433	0.141262
XR_924215.4	6501	6273.29	0	0
XR_924217.3	2523	2295.29	0	0
XR_924218.3	5306	5078.29	0	0
XR_924224.2	417	206.073	0	0
XR_924225.2	383	178.191	0	0
XR_924236.3	618	392.338	0	0
XR_924240.3	560	336.006	0	0
XR_924242.3	374	171.054	0	0
XR_924244.3	435	221.33	0	0
XR_924253.2	498	278.077	0	0
XR_924254.3	673	446.496	2	0.201583
XR_924256.2	714	486.852	0	0
XR_924257.1	586	361.171	0	0
XR_924258.2	970	742.293	0	0
XR_924259.2	856	628.427	0	0
XR_924261.2	624	398.259	1	0.113
XR_924262.1	172	43.9516	0	0
XR_924266.2	240	80.5243	0	0
XR_924270.3	1227	999.293	0	0
XR_924286.4	3137	2909.29	0	0
XR_924293.3	537	314.382	0	0
XR_924294.2	720	492.802	0	0
XR_924295.2	966	738.293	0	0
XR_924298.2	613	387.495	0	0
XR_924300.3	7226	6998.29	0	0
XR_924301.3	27258	27030.3	11.3571	0.0189086
XR_924302.3	6004	5776.29	4.64643e-07	3.62003e-09
XR_924305.2	606	380.649	0	0
XR_924306.2	554	330.174	0	0
XR_924310.3	350	152.593	0	0
XR_924311.3	3273	3045.29	28.8774	0.426747
XR_924321.1	1105	877.293	1	0.0512976
XR_924322.3	1687	1459.29	0	0
XR_924323.2	1161	933.293	0	0
XR_924326.3	553	329.241	0	0
XR_924327.3	565	340.768	0	0
XR_924328.3	552	328.307	0	0
XR_924329.3	5488	5260.29	2.82931e-08	2.42054e-10
XR_924331.3	1417	1189.29	3	0.113521
XR_924333.4	5702	5474.29	12	0.0986496
XR_924334.3	553	329.241	0	0
XR_924347.4	3165	2937.29	2	0.0306426
XR_924352.3	709	481.852	1	0.0933962
XR_924357.3	198	57.5294	0	0
XR_924358.3	339	144.406	0	0
XR_924361.3	30211	29983.3	17.9763	0.0269814
XR_924378.2	730	502.753	0	0
XR_924380.3	1053	825.293	0.690487	0.0376521
XR_924390.3	1526	1298.29	17.0039	0.589411
XR_924391.4	1328	1100.29	0	0
XR_924392.3	489	269.721	0	0
XR_924398.4	2670	2442.29	0	0
XR_924399.4	2187	1959.29	9.88008	0.226936
XR_924403.3	434	220.399	13	2.65446
XR_924417.4	4295	4067.29	0	0
XR_924418.4	3388	3160.29	0	0
XR_924424.4	1787	1559.29	0	0
XR_924427.3	1937	1709.29	0	0
XR_924428.4	495	275.303	0	0
XR_924449.3	4379	4151.29	0	0
XR_924454.4	1534	1306.29	1.78107	0.0613596
XR_924455.2	3147	2919.29	63.5839	0.980193
XR_924459.3	1386	1158.29	0	0
XR_924461.2	973	745.293	0	0
XR_924469.3	639	413.014	11	1.19859
XR_924470.3	750	522.701	0	0
XR_924472.3	650	423.846	0	0
XR_924473.3	639	413.014	0	0
XR_924479.3	631	405.178	0	0
XR_924480.3	1436	1208.29	0	0
XR_924481.3	1133	905.293	0	0
XR_924482.3	1246	1018.29	0	0
XR_924486.3	310	124.224	0	0
XR_924488.2	1090	862.293	7	0.36533
XR_924489.3	281	105.3	0	0
XR_924500.3	5512	5284.29	42.9675	0.365928
XR_924513.3	621	395.338	2	0.227669
XR_924515.3	4702	4474.29	7.02424	0.0706509
XR_924516.3	3972	3744.29	0	0
XR_924518.4	2988	2760.29	4	0.0652149
XR_924525.4	708	480.9	1	0.093581
XR_924527.4	2498	2270.29	0	0
XR_924528.4	2495	2267.29	0	0
XR_924529.2	286	108.57	0	0
XR_924530.3	2815	2587.29	0	0
XR_924532.1	411	201.028	0	0
XR_924533.2	611	385.534	0	0
XR_924534.3	3801	3573.29	50.0937	0.630895
XR_924548.3	477	258.967	0	0
XR_924551.3	621	395.338	0	0
XR_924554.3	511	290.032	0	0
XR_924555.3	2062	1834.29	0	0
XR_924556.3	793	565.487	5	0.397915
XR_924558.4	2209	1981.29	0	0
XR_924559.4	1765	1537.29	0	0
XR_924560.3	597	371.913	1.68638	0.204059
XR_924561.2	299	117.078	0	0
XR_924562.2	520	298.404	0	0
XR_924564.1	507	286.472	0	0
XR_924565.1	559	335.04	0	0
XR_924566.2	1337	1109.29	0	0
XR_924567.3	691	464.041	0	0
XR_924571.2	2182	1954.29	0	0
XR_924572.4	1275	1047.29	0	0
XR_924573.3	543	320.029	0	0
XR_924574.3	540	317.191	0	0
XR_924577.3	299	117.078	9	3.45948
XR_924578.3	1934	1706.29	18	0.474746
XR_924581.3	570	345.561	0	0
XR_924584.3	462	244.971	0	0
XR_924589.3	3568	3340.29	0	0
XR_924590.3	1442	1214.29	1.06026	0.0392946
XR_924592.3	1481	1253.29	2	0.0718157
XR_924597.4	5412	5184.29	1.78473	0.0154927
XR_924602.1	632	406.137	0	0
XR_924604.2	316	128.304	0	0
XR_924607.4	1499	1271.29	22.4268	0.793898
XR_924608.4	1085	857.293	0	0
XR_924637.4	14535	14307.3	21.0067	0.0660757
XR_924638.3	14031	13803.3	8.89119e-08	2.89881e-10
XR_924643.3	1189	961.293	0	0
XR_924654.1	602	376.687	0	0
XR_924655.1	484	265.13	1	0.169739
XR_924657.2	199	58.0114	0	0
XR_924658.3	507	286.472	0	0
XR_924659.3	1518	1290.29	12.8835	0.449355
XR_924660.3	1888	1660.29	0	0
XR_924661.3	1409	1181.29	0	0
XR_924662.3	1852	1624.29	0	0
XR_924663.2	1299	1071.29	0	0
XR_924668.2	742	514.753	0	0
XR_924674.3	3089	2861.29	0	0
XR_924675.3	3468	3240.29	0	0
XR_924682.2	487	267.803	12	2.01655
XR_924683.3	216	66.8958	0	0
XR_924689.3	1253	1025.29	0	0
XR_924699.3	1548	1320.29	5	0.170428
XR_924701.2	1521	1293.29	2	0.0695946
XR_924718.4	4139	3911.29	0	0
XR_924719.2	1061	833.293	0	0
XR_924728.4	354	155.786	2	0.577757
XR_924729.3	2563	2335.29	1	0.0192708
XR_924734.3	529	306.759	0	0
XR_924752.3	909	681.293	2	0.132111
XR_924754.3	394	187.168	0	0
XR_924755.2	379	175.043	0	0
XR_924756.2	941	713.293	0	0
XR_924757.2	1040	812.293	0	0
XR_924758.2	945	717.293	0	0
XR_924759.3	875	647.427	0	0
XR_924771.2	856	628.427	2	0.143224
XR_924772.3	519	297.525	0	0
XR_924773.3	461	244.098	0	0
XR_924788.3	4921	4693.29	0	0
XR_924790.3	3941	3713.29	0	0
XR_924792.3	1244	1016.29	0	0
XR_924793.3	975	747.293	0	0
XR_924811.2	591	366.025	0	0
XR_924812.2	866	638.427	0	0
XR_924813.3	5991	5763.29	1.08055	0.00843759
XR_924814.1	1445	1217.29	0	0
XR_924819.3	512	290.943	0	0
XR_924825.2	479	260.887	0	0
XR_924826.2	456	239.672	0	0
XR_924827.2	531	308.697	0	0
XR_924833.3	2092	1864.29	0	0
XR_924835.3	476	257.994	0	0
XR_924836.3	452	236.066	0	0
XR_924838.4	1084	856.293	0	0
XR_924839.2	633	407.137	0	0
XR_924841.3	3752	3524.29	0	0
XR_924873.2	1661	1433.29	0	0
XR_924874.1	609	383.573	0	0
XR_924880.3	1000	772.293	0	0
XR_924896.3	1877	1649.29	15.0004	0.409305
XR_924897.3	1056	828.293	4.42011	0.240155
XR_924902.1	587	362.135	0	0
XR_924913.4	2978	2750.29	0.14282	0.00233697
XR_924937.2	664	437.717	0	0
XR_924941.3	2225	1997.29	0	0
XR_924965.4	5791	5563.29	317.997	2.57237
XR_925020.3	1034	806.293	4	0.223259
XR_925031.4	3258	3030.29	0	0
XR_925032.4	3244	3016.29	6.0009	0.0895334
XR_925033.3	2996	2768.29	9.08933	0.147762
XR_925034.3	3451	3223.29	2.55759	0.0357086
XR_925043.3	390	183.77	0	0
XR_925046.3	855	627.427	1	0.0717264
XR_925049.2	1095	867.293	0	0
XR_925050.2	922	694.293	0	0
XR_925052.3	785	557.487	0	0
XR_925056.3	8631	8403.29	14.5183	0.0777516
XR_925057.3	1276	1048.29	3	0.12879
XR_925058.3	569	344.595	0	0
XR_925064.3	7947	7719.29	0	0
XR_925065.3	8479	8251.29	0	0
XR_925066.3	8419	8191.29	0	0
XR_925067.3	8528	8300.29	0	0
XR_925069.3	3204	2976.29	6.45675	0.0976293
XR_925070.3	354	155.786	0	0
XR_925098.3	644	417.93	0	0
XR_925101.3	397	189.558	0	0
XR_925102.3	752	524.701	2.36781	0.203084
XR_925103.3	2239	2011.29	3	0.0671256
XR_925104.2	1060	832.293	0	0
XR_925105.2	1111	883.293	0	0
XR_925108.3	858	630.427	7.53502	0.537888
XR_925129.4	2195	1967.29	1.01446	0.0232064
XR_925142.2	1238	1010.29	29.4645	1.31248
XR_925163.3	5640	5412.29	15.1723	0.126157
XR_925165.3	6398	6170.29	0	0
XR_925178.3	435	221.33	0	0
XR_925179.3	513	291.914	0	0
XR_925180.3	669	442.629	0	0
XR_925181.3	2001	1773.29	1.86068	0.0472207
XR_925182.3	562	337.904	0	0
XR_925191.3	637	411.055	0	0
XR_925195.3	2260	2032.29	0	0
XR_925198.2	412	201.964	0	0
XR_925210.1	918	690.293	0	0
XR_925214.3	425	212.877	0	0
XR_925228.3	1350	1122.29	0	0
XR_925231.2	2196	1968.29	0	0
XR_925235.4	132	25.5516	0	0
XR_925263.3	723	495.802	1.66485	0.151116
XR_925265.1	221	69.701	0	0
XR_925266.3	1997	1769.29	459	11.675
XR_925267.3	859	631.427	0	0
XR_925268.1	331	138.909	0	0
XR_925277.3	2507	2279.29	0	0
XR_925278.4	1749	1521.29	0	0
XR_925279.3	267	96.6399	0	0
XR_925284.3	4220	3992.29	0	0
XR_925286.3	3128	2900.29	0	0
XR_925288.4	421	209.523	0	0
XR_925302.3	1835	1607.29	0	0
XR_925303.4	1773	1545.29	0	0
XR_925306.3	1631	1403.29	11.267	0.361328
XR_925324.4	3074	2846.29	130.677	2.06615
XR_925333.3	15455	15227.3	75.8087	0.224047
XR_925374.2	457	240.449	0	0
XR_925375.2	1423	1195.29	0	0
XR_925376.2	1197	969.293	0	0
XR_925377.3	1002	774.293	0	0
XR_925378.3	853	625.427	0	0
XR_925379.3	1762	1534.29	0	0
XR_925383.3	1385	1157.29	0	0
XR_925385.3	629	403.218	0	0
XR_925387.4	317	129.052	0	0
XR_925402.2	946	718.293	0	0
XR_925403.2	1260	1032.29	0	0
XR_925404.3	494	274.359	0	0
XR_925405.3	491	271.527	0	0
XR_925406.4	705	477.9	0	0
XR_925412.1	1291	1063.29	0	0
XR_925413.1	842	614.427	0	0
XR_925415.3	1609	1381.29	0	0
XR_925418.3	3161	2933.29	0	0
XR_925421.3	1040	812.293	0	0
XR_925422.4	1950	1722.29	0	0
XR_925423.4	1655	1427.29	0	0
XR_925430.3	898	670.361	0	0
XR_925441.3	622	396.338	0	0
XR_925445.3	8033	7805.29	6.50763	0.0375212
XR_925449.2	323	133.485	0	0
XR_925450.2	488	268.748	0	0
XR_925451.1	499	279.049	0	0
XR_925458.3	691	464.041	0	0
XR_925460.2	424	212.011	0	0
XR_925461.2	463	245.87	0	0
XR_925469.2	630	404.218	0	0
XR_925471.3	999	771.293	0	0
XR_925475.3	1241	1013.29	1.16565	0.0517698
XR_925476.3	1078	850.293	0	0
XR_925477.3	997	769.293	0	0
XR_925488.2	3542	3314.29	0	0
XR_925490.3	485	265.994	0	0
XR_925494.3	2306	2078.29	0	0
XR_925500.3	2130	1902.29	6.45189	0.152634
XR_925502.3	657	430.76	0	0
XR_925506.3	1621	1393.29	0	0
XR_925507.4	719	491.852	2	0.182995
XR_925508.3	366	164.863	0	0
XR_925510.3	3092	2864.29	4.24888	0.0667574
XR_925513.1	472	254.125	0	0
XR_925515.3	473	255.047	0	0
XR_925516.1	429	216.04	0	0
XR_925517.2	1049	821.293	0	0
XR_925518.2	927	699.293	0	0
XR_925519.3	479	260.887	0	0
XR_925520.2	489	269.721	0	0
XR_925524.2	383	178.191	0	0
XR_925528.3	1087	859.293	0	0
XR_925530.3	1633	1405.29	35	1.12084
XR_925543.1	235	77.5231	0	0
XR_925544.1	221	69.701	0	0
XR_925547.1	366	164.863	1	0.272972
XR_925555.1	325	134.886	0	0
XR_925577.3	2786	2558.29	24.273	0.426989
XR_925623.3	2341	2113.29	28.159	0.599653
XR_925633.3	1195	967.293	0	0
XR_925655.3	6857	6629.29	0	0
XR_925661.1	3240	3012.29	1.48484	0.0221833
XR_925669.2	835	607.427	0.5	0.037044
XR_925671.1	1314	1086.29	1.74176e-06	7.2158e-08
XR_925675.4	4950	4722.29	5	0.0476496
XR_925684.3	1956	1728.29	0	0
XR_925702.3	522	300.222	0	0
XR_925709.2	558	334.107	0	0
XR_925711.2	553	329.241	0	0
XR_925712.2	821	593.487	0	0
XR_925713.2	488	268.748	0	0
XR_925714.1	2757	2529.29	2	0.0355855
XR_925733.4	3600	3372.29	0	0
XR_925737.3	9870	9642.29	1.08933	0.0050842
XR_925740.3	2869	2641.29	1	0.0170383
XR_925749.3	583	358.243	0	0
XR_925750.3	524	302.192	0	0
XR_925751.3	436	222.144	0	0
XR_925752.3	380	175.793	0	0
XR_925763.3	12970	12742.3	7.06506	0.0249523
XR_925771.3	6166	5938.29	3.07355	0.0232928
XR_925772.4	5830	5602.29	2.59988	0.0208848
XR_925773.3	7387	7159.29	9.0554	0.056922
XR_925776.2	362	162.038	0	0
XR_925783.3	7768	7540.29	0	0
XR_925785.2	7576	7348.29	0	0
XR_925786.3	6873	6645.29	8.03197	0.0543939
XR_925791.3	743	515.753	0	0
XR_925793.2	471	253.178	0	0
XR_925798.3	241	81.0542	0	0
XR_925809.3	400	191.921	0	0
XR_925815.1	581	356.279	0	0
XR_925817.1	536	313.414	0	0
XR_925821.3	304	120.29	0	0
XR_925822.2	2071	1843.29	0	0
XR_925838.3	1501	1273.29	0	0
XR_925839.3	1409	1181.29	0	0
XR_925843.3	1451	1223.29	5.02801	0.184973
XR_925845.4	1786	1558.29	0	0
XR_925846.3	254	88.6424	0	0
XR_925848.3	4197	3969.29	0.500444	0.00567394
XR_925849.2	1121	893.293	0	0
XR_925850.2	1152	924.293	0	0
XR_925851.1	399	191.106	0	0
XR_925852.2	698	470.947	0	0
XR_925853.1	350	152.593	0	0
XR_925858.3	2265	2037.29	1.31822e-05	2.9119e-07
XR_925859.3	2246	2018.29	4.99999	0.111488
XR_925873.2	746	518.701	0	0
XR_925875.1	261	92.9009	0	0
XR_925876.2	259	91.7167	0	0
XR_925879.3	524	302.192	0	0
XR_925880.3	409	199.348	0	0
XR_925886.2	982	754.293	0	0
XR_925887.3	1064	836.293	0	0
XR_925890.1	460	243.274	0	0
XR_925891.2	1087	859.293	0	0
XR_925897.3	10640	10412.3	19.3721	0.0837283
XR_925906.2	483	264.32	0	0
XR_925916.3	1218	990.293	0	0
XR_925919.3	2274	2046.29	1	0.0219925
XR_925922.3	1948	1720.29	0	0
XR_925923.3	594	368.988	1	0.121964
XR_925927.3	463	245.87	0	0
XR_925931.4	862	634.427	15	1.06402
XR_925936.3	1397	1169.29	1	0.0384874
XR_925942.3	288	109.828	0	0
XR_925950.3	295	114.56	0	0
XR_925953.3	471	253.178	0	0
XR_925956.4	6677	6449.29	5.0007	0.0348948
XR_925964.3	10033	9805.29	261	1.19791
XR_926027.4	1635	1407.29	3.29766	0.105454
XR_926031.3	5771	5543.29	0	0
XR_926042.2	2825	2597.29	0	0
XR_926043.2	1855	1627.29	1.46318	0.0404644
XR_926044.2	1534	1306.29	0	0
XR_926052.4	1793	1565.29	60.2478	1.73216
XR_926053.3	1802	1574.29	5.09153e-06	1.45547e-07
XR_926055.4	2516	2288.29	2	0.0393333
XR_926065.3	1466	1238.29	0	0
XR_926078.3	14253	14025.3	0	0
XR_926106.1	1370	1142.29	0	0
XR_926136.3	1741	1513.29	0	0
XR_926141.3	3939	3711.29	256.801	3.11396
XR_926166.3	697	469.994	0	0
XR_926167.3	700	472.947	0	0
XR_926185.4	1290	1062.29	5.24996	0.22241
XR_926215.4	4105	3877.29	0	0
XR_926220.4	1690	1462.29	0	0
XR_926250.2	1615	1387.29	0	0
XR_926258.4	4766	4538.29	0	0
XR_926300.4	1397	1169.29	15.1211	0.581973
XR_926302.4	1316	1088.29	0	0
XR_926319.4	1535	1307.29	0	0
XR_926320.1	1115	887.293	0	0
XR_926321.1	1002	774.293	0	0
XR_926349.3	7218	6990.29	0	0
XR_926356.3	683	456.134	0	0
XR_926357.3	684	457.134	0	0
XR_926363.3	386	180.662	0	0
XR_926382.2	1110	882.293	0	0
XR_926383.3	1222	994.293	0	0
XR_926384.2	1075	847.293	6.02963	0.320257
XR_926387.3	539	316.223	3.69988	0.526548
XR_926395.3	1058	830.293	9.03125	0.489507
XR_926397.3	1078	850.293	0	0
XR_926409.3	1230	1002.29	0	0
XR_926412.3	24220	23992.3	15.1389	0.0283965
XR_926413.4	5156	4928.29	5.00072	0.0456645
XR_926428.2	818	590.487	0	0
XR_926429.3	2069	1841.29	0	0
XR_926430.2	815	587.487	0	0
XR_926431.3	1748	1520.29	2.00339	0.0593035
XR_926432.1	651	424.846	0	0
XR_926434.2	380	175.793	25	6.40002
XR_926435.2	185	50.4591	0	0
XR_926436.4	2335	2107.29	112.619	2.40508
XR_926437.4	2102	1874.29	0	0
XR_926440.3	716	488.852	0	0
XR_926441.3	663	436.717	2	0.206097
XR_926443.3	556	332.141	0	0
XR_926444.3	1423	1195.29	0	0
XR_926445.3	533	310.571	0	0
XR_926450.3	1961	1733.29	0	0
XR_926456.3	2692	2464.29	5.1501	0.0940515
XR_926457.2	447	231.819	0	0
XR_926458.2	2527	2299.29	0	0
XR_926459.3	438	223.888	0	0
XR_926470.3	21282	21054.3	0	0
XR_926477.3	1652	1424.29	0	0
XR_926485.3	637	411.055	0	0
XR_926488.2	1590	1362.29	0	0
XR_926496.3	378	174.332	0	0
XR_926497.4	1620	1392.29	20	0.64646
XR_926500.3	557	333.141	0	0
XR_926501.2	2493	2265.29	2	0.0397327
XR_926510.3	6786	6558.29	4.3171	0.029624
XR_926511.3	2346	2118.29	0	0
XR_926514.4	3031	2803.29	0	0
XR_926516.3	11482	11254.3	0	0
XR_926520.1	329	137.452	0	0
XR_926530.3	1127	899.293	0	0
XR_926532.3	495	275.303	0	0
XR_926534.3	650	423.846	5.74775	0.610284
XR_926548.3	387	181.366	0	0
XR_926549.3	404	195.215	0	0
XR_926557.3	363	162.855	0	0
XR_926561.3	418	206.92	0	0
XR_926566.3	5761	5533.29	2	0.0162663
XR_926568.4	3268	3040.29	2.05785	0.0304607
XR_926569.4	3223	2995.29	0	0
XR_926571.2	1543	1315.29	6	0.205291
XR_926573.4	322	132.775	0	0
XR_926578.2	1605	1377.29	2.20437	0.0720278
XR_926583.3	989	761.293	0	0
XR_926613.3	1833	1605.29	0	0
XR_926628.4	9308	9080.29	0	0
XR_926636.2	633	407.137	0	0
XR_926638.2	633	407.137	0	0
XR_926656.4	864	636.427	0	0
XR_926657.3	601	375.763	0	0
XR_926659.2	1244	1016.29	5.39526	0.238911
XR_926664.4	1073	845.293	10	0.532396
XR_926667.3	1184	956.293	0	0
XR_926670.1	1108	880.293	0.515233	0.0263402
XR_926680.3	2401	2173.29	0	0
XR_926681.2	2182	1954.29	0	0
XR_926682.3	920	692.293	3.60481	0.234334
XR_926691.3	2811	2583.29	0	0
XR_926696.2	877	649.427	8	0.554372
XR_926707.3	4767	4539.29	14	0.138798
XR_926710.1	496	276.219	0	0
XR_926711.1	365	164.195	0	0
XR_926726.1	159	37.5056	0	0
XR_926745.3	799	571.487	0	0
XR_926746.3	513	291.914	1	0.154166
XR_926747.3	848	620.427	5	0.362678
XR_926748.3	723	495.802	0	0
XR_926757.3	579	354.315	0	0
XR_926758.3	359	159.675	0	0
XR_926759.3	1649	1421.29	2	0.063327
XR_926762.3	497	277.191	0	0
XR_926767.4	516	294.675	5.00863	0.764923
XR_926772.4	1419	1191.29	0	0
XR_926773.3	546	322.964	0	0
XR_926774.3	498	278.077	0	0
XR_926776.4	2421	2193.29	0	0
XR_926777.4	1971	1743.29	0	0
XR_926778.4	1838	1610.29	0	0
XR_926780.2	1134	906.293	0	0
XR_926781.2	959	731.293	0	0
XR_926782.2	1001	773.293	0	0
XR_926787.3	3012	2784.29	4.15897	0.0672223
XR_926788.2	1545	1317.29	0	0
XR_926789.2	1504	1276.29	0	0
XR_926790.3	644	417.93	0	0
XR_926794.3	2134	1906.29	2.00733	0.0473884
XR_926799.3	1704	1476.29	0	0
XR_926814.3	1215	987.293	0	0
XR_926818.3	820	592.487	0	0
XR_926819.3	824	596.427	0	0
XR_926820.4	400	191.921	0	0
XR_926833.3	676	449.451	0	0
XR_926835.2	382	177.405	0	0
XR_926838.2	1145	917.293	2	0.0981215
XR_926855.3	3768	3540.29	0	0
XR_926864.3	1115	887.293	0	0
XR_926865.4	685	458.134	0	0
XR_926867.2	259	91.7167	0	0
XR_926868.1	672	445.496	15	1.51527
XR_926871.3	201	59.1453	0	0
XR_926877.2	1577	1349.29	0	0
XR_926892.2	246	83.7785	0	0
XR_926894.2	725	497.753	0	0
XR_926901.3	641	415.014	0	0
XR_926910.2	3067	2839.29	8.83364	0.140014
XR_926912.4	1074	846.293	0	0
XR_926914.3	15086	14858.3	0	0
XR_926915.3	15083	14855.3	0	0
XR_926919.3	13574	13346.3	0	0
XR_926925.3	1372	1144.29	2.18006	0.085738
XR_926936.4	5084	4856.29	5.41831	0.0502113
XR_926946.4	2328	2100.29	122.808	2.63142
XR_926954.3	728	500.753	0	0
XR_926956.3	597	371.913	0	0
XR_926959.3	4031	3803.29	0	0
XR_926965.4	2078	1850.29	0	0
XR_926966.3	1979	1751.29	2.88972	0.0742574
XR_926997.4	51675	51447.3	0	0
XR_926999.3	315	127.681	0	0
XR_927004.2	1556	1328.29	36.487	1.23619
XR_927009.3	2412	2184.29	4	0.0824122
XR_927010.2	731	503.753	0	0
XR_927015.2	1890	1662.29	0	0
XR_927017.4	418	206.92	0	0
XR_927021.2	1604	1376.29	0	0
XR_927026.2	662	435.717	0	0
XR_927035.4	1922	1694.29	4.02942	0.107028
XR_927036.2	447	231.819	0	0
XR_927037.3	1634	1406.29	0	0
XR_927039.3	1500	1272.29	0	0
XR_927043.2	549	325.637	0	0
XR_927044.3	808	580.487	0	0
XR_927049.4	9944	9716.29	0	0
XR_927051.3	938	710.293	0	0
XR_927053.3	720	492.802	0	0
XR_927057.3	3894	3666.29	0	0
XR_927058.2	1983	1755.29	0	0
XR_927067.3	613	387.495	0	0
XR_927074.3	677	450.406	4.05601	0.405263
XR_927081.3	208	62.9017	0	0
XR_927095.3	508	287.414	0	0
XR_927096.2	399	191.106	0	0
XR_927097.3	458	241.399	0	0
XR_927098.2	401	192.714	0	0
XR_927102.3	413	202.921	1	0.221777
XR_927103.2	539	316.223	0	0
XR_927104.2	876	648.427	0	0
XR_927105.2	953	725.293	0	0
XR_927106.2	424	212.011	0	0
XR_927110.3	566	341.699	0	0
XR_927111.3	3799	3571.29	11.5246	0.145226
XR_927112.4	2921	2693.29	7.79353	0.130225
XR_927113.3	1751	1523.29	0	0
XR_927114.3	1513	1285.29	0	0
XR_927116.3	1200	972.293	0	0
XR_927117.3	1554	1326.29	0	0
XR_927119.3	1741	1513.29	0	0
XR_927122.3	740	512.753	0	0
XR_927123.3	1328	1100.29	0	0
XR_927126.3	3929	3701.29	2.00048	0.0243233
XR_927134.3	908	680.293	0	0
XR_927139.3	271	99.0818	0	0
XR_927146.3	2270	2042.29	0	0
XR_927147.4	6796	6568.29	5.01133	0.0343355
XR_927156.3	3350	3122.29	0	0
XR_927158.3	4083	3855.29	0	0
XR_927159.2	4171	3943.29	0	0
XR_927160.2	3782	3554.29	0	0
XR_927168.3	1064	836.293	0	0
XR_927172.4	12227	11999.3	7.21177e-05	2.70476e-07
XR_927182.2	1727	1499.29	0	0
XR_927183.2	827	599.427	0	0
XR_927185.2	324	134.113	0	0
XR_927186.2	256	89.7297	0	0
XR_927187.3	4565	4337.29	0	0
XR_927190.1	1654	1426.29	0	0
XR_927191.3	2008	1780.29	0	0
XR_927192.3	1822	1594.29	0	0
XR_927193.3	11061	10833.3	3.13065	0.0130052
XR_927195.3	223	70.6179	0	0
XR_927196.3	236	78.1487	0	0
XR_927197.2	1281	1053.29	0	0
XR_927198.2	1034	806.293	1	0.0558148
XR_927199.3	12770	12542.3	11	0.0394692
XR_927202.3	3003	2775.29	5.07221	0.0822489
XR_927206.3	624	398.259	0	0
XR_927207.3	615	389.417	1	0.115565
XR_927221.3	410	200.199	0	0
XR_927222.3	1088	860.293	0	0
XR_927223.3	467	249.436	0	0
XR_927228.2	1695	1467.29	0	0
XR_927229.3	903	675.361	0	0
XR_927230.3	519	297.525	6.33452	0.958147
XR_927248.3	1266	1038.29	0	0
XR_927249.1	333	140.38	0	0
XR_927251.3	1877	1649.29	3	0.0818589
XR_927253.3	1140	912.293	0	0
XR_927254.1	1604	1376.29	0	0
XR_927259.2	330	138.255	0	0
XR_927260.4	632	406.137	0	0
XR_927264.2	321	132.144	0	0
XR_927266.3	3207	2979.29	0	0
XR_927267.3	826	598.427	0	0
XR_927268.3	690	463.088	0	0
XR_927269.3	775	547.487	0	0
XR_927272.3	1561	1333.29	0	0
XR_927276.2	870	642.427	0.638964	0.0447605
XR_927277.3	1602	1374.29	5.83559	0.191094
XR_927278.2	1519	1291.29	0	0
XR_927279.1	825	597.427	0	0
XR_927286.3	2723	2495.29	0	0
XR_927288.2	398	190.353	0	0
XR_927290.2	249	85.4599	0	0
XR_927293.2	372	169.412	0	0
XR_927294.1	332	139.579	0	0
XR_927296.2	234	77.1167	0	0
XR_927297.1	134	26.2749	0	0
XR_927303.3	672	445.496	0	0
XR_927304.2	478	259.941	0	0
XR_927305.3	1205	977.293	0	0
XR_927306.2	544	321.029	0	0
XR_927307.2	3617	3389.29	0	0
XR_927326.3	2116	1888.29	0	0
XR_927402.3	2799	2571.29	1.33223	0.0233169
XR_927410.4	2086	1858.29	0	0
XR_927421.2	6338	6110.29	0	0
XR_927422.2	5359	5131.29	0	0
XR_927469.2	3213	2985.29	0	0
XR_927479.4	1874	1646.29	4.78369	0.130767
XR_927493.2	1673	1445.29	11.3499	0.35341
XR_927494.4	5555	5327.29	71.9519	0.607825
XR_927500.4	2971	2743.29	0	0
XR_927503.4	5486	5258.29	42.0397	0.359797
XR_927511.4	2296	2068.29	546.372	11.8883
XR_927513.4	1666	1438.29	28.8187	0.901716
XR_927514.3	1709	1481.29	16.8508	0.511942
XR_927518.2	1488	1260.29	89.7984	3.20656
XR_927530.2	3990	3762.29	0	0
XR_927531.3	4354	4126.29	0	0
XR_927546.3	4292	4064.29	0	0
XR_927547.3	5405	5177.29	0	0
XR_927567.2	514	292.795	0	0
XR_927568.2	234	77.1167	0	0
XR_927569.1	146	31.2472	0	0
XR_927571.2	329	137.452	1.58095	0.51762
XR_927572.3	1927	1699.29	0	0
XR_927575.2	375	171.827	0	0
XR_927576.1	368	166.382	0	0
XR_927580.2	4162	3934.29	0	0
XR_927582.2	4086	3858.29	6.43069	0.0750074
XR_927595.2	669	442.629	0	0
XR_927597.2	1375	1147.29	0	0
XR_927599.2	1709	1481.29	0	0
XR_927602.2	413	202.921	0	0
XR_927606.2	535	312.445	0	0
XR_927607.1	597	371.913	0	0
XR_927613.3	2592	2364.29	1	0.0190345
XR_927617.3	695	468.041	0	0
XR_927635.2	1021	793.293	8.01742	0.454824
XR_927647.1	455	238.796	0	0
XR_927648.1	1004	776.293	0	0
XR_927649.3	432	218.698	0	0
XR_927650.3	591	366.025	0	0
XR_927651.3	557	333.141	0	0
XR_927652.1	476	257.994	0	0
XR_927653.4	6139	5911.29	12.4294	0.0946259
XR_927656.3	793	565.487	57	4.53623
XR_927687.4	1093	865.293	0	0
XR_927688.3	587	362.135	0	0
XR_927695.3	3204	2976.29	0	0
XR_927698.3	343	147.405	1	0.305301
XR_927704.3	726	498.753	3	0.270694
XR_927705.4	1186	958.293	0	0
XR_927706.4	1590	1362.29	0	0
XR_927707.3	272	99.7041	0	0
XR_927708.2	607	381.611	0	0
XR_927712.1	901	673.361	1	0.0668335
XR_927713.2	1327	1099.29	0	0
XR_927714.2	1286	1058.29	0	0
XR_927715.2	542	319.126	0	0
XR_927716.3	313	126.323	0	0
XR_927722.3	4084	3856.29	18.775	0.219106
XR_927744.3	724	496.802	0	0
XR_927749.3	482	263.537	0	0
XR_927751.3	1618	1390.29	2.00017	0.0647445
XR_927773.4	1329	1101.29	0	0
XR_927774.3	966	738.293	0	0
XR_927776.3	932	704.293	0	0
XR_927777.3	917	689.293	0	0
XR_927779.3	872	644.427	0	0
XR_927780.2	548	324.67	0	0
XR_927781.3	307	122.069	1.84287	0.679411
XR_927783.2	572	347.526	0	0
XR_927790.2	411	201.028	0	0
XR_927791.2	1159	931.293	0	0
XR_927792.2	1054	826.293	0	0
XR_927793.2	1041	813.293	0	0
XR_927797.4	853	625.427	0	0
XR_927798.3	813	585.487	0	0
XR_927801.4	1649	1421.29	0	0
XR_927802.3	540	317.191	0	0
XR_927809.2	1133	905.293	0	0
XR_927823.3	1161	933.293	0	0
XR_927844.3	1614	1386.29	0.636211	0.0206532
XR_927850.3	742	514.753	0	0
XR_927851.2	373	170.281	0	0
XR_927852.2	1699	1471.29	0	0
XR_927862.3	3849	3621.29	1.78271	0.0221544
XR_927863.3	4831	4603.29	1	0.00977628
XR_927864.3	382	177.405	0	0
XR_927865.3	383	178.191	0	0
XR_927870.3	1003	775.293	0	0
XR_927871.1	344	148.132	1	0.303804
XR_927872.3	1279	1051.29	0	0
XR_927874.3	1023	795.293	0	0
XR_927884.2	532	309.634	0	0
XR_927885.2	710	482.852	0	0
XR_927886.2	389	182.969	0	0
XR_927895.3	422	210.345	0	0
XR_927896.2	639	413.014	0	0
XR_927898.3	255	89.2265	0	0
XR_927899.3	263	94.0409	0	0
XR_927901.2	266	95.93	0	0
XR_927902.3	597	371.913	0	0
XR_927903.3	2194	1966.29	0	0
XR_927904.3	2442	2214.29	9	0.182915
XR_927905.2	798	570.487	0	0
XR_927906.2	199	58.0114	0	0
XR_927909.2	973	745.293	0	0
XR_927914.1	237	78.7087	0	0
XR_927915.1	676	449.451	0	0
XR_927917.2	563	338.802	0	0
XR_927924.2	558	334.107	1	0.134697
XR_927926.3	443	228.322	0	0
XR_927932.2	1105	877.293	2.01061	0.10314
XR_927933.3	220	69.167	0	0
XR_927934.2	380	175.793	0	0
XR_927935.1	272	99.7041	0	0
XR_927936.3	1733	1505.29	0	0
XR_927937.3	1858	1630.29	0	0
XR_927944.3	250	85.998	0	0
XR_927958.2	664	437.717	0	0
XR_927962.3	11167	10939.3	10.1712	0.0418434
XR_927963.4	1015	787.293	0	0
XR_927965.4	3338	3110.29	0	0
XR_927967.4	3351	3123.29	0	0
XR_927968.4	3112	2884.29	2.91343	0.0454577
XR_927969.4	2285	2057.29	0	0
XR_927971.3	1189	961.293	0	0
XR_927972.3	1025	797.293	0	0
XR_927973.3	1179	951.293	0	0
XR_927976.3	653	426.803	3.16921	0.334168
XR_927977.3	430	216.949	11.8719	2.46267
XR_927978.3	407	197.751	5.58858	1.27182
XR_927982.2	184	49.9056	1	0.901765
XR_927983.3	462	244.971	0	0
XR_927999.4	1685	1457.29	0	0
XR_928000.4	1509	1281.29	0	0
XR_928001.3	464	246.768	0	0
XR_928005.3	9833	9605.29	0	0
XR_928021.3	8442	8214.29	64.2269	0.351876
XR_928023.3	316	128.304	2.78991	0.978568
XR_928033.2	416	205.291	0	0
XR_928034.2	1221	993.293	0	0
XR_928043.3	10054	9826.29	6	0.0274792
XR_928047.3	1254	1026.29	1	0.0438501
XR_928053.4	582	357.279	0	0
XR_928061.3	2933	2705.29	0	0
XR_928065.1	665	438.717	0.425323	0.0436291
XR_928072.4	290	111.126	0	0
XR_928075.3	3227	2999.29	2	0.0300091
XR_928087.4	4193	3965.29	0	0
XR_928088.3	3327	3099.29	0	0
XR_928091.2	627	401.259	0	0
XR_928093.3	478	259.941	0	0
XR_928094.2	3714	3486.29	0	0
XR_928103.3	2029	1801.29	0	0
XR_928162.3	1807	1579.29	0	0
XR_928163.2	1804	1576.29	0	0
XR_928164.3	1875	1647.29	0	0
XR_928165.3	676	449.451	0	0
XR_928166.3	1199	971.293	0	0
XR_928169.3	1855	1627.29	0	0
XR_928171.3	5477	5249.29	0	0
XR_928179.2	602	376.687	0	0
XR_928187.3	1052	824.293	0	0
XR_928188.3	1224	996.293	0	0
XR_928189.2	732	504.753	0	0
XR_928190.3	646	419.888	0	0
XR_928221.1	949	721.293	0	0
XR_928222.1	752	524.701	0	0
XR_928226.2	1166	938.293	1.33626e-05	6.40905e-07
XR_928227.3	1133	905.293	0	0
XR_928236.4	1727	1499.29	4.01318	0.12046
XR_928238.3	581	356.279	0	0
XR_928239.3	882	654.427	0	0
XR_928242.3	633	407.137	0	0
XR_928244.2	548	324.67	0	0
XR_928249.4	333	140.38	0	0
XR_928250.2	1041	813.293	0	0
XR_928253.3	1238	1010.29	0	0
XR_928255.2	1153	925.293	0	0
XR_928258.2	1163	935.293	0	0
XR_928259.1	1130	902.293	0	0
XR_928260.1	1082	854.293	0	0
XR_928261.2	1207	979.293	0	0
XR_928274.3	233	76.5946	0	0
XR_928275.2	3546	3318.29	0	0
XR_928276.3	3028	2800.29	1	0.0160708
XR_928287.2	1718	1490.29	0	0
XR_928312.4	2781	2553.29	0	0
XR_928313.4	1833	1605.29	0	0
XR_928318.3	2238	2010.29	10.8664	0.243259
XR_928321.4	4670	4442.29	20.8734	0.21146
XR_928323.4	5283	5055.29	51.0288	0.454267
XR_928328.2	2282	2054.29	11	0.240975
XR_928329.2	2252	2024.29	0	0
XR_928337.4	4113	3885.29	6.85767	0.0794319
XR_928339.3	3360	3132.29	11.271	0.161936
XR_928340.3	3264	3036.29	8.23157	0.122006
XR_928341.3	2320	2092.29	0	0
XR_928347.3	4464	4236.29	6	0.0637393
XR_928352.4	1000	772.293	0	0
XR_928360.4	6176	5948.29	0	0
XR_928380.2	184	49.9056	0	0
XR_928382.3	515	293.705	3	0.459676
XR_928383.4	612	386.495	0	0
XR_928389.4	1143	915.293	0	0
XR_928390.3	5083	4855.29	4.11446	0.0381364
XR_928392.4	1769	1541.29	0	0
XR_928393.3	3621	3393.29	0	0
XR_928394.3	7533	7305.29	0	0
XR_928395.3	434	220.399	0	0
XR_928396.3	6035	5807.29	0	0
XR_928397.3	9361	9133.29	3.00056	0.0147849
XR_928398.3	1583	1355.29	0	0
XR_928399.3	5079	4851.29	12.7364	0.118149
XR_928403.2	3278	3050.29	0	0
XR_928412.4	310	124.224	0	0
XR_928416.1	537	314.382	0	0
XR_928417.1	1146	918.293	1	0.0490073
XR_928419.1	500	280.02	0	0
XR_928424.4	1042	814.293	0	0
XR_928431.3	259	91.7167	0	0
XR_928432.2	810	582.487	0	0
XR_928434.3	18829	18601.3	14.8075	0.0358246
XR_928437.3	472	254.125	0	0
XR_928443.3	840	612.427	0	0
XR_928444.3	775	547.487	0	0
XR_928450.3	1421	1193.29	1	0.0377133
XR_928452.4	2232	2004.29	0	0
XR_928454.3	354	155.786	0	0
XR_928460.3	2076	1848.29	0	0
XR_928461.3	1969	1741.29	1.14582	0.0296133
XR_928462.3	2080	1852.29	0	0
XR_928465.4	1061	833.293	0	0
XR_928468.3	1329	1101.29	0	0
XR_928469.2	1070	842.293	0	0
XR_928471.2	468	250.385	0	0
XR_928478.3	613	387.495	0	0
XR_928490.2	1605	1377.29	0	0
XR_928491.2	269	97.8901	0	0
XR_928499.1	209	63.3154	0	0
XR_928500.4	197	56.9235	0	0
XR_928507.3	356	157.501	0	0
XR_928510.2	621	395.338	0	0
XR_928525.3	388	182.168	0	0
XR_928527.3	1362	1134.29	0	0
XR_928528.3	3064	2836.29	6.93983	0.110113
XR_928529.3	2660	2432.29	0.0773252	0.0014307
XR_928530.4	2655	2427.29	1.29887	0.0240816
XR_928534.1	726	498.753	0	0
XR_928544.3	830	602.427	0	0
XR_928545.3	5261	5033.29	0	0
XR_928547.4	1080	852.293	3	0.158407
XR_928550.3	461	244.098	0	0
XR_928551.3	356	157.501	0	0
XR_928552.1	475	257.02	0	0
XR_928553.3	475	257.02	0	0
XR_928565.3	740	512.753	0	0
XR_928568.4	3207	2979.29	0	0
XR_928569.3	3290	3062.29	0	0
XR_928570.3	1120	892.293	0.53815	0.0271418
XR_928571.2	1366	1138.29	0	0
XR_928572.3	1268	1040.29	0	0
XR_928573.3	715	487.852	0	0
XR_928581.3	373	170.281	0	0
XR_928585.3	353	154.998	0	0
XR_928589.3	450	234.286	0	0
XR_928590.3	1051	823.293	0.0712406	0.00389417
XR_928593.4	1639	1411.29	1	0.0318878
XR_928596.3	3096	2868.29	1.38445	0.0217218
XR_928599.4	1088	860.293	42	2.19708
XR_928606.3	1871	1643.29	0	0
XR_928607.4	309	123.455	0	0
XR_928608.3	1106	878.293	3	0.153718
XR_928609.4	4415	4187.29	3.30619	0.0355334
XR_928636.3	540	317.191	0	0
XR_928638.3	492	272.443	0	0
XR_928646.2	1128	900.293	0	0
XR_928647.2	1281	1053.29	0	0
XR_928648.2	700	472.947	0	0
XR_928649.2	1070	842.293	0	0
XR_928653.3	2112	1884.29	0	0
XR_928656.3	401	192.714	0	0
XR_928658.2	333	140.38	0	0
XR_928659.2	998	770.293	0	0
XR_928665.4	343	147.405	0	0
XR_928666.1	2285	2057.29	0	0
XR_928667.4	384	178.976	0	0
XR_928668.3	764	536.541	0	0
XR_928671.3	5648	5420.29	0	0
XR_928672.4	5428	5200.29	1.19832	0.0103702
XR_928673.3	1088	860.293	1.80176	0.0942524
XR_928685.4	4903	4675.29	0	0
XR_928690.4	3566	3338.29	0	0
XR_928694.3	536	313.414	0	0
XR_928695.1	380	175.793	0	0
XR_928707.3	1335	1107.29	0	0
XR_928708.3	580	355.279	0	0
XR_928722.3	8329	8101.29	1.5	0.00833257
XR_928726.1	1210	982.293	0	0
XR_928727.1	1052	824.293	0	0
XR_928730.1	1738	1510.29	0	0
XR_928737.3	1716	1488.29	0	0
XR_928762.3	765	537.541	0	0
XR_928797.3	13358	13130.3	0	0
XR_928826.4	5713	5485.29	12.0238	0.0986469
XR_928827.2	2724	2496.29	0	0
XR_928828.2	2939	2711.29	0	0
XR_928829.2	1477	1249.29	0	0
XR_928830.2	1295	1067.29	0	0
XR_928831.2	1165	937.293	0	0
XR_928832.2	2619	2391.29	4	0.0752782
XR_928833.2	694	467.041	0	0
XR_928835.1	1137	909.293	0	0
XR_928836.1	757	529.648	0	0
XR_928840.2	738	510.753	0	0
XR_928841.3	1023	795.293	0	0
XR_928842.3	1422	1194.29	0	0
XR_928843.1	706	478.9	0	0
XR_928844.2	703	475.947	0	0
XR_928846.3	2300	2072.29	0	0
XR_928848.3	1107	879.293	0	0
XR_928850.3	872	644.427	3	0.209503
XR_928851.3	513	291.914	0	0
XR_928852.3	911	683.293	0	0
XR_928859.3	7702	7474.29	18	0.108379
XR_928862.3	282	105.999	0	0
XR_928863.3	282	105.999	0	0
XR_928864.2	764	536.541	0	0
XR_928865.2	761	533.648	0	0
XR_928866.1	464	246.768	0	0
XR_928868.3	1662	1434.29	0	0
XR_928869.3	1236	1008.29	0	0
XR_928898.2	1237	1009.29	1	0.0445887
XR_928899.2	1549	1321.29	0	0
XR_928900.3	505	284.56	0	0
XR_928904.2	452	236.066	1	0.190637
XR_928910.2	1104	876.293	0	0
XR_928912.3	283	106.668	0	0
XR_928915.2	1883	1655.29	0	0
XR_928916.2	1880	1652.29	0	0
XR_928920.3	6680	6452.29	2.00581	0.01399
XR_928921.2	587	362.135	0	0
XR_928924.3	303	119.67	0	0
XR_928926.3	1972	1744.29	0	0
XR_928929.3	2152	1924.29	1	0.0233868
XR_928930.3	800	572.487	0	0
XR_928931.3	754	526.701	1	0.0854433
XR_928934.3	1695	1467.29	0	0
XR_928936.2	1529	1301.29	0	0
XR_928937.2	1364	1136.29	0	0
XR_928938.2	1125	897.293	0	0
XR_928940.2	1474	1246.29	0	0
XR_928941.2	1153	925.293	1	0.0486366
XR_928951.3	917	689.293	0	0
XR_928969.4	4393	4165.29	0	0
XR_928970.4	3621	3393.29	0	0
XR_928971.4	2696	2468.29	0	0
XR_928972.4	2660	2432.29	0	0
XR_928976.3	1249	1021.29	0	0
XR_928977.3	1017	789.293	0	0
XR_928979.3	923	695.293	0	0
XR_928987.2	387	181.366	0	0
XR_928989.2	350	152.593	0	0
XR_928992.3	479	260.887	0	0
XR_928993.2	464	246.768	0	0
XR_928994.2	389	182.969	0	0
XR_928996.1	328	136.811	0	0
XR_929008.3	728	500.753	2.48375e-06	2.23217e-07
XR_929012.3	11931	11703.3	0.00375036	1.44214e-05
XR_929013.3	11866	11638.3	7.76669	0.0300323
XR_929014.3	11814	11586.3	0	0
XR_929015.3	1918	1690.29	40.0853	1.06725
XR_929016.2	683	456.134	0	0
XR_929017.2	311	124.914	0	0
XR_929024.3	726	498.753	0	0
XR_929026.3	251	86.6409	0	0
XR_929027.3	1226	998.293	0	0
XR_929028.3	1260	1032.29	0	0
XR_929030.3	1192	964.293	0	0
XR_929032.3	769	541.541	0	0
XR_929033.3	629	403.218	0	0
XR_929034.3	582	357.279	0	0
XR_929035.3	624	398.259	0	0
XR_929042.3	1922	1694.29	1	0.0265616
XR_929044.3	659	432.717	0	0
XR_929046.3	2849	2621.29	1	0.0171683
XR_929052.2	712	484.852	0	0
XR_929053.2	687	460.134	0	0
XR_929058.3	437	223.004	0	0
XR_929059.3	4804	4576.29	1	0.00983396
XR_929061.3	8870	8642.29	0.999999	0.00520731
XR_929062.4	941	713.293	1	0.063092
XR_929075.3	363	162.855	0	0
XR_929077.2	18523	18295.3	62.2258	0.153064
XR_929080.2	349	151.837	0	0
XR_929088.3	604	378.687	0	0
XR_929089.3	461	244.098	0	0
XR_929090.3	576	351.35	0	0
XR_929092.3	1031	803.293	0	0
XR_929093.3	2112	1884.29	4.48114	0.107024
XR_929095.3	1013	785.293	0	0
XR_929097.1	810	582.487	5	0.386301
XR_929105.2	1014	786.293	0	0
XR_929106.3	704	476.947	0	0
XR_929113.2	645	418.93	0	0
XR_929115.3	849	621.427	0	0
XR_929117.3	689	462.088	0	0
XR_929118.3	446	230.915	0	0
XR_929119.3	463	245.87	0	0
XR_929121.3	814	586.487	0	0
XR_929125.3	843	615.427	0	0
XR_929126.3	712	484.852	1.00024	0.0928404
XR_929129.4	1385	1157.29	0	0
XR_929220.3	5485	5257.29	0	0
XR_929252.2	4217	3989.29	0	0
XR_929282.3	3396	3168.29	30.6664	0.435591
XR_929381.2	5769	5541.29	19.7596	0.160476
XR_929401.4	2915	2687.29	0	0
XR_929411.1	261	92.9009	0	0
XR_929412.1	217	67.4458	0	0
XR_929415.3	696	468.994	0	0
XR_929422.3	2858	2630.29	2.29712	0.0393027
XR_929426.3	670	443.585	0	0
XR_929427.2	486	266.912	0	0
XR_929428.2	3511	3283.29	0	0
XR_929429.2	3464	3236.29	0	0
XR_929430.2	3324	3096.29	0	0
XR_929431.2	3303	3075.29	0	0
XR_929433.3	288	109.828	0	0
XR_929435.3	4129	3901.29	18.3552	0.211735
XR_929436.3	30458	30230.3	44.653	0.0664738
XR_929439.3	419	207.876	0	0
XR_929442.3	1836	1608.29	0	0
XR_929445.3	746	518.701	0	0
XR_929460.3	1630	1402.29	0	0
XR_929462.3	763	535.541	0	0
XR_929463.3	868	640.427	0	0
XR_929464.3	729	501.753	0	0
XR_929465.3	1200	972.293	1	0.0462855
XR_929466.3	1241	1013.29	0	0
XR_929467.2	587	362.135	0	0
XR_929476.2	813	585.487	0	0
XR_929477.2	1072	844.293	0	0
XR_929479.1	393	186.228	0	0
XR_929484.3	894	666.361	1	0.0675356
XR_929488.4	1482	1254.29	6.53053	0.23431
XR_929491.3	1088	860.293	0	0
XR_929509.2	4327	4099.29	0	0
XR_929510.4	2018	1790.29	0	0
XR_929513.4	1691	1463.29	0	0
XR_929515.2	5497	5269.29	0	0
XR_929517.2	317	129.052	0	0
XR_929518.3	326	135.496	0	0
XR_929519.3	655	428.76	0	0
XR_929520.3	1575	1347.29	0	0
XR_929521.3	1421	1193.29	0	0
XR_929522.1	196	56.3656	0	0
XR_929523.1	389	182.969	0	0
XR_929525.3	278	103.326	0	0
XR_929526.4	669	442.629	0	0
XR_929529.2	550	326.571	0	0
XR_929533.4	395	187.965	0	0
XR_929535.2	290	111.126	0	0
XR_929539.2	1190	962.293	0	0
XR_929542.2	4932	4704.29	0	0
XR_929543.3	2750	2522.29	0	0
XR_929544.2	4782	4554.29	0	0
XR_929545.2	4788	4560.29	0	0
XR_929546.2	4659	4431.29	0	0
XR_929547.2	4854	4626.29	0	0
XR_929549.2	2651	2423.29	0	0
XR_929553.1	671	444.496	0	0
XR_929554.3	924	696.293	0	0
XR_929555.3	919	691.293	0	0
XR_929556.3	910	682.293	0	0
XR_929557.3	770	542.487	0	0
XR_929558.3	815	587.487	0	0
XR_929559.2	1492	1264.29	0	0
XR_929560.1	851	623.427	0	0
XR_929561.2	163	39.2066	1	1.14784
XR_929578.3	3571	3343.29	9.14243	0.123063
XR_929579.3	5419	5191.29	13.3403	0.115647
XR_929580.4	335	141.797	7	2.22163
XR_929588.4	2359	2131.29	0	0
XR_929590.3	2557	2329.29	0	0
XR_929599.3	2520	2292.29	24.0269	0.471704
XR_929605.1	493	273.443	0	0
XR_929607.3	3027	2799.29	3.89196	0.0625695
XR_929609.2	659	432.717	0	0
XR_929610.3	983	755.293	0	0
XR_929611.3	4450	4222.29	0	0
XR_929617.4	9622	9394.29	3.93234	0.0188378
XR_929618.4	6232	6004.29	0	0
XR_929623.2	1345	1117.29	0	0
XR_929624.1	1400	1172.29	0	0
XR_929625.2	1300	1072.29	0	0
XR_929626.2	1303	1075.29	0	0
XR_929627.2	1184	956.293	0	0
XR_929628.3	1296	1068.29	0	0
XR_929629.2	1274	1046.29	0	0
XR_929630.2	1232	1004.29	0	0
XR_929631.2	1052	824.293	0	0
XR_929632.2	1075	847.293	0	0
XR_929633.1	224	71.1275	0	0
XR_929655.3	7408	7180.29	84.1534	0.527439
XR_929656.4	6967	6739.29	0	0
XR_929659.4	4895	4667.29	4.34853	0.0419295
XR_929667.4	10851	10623.3	0.0475178	0.000201298
XR_929668.4	10809	10581.3	10.853	0.0461588
XR_929671.4	4074	3846.29	6.43874	0.0753357
XR_929694.2	426	213.764	0	0
XR_929701.3	580	355.279	0	0
XR_929720.4	4085	3857.29	6.8312	0.0796996
XR_929721.4	1879	1651.29	0	0
XR_929749.3	2614	2386.29	8.23578	0.155319
XR_929750.4	2596	2368.29	0	0
XR_929752.3	4611	4383.29	24.8996	0.255643
XR_929753.4	4591	4363.29	0	0
XR_929754.3	4430	4202.29	12.1065	0.12965
XR_929755.4	4526	4298.29	6.35172	0.0665024
XR_929756.3	4292	4064.29	0	0
XR_929757.3	2492	2264.29	4.94934	0.0983687
XR_929766.2	4720	4492.29	29.1674	0.292195
XR_929768.2	1701	1473.29	0	0
XR_929792.3	5846	5618.29	21.4098	0.171495
XR_929793.2	2888	2660.29	0	0
XR_929794.2	2697	2469.29	3.77036	0.0687151
XR_929795.3	3768	3540.29	0	0
XR_929824.4	1862	1634.29	52.7776	1.45332
XR_929828.3	2066	1838.29	111.871	2.7387
XR_929835.2	1852	1624.29	0	0
XR_929840.2	4452	4224.29	0	0
XR_929844.4	9457	9229.29	4.45457	0.021721
XR_929853.3	4377	4149.29	0	0
XR_929854.3	4469	4241.29	14.6258	0.15519
XR_929855.3	3695	3467.29	8.2888	0.107583
XR_929857.3	2039	1811.29	0	0
XR_929860.4	5378	5150.29	91.272	0.797531
XR_929864.4	4005	3777.29	0.979449	0.0116693
XR_929865.4	2150	1922.29	4.65575	0.108997
XR_929878.3	1749	1521.29	0	0
XR_929880.4	4160	3932.29	72.5747	0.830581
XR_929893.3	1169	941.293	1.65949	0.07934
XR_929894.3	697	469.994	0	0
XR_929898.3	1132	904.293	0	0
XR_929899.3	2139	1911.29	0	0
XR_929902.3	993	765.293	0	0
XR_929908.2	1326	1098.29	0	0
XR_929909.3	1021	793.293	0	0
XR_929910.3	917	689.293	5	0.326444
XR_929917.3	231	75.3292	0	0
XR_929919.3	1050	822.293	0	0
XR_929920.3	1182	954.293	0	0
XR_929921.3	1143	915.293	0	0
XR_929925.3	3693	3465.29	4	0.0519472
XR_929926.2	2032	1804.29	0	0
XR_929927.2	1969	1741.29	0	0
XR_929928.2	1841	1613.29	0	0
XR_929929.2	2634	2406.29	0	0
XR_929930.2	2070	1842.29	0	0
XR_929931.2	2536	2308.29	0	0
XR_929939.1	1377	1149.29	0	0
XR_929941.2	4016	3788.29	1.02467	0.0121726
XR_929944.2	432	218.698	0	0
XR_929945.1	305	120.879	0	0
XR_929946.3	770	542.487	0	0
XR_929947.2	370	167.861	0	0
XR_929948.3	358	158.891	0	0
XR_929952.2	411	201.028	0	0
XR_929973.3	552	328.307	0	0
XR_929975.3	747	519.701	0	0
XR_929976.3	674	447.496	0	0
XR_929977.3	525	303.13	0	0
XR_929981.2	613	387.495	0	0
XR_929983.2	3362	3134.29	0	0
XR_929984.3	3366	3138.29	0	0
XR_929985.3	3132	2904.29	0	0
XR_929986.3	2946	2718.29	0	0
XR_929989.3	5533	5305.29	0	0
XR_929992.3	805	577.487	1.00723	0.078493
XR_929993.3	410	200.199	0	0
XR_930035.2	4269	4041.29	0	0
XR_930038.2	4179	3951.29	0	0
XR_930042.2	4086	3858.29	0	0
XR_930051.3	1547	1319.29	0	0
XR_930068.3	1351	1123.29	0	0
XR_930069.1	925	697.293	0	0
XR_930070.3	1521	1293.29	0	0
XR_930071.1	725	497.753	0	0
XR_930076.2	456	239.672	0	0
XR_930077.3	466	248.539	0	0
XR_930087.2	1780	1552.29	0	0
XR_930088.2	945	717.293	6.9338	0.435027
XR_930089.3	290	111.126	0	0
XR_930097.2	1320	1092.29	0	0
XR_930098.2	903	675.361	0	0
XR_930100.4	276	102.102	4.4233	1.94964
XR_930101.4	9697	9469.29	31.8759	0.151491
XR_930102.3	6158	5930.29	0	0
XR_930104.3	4297	4069.29	0	0
XR_930105.3	4216	3988.29	4	0.0451352
XR_930109.1	399	191.106	0	0
XR_930110.2	276	102.102	0	0
XR_930124.1	493	273.443	0	0
XR_930132.4	451	235.213	2.74428	0.525061
XR_930133.3	1149	921.293	0	0
XR_930138.3	758	530.648	0	0
XR_930139.3	725	497.753	2	0.180825
XR_930140.3	700	472.947	0	0
XR_930141.3	546	322.964	0	0
XR_930142.4	2070	1842.29	0	0
XR_930145.4	1782	1554.29	0	0
XR_930154.3	4352	4124.29	4.00344	0.0436844
XR_930157.3	636	410.055	0	0
XR_930167.2	748	520.701	0	0
XR_930168.2	632	406.137	0	0
XR_930169.3	1023	795.293	0	0
XR_930178.2	427	214.584	0	0
XR_930180.2	327	136.154	0	0
XR_930182.3	364	163.525	0	0
XR_930187.3	373	170.281	0	0
XR_930188.3	1986	1758.29	0	0
XR_930189.2	713	485.852	0	0
XR_930191.2	297	115.768	0	0
XR_930192.1	1551	1323.29	0	0
XR_930193.3	1647	1419.29	2	0.0634162
XR_930194.2	869	641.427	0	0
XR_930195.2	2468	2240.29	0	0
XR_930196.2	962	734.293	0	0
XR_930202.4	1933	1705.29	2	0.0527805
XR_930205.3	605	379.687	0	0
XR_930216.2	2983	2755.29	0	0
XR_930217.2	1438	1210.29	0	0
XR_930218.2	1496	1268.29	0	0
XR_930219.2	2917	2689.29	0	0
XR_930220.2	2814	2586.29	0	0
XR_930221.2	787	559.487	0	0
XR_930222.2	868	640.427	0	0
XR_930223.3	720	492.802	0	0
XR_930224.3	588	363.135	0	0
XR_930225.3	1083	855.293	0	0
XR_930226.3	622	396.338	0	0
XR_930228.2	2629	2401.29	3.40933e-07	6.3895e-09
XR_930229.2	1572	1344.29	0	0
XR_930230.3	539	316.223	1	0.142315
XR_930231.3	216	66.8958	0	0
XR_930235.3	11645	11417.3	0	0
XR_930237.3	1194	966.293	0	0
XR_930254.3	4504	4276.29	4.03674	0.042482
XR_930255.3	3255	3027.29	34.0012	0.505454
XR_930256.3	2015	1787.29	0	0
XR_930260.2	279	103.985	0	0
XR_930264.2	614	388.495	0	0
XR_930265.3	737	509.753	0	0
XR_930266.2	898	670.361	0	0
XR_930267.3	990	762.293	0	0
XR_930268.2	439	224.747	1	0.200239
XR_930269.2	913	685.293	0	0
XR_930270.3	666	439.629	29	2.96861
XR_930271.3	1895	1667.29	0	0
XR_930273.3	262	93.4781	0	0
XR_930275.3	707	479.9	0	0
XR_930276.4	1112	884.293	0	0
XR_930277.3	343	147.405	0	0
XR_930281.3	7618	7390.29	0	0
XR_930282.3	7641	7413.29	0	0
XR_930291.1	472	254.125	0	0
XR_930293.3	461	244.098	0	0
XR_930294.2	795	567.487	0	0
XR_930297.2	355	156.626	0	0
XR_930298.4	994	766.293	0	0
XR_930299.4	565	340.768	0	0
XR_930301.4	552	328.307	0	0
XR_930302.4	689	462.088	0	0
XR_930303.3	378	174.332	0	0
XR_930304.2	718	490.852	0	0
XR_930305.2	628	402.259	0	0
XR_930314.4	1624	1396.29	1	0.0322304
XR_930331.3	462	244.971	0	0
XR_930332.3	14539	14311.3	43.3011	0.136164
XR_930333.4	1324	1096.29	0	0
XR_930343.3	3961	3733.29	0	0
XR_930349.4	8791	8563.29	0	0
XR_930355.1	675	448.496	0	0
XR_930357.1	455	238.796	0	0
XR_930358.4	2641	2413.29	1	0.018648
XR_930370.3	3990	3762.29	5.58949	0.0668593
XR_930372.3	5491	5263.29	8.00297	0.0684284
XR_930377.3	1981	1753.29	0	0
XR_930381.4	505	284.56	0	0
XR_930382.4	502	281.791	0	0
XR_930398.3	488	268.748	0	0
XR_930401.3	483	264.32	0	0
XR_930402.3	843	615.427	2	0.14625
XR_930403.1	593	367.988	0	0
XR_930405.2	1626	1398.29	0	0
XR_930421.3	2474	2246.29	1	0.0200344
XR_930423.2	2931	2703.29	0	0
XR_930425.1	2483	2255.29	0	0
XR_930428.3	714	486.852	0	0
XR_930429.3	1106	878.293	0	0
XR_930430.1	787	559.487	0	0
XR_930431.2	843	615.427	0	0
XR_930443.3	1769	1541.29	0	0
XR_930446.4	2124	1896.29	4.00042	0.0949386
XR_930448.2	570	345.561	1.00111	0.130376
XR_930455.2	897	669.361	0	0
XR_930463.2	1902	1674.29	15.2181	0.409046
XR_930469.3	678	451.406	0	0
XR_930472.2	6470	6242.29	1.29677	0.00934891
XR_930476.3	2191	1963.29	0	0
XR_930485.3	1691	1463.29	309.295	9.51228
XR_930487.2	1027	799.293	0	0
XR_930488.2	753	525.701	0	0
XR_930494.1	4645	4417.29	0	0
XR_930512.4	4685	4457.29	0	0
XR_930515.3	1582	1354.29	22.2509	0.739396
XR_930518.3	1591	1363.29	1.77017	0.0584344
XR_930524.4	8413	8185.29	0	0
XR_930528.3	1236	1008.29	0	0
XR_930532.3	2695	2467.29	0	0
XR_930533.3	2461	2233.29	0	0
XR_930535.3	2530	2302.29	0	0
XR_930537.3	1460	1232.29	0	0
XR_930538.3	766	538.541	0	0
XR_930539.2	619	393.338	0	0
XR_930550.1	365	164.195	0	0
XR_930551.2	468	250.385	0	0
XR_930556.3	1532	1304.29	0	0
XR_930557.3	1483	1255.29	0	0
XR_930566.3	696	468.994	0	0
XR_930567.3	419	207.876	0	0
XR_930568.3	3822	3594.29	1	0.0125207
XR_930578.4	278	103.326	0	0
XR_930580.3	962	734.293	1	0.0612876
XR_930584.3	1118	890.293	57.6559	2.91442
XR_930585.3	1328	1100.29	7.31787	0.299308
XR_930586.4	860	632.427	0	0
XR_930587.4	812	584.487	0	0
XR_930588.2	1347	1119.29	237	9.52899
XR_930589.3	647	420.888	0	0
XR_930590.2	797	569.487	1	0.0790239
XR_930592.3	1272	1044.29	0	0
XR_930595.2	588	363.135	0	0
XR_930598.3	389	182.969	81	19.9227
XR_930599.2	650	423.846	13	1.38031
XR_930611.3	1121	893.293	0	0
XR_930619.3	1199	971.293	2.21137	0.10246
XR_930620.3	957	729.293	0	0
XR_930632.2	1383	1155.29	0	0
XR_930635.3	864	636.427	0	0
XR_930636.3	770	542.487	0	0
XR_930637.2	424	212.011	0	0
XR_930638.2	185	50.4591	0	0
XR_930643.2	1377	1149.29	0	0
XR_930644.2	1445	1217.29	0	0
XR_930645.3	1250	1022.29	0	0
XR_930646.1	1093	865.293	1	0.0520091
XR_930647.1	1224	996.293	0	0
XR_930656.2	634	408.137	0	0
XR_930658.3	262	93.4781	0	0
XR_930661.3	1211	983.293	0	0
XR_930662.3	3916	3688.29	0	0
XR_930664.2	470	252.282	0	0
XR_930666.2	409	199.348	0	0
XR_930671.3	797	569.487	1.00089	0.0790946
XR_930674.3	294	113.843	0	0
XR_930675.1	712	484.852	0	0
XR_930684.4	1401	1173.29	0	0
XR_930691.4	1058	830.293	0	0
XR_930693.4	606	380.649	1.04025	0.122986
XR_930696.3	285	107.918	0	0
XR_930699.2	1084	856.293	0	0
XR_930708.3	550	326.571	0	0
XR_930709.3	1057	829.293	0	0
XR_930710.3	460	243.274	0	0
XR_930714.1	439	224.747	0	0
XR_930720.2	442	227.417	0	0
XR_930721.2	562	337.904	0	0
XR_930723.2	427	214.584	0	0
XR_930726.3	212	64.9181	0	0
XR_930727.2	2441	2213.29	0	0
XR_930729.3	1511	1283.29	0	0
XR_930733.3	1557	1329.29	0	0
XR_930737.4	574	349.421	0	0
XR_930742.1	481	262.672	0	0
XR_930748.1	275	101.511	0	0
XR_930749.3	363	162.855	0	0
XR_930753.3	2327	2099.29	0	0
XR_930754.3	1974	1746.29	1	0.0257706
XR_930755.4	3696	3468.29	0	0
XR_930757.3	866	638.427	5.00632	0.352898
XR_930761.2	771	543.487	0	0
XR_930763.2	2637	2409.29	0	0
XR_930764.2	2159	1931.29	0	0
XR_930765.3	1639	1411.29	1.57688	0.0502834
XR_930770.3	1173	945.293	0	0
XR_930771.3	1304	1076.29	0	0
XR_930772.3	2134	1906.29	0	0
XR_930785.3	953	725.293	0	0
XR_930786.3	515	293.705	0	0
XR_930787.3	1620	1392.29	3	0.096969
XR_930788.4	2001	1773.29	4.85179	0.12313
XR_930789.2	2959	2731.29	0	0
XR_930790.2	1240	1012.29	0	0
XR_930791.2	2734	2506.29	4	0.0718241
XR_930792.3	466	248.539	0	0
XR_930794.4	1904	1676.29	3.16074	0.0848556
XR_930796.3	1580	1352.29	0.604444	0.0201154
XR_930798.3	8127	7899.29	8.93111	0.0508814
XR_930803.3	7542	7314.29	56.3309	0.34659
XR_930804.3	7477	7249.29	8.36323e-05	5.19183e-07
XR_930806.3	4731	4503.29	10.1567	0.1015
XR_930812.4	1245	1017.29	0	0
XR_930813.4	1344	1116.29	0	0
XR_930818.3	464	246.768	0	0
XR_930819.3	402	193.569	0	0
XR_930820.3	2531	2303.29	5	0.0976929
XR_930822.3	451	235.213	0	0
XR_930823.1	746	518.701	0	0
XR_930824.1	670	443.585	2	0.202906
XR_930827.3	443	228.322	0	0
XR_930828.2	752	524.701	0	0
XR_930829.2	687	460.134	0	0
XR_930830.4	1076	848.293	0	0
XR_930832.3	2944	2716.29	36.1043	0.598171
XR_930848.2	2518	2290.29	1	0.0196495
XR_930849.3	7234	7006.29	5.80728	0.0373015
XR_930855.3	6672	6444.29	23.8576	0.166607
XR_930866.3	3690	3462.29	0	0
XR_930896.4	2683	2455.29	0	0
XR_930897.4	1957	1729.29	0	0
XR_930898.4	1975	1747.29	0	0
XR_930900.4	6246	6018.29	0	0
XR_930901.4	2638	2410.29	0	0
XR_930928.3	1508	1280.29	0	0
XR_930929.2	3887	3659.29	1.38029	0.0169753
XR_930930.2	3884	3656.29	4.24926	0.0523016
XR_930931.2	3022	2794.29	6.34843	0.102244
XR_930962.3	524	302.192	0	0
XR_930969.2	3071	2843.29	0	0
XR_930972.2	2422	2194.29	0	0
XR_930983.2	1874	1646.29	18.1827	0.497043
XR_930989.3	767	539.541	0	0
XR_930990.3	738	510.753	0	0
XR_930992.4	4342	4114.29	0	0
XR_930998.4	3334	3106.29	0	0
XR_931032.3	10928	10700.3	2.0241	0.00851291
XR_931034.3	762	534.648	0	0
XR_931038.3	905	677.361	0	0
XR_931039.2	734	506.753	0	0
XR_931040.1	804	576.487	0	0
XR_931043.1	564	339.768	0	0
XR_931064.3	1705	1477.29	0	0
XR_931065.3	1920	1692.29	0	0
XR_931068.3	1662	1434.29	0	0
XR_931071.3	1504	1276.29	0	0
XR_931072.4	1239	1011.29	0	0
XR_931075.3	1069	841.293	0	0
XR_931085.3	1197	969.293	0	0
XR_931086.3	1989	1761.29	0	0
XR_931094.3	325	134.886	0	0
XR_931096.2	1691	1463.29	11.0711	0.340489
XR_931097.3	727	499.753	0	0
XR_931103.3	3269	3041.29	8.1311	0.120319
XR_931105.1	354	155.786	0	0
XR_931106.3	420	208.678	0	0
XR_931109.3	667	440.629	0	0
XR_931110.3	648	421.846	0	0
XR_931111.3	611	385.534	0	0
XR_931115.3	672	445.496	0	0
XR_931117.3	449	233.505	2	0.385458
XR_931118.3	450	234.286	0	0
XR_931128.3	5652	5424.29	2.29028	0.0190015
XR_931129.2	2102	1874.29	0	0
XR_931131.1	218	67.9952	0	0
XR_931138.3	702	474.947	0	0
XR_931140.3	1388	1160.29	0.0261295	0.00101346
XR_931141.3	1384	1156.29	2.97387	0.115743
XR_931142.3	5710	5482.29	31.7492	0.260623
XR_931149.3	554	330.174	0	0
XR_931154.3	2380	2152.29	0	0
XR_931164.3	432	218.698	0	0
XR_931165.3	346	149.65	0	0
XR_931167.2	765	537.541	2.08097	0.17422
XR_931168.2	754	526.701	0	0
XR_931176.3	1223	995.293	1.00186	0.0453002
XR_931177.3	2161	1933.29	3.21372	0.0748087
XR_931178.3	1013	785.293	0	0
XR_931179.3	955	727.293	2.7239	0.168548
XR_931180.3	342	146.678	0	0
XR_931181.3	638	412.014	1	0.109227
XR_931182.2	1560	1332.29	0	0
XR_931183.1	1627	1399.29	0	0
XR_931184.1	1516	1288.29	0	0
XR_931185.2	1334	1106.29	8.05391	0.327626
XR_931187.3	3126	2898.29	0	0
XR_931193.3	778	550.487	1.89405	0.154842
XR_931194.2	4585	4357.29	0	0
XR_931199.3	216	66.8958	0	0
XR_931200.3	586	361.171	0	0
XR_931202.2	10461	10233.3	25.2791	0.11117
XR_931208.3	1975	1747.29	1	0.0257559
XR_931210.3	1337	1109.29	0	0
XR_931213.4	946	718.293	0	0
XR_931214.3	738	510.753	0	0
XR_931215.3	570	345.561	1	0.130232
XR_931216.3	677	450.406	0	0
XR_931218.3	849	621.427	0	0
XR_931220.3	312	125.588	0	0
XR_931222.3	520	298.404	0	0
XR_931227.3	773	545.487	0	0
XR_931229.1	883	655.427	0	0
XR_931230.1	1194	966.293	0	0
XR_931232.1	1311	1083.29	0	0
XR_931234.3	394	187.168	0	0
XR_931236.3	1413	1185.29	0	0
XR_931237.3	1049	821.293	0	0
XR_931239.3	3052	2824.29	0	0
XR_931240.3	2997	2769.29	0	0
XR_931241.3	2703	2475.29	1	0.0181809
XR_931245.4	3292	3064.29	0	0
XR_931246.1	930	702.293	0	0
XR_931247.2	521	299.283	0	0
XR_931252.4	7572	7344.29	11.014	0.0674897
XR_931261.3	547	323.768	1.34307	0.186684
XR_931262.2	558	334.107	0	0
XR_931275.2	5482	5254.29	0.000183228	1.56935e-06
XR_931276.2	2042	1814.29	0	0
XR_931277.2	2056	1828.29	0	0
XR_931282.3	10580	10352.3	6.32467	0.0274943
XR_931307.3	2956	2728.29	0	0
XR_931315.4	1229	1001.29	0	0
XR_931316.4	6711	6483.29	0	0
XR_931342.3	886	658.427	0.00571723	0.000390769
XR_931347.3	2821	2593.29	5.00824	0.0869113
XR_931352.3	638	412.014	0	0
XR_931353.3	268	97.2933	0	0
XR_931355.4	4729	4501.29	0	0
XR_931358.2	3667	3439.29	7.26042	0.0950025
XR_931366.4	2035	1807.29	0	0
XR_931369.3	771	543.487	0	0
XR_931370.4	288	109.828	0	0
XR_931372.3	621	395.338	2	0.227669
XR_931373.3	761	533.648	0	0
XR_931397.3	800	572.487	0	0
XR_931403.3	3383	3155.29	0	0
XR_931409.3	1136	908.293	0	0
XR_931416.3	513	291.914	0	0
XR_931417.2	896	668.361	0	0
XR_931419.3	162	38.7685	0	0
XR_931423.4	600	374.838	1	0.12006
XR_931424.4	1614	1386.29	0	0
XR_931426.3	8116	7888.29	8	0.0456404
XR_931444.2	431	217.835	0	0
XR_931445.2	346	149.65	0	0
XR_931451.3	1802	1574.29	0	0
XR_931452.3	1731	1503.29	0	0
XR_931459.3	332	139.579	0	0
XR_931461.3	1346	1118.29	0	0
XR_931462.3	11037	10809.3	10	0.0416337
XR_931463.2	437	223.004	0	0
XR_931466.3	3131	2903.29	0	0
XR_931467.3	3106	2878.29	0	0
XR_931469.2	912	684.293	1	0.0657658
XR_931474.1	571	346.526	0	0
XR_931476.1	392	185.43	0	0
XR_931477.2	425	212.877	0	0
XR_931482.2	1441	1213.29	0	0
XR_931497.3	435	221.33	0	0
XR_931501.3	831	603.427	0	0
XR_931502.3	785	557.487	1	0.0807249
XR_931503.2	489	269.721	3	0.500552
XR_931504.3	424	212.011	0	0
XR_931507.2	3647	3419.29	1.37247e-05	1.80638e-07
XR_931541.3	856	628.427	0	0
XR_931546.3	2655	2427.29	6.02164	0.111644
XR_931547.3	992	764.293	0	0
XR_931548.3	1357	1129.29	0	0
XR_931549.3	1330	1102.29	0	0
XR_931550.3	965	737.293	0	0
XR_931556.3	1651	1423.29	0	0
XR_931557.4	1229	1001.29	0	0
XR_931568.3	2821	2593.29	0	0
XR_931569.3	678	451.406	0	0
XR_931570.3	608	382.573	0	0
XR_931575.4	9097	8869.29	1.45786	0.00739723
XR_931581.3	8269	8041.29	0	0
XR_931583.3	999	771.293	0	0
XR_931587.3	1012	784.293	0	0
XR_931588.3	598	372.913	1.00044	0.120733
XR_931590.3	1001	773.293	0	0
XR_931591.3	1294	1066.29	0	0
XR_931592.3	816	588.487	0	0
XR_931597.3	1620	1392.29	0	0
XR_931601.2	1051	823.293	0	0
XR_931617.2	3330	3102.29	36.2733	0.526195
XR_931620.2	1621	1393.29	0	0
XR_931621.3	610	384.573	0	0
XR_931623.2	241	81.0542	0	0
XR_931624.1	281	105.3	0	0
XR_931625.3	1944	1716.29	0	0
XR_931628.3	1479	1251.29	0	0
XR_931634.2	2939	2711.29	0	0
XR_931635.2	1716	1488.29	0	0
XR_931636.2	3259	3031.29	1.00184	0.0148734
XR_931637.2	1010	782.293	0	0
XR_931639.3	1198	970.293	0	0
XR_931641.2	182	48.9193	0	0
XR_931642.3	246	83.7785	0	0
XR_931643.4	1042	814.293	0	0
XR_931644.3	311	124.914	0	0
XR_931647.3	582	357.279	0	0
XR_931663.3	4975	4747.29	0	0
XR_931667.3	859	631.427	0	0
XR_931668.3	737	509.753	1	0.0882842
XR_931669.3	539	316.223	0	0
XR_931670.4	264	94.6304	0	0
XR_931672.2	905	677.361	0	0
XR_931674.3	260	92.282	0	0
XR_931685.4	1077	849.293	1	0.0529889
XR_931686.1	1484	1256.29	0	0
XR_931687.1	1563	1335.29	0	0
XR_931688.4	1288	1060.29	0	0
XR_931689.2	1517	1289.29	0	0
XR_931691.3	319	130.608	0	0
XR_931693.3	378	174.332	0	0
XR_931694.3	364	163.525	0	0
XR_931697.2	271	99.0818	0	0
XR_931698.2	2002	1774.29	0	0
XR_931700.2	992	764.293	0.00566292	0.000333444
XR_931702.2	926	698.293	0	0
XR_931714.3	2658	2430.29	3.00019	0.0555561
XR_931717.3	2903	2675.29	0	0
XR_931723.3	1216	988.293	2	0.0910723
XR_931726.3	1219	991.293	0	0
XR_931731.3	373	170.281	0	0
XR_931732.3	321	132.144	0	0
XR_931734.2	538	315.318	0	0
XR_931735.3	455	238.796	0	0
XR_931736.2	434	220.399	0	0
XR_931743.4	1559	1331.29	591.036	19.9794
XR_931749.4	3409	3181.29	17.7873	0.251622
XR_931751.4	3156	2928.29	0	0
XR_931757.3	2277	2049.29	6.52737	0.143343
XR_931769.4	4443	4215.29	22.4976	0.240187
XR_931784.2	1106	878.293	46.8873	2.40247
XR_931785.1	2434	2206.29	0	0
XR_931786.1	2127	1899.29	0	0
XR_931827.3	2012	1784.29	884.521	22.3092
XR_931838.4	1188	960.293	140.461	6.58255
XR_931848.3	707	479.9	5	0.46888
XR_931869.2	2321	2093.29	0	0
XR_931870.1	1957	1729.29	0	0
XR_931875.4	1981	1753.29	0	0
XR_931877.3	1884	1656.29	0	0
XR_931879.3	1466	1238.29	0	0
XR_931925.4	1395	1167.29	37.4661	1.44444
XR_931927.4	4701	4473.29	2.97949	0.0299748
XR_931945.3	1443	1215.29	0	0
XR_931960.4	3513	3285.29	136.84	1.87448
XR_931974.3	619	393.338	4.81233	0.550594
XR_931975.3	430	216.949	2.5	0.518589
XR_931977.3	642	416.014	0	0
XR_931978.2	722	494.802	0	0
XR_931979.3	517	295.585	0	0
XR_931989.4	245	83.2645	0	0
XR_931990.3	371	168.6	0	0
XR_931993.3	436	222.144	0	0
XR_932004.3	785	557.487	2	0.16145
XR_932005.3	1161	933.293	0	0
XR_932029.3	5719	5491.29	8.45323	0.0692772
XR_932031.3	4992	4764.29	0	0
XR_932032.2	431	217.835	0	0
XR_932048.3	8124	7896.29	174.881	0.996691
XR_932053.2	558	334.107	0	0
XR_932055.2	870	642.427	0	0
XR_932056.2	1143	915.293	0	0
XR_932064.3	342	146.678	0	0
XR_932069.4	1866	1638.29	0	0
XR_932073.3	4728	4500.29	124.794	1.24795
XR_932083.3	553	329.241	0.666667	0.091125
XR_932090.3	1173	945.293	0	0
XR_932098.3	2546	2318.29	0	0
XR_932103.4	21216	20988.3	6.01619	0.0128999
XR_932104.3	365	164.195	0	0
XR_932105.3	1243	1015.29	0	0
XR_932106.1	4277	4049.29	0	0
XR_932108.3	4485	4257.29	0	0
XR_932109.2	4511	4283.29	6	0.0630399
XR_932110.1	365	164.195	0	0
XR_932111.3	3179	2951.29	0	0
XR_932112.2	646	419.888	0	0
XR_932113.1	396	188.639	0	0
XR_932115.3	2406	2178.29	1	0.0206598
XR_932116.3	206	61.8005	0	0
XR_932121.3	522	300.222	0	0
XR_932122.3	486	266.912	0	0
XR_932123.3	384	178.976	0	0
XR_932124.3	483	264.32	0	0
XR_932125.3	325	134.886	0	0
XR_932126.3	303	119.67	0	0
XR_932127.3	381	176.619	0	0
XR_932130.3	1161	933.293	0	0
XR_932142.3	997	769.293	0	0
XR_932156.3	525	303.13	0	0
XR_932166.4	1401	1173.29	0	0
XR_932169.3	390	183.77	2	0.489776
XR_932177.1	811	583.487	0	0
XR_932178.3	794	566.487	1	0.0794424
XR_932179.3	518	296.555	6	0.910516
XR_932181.3	509	288.355	0	0
XR_932185.3	195	55.7944	0	0
XR_932193.3	1401	1173.29	0	0
XR_932194.3	1373	1145.29	0	0
XR_932204.4	646	419.888	0	0
XR_932234.3	1137	909.293	0	0
XR_932236.3	788	560.487	0	0
XR_932250.3	632	406.137	0	0
XR_932252.4	2147	1919.29	0	0
XR_932253.3	2679	2451.29	0	0
XR_932254.4	1658	1430.29	0	0
XR_932255.4	1484	1256.29	0	0
XR_932257.3	925	697.293	0	0
XR_932261.3	944	716.293	1	0.0628277
XR_932262.3	357	158.178	0	0
XR_932272.3	983	755.293	0	0
XR_932274.3	516	294.675	0	0
XR_932307.2	756	528.701	0	0
XR_932308.2	757	529.648	0	0
XR_932309.1	509	288.355	0	0
XR_932310.3	1326	1098.29	0	0
XR_932311.2	1121	893.293	0	0
XR_932313.2	1064	836.293	0	0
XR_932314.3	264	94.6304	0	0
XR_932332.2	903	675.361	0	0
XR_932333.2	876	648.427	1	0.0694034
XR_932342.2	383	178.191	4	1.01022
XR_932355.4	962	734.293	0	0
XR_932367.3	275	101.511	0	0
XR_932371.2	318	129.815	0	0
XR_932372.2	1259	1031.29	0	0
XR_932373.2	503	282.705	0	0
XR_932375.3	3049	2821.29	2.05142	0.0327227
XR_932376.3	1219	991.293	0	0
XR_932377.3	1188	960.293	0	0
XR_932380.3	985	757.293	4	0.237705
XR_932381.3	24186	23958.3	75.0031	0.140885
XR_932395.3	375	171.827	0	0
XR_932396.3	5133	4905.29	78.9966	0.724746
XR_932398.3	1524	1296.29	0	0
XR_932399.3	1512	1284.29	0	0
XR_932400.3	1461	1233.29	0	0
XR_932402.3	1379	1151.29	0	0
XR_932404.4	1357	1129.29	0	0
XR_932405.3	1238	1010.29	0	0
XR_932407.4	1316	1088.29	0	0
XR_932408.3	1294	1066.29	0	0
XR_932409.3	1485	1257.29	0	0
XR_932420.2	4178	3950.29	13.0312	0.148455
XR_932421.3	671	444.496	0	0
XR_932422.2	1745	1517.29	0	0
XR_932424.3	351	153.209	0	0
XR_932439.2	2753	2525.29	12	0.213851
XR_932440.3	258	91.0962	0	0
XR_932451.3	826	598.427	0	0
XR_932453.2	761	533.648	0	0
XR_932454.1	400	191.921	0	0
XR_932455.3	2296	2068.29	0	0
XR_932456.2	444	229.227	0	0
XR_932459.3	787	559.487	0	0
XR_932478.1	1341	1113.29	0	0
XR_932482.2	432	218.698	0	0
XR_932483.2	571	346.526	0	0
XR_932484.3	713	485.852	0	0
XR_932486.3	693	466.041	0	0
XR_932487.3	618	392.338	0	0
XR_932489.3	5028	4800.29	1	0.00937507
XR_932492.2	486	266.912	0	0
XR_932495.2	987	759.293	0	0
XR_932500.3	1933	1705.29	16.3808	0.432292
XR_932506.3	2998	2770.29	5.08509	0.0826067
XR_932508.2	1784	1556.29	0	0
XR_932509.2	1740	1512.29	13	0.386856
XR_932510.3	886	658.427	0	0
XR_932511.3	694	467.041	0	0
XR_932517.4	2143	1915.29	0	0
XR_932518.3	2185	1957.29	0	0
XR_932519.4	2079	1851.29	1	0.024309
XR_932526.3	1290	1062.29	0	0
XR_932527.3	10682	10454.3	0	0
XR_932528.3	10788	10560.3	0	0
XR_932529.2	1740	1512.29	0	0
XR_932531.2	3164	2936.29	0	0
XR_932532.1	408	198.624	0	0
XR_932534.3	595	369.951	0	0
XR_932541.3	444	229.227	0	0
XR_932542.3	437	223.004	0	0
XR_932544.1	484	265.13	0	0
XR_932545.2	569	344.595	0	0
XR_932546.2	1182	954.293	0	0
XR_932547.2	476	257.994	0	0
XR_932551.2	592	367.025	0	0
XR_932562.2	615	389.417	0	0
XR_932564.4	639	413.014	0	0
XR_932566.3	1957	1729.29	1	0.026024
XR_932579.2	1202	974.293	0	0
XR_932580.2	803	575.487	0	0
XR_932582.2	515	293.705	0	0
XR_932587.2	196	56.3656	0	0
XR_932588.2	642	416.014	0	0
XR_932589.2	1253	1025.29	0	0
XR_932590.1	670	443.585	1	0.101453
XR_932592.2	1714	1486.29	4.59282	0.139065
XR_932593.3	2036	1808.29	22.4072	0.557649
XR_932600.4	4054	3826.29	8.03029	0.0944486
XR_932609.3	690	463.088	0	0
XR_932610.3	1194	966.293	0	0
XR_932611.3	1853	1625.29	1	0.0276892
XR_932631.3	1821	1593.29	0	0
XR_932640.1	411	201.028	0	0
XR_932641.4	766	538.541	0	0
XR_932642.2	535	312.445	0	0
XR_932644.3	1072	844.293	0	0
XR_932645.2	356	157.501	0	0
XR_932646.3	717	489.852	0	0
XR_932653.1	255	89.2265	0	0
XR_932670.3	372	169.412	0	0
XR_932677.2	1796	1568.29	0	0
XR_932678.2	1683	1455.29	0	0
XR_932680.2	1428	1200.29	0	0
XR_932683.2	1114	886.293	0	0
XR_932684.2	3656	3428.29	2	0.0262539
XR_932697.3	2699	2471.29	0	0
XR_932698.4	1642	1414.29	0	0
XR_932699.4	1720	1492.29	0	0
XR_932714.3	2070	1842.29	0	0
XR_932726.3	2800	2572.29	0	0
XR_932728.2	504	283.647	3	0.475977
XR_932729.3	4544	4316.29	0	0
XR_932737.3	2673	2445.29	18.314	0.33705
XR_932746.2	612	386.495	0	0
XR_932754.4	2462	2234.29	15.1324	0.304797
XR_932901.2	3548	3320.29	0	0
XR_932915.3	1999	1771.29	0	0
XR_932992.2	2189	1961.29	0	0
XR_932993.2	2184	1956.29	0	0
XR_932994.2	2459	2231.29	0	0
XR_932996.3	3079	2851.29	3	0.0473502
XR_933011.3	2135	1907.29	0	0
XR_933012.3	1953	1725.29	9.18553	0.239598
XR_933019.3	1674	1446.29	0	0
XR_933028.3	1174	946.293	0	0
XR_933032.3	421	209.523	0	0
XR_933033.2	1863	1635.29	0	0
XR_933045.2	777	549.487	0	0
XR_933060.2	803	575.487	1	0.0782
XR_933061.2	569	344.595	0	0
XR_933062.4	2290	2062.29	0	0
XR_933063.4	4233	4005.29	2.05306	0.0230679
XR_933069.4	243	81.9846	0	0
XR_933070.4	2972	2744.29	0	0
XR_933071.3	3311	3083.29	0	0
XR_933072.3	6031	5803.29	10.031	0.0777879
XR_933073.3	3603	3375.29	0	0
XR_933074.3	1850	1622.29	0	0
XR_933075.3	1124	896.293	2.75503	0.138331
XR_933080.4	6896	6668.29	0	0
XR_933083.4	4810	4582.29	3.0047	0.0295094
XR_933085.3	910	682.293	1	0.0659586
XR_933088.3	786	558.487	0	0
XR_933092.3	287	109.221	0	0
XR_933105.3	1137	909.293	17.5156	0.86689
XR_933116.3	4703	4475.29	63.7328	0.640891
XR_933125.4	471	253.178	0	0
XR_933126.3	971	743.293	0	0
XR_933129.3	245	83.2645	0	0
XR_933130.3	420	208.678	0	0
XR_933131.3	597	371.913	0	0
XR_933137.4	744	516.753	0	0
XR_933139.2	447	231.819	0	0
XR_933144.3	1368	1140.29	14	0.552527
XR_933147.3	457	240.449	0	0
XR_933149.3	465	247.59	0	0
XR_933209.3	1133	905.293	0	0
XR_933210.3	1128	900.293	0	0
XR_933260.4	4036	3808.29	0	0
XR_933371.3	2265	2037.29	0	0
XR_933392.4	1107	879.293	0	0
XR_933484.3	1339	1111.29	19.9082	0.806204
XR_933513.2	429	216.04	0	0
XR_933517.3	1672	1444.29	0	0
XR_933518.3	485	265.994	0	0
XR_933530.4	6687	6459.29	0	0
XR_933533.3	636	410.055	0	0
XR_933534.2	4673	4445.29	0	0
XR_933558.3	1588	1360.29	2	0.0661667
XR_933559.3	2278	2050.29	2	0.0438992
XR_933560.3	1049	821.293	0	0
XR_933563.3	1015	787.293	2	0.114324
XR_933564.1	1022	794.293	0	0
XR_933573.1	518	296.555	0	0
XR_933581.3	570	345.561	0	0
XR_933588.4	1770	1542.29	0	0
XR_933590.3	15680	15452.3	16.0017	0.0466032
XR_933591.4	1082	854.293	0	0
XR_933595.3	640	414.014	0	0
XR_933596.3	1745	1517.29	0	0
XR_933597.4	2687	2459.29	21.8051	0.399015
XR_933599.1	213	65.3686	0	0
XR_933600.3	721	493.802	0	0
XR_933604.1	1432	1204.29	0	0
XR_933605.1	1454	1226.29	2	0.0733969
XR_933606.1	975	747.293	0	0
XR_933607.1	907	679.293	0	0
XR_933621.3	667	440.629	0	0
XR_933626.4	3167	2939.29	0	0
XR_933627.4	3147	2919.29	0	0
XR_933630.2	684	457.134	0	0
XR_933644.1	996	768.293	0	0
XR_933645.1	630	404.218	0	0
XR_933646.1	965	737.293	0	0
XR_933647.1	680	453.225	0	0
XR_933648.1	1279	1051.29	0	0
XR_933649.1	1244	1016.29	0	0
XR_933650.1	910	682.293	0	0
XR_933655.2	845	617.427	0	0
XR_933656.1	213	65.3686	0	0
XR_933660.2	426	213.764	0	0
XR_933661.3	329	137.452	0	0
XR_933663.3	456	239.672	0	0
XR_933665.3	5653	5425.29	0	0
XR_933667.3	3213	2985.29	0	0
XR_933668.3	1647	1419.29	1	0.0317081
XR_933670.2	450	234.286	0	0
XR_933677.2	533	310.571	0	0
XR_933684.2	438	223.888	0	0
XR_933687.3	1010	782.293	1	0.0575271
XR_933693.3	958	730.293	0	0
XR_933697.3	643	416.972	0	0
XR_933707.3	616	390.417	0	0
XR_933708.2	660	433.717	0	0
XR_933709.3	1568	1340.29	0	0
XR_933710.2	1304	1076.29	0	0
XR_933711.3	1410	1182.29	0	0
XR_933714.3	648	421.846	0	0
XR_933717.2	321	132.144	0	0
XR_933729.4	3523	3295.29	1	0.0136568
XR_933731.2	178	46.9587	0	0
XR_933739.2	461	244.098	0	0
XR_933740.3	1664	1436.29	4.00228	0.125403
XR_933748.4	1330	1102.29	0	0
XR_933750.3	1060	832.293	0	0
XR_933751.2	963	735.293	0	0
XR_933752.3	423	211.123	0	0
XR_933753.3	630	404.218	0	0
XR_933774.3	924	696.293	0	0
XR_933776.4	2413	2185.29	0	0
XR_933777.4	2334	2106.29	0	0
XR_933779.4	2291	2063.29	0	0
XR_933783.3	460	243.274	0	0
XR_933786.3	870	642.427	0	0
XR_933796.3	4113	3885.29	0	0
XR_933797.3	3947	3719.29	0	0
XR_933815.2	1576	1348.29	0	0
XR_933817.2	1495	1267.29	0	0
XR_933826.4	8322	8094.29	0.017889	9.94601e-05
XR_933827.3	4468	4240.29	0	0
XR_933828.3	2202	1974.29	0	0
XR_933830.2	1010	782.293	0	0
XR_933831.2	445	230.083	0	0
XR_933832.3	792	564.487	0	0
XR_933837.2	377	173.351	0	0
XR_933839.3	5304	5076.29	2	0.0177307
XR_933854.3	464	246.768	0	0
XR_933855.2	398	190.353	0	0
XR_933864.4	1045	817.293	16	0.881017
XR_933871.3	1242	1014.29	5	0.221845
XR_933884.3	1304	1076.29	12	0.501756
XR_933889.3	3436	3208.29	0	0
XR_933895.4	1614	1386.29	23.8691	0.774859
XR_933914.3	870	642.427	0	0
XR_933927.3	1272	1044.29	17.3672	0.748427
XR_933943.4	3063	2835.29	0	0
XR_933944.4	3141	2913.29	0	0
XR_933953.4	1108	880.293	0	0
XR_933965.3	707	479.9	7.0542	0.661515
XR_933966.3	3108	2880.29	2.5	0.0390612
XR_934008.1	1415	1187.29	0	0
XR_934039.3	6409	6181.29	0	0
XR_934053.2	1098	870.293	0	0
XR_934111.3	1455	1227.29	2.31546	0.0849046
XR_934120.3	713	485.852	8.02948	0.743748
XR_934143.3	1026	798.293	5.9307	0.334338
XR_934145.4	1584	1356.29	2	0.0663619
XR_934174.3	1035	807.293	0	0
XR_934178.3	1706	1478.29	4	0.12177
XR_934184.2	445	230.083	0	0
XR_934185.3	494	274.359	0	0
XR_934187.2	793	565.487	0	0
XR_934188.3	690	463.088	0	0
XR_934190.3	730	502.753	0	0
XR_934191.3	729	501.753	0	0
XR_934210.3	1969	1741.29	5.10081	0.131828
XR_934213.3	3506	3278.29	0	0
XR_934215.3	581	356.279	0	0
XR_934217.4	1033	805.293	0	0
XR_934220.3	767	539.541	0	0
XR_934221.3	604	378.687	0	0
XR_934233.3	300	117.761	2	0.764311
XR_934236.3	3665	3437.29	0.260506	0.0034107
XR_934238.3	2789	2561.29	23.8059	0.41828
XR_934239.3	620	394.338	0	0
XR_934243.2	540	317.191	0	0
XR_934244.3	353	154.998	0	0
XR_934249.3	1201	973.293	8	0.369904
XR_934250.3	3825	3597.29	5.06437	0.0633565
XR_934251.1	384	178.976	0	0
XR_934252.2	399	191.106	0	0
XR_934254.2	5411	5183.29	0	0
XR_934262.3	342	146.678	0	0
XR_934263.3	431	217.835	0	0
XR_934264.4	2148	1920.29	0	0
XR_934265.4	2101	1873.29	0	0
XR_934266.4	2044	1816.29	0	0
XR_934268.3	1801	1573.29	0	0
XR_934269.3	980	752.293	3.5863	0.214537
XR_934296.3	1110	882.293	0	0
XR_934297.2	776	548.487	0	0
XR_934302.4	2692	2464.29	4	0.0730483
XR_934310.4	972	744.293	0	0
XR_934312.4	1612	1384.29	0	0
XR_934313.4	1722	1494.29	0	0
XR_934314.4	1673	1445.29	0	0
XR_934315.4	1407	1179.29	3.35093	0.127875
XR_934317.3	536	313.414	0	0
XR_934328.3	563	338.802	0	0
XR_934331.3	630	404.218	0	0
XR_934332.3	4333	4105.29	1.09091	0.0119588
XR_934333.3	3768	3540.29	0	0
XR_934334.3	3764	3536.29	0	0
XR_934335.3	3735	3507.29	0	0
XR_934336.3	3731	3503.29	0	0
XR_934337.3	3683	3455.29	0	0
XR_934346.4	2640	2412.29	0	0
XR_934362.2	2562	2334.29	3.8155	0.0735595
XR_934369.2	648	421.846	9.77275	1.04257
XR_934406.4	3771	3543.29	0	0
XR_934416.3	2926	2698.29	0	0
XR_934419.3	1961	1733.29	0	0
XR_934423.3	6089	5861.29	0	0
XR_934432.4	1607	1379.29	0	0
XR_934434.2	1487	1259.29	0	0
XR_934457.2	1868	1640.29	0	0
XR_934459.4	3729	3501.29	202.355	2.60092
XR_934460.4	1678	1450.29	208.484	6.46932
XR_934475.4	2123	1895.29	8.89445	0.211196
XR_934477.4	879	651.427	10.5585	0.729422
XR_934478.4	1016	788.293	4.58371	0.26168
XR_934479.3	893	665.361	8.54435	0.577915
XR_934482.2	3048	2820.29	14.3125	0.228383
XR_934487.4	2582	2354.29	61.1827	1.16953
XR_934509.3	2335	2107.29	8.24986	0.176183
XR_934532.3	2907	2679.29	0	0
XR_934534.2	4523	4295.29	0	0
XR_934535.2	4399	4171.29	0	0
XR_934536.2	4094	3866.29	71.8942	0.836838
XR_934554.2	2961	2733.29	0	0
XR_934563.4	1465	1237.29	10.1355	0.368652
XR_934566.4	1300	1072.29	0	0
XR_934568.2	2585	2357.29	0	0
XR_934577.3	4879	4651.29	0	0
XR_934587.4	6226	5998.29	0	0
XR_934595.3	990	762.293	0	0
XR_934604.3	2778	2550.29	0	0
XR_934616.4	4477	4249.29	0	0
XR_934632.2	557	333.141	0	0
XR_934637.4	625	399.259	0	0
XR_934638.2	593	367.988	0	0
XR_934641.2	2613	2385.29	0	0
XR_934656.2	144	30.2443	0	0
XR_934661.3	338	143.726	0	0
XR_934665.2	1347	1119.29	1	0.0402067
XR_934686.3	322	132.775	0	0
XR_934687.3	808	580.487	0	0
XR_934688.2	989	761.293	0	0
XR_934689.4	800	572.487	0	0
XR_934691.4	2002	1774.29	0	0
XR_934699.2	657	430.76	0	0
XR_934703.3	454	237.87	0.47321	0.0895276
XR_934708.3	909	681.293	0	0
XR_934709.3	878	650.427	0	0
XR_934710.4	882	654.427	0	0
XR_934717.4	1350	1122.29	0	0
XR_934720.3	705	477.9	0	0
XR_934721.3	715	487.852	0	0
XR_934732.2	503	282.705	0	0
XR_934733.3	866	638.427	4.81014	0.339069
XR_934735.3	260	92.282	3.5	1.70684
XR_934743.3	656	429.76	2.46509	0.258136
XR_934745.3	942	714.293	8.05149	0.507273
XR_934746.3	790	562.487	0	0
XR_934751.2	812	584.487	1.00156	0.0771158
XR_934752.2	880	652.427	0	0
XR_934753.2	665	438.717	0	0
XR_934754.3	284	107.25	0	0
XR_934755.3	289	110.463	0	0
XR_934762.3	894	666.361	0	0
XR_934763.2	717	489.852	0	0
XR_934764.4	642	416.014	4.15754	0.44975
XR_934778.4	591	366.025	0	0
XR_934779.2	296	115.202	0	0
XR_934780.1	398	190.353	9.92865	2.34732
XR_934781.3	1639	1411.29	2.02067	0.0644349
XR_934786.3	1196	968.293	0	0
XR_934811.2	888	660.427	0	0
XR_934823.2	1750	1522.29	0	0
XR_934824.3	1689	1461.29	0	0
XR_934832.3	1187	959.293	0	0
XR_934833.3	1029	801.293	0	0
XR_934859.2	687	460.134	0	0
XR_934869.3	1145	917.293	0	0
XR_934870.3	678	451.406	0	0
XR_934874.4	1825	1597.29	6	0.169048
XR_934875.4	941	713.293	0	0
XR_934879.3	3625	3397.29	0	0
XR_934884.4	1666	1438.29	1	0.0312892
XR_934885.3	446	230.915	0	0
XR_934887.2	1221	993.293	0	0
XR_934889.2	501	280.906	0	0
XR_934893.3	499	279.049	0	0
XR_934896.4	469	251.307	0	0
XR_934897.1	222	70.1969	0	0
XR_934899.1	353	154.998	0	0
XR_934910.3	289	110.463	0	0
XR_934912.4	614	388.495	0	0
XR_934918.4	756	528.701	0	0
XR_934923.2	510	289.15	0	0
XR_934937.4	12992	12764.3	0.113336	0.000399588
XR_934949.2	462	244.971	1	0.183708
XR_934950.3	718	490.852	0	0
XR_934952.3	2007	1779.29	0	0
XR_934953.3	621	395.338	0	0
XR_934956.3	505	284.56	0	0
XR_934960.3	1386	1158.29	0	0
XR_934961.3	1182	954.293	0	0
XR_934962.2	2112	1884.29	0	0
XR_934970.3	922	694.293	0	0
XR_934971.3	915	687.293	0	0
XR_934988.3	906	678.293	1	0.0663475
XR_934990.3	3790	3562.29	11.6242	0.14685
XR_934998.2	2059	1831.29	0	0
XR_934999.2	1885	1657.29	0	0
XR_935000.2	1976	1748.29	0	0
XR_935001.2	1653	1425.29	0	0
XR_935002.3	642	416.014	0	0
XR_935043.3	664	437.717	0	0
XR_935049.2	3835	3607.29	0	0
XR_935055.3	5720	5492.29	0	0
XR_935057.3	5411	5183.29	6.58902	0.0572081
XR_935058.3	4946	4718.29	0	0
XR_935071.3	3302	3074.29	0	0
XR_935072.2	1675	1447.29	0	0
XR_935074.3	1840	1612.29	77.6035	2.16611
XR_935077.3	1059	831.293	0	0
XR_935078.3	584	359.207	0	0
XR_935081.2	293	113.08	0	0
XR_935082.4	7457	7229.29	11.8464	0.0737448
XR_935087.3	1219	991.293	2	0.0907967
XR_935088.3	1930	1702.29	0	0
XR_935089.3	2728	2500.29	1.00032	0.0180049
XR_935093.3	2184	1956.29	0.991726	0.0228139
XR_935094.2	394	187.168	0	0
XR_935095.2	875	647.427	0	0
XR_935097.4	928	700.293	0	0
XR_935098.3	990	762.293	1	0.0590364
XR_935099.3	850	622.427	0	0
XR_935106.3	791	563.487	1.03897	0.0829777
XR_935109.2	604	378.687	0	0
XR_935111.3	812	584.487	1	0.0769959
XR_935113.3	1342	1114.29	0	0
XR_935116.4	3683	3455.29	0	0
XR_935118.2	422	210.345	0	0
XR_935119.4	2037	1809.29	0	0
XR_935121.4	1816	1588.29	0	0
XR_935122.4	1666	1438.29	0	0
XR_935123.1	410	200.199	1	0.224792
XR_935130.3	3152	2924.29	1.00033	0.0153945
XR_935131.2	1418	1190.29	1	0.0378084
XR_935135.2	462	244.971	0	0
XR_935136.3	1008	780.293	0	0
XR_935137.3	978	750.293	0	0
XR_935139.3	2088	1860.29	0	0
XR_935142.4	2056	1828.29	0	0
XR_935154.3	794	566.487	0	0
XR_935158.3	2297	2069.29	0	0
XR_935171.2	1109	881.293	0	0
XR_935172.2	1233	1005.29	0	0
XR_935173.3	822	594.427	0	0
XR_935174.2	990	762.293	0	0
XR_935175.2	694	467.041	0	0
XR_935176.2	3838	3610.29	0	0
XR_935177.1	526	304.007	0	0
XR_935178.2	1722	1494.29	0	0
XR_935179.3	405	196.152	0	0
XR_935181.3	291	111.803	0	0
XR_935187.1	200	58.6283	0	0
XR_935225.3	3503	3275.29	558.343	7.67173
XR_935227.3	1378	1150.29	5.88658	0.230302
XR_935229.3	3735	3507.29	0	0
XR_935239.4	3709	3481.29	0	0
XR_935261.4	3096	2868.29	0	0
XR_935276.3	1217	989.293	0	0
XR_935277.4	1183	955.293	0	0
XR_935279.3	680	453.225	0	0
XR_935282.4	1478	1250.29	0	0
XR_935292.3	4815	4587.29	11.497	0.11279
XR_935293.3	4800	4572.29	0	0
XR_935298.2	784	556.487	0	0
XR_935311.4	673	446.496	0	0
XR_935323.3	1096	868.293	0	0
XR_935324.3	1028	800.293	0	0
XR_935326.2	444	229.227	0	0
XR_935327.3	1285	1057.29	5.84731	0.248888
XR_935328.2	351	153.209	0.152686	0.0448495
XR_935329.4	1337	1109.29	0	0
XR_935330.2	1226	998.293	0	0
XR_935331.3	400	191.921	0	0
XR_935332.2	1169	941.293	0	0
XR_935334.3	4163	3935.29	0	0
XR_935342.4	1739	1511.29	0	0
XR_935346.2	1528	1300.29	0	0
XR_935347.2	1820	1592.29	0	0
XR_935350.2	1740	1512.29	0	0
XR_935351.2	1448	1220.29	0	0
XR_935360.2	1192	964.293	0	0
XR_935361.2	1484	1256.29	0	0
XR_935365.3	764	536.541	0	0
XR_935370.3	3581	3353.29	21.3508	0.286539
XR_935376.3	955	727.293	0	0
XR_935377.3	8566	8338.29	99.397	0.536461
XR_935378.4	1018	790.293	0	0
XR_935392.1	761	533.648	0	0
XR_935395.2	1084	856.293	0	0
XR_935396.3	741	513.753	0	0
XR_935397.2	515	293.705	0	0
XR_935407.2	740	512.753	0	0
XR_935408.1	235	77.5231	0	0
XR_935410.2	832	604.427	0	0
XR_935411.2	1233	1005.29	0	0
XR_935414.3	778	550.487	0	0
XR_935415.3	353	154.998	0	0
XR_935417.3	706	478.9	0	0
XR_935421.3	541	318.158	0	0
XR_935422.3	4267	4039.29	0	0
XR_935423.3	6574	6346.29	6.01113	0.0426263
XR_935430.4	3823	3595.29	7.23054	0.0905062
XR_935431.3	4289	4061.29	0	0
XR_935432.3	2646	2418.29	13.4093	0.24954
XR_935434.4	3114	2886.29	0	0
XR_935435.3	2870	2642.29	0	0
XR_935436.4	2960	2732.29	0	0
XR_935437.3	2733	2505.29	1	0.0179632
XR_935438.3	1549	1321.29	0	0
XR_935441.2	434	220.399	0	0
XR_935449.3	17502	17274.3	0.00125099	3.25907e-06
XR_935456.2	1735	1507.29	1	0.0298569
XR_935466.3	815	587.487	0	0
XR_935467.1	409	199.348	0	0
XR_935471.3	588	363.135	0	0
XR_935472.3	439	224.747	0	0
XR_935473.1	730	502.753	0	0
XR_935474.2	652	425.803	0	0
XR_935478.3	1003	775.293	0	0
XR_935479.3	640	414.014	0	0
XR_935487.3	1960	1732.29	9.65061	0.250712
XR_935488.3	6048	5820.29	26.5075	0.204959
XR_935489.3	1509	1281.29	0	0
XR_935495.4	2120	1892.29	8	0.190258
XR_935498.4	833	605.427	0	0
XR_935514.4	995	767.293	0	0
XR_935515.2	739	511.753	0	0
XR_935521.2	803	575.487	1.05175	0.0822469
XR_935524.3	1618	1390.29	31.011	1.00381
XR_935536.4	294	113.843	0	0
XR_935537.3	504	283.647	0	0
XR_935546.3	948	720.293	1	0.0624788
XR_935547.3	382	177.405	0	0
XR_935548.1	328	136.811	0	0
XR_935549.2	276	102.102	0	0
XR_935555.2	1443	1215.29	0	0
XR_935556.3	1411	1183.29	0	0
XR_935559.3	531	308.697	0	0
XR_935562.3	762	534.648	1	0.0841733
XR_935570.3	1692	1464.29	0	0
XR_935576.3	1973	1745.29	5.05297	0.130293
XR_935577.2	424	212.011	0	0
XR_935578.2	236	78.1487	0	0
XR_935579.3	1842	1614.29	0	0
XR_935580.2	1610	1382.29	0	0
XR_935581.2	864	636.427	0	0
XR_935582.2	451	235.213	0	0
XR_935583.2	382	177.405	0	0
XR_935584.2	664	437.717	0	0
XR_935590.3	326	135.496	0	0
XR_935599.3	2144	1916.29	2.29245	0.0538369
XR_935600.3	1824	1596.29	0	0
XR_935606.3	1501	1273.29	0.837175	0.029589
XR_935610.4	5529	5301.29	13.3939	0.113702
XR_935611.2	392	185.43	0	0
XR_935614.2	365	164.195	0	0
XR_935615.3	3343	3115.29	0	0
XR_935616.3	2959	2731.29	0	0
XR_935622.3	629	403.218	0	0
XR_935634.4	2128	1900.29	0	0
XR_935635.4	2222	1994.29	0	0
XR_935636.3	3748	3520.29	27.1194	0.346692
XR_935637.3	4796	4568.29	0	0
XR_935638.2	4717	4489.29	2.07779	0.0208289
XR_935639.2	4713	4485.29	7.0528	0.0707641
XR_935640.3	1093	865.293	0	0
XR_935643.3	6327	6099.29	1	0.00737841
XR_935651.3	1683	1455.29	0	0
XR_935653.3	5901	5673.29	0	0
XR_935654.3	14061	13833.3	6.01905	0.0195814
XR_935655.2	4545	4317.29	0	0
XR_935657.4	1785	1557.29	0	0
XR_935658.2	320	131.369	0	0
XR_935664.3	1619	1391.29	1	0.0323462
XR_935666.3	2085	1857.29	0	0
XR_935667.3	2111	1883.29	0	0
XR_935670.1	1645	1417.29	0	0
XR_935674.1	1218	990.293	0	0
XR_935675.1	703	475.947	0	0
XR_935678.3	1036	808.293	0	0
XR_935686.3	281	105.3	0	0
XR_935687.3	339	144.406	0	0
XR_935689.3	1753	1525.29	3.4234	0.101006
XR_935731.3	3585	3357.29	25.1749	0.337459
XR_935732.3	2548	2320.29	0	0
XR_935734.3	1047	819.293	2.00269	0.110006
XR_935741.3	2445	2217.29	3.27486	0.0664679
XR_935743.3	1849	1621.29	0	0
XR_935810.3	2668	2440.29	0	0
XR_935823.2	989	761.293	0	0
XR_935835.3	2395	2167.29	101.312	2.10371
XR_935844.3	1767	1539.29	0	0
XR_935863.2	1049	821.293	0	0
XR_935865.3	3775	3547.29	0	0
XR_935872.3	2228	2000.29	0	0
XR_935873.3	2186	1958.29	0	0
XR_935878.3	4749	4521.29	58.9955	0.587217
XR_935879.3	2566	2338.29	14	0.269446
XR_935883.4	1078	850.293	1	0.0529265
XR_935885.3	771	543.487	0	0
XR_935886.3	5035	4807.29	22.539	0.210997
XR_935896.3	1402	1174.29	2	0.0766471
XR_935897.2	468	250.385	0	0
XR_935898.2	231	75.3292	0	0
XR_935899.3	2385	2157.29	7.07876	0.147669
XR_935901.2	226	72.4338	1	0.6213
XR_935902.3	1012	784.293	3	0.172141
XR_935905.3	838	610.427	0	0
XR_935906.3	1467	1239.29	0	0
XR_935907.2	245	83.2645	0	0
XR_935909.1	1993	1765.29	0	0
XR_935910.3	1320	1092.29	0	0
XR_935911.3	1141	913.293	0	0
XR_935913.2	1069	841.293	5	0.267464
XR_935918.3	536	313.414	0	0
XR_935919.2	527	304.945	0	0
XR_935920.3	1348	1120.29	0	0
XR_935921.3	357	158.178	0	0
XR_935923.3	1177	949.293	0	0
XR_935937.2	780	552.487	0	0
XR_935938.2	668	441.629	0	0
XR_935939.3	1155	927.293	3	0.145595
XR_935954.3	604	378.687	1	0.11884
XR_935961.2	875	647.427	0	0
XR_935962.3	655	428.76	2	0.209922
XR_935966.3	776	548.487	0	0
XR_935968.4	2399	2171.29	163.144	3.38138
XR_935971.3	2734	2506.29	0	0
XR_935972.1	708	480.9	1	0.093581
XR_935974.3	860	632.427	0	0
XR_935978.3	2462	2234.29	0	0
XR_935986.2	391	184.59	0	0
XR_936001.3	3237	3009.29	20.2762	0.303225
XR_936005.3	1244	1016.29	0	0
XR_936006.3	1347	1119.29	0	0
XR_936008.4	591	366.025	0	0
XR_936009.3	537	314.382	1.08857	0.155826
XR_936013.3	2893	2665.29	0	0
XR_936014.3	2947	2719.29	2.29936	0.0380533
XR_936015.3	2286	2058.29	3.94587	0.0862735
XR_936016.3	1585	1357.29	0	0
XR_936017.4	656	429.76	1.4584	0.152718
XR_936019.3	1180	952.293	0	0
XR_936021.4	786	558.487	62	4.99598
XR_936023.2	1306	1078.29	1.01047	0.0421726
XR_936026.3	1594	1366.29	5.00182	0.16475
XR_936036.1	760	532.648	0	0
XR_936049.2	643	416.972	0	0
XR_936052.3	759	531.648	0	0
XR_936060.3	251	86.6409	0	0
XR_936062.3	331	138.909	0	0
XR_936073.3	668	441.629	0	0
XR_936074.2	521	299.283	0	0
XR_936075.3	2172	1944.29	7.02972	0.162712
XR_936081.2	940	712.293	0	0
XR_936088.3	2718	2490.29	2	0.0361428
XR_936108.3	451	235.213	0	0
XR_936110.4	1571	1343.29	0	0
XR_936111.2	450	234.286	0	0
XR_936125.4	282	105.999	0	0
XR_936130.2	768	540.541	0	0
XR_936135.3	6245	6017.29	0	0
XR_936149.2	5483	5255.29	0	0
XR_936152.2	5165	4937.29	0	0
XR_936154.2	5111	4883.29	0	0
XR_936164.4	1179	951.293	19.1436	0.90563
XR_936181.3	1990	1762.29	0	0
XR_936182.4	2017	1789.29	0	0
XR_936199.4	4842	4614.29	649.15	6.33115
XR_936221.4	690	463.088	11.5974	1.12704
XR_936226.2	4755	4527.29	63.9544	0.635732
XR_936233.3	2536	2308.29	7	0.136474
XR_936239.2	768	540.541	1	0.0832556
XR_936242.3	532	309.634	0	0
XR_936243.2	1630	1402.29	1	0.0320925
XR_936250.4	467	249.436	0	0
XR_936260.3	1531	1303.29	0	0
XR_936261.2	718	490.852	1	0.0916837
XR_936262.3	1506	1278.29	23.0724	0.812277
XR_936263.3	1641	1413.29	0	0
XR_936264.2	938	710.293	0	0
XR_936268.1	242	81.454	0	0
XR_936272.3	655	428.76	0	0
XR_936273.2	1406	1178.29	17.2266	0.657943
XR_936274.2	650	423.846	0	0
XR_936275.3	582	357.279	0	0
XR_936279.3	952	724.293	0	0
XR_936288.4	234	77.1167	0	0
XR_936293.3	1041	813.293	2	0.110669
XR_936294.3	1059	831.293	0	0
XR_936296.2	780	552.487	0	0
XR_936301.2	1112	884.293	0	0
XR_936302.2	1033	805.293	0	0
XR_936307.3	2902	2674.29	0	0
XR_936308.3	1248	1020.29	2.75591	0.121558
XR_936311.3	367	165.66	0	0
XR_936341.2	790	562.487	0	0
XR_936344.3	473	255.047	0	0
XR_936355.1	336	142.48	1.66937	0.527279
XR_936359.3	1039	811.293	11.894	0.65977
XR_936360.3	824	596.427	5.106	0.38527
XR_936361.3	1267	1039.29	13	0.562921
XR_936362.3	208	62.9017	0	0
XR_936365.1	969	741.293	5	0.303544
XR_936387.2	1167	939.293	0	0
XR_936396.3	630	404.218	0	0
XR_936398.3	563	338.802	0	0
XR_936400.3	535	312.445	0	0
XR_936401.3	732	504.753	1	0.0891587
XR_936402.3	471	253.178	0	0
XR_936403.3	344	148.132	0	0
XR_936405.3	449	233.505	2	0.385458
XR_936407.3	1760	1532.29	0	0
XR_936408.3	1435	1207.29	0	0
XR_936409.3	439	224.747	0	0
XR_936410.3	532	309.634	0	0
XR_936412.4	3637	3409.29	3.59328	0.0474318
XR_936431.2	547	323.768	0	0
XR_936436.4	227	73.0147	0	0
XR_936469.2	337	143.078	0	0
XR_936470.1	297	115.768	0	0
XR_936472.1	1271	1043.29	0	0
XR_936473.1	1208	980.293	0	0
XR_936474.1	960	732.293	0	0
XR_936475.3	1293	1065.29	0	0
XR_936476.2	1188	960.293	0	0
XR_936479.2	4990	4762.29	7.25555	0.068564
XR_936480.3	263	94.0409	0	0
XR_936481.3	242	81.454	0	0
XR_936482.3	242	81.454	0	0
XR_936485.3	2202	1974.29	2.01972	0.0460385
XR_936486.2	1669	1441.29	3.45229	0.107795
XR_936488.3	446	230.915	0	0
XR_936500.3	3671	3443.29	0	0
XR_936505.3	2747	2519.29	6.36211	0.113649
XR_936506.4	2495	2267.29	4.19894	0.0833439
XR_936508.3	2405	2177.29	59.1562	1.22272
XR_936509.3	2271	2043.29	0	0
XR_936513.3	2545	2317.29	0	0
XR_936601.4	1105	877.293	320.714	16.4519
XR_936602.4	3426	3198.29	0	0
XR_936605.3	1664	1436.29	10.2526	0.321241
XR_936610.3	2602	2374.29	0	0
XR_936669.2	348	151.011	1	0.298012
XR_936679.3	1269	1041.29	0	0
XR_936682.1	619	393.338	0	0
XR_936683.2	583	358.243	0	0
XR_936685.3	1415	1187.29	0	0
XR_936690.3	201	59.1453	0	0
XR_936695.2	353	154.998	1	0.290346
XR_936699.2	1851	1623.29	0	0
XR_936703.1	766	538.541	0	0
XR_936704.1	699	471.947	0	0
XR_936711.3	1067	839.293	0	0
XR_936712.3	937	709.293	0	0
XR_936713.3	5133	4905.29	1.71137	0.0157008
XR_936714.3	3708	3480.29	0	0
XR_936716.3	383	178.191	0	0
XR_936718.3	4416	4188.29	0	0
XR_936721.2	378	174.332	1	0.258146
XR_936724.4	369	167.159	2.61481	0.703965
XR_936728.3	355	156.626	0	0
XR_936729.3	276	102.102	0	0
XR_936730.3	410	200.199	0	0
XR_936733.3	321	132.144	0	0
XR_936739.4	854	626.427	0	0
XR_936740.4	852	624.427	0	0
XR_936741.3	526	304.007	0	0
XR_936751.3	831	603.427	0.999884	0.0745704
XR_936761.3	431	217.835	0	0
XR_936763.3	625	399.259	0	0
XR_936764.3	583	358.243	0	0
XR_936766.3	570	345.561	0	0
XR_936767.3	526	304.007	0	0
XR_936768.3	387	181.366	0	0
XR_936784.3	759	531.648	0	0
XR_936785.3	661	434.717	0	0
XR_936787.2	2389	2161.29	0	0
XR_936788.2	2406	2178.29	0	0
XR_936789.2	2098	1870.29	0	0
XR_936790.2	2210	1982.29	0	0
XR_936793.2	2032	1804.29	0	0
XR_936795.4	6523	6295.29	2.00516	0.0143343
XR_936798.3	3132	2904.29	3.45264	0.0535
XR_936800.3	2847	2619.29	0	0
XR_936803.2	6093	5865.29	0	0
XR_936807.3	3391	3163.29	0	0
XR_936808.3	2720	2492.29	0	0
XR_936809.4	2774	2546.29	0	0
XR_936812.3	3289	3061.29	0	0
XR_936815.3	1524	1296.29	0	0
XR_936817.4	2890	2662.29	1	0.0169039
XR_936820.3	1636	1408.29	4	0.127823
XR_936822.3	675	448.496	0	0
XR_936823.3	549	325.637	2.92184	0.403798
XR_936825.3	646	419.888	0	0
XR_936828.1	871	643.427	0	0
XR_936829.1	756	528.701	0	0
XR_936831.2	1495	1267.29	0	0
XR_936832.2	1232	1004.29	3	0.134432
XR_936835.3	1088	860.293	0	0
XR_936836.3	1896	1668.29	0	0
XR_936837.3	1882	1654.29	0	0
XR_936845.3	968	740.293	0	0
XR_936848.3	735	507.753	3.14003	0.278307
XR_936849.3	6739	6511.29	49.475	0.341949
XR_936854.3	715	487.852	0	0
XR_936856.3	631	405.178	0	0
XR_936857.3	644	417.93	0	0
XR_936859.3	236	78.1487	0	0
XR_936864.3	1881	1653.29	0	0
XR_936865.3	3366	3138.29	0	0
XR_936882.4	572	347.526	0	0
XR_936884.3	2399	2171.29	0	0
XR_936887.2	304	120.29	0	0
XR_936891.1	869	641.427	0	0
XR_936893.3	1106	878.293	0	0
XR_936895.3	2934	2706.29	0	0
XR_936896.3	1291	1063.29	0	0
XR_936897.3	1182	954.293	0	0
XR_936898.3	2837	2609.29	0	0
XR_936899.3	1158	930.293	0	0
XR_936901.3	2822	2594.29	0	0
XR_936902.3	2839	2611.29	0	0
XR_936903.3	2790	2562.29	0	0
XR_936906.4	1452	1224.29	0	0
XR_936911.3	872	644.427	0	0
XR_936917.3	6606	6378.29	0	0
XR_936918.3	1003	775.293	0.0744457	0.00432131
XR_936920.3	1069	841.293	0	0
XR_936926.3	395	187.965	0	0
XR_936945.4	2228	2000.29	0	0
XR_936950.4	2145	1917.29	0	0
XR_936954.3	3501	3273.29	0	0
XR_936956.2	795	567.487	0	0
XR_936960.3	1832	1604.29	18	0.50493
XR_936962.2	2528	2300.29	1.71664	0.0335844
XR_936963.2	2093	1865.29	0	0
XR_936966.4	4220	3992.29	5.03579	0.0567659
XR_936967.3	3298	3070.29	16	0.234521
XR_936978.3	836	608.427	0	0
XR_936983.2	1383	1155.29	0	0
XR_936984.3	1669	1441.29	0	0
XR_936985.2	1343	1115.29	0	0
XR_936986.3	1727	1499.29	0	0
XR_936988.4	3793	3565.29	11.6799	0.14743
XR_936989.4	2572	2344.29	0.784136	0.015053
XR_936993.3	4875	4647.29	0	0
XR_937000.1	214	65.919	0	0
XR_937002.3	1686	1458.29	0	0
XR_937004.3	868	640.427	0	0
XR_937006.2	495	275.303	0	0
XR_937007.2	367	165.66	0	0
XR_937008.2	533	310.571	0	0
XR_937105.4	2578	2350.29	45.7582	0.876172
XR_937111.3	9970	9742.29	0	0
XR_937112.3	5676	5448.29	0	0
XR_937114.3	3926	3698.29	0	0
XR_937124.2	1310	1082.29	0	0
XR_937140.3	1001	773.293	168.184	9.78772
XR_937151.2	3383	3155.29	40.1824	0.573111
XR_937152.2	3380	3152.29	0	0
XR_937159.2	1963	1735.29	0	0
XR_937160.2	1706	1478.29	0	0
XR_937162.2	1797	1569.29	0	0
XR_937163.2	1389	1161.29	0	0
XR_937185.3	469	251.307	3.91155	0.700463
XR_937193.3	4747	4519.29	2.17236e-06	2.16323e-08
XR_937198.3	222	70.1969	0	0
XR_937202.3	1081	853.293	1	0.0527405
XR_937203.3	983	755.293	0	0
XR_937204.3	483	264.32	0	0
XR_937209.3	2153	1925.29	0	0
XR_937210.3	844	616.427	0	0
XR_937211.3	817	589.487	0	0
XR_937212.3	269	97.8901	0	0
XR_937214.3	469	251.307	0	0
XR_937215.3	1502	1274.29	8.90545	0.314506
XR_937224.1	652	425.803	0	0
XR_937228.2	1195	967.293	0	0
XR_937229.2	804	576.487	0	0
XR_937230.2	554	330.174	0	0
XR_937231.1	336	142.48	0	0
XR_937232.1	371	168.6	0	0
XR_937233.1	367	165.66	0.907005	0.246396
XR_937244.3	1619	1391.29	1	0.0323462
XR_937250.3	669	442.629	0	0
XR_937259.2	759	531.648	0	0
XR_937260.2	258	91.0962	0	0
XR_937261.2	3904	3676.29	3.41365	0.041788
XR_937263.3	517	295.585	0	0
XR_937264.2	928	700.293	0	0
XR_937266.3	728	500.753	0	0
XR_937267.3	490	270.61	0	0
XR_937268.3	601	375.763	0	0
XR_937269.3	228	73.5821	0	0
XR_937273.3	2323	2095.29	1.00366	0.0215568
XR_937274.3	1381	1153.29	0	0
XR_937275.2	1109	881.293	0	0
XR_937285.3	1683	1455.29	0	0
XR_937286.3	4766	4538.29	0	0
XR_937288.2	475	257.02	0	0
XR_937289.1	720	492.802	0	0
XR_937290.2	399	191.106	0	0
XR_937294.2	926	698.293	0	0
XR_937296.4	362	162.038	0	0
XR_937297.3	355	156.626	0	0
XR_937302.3	432	218.698	0	0
XR_937306.3	749	521.701	0	0
XR_937307.3	2728	2500.29	3.1592	0.0568629
XR_937310.3	1565	1337.29	1	0.0336524
XR_937311.3	618	392.338	0	0
XR_937312.3	813	585.487	0	0
XR_937325.4	1120	892.293	0	0
XR_937329.4	1450	1222.29	0	0
XR_937330.4	1078	850.293	0	0
XR_937331.3	917	689.293	0	0
XR_937333.2	1713	1485.29	0	0
XR_937335.2	1101	873.293	0	0
XR_937336.3	622	396.338	0	0
XR_937337.3	600	374.838	0	0
XR_937339.3	582	357.279	0	0
XR_937340.3	2904	2676.29	0	0
XR_937341.3	1840	1612.29	0	0
XR_937343.3	2567	2339.29	3	0.0577137
XR_937350.3	653	426.803	0	0
XR_937351.2	527	304.945	0	0
XR_937352.2	2011	1783.29	0	0
XR_937365.2	1609	1381.29	0	0
XR_937368.2	1344	1116.29	0	0
XR_937371.2	2139	1911.29	3	0.0706376
XR_937375.3	1363	1135.29	0	0
XR_937376.2	1290	1062.29	0	0
XR_937379.3	3605	3377.29	1.35995e-08	1.81217e-10
XR_937381.3	1891	1663.29	0	0
XR_937384.2	685	458.134	2	0.196463
XR_937387.2	1881	1653.29	2.24964	0.0612358
XR_937389.3	783	555.487	0	0
XR_937390.3	1594	1366.29	0	0
XR_937391.3	5817	5589.29	5.30335	0.0427008
XR_937392.3	3418	3190.29	0	0
XR_937393.3	5852	5624.29	0.00101786	8.14444e-06
XR_937394.3	5877	5649.29	2.32765e-06	1.85424e-08
XR_937395.2	3480	3252.29	0	0
XR_937396.3	3478	3250.29	0	0
XR_937398.3	2953	2725.29	0	0
XR_937399.3	1790	1562.29	0	0
XR_937403.3	457	240.449	8	1.4973
XR_937581.4	6429	6201.29	0	0
XR_937589.2	518	296.555	0	0
XR_937592.2	1034	806.293	0	0
XR_937594.3	521	299.283	4	0.601479
XR_937603.2	445	230.083	0	0
XR_937606.4	619	393.338	0	0
XR_937607.3	772	544.487	0	0
XR_937608.3	639	413.014	0	0
XR_937611.4	1331	1103.29	0	0
XR_937612.2	736	508.753	0	0
XR_937613.2	524	302.192	0	0
XR_937622.2	477	258.967	1	0.173779
XR_937624.3	473	255.047	0	0
XR_937626.3	414	203.726	0	0
XR_937627.3	405	196.152	0	0
XR_937632.3	1036	808.293	0	0
XR_937645.2	553	329.241	0	0
XR_937646.4	9530	9302.29	1.67911	0.0081233
XR_937647.3	472	254.125	0.266045	0.0471139
XR_937652.3	2296	2068.29	24.5502	0.534177
XR_937653.3	340	145.187	0	0
XR_937654.3	283	106.668	0	0
XR_937655.3	3604	3376.29	39.5684	0.527413
XR_937657.2	354	155.786	0	0
XR_937658.1	704	476.947	0	0
XR_937659.2	491	271.527	0	0
XR_937661.3	917	689.293	0	0
XR_937669.3	2602	2374.29	0	0
XR_937675.3	719	491.852	1	0.0914973
XR_937676.2	807	579.487	0	0
XR_937678.4	1693	1465.29	0	0
XR_937679.4	1653	1425.29	2.60114	0.0821301
XR_937680.3	4614	4386.29	7	0.0718196
XR_937681.3	1541	1313.29	0	0
XR_937682.3	1431	1203.29	0	0
XR_937700.3	34600	34372.3	33.3173	0.0436218
XR_937706.3	1402	1174.29	0	0
XR_937708.3	2030	1802.29	0	0
XR_937711.3	957	729.293	0	0
XR_937712.3	1068	840.293	0	0
XR_937717.2	970	742.293	0	0
XR_937738.1	1640	1412.29	0	0
XR_937739.1	728	500.753	0	0
XR_937741.1	1202	974.293	1	0.0461905
XR_937742.2	1136	908.293	0	0
XR_937743.2	1063	835.293	0	0
XR_937745.3	1375	1147.29	0.32969	0.0129322
XR_937748.4	1395	1167.29	0	0
XR_937755.3	3072	2844.29	0	0
XR_937764.3	264	94.6304	4.78546	2.27581
XR_937765.3	758	530.648	1.21703	0.103214
XR_937768.3	8180	7952.29	3.08167e-07	1.74396e-09
XR_937769.3	1290	1062.29	8.43879	0.357501
XR_937770.3	7439	7211.29	22.9303	0.1431
XR_937776.3	303	119.67	0	0
XR_937781.3	1121	893.293	1.17856	0.0593743
XR_937789.3	3843	3615.29	0	0
XR_937796.3	7540	7312.29	13.8174	0.0850381
XR_937800.3	295	114.56	0	0
XR_937803.3	1128	900.293	15.5766	0.778632
XR_937804.2	2089	1861.29	20.9271	0.505984
XR_937806.3	1264	1036.29	0	0
XR_937807.3	1263	1035.29	0	0
XR_937808.4	2340	2112.29	0	0
XR_937810.4	1304	1076.29	0	0
XR_937819.2	3060	2832.29	0	0
XR_937820.2	3074	2846.29	0	0
XR_937839.4	1332	1104.29	0	0
XR_937847.2	1555	1327.29	0	0
XR_937849.2	1326	1098.29	0	0
XR_937851.2	1323	1095.29	0	0
XR_937856.2	1348	1120.29	0	0
XR_937858.2	1272	1044.29	0	0
XR_937859.2	1152	924.293	0	0
XR_937860.1	1958	1730.29	1.26553	0.0329152
XR_937861.2	888	660.427	0	0
XR_937862.2	926	698.293	0	0
XR_937892.2	2208	1980.29	0	0
XR_937893.2	1991	1763.29	0	0
XR_937917.3	1869	1641.29	0	0
XR_937950.3	2362	2134.29	0	0
XR_937952.3	2177	1949.29	0	0
XR_937967.3	2164	1936.29	8.83304	0.205296
XR_937989.2	1267	1039.29	0	0
XR_938000.3	1240	1012.29	0	0
XR_938001.3	768	540.541	1	0.0832556
XR_938002.3	1346	1118.29	0	0
XR_938005.3	5299	5071.29	1	0.00887408
XR_938009.3	3337	3109.29	0	0
XR_938019.3	344	148.132	0	0
XR_938041.3	614	388.495	0	0
XR_938043.3	382	177.405	0	0
XR_938046.4	797	569.487	0	0
XR_938047.2	1561	1333.29	0	0
XR_938052.4	1692	1464.29	0	0
XR_938055.3	7277	7049.29	96.4412	0.615686
XR_938058.3	1950	1722.29	0	0
XR_938059.3	2062	1834.29	0	0
XR_938061.3	1798	1570.29	0	0
XR_938072.2	889	661.427	0	0
XR_938075.2	1299	1071.29	0	0
XR_938076.1	780	552.487	0	0
XR_938077.2	1539	1311.29	0	0
XR_938078.2	1287	1059.29	0	0
XR_938082.3	258	91.0962	1	0.494017
XR_938084.3	689	462.088	0	0
XR_938086.3	1620	1392.29	0	0
XR_938103.2	250	85.998	0	0
XR_938105.2	314	126.964	0	0
XR_938106.3	682	455.179	0	0
XR_938121.2	487	267.803	0	0
XR_938122.2	5863	5635.29	1.25788	0.0100453
XR_938123.4	1016	788.293	0	0
XR_938124.2	1019	791.293	3	0.170618
XR_938130.3	1204	976.293	0	0
XR_938131.3	948	720.293	0	0
XR_938132.3	1208	980.293	0	0
XR_938134.3	1227	999.293	0	0
XR_938136.3	738	510.753	0	0
XR_938163.3	704	476.947	0	0
XR_938171.3	581	356.279	0	0
XR_938172.3	493	273.443	0	0
XR_938176.4	4089	3861.29	4.18254	0.0487472
XR_938183.3	1389	1161.29	4	0.15501
XR_938187.4	1416	1188.29	0	0
XR_938200.2	703	475.947	0	0
XR_938201.1	475	257.02	0	0
XR_938204.3	8202	7974.29	0	0
XR_938205.1	220	69.167	0	0
XR_938209.3	570	345.561	0	0
XR_938210.3	3746	3518.29	26.3313	0.336808
XR_938211.2	411	201.028	2.6367	0.590263
XR_938212.3	571	346.526	0	0
XR_938215.2	900	672.361	0	0
XR_938216.2	1051	823.293	0	0
XR_938217.2	741	513.753	0	0
XR_938218.2	963	735.293	0	0
XR_938226.3	555	331.174	0	0
XR_938229.2	951	723.293	0	0
XR_938230.2	662	435.717	0	0
XR_938231.2	1305	1077.29	2	0.0835484
XR_938232.3	1426	1198.29	0	0
XR_938234.3	1154	926.293	1	0.0485841
XR_938249.3	942	714.293	1	0.0630036
XR_938251.3	261	92.9009	0	0
XR_938252.3	346	149.65	0	0
XR_938253.3	959	731.293	0	0
XR_938254.4	894	666.361	0	0
XR_938256.2	3439	3211.29	0	0
XR_938259.3	1579	1351.29	0	0
XR_938263.4	533	310.571	0	0
XR_938264.4	476	257.994	2	0.348869
XR_938271.3	2399	2171.29	1.94871	0.0403898
XR_938272.3	2261	2033.29	0	0
XR_938274.2	1863	1635.29	12	0.330239
XR_938280.2	691	464.041	1.72113	0.166916
XR_938283.3	1491	1263.29	12	0.427483
XR_938288.3	424	212.011	0	0
XR_938300.2	3790	3562.29	5.36139	0.0677314
XR_938301.1	319	130.608	0	0
XR_938302.3	554	330.174	0	0
XR_938305.2	509	288.355	1	0.156068
XR_938308.3	2168	1940.29	0	0
XR_938309.4	782	554.487	4	0.324647
XR_938315.3	408	198.624	0	0
XR_938316.2	1100	872.293	0	0
XR_938320.3	14074	13846.3	10	0.0325019
XR_938323.3	474	256.047	0	0
XR_938324.3	530	307.728	0	0
XR_938325.2	1589	1361.29	0	0
XR_938333.1	1550	1322.29	0	0
XR_938347.3	5618	5390.29	28.0695	0.23435
XR_938352.3	4159	3931.29	249.643	2.85776
XR_938356.3	807	579.487	0	0
XR_938365.3	4367	4139.29	0	0
XR_938374.3	691	464.041	0	0
XR_938381.2	366	164.863	2	0.545944
XR_938385.3	3338	3110.29	0	0
XR_938386.3	3375	3147.29	0	0
XR_938392.2	3729	3501.29	33.9854	0.436824
XR_938393.3	6819	6591.29	0	0
XR_938402.4	1815	1587.29	16.5317	0.468709
XR_938403.3	3317	3089.29	3	0.0437023
XR_938412.3	2445	2217.29	0	0
XR_938414.2	2193	1965.29	0	0
XR_938416.2	2193	1965.29	0	0
XR_938417.1	3744	3516.29	0	0
XR_938418.3	3797	3569.29	0	0
XR_938422.2	1514	1286.29	1	0.0349866
XR_938423.3	1238	1010.29	0	0
XR_938425.3	928	700.293	4.0112	0.257772
XR_938426.3	672	445.496	0	0
XR_938432.2	1117	889.293	0	0
XR_938433.2	1120	892.293	0	0
XR_938434.2	1021	793.293	1.04518	0.0592926
XR_938436.3	2539	2311.29	0	0
XR_938437.3	2236	2008.29	0	0
XR_938438.3	2377	2149.29	0	0
XR_938441.2	315	127.681	0	0
XR_938442.2	606	380.649	0	0
XR_938445.3	617	391.417	2.20214	0.253191
XR_938449.3	2226	1998.29	10	0.225208
XR_938451.4	6526	6298.29	0	0
XR_938455.2	797	569.487	0	0
XR_938456.3	1011	783.293	0	0
XR_938457.3	1812	1584.29	2.00046	0.0568246
XR_938461.2	316	128.304	0	0
XR_938463.2	292	112.493	0.891246	0.356544
XR_938464.3	2723	2495.29	0	0
XR_938465.4	3519	3291.29	0	0
XR_938466.3	877	649.427	5.13973	0.356165
XR_938468.3	2520	2292.29	1	0.0196323
XR_938469.2	645	418.93	0	0
XR_938470.2	1143	915.293	0	0
XR_938471.3	492	272.443	0	0
XR_938472.4	499	279.049	0	0
XR_938493.3	2223	1995.29	0	0
XR_938495.3	2565	2337.29	0	0
XR_938497.3	451	235.213	2	0.382658
XR_938503.3	1705	1477.29	0	0
XR_938504.3	1636	1408.29	3.75239	0.11991
XR_938505.2	3704	3476.29	0	0
XR_938508.4	3170	2942.29	0	0
XR_938514.3	1461	1233.29	0	0
XR_938515.3	1225	997.293	0	0
XR_938516.2	1502	1274.29	2.70667	0.095589
XR_938517.1	1846	1618.29	1.42354	0.0395872
XR_938523.3	2427	2199.29	0	0
XR_938525.3	568	343.63	0	0
XR_938531.3	1753	1525.29	0	0
XR_938533.1	1186	958.293	0	0
XR_938534.1	1222	994.293	0	0
XR_938538.3	805	577.487	0	0
XR_938540.3	5424	5196.29	92.1251	0.79786
XR_938543.3	1549	1321.29	0	0
XR_938545.2	1012	784.293	0	0
XR_938546.2	1225	997.293	21.0254	0.948776
XR_938547.2	926	698.293	16.1653	1.04181
XR_938556.1	413	202.921	0	0
XR_938572.4	1133	905.293	0	0
XR_938576.1	2130	1902.29	0	0
XR_938577.2	559	335.04	0	0
XR_938578.1	203	60.1063	0	0
XR_938580.4	473	255.047	3	0.529351
XR_938584.2	821	593.487	0	0
XR_938589.3	4296	4068.29	0	0
XR_938590.3	6468	6240.29	1.00343	0.00723643
XR_938603.3	554	330.174	0	0
XR_938604.3	6221	5993.29	0	0
XR_938605.2	297	115.768	0	0
XR_938618.2	626	400.259	1.5	0.168652
XR_938626.3	11178	10950.3	1.43934	0.00591534
XR_938628.4	3536	3308.29	0.565148	0.00768778
XR_938630.4	4885	4657.29	4	0.0386517
XR_938635.3	835	607.427	0	0
XR_938636.3	784	556.487	0	0
XR_938637.4	743	515.753	0	0
XR_938641.3	5508	5280.29	5.10478	0.0435072
XR_938644.3	1642	1414.29	2	0.0636404
XR_938646.1	681	454.225	0	0
XR_938647.1	671	444.496	0	0
XR_938648.1	104	15.9806	0	0
XR_938652.2	357	158.178	0	0
XR_938654.2	831	603.427	0	0
XR_938655.3	2200	1972.29	0	0
XR_938657.3	2200	1972.29	0	0
XR_938659.3	2807	2579.29	0	0
XR_938660.2	2784	2556.29	0	0
XR_938661.3	2720	2492.29	0	0
XR_938662.4	1557	1329.29	4	0.13542
XR_938663.2	349	151.837	0	0
XR_938664.2	322	132.775	0	0
XR_938665.3	345	148.943	0	0
XR_938666.3	318	129.815	0	0
XR_938667.3	5066	4838.29	0	0
XR_938669.2	349	151.837	0	0
XR_938670.2	322	132.775	0	0
XR_938671.3	345	148.943	0	0
XR_938672.3	318	129.815	0	0
XR_938673.3	5066	4838.29	0	0
XR_938675.3	5001	4773.29	3	0.0282843
XR_938678.2	1858	1630.29	0	0
XR_938679.2	1935	1707.29	0	0
XR_938680.3	1808	1580.29	0	0
XR_938694.4	1415	1187.29	4.45695	0.168936
XR_938697.3	1105	877.293	0	0
XR_938701.4	2364	2136.29	8.71282e-05	1.83544e-06
XR_938709.4	2056	1828.29	0	0
XR_938728.3	1222	994.293	0	0
XR_938729.3	3245	3017.29	0	0
XR_938730.3	2956	2728.29	0	0
XR_938733.3	2912	2684.29	0	0
XR_938734.3	2887	2659.29	0	0
XR_938735.2	2833	2605.29	0	0
XR_938749.4	2959	2731.29	0.00144088	2.37412e-05
XR_938750.4	2946	2718.29	0.998559	0.0165318
XR_938751.4	2123	1895.29	0	0
XR_938753.3	4418	4190.29	0	0
XR_938754.3	4280	4052.29	24.6903	0.274201
XR_938764.2	5650	5422.29	11.9968	0.0995694
XR_938771.2	1980	1752.29	0.00730012	0.000187484
XR_938772.3	984	756.293	65.9396	3.92372
XR_938780.4	3708	3480.29	1.19085	0.0153987
XR_938783.2	11651	11423.3	9.1885	0.0361989
XR_938798.4	8166	7938.29	0	0
XR_938799.4	8109	7881.29	0	0
XR_938800.4	4382	4154.29	11.5361	0.124969
XR_938805.2	301	118.444	0	0
XR_938809.3	1425	1197.29	0	0
XR_938819.2	1308	1080.29	0	0
XR_938820.2	1477	1249.29	0	0
XR_938821.2	1414	1186.29	0	0
XR_938822.2	1268	1040.29	0	0
XR_938823.3	1453	1225.29	0	0
XR_938824.2	1291	1063.29	0	0
XR_938825.2	1437	1209.29	0	0
XR_938826.2	1382	1154.29	0	0
XR_938827.1	369	167.159	0	0
XR_938828.3	339	144.406	0	0
XR_938833.1	375	171.827	0	0
XR_938834.2	664	437.717	0	0
XR_938835.2	635	409.096	0	0
XR_938836.2	659	432.717	0	0
XR_938837.2	500	280.02	0	0
XR_938838.2	636	410.055	0	0
XR_938839.2	418	206.92	0	0
XR_938840.2	502	281.791	0	0
XR_938841.1	437	223.004	0	0
XR_938842.2	510	289.15	0	0
XR_938843.2	595	369.951	0	0
XR_938844.2	356	157.501	0	0
XR_938845.2	620	394.338	0	0
XR_938846.1	510	289.15	0	0
XR_938847.2	843	615.427	0	0
XR_938848.2	680	453.225	0	0
XR_938851.2	2135	1907.29	0	0
XR_938852.2	2027	1799.29	15.1797	0.379668
XR_938854.2	2117	1889.29	0	0
XR_938858.2	239	79.981	0	0
XR_938859.2	231	75.3292	0	0
XR_938860.3	497	277.191	0	0
XR_938861.2	381	176.619	1.00298	0.255562
XR_938862.2	404	195.215	0	0
XR_938863.3	744	516.753	0	0
XR_938866.2	3253	3025.29	0	0
XR_938873.2	522	300.222	0	0
XR_938875.3	3138	2910.29	27	0.417512
XR_938878.2	516	294.675	0	0
XR_938880.2	538	315.318	0	0
XR_938881.2	597	371.913	0	0
XR_938883.3	2304	2076.29	0	0
XR_938885.2	758	530.648	0	0
XR_938886.2	662	435.717	0	0
XR_938890.2	1280	1052.29	55	2.35217
XR_938891.2	1413	1185.29	0	0
XR_938895.3	621	395.338	0	0
XR_938896.4	3878	3650.29	0	0
XR_938897.4	3939	3711.29	0	0
XR_938911.3	1500	1272.29	3	0.106115
XR_938912.3	2635	2407.29	0	0
XR_938914.3	1959	1731.29	0	0
XR_938915.3	1659	1431.29	0	0
XR_938918.4	639	413.014	0	0
XR_938919.2	594	368.988	0	0
XR_938920.2	665	438.717	0	0
XR_938921.2	410	200.199	0	0
XR_938924.3	1998	1770.29	0	0
XR_938926.3	2041	1813.29	0	0
XR_938927.3	1207	979.293	0	0
XR_938931.3	274	100.891	0	0
XR_938933.3	317	129.052	0	0
XR_938934.3	346	149.65	0	0
XR_938935.3	573	348.421	0	0
XR_938936.3	4191	3963.29	1.89518e-08	2.15197e-10
XR_938944.2	222	70.1969	0	0
XR_938946.3	261	92.9009	0	0
XR_938955.4	4479	4251.29	0	0
XR_938956.2	2525	2297.29	0	0
XR_938960.3	872	644.427	1	0.0698342
XR_938961.3	299	117.078	0	0
XR_938964.2	587	362.135	0	0
XR_938965.3	2713	2485.29	0	0
XR_938966.2	2260	2032.29	0	0
XR_938969.3	2772	2544.29	0	0
XR_938970.3	2714	2486.29	0	0
XR_938971.2	1324	1096.29	0	0
XR_938972.3	1095	867.293	0	0
XR_938974.3	1176	948.293	0	0
XR_938976.3	1094	866.293	0	0
XR_938977.3	5158	4930.29	11.4195	0.104236
XR_938979.2	4247	4019.29	0	0
XR_938980.2	4131	3903.29	5.10035	0.0588046
XR_938981.2	4153	3925.29	0.00229662	2.63305e-05
XR_938983.2	7337	7109.29	0	0
XR_939000.3	495	275.303	0	0
XR_939013.3	875	647.427	0	0
XR_939014.2	388	182.168	0	0
XR_939016.3	988	760.293	8	0.473534
XR_939020.3	1614	1386.29	6.15544	0.199823
XR_939023.3	983	755.293	1	0.0595836
XR_939026.4	1566	1338.29	11.8873	0.399738
XR_939033.3	3624	3396.29	0	0
XR_939037.3	248	84.9745	0	0
XR_939051.1	509	288.355	0	0
XR_939053.3	529	306.759	0	0
XR_939059.3	3538	3310.29	4	0.0543796
XR_939068.3	1399	1171.29	0	0
XR_939069.3	1532	1304.29	2	0.0690076
XR_939070.3	457	240.449	0.634012	0.118664
XR_939071.3	1242	1014.29	4	0.177476
XR_939075.2	2182	1954.29	4	0.0921112
XR_939076.3	576	351.35	0	0
XR_939077.3	918	690.293	0	0
XR_939078.2	368	166.382	0	0
XR_939085.3	492	272.443	3	0.49555
XR_939087.3	719	491.852	0	0
XR_939088.2	255	89.2265	0	0
XR_939090.3	448	232.626	9.82672	1.90105
XR_939091.3	514	292.795	1.17328	0.180336
XR_939093.3	3122	2894.29	2	0.0310978
XR_939095.3	5604	5376.29	0	0
XR_939096.3	748	520.701	0	0
XR_939097.3	1422	1194.29	0	0
XR_939098.1	319	130.608	0	0
XR_939101.2	249	85.4599	0	0
XR_939103.3	2930	2702.29	1.08504	0.0180698
XR_939113.3	591	366.025	0	0
XR_939119.2	1712	1484.29	0	0
XR_939120.3	464	246.768	0	0
XR_939124.3	1470	1242.29	0	0
XR_939161.4	1462	1234.29	0	0
XR_939166.2	1424	1196.29	0	0
XR_939167.3	1484	1256.29	3	0.107466
XR_939169.1	497	277.191	3	0.487063
XR_939171.3	6253	6025.29	0	0
XR_939176.3	678	451.406	0	0
XR_939180.2	550	326.571	0	0
XR_939181.2	624	398.259	0	0
XR_939182.3	1439	1211.29	0	0
XR_939183.3	496	276.219	0	0
XR_939184.4	1710	1482.29	0	0
XR_939185.3	579	354.315	0	0
XR_939188.3	773	545.487	0	0
XR_939190.2	354	155.786	0	0
XR_939191.3	659	432.717	0	0
XR_939192.3	260	92.282	0	0
XR_939196.1	297	115.768	0	0
XR_939197.2	314	126.964	0	0
XR_939203.4	2243	2015.29	2	0.0446616
XR_939206.1	274	100.891	0	0
XR_939211.3	645	418.93	0	0
XR_939214.2	989	761.293	0	0
XR_939215.2	521	299.283	0	0
XR_939216.1	692	465.041	2	0.193544
XR_939223.3	3050	2822.29	7.46638	0.119056
XR_939224.3	2672	2444.29	8.34434	0.153632
XR_939236.1	190	53.085	0	0
XR_939237.1	3088	2860.29	0	0
XR_939242.3	721	493.802	0	0
XR_939251.4	2100	1872.29	4.56518	0.10973
XR_939260.3	490	270.61	0	0
XR_939261.3	439	224.747	0	0
XR_939262.3	492	272.443	0	0
XR_939272.3	1317	1089.29	0	0
XR_939273.3	1243	1015.29	0	0
XR_939276.1	606	380.649	0	0
XR_939280.2	634	408.137	0	0
XR_939294.1	367	165.66	0	0
XR_939314.2	382	177.405	0	0
XR_939315.3	1190	962.293	0	0
XR_939316.3	831	603.427	0	0
XR_939327.1	257	90.3934	0	0
XR_939336.4	552	328.307	0	0
XR_939339.3	913	685.293	14.6354	0.961106
XR_939351.1	887	659.427	0	0
XR_939354.3	3225	2997.29	1	0.0150146
XR_939359.3	673	446.496	0	0
XR_939360.4	864	636.427	1	0.070712
XR_939363.3	219	68.5314	0	0
XR_939372.2	623	397.299	0	0
XR_939374.2	1642	1414.29	0	0
XR_939375.3	1770	1542.29	0	0
XR_939376.3	809	581.487	0	0
XR_939389.3	8221	7993.29	0	0
XR_939391.2	622	396.338	0	0
XR_939392.2	606	380.649	0	0
XR_939394.2	472	254.125	0	0
XR_939396.2	361	161.348	0	0
XR_939397.3	855	627.427	0	0
XR_939398.3	838	610.427	0	0
XR_939403.2	267	96.6399	0	0
XR_939406.1	856	628.427	0	0
XR_939407.1	217	67.4458	0	0
XR_939408.1	1605	1377.29	0	0
XR_939409.1	677	450.406	0	0
XR_939412.3	541	318.158	1	0.141449
XR_939413.2	847	619.427	0	0
XR_939414.2	839	611.427	0	0
XR_939416.2	992	764.293	0	0
XR_939419.2	317	129.052	0	0
XR_939420.1	173	44.4445	0	0
XR_939422.1	402	193.569	1	0.232491
XR_939423.1	410	200.199	0	0
XR_939424.3	2409	2181.29	1.41379	0.0291685
XR_939429.3	1675	1447.29	2.05441	0.0638813
XR_939436.3	394	187.168	0	0
XR_939437.3	449	233.505	0	0
XR_939438.3	191	53.6233	0	0
XR_939439.3	1034	806.293	0	0
XR_939443.2	406	196.92	0	0
XR_939444.2	1317	1089.29	0	0
XR_939466.3	5133	4905.29	0	0
XR_939467.3	4907	4679.29	234	2.25049
XR_939482.3	569	344.595	0	0
XR_939483.3	802	574.487	0	0
XR_939486.3	848	620.427	0	0
XR_939487.2	1886	1658.29	0	0
XR_939492.3	965	737.293	4.00289	0.244329
XR_939494.3	5764	5536.29	7.60232	0.0617973
XR_939495.3	307	122.069	0	0
XR_939510.3	296	115.202	0	0
XR_939511.2	907	679.293	0	0
XR_939512.1	412	201.964	0	0
XR_939514.1	860	632.427	0	0
XR_939515.2	591	366.025	0	0
XR_939517.3	254	88.6424	0	0
XR_939528.3	1457	1229.29	0	0
XR_939536.3	370	167.861	0	0
XR_939537.2	429	216.04	0	0
XR_939540.3	475	257.02	0	0
XR_939543.3	1538	1310.29	0	0
XR_939545.4	2103	1875.29	0	0
XR_939547.2	1059	831.293	0	0
XR_939548.3	1087	859.293	0	0
XR_939549.2	789	561.487	0	0
XR_939550.2	857	629.427	0	0
XR_939551.3	889	661.427	0	0
XR_939552.3	976	748.293	0	0
XR_939553.2	958	730.293	0	0
XR_939554.2	637	411.055	0	0
XR_939557.3	763	535.541	0	0
XR_939564.4	1209	981.293	0	0
XR_939565.3	2185	1957.29	0	0
XR_939583.3	402	193.569	0	0
XR_939584.3	199	58.0114	0	0
XR_939592.3	3141	2913.29	0	0
XR_939593.3	2088	1860.29	0	0
XR_939594.3	3058	2830.29	0	0
XR_939596.2	2497	2269.29	3.65944	0.0725716
XR_939607.3	3689	3461.29	0	0
XR_939608.2	1558	1330.29	0	0
XR_939610.2	1027	799.293	0	0
XR_939612.3	1334	1106.29	0	0
XR_939613.3	1875	1647.29	0	0
XR_939614.3	694	467.041	0	0
XR_939619.4	2305	2077.29	0	0
XR_939620.3	589	364.098	0	0
XR_939621.3	6872	6644.29	8.7964	0.0595797
XR_939630.2	2787	2559.29	0	0
XR_939631.2	469	251.307	1	0.179076
XR_939632.2	638	412.014	0	0
XR_939633.2	665	438.717	1	0.102579
XR_939634.2	458	241.399	0	0
XR_939635.2	323	133.485	0	0
XR_939649.4	1993	1765.29	49.3266	1.2575
XR_939668.4	2028	1800.29	3.81236	0.0953
XR_939670.1	2534	2306.29	0	0
XR_939691.3	1617	1389.29	0	0
XR_939695.3	2725	2497.29	0	0
XR_939699.4	2122	1894.29	13.8201	0.328326
XR_939700.3	3312	3084.29	3.39971	0.0496053
XR_939701.3	2755	2527.29	0	0
XR_939702.4	2021	1793.29	0	0
XR_939705.3	1386	1158.29	19.971	0.775932
XR_939722.3	848	620.427	0	0
XR_939723.2	847	619.427	0	0
XR_939731.2	5860	5632.29	157.136	1.25555
XR_939732.2	5918	5690.29	47.8643	0.378547
XR_939733.3	1402	1174.29	1362.62	52.2206
XR_939741.4	3100	2872.29	0	0
XR_939742.3	3188	2960.29	0	0
XR_939750.4	2124	1896.29	311.509	7.39277
XR_939751.2	491	271.527	0	0
XR_939753.3	251	86.6409	0	0
XR_939757.2	518	296.555	0	0
XR_939758.2	534	311.445	0	0
XR_939759.2	513	291.914	1	0.154166
XR_939760.3	632	406.137	0	0
XR_939761.3	699	471.947	0	0
XR_939762.3	599	373.876	2	0.240738
XR_939764.2	642	416.014	0	0
XR_939765.3	1053	825.293	0	0
XR_939766.3	639	413.014	0	0
XR_939776.3	1912	1684.29	0	0
XR_939778.2	2181	1953.29	0	0
XR_939780.2	2622	2394.29	0	0
XR_939794.3	939	711.293	0	0
XR_939798.3	7149	6921.29	0	0
XR_939801.3	4699	4471.29	0	0
XR_939802.4	2948	2720.29	0	0
XR_939803.3	3074	2846.29	0	0
XR_939806.4	3219	2991.29	0	0
XR_939807.3	3093	2865.29	0	0
XR_939809.3	2930	2702.29	0	0
XR_939813.3	990	762.293	0	0
XR_939831.2	11666	11438.3	1.01643	0.00399906
XR_939833.4	689	462.088	1	0.0973908
XR_939838.4	952	724.293	0	0
XR_939839.4	2709	2481.29	2.00089	0.0362899
XR_939840.4	1091	863.293	0	0
XR_939842.3	1006	778.293	21	1.21428
XR_939843.4	1698	1470.29	8	0.244866
XR_939849.2	567	342.699	1	0.13132
XR_939851.3	14910	14682.3	37.739	0.115675
XR_939853.3	5799	5571.29	0	0
XR_939854.3	5465	5237.29	0	0
XR_939855.3	1391	1163.29	0	0
XR_939869.2	281	105.3	0	0
XR_939870.3	5317	5089.29	6.27179	0.0554595
XR_939873.3	4106	3878.29	7.81317	0.0906628
XR_939876.3	404	195.215	0	0
XR_939878.3	2196	1968.29	0	0
XR_939883.3	4668	4440.29	0	0
XR_939884.3	4956	4728.29	2.84474	0.0270758
XR_939886.3	3542	3314.29	0	0
XR_939893.3	3534	3306.29	0	0
XR_939895.3	3134	2906.29	6.89163	0.106715
XR_939896.3	3469	3241.29	0	0
XR_939903.3	456	239.672	1	0.187769
XR_939920.3	1327	1099.29	0	0
XR_939929.4	522	300.222	0	0
XR_939930.4	510	289.15	0	0
XR_939938.2	458	241.399	0	0
XR_939941.3	2117	1889.29	0	0
XR_939942.3	2050	1822.29	0	0
XR_939944.3	810	582.487	1	0.0772603
XR_939945.3	3108	2880.29	0	0
XR_939952.1	691	464.041	0	0
XR_939954.2	398	190.353	0	0
XR_939971.3	451	235.213	0	0
XR_939973.1	387	181.366	0	0
XR_939974.3	1188	960.293	6.6497	0.311631
XR_939980.3	316	128.304	1	0.350753
XR_939982.3	1104	876.293	0	0
XR_939983.4	1025	797.293	0	0
XR_939985.2	2139	1911.29	0	0
XR_939986.2	5020	4792.29	0	0
XR_939992.3	445	230.083	0	0
XR_939993.3	466	248.539	6	1.08642
XR_939994.2	584	359.207	0	0
XR_939995.2	2076	1848.29	0	0
XR_939997.3	16133	15905.3	1	0.00282944
XR_940000.2	1889	1661.29	0	0
XR_940001.1	724	496.802	0	0
XR_940014.3	4952	4724.29	9.00162	0.0857484
XR_940018.3	1748	1520.29	0	0
XR_940019.3	1754	1526.29	0	0
XR_940032.4	407	197.751	0	0
XR_940033.2	514	292.795	1	0.153702
XR_940034.3	1658	1430.29	3	0.0943927
XR_940035.3	1779	1551.29	0	0
XR_940036.3	1810	1582.29	0	0
XR_940038.3	1631	1403.29	5	0.160348
XR_940041.2	2878	2650.29	0	0
XR_940049.3	1779	1551.29	0	0
XR_940050.4	211	64.3426	0	0
XR_940051.4	148	32.2992	0	0
XR_940052.3	1444	1216.29	0	0
XR_940058.3	7011	6783.29	10	0.066344
XR_940063.3	707	479.9	0	0
XR_940067.3	432	218.698	0	0
XR_940068.3	378	174.332	0	0
XR_940070.3	559	335.04	0	0
XR_940074.3	242	81.454	0	0
XR_940075.3	698	470.947	0	0
XR_940081.3	678	451.406	0	0
XR_940082.3	2279	2051.29	1	0.0219389
XR_940083.2	708	480.9	0	0
XR_940084.3	2621	2393.29	0	0
XR_940087.4	1691	1463.29	1	0.0307547
XR_940088.3	641	415.014	0	0
XR_940091.3	1765	1537.29	0	0
XR_940093.1	1318	1090.29	0	0
XR_940094.3	1184	956.293	0	0
XR_940104.2	721	493.802	0	0
XR_940105.1	328	136.811	1	0.328942
XR_940109.3	1498	1270.29	1	0.0354273
XR_940110.3	4272	4044.29	11.355	0.126353
XR_940111.3	815	587.487	0	0
XR_940113.3	770	542.487	0	0
XR_940127.3	2193	1965.29	0	0
XR_940128.3	2178	1950.29	0	0
XR_940129.3	2121	1893.29	0	0
XR_940130.3	2080	1852.29	0	0
XR_940131.3	2230	2002.29	0	0
XR_940137.1	188	52.1922	0	0
XR_940139.2	814	586.487	0	0
XR_940140.3	1549	1321.29	1.01686	0.0346343
XR_940167.4	6605	6377.29	0	0
XR_940172.3	10663	10435.3	0	0
XR_940177.3	1565	1337.29	4	0.134609
XR_940191.3	264	94.6304	0	0
XR_940192.3	255	89.2265	1	0.504369
XR_940196.2	632	406.137	0	0
XR_940197.2	850	622.427	0	0
XR_940198.2	644	417.93	0	0
XR_940199.3	883	655.427	0	0
XR_940200.2	622	396.338	0	0
XR_940210.3	933	705.293	0	0
XR_940216.4	10665	10437.3	3.9431	0.0170017
XR_940217.4	11433	11205.3	0	0
XR_940218.4	2695	2467.29	3.06788	0.0559577
XR_940223.3	7665	7437.29	18.7338	0.113358
XR_940224.4	2327	2099.29	5.59902	0.120028
XR_940225.3	225	71.712	0	0
XR_940227.3	260	92.282	0	0
XR_940228.3	286	108.57	0	0
XR_940230.3	1521	1293.29	0	0
XR_940232.3	559	335.04	2	0.268643
XR_940233.2	809	581.487	0	0
XR_940234.3	2285	2057.29	0	0
XR_940235.3	1881	1653.29	0	0
XR_940236.3	1575	1347.29	0	0
XR_940237.3	1424	1196.29	0	0
XR_940239.2	2099	1871.29	2	0.0480984
XR_940241.2	1097	869.293	0	0
XR_940242.3	1308	1080.29	0	0
XR_940243.2	942	714.293	0	0
XR_940246.3	1315	1087.29	2	0.08278
XR_940248.3	1322	1094.29	0	0
XR_940249.3	852	624.427	0	0
XR_940260.2	583	358.243	0	0
XR_940261.3	664	437.717	0	0
XR_940263.3	13620	13392.3	4.00096	0.0134447
XR_940264.3	1177	949.293	10	0.474069
XR_940265.3	1439	1211.29	0	0
XR_940266.3	1466	1238.29	0	0
XR_940268.3	1163	935.293	0	0
XR_940269.3	1061	833.293	0	0
XR_940270.3	920	692.293	0	0
XR_940272.2	434	220.399	0	0
XR_940275.2	1123	895.293	0	0
XR_940276.3	1042	814.293	0	0
XR_940278.2	743	515.753	0	0
XR_940281.3	584	359.207	0	0
XR_940286.3	1552	1324.29	0	0
XR_940291.2	343	147.405	0	0
XR_940292.2	404	195.215	0	0
XR_940293.3	185	50.4591	0	0
XR_940305.2	663	436.717	0	0
XR_940306.2	533	310.571	0	0
XR_940307.2	1111	883.293	0	0
XR_940308.3	595	369.951	6	0.729877
XR_940309.3	516	294.675	1.11093	0.169663
XR_940316.3	1397	1169.29	7.82376	0.301116
XR_940317.3	478	259.941	0	0
XR_940318.3	4688	4460.29	11.7318	0.11837
XR_940321.3	4207	3979.29	0	0
XR_940322.3	3972	3744.29	0	0
XR_940323.4	1056	828.293	0	0
XR_940324.3	4889	4661.29	44.7809	0.432344
XR_940325.3	6996	6768.29	67.4607	0.448553
XR_940326.3	5921	5693.29	9.79431	0.0774199
XR_940335.4	762	534.648	0	0
XR_940336.4	686	459.134	4	0.392069
XR_940337.2	962	734.293	0	0
XR_940341.4	218	67.9952	0	0
XR_940344.3	9594	9366.29	0	0
XR_940345.3	1596	1368.29	4.0475	0.133122
XR_940350.3	335	141.797	0	0
XR_940351.2	1338	1110.29	0	0
XR_940352.2	1398	1170.29	0	0
XR_940353.2	1237	1009.29	1	0.0445887
XR_940356.4	686	459.134	0	0
XR_940358.3	2107	1879.29	15.1916	0.36379
XR_940382.4	1434	1206.29	0	0
XR_940383.3	2619	2391.29	0	0
XR_940385.1	6754	6526.29	0	0
XR_940388.3	3054	2826.29	7.10675	0.113161
XR_940389.3	2943	2715.29	0	0
XR_940390.2	2023	1795.29	7.87317	0.197359
XR_940451.3	8501	8273.29	24.2242	0.131769
XR_940453.3	15411	15183.3	0	0
XR_940454.3	6338	6110.29	44.7415	0.329527
XR_940494.4	1729	1501.29	0	0
XR_940495.4	2132	1904.29	4.35602	0.102943
XR_940496.3	1199	971.293	1.54112	0.0714051
XR_940500.3	1013	785.293	0	0
XR_940527.3	3719	3491.29	0	0
XR_940528.2	3192	2964.29	0	0
XR_940529.4	3195	2967.29	0	0
XR_940530.4	3311	3083.29	0	0
XR_940533.2	403	194.403	0	0
XR_940538.2	3665	3437.29	2	0.0261852
XR_940541.4	294	113.843	0	0
XR_940543.2	2654	2426.29	0	0
XR_940567.3	246	83.7785	0	0
XR_940570.3	3136	2908.29	1	0.0154741
XR_940571.3	4336	4108.29	12	0.13145
XR_940572.3	752	524.701	1.90509	0.163398
XR_940578.3	3026	2798.29	0	0
XR_940579.2	867	639.427	3	0.211141
XR_940580.3	1703	1475.29	7.13988	0.217799
XR_940582.3	263	94.0409	0	0
XR_940586.1	505	284.56	0	0
XR_940587.3	2246	2018.29	0	0
XR_940589.2	1201	973.293	0	0
XR_940590.3	1104	876.293	0	0
XR_940591.3	1081	853.293	0	0
XR_940592.3	5366	5138.29	24.3598	0.213352
XR_940593.2	870	642.427	10.1444	0.710633
XR_940599.2	5188	4960.29	7.03355	0.0638131
XR_940600.2	3742	3514.29	0	0
XR_940601.4	889	661.427	0	0
XR_940602.4	906	678.293	0	0
XR_940606.3	1362	1134.29	1.02913	0.0408309
XR_940609.3	436	222.144	0	0
XR_940629.4	8497	8269.29	1.44587	0.00786872
XR_940630.4	8493	8265.29	2.80681	0.0152826
XR_940639.3	197	56.9235	0	0
XR_940640.3	4429	4201.29	3.00111	0.0321471
XR_940642.1	2161	1933.29	0	0
XR_940643.1	2094	1866.29	6	0.144682
XR_940644.2	575	350.386	0	0
XR_940646.3	929	701.293	0	0
XR_940651.3	683	456.134	0	0
XR_940652.4	2941	2713.29	6	0.0995169
XR_940660.3	1119	891.293	0	0
XR_940661.3	802	574.487	0	0
XR_940662.2	673	446.496	0	0
XR_940663.2	711	483.852	0	0
XR_940674.3	2631	2403.29	2.00011	0.0374532
XR_940675.3	2575	2347.29	8.92507	0.171114
XR_940677.3	1786	1558.29	3.56181	0.102864
XR_940683.2	2920	2692.29	1	0.0167155
XR_940694.3	609	383.573	0	0
XR_940701.3	288	109.828	0	0
XR_940721.2	422	210.345	0	0
XR_940722.2	694	467.041	0	0
XR_940727.3	391	184.59	0	0
XR_940728.2	583	358.243	0	0
XR_940729.3	842	614.427	0	0
XR_940730.3	846	618.427	0	0
XR_940731.2	522	300.222	0	0
XR_940732.3	803	575.487	0	0
XR_940733.2	483	264.32	0	0
XR_940734.1	357	158.178	0	0
XR_940735.3	2623	2395.29	3.54333	0.0665726
XR_940740.3	490	270.61	0	0
XR_940742.4	1266	1038.29	0	0
XR_940750.1	988	760.293	0	0
XR_940753.2	4023	3795.29	0	0
XR_940754.2	3917	3689.29	0	0
XR_940755.2	4330	4102.29	0	0
XR_940766.3	1360	1132.29	0	0
XR_940769.3	231	75.3292	0	0
XR_940772.3	623	397.299	0	0
XR_940773.3	1187	959.293	0	0
XR_940777.3	429	216.04	0	0
XR_940778.1	425	212.877	0	0
XR_940782.4	2643	2415.29	2.0003	0.0372706
XR_940783.4	881	653.427	0	0
XR_940785.4	1896	1668.29	34.1597	0.921475
XR_940788.4	1248	1020.29	3.59475	0.158557
XR_940797.2	989	761.293	0	0
XR_940798.2	822	594.427	0	0
XR_940799.3	394	187.168	0	0
XR_940805.3	1547	1319.29	1	0.0341115
XR_940821.3	616	390.417	3	0.345808
XR_940822.1	984	756.293	0	0
XR_940832.3	570	345.561	0	0
XR_940833.2	1422	1194.29	0	0
XR_940835.3	1002	774.293	0	0
XR_940836.3	801	573.487	0	0
XR_940838.2	618	392.338	0	0
XR_940839.3	257	90.3934	0	0
XR_940846.3	437	223.004	0	0
XR_940847.3	259	91.7167	0	0
XR_940848.3	1577	1349.29	0	0
XR_940849.3	1864	1636.29	0	0
XR_940850.3	1556	1328.29	0	0
XR_940862.3	477	258.967	0	0
XR_940865.3	3866	3638.29	2.02641	0.0250652
XR_940867.3	1246	1018.29	0	0
XR_940874.3	2272	2044.29	0	0
XR_940876.3	594	368.988	1	0.121964
XR_940879.3	820	592.487	0	0
XR_940884.1	617	391.417	0	0
XR_940885.3	133	26.0376	0	0
XR_940887.4	42919	42691.3	4.5404	0.00478627
XR_940892.3	1010	782.293	0	0
XR_940901.2	594	368.988	0	0
XR_940902.3	727	499.753	1	0.0900507
XR_940906.3	344	148.132	0	0
XR_940909.3	5161	4933.29	0	0
XR_940911.3	6981	6753.29	0	0
XR_940913.3	6909	6681.29	0	0
XR_940925.3	722	494.802	0	0
XR_940926.3	1183	955.293	0	0
XR_940934.2	284	107.25	0	0
XR_940935.3	402	193.569	0	0
XR_940939.2	1074	846.293	0	0
XR_940950.3	1706	1478.29	1	0.0304426
XR_940955.3	708	480.9	0	0
XR_940957.3	1800	1572.29	0	0
XR_940959.2	652	425.803	0	0
XR_940960.2	413	202.921	0	0
XR_940961.3	972	744.293	0	0
XR_940962.3	1231	1003.29	0.5	0.0224277
XR_940966.1	577	352.35	0	0
XR_940969.3	1011	783.293	0	0
XR_940970.3	3628	3400.29	3	0.0397052
XR_940971.1	1082	854.293	0	0
XR_940972.2	2082	1854.29	0	0
XR_940973.2	293	113.08	0	0
XR_940974.2	370	167.861	0	0
XR_940977.4	1297	1069.29	0	0
XR_940978.4	1193	965.293	0	0
XR_940981.2	573	348.421	0	0
XR_940982.2	549	325.637	0	0
XR_940983.3	210	63.8665	0	0
XR_940989.3	278	103.326	0	0
XR_940990.3	2407	2179.29	0	0
XR_940991.4	2688	2460.29	2.09957	0.0384049
XR_940993.3	1126	898.293	0.0124673	0.000624591
XR_940994.3	1123	895.293	1.22348	0.0614997
XR_940999.2	607	381.611	0	0
XR_941002.2	1694	1466.29	0	0
XR_941003.3	332	139.579	0	0
XR_941005.1	563	338.802	0	0
XR_941006.1	669	442.629	0	0
XR_941007.1	347	150.34	0	0
XR_941008.1	342	146.678	0	0
XR_941009.2	1845	1617.29	0	0
XR_941022.1	164	39.7643	0	0
XR_941026.3	569	344.595	0	0
XR_941027.4	366	164.863	0	0
XR_941030.3	2128	1900.29	4	0.0947287
XR_941032.4	1993	1765.29	0	0
XR_941033.3	1281	1053.29	1.00065	0.042754
XR_941041.2	1746	1518.29	0	0
XR_941044.2	1594	1366.29	0	0
XR_941050.2	513	291.914	0	0
XR_941053.3	514	292.795	0	0
XR_941054.3	972	744.293	0	0
XR_941055.3	994	766.293	0	0
XR_941056.3	1167	939.293	0	0
XR_941057.3	905	677.361	0	0
XR_941060.4	2904	2676.29	36.7794	0.618462
XR_941061.1	275	101.511	0	0
XR_941062.2	284	107.25	0	0
XR_941066.4	1323	1095.29	24.0326	0.987446
XR_941067.3	537	314.382	0	0
XR_941068.4	1440	1212.29	0	0
XR_941069.4	1428	1200.29	0	0
XR_941070.3	783	555.487	0	0
XR_941076.1	354	155.786	0	0
XR_941077.1	312	125.588	0	0
XR_941078.3	395	187.965	0	0
XR_941080.3	1151	923.293	0	0
XR_941081.4	1548	1320.29	0	0
XR_941082.2	914	686.293	0	0
XR_941084.2	661	434.717	0	0
XR_941092.2	2466	2238.29	0	0
XR_941093.2	4913	4685.29	0	0
XR_941094.2	5949	5721.29	0	0
XR_941102.3	2111	1883.29	0	0
XR_941108.3	5510	5282.29	3.4272	0.0291984
XR_941127.3	4197	3969.29	39.1692	0.444093
XR_941128.4	1867	1639.29	2.54347	0.0698253
XR_941129.3	345	148.943	0	0
XR_941130.2	752	524.701	0	0
XR_941138.3	659	432.717	1.99091	0.207056
XR_941139.3	3451	3223.29	0	0
XR_941141.2	1792	1564.29	0	0
XR_941142.3	481	262.672	0	0
XR_941144.3	687	460.134	0	0
XR_941148.3	1392	1164.29	0	0
XR_941154.1	526	304.007	1	0.148033
XR_941157.3	468	250.385	0	0
XR_941158.4	479	260.887	0	0
XR_941159.2	2042	1814.29	0	0
XR_941160.2	453	236.993	0	0
XR_941163.2	756	528.701	0	0
XR_941164.2	1243	1015.29	0	0
XR_941165.2	1305	1077.29	0	0
XR_941166.2	731	503.753	0	0
XR_941167.3	748	520.701	5.26472	0.455018
XR_941178.3	252	87.2826	0	0
XR_941181.4	258	91.0962	0	0
XR_941182.1	269	97.8901	0	0
XR_941186.3	2038	1810.29	0	0
XR_941191.3	1102	874.293	0	0
XR_941196.3	630	404.218	0	0
XR_941197.3	522	300.222	0	0
XR_941198.3	711	483.852	1	0.0930101
XR_941199.3	796	568.487	0	0
XR_941200.3	2790	2562.29	0	0
XR_941202.3	2435	2207.29	0	0
XR_941204.3	547	323.768	0	0
XR_941205.3	414	203.726	0	0
XR_941212.3	519	297.525	0	0
XR_941213.2	275	101.511	0	0
XR_941214.2	349	151.837	0	0
XR_941215.1	291	111.803	0	0
XR_941218.3	2697	2469.29	0	0
XR_941225.3	1524	1296.29	0	0
XR_941226.2	966	738.293	0	0
XR_941229.2	422	210.345	0	0
XR_941237.3	1522	1294.29	0	0
XR_941247.2	423	211.123	0	0
XR_941248.2	551	327.472	0	0
XR_941261.3	410	200.199	0	0
XR_941262.3	1681	1453.29	0	0
XR_941265.3	1449	1221.29	1	0.0368487
XR_941266.3	4380	4152.29	0	0
XR_941267.3	4215	3987.29	0	0
XR_941268.3	4429	4201.29	3	0.0321352
XR_941274.3	843	615.427	5	0.365625
XR_941302.3	470	252.282	0	0
XR_941311.3	894	666.361	0.5	0.0337678
XR_941314.3	1503	1275.29	0	0
XR_941315.4	1876	1648.29	3	0.0819085
XR_941323.2	531	308.697	0	0
XR_941343.3	684	457.134	3.98471	0.392279
XR_941344.3	681	454.225	6.01529	0.595975
XR_941345.4	352	154.086	0	0
XR_941346.3	353	154.998	0	0
XR_941353.3	1038	810.293	0	0
XR_941355.3	1516	1288.29	0	0
XR_941356.3	1210	982.293	0	0
XR_941357.3	939	711.293	0	0
XR_941358.3	783	555.487	0	0
XR_941368.3	713	485.852	0	0
XR_941369.3	1680	1452.29	0	0
XR_941372.2	334	141.098	0	0
XR_941373.3	894	666.361	0	0
XR_941374.2	1026	798.293	0	0
XR_941375.2	691	464.041	0	0
XR_941380.3	479	260.887	0	0
XR_941384.2	313	126.323	0	0
XR_941385.2	286	108.57	0	0
XR_941387.3	1483	1255.29	0	0
XR_941389.2	319	130.608	0	0
XR_941393.3	422	210.345	0	0
XR_941395.3	4477	4249.29	0	0
XR_941396.3	1572	1344.29	0	0
XR_941483.2	2060	1832.29	0	0
XR_941493.4	1077	849.293	0	0
XR_941517.3	2034	1806.29	0	0
XR_941518.3	2506	2278.29	0	0
XR_941519.3	1899	1671.29	1	0.0269271
XR_941520.3	1877	1649.29	0	0
XR_941549.3	2451	2223.29	0	0
XR_941559.3	1270	1042.29	121.64	5.25205
XR_941565.2	749	521.701	0	0
XR_941571.3	6535	6307.29	0	0
XR_941574.3	3154	2926.29	0	0
XR_941575.3	2566	2338.29	0	0
XR_941617.3	1907	1679.29	295.308	7.91392
XR_941627.2	3824	3596.29	187.601	2.34759
XR_941628.2	3422	3194.29	49.3625	0.695448
XR_941672.1	6529	6301.29	0	0
XR_941719.3	770	542.487	2	0.165914
XR_941720.2	1057	829.293	0	0
XR_941721.4	1824	1596.29	0	0
XR_941722.4	1820	1592.29	0	0
XR_941723.4	1352	1124.29	1	0.0400279
XR_941724.4	1813	1585.29	0	0
XR_941725.3	1609	1381.29	0	0
XR_941726.3	1438	1210.29	0	0
XR_941728.1	416	205.291	0	0
XR_941742.2	602	376.687	0	0
XR_941743.2	761	533.648	0	0
XR_941752.2	979	751.293	0	0
XR_941753.2	1307	1079.29	2.00055	0.0834165
XR_941755.2	919	691.293	6.0083	0.39114
XR_941756.2	672	445.496	0	0
XR_941758.2	721	493.802	0	0
XR_941759.1	1471	1243.29	0	0
XR_941760.4	8043	7815.29	0	0
XR_941762.3	233	76.5946	0	0
XR_941763.3	2281	2053.29	0	0
XR_941764.3	310	124.224	0	0
XR_941767.3	7676	7448.29	32.1168	0.194052
XR_941783.4	1819	1591.29	0	0
XR_941786.2	283	106.668	1	0.421897
XR_941788.2	242	81.454	0	0
XR_941790.2	843	615.427	0	0
XR_941791.1	329	137.452	0	0
XR_941799.3	2161	1933.29	0	0
XR_941804.3	901	673.361	1	0.0668335
XR_941820.3	360	160.548	0	0
XR_941825.3	1860	1632.29	2	0.0551409
XR_941829.1	593	367.988	0	0
XR_941830.1	595	369.951	0	0
XR_941833.3	1440	1212.29	3	0.111367
XR_941849.2	1109	881.293	0	0
XR_941852.2	588	363.135	0	0
XR_941855.3	1963	1735.29	0	0
XR_941875.2	645	418.93	1	0.107424
XR_941877.3	6868	6640.29	18.398	0.124688
XR_941880.4	986	758.293	0.89903	0.0533555
XR_941883.3	457	240.449	0	0
XR_941894.2	371	168.6	0	0
XR_941895.2	500	280.02	0	0
XR_941899.3	1106	878.293	0	0
XR_941901.2	1017	789.293	0	0
XR_941902.2	1526	1298.29	0	0
XR_941903.3	986	758.293	1.00121	0.0594198
XR_941904.3	593	367.988	1	0.122295
XR_941905.3	319	130.608	0	0
XR_941910.3	258	91.0962	0	0
XR_941913.2	362	162.038	0	0
XR_941918.3	799	571.487	0	0
XR_941920.3	713	485.852	0	0
XR_941929.4	749	521.701	5.97431	0.515357
XR_941931.3	955	727.293	0	0
XR_941932.3	1207	979.293	0	0
XR_941934.4	1068	840.293	0	0
XR_941935.2	521	299.283	0	0
XR_941937.3	241	81.0542	0	0
XR_941938.3	356	157.501	0	0
XR_941946.4	2343	2115.29	10	0.212751
XR_941947.1	680	453.225	4	0.397181
XR_941949.3	3691	3463.29	0	0
XR_941958.4	582	357.279	0	0
XR_941962.3	1501	1273.29	1.00003	0.035345
XR_941964.3	4194	3966.29	6.00022	0.0680808
XR_941972.2	297	115.768	0	0
XR_941975.3	7625	7397.29	0	0
XR_941977.3	772	544.487	0	0
XR_941978.2	521	299.283	0.135233	0.020335
XR_941979.3	557	333.141	1	0.135087
XR_941982.1	281	105.3	0.468611	0.200274
XR_941983.1	906	678.293	0	0
XR_941984.3	553	329.241	0	0
XR_941985.2	401	192.714	0	0
XR_941987.3	847	619.427	0	0
XR_941989.3	796	568.487	0	0
XR_941991.3	5262	5034.29	0	0
XR_941992.3	286	108.57	0	0
XR_941993.3	1682	1454.29	0	0
XR_941994.3	5956	5728.29	0	0
XR_942001.2	302	119.035	0	0
XR_942002.3	861	633.427	0	0
XR_942007.4	4454	4226.29	0	0
XR_942010.2	450	234.286	0	0
XR_942011.3	765	537.541	0	0
XR_942013.2	3552	3324.29	1.7127	0.0231859
XR_942014.2	4533	4305.29	1.47688	0.0154378
XR_942017.3	390	183.77	0	0
XR_942018.2	1952	1724.29	0	0
XR_942019.2	1399	1171.29	0	0
XR_942020.1	723	495.802	0	0
XR_942021.3	926	698.293	0	0
XR_942022.2	1948	1720.29	0	0
XR_942023.2	1881	1653.29	0	0
XR_942025.3	629	403.218	0	0
XR_942026.3	567	342.699	0	0
XR_942028.1	373	170.281	0	0
XR_942029.1	496	276.219	0	0
XR_942030.1	539	316.223	0	0
XR_942031.1	566	341.699	0	0
XR_942033.2	451	235.213	0	0
XR_942035.1	300	117.761	0	0
XR_942037.1	256	89.7297	0	0
XR_942044.3	2265	2037.29	3.08286	0.0680994
XR_942045.3	1979	1751.29	0	0
XR_942046.3	1904	1676.29	0	0
XR_942047.2	432	218.698	0	0
XR_942048.1	1376	1148.29	0	0
XR_942049.3	1247	1019.29	0	0
XR_942050.2	1241	1013.29	0	0
XR_942053.1	1191	963.293	1	0.0467179
XR_942055.1	1218	990.293	0	0
XR_942056.2	414	203.726	0	0
XR_942057.1	434	220.399	0	0
XR_942058.2	557	333.141	0	0
XR_942064.1	3432	3204.29	0	0
XR_942066.1	3313	3085.29	0	0
XR_942067.1	3231	3003.29	0	0
XR_942068.3	3258	3030.29	0	0
XR_942071.3	3203	2975.29	0	0
XR_942072.3	1178	950.293	0	0
XR_942075.3	3238	3010.29	0	0
XR_942077.2	3339	3111.29	0	0
XR_942079.2	1230	1002.29	0	0
XR_942091.3	488	268.748	0	0
XR_942092.3	504	283.647	0	0
XR_942093.3	353	154.998	0	0
XR_942095.1	255	89.2265	0	0
XR_942096.3	577	352.35	0	0
XR_942097.3	561	336.904	0	0
XR_942099.3	1684	1456.29	0	0
XR_942104.2	388	182.168	1	0.247042
XR_942107.2	678	451.406	0	0
XR_942108.4	1100	872.293	3	0.154775
XR_942112.2	650	423.846	6.48602	0.688672
XR_942116.3	274	100.891	0	0
XR_942121.4	284	107.25	0	0
XR_942123.2	294	113.843	0	0
XR_942124.2	399	191.106	0	0
XR_942125.2	430	216.949	0	0
XR_942127.3	295	114.56	0	0
XR_942129.2	2310	2082.29	0	0
XR_942130.2	862	634.427	0	0
XR_942133.1	436	222.144	0	0
XR_942134.1	433	219.537	0	0
XR_942137.1	3730	3502.29	0	0
XR_942139.2	3593	3365.29	0	0
XR_942149.3	10830	10602.3	20.1032	0.0853311
XR_942152.1	771	543.487	0	0
XR_942153.1	3610	3382.29	0	0
XR_942154.1	3437	3209.29	0	0
XR_942160.1	541	318.158	0	0
XR_942163.2	2228	2000.29	0	0
XR_942166.3	2760	2532.29	0	0
XR_942167.4	3248	3020.29	0	0
XR_942168.4	3166	2938.29	0	0
XR_942169.3	3042	2814.29	0	0
XR_942170.3	2524	2296.29	3	0.0587944
XR_942172.3	977	749.293	0	0
XR_942184.2	462	244.971	0	0
XR_942190.3	1615	1387.29	0	0
XR_942193.2	1175	947.293	1.58436	0.0752683
XR_942194.2	1178	950.293	0.0207585	0.000983059
XR_942196.4	1735	1507.29	0	0
XR_942198.4	2078	1850.29	11.1362	0.270856
XR_942199.4	2073	1845.29	3.77783	0.0921338
XR_942215.3	639	413.014	0	0
XR_942279.3	1102	874.293	0	0
XR_942320.4	1653	1425.29	0	0
XR_942337.3	6107	5879.29	0	0
XR_942346.3	2609	2381.29	0	0
XR_942376.2	3407	3179.29	300.102	4.24796
XR_942390.4	6991	6763.29	30.3548	0.201982
XR_942393.4	5079	4851.29	10.3312	0.0958373
XR_942444.3	2061	1833.29	23.3183	0.57241
XR_942480.3	2964	2736.29	0.0654822	0.00107697
XR_942566.3	1619	1391.29	13.6425	0.441284
XR_942600.1	1704	1476.29	61.8651	1.88589
XR_942601.3	5477	5249.29	9.73895	0.0834937
XR_942649.2	1545	1317.29	0	0
XR_942650.2	403	194.403	0	0
XR_942651.2	1323	1095.29	2	0.0821754
XR_942653.1	452	236.066	0	0
XR_942654.2	465	247.59	0	0
XR_942656.2	645	418.93	0	0
XR_942657.1	646	419.888	0	0
XR_942658.3	1356	1128.29	0	0
XR_942660.1	188	52.1922	0	0
XR_942661.3	884	656.427	0	0
XR_942662.1	1331	1103.29	0	0
XR_942663.3	760	532.648	0	0
XR_942666.1	806	578.487	0	0
XR_942667.1	961	733.293	0	0
XR_942668.1	951	723.293	0	0
XR_942670.2	2670	2442.29	2	0.0368531
XR_942671.2	2770	2542.29	0	0
XR_942673.1	486	266.912	0	0
XR_942676.3	783	555.487	0	0
XR_942683.3	643	416.972	1	0.107928
XR_942688.3	417	206.073	1	0.218384
XR_942697.3	6895	6667.29	2.00215	0.0135142
XR_942711.4	1917	1689.29	0	0
XR_942713.4	4616	4388.29	0	0
XR_942714.3	720	492.802	0	0
XR_942720.3	1059	831.293	1	0.0541362
XR_942729.3	4530	4302.29	1	0.0104603
XR_942737.3	905	677.361	0	0
XR_942738.4	188	52.1922	0	0
XR_942739.2	1079	851.293	0	0
XR_942746.2	324	134.113	0	0
XR_942758.3	1109	881.293	0	0
XR_942763.4	3086	2858.29	0	0
XR_942765.4	2445	2217.29	0	0
XR_942766.4	3137	2909.29	0	0
XR_942768.4	2332	2104.29	7.0401	0.150562
XR_942769.4	1560	1332.29	0	0
XR_942778.4	2286	2058.29	0	0
XR_942782.2	330	138.255	0	0
XR_942783.3	887	659.427	0	0
XR_942787.2	1138	910.293	0	0
XR_942793.1	379	175.043	0	0
XR_942807.4	2522	2294.29	2	0.0392305
XR_942808.3	227	73.0147	0	0
XR_942812.1	488	268.748	0	0
XR_942820.3	1270	1042.29	0	0
XR_942824.4	556	332.141	0	0
XR_942825.4	553	329.241	0	0
XR_942826.4	431	217.835	0	0
XR_942828.3	1313	1085.29	0	0
XR_942829.2	1529	1301.29	0	0
XR_942832.3	3077	2849.29	2.56264	0.0404755
XR_942833.3	878	650.427	0	0
XR_942841.3	692	465.041	0	0
XR_942842.3	677	450.406	0	0
XR_942843.2	1795	1567.29	1	0.0287139
XR_942856.2	727	499.753	1	0.0900507
XR_942858.3	319	130.608	0	0
XR_942860.3	274	100.891	15	6.69085
XR_942862.3	797	569.487	0	0
XR_942865.3	603	377.687	0	0
XR_942866.3	671	444.496	0	0
XR_942867.3	527	304.945	0	0
XR_942874.3	1244	1016.29	0	0
XR_942881.3	782	554.487	0	0
XR_942882.3	695	468.041	0	0
XR_942885.3	5856	5628.29	0	0
XR_942888.1	536	313.414	0	0
XR_942889.1	364	163.525	0	0
XR_942890.2	601	375.763	0	0
XR_942891.2	646	419.888	0	0
XR_942893.3	299	117.078	0	0
XR_942894.1	473	255.047	0	0
XR_942905.1	196	56.3656	0	0
XR_942906.3	497	277.191	0	0
XR_942910.3	1206	978.293	0	0
XR_942911.3	1422	1194.29	0	0
XR_942934.2	1819	1591.29	0	0
XR_942936.3	6306	6078.29	0	0
XR_942937.4	5944	5716.29	0.00386006	3.03894e-05
XR_942943.3	691	464.041	0	0
XR_942947.3	298	116.438	0	0
XR_942964.3	893	665.361	0	0
XR_942977.2	371	168.6	0	0
XR_942978.2	550	326.571	0	0
XR_942979.2	386	180.662	0	0
XR_942986.3	1293	1065.29	0	0
XR_942990.2	718	490.852	0	0
XR_942991.2	422	210.345	0	0
XR_942993.3	887	659.427	3.01106	0.205492
XR_942994.2	635	409.096	0	0
XR_942996.3	2650	2422.29	0	0
XR_943001.2	1222	994.293	0	0
XR_943002.3	511	290.032	0	0
XR_943010.2	316	128.304	0	0
XR_943034.3	1930	1702.29	0	0
XR_943043.1	373	170.281	0	0
XR_943044.2	711	483.852	0	0
XR_943047.1	1250	1022.29	0	0
XR_943049.2	667	440.629	0	0
XR_943051.3	2196	1968.29	1.0022	0.0229143
XR_943053.1	1239	1011.29	0	0
XR_943058.3	745	517.701	0	0
XR_943062.2	289	110.463	0	0
XR_943067.2	1801	1573.29	0	0
XR_943068.3	3039	2811.29	0	0
XR_943069.2	4309	4081.29	1.15473	0.0127328
XR_943070.3	2625	2397.29	1	0.0187725
XR_943073.4	2580	2352.29	0	0
XR_943077.3	5920	5692.29	5	0.0395298
XR_943079.3	1659	1431.29	5	0.157211
XR_943089.3	1292	1064.29	0	0
XR_943093.2	335	141.797	0	0
XR_943097.2	534	311.445	0	0
XR_943098.3	576	351.35	0	0
XR_943108.3	568	343.63	0	0
XR_943109.3	987	759.293	1	0.0592697
XR_943131.3	3541	3313.29	1	0.0135826
XR_943135.1	370	167.861	0	0
XR_943136.3	936	708.293	1.00078	0.0635869
XR_943139.3	1027	799.293	0	0
XR_943140.3	614	388.495	0	0
XR_943149.4	4385	4157.29	0	0
XR_943150.3	4297	4069.29	0	0
XR_943165.2	1571	1343.29	0	0
XR_943175.1	860	632.427	0	0
XR_943176.1	665	438.717	0	0
XR_943178.4	270	98.4585	0	0
XR_943179.3	2788	2560.29	4	0.0703093
XR_943195.1	614	388.495	0	0
XR_943196.1	589	364.098	3	0.370805
XR_943197.3	630	404.218	0.29346	0.032672
XR_943198.3	1896	1668.29	0	0
XR_943200.3	7567	7339.29	7.0198	0.043044
XR_943203.3	600	374.838	0	0
XR_943207.3	1062	834.293	0	0
XR_943208.3	1839	1611.29	0	0
XR_943213.4	764	536.541	0	0
XR_943216.3	609	383.573	0	0
XR_943218.4	509	288.355	0	0
XR_943223.3	227	73.0147	0	0
XR_943224.3	442	227.417	0	0
XR_943230.3	810	582.487	0	0
XR_943231.3	814	586.487	0	0
XR_943232.1	647	420.888	0	0
XR_943236.3	1866	1638.29	0	0
XR_943237.3	275	101.511	0	0
XR_943241.2	560	336.006	0	0
XR_943242.3	315	127.681	0	0
XR_943262.3	2543	2315.29	0	0
XR_943263.3	2572	2344.29	0	0
XR_943264.3	1598	1370.29	0	0
XR_943265.2	1046	818.293	0	0
XR_943267.2	1173	945.293	2	0.0952151
XR_943268.2	792	564.487	0	0
XR_943274.2	757	529.648	0	0
XR_943276.1	536	313.414	0	0
XR_943283.2	331	138.909	0	0
XR_943290.4	659	432.717	0	0
XR_943291.2	2501	2273.29	0	0
XR_943292.2	1452	1224.29	0	0
XR_943293.3	6399	6171.29	10	0.0729233
XR_943294.3	2875	2647.29	0	0
XR_943296.3	8038	7810.29	0	0
XR_943297.2	1482	1254.29	0	0
XR_943299.3	575	350.386	0	0
XR_943300.3	869	641.427	1	0.0701608
XR_943318.4	8660	8432.29	2	0.010674
XR_943321.3	686	459.134	0	0
XR_943322.3	683	456.134	0	0
XR_943383.3	4093	3865.29	0	0
XR_943403.3	3713	3485.29	44.4569	0.57404
XR_943418.4	2532	2304.29	0	0
XR_943465.4	1246	1018.29	76.2223	3.36861
XR_943466.4	1243	1015.29	0	0
XR_943493.3	3003	2775.29	49.1868	0.797594
XR_943522.4	1227	999.293	10.2072	0.459682
XR_943532.2	801	573.487	0	0
XR_943557.4	2749	2521.29	40.0423	0.714724
XR_943560.3	5794	5566.29	1203.64	9.73138
XR_943586.3	611	385.534	1.71971	0.20074
XR_943587.3	361	161.348	5.28029	1.47278
XR_943588.3	703	475.947	0	0
XR_943589.2	276	102.102	0	0
XR_943590.3	3031	2803.29	2.47254	0.0396933
XR_943605.3	1006	778.293	3.71314	0.214704
XR_943606.3	798	570.487	0	0
XR_943607.3	210	63.8665	0	0
XR_943608.4	2411	2183.29	0	0
XR_943609.2	2561	2333.29	40.9318	0.789467
XR_943610.3	2380	2152.29	0	0
XR_943617.3	1041	813.293	0	0
XR_943618.2	917	689.293	0	0
XR_943619.2	1308	1080.29	0	0
XR_943636.2	1054	826.293	0	0
XR_943637.2	1050	822.293	0	0
XR_943640.2	847	619.427	0	0
XR_943662.3	655	428.76	0	0
XR_943663.3	505	284.56	1	0.15815
XR_943666.3	1071	843.293	0.39333	0.0209904
XR_943701.3	4130	3902.29	3	0.0345974
XR_943703.2	1430	1202.29	6	0.224586
XR_943705.2	519	297.525	0	0
XR_943707.2	1934	1706.29	0	0
XR_943713.2	545	321.964	0	0
XR_943720.2	429	216.04	0	0
XR_943722.3	4494	4266.29	1	0.0105485
XR_943723.3	694	467.041	0	0
XR_943724.3	446	230.915	0	0
XR_943727.2	2366	2138.29	0	0
XR_943735.2	1226	998.293	0	0
XR_943737.2	267	96.6399	0	0
XR_943739.1	1557	1329.29	0	0
XR_943742.4	750	522.701	1	0.0860972
XR_943749.3	1567	1339.29	0	0
XR_943752.3	2798	2570.29	0	0
XR_943758.3	1873	1645.29	0	0
XR_943760.4	3141	2913.29	0	0
XR_943761.4	3318	3090.29	0	0
XR_943768.2	396	188.639	0	0
XR_943769.1	350	152.593	0	0
XR_943771.3	917	689.293	0	0
XR_943772.3	1736	1508.29	0	0
XR_943784.3	1119	891.293	0	0
XR_943785.3	2467	2239.29	0	0
XR_943786.3	1280	1052.29	0	0
XR_943788.2	472	254.125	0	0
XR_943790.3	945	717.293	1	0.0627401
XR_943792.3	1938	1710.29	0	0
XR_943798.4	446	230.915	0	0
XR_943809.2	6200	5972.29	4.12717	0.0310995
XR_943817.4	2679	2451.29	17.8323	0.327383
XR_943818.4	997	769.293	0	0
XR_943820.3	1200	972.293	15.0931	0.698593
XR_943825.2	1234	1006.29	0	0
XR_943827.3	531	308.697	1	0.145784
XR_943828.2	2178	1950.29	0	0
XR_943829.2	1063	835.293	0	0
XR_943835.3	1030	802.293	0	0
XR_943837.3	7725	7497.29	0	0
XR_943839.3	4538	4310.29	0	0
XR_943841.3	3742	3514.29	0.000742144	9.5037e-06
XR_943854.3	261	92.9009	0	0
XR_943863.2	2272	2044.29	0	0
XR_943864.4	4191	3963.29	42.202	0.479203
XR_943867.3	2499	2271.29	0	0
XR_943876.3	33558	33330.3	88.1044	0.11896
XR_943880.4	616	390.417	0	0
XR_943882.3	953	725.293	0	0
XR_943883.3	856	628.427	0	0
XR_943884.2	735	507.753	0	0
XR_943888.3	1379	1151.29	7	0.273624
XR_943896.3	193	54.7097	0	0
XR_943899.3	1920	1692.29	0	0
XR_943900.3	908	680.293	0	0
XR_943901.3	2227	1999.29	0	0
XR_943915.3	371	168.6	0	0
XR_943916.4	388	182.168	0	0
XR_943918.4	571	346.526	0	0
XR_943921.2	462	244.971	4	0.73483
XR_943931.2	1033	805.293	0	0
XR_943932.3	1874	1646.29	4	0.109344
XR_943933.3	711	483.852	0	0
XR_943934.4	4428	4200.29	168.111	1.80119
XR_943939.4	296	115.202	4	1.56259
XR_943942.3	633	407.137	1	0.110535
XR_943964.3	3837	3609.29	0.00926205	0.000115485
XR_943973.3	1832	1604.29	4	0.112207
XR_943976.3	4462	4234.29	5.31395	0.0564779
XR_943977.3	554	330.174	0	0
XR_943979.3	2586	2358.29	4	0.0763316
XR_943988.2	981	753.293	0	0
XR_943989.1	459	242.274	0.729611	0.135527
XR_943990.2	755	527.701	0	0
XR_943991.1	846	618.427	0	0
XR_943992.1	575	350.386	0	0
XR_944006.4	772	544.487	0	0
XR_944008.3	302	119.035	0	0
XR_944018.3	660	433.717	0	0
XR_944019.3	7884	7656.29	25.3715	0.149131
XR_944024.3	2458	2230.29	0	0
XR_944025.3	388	182.168	0	0
XR_944026.3	501	280.906	0	0
XR_944029.4	593	367.988	17	2.07902
XR_944033.3	2399	2171.29	1	0.0207264
XR_944037.3	2635	2407.29	1.00173	0.0187268
XR_944041.2	4411	4183.29	0	0
XR_944042.2	3851	3623.29	0	0
XR_944052.3	542	319.126	0	0
XR_944053.3	392	185.43	0	0
XR_944054.3	591	366.025	0	0
XR_944064.3	315	127.681	0	0
XR_944070.3	418	206.92	0	0
XR_944072.2	1020	792.293	0	0
XR_944073.3	2207	1979.29	6	0.136422
XR_944083.2	819	591.487	0	0
XR_944087.4	574	349.421	0	0
XR_944089.3	1585	1357.29	0	0
XR_944092.3	2625	2397.29	2.06587	0.0387815
XR_944097.2	1469	1241.29	0	0
XR_944098.3	1548	1320.29	0	0
XR_944099.3	1533	1305.29	0	0
XR_944100.2	2223	1995.29	0	0
XR_944101.3	2101	1873.29	0	0
XR_944102.1	1907	1679.29	0	0
XR_944103.2	2240	2012.29	0	0
XR_944104.3	1978	1750.29	0	0
XR_944113.3	506	285.56	0	0
XR_944119.2	6852	6624.29	0	0
XR_944120.2	6067	5839.29	0	0
XR_944121.2	5986	5758.29	0	0
XR_944123.4	1002	774.293	4	0.232486
XR_944126.3	7818	7590.29	0	0
XR_944127.3	7098	6870.29	7.11262	0.0465904
XR_944128.3	7966	7738.29	0	0
XR_944131.3	639	413.014	1	0.108963
XR_944132.3	333	140.38	0	0
XR_944148.3	1306	1078.29	2	0.083471
XR_944149.3	2110	1882.29	0	0
XR_944152.4	2725	2497.29	0	0
XR_944153.1	1055	827.293	0	0
XR_944162.3	932	704.293	0	0
XR_944166.3	734	506.753	0	0
XR_944167.3	601	375.763	0	0
XR_944168.3	682	455.179	0	0
XR_944169.3	1117	889.293	0	0
XR_944171.3	1706	1478.29	4	0.12177
XR_944172.1	736	508.753	0	0
XR_944173.3	957	729.293	0	0
XR_944174.3	517	295.585	0	0
XR_944178.2	694	467.041	0	0
XR_944179.4	1690	1462.29	0	0
XR_944180.4	2094	1866.29	1	0.0241136
XR_944183.3	779	551.487	0	0
XR_944185.3	4104	3876.29	0	0
XR_944186.4	769	541.541	0	0
XR_944188.3	625	399.259	0	0
XR_944189.3	622	396.338	0	0
XR_944190.3	483	264.32	0	0
XR_944191.2	741	513.753	0	0
XR_944192.4	581	356.279	0	0
XR_944195.3	1426	1198.29	0	0
XR_944196.1	436	222.144	0	0
XR_944197.3	868	640.427	0	0
XR_944198.3	510	289.15	0	0
XR_944200.4	219	68.5314	0	0
XR_944204.3	1491	1263.29	1	0.0356236
XR_944211.1	269	97.8901	0	0
XR_944216.2	11164	10936.3	0	0
XR_944217.3	6522	6294.29	6	0.0428989
XR_944219.2	11006	10778.3	0	0
XR_944220.2	10976	10748.3	0	0
XR_944222.2	2417	2189.29	0	0
XR_944224.1	1174	946.293	0	0
XR_944225.3	433	219.537	0	0
XR_944228.2	4086	3858.29	25.703	0.299799
XR_944238.3	916	688.293	5	0.326918
XR_944239.2	719	491.852	0	0
XR_944245.2	1147	919.293	4	0.195816
XR_944246.2	880	652.427	0	0
XR_944248.2	338	143.726	0	0
XR_944262.4	959	731.293	0	0
XR_944265.4	8194	7966.29	7.89341	0.0445914
XR_944282.1	2801	2573.29	0	0
XR_944283.1	1736	1508.29	0	0
XR_944284.1	2441	2213.29	0	0
XR_944285.1	2798	2570.29	0	0
XR_944286.1	3326	3098.29	0	0
XR_944287.1	2966	2738.29	0	0
XR_944288.1	2717	2489.29	0	0
XR_944292.2	738	510.753	0	0
XR_944294.2	735	507.753	0	0
XR_944295.3	2016	1788.29	0	0
XR_944338.4	1753	1525.29	13.4487	0.396798
XR_944339.4	1675	1447.29	0	0
XR_944368.3	471	253.178	1	0.177753
XR_944373.4	1648	1420.29	3	0.0950573
XR_944374.4	1245	1017.29	0	0
XR_944375.1	592	367.025	0	0
XR_944377.3	3989	3761.29	0	0
XR_944385.3	379	175.043	0	0
XR_944386.3	376	172.561	0	0
XR_944402.3	1012	784.293	0	0
XR_944405.3	726	498.753	0	0
XR_944406.2	517	295.585	0	0
XR_944407.3	2215	1987.29	1	0.0226454
XR_944416.3	1587	1359.29	0	0
XR_944417.3	1553	1325.29	1	0.0339571
XR_944423.4	1701	1473.29	0	0
XR_944425.4	2105	1877.29	0	0
XR_944426.4	1436	1208.29	0	0
XR_944432.3	404	195.215	0	0
XR_944433.2	601	375.763	0	0
XR_944435.2	400	191.921	0	0
XR_944467.4	636	410.055	0	0
XR_944493.4	2102	1874.29	0	0
XR_944523.4	1735	1507.29	0	0
XR_944551.3	1648	1420.29	20.4098	0.646699
XR_944552.3	1522	1294.29	5.83161	0.202767
XR_944555.2	2034	1806.29	0	0
XR_944560.3	6272	6044.29	0.000161511	1.20254e-06
XR_944561.3	6226	5998.29	5.71414	0.0428712
XR_944580.3	1482	1254.29	0	0
XR_944581.3	1273	1045.29	0	0
XR_944582.3	1324	1096.29	0	0
XR_944651.2	4131	3903.29	0	0
XR_944683.3	3065	2837.29	19.0189	0.301664
XR_944684.3	2730	2502.29	21.116	0.379765
XR_944720.4	1982	1754.29	76.4469	1.9611
XR_944730.4	1845	1617.29	0	0
XR_944731.4	1960	1732.29	0	0
XR_944742.4	3931	3703.29	13.0464	0.158542
XR_944748.2	1634	1406.29	11.9262	0.381652
XR_944757.2	2383	2155.29	0	0
XR_944764.3	4625	4397.29	0	0
XR_944765.3	3219	2991.29	6.40414	0.0963482
XR_944766.3	3027	2799.29	1.49583e-05	2.40478e-07
XR_944768.4	1568	1340.29	2.34199	0.0786371
XR_944784.2	2532	2304.29	0	0
XR_944789.2	3855	3627.29	2.79465	0.0346727
XR_944810.2	1681	1453.29	0	0
XR_944812.4	1938	1710.29	0	0
XR_944848.3	3702	3474.29	7.85466	0.101743
XR_944865.4	366	164.863	0	0
XR_944866.1	541	318.158	0	0
XR_944867.1	534	311.445	0	0
XR_944868.3	560	336.006	0	0
XR_944869.3	552	328.307	0	0
XR_944875.4	752	524.701	0	0
XR_944885.3	461	244.098	0	0
XR_944886.3	1483	1255.29	1	0.0358507
XR_944887.3	1615	1387.29	0	0
XR_944889.2	326	135.496	0	0
XR_944892.3	423	211.123	0	0
XR_944896.3	784	556.487	6.08292	0.491925
XR_944904.3	734	506.753	0	0
XR_944905.1	1587	1359.29	0	0
XR_944906.2	488	268.748	0	0
XR_944907.1	802	574.487	0	0
XR_944910.2	357	158.178	0	0
XR_944911.3	6330	6102.29	0	0
XR_944912.3	6318	6090.29	0	0
XR_944923.3	820	592.487	0	0
XR_944925.3	594	368.988	5	0.609818
XR_944926.1	598	372.913	1	0.12068
XR_944927.2	1507	1279.29	0	0
XR_944928.1	1300	1072.29	0	0
XR_944929.3	550	326.571	0	0
XR_944930.2	536	313.414	0	0
XR_944937.1	1010	782.293	0	0
XR_944942.3	3012	2784.29	0	0
XR_944946.3	2887	2659.29	0	0
XR_944948.3	2530	2302.29	0	0
XR_944953.3	606	380.649	0	0
XR_944957.3	1117	889.293	2.05692	0.104091
XR_944967.3	517	295.585	0	0
XR_944968.3	451	235.213	0	0
XR_944969.3	421	209.523	0	0
XR_944970.3	657	430.76	0	0
XR_944971.3	438	223.888	0	0
XR_944973.3	405	196.152	0	0
XR_944974.3	416	205.291	0	0
XR_944977.2	1058	830.293	0	0
XR_944983.1	1752	1524.29	0	0
XR_944984.2	2067	1839.29	5.02189	0.122874
XR_944985.1	1344	1116.29	0	0
XR_944986.1	1226	998.293	0	0
XR_944995.4	237	78.7087	3	1.7153
XR_945001.2	450	234.286	0	0
XR_945002.2	506	285.56	0	0
XR_945004.3	357	158.178	0	0
XR_945006.2	1308	1080.29	0	0
XR_945007.3	739	511.753	0	0
XR_945011.4	823	595.427	0	0
XR_945012.3	1669	1441.29	0	0
XR_945013.4	9276	9048.29	1	0.00497365
XR_945015.3	498	278.077	0	0
XR_945016.3	5318	5090.29	5.52375	0.0488352
XR_945017.2	358	158.891	0	0
XR_945018.2	783	555.487	2	0.162031
XR_945021.3	383	178.191	0	0
XR_945023.3	365	164.195	0	0
XR_945028.3	675	448.496	4	0.401369
XR_945035.3	1597	1369.29	9	0.295793
XR_945036.3	1294	1066.29	9	0.379846
XR_945040.3	5635	5407.29	0	0
XR_945043.3	3952	3724.29	4	0.0483346
XR_945047.3	219	68.5314	0	0
XR_945051.3	11972	11744.3	0.000107812	4.13126e-07
XR_945052.3	11858	11630.3	69.2671	0.268027
XR_945057.3	3584	3356.29	2	0.0268171
XR_945070.3	1291	1063.29	0	0
XR_945075.4	2570	2342.29	0.256857	0.00493505
XR_945081.2	924	696.293	0	0
XR_945088.2	899	671.361	0	0
XR_945089.2	848	620.427	0	0
XR_945092.2	412	201.964	0	0
XR_945096.2	572	347.526	0	0
XR_945097.1	465	247.59	0	0
XR_945099.3	1205	977.293	0	0
XR_945100.4	658	431.717	0	0
XR_945101.4	643	416.972	0	0
XR_945102.3	584	359.207	0	0
XR_945110.4	737	509.753	0	0
XR_945115.3	702	474.947	0	0
XR_945118.2	727	499.753	0	0
XR_945119.1	399	191.106	0	0
XR_945130.2	424	212.011	0	0
XR_945148.3	433	219.537	0	0
XR_945149.4	1781	1553.29	0	0
XR_945150.3	1402	1174.29	0	0
XR_945151.2	730	502.753	0	0
XR_945152.3	500	280.02	0	0
XR_945154.3	358	158.891	0	0
XR_945155.3	1146	918.293	0	0
XR_945157.3	2032	1804.29	0.644684	0.0160799
XR_945158.1	989	761.293	0	0
XR_945160.2	685	458.134	0	0
XR_945161.2	1223	995.293	0	0
XR_945167.3	348	151.011	0	0
XR_945168.3	566	341.699	0	0
XR_945169.1	124	22.454	0	0
XR_945170.2	153	34.6374	0	0
XR_945183.1	367	165.66	0	0
XR_945187.2	185	50.4591	0	0
XR_945188.2	273	100.242	0	0
XR_945199.3	1349	1121.29	0	0
XR_945201.2	1300	1072.29	0.803968	0.0337418
XR_945203.3	358	158.891	0	0
XR_945205.3	558	334.107	0	0
XR_945210.3	1456	1228.29	0	0
XR_945211.3	1082	854.293	0	0
XR_945212.3	636	410.055	0	0
XR_945223.3	4371	4143.29	2	0.0217233
XR_945224.3	292	112.493	0	0
XR_945225.4	3264	3036.29	3.03933	0.0450481
XR_945226.2	733	505.753	0	0
XR_945236.4	2484	2256.29	0	0
XR_945237.4	2160	1932.29	0	0
XR_945238.2	977	749.293	0	0
XR_945239.3	2190	1962.29	3.04346	0.0697986
XR_945249.3	1718	1490.29	0	0
XR_945250.4	6229	6001.29	0	0
XR_945251.3	555	331.174	0	0
XR_945252.3	577	352.35	0	0
XR_945253.3	306	121.497	0	0
XR_945255.3	641	415.014	0	0
XR_945258.3	1292	1064.29	0	0
XR_945260.2	473	255.047	0	0
XR_945261.2	457	240.449	0	0
XR_945279.3	706	478.9	0	0
XR_945280.3	614	388.495	0	0
XR_945281.3	547	323.768	0	0
XR_945286.2	687	460.134	0	0
XR_945288.4	853	625.427	0	0
XR_945295.3	1155	927.293	0	0
XR_945297.3	933	705.293	1	0.0638076
XR_945299.3	3001	2773.29	0	0
XR_945300.3	3028	2800.29	0	0
XR_945302.3	2607	2379.29	63.8138	1.207
XR_945304.3	5079	4851.29	14.5985	0.135423
XR_945305.2	1848	1620.29	3.519	0.097739
XR_945309.3	601	375.763	0	0
XR_945310.3	690	463.088	0	0
XR_945316.2	592	367.025	3.08786	0.378621
XR_945318.2	1595	1367.29	0	0
XR_945319.2	853	625.427	0	0
XR_945320.2	1969	1741.29	2	0.0516893
XR_945321.2	513	291.914	0	0
XR_945328.4	441	226.512	0	0
XR_945329.3	3253	3025.29	41.5071	0.617443
XR_945331.3	912	684.293	0	0
XR_945332.3	3782	3554.29	4.13858	0.0524011
XR_945333.2	909	681.293	3	0.198166
XR_945334.2	549	325.637	0	0
XR_945338.2	427	214.584	0	0
XR_945339.2	330	138.255	0	0
XR_945341.2	680	453.225	0	0
XR_945346.3	314	126.964	1.19447	0.42339
XR_945347.1	682	455.179	1	0.0988689
XR_945348.1	629	403.218	0	0
XR_945349.2	631	405.178	0	0
XR_945351.2	4333	4105.29	0	0
XR_945352.2	4089	3861.29	0	0
XR_945353.2	4046	3818.29	0	0
XR_945354.2	1971	1743.29	0	0
XR_945355.2	3666	3438.29	0	0
XR_945356.2	1463	1235.29	0	0
XR_945358.2	2338	2110.29	0	0
XR_945359.2	2204	1976.29	0	0
XR_945376.3	583	358.243	0	0
XR_945377.3	656	429.76	0	0
XR_945379.3	295	114.56	0	0
XR_945388.3	966	738.293	0	0
XR_945389.3	879	651.427	0	0
XR_945392.2	290	111.126	0	0
XR_945394.3	3042	2814.29	3.48883	0.0557895
XR_945395.3	791	563.487	0	0
XR_945398.3	1823	1595.29	0	0
XR_945400.3	245	83.2645	1	0.540484
XR_945401.3	294	113.843	0	0
XR_945403.3	241	81.0542	0	0
XR_945405.3	347	150.34	0	0
XR_945406.4	3864	3636.29	21.8243	0.2701
XR_945407.4	4125	3897.29	10.9881	0.126882
XR_945408.4	3982	3754.29	6.62873	0.0794593
XR_945409.4	4007	3779.29	0	0
XR_945422.3	1623	1395.29	0	0
XR_945423.3	530	307.728	0	0
XR_945424.1	675	448.496	0	0
XR_945425.3	609	383.573	0	0
XR_945426.3	648	421.846	0	0
XR_945427.3	734	506.753	0	0
XR_945428.4	1383	1155.29	0	0
XR_945429.3	234	77.1167	1	0.583571
XR_945431.3	656	429.76	0	0
XR_945436.2	2779	2551.29	0	0
XR_945437.2	2233	2005.29	0	0
XR_945438.3	858	630.427	3	0.214155
XR_945449.3	625	399.259	0	0
XR_945451.4	7838	7610.29	0	0
XR_945453.3	360	160.548	0	0
XR_945457.2	2467	2239.29	0	0
XR_945458.2	1662	1434.29	1	0.0313765
XR_945459.4	519	297.525	0	0
XR_945460.4	513	291.914	6.0114	0.926752
XR_945463.2	593	367.988	0	0
XR_945464.3	782	554.487	0	0
XR_945465.2	544	321.029	0	0
XR_945466.2	588	363.135	0	0
XR_945475.3	1418	1190.29	0	0
XR_945477.4	2114	1886.29	4	0.0954318
XR_945478.4	231	75.3292	0	0
XR_945481.4	576	351.35	0	0
XR_945488.3	1710	1482.29	2.463	0.0747778
XR_945490.3	1055	827.293	2.02256	0.110023
XR_945491.3	1200	972.293	0	0
XR_945492.3	1196	968.293	0	0
XR_945493.3	311	124.914	0	0
XR_945494.2	511	290.032	0	0
XR_945503.2	835	607.427	0	0
XR_945511.3	432	218.698	0	0
XR_945515.4	1573	1345.29	33.3559	1.11583
XR_945517.2	1582	1354.29	0	0
XR_945526.2	1454	1226.29	0	0
XR_945528.4	4471	4243.29	14	0.14848
XR_945530.3	604	378.687	0	0
XR_945534.2	941	713.293	0	0
XR_945538.3	688	461.088	0	0
XR_945542.2	884	656.427	0	0
XR_945543.3	1250	1022.29	0	0
XR_945544.2	865	637.427	3	0.211803
XR_945546.2	2084	1856.29	0	0
XR_945548.3	2493	2265.29	0	0
XR_945550.1	340	145.187	0	0
XR_945553.4	2645	2417.29	0	0
XR_945554.4	2549	2321.29	0	0
XR_945558.3	14089	13861.3	1.70771e-06	5.54438e-09
XR_945559.3	13927	13699.3	17.0678	0.0560688
XR_945565.2	809	581.487	0	0
XR_945568.3	1338	1110.29	0	0
XR_945571.3	1312	1084.29	1	0.0415045
XR_945572.1	1272	1044.29	0	0
XR_945573.3	1101	873.293	1	0.0515326
XR_945594.3	1447	1219.29	0	0
XR_945602.3	1488	1260.29	0	0
XR_945604.4	4379	4151.29	0	0
XR_945612.2	2319	2091.29	0	0
XR_945614.2	2238	2010.29	0	0
XR_945615.1	1843	1615.29	0	0
XR_945618.3	1609	1381.29	0	0
XR_945637.3	1605	1377.29	0	0
XR_945675.3	1841	1613.29	0	0
XR_945735.2	5814	5586.29	18.739	0.150961
XR_945804.1	2104	1876.29	3.58209	0.0859168
XR_945805.1	1836	1608.29	0	0
XR_945806.4	1950	1722.29	12.0316	0.314383
XR_945816.4	1956	1728.29	0	0
XR_945821.2	3886	3658.29	0	0
XR_945822.2	3772	3544.29	0	0
XR_945898.3	799	571.487	1	0.0787474
XR_945901.3	1275	1047.29	0	0
XR_945902.3	368	166.382	0	0
XR_945906.4	1263	1035.29	0	0
XR_945907.2	416	205.291	0	0
XR_945915.4	4288	4060.29	13	0.144088
XR_945919.1	304	120.29	0	0
XR_945920.1	302	119.035	0	0
XR_945923.4	746	518.701	5	0.433806
XR_945927.2	1295	1067.29	0	0
XR_945936.2	4675	4447.29	0	0
XR_945937.3	4690	4462.29	0	0
XR_945945.4	2614	2386.29	0	0
XR_945946.4	2625	2397.29	0	0
XR_945949.3	2051	1823.29	0	0
XR_945951.3	486	266.912	0	0
XR_945952.3	584	359.207	0	0
XR_945957.3	344	148.132	0	0
XR_945963.2	777	549.487	0	0
XR_945965.3	986	758.293	0	0
XR_945966.3	510	289.15	0	0
XR_945967.3	8078	7850.29	0	0
XR_945968.3	7860	7632.29	9	0.0530676
XR_945975.1	541	318.158	0	0
XR_945981.3	1188	960.293	0	0
XR_945982.3	1154	926.293	0	0
XR_945983.3	1126	898.293	0	0
XR_945984.3	944	716.293	0	0
XR_945985.3	901	673.361	0	0
XR_945990.3	635	409.096	0	0
XR_945991.3	312	125.588	0	0
XR_945997.2	293	113.08	0	0
XR_946002.3	645	418.93	4	0.429695
XR_946008.3	416	205.291	1	0.219216
XR_946014.3	486	266.912	0	0
XR_946018.3	489	269.721	0	0
XR_946019.3	328	136.811	1	0.328942
XR_946020.2	421	209.523	0	0
XR_946021.2	385	179.839	0	0
XR_946023.4	2549	2321.29	0	0
XR_946026.3	247	84.4495	0	0
XR_946030.3	331	138.909	0	0
XR_946033.3	500	280.02	0	0
XR_946036.3	309	123.455	0	0
XR_946037.2	674	447.496	0	0
XR_946038.3	909	681.293	0	0
XR_946039.3	294	113.843	0	0
XR_946047.2	1418	1190.29	0	0
XR_946048.4	843	615.427	0	0
XR_946051.3	610	384.573	0	0
XR_946054.3	632	406.137	0	0
XR_946055.3	772	544.487	0	0
XR_946096.3	556	332.141	0	0
XR_946100.2	1628	1400.29	0	0
XR_946104.4	3651	3423.29	19	0.249777
XR_946132.1	633	407.137	0	0
XR_946135.3	348	151.011	0	0
XR_946138.3	535	312.445	0	0
XR_946139.3	379	175.043	0	0
XR_946140.1	374	171.054	0	0
XR_946141.2	773	545.487	0	0
XR_946147.1	230	74.7519	0	0
XR_946148.2	613	387.495	0	0
XR_946149.1	405	196.152	0	0
XR_946150.2	1113	885.293	0	0
XR_946151.3	364	163.525	0	0
XR_946152.2	747	519.701	0	0
XR_946153.2	1448	1220.29	0	0
XR_946156.3	6001	5773.29	0	0
XR_946157.3	3735	3507.29	0	0
XR_946159.1	741	513.753	0	0
XR_946160.1	736	508.753	0	0
XR_946161.1	581	356.279	0	0
XR_946163.3	1211	983.293	0	0
XR_946171.2	988	760.293	0	0
XR_946178.3	3881	3653.29	2.01709	0.0248475
XR_946180.4	424	212.011	0	0
XR_946181.4	4877	4649.29	0	0
XR_946182.4	4808	4580.29	3.46388e-07	3.40339e-09
XR_946183.4	4758	4530.29	1.18871	0.0118085
XR_946185.4	4761	4533.29	0.479642	0.00476152
XR_946196.3	1177	949.293	0	0
XR_946198.3	2037	1809.29	0	0
XR_946202.2	535	312.445	0	0
XR_946203.3	663	436.717	0	0
XR_946212.2	844	616.427	0	0
XR_946215.2	748	520.701	0	0
XR_946220.4	1535	1307.29	25.7522	0.886511
XR_946226.3	416	205.291	0	0
XR_946233.3	699	471.947	0	0
XR_946247.2	826	598.427	0	0
XR_946252.3	288	109.828	0	0
XR_946253.3	286	108.57	0	0
XR_946254.2	270	98.4585	0	0
XR_946255.3	530	307.728	0	0
XR_946256.2	1502	1274.29	0	0
XR_946257.2	916	688.293	0	0
XR_946258.2	201	59.1453	0	0
XR_946261.3	474	256.047	0	0
XR_946282.2	1287	1059.29	0	0
XR_946283.1	1238	1010.29	0	0
XR_946284.1	1175	947.293	0	0
XR_946286.3	474	256.047	0	0
XR_946288.1	348	151.011	0	0
XR_946289.1	107	17.0159	0	0
XR_946292.3	591	366.025	0	0
XR_946297.3	527	304.945	0	0
XR_946298.3	266	95.93	0	0
XR_946299.3	756	528.701	0	0
XR_946300.4	885	657.427	2	0.136907
XR_946301.1	369	167.159	0	0
XR_946302.1	422	210.345	0	0
XR_946303.1	295	114.56	0	0
XR_946304.3	520	298.404	0	0
XR_946305.1	583	358.243	0	0
XR_946306.2	833	605.427	0	0
XR_946307.3	408	198.624	0	0
XR_946308.2	1202	974.293	0	0
XR_946309.2	925	697.293	10.8137	0.697912
XR_946310.2	904	676.361	0	0
XR_946312.2	1012	784.293	11.1863	0.641875
XR_946315.4	8738	8510.29	2.40699	0.0127284
XR_946318.2	789	561.487	0	0
XR_946319.2	263	94.0409	0	0
XR_946329.2	5055	4827.29	1.00556	0.00937446
XR_946332.1	496	276.219	0	0
XR_946333.3	941	713.293	0	0
XR_946334.3	485	265.994	0	0
XR_946336.2	733	505.753	0	0
XR_946339.2	1943	1715.29	0	0
XR_946344.1	397	189.558	0	0
XR_946348.3	1898	1670.29	0	0
XR_946349.3	633	407.137	0	0
XR_946354.2	412	201.964	46	10.2501
XR_946357.4	3763	3535.29	5.00883	0.0637608
XR_946358.3	3622	3394.29	174.117	2.30853
XR_946359.3	871	643.427	3	0.209828
XR_946366.3	1998	1770.29	0	0
XR_946368.3	3870	3642.29	8.70854	0.1076
XR_946372.3	719	491.852	0	0
XR_946373.3	3065	2837.29	0	0
XR_946374.3	2888	2660.29	0	0
XR_946375.3	3016	2788.29	0	0
XR_946376.3	659	432.717	0	0
XR_946377.2	2552	2324.29	0	0
XR_946379.3	998	770.293	0	0
XR_946380.3	3967	3739.29	2	0.0240704
XR_946382.3	4755	4527.29	0	0
XR_946383.3	4558	4330.29	0	0
XR_946384.3	4482	4254.29	1	0.0105783
XR_946385.3	1939	1711.29	0	0
XR_946391.3	597	371.913	0	0
XR_946395.3	291	111.803	0	0
XR_946398.3	5214	4986.29	0	0
XR_946421.4	6215	5987.29	0	0
XR_946422.2	2010	1782.29	0	0
XR_946423.3	819	591.487	0	0
XR_946427.3	3937	3709.29	0	0
XR_946428.3	2399	2171.29	0	0
XR_946434.3	813	585.487	1.67827	0.128999
XR_946435.2	382	177.405	2	0.507348
XR_946437.3	2902	2674.29	4	0.0673121
XR_946438.2	1847	1619.29	0	0
XR_946439.2	392	185.43	0	0
XR_946449.3	4551	4323.29	57.9214	0.60293
XR_946459.2	5702	5474.29	0	0
XR_946460.3	684	457.134	0	0
XR_946464.1	1066	838.293	0	0
XR_946465.2	1636	1408.29	0	0
XR_946466.3	1323	1095.29	6	0.246526
XR_946467.3	7811	7583.29	2	0.011869
XR_946479.2	330	138.255	0	0
XR_946481.1	5415	5187.29	0	0
XR_946482.1	4091	3863.29	0	0
XR_946483.1	5325	5097.29	0	0
XR_946484.1	4825	4597.29	0	0
XR_946487.4	1291	1063.29	0	0
XR_946488.1	493	273.443	0	0
XR_946496.3	1981	1753.29	4	0.102671
XR_946497.4	2425	2197.29	0	0
XR_946499.2	524	302.192	0	0
XR_946511.3	1711	1483.29	0	0
XR_946512.3	8277	8049.29	3.92018	0.0219175
XR_946523.1	836	608.427	52.5129	3.88418
XR_946524.1	794	566.487	4.75052	0.377393
XR_946525.1	1184	956.293	8.45042	0.397676
XR_946533.3	2353	2125.29	45.5287	0.964069
XR_946543.3	1860	1632.29	0	0
XR_946544.2	1731	1503.29	0.852727	0.0255275
XR_946563.3	1668	1440.29	0	0
XR_946565.2	1567	1339.29	0	0
XR_946567.3	2303	2075.29	13.7292	0.29772
XR_946570.2	2199	1971.29	0	0
XR_946572.3	1980	1752.29	0	0
XR_946574.2	7346	7118.29	4	0.0252887
XR_946576.3	2110	1882.29	0	0
XR_946584.3	2234	2006.29	12.9687	0.290899
XR_946603.4	4312	4084.29	0	0
XR_946610.2	2472	2244.29	0	0
XR_946613.3	2296	2068.29	0	0
XR_946619.3	1648	1420.29	0	0
XR_946635.3	1864	1636.29	0	0
XR_946636.3	1380	1152.29	0	0
XR_946637.2	2125	1897.29	0	0
XR_946639.3	1945	1717.29	0	0
XR_946640.3	1991	1763.29	1.82276	0.0465207
XR_946641.3	1994	1766.29	0.177243	0.00451594
XR_946642.3	1503	1275.29	0	0
XR_946643.3	2458	2230.29	0	0
XR_946644.4	1848	1620.29	75.3314	2.0923
XR_946645.2	2748	2520.29	0	0
XR_946646.4	2530	2302.29	0	0
XR_946655.2	1881	1653.29	0	0
XR_946663.3	2249	2021.29	72.1824	1.60711
XR_946675.3	1493	1265.29	26.9415	0.958238
XR_946686.4	3596	3368.29	43.6362	0.583014
XR_946691.3	2333	2105.29	0	0
XR_946714.3	1938	1710.29	0	0
XR_946739.3	1432	1204.29	305.602	11.42
XR_946742.3	2205	1977.29	0	0
XR_946743.3	1847	1619.29	0	0
XR_946744.3	2049	1821.29	0	0
XR_946747.3	3077	2849.29	192.326	3.03769
XR_946748.3	2010	1782.29	7.57267e-07	1.91211e-08
XR_946749.3	2013	1785.29	7.54866e-08	1.90284e-09
XR_946750.3	1522	1294.29	0	0
XR_946765.2	1163	935.293	0	0
XR_946779.4	1310	1082.29	0	0
XR_946790.4	2456	2228.29	0	0
XR_946804.2	8062	7834.29	750.425	4.31072
XR_946826.2	1512	1284.29	22.3451	0.782997
XR_946844.1	3468	3240.29	0	0
XR_946846.1	3467	3239.29	0	0
XR_946858.1	3225	2997.29	0	0
XR_946859.1	2802	2574.29	0	0
XR_946864.1	736	508.753	0	0
XR_946865.1	736	508.753	0	0
XR_946866.2	736	508.753	0	0
XR_946867.2	736	508.753	0	0
XR_946868.2	736	508.753	0	0
XR_946869.2	736	508.753	0	0
XR_946870.2	736	508.753	0	0
XR_946871.2	736	508.753	0	0
XR_946886.3	1303	1075.29	0	0
XR_946894.2	1092	864.293	0	0
XR_946895.1	339	144.406	0	0
XR_946900.2	1569	1341.29	0	0
XR_946902.2	858	630.427	0	0
XR_946904.3	1167	939.293	0	0
XR_946906.2	434	220.399	0	0
XR_946907.2	2615	2387.29	0	0
XR_946909.4	2735	2507.29	0	0
XR_946910.3	2544	2316.29	0	0
XR_946937.3	671	444.496	5.04014	0.51029
XR_946951.2	441	226.512	0	0
XR_946952.3	595	369.951	5	0.608231
XR_946954.2	2463	2235.29	0	0
XR_946957.4	963	735.293	0	0
XR_946958.3	1277	1049.29	0	0
XR_946959.3	822	594.427	0	0
XR_946968.2	1123	895.293	0	0
XR_946969.3	499	279.049	0	0
XR_947003.3	829	601.427	27	2.02033
XR_947005.2	823	595.427	0	0
XR_947006.2	1206	978.293	0	0
XR_947007.2	1115	887.293	0	0
XR_947008.3	1298	1070.29	0	0
XR_947015.2	1433	1205.29	0	0
XR_947017.3	332	139.579	0	0
XR_947018.1	140	28.6505	0	0
XR_947019.1	546	322.964	0	0
XR_947020.3	795	567.487	0	0
XR_947027.3	561	336.904	0	0
XR_947028.3	719	491.852	0	0
XR_947031.2	3043	2815.29	1	0.0159852
XR_947032.3	1730	1502.29	0	0
XR_947038.3	356	157.501	0	0
XR_947039.3	236	78.1487	0	0
XR_947041.1	527	304.945	0	0
XR_947042.1	531	308.697	0	0
XR_947043.2	471	253.178	0	0
XR_947044.2	423	211.123	0	0
XR_947050.1	1095	867.293	0	0
XR_947051.3	1184	956.293	0	0
XR_947052.1	1311	1083.29	3.8674	0.160663
XR_947056.2	1216	988.293	0	0
XR_947057.3	3859	3631.29	13.143	0.162883
XR_947058.2	998	770.293	0	0
XR_947067.3	238	79.3455	7	3.97025
XR_947068.2	722	494.802	1	0.0909517
XR_947070.1	170	42.8561	0	0
XR_947072.3	252	87.2826	0	0
XR_947082.3	1231	1003.29	0	0
XR_947090.3	2540	2312.29	2	0.0389251
XR_947099.3	807	579.487	0	0
XR_947102.1	1305	1077.29	0	0
XR_947110.4	1445	1217.29	0	0
XR_947111.4	1170	942.293	0	0
XR_947112.4	1319	1091.29	0	0
XR_947114.4	1048	820.293	2	0.109724
XR_947115.2	730	502.753	0	0
XR_947117.2	466	248.539	0	0
XR_947128.2	786	558.487	0	0
XR_947129.3	247	84.4495	0	0
XR_947130.3	540	317.191	0	0
XR_947133.2	995	767.293	0	0
XR_947134.2	952	724.293	1	0.0621338
XR_947141.3	244	82.6579	1	0.54445
XR_947156.3	440	225.63	2	0.398911
XR_947157.3	438	223.888	0	0
XR_947160.4	943	715.293	1	0.0629156
XR_947161.3	528	305.914	0	0
XR_947163.2	608	382.573	0	0
XR_947169.2	952	724.293	0	0
XR_947174.3	1920	1692.29	0	0
XR_947180.3	2322	2094.29	4.77298	0.102564
XR_947183.3	613	387.495	0	0
XR_947184.3	713	485.852	0	0
XR_947188.2	1900	1672.29	0	0
XR_947190.3	668	441.629	8.00629	0.81586
XR_947192.2	477	258.967	0	0
XR_947210.3	792	564.487	0	0
XR_947211.3	528	305.914	0	0
XR_947213.3	653	426.803	0	0
XR_947215.2	471	253.178	1.57745	0.280397
XR_947220.3	1224	996.293	1.70534	0.0770311
XR_947221.3	594	368.988	0	0
XR_947222.3	338	143.726	0	0
XR_947232.3	970	742.293	0	0
XR_947235.2	788	560.487	0	0
XR_947237.3	3683	3455.29	0	0
XR_947238.3	3708	3480.29	0	0
XR_947239.2	547	323.768	0	0
XR_947283.2	1210	982.293	5.00527	0.229313
XR_947286.4	989	761.293	0.0472391	0.00279249
XR_947287.4	1373	1145.29	8.3696	0.328874
XR_947289.2	739	511.753	0	0
XR_947290.2	668	441.629	0	0
XR_947297.2	1631	1403.29	0	0
XR_947298.3	869	641.427	17	1.19273
XR_947299.3	544	321.029	0	0
XR_947309.3	265	95.2601	0	0
XR_947311.3	510	289.15	0	0
XR_947312.4	501	280.906	0	0
XR_947313.4	579	354.315	0	0
XR_947314.1	329	137.452	0	0
XR_947315.4	2029	1801.29	0	0
XR_947317.3	1292	1064.29	0	0
XR_947318.3	1192	964.293	0	0
XR_947319.3	1346	1118.29	0	0
XR_947320.3	1220	992.293	0	0
XR_947321.3	1335	1107.29	0	0
XR_947322.3	1105	877.293	0	0
XR_947323.3	554	330.174	0	0
XR_947325.3	549	325.637	0	0
XR_947339.4	203	60.1063	0	0
XR_947346.2	369	167.159	5	1.34611
XR_947347.2	407	197.751	0	0
XR_947348.2	367	165.66	0	0
XR_947355.3	7589	7361.29	0.000181616	1.11031e-06
XR_947358.3	398	190.353	0	0
XR_947371.2	569	344.595	3	0.391791
XR_947373.3	606	380.649	0	0
XR_947374.3	353	154.998	0	0
XR_947376.4	1062	834.293	0	0
XR_947380.3	902	674.361	3	0.200203
XR_947417.3	2866	2638.29	0	0
XR_947426.3	623	397.299	4.31188	0.488419
XR_947430.2	581	356.279	0	0
XR_947431.2	995	767.293	12	0.703821
XR_947440.3	2082	1854.29	17.2035	0.417523
XR_947441.3	253	87.9231	0	0
XR_947449.3	573	348.421	0	0
XR_947454.3	577	352.35	0	0
XR_947456.2	754	526.701	0.358927	0.0306679
XR_947457.3	1576	1348.29	1.64107	0.0547754
XR_947458.3	285	107.918	0	0
XR_947459.3	373	170.281	0	0
XR_947460.4	542	319.126	0	0
XR_947461.4	3505	3277.29	0	0
XR_947464.4	2612	2384.29	1	0.0188748
XR_947466.4	2981	2753.29	0	0
XR_947467.2	385	179.839	1	0.250241
XR_947471.3	384	178.976	0	0
XR_947474.4	454	237.87	0	0
XR_947476.3	2241	2013.29	8.00329	0.178897
XR_947478.2	724	496.802	0	0
XR_947479.3	735	507.753	0	0
XR_947486.2	1230	1002.29	0	0
XR_947488.3	6540	6312.29	0	0
XR_947499.2	775	547.487	0	0
XR_947500.2	649	422.846	0	0
XR_947501.2	583	358.243	0	0
XR_947505.3	11532	11304.3	15.0793	0.0600317
XR_947506.3	11484	11256.3	5.11425	0.020447
XR_947518.3	488	268.748	0	0
XR_947521.3	394	187.168	0	0
XR_947527.2	1787	1559.29	0	0
XR_947528.2	670	443.585	1	0.101453
XR_947529.3	1109	881.293	0	0
XR_947530.1	321	132.144	0	0
XR_947531.2	646	419.888	0	0
XR_947532.3	713	485.852	0	0
XR_947533.2	840	612.427	0	0
XR_947541.3	1353	1125.29	2	0.0799846
XR_947544.4	799	571.487	12	0.944968
XR_947545.2	1011	783.293	0	0
XR_947548.3	1465	1237.29	2	0.0727444
XR_947550.3	290	111.126	0	0
XR_947556.2	640	414.014	0	0
XR_947557.2	1303	1075.29	0	0
XR_947560.2	468	250.385	0	0
XR_947561.2	401	192.714	0	0
XR_947562.4	5256	5028.29	0.918428	0.0082199
XR_947564.4	5253	5025.29	2.08157	0.0186411
XR_947565.3	5251	5023.29	17.5821	0.157516
XR_947566.2	969	741.293	1.05172	0.0638489
XR_947567.2	388	182.168	0	0
XR_947568.2	662	435.717	0	0
XR_947572.4	288	109.828	0	0
XR_947573.2	5406	5178.29	3.19149	0.0277363
XR_947575.3	4375	4147.29	2.05133	0.0222594
XR_947577.3	3432	3204.29	14.8901	0.209126
XR_947578.3	4337	4109.29	2.07147	0.0226858
XR_947579.3	1016	788.293	0	0
XR_947581.2	1515	1287.29	0	0
XR_947587.2	425	212.877	0	0
XR_947588.4	1979	1751.29	0	0
XR_947590.3	1032	804.293	0	0
XR_947591.3	341	145.916	0	0
XR_947592.1	866	638.427	0	0
XR_947593.1	795	567.487	1	0.0793024
XR_947599.4	2670	2442.29	16	0.294825
XR_947602.3	5213	4985.29	7.1104	0.0641868
XR_947603.3	1785	1557.29	9.94766	0.28747
XR_947604.2	520	298.404	0.0938576	0.0141549
XR_947605.4	1370	1142.29	0	0
XR_947610.4	1056	828.293	0	0
XR_947611.3	369	167.159	0	0
XR_947612.3	316	128.304	0	0
XR_947615.3	776	548.487	0	0
XR_947617.2	745	517.701	0	0
XR_947618.2	519	297.525	0	0
XR_947636.2	1719	1491.29	0	0
XR_947637.3	2355	2127.29	0	0
XR_947639.3	1255	1027.29	0	0
XR_947640.3	1394	1166.29	0	0
XR_947641.3	3327	3099.29	0	0
XR_947642.3	2803	2575.29	7.49952	0.131054
XR_947643.3	2994	2766.29	0	0
XR_947651.2	281	105.3	0	0
XR_947655.2	371	168.6	0	0
XR_947656.3	532	309.634	0	0
XR_947657.1	162	38.7685	0	0
XR_947658.1	699	471.947	2	0.190712
XR_947659.2	444	229.227	0	0
XR_947660.1	384	178.976	0	0
XR_947668.3	401	192.714	0	0
XR_947670.3	240	80.5243	0	0
XR_947672.1	565	340.768	0	0
XR_947673.1	839	611.427	0	0
XR_947674.1	682	455.179	3	0.296607
XR_947675.3	523	301.192	0	0
XR_947679.3	1795	1567.29	8.01309	0.230087
XR_947687.3	532	309.634	0	0
XR_947688.3	1891	1663.29	10	0.270566
XR_947692.3	706	478.9	0	0
XR_947693.3	256	89.7297	0	0
XR_947699.2	401	192.714	0	0
XR_947703.3	473	255.047	0	0
XR_947704.2	1553	1325.29	0	0
XR_947706.2	676	449.451	0	0
XR_947707.3	488	268.748	1	0.167455
XR_947713.4	1781	1553.29	0	0
XR_947714.4	1499	1271.29	0	0
XR_947719.4	1531	1303.29	12.8555	0.443904
XR_947720.3	2951	2723.29	0	0
XR_947721.3	2816	2588.29	11	0.191259
XR_947722.3	539	316.223	0	0
XR_947725.2	691	464.041	0	0
XR_947726.2	612	386.495	0	0
XR_947727.1	325	134.886	0	0
XR_947728.3	1248	1020.29	0	0
XR_947729.3	1319	1091.29	0	0
XR_947730.2	670	443.585	0	0
XR_947737.3	654	427.803	0	0
XR_947739.2	11010	10782.3	26.9381	0.112434
XR_947741.3	221	69.701	0	0
XR_947742.2	721	493.802	0	0
XR_947744.3	2981	2753.29	4	0.0653807
XR_947745.3	1467	1239.29	0	0
XR_947746.3	1594	1366.29	0	0
XR_947755.2	954	726.293	5.03919	0.312242
XR_947757.4	293	113.08	2	0.795953
XR_947771.2	1026	798.293	0	0
XR_947798.3	2076	1848.29	0	0
XR_947806.2	914	686.293	0	0
XR_947807.2	911	683.293	0	0
XR_947813.3	6537	6309.29	191.834	1.36832
XR_947828.3	5322	5094.29	507.288	4.48139
XR_947834.3	1642	1414.29	0	0
XR_947835.3	1577	1349.29	0	0
XR_947849.3	1370	1142.29	0	0
XR_947851.3	1440	1212.29	0	0
XR_947852.3	1375	1147.29	0	0
XR_947855.3	1199	971.293	0	0
XR_947859.3	3195	2967.29	37.9959	0.57626
XR_947871.4	1886	1658.29	224.63	6.09606
XR_947892.1	1042	814.293	0	0
XR_947893.1	764	536.541	0	0
XR_947894.2	633	407.137	0	0
XR_947901.3	6515	6287.29	0	0
XR_947903.3	3967	3739.29	1	0.0120352
XR_947927.2	537	314.382	0	0
XR_947928.3	887	659.427	0	0
XR_947931.3	657	430.76	8.96707	0.936821
XR_947939.2	393	186.228	0	0
XR_947940.3	277	102.552	0	0
XR_947941.2	1008	780.293	0	0
XR_947942.2	366	164.863	0	0
XR_947946.3	1653	1425.29	3	0.0947238
XR_947948.3	4118	3890.29	0	0
XR_947949.3	245	83.2645	1	0.540484
XR_947952.2	2366	2138.29	1	0.0210463
XR_947960.3	2573	2345.29	0	0
XR_947965.3	1152	924.293	0	0
XR_947973.2	847	619.427	0	0
XR_947985.1	143	29.7861	0	0
XR_947986.3	205	61.3237	0	0
XR_947995.3	1695	1467.29	14.4151	0.442124
XR_948003.3	828	600.427	0	0
XR_948004.2	747	519.701	0	0
XR_948008.3	495	275.303	0	0
XR_948009.2	1654	1426.29	1	0.0315525
XR_948011.3	1669	1441.29	0	0
XR_948016.1	724	496.802	0	0
XR_948017.1	631	405.178	0	0
XR_948018.3	600	374.838	0	0
XR_948020.3	2968	2740.29	0	0
XR_948024.2	913	685.293	0	0
XR_948042.3	3811	3583.29	0	0
XR_948048.2	298	116.438	0	0
XR_948055.2	947	719.293	0	0
XR_948056.2	1068	840.293	0	0
XR_948057.2	852	624.427	0	0
XR_948060.3	688	461.088	0	0
XR_948067.3	913	685.293	0	0
XR_948068.3	1035	807.293	0	0
XR_948069.3	946	718.293	0	0
XR_948070.3	947	719.293	0	0
XR_948080.3	6592	6364.29	0	0
XR_948081.3	6574	6346.29	0	0
XR_948082.3	6190	5962.29	0	0
XR_948083.3	6068	5840.29	0	0
XR_948084.4	628	402.259	0	0
XR_948085.4	606	380.649	0	0
XR_948099.2	280	104.615	0	0
XR_948100.3	2003	1775.29	1	0.0253497
XR_948101.2	4878	4650.29	0	0
XR_948108.3	910	682.293	2	0.131917
XR_948109.4	401	192.714	0	0
XR_948114.3	851	623.427	0	0
XR_948115.3	817	589.487	0	0
XR_948116.2	1622	1394.29	0	0
XR_948124.4	1881	1653.29	1	0.0272203
XR_948125.1	543	320.029	0	0
XR_948126.1	520	298.404	0	0
XR_948127.3	699	471.947	0	0
XR_948128.1	1964	1736.29	0	0
XR_948132.3	2709	2481.29	5.68368	0.103085
XR_948133.3	2527	2299.29	0	0
XR_948134.3	2090	1862.29	7.32813	0.177087
XR_948149.3	34376	34148.3	0	0
XR_948162.3	2649	2421.29	0	0
XR_948163.3	2188	1960.29	0	0
XR_948167.2	3124	2896.29	2	0.0310763
XR_948168.2	2157	1929.29	0	0
XR_948174.3	312	125.588	0	0
XR_948175.2	399	191.106	0	0
XR_948197.4	2150	1922.29	0	0
XR_948198.2	596	370.951	0	0
XR_948199.3	669	442.629	0	0
XR_948201.3	2947	2719.29	0	0
XR_948202.3	498	278.077	0	0
XR_948203.3	1247	1019.29	0	0
XR_948204.3	409	199.348	0	0
XR_948205.3	428	215.312	0	0
XR_948206.3	359	159.675	0	0
XR_948212.3	4749	4521.29	0	0
XR_948217.2	1575	1347.29	0	0
XR_948218.3	2821	2593.29	5.72979	0.0994328
XR_948219.3	2273	2045.29	1	0.0220032
XR_948235.4	1256	1028.29	0	0
XR_948246.3	6206	5978.29	0	0
XR_948251.4	4536	4308.29	0	0
XR_948274.4	1174	946.293	0	0
XR_948282.4	1880	1652.29	7.72908	0.210515
XR_948288.3	4594	4366.29	0	0
XR_948298.3	10548	10320.3	0	0
XR_948303.3	6885	6657.29	0	0
XR_948313.4	1952	1724.29	279.9	7.30523
XR_948315.2	221	69.701	0	0
XR_948317.2	615	389.417	0	0
XR_948318.2	512	290.943	0	0
XR_948330.3	3472	3244.29	2	0.0277429
XR_948333.3	855	627.427	0	0
XR_948342.3	957	729.293	0	0
XR_948347.4	261	92.9009	0	0
XR_948350.2	1909	1681.29	0	0
XR_948351.2	548	324.67	0	0
XR_948352.2	706	478.9	0	0
XR_948365.2	517	295.585	0	0
XR_948369.1	883	655.427	0	0
XR_948374.3	755	527.701	0	0
XR_948375.2	272	99.7041	0	0
XR_948378.4	1305	1077.29	0	0
XR_948380.3	2564	2336.29	0	0
XR_948385.3	259	91.7167	0	0
XR_948390.3	847	619.427	0	0
XR_948391.3	945	717.293	0	0
XR_948392.3	1371	1143.29	0	0
XR_948411.3	661	434.717	0	0
XR_948412.3	4473	4245.29	0	0
XR_948413.3	16917	16689.3	56.4621	0.152251
XR_948415.3	294	113.843	0	0
XR_948416.3	1829	1601.29	0	0
XR_948417.3	1531	1303.29	5.04212	0.174106
XR_948429.3	688	461.088	1.04888	0.102373
XR_948436.3	1081	853.293	1.71905	0.0906637
XR_948438.3	474	256.047	0	0
XR_948470.3	408	198.624	0	0
XR_948476.3	1165	937.293	0	0
XR_948485.3	381	176.619	0	0
XR_948497.3	522	300.222	0	0
XR_948498.3	609	383.573	0	0
XR_948499.3	617	391.417	0	0
XR_948500.3	263	94.0409	0	0
XR_948503.3	3530	3302.29	0.0476574	0.000649467
XR_948504.3	3521	3293.29	2.00949	0.0274598
XR_948511.2	670	443.585	2	0.202906
XR_948528.2	5183	4955.29	0	0
XR_948532.2	418	206.92	0	0
XR_948533.3	1759	1531.29	6	0.176334
XR_948535.3	912	684.293	0	0
XR_948537.3	3599	3371.29	1	0.0133489
XR_948539.3	543	320.029	1	0.140622
XR_948540.3	615	389.417	0	0
XR_948541.3	812	584.487	0	0
XR_948542.2	287	109.221	0	0
XR_948543.1	195	55.7944	0	0
XR_948547.4	142	29.5449	0	0
XR_948556.3	534	311.445	0	0
XR_948557.3	444	229.227	0	0
XR_948561.2	480	261.78	0	0
XR_948564.4	8791	8563.29	0	0
XR_948569.3	377	173.351	4	1.03843
XR_948575.3	1631	1403.29	0	0
XR_948576.3	1304	1076.29	0	0
XR_948578.3	902	674.361	0	0
XR_948580.3	1375	1147.29	0	0
XR_948581.3	1094	866.293	0	0
XR_948582.2	972	744.293	0	0
XR_948586.1	429	216.04	0	0
XR_948587.2	503	282.705	0	0
XR_948588.3	339	144.406	0	0
XR_948622.3	919	691.293	0	0
XR_948623.3	887	659.427	0	0
XR_948624.3	913	685.293	0	0
XR_948625.3	1009	781.293	0	0
XR_948626.3	700	472.947	1	0.0951545
XR_948627.2	1060	832.293	0	0
XR_948628.3	4148	3920.29	0	0
XR_948630.4	1644	1416.29	0	0
XR_948631.4	1755	1527.29	0	0
XR_948632.4	1584	1356.29	0	0
XR_948633.2	571	346.526	0	0
XR_948649.3	623	397.299	0	0
XR_948650.3	490	270.61	0	0
XR_948654.2	406	196.92	0	0
XR_948660.3	3261	3033.29	0	0
XR_948661.2	607	381.611	0	0
XR_948662.3	838	610.427	0	0
XR_948664.3	736	508.753	0	0
XR_948666.3	674	447.496	0	0
XR_948667.3	669	442.629	0	0
XR_948670.1	566	341.699	0	0
XR_948671.3	3022	2794.29	2	0.0322107
XR_948673.2	211	64.3426	0	0
XR_948675.3	2805	2577.29	3.45771	0.0603763
XR_948676.2	946	718.293	0	0
XR_948679.3	231	75.3292	0	0
XR_948680.3	819	591.487	0	0
XR_948683.3	964	736.293	0	0
XR_948684.3	960	732.293	0	0
XR_948685.1	653	426.803	0	0
XR_948686.1	1173	945.293	0	0
XR_948689.3	5403	5175.29	3.17017	0.027567
XR_948690.1	333	140.38	0	0
XR_948691.1	417	206.073	0	0
XR_948692.2	291	111.803	0	0
XR_948693.3	643	416.972	0	0
XR_948694.3	610	384.573	0	0
XR_948695.2	1220	992.293	0	0
XR_948696.3	269	97.8901	0	0
XR_948706.2	412	201.964	0	0
XR_948707.2	431	217.835	0	0
XR_948710.2	474	256.047	0	0
XR_948712.3	487	267.803	0	0
XR_948719.3	749	521.701	0	0
XR_948725.2	738	510.753	0	0
XR_948726.2	762	534.648	0	0
XR_948728.4	1113	885.293	3	0.152502
XR_948740.1	509	288.355	0	0
XR_948757.4	964	736.293	0	0
XR_948768.3	252	87.2826	0	0
XR_948769.2	421	209.523	0	0
XR_948775.4	1846	1618.29	0	0
XR_948780.1	516	294.675	0	0
XR_948781.2	765	537.541	0	0
XR_948784.3	808	580.487	0	0
XR_948785.3	1706	1478.29	0	0
XR_948792.2	922	694.293	0	0
XR_948794.4	1008	780.293	0	0
XR_948797.3	3175	2947.29	0	0
XR_948809.3	581	356.279	7	0.884199
XR_948815.3	5181	4953.29	1.62827	0.0147937
XR_948830.4	777	549.487	0	0
XR_948831.4	824	596.427	0	0
XR_948832.4	750	522.701	0	0
XR_948836.4	4854	4626.29	0	0
XR_948838.2	212	64.9181	0	0
XR_948839.4	435	221.33	0	0
XR_948845.2	1006	778.293	0	0
XR_948846.2	1628	1400.29	0	0
XR_948897.4	1477	1249.29	0	0
XR_948899.4	1623	1395.29	0	0
XR_948922.3	378	174.332	0	0
XR_948927.4	555	331.174	0	0
XR_948929.4	1724	1496.29	2	0.0601528
XR_948930.3	273	100.242	0	0
XR_948934.3	269	97.8901	0	0
XR_948935.3	264	94.6304	0	0
XR_948940.3	428	215.312	0	0
XR_948941.3	325	134.886	0	0
XR_948944.3	1711	1483.29	1.01249	0.030719
XR_948945.4	4219	3991.29	1.09399	0.0123351
XR_948947.1	765	537.541	0	0
XR_948955.3	2286	2058.29	0.000301359	6.58899e-06
XR_948956.3	2272	2044.29	3.48982	0.0768249
XR_948958.3	2423	2195.29	0	0
XR_948959.1	2274	2046.29	0.5	0.0109962
XR_948960.3	2374	2146.29	0	0
XR_948962.4	399	191.106	0	0
XR_948965.2	181	48.4869	0	0
XR_948966.3	181	48.4869	0	0
XR_948988.1	285	107.918	0	0
XR_949011.1	527	304.945	0	0
XR_949015.3	2014	1786.29	0.319145	0.00804041
XR_949016.3	2002	1774.29	0	0
XR_949023.2	1006	778.293	0	0
XR_949024.3	881	653.427	0	0
XR_949025.1	597	371.913	0	0
XR_949026.2	534	311.445	0	0
XR_949028.3	1449	1221.29	0	0
XR_949029.3	1421	1193.29	0	0
XR_949031.3	1026	798.293	0	0
XR_949037.3	977	749.293	3	0.180182
XR_949040.2	230	74.7519	0	0
XR_949045.2	351	153.209	1	0.293737
XR_949046.3	344	148.132	0	0
XR_949047.4	1360	1132.29	63.1093	2.50828
XR_949063.3	1165	937.293	0	0
XR_949064.3	1165	937.293	0	0
XR_949065.3	340	145.187	0	0
XR_949066.1	914	686.293	0	0
XR_949068.1	1487	1259.29	0	0
XR_949069.1	318	129.815	0	0
XR_949079.4	188	52.1922	0	0
XR_949081.4	763	535.541	0	0
XR_949082.4	345	148.943	0	0
XR_949084.4	400	191.921	1.10361	0.258784
XR_949092.4	861	633.427	0.00149129	0.000105951
XR_949094.4	414	203.726	0	0
XR_949106.3	253	87.9231	0	0
XR_949115.3	339	144.406	0	0
XR_949123.3	816	588.487	0	0
XR_949124.3	865	637.427	0	0
XR_949125.3	867	639.427	0	0
XR_949127.2	1827	1599.29	0	0
XR_949150.4	1778	1550.29	2.99239	0.0868654
XR_949157.3	4498	4270.29	0	0
XR_949163.4	3171	2943.29	74.3863	1.13737
XR_949164.2	605	379.687	0	0
XR_949165.2	672	445.496	1	0.101018
XR_949166.2	361	161.348	0	0
XR_949167.3	943	715.293	48	3.01995
XR_949168.3	876	648.427	0	0
XR_949169.3	1877	1649.29	0.351997	0.00960468
XR_949207.2	647	420.888	1	0.106924
XR_949220.2	717	489.852	0	0
XR_949221.2	1249	1021.29	0	0
XR_949222.3	3627	3399.29	5	0.0661948
XR_949226.4	1792	1564.29	2.00102	0.0575673
XR_949232.2	3302	3074.29	0	0
XR_949233.3	452	236.066	1	0.190637
XR_949234.2	371	168.6	0	0
XR_949247.1	1020	792.293	0	0
XR_949257.3	1719	1491.29	0	0
XR_949259.3	461	244.098	0	0
XR_949260.1	427	214.584	0	0
XR_949264.3	783	555.487	0	0
XR_949268.4	8960	8732.29	0	0
XR_949269.3	4874	4646.29	0	0
XR_949271.3	3241	3013.29	0	0
XR_949273.2	834	606.427	0	0
XR_949274.2	970	742.293	0	0
XR_949277.1	568	343.63	1	0.130964
XR_949278.3	1532	1304.29	0	0
XR_949279.4	1018	790.293	0	0
XR_949280.3	872	644.427	0	0
XR_949281.3	837	609.427	0	0
XR_949282.2	2919	2691.29	0	0
XR_949283.4	3483	3255.29	3	0.0414738
XR_949286.3	1069	841.293	1	0.0534927
XR_949287.4	2765	2537.29	0	0
XR_949292.3	2205	1977.29	0	0
XR_949295.4	624	398.259	7	0.790997
XR_949308.3	586	361.171	0	0
XR_949311.3	527	304.945	0	0
XR_949312.2	277	102.552	0	0
XR_949313.2	1480	1252.29	0	0
XR_949314.2	1593	1365.29	0	0
XR_949315.4	1999	1771.29	0	0
XR_949320.2	524	302.192	0	0
XR_949325.3	469	251.307	0	0
XR_949328.2	3732	3504.29	0	0
XR_949329.2	2207	1979.29	0	0
XR_949330.4	282	105.999	0	0
XR_949337.2	539	316.223	0	0
XR_949339.3	1191	963.293	0	0
XR_949340.3	1354	1126.29	0	0
XR_949341.4	866	638.427	0	0
XR_949342.3	955	727.293	0	0
XR_949343.3	1674	1446.29	0	0
XR_949344.3	1894	1666.29	0	0
XR_949364.3	5557	5329.29	6.00415	0.0507019
XR_949366.3	512	290.943	0	0
XR_949368.3	722	494.802	0	0
XR_949369.3	642	416.014	0	0
XR_949372.3	4201	3973.29	4.09785	0.0464139
XR_949376.3	1252	1024.29	0	0
XR_949378.4	10312	10084.3	14.9328	0.0666404
XR_949390.3	1246	1018.29	0	0
XR_949419.3	1870	1642.29	0	0
XR_949470.4	4395	4167.29	610.597	6.5939
XR_949471.4	4758	4530.29	0	0
XR_949472.4	4672	4444.29	0	0
XR_949509.3	690	463.088	0	0
XR_949524.2	1003	775.293	0	0
XR_949525.1	225	71.712	0	0
XR_949537.2	809	581.487	0	0
XR_949546.3	6483	6255.29	8.68942	0.0625152
XR_949550.3	751	523.701	0	0
XR_949563.2	3713	3485.29	0	0
XR_949569.4	3313	3085.29	0	0
XR_949584.2	2965	2737.29	0	0
XR_949589.2	1759	1531.29	0	0
XR_949591.2	992	764.293	0	0
XR_949594.3	2088	1860.29	0	0
XR_949596.1	507	286.472	0	0
XR_949598.2	1795	1567.29	0	0
XR_949599.2	1750	1522.29	2	0.0591254
XR_949605.1	494	274.359	0	0
XR_949607.3	1277	1049.29	0	0
XR_949614.3	4901	4673.29	7.00047	0.0674135
XR_949623.3	785	557.487	3.16087	0.255161
XR_949626.4	1959	1731.29	2.00257	0.0520547
XR_949629.1	656	429.76	0	0
XR_949630.2	741	513.753	0	0
XR_949634.2	1125	897.293	3.00076	0.150501
XR_949636.3	472	254.125	0	0
XR_949649.3	2884	2656.29	0	0
XR_949651.3	7299	7071.29	3.21309	0.0204487
XR_949663.2	418	206.92	0	0
XR_949664.2	883	655.427	0	0
XR_949666.2	290	111.126	0	0
XR_949667.2	1071	843.293	0	0
XR_949668.2	447	231.819	0	0
XR_949672.3	1723	1495.29	0	0
XR_949673.2	1109	881.293	0	0
XR_949674.2	1042	814.293	0	0
XR_949675.4	3229	3001.29	0	0
XR_949681.3	2248	2020.29	0	0
XR_949685.3	489	269.721	0	0
XR_949686.3	3054	2826.29	2.04308	0.032532
XR_949687.2	171	43.4345	0	0
XR_949692.2	3516	3288.29	1	0.0136858
XR_949701.2	761	533.648	2	0.168662
XR_949703.3	1040	812.293	0	0
XR_949704.2	475	257.02	0	0
XR_949705.2	359	159.675	0	0
XR_949707.3	2207	1979.29	0	0
XR_949708.3	2248	2020.29	2.11205	0.0470469
XR_949714.3	5462	5234.29	30.5085	0.262304
XR_949719.2	641	415.014	0	0
XR_949720.2	865	637.427	0	0
XR_949721.2	1430	1202.29	0	0
XR_949728.3	1653	1425.29	0	0
XR_949761.4	2165	1937.29	13.3616	0.310388
XR_949822.3	2313	2085.29	0	0
XR_949847.3	3702	3474.29	25.919	0.335733
XR_949848.3	3706	3478.29	50.3057	0.650868
XR_949858.2	1391	1163.29	0	0
XR_949860.4	880	652.427	10.7681	0.74276
XR_949909.3	1489	1261.29	0	0
XR_949932.4	3062	2834.29	0	0
XR_949933.4	6520	6292.29	4.8992	0.0350396
XR_949950.3	1499	1271.29	0	0
XR_949965.2	1421	1193.29	29.1058	1.09768
XR_949988.4	3430	3202.29	0	0
XR_949989.4	3058	2830.29	0	0
XR_950064.4	2367	2139.29	0	0
XR_950085.3	1194	966.293	0	0
XR_950086.2	1245	1017.29	0	0
XR_950087.3	1167	939.293	0	0
XR_950120.3	3509	3281.29	0	0
XR_950121.2	3290	3062.29	1	0.0146959
XR_950135.4	1168	940.293	0	0
XR_950136.2	496	276.219	10	1.62926
XR_950137.4	863	635.427	0	0
XR_950141.1	4409	4181.29	2	0.0215259
XR_950142.1	3922	3694.29	0	0
XR_950146.2	494	274.359	0	0
XR_950147.3	520	298.404	0	0
XR_950148.2	497	277.191	0	0
XR_950149.3	647	420.888	0	0
XR_950155.3	1649	1421.29	9.49078	0.300511
XR_950166.3	3905	3677.29	0	0
XR_950178.3	1887	1659.29	0	0
XR_950179.3	195	55.7944	0	0
XR_950187.3	803	575.487	0	0
XR_950196.2	925	697.293	0	0
XR_950212.3	565	340.768	0	0
XR_950219.2	1999	1771.29	0	0
XR_950248.3	640	414.014	0	0
XR_950249.3	610	384.573	0	0
XR_950253.3	5562	5334.29	10.5788	0.089249
XR_950255.3	556	332.141	0	0
XR_950256.3	511	290.032	0	0
XR_950269.4	5881	5653.29	1184.27	9.42741
XR_950276.3	576	351.35	0	0
XR_950284.3	728	500.753	0	0
XR_950294.3	2544	2316.29	0	0
XR_950296.3	1151	923.293	0	0
XR_950297.3	172	43.9516	0	0
XR_950302.3	451	235.213	4	0.765316
XR_950304.4	5010	4782.29	0	0
XR_950308.4	2581	2353.29	0	0
XR_950316.4	920	692.293	0	0
XR_950328.3	829	601.427	0	0
XR_950329.3	697	469.994	0	0
XR_950330.4	677	450.406	0	0
XR_950332.1	589	364.098	0	0
XR_950333.3	764	536.541	0	0
XR_950337.3	1046	818.293	1	0.0549963
XR_950340.1	295	114.56	5.22319	2.05185
XR_950341.1	831	603.427	0	0
XR_950342.2	1826	1598.29	1.70782	0.0480871
XR_950343.4	2075	1847.29	1.00015	0.0243654
XR_950347.3	241	81.0542	0	0
XR_950350.3	334	141.098	0	0
XR_950354.3	839	611.427	0	0
XR_950358.1	196	56.3656	0	0
XR_950379.2	1201	973.293	0	0
XR_950387.4	7176	6948.29	1.00002	0.006477
XR_950433.2	2405	2177.29	0	0
XR_950461.4	4716	4488.29	196.145	1.9667
XR_950464.4	7413	7185.29	3.02631	0.0189545
XR_950466.4	5272	5044.29	0	0
XR_950467.4	6733	6505.29	0	0
XR_950503.3	1941	1713.29	0	0
XR_950505.3	1752	1524.29	0	0
XR_950506.3	1550	1322.29	0	0
XR_950507.2	1892	1664.29	1.51545	0.0409783
XR_950513.3	1136	908.293	0	0
XR_950539.2	431	217.835	0	0
XR_950540.2	367	165.66	0	0
XR_950542.4	1020	792.293	0	0
XR_950546.3	596	370.951	0	0
XR_950580.2	2018	1790.29	0	0
XR_950583.3	1941	1713.29	0	0
XR_950585.2	591	366.025	0	0
XR_950586.2	496	276.219	0	0
XR_950596.4	346	149.65	0	0
XR_950597.4	403	194.403	0	0
XR_950598.2	2872	2644.29	34	0.578644
XR_950600.3	4006	3778.29	0	0
XR_950632.1	285	107.918	0	0
XR_950634.2	752	524.701	0	0
XR_950637.2	971	743.293	0	0
XR_950639.2	800	572.487	0	0
XR_950640.2	2096	1868.29	0	0
XR_950641.3	2178	1950.29	10.5427	0.243273
XR_950650.2	862	634.427	0	0
XR_950656.4	515	293.705	0	0
XR_950672.4	650	423.846	0	0
XR_950674.2	320	131.369	0	0
XR_950675.3	2103	1875.29	5.95132	0.142819
XR_950677.3	660	433.717	1.06856	0.110875
XR_950679.2	278	103.326	0	0
XR_950680.3	392	185.43	0	0
XR_950683.3	3299	3071.29	0	0
XR_950684.3	3285	3057.29	0	0
XR_950691.2	899	671.361	0	0
XR_950692.3	2628	2400.29	0	0
XR_950695.1	221	69.701	0	0
XR_950727.2	1860	1632.29	0	0
XR_950754.2	1969	1741.29	0	0
XR_950767.3	977	749.293	15.9573	0.958409
XR_950791.3	4134	3906.29	0	0
XR_950794.2	2296	2068.29	1	0.0217586
XR_950796.1	4279	4051.29	0	0
XR_950809.3	3688	3460.29	20.73	0.269606
XR_950871.3	1154	926.293	0	0
XR_950879.3	733	505.753	6.02311	0.535951
XR_950883.3	1320	1092.29	0	0
XR_950894.2	345	148.943	0	0
XR_950895.2	407	197.751	0	0
XR_950898.4	881	653.427	0	0
XR_950899.3	2692	2464.29	0	0
XR_950900.1	312	125.588	0	0
XR_950905.3	899	671.361	0	0
XR_950907.2	1888	1660.29	0	0
XR_950918.4	558	334.107	0	0
XR_950919.3	558	334.107	0	0
XR_950920.3	451	235.213	0	0
XR_950928.3	1891	1663.29	0	0
XR_950936.3	1374	1146.29	0	0
XR_950938.2	853	625.427	0	0
XR_950939.2	975	747.293	13	0.782879
XR_950941.2	384	178.976	0	0
XR_950949.4	491	271.527	0	0
XR_950950.3	464	246.768	0	0
XR_950951.1	1053	825.293	0	0
XR_950954.2	464	246.768	0	0
XR_950956.2	2192	1964.29	4	0.0916423
XR_950957.3	315	127.681	0	0
XR_950967.3	896	668.361	0	0
XR_950983.1	236	78.1487	0	0
XR_950984.3	1300	1072.29	1	0.041969
XR_950994.1	195	55.7944	0	0
XR_950996.4	702	474.947	0	0
XR_951012.4	430	216.949	0	0
XR_951033.4	2460	2232.29	0	0
XR_951058.4	589	364.098	0	0
XR_951060.4	340	145.187	0	0
XR_951069.2	112	18.5095	0	0
XR_951076.3	3045	2817.29	0	0
XR_951078.4	1994	1766.29	0	0
XR_951086.3	1097	869.293	1.25701	0.0650749
XR_951088.3	398	190.353	0	0
XR_951108.3	414	203.726	0	0
XR_951131.3	1398	1170.29	0	0
XR_951145.3	398	190.353	0	0
XR_951148.2	485	265.994	0	0
XR_951150.3	938	710.293	11.4027	0.722457
XR_951164.3	2363	2135.29	0	0
XR_951170.3	2090	1862.29	0	0
XR_951171.3	1919	1691.29	2.21723	0.0589976
XR_951172.2	1718	1490.29	0	0
XR_951173.4	1479	1251.29	7.75285	0.278833
XR_951174.4	1600	1372.29	0	0
XR_951175.2	454	237.87	0	0
XR_951179.3	2113	1885.29	5	0.119353
XR_951190.3	1397	1169.29	0	0
XR_951191.3	1225	997.293	0	0
XR_951226.3	981	753.293	0	0
XR_951228.1	714	486.852	0	0
XR_951230.2	1165	937.293	0	0
XR_951236.3	942	714.293	0	0
XR_951292.2	2018	1790.29	0	0
XR_951298.2	2520	2292.29	0	0
XR_951306.3	4492	4264.29	17.1827	0.181337
XR_951312.3	4044	3816.29	0	0
XR_951316.4	2595	2367.29	1.33365	0.0253532
XR_951317.2	929	701.293	0	0
XR_951345.2	1118	890.293	0	0
XR_951346.2	513	291.914	0	0
XR_951349.4	430	216.949	0	0
XR_951353.1	195	55.7944	0	0
XR_951363.3	1267	1039.29	0	0
XR_951367.3	2185	1957.29	57.4688	1.32135
XR_951437.3	2538	2310.29	0.264524	0.00515277
XR_951439.3	805	577.487	0	0
XR_951447.2	2528	2300.29	0	0
XR_951448.2	2372	2144.29	0	0
XR_951449.3	5553	5325.29	0	0
XR_951504.3	1233	1005.29	0	0
XR_951537.3	1198	970.293	0	0
XR_951546.3	309	123.455	0	0
XR_951549.1	515	293.705	0	0
XR_951550.1	511	290.032	0	0
XR_951553.4	5687	5459.29	0	0
XR_951554.3	1582	1354.29	0	0
XR_951555.3	945	717.293	0	0
XR_951556.3	1879	1651.29	0	0
XR_951557.3	1456	1228.29	0	0
XR_951561.4	5146	4918.29	0	0
XR_951565.3	5039	4811.29	5.35351e-05	5.00747e-07
XR_951576.1	3468	3240.29	0	0
XR_951577.1	3467	3239.29	0	0
XR_951590.1	3225	2997.29	0	0
XR_951593.1	2802	2574.29	0	0
XR_951598.1	736	508.753	0	0
XR_951599.1	736	508.753	0	0
XR_951600.2	736	508.753	0	0
XR_951601.2	736	508.753	0	0
XR_951602.1	736	508.753	0	0
XR_951603.1	736	508.753	0	0
XR_951604.2	736	508.753	0	0
XR_951605.2	736	508.753	0	0
XR_951617.3	3598	3370.29	0	0
XR_951624.2	1162	934.293	1.00356	0.0483395
XR_951640.3	1398	1170.29	0	0
XR_951641.2	1739	1511.29	0	0
XR_951642.3	605	379.687	0	0
XR_951649.4	5420	5192.29	0.215516	0.00186794
XR_951654.1	186	51.1319	0	0
XR_951656.3	2375	2147.29	6	0.125748
XR_951657.3	3419	3191.29	5.41557	0.0763694
XR_951663.2	1179	951.293	1	0.0473073
XR_951672.3	589	364.098	0	0
XR_951673.3	10283	10055.3	29.4827	0.131951
XR_951682.3	1100	872.293	0	0
XR_951684.3	1303	1075.29	2	0.0837038
XR_951685.2	835	607.427	0.5	0.037044
XR_951704.2	281	105.3	0	0
XR_951712.3	3894	3666.29	3.08492	0.0378669
XR_951717.3	1675	1447.29	0	0
XR_951721.1	665	438.717	0.425323	0.0436291
XR_951726.3	1179	951.293	0	0
XR_951727.1	386	180.662	0	0
XR_951728.2	8957	8729.29	0.540703	0.00278754
XR_951729.4	311	124.914	0	0
XR_951730.3	312	125.588	0	0
XR_951740.2	319	130.608	0	0
XR_951747.2	1729	1501.29	4	0.119905
XR_951758.3	7346	7118.29	19.4489	0.122959
XR_951769.3	6177	5949.29	0	0
XR_951771.4	829	601.427	0	0
XR_951772.4	783	555.487	0	0
XR_951775.3	364	163.525	0	0
XR_951777.2	2092	1864.29	0	0
XR_951787.2	565	340.768	0	0
XR_951788.2	520	298.404	0	0
XR_951824.4	2645	2417.29	0	0
XR_951825.4	2549	2321.29	0	0
XR_951829.1	943	715.293	0	0
XR_951830.1	583	358.243	0	0
XR_951831.1	1468	1240.29	0	0
XR_951832.2	859	631.427	0	0
XR_951833.2	1564	1336.29	0	0
XR_951834.2	772	544.487	0	0
XR_951835.1	1108	880.293	0	0
XR_951839.2	738	510.753	0	0
XR_951841.2	735	507.753	0	0
XR_951842.3	2016	1788.29	0	0
XR_951846.3	1816	1588.29	1.9272	0.0546056
XR_951852.4	1007	779.293	0	0
XR_951855.4	8210	7982.29	0.504185	0.00284253
XR_951872.3	932	704.293	0	0
XR_951876.2	734	506.753	0	0
XR_951877.2	601	375.763	0	0
XR_951878.2	682	455.179	0	0
XR_951879.4	4597	4369.29	11	0.113298
XR_951882.3	167	41.2794	0	0
XR_951883.4	2595	2367.29	1.33365	0.0253532
XR_951884.2	929	701.293	0	0
XR_951894.3	195	55.7944	0	0
XR_951898.4	588	363.135	0	0
XR_951899.4	639	413.014	0	0
XR_951904.3	4643	4415.29	8.13679	0.0829346
XR_951909.3	1410	1182.29	0	0
XR_951911.3	468	250.385	0	0
XR_951916.4	2888	2660.29	0	0
XR_951919.4	2668	2440.29	8.65894	0.159685
XR_951920.3	1791	1563.29	3.10252	0.0893134
XR_951924.3	245	83.2645	0	0
XR_951925.3	420	208.678	0	0
XR_951931.4	4702	4474.29	2.57598e-05	2.59096e-07
XR_951932.4	4621	4393.29	15.0354	0.154017
XR_951934.2	447	231.819	0	0
XR_951952.3	1029	801.293	0.0346505	0.00194608
XR_951966.2	599	373.876	0	0
XR_951969.3	454	237.87	0.47321	0.0895276
XR_951973.3	909	681.293	0	0
XR_951974.3	865	637.427	4	0.282404
XR_951975.4	829	601.427	0	0
XR_951980.3	1333	1105.29	0	0
XR_951983.4	1350	1122.29	0	0
XR_951986.3	705	477.9	0	0
XR_951987.3	715	487.852	0	0
XR_951988.1	405	196.152	0	0
XR_951989.1	401	192.714	0	0
XR_951994.3	1040	812.293	1.0717	0.0593751
XR_951995.3	3608	3380.29	0.0606008	0.000806801
XR_951997.3	260	92.282	3.5	1.70684
XR_952019.1	708	480.9	1	0.093581
XR_952021.2	495	275.303	0	0
XR_952022.2	367	165.66	0	0
XR_952023.2	533	310.571	0	0
XR_952026.2	340	145.187	1	0.309967
XR_952028.3	504	283.647	0	0
XR_952029.2	312	125.588	0	0
XR_952031.2	1110	882.293	0	0
XR_952032.2	930	702.293	0	0
XR_952054.2	733	505.753	0	0
XR_952056.3	570	345.561	0	0
XR_952059.3	5194	4966.29	1	0.00906171
XR_952060.3	250	85.998	0	0
XR_952081.4	1142	914.293	0	0
XR_952082.4	1076	848.293	0	0
XR_952083.2	290	111.126	0	0
XR_952084.3	613	387.495	0	0
XR_952085.2	695	468.041	0	0
XR_952086.2	1462	1234.29	0	0
XR_952093.2	441	226.512	0	0
XR_952094.3	458	241.399	0	0
XR_952095.2	397	189.558	0	0
XR_952096.2	1288	1060.29	0	0
XR_952101.3	487	267.803	0	0
XR_952108.2	1217	989.293	0	0
XR_952109.2	1186	958.293	0	0
XR_952113.4	1735	1507.29	0	0
XR_952115.4	885	657.427	0	0
XR_952116.3	905	677.361	0	0
XR_952117.3	902	674.361	0	0
XR_952120.3	687	460.134	13.1901	1.29005
XR_952121.4	2078	1850.29	11.1362	0.270856
XR_952122.4	2073	1845.29	3.77783	0.0921338
XR_952137.3	6050	5822.29	0	0
XR_952150.2	1484	1256.29	0	0
XR_952153.2	838	610.427	0	0
XR_952154.1	1645	1417.29	0	0
XR_952158.1	1218	990.293	0	0
XR_952159.1	703	475.947	0	0
XR_952172.4	4346	4118.29	13.714	0.149862
XR_952174.2	3439	3211.29	0	0
XR_952176.3	524	302.192	0	0
XR_952177.3	409	199.348	0	0
XR_952182.4	1649	1421.29	0	0
XR_952194.3	1650	1422.29	0	0
XR_952199.3	1009	781.293	0	0
XR_952200.3	668	441.629	0	0
XR_952201.3	295	114.56	0	0
XR_952202.3	289	110.463	0	0
XR_952204.1	1382	1154.29	0	0
XR_952220.3	6586	6358.29	2.013	0.0142477
XR_952223.2	1184	956.293	0	0
XR_952226.1	1108	880.293	0.515233	0.0263402
XR_952246.2	920	692.293	0	0
XR_952248.3	496	276.219	0.163068	0.026568
XR_952254.3	3598	3370.29	0	0
XR_952263.3	1398	1170.29	0	0
XR_952264.3	2196	1968.29	1.12504	0.0257228
XR_952283.3	1103	875.293	0	0
XR_952284.3	489	269.721	0	0
XR_952308.3	1037	809.293	0	0
XR_952310.3	2233	2005.29	0	0
XR_952314.3	4031	3803.29	0	0
XR_952319.3	311	124.914	0	0
XR_952320.3	312	125.588	0	0
XR_952322.2	1841	1613.29	0	0
XR_952325.3	436	222.144	0	0
XR_952326.2	576	351.35	0	0
XR_952376.3	1933	1705.29	0	0
XR_952380.3	3311	3083.29	0	0
XR_952382.3	3326	3098.29	0	0
XR_952386.2	202	59.5762	0	0
XR_952389.2	987	759.293	0	0
XR_952390.2	1735	1507.29	0	0
XR_952416.3	553	329.241	0.666667	0.091125
XR_952427.3	454	237.87	0.47321	0.0895276
XR_952491.3	1198	970.293	0	0
XR_952507.3	1029	801.293	0.0346505	0.00194608
XR_952509.1	1645	1417.29	0	0
XR_952513.1	1218	990.293	0	0
XR_952514.1	703	475.947	0	0
XR_952542.3	1718	1490.29	0	0
XR_952544.3	1667	1439.29	0	0
XR_952545.3	1545	1317.29	0	0
XR_952546.3	3873	3645.29	0	0
XR_952679.3	1184	956.293	0	0
XR_952682.1	850	622.427	0	0
XR_952688.2	149	32.7812	0	0
XR_952696.2	2421	2193.29	0	0
XR_952697.2	2764	2536.29	0	0
XR_952698.2	940	712.293	0	0
XR_952707.2	1136	908.293	0	0
XR_952709.2	920	692.293	0	0
XR_952725.2	458	241.399	0	0
XR_952726.1	191	53.6233	0	0
XR_952740.3	980	752.293	0	0
XR_952870.3	1101	873.293	2	0.103065
XR_952873.1	850	622.427	0	0
XR_952892.4	1164	936.293	1.41847	0.0681788
XR_952955.3	1333	1105.29	0	0
XR_952964.2	940	712.293	0	0
XR_952965.2	3468	3240.29	0	0
XR_952968.3	594	368.988	0	0
XR_952969.4	1545	1317.29	0	0
XR_952971.2	920	692.293	0	0
XR_953017.3	1184	956.293	0	0
XR_953041.3	987	759.293	0	0
XR_953044.2	920	692.293	0	0
XR_953045.3	925	697.293	0	0
XR_953047.3	1164	936.293	1.41847	0.0681788
XR_953091.3	1184	956.293	0	0
XR_953094.2	427	214.584	0	0
XR_953095.1	808	580.487	0	0
XR_953105.2	940	712.293	0	0
XR_953108.3	499	279.049	0	0
XR_953110.3	2252	2024.29	2.92181	0.0649562
XR_953114.2	920	692.293	0	0
XR_953134.3	1650	1422.29	0	0
XR_953139.3	930	702.293	0	0
XR_953140.3	668	441.629	0	0
XR_953175.3	1650	1422.29	0	0
XR_953178.3	1009	781.293	0	0
XR_953179.3	668	441.629	0	0
XR_953198.4	3686	3458.29	18.1393	0.236048
XR_953201.4	1295	1067.29	0	0
XR_953204.2	610	384.573	0	0
XR_953209.3	4343	4115.29	0	0
XR_953245.3	972	744.293	0	0
XR_953246.3	282	105.999	0	0
XR_953247.3	1231	1003.29	0.5	0.0224277
XR_953251.3	4071	3843.29	0	0
XR_953252.3	2399	2171.29	0	0
XR_953253.3	3987	3759.29	2	0.0239423
XR_953307.2	987	759.293	0	0
XR_953308.2	1735	1507.29	0	0
